Schluessel;Straftat;Gemeindeschluessel;Stadt;Fallstatus;Oper insgesamt;Opfer maennlich;Opfer weiblich;Opfer - Kinder bis unter 6 Jahre - insgesamt;Opfer - Kinder bis unter 6 Jahre - maennlich;Opfer - Kinder bis unter 6 Jahre - weiblich;Opfer Kinder 6 bis unter 14 Jahre - insgesamt;Opfer Kinder 6 bis unter 14 Jahre - maennlich;Opfer Kinder 6 bis unter 14 Jahre - weiblich;Opfer Kinder bis 14 Jahre- insgesamt;Opfer Kinder bis 14 Jahre- maennlich;Opfer Kinder bis 14 Jahre- weiblich;Opfer Jugendliche 14 bis unter 18 Jahre - insgesamt;Opfer Jugendliche 14 bis unter 18 Jahre - maennlich;Opfer Jugendliche 14 bis unter 18 Jahre - weiblich;Opfer - Heranwachsende 18 bis unter 21 Jahre - insgesamt;Opfer - Heranwachsende 18 bis unter 21 Jahre - maennlich;Opfer - Heranwachsende 18 bis unter 21 Jahre - weiblich;Opfer Erwachsene 21 bis unter 60 Jahre - insgesamt;Opfer Erwachsene 21 bis unter 60 Jahre - maennlich;Opfer Erwachsene 21 bis unter 60 Jahre - weiblich;Opfer - Erwachsene 60 Jahre und aelter - insgesamt;Opfer - Erwachsene 60 Jahre und aelter - maennlich;Opfer - Erwachsene 60 Jahre und aelter - weiblich;Opfer Erwachsene - insgesamt;Opfer Erwachsene - maennlich;Opfer Erwachsene - weiblich;Jahr
------;Straftaten insgesamt;5334002;Aachen;insg.;4625;2875;1750;19;15;4;169;90;79;188;105;83;310;186;124;416;256;160;3420;2149;1271;291;179;112;3711;2328;1383;2016
------;Straftaten insgesamt;9761000;Augsburg;insg.;5230;3357;1873;35;14;21;218;123;95;253;137;116;342;207;135;503;320;183;3890;2556;1334;242;137;105;4132;2693;1439;2016
------;Straftaten insgesamt;5378004;Bergisch Gladbach;insg.;1315;720;595;7;1;6;58;31;27;65;32;33;107;66;41;89;52;37;935;510;425;119;60;59;1054;570;484;2016
------;Straftaten insgesamt;11000000;Berlin;insg.;78296;48630;29666;868;452;416;4483;2758;1725;5351;3210;2141;5325;3177;2148;4828;2866;1962;58150;36759;21391;4642;2618;2024;62792;39377;23415;2016
------;Straftaten insgesamt;5711000;Bielefeld;insg.;4588;2617;1971;35;19;16;160;94;66;195;113;82;331;183;148;414;239;175;3404;1944;1460;244;138;106;3648;2082;1566;2016
------;Straftaten insgesamt;5911000;Bochum;insg.;6850;4051;2799;39;23;16;281;171;110;320;194;126;547;310;237;629;367;262;4978;2970;2008;376;210;166;5354;3180;2174;2016
------;Straftaten insgesamt;5314000;Bonn;insg.;5656;3339;2317;29;13;16;256;184;72;285;197;88;409;203;206;496;303;193;4138;2456;1682;328;180;148;4466;2636;1830;2016
------;Straftaten insgesamt;5512000;Bottrop;insg.;1445;789;656;14;9;5;80;36;44;94;45;49;156;88;68;144;91;53;950;508;442;101;57;44;1051;565;486;2016
------;Straftaten insgesamt;3101000;Braunschweig;insg.;4522;2886;1636;49;18;31;177;95;82;226;113;113;323;170;153;431;283;148;3352;2204;1148;190;116;74;3542;2320;1222;2016
------;Straftaten insgesamt;4011000;Bremen;insg.;11424;7075;4349;81;48;33;399;231;168;480;279;201;940;631;309;1108;666;442;8258;5145;3113;638;354;284;8896;5499;3397;2016
------;Straftaten insgesamt;4012000;Bremerhaven;insg.;2515;1487;1028;21;12;9;130;69;61;151;81;70;216;109;107;196;113;83;1812;1099;713;140;85;55;1952;1184;768;2016
------;Straftaten insgesamt;14511000;Chemnitz;insg.;3098;1902;1196;50;36;14;198;90;108;248;126;122;291;179;112;263;152;111;2115;1362;753;181;83;98;2296;1445;851;2016
------;Straftaten insgesamt;6411000;Darmstadt;insg.;1596;960;636;22;13;9;63;30;33;85;43;42;135;74;61;143;74;69;1142;711;431;91;58;33;1233;769;464;2016
------;Straftaten insgesamt;5913000;Dortmund;insg.;12303;7614;4689;73;40;33;519;323;196;592;363;229;896;524;372;1043;621;422;9187;5767;3420;585;339;246;9772;6106;3666;2016
------;Straftaten insgesamt;14612000;Dresden;insg.;6711;4447;2264;85;40;45;356;176;180;441;216;225;394;226;168;539;359;180;4982;3439;1543;355;207;148;5337;3646;1691;2016
------;Straftaten insgesamt;5112000;Duisburg;insg.;8832;4898;3934;62;32;30;537;331;206;599;363;236;711;398;313;665;359;306;6361;3521;2840;496;257;239;6857;3778;3079;2016
------;Straftaten insgesamt;5111000;Duesseldorf;insg.;10219;6421;3798;34;18;16;403;216;187;437;234;203;638;342;296;886;550;336;7683;4992;2691;575;303;272;8258;5295;2963;2016
------;Straftaten insgesamt;16051000;Erfurt;insg.;4328;2725;1603;56;24;32;274;153;121;330;177;153;345;210;135;383;275;108;3050;1950;1100;220;113;107;3270;2063;1207;2016
------;Straftaten insgesamt;9562000;Erlangen;insg.;1166;793;373;11;3;8;52;32;20;63;35;28;102;69;33;146;104;42;809;559;250;46;26;20;855;585;270;2016
------;Straftaten insgesamt;5113000;Essen;insg.;7558;4202;3356;59;36;23;432;242;190;491;278;213;607;311;296;638;340;298;5397;3044;2353;425;229;196;5822;3273;2549;2016
------;Straftaten insgesamt;6412000;Frankfurt am Main;insg.;11881;7577;4304;66;43;23;401;212;189;467;255;212;554;300;254;885;570;315;9296;6065;3231;679;387;292;9975;6452;3523;2016
------;Straftaten insgesamt;8311000;Freiburg im Breisgau;insg.;4684;3141;1543;43;27;16;215;115;100;258;142;116;355;227;128;523;353;170;3334;2288;1046;214;131;83;3548;2419;1129;2016
------;Straftaten insgesamt;9563000;Fuerth;insg.;997;560;437;9;1;8;69;35;34;78;36;42;99;43;56;60;37;23;706;414;292;54;30;24;760;444;316;2016
------;Straftaten insgesamt;5513000;Gelsenkirchen;insg.;4801;2657;2144;38;26;12;269;169;100;307;195;112;421;239;182;378;198;180;3423;1881;1542;272;144;128;3695;2025;1670;2016
------;Straftaten insgesamt;3152012;Goettingen;insg.;2480;1582;898;20;11;9;99;63;36;119;74;45;188;136;52;267;189;78;1779;1104;675;127;79;48;1906;1183;723;2016
------;Straftaten insgesamt;5914000;Hagen;insg.;2847;1620;1227;9;7;2;153;78;75;162;85;77;215;125;90;253;147;106;2077;1185;892;140;78;62;2217;1263;954;2016
------;Straftaten insgesamt;15002000;Halle (Saale);insg.;4520;2808;1712;48;21;27;323;150;173;371;171;200;351;224;127;327;204;123;3228;2073;1155;243;136;107;3471;2209;1262;2016
------;Straftaten insgesamt;2000000;Hamburg;insg.;35624;22356;13268;262;144;118;1919;1242;677;2181;1386;795;2694;1628;1066;2935;1892;1043;25930;16331;9599;1884;1119;765;27814;17450;10364;2016
------;Straftaten insgesamt;5915000;Hamm;insg.;2510;1458;1052;11;7;4;122;69;53;133;76;57;203;98;105;208;134;74;1835;1073;762;131;77;54;1966;1150;816;2016
------;Straftaten insgesamt;3241001;Hannover;insg.;12991;8431;4560;102;48;54;537;272;265;639;320;319;795;423;372;1190;765;425;9835;6606;3229;532;317;215;10367;6923;3444;2016
------;Straftaten insgesamt;8221000;Heidelberg;insg.;2247;1527;720;16;11;5;81;45;36;97;56;41;130;80;50;233;177;56;1657;1137;520;130;77;53;1787;1214;573;2016
------;Straftaten insgesamt;8121000;Heilbronn;insg.;1468;884;584;10;7;3;49;21;28;59;28;31;129;75;54;160;101;59;1057;644;413;63;36;27;1120;680;440;2016
------;Straftaten insgesamt;5916000;Herne;insg.;2626;1411;1215;18;11;7;142;85;57;160;96;64;234;116;118;212;116;96;1865;1007;858;155;76;79;2020;1083;937;2016
------;Straftaten insgesamt;3254021;Hildesheim;insg.;2203;1263;940;19;10;9;108;50;58;127;60;67;176;89;87;211;109;102;1593;954;639;96;51;45;1689;1005;684;2016
------;Straftaten insgesamt;9161000;Ingolstadt;insg.;2288;1552;736;14;6;8;97;55;42;111;61;50;216;134;82;253;185;68;1600;1114;486;108;58;50;1708;1172;536;2016
------;Straftaten insgesamt;16053000;Jena;insg.;1447;948;499;23;13;10;75;45;30;98;58;40;95;54;41;104;71;33;1072;720;352;78;45;33;1150;765;385;2016
------;Straftaten insgesamt;8212000;Karlsruhe;insg.;3828;2496;1332;28;12;16;141;75;66;169;87;82;252;153;99;348;231;117;2833;1888;945;226;137;89;3059;2025;1034;2016
------;Straftaten insgesamt;6611000;Kassel;insg.;2916;1706;1210;19;9;10;135;77;58;154;86;68;172;88;84;278;156;122;2177;1312;865;135;64;71;2312;1376;936;2016
------;Straftaten insgesamt;1002000;Kiel;insg.;4553;2912;1641;30;16;14;183;104;79;213;120;93;331;202;129;431;279;152;3372;2174;1198;206;137;69;3578;2311;1267;2016
------;Straftaten insgesamt;7111000;Koblenz;insg.;2246;1456;790;12;7;5;78;40;38;90;47;43;167;114;53;223;140;83;1657;1086;571;109;69;40;1766;1155;611;2016
------;Straftaten insgesamt;5315000;Koeln;insg.;25605;15503;10102;155;85;70;1035;624;411;1190;709;481;1540;843;697;2116;1196;920;19554;12060;7494;1205;695;510;20759;12755;8004;2016
------;Straftaten insgesamt;5114000;Krefeld;insg.;3697;2014;1683;30;17;13;194;102;92;224;119;105;261;135;126;314;182;132;2655;1447;1208;243;131;112;2898;1578;1320;2016
------;Straftaten insgesamt;14713000;Leipzig;insg.;9373;5951;3422;107;60;47;459;231;228;566;291;275;617;319;298;620;388;232;7078;4680;2398;492;273;219;7570;4953;2617;2016
------;Straftaten insgesamt;5316000;Leverkusen;insg.;2913;1654;1259;14;7;7;148;83;65;162;90;72;237;129;108;234;123;111;2120;1220;900;160;92;68;2280;1312;968;2016
------;Straftaten insgesamt;1003000;Luebeck;insg.;5102;3253;1849;27;14;13;251;145;106;278;159;119;389;215;174;388;253;135;3784;2474;1310;263;152;111;4047;2626;1421;2016
------;Straftaten insgesamt;7314000;Ludwigshafen am Rhein;insg.;3853;2218;1635;48;22;26;315;181;134;363;203;160;316;175;141;329;197;132;2637;1523;1114;208;120;88;2845;1643;1202;2016
------;Straftaten insgesamt;15003000;Magdeburg;insg.;3907;2290;1617;50;25;25;206;105;101;256;130;126;273;155;118;289;157;132;2866;1710;1156;223;138;85;3089;1848;1241;2016
------;Straftaten insgesamt;7315000;Mainz;insg.;3926;2531;1395;29;22;7;141;82;59;170;104;66;286;185;101;381;278;103;2925;1859;1066;164;105;59;3089;1964;1125;2016
------;Straftaten insgesamt;8222000;Mannheim;insg.;4935;3068;1867;54;36;18;206;122;84;260;158;102;259;160;99;399;248;151;3733;2353;1380;284;149;135;4017;2502;1515;2016
------;Straftaten insgesamt;5170024;Moers;insg.;1546;897;649;4;2;2;130;76;54;134;78;56;163;94;69;148;93;55;1005;580;425;96;52;44;1101;632;469;2016
------;Straftaten insgesamt;5116000;Moenchengladbach;insg.;3717;2041;1676;25;14;11;176;96;80;201;110;91;336;190;146;366;196;170;2612;1435;1177;202;110;92;2814;1545;1269;2016
------;Straftaten insgesamt;5117000;Muelheim an der Ruhr;insg.;1838;958;880;13;5;8;127;83;44;140;88;52;143;73;70;129;74;55;1291;652;639;135;71;64;1426;723;703;2016
------;Straftaten insgesamt;9162000;Muenchen;insg.;18493;12306;6187;193;95;98;609;343;266;802;438;364;1020;643;377;1495;1022;473;14197;9629;4568;979;574;405;15176;10203;4973;2016
------;Straftaten insgesamt;5515000;Muenster;insg.;4468;2629;1839;29;14;15;209;125;84;238;139;99;304;173;131;393;230;163;3315;1970;1345;218;117;101;3533;2087;1446;2016
------;Straftaten insgesamt;5162024;Neuss;insg.;2153;1219;934;11;5;6;91;54;37;102;59;43;163;93;70;223;141;82;1541;861;680;124;65;59;1665;926;739;2016
------;Straftaten insgesamt;9564000;Nuernberg;insg.;8593;5552;3041;71;44;27;303;182;121;374;226;148;605;375;230;874;567;307;6367;4173;2194;373;211;162;6740;4384;2356;2016
------;Straftaten insgesamt;5119000;Oberhausen;insg.;2815;1558;1257;27;14;13;176;100;76;203;114;89;249;138;111;242;155;87;1947;1060;887;174;91;83;2121;1151;970;2016
------;Straftaten insgesamt;6413000;Offenbach am Main;insg.;1373;717;656;18;7;11;67;41;26;85;48;37;98;56;42;102;41;61;1025;535;490;63;37;26;1088;572;516;2016
------;Straftaten insgesamt;3403000;Oldenburg (Oldenburg);insg.;2215;1337;878;17;12;5;109;57;52;126;69;57;198;118;80;247;143;104;1528;937;591;116;70;46;1644;1007;637;2016
------;Straftaten insgesamt;3404000;Osnabrueck;insg.;3108;1937;1171;33;17;16;99;41;58;132;58;74;205;115;90;303;193;110;2321;1483;838;147;88;59;2468;1571;897;2016
------;Straftaten insgesamt;5774032;Paderborn;insg.;2101;1229;872;5;5;0;85;43;42;90;48;42;124;77;47;220;124;96;1566;922;644;101;58;43;1667;980;687;2016
------;Straftaten insgesamt;8231000;Pforzheim;insg.;1811;1114;697;16;13;3;114;72;42;130;85;45;141;89;52;139;80;59;1276;800;476;125;60;65;1401;860;541;2016
------;Straftaten insgesamt;12054000;Potsdam;insg.;1997;1222;775;20;11;9;136;88;48;156;99;57;168;119;49;138;87;51;1404;843;561;131;74;57;1535;917;618;2016
------;Straftaten insgesamt;5562032;Recklinghausen;insg.;2450;1396;1054;25;14;11;97;59;38;122;73;49;266;163;103;206;122;84;1723;956;767;133;82;51;1856;1038;818;2016
------;Straftaten insgesamt;9362000;Regensburg;insg.;2460;1668;792;14;4;10;79;41;38;93;45;48;174;117;57;285;208;77;1816;1245;571;92;53;39;1908;1298;610;2016
------;Straftaten insgesamt;5120000;Remscheid;insg.;1638;861;777;16;10;6;99;47;52;115;57;58;159;65;94;155;79;76;1122;609;513;87;51;36;1209;660;549;2016
------;Straftaten insgesamt;8415061;Reutlingen;insg.;1446;883;563;10;6;4;55;32;23;65;38;27;147;84;63;152;109;43;1019;615;404;63;37;26;1082;652;430;2016
------;Straftaten insgesamt;13003000;Rostock;insg.;2755;1712;1043;47;24;23;204;109;95;251;133;118;229;136;93;172;100;72;1946;1258;688;157;85;72;2103;1343;760;2016
------;Straftaten insgesamt;10041100;Saarbruecken;insg.;4639;2743;1896;32;18;14;208;121;87;240;139;101;325;175;150;476;288;188;3360;2009;1351;238;132;106;3598;2141;1457;2016
------;Straftaten insgesamt;3102000;Salzgitter;insg.;1443;795;648;27;12;15;102;59;43;129;71;58;131;73;58;121;68;53;979;539;440;83;44;39;1062;583;479;2016
------;Straftaten insgesamt;13004000;Schwerin;insg.;1520;941;579;15;6;9;159;97;62;174;103;71;147;98;49;97;63;34;1009;629;380;93;48;45;1102;677;425;2016
------;Straftaten insgesamt;5970040;Siegen;insg.;1918;1146;772;15;14;1;94;62;32;109;76;33;148;93;55;197;118;79;1361;802;559;103;57;46;1464;859;605;2016
------;Straftaten insgesamt;5122000;Solingen;insg.;1933;1092;841;15;6;9;108;65;43;123;71;52;163;94;69;187;115;72;1360;755;605;100;57;43;1460;812;648;2016
------;Straftaten insgesamt;8111000;Stuttgart;insg.;12300;8157;4143;105;63;42;498;270;228;603;333;270;737;415;322;1062;723;339;9373;6392;2981;525;294;231;9898;6686;3212;2016
------;Straftaten insgesamt;7211000;Trier;insg.;2131;1398;733;17;12;5;96;48;48;113;60;53;223;147;76;246;169;77;1447;954;493;102;68;34;1549;1022;527;2016
------;Straftaten insgesamt;8421000;Ulm;insg.;1821;1175;646;8;5;3;83;37;46;91;42;49;149;83;66;189;122;67;1310;876;434;82;52;30;1392;928;464;2016
------;Straftaten insgesamt;6414000;Wiesbaden;insg.;4114;2354;1760;41;20;21;174;93;81;215;113;102;368;222;146;409;236;173;2890;1660;1230;232;123;109;3122;1783;1339;2016
------;Straftaten insgesamt;3103000;Wolfsburg;insg.;1498;907;591;25;17;8;72;42;30;97;59;38;122;84;38;147;98;49;1061;630;431;71;36;35;1132;666;466;2016
------;Straftaten insgesamt;5124000;Wuppertal;insg.;6871;3955;2916;36;21;15;363;214;149;399;235;164;564;313;251;599;327;272;4967;2893;2074;342;187;155;5309;3080;2229;2016
------;Straftaten insgesamt;9663000;Wuerzburg;insg.;1927;1299;628;18;12;6;45;26;19;63;38;25;176;111;65;234;143;91;1362;951;411;92;56;36;1454;1007;447;2016
111000;Vergewaltigung und sexuelle Noetigung;5334002;Aachen;insg.;39;2;37;0;0;0;0;0;0;0;0;0;10;0;10;6;0;6;22;2;20;1;0;1;23;2;21;2016
111000;Vergewaltigung und sexuelle Noetigung;9761000;Augsburg;insg.;23;1;22;0;0;0;1;0;1;1;0;1;3;0;3;3;0;3;15;1;14;1;0;1;16;1;15;2016
111000;Vergewaltigung und sexuelle Noetigung;5378004;Bergisch Gladbach;insg.;2;0;2;0;0;0;0;0;0;0;0;0;0;0;0;1;0;1;1;0;1;0;0;0;1;0;1;2016
111000;Vergewaltigung und sexuelle Noetigung;11000000;Berlin;insg.;587;55;532;0;0;0;10;2;8;10;2;8;95;4;91;84;3;81;389;46;343;9;0;9;398;46;352;2016
111000;Vergewaltigung und sexuelle Noetigung;5711000;Bielefeld;insg.;37;1;36;0;0;0;0;0;0;0;0;0;8;1;7;6;0;6;23;0;23;0;0;0;23;0;23;2016
111000;Vergewaltigung und sexuelle Noetigung;5911000;Bochum;insg.;44;2;42;0;0;0;0;0;0;0;0;0;7;1;6;6;1;5;31;0;31;0;0;0;31;0;31;2016
111000;Vergewaltigung und sexuelle Noetigung;5314000;Bonn;insg.;62;1;61;0;0;0;2;1;1;2;1;1;9;0;9;10;0;10;41;0;41;0;0;0;41;0;41;2016
111000;Vergewaltigung und sexuelle Noetigung;5512000;Bottrop;insg.;11;0;11;0;0;0;0;0;0;0;0;0;4;0;4;2;0;2;4;0;4;1;0;1;5;0;5;2016
111000;Vergewaltigung und sexuelle Noetigung;3101000;Braunschweig;insg.;45;0;45;0;0;0;0;0;0;0;0;0;9;0;9;6;0;6;30;0;30;0;0;0;30;0;30;2016
111000;Vergewaltigung und sexuelle Noetigung;4011000;Bremen;insg.;119;5;114;0;0;0;1;0;1;1;0;1;15;1;14;19;0;19;80;4;76;4;0;4;84;4;80;2016
111000;Vergewaltigung und sexuelle Noetigung;4012000;Bremerhaven;insg.;32;0;32;0;0;0;0;0;0;0;0;0;12;0;12;6;0;6;14;0;14;0;0;0;14;0;14;2016
111000;Vergewaltigung und sexuelle Noetigung;14511000;Chemnitz;insg.;11;0;11;0;0;0;0;0;0;0;0;0;3;0;3;0;0;0;8;0;8;0;0;0;8;0;8;2016
111000;Vergewaltigung und sexuelle Noetigung;6411000;Darmstadt;insg.;21;0;21;0;0;0;1;0;1;1;0;1;2;0;2;4;0;4;13;0;13;1;0;1;14;0;14;2016
111000;Vergewaltigung und sexuelle Noetigung;5913000;Dortmund;insg.;108;4;104;1;1;0;2;0;2;3;1;2;23;2;21;17;0;17;65;1;64;0;0;0;65;1;64;2016
111000;Vergewaltigung und sexuelle Noetigung;14612000;Dresden;insg.;15;1;14;0;0;0;0;0;0;0;0;0;2;1;1;2;0;2;11;0;11;0;0;0;11;0;11;2016
111000;Vergewaltigung und sexuelle Noetigung;5112000;Duisburg;insg.;61;2;59;0;0;0;1;0;1;1;0;1;16;0;16;11;2;9;33;0;33;0;0;0;33;0;33;2016
111000;Vergewaltigung und sexuelle Noetigung;5111000;Duesseldorf;insg.;96;2;94;1;1;0;4;0;4;5;1;4;17;0;17;21;0;21;51;1;50;2;0;2;53;1;52;2016
111000;Vergewaltigung und sexuelle Noetigung;16051000;Erfurt;insg.;28;2;26;0;0;0;0;0;0;0;0;0;8;0;8;3;0;3;17;2;15;0;0;0;17;2;15;2016
111000;Vergewaltigung und sexuelle Noetigung;9562000;Erlangen;insg.;12;0;12;0;0;0;2;0;2;2;0;2;0;0;0;3;0;3;7;0;7;0;0;0;7;0;7;2016
111000;Vergewaltigung und sexuelle Noetigung;5113000;Essen;insg.;100;9;91;0;0;0;4;1;3;4;1;3;24;2;22;18;3;15;50;2;48;4;1;3;54;3;51;2016
111000;Vergewaltigung und sexuelle Noetigung;6412000;Frankfurt am Main;insg.;74;1;73;0;0;0;2;0;2;2;0;2;10;0;10;6;0;6;55;1;54;1;0;1;56;1;55;2016
111000;Vergewaltigung und sexuelle Noetigung;8311000;Freiburg im Breisgau;insg.;21;1;20;0;0;0;1;0;1;1;0;1;3;0;3;3;0;3;12;1;11;2;0;2;14;1;13;2016
111000;Vergewaltigung und sexuelle Noetigung;9563000;Fuerth;insg.;12;0;12;0;0;0;0;0;0;0;0;0;3;0;3;0;0;0;9;0;9;0;0;0;9;0;9;2016
111000;Vergewaltigung und sexuelle Noetigung;5513000;Gelsenkirchen;insg.;40;1;39;0;0;0;0;0;0;0;0;0;8;1;7;8;0;8;22;0;22;2;0;2;24;0;24;2016
111000;Vergewaltigung und sexuelle Noetigung;3152012;Goettingen;insg.;18;2;16;0;0;0;0;0;0;0;0;0;1;1;0;1;0;1;16;1;15;0;0;0;16;1;15;2016
111000;Vergewaltigung und sexuelle Noetigung;5914000;Hagen;insg.;26;2;24;0;0;0;4;0;4;4;0;4;6;0;6;4;1;3;12;1;11;0;0;0;12;1;11;2016
111000;Vergewaltigung und sexuelle Noetigung;15002000;Halle (Saale);insg.;30;1;29;0;0;0;0;0;0;0;0;0;5;0;5;5;1;4;20;0;20;0;0;0;20;0;20;2016
111000;Vergewaltigung und sexuelle Noetigung;2000000;Hamburg;insg.;211;6;205;0;0;0;4;1;3;4;1;3;29;1;28;49;0;49;125;4;121;4;0;4;129;4;125;2016
111000;Vergewaltigung und sexuelle Noetigung;5915000;Hamm;insg.;25;1;24;0;0;0;3;1;2;3;1;2;4;0;4;3;0;3;15;0;15;0;0;0;15;0;15;2016
111000;Vergewaltigung und sexuelle Noetigung;3241001;Hannover;insg.;77;2;75;0;0;0;3;0;3;3;0;3;10;0;10;9;0;9;54;2;52;1;0;1;55;2;53;2016
111000;Vergewaltigung und sexuelle Noetigung;8221000;Heidelberg;insg.;15;0;15;0;0;0;0;0;0;0;0;0;1;0;1;5;0;5;8;0;8;1;0;1;9;0;9;2016
111000;Vergewaltigung und sexuelle Noetigung;8121000;Heilbronn;insg.;8;1;7;0;0;0;0;0;0;0;0;0;2;1;1;2;0;2;4;0;4;0;0;0;4;0;4;2016
111000;Vergewaltigung und sexuelle Noetigung;5916000;Herne;insg.;22;3;19;0;0;0;0;0;0;0;0;0;10;1;9;5;1;4;7;1;6;0;0;0;7;1;6;2016
111000;Vergewaltigung und sexuelle Noetigung;3254021;Hildesheim;insg.;22;4;18;0;0;0;0;0;0;0;0;0;8;2;6;6;2;4;8;0;8;0;0;0;8;0;8;2016
111000;Vergewaltigung und sexuelle Noetigung;9161000;Ingolstadt;insg.;18;2;16;0;0;0;1;0;1;1;0;1;5;1;4;4;0;4;8;1;7;0;0;0;8;1;7;2016
111000;Vergewaltigung und sexuelle Noetigung;16053000;Jena;insg.;7;0;7;0;0;0;0;0;0;0;0;0;0;0;0;0;0;0;7;0;7;0;0;0;7;0;7;2016
111000;Vergewaltigung und sexuelle Noetigung;8212000;Karlsruhe;insg.;28;1;27;0;0;0;1;0;1;1;0;1;5;0;5;5;1;4;16;0;16;1;0;1;17;0;17;2016
111000;Vergewaltigung und sexuelle Noetigung;6611000;Kassel;insg.;43;3;40;0;0;0;0;0;0;0;0;0;6;1;5;10;1;9;26;1;25;1;0;1;27;1;26;2016
111000;Vergewaltigung und sexuelle Noetigung;1002000;Kiel;insg.;37;2;35;0;0;0;0;0;0;0;0;0;4;1;3;7;0;7;25;1;24;1;0;1;26;1;25;2016
111000;Vergewaltigung und sexuelle Noetigung;7111000;Koblenz;insg.;15;0;15;0;0;0;0;0;0;0;0;0;3;0;3;1;0;1;11;0;11;0;0;0;11;0;11;2016
111000;Vergewaltigung und sexuelle Noetigung;5315000;Koeln;insg.;463;45;418;0;0;0;1;1;0;1;1;0;56;3;53;135;9;126;268;32;236;3;0;3;271;32;239;2016
111000;Vergewaltigung und sexuelle Noetigung;5114000;Krefeld;insg.;32;1;31;0;0;0;0;0;0;0;0;0;10;0;10;5;0;5;17;1;16;0;0;0;17;1;16;2016
111000;Vergewaltigung und sexuelle Noetigung;14713000;Leipzig;insg.;30;2;28;0;0;0;0;0;0;0;0;0;3;0;3;5;0;5;20;2;18;2;0;2;22;2;20;2016
111000;Vergewaltigung und sexuelle Noetigung;5316000;Leverkusen;insg.;26;1;25;1;0;1;0;0;0;1;0;1;3;0;3;5;0;5;17;1;16;0;0;0;17;1;16;2016
111000;Vergewaltigung und sexuelle Noetigung;1003000;Luebeck;insg.;33;1;32;0;0;0;1;0;1;1;0;1;1;0;1;7;0;7;24;1;23;0;0;0;24;1;23;2016
111000;Vergewaltigung und sexuelle Noetigung;7314000;Ludwigshafen am Rhein;insg.;37;0;37;0;0;0;0;0;0;0;0;0;7;0;7;5;0;5;25;0;25;0;0;0;25;0;25;2016
111000;Vergewaltigung und sexuelle Noetigung;15003000;Magdeburg;insg.;49;4;45;0;0;0;1;1;0;1;1;0;7;1;6;6;0;6;34;2;32;1;0;1;35;2;33;2016
111000;Vergewaltigung und sexuelle Noetigung;7315000;Mainz;insg.;32;1;31;0;0;0;0;0;0;0;0;0;3;0;3;2;0;2;27;1;26;0;0;0;27;1;26;2016
111000;Vergewaltigung und sexuelle Noetigung;8222000;Mannheim;insg.;43;2;41;0;0;0;1;0;1;1;0;1;5;1;4;5;0;5;32;1;31;0;0;0;32;1;31;2016
111000;Vergewaltigung und sexuelle Noetigung;5170024;Moers;insg.;5;0;5;0;0;0;0;0;0;0;0;0;1;0;1;3;0;3;1;0;1;0;0;0;1;0;1;2016
111000;Vergewaltigung und sexuelle Noetigung;5116000;Moenchengladbach;insg.;37;1;36;0;0;0;1;0;1;1;0;1;11;0;11;5;0;5;20;1;19;0;0;0;20;1;19;2016
111000;Vergewaltigung und sexuelle Noetigung;5117000;Muelheim an der Ruhr;insg.;21;1;20;0;0;0;1;0;1;1;0;1;4;0;4;2;0;2;14;1;13;0;0;0;14;1;13;2016
111000;Vergewaltigung und sexuelle Noetigung;9162000;Muenchen;insg.;165;7;158;1;0;1;2;0;2;3;0;3;23;4;19;24;2;22;111;1;110;4;0;4;115;1;114;2016
111000;Vergewaltigung und sexuelle Noetigung;5515000;Muenster;insg.;33;1;32;0;0;0;1;0;1;1;0;1;5;0;5;7;1;6;20;0;20;0;0;0;20;0;20;2016
111000;Vergewaltigung und sexuelle Noetigung;5162024;Neuss;insg.;12;1;11;0;0;0;1;0;1;1;0;1;3;0;3;1;0;1;7;1;6;0;0;0;7;1;6;2016
111000;Vergewaltigung und sexuelle Noetigung;9564000;Nuernberg;insg.;50;2;48;0;0;0;1;1;0;1;1;0;9;0;9;8;0;8;31;1;30;1;0;1;32;1;31;2016
111000;Vergewaltigung und sexuelle Noetigung;5119000;Oberhausen;insg.;29;0;29;0;0;0;2;0;2;2;0;2;7;0;7;5;0;5;15;0;15;0;0;0;15;0;15;2016
111000;Vergewaltigung und sexuelle Noetigung;6413000;Offenbach am Main;insg.;18;1;17;0;0;0;1;0;1;1;0;1;2;0;2;6;0;6;9;1;8;0;0;0;9;1;8;2016
111000;Vergewaltigung und sexuelle Noetigung;3403000;Oldenburg (Oldenburg);insg.;30;0;30;0;0;0;0;0;0;0;0;0;5;0;5;11;0;11;14;0;14;0;0;0;14;0;14;2016
111000;Vergewaltigung und sexuelle Noetigung;3404000;Osnabrueck;insg.;30;0;30;0;0;0;1;0;1;1;0;1;7;0;7;4;0;4;17;0;17;1;0;1;18;0;18;2016
111000;Vergewaltigung und sexuelle Noetigung;5774032;Paderborn;insg.;26;1;25;0;0;0;0;0;0;0;0;0;4;1;3;5;0;5;16;0;16;1;0;1;17;0;17;2016
111000;Vergewaltigung und sexuelle Noetigung;8231000;Pforzheim;insg.;13;2;11;0;0;0;0;0;0;0;0;0;4;1;3;3;0;3;6;1;5;0;0;0;6;1;5;2016
111000;Vergewaltigung und sexuelle Noetigung;12054000;Potsdam;insg.;12;1;11;0;0;0;0;0;0;0;0;0;1;0;1;1;0;1;10;1;9;0;0;0;10;1;9;2016
111000;Vergewaltigung und sexuelle Noetigung;5562032;Recklinghausen;insg.;15;0;15;0;0;0;0;0;0;0;0;0;7;0;7;2;0;2;6;0;6;0;0;0;6;0;6;2016
111000;Vergewaltigung und sexuelle Noetigung;9362000;Regensburg;insg.;12;1;11;0;0;0;3;0;3;3;0;3;1;0;1;1;0;1;7;1;6;0;0;0;7;1;6;2016
111000;Vergewaltigung und sexuelle Noetigung;5120000;Remscheid;insg.;11;1;10;0;0;0;0;0;0;0;0;0;3;1;2;2;0;2;4;0;4;2;0;2;6;0;6;2016
111000;Vergewaltigung und sexuelle Noetigung;8415061;Reutlingen;insg.;10;2;8;0;0;0;0;0;0;0;0;0;1;1;0;2;0;2;7;1;6;0;0;0;7;1;6;2016
111000;Vergewaltigung und sexuelle Noetigung;13003000;Rostock;insg.;11;1;10;0;0;0;0;0;0;0;0;0;3;0;3;1;0;1;6;1;5;1;0;1;7;1;6;2016
111000;Vergewaltigung und sexuelle Noetigung;10041100;Saarbruecken;insg.;23;1;22;0;0;0;0;0;0;0;0;0;0;0;0;6;0;6;17;1;16;0;0;0;17;1;16;2016
111000;Vergewaltigung und sexuelle Noetigung;3102000;Salzgitter;insg.;15;0;15;0;0;0;0;0;0;0;0;0;7;0;7;0;0;0;8;0;8;0;0;0;8;0;8;2016
111000;Vergewaltigung und sexuelle Noetigung;13004000;Schwerin;insg.;3;0;3;0;0;0;0;0;0;0;0;0;1;0;1;0;0;0;2;0;2;0;0;0;2;0;2;2016
111000;Vergewaltigung und sexuelle Noetigung;5970040;Siegen;insg.;8;0;8;0;0;0;0;0;0;0;0;0;1;0;1;1;0;1;6;0;6;0;0;0;6;0;6;2016
111000;Vergewaltigung und sexuelle Noetigung;5122000;Solingen;insg.;17;1;16;0;0;0;1;1;0;1;1;0;7;0;7;4;0;4;5;0;5;0;0;0;5;0;5;2016
111000;Vergewaltigung und sexuelle Noetigung;8111000;Stuttgart;insg.;109;7;102;2;0;2;0;0;0;2;0;2;13;0;13;21;1;20;68;6;62;5;0;5;73;6;67;2016
111000;Vergewaltigung und sexuelle Noetigung;7211000;Trier;insg.;10;0;10;0;0;0;0;0;0;0;0;0;1;0;1;2;0;2;7;0;7;0;0;0;7;0;7;2016
111000;Vergewaltigung und sexuelle Noetigung;8421000;Ulm;insg.;19;0;19;0;0;0;1;0;1;1;0;1;2;0;2;6;0;6;9;0;9;1;0;1;10;0;10;2016
111000;Vergewaltigung und sexuelle Noetigung;6414000;Wiesbaden;insg.;26;1;25;0;0;0;0;0;0;0;0;0;3;0;3;6;0;6;17;1;16;0;0;0;17;1;16;2016
111000;Vergewaltigung und sexuelle Noetigung;3103000;Wolfsburg;insg.;19;4;15;0;0;0;1;1;0;1;1;0;3;1;2;2;1;1;13;1;12;0;0;0;13;1;12;2016
111000;Vergewaltigung und sexuelle Noetigung;5124000;Wuppertal;insg.;52;1;51;0;0;0;3;0;3;3;0;3;12;1;11;7;0;7;28;0;28;2;0;2;30;0;30;2016
111000;Vergewaltigung und sexuelle Noetigung;9663000;Wuerzburg;insg.;13;1;12;0;0;0;0;0;0;0;0;0;3;1;2;0;0;0;10;0;10;0;0;0;10;0;10;2016
210000;Raub, raeuberische Erpressung und raeuberischer Angriff auf Kraftfahrer;5334002;Aachen;insg.;451;317;134;0;0;0;9;8;1;9;8;1;41;34;7;47;37;10;302;214;88;52;24;28;354;238;116;2016
210000;Raub, raeuberische Erpressung und raeuberischer Angriff auf Kraftfahrer;9761000;Augsburg;insg.;119;75;44;0;0;0;0;0;0;0;0;0;8;7;1;15;10;5;85;55;30;11;3;8;96;58;38;2016
210000;Raub, raeuberische Erpressung und raeuberischer Angriff auf Kraftfahrer;5378004;Bergisch Gladbach;insg.;58;39;19;0;0;0;2;1;1;2;1;1;10;9;1;6;5;1;31;19;12;9;5;4;40;24;16;2016
210000;Raub, raeuberische Erpressung und raeuberischer Angriff auf Kraftfahrer;11000000;Berlin;insg.;5935;4203;1732;3;1;2;202;171;31;205;172;33;657;563;94;517;400;117;3941;2778;1163;615;290;325;4556;3068;1488;2016
210000;Raub, raeuberische Erpressung und raeuberischer Angriff auf Kraftfahrer;5711000;Bielefeld;insg.;298;218;80;0;0;0;6;5;1;6;5;1;26;21;5;28;24;4;215;154;61;23;14;9;238;168;70;2016
210000;Raub, raeuberische Erpressung und raeuberischer Angriff auf Kraftfahrer;5911000;Bochum;insg.;399;261;138;0;0;0;14;13;1;14;13;1;55;40;15;44;32;12;246;164;82;40;12;28;286;176;110;2016
210000;Raub, raeuberische Erpressung und raeuberischer Angriff auf Kraftfahrer;5314000;Bonn;insg.;381;247;134;0;0;0;10;10;0;10;10;0;35;19;16;46;43;3;258;166;92;32;9;23;290;175;115;2016
210000;Raub, raeuberische Erpressung und raeuberischer Angriff auf Kraftfahrer;5512000;Bottrop;insg.;65;42;23;0;0;0;6;5;1;6;5;1;11;10;1;8;5;3;30;18;12;10;4;6;40;22;18;2016
210000;Raub, raeuberische Erpressung und raeuberischer Angriff auf Kraftfahrer;3101000;Braunschweig;insg.;192;133;59;0;0;0;5;5;0;5;5;0;15;12;3;20;17;3;141;94;47;11;5;6;152;99;53;2016
210000;Raub, raeuberische Erpressung und raeuberischer Angriff auf Kraftfahrer;4011000;Bremen;insg.;1056;667;389;0;0;0;16;13;3;16;13;3;95;79;16;113;75;38;694;441;253;138;59;79;832;500;332;2016
210000;Raub, raeuberische Erpressung und raeuberischer Angriff auf Kraftfahrer;4012000;Bremerhaven;insg.;229;147;82;0;0;0;5;3;2;5;3;2;12;6;6;12;12;0;168;112;56;32;14;18;200;126;74;2016
210000;Raub, raeuberische Erpressung und raeuberischer Angriff auf Kraftfahrer;14511000;Chemnitz;insg.;224;151;73;0;0;0;9;6;3;9;6;3;12;8;4;18;17;1;155;115;40;30;5;25;185;120;65;2016
210000;Raub, raeuberische Erpressung und raeuberischer Angriff auf Kraftfahrer;6411000;Darmstadt;insg.;110;79;31;0;0;0;1;1;0;1;1;0;13;11;2;16;10;6;74;53;21;6;4;2;80;57;23;2016
210000;Raub, raeuberische Erpressung und raeuberischer Angriff auf Kraftfahrer;5913000;Dortmund;insg.;965;685;280;0;0;0;22;17;5;22;17;5;78;62;16;91;65;26;693;505;188;81;36;45;774;541;233;2016
210000;Raub, raeuberische Erpressung und raeuberischer Angriff auf Kraftfahrer;14612000;Dresden;insg.;481;372;109;0;0;0;13;10;3;13;10;3;51;41;10;51;41;10;335;267;68;31;13;18;366;280;86;2016
210000;Raub, raeuberische Erpressung und raeuberischer Angriff auf Kraftfahrer;5112000;Duisburg;insg.;584;374;210;1;0;1;42;30;12;43;30;13;63;50;13;40;34;6;364;230;134;74;30;44;438;260;178;2016
210000;Raub, raeuberische Erpressung und raeuberischer Angriff auf Kraftfahrer;5111000;Duesseldorf;insg.;740;499;241;0;0;0;14;12;2;14;12;2;49;40;9;73;62;11;478;345;133;126;40;86;604;385;219;2016
210000;Raub, raeuberische Erpressung und raeuberischer Angriff auf Kraftfahrer;16051000;Erfurt;insg.;187;149;38;0;0;0;6;5;1;6;5;1;19;18;1;25;22;3;128;99;29;9;5;4;137;104;33;2016
210000;Raub, raeuberische Erpressung und raeuberischer Angriff auf Kraftfahrer;9562000;Erlangen;insg.;27;18;9;0;0;0;1;1;0;1;1;0;0;0;0;2;2;0;22;14;8;2;1;1;24;15;9;2016
210000;Raub, raeuberische Erpressung und raeuberischer Angriff auf Kraftfahrer;5113000;Essen;insg.;756;467;289;0;0;0;25;20;5;25;20;5;74;49;25;55;40;15;513;330;183;89;28;61;602;358;244;2016
210000;Raub, raeuberische Erpressung und raeuberischer Angriff auf Kraftfahrer;6412000;Frankfurt am Main;insg.;1117;826;291;2;2;0;7;6;1;9;8;1;74;60;14;98;76;22;801;617;184;135;65;70;936;682;254;2016
210000;Raub, raeuberische Erpressung und raeuberischer Angriff auf Kraftfahrer;8311000;Freiburg im Breisgau;insg.;219;160;59;0;0;0;1;1;0;1;1;0;19;15;4;32;24;8;141;103;38;26;17;9;167;120;47;2016
210000;Raub, raeuberische Erpressung und raeuberischer Angriff auf Kraftfahrer;9563000;Fuerth;insg.;41;27;14;0;0;0;1;1;0;1;1;0;5;2;3;0;0;0;35;24;11;0;0;0;35;24;11;2016
210000;Raub, raeuberische Erpressung und raeuberischer Angriff auf Kraftfahrer;5513000;Gelsenkirchen;insg.;343;232;111;0;0;0;13;10;3;13;10;3;33;28;5;35;27;8;222;155;67;40;12;28;262;167;95;2016
210000;Raub, raeuberische Erpressung und raeuberischer Angriff auf Kraftfahrer;3152012;Goettingen;insg.;166;129;37;0;0;0;1;1;0;1;1;0;30;28;2;21;17;4;101;80;21;13;3;10;114;83;31;2016
210000;Raub, raeuberische Erpressung und raeuberischer Angriff auf Kraftfahrer;5914000;Hagen;insg.;168;114;54;0;0;0;7;6;1;7;6;1;18;13;5;9;6;3;115;81;34;19;8;11;134;89;45;2016
210000;Raub, raeuberische Erpressung und raeuberischer Angriff auf Kraftfahrer;15002000;Halle (Saale);insg.;277;204;73;0;0;0;12;11;1;12;11;1;40;36;4;18;15;3;179;128;51;28;14;14;207;142;65;2016
210000;Raub, raeuberische Erpressung und raeuberischer Angriff auf Kraftfahrer;2000000;Hamburg;insg.;2644;1889;755;3;2;1;56;39;17;59;41;18;211;168;43;302;230;72;1846;1336;510;226;114;112;2072;1450;622;2016
210000;Raub, raeuberische Erpressung und raeuberischer Angriff auf Kraftfahrer;5915000;Hamm;insg.;171;121;50;0;0;0;8;8;0;8;8;0;13;7;6;17;11;6;117;88;29;16;7;9;133;95;38;2016
210000;Raub, raeuberische Erpressung und raeuberischer Angriff auf Kraftfahrer;3241001;Hannover;insg.;738;538;200;0;0;0;8;6;2;8;6;2;42;37;5;78;58;20;556;411;145;54;26;28;610;437;173;2016
210000;Raub, raeuberische Erpressung und raeuberischer Angriff auf Kraftfahrer;8221000;Heidelberg;insg.;99;74;25;2;2;0;3;3;0;5;5;0;7;6;1;9;7;2;68;49;19;10;7;3;78;56;22;2016
210000;Raub, raeuberische Erpressung und raeuberischer Angriff auf Kraftfahrer;8121000;Heilbronn;insg.;61;35;26;0;0;0;2;2;0;2;2;0;2;2;0;6;4;2;45;24;21;6;3;3;51;27;24;2016
210000;Raub, raeuberische Erpressung und raeuberischer Angriff auf Kraftfahrer;5916000;Herne;insg.;145;88;57;0;0;0;8;6;2;8;6;2;21;18;3;16;10;6;76;45;31;24;9;15;100;54;46;2016
210000;Raub, raeuberische Erpressung und raeuberischer Angriff auf Kraftfahrer;3254021;Hildesheim;insg.;128;86;42;0;0;0;5;3;2;5;3;2;5;5;0;13;11;2;91;61;30;14;6;8;105;67;38;2016
210000;Raub, raeuberische Erpressung und raeuberischer Angriff auf Kraftfahrer;9161000;Ingolstadt;insg.;64;51;13;0;0;0;4;4;0;4;4;0;8;8;0;8;7;1;40;30;10;4;2;2;44;32;12;2016
210000;Raub, raeuberische Erpressung und raeuberischer Angriff auf Kraftfahrer;16053000;Jena;insg.;48;36;12;0;0;0;1;0;1;1;0;1;4;3;1;8;4;4;34;29;5;1;0;1;35;29;6;2016
210000;Raub, raeuberische Erpressung und raeuberischer Angriff auf Kraftfahrer;8212000;Karlsruhe;insg.;237;177;60;1;0;1;8;8;0;9;8;1;14;12;2;20;17;3;178;131;47;16;9;7;194;140;54;2016
210000;Raub, raeuberische Erpressung und raeuberischer Angriff auf Kraftfahrer;6611000;Kassel;insg.;186;136;50;0;0;0;5;4;1;5;4;1;6;6;0;20;14;6;143;107;36;12;5;7;155;112;43;2016
210000;Raub, raeuberische Erpressung und raeuberischer Angriff auf Kraftfahrer;1002000;Kiel;insg.;352;257;95;0;0;0;2;1;1;2;1;1;22;20;2;38;27;11;268;200;68;22;9;13;290;209;81;2016
210000;Raub, raeuberische Erpressung und raeuberischer Angriff auf Kraftfahrer;7111000;Koblenz;insg.;93;61;32;0;0;0;1;1;0;1;1;0;6;6;0;11;6;5;67;43;24;8;5;3;75;48;27;2016
210000;Raub, raeuberische Erpressung und raeuberischer Angriff auf Kraftfahrer;5315000;Koeln;insg.;1538;1060;478;1;1;0;60;54;6;61;55;6;145;109;36;199;127;72;988;706;282;145;63;82;1133;769;364;2016
210000;Raub, raeuberische Erpressung und raeuberischer Angriff auf Kraftfahrer;5114000;Krefeld;insg.;234;147;87;0;0;0;5;5;0;5;5;0;25;18;7;18;15;3;144;96;48;42;13;29;186;109;77;2016
210000;Raub, raeuberische Erpressung und raeuberischer Angriff auf Kraftfahrer;14713000;Leipzig;insg.;754;525;229;1;1;0;19;13;6;20;14;6;38;28;10;58;43;15;583;419;164;55;21;34;638;440;198;2016
210000;Raub, raeuberische Erpressung und raeuberischer Angriff auf Kraftfahrer;5316000;Leverkusen;insg.;133;88;45;0;0;0;6;5;1;6;5;1;18;14;4;16;13;3;77;48;29;16;8;8;93;56;37;2016
210000;Raub, raeuberische Erpressung und raeuberischer Angriff auf Kraftfahrer;1003000;Luebeck;insg.;237;185;52;0;0;0;7;5;2;7;5;2;35;30;5;30;29;1;153;114;39;12;7;5;165;121;44;2016
210000;Raub, raeuberische Erpressung und raeuberischer Angriff auf Kraftfahrer;7314000;Ludwigshafen am Rhein;insg.;176;117;59;0;0;0;15;11;4;15;11;4;15;14;1;17;13;4;118;74;44;11;5;6;129;79;50;2016
210000;Raub, raeuberische Erpressung und raeuberischer Angriff auf Kraftfahrer;15003000;Magdeburg;insg.;261;191;70;0;0;0;20;17;3;20;17;3;29;26;3;19;17;2;177;123;54;16;8;8;193;131;62;2016
210000;Raub, raeuberische Erpressung und raeuberischer Angriff auf Kraftfahrer;7315000;Mainz;insg.;129;90;39;1;1;0;1;1;0;2;2;0;21;19;2;12;11;1;86;55;31;8;3;5;94;58;36;2016
210000;Raub, raeuberische Erpressung und raeuberischer Angriff auf Kraftfahrer;8222000;Mannheim;insg.;345;228;117;0;0;0;6;2;4;6;2;4;16;15;1;36;27;9;236;168;68;51;16;35;287;184;103;2016
210000;Raub, raeuberische Erpressung und raeuberischer Angriff auf Kraftfahrer;5170024;Moers;insg.;93;59;34;0;0;0;8;7;1;8;7;1;11;9;2;9;7;2;55;32;23;10;4;6;65;36;29;2016
210000;Raub, raeuberische Erpressung und raeuberischer Angriff auf Kraftfahrer;5116000;Moenchengladbach;insg.;304;199;105;0;0;0;10;8;2;10;8;2;31;24;7;35;32;3;196;121;75;32;14;18;228;135;93;2016
210000;Raub, raeuberische Erpressung und raeuberischer Angriff auf Kraftfahrer;5117000;Muelheim an der Ruhr;insg.;109;71;38;0;0;0;9;8;1;9;8;1;13;9;4;9;8;1;67;42;25;11;4;7;78;46;32;2016
210000;Raub, raeuberische Erpressung und raeuberischer Angriff auf Kraftfahrer;9162000;Muenchen;insg.;681;441;240;0;0;0;28;16;12;28;16;12;52;47;5;63;46;17;467;301;166;71;31;40;538;332;206;2016
210000;Raub, raeuberische Erpressung und raeuberischer Angriff auf Kraftfahrer;5515000;Muenster;insg.;237;173;64;0;0;0;9;7;2;9;7;2;23;20;3;20;16;4;170;121;49;15;9;6;185;130;55;2016
210000;Raub, raeuberische Erpressung und raeuberischer Angriff auf Kraftfahrer;5162024;Neuss;insg.;121;84;37;0;0;0;2;1;1;2;1;1;11;8;3;19;16;3;72;53;19;17;6;11;89;59;30;2016
210000;Raub, raeuberische Erpressung und raeuberischer Angriff auf Kraftfahrer;9564000;Nuernberg;insg.;327;223;104;1;1;0;3;3;0;4;4;0;24;17;7;32;26;6;232;156;76;35;20;15;267;176;91;2016
210000;Raub, raeuberische Erpressung und raeuberischer Angriff auf Kraftfahrer;5119000;Oberhausen;insg.;218;153;65;0;0;0;14;12;2;14;12;2;35;31;4;34;30;4;108;69;39;27;11;16;135;80;55;2016
210000;Raub, raeuberische Erpressung und raeuberischer Angriff auf Kraftfahrer;6413000;Offenbach am Main;insg.;103;74;29;0;0;0;7;7;0;7;7;0;8;8;0;16;12;4;62;39;23;10;8;2;72;47;25;2016
210000;Raub, raeuberische Erpressung und raeuberischer Angriff auf Kraftfahrer;3403000;Oldenburg (Oldenburg);insg.;133;91;42;0;0;0;4;4;0;4;4;0;24;23;1;22;15;7;73;43;30;10;6;4;83;49;34;2016
210000;Raub, raeuberische Erpressung und raeuberischer Angriff auf Kraftfahrer;3404000;Osnabrueck;insg.;172;121;51;0;0;0;0;0;0;0;0;0;10;8;2;18;15;3;126;93;33;18;5;13;144;98;46;2016
210000;Raub, raeuberische Erpressung und raeuberischer Angriff auf Kraftfahrer;5774032;Paderborn;insg.;129;82;47;0;0;0;4;3;1;4;3;1;13;7;6;13;13;0;89;54;35;10;5;5;99;59;40;2016
210000;Raub, raeuberische Erpressung und raeuberischer Angriff auf Kraftfahrer;8231000;Pforzheim;insg.;71;50;21;0;0;0;6;5;1;6;5;1;8;8;0;7;4;3;41;29;12;9;4;5;50;33;17;2016
210000;Raub, raeuberische Erpressung und raeuberischer Angriff auf Kraftfahrer;12054000;Potsdam;insg.;134;104;30;0;0;0;9;9;0;9;9;0;29;27;2;16;14;2;73;53;20;7;1;6;80;54;26;2016
210000;Raub, raeuberische Erpressung und raeuberischer Angriff auf Kraftfahrer;5562032;Recklinghausen;insg.;148;115;33;0;0;0;1;1;0;1;1;0;22;20;2;16;15;1;91;69;22;18;10;8;109;79;30;2016
210000;Raub, raeuberische Erpressung und raeuberischer Angriff auf Kraftfahrer;9362000;Regensburg;insg.;74;48;26;0;0;0;2;0;2;2;0;2;10;9;1;9;8;1;48;28;20;5;3;2;53;31;22;2016
210000;Raub, raeuberische Erpressung und raeuberischer Angriff auf Kraftfahrer;5120000;Remscheid;insg.;54;35;19;0;0;0;0;0;0;0;0;0;9;8;1;7;5;2;29;18;11;9;4;5;38;22;16;2016
210000;Raub, raeuberische Erpressung und raeuberischer Angriff auf Kraftfahrer;8415061;Reutlingen;insg.;34;22;12;0;0;0;1;1;0;1;1;0;3;2;1;4;4;0;24;14;10;2;1;1;26;15;11;2016
210000;Raub, raeuberische Erpressung und raeuberischer Angriff auf Kraftfahrer;13003000;Rostock;insg.;184;127;57;0;0;0;6;6;0;6;6;0;12;8;4;13;10;3;137;96;41;16;7;9;153;103;50;2016
210000;Raub, raeuberische Erpressung und raeuberischer Angriff auf Kraftfahrer;10041100;Saarbruecken;insg.;319;209;110;0;0;0;14;13;1;14;13;1;53;45;8;42;31;11;188;108;80;22;12;10;210;120;90;2016
210000;Raub, raeuberische Erpressung und raeuberischer Angriff auf Kraftfahrer;3102000;Salzgitter;insg.;68;39;29;0;0;0;1;1;0;1;1;0;8;5;3;5;2;3;47;27;20;7;4;3;54;31;23;2016
210000;Raub, raeuberische Erpressung und raeuberischer Angriff auf Kraftfahrer;13004000;Schwerin;insg.;46;35;11;0;0;0;2;2;0;2;2;0;3;2;1;5;3;2;28;24;4;8;4;4;36;28;8;2016
210000;Raub, raeuberische Erpressung und raeuberischer Angriff auf Kraftfahrer;5970040;Siegen;insg.;61;33;28;0;0;0;3;1;2;3;1;2;5;4;1;9;4;5;41;23;18;3;1;2;44;24;20;2016
210000;Raub, raeuberische Erpressung und raeuberischer Angriff auf Kraftfahrer;5122000;Solingen;insg.;109;79;30;0;0;0;7;6;1;7;6;1;20;20;0;10;9;1;59;37;22;13;7;6;72;44;28;2016
210000;Raub, raeuberische Erpressung und raeuberischer Angriff auf Kraftfahrer;8111000;Stuttgart;insg.;693;484;209;0;0;0;12;11;1;12;11;1;67;48;19;84;63;21;486;340;146;44;22;22;530;362;168;2016
210000;Raub, raeuberische Erpressung und raeuberischer Angriff auf Kraftfahrer;7211000;Trier;insg.;81;62;19;0;0;0;3;3;0;3;3;0;10;6;4;10;10;0;55;42;13;3;1;2;58;43;15;2016
210000;Raub, raeuberische Erpressung und raeuberischer Angriff auf Kraftfahrer;8421000;Ulm;insg.;92;65;27;0;0;0;1;1;0;1;1;0;9;6;3;13;8;5;63;48;15;6;2;4;69;50;19;2016
210000;Raub, raeuberische Erpressung und raeuberischer Angriff auf Kraftfahrer;6414000;Wiesbaden;insg.;230;175;55;0;0;0;6;5;1;6;5;1;34;31;3;29;23;6;138;106;32;23;10;13;161;116;45;2016
210000;Raub, raeuberische Erpressung und raeuberischer Angriff auf Kraftfahrer;3103000;Wolfsburg;insg.;87;60;27;0;0;0;4;4;0;4;4;0;14;14;0;8;7;1;56;32;24;5;3;2;61;35;26;2016
210000;Raub, raeuberische Erpressung und raeuberischer Angriff auf Kraftfahrer;5124000;Wuppertal;insg.;404;279;125;0;0;0;17;12;5;17;12;5;43;40;3;40;27;13;259;186;73;45;14;31;304;200;104;2016
210000;Raub, raeuberische Erpressung und raeuberischer Angriff auf Kraftfahrer;9663000;Wuerzburg;insg.;44;35;9;0;0;0;0;0;0;0;0;0;8;8;0;3;2;1;33;25;8;0;0;0;33;25;8;2016
211000;Raub, raeuberische Erpressung auf/gegen Geldinstitute, Postfilialen und -agenturen;5334002;Aachen;insg.;5;2;3;0;0;0;0;0;0;0;0;0;0;0;0;0;0;0;5;2;3;0;0;0;5;2;3;2016
211000;Raub, raeuberische Erpressung auf/gegen Geldinstitute, Postfilialen und -agenturen;9761000;Augsburg;insg.;6;3;3;0;0;0;0;0;0;0;0;0;1;1;0;1;0;1;4;2;2;0;0;0;4;2;2;2016
211000;Raub, raeuberische Erpressung auf/gegen Geldinstitute, Postfilialen und -agenturen;5378004;Bergisch Gladbach;insg.;3;1;2;0;0;0;0;0;0;0;0;0;0;0;0;0;0;0;3;1;2;0;0;0;3;1;2;2016
211000;Raub, raeuberische Erpressung auf/gegen Geldinstitute, Postfilialen und -agenturen;11000000;Berlin;insg.;9;4;5;0;0;0;0;0;0;0;0;0;0;0;0;0;0;0;9;4;5;0;0;0;9;4;5;2016
211000;Raub, raeuberische Erpressung auf/gegen Geldinstitute, Postfilialen und -agenturen;5711000;Bielefeld;insg.;0;0;0;0;0;0;0;0;0;0;0;0;0;0;0;0;0;0;0;0;0;0;0;0;0;0;0;2016
211000;Raub, raeuberische Erpressung auf/gegen Geldinstitute, Postfilialen und -agenturen;5911000;Bochum;insg.;2;1;1;0;0;0;0;0;0;0;0;0;0;0;0;0;0;0;2;1;1;0;0;0;2;1;1;2016
211000;Raub, raeuberische Erpressung auf/gegen Geldinstitute, Postfilialen und -agenturen;5314000;Bonn;insg.;4;2;2;0;0;0;0;0;0;0;0;0;0;0;0;0;0;0;4;2;2;0;0;0;4;2;2;2016
211000;Raub, raeuberische Erpressung auf/gegen Geldinstitute, Postfilialen und -agenturen;5512000;Bottrop;insg.;0;0;0;0;0;0;0;0;0;0;0;0;0;0;0;0;0;0;0;0;0;0;0;0;0;0;0;2016
211000;Raub, raeuberische Erpressung auf/gegen Geldinstitute, Postfilialen und -agenturen;3101000;Braunschweig;insg.;0;0;0;0;0;0;0;0;0;0;0;0;0;0;0;0;0;0;0;0;0;0;0;0;0;0;0;2016
211000;Raub, raeuberische Erpressung auf/gegen Geldinstitute, Postfilialen und -agenturen;4011000;Bremen;insg.;0;0;0;0;0;0;0;0;0;0;0;0;0;0;0;0;0;0;0;0;0;0;0;0;0;0;0;2016
211000;Raub, raeuberische Erpressung auf/gegen Geldinstitute, Postfilialen und -agenturen;4012000;Bremerhaven;insg.;0;0;0;0;0;0;0;0;0;0;0;0;0;0;0;0;0;0;0;0;0;0;0;0;0;0;0;2016
211000;Raub, raeuberische Erpressung auf/gegen Geldinstitute, Postfilialen und -agenturen;14511000;Chemnitz;insg.;2;1;1;0;0;0;0;0;0;0;0;0;0;0;0;0;0;0;2;1;1;0;0;0;2;1;1;2016
211000;Raub, raeuberische Erpressung auf/gegen Geldinstitute, Postfilialen und -agenturen;6411000;Darmstadt;insg.;0;0;0;0;0;0;0;0;0;0;0;0;0;0;0;0;0;0;0;0;0;0;0;0;0;0;0;2016
211000;Raub, raeuberische Erpressung auf/gegen Geldinstitute, Postfilialen und -agenturen;5913000;Dortmund;insg.;0;0;0;0;0;0;0;0;0;0;0;0;0;0;0;0;0;0;0;0;0;0;0;0;0;0;0;2016
211000;Raub, raeuberische Erpressung auf/gegen Geldinstitute, Postfilialen und -agenturen;14612000;Dresden;insg.;0;0;0;0;0;0;0;0;0;0;0;0;0;0;0;0;0;0;0;0;0;0;0;0;0;0;0;2016
211000;Raub, raeuberische Erpressung auf/gegen Geldinstitute, Postfilialen und -agenturen;5112000;Duisburg;insg.;0;0;0;0;0;0;0;0;0;0;0;0;0;0;0;0;0;0;0;0;0;0;0;0;0;0;0;2016
211000;Raub, raeuberische Erpressung auf/gegen Geldinstitute, Postfilialen und -agenturen;5111000;Duesseldorf;insg.;2;0;2;0;0;0;0;0;0;0;0;0;0;0;0;0;0;0;0;0;0;2;0;2;2;0;2;2016
211000;Raub, raeuberische Erpressung auf/gegen Geldinstitute, Postfilialen und -agenturen;16051000;Erfurt;insg.;0;0;0;0;0;0;0;0;0;0;0;0;0;0;0;0;0;0;0;0;0;0;0;0;0;0;0;2016
211000;Raub, raeuberische Erpressung auf/gegen Geldinstitute, Postfilialen und -agenturen;9562000;Erlangen;insg.;0;0;0;0;0;0;0;0;0;0;0;0;0;0;0;0;0;0;0;0;0;0;0;0;0;0;0;2016
211000;Raub, raeuberische Erpressung auf/gegen Geldinstitute, Postfilialen und -agenturen;5113000;Essen;insg.;1;0;1;0;0;0;0;0;0;0;0;0;0;0;0;0;0;0;0;0;0;1;0;1;1;0;1;2016
211000;Raub, raeuberische Erpressung auf/gegen Geldinstitute, Postfilialen und -agenturen;6412000;Frankfurt am Main;insg.;6;3;3;0;0;0;0;0;0;0;0;0;0;0;0;1;1;0;4;1;3;1;1;0;5;2;3;2016
211000;Raub, raeuberische Erpressung auf/gegen Geldinstitute, Postfilialen und -agenturen;8311000;Freiburg im Breisgau;insg.;0;0;0;0;0;0;0;0;0;0;0;0;0;0;0;0;0;0;0;0;0;0;0;0;0;0;0;2016
211000;Raub, raeuberische Erpressung auf/gegen Geldinstitute, Postfilialen und -agenturen;9563000;Fuerth;insg.;0;0;0;0;0;0;0;0;0;0;0;0;0;0;0;0;0;0;0;0;0;0;0;0;0;0;0;2016
211000;Raub, raeuberische Erpressung auf/gegen Geldinstitute, Postfilialen und -agenturen;5513000;Gelsenkirchen;insg.;1;1;0;0;0;0;0;0;0;0;0;0;0;0;0;0;0;0;1;1;0;0;0;0;1;1;0;2016
211000;Raub, raeuberische Erpressung auf/gegen Geldinstitute, Postfilialen und -agenturen;3152012;Goettingen;insg.;0;0;0;0;0;0;0;0;0;0;0;0;0;0;0;0;0;0;0;0;0;0;0;0;0;0;0;2016
211000;Raub, raeuberische Erpressung auf/gegen Geldinstitute, Postfilialen und -agenturen;5914000;Hagen;insg.;2;0;2;0;0;0;0;0;0;0;0;0;0;0;0;0;0;0;2;0;2;0;0;0;2;0;2;2016
211000;Raub, raeuberische Erpressung auf/gegen Geldinstitute, Postfilialen und -agenturen;15002000;Halle (Saale);insg.;0;0;0;0;0;0;0;0;0;0;0;0;0;0;0;0;0;0;0;0;0;0;0;0;0;0;0;2016
211000;Raub, raeuberische Erpressung auf/gegen Geldinstitute, Postfilialen und -agenturen;2000000;Hamburg;insg.;8;3;5;0;0;0;0;0;0;0;0;0;0;0;0;0;0;0;7;3;4;1;0;1;8;3;5;2016
211000;Raub, raeuberische Erpressung auf/gegen Geldinstitute, Postfilialen und -agenturen;5915000;Hamm;insg.;0;0;0;0;0;0;0;0;0;0;0;0;0;0;0;0;0;0;0;0;0;0;0;0;0;0;0;2016
211000;Raub, raeuberische Erpressung auf/gegen Geldinstitute, Postfilialen und -agenturen;3241001;Hannover;insg.;1;1;0;0;0;0;0;0;0;0;0;0;0;0;0;0;0;0;1;1;0;0;0;0;1;1;0;2016
211000;Raub, raeuberische Erpressung auf/gegen Geldinstitute, Postfilialen und -agenturen;8221000;Heidelberg;insg.;0;0;0;0;0;0;0;0;0;0;0;0;0;0;0;0;0;0;0;0;0;0;0;0;0;0;0;2016
211000;Raub, raeuberische Erpressung auf/gegen Geldinstitute, Postfilialen und -agenturen;8121000;Heilbronn;insg.;0;0;0;0;0;0;0;0;0;0;0;0;0;0;0;0;0;0;0;0;0;0;0;0;0;0;0;2016
211000;Raub, raeuberische Erpressung auf/gegen Geldinstitute, Postfilialen und -agenturen;5916000;Herne;insg.;0;0;0;0;0;0;0;0;0;0;0;0;0;0;0;0;0;0;0;0;0;0;0;0;0;0;0;2016
211000;Raub, raeuberische Erpressung auf/gegen Geldinstitute, Postfilialen und -agenturen;3254021;Hildesheim;insg.;0;0;0;0;0;0;0;0;0;0;0;0;0;0;0;0;0;0;0;0;0;0;0;0;0;0;0;2016
211000;Raub, raeuberische Erpressung auf/gegen Geldinstitute, Postfilialen und -agenturen;9161000;Ingolstadt;insg.;0;0;0;0;0;0;0;0;0;0;0;0;0;0;0;0;0;0;0;0;0;0;0;0;0;0;0;2016
211000;Raub, raeuberische Erpressung auf/gegen Geldinstitute, Postfilialen und -agenturen;16053000;Jena;insg.;0;0;0;0;0;0;0;0;0;0;0;0;0;0;0;0;0;0;0;0;0;0;0;0;0;0;0;2016
211000;Raub, raeuberische Erpressung auf/gegen Geldinstitute, Postfilialen und -agenturen;8212000;Karlsruhe;insg.;0;0;0;0;0;0;0;0;0;0;0;0;0;0;0;0;0;0;0;0;0;0;0;0;0;0;0;2016
211000;Raub, raeuberische Erpressung auf/gegen Geldinstitute, Postfilialen und -agenturen;6611000;Kassel;insg.;0;0;0;0;0;0;0;0;0;0;0;0;0;0;0;0;0;0;0;0;0;0;0;0;0;0;0;2016
211000;Raub, raeuberische Erpressung auf/gegen Geldinstitute, Postfilialen und -agenturen;1002000;Kiel;insg.;0;0;0;0;0;0;0;0;0;0;0;0;0;0;0;0;0;0;0;0;0;0;0;0;0;0;0;2016
211000;Raub, raeuberische Erpressung auf/gegen Geldinstitute, Postfilialen und -agenturen;7111000;Koblenz;insg.;0;0;0;0;0;0;0;0;0;0;0;0;0;0;0;0;0;0;0;0;0;0;0;0;0;0;0;2016
211000;Raub, raeuberische Erpressung auf/gegen Geldinstitute, Postfilialen und -agenturen;5315000;Koeln;insg.;3;0;3;0;0;0;0;0;0;0;0;0;0;0;0;0;0;0;3;0;3;0;0;0;3;0;3;2016
211000;Raub, raeuberische Erpressung auf/gegen Geldinstitute, Postfilialen und -agenturen;5114000;Krefeld;insg.;0;0;0;0;0;0;0;0;0;0;0;0;0;0;0;0;0;0;0;0;0;0;0;0;0;0;0;2016
211000;Raub, raeuberische Erpressung auf/gegen Geldinstitute, Postfilialen und -agenturen;14713000;Leipzig;insg.;25;7;18;0;0;0;0;0;0;0;0;0;0;0;0;1;1;0;24;6;18;0;0;0;24;6;18;2016
211000;Raub, raeuberische Erpressung auf/gegen Geldinstitute, Postfilialen und -agenturen;5316000;Leverkusen;insg.;1;0;1;0;0;0;0;0;0;0;0;0;0;0;0;0;0;0;1;0;1;0;0;0;1;0;1;2016
211000;Raub, raeuberische Erpressung auf/gegen Geldinstitute, Postfilialen und -agenturen;1003000;Luebeck;insg.;0;0;0;0;0;0;0;0;0;0;0;0;0;0;0;0;0;0;0;0;0;0;0;0;0;0;0;2016
211000;Raub, raeuberische Erpressung auf/gegen Geldinstitute, Postfilialen und -agenturen;7314000;Ludwigshafen am Rhein;insg.;1;0;1;0;0;0;0;0;0;0;0;0;0;0;0;0;0;0;1;0;1;0;0;0;1;0;1;2016
211000;Raub, raeuberische Erpressung auf/gegen Geldinstitute, Postfilialen und -agenturen;15003000;Magdeburg;insg.;1;0;1;0;0;0;0;0;0;0;0;0;0;0;0;0;0;0;1;0;1;0;0;0;1;0;1;2016
211000;Raub, raeuberische Erpressung auf/gegen Geldinstitute, Postfilialen und -agenturen;7315000;Mainz;insg.;8;4;4;0;0;0;0;0;0;0;0;0;0;0;0;0;0;0;8;4;4;0;0;0;8;4;4;2016
211000;Raub, raeuberische Erpressung auf/gegen Geldinstitute, Postfilialen und -agenturen;8222000;Mannheim;insg.;2;1;1;0;0;0;0;0;0;0;0;0;0;0;0;0;0;0;2;1;1;0;0;0;2;1;1;2016
211000;Raub, raeuberische Erpressung auf/gegen Geldinstitute, Postfilialen und -agenturen;5170024;Moers;insg.;0;0;0;0;0;0;0;0;0;0;0;0;0;0;0;0;0;0;0;0;0;0;0;0;0;0;0;2016
211000;Raub, raeuberische Erpressung auf/gegen Geldinstitute, Postfilialen und -agenturen;5116000;Moenchengladbach;insg.;1;0;1;0;0;0;0;0;0;0;0;0;0;0;0;0;0;0;1;0;1;0;0;0;1;0;1;2016
211000;Raub, raeuberische Erpressung auf/gegen Geldinstitute, Postfilialen und -agenturen;5117000;Muelheim an der Ruhr;insg.;0;0;0;0;0;0;0;0;0;0;0;0;0;0;0;0;0;0;0;0;0;0;0;0;0;0;0;2016
211000;Raub, raeuberische Erpressung auf/gegen Geldinstitute, Postfilialen und -agenturen;9162000;Muenchen;insg.;6;0;6;0;0;0;0;0;0;0;0;0;0;0;0;1;0;1;5;0;5;0;0;0;5;0;5;2016
211000;Raub, raeuberische Erpressung auf/gegen Geldinstitute, Postfilialen und -agenturen;5515000;Muenster;insg.;0;0;0;0;0;0;0;0;0;0;0;0;0;0;0;0;0;0;0;0;0;0;0;0;0;0;0;2016
211000;Raub, raeuberische Erpressung auf/gegen Geldinstitute, Postfilialen und -agenturen;5162024;Neuss;insg.;0;0;0;0;0;0;0;0;0;0;0;0;0;0;0;0;0;0;0;0;0;0;0;0;0;0;0;2016
211000;Raub, raeuberische Erpressung auf/gegen Geldinstitute, Postfilialen und -agenturen;9564000;Nuernberg;insg.;0;0;0;0;0;0;0;0;0;0;0;0;0;0;0;0;0;0;0;0;0;0;0;0;0;0;0;2016
211000;Raub, raeuberische Erpressung auf/gegen Geldinstitute, Postfilialen und -agenturen;5119000;Oberhausen;insg.;0;0;0;0;0;0;0;0;0;0;0;0;0;0;0;0;0;0;0;0;0;0;0;0;0;0;0;2016
211000;Raub, raeuberische Erpressung auf/gegen Geldinstitute, Postfilialen und -agenturen;6413000;Offenbach am Main;insg.;0;0;0;0;0;0;0;0;0;0;0;0;0;0;0;0;0;0;0;0;0;0;0;0;0;0;0;2016
211000;Raub, raeuberische Erpressung auf/gegen Geldinstitute, Postfilialen und -agenturen;3403000;Oldenburg (Oldenburg);insg.;0;0;0;0;0;0;0;0;0;0;0;0;0;0;0;0;0;0;0;0;0;0;0;0;0;0;0;2016
211000;Raub, raeuberische Erpressung auf/gegen Geldinstitute, Postfilialen und -agenturen;3404000;Osnabrueck;insg.;0;0;0;0;0;0;0;0;0;0;0;0;0;0;0;0;0;0;0;0;0;0;0;0;0;0;0;2016
211000;Raub, raeuberische Erpressung auf/gegen Geldinstitute, Postfilialen und -agenturen;5774032;Paderborn;insg.;0;0;0;0;0;0;0;0;0;0;0;0;0;0;0;0;0;0;0;0;0;0;0;0;0;0;0;2016
211000;Raub, raeuberische Erpressung auf/gegen Geldinstitute, Postfilialen und -agenturen;8231000;Pforzheim;insg.;0;0;0;0;0;0;0;0;0;0;0;0;0;0;0;0;0;0;0;0;0;0;0;0;0;0;0;2016
211000;Raub, raeuberische Erpressung auf/gegen Geldinstitute, Postfilialen und -agenturen;12054000;Potsdam;insg.;0;0;0;0;0;0;0;0;0;0;0;0;0;0;0;0;0;0;0;0;0;0;0;0;0;0;0;2016
211000;Raub, raeuberische Erpressung auf/gegen Geldinstitute, Postfilialen und -agenturen;5562032;Recklinghausen;insg.;0;0;0;0;0;0;0;0;0;0;0;0;0;0;0;0;0;0;0;0;0;0;0;0;0;0;0;2016
211000;Raub, raeuberische Erpressung auf/gegen Geldinstitute, Postfilialen und -agenturen;9362000;Regensburg;insg.;0;0;0;0;0;0;0;0;0;0;0;0;0;0;0;0;0;0;0;0;0;0;0;0;0;0;0;2016
211000;Raub, raeuberische Erpressung auf/gegen Geldinstitute, Postfilialen und -agenturen;5120000;Remscheid;insg.;0;0;0;0;0;0;0;0;0;0;0;0;0;0;0;0;0;0;0;0;0;0;0;0;0;0;0;2016
211000;Raub, raeuberische Erpressung auf/gegen Geldinstitute, Postfilialen und -agenturen;8415061;Reutlingen;insg.;0;0;0;0;0;0;0;0;0;0;0;0;0;0;0;0;0;0;0;0;0;0;0;0;0;0;0;2016
211000;Raub, raeuberische Erpressung auf/gegen Geldinstitute, Postfilialen und -agenturen;13003000;Rostock;insg.;0;0;0;0;0;0;0;0;0;0;0;0;0;0;0;0;0;0;0;0;0;0;0;0;0;0;0;2016
211000;Raub, raeuberische Erpressung auf/gegen Geldinstitute, Postfilialen und -agenturen;10041100;Saarbruecken;insg.;3;1;2;0;0;0;0;0;0;0;0;0;0;0;0;0;0;0;2;1;1;1;0;1;3;1;2;2016
211000;Raub, raeuberische Erpressung auf/gegen Geldinstitute, Postfilialen und -agenturen;3102000;Salzgitter;insg.;0;0;0;0;0;0;0;0;0;0;0;0;0;0;0;0;0;0;0;0;0;0;0;0;0;0;0;2016
211000;Raub, raeuberische Erpressung auf/gegen Geldinstitute, Postfilialen und -agenturen;13004000;Schwerin;insg.;0;0;0;0;0;0;0;0;0;0;0;0;0;0;0;0;0;0;0;0;0;0;0;0;0;0;0;2016
211000;Raub, raeuberische Erpressung auf/gegen Geldinstitute, Postfilialen und -agenturen;5970040;Siegen;insg.;0;0;0;0;0;0;0;0;0;0;0;0;0;0;0;0;0;0;0;0;0;0;0;0;0;0;0;2016
211000;Raub, raeuberische Erpressung auf/gegen Geldinstitute, Postfilialen und -agenturen;5122000;Solingen;insg.;0;0;0;0;0;0;0;0;0;0;0;0;0;0;0;0;0;0;0;0;0;0;0;0;0;0;0;2016
211000;Raub, raeuberische Erpressung auf/gegen Geldinstitute, Postfilialen und -agenturen;8111000;Stuttgart;insg.;1;1;0;0;0;0;0;0;0;0;0;0;0;0;0;0;0;0;1;1;0;0;0;0;1;1;0;2016
211000;Raub, raeuberische Erpressung auf/gegen Geldinstitute, Postfilialen und -agenturen;7211000;Trier;insg.;0;0;0;0;0;0;0;0;0;0;0;0;0;0;0;0;0;0;0;0;0;0;0;0;0;0;0;2016
211000;Raub, raeuberische Erpressung auf/gegen Geldinstitute, Postfilialen und -agenturen;8421000;Ulm;insg.;0;0;0;0;0;0;0;0;0;0;0;0;0;0;0;0;0;0;0;0;0;0;0;0;0;0;0;2016
211000;Raub, raeuberische Erpressung auf/gegen Geldinstitute, Postfilialen und -agenturen;6414000;Wiesbaden;insg.;0;0;0;0;0;0;0;0;0;0;0;0;0;0;0;0;0;0;0;0;0;0;0;0;0;0;0;2016
211000;Raub, raeuberische Erpressung auf/gegen Geldinstitute, Postfilialen und -agenturen;3103000;Wolfsburg;insg.;0;0;0;0;0;0;0;0;0;0;0;0;0;0;0;0;0;0;0;0;0;0;0;0;0;0;0;2016
211000;Raub, raeuberische Erpressung auf/gegen Geldinstitute, Postfilialen und -agenturen;5124000;Wuppertal;insg.;0;0;0;0;0;0;0;0;0;0;0;0;0;0;0;0;0;0;0;0;0;0;0;0;0;0;0;2016
211000;Raub, raeuberische Erpressung auf/gegen Geldinstitute, Postfilialen und -agenturen;9663000;Wuerzburg;insg.;0;0;0;0;0;0;0;0;0;0;0;0;0;0;0;0;0;0;0;0;0;0;0;0;0;0;0;2016
212000;Raub, raeuberische Erpressung auf/gegen sonstige Zahlstellen und Geschaefte;5334002;Aachen;insg.;14;7;7;0;0;0;0;0;0;0;0;0;0;0;0;1;1;0;11;5;6;2;1;1;13;6;7;2016
212000;Raub, raeuberische Erpressung auf/gegen sonstige Zahlstellen und Geschaefte;9761000;Augsburg;insg.;0;0;0;0;0;0;0;0;0;0;0;0;0;0;0;0;0;0;0;0;0;0;0;0;0;0;0;2016
212000;Raub, raeuberische Erpressung auf/gegen sonstige Zahlstellen und Geschaefte;5378004;Bergisch Gladbach;insg.;3;1;2;0;0;0;0;0;0;0;0;0;0;0;0;1;1;0;2;0;2;0;0;0;2;0;2;2016
212000;Raub, raeuberische Erpressung auf/gegen sonstige Zahlstellen und Geschaefte;11000000;Berlin;insg.;604;312;292;0;0;0;1;1;0;1;1;0;2;1;1;34;18;16;515;268;247;52;24;28;567;292;275;2016
212000;Raub, raeuberische Erpressung auf/gegen sonstige Zahlstellen und Geschaefte;5711000;Bielefeld;insg.;32;16;16;0;0;0;0;0;0;0;0;0;0;0;0;3;1;2;27;13;14;2;2;0;29;15;14;2016
212000;Raub, raeuberische Erpressung auf/gegen sonstige Zahlstellen und Geschaefte;5911000;Bochum;insg.;23;11;12;0;0;0;0;0;0;0;0;0;0;0;0;0;0;0;19;9;10;4;2;2;23;11;12;2016
212000;Raub, raeuberische Erpressung auf/gegen sonstige Zahlstellen und Geschaefte;5314000;Bonn;insg.;30;13;17;0;0;0;0;0;0;0;0;0;0;0;0;2;2;0;25;11;14;3;0;3;28;11;17;2016
212000;Raub, raeuberische Erpressung auf/gegen sonstige Zahlstellen und Geschaefte;5512000;Bottrop;insg.;2;2;0;0;0;0;0;0;0;0;0;0;0;0;0;0;0;0;2;2;0;0;0;0;2;2;0;2016
212000;Raub, raeuberische Erpressung auf/gegen sonstige Zahlstellen und Geschaefte;3101000;Braunschweig;insg.;14;6;8;0;0;0;0;0;0;0;0;0;0;0;0;0;0;0;12;4;8;2;2;0;14;6;8;2016
212000;Raub, raeuberische Erpressung auf/gegen sonstige Zahlstellen und Geschaefte;4011000;Bremen;insg.;72;25;47;0;0;0;0;0;0;0;0;0;1;1;0;7;4;3;49;15;34;15;5;10;64;20;44;2016
212000;Raub, raeuberische Erpressung auf/gegen sonstige Zahlstellen und Geschaefte;4012000;Bremerhaven;insg.;39;19;20;0;0;0;0;0;0;0;0;0;0;0;0;1;1;0;31;16;15;7;2;5;38;18;20;2016
212000;Raub, raeuberische Erpressung auf/gegen sonstige Zahlstellen und Geschaefte;14511000;Chemnitz;insg.;6;2;4;0;0;0;0;0;0;0;0;0;0;0;0;0;0;0;6;2;4;0;0;0;6;2;4;2016
212000;Raub, raeuberische Erpressung auf/gegen sonstige Zahlstellen und Geschaefte;6411000;Darmstadt;insg.;7;4;3;0;0;0;0;0;0;0;0;0;0;0;0;1;1;0;6;3;3;0;0;0;6;3;3;2016
212000;Raub, raeuberische Erpressung auf/gegen sonstige Zahlstellen und Geschaefte;5913000;Dortmund;insg.;55;26;29;0;0;0;0;0;0;0;0;0;0;0;0;4;1;3;49;24;25;2;1;1;51;25;26;2016
212000;Raub, raeuberische Erpressung auf/gegen sonstige Zahlstellen und Geschaefte;14612000;Dresden;insg.;14;5;9;0;0;0;0;0;0;0;0;0;0;0;0;0;0;0;12;4;8;2;1;1;14;5;9;2016
212000;Raub, raeuberische Erpressung auf/gegen sonstige Zahlstellen und Geschaefte;5112000;Duisburg;insg.;36;4;32;0;0;0;0;0;0;0;0;0;0;0;0;0;0;0;28;2;26;8;2;6;36;4;32;2016
212000;Raub, raeuberische Erpressung auf/gegen sonstige Zahlstellen und Geschaefte;5111000;Duesseldorf;insg.;14;8;6;0;0;0;0;0;0;0;0;0;0;0;0;0;0;0;12;7;5;2;1;1;14;8;6;2016
212000;Raub, raeuberische Erpressung auf/gegen sonstige Zahlstellen und Geschaefte;16051000;Erfurt;insg.;6;3;3;0;0;0;0;0;0;0;0;0;0;0;0;1;1;0;4;2;2;1;0;1;5;2;3;2016
212000;Raub, raeuberische Erpressung auf/gegen sonstige Zahlstellen und Geschaefte;9562000;Erlangen;insg.;2;2;0;0;0;0;0;0;0;0;0;0;0;0;0;0;0;0;2;2;0;0;0;0;2;2;0;2016
212000;Raub, raeuberische Erpressung auf/gegen sonstige Zahlstellen und Geschaefte;5113000;Essen;insg.;60;25;35;0;0;0;0;0;0;0;0;0;0;0;0;1;0;1;52;24;28;7;1;6;59;25;34;2016
212000;Raub, raeuberische Erpressung auf/gegen sonstige Zahlstellen und Geschaefte;6412000;Frankfurt am Main;insg.;58;34;24;0;0;0;0;0;0;0;0;0;1;1;0;3;3;0;49;26;23;5;4;1;54;30;24;2016
212000;Raub, raeuberische Erpressung auf/gegen sonstige Zahlstellen und Geschaefte;8311000;Freiburg im Breisgau;insg.;18;7;11;0;0;0;0;0;0;0;0;0;1;0;1;4;2;2;11;5;6;2;0;2;13;5;8;2016
212000;Raub, raeuberische Erpressung auf/gegen sonstige Zahlstellen und Geschaefte;9563000;Fuerth;insg.;4;0;4;0;0;0;0;0;0;0;0;0;0;0;0;0;0;0;4;0;4;0;0;0;4;0;4;2016
212000;Raub, raeuberische Erpressung auf/gegen sonstige Zahlstellen und Geschaefte;5513000;Gelsenkirchen;insg.;26;6;20;0;0;0;1;1;0;1;1;0;0;0;0;0;0;0;23;5;18;2;0;2;25;5;20;2016
212000;Raub, raeuberische Erpressung auf/gegen sonstige Zahlstellen und Geschaefte;3152012;Goettingen;insg.;10;7;3;0;0;0;0;0;0;0;0;0;0;0;0;1;0;1;9;7;2;0;0;0;9;7;2;2016
212000;Raub, raeuberische Erpressung auf/gegen sonstige Zahlstellen und Geschaefte;5914000;Hagen;insg.;9;2;7;0;0;0;0;0;0;0;0;0;0;0;0;0;0;0;7;2;5;2;0;2;9;2;7;2016
212000;Raub, raeuberische Erpressung auf/gegen sonstige Zahlstellen und Geschaefte;15002000;Halle (Saale);insg.;4;1;3;0;0;0;0;0;0;0;0;0;0;0;0;0;0;0;4;1;3;0;0;0;4;1;3;2016
212000;Raub, raeuberische Erpressung auf/gegen sonstige Zahlstellen und Geschaefte;2000000;Hamburg;insg.;130;55;75;0;0;0;0;0;0;0;0;0;1;0;1;9;6;3;111;48;63;9;1;8;120;49;71;2016
212000;Raub, raeuberische Erpressung auf/gegen sonstige Zahlstellen und Geschaefte;5915000;Hamm;insg.;9;4;5;0;0;0;0;0;0;0;0;0;0;0;0;1;0;1;8;4;4;0;0;0;8;4;4;2016
212000;Raub, raeuberische Erpressung auf/gegen sonstige Zahlstellen und Geschaefte;3241001;Hannover;insg.;51;26;25;0;0;0;0;0;0;0;0;0;2;2;0;9;4;5;37;18;19;3;2;1;40;20;20;2016
212000;Raub, raeuberische Erpressung auf/gegen sonstige Zahlstellen und Geschaefte;8221000;Heidelberg;insg.;2;1;1;0;0;0;0;0;0;0;0;0;0;0;0;0;0;0;2;1;1;0;0;0;2;1;1;2016
212000;Raub, raeuberische Erpressung auf/gegen sonstige Zahlstellen und Geschaefte;8121000;Heilbronn;insg.;8;4;4;0;0;0;0;0;0;0;0;0;0;0;0;2;2;0;3;1;2;3;1;2;6;2;4;2016
212000;Raub, raeuberische Erpressung auf/gegen sonstige Zahlstellen und Geschaefte;5916000;Herne;insg.;9;3;6;0;0;0;0;0;0;0;0;0;0;0;0;0;0;0;8;3;5;1;0;1;9;3;6;2016
212000;Raub, raeuberische Erpressung auf/gegen sonstige Zahlstellen und Geschaefte;3254021;Hildesheim;insg.;11;7;4;0;0;0;0;0;0;0;0;0;0;0;0;0;0;0;11;7;4;0;0;0;11;7;4;2016
212000;Raub, raeuberische Erpressung auf/gegen sonstige Zahlstellen und Geschaefte;9161000;Ingolstadt;insg.;0;0;0;0;0;0;0;0;0;0;0;0;0;0;0;0;0;0;0;0;0;0;0;0;0;0;0;2016
212000;Raub, raeuberische Erpressung auf/gegen sonstige Zahlstellen und Geschaefte;16053000;Jena;insg.;0;0;0;0;0;0;0;0;0;0;0;0;0;0;0;0;0;0;0;0;0;0;0;0;0;0;0;2016
212000;Raub, raeuberische Erpressung auf/gegen sonstige Zahlstellen und Geschaefte;8212000;Karlsruhe;insg.;17;7;10;0;0;0;0;0;0;0;0;0;0;0;0;0;0;0;16;7;9;1;0;1;17;7;10;2016
212000;Raub, raeuberische Erpressung auf/gegen sonstige Zahlstellen und Geschaefte;6611000;Kassel;insg.;14;10;4;0;0;0;0;0;0;0;0;0;0;0;0;2;1;1;12;9;3;0;0;0;12;9;3;2016
212000;Raub, raeuberische Erpressung auf/gegen sonstige Zahlstellen und Geschaefte;1002000;Kiel;insg.;35;18;17;0;0;0;0;0;0;0;0;0;0;0;0;2;1;1;30;14;16;3;3;0;33;17;16;2016
212000;Raub, raeuberische Erpressung auf/gegen sonstige Zahlstellen und Geschaefte;7111000;Koblenz;insg.;12;3;9;0;0;0;0;0;0;0;0;0;0;0;0;1;0;1;10;2;8;1;1;0;11;3;8;2016
212000;Raub, raeuberische Erpressung auf/gegen sonstige Zahlstellen und Geschaefte;5315000;Koeln;insg.;44;27;17;0;0;0;0;0;0;0;0;0;0;0;0;2;0;2;38;24;14;4;3;1;42;27;15;2016
212000;Raub, raeuberische Erpressung auf/gegen sonstige Zahlstellen und Geschaefte;5114000;Krefeld;insg.;22;9;13;0;0;0;0;0;0;0;0;0;0;0;0;1;0;1;17;6;11;4;3;1;21;9;12;2016
212000;Raub, raeuberische Erpressung auf/gegen sonstige Zahlstellen und Geschaefte;14713000;Leipzig;insg.;12;3;9;0;0;0;0;0;0;0;0;0;0;0;0;1;0;1;9;3;6;2;0;2;11;3;8;2016
212000;Raub, raeuberische Erpressung auf/gegen sonstige Zahlstellen und Geschaefte;5316000;Leverkusen;insg.;7;3;4;0;0;0;0;0;0;0;0;0;0;0;0;1;1;0;6;2;4;0;0;0;6;2;4;2016
212000;Raub, raeuberische Erpressung auf/gegen sonstige Zahlstellen und Geschaefte;1003000;Luebeck;insg.;5;2;3;0;0;0;0;0;0;0;0;0;0;0;0;0;0;0;4;1;3;1;1;0;5;2;3;2016
212000;Raub, raeuberische Erpressung auf/gegen sonstige Zahlstellen und Geschaefte;7314000;Ludwigshafen am Rhein;insg.;6;2;4;0;0;0;0;0;0;0;0;0;0;0;0;0;0;0;6;2;4;0;0;0;6;2;4;2016
212000;Raub, raeuberische Erpressung auf/gegen sonstige Zahlstellen und Geschaefte;15003000;Magdeburg;insg.;35;13;22;0;0;0;0;0;0;0;0;0;0;0;0;2;2;0;30;10;20;3;1;2;33;11;22;2016
212000;Raub, raeuberische Erpressung auf/gegen sonstige Zahlstellen und Geschaefte;7315000;Mainz;insg.;8;2;6;0;0;0;0;0;0;0;0;0;0;0;0;0;0;0;8;2;6;0;0;0;8;2;6;2016
212000;Raub, raeuberische Erpressung auf/gegen sonstige Zahlstellen und Geschaefte;8222000;Mannheim;insg.;15;5;10;0;0;0;0;0;0;0;0;0;0;0;0;1;0;1;13;5;8;1;0;1;14;5;9;2016
212000;Raub, raeuberische Erpressung auf/gegen sonstige Zahlstellen und Geschaefte;5170024;Moers;insg.;8;2;6;0;0;0;0;0;0;0;0;0;0;0;0;0;0;0;5;0;5;3;2;1;8;2;6;2016
212000;Raub, raeuberische Erpressung auf/gegen sonstige Zahlstellen und Geschaefte;5116000;Moenchengladbach;insg.;32;7;25;0;0;0;0;0;0;0;0;0;0;0;0;2;0;2;29;7;22;1;0;1;30;7;23;2016
212000;Raub, raeuberische Erpressung auf/gegen sonstige Zahlstellen und Geschaefte;5117000;Muelheim an der Ruhr;insg.;12;5;7;0;0;0;0;0;0;0;0;0;0;0;0;1;1;0;10;4;6;1;0;1;11;4;7;2016
212000;Raub, raeuberische Erpressung auf/gegen sonstige Zahlstellen und Geschaefte;9162000;Muenchen;insg.;41;19;22;0;0;0;0;0;0;0;0;0;1;1;0;4;1;3;30;13;17;6;4;2;36;17;19;2016
212000;Raub, raeuberische Erpressung auf/gegen sonstige Zahlstellen und Geschaefte;5515000;Muenster;insg.;15;3;12;0;0;0;0;0;0;0;0;0;0;0;0;2;0;2;13;3;10;0;0;0;13;3;10;2016
212000;Raub, raeuberische Erpressung auf/gegen sonstige Zahlstellen und Geschaefte;5162024;Neuss;insg.;10;6;4;0;0;0;0;0;0;0;0;0;0;0;0;0;0;0;6;3;3;4;3;1;10;6;4;2016
212000;Raub, raeuberische Erpressung auf/gegen sonstige Zahlstellen und Geschaefte;9564000;Nuernberg;insg.;12;6;6;0;0;0;0;0;0;0;0;0;0;0;0;1;1;0;10;4;6;1;1;0;11;5;6;2016
212000;Raub, raeuberische Erpressung auf/gegen sonstige Zahlstellen und Geschaefte;5119000;Oberhausen;insg.;22;6;16;0;0;0;1;1;0;1;1;0;0;0;0;0;0;0;18;4;14;3;1;2;21;5;16;2016
212000;Raub, raeuberische Erpressung auf/gegen sonstige Zahlstellen und Geschaefte;6413000;Offenbach am Main;insg.;2;2;0;0;0;0;0;0;0;0;0;0;0;0;0;1;1;0;1;1;0;0;0;0;1;1;0;2016
212000;Raub, raeuberische Erpressung auf/gegen sonstige Zahlstellen und Geschaefte;3403000;Oldenburg (Oldenburg);insg.;3;1;2;0;0;0;0;0;0;0;0;0;0;0;0;0;0;0;3;1;2;0;0;0;3;1;2;2016
212000;Raub, raeuberische Erpressung auf/gegen sonstige Zahlstellen und Geschaefte;3404000;Osnabrueck;insg.;19;9;10;0;0;0;0;0;0;0;0;0;0;0;0;1;1;0;18;8;10;0;0;0;18;8;10;2016
212000;Raub, raeuberische Erpressung auf/gegen sonstige Zahlstellen und Geschaefte;5774032;Paderborn;insg.;3;0;3;0;0;0;0;0;0;0;0;0;0;0;0;0;0;0;3;0;3;0;0;0;3;0;3;2016
212000;Raub, raeuberische Erpressung auf/gegen sonstige Zahlstellen und Geschaefte;8231000;Pforzheim;insg.;5;0;5;0;0;0;0;0;0;0;0;0;0;0;0;2;0;2;3;0;3;0;0;0;3;0;3;2016
212000;Raub, raeuberische Erpressung auf/gegen sonstige Zahlstellen und Geschaefte;12054000;Potsdam;insg.;14;4;10;0;0;0;0;0;0;0;0;0;0;0;0;1;0;1;12;4;8;1;0;1;13;4;9;2016
212000;Raub, raeuberische Erpressung auf/gegen sonstige Zahlstellen und Geschaefte;5562032;Recklinghausen;insg.;9;0;9;0;0;0;0;0;0;0;0;0;0;0;0;0;0;0;8;0;8;1;0;1;9;0;9;2016
212000;Raub, raeuberische Erpressung auf/gegen sonstige Zahlstellen und Geschaefte;9362000;Regensburg;insg.;8;3;5;0;0;0;0;0;0;0;0;0;0;0;0;0;0;0;7;3;4;1;0;1;8;3;5;2016
212000;Raub, raeuberische Erpressung auf/gegen sonstige Zahlstellen und Geschaefte;5120000;Remscheid;insg.;4;1;3;0;0;0;0;0;0;0;0;0;0;0;0;1;0;1;3;1;2;0;0;0;3;1;2;2016
212000;Raub, raeuberische Erpressung auf/gegen sonstige Zahlstellen und Geschaefte;8415061;Reutlingen;insg.;0;0;0;0;0;0;0;0;0;0;0;0;0;0;0;0;0;0;0;0;0;0;0;0;0;0;0;2016
212000;Raub, raeuberische Erpressung auf/gegen sonstige Zahlstellen und Geschaefte;13003000;Rostock;insg.;14;5;9;0;0;0;0;0;0;0;0;0;0;0;0;0;0;0;13;5;8;1;0;1;14;5;9;2016
212000;Raub, raeuberische Erpressung auf/gegen sonstige Zahlstellen und Geschaefte;10041100;Saarbruecken;insg.;23;9;14;0;0;0;0;0;0;0;0;0;0;0;0;2;1;1;18;6;12;3;2;1;21;8;13;2016
212000;Raub, raeuberische Erpressung auf/gegen sonstige Zahlstellen und Geschaefte;3102000;Salzgitter;insg.;5;0;5;0;0;0;0;0;0;0;0;0;0;0;0;2;0;2;3;0;3;0;0;0;3;0;3;2016
212000;Raub, raeuberische Erpressung auf/gegen sonstige Zahlstellen und Geschaefte;13004000;Schwerin;insg.;0;0;0;0;0;0;0;0;0;0;0;0;0;0;0;0;0;0;0;0;0;0;0;0;0;0;0;2016
212000;Raub, raeuberische Erpressung auf/gegen sonstige Zahlstellen und Geschaefte;5970040;Siegen;insg.;5;1;4;0;0;0;0;0;0;0;0;0;0;0;0;1;0;1;4;1;3;0;0;0;4;1;3;2016
212000;Raub, raeuberische Erpressung auf/gegen sonstige Zahlstellen und Geschaefte;5122000;Solingen;insg.;5;3;2;0;0;0;0;0;0;0;0;0;0;0;0;0;0;0;4;2;2;1;1;0;5;3;2;2016
212000;Raub, raeuberische Erpressung auf/gegen sonstige Zahlstellen und Geschaefte;8111000;Stuttgart;insg.;22;9;13;0;0;0;0;0;0;0;0;0;0;0;0;2;1;1;13;4;9;7;4;3;20;8;12;2016
212000;Raub, raeuberische Erpressung auf/gegen sonstige Zahlstellen und Geschaefte;7211000;Trier;insg.;3;1;2;0;0;0;0;0;0;0;0;0;0;0;0;0;0;0;3;1;2;0;0;0;3;1;2;2016
212000;Raub, raeuberische Erpressung auf/gegen sonstige Zahlstellen und Geschaefte;8421000;Ulm;insg.;1;0;1;0;0;0;0;0;0;0;0;0;0;0;0;0;0;0;1;0;1;0;0;0;1;0;1;2016
212000;Raub, raeuberische Erpressung auf/gegen sonstige Zahlstellen und Geschaefte;6414000;Wiesbaden;insg.;12;6;6;0;0;0;0;0;0;0;0;0;0;0;0;0;0;0;11;5;6;1;1;0;12;6;6;2016
212000;Raub, raeuberische Erpressung auf/gegen sonstige Zahlstellen und Geschaefte;3103000;Wolfsburg;insg.;6;1;5;0;0;0;0;0;0;0;0;0;0;0;0;0;0;0;6;1;5;0;0;0;6;1;5;2016
212000;Raub, raeuberische Erpressung auf/gegen sonstige Zahlstellen und Geschaefte;5124000;Wuppertal;insg.;37;19;18;0;0;0;0;0;0;0;0;0;0;0;0;1;0;1;32;19;13;4;0;4;36;19;17;2016
212000;Raub, raeuberische Erpressung auf/gegen sonstige Zahlstellen und Geschaefte;9663000;Wuerzburg;insg.;0;0;0;0;0;0;0;0;0;0;0;0;0;0;0;0;0;0;0;0;0;0;0;0;0;0;0;2016
216000;Handtaschenraub;5334002;Aachen;insg.;15;1;14;0;0;0;0;0;0;0;0;0;2;1;1;2;0;2;7;0;7;4;0;4;11;0;11;2016
216000;Handtaschenraub;9761000;Augsburg;insg.;6;0;6;0;0;0;0;0;0;0;0;0;0;0;0;0;0;0;3;0;3;3;0;3;6;0;6;2016
216000;Handtaschenraub;5378004;Bergisch Gladbach;insg.;0;0;0;0;0;0;0;0;0;0;0;0;0;0;0;0;0;0;0;0;0;0;0;0;0;0;0;2016
216000;Handtaschenraub;11000000;Berlin;insg.;358;33;325;0;0;0;1;1;0;1;1;0;5;0;5;12;0;12;207;22;185;133;10;123;340;32;308;2016
216000;Handtaschenraub;5711000;Bielefeld;insg.;7;0;7;0;0;0;0;0;0;0;0;0;0;0;0;0;0;0;4;0;4;3;0;3;7;0;7;2016
216000;Handtaschenraub;5911000;Bochum;insg.;11;1;10;0;0;0;0;0;0;0;0;0;2;0;2;0;0;0;8;1;7;1;0;1;9;1;8;2016
216000;Handtaschenraub;5314000;Bonn;insg.;27;3;24;0;0;0;0;0;0;0;0;0;2;0;2;0;0;0;16;2;14;9;1;8;25;3;22;2016
216000;Handtaschenraub;5512000;Bottrop;insg.;0;0;0;0;0;0;0;0;0;0;0;0;0;0;0;0;0;0;0;0;0;0;0;0;0;0;0;2016
216000;Handtaschenraub;3101000;Braunschweig;insg.;15;1;14;0;0;0;0;0;0;0;0;0;0;0;0;2;0;2;11;1;10;2;0;2;13;1;12;2016
216000;Handtaschenraub;4011000;Bremen;insg.;33;3;30;0;0;0;0;0;0;0;0;0;0;0;0;1;0;1;22;1;21;10;2;8;32;3;29;2016
216000;Handtaschenraub;4012000;Bremerhaven;insg.;5;0;5;0;0;0;0;0;0;0;0;0;0;0;0;0;0;0;4;0;4;1;0;1;5;0;5;2016
216000;Handtaschenraub;14511000;Chemnitz;insg.;27;4;23;0;0;0;0;0;0;0;0;0;1;1;0;0;0;0;7;1;6;19;2;17;26;3;23;2016
216000;Handtaschenraub;6411000;Darmstadt;insg.;3;0;3;0;0;0;0;0;0;0;0;0;0;0;0;1;0;1;2;0;2;0;0;0;2;0;2;2016
216000;Handtaschenraub;5913000;Dortmund;insg.;40;0;40;0;0;0;0;0;0;0;0;0;0;0;0;2;0;2;23;0;23;15;0;15;38;0;38;2016
216000;Handtaschenraub;14612000;Dresden;insg.;26;4;22;0;0;0;0;0;0;0;0;0;1;0;1;1;0;1;15;4;11;9;0;9;24;4;20;2016
216000;Handtaschenraub;5112000;Duisburg;insg.;23;0;23;0;0;0;0;0;0;0;0;0;0;0;0;2;0;2;8;0;8;13;0;13;21;0;21;2016
216000;Handtaschenraub;5111000;Duesseldorf;insg.;32;1;31;0;0;0;0;0;0;0;0;0;0;0;0;1;0;1;16;1;15;15;0;15;31;1;30;2016
216000;Handtaschenraub;16051000;Erfurt;insg.;3;0;3;0;0;0;0;0;0;0;0;0;0;0;0;0;0;0;1;0;1;2;0;2;3;0;3;2016
216000;Handtaschenraub;9562000;Erlangen;insg.;0;0;0;0;0;0;0;0;0;0;0;0;0;0;0;0;0;0;0;0;0;0;0;0;0;0;0;2016
216000;Handtaschenraub;5113000;Essen;insg.;39;1;38;0;0;0;0;0;0;0;0;0;0;0;0;2;0;2;15;0;15;22;1;21;37;1;36;2016
216000;Handtaschenraub;6412000;Frankfurt am Main;insg.;56;3;53;0;0;0;0;0;0;0;0;0;3;1;2;5;1;4;31;1;30;17;0;17;48;1;47;2016
216000;Handtaschenraub;8311000;Freiburg im Breisgau;insg.;7;1;6;0;0;0;0;0;0;0;0;0;0;0;0;1;0;1;3;1;2;3;0;3;6;1;5;2016
216000;Handtaschenraub;9563000;Fuerth;insg.;0;0;0;0;0;0;0;0;0;0;0;0;0;0;0;0;0;0;0;0;0;0;0;0;0;0;0;2016
216000;Handtaschenraub;5513000;Gelsenkirchen;insg.;6;0;6;0;0;0;0;0;0;0;0;0;1;0;1;0;0;0;0;0;0;5;0;5;5;0;5;2016
216000;Handtaschenraub;3152012;Goettingen;insg.;13;1;12;0;0;0;0;0;0;0;0;0;0;0;0;0;0;0;5;1;4;8;0;8;13;1;12;2016
216000;Handtaschenraub;5914000;Hagen;insg.;8;1;7;0;0;0;0;0;0;0;0;0;0;0;0;1;0;1;4;1;3;3;0;3;7;1;6;2016
216000;Handtaschenraub;15002000;Halle (Saale);insg.;10;2;8;0;0;0;0;0;0;0;0;0;0;0;0;0;0;0;5;2;3;5;0;5;10;2;8;2016
216000;Handtaschenraub;2000000;Hamburg;insg.;87;7;80;0;0;0;0;0;0;0;0;0;1;0;1;3;0;3;67;6;61;16;1;15;83;7;76;2016
216000;Handtaschenraub;5915000;Hamm;insg.;14;0;14;0;0;0;0;0;0;0;0;0;0;0;0;0;0;0;7;0;7;7;0;7;14;0;14;2016
216000;Handtaschenraub;3241001;Hannover;insg.;41;4;37;0;0;0;0;0;0;0;0;0;0;0;0;2;0;2;26;3;23;13;1;12;39;4;35;2016
216000;Handtaschenraub;8221000;Heidelberg;insg.;2;0;2;0;0;0;0;0;0;0;0;0;0;0;0;0;0;0;1;0;1;1;0;1;2;0;2;2016
216000;Handtaschenraub;8121000;Heilbronn;insg.;0;0;0;0;0;0;0;0;0;0;0;0;0;0;0;0;0;0;0;0;0;0;0;0;0;0;0;2016
216000;Handtaschenraub;5916000;Herne;insg.;3;0;3;0;0;0;0;0;0;0;0;0;0;0;0;0;0;0;2;0;2;1;0;1;3;0;3;2016
216000;Handtaschenraub;3254021;Hildesheim;insg.;18;1;17;0;0;0;2;0;2;2;0;2;0;0;0;0;0;0;10;0;10;6;1;5;16;1;15;2016
216000;Handtaschenraub;9161000;Ingolstadt;insg.;4;0;4;0;0;0;0;0;0;0;0;0;0;0;0;1;0;1;3;0;3;0;0;0;3;0;3;2016
216000;Handtaschenraub;16053000;Jena;insg.;0;0;0;0;0;0;0;0;0;0;0;0;0;0;0;0;0;0;0;0;0;0;0;0;0;0;0;2016
216000;Handtaschenraub;8212000;Karlsruhe;insg.;10;0;10;0;0;0;0;0;0;0;0;0;0;0;0;0;0;0;9;0;9;1;0;1;10;0;10;2016
216000;Handtaschenraub;6611000;Kassel;insg.;6;0;6;0;0;0;0;0;0;0;0;0;0;0;0;0;0;0;4;0;4;2;0;2;6;0;6;2016
216000;Handtaschenraub;1002000;Kiel;insg.;5;0;5;0;0;0;0;0;0;0;0;0;0;0;0;0;0;0;2;0;2;3;0;3;5;0;5;2016
216000;Handtaschenraub;7111000;Koblenz;insg.;3;0;3;0;0;0;0;0;0;0;0;0;0;0;0;1;0;1;1;0;1;1;0;1;2;0;2;2016
216000;Handtaschenraub;5315000;Koeln;insg.;154;34;120;0;0;0;0;0;0;0;0;0;5;2;3;14;1;13;95;26;69;40;5;35;135;31;104;2016
216000;Handtaschenraub;5114000;Krefeld;insg.;26;1;25;0;0;0;0;0;0;0;0;0;1;0;1;1;0;1;11;0;11;13;1;12;24;1;23;2016
216000;Handtaschenraub;14713000;Leipzig;insg.;39;3;36;0;0;0;0;0;0;0;0;0;1;0;1;3;0;3;19;2;17;16;1;15;35;3;32;2016
216000;Handtaschenraub;5316000;Leverkusen;insg.;11;0;11;0;0;0;0;0;0;0;0;0;0;0;0;0;0;0;6;0;6;5;0;5;11;0;11;2016
216000;Handtaschenraub;1003000;Luebeck;insg.;5;1;4;0;0;0;0;0;0;0;0;0;1;0;1;0;0;0;2;0;2;2;1;1;4;1;3;2016
216000;Handtaschenraub;7314000;Ludwigshafen am Rhein;insg.;10;0;10;0;0;0;0;0;0;0;0;0;0;0;0;1;0;1;7;0;7;2;0;2;9;0;9;2016
216000;Handtaschenraub;15003000;Magdeburg;insg.;8;0;8;0;0;0;0;0;0;0;0;0;0;0;0;0;0;0;6;0;6;2;0;2;8;0;8;2016
216000;Handtaschenraub;7315000;Mainz;insg.;6;0;6;0;0;0;0;0;0;0;0;0;0;0;0;0;0;0;1;0;1;5;0;5;6;0;6;2016
216000;Handtaschenraub;8222000;Mannheim;insg.;23;3;20;0;0;0;0;0;0;0;0;0;0;0;0;1;0;1;12;2;10;10;1;9;22;3;19;2016
216000;Handtaschenraub;5170024;Moers;insg.;6;1;5;0;0;0;0;0;0;0;0;0;1;0;1;1;0;1;3;1;2;1;0;1;4;1;3;2016
216000;Handtaschenraub;5116000;Moenchengladbach;insg.;6;0;6;0;0;0;0;0;0;0;0;0;0;0;0;0;0;0;2;0;2;4;0;4;6;0;6;2016
216000;Handtaschenraub;5117000;Muelheim an der Ruhr;insg.;0;0;0;0;0;0;0;0;0;0;0;0;0;0;0;0;0;0;0;0;0;0;0;0;0;0;0;2016
216000;Handtaschenraub;9162000;Muenchen;insg.;57;10;47;0;0;0;2;0;2;2;0;2;2;0;2;5;2;3;33;7;26;15;1;14;48;8;40;2016
216000;Handtaschenraub;5515000;Muenster;insg.;5;1;4;0;0;0;0;0;0;0;0;0;1;0;1;0;0;0;3;1;2;1;0;1;4;1;3;2016
216000;Handtaschenraub;5162024;Neuss;insg.;2;0;2;0;0;0;0;0;0;0;0;0;0;0;0;0;0;0;1;0;1;1;0;1;2;0;2;2016
216000;Handtaschenraub;9564000;Nuernberg;insg.;16;1;15;0;0;0;0;0;0;0;0;0;0;0;0;2;0;2;4;1;3;10;0;10;14;1;13;2016
216000;Handtaschenraub;5119000;Oberhausen;insg.;9;1;8;0;0;0;0;0;0;0;0;0;0;0;0;1;0;1;2;0;2;6;1;5;8;1;7;2016
216000;Handtaschenraub;6413000;Offenbach am Main;insg.;6;0;6;0;0;0;0;0;0;0;0;0;0;0;0;2;0;2;4;0;4;0;0;0;4;0;4;2016
216000;Handtaschenraub;3403000;Oldenburg (Oldenburg);insg.;6;0;6;0;0;0;0;0;0;0;0;0;0;0;0;2;0;2;3;0;3;1;0;1;4;0;4;2016
216000;Handtaschenraub;3404000;Osnabrueck;insg.;14;1;13;0;0;0;0;0;0;0;0;0;0;0;0;1;0;1;6;1;5;7;0;7;13;1;12;2016
216000;Handtaschenraub;5774032;Paderborn;insg.;5;0;5;0;0;0;0;0;0;0;0;0;0;0;0;0;0;0;3;0;3;2;0;2;5;0;5;2016
216000;Handtaschenraub;8231000;Pforzheim;insg.;6;0;6;0;0;0;0;0;0;0;0;0;0;0;0;0;0;0;2;0;2;4;0;4;6;0;6;2016
216000;Handtaschenraub;12054000;Potsdam;insg.;7;1;6;0;0;0;0;0;0;0;0;0;0;0;0;0;0;0;4;1;3;3;0;3;7;1;6;2016
216000;Handtaschenraub;5562032;Recklinghausen;insg.;3;0;3;0;0;0;0;0;0;0;0;0;0;0;0;0;0;0;1;0;1;2;0;2;3;0;3;2016
216000;Handtaschenraub;9362000;Regensburg;insg.;2;0;2;0;0;0;1;0;1;1;0;1;0;0;0;0;0;0;0;0;0;1;0;1;1;0;1;2016
216000;Handtaschenraub;5120000;Remscheid;insg.;1;0;1;0;0;0;0;0;0;0;0;0;0;0;0;0;0;0;0;0;0;1;0;1;1;0;1;2016
216000;Handtaschenraub;8415061;Reutlingen;insg.;0;0;0;0;0;0;0;0;0;0;0;0;0;0;0;0;0;0;0;0;0;0;0;0;0;0;0;2016
216000;Handtaschenraub;13003000;Rostock;insg.;12;2;10;0;0;0;0;0;0;0;0;0;1;1;0;0;0;0;3;0;3;8;1;7;11;1;10;2016
216000;Handtaschenraub;10041100;Saarbruecken;insg.;17;2;15;0;0;0;0;0;0;0;0;0;0;0;0;2;1;1;10;0;10;5;1;4;15;1;14;2016
216000;Handtaschenraub;3102000;Salzgitter;insg.;2;0;2;0;0;0;0;0;0;0;0;0;0;0;0;0;0;0;2;0;2;0;0;0;2;0;2;2016
216000;Handtaschenraub;13004000;Schwerin;insg.;2;0;2;0;0;0;0;0;0;0;0;0;0;0;0;1;0;1;1;0;1;0;0;0;1;0;1;2016
216000;Handtaschenraub;5970040;Siegen;insg.;1;0;1;0;0;0;0;0;0;0;0;0;0;0;0;0;0;0;1;0;1;0;0;0;1;0;1;2016
216000;Handtaschenraub;5122000;Solingen;insg.;2;0;2;0;0;0;0;0;0;0;0;0;0;0;0;0;0;0;2;0;2;0;0;0;2;0;2;2016
216000;Handtaschenraub;8111000;Stuttgart;insg.;31;3;28;0;0;0;0;0;0;0;0;0;0;0;0;3;0;3;19;3;16;9;0;9;28;3;25;2016
216000;Handtaschenraub;7211000;Trier;insg.;3;0;3;0;0;0;0;0;0;0;0;0;1;0;1;0;0;0;1;0;1;1;0;1;2;0;2;2016
216000;Handtaschenraub;8421000;Ulm;insg.;5;0;5;0;0;0;0;0;0;0;0;0;0;0;0;0;0;0;3;0;3;2;0;2;5;0;5;2016
216000;Handtaschenraub;6414000;Wiesbaden;insg.;15;4;11;0;0;0;0;0;0;0;0;0;0;0;0;0;0;0;9;3;6;6;1;5;15;4;11;2016
216000;Handtaschenraub;3103000;Wolfsburg;insg.;5;1;4;0;0;0;0;0;0;0;0;0;0;0;0;1;1;0;4;0;4;0;0;0;4;0;4;2016
216000;Handtaschenraub;5124000;Wuppertal;insg.;20;1;19;0;0;0;0;0;0;0;0;0;0;0;0;1;0;1;5;0;5;14;1;13;19;1;18;2016
216000;Handtaschenraub;9663000;Wuerzburg;insg.;1;0;1;0;0;0;0;0;0;0;0;0;0;0;0;1;0;1;0;0;0;0;0;0;0;0;0;2016
217000;Sonstige Raubueberfaelle auf Stra�en, Wegen oder Plaetzen;5334002;Aachen;insg.;232;179;53;0;0;0;8;7;1;8;7;1;29;25;4;31;28;3;141;111;30;23;8;15;164;119;45;2016
217000;Sonstige Raubueberfaelle auf Stra�en, Wegen oder Plaetzen;9761000;Augsburg;insg.;22;17;5;0;0;0;0;0;0;0;0;0;2;2;0;1;1;0;19;14;5;0;0;0;19;14;5;2016
217000;Sonstige Raubueberfaelle auf Stra�en, Wegen oder Plaetzen;5378004;Bergisch Gladbach;insg.;23;19;4;0;0;0;1;1;0;1;1;0;8;8;0;2;2;0;10;7;3;2;1;1;12;8;4;2016
217000;Sonstige Raubueberfaelle auf Stra�en, Wegen oder Plaetzen;11000000;Berlin;insg.;2990;2435;555;1;1;0;135;112;23;136;113;23;502;438;64;316;271;45;1807;1460;347;229;153;76;2036;1613;423;2016
217000;Sonstige Raubueberfaelle auf Stra�en, Wegen oder Plaetzen;5711000;Bielefeld;insg.;156;126;30;0;0;0;5;4;1;5;4;1;16;14;2;21;20;1;104;80;24;10;8;2;114;88;26;2016
217000;Sonstige Raubueberfaelle auf Stra�en, Wegen oder Plaetzen;5911000;Bochum;insg.;207;153;54;0;0;0;9;8;1;9;8;1;39;31;8;28;24;4;111;85;26;20;5;15;131;90;41;2016
217000;Sonstige Raubueberfaelle auf Stra�en, Wegen oder Plaetzen;5314000;Bonn;insg.;202;151;51;0;0;0;8;8;0;8;8;0;29;16;13;34;32;2;121;91;30;10;4;6;131;95;36;2016
217000;Sonstige Raubueberfaelle auf Stra�en, Wegen oder Plaetzen;5512000;Bottrop;insg.;40;29;11;0;0;0;6;5;1;6;5;1;11;10;1;7;5;2;11;6;5;5;3;2;16;9;7;2016
217000;Sonstige Raubueberfaelle auf Stra�en, Wegen oder Plaetzen;3101000;Braunschweig;insg.;81;70;11;0;0;0;3;3;0;3;3;0;9;8;1;12;11;1;56;47;9;1;1;0;57;48;9;2016
217000;Sonstige Raubueberfaelle auf Stra�en, Wegen oder Plaetzen;4011000;Bremen;insg.;436;308;128;0;0;0;8;7;1;8;7;1;52;44;8;52;36;16;271;195;76;53;26;27;324;221;103;2016
217000;Sonstige Raubueberfaelle auf Stra�en, Wegen oder Plaetzen;4012000;Bremerhaven;insg.;91;73;18;0;0;0;4;3;1;4;3;1;8;4;4;9;9;0;59;51;8;11;6;5;70;57;13;2016
217000;Sonstige Raubueberfaelle auf Stra�en, Wegen oder Plaetzen;14511000;Chemnitz;insg.;87;72;15;0;0;0;7;5;2;7;5;2;9;7;2;16;15;1;51;44;7;4;1;3;55;45;10;2016
217000;Sonstige Raubueberfaelle auf Stra�en, Wegen oder Plaetzen;6411000;Darmstadt;insg.;49;40;9;0;0;0;1;1;0;1;1;0;8;6;2;7;4;3;33;29;4;0;0;0;33;29;4;2016
217000;Sonstige Raubueberfaelle auf Stra�en, Wegen oder Plaetzen;5913000;Dortmund;insg.;504;408;96;0;0;0;12;10;2;12;10;2;60;48;12;60;47;13;341;285;56;31;18;13;372;303;69;2016
217000;Sonstige Raubueberfaelle auf Stra�en, Wegen oder Plaetzen;14612000;Dresden;insg.;217;193;24;0;0;0;12;9;3;12;9;3;40;35;5;26;24;2;128;117;11;11;8;3;139;125;14;2016
217000;Sonstige Raubueberfaelle auf Stra�en, Wegen oder Plaetzen;5112000;Duisburg;insg.;330;243;87;1;0;1;37;25;12;38;25;13;52;41;11;27;26;1;179;133;46;34;18;16;213;151;62;2016
217000;Sonstige Raubueberfaelle auf Stra�en, Wegen oder Plaetzen;5111000;Duesseldorf;insg.;453;343;110;0;0;0;13;11;2;13;11;2;35;28;7;50;42;8;293;234;59;62;28;34;355;262;93;2016
217000;Sonstige Raubueberfaelle auf Stra�en, Wegen oder Plaetzen;16051000;Erfurt;insg.;42;38;4;0;0;0;1;0;1;1;0;1;9;8;1;11;11;0;20;18;2;1;1;0;21;19;2;2016
217000;Sonstige Raubueberfaelle auf Stra�en, Wegen oder Plaetzen;9562000;Erlangen;insg.;0;0;0;0;0;0;0;0;0;0;0;0;0;0;0;0;0;0;0;0;0;0;0;0;0;0;0;2016
217000;Sonstige Raubueberfaelle auf Stra�en, Wegen oder Plaetzen;5113000;Essen;insg.;400;270;130;0;0;0;19;15;4;19;15;4;64;41;23;37;28;9;248;173;75;32;13;19;280;186;94;2016
217000;Sonstige Raubueberfaelle auf Stra�en, Wegen oder Plaetzen;6412000;Frankfurt am Main;insg.;554;451;103;0;0;0;6;5;1;6;5;1;46;42;4;50;41;9;385;330;55;67;33;34;452;363;89;2016
217000;Sonstige Raubueberfaelle auf Stra�en, Wegen oder Plaetzen;8311000;Freiburg im Breisgau;insg.;121;100;21;0;0;0;1;1;0;1;1;0;15;12;3;23;18;5;74;63;11;8;6;2;82;69;13;2016
217000;Sonstige Raubueberfaelle auf Stra�en, Wegen oder Plaetzen;9563000;Fuerth;insg.;4;1;3;0;0;0;0;0;0;0;0;0;2;0;2;0;0;0;2;1;1;0;0;0;2;1;1;2016
217000;Sonstige Raubueberfaelle auf Stra�en, Wegen oder Plaetzen;5513000;Gelsenkirchen;insg.;185;145;40;0;0;0;8;7;1;8;7;1;26;25;1;23;19;4;111;89;22;17;5;12;128;94;34;2016
217000;Sonstige Raubueberfaelle auf Stra�en, Wegen oder Plaetzen;3152012;Goettingen;insg.;61;54;7;0;0;0;1;1;0;1;1;0;15;14;1;9;8;1;32;29;3;4;2;2;36;31;5;2016
217000;Sonstige Raubueberfaelle auf Stra�en, Wegen oder Plaetzen;5914000;Hagen;insg.;86;65;21;0;0;0;5;4;1;5;4;1;15;11;4;6;4;2;53;42;11;7;4;3;60;46;14;2016
217000;Sonstige Raubueberfaelle auf Stra�en, Wegen oder Plaetzen;15002000;Halle (Saale);insg.;138;113;25;0;0;0;9;8;1;9;8;1;30;27;3;10;7;3;80;66;14;9;5;4;89;71;18;2016
217000;Sonstige Raubueberfaelle auf Stra�en, Wegen oder Plaetzen;2000000;Hamburg;insg.;1500;1163;337;1;1;0;45;32;13;46;33;13;155;122;33;206;166;40;966;773;193;127;69;58;1093;842;251;2016
217000;Sonstige Raubueberfaelle auf Stra�en, Wegen oder Plaetzen;5915000;Hamm;insg.;84;69;15;0;0;0;7;7;0;7;7;0;9;5;4;10;7;3;54;47;7;4;3;1;58;50;8;2016
217000;Sonstige Raubueberfaelle auf Stra�en, Wegen oder Plaetzen;3241001;Hannover;insg.;328;279;49;0;0;0;6;5;1;6;5;1;29;25;4;47;39;8;227;198;29;19;12;7;246;210;36;2016
217000;Sonstige Raubueberfaelle auf Stra�en, Wegen oder Plaetzen;8221000;Heidelberg;insg.;26;21;5;0;0;0;2;2;0;2;2;0;1;1;0;2;2;0;20;15;5;1;1;0;21;16;5;2016
217000;Sonstige Raubueberfaelle auf Stra�en, Wegen oder Plaetzen;8121000;Heilbronn;insg.;22;17;5;0;0;0;0;0;0;0;0;0;1;1;0;2;2;0;18;13;5;1;1;0;19;14;5;2016
217000;Sonstige Raubueberfaelle auf Stra�en, Wegen oder Plaetzen;5916000;Herne;insg.;83;58;25;0;0;0;5;4;1;5;4;1;19;17;2;10;5;5;37;26;11;12;6;6;49;32;17;2016
217000;Sonstige Raubueberfaelle auf Stra�en, Wegen oder Plaetzen;3254021;Hildesheim;insg.;26;23;3;0;0;0;2;2;0;2;2;0;3;3;0;4;2;2;14;13;1;3;3;0;17;16;1;2016
217000;Sonstige Raubueberfaelle auf Stra�en, Wegen oder Plaetzen;9161000;Ingolstadt;insg.;10;10;0;0;0;0;0;0;0;0;0;0;0;0;0;3;3;0;6;6;0;1;1;0;7;7;0;2016
217000;Sonstige Raubueberfaelle auf Stra�en, Wegen oder Plaetzen;16053000;Jena;insg.;8;7;1;0;0;0;0;0;0;0;0;0;1;0;1;1;1;0;6;6;0;0;0;0;6;6;0;2016
217000;Sonstige Raubueberfaelle auf Stra�en, Wegen oder Plaetzen;8212000;Karlsruhe;insg.;119;99;20;1;0;1;3;3;0;4;3;1;10;8;2;13;11;2;83;70;13;9;7;2;92;77;15;2016
217000;Sonstige Raubueberfaelle auf Stra�en, Wegen oder Plaetzen;6611000;Kassel;insg.;68;55;13;0;0;0;2;1;1;2;1;1;4;4;0;10;8;2;48;40;8;4;2;2;52;42;10;2016
217000;Sonstige Raubueberfaelle auf Stra�en, Wegen oder Plaetzen;1002000;Kiel;insg.;149;116;33;0;0;0;2;1;1;2;1;1;17;15;2;27;19;8;93;76;17;10;5;5;103;81;22;2016
217000;Sonstige Raubueberfaelle auf Stra�en, Wegen oder Plaetzen;7111000;Koblenz;insg.;48;36;12;0;0;0;1;1;0;1;1;0;4;4;0;5;4;1;34;24;10;4;3;1;38;27;11;2016
217000;Sonstige Raubueberfaelle auf Stra�en, Wegen oder Plaetzen;5315000;Koeln;insg.;863;681;182;0;0;0;46;43;3;46;43;3;120;95;25;146;107;39;485;395;90;66;41;25;551;436;115;2016
217000;Sonstige Raubueberfaelle auf Stra�en, Wegen oder Plaetzen;5114000;Krefeld;insg.;86;67;19;0;0;0;3;3;0;3;3;0;11;8;3;10;9;1;54;45;9;8;2;6;62;47;15;2016
217000;Sonstige Raubueberfaelle auf Stra�en, Wegen oder Plaetzen;14713000;Leipzig;insg.;343;280;63;0;0;0;17;11;6;17;11;6;28;24;4;30;25;5;244;208;36;24;12;12;268;220;48;2016
217000;Sonstige Raubueberfaelle auf Stra�en, Wegen oder Plaetzen;5316000;Leverkusen;insg.;67;55;12;0;0;0;5;4;1;5;4;1;18;14;4;14;11;3;25;22;3;5;4;1;30;26;4;2016
217000;Sonstige Raubueberfaelle auf Stra�en, Wegen oder Plaetzen;1003000;Luebeck;insg.;123;106;17;0;0;0;7;5;2;7;5;2;25;23;2;22;22;0;63;53;10;6;3;3;69;56;13;2016
217000;Sonstige Raubueberfaelle auf Stra�en, Wegen oder Plaetzen;7314000;Ludwigshafen am Rhein;insg.;75;59;16;0;0;0;12;9;3;12;9;3;7;7;0;13;12;1;37;29;8;6;2;4;43;31;12;2016
217000;Sonstige Raubueberfaelle auf Stra�en, Wegen oder Plaetzen;15003000;Magdeburg;insg.;113;100;13;0;0;0;15;13;2;15;13;2;20;18;2;9;8;1;64;58;6;5;3;2;69;61;8;2016
217000;Sonstige Raubueberfaelle auf Stra�en, Wegen oder Plaetzen;7315000;Mainz;insg.;59;52;7;1;1;0;1;1;0;2;2;0;14;13;1;8;8;0;34;28;6;1;1;0;35;29;6;2016
217000;Sonstige Raubueberfaelle auf Stra�en, Wegen oder Plaetzen;8222000;Mannheim;insg.;132;101;31;0;0;0;5;2;3;5;2;3;7;7;0;13;11;2;90;76;14;17;5;12;107;81;26;2016
217000;Sonstige Raubueberfaelle auf Stra�en, Wegen oder Plaetzen;5170024;Moers;insg.;50;39;11;0;0;0;8;7;1;8;7;1;8;8;0;7;7;0;24;16;8;3;1;2;27;17;10;2016
217000;Sonstige Raubueberfaelle auf Stra�en, Wegen oder Plaetzen;5116000;Moenchengladbach;insg.;149;111;38;0;0;0;8;6;2;8;6;2;26;20;6;26;25;1;78;54;24;11;6;5;89;60;29;2016
217000;Sonstige Raubueberfaelle auf Stra�en, Wegen oder Plaetzen;5117000;Muelheim an der Ruhr;insg.;48;34;14;0;0;0;5;4;1;5;4;1;8;7;1;5;4;1;27;18;9;3;1;2;30;19;11;2016
217000;Sonstige Raubueberfaelle auf Stra�en, Wegen oder Plaetzen;9162000;Muenchen;insg.;177;145;32;0;0;0;13;9;4;13;9;4;24;22;2;27;25;2;103;83;20;10;6;4;113;89;24;2016
217000;Sonstige Raubueberfaelle auf Stra�en, Wegen oder Plaetzen;5515000;Muenster;insg.;95;79;16;0;0;0;5;4;1;5;4;1;15;13;2;11;11;0;60;49;11;4;2;2;64;51;13;2016
217000;Sonstige Raubueberfaelle auf Stra�en, Wegen oder Plaetzen;5162024;Neuss;insg.;54;37;17;0;0;0;1;1;0;1;1;0;9;7;2;14;11;3;25;17;8;5;1;4;30;18;12;2016
217000;Sonstige Raubueberfaelle auf Stra�en, Wegen oder Plaetzen;9564000;Nuernberg;insg.;89;73;16;1;1;0;3;3;0;4;4;0;13;10;3;15;12;3;53;45;8;4;2;2;57;47;10;2016
217000;Sonstige Raubueberfaelle auf Stra�en, Wegen oder Plaetzen;5119000;Oberhausen;insg.;127;107;20;0;0;0;11;11;0;11;11;0;30;26;4;25;22;3;53;44;9;8;4;4;61;48;13;2016
217000;Sonstige Raubueberfaelle auf Stra�en, Wegen oder Plaetzen;6413000;Offenbach am Main;insg.;52;46;6;0;0;0;6;6;0;6;6;0;8;8;0;10;9;1;23;19;4;5;4;1;28;23;5;2016
217000;Sonstige Raubueberfaelle auf Stra�en, Wegen oder Plaetzen;3403000;Oldenburg (Oldenburg);insg.;44;34;10;0;0;0;3;3;0;3;3;0;12;12;0;9;7;2;15;10;5;5;2;3;20;12;8;2016
217000;Sonstige Raubueberfaelle auf Stra�en, Wegen oder Plaetzen;3404000;Osnabrueck;insg.;56;51;5;0;0;0;0;0;0;0;0;0;4;3;1;9;9;0;39;36;3;4;3;1;43;39;4;2016
217000;Sonstige Raubueberfaelle auf Stra�en, Wegen oder Plaetzen;5774032;Paderborn;insg.;46;33;13;0;0;0;1;0;1;1;0;1;10;6;4;6;6;0;27;20;7;2;1;1;29;21;8;2016
217000;Sonstige Raubueberfaelle auf Stra�en, Wegen oder Plaetzen;8231000;Pforzheim;insg.;31;27;4;0;0;0;3;3;0;3;3;0;3;3;0;4;4;0;19;15;4;2;2;0;21;17;4;2016
217000;Sonstige Raubueberfaelle auf Stra�en, Wegen oder Plaetzen;12054000;Potsdam;insg.;62;57;5;0;0;0;7;7;0;7;7;0;23;21;2;8;8;0;23;21;2;1;0;1;24;21;3;2016
217000;Sonstige Raubueberfaelle auf Stra�en, Wegen oder Plaetzen;5562032;Recklinghausen;insg.;71;59;12;0;0;0;1;1;0;1;1;0;18;16;2;12;11;1;33;27;6;7;4;3;40;31;9;2016
217000;Sonstige Raubueberfaelle auf Stra�en, Wegen oder Plaetzen;9362000;Regensburg;insg.;22;19;3;0;0;0;1;0;1;1;0;1;5;4;1;4;4;0;11;10;1;1;1;0;12;11;1;2016
217000;Sonstige Raubueberfaelle auf Stra�en, Wegen oder Plaetzen;5120000;Remscheid;insg.;24;16;8;0;0;0;0;0;0;0;0;0;5;4;1;4;4;0;11;6;5;4;2;2;15;8;7;2016
217000;Sonstige Raubueberfaelle auf Stra�en, Wegen oder Plaetzen;8415061;Reutlingen;insg.;15;10;5;0;0;0;1;1;0;1;1;0;2;1;1;2;2;0;8;5;3;2;1;1;10;6;4;2016
217000;Sonstige Raubueberfaelle auf Stra�en, Wegen oder Plaetzen;13003000;Rostock;insg.;75;63;12;0;0;0;6;6;0;6;6;0;7;6;1;8;6;2;51;43;8;3;2;1;54;45;9;2016
217000;Sonstige Raubueberfaelle auf Stra�en, Wegen oder Plaetzen;10041100;Saarbruecken;insg.;125;97;28;0;0;0;6;6;0;6;6;0;30;28;2;24;21;3;59;37;22;6;5;1;65;42;23;2016
217000;Sonstige Raubueberfaelle auf Stra�en, Wegen oder Plaetzen;3102000;Salzgitter;insg.;25;15;10;0;0;0;0;0;0;0;0;0;6;4;2;1;0;1;14;10;4;4;1;3;18;11;7;2016
217000;Sonstige Raubueberfaelle auf Stra�en, Wegen oder Plaetzen;13004000;Schwerin;insg.;20;16;4;0;0;0;2;2;0;2;2;0;2;1;1;3;3;0;11;10;1;2;0;2;13;10;3;2016
217000;Sonstige Raubueberfaelle auf Stra�en, Wegen oder Plaetzen;5970040;Siegen;insg.;25;16;9;0;0;0;2;1;1;2;1;1;4;3;1;5;2;3;14;10;4;0;0;0;14;10;4;2016
217000;Sonstige Raubueberfaelle auf Stra�en, Wegen oder Plaetzen;5122000;Solingen;insg.;61;51;10;0;0;0;6;5;1;6;5;1;17;17;0;6;5;1;27;22;5;5;2;3;32;24;8;2016
217000;Sonstige Raubueberfaelle auf Stra�en, Wegen oder Plaetzen;8111000;Stuttgart;insg.;263;213;50;0;0;0;8;7;1;8;7;1;43;29;14;45;35;10;156;136;20;11;6;5;167;142;25;2016
217000;Sonstige Raubueberfaelle auf Stra�en, Wegen oder Plaetzen;7211000;Trier;insg.;41;37;4;0;0;0;2;2;0;2;2;0;7;6;1;6;6;0;25;23;2;1;0;1;26;23;3;2016
217000;Sonstige Raubueberfaelle auf Stra�en, Wegen oder Plaetzen;8421000;Ulm;insg.;34;30;4;0;0;0;1;1;0;1;1;0;7;5;2;6;4;2;20;20;0;0;0;0;20;20;0;2016
217000;Sonstige Raubueberfaelle auf Stra�en, Wegen oder Plaetzen;6414000;Wiesbaden;insg.;86;76;10;0;0;0;2;1;1;2;1;1;27;26;1;16;14;2;37;33;4;4;2;2;41;35;6;2016
217000;Sonstige Raubueberfaelle auf Stra�en, Wegen oder Plaetzen;3103000;Wolfsburg;insg.;30;26;4;0;0;0;3;3;0;3;3;0;11;11;0;2;2;0;12;9;3;2;1;1;14;10;4;2016
217000;Sonstige Raubueberfaelle auf Stra�en, Wegen oder Plaetzen;5124000;Wuppertal;insg.;228;176;52;0;0;0;15;12;3;15;12;3;37;35;2;28;21;7;129;97;32;19;11;8;148;108;40;2016
217000;Sonstige Raubueberfaelle auf Stra�en, Wegen oder Plaetzen;9663000;Wuerzburg;insg.;3;3;0;0;0;0;0;0;0;0;0;0;1;1;0;0;0;0;2;2;0;0;0;0;2;2;0;2016
219000;Raubueberfaelle in Wohnungen;5334002;Aachen;insg.;26;20;6;0;0;0;0;0;0;0;0;0;2;2;0;1;1;0;12;8;4;11;9;2;23;17;6;2016
219000;Raubueberfaelle in Wohnungen;9761000;Augsburg;insg.;15;9;6;0;0;0;0;0;0;0;0;0;1;1;0;1;1;0;12;7;5;1;0;1;13;7;6;2016
219000;Raubueberfaelle in Wohnungen;5378004;Bergisch Gladbach;insg.;9;4;5;0;0;0;1;0;1;1;0;1;0;0;0;1;0;1;4;3;1;3;1;2;7;4;3;2016
219000;Raubueberfaelle in Wohnungen;11000000;Berlin;insg.;288;177;111;1;0;1;4;1;3;5;1;4;11;8;3;25;17;8;179;123;56;68;28;40;247;151;96;2016
219000;Raubueberfaelle in Wohnungen;5711000;Bielefeld;insg.;12;9;3;0;0;0;0;0;0;0;0;0;4;4;0;1;1;0;6;4;2;1;0;1;7;4;3;2016
219000;Raubueberfaelle in Wohnungen;5911000;Bochum;insg.;29;16;13;0;0;0;0;0;0;0;0;0;2;2;0;2;2;0;19;11;8;6;1;5;25;12;13;2016
219000;Raubueberfaelle in Wohnungen;5314000;Bonn;insg.;27;17;10;0;0;0;1;1;0;1;1;0;0;0;0;3;3;0;19;12;7;4;1;3;23;13;10;2016
219000;Raubueberfaelle in Wohnungen;5512000;Bottrop;insg.;6;3;3;0;0;0;0;0;0;0;0;0;0;0;0;1;0;1;2;2;0;3;1;2;5;3;2;2016
219000;Raubueberfaelle in Wohnungen;3101000;Braunschweig;insg.;12;8;4;0;0;0;1;1;0;1;1;0;1;1;0;1;1;0;8;5;3;1;0;1;9;5;4;2016
219000;Raubueberfaelle in Wohnungen;4011000;Bremen;insg.;48;28;20;0;0;0;0;0;0;0;0;0;5;4;1;9;5;4;22;12;10;12;7;5;34;19;15;2016
219000;Raubueberfaelle in Wohnungen;4012000;Bremerhaven;insg.;8;4;4;0;0;0;0;0;0;0;0;0;0;0;0;0;0;0;5;3;2;3;1;2;8;4;4;2016
219000;Raubueberfaelle in Wohnungen;14511000;Chemnitz;insg.;20;14;6;0;0;0;0;0;0;0;0;0;1;0;1;1;1;0;16;13;3;2;0;2;18;13;5;2016
219000;Raubueberfaelle in Wohnungen;6411000;Darmstadt;insg.;3;2;1;0;0;0;0;0;0;0;0;0;0;0;0;0;0;0;2;1;1;1;1;0;3;2;1;2016
219000;Raubueberfaelle in Wohnungen;5913000;Dortmund;insg.;73;42;31;0;0;0;0;0;0;0;0;0;5;3;2;6;4;2;48;30;18;14;5;9;62;35;27;2016
219000;Raubueberfaelle in Wohnungen;14612000;Dresden;insg.;46;36;10;0;0;0;0;0;0;0;0;0;1;0;1;7;3;4;36;32;4;2;1;1;38;33;5;2016
219000;Raubueberfaelle in Wohnungen;5112000;Duisburg;insg.;41;31;10;0;0;0;0;0;0;0;0;0;2;1;1;2;2;0;32;24;8;5;4;1;37;28;9;2016
219000;Raubueberfaelle in Wohnungen;5111000;Duesseldorf;insg.;60;28;32;0;0;0;0;0;0;0;0;0;1;1;0;9;9;0;22;13;9;28;5;23;50;18;32;2016
219000;Raubueberfaelle in Wohnungen;16051000;Erfurt;insg.;21;18;3;0;0;0;1;1;0;1;1;0;0;0;0;5;5;0;15;12;3;0;0;0;15;12;3;2016
219000;Raubueberfaelle in Wohnungen;9562000;Erlangen;insg.;0;0;0;0;0;0;0;0;0;0;0;0;0;0;0;0;0;0;0;0;0;0;0;0;0;0;0;2016
219000;Raubueberfaelle in Wohnungen;5113000;Essen;insg.;52;33;19;0;0;0;0;0;0;0;0;0;2;1;1;3;3;0;36;24;12;11;5;6;47;29;18;2016
219000;Raubueberfaelle in Wohnungen;6412000;Frankfurt am Main;insg.;46;24;22;0;0;0;0;0;0;0;0;0;5;2;3;5;2;3;23;15;8;13;5;8;36;20;16;2016
219000;Raubueberfaelle in Wohnungen;8311000;Freiburg im Breisgau;insg.;10;6;4;0;0;0;0;0;0;0;0;0;0;0;0;2;2;0;8;4;4;0;0;0;8;4;4;2016
219000;Raubueberfaelle in Wohnungen;9563000;Fuerth;insg.;5;5;0;0;0;0;0;0;0;0;0;0;0;0;0;0;0;0;5;5;0;0;0;0;5;5;0;2016
219000;Raubueberfaelle in Wohnungen;5513000;Gelsenkirchen;insg.;22;12;10;0;0;0;0;0;0;0;0;0;1;0;1;0;0;0;16;11;5;5;1;4;21;12;9;2016
219000;Raubueberfaelle in Wohnungen;3152012;Goettingen;insg.;13;10;3;0;0;0;0;0;0;0;0;0;0;0;0;2;2;0;10;7;3;1;1;0;11;8;3;2016
219000;Raubueberfaelle in Wohnungen;5914000;Hagen;insg.;6;5;1;0;0;0;0;0;0;0;0;0;0;0;0;1;1;0;3;3;0;2;1;1;5;4;1;2016
219000;Raubueberfaelle in Wohnungen;15002000;Halle (Saale);insg.;12;9;3;0;0;0;0;0;0;0;0;0;0;0;0;1;1;0;7;5;2;4;3;1;11;8;3;2016
219000;Raubueberfaelle in Wohnungen;2000000;Hamburg;insg.;103;65;38;0;0;0;1;1;0;1;1;0;5;3;2;6;4;2;73;47;26;18;10;8;91;57;34;2016
219000;Raubueberfaelle in Wohnungen;5915000;Hamm;insg.;17;14;3;0;0;0;0;0;0;0;0;0;2;1;1;3;2;1;12;11;1;0;0;0;12;11;1;2016
219000;Raubueberfaelle in Wohnungen;3241001;Hannover;insg.;44;26;18;0;0;0;0;0;0;0;0;0;1;1;0;5;3;2;34;20;14;4;2;2;38;22;16;2016
219000;Raubueberfaelle in Wohnungen;8221000;Heidelberg;insg.;2;2;0;0;0;0;0;0;0;0;0;0;0;0;0;0;0;0;1;1;0;1;1;0;2;2;0;2016
219000;Raubueberfaelle in Wohnungen;8121000;Heilbronn;insg.;0;0;0;0;0;0;0;0;0;0;0;0;0;0;0;0;0;0;0;0;0;0;0;0;0;0;0;2016
219000;Raubueberfaelle in Wohnungen;5916000;Herne;insg.;7;4;3;0;0;0;0;0;0;0;0;0;0;0;0;2;2;0;2;2;0;3;0;3;5;2;3;2016
219000;Raubueberfaelle in Wohnungen;3254021;Hildesheim;insg.;6;5;1;0;0;0;0;0;0;0;0;0;1;1;0;1;1;0;3;3;0;1;0;1;4;3;1;2016
219000;Raubueberfaelle in Wohnungen;9161000;Ingolstadt;insg.;2;1;1;0;0;0;0;0;0;0;0;0;0;0;0;0;0;0;0;0;0;2;1;1;2;1;1;2016
219000;Raubueberfaelle in Wohnungen;16053000;Jena;insg.;6;6;0;0;0;0;0;0;0;0;0;0;1;1;0;1;1;0;4;4;0;0;0;0;4;4;0;2016
219000;Raubueberfaelle in Wohnungen;8212000;Karlsruhe;insg.;5;4;1;0;0;0;0;0;0;0;0;0;1;1;0;1;1;0;3;2;1;0;0;0;3;2;1;2016
219000;Raubueberfaelle in Wohnungen;6611000;Kassel;insg.;16;10;6;0;0;0;0;0;0;0;0;0;1;1;0;1;1;0;9;6;3;5;2;3;14;8;6;2016
219000;Raubueberfaelle in Wohnungen;1002000;Kiel;insg.;31;19;12;0;0;0;0;0;0;0;0;0;2;2;0;3;2;1;23;15;8;3;0;3;26;15;11;2016
219000;Raubueberfaelle in Wohnungen;7111000;Koblenz;insg.;7;4;3;0;0;0;0;0;0;0;0;0;0;0;0;1;0;1;5;4;1;1;0;1;6;4;2;2016
219000;Raubueberfaelle in Wohnungen;5315000;Koeln;insg.;70;39;31;0;0;0;0;0;0;0;0;0;1;1;0;2;0;2;54;34;20;13;4;9;67;38;29;2016
219000;Raubueberfaelle in Wohnungen;5114000;Krefeld;insg.;21;10;11;0;0;0;0;0;0;0;0;0;2;1;1;0;0;0;11;5;6;8;4;4;19;9;10;2016
219000;Raubueberfaelle in Wohnungen;14713000;Leipzig;insg.;51;41;10;0;0;0;0;0;0;0;0;0;1;0;1;6;5;1;42;34;8;2;2;0;44;36;8;2016
219000;Raubueberfaelle in Wohnungen;5316000;Leverkusen;insg.;8;3;5;0;0;0;0;0;0;0;0;0;0;0;0;0;0;0;7;3;4;1;0;1;8;3;5;2016
219000;Raubueberfaelle in Wohnungen;1003000;Luebeck;insg.;20;16;4;0;0;0;0;0;0;0;0;0;3;3;0;5;4;1;12;9;3;0;0;0;12;9;3;2016
219000;Raubueberfaelle in Wohnungen;7314000;Ludwigshafen am Rhein;insg.;9;8;1;0;0;0;0;0;0;0;0;0;2;2;0;0;0;0;7;6;1;0;0;0;7;6;1;2016
219000;Raubueberfaelle in Wohnungen;15003000;Magdeburg;insg.;12;9;3;0;0;0;0;0;0;0;0;0;0;0;0;0;0;0;11;9;2;1;0;1;12;9;3;2016
219000;Raubueberfaelle in Wohnungen;7315000;Mainz;insg.;5;3;2;0;0;0;0;0;0;0;0;0;0;0;0;2;1;1;2;1;1;1;1;0;3;2;1;2016
219000;Raubueberfaelle in Wohnungen;8222000;Mannheim;insg.;6;5;1;0;0;0;0;0;0;0;0;0;0;0;0;1;1;0;3;2;1;2;2;0;5;4;1;2016
219000;Raubueberfaelle in Wohnungen;5170024;Moers;insg.;10;8;2;0;0;0;0;0;0;0;0;0;1;1;0;0;0;0;8;7;1;1;0;1;9;7;2;2016
219000;Raubueberfaelle in Wohnungen;5116000;Moenchengladbach;insg.;27;17;10;0;0;0;0;0;0;0;0;0;1;1;0;4;4;0;15;9;6;7;3;4;22;12;10;2016
219000;Raubueberfaelle in Wohnungen;5117000;Muelheim an der Ruhr;insg.;15;9;6;0;0;0;0;0;0;0;0;0;1;0;1;2;2;0;7;5;2;5;2;3;12;7;5;2016
219000;Raubueberfaelle in Wohnungen;9162000;Muenchen;insg.;31;15;16;0;0;0;0;0;0;0;0;0;0;0;0;1;1;0;17;9;8;13;5;8;30;14;16;2016
219000;Raubueberfaelle in Wohnungen;5515000;Muenster;insg.;9;7;2;0;0;0;0;0;0;0;0;0;0;0;0;0;0;0;5;5;0;4;2;2;9;7;2;2016
219000;Raubueberfaelle in Wohnungen;5162024;Neuss;insg.;7;3;4;0;0;0;0;0;0;0;0;0;2;1;1;1;1;0;3;1;2;1;0;1;4;1;3;2016
219000;Raubueberfaelle in Wohnungen;9564000;Nuernberg;insg.;15;8;7;0;0;0;0;0;0;0;0;0;0;0;0;0;0;0;11;5;6;4;3;1;15;8;7;2016
219000;Raubueberfaelle in Wohnungen;5119000;Oberhausen;insg.;14;11;3;0;0;0;0;0;0;0;0;0;2;2;0;4;4;0;5;4;1;3;1;2;8;5;3;2016
219000;Raubueberfaelle in Wohnungen;6413000;Offenbach am Main;insg.;11;8;3;0;0;0;1;1;0;1;1;0;0;0;0;1;1;0;6;3;3;3;3;0;9;6;3;2016
219000;Raubueberfaelle in Wohnungen;3403000;Oldenburg (Oldenburg);insg.;7;6;1;0;0;0;0;0;0;0;0;0;0;0;0;1;0;1;5;5;0;1;1;0;6;6;0;2016
219000;Raubueberfaelle in Wohnungen;3404000;Osnabrueck;insg.;9;7;2;0;0;0;0;0;0;0;0;0;0;0;0;0;0;0;8;7;1;1;0;1;9;7;2;2016
219000;Raubueberfaelle in Wohnungen;5774032;Paderborn;insg.;2;0;2;0;0;0;0;0;0;0;0;0;0;0;0;0;0;0;2;0;2;0;0;0;2;0;2;2016
219000;Raubueberfaelle in Wohnungen;8231000;Pforzheim;insg.;2;1;1;0;0;0;0;0;0;0;0;0;0;0;0;0;0;0;2;1;1;0;0;0;2;1;1;2016
219000;Raubueberfaelle in Wohnungen;12054000;Potsdam;insg.;5;5;0;0;0;0;0;0;0;0;0;0;0;0;0;1;1;0;4;4;0;0;0;0;4;4;0;2016
219000;Raubueberfaelle in Wohnungen;5562032;Recklinghausen;insg.;8;8;0;0;0;0;0;0;0;0;0;0;0;0;0;2;2;0;3;3;0;3;3;0;6;6;0;2016
219000;Raubueberfaelle in Wohnungen;9362000;Regensburg;insg.;9;7;2;0;0;0;0;0;0;0;0;0;3;3;0;0;0;0;5;3;2;1;1;0;6;4;2;2016
219000;Raubueberfaelle in Wohnungen;5120000;Remscheid;insg.;9;6;3;0;0;0;0;0;0;0;0;0;3;3;0;0;0;0;3;2;1;3;1;2;6;3;3;2016
219000;Raubueberfaelle in Wohnungen;8415061;Reutlingen;insg.;1;1;0;0;0;0;0;0;0;0;0;0;0;0;0;0;0;0;1;1;0;0;0;0;1;1;0;2016
219000;Raubueberfaelle in Wohnungen;13003000;Rostock;insg.;17;14;3;0;0;0;0;0;0;0;0;0;0;0;0;3;3;0;13;10;3;1;1;0;14;11;3;2016
219000;Raubueberfaelle in Wohnungen;10041100;Saarbruecken;insg.;16;6;10;0;0;0;0;0;0;0;0;0;1;0;1;5;3;2;9;3;6;1;0;1;10;3;7;2016
219000;Raubueberfaelle in Wohnungen;3102000;Salzgitter;insg.;10;8;2;0;0;0;0;0;0;0;0;0;1;1;0;0;0;0;7;5;2;2;2;0;9;7;2;2016
219000;Raubueberfaelle in Wohnungen;13004000;Schwerin;insg.;5;5;0;0;0;0;0;0;0;0;0;0;0;0;0;0;0;0;4;4;0;1;1;0;5;5;0;2016
219000;Raubueberfaelle in Wohnungen;5970040;Siegen;insg.;3;2;1;0;0;0;0;0;0;0;0;0;0;0;0;1;1;0;2;1;1;0;0;0;2;1;1;2016
219000;Raubueberfaelle in Wohnungen;5122000;Solingen;insg.;10;5;5;0;0;0;0;0;0;0;0;0;1;1;0;1;1;0;4;2;2;4;1;3;8;3;5;2016
219000;Raubueberfaelle in Wohnungen;8111000;Stuttgart;insg.;27;19;8;0;0;0;0;0;0;0;0;0;1;1;0;0;0;0;24;16;8;2;2;0;26;18;8;2016
219000;Raubueberfaelle in Wohnungen;7211000;Trier;insg.;5;3;2;0;0;0;0;0;0;0;0;0;1;0;1;0;0;0;4;3;1;0;0;0;4;3;1;2016
219000;Raubueberfaelle in Wohnungen;8421000;Ulm;insg.;3;2;1;0;0;0;0;0;0;0;0;0;0;0;0;1;1;0;1;1;0;1;0;1;2;1;1;2016
219000;Raubueberfaelle in Wohnungen;6414000;Wiesbaden;insg.;8;7;1;0;0;0;0;0;0;0;0;0;1;1;0;0;0;0;5;4;1;2;2;0;7;6;1;2016
219000;Raubueberfaelle in Wohnungen;3103000;Wolfsburg;insg.;5;2;3;0;0;0;0;0;0;0;0;0;0;0;0;0;0;0;3;1;2;2;1;1;5;2;3;2016
219000;Raubueberfaelle in Wohnungen;5124000;Wuppertal;insg.;21;12;9;0;0;0;0;0;0;0;0;0;1;0;1;1;0;1;16;11;5;3;1;2;19;12;7;2016
219000;Raubueberfaelle in Wohnungen;9663000;Wuerzburg;insg.;1;1;0;0;0;0;0;0;0;0;0;0;0;0;0;0;0;0;1;1;0;0;0;0;1;1;0;2016
222000;Gefaehrliche und schwere Koerperverletzung, Verstuemmelung weiblicher Genitalien;5334002;Aachen;insg.;799;603;196;2;2;0;27;13;14;29;15;14;57;48;9;82;65;17;596;447;149;35;28;7;631;475;156;2016
222000;Gefaehrliche und schwere Koerperverletzung, Verstuemmelung weiblicher Genitalien;9761000;Augsburg;insg.;884;650;234;6;1;5;45;31;14;51;32;19;67;45;22;104;76;28;632;481;151;30;16;14;662;497;165;2016
222000;Gefaehrliche und schwere Koerperverletzung, Verstuemmelung weiblicher Genitalien;5378004;Bergisch Gladbach;insg.;198;142;56;0;0;0;12;9;3;12;9;3;19;14;5;20;16;4;138;98;40;9;5;4;147;103;44;2016
222000;Gefaehrliche und schwere Koerperverletzung, Verstuemmelung weiblicher Genitalien;11000000;Berlin;insg.;12973;9754;3219;76;37;39;590;386;204;666;423;243;1068;749;319;1062;821;241;9657;7427;2230;520;334;186;10177;7761;2416;2016
222000;Gefaehrliche und schwere Koerperverletzung, Verstuemmelung weiblicher Genitalien;5711000;Bielefeld;insg.;741;533;208;4;3;1;35;25;10;39;28;11;67;46;21;77;57;20;535;388;147;23;14;9;558;402;156;2016
222000;Gefaehrliche und schwere Koerperverletzung, Verstuemmelung weiblicher Genitalien;5911000;Bochum;insg.;1246;910;336;4;3;1;55;39;16;59;42;17;117;86;31;145;101;44;888;657;231;37;24;13;925;681;244;2016
222000;Gefaehrliche und schwere Koerperverletzung, Verstuemmelung weiblicher Genitalien;5314000;Bonn;insg.;959;688;271;2;2;0;41;31;10;43;33;10;82;46;36;111;84;27;682;501;181;41;24;17;723;525;198;2016
222000;Gefaehrliche und schwere Koerperverletzung, Verstuemmelung weiblicher Genitalien;5512000;Bottrop;insg.;270;197;73;4;3;1;12;5;7;16;8;8;30;23;7;36;28;8;176;129;47;12;9;3;188;138;50;2016
222000;Gefaehrliche und schwere Koerperverletzung, Verstuemmelung weiblicher Genitalien;3101000;Braunschweig;insg.;899;697;202;3;2;1;22;16;6;25;18;7;66;46;20;101;74;27;686;544;142;21;15;6;707;559;148;2016
222000;Gefaehrliche und schwere Koerperverletzung, Verstuemmelung weiblicher Genitalien;4011000;Bremen;insg.;2316;1780;536;9;7;2;48;31;17;57;38;19;262;219;43;310;231;79;1620;1248;372;67;44;23;1687;1292;395;2016
222000;Gefaehrliche und schwere Koerperverletzung, Verstuemmelung weiblicher Genitalien;4012000;Bremerhaven;insg.;523;393;130;1;0;1;12;8;4;13;8;5;46;30;16;55;41;14;389;296;93;20;18;2;409;314;95;2016
222000;Gefaehrliche und schwere Koerperverletzung, Verstuemmelung weiblicher Genitalien;14511000;Chemnitz;insg.;565;446;119;1;0;1;28;12;16;29;12;17;72;56;16;58;49;9;388;320;68;18;9;9;406;329;77;2016
222000;Gefaehrliche und schwere Koerperverletzung, Verstuemmelung weiblicher Genitalien;6411000;Darmstadt;insg.;360;292;68;1;1;0;9;5;4;10;6;4;37;29;8;36;27;9;259;213;46;18;17;1;277;230;47;2016
222000;Gefaehrliche und schwere Koerperverletzung, Verstuemmelung weiblicher Genitalien;5913000;Dortmund;insg.;2617;1927;690;7;2;5;100;65;35;107;67;40;219;148;71;257;188;69;1965;1477;488;69;47;22;2034;1524;510;2016
222000;Gefaehrliche und schwere Koerperverletzung, Verstuemmelung weiblicher Genitalien;14612000;Dresden;insg.;1312;1059;253;10;6;4;32;19;13;42;25;17;82;55;27;141;115;26;1007;837;170;40;27;13;1047;864;183;2016
222000;Gefaehrliche und schwere Koerperverletzung, Verstuemmelung weiblicher Genitalien;5112000;Duisburg;insg.;1696;1142;554;7;5;2;107;75;32;114;80;34;157;109;48;151;104;47;1214;819;395;60;30;30;1274;849;425;2016
222000;Gefaehrliche und schwere Koerperverletzung, Verstuemmelung weiblicher Genitalien;5111000;Duesseldorf;insg.;1929;1463;466;4;3;1;72;44;28;76;47;29;133;93;40;231;178;53;1416;1090;326;73;55;18;1489;1145;344;2016
222000;Gefaehrliche und schwere Koerperverletzung, Verstuemmelung weiblicher Genitalien;16051000;Erfurt;insg.;679;541;138;0;0;0;30;17;13;30;17;13;54;39;15;72;61;11;501;413;88;22;11;11;523;424;99;2016
222000;Gefaehrliche und schwere Koerperverletzung, Verstuemmelung weiblicher Genitalien;9562000;Erlangen;insg.;183;148;35;0;0;0;3;3;0;3;3;0;14;12;2;28;21;7;135;111;24;3;1;2;138;112;26;2016
222000;Gefaehrliche und schwere Koerperverletzung, Verstuemmelung weiblicher Genitalien;5113000;Essen;insg.;1334;916;418;6;4;2;67;40;27;73;44;29;136;91;45;146;106;40;929;641;288;50;34;16;979;675;304;2016
222000;Gefaehrliche und schwere Koerperverletzung, Verstuemmelung weiblicher Genitalien;6412000;Frankfurt am Main;insg.;2829;2119;710;15;6;9;113;71;42;128;77;51;174;108;66;311;248;63;2101;1616;485;115;70;45;2216;1686;530;2016
222000;Gefaehrliche und schwere Koerperverletzung, Verstuemmelung weiblicher Genitalien;8311000;Freiburg im Breisgau;insg.;888;692;196;10;8;2;26;14;12;36;22;14;82;61;21;137;112;25;609;481;128;24;16;8;633;497;136;2016
222000;Gefaehrliche und schwere Koerperverletzung, Verstuemmelung weiblicher Genitalien;9563000;Fuerth;insg.;185;141;44;1;0;1;12;7;5;13;7;6;15;10;5;15;13;2;136;107;29;6;4;2;142;111;31;2016
222000;Gefaehrliche und schwere Koerperverletzung, Verstuemmelung weiblicher Genitalien;5513000;Gelsenkirchen;insg.;861;606;255;5;3;2;40;26;14;45;29;16;104;74;30;96;66;30;590;418;172;26;19;7;616;437;179;2016
222000;Gefaehrliche und schwere Koerperverletzung, Verstuemmelung weiblicher Genitalien;3152012;Goettingen;insg.;487;372;115;5;4;1;17;13;4;22;17;5;35;28;7;54;46;8;365;275;90;11;6;5;376;281;95;2016
222000;Gefaehrliche und schwere Koerperverletzung, Verstuemmelung weiblicher Genitalien;5914000;Hagen;insg.;410;272;138;0;0;0;22;11;11;22;11;11;39;28;11;49;35;14;291;191;100;9;7;2;300;198;102;2016
222000;Gefaehrliche und schwere Koerperverletzung, Verstuemmelung weiblicher Genitalien;15002000;Halle (Saale);insg.;759;573;186;6;3;3;38;24;14;44;27;17;70;48;22;65;47;18;554;431;123;26;20;6;580;451;129;2016
222000;Gefaehrliche und schwere Koerperverletzung, Verstuemmelung weiblicher Genitalien;2000000;Hamburg;insg.;6962;5322;1640;19;11;8;326;241;85;345;252;93;605;449;156;702;562;140;5064;3886;1178;246;173;73;5310;4059;1251;2016
222000;Gefaehrliche und schwere Koerperverletzung, Verstuemmelung weiblicher Genitalien;5915000;Hamm;insg.;443;314;129;3;2;1;8;7;1;11;9;2;35;22;13;51;39;12;326;234;92;20;10;10;346;244;102;2016
222000;Gefaehrliche und schwere Koerperverletzung, Verstuemmelung weiblicher Genitalien;3241001;Hannover;insg.;2889;2242;647;7;3;4;127;60;67;134;63;71;191;115;76;300;235;65;2200;1780;420;64;49;15;2264;1829;435;2016
222000;Gefaehrliche und schwere Koerperverletzung, Verstuemmelung weiblicher Genitalien;8221000;Heidelberg;insg.;537;439;98;1;1;0;11;6;5;12;7;5;40;30;10;79;70;9;390;321;69;16;11;5;406;332;74;2016
222000;Gefaehrliche und schwere Koerperverletzung, Verstuemmelung weiblicher Genitalien;8121000;Heilbronn;insg.;277;212;65;0;0;0;7;4;3;7;4;3;33;23;10;48;38;10;185;145;40;4;2;2;189;147;42;2016
222000;Gefaehrliche und schwere Koerperverletzung, Verstuemmelung weiblicher Genitalien;5916000;Herne;insg.;322;220;102;2;2;0;17;13;4;19;15;4;32;20;12;28;20;8;236;159;77;7;6;1;243;165;78;2016
222000;Gefaehrliche und schwere Koerperverletzung, Verstuemmelung weiblicher Genitalien;3254021;Hildesheim;insg.;447;320;127;5;3;2;18;8;10;23;11;12;50;37;13;49;36;13;316;230;86;9;6;3;325;236;89;2016
222000;Gefaehrliche und schwere Koerperverletzung, Verstuemmelung weiblicher Genitalien;9161000;Ingolstadt;insg.;414;326;88;0;0;0;13;9;4;13;9;4;62;36;26;57;44;13;269;230;39;13;7;6;282;237;45;2016
222000;Gefaehrliche und schwere Koerperverletzung, Verstuemmelung weiblicher Genitalien;16053000;Jena;insg.;226;162;64;2;2;0;8;5;3;10;7;3;17;10;7;14;10;4;176;128;48;9;7;2;185;135;50;2016
222000;Gefaehrliche und schwere Koerperverletzung, Verstuemmelung weiblicher Genitalien;8212000;Karlsruhe;insg.;828;645;183;2;0;2;11;10;1;13;10;3;60;48;12;91;76;15;628;485;143;36;26;10;664;511;153;2016
222000;Gefaehrliche und schwere Koerperverletzung, Verstuemmelung weiblicher Genitalien;6611000;Kassel;insg.;613;449;164;1;1;0;23;14;9;24;15;9;47;30;17;72;53;19;443;330;113;27;21;6;470;351;119;2016
222000;Gefaehrliche und schwere Koerperverletzung, Verstuemmelung weiblicher Genitalien;1002000;Kiel;insg.;893;686;207;3;1;2;17;13;4;20;14;6;73;59;14;103;85;18;669;506;163;28;22;6;697;528;169;2016
222000;Gefaehrliche und schwere Koerperverletzung, Verstuemmelung weiblicher Genitalien;7111000;Koblenz;insg.;413;328;85;1;1;0;14;10;4;15;11;4;41;36;5;48;44;4;290;226;64;19;11;8;309;237;72;2016
222000;Gefaehrliche und schwere Koerperverletzung, Verstuemmelung weiblicher Genitalien;5315000;Koeln;insg.;4962;3587;1375;15;12;3;173;117;56;188;129;59;342;221;121;523;387;136;3733;2739;994;176;111;65;3909;2850;1059;2016
222000;Gefaehrliche und schwere Koerperverletzung, Verstuemmelung weiblicher Genitalien;5114000;Krefeld;insg.;566;383;183;4;2;2;27;19;8;31;21;10;38;24;14;63;48;15;403;268;135;31;22;9;434;290;144;2016
222000;Gefaehrliche und schwere Koerperverletzung, Verstuemmelung weiblicher Genitalien;14713000;Leipzig;insg.;1849;1458;391;14;7;7;73;51;22;87;58;29;156;102;54;176;144;32;1370;1118;252;60;36;24;1430;1154;276;2016
222000;Gefaehrliche und schwere Koerperverletzung, Verstuemmelung weiblicher Genitalien;5316000;Leverkusen;insg.;578;386;192;2;1;1;32;18;14;34;19;15;58;38;20;55;38;17;405;268;137;26;23;3;431;291;140;2016
222000;Gefaehrliche und schwere Koerperverletzung, Verstuemmelung weiblicher Genitalien;1003000;Luebeck;insg.;871;634;237;2;0;2;25;16;9;27;16;11;81;52;29;74;49;25;657;496;161;32;21;11;689;517;172;2016
222000;Gefaehrliche und schwere Koerperverletzung, Verstuemmelung weiblicher Genitalien;7314000;Ludwigshafen am Rhein;insg.;740;527;213;11;6;5;62;42;20;73;48;25;75;45;30;81;58;23;479;351;128;32;25;7;511;376;135;2016
222000;Gefaehrliche und schwere Koerperverletzung, Verstuemmelung weiblicher Genitalien;15003000;Magdeburg;insg.;697;512;185;2;2;0;20;9;11;22;11;11;53;30;23;55;44;11;525;397;128;42;30;12;567;427;140;2016
222000;Gefaehrliche und schwere Koerperverletzung, Verstuemmelung weiblicher Genitalien;7315000;Mainz;insg.;672;526;146;4;4;0;13;9;4;17;13;4;58;47;11;87;75;12;493;379;114;17;12;5;510;391;119;2016
222000;Gefaehrliche und schwere Koerperverletzung, Verstuemmelung weiblicher Genitalien;8222000;Mannheim;insg.;1146;849;297;10;5;5;43;25;18;53;30;23;71;54;17;106;78;28;877;662;215;39;25;14;916;687;229;2016
222000;Gefaehrliche und schwere Koerperverletzung, Verstuemmelung weiblicher Genitalien;5170024;Moers;insg.;245;170;75;1;1;0;28;12;16;29;13;16;33;15;18;31;24;7;146;113;33;6;5;1;152;118;34;2016
222000;Gefaehrliche und schwere Koerperverletzung, Verstuemmelung weiblicher Genitalien;5116000;Moenchengladbach;insg.;603;415;188;3;1;2;29;23;6;32;24;8;71;53;18;80;54;26;401;270;131;19;14;5;420;284;136;2016
222000;Gefaehrliche und schwere Koerperverletzung, Verstuemmelung weiblicher Genitalien;5117000;Muelheim an der Ruhr;insg.;325;196;129;2;0;2;19;15;4;21;15;6;30;16;14;25;15;10;226;140;86;23;10;13;249;150;99;2016
222000;Gefaehrliche und schwere Koerperverletzung, Verstuemmelung weiblicher Genitalien;9162000;Muenchen;insg.;3865;2981;884;15;9;6;83;57;26;98;66;32;239;189;50;450;357;93;2946;2283;663;132;86;46;3078;2369;709;2016
222000;Gefaehrliche und schwere Koerperverletzung, Verstuemmelung weiblicher Genitalien;5515000;Muenster;insg.;794;585;209;2;1;1;26;18;8;28;19;9;69;54;15;96;75;21;577;419;158;24;18;6;601;437;164;2016
222000;Gefaehrliche und schwere Koerperverletzung, Verstuemmelung weiblicher Genitalien;5162024;Neuss;insg.;319;214;105;0;0;0;12;12;0;12;12;0;28;20;8;46;32;14;219;144;75;14;6;8;233;150;83;2016
222000;Gefaehrliche und schwere Koerperverletzung, Verstuemmelung weiblicher Genitalien;9564000;Nuernberg;insg.;1694;1287;407;18;16;2;43;32;11;61;48;13;127;97;30;192;154;38;1251;951;300;63;37;26;1314;988;326;2016
222000;Gefaehrliche und schwere Koerperverletzung, Verstuemmelung weiblicher Genitalien;5119000;Oberhausen;insg.;432;301;131;0;0;0;9;5;4;9;5;4;39;30;9;42;35;7;312;219;93;30;12;18;342;231;111;2016
222000;Gefaehrliche und schwere Koerperverletzung, Verstuemmelung weiblicher Genitalien;6413000;Offenbach am Main;insg.;284;201;83;1;0;1;9;5;4;10;5;5;28;22;6;14;9;5;223;161;62;9;4;5;232;165;67;2016
222000;Gefaehrliche und schwere Koerperverletzung, Verstuemmelung weiblicher Genitalien;3403000;Oldenburg (Oldenburg);insg.;453;346;107;0;0;0;10;9;1;10;9;1;42;29;13;61;41;20;332;260;72;8;7;1;340;267;73;2016
222000;Gefaehrliche und schwere Koerperverletzung, Verstuemmelung weiblicher Genitalien;3404000;Osnabrueck;insg.;754;572;182;6;2;4;10;6;4;16;8;8;52;37;15;84;67;17;581;444;137;21;16;5;602;460;142;2016
222000;Gefaehrliche und schwere Koerperverletzung, Verstuemmelung weiblicher Genitalien;5774032;Paderborn;insg.;375;268;107;0;0;0;8;6;2;8;6;2;24;19;5;48;40;8;277;193;84;18;10;8;295;203;92;2016
222000;Gefaehrliche und schwere Koerperverletzung, Verstuemmelung weiblicher Genitalien;8231000;Pforzheim;insg.;316;247;69;2;1;1;19;14;5;21;15;6;19;11;8;25;17;8;239;197;42;12;7;5;251;204;47;2016
222000;Gefaehrliche und schwere Koerperverletzung, Verstuemmelung weiblicher Genitalien;12054000;Potsdam;insg.;267;213;54;0;0;0;15;11;4;15;11;4;28;25;3;24;21;3;185;144;41;15;12;3;200;156;44;2016
222000;Gefaehrliche und schwere Koerperverletzung, Verstuemmelung weiblicher Genitalien;5562032;Recklinghausen;insg.;360;248;112;1;0;1;12;11;1;13;11;2;47;31;16;43;30;13;244;168;76;13;8;5;257;176;81;2016
222000;Gefaehrliche und schwere Koerperverletzung, Verstuemmelung weiblicher Genitalien;9362000;Regensburg;insg.;467;372;95;0;0;0;10;7;3;10;7;3;41;33;8;55;47;8;353;280;73;8;5;3;361;285;76;2016
222000;Gefaehrliche und schwere Koerperverletzung, Verstuemmelung weiblicher Genitalien;5120000;Remscheid;insg.;246;158;88;2;2;0;16;9;7;18;11;7;27;12;15;28;18;10;167;112;55;6;5;1;173;117;56;2016
222000;Gefaehrliche und schwere Koerperverletzung, Verstuemmelung weiblicher Genitalien;8415061;Reutlingen;insg.;308;220;88;1;1;0;6;3;3;7;4;3;34;22;12;40;35;5;219;153;66;8;6;2;227;159;68;2016
222000;Gefaehrliche und schwere Koerperverletzung, Verstuemmelung weiblicher Genitalien;13003000;Rostock;insg.;475;358;117;4;3;1;29;19;10;33;22;11;49;37;12;39;26;13;334;260;74;20;13;7;354;273;81;2016
222000;Gefaehrliche und schwere Koerperverletzung, Verstuemmelung weiblicher Genitalien;10041100;Saarbruecken;insg.;853;587;266;3;1;2;21;13;8;24;14;10;59;29;30;122;91;31;622;437;185;26;16;10;648;453;195;2016
222000;Gefaehrliche und schwere Koerperverletzung, Verstuemmelung weiblicher Genitalien;3102000;Salzgitter;insg.;261;185;76;1;1;0;14;11;3;15;12;3;22;17;5;31;26;5;182;122;60;11;8;3;193;130;63;2016
222000;Gefaehrliche und schwere Koerperverletzung, Verstuemmelung weiblicher Genitalien;13004000;Schwerin;insg.;227;177;50;0;0;0;22;17;5;22;17;5;41;34;7;21;20;1;133;99;34;10;7;3;143;106;37;2016
222000;Gefaehrliche und schwere Koerperverletzung, Verstuemmelung weiblicher Genitalien;5970040;Siegen;insg.;312;230;82;0;0;0;10;8;2;10;8;2;27;19;8;40;33;7;227;164;63;8;6;2;235;170;65;2016
222000;Gefaehrliche und schwere Koerperverletzung, Verstuemmelung weiblicher Genitalien;5122000;Solingen;insg.;315;223;92;1;1;0;12;8;4;13;9;4;33;23;10;38;33;5;218;148;70;13;10;3;231;158;73;2016
222000;Gefaehrliche und schwere Koerperverletzung, Verstuemmelung weiblicher Genitalien;8111000;Stuttgart;insg.;2470;1970;500;22;20;2;53;38;15;75;58;17;181;129;52;316;253;63;1845;1496;349;53;34;19;1898;1530;368;2016
222000;Gefaehrliche und schwere Koerperverletzung, Verstuemmelung weiblicher Genitalien;7211000;Trier;insg.;366;288;78;1;1;0;13;9;4;14;10;4;34;27;7;56;48;8;249;194;55;13;9;4;262;203;59;2016
222000;Gefaehrliche und schwere Koerperverletzung, Verstuemmelung weiblicher Genitalien;8421000;Ulm;insg.;364;277;87;5;4;1;10;5;5;15;9;6;25;20;5;41;29;12;275;212;63;8;7;1;283;219;64;2016
222000;Gefaehrliche und schwere Koerperverletzung, Verstuemmelung weiblicher Genitalien;6414000;Wiesbaden;insg.;905;640;265;4;2;2;42;27;15;46;29;17;120;84;36;93;67;26;616;443;173;30;17;13;646;460;186;2016
222000;Gefaehrliche und schwere Koerperverletzung, Verstuemmelung weiblicher Genitalien;3103000;Wolfsburg;insg.;268;202;66;1;0;1;6;5;1;7;5;2;25;22;3;31;24;7;195;147;48;10;4;6;205;151;54;2016
222000;Gefaehrliche und schwere Koerperverletzung, Verstuemmelung weiblicher Genitalien;5124000;Wuppertal;insg.;991;710;281;1;1;0;51;36;15;52;37;15;76;50;26;118;78;40;719;526;193;26;19;7;745;545;200;2016
222000;Gefaehrliche und schwere Koerperverletzung, Verstuemmelung weiblicher Genitalien;9663000;Wuerzburg;insg.;375;289;86;1;0;1;9;7;2;10;7;3;42;32;10;50;32;18;260;209;51;13;9;4;273;218;55;2016
224000;Vorsaetzliche einfache Koerperverletzung;5334002;Aachen;insg.;1760;1024;736;6;4;2;68;43;25;74;47;27;144;80;64;198;119;79;1252;722;530;92;56;36;1344;778;566;2016
224000;Vorsaetzliche einfache Koerperverletzung;9761000;Augsburg;insg.;2834;1853;981;14;8;6;103;70;33;117;78;39;195;125;70;288;192;96;2138;1397;741;96;61;35;2234;1458;776;2016
224000;Vorsaetzliche einfache Koerperverletzung;5378004;Bergisch Gladbach;insg.;569;288;281;5;1;4;25;15;10;30;16;14;45;24;21;46;23;23;398;203;195;50;22;28;448;225;223;2016
224000;Vorsaetzliche einfache Koerperverletzung;11000000;Berlin;insg.;32352;19465;12887;219;133;86;1754;1198;556;1973;1331;642;2054;1237;817;2064;1180;884;24474;14669;9805;1787;1048;739;26261;15717;10544;2016
224000;Vorsaetzliche einfache Koerperverletzung;5711000;Bielefeld;insg.;1969;1124;845;5;2;3;45;39;6;50;41;9;148;83;65;205;122;83;1461;821;640;105;57;48;1566;878;688;2016
224000;Vorsaetzliche einfache Koerperverletzung;5911000;Bochum;insg.;2958;1719;1239;18;12;6;117;78;39;135;90;45;237;126;111;296;174;122;2134;1244;890;156;85;71;2290;1329;961;2016
224000;Vorsaetzliche einfache Koerperverletzung;5314000;Bonn;insg.;2213;1290;923;10;4;6;111;94;17;121;98;23;192;99;93;211;125;86;1557;884;673;132;84;48;1689;968;721;2016
224000;Vorsaetzliche einfache Koerperverletzung;5512000;Bottrop;insg.;597;323;274;1;1;0;27;17;10;28;18;10;67;45;22;71;43;28;391;195;196;40;22;18;431;217;214;2016
224000;Vorsaetzliche einfache Koerperverletzung;3101000;Braunschweig;insg.;2159;1407;752;18;5;13;62;30;32;80;35;45;144;77;67;239;167;72;1604;1070;534;92;58;34;1696;1128;568;2016
224000;Vorsaetzliche einfache Koerperverletzung;4011000;Bremen;insg.;4624;2858;1766;27;13;14;150;104;46;177;117;60;389;257;132;446;276;170;3387;2059;1328;225;149;76;3612;2208;1404;2016
224000;Vorsaetzliche einfache Koerperverletzung;4012000;Bremerhaven;insg.;949;527;422;8;4;4;47;30;17;55;34;21;93;50;43;74;41;33;687;378;309;40;24;16;727;402;325;2016
224000;Vorsaetzliche einfache Koerperverletzung;14511000;Chemnitz;insg.;1140;668;472;9;7;2;59;30;29;68;37;31;112;70;42;112;59;53;785;468;317;63;34;29;848;502;346;2016
224000;Vorsaetzliche einfache Koerperverletzung;6411000;Darmstadt;insg.;588;323;265;6;4;2;22;16;6;28;20;8;43;25;18;57;30;27;422;226;196;38;22;16;460;248;212;2016
224000;Vorsaetzliche einfache Koerperverletzung;5913000;Dortmund;insg.;4814;2741;2073;26;18;8;224;151;73;250;169;81;378;208;170;471;268;203;3493;1969;1524;222;127;95;3715;2096;1619;2016
224000;Vorsaetzliche einfache Koerperverletzung;14612000;Dresden;insg.;2527;1684;843;25;15;10;120;83;37;145;98;47;152;90;62;237;168;69;1849;1245;604;144;83;61;1993;1328;665;2016
224000;Vorsaetzliche einfache Koerperverletzung;5112000;Duisburg;insg.;3724;1944;1780;28;15;13;212;143;69;240;158;82;328;181;147;304;157;147;2650;1337;1313;202;111;91;2852;1448;1404;2016
224000;Vorsaetzliche einfache Koerperverletzung;5111000;Duesseldorf;insg.;4339;2711;1628;12;5;7;153;105;48;165;110;55;295;162;133;417;261;156;3266;2074;1192;196;104;92;3462;2178;1284;2016
224000;Vorsaetzliche einfache Koerperverletzung;16051000;Erfurt;insg.;1995;1261;734;20;9;11;135;95;40;155;104;51;164;107;57;211;154;57;1371;841;530;94;55;39;1465;896;569;2016
224000;Vorsaetzliche einfache Koerperverletzung;9562000;Erlangen;insg.;671;476;195;6;3;3;23;19;4;29;22;7;72;50;22;91;70;21;454;320;134;25;14;11;479;334;145;2016
224000;Vorsaetzliche einfache Koerperverletzung;5113000;Essen;insg.;2792;1488;1304;15;10;5;148;102;46;163;112;51;240;132;108;252;128;124;1983;1026;957;154;90;64;2137;1116;1021;2016
224000;Vorsaetzliche einfache Koerperverletzung;6412000;Frankfurt am Main;insg.;4388;2524;1864;21;15;6;129;81;48;150;96;54;177;90;87;322;191;131;3468;1989;1479;271;158;113;3739;2147;1592;2016
224000;Vorsaetzliche einfache Koerperverletzung;8311000;Freiburg im Breisgau;insg.;2527;1702;825;24;17;7;130;82;48;154;99;55;206;132;74;279;185;94;1789;1226;563;99;60;39;1888;1286;602;2016
224000;Vorsaetzliche einfache Koerperverletzung;9563000;Fuerth;insg.;520;297;223;6;1;5;34;23;11;40;24;16;50;25;25;36;21;15;371;216;155;23;11;12;394;227;167;2016
224000;Vorsaetzliche einfache Koerperverletzung;5513000;Gelsenkirchen;insg.;2028;1023;1005;11;8;3;107;81;26;118;89;29;181;102;79;166;71;95;1446;700;746;117;61;56;1563;761;802;2016
224000;Vorsaetzliche einfache Koerperverletzung;3152012;Goettingen;insg.;1107;704;403;5;2;3;58;39;19;63;41;22;79;55;24;137;101;36;778;474;304;50;33;17;828;507;321;2016
224000;Vorsaetzliche einfache Koerperverletzung;5914000;Hagen;insg.;1256;684;572;1;1;0;73;48;25;74;49;25;98;57;41;138;76;62;890;471;419;56;31;25;946;502;444;2016
224000;Vorsaetzliche einfache Koerperverletzung;15002000;Halle (Saale);insg.;1998;1227;771;18;10;8;129;77;52;147;87;60;147;99;48;177;114;63;1423;871;552;104;56;48;1527;927;600;2016
224000;Vorsaetzliche einfache Koerperverletzung;2000000;Hamburg;insg.;16989;10367;6622;104;70;34;900;657;243;1004;727;277;1292;780;512;1408;908;500;12430;7433;4997;855;519;336;13285;7952;5333;2016
224000;Vorsaetzliche einfache Koerperverletzung;5915000;Hamm;insg.;1066;590;476;4;3;1;55;34;21;59;37;22;104;55;49;91;58;33;761;405;356;51;35;16;812;440;372;2016
224000;Vorsaetzliche einfache Koerperverletzung;3241001;Hannover;insg.;5933;3718;2215;21;11;10;198;119;79;219;130;89;376;191;185;587;371;216;4503;2872;1631;248;154;94;4751;3026;1725;2016
224000;Vorsaetzliche einfache Koerperverletzung;8221000;Heidelberg;insg.;1028;689;339;5;3;2;45;27;18;50;30;20;66;37;29;109;79;30;738;508;230;65;35;30;803;543;260;2016
224000;Vorsaetzliche einfache Koerperverletzung;8121000;Heilbronn;insg.;766;456;310;6;4;2;18;10;8;24;14;10;71;41;30;75;49;26;568;337;231;28;15;13;596;352;244;2016
224000;Vorsaetzliche einfache Koerperverletzung;5916000;Herne;insg.;1294;689;605;4;3;1;74;50;24;78;53;25;114;52;62;116;67;49;921;485;436;65;32;33;986;517;469;2016
224000;Vorsaetzliche einfache Koerperverletzung;3254021;Hildesheim;insg.;935;517;418;6;2;4;40;23;17;46;25;21;73;36;37;95;46;49;680;389;291;41;21;20;721;410;311;2016
224000;Vorsaetzliche einfache Koerperverletzung;9161000;Ingolstadt;insg.;1198;850;348;4;2;2;47;34;13;51;36;15;104;71;33;135;106;29;864;616;248;44;21;23;908;637;271;2016
224000;Vorsaetzliche einfache Koerperverletzung;16053000;Jena;insg.;645;448;197;8;5;3;34;23;11;42;28;14;50;32;18;61;48;13;470;322;148;22;18;4;492;340;152;2016
224000;Vorsaetzliche einfache Koerperverletzung;8212000;Karlsruhe;insg.;1776;1150;626;9;7;2;51;29;22;60;36;24;125;72;53;185;121;64;1303;856;447;103;65;38;1406;921;485;2016
224000;Vorsaetzliche einfache Koerperverletzung;6611000;Kassel;insg.;1138;594;544;4;3;1;49;36;13;53;39;14;76;37;39;108;52;56;851;444;407;50;22;28;901;466;435;2016
224000;Vorsaetzliche einfache Koerperverletzung;1002000;Kiel;insg.;2089;1341;748;8;6;2;94;66;28;102;72;30;156;99;57;215;136;79;1535;977;558;81;57;24;1616;1034;582;2016
224000;Vorsaetzliche einfache Koerperverletzung;7111000;Koblenz;insg.;1099;686;413;6;4;2;36;21;15;42;25;17;95;61;34;124;78;46;797;495;302;41;27;14;838;522;316;2016
224000;Vorsaetzliche einfache Koerperverletzung;5315000;Koeln;insg.;10289;6223;4066;57;35;22;448;302;146;505;337;168;696;401;295;893;540;353;7718;4651;3067;477;294;183;8195;4945;3250;2016
224000;Vorsaetzliche einfache Koerperverletzung;5114000;Krefeld;insg.;1654;882;772;11;8;3;91;56;35;102;64;38;133;74;59;165;95;70;1148;586;562;106;63;43;1254;649;605;2016
224000;Vorsaetzliche einfache Koerperverletzung;14713000;Leipzig;insg.;3344;2057;1287;40;23;17;154;92;62;194;115;79;256;142;114;220;140;80;2491;1554;937;183;106;77;2674;1660;1014;2016
224000;Vorsaetzliche einfache Koerperverletzung;5316000;Leverkusen;insg.;1192;662;530;2;2;0;67;47;20;69;49;20;118;65;53;111;55;56;834;455;379;60;38;22;894;493;401;2016
224000;Vorsaetzliche einfache Koerperverletzung;1003000;Luebeck;insg.;2465;1550;915;7;3;4;124;87;37;131;90;41;182;103;79;218;147;71;1817;1145;672;117;65;52;1934;1210;724;2016
224000;Vorsaetzliche einfache Koerperverletzung;7314000;Ludwigshafen am Rhein;insg.;1741;981;760;20;9;11;134;86;48;154;95;59;159;90;69;160;95;65;1181;651;530;87;50;37;1268;701;567;2016
224000;Vorsaetzliche einfache Koerperverletzung;15003000;Magdeburg;insg.;1526;873;653;12;6;6;72;47;25;84;53;31;117;72;45;131;60;71;1116;641;475;78;47;31;1194;688;506;2016
224000;Vorsaetzliche einfache Koerperverletzung;7315000;Mainz;insg.;1926;1253;673;13;9;4;64;43;21;77;52;25;147;101;46;220;163;57;1399;883;516;83;54;29;1482;937;545;2016
224000;Vorsaetzliche einfache Koerperverletzung;8222000;Mannheim;insg.;2171;1345;826;23;20;3;95;68;27;118;88;30;124;76;48;185;109;76;1634;1006;628;110;66;44;1744;1072;672;2016
224000;Vorsaetzliche einfache Koerperverletzung;5170024;Moers;insg.;633;361;272;1;1;0;52;35;17;53;36;17;71;42;29;71;44;27;399;214;185;39;25;14;438;239;199;2016
224000;Vorsaetzliche einfache Koerperverletzung;5116000;Moenchengladbach;insg.;1582;823;759;11;7;4;80;47;33;91;54;37;141;76;65;180;84;96;1088;558;530;82;51;31;1170;609;561;2016
224000;Vorsaetzliche einfache Koerperverletzung;5117000;Muelheim an der Ruhr;insg.;669;348;321;3;2;1;42;31;11;45;33;12;57;30;27;55;31;24;468;228;240;44;26;18;512;254;258;2016
224000;Vorsaetzliche einfache Koerperverletzung;9162000;Muenchen;insg.;9106;6179;2927;68;34;34;249;154;95;317;188;129;500;314;186;743;516;227;7110;4901;2209;436;260;176;7546;5161;2385;2016
224000;Vorsaetzliche einfache Koerperverletzung;5515000;Muenster;insg.;1911;1103;808;12;5;7;96;60;36;108;65;43;151;80;71;183;106;77;1380;806;574;89;46;43;1469;852;617;2016
224000;Vorsaetzliche einfache Koerperverletzung;5162024;Neuss;insg.;955;516;439;6;2;4;30;14;16;36;16;20;89;50;39;111;68;43;670;352;318;49;30;19;719;382;337;2016
224000;Vorsaetzliche einfache Koerperverletzung;9564000;Nuernberg;insg.;4464;2942;1522;22;15;7;147;93;54;169;108;61;316;208;108;498;322;176;3325;2207;1118;156;97;59;3481;2304;1177;2016
224000;Vorsaetzliche einfache Koerperverletzung;5119000;Oberhausen;insg.;1246;691;555;8;6;2;86;63;23;94;69;25;108;55;53;112;73;39;871;459;412;61;35;26;932;494;438;2016
224000;Vorsaetzliche einfache Koerperverletzung;6413000;Offenbach am Main;insg.;557;229;328;3;2;1;20;15;5;23;17;6;42;22;20;40;14;26;426;162;264;26;14;12;452;176;276;2016
224000;Vorsaetzliche einfache Koerperverletzung;3403000;Oldenburg (Oldenburg);insg.;910;569;341;7;6;1;39;25;14;46;31;15;79;52;27;103;69;34;637;392;245;45;25;20;682;417;265;2016
224000;Vorsaetzliche einfache Koerperverletzung;3404000;Osnabrueck;insg.;1143;698;445;7;4;3;29;15;14;36;19;17;83;48;35;130;82;48;848;519;329;46;30;16;894;549;345;2016
224000;Vorsaetzliche einfache Koerperverletzung;5774032;Paderborn;insg.;901;527;374;2;2;0;32;26;6;34;28;6;58;40;18;107;60;47;672;380;292;30;19;11;702;399;303;2016
224000;Vorsaetzliche einfache Koerperverletzung;8231000;Pforzheim;insg.;1010;609;401;9;8;1;43;33;10;52;41;11;85;58;27;84;53;31;712;424;288;77;33;44;789;457;332;2016
224000;Vorsaetzliche einfache Koerperverletzung;12054000;Potsdam;insg.;813;503;310;5;3;2;59;41;18;64;44;20;61;44;17;62;40;22;589;357;232;37;18;19;626;375;251;2016
224000;Vorsaetzliche einfache Koerperverletzung;5562032;Recklinghausen;insg.;985;576;409;7;7;0;40;27;13;47;34;13;120;79;41;87;60;27;684;373;311;47;30;17;731;403;328;2016
224000;Vorsaetzliche einfache Koerperverletzung;9362000;Regensburg;insg.;1367;953;414;3;2;1;33;23;10;36;25;11;100;67;33;178;133;45;1016;704;312;37;24;13;1053;728;325;2016
224000;Vorsaetzliche einfache Koerperverletzung;5120000;Remscheid;insg.;762;394;368;8;4;4;48;26;22;56;30;26;77;29;48;64;36;28;526;276;250;39;23;16;565;299;266;2016
224000;Vorsaetzliche einfache Koerperverletzung;8415061;Reutlingen;insg.;704;424;280;5;3;2;27;19;8;32;22;10;62;40;22;79;55;24;503;291;212;28;16;12;531;307;224;2016
224000;Vorsaetzliche einfache Koerperverletzung;13003000;Rostock;insg.;1060;646;414;8;5;3;74;45;29;82;50;32;104;70;34;64;41;23;757;453;304;53;32;21;810;485;325;2016
224000;Vorsaetzliche einfache Koerperverletzung;10041100;Saarbruecken;insg.;1935;1084;851;8;5;3;99;51;48;107;56;51;150;74;76;212;122;90;1373;781;592;93;51;42;1466;832;634;2016
224000;Vorsaetzliche einfache Koerperverletzung;3102000;Salzgitter;insg.;589;310;279;10;3;7;35;28;7;45;31;14;65;37;28;54;28;26;399;203;196;26;11;15;425;214;211;2016
224000;Vorsaetzliche einfache Koerperverletzung;13004000;Schwerin;insg.;641;391;250;3;2;1;63;40;23;66;42;24;56;41;15;46;29;17;429;256;173;44;23;21;473;279;194;2016
224000;Vorsaetzliche einfache Koerperverletzung;5970040;Siegen;insg.;832;506;326;8;7;1;46;35;11;54;42;12;83;52;31;95;60;35;558;330;228;42;22;20;600;352;248;2016
224000;Vorsaetzliche einfache Koerperverletzung;5122000;Solingen;insg.;853;453;400;2;1;1;51;35;16;53;36;17;66;35;31;101;55;46;592;300;292;41;27;14;633;327;306;2016
224000;Vorsaetzliche einfache Koerperverletzung;8111000;Stuttgart;insg.;6097;4024;2073;38;23;15;226;153;73;264;176;88;343;195;148;503;347;156;4715;3150;1565;272;156;116;4987;3306;1681;2016
224000;Vorsaetzliche einfache Koerperverletzung;7211000;Trier;insg.;1032;677;355;3;2;1;33;21;12;36;23;13;142;98;44;136;94;42;669;429;240;49;33;16;718;462;256;2016
224000;Vorsaetzliche einfache Koerperverletzung;8421000;Ulm;insg.;810;525;285;0;0;0;24;15;9;24;15;9;67;39;28;92;63;29;590;382;208;37;26;11;627;408;219;2016
224000;Vorsaetzliche einfache Koerperverletzung;6414000;Wiesbaden;insg.;1785;952;833;12;7;5;54;37;17;66;44;22;153;88;65;208;123;85;1257;647;610;101;50;51;1358;697;661;2016
224000;Vorsaetzliche einfache Koerperverletzung;3103000;Wolfsburg;insg.;695;419;276;9;7;2;31;21;10;40;28;12;50;32;18;69;45;24;503;297;206;33;17;16;536;314;222;2016
224000;Vorsaetzliche einfache Koerperverletzung;5124000;Wuppertal;insg.;3138;1765;1373;15;8;7;176;115;61;191;123;68;309;180;129;309;172;137;2198;1210;988;131;80;51;2329;1290;1039;2016
224000;Vorsaetzliche einfache Koerperverletzung;9663000;Wuerzburg;insg.;986;692;294;6;4;2;15;9;6;21;13;8;80;51;29;149;93;56;695;512;183;41;23;18;736;535;201;2016
621021;Widerstand gegen Polizeivollzugsbeamte;5334002;Aachen;insg.;426;334;92;0;0;0;0;0;0;0;0;0;3;1;2;2;0;2;417;329;88;4;4;0;421;333;88;2016
621021;Widerstand gegen Polizeivollzugsbeamte;9761000;Augsburg;insg.;265;224;41;0;0;0;0;0;0;0;0;0;0;0;0;4;3;1;261;221;40;0;0;0;261;221;40;2016
621021;Widerstand gegen Polizeivollzugsbeamte;5378004;Bergisch Gladbach;insg.;54;33;21;0;0;0;0;0;0;0;0;0;0;0;0;0;0;0;52;32;20;2;1;1;54;33;21;2016
621021;Widerstand gegen Polizeivollzugsbeamte;11000000;Berlin;insg.;4213;3606;607;0;0;0;0;0;0;0;0;0;2;2;0;12;9;3;4182;3578;604;17;17;0;4199;3595;604;2016
621021;Widerstand gegen Polizeivollzugsbeamte;5711000;Bielefeld;insg.;213;176;37;0;0;0;0;0;0;0;0;0;1;1;0;5;3;2;206;171;35;1;1;0;207;172;35;2016
621021;Widerstand gegen Polizeivollzugsbeamte;5911000;Bochum;insg.;345;271;74;0;0;0;0;0;0;0;0;0;0;0;0;1;1;0;339;266;73;5;4;1;344;270;74;2016
621021;Widerstand gegen Polizeivollzugsbeamte;5314000;Bonn;insg.;363;287;76;0;0;0;0;0;0;0;0;0;0;0;0;4;2;2;358;284;74;1;1;0;359;285;74;2016
621021;Widerstand gegen Polizeivollzugsbeamte;5512000;Bottrop;insg.;54;42;12;0;0;0;0;0;0;0;0;0;0;0;0;0;0;0;49;39;10;5;3;2;54;42;12;2016
621021;Widerstand gegen Polizeivollzugsbeamte;3101000;Braunschweig;insg.;161;145;16;0;0;0;0;0;0;0;0;0;0;0;0;1;1;0;158;142;16;2;2;0;160;144;16;2016
621021;Widerstand gegen Polizeivollzugsbeamte;4011000;Bremen;insg.;636;499;137;0;0;0;0;0;0;0;0;0;0;0;0;2;1;1;629;494;135;5;4;1;634;498;136;2016
621021;Widerstand gegen Polizeivollzugsbeamte;4012000;Bremerhaven;insg.;158;122;36;0;0;0;0;0;0;0;0;0;0;0;0;0;0;0;155;119;36;3;3;0;158;122;36;2016
621021;Widerstand gegen Polizeivollzugsbeamte;14511000;Chemnitz;insg.;142;129;13;0;0;0;0;0;0;0;0;0;0;0;0;0;0;0;142;129;13;0;0;0;142;129;13;2016
621021;Widerstand gegen Polizeivollzugsbeamte;6411000;Darmstadt;insg.;76;65;11;0;0;0;0;0;0;0;0;0;0;0;0;0;0;0;76;65;11;0;0;0;76;65;11;2016
621021;Widerstand gegen Polizeivollzugsbeamte;5913000;Dortmund;insg.;983;795;188;0;0;0;1;0;1;1;0;1;0;0;0;11;9;2;964;781;183;7;5;2;971;786;185;2016
621021;Widerstand gegen Polizeivollzugsbeamte;14612000;Dresden;insg.;362;317;45;0;0;0;0;0;0;0;0;0;0;0;0;2;2;0;360;315;45;0;0;0;360;315;45;2016
621021;Widerstand gegen Polizeivollzugsbeamte;5112000;Duisburg;insg.;462;356;106;0;0;0;0;0;0;0;0;0;0;0;0;4;2;2;454;350;104;4;4;0;458;354;104;2016
621021;Widerstand gegen Polizeivollzugsbeamte;5111000;Duesseldorf;insg.;725;589;136;0;0;0;0;0;0;0;0;0;1;1;0;11;6;5;709;579;130;4;3;1;713;582;131;2016
621021;Widerstand gegen Polizeivollzugsbeamte;16051000;Erfurt;insg.;243;219;24;0;0;0;0;0;0;0;0;0;0;0;0;3;2;1;240;217;23;0;0;0;240;217;23;2016
621021;Widerstand gegen Polizeivollzugsbeamte;9562000;Erlangen;insg.;17;16;1;0;0;0;0;0;0;0;0;0;0;0;0;0;0;0;17;16;1;0;0;0;17;16;1;2016
621021;Widerstand gegen Polizeivollzugsbeamte;5113000;Essen;insg.;397;320;77;0;0;0;0;0;0;0;0;0;0;0;0;3;2;1;392;317;75;2;1;1;394;318;76;2016
621021;Widerstand gegen Polizeivollzugsbeamte;6412000;Frankfurt am Main;insg.;1068;921;147;0;0;0;0;0;0;0;0;0;0;0;0;8;5;3;1060;916;144;0;0;0;1060;916;144;2016
621021;Widerstand gegen Polizeivollzugsbeamte;8311000;Freiburg im Breisgau;insg.;163;137;26;0;0;0;0;0;0;0;0;0;0;0;0;6;4;2;157;133;24;0;0;0;157;133;24;2016
621021;Widerstand gegen Polizeivollzugsbeamte;9563000;Fuerth;insg.;11;7;4;0;0;0;0;0;0;0;0;0;0;0;0;0;0;0;11;7;4;0;0;0;11;7;4;2016
621021;Widerstand gegen Polizeivollzugsbeamte;5513000;Gelsenkirchen;insg.;258;201;57;0;0;0;0;0;0;0;0;0;1;1;0;0;0;0;257;200;57;0;0;0;257;200;57;2016
621021;Widerstand gegen Polizeivollzugsbeamte;3152012;Goettingen;insg.;96;68;28;0;0;0;0;0;0;0;0;0;0;0;0;0;0;0;96;68;28;0;0;0;96;68;28;2016
621021;Widerstand gegen Polizeivollzugsbeamte;5914000;Hagen;insg.;227;159;68;0;0;0;0;0;0;0;0;0;0;0;0;1;1;0;226;158;68;0;0;0;226;158;68;2016
621021;Widerstand gegen Polizeivollzugsbeamte;15002000;Halle (Saale);insg.;238;201;37;0;0;0;0;0;0;0;0;0;0;0;0;0;0;0;238;201;37;0;0;0;238;201;37;2016
621021;Widerstand gegen Polizeivollzugsbeamte;2000000;Hamburg;insg.;1055;890;165;0;0;0;0;0;0;0;0;0;0;0;0;10;7;3;1043;881;162;2;2;0;1045;883;162;2016
621021;Widerstand gegen Polizeivollzugsbeamte;5915000;Hamm;insg.;131;105;26;0;0;0;0;0;0;0;0;0;0;0;0;2;2;0;129;103;26;0;0;0;129;103;26;2016
621021;Widerstand gegen Polizeivollzugsbeamte;3241001;Hannover;insg.;423;353;70;0;0;0;0;0;0;0;0;0;0;0;0;0;0;0;423;353;70;0;0;0;423;353;70;2016
621021;Widerstand gegen Polizeivollzugsbeamte;8221000;Heidelberg;insg.;65;51;14;0;0;0;0;0;0;0;0;0;0;0;0;0;0;0;65;51;14;0;0;0;65;51;14;2016
621021;Widerstand gegen Polizeivollzugsbeamte;8121000;Heilbronn;insg.;22;17;5;0;0;0;0;0;0;0;0;0;0;0;0;0;0;0;22;17;5;0;0;0;22;17;5;2016
621021;Widerstand gegen Polizeivollzugsbeamte;5916000;Herne;insg.;126;89;37;0;0;0;0;0;0;0;0;0;0;0;0;2;1;1;124;88;36;0;0;0;124;88;36;2016
621021;Widerstand gegen Polizeivollzugsbeamte;3254021;Hildesheim;insg.;76;70;6;0;0;0;0;0;0;0;0;0;0;0;0;2;2;0;74;68;6;0;0;0;74;68;6;2016
621021;Widerstand gegen Polizeivollzugsbeamte;9161000;Ingolstadt;insg.;37;29;8;0;0;0;0;0;0;0;0;0;0;0;0;0;0;0;37;29;8;0;0;0;37;29;8;2016
621021;Widerstand gegen Polizeivollzugsbeamte;16053000;Jena;insg.;78;71;7;0;0;0;0;0;0;0;0;0;0;0;0;1;1;0;77;70;7;0;0;0;77;70;7;2016
621021;Widerstand gegen Polizeivollzugsbeamte;8212000;Karlsruhe;insg.;124;111;13;0;0;0;0;0;0;0;0;0;0;0;0;1;1;0;123;110;13;0;0;0;123;110;13;2016
621021;Widerstand gegen Polizeivollzugsbeamte;6611000;Kassel;insg.;195;177;18;0;0;0;0;0;0;0;0;0;0;0;0;11;7;4;184;170;14;0;0;0;184;170;14;2016
621021;Widerstand gegen Polizeivollzugsbeamte;1002000;Kiel;insg.;199;163;36;0;0;0;0;0;0;0;0;0;0;0;0;5;5;0;194;158;36;0;0;0;194;158;36;2016
621021;Widerstand gegen Polizeivollzugsbeamte;7111000;Koblenz;insg.;173;141;32;0;0;0;0;0;0;0;0;0;0;0;0;1;0;1;171;140;31;1;1;0;172;141;31;2016
621021;Widerstand gegen Polizeivollzugsbeamte;5315000;Koeln;insg.;2187;1598;589;0;0;0;0;0;0;0;0;0;0;0;0;13;6;7;2174;1592;582;0;0;0;2174;1592;582;2016
621021;Widerstand gegen Polizeivollzugsbeamte;5114000;Krefeld;insg.;278;175;103;0;0;0;1;0;1;1;0;1;0;0;0;3;3;0;274;172;102;0;0;0;274;172;102;2016
621021;Widerstand gegen Polizeivollzugsbeamte;14713000;Leipzig;insg.;661;570;91;0;0;0;0;0;0;0;0;0;0;0;0;3;3;0;658;567;91;0;0;0;658;567;91;2016
621021;Widerstand gegen Polizeivollzugsbeamte;5316000;Leverkusen;insg.;256;192;64;0;0;0;0;0;0;0;0;0;0;0;0;2;2;0;253;189;64;1;1;0;254;190;64;2016
621021;Widerstand gegen Polizeivollzugsbeamte;1003000;Luebeck;insg.;318;258;60;0;0;0;0;0;0;0;0;0;0;0;0;10;7;3;305;248;57;3;3;0;308;251;57;2016
621021;Widerstand gegen Polizeivollzugsbeamte;7314000;Ludwigshafen am Rhein;insg.;77;55;22;0;0;0;0;0;0;0;0;0;0;0;0;0;0;0;77;55;22;0;0;0;77;55;22;2016
621021;Widerstand gegen Polizeivollzugsbeamte;15003000;Magdeburg;insg.;159;130;29;0;0;0;0;0;0;0;0;0;0;0;0;1;0;1;155;127;28;3;3;0;158;130;28;2016
621021;Widerstand gegen Polizeivollzugsbeamte;7315000;Mainz;insg.;279;215;64;0;0;0;0;0;0;0;0;0;0;0;0;2;1;1;277;214;63;0;0;0;277;214;63;2016
621021;Widerstand gegen Polizeivollzugsbeamte;8222000;Mannheim;insg.;112;99;13;0;0;0;0;0;0;0;0;0;0;0;0;3;2;1;109;97;12;0;0;0;109;97;12;2016
621021;Widerstand gegen Polizeivollzugsbeamte;5170024;Moers;insg.;70;38;32;0;0;0;0;0;0;0;0;0;0;0;0;0;0;0;70;38;32;0;0;0;70;38;32;2016
621021;Widerstand gegen Polizeivollzugsbeamte;5116000;Moenchengladbach;insg.;274;199;75;0;0;0;1;1;0;1;1;0;1;1;0;3;1;2;269;196;73;0;0;0;269;196;73;2016
621021;Widerstand gegen Polizeivollzugsbeamte;5117000;Muelheim an der Ruhr;insg.;91;70;21;0;0;0;0;0;0;0;0;0;0;0;0;1;1;0;90;69;21;0;0;0;90;69;21;2016
621021;Widerstand gegen Polizeivollzugsbeamte;9162000;Muenchen;insg.;663;594;69;0;0;0;0;0;0;0;0;0;0;0;0;14;10;4;649;584;65;0;0;0;649;584;65;2016
621021;Widerstand gegen Polizeivollzugsbeamte;5515000;Muenster;insg.;265;198;67;0;0;0;0;0;0;0;0;0;5;3;2;2;2;0;256;193;63;2;0;2;258;193;65;2016
621021;Widerstand gegen Polizeivollzugsbeamte;5162024;Neuss;insg.;120;81;39;0;0;0;0;0;0;0;0;0;0;0;0;1;1;0;118;79;39;1;1;0;119;80;39;2016
621021;Widerstand gegen Polizeivollzugsbeamte;9564000;Nuernberg;insg.;265;235;30;0;0;0;0;0;0;0;0;0;0;0;0;11;11;0;254;224;30;0;0;0;254;224;30;2016
621021;Widerstand gegen Polizeivollzugsbeamte;5119000;Oberhausen;insg.;113;78;35;0;0;0;0;0;0;0;0;0;0;0;0;0;0;0;112;77;35;1;1;0;113;78;35;2016
621021;Widerstand gegen Polizeivollzugsbeamte;6413000;Offenbach am Main;insg.;94;73;21;0;0;0;0;0;0;0;0;0;0;0;0;1;1;0;93;72;21;0;0;0;93;72;21;2016
621021;Widerstand gegen Polizeivollzugsbeamte;3403000;Oldenburg (Oldenburg);insg.;99;73;26;0;0;0;0;0;0;0;0;0;0;0;0;2;0;2;97;73;24;0;0;0;97;73;24;2016
621021;Widerstand gegen Polizeivollzugsbeamte;3404000;Osnabrueck;insg.;130;113;17;0;0;0;0;0;0;0;0;0;0;0;0;0;0;0;129;112;17;1;1;0;130;113;17;2016
621021;Widerstand gegen Polizeivollzugsbeamte;5774032;Paderborn;insg.;136;120;16;0;0;0;0;0;0;0;0;0;0;0;0;0;0;0;135;119;16;1;1;0;136;120;16;2016
621021;Widerstand gegen Polizeivollzugsbeamte;8231000;Pforzheim;insg.;33;26;7;0;0;0;0;0;0;0;0;0;0;0;0;0;0;0;33;26;7;0;0;0;33;26;7;2016
621021;Widerstand gegen Polizeivollzugsbeamte;12054000;Potsdam;insg.;85;69;16;0;0;0;0;0;0;0;0;0;0;0;0;0;0;0;84;68;16;1;1;0;85;69;16;2016
621021;Widerstand gegen Polizeivollzugsbeamte;5562032;Recklinghausen;insg.;173;121;52;0;0;0;0;0;0;0;0;0;1;1;0;0;0;0;170;118;52;2;2;0;172;120;52;2016
621021;Widerstand gegen Polizeivollzugsbeamte;9362000;Regensburg;insg.;71;62;9;0;0;0;0;0;0;0;0;0;0;0;0;0;0;0;69;60;9;2;2;0;71;62;9;2016
621021;Widerstand gegen Polizeivollzugsbeamte;5120000;Remscheid;insg.;68;50;18;0;0;0;0;0;0;0;0;0;0;0;0;0;0;0;67;49;18;1;1;0;68;50;18;2016
621021;Widerstand gegen Polizeivollzugsbeamte;8415061;Reutlingen;insg.;33;28;5;0;0;0;0;0;0;0;0;0;0;0;0;0;0;0;33;28;5;0;0;0;33;28;5;2016
621021;Widerstand gegen Polizeivollzugsbeamte;13003000;Rostock;insg.;216;175;41;0;0;0;0;0;0;0;0;0;0;0;0;0;0;0;216;175;41;0;0;0;216;175;41;2016
621021;Widerstand gegen Polizeivollzugsbeamte;10041100;Saarbruecken;insg.;354;286;68;0;0;0;0;0;0;0;0;0;0;0;0;1;1;0;353;285;68;0;0;0;353;285;68;2016
621021;Widerstand gegen Polizeivollzugsbeamte;3102000;Salzgitter;insg.;47;41;6;0;0;0;0;0;0;0;0;0;0;0;0;1;1;0;46;40;6;0;0;0;46;40;6;2016
621021;Widerstand gegen Polizeivollzugsbeamte;13004000;Schwerin;insg.;91;78;13;0;0;0;0;0;0;0;0;0;0;0;0;0;0;0;91;78;13;0;0;0;91;78;13;2016
621021;Widerstand gegen Polizeivollzugsbeamte;5970040;Siegen;insg.;127;100;27;0;0;0;0;0;0;0;0;0;0;0;0;0;0;0;124;98;26;3;2;1;127;100;27;2016
621021;Widerstand gegen Polizeivollzugsbeamte;5122000;Solingen;insg.;110;90;20;0;0;0;0;0;0;0;0;0;1;0;1;1;1;0;107;88;19;1;1;0;108;89;19;2016
621021;Widerstand gegen Polizeivollzugsbeamte;8111000;Stuttgart;insg.;775;635;140;0;0;0;0;0;0;0;0;0;0;0;0;3;2;1;769;630;139;3;3;0;772;633;139;2016
621021;Widerstand gegen Polizeivollzugsbeamte;7211000;Trier;insg.;163;129;34;0;0;0;0;0;0;0;0;0;0;0;0;0;0;0;159;125;34;4;4;0;163;129;34;2016
621021;Widerstand gegen Polizeivollzugsbeamte;8421000;Ulm;insg.;67;59;8;0;0;0;0;0;0;0;0;0;0;0;0;1;1;0;66;58;8;0;0;0;66;58;8;2016
621021;Widerstand gegen Polizeivollzugsbeamte;6414000;Wiesbaden;insg.;131;104;27;0;0;0;0;0;0;0;0;0;0;0;0;0;0;0;131;104;27;0;0;0;131;104;27;2016
621021;Widerstand gegen Polizeivollzugsbeamte;3103000;Wolfsburg;insg.;73;58;15;0;0;0;0;0;0;0;0;0;0;0;0;5;5;0;68;53;15;0;0;0;68;53;15;2016
621021;Widerstand gegen Polizeivollzugsbeamte;5124000;Wuppertal;insg.;502;328;174;0;0;0;0;0;0;0;0;0;0;0;0;5;1;4;495;326;169;2;1;1;497;327;170;2016
621021;Widerstand gegen Polizeivollzugsbeamte;9663000;Wuerzburg;insg.;51;44;7;0;0;0;0;0;0;0;0;0;0;0;0;0;0;0;51;44;7;0;0;0;51;44;7;2016
892000;Gewaltkriminalitaet;5334002;Aachen;insg.;1318;938;380;2;2;0;36;21;15;38;23;15;108;82;26;136;103;33;948;678;270;88;52;36;1036;730;306;2016
892000;Gewaltkriminalitaet;9761000;Augsburg;insg.;1033;732;301;6;1;5;46;31;15;52;32;20;78;52;26;124;88;36;736;540;196;43;20;23;779;560;219;2016
892000;Gewaltkriminalitaet;5378004;Bergisch Gladbach;insg.;259;181;78;0;0;0;14;10;4;14;10;4;29;23;6;27;21;6;171;117;54;18;10;8;189;127;62;2016
892000;Gewaltkriminalitaet;11000000;Berlin;insg.;19612;14096;5516;80;39;41;802;559;243;882;598;284;1825;1318;507;1670;1229;441;14074;10316;3758;1161;635;526;15235;10951;4284;2016
892000;Gewaltkriminalitaet;5711000;Bielefeld;insg.;1090;759;331;6;4;2;41;30;11;47;34;13;101;68;33;111;81;30;783;547;236;48;29;19;831;576;255;2016
892000;Gewaltkriminalitaet;5911000;Bochum;insg.;1697;1177;520;5;3;2;69;52;17;74;55;19;179;127;52;198;137;61;1169;822;347;77;36;41;1246;858;388;2016
892000;Gewaltkriminalitaet;5314000;Bonn;insg.;1421;951;470;2;2;0;54;43;11;56;45;11;127;66;61;168;128;40;995;678;317;75;34;41;1070;712;358;2016
892000;Gewaltkriminalitaet;5512000;Bottrop;insg.;350;241;109;4;3;1;18;10;8;22;13;9;46;34;12;46;33;13;213;148;65;23;13;10;236;161;75;2016
892000;Gewaltkriminalitaet;3101000;Braunschweig;insg.;1143;834;309;3;2;1;27;21;6;30;23;7;90;58;32;127;91;36;859;639;220;37;23;14;896;662;234;2016
892000;Gewaltkriminalitaet;4011000;Bremen;insg.;3531;2479;1052;10;8;2;66;45;21;76;53;23;375;301;74;445;309;136;2420;1711;709;215;105;110;2635;1816;819;2016
892000;Gewaltkriminalitaet;4012000;Bremerhaven;insg.;794;547;247;1;0;1;17;11;6;18;11;7;70;36;34;74;53;21;579;414;165;53;33;20;632;447;185;2016
892000;Gewaltkriminalitaet;14511000;Chemnitz;insg.;831;617;214;1;0;1;37;18;19;38;18;20;88;64;24;77;67;10;573;450;123;55;18;37;628;468;160;2016
892000;Gewaltkriminalitaet;6411000;Darmstadt;insg.;498;375;123;1;1;0;11;6;5;12;7;5;53;41;12;57;37;20;350;269;81;26;21;5;376;290;86;2016
892000;Gewaltkriminalitaet;5913000;Dortmund;insg.;3724;2640;1084;9;4;5;124;82;42;133;86;47;320;212;108;365;253;112;2752;2005;747;154;84;70;2906;2089;817;2016
892000;Gewaltkriminalitaet;14612000;Dresden;insg.;1822;1442;380;11;6;5;45;29;16;56;35;21;135;97;38;194;156;38;1364;1113;251;73;41;32;1437;1154;283;2016
892000;Gewaltkriminalitaet;5112000;Duisburg;insg.;2353;1528;825;8;5;3;150;105;45;158;110;48;236;159;77;202;140;62;1621;1058;563;136;61;75;1757;1119;638;2016
892000;Gewaltkriminalitaet;5111000;Duesseldorf;insg.;2780;1970;810;5;4;1;91;56;35;96;60;36;201;135;66;325;240;85;1952;1438;514;206;97;109;2158;1535;623;2016
892000;Gewaltkriminalitaet;16051000;Erfurt;insg.;895;693;202;0;0;0;36;22;14;36;22;14;81;57;24;100;83;17;647;515;132;31;16;15;678;531;147;2016
892000;Gewaltkriminalitaet;9562000;Erlangen;insg.;224;166;58;0;0;0;6;4;2;6;4;2;14;12;2;33;23;10;166;125;41;5;2;3;171;127;44;2016
892000;Gewaltkriminalitaet;5113000;Essen;insg.;2213;1408;805;7;4;3;96;61;35;103;65;38;234;142;92;219;149;70;1510;987;523;147;65;82;1657;1052;605;2016
892000;Gewaltkriminalitaet;6412000;Frankfurt am Main;insg.;4074;2990;1084;17;8;9;125;80;45;142;88;54;264;172;92;420;329;91;2993;2264;729;255;137;118;3248;2401;847;2016
892000;Gewaltkriminalitaet;8311000;Freiburg im Breisgau;insg.;1146;868;278;10;8;2;28;15;13;38;23;15;105;77;28;178;141;37;772;593;179;53;34;19;825;627;198;2016
892000;Gewaltkriminalitaet;9563000;Fuerth;insg.;243;172;71;1;0;1;13;8;5;14;8;6;23;12;11;15;13;2;185;135;50;6;4;2;191;139;52;2016
892000;Gewaltkriminalitaet;5513000;Gelsenkirchen;insg.;1257;847;410;5;3;2;53;36;17;58;39;19;146;104;42;139;93;46;842;578;264;72;33;39;914;611;303;2016
892000;Gewaltkriminalitaet;3152012;Goettingen;insg.;676;505;171;5;4;1;18;14;4;23;18;5;66;57;9;77;63;14;485;357;128;25;10;15;510;367;143;2016
892000;Gewaltkriminalitaet;5914000;Hagen;insg.;607;390;217;0;0;0;33;17;16;33;17;16;63;41;22;62;42;20;418;273;145;31;17;14;449;290;159;2016
892000;Gewaltkriminalitaet;15002000;Halle (Saale);insg.;1071;778;293;6;3;3;50;35;15;56;38;18;115;84;31;88;63;25;756;559;197;56;34;22;812;593;219;2016
892000;Gewaltkriminalitaet;2000000;Hamburg;insg.;9899;7279;2620;24;13;11;390;283;107;414;296;118;848;621;227;1061;799;262;7095;5274;1821;481;289;192;7576;5563;2013;2016
892000;Gewaltkriminalitaet;5915000;Hamm;insg.;644;440;204;3;2;1;19;16;3;22;18;4;52;29;23;71;50;21;462;325;137;37;18;19;499;343;156;2016
892000;Gewaltkriminalitaet;3241001;Hannover;insg.;3750;2815;935;8;3;5;140;67;73;148;70;78;243;152;91;390;295;95;2849;2223;626;120;75;45;2969;2298;671;2016
892000;Gewaltkriminalitaet;8221000;Heidelberg;insg.;656;517;139;3;3;0;14;9;5;17;12;5;48;36;12;93;77;16;471;374;97;27;18;9;498;392;106;2016
892000;Gewaltkriminalitaet;8121000;Heilbronn;insg.;356;256;100;0;0;0;9;6;3;9;6;3;37;26;11;56;42;14;243;176;67;11;6;5;254;182;72;2016
892000;Gewaltkriminalitaet;5916000;Herne;insg.;496;316;180;2;2;0;25;19;6;27;21;6;64;40;24;49;31;18;325;209;116;31;15;16;356;224;132;2016
892000;Gewaltkriminalitaet;3254021;Hildesheim;insg.;609;418;191;5;3;2;24;11;13;29;14;15;65;46;19;68;49;19;422;296;126;25;13;12;447;309;138;2016
892000;Gewaltkriminalitaet;9161000;Ingolstadt;insg.;504;386;118;0;0;0;18;13;5;18;13;5;75;45;30;70;52;18;323;267;56;18;9;9;341;276;65;2016
892000;Gewaltkriminalitaet;16053000;Jena;insg.;281;198;83;2;2;0;9;5;4;11;7;4;21;13;8;22;14;8;217;157;60;10;7;3;227;164;63;2016
892000;Gewaltkriminalitaet;8212000;Karlsruhe;insg.;1105;835;270;3;0;3;20;18;2;23;18;5;80;61;19;116;94;22;833;627;206;53;35;18;886;662;224;2016
892000;Gewaltkriminalitaet;6611000;Kassel;insg.;853;593;260;1;1;0;28;18;10;29;19;10;59;37;22;102;68;34;622;443;179;41;26;15;663;469;194;2016
892000;Gewaltkriminalitaet;1002000;Kiel;insg.;1296;955;341;3;1;2;19;14;5;22;15;7;99;80;19;149;113;36;974;715;259;52;32;20;1026;747;279;2016
892000;Gewaltkriminalitaet;7111000;Koblenz;insg.;524;392;132;1;1;0;15;11;4;16;12;4;50;42;8;60;50;10;371;272;99;27;16;11;398;288;110;2016
892000;Gewaltkriminalitaet;5315000;Koeln;insg.;7000;4717;2283;17;14;3;234;172;62;251;186;65;543;333;210;861;526;335;5017;3496;1521;328;176;152;5345;3672;1673;2016
892000;Gewaltkriminalitaet;5114000;Krefeld;insg.;841;538;303;7;4;3;33;24;9;40;28;12;74;43;31;86;63;23;568;369;199;73;35;38;641;404;237;2016
892000;Gewaltkriminalitaet;14713000;Leipzig;insg.;2667;2006;661;15;8;7;94;65;29;109;73;36;198;130;68;245;192;53;1991;1552;439;124;59;65;2115;1611;504;2016
892000;Gewaltkriminalitaet;5316000;Leverkusen;insg.;741;477;264;3;1;2;38;23;15;41;24;17;79;52;27;76;51;25;501;319;182;44;31;13;545;350;195;2016
892000;Gewaltkriminalitaet;1003000;Luebeck;insg.;1145;822;323;2;0;2;33;21;12;35;21;14;117;82;35;111;78;33;836;612;224;46;29;17;882;641;241;2016
892000;Gewaltkriminalitaet;7314000;Ludwigshafen am Rhein;insg.;959;650;309;11;6;5;77;53;24;88;59;29;97;59;38;105;73;32;626;429;197;43;30;13;669;459;210;2016
892000;Gewaltkriminalitaet;15003000;Magdeburg;insg.;1017;713;304;4;3;1;41;27;14;45;30;15;89;57;32;80;61;19;741;525;216;62;40;22;803;565;238;2016
892000;Gewaltkriminalitaet;7315000;Mainz;insg.;836;618;218;5;5;0;14;10;4;19;15;4;82;66;16;102;86;16;608;436;172;25;15;10;633;451;182;2016
892000;Gewaltkriminalitaet;8222000;Mannheim;insg.;1555;1094;461;10;5;5;51;27;24;61;32;29;92;70;22;151;109;42;1158;840;318;93;43;50;1251;883;368;2016
892000;Gewaltkriminalitaet;5170024;Moers;insg.;346;231;115;1;1;0;36;19;17;37;20;17;45;24;21;44;32;12;204;146;58;16;9;7;220;155;65;2016
892000;Gewaltkriminalitaet;5116000;Moenchengladbach;insg.;953;619;334;3;1;2;40;31;9;43;32;11;113;77;36;121;87;34;623;395;228;53;28;25;676;423;253;2016
892000;Gewaltkriminalitaet;5117000;Muelheim an der Ruhr;insg.;458;270;188;3;0;3;29;23;6;32;23;9;47;25;22;36;23;13;309;185;124;34;14;20;343;199;144;2016
892000;Gewaltkriminalitaet;9162000;Muenchen;insg.;4756;3458;1298;17;9;8;115;75;40;132;84;48;323;246;77;541;409;132;3548;2601;947;212;118;94;3760;2719;1041;2016
892000;Gewaltkriminalitaet;5515000;Muenster;insg.;1067;760;307;3;1;2;36;25;11;39;26;13;97;74;23;123;92;31;769;541;228;39;27;12;808;568;240;2016
892000;Gewaltkriminalitaet;5162024;Neuss;insg.;454;299;155;1;0;1;15;13;2;16;13;3;42;28;14;66;48;18;299;198;101;31;12;19;330;210;120;2016
892000;Gewaltkriminalitaet;9564000;Nuernberg;insg.;2109;1540;569;19;17;2;48;36;12;67;53;14;160;114;46;237;184;53;1545;1132;413;100;57;43;1645;1189;456;2016
892000;Gewaltkriminalitaet;5119000;Oberhausen;insg.;688;461;227;0;0;0;25;17;8;25;17;8;81;61;20;82;66;16;442;294;148;58;23;35;500;317;183;2016
892000;Gewaltkriminalitaet;6413000;Offenbach am Main;insg.;412;282;130;1;0;1;17;12;5;18;12;6;38;30;8;37;22;15;300;206;94;19;12;7;319;218;101;2016
892000;Gewaltkriminalitaet;3403000;Oldenburg (Oldenburg);insg.;630;444;186;0;0;0;14;13;1;14;13;1;71;52;19;95;57;38;427;307;120;23;15;8;450;322;128;2016
892000;Gewaltkriminalitaet;3404000;Osnabrueck;insg.;968;703;265;6;2;4;11;6;5;17;8;9;69;45;24;108;84;24;734;545;189;40;21;19;774;566;208;2016
892000;Gewaltkriminalitaet;5774032;Paderborn;insg.;533;354;179;0;0;0;12;9;3;12;9;3;41;27;14;66;53;13;384;249;135;30;16;14;414;265;149;2016
892000;Gewaltkriminalitaet;8231000;Pforzheim;insg.;405;302;103;2;1;1;25;19;6;27;20;7;32;20;12;35;21;14;290;230;60;21;11;10;311;241;70;2016
892000;Gewaltkriminalitaet;12054000;Potsdam;insg.;418;323;95;1;1;0;25;21;4;26;22;4;58;52;6;42;36;6;270;200;70;22;13;9;292;213;79;2016
892000;Gewaltkriminalitaet;5562032;Recklinghausen;insg.;526;366;160;1;0;1;13;12;1;14;12;2;76;51;25;61;45;16;344;240;104;31;18;13;375;258;117;2016
892000;Gewaltkriminalitaet;9362000;Regensburg;insg.;559;424;135;0;0;0;15;7;8;15;7;8;52;42;10;65;55;10;413;312;101;14;8;6;427;320;107;2016
892000;Gewaltkriminalitaet;5120000;Remscheid;insg.;314;196;118;2;2;0;16;9;7;18;11;7;39;21;18;38;23;15;202;132;70;17;9;8;219;141;78;2016
892000;Gewaltkriminalitaet;8415061;Reutlingen;insg.;358;247;111;1;1;0;7;4;3;8;5;3;38;25;13;46;39;7;256;171;85;10;7;3;266;178;88;2016
892000;Gewaltkriminalitaet;13003000;Rostock;insg.;674;488;186;4;3;1;35;25;10;39;28;11;64;45;19;53;36;17;481;359;122;37;20;17;518;379;139;2016
892000;Gewaltkriminalitaet;10041100;Saarbruecken;insg.;1202;803;399;3;1;2;35;26;9;38;27;11;114;76;38;171;123;48;831;549;282;48;28;20;879;577;302;2016
892000;Gewaltkriminalitaet;3102000;Salzgitter;insg.;369;243;126;3;2;1;15;12;3;18;14;4;37;22;15;37;28;9;258;166;92;19;13;6;277;179;98;2016
892000;Gewaltkriminalitaet;13004000;Schwerin;insg.;278;214;64;0;0;0;24;19;5;24;19;5;45;36;9;26;23;3;164;124;40;19;12;7;183;136;47;2016
892000;Gewaltkriminalitaet;5970040;Siegen;insg.;383;264;119;0;0;0;13;9;4;13;9;4;33;23;10;50;37;13;276;188;88;11;7;4;287;195;92;2016
892000;Gewaltkriminalitaet;5122000;Solingen;insg.;443;304;139;1;1;0;20;15;5;21;16;5;60;43;17;53;43;10;283;185;98;26;17;9;309;202;107;2016
892000;Gewaltkriminalitaet;8111000;Stuttgart;insg.;3312;2490;822;24;20;4;65;49;16;89;69;20;266;181;85;425;321;104;2425;1862;563;107;57;50;2532;1919;613;2016
892000;Gewaltkriminalitaet;7211000;Trier;insg.;461;351;110;1;1;0;16;12;4;17;13;4;46;33;13;68;58;10;314;237;77;16;10;6;330;247;83;2016
892000;Gewaltkriminalitaet;8421000;Ulm;insg.;524;380;144;5;4;1;12;6;6;17;10;7;38;27;11;65;42;23;383;287;96;21;14;7;404;301;103;2016
892000;Gewaltkriminalitaet;6414000;Wiesbaden;insg.;1174;826;348;4;2;2;48;32;16;52;34;18;157;115;42;129;91;38;783;559;224;53;27;26;836;586;250;2016
892000;Gewaltkriminalitaet;3103000;Wolfsburg;insg.;383;273;110;1;0;1;12;11;1;13;11;2;42;37;5;41;32;9;271;185;86;16;8;8;287;193;94;2016
892000;Gewaltkriminalitaet;5124000;Wuppertal;insg.;1458;994;464;1;1;0;71;48;23;72;49;23;131;91;40;166;106;60;1014;715;299;75;33;42;1089;748;341;2016
892000;Gewaltkriminalitaet;9663000;Wuerzburg;insg.;444;335;109;1;0;1;9;7;2;10;7;3;56;43;13;53;34;19;312;242;70;13;9;4;325;251;74;2016
892500;Mord, Totschlag und Toetung auf Verlangen;5334002;Aachen;insg.;13;9;4;0;0;0;0;0;0;0;0;0;0;0;0;1;1;0;12;8;4;0;0;0;12;8;4;2016
892500;Mord, Totschlag und Toetung auf Verlangen;9761000;Augsburg;insg.;6;5;1;0;0;0;0;0;0;0;0;0;0;0;0;2;2;0;4;3;1;0;0;0;4;3;1;2016
892500;Mord, Totschlag und Toetung auf Verlangen;5378004;Bergisch Gladbach;insg.;1;0;1;0;0;0;0;0;0;0;0;0;0;0;0;0;0;0;1;0;1;0;0;0;1;0;1;2016
892500;Mord, Totschlag und Toetung auf Verlangen;11000000;Berlin;insg.;98;71;27;0;0;0;0;0;0;0;0;0;3;1;2;4;2;2;80;60;20;11;8;3;91;68;23;2016
892500;Mord, Totschlag und Toetung auf Verlangen;5711000;Bielefeld;insg.;14;7;7;2;1;1;0;0;0;2;1;1;0;0;0;0;0;0;10;5;5;2;1;1;12;6;6;2016
892500;Mord, Totschlag und Toetung auf Verlangen;5911000;Bochum;insg.;5;1;4;1;0;1;0;0;0;1;0;1;0;0;0;0;0;0;4;1;3;0;0;0;4;1;3;2016
892500;Mord, Totschlag und Toetung auf Verlangen;5314000;Bonn;insg.;19;15;4;0;0;0;1;1;0;1;1;0;1;1;0;1;1;0;14;11;3;2;1;1;16;12;4;2016
892500;Mord, Totschlag und Toetung auf Verlangen;5512000;Bottrop;insg.;4;2;2;0;0;0;0;0;0;0;0;0;1;1;0;0;0;0;3;1;2;0;0;0;3;1;2;2016
892500;Mord, Totschlag und Toetung auf Verlangen;3101000;Braunschweig;insg.;5;2;3;0;0;0;0;0;0;0;0;0;0;0;0;0;0;0;2;1;1;3;1;2;5;2;3;2016
892500;Mord, Totschlag und Toetung auf Verlangen;4011000;Bremen;insg.;39;26;13;1;1;0;1;1;0;2;2;0;3;2;1;3;3;0;25;17;8;6;2;4;31;19;12;2016
892500;Mord, Totschlag und Toetung auf Verlangen;4012000;Bremerhaven;insg.;9;6;3;0;0;0;0;0;0;0;0;0;0;0;0;1;0;1;7;5;2;1;1;0;8;6;2;2016
892500;Mord, Totschlag und Toetung auf Verlangen;14511000;Chemnitz;insg.;31;20;11;0;0;0;0;0;0;0;0;0;1;0;1;1;1;0;22;15;7;7;4;3;29;19;10;2016
892500;Mord, Totschlag und Toetung auf Verlangen;6411000;Darmstadt;insg.;7;4;3;0;0;0;0;0;0;0;0;0;1;1;0;1;0;1;4;3;1;1;0;1;5;3;2;2016
892500;Mord, Totschlag und Toetung auf Verlangen;5913000;Dortmund;insg.;30;21;9;1;1;0;0;0;0;1;1;0;0;0;0;0;0;0;26;19;7;3;1;2;29;20;9;2016
892500;Mord, Totschlag und Toetung auf Verlangen;14612000;Dresden;insg.;14;10;4;1;0;1;0;0;0;1;0;1;0;0;0;0;0;0;11;9;2;2;1;1;13;10;3;2016
892500;Mord, Totschlag und Toetung auf Verlangen;5112000;Duisburg;insg.;10;8;2;0;0;0;0;0;0;0;0;0;0;0;0;0;0;0;8;7;1;2;1;1;10;8;2;2016
892500;Mord, Totschlag und Toetung auf Verlangen;5111000;Duesseldorf;insg.;14;5;9;0;0;0;1;0;1;1;0;1;2;2;0;0;0;0;6;1;5;5;2;3;11;3;8;2016
892500;Mord, Totschlag und Toetung auf Verlangen;16051000;Erfurt;insg.;1;1;0;0;0;0;0;0;0;0;0;0;0;0;0;0;0;0;1;1;0;0;0;0;1;1;0;2016
892500;Mord, Totschlag und Toetung auf Verlangen;9562000;Erlangen;insg.;2;0;2;0;0;0;0;0;0;0;0;0;0;0;0;0;0;0;2;0;2;0;0;0;2;0;2;2016
892500;Mord, Totschlag und Toetung auf Verlangen;5113000;Essen;insg.;22;16;6;1;0;1;0;0;0;1;0;1;0;0;0;0;0;0;18;14;4;3;2;1;21;16;5;2016
892500;Mord, Totschlag und Toetung auf Verlangen;6412000;Frankfurt am Main;insg.;50;41;9;0;0;0;3;3;0;3;3;0;5;4;1;4;4;0;34;28;6;4;2;2;38;30;8;2016
892500;Mord, Totschlag und Toetung auf Verlangen;8311000;Freiburg im Breisgau;insg.;16;13;3;0;0;0;0;0;0;0;0;0;1;1;0;6;5;1;9;7;2;0;0;0;9;7;2;2016
892500;Mord, Totschlag und Toetung auf Verlangen;9563000;Fuerth;insg.;5;4;1;0;0;0;0;0;0;0;0;0;0;0;0;0;0;0;5;4;1;0;0;0;5;4;1;2016
892500;Mord, Totschlag und Toetung auf Verlangen;5513000;Gelsenkirchen;insg.;12;7;5;0;0;0;0;0;0;0;0;0;1;1;0;0;0;0;8;5;3;3;1;2;11;6;5;2016
892500;Mord, Totschlag und Toetung auf Verlangen;3152012;Goettingen;insg.;5;2;3;0;0;0;0;0;0;0;0;0;0;0;0;1;0;1;3;1;2;1;1;0;4;2;2;2016
892500;Mord, Totschlag und Toetung auf Verlangen;5914000;Hagen;insg.;3;2;1;0;0;0;0;0;0;0;0;0;0;0;0;0;0;0;0;0;0;3;2;1;3;2;1;2016
892500;Mord, Totschlag und Toetung auf Verlangen;15002000;Halle (Saale);insg.;4;0;4;0;0;0;0;0;0;0;0;0;0;0;0;0;0;0;3;0;3;1;0;1;4;0;4;2016
892500;Mord, Totschlag und Toetung auf Verlangen;2000000;Hamburg;insg.;75;56;19;2;0;2;4;2;2;6;2;4;3;3;0;8;7;1;53;42;11;5;2;3;58;44;14;2016
892500;Mord, Totschlag und Toetung auf Verlangen;5915000;Hamm;insg.;5;4;1;0;0;0;0;0;0;0;0;0;0;0;0;0;0;0;4;3;1;1;1;0;5;4;1;2016
892500;Mord, Totschlag und Toetung auf Verlangen;3241001;Hannover;insg.;42;30;12;1;0;1;2;1;1;3;1;2;0;0;0;3;2;1;35;27;8;1;0;1;36;27;9;2016
892500;Mord, Totschlag und Toetung auf Verlangen;8221000;Heidelberg;insg.;5;4;1;0;0;0;0;0;0;0;0;0;0;0;0;0;0;0;5;4;1;0;0;0;5;4;1;2016
892500;Mord, Totschlag und Toetung auf Verlangen;8121000;Heilbronn;insg.;9;7;2;0;0;0;0;0;0;0;0;0;0;0;0;0;0;0;8;6;2;1;1;0;9;7;2;2016
892500;Mord, Totschlag und Toetung auf Verlangen;5916000;Herne;insg.;7;5;2;0;0;0;0;0;0;0;0;0;1;1;0;0;0;0;6;4;2;0;0;0;6;4;2;2016
892500;Mord, Totschlag und Toetung auf Verlangen;3254021;Hildesheim;insg.;12;8;4;0;0;0;1;0;1;1;0;1;2;2;0;0;0;0;7;5;2;2;1;1;9;6;3;2016
892500;Mord, Totschlag und Toetung auf Verlangen;9161000;Ingolstadt;insg.;7;6;1;0;0;0;0;0;0;0;0;0;0;0;0;1;1;0;5;5;0;1;0;1;6;5;1;2016
892500;Mord, Totschlag und Toetung auf Verlangen;16053000;Jena;insg.;0;0;0;0;0;0;0;0;0;0;0;0;0;0;0;0;0;0;0;0;0;0;0;0;0;0;0;2016
892500;Mord, Totschlag und Toetung auf Verlangen;8212000;Karlsruhe;insg.;12;12;0;0;0;0;0;0;0;0;0;0;1;1;0;0;0;0;11;11;0;0;0;0;11;11;0;2016
892500;Mord, Totschlag und Toetung auf Verlangen;6611000;Kassel;insg.;11;5;6;0;0;0;0;0;0;0;0;0;0;0;0;0;0;0;10;5;5;1;0;1;11;5;6;2016
892500;Mord, Totschlag und Toetung auf Verlangen;1002000;Kiel;insg.;13;10;3;0;0;0;0;0;0;0;0;0;0;0;0;1;1;0;11;8;3;1;1;0;12;9;3;2016
892500;Mord, Totschlag und Toetung auf Verlangen;7111000;Koblenz;insg.;3;3;0;0;0;0;0;0;0;0;0;0;0;0;0;0;0;0;3;3;0;0;0;0;3;3;0;2016
892500;Mord, Totschlag und Toetung auf Verlangen;5315000;Koeln;insg.;34;24;10;1;1;0;0;0;0;1;1;0;0;0;0;4;3;1;25;18;7;4;2;2;29;20;9;2016
892500;Mord, Totschlag und Toetung auf Verlangen;5114000;Krefeld;insg.;8;7;1;2;2;0;1;0;1;3;2;1;1;1;0;0;0;0;4;4;0;0;0;0;4;4;0;2016
892500;Mord, Totschlag und Toetung auf Verlangen;14713000;Leipzig;insg.;33;20;13;0;0;0;2;1;1;2;1;1;1;0;1;6;5;1;18;13;5;6;1;5;24;14;10;2016
892500;Mord, Totschlag und Toetung auf Verlangen;5316000;Leverkusen;insg.;4;2;2;0;0;0;0;0;0;0;0;0;0;0;0;0;0;0;2;2;0;2;0;2;4;2;2;2016
892500;Mord, Totschlag und Toetung auf Verlangen;1003000;Luebeck;insg.;4;2;2;0;0;0;0;0;0;0;0;0;0;0;0;0;0;0;2;1;1;2;1;1;4;2;2;2016
892500;Mord, Totschlag und Toetung auf Verlangen;7314000;Ludwigshafen am Rhein;insg.;5;5;0;0;0;0;0;0;0;0;0;0;0;0;0;1;1;0;4;4;0;0;0;0;4;4;0;2016
892500;Mord, Totschlag und Toetung auf Verlangen;15003000;Magdeburg;insg.;10;6;4;2;1;1;0;0;0;2;1;1;0;0;0;0;0;0;5;3;2;3;2;1;8;5;3;2016
892500;Mord, Totschlag und Toetung auf Verlangen;7315000;Mainz;insg.;3;1;2;0;0;0;0;0;0;0;0;0;0;0;0;1;0;1;2;1;1;0;0;0;2;1;1;2016
892500;Mord, Totschlag und Toetung auf Verlangen;8222000;Mannheim;insg.;18;13;5;0;0;0;1;0;1;1;0;1;0;0;0;3;3;0;11;8;3;3;2;1;14;10;4;2016
892500;Mord, Totschlag und Toetung auf Verlangen;5170024;Moers;insg.;3;2;1;0;0;0;0;0;0;0;0;0;0;0;0;1;1;0;2;1;1;0;0;0;2;1;1;2016
892500;Mord, Totschlag und Toetung auf Verlangen;5116000;Moenchengladbach;insg.;5;4;1;0;0;0;0;0;0;0;0;0;0;0;0;1;1;0;3;3;0;1;0;1;4;3;1;2016
892500;Mord, Totschlag und Toetung auf Verlangen;5117000;Muelheim an der Ruhr;insg.;3;2;1;1;0;1;0;0;0;1;0;1;0;0;0;0;0;0;2;2;0;0;0;0;2;2;0;2016
892500;Mord, Totschlag und Toetung auf Verlangen;9162000;Muenchen;insg.;43;27;16;1;0;1;1;1;0;2;1;1;9;6;3;4;4;0;23;15;8;5;1;4;28;16;12;2016
892500;Mord, Totschlag und Toetung auf Verlangen;5515000;Muenster;insg.;3;1;2;1;0;1;0;0;0;1;0;1;0;0;0;0;0;0;2;1;1;0;0;0;2;1;1;2016
892500;Mord, Totschlag und Toetung auf Verlangen;5162024;Neuss;insg.;2;0;2;1;0;1;0;0;0;1;0;1;0;0;0;0;0;0;1;0;1;0;0;0;1;0;1;2016
892500;Mord, Totschlag und Toetung auf Verlangen;9564000;Nuernberg;insg.;38;28;10;0;0;0;1;0;1;1;0;1;0;0;0;5;4;1;31;24;7;1;0;1;32;24;8;2016
892500;Mord, Totschlag und Toetung auf Verlangen;5119000;Oberhausen;insg.;9;7;2;0;0;0;0;0;0;0;0;0;0;0;0;1;1;0;7;6;1;1;0;1;8;6;2;2016
892500;Mord, Totschlag und Toetung auf Verlangen;6413000;Offenbach am Main;insg.;6;6;0;0;0;0;0;0;0;0;0;0;0;0;0;1;1;0;5;5;0;0;0;0;5;5;0;2016
892500;Mord, Totschlag und Toetung auf Verlangen;3403000;Oldenburg (Oldenburg);insg.;14;7;7;0;0;0;0;0;0;0;0;0;0;0;0;1;1;0;8;4;4;5;2;3;13;6;7;2016
892500;Mord, Totschlag und Toetung auf Verlangen;3404000;Osnabrueck;insg.;12;10;2;0;0;0;0;0;0;0;0;0;0;0;0;2;2;0;10;8;2;0;0;0;10;8;2;2016
892500;Mord, Totschlag und Toetung auf Verlangen;5774032;Paderborn;insg.;3;3;0;0;0;0;0;0;0;0;0;0;0;0;0;0;0;0;2;2;0;1;1;0;3;3;0;2016
892500;Mord, Totschlag und Toetung auf Verlangen;8231000;Pforzheim;insg.;4;3;1;0;0;0;0;0;0;0;0;0;1;0;1;0;0;0;3;3;0;0;0;0;3;3;0;2016
892500;Mord, Totschlag und Toetung auf Verlangen;12054000;Potsdam;insg.;5;5;0;1;1;0;1;1;0;2;2;0;0;0;0;1;1;0;2;2;0;0;0;0;2;2;0;2016
892500;Mord, Totschlag und Toetung auf Verlangen;5562032;Recklinghausen;insg.;3;3;0;0;0;0;0;0;0;0;0;0;0;0;0;0;0;0;3;3;0;0;0;0;3;3;0;2016
892500;Mord, Totschlag und Toetung auf Verlangen;9362000;Regensburg;insg.;6;3;3;0;0;0;0;0;0;0;0;0;0;0;0;0;0;0;5;3;2;1;0;1;6;3;3;2016
892500;Mord, Totschlag und Toetung auf Verlangen;5120000;Remscheid;insg.;3;2;1;0;0;0;0;0;0;0;0;0;0;0;0;1;0;1;2;2;0;0;0;0;2;2;0;2016
892500;Mord, Totschlag und Toetung auf Verlangen;8415061;Reutlingen;insg.;6;3;3;0;0;0;0;0;0;0;0;0;0;0;0;0;0;0;6;3;3;0;0;0;6;3;3;2016
892500;Mord, Totschlag und Toetung auf Verlangen;13003000;Rostock;insg.;4;2;2;0;0;0;0;0;0;0;0;0;0;0;0;0;0;0;4;2;2;0;0;0;4;2;2;2016
892500;Mord, Totschlag und Toetung auf Verlangen;10041100;Saarbruecken;insg.;7;6;1;0;0;0;0;0;0;0;0;0;2;2;0;1;1;0;4;3;1;0;0;0;4;3;1;2016
892500;Mord, Totschlag und Toetung auf Verlangen;3102000;Salzgitter;insg.;25;19;6;2;1;1;0;0;0;2;1;1;0;0;0;1;0;1;21;17;4;1;1;0;22;18;4;2016
892500;Mord, Totschlag und Toetung auf Verlangen;13004000;Schwerin;insg.;2;2;0;0;0;0;0;0;0;0;0;0;0;0;0;0;0;0;1;1;0;1;1;0;2;2;0;2016
892500;Mord, Totschlag und Toetung auf Verlangen;5970040;Siegen;insg.;2;1;1;0;0;0;0;0;0;0;0;0;0;0;0;0;0;0;2;1;1;0;0;0;2;1;1;2016
892500;Mord, Totschlag und Toetung auf Verlangen;5122000;Solingen;insg.;2;1;1;0;0;0;0;0;0;0;0;0;0;0;0;1;1;0;1;0;1;0;0;0;1;0;1;2016
892500;Mord, Totschlag und Toetung auf Verlangen;8111000;Stuttgart;insg.;38;29;9;0;0;0;0;0;0;0;0;0;5;4;1;4;4;0;25;20;5;4;1;3;29;21;8;2016
892500;Mord, Totschlag und Toetung auf Verlangen;7211000;Trier;insg.;4;1;3;0;0;0;0;0;0;0;0;0;1;0;1;0;0;0;3;1;2;0;0;0;3;1;2;2016
892500;Mord, Totschlag und Toetung auf Verlangen;8421000;Ulm;insg.;49;38;11;0;0;0;0;0;0;0;0;0;2;1;1;5;5;0;36;27;9;6;5;1;42;32;10;2016
892500;Mord, Totschlag und Toetung auf Verlangen;6414000;Wiesbaden;insg.;12;10;2;0;0;0;0;0;0;0;0;0;0;0;0;1;1;0;11;9;2;0;0;0;11;9;2;2016
892500;Mord, Totschlag und Toetung auf Verlangen;3103000;Wolfsburg;insg.;9;7;2;0;0;0;1;1;0;1;1;0;0;0;0;0;0;0;7;5;2;1;1;0;8;6;2;2016
892500;Mord, Totschlag und Toetung auf Verlangen;5124000;Wuppertal;insg.;10;4;6;0;0;0;0;0;0;0;0;0;0;0;0;1;1;0;8;3;5;1;0;1;9;3;6;2016
892500;Mord, Totschlag und Toetung auf Verlangen;9663000;Wuerzburg;insg.;11;10;1;0;0;0;0;0;0;0;0;0;2;2;0;0;0;0;9;8;1;0;0;0;9;8;1;2016
------;Straftaten insgesamt;5334002;Aachen;insg.;4502;2726;1776;24;15;9;159;91;68;183;106;77;304;180;124;426;275;151;3337;2026;1311;252;139;113;3589;2165;1424;2017
------;Straftaten insgesamt;9761000;Augsburg;insg.;5071;3225;1846;54;34;20;277;169;108;331;203;128;382;216;166;466;291;175;3647;2377;1270;245;138;107;3892;2515;1377;2017
------;Straftaten insgesamt;5378004;Bergisch Gladbach;insg.;1221;656;565;10;8;2;66;31;35;76;39;37;130;82;48;88;45;43;845;444;401;82;46;36;927;490;437;2017
------;Straftaten insgesamt;11000000;Berlin;insg.;78323;48147;30176;878;439;439;4776;2794;1982;5654;3233;2421;5495;3208;2287;4963;3003;1960;57580;36182;21398;4631;2521;2110;62211;38703;23508;2017
------;Straftaten insgesamt;5711000;Bielefeld;insg.;4377;2371;2006;41;28;13;174;105;69;215;133;82;317;162;155;382;216;166;3256;1741;1515;207;119;88;3463;1860;1603;2017
------;Straftaten insgesamt;5911000;Bochum;insg.;6761;4006;2755;41;24;17;326;191;135;367;215;152;524;308;216;617;357;260;4895;2920;1975;358;206;152;5253;3126;2127;2017
------;Straftaten insgesamt;5314000;Bonn;insg.;5700;3335;2365;36;19;17;271;178;93;307;197;110;404;232;172;523;318;205;4145;2413;1732;321;175;146;4466;2588;1878;2017
------;Straftaten insgesamt;5512000;Bottrop;insg.;1563;848;715;9;4;5;71;37;34;80;41;39;157;97;60;141;77;64;1038;565;473;147;68;79;1185;633;552;2017
------;Straftaten insgesamt;3101000;Braunschweig;insg.;4076;2550;1526;29;15;14;211;103;108;240;118;122;280;145;135;412;249;163;2963;1936;1027;181;102;79;3144;2038;1106;2017
------;Straftaten insgesamt;4011000;Bremen;insg.;11355;6939;4416;71;39;32;438;238;200;509;277;232;787;480;307;1056;690;366;8366;5172;3194;637;320;317;9003;5492;3511;2017
------;Straftaten insgesamt;4012000;Bremerhaven;insg.;2611;1494;1117;30;14;16;158;92;66;188;106;82;214;112;102;224;104;120;1872;1107;765;113;65;48;1985;1172;813;2017
------;Straftaten insgesamt;14511000;Chemnitz;insg.;3201;1958;1243;29;15;14;193;102;91;222;117;105;338;199;139;281;185;96;2152;1353;799;208;104;104;2360;1457;903;2017
------;Straftaten insgesamt;12052000;Cottbus;insg.;1619;1034;585;10;6;4;98;67;31;108;73;35;161;100;61;148;105;43;1115;706;409;87;50;37;1202;756;446;2017
------;Straftaten insgesamt;6411000;Darmstadt;insg.;1668;994;674;10;4;6;77;45;32;87;49;38;144;90;54;186;110;76;1177;705;472;74;40;34;1251;745;506;2017
------;Straftaten insgesamt;5913000;Dortmund;insg.;12675;7747;4928;66;26;40;670;422;248;736;448;288;961;533;428;1038;604;434;9334;5810;3524;606;352;254;9940;6162;3778;2017
------;Straftaten insgesamt;14612000;Dresden;insg.;6567;4272;2295;71;32;39;366;189;177;437;221;216;425;246;179;506;322;184;4837;3272;1565;362;211;151;5199;3483;1716;2017
------;Straftaten insgesamt;5112000;Duisburg;insg.;8689;4779;3910;76;52;24;581;359;222;657;411;246;736;424;312;657;366;291;6116;3301;2815;523;277;246;6639;3578;3061;2017
------;Straftaten insgesamt;5111000;Duesseldorf;insg.;10552;6659;3893;40;23;17;393;241;152;433;264;169;631;377;254;939;553;386;8014;5168;2846;535;297;238;8549;5465;3084;2017
------;Straftaten insgesamt;16051000;Erfurt;insg.;4196;2671;1525;57;28;29;307;162;145;364;190;174;364;224;140;355;222;133;2902;1928;974;211;107;104;3113;2035;1078;2017
------;Straftaten insgesamt;9562000;Erlangen;insg.;1156;712;444;9;4;5;58;36;22;67;40;27;103;57;46;123;77;46;800;504;296;63;34;29;863;538;325;2017
------;Straftaten insgesamt;5113000;Essen;insg.;7548;4198;3350;63;29;34;407;229;178;470;258;212;583;301;282;574;307;267;5461;3075;2386;460;257;203;5921;3332;2589;2017
------;Straftaten insgesamt;6412000;Frankfurt am Main;insg.;12413;8065;4348;102;54;48;362;230;132;464;284;180;598;344;254;941;605;336;9786;6460;3326;624;372;252;10410;6832;3578;2017
------;Straftaten insgesamt;8311000;Freiburg im Breisgau;insg.;4596;3112;1484;65;43;22;192;106;86;257;149;108;329;202;127;457;325;132;3333;2295;1038;220;141;79;3553;2436;1117;2017
------;Straftaten insgesamt;9563000;Fuerth;insg.;1136;706;430;7;3;4;64;43;21;71;46;25;111;72;39;96;52;44;795;500;295;63;36;27;858;536;322;2017
------;Straftaten insgesamt;5513000;Gelsenkirchen;insg.;4670;2502;2168;39;23;16;327;210;117;366;233;133;414;219;195;364;202;162;3236;1695;1541;290;153;137;3526;1848;1678;2017
------;Straftaten insgesamt;3159016;Goettingen;insg.;2313;1473;840;18;9;9;86;48;38;104;57;47;145;81;64;243;163;80;1710;1105;605;111;67;44;1821;1172;649;2017
------;Straftaten insgesamt;5914000;Hagen;insg.;3010;1723;1287;17;12;5;178;96;82;195;108;87;244;135;109;286;166;120;2114;1216;898;171;98;73;2285;1314;971;2017
------;Straftaten insgesamt;15002000;Halle (Saale);insg.;5146;3193;1953;50;28;22;353;218;135;403;246;157;445;257;188;396;232;164;3642;2316;1326;260;142;118;3902;2458;1444;2017
------;Straftaten insgesamt;2000000;Hamburg;insg.;33764;20853;12911;278;160;118;1832;1152;680;2110;1312;798;2199;1218;981;2824;1751;1073;24880;15560;9320;1751;1012;739;26631;16572;10059;2017
------;Straftaten insgesamt;5915000;Hamm;insg.;2928;1631;1297;18;6;12;179;102;77;197;108;89;267;149;118;427;160;267;1915;1141;774;122;73;49;2037;1214;823;2017
------;Straftaten insgesamt;3241001;Hannover;insg.;11849;7476;4373;79;40;39;498;291;207;577;331;246;769;439;330;1087;679;408;8838;5728;3110;578;299;279;9416;6027;3389;2017
------;Straftaten insgesamt;8221000;Heidelberg;insg.;2197;1498;699;22;11;11;55;29;26;77;40;37;114;72;42;231;168;63;1653;1153;500;122;65;57;1775;1218;557;2017
------;Straftaten insgesamt;8121000;Heilbronn;insg.;1571;915;656;10;8;2;65;30;35;75;38;37;120;51;69;134;77;57;1153;695;458;89;54;35;1242;749;493;2017
------;Straftaten insgesamt;5916000;Herne;insg.;2754;1493;1261;18;7;11;172;92;80;190;99;91;314;151;163;232;123;109;1850;1031;819;168;89;79;2018;1120;898;2017
------;Straftaten insgesamt;3254021;Hildesheim;insg.;1930;1079;851;19;9;10;117;58;59;136;67;69;177;97;80;193;127;66;1324;737;587;100;51;49;1424;788;636;2017
------;Straftaten insgesamt;9161000;Ingolstadt;insg.;2240;1454;786;32;15;17;74;47;27;106;62;44;147;86;61;232;149;83;1668;1103;565;87;54;33;1755;1157;598;2017
------;Straftaten insgesamt;16053000;Jena;insg.;1449;965;484;19;12;7;83;48;35;102;60;42;124;89;35;128;88;40;1029;682;347;66;46;20;1095;728;367;2017
------;Straftaten insgesamt;8212000;Karlsruhe;insg.;3424;2170;1254;25;15;10;128;75;53;153;90;63;243;146;97;346;219;127;2488;1610;878;194;105;89;2682;1715;967;2017
------;Straftaten insgesamt;6611000;Kassel;insg.;2811;1602;1209;36;21;15;134;77;57;170;98;72;191;95;96;255;132;123;2038;1176;862;157;101;56;2195;1277;918;2017
------;Straftaten insgesamt;1002000;Kiel;insg.;4404;2687;1717;37;21;16;249;136;113;286;157;129;355;212;143;404;246;158;3156;1965;1191;203;107;96;3359;2072;1287;2017
------;Straftaten insgesamt;7111000;Koblenz;insg.;2244;1440;804;15;11;4;90;52;38;105;63;42;158;98;60;256;167;89;1624;1049;575;101;63;38;1725;1112;613;2017
------;Straftaten insgesamt;5315000;Koeln;insg.;24982;14790;10192;166;98;68;1118;630;488;1284;728;556;1587;886;701;1937;1121;816;18802;11304;7498;1372;751;621;20174;12055;8119;2017
------;Straftaten insgesamt;5114000;Krefeld;insg.;3812;2035;1777;33;20;13;222;109;113;255;129;126;277;143;134;319;159;160;2704;1470;1234;257;134;123;2961;1604;1357;2017
------;Straftaten insgesamt;14713000;Leipzig;insg.;8496;5181;3315;98;44;54;515;270;245;613;314;299;615;351;264;563;320;243;6195;3959;2236;510;237;273;6705;4196;2509;2017
------;Straftaten insgesamt;5316000;Leverkusen;insg.;2925;1647;1278;13;6;7;153;92;61;166;98;68;255;146;109;257;144;113;2087;1165;922;160;94;66;2247;1259;988;2017
------;Straftaten insgesamt;1003000;Luebeck;insg.;4981;3096;1885;63;21;42;207;110;97;270;131;139;405;236;169;446;268;178;3570;2310;1260;290;151;139;3860;2461;1399;2017
------;Straftaten insgesamt;7314000;Ludwigshafen am Rhein;insg.;3963;2299;1664;51;27;24;259;162;97;310;189;121;421;255;166;319;159;160;2686;1567;1119;227;129;98;2913;1696;1217;2017
------;Straftaten insgesamt;15003000;Magdeburg;insg.;3745;2222;1523;57;28;29;238;132;106;295;160;135;350;195;155;302;183;119;2571;1554;1017;227;130;97;2798;1684;1114;2017
------;Straftaten insgesamt;7315000;Mainz;insg.;3536;2317;1219;22;12;10;127;84;43;149;96;53;291;199;92;383;255;128;2539;1660;879;174;107;67;2713;1767;946;2017
------;Straftaten insgesamt;8222000;Mannheim;insg.;4918;3078;1840;40;25;15;214;131;83;254;156;98;318;185;133;409;281;128;3638;2286;1352;299;170;129;3937;2456;1481;2017
------;Straftaten insgesamt;5170024;Moers;insg.;1447;782;665;7;3;4;108;57;51;115;60;55;151;86;65;140;73;67;939;506;433;102;57;45;1041;563;478;2017
------;Straftaten insgesamt;5116000;Moenchengladbach;insg.;3481;1844;1637;29;16;13;174;97;77;203;113;90;307;170;137;314;145;169;2444;1310;1134;213;106;107;2657;1416;1241;2017
------;Straftaten insgesamt;5117000;Muelheim an der Ruhr;insg.;1677;894;783;12;6;6;124;66;58;136;72;64;151;96;55;130;61;69;1126;605;521;134;60;74;1260;665;595;2017
------;Straftaten insgesamt;9162000;Muenchen;insg.;17442;11271;6171;206;117;89;630;351;279;836;468;368;994;590;404;1510;969;541;13155;8693;4462;947;551;396;14102;9244;4858;2017
------;Straftaten insgesamt;5515000;Muenster;insg.;4699;2887;1812;29;19;10;214;125;89;243;144;99;341;211;130;404;244;160;3434;2147;1287;277;141;136;3711;2288;1423;2017
------;Straftaten insgesamt;5162024;Neuss;insg.;2303;1278;1025;17;9;8;135;76;59;152;85;67;182;101;81;209;123;86;1617;881;736;143;88;55;1760;969;791;2017
------;Straftaten insgesamt;9564000;Nuernberg;insg.;8108;5222;2886;65;32;33;333;188;145;398;220;178;592;342;250;767;516;251;5978;3923;2055;373;221;152;6351;4144;2207;2017
------;Straftaten insgesamt;5119000;Oberhausen;insg.;2943;1649;1294;23;11;12;182;99;83;205;110;95;300;178;122;290;160;130;1996;1110;886;152;91;61;2148;1201;947;2017
------;Straftaten insgesamt;6413000;Offenbach am Main;insg.;1493;824;669;19;5;14;69;33;36;88;38;50;135;77;58;102;43;59;1100;625;475;68;41;27;1168;666;502;2017
------;Straftaten insgesamt;3403000;Oldenburg (Oldenburg);insg.;2351;1404;947;17;6;11;87;46;41;104;52;52;158;97;61;253;150;103;1692;1009;683;144;96;48;1836;1105;731;2017
------;Straftaten insgesamt;3404000;Osnabrueck;insg.;3006;1824;1182;24;10;14;129;76;53;153;86;67;209;99;110;276;184;92;2214;1369;845;154;86;68;2368;1455;913;2017
------;Straftaten insgesamt;5774032;Paderborn;insg.;2010;1210;800;12;6;6;91;50;41;103;56;47;166;101;65;222;123;99;1438;881;557;81;49;32;1519;930;589;2017
------;Straftaten insgesamt;8231000;Pforzheim;insg.;1687;1032;655;15;13;2;88;58;30;103;71;32;142;77;65;184;111;73;1171;714;457;87;59;28;1258;773;485;2017
------;Straftaten insgesamt;12054000;Potsdam;insg.;2142;1324;818;22;9;13;135;93;42;157;102;55;182;113;69;149;104;45;1512;934;578;142;71;71;1654;1005;649;2017
------;Straftaten insgesamt;5562032;Recklinghausen;insg.;2384;1401;983;19;12;7;150;83;67;169;95;74;236;138;98;187;107;80;1666;980;686;126;81;45;1792;1061;731;2017
------;Straftaten insgesamt;9362000;Regensburg;insg.;2262;1516;746;15;13;2;77;43;34;92;56;36;162;107;55;282;186;96;1636;1104;532;90;63;27;1726;1167;559;2017
------;Straftaten insgesamt;5120000;Remscheid;insg.;1624;842;782;9;3;6;96;57;39;105;60;45;126;71;55;140;74;66;1169;592;577;84;45;39;1253;637;616;2017
------;Straftaten insgesamt;8415061;Reutlingen;insg.;1409;925;484;17;9;8;68;43;25;85;52;33;134;91;43;196;139;57;926;606;320;68;37;31;994;643;351;2017
------;Straftaten insgesamt;13003000;Rostock;insg.;2764;1657;1107;33;14;19;269;156;113;302;170;132;243;138;105;190;116;74;1882;1147;735;147;86;61;2029;1233;796;2017
------;Straftaten insgesamt;10041100;Saarbruecken;insg.;4660;2851;1809;31;18;13;196;111;85;227;129;98;376;199;177;440;248;192;3349;2105;1244;268;170;98;3617;2275;1342;2017
------;Straftaten insgesamt;3102000;Salzgitter;insg.;1455;776;679;18;11;7;109;61;48;127;72;55;165;86;79;118;62;56;964;507;457;81;49;32;1045;556;489;2017
------;Straftaten insgesamt;13004000;Schwerin;insg.;2003;1262;741;14;8;6;130;80;50;144;88;56;233;150;83;182;123;59;1330;847;483;114;54;60;1444;901;543;2017
------;Straftaten insgesamt;5970040;Siegen;insg.;1819;1081;738;8;5;3;67;47;20;75;52;23;157;104;53;188;114;74;1290;749;541;109;62;47;1399;811;588;2017
------;Straftaten insgesamt;5122000;Solingen;insg.;1938;1071;867;17;10;7;107;67;40;124;77;47;185;98;87;194;115;79;1316;707;609;119;74;45;1435;781;654;2017
------;Straftaten insgesamt;8111000;Stuttgart;insg.;11990;7906;4084;104;64;40;566;299;267;670;363;307;706;422;284;1055;699;356;9052;6136;2916;507;286;221;9559;6422;3137;2017
------;Straftaten insgesamt;7211000;Trier;insg.;2102;1329;773;15;5;10;76;47;29;91;52;39;157;90;67;227;146;81;1523;986;537;104;55;49;1627;1041;586;2017
------;Straftaten insgesamt;8421000;Ulm;insg.;1611;1066;545;13;9;4;75;46;29;88;55;33;132;75;57;171;111;60;1147;786;361;73;39;34;1220;825;395;2017
------;Straftaten insgesamt;6414000;Wiesbaden;insg.;4414;2435;1979;28;13;15;227;127;100;255;140;115;378;217;161;408;247;161;3098;1687;1411;275;144;131;3373;1831;1542;2017
------;Straftaten insgesamt;3103000;Wolfsburg;insg.;1424;901;523;6;4;2;67;41;26;73;45;28;122;83;39;122;82;40;1035;644;391;72;47;25;1107;691;416;2017
------;Straftaten insgesamt;5124000;Wuppertal;insg.;6863;3980;2883;54;30;24;426;259;167;480;289;191;544;309;235;629;363;266;4852;2820;2032;358;199;159;5210;3019;2191;2017
------;Straftaten insgesamt;9663000;Wuerzburg;insg.;1788;1219;569;8;5;3;73;46;27;81;51;30;149;93;56;232;157;75;1234;865;369;92;53;39;1326;918;408;2017
111000;Vergewaltigung und sexuelle Noetigung;5334002;Aachen;insg.;56;5;51;0;0;0;1;0;1;1;0;1;8;1;7;11;0;11;36;4;32;0;0;0;36;4;32;2017
111000;Vergewaltigung und sexuelle Noetigung;9761000;Augsburg;insg.;48;2;46;0;0;0;4;1;3;4;1;3;12;1;11;5;0;5;25;0;25;2;0;2;27;0;27;2017
111000;Vergewaltigung und sexuelle Noetigung;5378004;Bergisch Gladbach;insg.;14;2;12;0;0;0;0;0;0;0;0;0;3;0;3;5;1;4;6;1;5;0;0;0;6;1;5;2017
111000;Vergewaltigung und sexuelle Noetigung;11000000;Berlin;insg.;1010;99;911;1;1;0;13;3;10;14;4;10;178;6;172;136;13;123;668;75;593;14;1;13;682;76;606;2017
111000;Vergewaltigung und sexuelle Noetigung;5711000;Bielefeld;insg.;54;7;47;0;0;0;0;0;0;0;0;0;17;2;15;5;1;4;27;2;25;5;2;3;32;4;28;2017
111000;Vergewaltigung und sexuelle Noetigung;5911000;Bochum;insg.;57;4;53;0;0;0;0;0;0;0;0;0;11;2;9;11;1;10;33;1;32;2;0;2;35;1;34;2017
111000;Vergewaltigung und sexuelle Noetigung;5314000;Bonn;insg.;75;2;73;0;0;0;1;0;1;1;0;1;14;1;13;12;0;12;48;1;47;0;0;0;48;1;47;2017
111000;Vergewaltigung und sexuelle Noetigung;5512000;Bottrop;insg.;14;0;14;0;0;0;0;0;0;0;0;0;1;0;1;6;0;6;7;0;7;0;0;0;7;0;7;2017
111000;Vergewaltigung und sexuelle Noetigung;3101000;Braunschweig;insg.;44;2;42;0;0;0;1;0;1;1;0;1;7;0;7;6;0;6;30;2;28;0;0;0;30;2;28;2017
111000;Vergewaltigung und sexuelle Noetigung;4011000;Bremen;insg.;129;9;120;0;0;0;0;0;0;0;0;0;31;2;29;12;3;9;83;4;79;3;0;3;86;4;82;2017
111000;Vergewaltigung und sexuelle Noetigung;4012000;Bremerhaven;insg.;33;2;31;0;0;0;0;0;0;0;0;0;12;1;11;7;1;6;13;0;13;1;0;1;14;0;14;2017
111000;Vergewaltigung und sexuelle Noetigung;14511000;Chemnitz;insg.;50;5;45;0;0;0;1;1;0;1;1;0;11;1;10;6;0;6;28;3;25;4;0;4;32;3;29;2017
111000;Vergewaltigung und sexuelle Noetigung;12052000;Cottbus;insg.;7;0;7;0;0;0;0;0;0;0;0;0;0;0;0;0;0;0;6;0;6;1;0;1;7;0;7;2017
111000;Vergewaltigung und sexuelle Noetigung;6411000;Darmstadt;insg.;24;0;24;0;0;0;0;0;0;0;0;0;1;0;1;4;0;4;18;0;18;1;0;1;19;0;19;2017
111000;Vergewaltigung und sexuelle Noetigung;5913000;Dortmund;insg.;128;5;123;0;0;0;2;0;2;2;0;2;30;1;29;27;1;26;68;3;65;1;0;1;69;3;66;2017
111000;Vergewaltigung und sexuelle Noetigung;14612000;Dresden;insg.;72;7;65;0;0;0;0;0;0;0;0;0;14;2;12;13;1;12;41;3;38;4;1;3;45;4;41;2017
111000;Vergewaltigung und sexuelle Noetigung;5112000;Duisburg;insg.;46;3;43;0;0;0;1;1;0;1;1;0;6;1;5;6;0;6;33;1;32;0;0;0;33;1;32;2017
111000;Vergewaltigung und sexuelle Noetigung;5111000;Duesseldorf;insg.;122;8;114;0;0;0;1;0;1;1;0;1;22;4;18;16;1;15;83;3;80;0;0;0;83;3;80;2017
111000;Vergewaltigung und sexuelle Noetigung;16051000;Erfurt;insg.;54;3;51;0;0;0;1;0;1;1;0;1;14;0;14;8;1;7;27;2;25;4;0;4;31;2;29;2017
111000;Vergewaltigung und sexuelle Noetigung;9562000;Erlangen;insg.;22;4;18;0;0;0;0;0;0;0;0;0;4;1;3;3;0;3;13;2;11;2;1;1;15;3;12;2017
111000;Vergewaltigung und sexuelle Noetigung;5113000;Essen;insg.;101;5;96;0;0;0;1;0;1;1;0;1;29;0;29;19;0;19;51;5;46;1;0;1;52;5;47;2017
111000;Vergewaltigung und sexuelle Noetigung;6412000;Frankfurt am Main;insg.;120;5;115;0;0;0;1;1;0;1;1;0;22;1;21;19;1;18;76;2;74;2;0;2;78;2;76;2017
111000;Vergewaltigung und sexuelle Noetigung;8311000;Freiburg im Breisgau;insg.;36;4;32;0;0;0;1;0;1;1;0;1;6;0;6;6;1;5;23;3;20;0;0;0;23;3;20;2017
111000;Vergewaltigung und sexuelle Noetigung;9563000;Fuerth;insg.;19;2;17;0;0;0;0;0;0;0;0;0;4;1;3;1;0;1;14;1;13;0;0;0;14;1;13;2017
111000;Vergewaltigung und sexuelle Noetigung;5513000;Gelsenkirchen;insg.;103;3;100;0;0;0;0;0;0;0;0;0;13;1;12;10;0;10;78;2;76;2;0;2;80;2;78;2017
111000;Vergewaltigung und sexuelle Noetigung;3159016;Goettingen;insg.;24;3;21;0;0;0;0;0;0;0;0;0;7;0;7;3;0;3;14;3;11;0;0;0;14;3;11;2017
111000;Vergewaltigung und sexuelle Noetigung;5914000;Hagen;insg.;23;2;21;0;0;0;2;0;2;2;0;2;7;2;5;9;0;9;5;0;5;0;0;0;5;0;5;2017
111000;Vergewaltigung und sexuelle Noetigung;15002000;Halle (Saale);insg.;56;4;52;0;0;0;2;0;2;2;0;2;12;1;11;8;1;7;31;2;29;3;0;3;34;2;32;2017
111000;Vergewaltigung und sexuelle Noetigung;2000000;Hamburg;insg.;256;18;238;0;0;0;4;0;4;4;0;4;58;3;55;43;3;40;147;12;135;4;0;4;151;12;139;2017
111000;Vergewaltigung und sexuelle Noetigung;5915000;Hamm;insg.;28;1;27;0;0;0;0;0;0;0;0;0;7;0;7;4;1;3;17;0;17;0;0;0;17;0;17;2017
111000;Vergewaltigung und sexuelle Noetigung;3241001;Hannover;insg.;97;8;89;0;0;0;1;1;0;1;1;0;19;3;16;17;2;15;58;2;56;2;0;2;60;2;58;2017
111000;Vergewaltigung und sexuelle Noetigung;8221000;Heidelberg;insg.;24;1;23;0;0;0;0;0;0;0;0;0;6;1;5;1;0;1;15;0;15;2;0;2;17;0;17;2017
111000;Vergewaltigung und sexuelle Noetigung;8121000;Heilbronn;insg.;24;0;24;0;0;0;1;0;1;1;0;1;4;0;4;8;0;8;10;0;10;1;0;1;11;0;11;2017
111000;Vergewaltigung und sexuelle Noetigung;5916000;Herne;insg.;39;1;38;0;0;0;1;0;1;1;0;1;15;0;15;8;0;8;14;1;13;1;0;1;15;1;14;2017
111000;Vergewaltigung und sexuelle Noetigung;3254021;Hildesheim;insg.;20;1;19;0;0;0;1;0;1;1;0;1;4;0;4;2;0;2;11;1;10;2;0;2;13;1;12;2017
111000;Vergewaltigung und sexuelle Noetigung;9161000;Ingolstadt;insg.;25;0;25;0;0;0;0;0;0;0;0;0;7;0;7;4;0;4;13;0;13;1;0;1;14;0;14;2017
111000;Vergewaltigung und sexuelle Noetigung;16053000;Jena;insg.;11;0;11;0;0;0;0;0;0;0;0;0;0;0;0;0;0;0;8;0;8;3;0;3;11;0;11;2017
111000;Vergewaltigung und sexuelle Noetigung;8212000;Karlsruhe;insg.;30;1;29;0;0;0;0;0;0;0;0;0;11;0;11;3;1;2;14;0;14;2;0;2;16;0;16;2017
111000;Vergewaltigung und sexuelle Noetigung;6611000;Kassel;insg.;41;4;37;0;0;0;0;0;0;0;0;0;7;1;6;9;0;9;24;3;21;1;0;1;25;3;22;2017
111000;Vergewaltigung und sexuelle Noetigung;1002000;Kiel;insg.;76;9;67;0;0;0;1;1;0;1;1;0;18;2;16;14;1;13;43;5;38;0;0;0;43;5;38;2017
111000;Vergewaltigung und sexuelle Noetigung;7111000;Koblenz;insg.;10;0;10;0;0;0;0;0;0;0;0;0;2;0;2;2;0;2;6;0;6;0;0;0;6;0;6;2017
111000;Vergewaltigung und sexuelle Noetigung;5315000;Koeln;insg.;263;16;247;0;0;0;6;1;5;6;1;5;43;3;40;39;5;34;172;7;165;3;0;3;175;7;168;2017
111000;Vergewaltigung und sexuelle Noetigung;5114000;Krefeld;insg.;30;3;27;0;0;0;2;1;1;2;1;1;4;0;4;6;1;5;18;1;17;0;0;0;18;1;17;2017
111000;Vergewaltigung und sexuelle Noetigung;14713000;Leipzig;insg.;116;7;109;0;0;0;3;1;2;3;1;2;29;1;28;14;0;14;68;5;63;2;0;2;70;5;65;2017
111000;Vergewaltigung und sexuelle Noetigung;5316000;Leverkusen;insg.;22;0;22;0;0;0;0;0;0;0;0;0;5;0;5;5;0;5;12;0;12;0;0;0;12;0;12;2017
111000;Vergewaltigung und sexuelle Noetigung;1003000;Luebeck;insg.;56;0;56;0;0;0;1;0;1;1;0;1;13;0;13;11;0;11;29;0;29;2;0;2;31;0;31;2017
111000;Vergewaltigung und sexuelle Noetigung;7314000;Ludwigshafen am Rhein;insg.;48;3;45;0;0;0;1;0;1;1;0;1;10;0;10;8;1;7;29;2;27;0;0;0;29;2;27;2017
111000;Vergewaltigung und sexuelle Noetigung;15003000;Magdeburg;insg.;47;5;42;0;0;0;1;0;1;1;0;1;16;2;14;7;1;6;22;2;20;1;0;1;23;2;21;2017
111000;Vergewaltigung und sexuelle Noetigung;7315000;Mainz;insg.;33;0;33;0;0;0;1;0;1;1;0;1;4;0;4;2;0;2;24;0;24;2;0;2;26;0;26;2017
111000;Vergewaltigung und sexuelle Noetigung;8222000;Mannheim;insg.;50;2;48;0;0;0;0;0;0;0;0;0;9;0;9;5;2;3;36;0;36;0;0;0;36;0;36;2017
111000;Vergewaltigung und sexuelle Noetigung;5170024;Moers;insg.;10;2;8;0;0;0;0;0;0;0;0;0;3;2;1;3;0;3;3;0;3;1;0;1;4;0;4;2017
111000;Vergewaltigung und sexuelle Noetigung;5116000;Moenchengladbach;insg.;43;3;40;0;0;0;0;0;0;0;0;0;12;1;11;7;1;6;24;1;23;0;0;0;24;1;23;2017
111000;Vergewaltigung und sexuelle Noetigung;5117000;Muelheim an der Ruhr;insg.;19;0;19;0;0;0;0;0;0;0;0;0;6;0;6;1;0;1;11;0;11;1;0;1;12;0;12;2017
111000;Vergewaltigung und sexuelle Noetigung;9162000;Muenchen;insg.;263;18;245;0;0;0;3;0;3;3;0;3;35;4;31;50;6;44;168;8;160;7;0;7;175;8;167;2017
111000;Vergewaltigung und sexuelle Noetigung;5515000;Muenster;insg.;66;3;63;0;0;0;1;0;1;1;0;1;13;0;13;10;0;10;40;3;37;2;0;2;42;3;39;2017
111000;Vergewaltigung und sexuelle Noetigung;5162024;Neuss;insg.;16;0;16;0;0;0;1;0;1;1;0;1;4;0;4;2;0;2;9;0;9;0;0;0;9;0;9;2017
111000;Vergewaltigung und sexuelle Noetigung;9564000;Nuernberg;insg.;100;9;91;0;0;0;3;1;2;3;1;2;19;0;19;25;4;21;52;4;48;1;0;1;53;4;49;2017
111000;Vergewaltigung und sexuelle Noetigung;5119000;Oberhausen;insg.;24;0;24;0;0;0;0;0;0;0;0;0;8;0;8;6;0;6;10;0;10;0;0;0;10;0;10;2017
111000;Vergewaltigung und sexuelle Noetigung;6413000;Offenbach am Main;insg.;32;1;31;0;0;0;0;0;0;0;0;0;7;0;7;7;0;7;17;1;16;1;0;1;18;1;17;2017
111000;Vergewaltigung und sexuelle Noetigung;3403000;Oldenburg (Oldenburg);insg.;26;1;25;0;0;0;0;0;0;0;0;0;5;0;5;7;0;7;13;1;12;1;0;1;14;1;13;2017
111000;Vergewaltigung und sexuelle Noetigung;3404000;Osnabrueck;insg.;38;4;34;0;0;0;0;0;0;0;0;0;10;2;8;5;0;5;22;2;20;1;0;1;23;2;21;2017
111000;Vergewaltigung und sexuelle Noetigung;5774032;Paderborn;insg.;27;3;24;0;0;0;1;0;1;1;0;1;7;2;5;7;1;6;12;0;12;0;0;0;12;0;12;2017
111000;Vergewaltigung und sexuelle Noetigung;8231000;Pforzheim;insg.;12;1;11;0;0;0;0;0;0;0;0;0;3;1;2;2;0;2;7;0;7;0;0;0;7;0;7;2017
111000;Vergewaltigung und sexuelle Noetigung;12054000;Potsdam;insg.;23;1;22;0;0;0;0;0;0;0;0;0;9;0;9;3;0;3;10;1;9;1;0;1;11;1;10;2017
111000;Vergewaltigung und sexuelle Noetigung;5562032;Recklinghausen;insg.;24;4;20;0;0;0;3;2;1;3;2;1;6;0;6;3;1;2;12;1;11;0;0;0;12;1;11;2017
111000;Vergewaltigung und sexuelle Noetigung;9362000;Regensburg;insg.;22;3;19;0;0;0;0;0;0;0;0;0;4;2;2;2;0;2;15;1;14;1;0;1;16;1;15;2017
111000;Vergewaltigung und sexuelle Noetigung;5120000;Remscheid;insg.;8;0;8;0;0;0;0;0;0;0;0;0;2;0;2;0;0;0;6;0;6;0;0;0;6;0;6;2017
111000;Vergewaltigung und sexuelle Noetigung;8415061;Reutlingen;insg.;14;0;14;0;0;0;0;0;0;0;0;0;2;0;2;2;0;2;10;0;10;0;0;0;10;0;10;2017
111000;Vergewaltigung und sexuelle Noetigung;13003000;Rostock;insg.;35;5;30;0;0;0;1;1;0;1;1;0;7;1;6;3;0;3;22;3;19;2;0;2;24;3;21;2017
111000;Vergewaltigung und sexuelle Noetigung;10041100;Saarbruecken;insg.;25;2;23;0;0;0;0;0;0;0;0;0;6;1;5;6;0;6;13;1;12;0;0;0;13;1;12;2017
111000;Vergewaltigung und sexuelle Noetigung;3102000;Salzgitter;insg.;19;2;17;0;0;0;0;0;0;0;0;0;10;2;8;0;0;0;9;0;9;0;0;0;9;0;9;2017
111000;Vergewaltigung und sexuelle Noetigung;13004000;Schwerin;insg.;23;3;20;0;0;0;0;0;0;0;0;0;8;1;7;5;0;5;9;2;7;1;0;1;10;2;8;2017
111000;Vergewaltigung und sexuelle Noetigung;5970040;Siegen;insg.;12;0;12;0;0;0;0;0;0;0;0;0;4;0;4;1;0;1;7;0;7;0;0;0;7;0;7;2017
111000;Vergewaltigung und sexuelle Noetigung;5122000;Solingen;insg.;24;0;24;0;0;0;1;0;1;1;0;1;7;0;7;1;0;1;15;0;15;0;0;0;15;0;15;2017
111000;Vergewaltigung und sexuelle Noetigung;8111000;Stuttgart;insg.;141;7;134;0;0;0;4;1;3;4;1;3;19;1;18;23;0;23;94;5;89;1;0;1;95;5;90;2017
111000;Vergewaltigung und sexuelle Noetigung;7211000;Trier;insg.;16;0;16;0;0;0;0;0;0;0;0;0;3;0;3;3;0;3;10;0;10;0;0;0;10;0;10;2017
111000;Vergewaltigung und sexuelle Noetigung;8421000;Ulm;insg.;14;1;13;0;0;0;0;0;0;0;0;0;1;0;1;1;0;1;10;0;10;2;1;1;12;1;11;2017
111000;Vergewaltigung und sexuelle Noetigung;6414000;Wiesbaden;insg.;69;4;65;0;0;0;1;0;1;1;0;1;12;2;10;15;0;15;41;2;39;0;0;0;41;2;39;2017
111000;Vergewaltigung und sexuelle Noetigung;3103000;Wolfsburg;insg.;9;0;9;0;0;0;0;0;0;0;0;0;3;0;3;2;0;2;4;0;4;0;0;0;4;0;4;2017
111000;Vergewaltigung und sexuelle Noetigung;5124000;Wuppertal;insg.;54;5;49;0;0;0;4;1;3;4;1;3;11;1;10;10;1;9;28;2;26;1;0;1;29;2;27;2017
111000;Vergewaltigung und sexuelle Noetigung;9663000;Wuerzburg;insg.;28;3;25;0;0;0;0;0;0;0;0;0;10;2;8;5;1;4;13;0;13;0;0;0;13;0;13;2017
210000;Raub, raeuberische Erpressung und raeuberischer Angriff auf Kraftfahrer;5334002;Aachen;insg.;313;224;89;0;0;0;8;7;1;8;7;1;16;13;3;39;33;6;213;155;58;37;16;21;250;171;79;2017
210000;Raub, raeuberische Erpressung und raeuberischer Angriff auf Kraftfahrer;9761000;Augsburg;insg.;141;96;45;0;0;0;4;2;2;4;2;2;7;4;3;11;10;1;112;79;33;7;1;6;119;80;39;2017
210000;Raub, raeuberische Erpressung und raeuberischer Angriff auf Kraftfahrer;5378004;Bergisch Gladbach;insg.;43;35;8;0;0;0;1;1;0;1;1;0;11;11;0;7;7;0;19;14;5;5;2;3;24;16;8;2017
210000;Raub, raeuberische Erpressung und raeuberischer Angriff auf Kraftfahrer;11000000;Berlin;insg.;4966;3546;1420;2;1;1;202;175;27;204;176;28;572;489;83;451;366;85;3220;2298;922;519;217;302;3739;2515;1224;2017
210000;Raub, raeuberische Erpressung und raeuberischer Angriff auf Kraftfahrer;5711000;Bielefeld;insg.;214;173;41;1;1;0;10;9;1;11;10;1;19;15;4;19;16;3;159;127;32;6;5;1;165;132;33;2017
210000;Raub, raeuberische Erpressung und raeuberischer Angriff auf Kraftfahrer;5911000;Bochum;insg.;386;274;112;1;1;0;12;10;2;13;11;2;35;32;3;35;26;9;258;187;71;45;18;27;303;205;98;2017
210000;Raub, raeuberische Erpressung und raeuberischer Angriff auf Kraftfahrer;5314000;Bonn;insg.;435;310;125;1;1;0;22;20;2;23;21;2;43;41;2;62;49;13;275;183;92;32;16;16;307;199;108;2017
210000;Raub, raeuberische Erpressung und raeuberischer Angriff auf Kraftfahrer;5512000;Bottrop;insg.;77;51;26;0;0;0;3;2;1;3;2;1;13;10;3;8;7;1;41;29;12;12;3;9;53;32;21;2017
210000;Raub, raeuberische Erpressung und raeuberischer Angriff auf Kraftfahrer;3101000;Braunschweig;insg.;160;107;53;0;0;0;1;1;0;1;1;0;15;14;1;19;15;4;111;74;37;14;3;11;125;77;48;2017
210000;Raub, raeuberische Erpressung und raeuberischer Angriff auf Kraftfahrer;4011000;Bremen;insg.;997;670;327;0;0;0;22;16;6;22;16;6;88;69;19;93;76;17;658;467;191;136;42;94;794;509;285;2017
210000;Raub, raeuberische Erpressung und raeuberischer Angriff auf Kraftfahrer;4012000;Bremerhaven;insg.;204;126;78;0;0;0;4;3;1;4;3;1;11;10;1;12;5;7;152;95;57;25;13;12;177;108;69;2017
210000;Raub, raeuberische Erpressung und raeuberischer Angriff auf Kraftfahrer;14511000;Chemnitz;insg.;233;180;53;0;0;0;7;7;0;7;7;0;20;19;1;23;16;7;164;131;33;19;7;12;183;138;45;2017
210000;Raub, raeuberische Erpressung und raeuberischer Angriff auf Kraftfahrer;12052000;Cottbus;insg.;82;57;25;0;0;0;0;0;0;0;0;0;5;5;0;7;6;1;65;44;21;5;2;3;70;46;24;2017
210000;Raub, raeuberische Erpressung und raeuberischer Angriff auf Kraftfahrer;6411000;Darmstadt;insg.;107;81;26;0;0;0;10;9;1;10;9;1;12;9;3;11;9;2;71;52;19;3;2;1;74;54;20;2017
210000;Raub, raeuberische Erpressung und raeuberischer Angriff auf Kraftfahrer;5913000;Dortmund;insg.;822;598;224;1;0;1;68;55;13;69;55;14;77;61;16;97;74;23;508;377;131;71;31;40;579;408;171;2017
210000;Raub, raeuberische Erpressung und raeuberischer Angriff auf Kraftfahrer;14612000;Dresden;insg.;376;292;84;0;0;0;5;3;2;5;3;2;20;19;1;38;33;5;286;225;61;27;12;15;313;237;76;2017
210000;Raub, raeuberische Erpressung und raeuberischer Angriff auf Kraftfahrer;5112000;Duisburg;insg.;529;341;188;0;0;0;35;30;5;35;30;5;68;63;5;47;32;15;315;186;129;64;30;34;379;216;163;2017
210000;Raub, raeuberische Erpressung und raeuberischer Angriff auf Kraftfahrer;5111000;Duesseldorf;insg.;562;393;169;1;0;1;13;10;3;14;10;4;47;40;7;61;47;14;370;265;105;70;31;39;440;296;144;2017
210000;Raub, raeuberische Erpressung und raeuberischer Angriff auf Kraftfahrer;16051000;Erfurt;insg.;154;114;40;0;0;0;5;4;1;5;4;1;15;13;2;14;13;1;105;77;28;15;7;8;120;84;36;2017
210000;Raub, raeuberische Erpressung und raeuberischer Angriff auf Kraftfahrer;9562000;Erlangen;insg.;25;12;13;0;0;0;0;0;0;0;0;0;3;2;1;0;0;0;17;8;9;5;2;3;22;10;12;2017
210000;Raub, raeuberische Erpressung und raeuberischer Angriff auf Kraftfahrer;5113000;Essen;insg.;567;368;199;0;0;0;23;16;7;23;16;7;50;34;16;70;54;16;364;242;122;60;22;38;424;264;160;2017
210000;Raub, raeuberische Erpressung und raeuberischer Angriff auf Kraftfahrer;6412000;Frankfurt am Main;insg.;1090;860;230;3;2;1;23;21;2;26;23;3;71;65;6;114;100;14;806;633;173;73;39;34;879;672;207;2017
210000;Raub, raeuberische Erpressung und raeuberischer Angriff auf Kraftfahrer;8311000;Freiburg im Breisgau;insg.;218;160;58;0;0;0;4;2;2;4;2;2;11;10;1;15;13;2;174;126;48;14;9;5;188;135;53;2017
210000;Raub, raeuberische Erpressung und raeuberischer Angriff auf Kraftfahrer;9563000;Fuerth;insg.;45;29;16;0;0;0;1;1;0;1;1;0;3;2;1;2;2;0;34;23;11;5;1;4;39;24;15;2017
210000;Raub, raeuberische Erpressung und raeuberischer Angriff auf Kraftfahrer;5513000;Gelsenkirchen;insg.;293;214;79;0;0;0;21;21;0;21;21;0;46;40;6;30;23;7;168;115;53;28;15;13;196;130;66;2017
210000;Raub, raeuberische Erpressung und raeuberischer Angriff auf Kraftfahrer;3159016;Goettingen;insg.;166;127;39;0;0;0;4;4;0;4;4;0;15;14;1;20;17;3;118;86;32;9;6;3;127;92;35;2017
210000;Raub, raeuberische Erpressung und raeuberischer Angriff auf Kraftfahrer;5914000;Hagen;insg.;210;158;52;0;0;0;9;8;1;9;8;1;24;20;4;22;22;0;130;94;36;25;14;11;155;108;47;2017
210000;Raub, raeuberische Erpressung und raeuberischer Angriff auf Kraftfahrer;15002000;Halle (Saale);insg.;331;245;86;1;0;1;21;19;2;22;19;3;32;28;4;35;25;10;211;156;55;31;17;14;242;173;69;2017
210000;Raub, raeuberische Erpressung und raeuberischer Angriff auf Kraftfahrer;2000000;Hamburg;insg.;2370;1813;557;2;2;0;51;43;8;53;45;8;154;135;19;256;218;38;1714;1318;396;193;97;96;1907;1415;492;2017
210000;Raub, raeuberische Erpressung und raeuberischer Angriff auf Kraftfahrer;5915000;Hamm;insg.;186;130;56;0;0;0;6;5;1;6;5;1;16;16;0;21;20;1;127;80;47;16;9;7;143;89;54;2017
210000;Raub, raeuberische Erpressung und raeuberischer Angriff auf Kraftfahrer;3241001;Hannover;insg.;610;440;170;0;0;0;15;14;1;15;14;1;35;30;5;55;42;13;455;332;123;50;22;28;505;354;151;2017
210000;Raub, raeuberische Erpressung und raeuberischer Angriff auf Kraftfahrer;8221000;Heidelberg;insg.;80;60;20;1;1;0;5;3;2;6;4;2;8;7;1;11;8;3;49;38;11;6;3;3;55;41;14;2017
210000;Raub, raeuberische Erpressung und raeuberischer Angriff auf Kraftfahrer;8121000;Heilbronn;insg.;64;39;25;0;0;0;1;1;0;1;1;0;3;2;1;2;2;0;52;30;22;6;4;2;58;34;24;2017
210000;Raub, raeuberische Erpressung und raeuberischer Angriff auf Kraftfahrer;5916000;Herne;insg.;105;69;36;0;0;0;7;5;2;7;5;2;16;16;0;10;10;0;50;33;17;22;5;17;72;38;34;2017
210000;Raub, raeuberische Erpressung und raeuberischer Angriff auf Kraftfahrer;3254021;Hildesheim;insg.;101;64;37;0;0;0;4;4;0;4;4;0;4;3;1;10;9;1;67;43;24;16;5;11;83;48;35;2017
210000;Raub, raeuberische Erpressung und raeuberischer Angriff auf Kraftfahrer;9161000;Ingolstadt;insg.;45;34;11;0;0;0;0;0;0;0;0;0;2;2;0;3;3;0;36;26;10;4;3;1;40;29;11;2017
210000;Raub, raeuberische Erpressung und raeuberischer Angriff auf Kraftfahrer;16053000;Jena;insg.;39;30;9;0;0;0;0;0;0;0;0;0;2;2;0;5;3;2;29;23;6;3;2;1;32;25;7;2017
210000;Raub, raeuberische Erpressung und raeuberischer Angriff auf Kraftfahrer;8212000;Karlsruhe;insg.;232;174;58;0;0;0;2;1;1;2;1;1;17;15;2;25;18;7;169;129;40;19;11;8;188;140;48;2017
210000;Raub, raeuberische Erpressung und raeuberischer Angriff auf Kraftfahrer;6611000;Kassel;insg.;198;141;57;2;2;0;0;0;0;2;2;0;18;15;3;19;13;6;142;102;40;17;9;8;159;111;48;2017
210000;Raub, raeuberische Erpressung und raeuberischer Angriff auf Kraftfahrer;1002000;Kiel;insg.;324;261;63;0;0;0;12;11;1;12;11;1;31;29;2;30;25;5;229;183;46;22;13;9;251;196;55;2017
210000;Raub, raeuberische Erpressung und raeuberischer Angriff auf Kraftfahrer;7111000;Koblenz;insg.;85;53;32;0;0;0;0;0;0;0;0;0;8;7;1;10;9;1;51;29;22;16;8;8;67;37;30;2017
210000;Raub, raeuberische Erpressung und raeuberischer Angriff auf Kraftfahrer;5315000;Koeln;insg.;1461;1028;433;1;1;0;48;38;10;49;39;10;139;117;22;132;106;26;973;698;275;168;68;100;1141;766;375;2017
210000;Raub, raeuberische Erpressung und raeuberischer Angriff auf Kraftfahrer;5114000;Krefeld;insg.;192;131;61;0;0;0;8;7;1;8;7;1;21;20;1;18;12;6;126;83;43;19;9;10;145;92;53;2017
210000;Raub, raeuberische Erpressung und raeuberischer Angriff auf Kraftfahrer;14713000;Leipzig;insg.;594;386;208;0;0;0;15;13;2;15;13;2;46;36;10;48;39;9;401;285;116;84;13;71;485;298;187;2017
210000;Raub, raeuberische Erpressung und raeuberischer Angriff auf Kraftfahrer;5316000;Leverkusen;insg.;144;108;36;0;0;0;11;10;1;11;10;1;33;30;3;12;9;3;71;53;18;17;6;11;88;59;29;2017
210000;Raub, raeuberische Erpressung und raeuberischer Angriff auf Kraftfahrer;1003000;Luebeck;insg.;216;161;55;0;0;0;4;4;0;4;4;0;27;21;6;18;16;2;156;114;42;11;6;5;167;120;47;2017
210000;Raub, raeuberische Erpressung und raeuberischer Angriff auf Kraftfahrer;7314000;Ludwigshafen am Rhein;insg.;223;173;50;0;0;0;21;16;5;21;16;5;73;69;4;17;13;4;98;66;32;14;9;5;112;75;37;2017
210000;Raub, raeuberische Erpressung und raeuberischer Angriff auf Kraftfahrer;15003000;Magdeburg;insg.;264;185;79;0;0;0;8;8;0;8;8;0;38;33;5;39;32;7;162;107;55;17;5;12;179;112;67;2017
210000;Raub, raeuberische Erpressung und raeuberischer Angriff auf Kraftfahrer;7315000;Mainz;insg.;119;90;29;0;0;0;2;2;0;2;2;0;21;18;3;17;16;1;68;48;20;11;6;5;79;54;25;2017
210000;Raub, raeuberische Erpressung und raeuberischer Angriff auf Kraftfahrer;8222000;Mannheim;insg.;301;210;91;0;0;0;11;9;2;11;9;2;18;14;4;35;29;6;200;141;59;37;17;20;237;158;79;2017
210000;Raub, raeuberische Erpressung und raeuberischer Angriff auf Kraftfahrer;5170024;Moers;insg.;63;41;22;0;0;0;2;2;0;2;2;0;7;6;1;5;3;2;46;28;18;3;2;1;49;30;19;2017
210000;Raub, raeuberische Erpressung und raeuberischer Angriff auf Kraftfahrer;5116000;Moenchengladbach;insg.;244;160;84;1;1;0;10;7;3;11;8;3;19;17;2;21;17;4;159;101;58;34;17;17;193;118;75;2017
210000;Raub, raeuberische Erpressung und raeuberischer Angriff auf Kraftfahrer;5117000;Muelheim an der Ruhr;insg.;95;55;40;0;0;0;7;5;2;7;5;2;14;11;3;7;5;2;51;27;24;16;7;9;67;34;33;2017
210000;Raub, raeuberische Erpressung und raeuberischer Angriff auf Kraftfahrer;9162000;Muenchen;insg.;628;416;212;0;0;0;16;12;4;16;12;4;52;40;12;60;38;22;448;300;148;52;26;26;500;326;174;2017
210000;Raub, raeuberische Erpressung und raeuberischer Angriff auf Kraftfahrer;5515000;Muenster;insg.;232;157;75;0;0;0;9;7;2;9;7;2;25;20;5;25;21;4;144;102;42;29;7;22;173;109;64;2017
210000;Raub, raeuberische Erpressung und raeuberischer Angriff auf Kraftfahrer;5162024;Neuss;insg.;133;107;26;0;0;0;10;10;0;10;10;0;18;15;3;14;12;2;79;61;18;12;9;3;91;70;21;2017
210000;Raub, raeuberische Erpressung und raeuberischer Angriff auf Kraftfahrer;9564000;Nuernberg;insg.;322;217;105;0;0;0;6;5;1;6;5;1;25;19;6;29;24;5;233;155;78;29;14;15;262;169;93;2017
210000;Raub, raeuberische Erpressung und raeuberischer Angriff auf Kraftfahrer;5119000;Oberhausen;insg.;207;159;48;0;0;0;13;10;3;13;10;3;47;40;7;17;14;3;107;79;28;23;16;7;130;95;35;2017
210000;Raub, raeuberische Erpressung und raeuberischer Angriff auf Kraftfahrer;6413000;Offenbach am Main;insg.;138;102;36;0;0;0;4;2;2;4;2;2;33;27;6;12;7;5;81;63;18;8;3;5;89;66;23;2017
210000;Raub, raeuberische Erpressung und raeuberischer Angriff auf Kraftfahrer;3403000;Oldenburg (Oldenburg);insg.;145;99;46;0;0;0;1;1;0;1;1;0;8;8;0;22;16;6;105;69;36;9;5;4;114;74;40;2017
210000;Raub, raeuberische Erpressung und raeuberischer Angriff auf Kraftfahrer;3404000;Osnabrueck;insg.;194;143;51;0;0;0;5;4;1;5;4;1;11;9;2;21;15;6;142;108;34;15;7;8;157;115;42;2017
210000;Raub, raeuberische Erpressung und raeuberischer Angriff auf Kraftfahrer;5774032;Paderborn;insg.;113;90;23;0;0;0;3;3;0;3;3;0;11;11;0;20;18;2;72;54;18;7;4;3;79;58;21;2017
210000;Raub, raeuberische Erpressung und raeuberischer Angriff auf Kraftfahrer;8231000;Pforzheim;insg.;65;53;12;0;0;0;1;1;0;1;1;0;12;11;1;15;12;3;34;29;5;3;0;3;37;29;8;2017
210000;Raub, raeuberische Erpressung und raeuberischer Angriff auf Kraftfahrer;12054000;Potsdam;insg.;134;97;37;0;0;0;7;6;1;7;6;1;25;19;6;10;9;1;78;60;18;14;3;11;92;63;29;2017
210000;Raub, raeuberische Erpressung und raeuberischer Angriff auf Kraftfahrer;5562032;Recklinghausen;insg.;143;108;35;0;0;0;12;11;1;12;11;1;17;15;2;11;7;4;86;65;21;17;10;7;103;75;28;2017
210000;Raub, raeuberische Erpressung und raeuberischer Angriff auf Kraftfahrer;9362000;Regensburg;insg.;91;59;32;0;0;0;0;0;0;0;0;0;9;9;0;12;9;3;63;36;27;7;5;2;70;41;29;2017
210000;Raub, raeuberische Erpressung und raeuberischer Angriff auf Kraftfahrer;5120000;Remscheid;insg.;66;41;25;0;0;0;2;2;0;2;2;0;3;3;0;10;9;1;42;24;18;9;3;6;51;27;24;2017
210000;Raub, raeuberische Erpressung und raeuberischer Angriff auf Kraftfahrer;8415061;Reutlingen;insg.;51;35;16;0;0;0;3;3;0;3;3;0;6;5;1;8;6;2;33;20;13;1;1;0;34;21;13;2017
210000;Raub, raeuberische Erpressung und raeuberischer Angriff auf Kraftfahrer;13003000;Rostock;insg.;160;110;50;0;0;0;9;6;3;9;6;3;13;12;1;11;8;3;114;79;35;13;5;8;127;84;43;2017
210000;Raub, raeuberische Erpressung und raeuberischer Angriff auf Kraftfahrer;10041100;Saarbruecken;insg.;293;200;93;0;0;0;6;6;0;6;6;0;34;27;7;28;22;6;206;136;70;19;9;10;225;145;80;2017
210000;Raub, raeuberische Erpressung und raeuberischer Angriff auf Kraftfahrer;3102000;Salzgitter;insg.;51;28;23;0;0;0;1;0;1;1;0;1;4;4;0;4;4;0;38;18;20;4;2;2;42;20;22;2017
210000;Raub, raeuberische Erpressung und raeuberischer Angriff auf Kraftfahrer;13004000;Schwerin;insg.;83;57;26;0;0;0;4;3;1;4;3;1;7;7;0;6;5;1;57;38;19;9;4;5;66;42;24;2017
210000;Raub, raeuberische Erpressung und raeuberischer Angriff auf Kraftfahrer;5970040;Siegen;insg.;61;49;12;0;0;0;3;2;1;3;2;1;7;7;0;4;3;1;45;35;10;2;2;0;47;37;10;2017
210000;Raub, raeuberische Erpressung und raeuberischer Angriff auf Kraftfahrer;5122000;Solingen;insg.;137;100;37;0;0;0;10;8;2;10;8;2;19;15;4;19;16;3;74;52;22;15;9;6;89;61;28;2017
210000;Raub, raeuberische Erpressung und raeuberischer Angriff auf Kraftfahrer;8111000;Stuttgart;insg.;587;415;172;0;0;0;17;15;2;17;15;2;44;35;9;65;46;19;408;299;109;53;20;33;461;319;142;2017
210000;Raub, raeuberische Erpressung und raeuberischer Angriff auf Kraftfahrer;7211000;Trier;insg.;82;58;24;0;0;0;0;0;0;0;0;0;4;4;0;7;6;1;62;42;20;9;6;3;71;48;23;2017
210000;Raub, raeuberische Erpressung und raeuberischer Angriff auf Kraftfahrer;8421000;Ulm;insg.;79;53;26;0;0;0;0;0;0;0;0;0;2;1;1;10;8;2;64;43;21;3;1;2;67;44;23;2017
210000;Raub, raeuberische Erpressung und raeuberischer Angriff auf Kraftfahrer;6414000;Wiesbaden;insg.;227;174;53;1;1;0;5;4;1;6;5;1;34;29;5;35;34;1;140;99;41;12;7;5;152;106;46;2017
210000;Raub, raeuberische Erpressung und raeuberischer Angriff auf Kraftfahrer;3103000;Wolfsburg;insg.;59;34;25;0;0;0;2;1;1;2;1;1;6;5;1;11;8;3;32;16;16;8;4;4;40;20;20;2017
210000;Raub, raeuberische Erpressung und raeuberischer Angriff auf Kraftfahrer;5124000;Wuppertal;insg.;395;270;125;0;0;0;34;23;11;34;23;11;31;22;9;36;29;7;244;180;64;50;16;34;294;196;98;2017
210000;Raub, raeuberische Erpressung und raeuberischer Angriff auf Kraftfahrer;9663000;Wuerzburg;insg.;39;32;7;0;0;0;0;0;0;0;0;0;4;4;0;7;7;0;25;19;6;3;2;1;28;21;7;2017
211000;Raub, raeuberische Erpressung auf/gegen Geldinstitute, Postfilialen und -agenturen;5334002;Aachen;insg.;3;2;1;0;0;0;0;0;0;0;0;0;0;0;0;0;0;0;3;2;1;0;0;0;3;2;1;2017
211000;Raub, raeuberische Erpressung auf/gegen Geldinstitute, Postfilialen und -agenturen;9761000;Augsburg;insg.;6;3;3;0;0;0;0;0;0;0;0;0;0;0;0;0;0;0;6;3;3;0;0;0;6;3;3;2017
211000;Raub, raeuberische Erpressung auf/gegen Geldinstitute, Postfilialen und -agenturen;5378004;Bergisch Gladbach;insg.;0;0;0;0;0;0;0;0;0;0;0;0;0;0;0;0;0;0;0;0;0;0;0;0;0;0;0;2017
211000;Raub, raeuberische Erpressung auf/gegen Geldinstitute, Postfilialen und -agenturen;11000000;Berlin;insg.;15;7;8;0;0;0;0;0;0;0;0;0;0;0;0;1;1;0;13;6;7;1;0;1;14;6;8;2017
211000;Raub, raeuberische Erpressung auf/gegen Geldinstitute, Postfilialen und -agenturen;5711000;Bielefeld;insg.;0;0;0;0;0;0;0;0;0;0;0;0;0;0;0;0;0;0;0;0;0;0;0;0;0;0;0;2017
211000;Raub, raeuberische Erpressung auf/gegen Geldinstitute, Postfilialen und -agenturen;5911000;Bochum;insg.;1;1;0;0;0;0;0;0;0;0;0;0;0;0;0;0;0;0;1;1;0;0;0;0;1;1;0;2017
211000;Raub, raeuberische Erpressung auf/gegen Geldinstitute, Postfilialen und -agenturen;5314000;Bonn;insg.;0;0;0;0;0;0;0;0;0;0;0;0;0;0;0;0;0;0;0;0;0;0;0;0;0;0;0;2017
211000;Raub, raeuberische Erpressung auf/gegen Geldinstitute, Postfilialen und -agenturen;5512000;Bottrop;insg.;0;0;0;0;0;0;0;0;0;0;0;0;0;0;0;0;0;0;0;0;0;0;0;0;0;0;0;2017
211000;Raub, raeuberische Erpressung auf/gegen Geldinstitute, Postfilialen und -agenturen;3101000;Braunschweig;insg.;0;0;0;0;0;0;0;0;0;0;0;0;0;0;0;0;0;0;0;0;0;0;0;0;0;0;0;2017
211000;Raub, raeuberische Erpressung auf/gegen Geldinstitute, Postfilialen und -agenturen;4011000;Bremen;insg.;4;0;4;0;0;0;0;0;0;0;0;0;0;0;0;0;0;0;3;0;3;1;0;1;4;0;4;2017
211000;Raub, raeuberische Erpressung auf/gegen Geldinstitute, Postfilialen und -agenturen;4012000;Bremerhaven;insg.;1;0;1;0;0;0;0;0;0;0;0;0;0;0;0;0;0;0;1;0;1;0;0;0;1;0;1;2017
211000;Raub, raeuberische Erpressung auf/gegen Geldinstitute, Postfilialen und -agenturen;14511000;Chemnitz;insg.;0;0;0;0;0;0;0;0;0;0;0;0;0;0;0;0;0;0;0;0;0;0;0;0;0;0;0;2017
211000;Raub, raeuberische Erpressung auf/gegen Geldinstitute, Postfilialen und -agenturen;12052000;Cottbus;insg.;0;0;0;0;0;0;0;0;0;0;0;0;0;0;0;0;0;0;0;0;0;0;0;0;0;0;0;2017
211000;Raub, raeuberische Erpressung auf/gegen Geldinstitute, Postfilialen und -agenturen;6411000;Darmstadt;insg.;1;0;1;0;0;0;0;0;0;0;0;0;0;0;0;0;0;0;1;0;1;0;0;0;1;0;1;2017
211000;Raub, raeuberische Erpressung auf/gegen Geldinstitute, Postfilialen und -agenturen;5913000;Dortmund;insg.;2;1;1;0;0;0;0;0;0;0;0;0;0;0;0;0;0;0;1;1;0;1;0;1;2;1;1;2017
211000;Raub, raeuberische Erpressung auf/gegen Geldinstitute, Postfilialen und -agenturen;14612000;Dresden;insg.;3;1;2;0;0;0;0;0;0;0;0;0;0;0;0;0;0;0;3;1;2;0;0;0;3;1;2;2017
211000;Raub, raeuberische Erpressung auf/gegen Geldinstitute, Postfilialen und -agenturen;5112000;Duisburg;insg.;2;1;1;0;0;0;0;0;0;0;0;0;0;0;0;0;0;0;2;1;1;0;0;0;2;1;1;2017
211000;Raub, raeuberische Erpressung auf/gegen Geldinstitute, Postfilialen und -agenturen;5111000;Duesseldorf;insg.;1;0;1;0;0;0;0;0;0;0;0;0;0;0;0;1;0;1;0;0;0;0;0;0;0;0;0;2017
211000;Raub, raeuberische Erpressung auf/gegen Geldinstitute, Postfilialen und -agenturen;16051000;Erfurt;insg.;0;0;0;0;0;0;0;0;0;0;0;0;0;0;0;0;0;0;0;0;0;0;0;0;0;0;0;2017
211000;Raub, raeuberische Erpressung auf/gegen Geldinstitute, Postfilialen und -agenturen;9562000;Erlangen;insg.;0;0;0;0;0;0;0;0;0;0;0;0;0;0;0;0;0;0;0;0;0;0;0;0;0;0;0;2017
211000;Raub, raeuberische Erpressung auf/gegen Geldinstitute, Postfilialen und -agenturen;5113000;Essen;insg.;1;1;0;0;0;0;0;0;0;0;0;0;0;0;0;0;0;0;1;1;0;0;0;0;1;1;0;2017
211000;Raub, raeuberische Erpressung auf/gegen Geldinstitute, Postfilialen und -agenturen;6412000;Frankfurt am Main;insg.;0;0;0;0;0;0;0;0;0;0;0;0;0;0;0;0;0;0;0;0;0;0;0;0;0;0;0;2017
211000;Raub, raeuberische Erpressung auf/gegen Geldinstitute, Postfilialen und -agenturen;8311000;Freiburg im Breisgau;insg.;1;1;0;0;0;0;0;0;0;0;0;0;0;0;0;0;0;0;1;1;0;0;0;0;1;1;0;2017
211000;Raub, raeuberische Erpressung auf/gegen Geldinstitute, Postfilialen und -agenturen;9563000;Fuerth;insg.;0;0;0;0;0;0;0;0;0;0;0;0;0;0;0;0;0;0;0;0;0;0;0;0;0;0;0;2017
211000;Raub, raeuberische Erpressung auf/gegen Geldinstitute, Postfilialen und -agenturen;5513000;Gelsenkirchen;insg.;0;0;0;0;0;0;0;0;0;0;0;0;0;0;0;0;0;0;0;0;0;0;0;0;0;0;0;2017
211000;Raub, raeuberische Erpressung auf/gegen Geldinstitute, Postfilialen und -agenturen;3159016;Goettingen;insg.;1;1;0;0;0;0;0;0;0;0;0;0;0;0;0;0;0;0;1;1;0;0;0;0;1;1;0;2017
211000;Raub, raeuberische Erpressung auf/gegen Geldinstitute, Postfilialen und -agenturen;5914000;Hagen;insg.;1;1;0;0;0;0;0;0;0;0;0;0;0;0;0;0;0;0;1;1;0;0;0;0;1;1;0;2017
211000;Raub, raeuberische Erpressung auf/gegen Geldinstitute, Postfilialen und -agenturen;15002000;Halle (Saale);insg.;0;0;0;0;0;0;0;0;0;0;0;0;0;0;0;0;0;0;0;0;0;0;0;0;0;0;0;2017
211000;Raub, raeuberische Erpressung auf/gegen Geldinstitute, Postfilialen und -agenturen;2000000;Hamburg;insg.;6;3;3;0;0;0;0;0;0;0;0;0;0;0;0;0;0;0;4;2;2;2;1;1;6;3;3;2017
211000;Raub, raeuberische Erpressung auf/gegen Geldinstitute, Postfilialen und -agenturen;5915000;Hamm;insg.;0;0;0;0;0;0;0;0;0;0;0;0;0;0;0;0;0;0;0;0;0;0;0;0;0;0;0;2017
211000;Raub, raeuberische Erpressung auf/gegen Geldinstitute, Postfilialen und -agenturen;3241001;Hannover;insg.;4;3;1;0;0;0;0;0;0;0;0;0;0;0;0;0;0;0;4;3;1;0;0;0;4;3;1;2017
211000;Raub, raeuberische Erpressung auf/gegen Geldinstitute, Postfilialen und -agenturen;8221000;Heidelberg;insg.;0;0;0;0;0;0;0;0;0;0;0;0;0;0;0;0;0;0;0;0;0;0;0;0;0;0;0;2017
211000;Raub, raeuberische Erpressung auf/gegen Geldinstitute, Postfilialen und -agenturen;8121000;Heilbronn;insg.;0;0;0;0;0;0;0;0;0;0;0;0;0;0;0;0;0;0;0;0;0;0;0;0;0;0;0;2017
211000;Raub, raeuberische Erpressung auf/gegen Geldinstitute, Postfilialen und -agenturen;5916000;Herne;insg.;0;0;0;0;0;0;0;0;0;0;0;0;0;0;0;0;0;0;0;0;0;0;0;0;0;0;0;2017
211000;Raub, raeuberische Erpressung auf/gegen Geldinstitute, Postfilialen und -agenturen;3254021;Hildesheim;insg.;1;0;1;0;0;0;0;0;0;0;0;0;0;0;0;0;0;0;1;0;1;0;0;0;1;0;1;2017
211000;Raub, raeuberische Erpressung auf/gegen Geldinstitute, Postfilialen und -agenturen;9161000;Ingolstadt;insg.;0;0;0;0;0;0;0;0;0;0;0;0;0;0;0;0;0;0;0;0;0;0;0;0;0;0;0;2017
211000;Raub, raeuberische Erpressung auf/gegen Geldinstitute, Postfilialen und -agenturen;16053000;Jena;insg.;0;0;0;0;0;0;0;0;0;0;0;0;0;0;0;0;0;0;0;0;0;0;0;0;0;0;0;2017
211000;Raub, raeuberische Erpressung auf/gegen Geldinstitute, Postfilialen und -agenturen;8212000;Karlsruhe;insg.;0;0;0;0;0;0;0;0;0;0;0;0;0;0;0;0;0;0;0;0;0;0;0;0;0;0;0;2017
211000;Raub, raeuberische Erpressung auf/gegen Geldinstitute, Postfilialen und -agenturen;6611000;Kassel;insg.;3;1;2;0;0;0;0;0;0;0;0;0;0;0;0;0;0;0;3;1;2;0;0;0;3;1;2;2017
211000;Raub, raeuberische Erpressung auf/gegen Geldinstitute, Postfilialen und -agenturen;1002000;Kiel;insg.;1;0;1;0;0;0;0;0;0;0;0;0;0;0;0;0;0;0;1;0;1;0;0;0;1;0;1;2017
211000;Raub, raeuberische Erpressung auf/gegen Geldinstitute, Postfilialen und -agenturen;7111000;Koblenz;insg.;1;1;0;0;0;0;0;0;0;0;0;0;0;0;0;0;0;0;0;0;0;1;1;0;1;1;0;2017
211000;Raub, raeuberische Erpressung auf/gegen Geldinstitute, Postfilialen und -agenturen;5315000;Koeln;insg.;2;1;1;0;0;0;0;0;0;0;0;0;0;0;0;1;1;0;1;0;1;0;0;0;1;0;1;2017
211000;Raub, raeuberische Erpressung auf/gegen Geldinstitute, Postfilialen und -agenturen;5114000;Krefeld;insg.;0;0;0;0;0;0;0;0;0;0;0;0;0;0;0;0;0;0;0;0;0;0;0;0;0;0;0;2017
211000;Raub, raeuberische Erpressung auf/gegen Geldinstitute, Postfilialen und -agenturen;14713000;Leipzig;insg.;2;0;2;0;0;0;0;0;0;0;0;0;0;0;0;0;0;0;2;0;2;0;0;0;2;0;2;2017
211000;Raub, raeuberische Erpressung auf/gegen Geldinstitute, Postfilialen und -agenturen;5316000;Leverkusen;insg.;0;0;0;0;0;0;0;0;0;0;0;0;0;0;0;0;0;0;0;0;0;0;0;0;0;0;0;2017
211000;Raub, raeuberische Erpressung auf/gegen Geldinstitute, Postfilialen und -agenturen;1003000;Luebeck;insg.;0;0;0;0;0;0;0;0;0;0;0;0;0;0;0;0;0;0;0;0;0;0;0;0;0;0;0;2017
211000;Raub, raeuberische Erpressung auf/gegen Geldinstitute, Postfilialen und -agenturen;7314000;Ludwigshafen am Rhein;insg.;0;0;0;0;0;0;0;0;0;0;0;0;0;0;0;0;0;0;0;0;0;0;0;0;0;0;0;2017
211000;Raub, raeuberische Erpressung auf/gegen Geldinstitute, Postfilialen und -agenturen;15003000;Magdeburg;insg.;5;2;3;0;0;0;0;0;0;0;0;0;1;1;0;1;0;1;3;1;2;0;0;0;3;1;2;2017
211000;Raub, raeuberische Erpressung auf/gegen Geldinstitute, Postfilialen und -agenturen;7315000;Mainz;insg.;0;0;0;0;0;0;0;0;0;0;0;0;0;0;0;0;0;0;0;0;0;0;0;0;0;0;0;2017
211000;Raub, raeuberische Erpressung auf/gegen Geldinstitute, Postfilialen und -agenturen;8222000;Mannheim;insg.;2;1;1;0;0;0;0;0;0;0;0;0;0;0;0;0;0;0;2;1;1;0;0;0;2;1;1;2017
211000;Raub, raeuberische Erpressung auf/gegen Geldinstitute, Postfilialen und -agenturen;5170024;Moers;insg.;0;0;0;0;0;0;0;0;0;0;0;0;0;0;0;0;0;0;0;0;0;0;0;0;0;0;0;2017
211000;Raub, raeuberische Erpressung auf/gegen Geldinstitute, Postfilialen und -agenturen;5116000;Moenchengladbach;insg.;4;2;2;0;0;0;0;0;0;0;0;0;0;0;0;1;0;1;2;1;1;1;1;0;3;2;1;2017
211000;Raub, raeuberische Erpressung auf/gegen Geldinstitute, Postfilialen und -agenturen;5117000;Muelheim an der Ruhr;insg.;0;0;0;0;0;0;0;0;0;0;0;0;0;0;0;0;0;0;0;0;0;0;0;0;0;0;0;2017
211000;Raub, raeuberische Erpressung auf/gegen Geldinstitute, Postfilialen und -agenturen;9162000;Muenchen;insg.;12;4;8;0;0;0;0;0;0;0;0;0;2;0;2;1;0;1;9;4;5;0;0;0;9;4;5;2017
211000;Raub, raeuberische Erpressung auf/gegen Geldinstitute, Postfilialen und -agenturen;5515000;Muenster;insg.;1;1;0;0;0;0;0;0;0;0;0;0;0;0;0;0;0;0;1;1;0;0;0;0;1;1;0;2017
211000;Raub, raeuberische Erpressung auf/gegen Geldinstitute, Postfilialen und -agenturen;5162024;Neuss;insg.;0;0;0;0;0;0;0;0;0;0;0;0;0;0;0;0;0;0;0;0;0;0;0;0;0;0;0;2017
211000;Raub, raeuberische Erpressung auf/gegen Geldinstitute, Postfilialen und -agenturen;9564000;Nuernberg;insg.;2;0;2;0;0;0;0;0;0;0;0;0;0;0;0;0;0;0;2;0;2;0;0;0;2;0;2;2017
211000;Raub, raeuberische Erpressung auf/gegen Geldinstitute, Postfilialen und -agenturen;5119000;Oberhausen;insg.;1;1;0;0;0;0;0;0;0;0;0;0;0;0;0;0;0;0;1;1;0;0;0;0;1;1;0;2017
211000;Raub, raeuberische Erpressung auf/gegen Geldinstitute, Postfilialen und -agenturen;6413000;Offenbach am Main;insg.;0;0;0;0;0;0;0;0;0;0;0;0;0;0;0;0;0;0;0;0;0;0;0;0;0;0;0;2017
211000;Raub, raeuberische Erpressung auf/gegen Geldinstitute, Postfilialen und -agenturen;3403000;Oldenburg (Oldenburg);insg.;0;0;0;0;0;0;0;0;0;0;0;0;0;0;0;0;0;0;0;0;0;0;0;0;0;0;0;2017
211000;Raub, raeuberische Erpressung auf/gegen Geldinstitute, Postfilialen und -agenturen;3404000;Osnabrueck;insg.;0;0;0;0;0;0;0;0;0;0;0;0;0;0;0;0;0;0;0;0;0;0;0;0;0;0;0;2017
211000;Raub, raeuberische Erpressung auf/gegen Geldinstitute, Postfilialen und -agenturen;5774032;Paderborn;insg.;0;0;0;0;0;0;0;0;0;0;0;0;0;0;0;0;0;0;0;0;0;0;0;0;0;0;0;2017
211000;Raub, raeuberische Erpressung auf/gegen Geldinstitute, Postfilialen und -agenturen;8231000;Pforzheim;insg.;0;0;0;0;0;0;0;0;0;0;0;0;0;0;0;0;0;0;0;0;0;0;0;0;0;0;0;2017
211000;Raub, raeuberische Erpressung auf/gegen Geldinstitute, Postfilialen und -agenturen;12054000;Potsdam;insg.;0;0;0;0;0;0;0;0;0;0;0;0;0;0;0;0;0;0;0;0;0;0;0;0;0;0;0;2017
211000;Raub, raeuberische Erpressung auf/gegen Geldinstitute, Postfilialen und -agenturen;5562032;Recklinghausen;insg.;0;0;0;0;0;0;0;0;0;0;0;0;0;0;0;0;0;0;0;0;0;0;0;0;0;0;0;2017
211000;Raub, raeuberische Erpressung auf/gegen Geldinstitute, Postfilialen und -agenturen;9362000;Regensburg;insg.;0;0;0;0;0;0;0;0;0;0;0;0;0;0;0;0;0;0;0;0;0;0;0;0;0;0;0;2017
211000;Raub, raeuberische Erpressung auf/gegen Geldinstitute, Postfilialen und -agenturen;5120000;Remscheid;insg.;0;0;0;0;0;0;0;0;0;0;0;0;0;0;0;0;0;0;0;0;0;0;0;0;0;0;0;2017
211000;Raub, raeuberische Erpressung auf/gegen Geldinstitute, Postfilialen und -agenturen;8415061;Reutlingen;insg.;0;0;0;0;0;0;0;0;0;0;0;0;0;0;0;0;0;0;0;0;0;0;0;0;0;0;0;2017
211000;Raub, raeuberische Erpressung auf/gegen Geldinstitute, Postfilialen und -agenturen;13003000;Rostock;insg.;0;0;0;0;0;0;0;0;0;0;0;0;0;0;0;0;0;0;0;0;0;0;0;0;0;0;0;2017
211000;Raub, raeuberische Erpressung auf/gegen Geldinstitute, Postfilialen und -agenturen;10041100;Saarbruecken;insg.;0;0;0;0;0;0;0;0;0;0;0;0;0;0;0;0;0;0;0;0;0;0;0;0;0;0;0;2017
211000;Raub, raeuberische Erpressung auf/gegen Geldinstitute, Postfilialen und -agenturen;3102000;Salzgitter;insg.;0;0;0;0;0;0;0;0;0;0;0;0;0;0;0;0;0;0;0;0;0;0;0;0;0;0;0;2017
211000;Raub, raeuberische Erpressung auf/gegen Geldinstitute, Postfilialen und -agenturen;13004000;Schwerin;insg.;0;0;0;0;0;0;0;0;0;0;0;0;0;0;0;0;0;0;0;0;0;0;0;0;0;0;0;2017
211000;Raub, raeuberische Erpressung auf/gegen Geldinstitute, Postfilialen und -agenturen;5970040;Siegen;insg.;0;0;0;0;0;0;0;0;0;0;0;0;0;0;0;0;0;0;0;0;0;0;0;0;0;0;0;2017
211000;Raub, raeuberische Erpressung auf/gegen Geldinstitute, Postfilialen und -agenturen;5122000;Solingen;insg.;0;0;0;0;0;0;0;0;0;0;0;0;0;0;0;0;0;0;0;0;0;0;0;0;0;0;0;2017
211000;Raub, raeuberische Erpressung auf/gegen Geldinstitute, Postfilialen und -agenturen;8111000;Stuttgart;insg.;2;0;2;0;0;0;0;0;0;0;0;0;0;0;0;0;0;0;1;0;1;1;0;1;2;0;2;2017
211000;Raub, raeuberische Erpressung auf/gegen Geldinstitute, Postfilialen und -agenturen;7211000;Trier;insg.;0;0;0;0;0;0;0;0;0;0;0;0;0;0;0;0;0;0;0;0;0;0;0;0;0;0;0;2017
211000;Raub, raeuberische Erpressung auf/gegen Geldinstitute, Postfilialen und -agenturen;8421000;Ulm;insg.;0;0;0;0;0;0;0;0;0;0;0;0;0;0;0;0;0;0;0;0;0;0;0;0;0;0;0;2017
211000;Raub, raeuberische Erpressung auf/gegen Geldinstitute, Postfilialen und -agenturen;6414000;Wiesbaden;insg.;3;3;0;0;0;0;0;0;0;0;0;0;0;0;0;2;2;0;1;1;0;0;0;0;1;1;0;2017
211000;Raub, raeuberische Erpressung auf/gegen Geldinstitute, Postfilialen und -agenturen;3103000;Wolfsburg;insg.;0;0;0;0;0;0;0;0;0;0;0;0;0;0;0;0;0;0;0;0;0;0;0;0;0;0;0;2017
211000;Raub, raeuberische Erpressung auf/gegen Geldinstitute, Postfilialen und -agenturen;5124000;Wuppertal;insg.;3;1;2;0;0;0;0;0;0;0;0;0;0;0;0;0;0;0;2;1;1;1;0;1;3;1;2;2017
211000;Raub, raeuberische Erpressung auf/gegen Geldinstitute, Postfilialen und -agenturen;9663000;Wuerzburg;insg.;0;0;0;0;0;0;0;0;0;0;0;0;0;0;0;0;0;0;0;0;0;0;0;0;0;0;0;2017
212000;Raub, raeuberische Erpressung auf/gegen sonstige Zahlstellen und Geschaefte;5334002;Aachen;insg.;28;12;16;0;0;0;0;0;0;0;0;0;1;0;1;1;1;0;24;10;14;2;1;1;26;11;15;2017
212000;Raub, raeuberische Erpressung auf/gegen sonstige Zahlstellen und Geschaefte;9761000;Augsburg;insg.;7;4;3;0;0;0;0;0;0;0;0;0;0;0;0;1;1;0;5;3;2;1;0;1;6;3;3;2017
212000;Raub, raeuberische Erpressung auf/gegen sonstige Zahlstellen und Geschaefte;5378004;Bergisch Gladbach;insg.;0;0;0;0;0;0;0;0;0;0;0;0;0;0;0;0;0;0;0;0;0;0;0;0;0;0;0;2017
212000;Raub, raeuberische Erpressung auf/gegen sonstige Zahlstellen und Geschaefte;11000000;Berlin;insg.;657;363;294;0;0;0;2;0;2;2;0;2;7;5;2;29;18;11;562;307;255;57;33;24;619;340;279;2017
212000;Raub, raeuberische Erpressung auf/gegen sonstige Zahlstellen und Geschaefte;5711000;Bielefeld;insg.;6;5;1;0;0;0;0;0;0;0;0;0;0;0;0;3;2;1;3;3;0;0;0;0;3;3;0;2017
212000;Raub, raeuberische Erpressung auf/gegen sonstige Zahlstellen und Geschaefte;5911000;Bochum;insg.;17;8;9;0;0;0;0;0;0;0;0;0;0;0;0;1;1;0;16;7;9;0;0;0;16;7;9;2017
212000;Raub, raeuberische Erpressung auf/gegen sonstige Zahlstellen und Geschaefte;5314000;Bonn;insg.;35;20;15;0;0;0;0;0;0;0;0;0;0;0;0;2;1;1;32;19;13;1;0;1;33;19;14;2017
212000;Raub, raeuberische Erpressung auf/gegen sonstige Zahlstellen und Geschaefte;5512000;Bottrop;insg.;9;4;5;0;0;0;0;0;0;0;0;0;0;0;0;0;0;0;5;3;2;4;1;3;9;4;5;2017
212000;Raub, raeuberische Erpressung auf/gegen sonstige Zahlstellen und Geschaefte;3101000;Braunschweig;insg.;21;6;15;0;0;0;0;0;0;0;0;0;0;0;0;3;1;2;14;4;10;4;1;3;18;5;13;2017
212000;Raub, raeuberische Erpressung auf/gegen sonstige Zahlstellen und Geschaefte;4011000;Bremen;insg.;64;30;34;0;0;0;0;0;0;0;0;0;0;0;0;6;4;2;57;25;32;1;1;0;58;26;32;2017
212000;Raub, raeuberische Erpressung auf/gegen sonstige Zahlstellen und Geschaefte;4012000;Bremerhaven;insg.;29;14;15;0;0;0;0;0;0;0;0;0;0;0;0;3;2;1;25;12;13;1;0;1;26;12;14;2017
212000;Raub, raeuberische Erpressung auf/gegen sonstige Zahlstellen und Geschaefte;14511000;Chemnitz;insg.;2;1;1;0;0;0;0;0;0;0;0;0;0;0;0;0;0;0;2;1;1;0;0;0;2;1;1;2017
212000;Raub, raeuberische Erpressung auf/gegen sonstige Zahlstellen und Geschaefte;12052000;Cottbus;insg.;1;1;0;0;0;0;0;0;0;0;0;0;0;0;0;0;0;0;0;0;0;1;1;0;1;1;0;2017
212000;Raub, raeuberische Erpressung auf/gegen sonstige Zahlstellen und Geschaefte;6411000;Darmstadt;insg.;5;1;4;0;0;0;0;0;0;0;0;0;0;0;0;0;0;0;5;1;4;0;0;0;5;1;4;2017
212000;Raub, raeuberische Erpressung auf/gegen sonstige Zahlstellen und Geschaefte;5913000;Dortmund;insg.;32;12;20;0;0;0;0;0;0;0;0;0;0;0;0;3;1;2;25;9;16;4;2;2;29;11;18;2017
212000;Raub, raeuberische Erpressung auf/gegen sonstige Zahlstellen und Geschaefte;14612000;Dresden;insg.;7;2;5;0;0;0;0;0;0;0;0;0;1;1;0;1;0;1;5;1;4;0;0;0;5;1;4;2017
212000;Raub, raeuberische Erpressung auf/gegen sonstige Zahlstellen und Geschaefte;5112000;Duisburg;insg.;71;22;49;0;0;0;0;0;0;0;0;0;0;0;0;5;1;4;54;15;39;12;6;6;66;21;45;2017
212000;Raub, raeuberische Erpressung auf/gegen sonstige Zahlstellen und Geschaefte;5111000;Duesseldorf;insg.;20;9;11;0;0;0;0;0;0;0;0;0;1;0;1;2;1;1;15;7;8;2;1;1;17;8;9;2017
212000;Raub, raeuberische Erpressung auf/gegen sonstige Zahlstellen und Geschaefte;16051000;Erfurt;insg.;5;2;3;0;0;0;0;0;0;0;0;0;1;0;1;0;0;0;3;1;2;1;1;0;4;2;2;2017
212000;Raub, raeuberische Erpressung auf/gegen sonstige Zahlstellen und Geschaefte;9562000;Erlangen;insg.;1;1;0;0;0;0;0;0;0;0;0;0;0;0;0;0;0;0;0;0;0;1;1;0;1;1;0;2017
212000;Raub, raeuberische Erpressung auf/gegen sonstige Zahlstellen und Geschaefte;5113000;Essen;insg.;45;17;28;0;0;0;0;0;0;0;0;0;1;1;0;2;1;1;39;15;24;3;0;3;42;15;27;2017
212000;Raub, raeuberische Erpressung auf/gegen sonstige Zahlstellen und Geschaefte;6412000;Frankfurt am Main;insg.;51;36;15;0;0;0;0;0;0;0;0;0;1;1;0;2;2;0;45;31;14;3;2;1;48;33;15;2017
212000;Raub, raeuberische Erpressung auf/gegen sonstige Zahlstellen und Geschaefte;8311000;Freiburg im Breisgau;insg.;36;16;20;0;0;0;0;0;0;0;0;0;0;0;0;2;1;1;30;14;16;4;1;3;34;15;19;2017
212000;Raub, raeuberische Erpressung auf/gegen sonstige Zahlstellen und Geschaefte;9563000;Fuerth;insg.;3;2;1;0;0;0;0;0;0;0;0;0;0;0;0;0;0;0;3;2;1;0;0;0;3;2;1;2017
212000;Raub, raeuberische Erpressung auf/gegen sonstige Zahlstellen und Geschaefte;5513000;Gelsenkirchen;insg.;21;10;11;0;0;0;0;0;0;0;0;0;0;0;0;0;0;0;20;9;11;1;1;0;21;10;11;2017
212000;Raub, raeuberische Erpressung auf/gegen sonstige Zahlstellen und Geschaefte;3159016;Goettingen;insg.;23;14;9;0;0;0;0;0;0;0;0;0;1;1;0;0;0;0;22;13;9;0;0;0;22;13;9;2017
212000;Raub, raeuberische Erpressung auf/gegen sonstige Zahlstellen und Geschaefte;5914000;Hagen;insg.;11;6;5;0;0;0;0;0;0;0;0;0;0;0;0;1;1;0;9;4;5;1;1;0;10;5;5;2017
212000;Raub, raeuberische Erpressung auf/gegen sonstige Zahlstellen und Geschaefte;15002000;Halle (Saale);insg.;8;2;6;0;0;0;0;0;0;0;0;0;0;0;0;1;0;1;6;2;4;1;0;1;7;2;5;2017
212000;Raub, raeuberische Erpressung auf/gegen sonstige Zahlstellen und Geschaefte;2000000;Hamburg;insg.;91;50;41;0;0;0;0;0;0;0;0;0;1;1;0;7;2;5;74;40;34;9;7;2;83;47;36;2017
212000;Raub, raeuberische Erpressung auf/gegen sonstige Zahlstellen und Geschaefte;5915000;Hamm;insg.;18;6;12;0;0;0;0;0;0;0;0;0;0;0;0;1;1;0;16;5;11;1;0;1;17;5;12;2017
212000;Raub, raeuberische Erpressung auf/gegen sonstige Zahlstellen und Geschaefte;3241001;Hannover;insg.;42;21;21;0;0;0;0;0;0;0;0;0;0;0;0;3;2;1;34;17;17;5;2;3;39;19;20;2017
212000;Raub, raeuberische Erpressung auf/gegen sonstige Zahlstellen und Geschaefte;8221000;Heidelberg;insg.;6;5;1;0;0;0;0;0;0;0;0;0;0;0;0;2;2;0;4;3;1;0;0;0;4;3;1;2017
212000;Raub, raeuberische Erpressung auf/gegen sonstige Zahlstellen und Geschaefte;8121000;Heilbronn;insg.;3;0;3;0;0;0;0;0;0;0;0;0;0;0;0;0;0;0;3;0;3;0;0;0;3;0;3;2017
212000;Raub, raeuberische Erpressung auf/gegen sonstige Zahlstellen und Geschaefte;5916000;Herne;insg.;16;5;11;0;0;0;0;0;0;0;0;0;0;0;0;2;2;0;10;2;8;4;1;3;14;3;11;2017
212000;Raub, raeuberische Erpressung auf/gegen sonstige Zahlstellen und Geschaefte;3254021;Hildesheim;insg.;6;4;2;0;0;0;0;0;0;0;0;0;0;0;0;1;1;0;5;3;2;0;0;0;5;3;2;2017
212000;Raub, raeuberische Erpressung auf/gegen sonstige Zahlstellen und Geschaefte;9161000;Ingolstadt;insg.;2;1;1;0;0;0;0;0;0;0;0;0;0;0;0;0;0;0;2;1;1;0;0;0;2;1;1;2017
212000;Raub, raeuberische Erpressung auf/gegen sonstige Zahlstellen und Geschaefte;16053000;Jena;insg.;0;0;0;0;0;0;0;0;0;0;0;0;0;0;0;0;0;0;0;0;0;0;0;0;0;0;0;2017
212000;Raub, raeuberische Erpressung auf/gegen sonstige Zahlstellen und Geschaefte;8212000;Karlsruhe;insg.;29;18;11;0;0;0;0;0;0;0;0;0;0;0;0;3;2;1;23;14;9;3;2;1;26;16;10;2017
212000;Raub, raeuberische Erpressung auf/gegen sonstige Zahlstellen und Geschaefte;6611000;Kassel;insg.;12;2;10;0;0;0;0;0;0;0;0;0;0;0;0;4;2;2;7;0;7;1;0;1;8;0;8;2017
212000;Raub, raeuberische Erpressung auf/gegen sonstige Zahlstellen und Geschaefte;1002000;Kiel;insg.;21;13;8;0;0;0;0;0;0;0;0;0;0;0;0;0;0;0;18;12;6;3;1;2;21;13;8;2017
212000;Raub, raeuberische Erpressung auf/gegen sonstige Zahlstellen und Geschaefte;7111000;Koblenz;insg.;11;1;10;0;0;0;0;0;0;0;0;0;0;0;0;0;0;0;7;1;6;4;0;4;11;1;10;2017
212000;Raub, raeuberische Erpressung auf/gegen sonstige Zahlstellen und Geschaefte;5315000;Koeln;insg.;107;49;58;0;0;0;0;0;0;0;0;0;0;0;0;5;3;2;83;39;44;19;7;12;102;46;56;2017
212000;Raub, raeuberische Erpressung auf/gegen sonstige Zahlstellen und Geschaefte;5114000;Krefeld;insg.;16;5;11;0;0;0;0;0;0;0;0;0;0;0;0;1;1;0;12;3;9;3;1;2;15;4;11;2017
212000;Raub, raeuberische Erpressung auf/gegen sonstige Zahlstellen und Geschaefte;14713000;Leipzig;insg.;23;8;15;0;0;0;0;0;0;0;0;0;0;0;0;1;0;1;17;8;9;5;0;5;22;8;14;2017
212000;Raub, raeuberische Erpressung auf/gegen sonstige Zahlstellen und Geschaefte;5316000;Leverkusen;insg.;14;10;4;0;0;0;0;0;0;0;0;0;0;0;0;3;2;1;10;7;3;1;1;0;11;8;3;2017
212000;Raub, raeuberische Erpressung auf/gegen sonstige Zahlstellen und Geschaefte;1003000;Luebeck;insg.;4;3;1;0;0;0;0;0;0;0;0;0;0;0;0;0;0;0;4;3;1;0;0;0;4;3;1;2017
212000;Raub, raeuberische Erpressung auf/gegen sonstige Zahlstellen und Geschaefte;7314000;Ludwigshafen am Rhein;insg.;15;4;11;0;0;0;0;0;0;0;0;0;0;0;0;0;0;0;15;4;11;0;0;0;15;4;11;2017
212000;Raub, raeuberische Erpressung auf/gegen sonstige Zahlstellen und Geschaefte;15003000;Magdeburg;insg.;23;4;19;0;0;0;0;0;0;0;0;0;0;0;0;0;0;0;21;3;18;2;1;1;23;4;19;2017
212000;Raub, raeuberische Erpressung auf/gegen sonstige Zahlstellen und Geschaefte;7315000;Mainz;insg.;5;3;2;0;0;0;0;0;0;0;0;0;0;0;0;0;0;0;4;2;2;1;1;0;5;3;2;2017
212000;Raub, raeuberische Erpressung auf/gegen sonstige Zahlstellen und Geschaefte;8222000;Mannheim;insg.;15;4;11;0;0;0;0;0;0;0;0;0;0;0;0;1;1;0;13;3;10;1;0;1;14;3;11;2017
212000;Raub, raeuberische Erpressung auf/gegen sonstige Zahlstellen und Geschaefte;5170024;Moers;insg.;8;3;5;0;0;0;0;0;0;0;0;0;0;0;0;1;1;0;7;2;5;0;0;0;7;2;5;2017
212000;Raub, raeuberische Erpressung auf/gegen sonstige Zahlstellen und Geschaefte;5116000;Moenchengladbach;insg.;37;15;22;0;0;0;0;0;0;0;0;0;1;1;0;2;2;0;31;11;20;3;1;2;34;12;22;2017
212000;Raub, raeuberische Erpressung auf/gegen sonstige Zahlstellen und Geschaefte;5117000;Muelheim an der Ruhr;insg.;5;3;2;0;0;0;0;0;0;0;0;0;0;0;0;0;0;0;4;3;1;1;0;1;5;3;2;2017
212000;Raub, raeuberische Erpressung auf/gegen sonstige Zahlstellen und Geschaefte;9162000;Muenchen;insg.;62;31;31;0;0;0;0;0;0;0;0;0;3;2;1;1;0;1;51;28;23;7;1;6;58;29;29;2017
212000;Raub, raeuberische Erpressung auf/gegen sonstige Zahlstellen und Geschaefte;5515000;Muenster;insg.;17;10;7;0;0;0;0;0;0;0;0;0;0;0;0;2;1;1;14;8;6;1;1;0;15;9;6;2017
212000;Raub, raeuberische Erpressung auf/gegen sonstige Zahlstellen und Geschaefte;5162024;Neuss;insg.;20;15;5;0;0;0;0;0;0;0;0;0;0;0;0;4;2;2;12;9;3;4;4;0;16;13;3;2017
212000;Raub, raeuberische Erpressung auf/gegen sonstige Zahlstellen und Geschaefte;9564000;Nuernberg;insg.;17;3;14;0;0;0;0;0;0;0;0;0;1;0;1;0;0;0;14;3;11;2;0;2;16;3;13;2017
212000;Raub, raeuberische Erpressung auf/gegen sonstige Zahlstellen und Geschaefte;5119000;Oberhausen;insg.;4;2;2;0;0;0;0;0;0;0;0;0;0;0;0;1;1;0;2;1;1;1;0;1;3;1;2;2017
212000;Raub, raeuberische Erpressung auf/gegen sonstige Zahlstellen und Geschaefte;6413000;Offenbach am Main;insg.;18;10;8;0;0;0;0;0;0;0;0;0;2;0;2;1;0;1;13;10;3;2;0;2;15;10;5;2017
212000;Raub, raeuberische Erpressung auf/gegen sonstige Zahlstellen und Geschaefte;3403000;Oldenburg (Oldenburg);insg.;8;2;6;0;0;0;0;0;0;0;0;0;0;0;0;1;0;1;7;2;5;0;0;0;7;2;5;2017
212000;Raub, raeuberische Erpressung auf/gegen sonstige Zahlstellen und Geschaefte;3404000;Osnabrueck;insg.;3;1;2;0;0;0;0;0;0;0;0;0;0;0;0;0;0;0;3;1;2;0;0;0;3;1;2;2017
212000;Raub, raeuberische Erpressung auf/gegen sonstige Zahlstellen und Geschaefte;5774032;Paderborn;insg.;6;4;2;0;0;0;0;0;0;0;0;0;0;0;0;0;0;0;6;4;2;0;0;0;6;4;2;2017
212000;Raub, raeuberische Erpressung auf/gegen sonstige Zahlstellen und Geschaefte;8231000;Pforzheim;insg.;2;1;1;0;0;0;0;0;0;0;0;0;1;1;0;1;0;1;0;0;0;0;0;0;0;0;0;2017
212000;Raub, raeuberische Erpressung auf/gegen sonstige Zahlstellen und Geschaefte;12054000;Potsdam;insg.;8;7;1;0;0;0;0;0;0;0;0;0;0;0;0;1;1;0;5;4;1;2;2;0;7;6;1;2017
212000;Raub, raeuberische Erpressung auf/gegen sonstige Zahlstellen und Geschaefte;5562032;Recklinghausen;insg.;9;5;4;0;0;0;0;0;0;0;0;0;0;0;0;1;1;0;7;4;3;1;0;1;8;4;4;2017
212000;Raub, raeuberische Erpressung auf/gegen sonstige Zahlstellen und Geschaefte;9362000;Regensburg;insg.;2;1;1;0;0;0;0;0;0;0;0;0;0;0;0;0;0;0;2;1;1;0;0;0;2;1;1;2017
212000;Raub, raeuberische Erpressung auf/gegen sonstige Zahlstellen und Geschaefte;5120000;Remscheid;insg.;2;1;1;0;0;0;0;0;0;0;0;0;0;0;0;0;0;0;2;1;1;0;0;0;2;1;1;2017
212000;Raub, raeuberische Erpressung auf/gegen sonstige Zahlstellen und Geschaefte;8415061;Reutlingen;insg.;1;1;0;0;0;0;0;0;0;0;0;0;0;0;0;0;0;0;1;1;0;0;0;0;1;1;0;2017
212000;Raub, raeuberische Erpressung auf/gegen sonstige Zahlstellen und Geschaefte;13003000;Rostock;insg.;2;0;2;0;0;0;0;0;0;0;0;0;0;0;0;0;0;0;2;0;2;0;0;0;2;0;2;2017
212000;Raub, raeuberische Erpressung auf/gegen sonstige Zahlstellen und Geschaefte;10041100;Saarbruecken;insg.;32;10;22;0;0;0;0;0;0;0;0;0;0;0;0;3;2;1;27;7;20;2;1;1;29;8;21;2017
212000;Raub, raeuberische Erpressung auf/gegen sonstige Zahlstellen und Geschaefte;3102000;Salzgitter;insg.;2;1;1;0;0;0;0;0;0;0;0;0;0;0;0;0;0;0;2;1;1;0;0;0;2;1;1;2017
212000;Raub, raeuberische Erpressung auf/gegen sonstige Zahlstellen und Geschaefte;13004000;Schwerin;insg.;3;1;2;0;0;0;0;0;0;0;0;0;0;0;0;0;0;0;2;0;2;1;1;0;3;1;2;2017
212000;Raub, raeuberische Erpressung auf/gegen sonstige Zahlstellen und Geschaefte;5970040;Siegen;insg.;0;0;0;0;0;0;0;0;0;0;0;0;0;0;0;0;0;0;0;0;0;0;0;0;0;0;0;2017
212000;Raub, raeuberische Erpressung auf/gegen sonstige Zahlstellen und Geschaefte;5122000;Solingen;insg.;3;1;2;0;0;0;0;0;0;0;0;0;0;0;0;0;0;0;3;1;2;0;0;0;3;1;2;2017
212000;Raub, raeuberische Erpressung auf/gegen sonstige Zahlstellen und Geschaefte;8111000;Stuttgart;insg.;24;17;7;0;0;0;0;0;0;0;0;0;0;0;0;2;1;1;17;12;5;5;4;1;22;16;6;2017
212000;Raub, raeuberische Erpressung auf/gegen sonstige Zahlstellen und Geschaefte;7211000;Trier;insg.;0;0;0;0;0;0;0;0;0;0;0;0;0;0;0;0;0;0;0;0;0;0;0;0;0;0;0;2017
212000;Raub, raeuberische Erpressung auf/gegen sonstige Zahlstellen und Geschaefte;8421000;Ulm;insg.;7;1;6;0;0;0;0;0;0;0;0;0;0;0;0;0;0;0;7;1;6;0;0;0;7;1;6;2017
212000;Raub, raeuberische Erpressung auf/gegen sonstige Zahlstellen und Geschaefte;6414000;Wiesbaden;insg.;17;11;6;0;0;0;0;0;0;0;0;0;0;0;0;1;1;0;15;9;6;1;1;0;16;10;6;2017
212000;Raub, raeuberische Erpressung auf/gegen sonstige Zahlstellen und Geschaefte;3103000;Wolfsburg;insg.;6;1;5;0;0;0;0;0;0;0;0;0;0;0;0;2;1;1;3;0;3;1;0;1;4;0;4;2017
212000;Raub, raeuberische Erpressung auf/gegen sonstige Zahlstellen und Geschaefte;5124000;Wuppertal;insg.;33;16;17;0;0;0;0;0;0;0;0;0;0;0;0;0;0;0;27;14;13;6;2;4;33;16;17;2017
212000;Raub, raeuberische Erpressung auf/gegen sonstige Zahlstellen und Geschaefte;9663000;Wuerzburg;insg.;0;0;0;0;0;0;0;0;0;0;0;0;0;0;0;0;0;0;0;0;0;0;0;0;0;0;0;2017
216000;Handtaschenraub;5334002;Aachen;insg.;25;4;21;0;0;0;0;0;0;0;0;0;0;0;0;2;1;1;11;2;9;12;1;11;23;3;20;2017
216000;Handtaschenraub;9761000;Augsburg;insg.;3;0;3;0;0;0;0;0;0;0;0;0;0;0;0;0;0;0;1;0;1;2;0;2;3;0;3;2017
216000;Handtaschenraub;5378004;Bergisch Gladbach;insg.;2;1;1;0;0;0;0;0;0;0;0;0;0;0;0;0;0;0;0;0;0;2;1;1;2;1;1;2017
216000;Handtaschenraub;11000000;Berlin;insg.;263;19;244;1;0;1;0;0;0;1;0;1;6;0;6;7;1;6;137;12;125;112;6;106;249;18;231;2017
216000;Handtaschenraub;5711000;Bielefeld;insg.;2;0;2;0;0;0;0;0;0;0;0;0;0;0;0;0;0;0;2;0;2;0;0;0;2;0;2;2017
216000;Handtaschenraub;5911000;Bochum;insg.;5;0;5;0;0;0;0;0;0;0;0;0;0;0;0;0;0;0;3;0;3;2;0;2;5;0;5;2017
216000;Handtaschenraub;5314000;Bonn;insg.;13;2;11;0;0;0;0;0;0;0;0;0;0;0;0;2;2;0;7;0;7;4;0;4;11;0;11;2017
216000;Handtaschenraub;5512000;Bottrop;insg.;2;0;2;0;0;0;0;0;0;0;0;0;0;0;0;0;0;0;0;0;0;2;0;2;2;0;2;2017
216000;Handtaschenraub;3101000;Braunschweig;insg.;6;0;6;0;0;0;0;0;0;0;0;0;0;0;0;0;0;0;4;0;4;2;0;2;6;0;6;2017
216000;Handtaschenraub;4011000;Bremen;insg.;20;3;17;0;0;0;0;0;0;0;0;0;1;0;1;1;0;1;9;3;6;9;0;9;18;3;15;2017
216000;Handtaschenraub;4012000;Bremerhaven;insg.;9;2;7;0;0;0;0;0;0;0;0;0;0;0;0;1;0;1;3;0;3;5;2;3;8;2;6;2017
216000;Handtaschenraub;14511000;Chemnitz;insg.;17;3;14;0;0;0;0;0;0;0;0;0;1;0;1;1;0;1;6;1;5;9;2;7;15;3;12;2017
216000;Handtaschenraub;12052000;Cottbus;insg.;2;0;2;0;0;0;0;0;0;0;0;0;0;0;0;0;0;0;1;0;1;1;0;1;2;0;2;2017
216000;Handtaschenraub;6411000;Darmstadt;insg.;2;0;2;0;0;0;0;0;0;0;0;0;0;0;0;0;0;0;2;0;2;0;0;0;2;0;2;2017
216000;Handtaschenraub;5913000;Dortmund;insg.;21;2;19;0;0;0;2;2;0;2;2;0;0;0;0;2;0;2;5;0;5;12;0;12;17;0;17;2017
216000;Handtaschenraub;14612000;Dresden;insg.;23;4;19;0;0;0;0;0;0;0;0;0;1;1;0;1;0;1;11;2;9;10;1;9;21;3;18;2017
216000;Handtaschenraub;5112000;Duisburg;insg.;19;1;18;0;0;0;0;0;0;0;0;0;0;0;0;0;0;0;7;0;7;12;1;11;19;1;18;2017
216000;Handtaschenraub;5111000;Duesseldorf;insg.;17;3;14;0;0;0;0;0;0;0;0;0;0;0;0;2;2;0;10;1;9;5;0;5;15;1;14;2017
216000;Handtaschenraub;16051000;Erfurt;insg.;3;0;3;0;0;0;0;0;0;0;0;0;0;0;0;0;0;0;2;0;2;1;0;1;3;0;3;2017
216000;Handtaschenraub;9562000;Erlangen;insg.;1;0;1;0;0;0;0;0;0;0;0;0;0;0;0;0;0;0;0;0;0;1;0;1;1;0;1;2017
216000;Handtaschenraub;5113000;Essen;insg.;25;0;25;0;0;0;0;0;0;0;0;0;1;0;1;1;0;1;11;0;11;12;0;12;23;0;23;2017
216000;Handtaschenraub;6412000;Frankfurt am Main;insg.;76;13;63;0;0;0;0;0;0;0;0;0;1;0;1;6;2;4;54;9;45;15;2;13;69;11;58;2017
216000;Handtaschenraub;8311000;Freiburg im Breisgau;insg.;6;2;4;0;0;0;0;0;0;0;0;0;0;0;0;0;0;0;5;1;4;1;1;0;6;2;4;2017
216000;Handtaschenraub;9563000;Fuerth;insg.;1;0;1;0;0;0;0;0;0;0;0;0;0;0;0;0;0;0;1;0;1;0;0;0;1;0;1;2017
216000;Handtaschenraub;5513000;Gelsenkirchen;insg.;10;0;10;0;0;0;0;0;0;0;0;0;0;0;0;1;0;1;5;0;5;4;0;4;9;0;9;2017
216000;Handtaschenraub;3159016;Goettingen;insg.;8;1;7;0;0;0;0;0;0;0;0;0;0;0;0;2;1;1;5;0;5;1;0;1;6;0;6;2017
216000;Handtaschenraub;5914000;Hagen;insg.;2;0;2;0;0;0;0;0;0;0;0;0;0;0;0;0;0;0;1;0;1;1;0;1;2;0;2;2017
216000;Handtaschenraub;15002000;Halle (Saale);insg.;10;2;8;0;0;0;0;0;0;0;0;0;0;0;0;0;0;0;4;1;3;6;1;5;10;2;8;2017
216000;Handtaschenraub;2000000;Hamburg;insg.;67;5;62;0;0;0;0;0;0;0;0;0;1;0;1;5;1;4;43;2;41;18;2;16;61;4;57;2017
216000;Handtaschenraub;5915000;Hamm;insg.;9;1;8;0;0;0;0;0;0;0;0;0;0;0;0;0;0;0;5;1;4;4;0;4;9;1;8;2017
216000;Handtaschenraub;3241001;Hannover;insg.;27;1;26;0;0;0;2;1;1;2;1;1;1;0;1;1;0;1;12;0;12;11;0;11;23;0;23;2017
216000;Handtaschenraub;8221000;Heidelberg;insg.;2;0;2;0;0;0;0;0;0;0;0;0;0;0;0;0;0;0;1;0;1;1;0;1;2;0;2;2017
216000;Handtaschenraub;8121000;Heilbronn;insg.;6;1;5;0;0;0;0;0;0;0;0;0;0;0;0;0;0;0;4;1;3;2;0;2;6;1;5;2017
216000;Handtaschenraub;5916000;Herne;insg.;2;0;2;0;0;0;0;0;0;0;0;0;0;0;0;0;0;0;0;0;0;2;0;2;2;0;2;2017
216000;Handtaschenraub;3254021;Hildesheim;insg.;6;1;5;0;0;0;0;0;0;0;0;0;0;0;0;1;1;0;1;0;1;4;0;4;5;0;5;2017
216000;Handtaschenraub;9161000;Ingolstadt;insg.;0;0;0;0;0;0;0;0;0;0;0;0;0;0;0;0;0;0;0;0;0;0;0;0;0;0;0;2017
216000;Handtaschenraub;16053000;Jena;insg.;0;0;0;0;0;0;0;0;0;0;0;0;0;0;0;0;0;0;0;0;0;0;0;0;0;0;0;2017
216000;Handtaschenraub;8212000;Karlsruhe;insg.;13;1;12;0;0;0;0;0;0;0;0;0;0;0;0;1;1;0;10;0;10;2;0;2;12;0;12;2017
216000;Handtaschenraub;6611000;Kassel;insg.;6;2;4;0;0;0;0;0;0;0;0;0;0;0;0;0;0;0;4;1;3;2;1;1;6;2;4;2017
216000;Handtaschenraub;1002000;Kiel;insg.;2;0;2;0;0;0;0;0;0;0;0;0;0;0;0;0;0;0;2;0;2;0;0;0;2;0;2;2017
216000;Handtaschenraub;7111000;Koblenz;insg.;4;0;4;0;0;0;0;0;0;0;0;0;0;0;0;0;0;0;3;0;3;1;0;1;4;0;4;2017
216000;Handtaschenraub;5315000;Koeln;insg.;122;24;98;0;0;0;0;0;0;0;0;0;3;1;2;5;1;4;76;20;56;38;2;36;114;22;92;2017
216000;Handtaschenraub;5114000;Krefeld;insg.;15;1;14;0;0;0;0;0;0;0;0;0;0;0;0;3;0;3;8;1;7;4;0;4;12;1;11;2017
216000;Handtaschenraub;14713000;Leipzig;insg.;67;9;58;0;0;0;1;0;1;1;0;1;2;1;1;1;0;1;16;4;12;47;4;43;63;8;55;2017
216000;Handtaschenraub;5316000;Leverkusen;insg.;14;1;13;0;0;0;0;0;0;0;0;0;0;0;0;0;0;0;7;1;6;7;0;7;14;1;13;2017
216000;Handtaschenraub;1003000;Luebeck;insg.;2;1;1;0;0;0;0;0;0;0;0;0;0;0;0;0;0;0;2;1;1;0;0;0;2;1;1;2017
216000;Handtaschenraub;7314000;Ludwigshafen am Rhein;insg.;0;0;0;0;0;0;0;0;0;0;0;0;0;0;0;0;0;0;0;0;0;0;0;0;0;0;0;2017
216000;Handtaschenraub;15003000;Magdeburg;insg.;12;1;11;0;0;0;0;0;0;0;0;0;0;0;0;1;0;1;2;0;2;9;1;8;11;1;10;2017
216000;Handtaschenraub;7315000;Mainz;insg.;3;0;3;0;0;0;0;0;0;0;0;0;0;0;0;0;0;0;1;0;1;2;0;2;3;0;3;2017
216000;Handtaschenraub;8222000;Mannheim;insg.;10;1;9;0;0;0;0;0;0;0;0;0;0;0;0;1;0;1;5;0;5;4;1;3;9;1;8;2017
216000;Handtaschenraub;5170024;Moers;insg.;2;0;2;0;0;0;0;0;0;0;0;0;0;0;0;0;0;0;2;0;2;0;0;0;2;0;2;2017
216000;Handtaschenraub;5116000;Moenchengladbach;insg.;7;0;7;0;0;0;0;0;0;0;0;0;0;0;0;0;0;0;3;0;3;4;0;4;7;0;7;2017
216000;Handtaschenraub;5117000;Muelheim an der Ruhr;insg.;2;0;2;0;0;0;0;0;0;0;0;0;0;0;0;0;0;0;1;0;1;1;0;1;2;0;2;2017
216000;Handtaschenraub;9162000;Muenchen;insg.;46;14;32;0;0;0;2;2;0;2;2;0;2;2;0;3;1;2;28;8;20;11;1;10;39;9;30;2017
216000;Handtaschenraub;5515000;Muenster;insg.;17;0;17;0;0;0;0;0;0;0;0;0;0;0;0;0;0;0;4;0;4;13;0;13;17;0;17;2017
216000;Handtaschenraub;5162024;Neuss;insg.;2;0;2;0;0;0;0;0;0;0;0;0;0;0;0;0;0;0;2;0;2;0;0;0;2;0;2;2017
216000;Handtaschenraub;9564000;Nuernberg;insg.;11;3;8;0;0;0;0;0;0;0;0;0;1;0;1;0;0;0;7;2;5;3;1;2;10;3;7;2017
216000;Handtaschenraub;5119000;Oberhausen;insg.;8;2;6;0;0;0;0;0;0;0;0;0;1;1;0;0;0;0;5;1;4;2;0;2;7;1;6;2017
216000;Handtaschenraub;6413000;Offenbach am Main;insg.;9;1;8;0;0;0;0;0;0;0;0;0;0;0;0;3;1;2;4;0;4;2;0;2;6;0;6;2017
216000;Handtaschenraub;3403000;Oldenburg (Oldenburg);insg.;6;1;5;0;0;0;0;0;0;0;0;0;0;0;0;0;0;0;4;1;3;2;0;2;6;1;5;2017
216000;Handtaschenraub;3404000;Osnabrueck;insg.;8;0;8;0;0;0;0;0;0;0;0;0;0;0;0;1;0;1;6;0;6;1;0;1;7;0;7;2017
216000;Handtaschenraub;5774032;Paderborn;insg.;2;0;2;0;0;0;0;0;0;0;0;0;0;0;0;0;0;0;1;0;1;1;0;1;2;0;2;2017
216000;Handtaschenraub;8231000;Pforzheim;insg.;2;0;2;0;0;0;0;0;0;0;0;0;0;0;0;1;0;1;0;0;0;1;0;1;1;0;1;2017
216000;Handtaschenraub;12054000;Potsdam;insg.;11;1;10;0;0;0;0;0;0;0;0;0;1;0;1;0;0;0;3;0;3;7;1;6;10;1;9;2017
216000;Handtaschenraub;5562032;Recklinghausen;insg.;1;0;1;0;0;0;0;0;0;0;0;0;0;0;0;0;0;0;0;0;0;1;0;1;1;0;1;2017
216000;Handtaschenraub;9362000;Regensburg;insg.;4;0;4;0;0;0;0;0;0;0;0;0;0;0;0;1;0;1;3;0;3;0;0;0;3;0;3;2017
216000;Handtaschenraub;5120000;Remscheid;insg.;5;0;5;0;0;0;0;0;0;0;0;0;0;0;0;0;0;0;2;0;2;3;0;3;5;0;5;2017
216000;Handtaschenraub;8415061;Reutlingen;insg.;0;0;0;0;0;0;0;0;0;0;0;0;0;0;0;0;0;0;0;0;0;0;0;0;0;0;0;2017
216000;Handtaschenraub;13003000;Rostock;insg.;7;1;6;0;0;0;0;0;0;0;0;0;0;0;0;0;0;0;3;0;3;4;1;3;7;1;6;2017
216000;Handtaschenraub;10041100;Saarbruecken;insg.;13;1;12;0;0;0;0;0;0;0;0;0;0;0;0;1;0;1;8;1;7;4;0;4;12;1;11;2017
216000;Handtaschenraub;3102000;Salzgitter;insg.;12;0;12;0;0;0;1;0;1;1;0;1;0;0;0;0;0;0;9;0;9;2;0;2;11;0;11;2017
216000;Handtaschenraub;13004000;Schwerin;insg.;3;0;3;0;0;0;0;0;0;0;0;0;0;0;0;0;0;0;1;0;1;2;0;2;3;0;3;2017
216000;Handtaschenraub;5970040;Siegen;insg.;1;0;1;0;0;0;0;0;0;0;0;0;0;0;0;0;0;0;1;0;1;0;0;0;1;0;1;2017
216000;Handtaschenraub;5122000;Solingen;insg.;2;0;2;0;0;0;0;0;0;0;0;0;0;0;0;0;0;0;1;0;1;1;0;1;2;0;2;2017
216000;Handtaschenraub;8111000;Stuttgart;insg.;41;4;37;0;0;0;0;0;0;0;0;0;2;1;1;5;0;5;23;2;21;11;1;10;34;3;31;2017
216000;Handtaschenraub;7211000;Trier;insg.;1;0;1;0;0;0;0;0;0;0;0;0;0;0;0;0;0;0;1;0;1;0;0;0;1;0;1;2017
216000;Handtaschenraub;8421000;Ulm;insg.;6;1;5;0;0;0;0;0;0;0;0;0;1;1;0;0;0;0;4;0;4;1;0;1;5;0;5;2017
216000;Handtaschenraub;6414000;Wiesbaden;insg.;12;3;9;0;0;0;0;0;0;0;0;0;0;0;0;2;1;1;6;2;4;4;0;4;10;2;8;2017
216000;Handtaschenraub;3103000;Wolfsburg;insg.;6;0;6;0;0;0;0;0;0;0;0;0;0;0;0;1;0;1;2;0;2;3;0;3;5;0;5;2017
216000;Handtaschenraub;5124000;Wuppertal;insg.;21;2;19;0;0;0;0;0;0;0;0;0;1;1;0;0;0;0;10;1;9;10;0;10;20;1;19;2017
216000;Handtaschenraub;9663000;Wuerzburg;insg.;1;0;1;0;0;0;0;0;0;0;0;0;0;0;0;0;0;0;0;0;0;1;0;1;1;0;1;2017
217000;Sonstige Raubueberfaelle auf Stra�en, Wegen oder Plaetzen;5334002;Aachen;insg.;146;115;31;0;0;0;6;6;0;6;6;0;12;10;2;24;21;3;87;69;18;17;9;8;104;78;26;2017
217000;Sonstige Raubueberfaelle auf Stra�en, Wegen oder Plaetzen;9761000;Augsburg;insg.;26;23;3;0;0;0;0;0;0;0;0;0;1;0;1;2;2;0;23;21;2;0;0;0;23;21;2;2017
217000;Sonstige Raubueberfaelle auf Stra�en, Wegen oder Plaetzen;5378004;Bergisch Gladbach;insg.;22;22;0;0;0;0;1;1;0;1;1;0;9;9;0;4;4;0;7;7;0;1;1;0;8;8;0;2017
217000;Sonstige Raubueberfaelle auf Stra�en, Wegen oder Plaetzen;11000000;Berlin;insg.;2363;1919;444;0;0;0;129;115;14;129;115;14;438;386;52;284;239;45;1342;1081;261;170;98;72;1512;1179;333;2017
217000;Sonstige Raubueberfaelle auf Stra�en, Wegen oder Plaetzen;5711000;Bielefeld;insg.;127;106;21;0;0;0;9;8;1;9;8;1;18;14;4;13;11;2;86;72;14;1;1;0;87;73;14;2017
217000;Sonstige Raubueberfaelle auf Stra�en, Wegen oder Plaetzen;5911000;Bochum;insg.;173;125;48;0;0;0;10;8;2;10;8;2;27;24;3;20;15;5;91;71;20;25;7;18;116;78;38;2017
217000;Sonstige Raubueberfaelle auf Stra�en, Wegen oder Plaetzen;5314000;Bonn;insg.;251;197;54;0;0;0;17;15;2;17;15;2;35;33;2;48;38;10;136;102;34;15;9;6;151;111;40;2017
217000;Sonstige Raubueberfaelle auf Stra�en, Wegen oder Plaetzen;5512000;Bottrop;insg.;56;42;14;0;0;0;3;2;1;3;2;1;13;10;3;8;7;1;28;21;7;4;2;2;32;23;9;2017
217000;Sonstige Raubueberfaelle auf Stra�en, Wegen oder Plaetzen;3101000;Braunschweig;insg.;62;48;14;0;0;0;0;0;0;0;0;0;10;9;1;11;9;2;37;29;8;4;1;3;41;30;11;2017
217000;Sonstige Raubueberfaelle auf Stra�en, Wegen oder Plaetzen;4011000;Bremen;insg.;412;287;125;0;0;0;15;10;5;15;10;5;41;34;7;47;39;8;235;186;49;74;18;56;309;204;105;2017
217000;Sonstige Raubueberfaelle auf Stra�en, Wegen oder Plaetzen;4012000;Bremerhaven;insg.;76;57;19;0;0;0;3;2;1;3;2;1;10;9;1;3;1;2;54;40;14;6;5;1;60;45;15;2017
217000;Sonstige Raubueberfaelle auf Stra�en, Wegen oder Plaetzen;14511000;Chemnitz;insg.;115;99;16;0;0;0;7;7;0;7;7;0;16;16;0;16;11;5;68;62;6;8;3;5;76;65;11;2017
217000;Sonstige Raubueberfaelle auf Stra�en, Wegen oder Plaetzen;12052000;Cottbus;insg.;29;23;6;0;0;0;0;0;0;0;0;0;5;5;0;5;4;1;18;14;4;1;0;1;19;14;5;2017
217000;Sonstige Raubueberfaelle auf Stra�en, Wegen oder Plaetzen;6411000;Darmstadt;insg.;36;29;7;0;0;0;4;3;1;4;3;1;7;4;3;7;6;1;17;16;1;1;0;1;18;16;2;2017
217000;Sonstige Raubueberfaelle auf Stra�en, Wegen oder Plaetzen;5913000;Dortmund;insg.;477;374;103;0;0;0;46;37;9;46;37;9;64;49;15;69;56;13;268;216;52;30;16;14;298;232;66;2017
217000;Sonstige Raubueberfaelle auf Stra�en, Wegen oder Plaetzen;14612000;Dresden;insg.;158;137;21;0;0;0;4;3;1;4;3;1;16;15;1;26;24;2;102;87;15;10;8;2;112;95;17;2017
217000;Sonstige Raubueberfaelle auf Stra�en, Wegen oder Plaetzen;5112000;Duisburg;insg.;276;213;63;0;0;0;30;25;5;30;25;5;53;49;4;31;25;6;134;97;37;28;17;11;162;114;48;2017
217000;Sonstige Raubueberfaelle auf Stra�en, Wegen oder Plaetzen;5111000;Duesseldorf;insg.;329;249;80;1;0;1;8;6;2;9;6;3;39;33;6;42;36;6;203;155;48;36;19;17;239;174;65;2017
217000;Sonstige Raubueberfaelle auf Stra�en, Wegen oder Plaetzen;16051000;Erfurt;insg.;23;20;3;0;0;0;2;2;0;2;2;0;7;7;0;2;2;0;9;9;0;3;0;3;12;9;3;2017
217000;Sonstige Raubueberfaelle auf Stra�en, Wegen oder Plaetzen;9562000;Erlangen;insg.;1;1;0;0;0;0;0;0;0;0;0;0;0;0;0;0;0;0;1;1;0;0;0;0;1;1;0;2017
217000;Sonstige Raubueberfaelle auf Stra�en, Wegen oder Plaetzen;5113000;Essen;insg.;292;212;80;0;0;0;23;16;7;23;16;7;33;24;9;51;41;10;159;117;42;26;14;12;185;131;54;2017
217000;Sonstige Raubueberfaelle auf Stra�en, Wegen oder Plaetzen;6412000;Frankfurt am Main;insg.;603;524;79;0;0;0;21;19;2;21;19;2;52;48;4;77;71;6;421;366;55;32;20;12;453;386;67;2017
217000;Sonstige Raubueberfaelle auf Stra�en, Wegen oder Plaetzen;8311000;Freiburg im Breisgau;insg.;93;80;13;0;0;0;2;1;1;2;1;1;9;8;1;9;9;0;70;60;10;3;2;1;73;62;11;2017
217000;Sonstige Raubueberfaelle auf Stra�en, Wegen oder Plaetzen;9563000;Fuerth;insg.;2;2;0;0;0;0;1;1;0;1;1;0;0;0;0;0;0;0;1;1;0;0;0;0;1;1;0;2017
217000;Sonstige Raubueberfaelle auf Stra�en, Wegen oder Plaetzen;5513000;Gelsenkirchen;insg.;150;126;24;0;0;0;17;17;0;17;17;0;31;27;4;17;14;3;72;60;12;13;8;5;85;68;17;2017
217000;Sonstige Raubueberfaelle auf Stra�en, Wegen oder Plaetzen;3159016;Goettingen;insg.;42;35;7;0;0;0;3;3;0;3;3;0;9;9;0;5;5;0;23;17;6;2;1;1;25;18;7;2017
217000;Sonstige Raubueberfaelle auf Stra�en, Wegen oder Plaetzen;5914000;Hagen;insg.;126;103;23;0;0;0;6;5;1;6;5;1;21;18;3;14;14;0;72;59;13;13;7;6;85;66;19;2017
217000;Sonstige Raubueberfaelle auf Stra�en, Wegen oder Plaetzen;15002000;Halle (Saale);insg.;166;139;27;0;0;0;19;17;2;19;17;2;24;22;2;23;18;5;93;78;15;7;4;3;100;82;18;2017
217000;Sonstige Raubueberfaelle auf Stra�en, Wegen oder Plaetzen;2000000;Hamburg;insg.;1210;996;214;0;0;0;35;30;5;35;30;5;102;94;8;163;145;18;819;682;137;91;45;46;910;727;183;2017
217000;Sonstige Raubueberfaelle auf Stra�en, Wegen oder Plaetzen;5915000;Hamm;insg.;79;69;10;0;0;0;3;3;0;3;3;0;13;13;0;12;12;0;47;38;9;4;3;1;51;41;10;2017
217000;Sonstige Raubueberfaelle auf Stra�en, Wegen oder Plaetzen;3241001;Hannover;insg.;234;191;43;0;0;0;7;7;0;7;7;0;16;13;3;26;24;2;166;135;31;19;12;7;185;147;38;2017
217000;Sonstige Raubueberfaelle auf Stra�en, Wegen oder Plaetzen;8221000;Heidelberg;insg.;26;22;4;0;0;0;4;3;1;4;3;1;4;4;0;5;4;1;12;11;1;1;0;1;13;11;2;2017
217000;Sonstige Raubueberfaelle auf Stra�en, Wegen oder Plaetzen;8121000;Heilbronn;insg.;19;17;2;0;0;0;0;0;0;0;0;0;2;2;0;0;0;0;15;13;2;2;2;0;17;15;2;2017
217000;Sonstige Raubueberfaelle auf Stra�en, Wegen oder Plaetzen;5916000;Herne;insg.;60;44;16;0;0;0;7;5;2;7;5;2;13;13;0;7;7;0;22;16;6;11;3;8;33;19;14;2017
217000;Sonstige Raubueberfaelle auf Stra�en, Wegen oder Plaetzen;3254021;Hildesheim;insg.;27;23;4;0;0;0;3;3;0;3;3;0;0;0;0;7;6;1;15;12;3;2;2;0;17;14;3;2017
217000;Sonstige Raubueberfaelle auf Stra�en, Wegen oder Plaetzen;9161000;Ingolstadt;insg.;5;5;0;0;0;0;0;0;0;0;0;0;1;1;0;0;0;0;4;4;0;0;0;0;4;4;0;2017
217000;Sonstige Raubueberfaelle auf Stra�en, Wegen oder Plaetzen;16053000;Jena;insg.;4;3;1;0;0;0;0;0;0;0;0;0;0;0;0;0;0;0;3;3;0;1;0;1;4;3;1;2017
217000;Sonstige Raubueberfaelle auf Stra�en, Wegen oder Plaetzen;8212000;Karlsruhe;insg.;82;69;13;0;0;0;2;1;1;2;1;1;13;11;2;9;5;4;52;48;4;6;4;2;58;52;6;2017
217000;Sonstige Raubueberfaelle auf Stra�en, Wegen oder Plaetzen;6611000;Kassel;insg.;80;72;8;1;1;0;0;0;0;1;1;0;14;13;1;7;6;1;57;51;6;1;1;0;58;52;6;2017
217000;Sonstige Raubueberfaelle auf Stra�en, Wegen oder Plaetzen;1002000;Kiel;insg.;161;134;27;0;0;0;10;9;1;10;9;1;23;22;1;17;16;1;102;80;22;9;7;2;111;87;24;2017
217000;Sonstige Raubueberfaelle auf Stra�en, Wegen oder Plaetzen;7111000;Koblenz;insg.;35;27;8;0;0;0;0;0;0;0;0;0;4;3;1;8;7;1;17;13;4;6;4;2;23;17;6;2017
217000;Sonstige Raubueberfaelle auf Stra�en, Wegen oder Plaetzen;5315000;Koeln;insg.;793;635;158;1;1;0;38;29;9;39;30;9;116;99;17;98;84;14;468;388;80;72;34;38;540;422;118;2017
217000;Sonstige Raubueberfaelle auf Stra�en, Wegen oder Plaetzen;5114000;Krefeld;insg.;77;65;12;0;0;0;7;6;1;7;6;1;12;11;1;8;7;1;44;37;7;6;4;2;50;41;9;2017
217000;Sonstige Raubueberfaelle auf Stra�en, Wegen oder Plaetzen;14713000;Leipzig;insg.;213;171;42;0;0;0;10;9;1;10;9;1;33;25;8;24;21;3;130;111;19;16;5;11;146;116;30;2017
217000;Sonstige Raubueberfaelle auf Stra�en, Wegen oder Plaetzen;5316000;Leverkusen;insg.;83;70;13;0;0;0;11;10;1;11;10;1;33;30;3;7;5;2;27;23;4;5;2;3;32;25;7;2017
217000;Sonstige Raubueberfaelle auf Stra�en, Wegen oder Plaetzen;1003000;Luebeck;insg.;83;67;16;0;0;0;3;3;0;3;3;0;23;19;4;9;8;1;47;37;10;1;0;1;48;37;11;2017
217000;Sonstige Raubueberfaelle auf Stra�en, Wegen oder Plaetzen;7314000;Ludwigshafen am Rhein;insg.;153;131;22;0;0;0;19;14;5;19;14;5;66;63;3;13;10;3;46;39;7;9;5;4;55;44;11;2017
217000;Sonstige Raubueberfaelle auf Stra�en, Wegen oder Plaetzen;15003000;Magdeburg;insg.;129;113;16;0;0;0;7;7;0;7;7;0;32;28;4;25;23;2;63;53;10;2;2;0;65;55;10;2017
217000;Sonstige Raubueberfaelle auf Stra�en, Wegen oder Plaetzen;7315000;Mainz;insg.;66;57;9;0;0;0;1;1;0;1;1;0;13;11;2;14;14;0;33;28;5;5;3;2;38;31;7;2017
217000;Sonstige Raubueberfaelle auf Stra�en, Wegen oder Plaetzen;8222000;Mannheim;insg.;108;77;31;0;0;0;6;4;2;6;4;2;6;5;1;15;14;1;62;44;18;19;10;9;81;54;27;2017
217000;Sonstige Raubueberfaelle auf Stra�en, Wegen oder Plaetzen;5170024;Moers;insg.;26;18;8;0;0;0;1;1;0;1;1;0;4;3;1;2;1;1;17;11;6;2;2;0;19;13;6;2017
217000;Sonstige Raubueberfaelle auf Stra�en, Wegen oder Plaetzen;5116000;Moenchengladbach;insg.;103;82;21;0;0;0;7;5;2;7;5;2;15;13;2;10;10;0;63;49;14;8;5;3;71;54;17;2017
217000;Sonstige Raubueberfaelle auf Stra�en, Wegen oder Plaetzen;5117000;Muelheim an der Ruhr;insg.;36;25;11;0;0;0;6;4;2;6;4;2;9;8;1;6;4;2;11;7;4;4;2;2;15;9;6;2017
217000;Sonstige Raubueberfaelle auf Stra�en, Wegen oder Plaetzen;9162000;Muenchen;insg.;163;134;29;0;0;0;3;2;1;3;2;1;25;23;2;25;21;4;105;84;21;5;4;1;110;88;22;2017
217000;Sonstige Raubueberfaelle auf Stra�en, Wegen oder Plaetzen;5515000;Muenster;insg.;110;87;23;0;0;0;6;4;2;6;4;2;18;16;2;11;9;2;64;54;10;11;4;7;75;58;17;2017
217000;Sonstige Raubueberfaelle auf Stra�en, Wegen oder Plaetzen;5162024;Neuss;insg.;66;58;8;0;0;0;9;9;0;9;9;0;16;13;3;8;8;0;25;23;2;8;5;3;33;28;5;2017
217000;Sonstige Raubueberfaelle auf Stra�en, Wegen oder Plaetzen;9564000;Nuernberg;insg.;107;91;16;0;0;0;4;4;0;4;4;0;12;12;0;16;15;1;70;57;13;5;3;2;75;60;15;2017
217000;Sonstige Raubueberfaelle auf Stra�en, Wegen oder Plaetzen;5119000;Oberhausen;insg.;132;108;24;0;0;0;12;10;2;12;10;2;42;36;6;12;10;2;54;41;13;12;11;1;66;52;14;2017
217000;Sonstige Raubueberfaelle auf Stra�en, Wegen oder Plaetzen;6413000;Offenbach am Main;insg.;74;61;13;0;0;0;4;2;2;4;2;2;28;26;2;7;5;2;34;27;7;1;1;0;35;28;7;2017
217000;Sonstige Raubueberfaelle auf Stra�en, Wegen oder Plaetzen;3403000;Oldenburg (Oldenburg);insg.;28;24;4;0;0;0;0;0;0;0;0;0;5;5;0;6;4;2;14;13;1;3;2;1;17;15;2;2017
217000;Sonstige Raubueberfaelle auf Stra�en, Wegen oder Plaetzen;3404000;Osnabrueck;insg.;73;51;22;0;0;0;2;1;1;2;1;1;10;8;2;12;8;4;45;32;13;4;2;2;49;34;15;2017
217000;Sonstige Raubueberfaelle auf Stra�en, Wegen oder Plaetzen;5774032;Paderborn;insg.;50;46;4;0;0;0;1;1;0;1;1;0;8;8;0;12;11;1;26;23;3;3;3;0;29;26;3;2017
217000;Sonstige Raubueberfaelle auf Stra�en, Wegen oder Plaetzen;8231000;Pforzheim;insg.;31;28;3;0;0;0;0;0;0;0;0;0;7;6;1;8;8;0;15;14;1;1;0;1;16;14;2;2017
217000;Sonstige Raubueberfaelle auf Stra�en, Wegen oder Plaetzen;12054000;Potsdam;insg.;61;49;12;0;0;0;6;5;1;6;5;1;20;17;3;7;7;0;26;20;6;2;0;2;28;20;8;2017
217000;Sonstige Raubueberfaelle auf Stra�en, Wegen oder Plaetzen;5562032;Recklinghausen;insg.;69;57;12;0;0;0;8;7;1;8;7;1;13;11;2;6;5;1;36;29;7;6;5;1;42;34;8;2017
217000;Sonstige Raubueberfaelle auf Stra�en, Wegen oder Plaetzen;9362000;Regensburg;insg.;30;21;9;0;0;0;0;0;0;0;0;0;5;5;0;7;5;2;17;11;6;1;0;1;18;11;7;2017
217000;Sonstige Raubueberfaelle auf Stra�en, Wegen oder Plaetzen;5120000;Remscheid;insg.;34;29;5;0;0;0;1;1;0;1;1;0;3;3;0;7;7;0;20;17;3;3;1;2;23;18;5;2017
217000;Sonstige Raubueberfaelle auf Stra�en, Wegen oder Plaetzen;8415061;Reutlingen;insg.;15;12;3;0;0;0;2;2;0;2;2;0;3;2;1;3;3;0;7;5;2;0;0;0;7;5;2;2017
217000;Sonstige Raubueberfaelle auf Stra�en, Wegen oder Plaetzen;13003000;Rostock;insg.;56;43;13;0;0;0;6;4;2;6;4;2;8;8;0;5;3;2;32;27;5;5;1;4;37;28;9;2017
217000;Sonstige Raubueberfaelle auf Stra�en, Wegen oder Plaetzen;10041100;Saarbruecken;insg.;107;84;23;0;0;0;3;3;0;3;3;0;28;23;5;12;9;3;60;45;15;4;4;0;64;49;15;2017
217000;Sonstige Raubueberfaelle auf Stra�en, Wegen oder Plaetzen;3102000;Salzgitter;insg.;6;5;1;0;0;0;0;0;0;0;0;0;0;0;0;2;2;0;4;3;1;0;0;0;4;3;1;2017
217000;Sonstige Raubueberfaelle auf Stra�en, Wegen oder Plaetzen;13004000;Schwerin;insg.;43;36;7;0;0;0;2;2;0;2;2;0;7;7;0;5;4;1;26;22;4;3;1;2;29;23;6;2017
217000;Sonstige Raubueberfaelle auf Stra�en, Wegen oder Plaetzen;5970040;Siegen;insg.;28;24;4;0;0;0;3;2;1;3;2;1;4;4;0;3;3;0;18;15;3;0;0;0;18;15;3;2017
217000;Sonstige Raubueberfaelle auf Stra�en, Wegen oder Plaetzen;5122000;Solingen;insg.;70;53;17;0;0;0;9;7;2;9;7;2;15;11;4;14;12;2;24;17;7;8;6;2;32;23;9;2017
217000;Sonstige Raubueberfaelle auf Stra�en, Wegen oder Plaetzen;8111000;Stuttgart;insg.;223;182;41;0;0;0;13;12;1;13;12;1;31;24;7;34;29;5;128;111;17;17;6;11;145;117;28;2017
217000;Sonstige Raubueberfaelle auf Stra�en, Wegen oder Plaetzen;7211000;Trier;insg.;26;20;6;0;0;0;0;0;0;0;0;0;3;3;0;4;3;1;16;12;4;3;2;1;19;14;5;2017
217000;Sonstige Raubueberfaelle auf Stra�en, Wegen oder Plaetzen;8421000;Ulm;insg.;19;15;4;0;0;0;0;0;0;0;0;0;0;0;0;3;2;1;14;12;2;2;1;1;16;13;3;2017
217000;Sonstige Raubueberfaelle auf Stra�en, Wegen oder Plaetzen;6414000;Wiesbaden;insg.;93;78;15;0;0;0;2;1;1;2;1;1;21;20;1;18;18;0;48;36;12;4;3;1;52;39;13;2017
217000;Sonstige Raubueberfaelle auf Stra�en, Wegen oder Plaetzen;3103000;Wolfsburg;insg.;11;10;1;0;0;0;0;0;0;0;0;0;0;0;0;4;4;0;6;5;1;1;1;0;7;6;1;2017
217000;Sonstige Raubueberfaelle auf Stra�en, Wegen oder Plaetzen;5124000;Wuppertal;insg.;221;167;54;0;0;0;27;17;10;27;17;10;23;17;6;29;24;5;117;97;20;25;12;13;142;109;33;2017
217000;Sonstige Raubueberfaelle auf Stra�en, Wegen oder Plaetzen;9663000;Wuerzburg;insg.;5;5;0;0;0;0;0;0;0;0;0;0;1;1;0;4;4;0;0;0;0;0;0;0;0;0;0;2017
219000;Raubueberfaelle in Wohnungen;5334002;Aachen;insg.;10;9;1;0;0;0;0;0;0;0;0;0;1;1;0;0;0;0;8;8;0;1;0;1;9;8;1;2017
219000;Raubueberfaelle in Wohnungen;9761000;Augsburg;insg.;3;0;3;0;0;0;0;0;0;0;0;0;0;0;0;0;0;0;2;0;2;1;0;1;3;0;3;2017
219000;Raubueberfaelle in Wohnungen;5378004;Bergisch Gladbach;insg.;5;3;2;0;0;0;0;0;0;0;0;0;0;0;0;1;1;0;4;2;2;0;0;0;4;2;2;2017
219000;Raubueberfaelle in Wohnungen;11000000;Berlin;insg.;242;146;96;0;0;0;4;2;2;4;2;2;8;4;4;13;12;1;143;102;41;74;26;48;217;128;89;2017
219000;Raubueberfaelle in Wohnungen;5711000;Bielefeld;insg.;8;4;4;0;0;0;0;0;0;0;0;0;0;0;0;0;0;0;6;3;3;2;1;1;8;4;4;2017
219000;Raubueberfaelle in Wohnungen;5911000;Bochum;insg.;17;14;3;0;0;0;0;0;0;0;0;0;1;1;0;3;3;0;11;8;3;2;2;0;13;10;3;2017
219000;Raubueberfaelle in Wohnungen;5314000;Bonn;insg.;27;19;8;1;1;0;0;0;0;1;1;0;1;1;0;0;0;0;19;15;4;6;2;4;25;17;8;2017
219000;Raubueberfaelle in Wohnungen;5512000;Bottrop;insg.;5;2;3;0;0;0;0;0;0;0;0;0;0;0;0;0;0;0;4;2;2;1;0;1;5;2;3;2017
219000;Raubueberfaelle in Wohnungen;3101000;Braunschweig;insg.;2;1;1;0;0;0;0;0;0;0;0;0;0;0;0;0;0;0;2;1;1;0;0;0;2;1;1;2017
219000;Raubueberfaelle in Wohnungen;4011000;Bremen;insg.;32;20;12;0;0;0;0;0;0;0;0;0;7;7;0;4;4;0;14;7;7;7;2;5;21;9;12;2017
219000;Raubueberfaelle in Wohnungen;4012000;Bremerhaven;insg.;14;6;8;0;0;0;0;0;0;0;0;0;0;0;0;2;1;1;6;4;2;6;1;5;12;5;7;2017
219000;Raubueberfaelle in Wohnungen;14511000;Chemnitz;insg.;13;10;3;0;0;0;0;0;0;0;0;0;0;0;0;1;1;0;12;9;3;0;0;0;12;9;3;2017
219000;Raubueberfaelle in Wohnungen;12052000;Cottbus;insg.;8;5;3;0;0;0;0;0;0;0;0;0;0;0;0;1;1;0;7;4;3;0;0;0;7;4;3;2017
219000;Raubueberfaelle in Wohnungen;6411000;Darmstadt;insg.;3;1;2;0;0;0;0;0;0;0;0;0;0;0;0;0;0;0;3;1;2;0;0;0;3;1;2;2017
219000;Raubueberfaelle in Wohnungen;5913000;Dortmund;insg.;37;26;11;0;0;0;0;0;0;0;0;0;1;1;0;3;1;2;28;21;7;5;3;2;33;24;9;2017
219000;Raubueberfaelle in Wohnungen;14612000;Dresden;insg.;24;19;5;0;0;0;0;0;0;0;0;0;0;0;0;6;6;0;18;13;5;0;0;0;18;13;5;2017
219000;Raubueberfaelle in Wohnungen;5112000;Duisburg;insg.;37;25;12;0;0;0;0;0;0;0;0;0;0;0;0;3;1;2;30;22;8;4;2;2;34;24;10;2017
219000;Raubueberfaelle in Wohnungen;5111000;Duesseldorf;insg.;34;17;17;0;0;0;0;0;0;0;0;0;2;2;0;0;0;0;17;9;8;15;6;9;32;15;17;2017
219000;Raubueberfaelle in Wohnungen;16051000;Erfurt;insg.;11;8;3;0;0;0;0;0;0;0;0;0;0;0;0;1;1;0;9;7;2;1;0;1;10;7;3;2017
219000;Raubueberfaelle in Wohnungen;9562000;Erlangen;insg.;1;1;0;0;0;0;0;0;0;0;0;0;0;0;0;0;0;0;1;1;0;0;0;0;1;1;0;2017
219000;Raubueberfaelle in Wohnungen;5113000;Essen;insg.;42;26;16;0;0;0;0;0;0;0;0;0;0;0;0;6;4;2;24;16;8;12;6;6;36;22;14;2017
219000;Raubueberfaelle in Wohnungen;6412000;Frankfurt am Main;insg.;35;24;11;0;0;0;0;0;0;0;0;0;0;0;0;1;1;0;30;22;8;4;1;3;34;23;11;2017
219000;Raubueberfaelle in Wohnungen;8311000;Freiburg im Breisgau;insg.;12;8;4;0;0;0;1;0;1;1;0;1;1;1;0;2;1;1;8;6;2;0;0;0;8;6;2;2017
219000;Raubueberfaelle in Wohnungen;9563000;Fuerth;insg.;3;1;2;0;0;0;0;0;0;0;0;0;0;0;0;0;0;0;1;1;0;2;0;2;3;1;2;2017
219000;Raubueberfaelle in Wohnungen;5513000;Gelsenkirchen;insg.;21;16;5;0;0;0;0;0;0;0;0;0;0;0;0;4;3;1;14;11;3;3;2;1;17;13;4;2017
219000;Raubueberfaelle in Wohnungen;3159016;Goettingen;insg.;12;10;2;0;0;0;0;0;0;0;0;0;0;0;0;2;2;0;8;7;1;2;1;1;10;8;2;2017
219000;Raubueberfaelle in Wohnungen;5914000;Hagen;insg.;9;3;6;0;0;0;0;0;0;0;0;0;0;0;0;1;1;0;5;1;4;3;1;2;8;2;6;2017
219000;Raubueberfaelle in Wohnungen;15002000;Halle (Saale);insg.;14;13;1;0;0;0;0;0;0;0;0;0;0;0;0;0;0;0;13;12;1;1;1;0;14;13;1;2017
219000;Raubueberfaelle in Wohnungen;2000000;Hamburg;insg.;101;61;40;0;0;0;1;0;1;1;0;1;2;2;0;5;5;0;75;51;24;18;3;15;93;54;39;2017
219000;Raubueberfaelle in Wohnungen;5915000;Hamm;insg.;18;13;5;0;0;0;1;1;0;1;1;0;0;0;0;4;3;1;12;8;4;1;1;0;13;9;4;2017
219000;Raubueberfaelle in Wohnungen;3241001;Hannover;insg.;24;14;10;0;0;0;0;0;0;0;0;0;1;0;1;1;1;0;18;11;7;4;2;2;22;13;9;2017
219000;Raubueberfaelle in Wohnungen;8221000;Heidelberg;insg.;0;0;0;0;0;0;0;0;0;0;0;0;0;0;0;0;0;0;0;0;0;0;0;0;0;0;0;2017
219000;Raubueberfaelle in Wohnungen;8121000;Heilbronn;insg.;2;1;1;0;0;0;0;0;0;0;0;0;0;0;0;0;0;0;1;0;1;1;1;0;2;1;1;2017
219000;Raubueberfaelle in Wohnungen;5916000;Herne;insg.;8;5;3;0;0;0;0;0;0;0;0;0;0;0;0;1;1;0;5;3;2;2;1;1;7;4;3;2017
219000;Raubueberfaelle in Wohnungen;3254021;Hildesheim;insg.;10;4;6;0;0;0;0;0;0;0;0;0;0;0;0;1;1;0;7;3;4;2;0;2;9;3;6;2017
219000;Raubueberfaelle in Wohnungen;9161000;Ingolstadt;insg.;0;0;0;0;0;0;0;0;0;0;0;0;0;0;0;0;0;0;0;0;0;0;0;0;0;0;0;2017
219000;Raubueberfaelle in Wohnungen;16053000;Jena;insg.;4;3;1;0;0;0;0;0;0;0;0;0;0;0;0;2;1;1;2;2;0;0;0;0;2;2;0;2017
219000;Raubueberfaelle in Wohnungen;8212000;Karlsruhe;insg.;5;2;3;0;0;0;0;0;0;0;0;0;0;0;0;1;1;0;3;1;2;1;0;1;4;1;3;2017
219000;Raubueberfaelle in Wohnungen;6611000;Kassel;insg.;21;15;6;0;0;0;0;0;0;0;0;0;0;0;0;3;1;2;15;13;2;3;1;2;18;14;4;2017
219000;Raubueberfaelle in Wohnungen;1002000;Kiel;insg.;22;17;5;0;0;0;0;0;0;0;0;0;0;0;0;1;0;1;18;16;2;3;1;2;21;17;4;2017
219000;Raubueberfaelle in Wohnungen;7111000;Koblenz;insg.;8;5;3;0;0;0;0;0;0;0;0;0;0;0;0;1;1;0;6;4;2;1;0;1;7;4;3;2017
219000;Raubueberfaelle in Wohnungen;5315000;Koeln;insg.;77;45;32;0;0;0;0;0;0;0;0;0;1;1;0;2;2;0;57;33;24;17;9;8;74;42;32;2017
219000;Raubueberfaelle in Wohnungen;5114000;Krefeld;insg.;6;4;2;0;0;0;0;0;0;0;0;0;0;0;0;0;0;0;3;3;0;3;1;2;6;4;2;2017
219000;Raubueberfaelle in Wohnungen;14713000;Leipzig;insg.;39;24;15;0;0;0;0;0;0;0;0;0;0;0;0;4;4;0;32;20;12;3;0;3;35;20;15;2017
219000;Raubueberfaelle in Wohnungen;5316000;Leverkusen;insg.;5;3;2;0;0;0;0;0;0;0;0;0;0;0;0;0;0;0;4;3;1;1;0;1;5;3;2;2017
219000;Raubueberfaelle in Wohnungen;1003000;Luebeck;insg.;29;15;14;0;0;0;0;0;0;0;0;0;2;0;2;2;1;1;23;14;9;2;0;2;25;14;11;2017
219000;Raubueberfaelle in Wohnungen;7314000;Ludwigshafen am Rhein;insg.;8;3;5;0;0;0;0;0;0;0;0;0;0;0;0;0;0;0;6;2;4;2;1;1;8;3;5;2017
219000;Raubueberfaelle in Wohnungen;15003000;Magdeburg;insg.;17;13;4;0;0;0;0;0;0;0;0;0;1;1;0;6;5;1;9;7;2;1;0;1;10;7;3;2017
219000;Raubueberfaelle in Wohnungen;7315000;Mainz;insg.;5;4;1;0;0;0;0;0;0;0;0;0;0;0;0;0;0;0;3;3;0;2;1;1;5;4;1;2017
219000;Raubueberfaelle in Wohnungen;8222000;Mannheim;insg.;8;6;2;0;0;0;0;0;0;0;0;0;0;0;0;0;0;0;6;5;1;2;1;1;8;6;2;2017
219000;Raubueberfaelle in Wohnungen;5170024;Moers;insg.;2;1;1;0;0;0;0;0;0;0;0;0;0;0;0;0;0;0;1;1;0;1;0;1;2;1;1;2017
219000;Raubueberfaelle in Wohnungen;5116000;Moenchengladbach;insg.;23;16;7;0;0;0;0;0;0;0;0;0;1;1;0;3;2;1;10;6;4;9;7;2;19;13;6;2017
219000;Raubueberfaelle in Wohnungen;5117000;Muelheim an der Ruhr;insg.;16;8;8;0;0;0;0;0;0;0;0;0;2;1;1;0;0;0;7;4;3;7;3;4;14;7;7;2017
219000;Raubueberfaelle in Wohnungen;9162000;Muenchen;insg.;28;14;14;0;0;0;0;0;0;0;0;0;0;0;0;4;2;2;16;8;8;8;4;4;24;12;12;2017
219000;Raubueberfaelle in Wohnungen;5515000;Muenster;insg.;11;6;5;0;0;0;0;0;0;0;0;0;1;0;1;3;3;0;4;2;2;3;1;2;7;3;4;2017
219000;Raubueberfaelle in Wohnungen;5162024;Neuss;insg.;5;4;1;0;0;0;0;0;0;0;0;0;0;0;0;1;1;0;4;3;1;0;0;0;4;3;1;2017
219000;Raubueberfaelle in Wohnungen;9564000;Nuernberg;insg.;17;7;10;0;0;0;0;0;0;0;0;0;2;0;2;2;1;1;8;5;3;5;1;4;13;6;7;2017
219000;Raubueberfaelle in Wohnungen;5119000;Oberhausen;insg.;7;5;2;0;0;0;0;0;0;0;0;0;1;1;0;0;0;0;4;4;0;2;0;2;6;4;2;2017
219000;Raubueberfaelle in Wohnungen;6413000;Offenbach am Main;insg.;5;5;0;0;0;0;0;0;0;0;0;0;0;0;0;1;1;0;4;4;0;0;0;0;4;4;0;2017
219000;Raubueberfaelle in Wohnungen;3403000;Oldenburg (Oldenburg);insg.;19;11;8;0;0;0;0;0;0;0;0;0;0;0;0;2;2;0;16;9;7;1;0;1;17;9;8;2017
219000;Raubueberfaelle in Wohnungen;3404000;Osnabrueck;insg.;9;7;2;0;0;0;0;0;0;0;0;0;0;0;0;0;0;0;4;4;0;5;3;2;9;7;2;2017
219000;Raubueberfaelle in Wohnungen;5774032;Paderborn;insg.;10;7;3;0;0;0;0;0;0;0;0;0;1;1;0;1;1;0;5;4;1;3;1;2;8;5;3;2017
219000;Raubueberfaelle in Wohnungen;8231000;Pforzheim;insg.;6;3;3;0;0;0;0;0;0;0;0;0;0;0;0;1;0;1;4;3;1;1;0;1;5;3;2;2017
219000;Raubueberfaelle in Wohnungen;12054000;Potsdam;insg.;11;5;6;0;0;0;0;0;0;0;0;0;1;0;1;2;1;1;6;4;2;2;0;2;8;4;4;2017
219000;Raubueberfaelle in Wohnungen;5562032;Recklinghausen;insg.;9;3;6;0;0;0;0;0;0;0;0;0;0;0;0;2;0;2;5;3;2;2;0;2;7;3;4;2017
219000;Raubueberfaelle in Wohnungen;9362000;Regensburg;insg.;7;6;1;0;0;0;0;0;0;0;0;0;0;0;0;1;1;0;5;4;1;1;1;0;6;5;1;2017
219000;Raubueberfaelle in Wohnungen;5120000;Remscheid;insg.;5;3;2;0;0;0;0;0;0;0;0;0;0;0;0;0;0;0;3;2;1;2;1;1;5;3;2;2017
219000;Raubueberfaelle in Wohnungen;8415061;Reutlingen;insg.;9;7;2;0;0;0;0;0;0;0;0;0;3;3;0;2;2;0;4;2;2;0;0;0;4;2;2;2017
219000;Raubueberfaelle in Wohnungen;13003000;Rostock;insg.;10;6;4;0;0;0;0;0;0;0;0;0;0;0;0;0;0;0;9;6;3;1;0;1;10;6;4;2017
219000;Raubueberfaelle in Wohnungen;10041100;Saarbruecken;insg.;17;12;5;0;0;0;0;0;0;0;0;0;0;0;0;3;2;1;11;8;3;3;2;1;14;10;4;2017
219000;Raubueberfaelle in Wohnungen;3102000;Salzgitter;insg.;5;4;1;0;0;0;0;0;0;0;0;0;0;0;0;0;0;0;5;4;1;0;0;0;5;4;1;2017
219000;Raubueberfaelle in Wohnungen;13004000;Schwerin;insg.;3;3;0;0;0;0;0;0;0;0;0;0;0;0;0;0;0;0;3;3;0;0;0;0;3;3;0;2017
219000;Raubueberfaelle in Wohnungen;5970040;Siegen;insg.;3;3;0;0;0;0;0;0;0;0;0;0;0;0;0;0;0;0;3;3;0;0;0;0;3;3;0;2017
219000;Raubueberfaelle in Wohnungen;5122000;Solingen;insg.;16;11;5;0;0;0;0;0;0;0;0;0;1;1;0;1;1;0;9;6;3;5;3;2;14;9;5;2017
219000;Raubueberfaelle in Wohnungen;8111000;Stuttgart;insg.;16;6;10;0;0;0;0;0;0;0;0;0;0;0;0;1;1;0;13;4;9;2;1;1;15;5;10;2017
219000;Raubueberfaelle in Wohnungen;7211000;Trier;insg.;7;6;1;0;0;0;0;0;0;0;0;0;0;0;0;1;1;0;4;3;1;2;2;0;6;5;1;2017
219000;Raubueberfaelle in Wohnungen;8421000;Ulm;insg.;2;2;0;0;0;0;0;0;0;0;0;0;0;0;0;0;0;0;2;2;0;0;0;0;2;2;0;2017
219000;Raubueberfaelle in Wohnungen;6414000;Wiesbaden;insg.;11;8;3;0;0;0;0;0;0;0;0;0;0;0;0;1;1;0;8;5;3;2;2;0;10;7;3;2017
219000;Raubueberfaelle in Wohnungen;3103000;Wolfsburg;insg.;1;1;0;0;0;0;0;0;0;0;0;0;0;0;0;0;0;0;0;0;0;1;1;0;1;1;0;2017
219000;Raubueberfaelle in Wohnungen;5124000;Wuppertal;insg.;21;17;4;0;0;0;1;1;0;1;1;0;1;1;0;2;1;1;15;13;2;2;1;1;17;14;3;2017
219000;Raubueberfaelle in Wohnungen;9663000;Wuerzburg;insg.;0;0;0;0;0;0;0;0;0;0;0;0;0;0;0;0;0;0;0;0;0;0;0;0;0;0;0;2017
222000;Gefaehrliche und schwere Koerperverletzung, Verstuemmelung weiblicher Genitalien;5334002;Aachen;insg.;871;621;250;6;3;3;33;23;10;39;26;13;76;55;21;129;98;31;595;425;170;32;17;15;627;442;185;2017
222000;Gefaehrliche und schwere Koerperverletzung, Verstuemmelung weiblicher Genitalien;9761000;Augsburg;insg.;897;686;211;8;4;4;40;34;6;48;38;10;103;79;24;116;87;29;582;452;130;48;30;18;630;482;148;2017
222000;Gefaehrliche und schwere Koerperverletzung, Verstuemmelung weiblicher Genitalien;5378004;Bergisch Gladbach;insg.;182;130;52;2;1;1;6;2;4;8;3;5;26;21;5;22;14;8;115;85;30;11;7;4;126;92;34;2017
222000;Gefaehrliche und schwere Koerperverletzung, Verstuemmelung weiblicher Genitalien;11000000;Berlin;insg.;13151;10050;3101;64;35;29;574;405;169;638;440;198;1171;860;311;1187;947;240;9621;7452;2169;534;351;183;10155;7803;2352;2017
222000;Gefaehrliche und schwere Koerperverletzung, Verstuemmelung weiblicher Genitalien;5711000;Bielefeld;insg.;752;536;216;3;3;0;24;18;6;27;21;6;64;43;21;92;69;23;545;386;159;24;17;7;569;403;166;2017
222000;Gefaehrliche und schwere Koerperverletzung, Verstuemmelung weiblicher Genitalien;5911000;Bochum;insg.;1112;832;280;3;1;2;48;40;8;51;41;10;113;80;33;126;96;30;782;586;196;40;29;11;822;615;207;2017
222000;Gefaehrliche und schwere Koerperverletzung, Verstuemmelung weiblicher Genitalien;5314000;Bonn;insg.;890;658;232;4;1;3;36;29;7;40;30;10;91;64;27;123;99;24;605;447;158;31;18;13;636;465;171;2017
222000;Gefaehrliche und schwere Koerperverletzung, Verstuemmelung weiblicher Genitalien;5512000;Bottrop;insg.;394;249;145;1;1;0;5;4;1;6;5;1;44;37;7;30;21;9;229;147;82;85;39;46;314;186;128;2017
222000;Gefaehrliche und schwere Koerperverletzung, Verstuemmelung weiblicher Genitalien;3101000;Braunschweig;insg.;800;586;214;0;0;0;27;18;9;27;18;9;69;38;31;103;79;24;570;434;136;31;17;14;601;451;150;2017
222000;Gefaehrliche und schwere Koerperverletzung, Verstuemmelung weiblicher Genitalien;4011000;Bremen;insg.;2010;1546;464;5;3;2;42;32;10;47;35;12;169;136;33;260;216;44;1482;1129;353;52;30;22;1534;1159;375;2017
222000;Gefaehrliche und schwere Koerperverletzung, Verstuemmelung weiblicher Genitalien;4012000;Bremerhaven;insg.;457;336;121;1;1;0;27;19;8;28;20;8;48;32;16;50;37;13;323;241;82;8;6;2;331;247;84;2017
222000;Gefaehrliche und schwere Koerperverletzung, Verstuemmelung weiblicher Genitalien;14511000;Chemnitz;insg.;659;516;143;4;1;3;23;13;10;27;14;13;89;71;18;87;75;12;427;340;87;29;16;13;456;356;100;2017
222000;Gefaehrliche und schwere Koerperverletzung, Verstuemmelung weiblicher Genitalien;12052000;Cottbus;insg.;345;270;75;0;0;0;15;7;8;15;7;8;53;45;8;57;50;7;209;159;50;11;9;2;220;168;52;2017
222000;Gefaehrliche und schwere Koerperverletzung, Verstuemmelung weiblicher Genitalien;6411000;Darmstadt;insg.;383;291;92;0;0;0;13;10;3;13;10;3;41;34;7;59;46;13;255;192;63;15;9;6;270;201;69;2017
222000;Gefaehrliche und schwere Koerperverletzung, Verstuemmelung weiblicher Genitalien;5913000;Dortmund;insg.;2582;1908;674;7;3;4;141;103;38;148;106;42;248;167;81;261;200;61;1838;1378;460;87;57;30;1925;1435;490;2017
222000;Gefaehrliche und schwere Koerperverletzung, Verstuemmelung weiblicher Genitalien;14612000;Dresden;insg.;1328;1072;256;5;3;2;33;26;7;38;29;9;99;70;29;168;136;32;977;800;177;46;37;9;1023;837;186;2017
222000;Gefaehrliche und schwere Koerperverletzung, Verstuemmelung weiblicher Genitalien;5112000;Duisburg;insg.;1584;1103;481;7;4;3;112;78;34;119;82;37;185;127;58;166;111;55;1039;728;311;75;55;20;1114;783;331;2017
222000;Gefaehrliche und schwere Koerperverletzung, Verstuemmelung weiblicher Genitalien;5111000;Duesseldorf;insg.;2054;1529;525;6;3;3;68;48;20;74;51;23;152;93;59;245;177;68;1504;1155;349;79;53;26;1583;1208;375;2017
222000;Gefaehrliche und schwere Koerperverletzung, Verstuemmelung weiblicher Genitalien;16051000;Erfurt;insg.;580;444;136;9;6;3;28;18;10;37;24;13;61;47;14;56;47;9;405;316;89;21;10;11;426;326;100;2017
222000;Gefaehrliche und schwere Koerperverletzung, Verstuemmelung weiblicher Genitalien;9562000;Erlangen;insg.;186;139;47;1;0;1;7;3;4;8;3;5;13;8;5;33;28;5;121;91;30;11;9;2;132;100;32;2017
222000;Gefaehrliche und schwere Koerperverletzung, Verstuemmelung weiblicher Genitalien;5113000;Essen;insg.;1390;937;453;7;4;3;57;46;11;64;50;14;108;66;42;138;88;50;1002;671;331;78;62;16;1080;733;347;2017
222000;Gefaehrliche und schwere Koerperverletzung, Verstuemmelung weiblicher Genitalien;6412000;Frankfurt am Main;insg.;2962;2262;700;24;13;11;89;64;25;113;77;36;184;128;56;314;232;82;2250;1754;496;101;71;30;2351;1825;526;2017
222000;Gefaehrliche und schwere Koerperverletzung, Verstuemmelung weiblicher Genitalien;8311000;Freiburg im Breisgau;insg.;831;672;159;11;10;1;29;15;14;40;25;15;72;53;19;120;102;18;579;478;101;20;14;6;599;492;107;2017
222000;Gefaehrliche und schwere Koerperverletzung, Verstuemmelung weiblicher Genitalien;9563000;Fuerth;insg.;209;168;41;1;1;0;10;6;4;11;7;4;24;20;4;22;18;4;142;114;28;10;9;1;152;123;29;2017
222000;Gefaehrliche und schwere Koerperverletzung, Verstuemmelung weiblicher Genitalien;5513000;Gelsenkirchen;insg.;720;496;224;5;2;3;33;22;11;38;24;14;73;48;25;70;49;21;510;355;155;29;20;9;539;375;164;2017
222000;Gefaehrliche und schwere Koerperverletzung, Verstuemmelung weiblicher Genitalien;3159016;Goettingen;insg.;389;300;89;0;0;0;15;10;5;15;10;5;15;11;4;48;40;8;302;234;68;9;5;4;311;239;72;2017
222000;Gefaehrliche und schwere Koerperverletzung, Verstuemmelung weiblicher Genitalien;5914000;Hagen;insg.;449;331;118;1;1;0;27;16;11;28;17;11;48;35;13;57;43;14;300;226;74;16;10;6;316;236;80;2017
222000;Gefaehrliche und schwere Koerperverletzung, Verstuemmelung weiblicher Genitalien;15002000;Halle (Saale);insg.;856;647;209;5;1;4;50;42;8;55;43;12;81;61;20;82;63;19;606;464;142;32;16;16;638;480;158;2017
222000;Gefaehrliche und schwere Koerperverletzung, Verstuemmelung weiblicher Genitalien;2000000;Hamburg;insg.;6427;4772;1655;22;10;12;333;235;98;355;245;110;461;322;139;680;526;154;4683;3519;1164;248;160;88;4931;3679;1252;2017
222000;Gefaehrliche und schwere Koerperverletzung, Verstuemmelung weiblicher Genitalien;5915000;Hamm;insg.;569;413;156;4;0;4;30;17;13;34;17;17;77;53;24;68;57;11;379;276;103;11;10;1;390;286;104;2017
222000;Gefaehrliche und schwere Koerperverletzung, Verstuemmelung weiblicher Genitalien;3241001;Hannover;insg.;2283;1748;535;15;6;9;72;49;23;87;55;32;171;126;45;271;214;57;1683;1311;372;71;42;29;1754;1353;401;2017
222000;Gefaehrliche und schwere Koerperverletzung, Verstuemmelung weiblicher Genitalien;8221000;Heidelberg;insg.;461;380;81;2;2;0;10;7;3;12;9;3;28;22;6;58;49;9;348;292;56;15;8;7;363;300;63;2017
222000;Gefaehrliche und schwere Koerperverletzung, Verstuemmelung weiblicher Genitalien;8121000;Heilbronn;insg.;333;262;71;0;0;0;8;5;3;8;5;3;36;27;9;45;34;11;235;190;45;9;6;3;244;196;48;2017
222000;Gefaehrliche und schwere Koerperverletzung, Verstuemmelung weiblicher Genitalien;5916000;Herne;insg.;377;266;111;1;0;1;25;16;9;26;16;10;48;26;22;37;27;10;254;190;64;12;7;5;266;197;69;2017
222000;Gefaehrliche und schwere Koerperverletzung, Verstuemmelung weiblicher Genitalien;3254021;Hildesheim;insg.;325;232;93;0;0;0;18;13;5;18;13;5;35;24;11;30;25;5;232;164;68;10;6;4;242;170;72;2017
222000;Gefaehrliche und schwere Koerperverletzung, Verstuemmelung weiblicher Genitalien;9161000;Ingolstadt;insg.;391;314;77;2;1;1;7;6;1;9;7;2;36;26;10;46;40;6;293;239;54;7;2;5;300;241;59;2017
222000;Gefaehrliche und schwere Koerperverletzung, Verstuemmelung weiblicher Genitalien;16053000;Jena;insg.;252;210;42;1;0;1;8;8;0;9;8;1;33;29;4;41;36;5;162;131;31;7;6;1;169;137;32;2017
222000;Gefaehrliche und schwere Koerperverletzung, Verstuemmelung weiblicher Genitalien;8212000;Karlsruhe;insg.;813;594;219;4;3;1;14;9;5;18;12;6;62;51;11;118;87;31;591;430;161;24;14;10;615;444;171;2017
222000;Gefaehrliche und schwere Koerperverletzung, Verstuemmelung weiblicher Genitalien;6611000;Kassel;insg.;609;432;177;3;2;1;26;14;12;29;16;13;51;31;20;68;50;18;431;314;117;30;21;9;461;335;126;2017
222000;Gefaehrliche und schwere Koerperverletzung, Verstuemmelung weiblicher Genitalien;1002000;Kiel;insg.;821;614;207;1;1;0;30;20;10;31;21;10;75;58;17;105;85;20;585;434;151;25;16;9;610;450;160;2017
222000;Gefaehrliche und schwere Koerperverletzung, Verstuemmelung weiblicher Genitalien;7111000;Koblenz;insg.;442;345;97;1;1;0;14;12;2;15;13;2;32;23;9;66;53;13;317;249;68;12;7;5;329;256;73;2017
222000;Gefaehrliche und schwere Koerperverletzung, Verstuemmelung weiblicher Genitalien;5315000;Koeln;insg.;4840;3427;1413;25;21;4;206;134;72;231;155;76;391;272;119;465;333;132;3572;2554;1018;181;113;68;3753;2667;1086;2017
222000;Gefaehrliche und schwere Koerperverletzung, Verstuemmelung weiblicher Genitalien;5114000;Krefeld;insg.;552;376;176;5;2;3;39;24;15;44;26;18;40;28;12;54;36;18;385;268;117;29;18;11;414;286;128;2017
222000;Gefaehrliche und schwere Koerperverletzung, Verstuemmelung weiblicher Genitalien;14713000;Leipzig;insg.;1645;1236;409;10;3;7;71;39;32;81;42;39;145;109;36;134;99;35;1216;946;270;69;40;29;1285;986;299;2017
222000;Gefaehrliche und schwere Koerperverletzung, Verstuemmelung weiblicher Genitalien;5316000;Leverkusen;insg.;657;458;199;3;2;1;30;24;6;33;26;7;65;39;26;73;56;17;459;312;147;27;25;2;486;337;149;2017
222000;Gefaehrliche und schwere Koerperverletzung, Verstuemmelung weiblicher Genitalien;1003000;Luebeck;insg.;842;636;206;6;4;2;21;13;8;27;17;10;77;54;23;110;86;24;587;452;135;41;27;14;628;479;149;2017
222000;Gefaehrliche und schwere Koerperverletzung, Verstuemmelung weiblicher Genitalien;7314000;Ludwigshafen am Rhein;insg.;703;507;196;0;0;0;54;35;19;54;35;19;82;55;27;71;51;20;464;347;117;32;19;13;496;366;130;2017
222000;Gefaehrliche und schwere Koerperverletzung, Verstuemmelung weiblicher Genitalien;15003000;Magdeburg;insg.;686;526;160;4;2;2;39;30;9;43;32;11;64;45;19;71;55;16;477;372;105;31;22;9;508;394;114;2017
222000;Gefaehrliche und schwere Koerperverletzung, Verstuemmelung weiblicher Genitalien;7315000;Mainz;insg.;679;554;125;2;2;0;17;13;4;19;15;4;70;54;16;105;84;21;463;385;78;22;16;6;485;401;84;2017
222000;Gefaehrliche und schwere Koerperverletzung, Verstuemmelung weiblicher Genitalien;8222000;Mannheim;insg.;1075;815;260;11;6;5;44;29;15;55;35;20;88;62;26;103;87;16;787;605;182;42;26;16;829;631;198;2017
222000;Gefaehrliche und schwere Koerperverletzung, Verstuemmelung weiblicher Genitalien;5170024;Moers;insg.;213;152;61;0;0;0;6;5;1;6;5;1;36;26;10;27;23;4;136;91;45;8;7;1;144;98;46;2017
222000;Gefaehrliche und schwere Koerperverletzung, Verstuemmelung weiblicher Genitalien;5116000;Moenchengladbach;insg.;551;371;180;3;2;1;19;10;9;22;12;10;62;46;16;60;41;19;391;262;129;16;10;6;407;272;135;2017
222000;Gefaehrliche und schwere Koerperverletzung, Verstuemmelung weiblicher Genitalien;5117000;Muelheim an der Ruhr;insg.;309;207;102;1;1;0;9;6;3;10;7;3;34;30;4;30;21;9;219;143;76;16;6;10;235;149;86;2017
222000;Gefaehrliche und schwere Koerperverletzung, Verstuemmelung weiblicher Genitalien;9162000;Muenchen;insg.;3576;2698;878;29;19;10;102;64;38;131;83;48;265;190;75;408;313;95;2629;2018;611;143;94;49;2772;2112;660;2017
222000;Gefaehrliche und schwere Koerperverletzung, Verstuemmelung weiblicher Genitalien;5515000;Muenster;insg.;763;592;171;3;3;0;23;16;7;26;19;7;75;51;24;101;75;26;535;424;111;26;23;3;561;447;114;2017
222000;Gefaehrliche und schwere Koerperverletzung, Verstuemmelung weiblicher Genitalien;5162024;Neuss;insg.;300;196;104;2;0;2;20;17;3;22;17;5;19;11;8;42;24;18;203;133;70;14;11;3;217;144;73;2017
222000;Gefaehrliche und schwere Koerperverletzung, Verstuemmelung weiblicher Genitalien;9564000;Nuernberg;insg.;1464;1147;317;2;1;1;49;29;20;51;30;21;119;85;34;177;150;27;1067;847;220;50;35;15;1117;882;235;2017
222000;Gefaehrliche und schwere Koerperverletzung, Verstuemmelung weiblicher Genitalien;5119000;Oberhausen;insg.;416;293;123;5;3;2;14;10;4;19;13;6;38;26;12;63;49;14;285;197;88;11;8;3;296;205;91;2017
222000;Gefaehrliche und schwere Koerperverletzung, Verstuemmelung weiblicher Genitalien;6413000;Offenbach am Main;insg.;316;235;81;2;0;2;11;6;5;13;6;7;25;18;7;24;16;8;243;185;58;11;10;1;254;195;59;2017
222000;Gefaehrliche und schwere Koerperverletzung, Verstuemmelung weiblicher Genitalien;3403000;Oldenburg (Oldenburg);insg.;477;338;139;0;0;0;11;9;2;11;9;2;41;31;10;74;48;26;336;239;97;15;11;4;351;250;101;2017
222000;Gefaehrliche und schwere Koerperverletzung, Verstuemmelung weiblicher Genitalien;3404000;Osnabrueck;insg.;814;582;232;2;0;2;14;12;2;16;12;4;61;36;25;109;91;18;607;430;177;21;13;8;628;443;185;2017
222000;Gefaehrliche und schwere Koerperverletzung, Verstuemmelung weiblicher Genitalien;5774032;Paderborn;insg.;321;230;91;0;0;0;16;15;1;16;15;1;32;21;11;30;21;9;235;166;69;8;7;1;243;173;70;2017
222000;Gefaehrliche und schwere Koerperverletzung, Verstuemmelung weiblicher Genitalien;8231000;Pforzheim;insg.;314;233;81;3;3;0;15;11;4;18;14;4;35;17;18;50;33;17;202;162;40;9;7;2;211;169;42;2017
222000;Gefaehrliche und schwere Koerperverletzung, Verstuemmelung weiblicher Genitalien;12054000;Potsdam;insg.;288;226;62;2;2;0;17;14;3;19;16;3;21;17;4;43;39;4;191;145;46;14;9;5;205;154;51;2017
222000;Gefaehrliche und schwere Koerperverletzung, Verstuemmelung weiblicher Genitalien;5562032;Recklinghausen;insg.;380;279;101;1;1;0;22;18;4;23;19;4;55;40;15;44;37;7;241;170;71;17;13;4;258;183;75;2017
222000;Gefaehrliche und schwere Koerperverletzung, Verstuemmelung weiblicher Genitalien;9362000;Regensburg;insg.;396;315;81;0;0;0;11;7;4;11;7;4;39;34;5;70;59;11;270;212;58;6;3;3;276;215;61;2017
222000;Gefaehrliche und schwere Koerperverletzung, Verstuemmelung weiblicher Genitalien;5120000;Remscheid;insg.;242;156;86;2;0;2;12;5;7;14;5;9;22;16;6;25;19;6;167;109;58;14;7;7;181;116;65;2017
222000;Gefaehrliche und schwere Koerperverletzung, Verstuemmelung weiblicher Genitalien;8415061;Reutlingen;insg.;303;239;64;3;2;1;14;10;4;17;12;5;26;21;5;57;48;9;195;154;41;8;4;4;203;158;45;2017
222000;Gefaehrliche und schwere Koerperverletzung, Verstuemmelung weiblicher Genitalien;13003000;Rostock;insg.;468;337;131;3;3;0;52;31;21;55;34;21;56;42;14;42;33;9;309;224;85;6;4;2;315;228;87;2017
222000;Gefaehrliche und schwere Koerperverletzung, Verstuemmelung weiblicher Genitalien;10041100;Saarbruecken;insg.;888;665;223;7;5;2;28;16;12;35;21;14;62;37;25;103;81;22;644;491;153;44;35;9;688;526;162;2017
222000;Gefaehrliche und schwere Koerperverletzung, Verstuemmelung weiblicher Genitalien;3102000;Salzgitter;insg.;260;168;92;3;2;1;23;16;7;26;18;8;38;18;20;18;11;7;170;115;55;8;6;2;178;121;57;2017
222000;Gefaehrliche und schwere Koerperverletzung, Verstuemmelung weiblicher Genitalien;13004000;Schwerin;insg.;393;306;87;1;0;1;13;9;4;14;9;5;60;43;17;60;48;12;242;195;47;17;11;6;259;206;53;2017
222000;Gefaehrliche und schwere Koerperverletzung, Verstuemmelung weiblicher Genitalien;5970040;Siegen;insg.;216;176;40;0;0;0;7;5;2;7;5;2;25;20;5;26;23;3;149;124;25;9;4;5;158;128;30;2017
222000;Gefaehrliche und schwere Koerperverletzung, Verstuemmelung weiblicher Genitalien;5122000;Solingen;insg.;356;249;107;3;3;0;8;6;2;11;9;2;34;21;13;42;32;10;252;174;78;17;13;4;269;187;82;2017
222000;Gefaehrliche und schwere Koerperverletzung, Verstuemmelung weiblicher Genitalien;8111000;Stuttgart;insg.;2452;1907;545;13;10;3;77;50;27;90;60;30;212;161;51;299;243;56;1788;1401;387;63;42;21;1851;1443;408;2017
222000;Gefaehrliche und schwere Koerperverletzung, Verstuemmelung weiblicher Genitalien;7211000;Trier;insg.;332;251;81;1;0;1;5;4;1;6;4;2;21;17;4;46;38;8;252;188;64;7;4;3;259;192;67;2017
222000;Gefaehrliche und schwere Koerperverletzung, Verstuemmelung weiblicher Genitalien;8421000;Ulm;insg.;363;299;64;2;2;0;12;9;3;14;11;3;29;21;8;50;37;13;263;223;40;7;7;0;270;230;40;2017
222000;Gefaehrliche und schwere Koerperverletzung, Verstuemmelung weiblicher Genitalien;6414000;Wiesbaden;insg.;996;679;317;4;2;2;44;31;13;48;33;15;102;66;36;130;92;38;671;457;214;45;31;14;716;488;228;2017
222000;Gefaehrliche und schwere Koerperverletzung, Verstuemmelung weiblicher Genitalien;3103000;Wolfsburg;insg.;267;202;65;0;0;0;6;5;1;6;5;1;34;28;6;23;18;5;201;150;51;3;1;2;204;151;53;2017
222000;Gefaehrliche und schwere Koerperverletzung, Verstuemmelung weiblicher Genitalien;5124000;Wuppertal;insg.;1044;744;300;2;2;0;47;32;15;49;34;15;102;73;29;127;84;43;726;526;200;40;27;13;766;553;213;2017
222000;Gefaehrliche und schwere Koerperverletzung, Verstuemmelung weiblicher Genitalien;9663000;Wuerzburg;insg.;364;297;67;0;0;0;8;4;4;8;4;4;33;24;9;50;42;8;253;215;38;20;12;8;273;227;46;2017
224000;Vorsaetzliche einfache Koerperverletzung;5334002;Aachen;insg.;1673;985;688;5;5;0;51;37;14;56;42;14;136;87;49;157;106;51;1234;699;535;90;51;39;1324;750;574;2017
224000;Vorsaetzliche einfache Koerperverletzung;9761000;Augsburg;insg.;2580;1665;915;22;14;8;128;84;44;150;98;52;186;105;81;233;147;86;1918;1258;660;93;57;36;2011;1315;696;2017
224000;Vorsaetzliche einfache Koerperverletzung;5378004;Bergisch Gladbach;insg.;542;287;255;4;4;0;34;20;14;38;24;14;62;42;20;36;17;19;374;188;186;32;16;16;406;204;202;2017
224000;Vorsaetzliche einfache Koerperverletzung;11000000;Berlin;insg.;31775;18898;12877;236;111;125;1837;1235;602;2073;1346;727;2067;1240;827;2015;1158;857;23792;14135;9657;1828;1019;809;25620;15154;10466;2017
224000;Vorsaetzliche einfache Koerperverletzung;5711000;Bielefeld;insg.;1856;956;900;11;10;1;60;41;19;71;51;20;133;68;65;172;105;67;1382;675;707;98;57;41;1480;732;748;2017
224000;Vorsaetzliche einfache Koerperverletzung;5911000;Bochum;insg.;2882;1655;1227;17;13;4;132;87;45;149;100;49;236;141;95;302;177;125;2050;1158;892;145;79;66;2195;1237;958;2017
224000;Vorsaetzliche einfache Koerperverletzung;5314000;Bonn;insg.;2200;1266;934;6;3;3;117;79;38;123;82;41;158;95;63;194;119;75;1597;901;696;128;69;59;1725;970;755;2017
224000;Vorsaetzliche einfache Koerperverletzung;5512000;Bottrop;insg.;567;317;250;1;1;0;29;20;9;30;21;9;55;30;25;66;39;27;393;215;178;23;12;11;416;227;189;2017
224000;Vorsaetzliche einfache Koerperverletzung;3101000;Braunschweig;insg.;1882;1211;671;6;5;1;81;50;31;87;55;32;122;66;56;221;139;82;1380;904;476;72;47;25;1452;951;501;2017
224000;Vorsaetzliche einfache Koerperverletzung;4011000;Bremen;insg.;4716;2901;1815;14;7;7;154;105;49;168;112;56;311;196;115;484;309;175;3515;2148;1367;238;136;102;3753;2284;1469;2017
224000;Vorsaetzliche einfache Koerperverletzung;4012000;Bremerhaven;insg.;1102;604;498;13;6;7;54;39;15;67;45;22;94;51;43;103;41;62;797;445;352;41;22;19;838;467;371;2017
224000;Vorsaetzliche einfache Koerperverletzung;14511000;Chemnitz;insg.;1120;646;474;4;3;1;68;36;32;72;39;33;136;74;62;110;67;43;737;427;310;65;39;26;802;466;336;2017
224000;Vorsaetzliche einfache Koerperverletzung;12052000;Cottbus;insg.;611;402;209;5;3;2;49;41;8;54;44;10;60;36;24;54;37;17;404;258;146;39;27;12;443;285;158;2017
224000;Vorsaetzliche einfache Koerperverletzung;6411000;Darmstadt;insg.;687;395;292;5;1;4;21;16;5;26;17;9;46;33;13;74;46;28;512;282;230;29;17;12;541;299;242;2017
224000;Vorsaetzliche einfache Koerperverletzung;5913000;Dortmund;insg.;5030;2914;2116;24;10;14;249;180;69;273;190;83;385;218;167;424;242;182;3709;2117;1592;239;147;92;3948;2264;1684;2017
224000;Vorsaetzliche einfache Koerperverletzung;14612000;Dresden;insg.;2310;1518;792;16;5;11;106;77;29;122;82;40;157;111;46;179;115;64;1724;1141;583;128;69;59;1852;1210;642;2017
224000;Vorsaetzliche einfache Koerperverletzung;5112000;Duisburg;insg.;3584;1832;1752;33;22;11;231;167;64;264;189;75;313;168;145;278;153;125;2553;1238;1315;176;84;92;2729;1322;1407;2017
224000;Vorsaetzliche einfache Koerperverletzung;5111000;Duesseldorf;insg.;4565;2875;1690;15;9;6;165;122;43;180;131;49;285;191;94;456;275;181;3438;2164;1274;206;114;92;3644;2278;1366;2017
224000;Vorsaetzliche einfache Koerperverletzung;16051000;Erfurt;insg.;1950;1271;679;23;13;10;141;94;47;164;107;57;170;111;59;188;120;68;1350;887;463;78;46;32;1428;933;495;2017
224000;Vorsaetzliche einfache Koerperverletzung;9562000;Erlangen;insg.;602;396;206;2;1;1;17;14;3;19;15;4;62;40;22;64;44;20;434;285;149;23;12;11;457;297;160;2017
224000;Vorsaetzliche einfache Koerperverletzung;5113000;Essen;insg.;2749;1470;1279;17;11;6;144;97;47;161;108;53;235;145;90;207;113;94;1996;1026;970;150;78;72;2146;1104;1042;2017
224000;Vorsaetzliche einfache Koerperverletzung;6412000;Frankfurt am Main;insg.;4467;2646;1821;24;13;11;116;81;35;140;94;46;194;103;91;353;217;136;3506;2067;1439;274;165;109;3780;2232;1548;2017
224000;Vorsaetzliche einfache Koerperverletzung;8311000;Freiburg im Breisgau;insg.;2371;1603;768;33;23;10;106;70;36;139;93;46;189;118;71;247;186;61;1686;1131;555;110;75;35;1796;1206;590;2017
224000;Vorsaetzliche einfache Koerperverletzung;9563000;Fuerth;insg.;590;370;220;1;0;1;29;25;4;30;25;5;62;43;19;48;25;23;423;261;162;27;16;11;450;277;173;2017
224000;Vorsaetzliche einfache Koerperverletzung;5513000;Gelsenkirchen;insg.;2027;1032;995;15;11;4;157;114;43;172;125;47;200;108;92;166;92;74;1351;637;714;138;70;68;1489;707;782;2017
224000;Vorsaetzliche einfache Koerperverletzung;3159016;Goettingen;insg.;1066;700;366;7;4;3;36;23;13;43;27;16;64;38;26;119;85;34;791;519;272;49;31;18;840;550;290;2017
224000;Vorsaetzliche einfache Koerperverletzung;5914000;Hagen;insg.;1260;682;578;6;5;1;75;44;31;81;49;32;99;58;41;137;76;61;878;456;422;65;43;22;943;499;444;2017
224000;Vorsaetzliche einfache Koerperverletzung;15002000;Halle (Saale);insg.;2207;1338;869;7;5;2;137;90;47;144;95;49;211;125;86;170;100;70;1578;955;623;104;63;41;1682;1018;664;2017
224000;Vorsaetzliche einfache Koerperverletzung;2000000;Hamburg;insg.;16003;9679;6324;128;75;53;790;550;240;918;625;293;981;547;434;1295;816;479;12023;7218;4805;786;473;313;12809;7691;5118;2017
224000;Vorsaetzliche einfache Koerperverletzung;5915000;Hamm;insg.;1038;588;450;3;1;2;61;45;16;64;46;18;99;62;37;102;60;42;714;387;327;59;33;26;773;420;353;2017
224000;Vorsaetzliche einfache Koerperverletzung;3241001;Hannover;insg.;5444;3388;2056;23;16;7;220;136;84;243;152;91;357;205;152;543;343;200;4051;2552;1499;250;136;114;4301;2688;1613;2017
224000;Vorsaetzliche einfache Koerperverletzung;8221000;Heidelberg;insg.;1050;727;323;11;3;8;20;14;6;31;17;14;48;37;11;132;98;34;784;547;237;55;28;27;839;575;264;2017
224000;Vorsaetzliche einfache Koerperverletzung;8121000;Heilbronn;insg.;702;402;300;1;1;0;21;12;9;22;13;9;45;18;27;57;36;21;539;310;229;39;25;14;578;335;243;2017
224000;Vorsaetzliche einfache Koerperverletzung;5916000;Herne;insg.;1325;735;590;4;0;4;73;46;27;77;46;31;163;84;79;117;63;54;886;495;391;82;47;35;968;542;426;2017
224000;Vorsaetzliche einfache Koerperverletzung;3254021;Hildesheim;insg.;930;512;418;8;4;4;50;28;22;58;32;26;71;39;32;105;72;33;661;347;314;35;22;13;696;369;327;2017
224000;Vorsaetzliche einfache Koerperverletzung;9161000;Ingolstadt;insg.;1144;765;379;11;3;8;38;24;14;49;27;22;69;46;23;121;86;35;869;586;283;36;20;16;905;606;299;2017
224000;Vorsaetzliche einfache Koerperverletzung;16053000;Jena;insg.;577;395;182;12;8;4;27;20;7;39;28;11;55;45;10;54;34;20;408;273;135;21;15;6;429;288;141;2017
224000;Vorsaetzliche einfache Koerperverletzung;8212000;Karlsruhe;insg.;1462;933;529;3;3;0;65;44;21;68;47;21;115;72;43;145;94;51;1045;670;375;89;50;39;1134;720;414;2017
224000;Vorsaetzliche einfache Koerperverletzung;6611000;Kassel;insg.;1111;577;534;12;7;5;36;27;9;48;34;14;62;31;31;93;47;46;854;430;424;54;35;19;908;465;443;2017
224000;Vorsaetzliche einfache Koerperverletzung;1002000;Kiel;insg.;1838;1138;700;11;8;3;87;66;21;98;74;24;139;90;49;182;111;71;1343;821;522;76;42;34;1419;863;556;2017
224000;Vorsaetzliche einfache Koerperverletzung;7111000;Koblenz;insg.;1005;651;354;7;5;2;36;25;11;43;30;13;78;54;24;131;87;44;715;454;261;38;26;12;753;480;273;2017
224000;Vorsaetzliche einfache Koerperverletzung;5315000;Koeln;insg.;10072;5967;4105;52;27;25;432;298;134;484;325;159;684;400;284;901;542;359;7463;4387;3076;540;313;227;8003;4700;3303;2017
224000;Vorsaetzliche einfache Koerperverletzung;5114000;Krefeld;insg.;1670;875;795;13;9;4;93;57;36;106;66;40;142;72;70;152;78;74;1167;604;563;103;55;48;1270;659;611;2017
224000;Vorsaetzliche einfache Koerperverletzung;14713000;Leipzig;insg.;3236;1958;1278;30;16;14;161;115;46;191;131;60;240;148;92;238;135;103;2402;1449;953;165;95;70;2567;1544;1023;2017
224000;Vorsaetzliche einfache Koerperverletzung;5316000;Leverkusen;insg.;1108;581;527;7;3;4;62;42;20;69;45;24;106;61;45;109;56;53;778;394;384;46;25;21;824;419;405;2017
224000;Vorsaetzliche einfache Koerperverletzung;1003000;Luebeck;insg.;2356;1491;865;11;7;4;92;60;32;103;67;36;201;129;72;216;134;82;1699;1096;603;137;65;72;1836;1161;675;2017
224000;Vorsaetzliche einfache Koerperverletzung;7314000;Ludwigshafen am Rhein;insg.;1822;1020;802;21;10;11;106;74;32;127;84;43;176;102;74;133;64;69;1289;708;581;97;62;35;1386;770;616;2017
224000;Vorsaetzliche einfache Koerperverletzung;15003000;Magdeburg;insg.;1406;828;578;16;10;6;80;48;32;96;58;38;144;73;71;115;69;46;954;576;378;97;52;45;1051;628;423;2017
224000;Vorsaetzliche einfache Koerperverletzung;7315000;Mainz;insg.;1631;1068;563;9;4;5;62;46;16;71;50;21;144;104;40;177;118;59;1161;744;417;78;52;26;1239;796;443;2017
224000;Vorsaetzliche einfache Koerperverletzung;8222000;Mannheim;insg.;2168;1352;816;13;10;3;84;60;24;97;70;27;138;79;59;192;128;64;1620;1004;616;121;71;50;1741;1075;666;2017
224000;Vorsaetzliche einfache Koerperverletzung;5170024;Moers;insg.;652;340;312;4;2;2;51;34;17;55;36;19;66;33;33;64;31;33;422;215;207;45;25;20;467;240;227;2017
224000;Vorsaetzliche einfache Koerperverletzung;5116000;Moenchengladbach;insg.;1525;759;766;12;8;4;76;53;23;88;61;27;146;85;61;163;69;94;1051;505;546;77;39;38;1128;544;584;2017
224000;Vorsaetzliche einfache Koerperverletzung;5117000;Muelheim an der Ruhr;insg.;587;297;290;3;2;1;36;22;14;39;24;15;52;33;19;50;24;26;403;193;210;43;23;20;446;216;230;2017
224000;Vorsaetzliche einfache Koerperverletzung;9162000;Muenchen;insg.;8280;5598;2682;69;41;28;235;150;85;304;191;113;415;267;148;716;514;202;6446;4390;2056;399;236;163;6845;4626;2219;2017
224000;Vorsaetzliche einfache Koerperverletzung;5515000;Muenster;insg.;2031;1265;766;8;5;3;96;69;27;104;74;30;159;108;51;177;115;62;1495;921;574;96;47;49;1591;968;623;2017
224000;Vorsaetzliche einfache Koerperverletzung;5162024;Neuss;insg.;1004;551;453;4;4;0;51;31;20;55;35;20;95;57;38;101;62;39;700;360;340;53;37;16;753;397;356;2017
224000;Vorsaetzliche einfache Koerperverletzung;9564000;Nuernberg;insg.;4181;2784;1397;25;16;9;151;102;49;176;118;58;342;194;148;415;292;123;3091;2084;1007;157;96;61;3248;2180;1068;2017
224000;Vorsaetzliche einfache Koerperverletzung;5119000;Oberhausen;insg.;1377;755;622;3;2;1;71;49;22;74;51;23;135;83;52;141;79;62;960;506;454;67;36;31;1027;542;485;2017
224000;Vorsaetzliche einfache Koerperverletzung;6413000;Offenbach am Main;insg.;548;249;299;2;1;1;25;16;9;27;17;10;30;18;12;36;15;21;427;184;243;28;15;13;455;199;256;2017
224000;Vorsaetzliche einfache Koerperverletzung;3403000;Oldenburg (Oldenburg);insg.;964;578;386;4;1;3;27;16;11;31;17;14;54;33;21;105;69;36;731;424;307;43;35;8;774;459;315;2017
224000;Vorsaetzliche einfache Koerperverletzung;3404000;Osnabrueck;insg.;961;554;407;5;3;2;28;21;7;33;24;9;80;40;40;80;50;30;719;413;306;49;27;22;768;440;328;2017
224000;Vorsaetzliche einfache Koerperverletzung;5774032;Paderborn;insg.;884;522;362;6;4;2;28;19;9;34;23;11;77;49;28;107;62;45;635;371;264;31;17;14;666;388;278;2017
224000;Vorsaetzliche einfache Koerperverletzung;8231000;Pforzheim;insg.;881;531;350;4;4;0;44;32;12;48;36;12;65;40;25;88;51;37;642;375;267;38;29;9;680;404;276;2017
224000;Vorsaetzliche einfache Koerperverletzung;12054000;Potsdam;insg.;904;547;357;12;5;7;48;36;12;60;41;19;76;53;23;59;38;21;655;389;266;54;26;28;709;415;294;2017
224000;Vorsaetzliche einfache Koerperverletzung;5562032;Recklinghausen;insg.;882;486;396;4;3;1;51;29;22;55;32;23;91;53;38;76;43;33;612;329;283;48;29;19;660;358;302;2017
224000;Vorsaetzliche einfache Koerperverletzung;9362000;Regensburg;insg.;1160;817;343;10;9;1;33;23;10;43;32;11;79;52;27;143;97;46;855;607;248;40;29;11;895;636;259;2017
224000;Vorsaetzliche einfache Koerperverletzung;5120000;Remscheid;insg.;755;376;379;3;1;2;54;40;14;57;41;16;70;40;30;67;31;36;526;247;279;35;17;18;561;264;297;2017
224000;Vorsaetzliche einfache Koerperverletzung;8415061;Reutlingen;insg.;654;441;213;7;3;4;27;19;8;34;22;12;65;47;18;77;58;19;450;295;155;28;19;9;478;314;164;2017
224000;Vorsaetzliche einfache Koerperverletzung;13003000;Rostock;insg.;1065;654;411;6;1;5;76;54;22;82;55;27;92;53;39;93;58;35;730;442;288;68;46;22;798;488;310;2017
224000;Vorsaetzliche einfache Koerperverletzung;10041100;Saarbruecken;insg.;2038;1181;857;5;1;4;91;64;27;96;65;31;188;96;92;227;117;110;1421;830;591;106;73;33;1527;903;624;2017
224000;Vorsaetzliche einfache Koerperverletzung;3102000;Salzgitter;insg.;681;353;328;6;3;3;40;25;15;46;28;18;70;41;29;77;38;39;449;222;227;39;24;15;488;246;242;2017
224000;Vorsaetzliche einfache Koerperverletzung;13004000;Schwerin;insg.;770;492;278;6;4;2;54;40;14;60;44;16;100;72;28;63;45;18;503;311;192;44;20;24;547;331;216;2017
224000;Vorsaetzliche einfache Koerperverletzung;5970040;Siegen;insg.;899;544;355;2;1;1;42;29;13;44;30;14;78;59;19;100;71;29;638;361;277;39;23;16;677;384;293;2017
224000;Vorsaetzliche einfache Koerperverletzung;5122000;Solingen;insg.;807;424;383;5;2;3;46;34;12;51;36;15;83;47;36;86;50;36;542;260;282;45;31;14;587;291;296;2017
224000;Vorsaetzliche einfache Koerperverletzung;8111000;Stuttgart;insg.;5827;3845;1982;46;28;18;237;153;84;283;181;102;323;193;130;498;353;145;4496;2987;1509;227;131;96;4723;3118;1605;2017
224000;Vorsaetzliche einfache Koerperverletzung;7211000;Trier;insg.;1053;662;391;4;1;3;29;20;9;33;21;12;101;60;41;128;85;43;742;470;272;49;26;23;791;496;295;2017
224000;Vorsaetzliche einfache Koerperverletzung;8421000;Ulm;insg.;745;501;244;5;4;1;42;31;11;47;35;12;62;35;27;76;50;26;521;362;159;39;19;20;560;381;179;2017
224000;Vorsaetzliche einfache Koerperverletzung;6414000;Wiesbaden;insg.;1891;984;907;6;3;3;99;62;37;105;65;40;143;92;51;169;91;78;1342;675;667;132;61;71;1474;736;738;2017
224000;Vorsaetzliche einfache Koerperverletzung;3103000;Wolfsburg;insg.;660;407;253;1;1;0;30;20;10;31;21;10;53;39;14;62;39;23;485;287;198;29;21;8;514;308;206;2017
224000;Vorsaetzliche einfache Koerperverletzung;5124000;Wuppertal;insg.;3035;1733;1302;13;5;8;200;134;66;213;139;74;276;161;115;314;191;123;2088;1162;926;144;80;64;2232;1242;990;2017
224000;Vorsaetzliche einfache Koerperverletzung;9663000;Wuerzburg;insg.;915;674;241;2;2;0;33;23;10;35;25;10;73;51;22;129;95;34;649;488;161;29;15;14;678;503;175;2017
621021;Widerstand gegen Polizeivollzugsbeamte;5334002;Aachen;insg.;431;339;92;0;0;0;0;0;0;0;0;0;0;0;0;10;4;6;417;332;85;4;3;1;421;335;86;2017
621021;Widerstand gegen Polizeivollzugsbeamte;9761000;Augsburg;insg.;257;217;40;0;0;0;0;0;0;0;0;0;0;0;0;9;9;0;247;207;40;1;1;0;248;208;40;2017
621021;Widerstand gegen Polizeivollzugsbeamte;5378004;Bergisch Gladbach;insg.;56;36;20;0;0;0;0;0;0;0;0;0;0;0;0;0;0;0;55;35;20;1;1;0;56;36;20;2017
621021;Widerstand gegen Polizeivollzugsbeamte;11000000;Berlin;insg.;4611;3945;666;2;2;0;0;0;0;2;2;0;6;6;0;20;15;5;4557;3896;661;26;26;0;4583;3922;661;2017
621021;Widerstand gegen Polizeivollzugsbeamte;5711000;Bielefeld;insg.;229;191;38;0;0;0;0;0;0;0;0;0;0;0;0;2;1;1;227;190;37;0;0;0;227;190;37;2017
621021;Widerstand gegen Polizeivollzugsbeamte;5911000;Bochum;insg.;377;283;94;0;0;0;0;0;0;0;0;0;0;0;0;6;3;3;367;276;91;4;4;0;371;280;91;2017
621021;Widerstand gegen Polizeivollzugsbeamte;5314000;Bonn;insg.;380;312;68;0;0;0;0;0;0;0;0;0;1;0;1;2;2;0;376;309;67;1;1;0;377;310;67;2017
621021;Widerstand gegen Polizeivollzugsbeamte;5512000;Bottrop;insg.;52;36;16;0;0;0;0;0;0;0;0;0;0;0;0;0;0;0;52;36;16;0;0;0;52;36;16;2017
621021;Widerstand gegen Polizeivollzugsbeamte;3101000;Braunschweig;insg.;148;120;28;0;0;0;0;0;0;0;0;0;0;0;0;1;0;1;147;120;27;0;0;0;147;120;27;2017
621021;Widerstand gegen Polizeivollzugsbeamte;4011000;Bremen;insg.;722;549;173;0;0;0;0;0;0;0;0;0;2;2;0;7;4;3;706;536;170;7;7;0;713;543;170;2017
621021;Widerstand gegen Polizeivollzugsbeamte;4012000;Bremerhaven;insg.;179;136;43;0;0;0;0;0;0;0;0;0;0;0;0;3;1;2;172;131;41;4;4;0;176;135;41;2017
621021;Widerstand gegen Polizeivollzugsbeamte;14511000;Chemnitz;insg.;159;132;27;0;0;0;0;0;0;0;0;0;2;2;0;0;0;0;157;130;27;0;0;0;157;130;27;2017
621021;Widerstand gegen Polizeivollzugsbeamte;12052000;Cottbus;insg.;84;74;10;0;0;0;0;0;0;0;0;0;0;0;0;2;2;0;82;72;10;0;0;0;82;72;10;2017
621021;Widerstand gegen Polizeivollzugsbeamte;6411000;Darmstadt;insg.;56;52;4;0;0;0;0;0;0;0;0;0;0;0;0;1;1;0;55;51;4;0;0;0;55;51;4;2017
621021;Widerstand gegen Polizeivollzugsbeamte;5913000;Dortmund;insg.;1181;947;234;0;0;0;0;0;0;0;0;0;1;1;0;23;17;6;1153;926;227;4;3;1;1157;929;228;2017
621021;Widerstand gegen Polizeivollzugsbeamte;14612000;Dresden;insg.;446;390;56;0;0;0;0;0;0;0;0;0;0;0;0;2;2;0;441;385;56;3;3;0;444;388;56;2017
621021;Widerstand gegen Polizeivollzugsbeamte;5112000;Duisburg;insg.;492;370;122;1;1;0;0;0;0;1;1;0;1;1;0;6;4;2;480;360;120;4;4;0;484;364;120;2017
621021;Widerstand gegen Polizeivollzugsbeamte;5111000;Duesseldorf;insg.;786;629;157;0;0;0;0;0;0;0;0;0;0;0;0;9;8;1;772;618;154;5;3;2;777;621;156;2017
621021;Widerstand gegen Polizeivollzugsbeamte;16051000;Erfurt;insg.;285;255;30;0;0;0;0;0;0;0;0;0;0;0;0;4;2;2;281;253;28;0;0;0;281;253;28;2017
621021;Widerstand gegen Polizeivollzugsbeamte;9562000;Erlangen;insg.;23;19;4;0;0;0;0;0;0;0;0;0;0;0;0;0;0;0;23;19;4;0;0;0;23;19;4;2017
621021;Widerstand gegen Polizeivollzugsbeamte;5113000;Essen;insg.;506;411;95;2;1;1;1;0;1;3;1;2;0;0;0;7;5;2;493;404;89;3;1;2;496;405;91;2017
621021;Widerstand gegen Polizeivollzugsbeamte;6412000;Frankfurt am Main;insg.;1192;1035;157;0;0;0;0;0;0;0;0;0;0;0;0;8;5;3;1183;1029;154;1;1;0;1184;1030;154;2017
621021;Widerstand gegen Polizeivollzugsbeamte;8311000;Freiburg im Breisgau;insg.;235;192;43;0;0;0;0;0;0;0;0;0;0;0;0;9;8;1;226;184;42;0;0;0;226;184;42;2017
621021;Widerstand gegen Polizeivollzugsbeamte;9563000;Fuerth;insg.;26;19;7;0;0;0;0;0;0;0;0;0;0;0;0;0;0;0;26;19;7;0;0;0;26;19;7;2017
621021;Widerstand gegen Polizeivollzugsbeamte;5513000;Gelsenkirchen;insg.;279;204;75;0;0;0;0;0;0;0;0;0;0;0;0;8;5;3;271;199;72;0;0;0;271;199;72;2017
621021;Widerstand gegen Polizeivollzugsbeamte;3159016;Goettingen;insg.;58;48;10;0;0;0;0;0;0;0;0;0;0;0;0;0;0;0;56;46;10;2;2;0;58;48;10;2017
621021;Widerstand gegen Polizeivollzugsbeamte;5914000;Hagen;insg.;236;157;79;0;0;0;0;0;0;0;0;0;0;0;0;1;1;0;233;155;78;2;1;1;235;156;79;2017
621021;Widerstand gegen Polizeivollzugsbeamte;15002000;Halle (Saale);insg.;241;197;44;0;0;0;0;0;0;0;0;0;0;0;0;2;1;1;234;192;42;5;4;1;239;196;43;2017
621021;Widerstand gegen Polizeivollzugsbeamte;2000000;Hamburg;insg.;862;745;117;0;0;0;0;0;0;0;0;0;0;0;0;7;5;2;855;740;115;0;0;0;855;740;115;2017
621021;Widerstand gegen Polizeivollzugsbeamte;5915000;Hamm;insg.;173;131;42;0;0;0;0;0;0;0;0;0;1;0;1;1;0;1;169;129;40;2;2;0;171;131;40;2017
621021;Widerstand gegen Polizeivollzugsbeamte;3241001;Hannover;insg.;549;446;103;0;0;0;0;0;0;0;0;0;0;0;0;3;2;1;545;443;102;1;1;0;546;444;102;2017
621021;Widerstand gegen Polizeivollzugsbeamte;8221000;Heidelberg;insg.;95;83;12;0;0;0;0;0;0;0;0;0;0;0;0;2;1;1;93;82;11;0;0;0;93;82;11;2017
621021;Widerstand gegen Polizeivollzugsbeamte;8121000;Heilbronn;insg.;35;24;11;0;0;0;0;0;0;0;0;0;0;0;0;1;0;1;34;24;10;0;0;0;34;24;10;2017
621021;Widerstand gegen Polizeivollzugsbeamte;5916000;Herne;insg.;149;106;43;0;0;0;0;0;0;0;0;0;0;0;0;1;1;0;148;105;43;0;0;0;148;105;43;2017
621021;Widerstand gegen Polizeivollzugsbeamte;3254021;Hildesheim;insg.;77;62;15;0;0;0;0;0;0;0;0;0;0;0;0;3;1;2;70;57;13;4;4;0;74;61;13;2017
621021;Widerstand gegen Polizeivollzugsbeamte;9161000;Ingolstadt;insg.;62;55;7;0;0;0;0;0;0;0;0;0;0;0;0;2;2;0;60;53;7;0;0;0;60;53;7;2017
621021;Widerstand gegen Polizeivollzugsbeamte;16053000;Jena;insg.;85;75;10;0;0;0;0;0;0;0;0;0;0;0;0;0;0;0;85;75;10;0;0;0;85;75;10;2017
621021;Widerstand gegen Polizeivollzugsbeamte;8212000;Karlsruhe;insg.;132;114;18;0;0;0;0;0;0;0;0;0;0;0;0;1;1;0;131;113;18;0;0;0;131;113;18;2017
621021;Widerstand gegen Polizeivollzugsbeamte;6611000;Kassel;insg.;127;113;14;0;0;0;0;0;0;0;0;0;0;0;0;10;9;1;116;103;13;1;1;0;117;104;13;2017
621021;Widerstand gegen Polizeivollzugsbeamte;1002000;Kiel;insg.;256;205;51;0;0;0;0;0;0;0;0;0;2;2;0;6;3;3;248;200;48;0;0;0;248;200;48;2017
621021;Widerstand gegen Polizeivollzugsbeamte;7111000;Koblenz;insg.;159;134;25;0;0;0;0;0;0;0;0;0;0;0;0;1;1;0;157;132;25;1;1;0;158;133;25;2017
621021;Widerstand gegen Polizeivollzugsbeamte;5315000;Koeln;insg.;1881;1382;499;0;0;0;0;0;0;0;0;0;0;0;0;14;9;5;1860;1366;494;7;7;0;1867;1373;494;2017
621021;Widerstand gegen Polizeivollzugsbeamte;5114000;Krefeld;insg.;312;197;115;0;0;0;0;0;0;0;0;0;2;0;2;8;6;2;294;190;104;8;1;7;302;191;111;2017
621021;Widerstand gegen Polizeivollzugsbeamte;14713000;Leipzig;insg.;478;413;65;0;0;0;0;0;0;0;0;0;0;0;0;1;1;0;476;411;65;1;1;0;477;412;65;2017
621021;Widerstand gegen Polizeivollzugsbeamte;5316000;Leverkusen;insg.;201;145;56;0;0;0;0;0;0;0;0;0;0;0;0;0;0;0;200;144;56;1;1;0;201;145;56;2017
621021;Widerstand gegen Polizeivollzugsbeamte;1003000;Luebeck;insg.;312;260;52;0;0;0;0;0;0;0;0;0;0;0;0;5;3;2;306;256;50;1;1;0;307;257;50;2017
621021;Widerstand gegen Polizeivollzugsbeamte;7314000;Ludwigshafen am Rhein;insg.;94;79;15;0;0;0;0;0;0;0;0;0;0;0;0;1;1;0;93;78;15;0;0;0;93;78;15;2017
621021;Widerstand gegen Polizeivollzugsbeamte;15003000;Magdeburg;insg.;175;139;36;0;0;0;0;0;0;0;0;0;0;0;0;1;1;0;174;138;36;0;0;0;174;138;36;2017
621021;Widerstand gegen Polizeivollzugsbeamte;7315000;Mainz;insg.;226;171;55;0;0;0;0;0;0;0;0;0;0;0;0;3;3;0;223;168;55;0;0;0;223;168;55;2017
621021;Widerstand gegen Polizeivollzugsbeamte;8222000;Mannheim;insg.;159;127;32;0;0;0;0;0;0;0;0;0;0;0;0;5;2;3;154;125;29;0;0;0;154;125;29;2017
621021;Widerstand gegen Polizeivollzugsbeamte;5170024;Moers;insg.;64;45;19;0;0;0;0;0;0;0;0;0;0;0;0;0;0;0;64;45;19;0;0;0;64;45;19;2017
621021;Widerstand gegen Polizeivollzugsbeamte;5116000;Moenchengladbach;insg.;230;173;57;0;0;0;0;0;0;0;0;0;0;0;0;4;1;3;223;171;52;3;1;2;226;172;54;2017
621021;Widerstand gegen Polizeivollzugsbeamte;5117000;Muelheim an der Ruhr;insg.;69;47;22;0;0;0;0;0;0;0;0;0;0;0;0;1;1;0;67;45;22;1;1;0;68;46;22;2017
621021;Widerstand gegen Polizeivollzugsbeamte;9162000;Muenchen;insg.;573;509;64;0;0;0;0;0;0;0;0;0;0;0;0;11;5;6;561;503;58;1;1;0;562;504;58;2017
621021;Widerstand gegen Polizeivollzugsbeamte;5515000;Muenster;insg.;268;212;56;0;0;0;0;0;0;0;0;0;4;1;3;4;1;3;254;206;48;6;4;2;260;210;50;2017
621021;Widerstand gegen Polizeivollzugsbeamte;5162024;Neuss;insg.;130;91;39;0;0;0;0;0;0;0;0;0;0;0;0;1;1;0;126;88;38;3;2;1;129;90;39;2017
621021;Widerstand gegen Polizeivollzugsbeamte;9564000;Nuernberg;insg.;243;209;34;0;0;0;0;0;0;0;0;0;1;1;0;3;3;0;238;204;34;1;1;0;239;205;34;2017
621021;Widerstand gegen Polizeivollzugsbeamte;5119000;Oberhausen;insg.;90;68;22;0;0;0;0;0;0;0;0;0;0;0;0;1;1;0;89;67;22;0;0;0;89;67;22;2017
621021;Widerstand gegen Polizeivollzugsbeamte;6413000;Offenbach am Main;insg.;75;63;12;0;0;0;0;0;0;0;0;0;0;0;0;0;0;0;75;63;12;0;0;0;75;63;12;2017
621021;Widerstand gegen Polizeivollzugsbeamte;3403000;Oldenburg (Oldenburg);insg.;125;92;33;0;0;0;0;0;0;0;0;0;0;0;0;2;1;1;123;91;32;0;0;0;123;91;32;2017
621021;Widerstand gegen Polizeivollzugsbeamte;3404000;Osnabrueck;insg.;140;117;23;0;0;0;0;0;0;0;0;0;0;0;0;5;4;1;134;112;22;1;1;0;135;113;22;2017
621021;Widerstand gegen Polizeivollzugsbeamte;5774032;Paderborn;insg.;130;106;24;0;0;0;0;0;0;0;0;0;0;0;0;2;1;1;124;103;21;4;2;2;128;105;23;2017
621021;Widerstand gegen Polizeivollzugsbeamte;8231000;Pforzheim;insg.;23;15;8;0;0;0;0;0;0;0;0;0;0;0;0;0;0;0;23;15;8;0;0;0;23;15;8;2017
621021;Widerstand gegen Polizeivollzugsbeamte;12054000;Potsdam;insg.;99;79;20;0;0;0;0;0;0;0;0;0;0;0;0;1;0;1;96;77;19;2;2;0;98;79;19;2017
621021;Widerstand gegen Polizeivollzugsbeamte;5562032;Recklinghausen;insg.;198;137;61;0;0;0;0;0;0;0;0;0;0;0;0;1;1;0;192;131;61;5;5;0;197;136;61;2017
621021;Widerstand gegen Polizeivollzugsbeamte;9362000;Regensburg;insg.;103;87;16;0;0;0;0;0;0;0;0;0;0;0;0;2;1;1;101;86;15;0;0;0;101;86;15;2017
621021;Widerstand gegen Polizeivollzugsbeamte;5120000;Remscheid;insg.;80;62;18;0;0;0;0;0;0;0;0;0;0;0;0;0;0;0;80;62;18;0;0;0;80;62;18;2017
621021;Widerstand gegen Polizeivollzugsbeamte;8415061;Reutlingen;insg.;31;27;4;0;0;0;0;0;0;0;0;0;0;0;0;1;1;0;30;26;4;0;0;0;30;26;4;2017
621021;Widerstand gegen Polizeivollzugsbeamte;13003000;Rostock;insg.;170;138;32;0;0;0;0;0;0;0;0;0;0;0;0;0;0;0;169;137;32;1;1;0;170;138;32;2017
621021;Widerstand gegen Polizeivollzugsbeamte;10041100;Saarbruecken;insg.;300;257;43;0;0;0;0;0;0;0;0;0;0;0;0;1;1;0;299;256;43;0;0;0;299;256;43;2017
621021;Widerstand gegen Polizeivollzugsbeamte;3102000;Salzgitter;insg.;39;28;11;0;0;0;0;0;0;0;0;0;0;0;0;1;1;0;38;27;11;0;0;0;38;27;11;2017
621021;Widerstand gegen Polizeivollzugsbeamte;13004000;Schwerin;insg.;113;101;12;0;0;0;0;0;0;0;0;0;0;0;0;0;0;0;112;100;12;1;1;0;113;101;12;2017
621021;Widerstand gegen Polizeivollzugsbeamte;5970040;Siegen;insg.;80;54;26;0;0;0;0;0;0;0;0;0;0;0;0;0;0;0;80;54;26;0;0;0;80;54;26;2017
621021;Widerstand gegen Polizeivollzugsbeamte;5122000;Solingen;insg.;86;72;14;0;0;0;0;0;0;0;0;0;0;0;0;1;0;1;85;72;13;0;0;0;85;72;13;2017
621021;Widerstand gegen Polizeivollzugsbeamte;8111000;Stuttgart;insg.;809;672;137;0;0;0;0;0;0;0;0;0;0;0;0;8;6;2;799;664;135;2;2;0;801;666;135;2017
621021;Widerstand gegen Polizeivollzugsbeamte;7211000;Trier;insg.;152;127;25;0;0;0;0;0;0;0;0;0;0;0;0;5;5;0;147;122;25;0;0;0;147;122;25;2017
621021;Widerstand gegen Polizeivollzugsbeamte;8421000;Ulm;insg.;45;39;6;0;0;0;0;0;0;0;0;0;0;0;0;2;1;1;43;38;5;0;0;0;43;38;5;2017
621021;Widerstand gegen Polizeivollzugsbeamte;6414000;Wiesbaden;insg.;124;98;26;0;0;0;0;0;0;0;0;0;0;0;0;2;2;0;122;96;26;0;0;0;122;96;26;2017
621021;Widerstand gegen Polizeivollzugsbeamte;3103000;Wolfsburg;insg.;74;64;10;0;0;0;0;0;0;0;0;0;0;0;0;4;4;0;69;59;10;1;1;0;70;60;10;2017
621021;Widerstand gegen Polizeivollzugsbeamte;5124000;Wuppertal;insg.;432;303;129;0;0;0;0;0;0;0;0;0;0;0;0;4;3;1;424;296;128;4;4;0;428;300;128;2017
621021;Widerstand gegen Polizeivollzugsbeamte;9663000;Wuerzburg;insg.;34;26;8;0;0;0;0;0;0;0;0;0;0;0;0;1;0;1;33;26;7;0;0;0;33;26;7;2017
892000;Gewaltkriminalitaet;5334002;Aachen;insg.;1264;867;397;9;5;4;42;30;12;51;35;16;98;69;29;182;132;50;863;597;266;70;34;36;933;631;302;2017
892000;Gewaltkriminalitaet;9761000;Augsburg;insg.;1087;791;296;9;4;5;48;37;11;57;41;16;121;84;37;133;98;35;717;536;181;59;32;27;776;568;208;2017
892000;Gewaltkriminalitaet;5378004;Bergisch Gladbach;insg.;237;167;70;2;1;1;7;3;4;9;4;5;39;32;7;31;21;10;141;101;40;17;9;8;158;110;48;2017
892000;Gewaltkriminalitaet;11000000;Berlin;insg.;19362;13768;5594;69;38;31;805;586;219;874;624;250;1944;1357;587;1800;1330;470;13641;9878;3763;1103;579;524;14744;10457;4287;2017
892000;Gewaltkriminalitaet;5711000;Bielefeld;insg.;1041;728;313;4;4;0;35;27;8;39;31;8;97;60;37;116;86;30;752;527;225;37;24;13;789;551;238;2017
892000;Gewaltkriminalitaet;5911000;Bochum;insg.;1557;1112;445;4;2;2;61;50;11;65;52;13;160;114;46;169;123;46;1075;775;300;88;48;40;1163;823;340;2017
892000;Gewaltkriminalitaet;5314000;Bonn;insg.;1414;977;437;6;2;4;60;49;11;66;51;15;150;107;43;196;148;48;937;637;300;65;34;31;1002;671;331;2017
892000;Gewaltkriminalitaet;5512000;Bottrop;insg.;489;303;186;1;1;0;9;6;3;10;7;3;58;47;11;44;29;15;280;178;102;97;42;55;377;220;157;2017
892000;Gewaltkriminalitaet;3101000;Braunschweig;insg.;1016;699;317;0;0;0;30;19;11;30;19;11;97;52;45;128;94;34;715;514;201;46;20;26;761;534;227;2017
892000;Gewaltkriminalitaet;4011000;Bremen;insg.;3132;2247;885;5;3;2;64;48;16;69;51;18;274;207;67;366;296;70;2231;1619;612;192;74;118;2423;1693;730;2017
892000;Gewaltkriminalitaet;4012000;Bremerhaven;insg.;707;474;233;1;1;0;32;22;10;33;23;10;70;44;26;69;43;26;501;345;156;34;19;15;535;364;171;2017
892000;Gewaltkriminalitaet;14511000;Chemnitz;insg.;937;704;233;4;1;3;30;20;10;34;21;13;116;90;26;115;91;24;619;478;141;53;24;29;672;502;170;2017
892000;Gewaltkriminalitaet;12052000;Cottbus;insg.;438;328;110;0;0;0;15;7;8;15;7;8;59;50;9;64;56;8;282;204;78;18;11;7;300;215;85;2017
892000;Gewaltkriminalitaet;6411000;Darmstadt;insg.;516;377;139;0;0;0;23;19;4;23;19;4;59;44;15;74;55;19;340;248;92;20;11;9;360;259;101;2017
892000;Gewaltkriminalitaet;5913000;Dortmund;insg.;3557;2531;1026;8;3;5;211;158;53;219;161;58;356;229;127;390;280;110;2433;1773;660;159;88;71;2592;1861;731;2017
892000;Gewaltkriminalitaet;14612000;Dresden;insg.;1784;1381;403;5;3;2;38;29;9;43;32;11;130;90;40;216;169;47;1319;1040;279;76;50;26;1395;1090;305;2017
892000;Gewaltkriminalitaet;5112000;Duisburg;insg.;2190;1467;723;8;5;3;149;110;39;157;115;42;261;193;68;223;143;80;1408;931;477;141;85;56;1549;1016;533;2017
892000;Gewaltkriminalitaet;5111000;Duesseldorf;insg.;2762;1945;817;8;4;4;83;58;25;91;62;29;218;133;85;323;225;98;1978;1440;538;152;85;67;2130;1525;605;2017
892000;Gewaltkriminalitaet;16051000;Erfurt;insg.;772;565;207;9;6;3;33;22;11;42;28;14;85;60;25;76;62;14;530;398;132;39;17;22;569;415;154;2017
892000;Gewaltkriminalitaet;9562000;Erlangen;insg.;225;154;71;1;0;1;7;3;4;8;3;5;19;11;8;34;28;6;146;100;46;18;12;6;164;112;52;2017
892000;Gewaltkriminalitaet;5113000;Essen;insg.;2094;1325;769;9;5;4;81;62;19;90;67;23;193;106;87;231;143;88;1436;924;512;144;85;59;1580;1009;571;2017
892000;Gewaltkriminalitaet;6412000;Frankfurt am Main;insg.;4212;3180;1032;28;15;13;114;86;28;142;101;41;270;196;74;447;336;111;3169;2430;739;184;117;67;3353;2547;806;2017
892000;Gewaltkriminalitaet;8311000;Freiburg im Breisgau;insg.;1099;844;255;12;11;1;33;17;16;45;28;17;88;63;25;141;115;26;789;614;175;36;24;12;825;638;187;2017
892000;Gewaltkriminalitaet;9563000;Fuerth;insg.;275;201;74;1;1;0;11;7;4;12;8;4;29;22;7;26;20;6;192;140;52;16;11;5;208;151;57;2017
892000;Gewaltkriminalitaet;5513000;Gelsenkirchen;insg.;1128;722;406;5;2;3;54;43;11;59;45;14;131;89;42;111;74;37;767;479;288;60;35;25;827;514;313;2017
892000;Gewaltkriminalitaet;3159016;Goettingen;insg.;594;437;157;0;0;0;19;14;5;19;14;5;37;25;12;72;58;14;448;329;119;18;11;7;466;340;126;2017
892000;Gewaltkriminalitaet;5914000;Hagen;insg.;694;498;196;1;1;0;39;24;15;40;25;15;80;57;23;89;66;23;444;326;118;41;24;17;485;350;135;2017
892000;Gewaltkriminalitaet;15002000;Halle (Saale);insg.;1246;907;339;7;2;5;72;62;10;79;64;15;125;90;35;123;89;34;852;630;222;67;34;33;919;664;255;2017
892000;Gewaltkriminalitaet;2000000;Hamburg;insg.;9062;6662;2400;25;12;13;389;279;110;414;291;123;653;458;195;967;753;214;6577;4899;1678;451;261;190;7028;5160;1868;2017
892000;Gewaltkriminalitaet;5915000;Hamm;insg.;786;547;239;4;0;4;36;22;14;40;22;18;103;69;34;96;78;18;520;359;161;27;19;8;547;378;169;2017
892000;Gewaltkriminalitaet;3241001;Hannover;insg.;3039;2229;810;16;6;10;90;65;25;106;71;35;226;162;64;344;260;84;2236;1671;565;127;65;62;2363;1736;627;2017
892000;Gewaltkriminalitaet;8221000;Heidelberg;insg.;579;448;131;3;3;0;15;10;5;18;13;5;40;30;10;73;57;16;425;336;89;23;12;11;448;348;100;2017
892000;Gewaltkriminalitaet;8121000;Heilbronn;insg.;426;308;118;0;0;0;9;6;3;9;6;3;44;29;15;54;36;18;304;227;77;15;10;5;319;237;82;2017
892000;Gewaltkriminalitaet;5916000;Herne;insg.;522;338;184;1;0;1;34;22;12;35;22;13;78;42;36;54;37;17;320;225;95;35;12;23;355;237;118;2017
892000;Gewaltkriminalitaet;3254021;Hildesheim;insg.;454;300;154;0;0;0;23;17;6;23;17;6;43;27;16;44;34;10;317;211;106;27;11;16;344;222;122;2017
892000;Gewaltkriminalitaet;9161000;Ingolstadt;insg.;458;352;106;2;1;1;7;6;1;9;7;2;44;28;16;53;44;9;339;267;72;13;6;7;352;273;79;2017
892000;Gewaltkriminalitaet;16053000;Jena;insg.;302;242;60;1;0;1;8;8;0;9;8;1;36;31;5;48;40;8;198;155;43;11;8;3;209;163;46;2017
892000;Gewaltkriminalitaet;8212000;Karlsruhe;insg.;1078;773;305;4;3;1;18;10;8;22;13;9;85;67;18;147;106;41;777;561;216;47;26;21;824;587;237;2017
892000;Gewaltkriminalitaet;6611000;Kassel;insg.;857;590;267;5;4;1;26;14;12;31;18;13;72;46;26;92;63;29;614;433;181;48;30;18;662;463;199;2017
892000;Gewaltkriminalitaet;1002000;Kiel;insg.;1201;883;318;1;1;0;43;32;11;44;33;11;117;87;30;144;110;34;846;624;222;50;29;21;896;653;243;2017
892000;Gewaltkriminalitaet;7111000;Koblenz;insg.;557;405;152;1;1;0;14;12;2;15;13;2;45;30;15;83;66;17;386;281;105;28;15;13;414;296;118;2017
892000;Gewaltkriminalitaet;5315000;Koeln;insg.;6577;4483;2094;28;22;6;260;173;87;288;195;93;572;392;180;640;443;197;4724;3272;1452;353;181;172;5077;3453;1624;2017
892000;Gewaltkriminalitaet;5114000;Krefeld;insg.;792;521;271;6;2;4;50;32;18;56;34;22;65;48;17;77;49;28;543;361;182;51;29;22;594;390;204;2017
892000;Gewaltkriminalitaet;14713000;Leipzig;insg.;2328;1643;685;11;3;8;87;53;34;98;56;42;210;146;64;192;139;53;1669;1247;422;159;55;104;1828;1302;526;2017
892000;Gewaltkriminalitaet;5316000;Leverkusen;insg.;826;566;260;3;2;1;41;34;7;44;36;8;104;69;35;91;65;26;543;365;178;44;31;13;587;396;191;2017
892000;Gewaltkriminalitaet;1003000;Luebeck;insg.;1109;806;303;6;4;2;25;17;8;31;21;10;116;76;40;136;102;34;773;574;199;53;33;20;826;607;219;2017
892000;Gewaltkriminalitaet;7314000;Ludwigshafen am Rhein;insg.;985;690;295;0;0;0;76;51;25;76;51;25;165;125;40;100;65;35;597;420;177;47;29;18;644;449;195;2017
892000;Gewaltkriminalitaet;15003000;Magdeburg;insg.;1006;724;282;5;3;2;49;39;10;54;42;12;114;80;34;116;88;28;672;486;186;50;28;22;722;514;208;2017
892000;Gewaltkriminalitaet;7315000;Mainz;insg.;855;657;198;2;2;0;20;15;5;22;17;5;99;75;24;129;102;27;569;441;128;36;22;14;605;463;142;2017
892000;Gewaltkriminalitaet;8222000;Mannheim;insg.;1439;1045;394;11;6;5;55;38;17;66;44;22;113;77;36;145;120;25;1034;760;274;81;44;37;1115;804;311;2017
892000;Gewaltkriminalitaet;5170024;Moers;insg.;288;197;91;0;0;0;8;7;1;8;7;1;47;35;12;35;26;9;187;120;67;11;9;2;198;129;69;2017
892000;Gewaltkriminalitaet;5116000;Moenchengladbach;insg.;839;537;302;4;3;1;30;17;13;34;20;14;92;64;28;85;58;27;578;368;210;50;27;23;628;395;233;2017
892000;Gewaltkriminalitaet;5117000;Muelheim an der Ruhr;insg.;427;265;162;3;1;2;16;11;5;19;12;7;53;41;12;39;26;13;282;173;109;34;13;21;316;186;130;2017
892000;Gewaltkriminalitaet;9162000;Muenchen;insg.;4425;3146;1279;29;19;10;121;76;45;150;95;55;344;233;111;504;356;148;3222;2340;882;205;122;83;3427;2462;965;2017
892000;Gewaltkriminalitaet;5515000;Muenster;insg.;1065;757;308;3;3;0;33;23;10;36;26;10;116;73;43;136;96;40;718;530;188;59;32;27;777;562;215;2017
892000;Gewaltkriminalitaet;5162024;Neuss;insg.;454;306;148;2;0;2;32;28;4;34;28;6;41;26;15;60;38;22;293;194;99;26;20;6;319;214;105;2017
892000;Gewaltkriminalitaet;9564000;Nuernberg;insg.;1927;1414;513;6;3;3;58;35;23;64;38;26;156;104;52;223;177;46;1391;1038;353;93;57;36;1484;1095;389;2017
892000;Gewaltkriminalitaet;5119000;Oberhausen;insg.;665;457;208;5;3;2;28;20;8;33;23;10;95;66;29;87;63;24;414;281;133;36;24;12;450;305;145;2017
892000;Gewaltkriminalitaet;6413000;Offenbach am Main;insg.;481;344;137;2;0;2;16;8;8;18;8;10;60;45;15;43;24;19;341;254;87;19;13;6;360;267;93;2017
892000;Gewaltkriminalitaet;3403000;Oldenburg (Oldenburg);insg.;712;482;230;0;0;0;12;10;2;12;10;2;55;39;16;103;64;39;473;322;151;69;47;22;542;369;173;2017
892000;Gewaltkriminalitaet;3404000;Osnabrueck;insg.;1065;737;328;3;1;2;19;16;3;22;17;5;84;47;37;139;107;32;783;546;237;37;20;17;820;566;254;2017
892000;Gewaltkriminalitaet;5774032;Paderborn;insg.;472;330;142;0;0;0;20;18;2;20;18;2;48;33;15;63;44;19;325;224;101;16;11;5;341;235;106;2017
892000;Gewaltkriminalitaet;8231000;Pforzheim;insg.;399;290;109;3;3;0;16;12;4;19;15;4;50;29;21;69;45;24;247;193;54;14;8;6;261;201;60;2017
892000;Gewaltkriminalitaet;12054000;Potsdam;insg.;449;328;121;3;2;1;24;20;4;27;22;5;56;36;20;55;48;7;281;209;72;30;13;17;311;222;89;2017
892000;Gewaltkriminalitaet;5562032;Recklinghausen;insg.;550;392;158;1;1;0;37;31;6;38;32;6;78;55;23;59;45;14;341;237;104;34;23;11;375;260;115;2017
892000;Gewaltkriminalitaet;9362000;Regensburg;insg.;514;379;135;0;0;0;11;7;4;11;7;4;51;45;6;84;68;16;354;251;103;14;8;6;368;259;109;2017
892000;Gewaltkriminalitaet;5120000;Remscheid;insg.;319;197;122;2;0;2;14;7;7;16;7;9;28;19;9;36;28;8;216;133;83;23;10;13;239;143;96;2017
892000;Gewaltkriminalitaet;8415061;Reutlingen;insg.;368;279;89;3;2;1;17;13;4;20;15;5;36;26;10;70;56;14;233;177;56;9;5;4;242;182;60;2017
892000;Gewaltkriminalitaet;13003000;Rostock;insg.;640;450;190;3;3;0;61;37;24;64;40;24;71;55;16;53;41;12;432;305;127;20;9;11;452;314;138;2017
892000;Gewaltkriminalitaet;10041100;Saarbruecken;insg.;1222;881;341;7;5;2;34;22;12;41;27;14;102;65;37;137;103;34;875;638;237;67;48;19;942;686;256;2017
892000;Gewaltkriminalitaet;3102000;Salzgitter;insg.;341;205;136;3;2;1;25;17;8;28;19;9;51;23;28;24;15;9;226;140;86;12;8;4;238;148;90;2017
892000;Gewaltkriminalitaet;13004000;Schwerin;insg.;488;366;122;1;0;1;17;12;5;18;12;6;69;50;19;68;53;15;306;236;70;27;15;12;333;251;82;2017
892000;Gewaltkriminalitaet;5970040;Siegen;insg.;294;225;69;0;0;0;10;7;3;10;7;3;37;27;10;30;26;4;206;159;47;11;6;5;217;165;52;2017
892000;Gewaltkriminalitaet;5122000;Solingen;insg.;519;352;167;3;3;0;19;14;5;22;17;5;59;36;23;63;50;13;343;227;116;32;22;10;375;249;126;2017
892000;Gewaltkriminalitaet;8111000;Stuttgart;insg.;3201;2352;849;13;10;3;97;66;31;110;76;34;274;196;78;390;292;98;2305;1724;581;122;64;58;2427;1788;639;2017
892000;Gewaltkriminalitaet;7211000;Trier;insg.;439;309;130;1;0;1;5;4;1;6;4;2;29;21;8;58;44;14;327;230;97;19;10;9;346;240;106;2017
892000;Gewaltkriminalitaet;8421000;Ulm;insg.;463;356;107;2;2;0;13;9;4;15;11;4;34;23;11;64;46;18;340;268;72;10;8;2;350;276;74;2017
892000;Gewaltkriminalitaet;6414000;Wiesbaden;insg.;1285;860;425;5;3;2;49;35;14;54;38;16;152;97;55;175;126;49;846;560;286;58;39;19;904;599;305;2017
892000;Gewaltkriminalitaet;3103000;Wolfsburg;insg.;350;241;109;0;0;0;8;6;2;8;6;2;45;33;12;38;26;12;247;170;77;12;6;6;259;176;83;2017
892000;Gewaltkriminalitaet;5124000;Wuppertal;insg.;1503;1028;475;2;2;0;85;55;30;87;57;30;143;97;46;176;116;60;1003;714;289;94;44;50;1097;758;339;2017
892000;Gewaltkriminalitaet;9663000;Wuerzburg;insg.;429;334;95;0;0;0;8;4;4;8;4;4;44;29;15;61;50;11;290;237;53;26;14;12;316;251;65;2017
892500;Mord, Totschlag und Toetung auf Verlangen;5334002;Aachen;insg.;24;17;7;3;2;1;0;0;0;3;2;1;0;0;0;2;1;1;18;13;5;1;1;0;19;14;5;2017
892500;Mord, Totschlag und Toetung auf Verlangen;9761000;Augsburg;insg.;7;4;3;1;0;1;0;0;0;1;0;1;0;0;0;1;1;0;4;3;1;1;0;1;5;3;2;2017
892500;Mord, Totschlag und Toetung auf Verlangen;5378004;Bergisch Gladbach;insg.;1;0;1;0;0;0;0;0;0;0;0;0;0;0;0;0;0;0;0;0;0;1;0;1;1;0;1;2017
892500;Mord, Totschlag und Toetung auf Verlangen;11000000;Berlin;insg.;101;67;34;2;1;1;1;0;1;3;1;2;2;1;1;4;3;1;72;55;17;20;7;13;92;62;30;2017
892500;Mord, Totschlag und Toetung auf Verlangen;5711000;Bielefeld;insg.;12;9;3;0;0;0;0;0;0;0;0;0;0;0;0;0;0;0;12;9;3;0;0;0;12;9;3;2017
892500;Mord, Totschlag und Toetung auf Verlangen;5911000;Bochum;insg.;5;2;3;0;0;0;0;0;0;0;0;0;0;0;0;0;0;0;3;1;2;2;1;1;5;2;3;2017
892500;Mord, Totschlag und Toetung auf Verlangen;5314000;Bonn;insg.;8;6;2;0;0;0;0;0;0;0;0;0;1;1;0;0;0;0;6;5;1;1;0;1;7;5;2;2017
892500;Mord, Totschlag und Toetung auf Verlangen;5512000;Bottrop;insg.;3;3;0;0;0;0;0;0;0;0;0;0;0;0;0;1;1;0;2;2;0;0;0;0;2;2;0;2017
892500;Mord, Totschlag und Toetung auf Verlangen;3101000;Braunschweig;insg.;5;4;1;0;0;0;0;0;0;0;0;0;0;0;0;0;0;0;5;4;1;0;0;0;5;4;1;2017
892500;Mord, Totschlag und Toetung auf Verlangen;4011000;Bremen;insg.;31;24;7;0;0;0;0;0;0;0;0;0;1;1;0;2;2;0;26;19;7;2;2;0;28;21;7;2017
892500;Mord, Totschlag und Toetung auf Verlangen;4012000;Bremerhaven;insg.;10;9;1;0;0;0;0;0;0;0;0;0;1;1;0;0;0;0;9;8;1;0;0;0;9;8;1;2017
892500;Mord, Totschlag und Toetung auf Verlangen;14511000;Chemnitz;insg.;12;7;5;0;0;0;0;0;0;0;0;0;0;0;0;0;0;0;10;6;4;2;1;1;12;7;5;2017
892500;Mord, Totschlag und Toetung auf Verlangen;12052000;Cottbus;insg.;3;1;2;0;0;0;0;0;0;0;0;0;0;0;0;0;0;0;2;1;1;1;0;1;3;1;2;2017
892500;Mord, Totschlag und Toetung auf Verlangen;6411000;Darmstadt;insg.;7;4;3;0;0;0;0;0;0;0;0;0;0;0;0;0;0;0;5;4;1;2;0;2;7;4;3;2017
892500;Mord, Totschlag und Toetung auf Verlangen;5913000;Dortmund;insg.;23;19;4;0;0;0;0;0;0;0;0;0;0;0;0;5;5;0;18;14;4;0;0;0;18;14;4;2017
892500;Mord, Totschlag und Toetung auf Verlangen;14612000;Dresden;insg.;18;12;6;0;0;0;0;0;0;0;0;0;0;0;0;0;0;0;16;11;5;2;1;1;18;12;6;2017
892500;Mord, Totschlag und Toetung auf Verlangen;5112000;Duisburg;insg.;22;17;5;0;0;0;1;1;0;1;1;0;2;2;0;0;0;0;17;14;3;2;0;2;19;14;5;2017
892500;Mord, Totschlag und Toetung auf Verlangen;5111000;Duesseldorf;insg.;34;19;15;1;1;0;1;0;1;2;1;1;1;0;1;0;0;0;28;17;11;3;1;2;31;18;13;2017
892500;Mord, Totschlag und Toetung auf Verlangen;16051000;Erfurt;insg.;3;2;1;0;0;0;0;0;0;0;0;0;0;0;0;0;0;0;3;2;1;0;0;0;3;2;1;2017
892500;Mord, Totschlag und Toetung auf Verlangen;9562000;Erlangen;insg.;0;0;0;0;0;0;0;0;0;0;0;0;0;0;0;0;0;0;0;0;0;0;0;0;0;0;0;2017
892500;Mord, Totschlag und Toetung auf Verlangen;5113000;Essen;insg.;25;13;12;2;1;1;0;0;0;2;1;1;5;5;0;2;1;1;11;5;6;5;1;4;16;6;10;2017
892500;Mord, Totschlag und Toetung auf Verlangen;6412000;Frankfurt am Main;insg.;62;51;11;1;0;1;0;0;0;1;0;1;3;3;0;5;4;1;44;37;7;9;7;2;53;44;9;2017
892500;Mord, Totschlag und Toetung auf Verlangen;8311000;Freiburg im Breisgau;insg.;13;9;4;0;0;0;0;0;0;0;0;0;0;0;0;0;0;0;12;9;3;1;0;1;13;9;4;2017
892500;Mord, Totschlag und Toetung auf Verlangen;9563000;Fuerth;insg.;4;3;1;0;0;0;0;0;0;0;0;0;0;0;0;0;0;0;3;2;1;1;1;0;4;3;1;2017
892500;Mord, Totschlag und Toetung auf Verlangen;5513000;Gelsenkirchen;insg.;14;9;5;0;0;0;0;0;0;0;0;0;0;0;0;1;1;0;12;8;4;1;0;1;13;8;5;2017
892500;Mord, Totschlag und Toetung auf Verlangen;3159016;Goettingen;insg.;8;6;2;0;0;0;0;0;0;0;0;0;0;0;0;0;0;0;8;6;2;0;0;0;8;6;2;2017
892500;Mord, Totschlag und Toetung auf Verlangen;5914000;Hagen;insg.;7;6;1;0;0;0;0;0;0;0;0;0;0;0;0;1;1;0;6;5;1;0;0;0;6;5;1;2017
892500;Mord, Totschlag und Toetung auf Verlangen;15002000;Halle (Saale);insg.;11;8;3;1;1;0;0;0;0;1;1;0;0;0;0;1;0;1;8;6;2;1;1;0;9;7;2;2017
892500;Mord, Totschlag und Toetung auf Verlangen;2000000;Hamburg;insg.;81;65;16;1;0;1;1;1;0;2;1;1;0;0;0;7;7;0;66;54;12;6;3;3;72;57;15;2017
892500;Mord, Totschlag und Toetung auf Verlangen;5915000;Hamm;insg.;3;3;0;0;0;0;0;0;0;0;0;0;0;0;0;0;0;0;3;3;0;0;0;0;3;3;0;2017
892500;Mord, Totschlag und Toetung auf Verlangen;3241001;Hannover;insg.;49;31;18;1;0;1;2;1;1;3;1;2;2;2;0;2;2;0;39;26;13;3;0;3;42;26;16;2017
892500;Mord, Totschlag und Toetung auf Verlangen;8221000;Heidelberg;insg.;13;8;5;0;0;0;0;0;0;0;0;0;1;1;0;0;0;0;11;6;5;1;1;0;12;7;5;2017
892500;Mord, Totschlag und Toetung auf Verlangen;8121000;Heilbronn;insg.;7;6;1;0;0;0;0;0;0;0;0;0;0;0;0;0;0;0;7;6;1;0;0;0;7;6;1;2017
892500;Mord, Totschlag und Toetung auf Verlangen;5916000;Herne;insg.;2;2;0;0;0;0;1;1;0;1;1;0;0;0;0;0;0;0;1;1;0;0;0;0;1;1;0;2017
892500;Mord, Totschlag und Toetung auf Verlangen;3254021;Hildesheim;insg.;4;2;2;0;0;0;0;0;0;0;0;0;0;0;0;0;0;0;4;2;2;0;0;0;4;2;2;2017
892500;Mord, Totschlag und Toetung auf Verlangen;9161000;Ingolstadt;insg.;4;4;0;0;0;0;0;0;0;0;0;0;0;0;0;1;1;0;2;2;0;1;1;0;3;3;0;2017
892500;Mord, Totschlag und Toetung auf Verlangen;16053000;Jena;insg.;0;0;0;0;0;0;0;0;0;0;0;0;0;0;0;0;0;0;0;0;0;0;0;0;0;0;0;2017
892500;Mord, Totschlag und Toetung auf Verlangen;8212000;Karlsruhe;insg.;7;3;4;0;0;0;1;0;1;1;0;1;0;0;0;1;1;0;3;1;2;2;1;1;5;2;3;2017
892500;Mord, Totschlag und Toetung auf Verlangen;6611000;Kassel;insg.;19;15;4;0;0;0;0;0;0;0;0;0;0;0;0;0;0;0;19;15;4;0;0;0;19;15;4;2017
892500;Mord, Totschlag und Toetung auf Verlangen;1002000;Kiel;insg.;9;4;5;0;0;0;0;0;0;0;0;0;0;0;0;0;0;0;7;4;3;2;0;2;9;4;5;2017
892500;Mord, Totschlag und Toetung auf Verlangen;7111000;Koblenz;insg.;5;3;2;0;0;0;0;0;0;0;0;0;0;0;0;2;2;0;3;1;2;0;0;0;3;1;2;2017
892500;Mord, Totschlag und Toetung auf Verlangen;5315000;Koeln;insg.;21;13;8;1;0;1;0;0;0;1;0;1;0;0;0;2;0;2;18;13;5;0;0;0;18;13;5;2017
892500;Mord, Totschlag und Toetung auf Verlangen;5114000;Krefeld;insg.;16;11;5;1;0;1;0;0;0;1;0;1;0;0;0;0;0;0;13;9;4;2;2;0;15;11;4;2017
892500;Mord, Totschlag und Toetung auf Verlangen;14713000;Leipzig;insg.;26;15;11;1;0;1;0;0;0;1;0;1;0;0;0;1;0;1;21;14;7;3;1;2;24;15;9;2017
892500;Mord, Totschlag und Toetung auf Verlangen;5316000;Leverkusen;insg.;0;0;0;0;0;0;0;0;0;0;0;0;0;0;0;0;0;0;0;0;0;0;0;0;0;0;0;2017
892500;Mord, Totschlag und Toetung auf Verlangen;1003000;Luebeck;insg.;10;6;4;0;0;0;0;0;0;0;0;0;1;1;0;1;0;1;7;5;2;1;0;1;8;5;3;2017
892500;Mord, Totschlag und Toetung auf Verlangen;7314000;Ludwigshafen am Rhein;insg.;5;3;2;0;0;0;0;0;0;0;0;0;1;1;0;0;0;0;3;1;2;1;1;0;4;2;2;2017
892500;Mord, Totschlag und Toetung auf Verlangen;15003000;Magdeburg;insg.;11;8;3;1;1;0;1;1;0;2;2;0;0;0;0;1;1;0;6;4;2;2;1;1;8;5;3;2017
892500;Mord, Totschlag und Toetung auf Verlangen;7315000;Mainz;insg.;19;13;6;0;0;0;1;0;1;1;0;1;3;3;0;2;2;0;12;8;4;1;0;1;13;8;5;2017
892500;Mord, Totschlag und Toetung auf Verlangen;8222000;Mannheim;insg.;22;14;8;0;0;0;0;0;0;0;0;0;0;0;0;2;2;0;19;12;7;1;0;1;20;12;8;2017
892500;Mord, Totschlag und Toetung auf Verlangen;5170024;Moers;insg.;2;2;0;0;0;0;0;0;0;0;0;0;1;1;0;0;0;0;1;1;0;0;0;0;1;1;0;2017
892500;Mord, Totschlag und Toetung auf Verlangen;5116000;Moenchengladbach;insg.;6;4;2;0;0;0;0;0;0;0;0;0;0;0;0;0;0;0;6;4;2;0;0;0;6;4;2;2017
892500;Mord, Totschlag und Toetung auf Verlangen;5117000;Muelheim an der Ruhr;insg.;6;3;3;2;0;2;0;0;0;2;0;2;0;0;0;0;0;0;3;3;0;1;0;1;4;3;1;2017
892500;Mord, Totschlag und Toetung auf Verlangen;9162000;Muenchen;insg.;29;17;12;0;0;0;0;0;0;0;0;0;1;0;1;1;1;0;24;15;9;3;1;2;27;16;11;2017
892500;Mord, Totschlag und Toetung auf Verlangen;5515000;Muenster;insg.;8;4;4;0;0;0;0;0;0;0;0;0;1;1;0;0;0;0;4;1;3;3;2;1;7;3;4;2017
892500;Mord, Totschlag und Toetung auf Verlangen;5162024;Neuss;insg.;2;1;1;0;0;0;1;1;0;1;1;0;0;0;0;0;0;0;1;0;1;0;0;0;1;0;1;2017
892500;Mord, Totschlag und Toetung auf Verlangen;9564000;Nuernberg;insg.;56;37;19;4;2;2;0;0;0;4;2;2;0;0;0;1;0;1;39;28;11;12;7;5;51;35;16;2017
892500;Mord, Totschlag und Toetung auf Verlangen;5119000;Oberhausen;insg.;5;3;2;0;0;0;0;0;0;0;0;0;1;0;1;0;0;0;3;3;0;1;0;1;4;3;1;2017
892500;Mord, Totschlag und Toetung auf Verlangen;6413000;Offenbach am Main;insg.;8;7;1;0;0;0;0;0;0;0;0;0;0;0;0;1;1;0;7;6;1;0;0;0;7;6;1;2017
892500;Mord, Totschlag und Toetung auf Verlangen;3403000;Oldenburg (Oldenburg);insg.;59;43;16;0;0;0;0;0;0;0;0;0;0;0;0;0;0;0;14;12;2;45;31;14;59;43;16;2017
892500;Mord, Totschlag und Toetung auf Verlangen;3404000;Osnabrueck;insg.;10;8;2;1;1;0;0;0;0;1;1;0;0;0;0;1;1;0;8;6;2;0;0;0;8;6;2;2017
892500;Mord, Totschlag und Toetung auf Verlangen;5774032;Paderborn;insg.;10;9;1;0;0;0;0;0;0;0;0;0;1;1;0;4;4;0;4;4;0;1;0;1;5;4;1;2017
892500;Mord, Totschlag und Toetung auf Verlangen;8231000;Pforzheim;insg.;5;3;2;0;0;0;0;0;0;0;0;0;0;0;0;0;0;0;3;2;1;2;1;1;5;3;2;2017
892500;Mord, Totschlag und Toetung auf Verlangen;12054000;Potsdam;insg.;8;5;3;1;0;1;0;0;0;1;0;1;0;0;0;0;0;0;5;4;1;2;1;1;7;5;2;2017
892500;Mord, Totschlag und Toetung auf Verlangen;5562032;Recklinghausen;insg.;3;1;2;0;0;0;0;0;0;0;0;0;0;0;0;0;0;0;3;1;2;0;0;0;3;1;2;2017
892500;Mord, Totschlag und Toetung auf Verlangen;9362000;Regensburg;insg.;4;2;2;0;0;0;0;0;0;0;0;0;0;0;0;0;0;0;4;2;2;0;0;0;4;2;2;2017
892500;Mord, Totschlag und Toetung auf Verlangen;5120000;Remscheid;insg.;0;0;0;0;0;0;0;0;0;0;0;0;0;0;0;0;0;0;0;0;0;0;0;0;0;0;0;2017
892500;Mord, Totschlag und Toetung auf Verlangen;8415061;Reutlingen;insg.;5;5;0;0;0;0;0;0;0;0;0;0;0;0;0;2;2;0;3;3;0;0;0;0;3;3;0;2017
892500;Mord, Totschlag und Toetung auf Verlangen;13003000;Rostock;insg.;4;3;1;0;0;0;0;0;0;0;0;0;1;1;0;0;0;0;2;2;0;1;0;1;3;2;1;2017
892500;Mord, Totschlag und Toetung auf Verlangen;10041100;Saarbruecken;insg.;15;13;2;0;0;0;0;0;0;0;0;0;0;0;0;0;0;0;12;10;2;3;3;0;15;13;2;2017
892500;Mord, Totschlag und Toetung auf Verlangen;3102000;Salzgitter;insg.;5;5;0;0;0;0;0;0;0;0;0;0;0;0;0;0;0;0;5;5;0;0;0;0;5;5;0;2017
892500;Mord, Totschlag und Toetung auf Verlangen;13004000;Schwerin;insg.;4;3;1;0;0;0;0;0;0;0;0;0;0;0;0;0;0;0;4;3;1;0;0;0;4;3;1;2017
892500;Mord, Totschlag und Toetung auf Verlangen;5970040;Siegen;insg.;2;0;2;0;0;0;0;0;0;0;0;0;0;0;0;0;0;0;2;0;2;0;0;0;2;0;2;2017
892500;Mord, Totschlag und Toetung auf Verlangen;5122000;Solingen;insg.;3;3;0;0;0;0;0;0;0;0;0;0;0;0;0;2;2;0;1;1;0;0;0;0;1;1;0;2017
892500;Mord, Totschlag und Toetung auf Verlangen;8111000;Stuttgart;insg.;35;24;11;0;0;0;0;0;0;0;0;0;0;0;0;2;2;0;29;21;8;4;1;3;33;22;11;2017
892500;Mord, Totschlag und Toetung auf Verlangen;7211000;Trier;insg.;4;0;4;0;0;0;0;0;0;0;0;0;0;0;0;0;0;0;2;0;2;2;0;2;4;0;4;2017
892500;Mord, Totschlag und Toetung auf Verlangen;8421000;Ulm;insg.;5;4;1;0;0;0;0;0;0;0;0;0;1;1;0;1;1;0;3;2;1;0;0;0;3;2;1;2017
892500;Mord, Totschlag und Toetung auf Verlangen;6414000;Wiesbaden;insg.;6;5;1;0;0;0;0;0;0;0;0;0;0;0;0;0;0;0;5;4;1;1;1;0;6;5;1;2017
892500;Mord, Totschlag und Toetung auf Verlangen;3103000;Wolfsburg;insg.;5;4;1;0;0;0;0;0;0;0;0;0;0;0;0;0;0;0;4;3;1;1;1;0;5;4;1;2017
892500;Mord, Totschlag und Toetung auf Verlangen;5124000;Wuppertal;insg.;9;7;2;0;0;0;0;0;0;0;0;0;0;0;0;2;2;0;4;4;0;3;1;2;7;5;2;2017
892500;Mord, Totschlag und Toetung auf Verlangen;9663000;Wuerzburg;insg.;6;4;2;0;0;0;0;0;0;0;0;0;1;1;0;0;0;0;3;3;0;2;0;2;5;3;2;2017
------;Straftaten insgesamt;5334002;Aachen;insg.;4350;2569;1781;11;4;7;148;81;67;159;85;74;284;140;144;398;237;161;3244;1960;1284;265;147;118;3509;2107;1402;2018
------;Straftaten insgesamt;9761000;Augsburg;insg.;5270;3397;1873;46;26;20;251;152;99;297;178;119;346;181;165;489;318;171;3868;2560;1308;270;160;110;4138;2720;1418;2018
------;Straftaten insgesamt;5378004;Bergisch Gladbach;insg.;1286;689;597;4;2;2;61;29;32;65;31;34;144;92;52;102;67;35;857;435;422;118;64;54;975;499;476;2018
------;Straftaten insgesamt;11000000;Berlin;insg.;81263;49947;31316;890;481;409;4744;2736;2008;5634;3217;2417;5671;3249;2422;5106;3053;2053;60158;37816;22342;4694;2612;2082;64852;40428;24424;2018
------;Straftaten insgesamt;5711000;Bielefeld;insg.;4507;2441;2066;32;23;9;169;102;67;201;125;76;328;179;149;443;255;188;3269;1749;1520;266;133;133;3535;1882;1653;2018
------;Straftaten insgesamt;5911000;Bochum;insg.;6814;4082;2732;42;21;21;377;225;152;419;246;173;537;315;222;592;365;227;4888;2936;1952;378;220;158;5266;3156;2110;2018
------;Straftaten insgesamt;5314000;Bonn;insg.;5663;3339;2324;43;23;20;244;151;93;287;174;113;421;236;185;464;262;202;4178;2487;1691;313;180;133;4491;2667;1824;2018
------;Straftaten insgesamt;5512000;Bottrop;insg.;1319;714;605;9;3;6;80;37;43;89;40;49;111;58;53;117;67;50;927;506;421;75;43;32;1002;549;453;2018
------;Straftaten insgesamt;3101000;Braunschweig;insg.;4148;2559;1589;33;20;13;211;141;70;244;161;83;293;166;127;426;280;146;2986;1843;1143;199;109;90;3185;1952;1233;2018
------;Straftaten insgesamt;4011000;Bremen;insg.;9933;5955;3978;84;48;36;387;218;169;471;266;205;707;410;297;1068;681;387;7143;4310;2833;544;288;256;7687;4598;3089;2018
------;Straftaten insgesamt;4012000;Bremerhaven;insg.;2431;1430;1001;20;14;6;119;67;52;139;81;58;186;121;65;215;109;106;1762;1059;703;129;60;69;1891;1119;772;2018
------;Straftaten insgesamt;14511000;Chemnitz;insg.;3188;1886;1302;27;10;17;198;107;91;225;117;108;291;162;129;291;168;123;2170;1329;841;211;110;101;2381;1439;942;2018
------;Straftaten insgesamt;12052000;Cottbus;insg.;1818;1066;752;25;13;12;157;89;68;182;102;80;184;100;84;139;80;59;1214;724;490;99;60;39;1313;784;529;2018
------;Straftaten insgesamt;6411000;Darmstadt;insg.;1619;963;656;14;7;7;71;42;29;85;49;36;102;60;42;152;97;55;1201;704;497;79;53;26;1280;757;523;2018
------;Straftaten insgesamt;5913000;Dortmund;insg.;12631;7744;4887;80;47;33;616;349;267;696;396;300;944;505;439;1153;670;483;9179;5796;3383;659;377;282;9838;6173;3665;2018
------;Straftaten insgesamt;14612000;Dresden;insg.;6892;4475;2417;108;50;58;398;210;188;506;260;246;529;293;236;580;378;202;4930;3351;1579;347;193;154;5277;3544;1733;2018
------;Straftaten insgesamt;5112000;Duisburg;insg.;8174;4487;3687;90;43;47;470;281;189;560;324;236;641;347;294;645;309;336;5794;3224;2570;534;283;251;6328;3507;2821;2018
------;Straftaten insgesamt;5111000;Duesseldorf;insg.;10531;6692;3839;53;29;24;380;198;182;433;227;206;655;356;299;972;627;345;7991;5222;2769;480;260;220;8471;5482;2989;2018
------;Straftaten insgesamt;16051000;Erfurt;insg.;4348;2755;1593;45;27;18;303;138;165;348;165;183;292;177;115;386;241;145;3082;2044;1038;240;128;112;3322;2172;1150;2018
------;Straftaten insgesamt;9562000;Erlangen;insg.;1078;630;448;6;2;4;53;22;31;59;24;35;94;51;43;151;94;57;717;431;286;57;30;27;774;461;313;2018
------;Straftaten insgesamt;5113000;Essen;insg.;7548;4203;3345;46;21;25;392;229;163;438;250;188;562;291;271;617;342;275;5486;3076;2410;445;244;201;5931;3320;2611;2018
------;Straftaten insgesamt;6412000;Frankfurt am Main;insg.;12233;7790;4443;115;76;39;362;210;152;477;286;191;541;300;241;838;506;332;9666;6262;3404;711;436;275;10377;6698;3679;2018
------;Straftaten insgesamt;8311000;Freiburg im Breisgau;insg.;4515;3076;1439;61;44;17;164;88;76;225;132;93;326;211;115;414;282;132;3340;2311;1029;210;140;70;3550;2451;1099;2018
------;Straftaten insgesamt;9563000;Fuerth;insg.;1006;573;433;16;8;8;88;41;47;104;49;55;84;44;40;64;38;26;703;411;292;51;31;20;754;442;312;2018
------;Straftaten insgesamt;5513000;Gelsenkirchen;insg.;4715;2554;2161;33;22;11;303;174;129;336;196;140;365;192;173;367;199;168;3337;1807;1530;310;160;150;3647;1967;1680;2018
------;Straftaten insgesamt;3159016;Goettingen;insg.;2246;1422;824;18;10;8;92;46;46;110;56;54;174;94;80;224;141;83;1610;1047;563;128;84;44;1738;1131;607;2018
------;Straftaten insgesamt;5914000;Hagen;insg.;3120;1722;1398;23;11;12;192;104;88;215;115;100;296;150;146;267;160;107;2170;1199;971;172;98;74;2342;1297;1045;2018
------;Straftaten insgesamt;15002000;Halle (Saale);insg.;5327;3266;2061;76;48;28;405;196;209;481;244;237;448;265;183;555;340;215;3611;2295;1316;232;122;110;3843;2417;1426;2018
------;Straftaten insgesamt;2000000;Hamburg;insg.;34105;20917;13188;233;132;101;1711;1035;676;1944;1167;777;2394;1316;1078;2684;1656;1028;25255;15742;9513;1828;1036;792;27083;16778;10305;2018
------;Straftaten insgesamt;5915000;Hamm;insg.;2537;1344;1193;17;11;6;159;88;71;176;99;77;265;141;124;217;111;106;1761;927;834;118;66;52;1879;993;886;2018
------;Straftaten insgesamt;3241001;Hannover;insg.;12181;7644;4537;125;68;57;484;253;231;609;321;288;790;437;353;1110;688;422;9091;5889;3202;581;309;272;9672;6198;3474;2018
------;Straftaten insgesamt;8221000;Heidelberg;insg.;2499;1629;870;24;13;11;78;48;30;102;61;41;124;65;59;266;179;87;1841;1225;616;166;99;67;2007;1324;683;2018
------;Straftaten insgesamt;8121000;Heilbronn;insg.;1663;993;670;21;15;6;62;33;29;83;48;35;105;51;54;176;122;54;1209;711;498;90;61;29;1299;772;527;2018
------;Straftaten insgesamt;5916000;Herne;insg.;2862;1557;1305;30;17;13;166;92;74;196;109;87;284;143;141;236;126;110;1986;1097;889;160;82;78;2146;1179;967;2018
------;Straftaten insgesamt;3254021;Hildesheim;insg.;2097;1191;906;18;13;5;92;58;34;110;71;39;161;83;78;204;128;76;1485;838;647;137;71;66;1622;909;713;2018
------;Straftaten insgesamt;9161000;Ingolstadt;insg.;2401;1604;797;25;15;10;136;64;72;161;79;82;140;93;47;249;180;69;1730;1182;548;121;70;51;1851;1252;599;2018
------;Straftaten insgesamt;16053000;Jena;insg.;1544;994;550;12;6;6;95;50;45;107;56;51;135;67;68;154;110;44;1070;715;355;78;46;32;1148;761;387;2018
------;Straftaten insgesamt;8212000;Karlsruhe;insg.;3665;2228;1437;31;22;9;163;79;84;194;101;93;236;120;116;346;211;135;2689;1684;1005;200;112;88;2889;1796;1093;2018
------;Straftaten insgesamt;6611000;Kassel;insg.;3063;1773;1290;33;17;16;155;79;76;188;96;92;189;77;112;288;172;116;2256;1345;911;142;83;59;2398;1428;970;2018
------;Straftaten insgesamt;1002000;Kiel;insg.;4363;2797;1566;29;13;16;175;95;80;204;108;96;332;203;129;456;281;175;3173;2086;1087;198;119;79;3371;2205;1166;2018
------;Straftaten insgesamt;7111000;Koblenz;insg.;2474;1603;871;27;15;12;99;57;42;126;72;54;202;118;84;245;163;82;1772;1173;599;129;77;52;1901;1250;651;2018
------;Straftaten insgesamt;5315000;Koeln;insg.;24050;14276;9774;137;62;75;912;487;425;1049;549;500;1649;883;766;1905;1111;794;18178;10972;7206;1269;761;508;19447;11733;7714;2018
------;Straftaten insgesamt;5114000;Krefeld;insg.;3921;2154;1767;19;11;8;241;142;99;260;153;107;373;206;167;299;161;138;2746;1512;1234;243;122;121;2989;1634;1355;2018
------;Straftaten insgesamt;14713000;Leipzig;insg.;8993;5482;3511;96;48;48;499;230;269;595;278;317;634;356;278;670;396;274;6581;4186;2395;513;266;247;7094;4452;2642;2018
------;Straftaten insgesamt;5316000;Leverkusen;insg.;2931;1619;1312;27;16;11;150;81;69;177;97;80;250;129;121;225;129;96;2102;1157;945;177;107;70;2279;1264;1015;2018
------;Straftaten insgesamt;1003000;Luebeck;insg.;4668;2915;1753;33;22;11;209;98;111;242;120;122;381;206;175;383;249;134;3411;2190;1221;251;150;101;3662;2340;1322;2018
------;Straftaten insgesamt;7314000;Ludwigshafen am Rhein;insg.;3999;2306;1693;40;20;20;299;184;115;339;204;135;356;211;145;348;209;139;2706;1537;1169;250;145;105;2956;1682;1274;2018
------;Straftaten insgesamt;15003000;Magdeburg;insg.;4111;2456;1655;47;26;21;264;128;136;311;154;157;361;213;148;342;214;128;2838;1734;1104;259;141;118;3097;1875;1222;2018
------;Straftaten insgesamt;7315000;Mainz;insg.;3715;2426;1289;26;12;14;138;82;56;164;94;70;281;163;118;391;260;131;2702;1794;908;177;115;62;2879;1909;970;2018
------;Straftaten insgesamt;8222000;Mannheim;insg.;4982;3029;1953;45;30;15;211;115;96;256;145;111;309;156;153;433;244;189;3711;2321;1390;273;163;110;3984;2484;1500;2018
------;Straftaten insgesamt;5170024;Moers;insg.;1361;761;600;9;5;4;74;39;35;83;44;39;151;79;72;116;81;35;902;500;402;109;57;52;1011;557;454;2018
------;Straftaten insgesamt;5116000;Moenchengladbach;insg.;3641;1978;1663;27;14;13;174;94;80;201;108;93;319;188;131;320;161;159;2583;1401;1182;218;120;98;2801;1521;1280;2018
------;Straftaten insgesamt;5117000;Muelheim an der Ruhr;insg.;1761;885;876;17;9;8;129;75;54;146;84;62;127;68;59;141;71;70;1202;591;611;145;71;74;1347;662;685;2018
------;Straftaten insgesamt;9162000;Muenchen;insg.;18023;11480;6543;185;90;95;704;402;302;889;492;397;912;524;388;1483;933;550;13696;8954;4742;1043;577;466;14739;9531;5208;2018
------;Straftaten insgesamt;5515000;Muenster;insg.;4490;2716;1774;27;16;11;173;106;67;200;122;78;356;210;146;406;257;149;3288;1977;1311;240;150;90;3528;2127;1401;2018
------;Straftaten insgesamt;5162024;Neuss;insg.;2393;1340;1053;18;12;6;129;74;55;147;86;61;200;110;90;197;112;85;1709;956;753;140;76;64;1849;1032;817;2018
------;Straftaten insgesamt;9564000;Nuernberg;insg.;8332;5224;3108;62;30;32;401;193;208;463;223;240;613;342;271;798;517;281;6033;3900;2133;425;242;183;6458;4142;2316;2018
------;Straftaten insgesamt;5119000;Oberhausen;insg.;3145;1752;1393;26;15;11;144;90;54;170;105;65;297;167;130;282;163;119;2214;1215;999;182;102;80;2396;1317;1079;2018
------;Straftaten insgesamt;6413000;Offenbach am Main;insg.;1565;849;716;16;10;6;69;32;37;85;42;43;112;62;50;88;38;50;1180;642;538;100;65;35;1280;707;573;2018
------;Straftaten insgesamt;3403000;Oldenburg (Oldenburg);insg.;2329;1385;944;20;10;10;104;55;49;124;65;59;179;106;73;294;180;114;1610;960;650;122;74;48;1732;1034;698;2018
------;Straftaten insgesamt;3404000;Osnabrueck;insg.;2996;1837;1159;26;11;15;128;61;67;154;72;82;224;118;106;317;182;135;2148;1381;767;153;84;69;2301;1465;836;2018
------;Straftaten insgesamt;5774032;Paderborn;insg.;2122;1287;835;19;8;11;96;53;43;115;61;54;139;66;73;210;152;58;1554;947;607;104;61;43;1658;1008;650;2018
------;Straftaten insgesamt;8231000;Pforzheim;insg.;1783;1078;705;16;8;8;104;64;40;120;72;48;120;71;49;184;115;69;1268;769;499;91;51;40;1359;820;539;2018
------;Straftaten insgesamt;12054000;Potsdam;insg.;2438;1429;1009;30;21;9;225;126;99;255;147;108;198;121;77;212;125;87;1645;967;678;128;69;59;1773;1036;737;2018
------;Straftaten insgesamt;5562032;Recklinghausen;insg.;2388;1387;1001;15;9;6;106;64;42;121;73;48;197;97;100;204;125;79;1731;1006;725;135;86;49;1866;1092;774;2018
------;Straftaten insgesamt;9362000;Regensburg;insg.;2347;1565;782;17;8;9;70;42;28;87;50;37;145;90;55;252;161;91;1761;1208;553;102;56;46;1863;1264;599;2018
------;Straftaten insgesamt;5120000;Remscheid;insg.;1737;968;769;12;3;9;107;73;34;119;76;43;161;99;62;168;88;80;1194;651;543;95;54;41;1289;705;584;2018
------;Straftaten insgesamt;8415061;Reutlingen;insg.;1552;922;630;15;11;4;76;47;29;91;58;33;144;77;67;212;141;71;1025;598;427;80;48;32;1105;646;459;2018
------;Straftaten insgesamt;13003000;Rostock;insg.;3242;2041;1201;34;13;21;300;165;135;334;178;156;316;190;126;260;168;92;2162;1406;756;170;99;71;2332;1505;827;2018
------;Straftaten insgesamt;10041100;Saarbruecken;insg.;4885;3077;1808;36;17;19;252;157;95;288;174;114;375;227;148;436;279;157;3490;2224;1266;296;173;123;3786;2397;1389;2018
------;Straftaten insgesamt;3102000;Salzgitter;insg.;1404;781;623;19;10;9;104;60;44;123;70;53;165;82;83;126;75;51;898;502;396;92;52;40;990;554;436;2018
------;Straftaten insgesamt;13004000;Schwerin;insg.;1996;1266;730;26;18;8;142;82;60;168;100;68;184;118;66;164;109;55;1353;867;486;127;72;55;1480;939;541;2018
------;Straftaten insgesamt;5970040;Siegen;insg.;2073;1228;845;10;4;6;65;43;22;75;47;28;182;107;75;213;131;82;1489;869;620;114;74;40;1603;943;660;2018
------;Straftaten insgesamt;5122000;Solingen;insg.;1823;967;856;19;10;9;113;75;38;132;85;47;191;108;83;145;74;71;1237;635;602;118;65;53;1355;700;655;2018
------;Straftaten insgesamt;8111000;Stuttgart;insg.;12092;8125;3967;93;57;36;497;266;231;590;323;267;711;399;312;1068;745;323;9233;6355;2878;490;303;187;9723;6658;3065;2018
------;Straftaten insgesamt;7211000;Trier;insg.;1987;1233;754;10;9;1;78;40;38;88;49;39;169;92;77;230;141;89;1396;890;506;104;61;43;1500;951;549;2018
------;Straftaten insgesamt;8421000;Ulm;insg.;1771;1158;613;22;15;7;80;40;40;102;55;47;110;66;44;163;115;48;1305;877;428;91;45;46;1396;922;474;2018
------;Straftaten insgesamt;6414000;Wiesbaden;insg.;4425;2482;1943;45;27;18;215;101;114;260;128;132;382;226;156;418;242;176;3093;1741;1352;272;145;127;3365;1886;1479;2018
------;Straftaten insgesamt;3103000;Wolfsburg;insg.;1487;885;602;18;9;9;71;37;34;89;46;43;99;58;41;127;74;53;1082;654;428;90;53;37;1172;707;465;2018
------;Straftaten insgesamt;5124000;Wuppertal;insg.;7224;4165;3059;70;46;24;466;258;208;536;304;232;582;316;266;683;391;292;5054;2954;2100;369;200;169;5423;3154;2269;2018
------;Straftaten insgesamt;9663000;Wuerzburg;insg.;1943;1286;657;8;5;3;61;44;17;69;49;20;173;109;64;251;173;78;1355;907;448;95;48;47;1450;955;495;2018
111000;Vergewaltigung und sexuelle Noetigung;5334002;Aachen;insg.;46;2;44;0;0;0;0;0;0;0;0;0;9;0;9;5;0;5;31;2;29;1;0;1;32;2;30;2018
111000;Vergewaltigung und sexuelle Noetigung;9761000;Augsburg;insg.;39;4;35;0;0;0;0;0;0;0;0;0;8;0;8;7;1;6;24;3;21;0;0;0;24;3;21;2018
111000;Vergewaltigung und sexuelle Noetigung;5378004;Bergisch Gladbach;insg.;8;0;8;0;0;0;0;0;0;0;0;0;2;0;2;0;0;0;6;0;6;0;0;0;6;0;6;2018
111000;Vergewaltigung und sexuelle Noetigung;11000000;Berlin;insg.;772;71;701;0;0;0;10;3;7;10;3;7;137;5;132;111;13;98;504;50;454;10;0;10;514;50;464;2018
111000;Vergewaltigung und sexuelle Noetigung;5711000;Bielefeld;insg.;44;1;43;0;0;0;0;0;0;0;0;0;7;1;6;10;0;10;24;0;24;3;0;3;27;0;27;2018
111000;Vergewaltigung und sexuelle Noetigung;5911000;Bochum;insg.;45;2;43;0;0;0;3;0;3;3;0;3;7;1;6;6;0;6;28;1;27;1;0;1;29;1;28;2018
111000;Vergewaltigung und sexuelle Noetigung;5314000;Bonn;insg.;53;3;50;0;0;0;3;1;2;3;1;2;7;0;7;6;0;6;36;2;34;1;0;1;37;2;35;2018
111000;Vergewaltigung und sexuelle Noetigung;5512000;Bottrop;insg.;17;1;16;0;0;0;1;0;1;1;0;1;4;0;4;3;0;3;9;1;8;0;0;0;9;1;8;2018
111000;Vergewaltigung und sexuelle Noetigung;3101000;Braunschweig;insg.;39;1;38;0;0;0;1;1;0;1;1;0;11;0;11;11;0;11;16;0;16;0;0;0;16;0;16;2018
111000;Vergewaltigung und sexuelle Noetigung;4011000;Bremen;insg.;127;5;122;1;0;1;1;0;1;2;0;2;24;0;24;20;0;20;81;5;76;0;0;0;81;5;76;2018
111000;Vergewaltigung und sexuelle Noetigung;4012000;Bremerhaven;insg.;21;0;21;0;0;0;0;0;0;0;0;0;3;0;3;3;0;3;15;0;15;0;0;0;15;0;15;2018
111000;Vergewaltigung und sexuelle Noetigung;14511000;Chemnitz;insg.;28;1;27;0;0;0;0;0;0;0;0;0;5;0;5;3;0;3;18;1;17;2;0;2;20;1;19;2018
111000;Vergewaltigung und sexuelle Noetigung;12052000;Cottbus;insg.;26;2;24;0;0;0;0;0;0;0;0;0;9;2;7;4;0;4;12;0;12;1;0;1;13;0;13;2018
111000;Vergewaltigung und sexuelle Noetigung;6411000;Darmstadt;insg.;14;1;13;0;0;0;0;0;0;0;0;0;1;0;1;3;0;3;10;1;9;0;0;0;10;1;9;2018
111000;Vergewaltigung und sexuelle Noetigung;5913000;Dortmund;insg.;117;5;112;0;0;0;1;0;1;1;0;1;16;0;16;25;2;23;74;3;71;1;0;1;75;3;72;2018
111000;Vergewaltigung und sexuelle Noetigung;14612000;Dresden;insg.;39;1;38;0;0;0;0;0;0;0;0;0;14;0;14;5;0;5;18;1;17;2;0;2;20;1;19;2018
111000;Vergewaltigung und sexuelle Noetigung;5112000;Duisburg;insg.;70;3;67;0;0;0;3;0;3;3;0;3;19;1;18;15;1;14;32;1;31;1;0;1;33;1;32;2018
111000;Vergewaltigung und sexuelle Noetigung;5111000;Duesseldorf;insg.;85;2;83;0;0;0;1;0;1;1;0;1;11;0;11;14;0;14;58;2;56;1;0;1;59;2;57;2018
111000;Vergewaltigung und sexuelle Noetigung;16051000;Erfurt;insg.;39;4;35;0;0;0;0;0;0;0;0;0;10;2;8;8;0;8;19;2;17;2;0;2;21;2;19;2018
111000;Vergewaltigung und sexuelle Noetigung;9562000;Erlangen;insg.;20;1;19;0;0;0;0;0;0;0;0;0;3;0;3;5;0;5;12;1;11;0;0;0;12;1;11;2018
111000;Vergewaltigung und sexuelle Noetigung;5113000;Essen;insg.;100;3;97;0;0;0;3;0;3;3;0;3;28;1;27;18;0;18;51;2;49;0;0;0;51;2;49;2018
111000;Vergewaltigung und sexuelle Noetigung;6412000;Frankfurt am Main;insg.;107;3;104;0;0;0;0;0;0;0;0;0;17;0;17;9;1;8;80;2;78;1;0;1;81;2;79;2018
111000;Vergewaltigung und sexuelle Noetigung;8311000;Freiburg im Breisgau;insg.;20;0;20;0;0;0;0;0;0;0;0;0;3;0;3;5;0;5;12;0;12;0;0;0;12;0;12;2018
111000;Vergewaltigung und sexuelle Noetigung;9563000;Fuerth;insg.;16;0;16;0;0;0;0;0;0;0;0;0;5;0;5;1;0;1;10;0;10;0;0;0;10;0;10;2018
111000;Vergewaltigung und sexuelle Noetigung;5513000;Gelsenkirchen;insg.;28;3;25;0;0;0;0;0;0;0;0;0;6;0;6;4;1;3;18;2;16;0;0;0;18;2;16;2018
111000;Vergewaltigung und sexuelle Noetigung;3159016;Goettingen;insg.;19;0;19;0;0;0;1;0;1;1;0;1;4;0;4;4;0;4;10;0;10;0;0;0;10;0;10;2018
111000;Vergewaltigung und sexuelle Noetigung;5914000;Hagen;insg.;34;2;32;0;0;0;2;1;1;2;1;1;12;0;12;8;1;7;12;0;12;0;0;0;12;0;12;2018
111000;Vergewaltigung und sexuelle Noetigung;15002000;Halle (Saale);insg.;47;1;46;0;0;0;0;0;0;0;0;0;5;0;5;7;0;7;34;1;33;1;0;1;35;1;34;2018
111000;Vergewaltigung und sexuelle Noetigung;2000000;Hamburg;insg.;212;12;200;1;1;0;2;0;2;3;1;2;38;4;34;34;3;31;134;4;130;3;0;3;137;4;133;2018
111000;Vergewaltigung und sexuelle Noetigung;5915000;Hamm;insg.;24;1;23;0;0;0;1;0;1;1;0;1;9;0;9;4;0;4;9;1;8;1;0;1;10;1;9;2018
111000;Vergewaltigung und sexuelle Noetigung;3241001;Hannover;insg.;131;12;119;0;0;0;1;1;0;1;1;0;24;0;24;29;1;28;70;10;60;7;0;7;77;10;67;2018
111000;Vergewaltigung und sexuelle Noetigung;8221000;Heidelberg;insg.;13;0;13;0;0;0;0;0;0;0;0;0;3;0;3;2;0;2;8;0;8;0;0;0;8;0;8;2018
111000;Vergewaltigung und sexuelle Noetigung;8121000;Heilbronn;insg.;18;1;17;0;0;0;1;0;1;1;0;1;6;0;6;2;0;2;9;1;8;0;0;0;9;1;8;2018
111000;Vergewaltigung und sexuelle Noetigung;5916000;Herne;insg.;20;2;18;0;0;0;1;0;1;1;0;1;2;0;2;1;0;1;15;2;13;1;0;1;16;2;14;2018
111000;Vergewaltigung und sexuelle Noetigung;3254021;Hildesheim;insg.;18;1;17;0;0;0;1;1;0;1;1;0;1;0;1;2;0;2;14;0;14;0;0;0;14;0;14;2018
111000;Vergewaltigung und sexuelle Noetigung;9161000;Ingolstadt;insg.;21;1;20;0;0;0;0;0;0;0;0;0;4;0;4;4;0;4;13;1;12;0;0;0;13;1;12;2018
111000;Vergewaltigung und sexuelle Noetigung;16053000;Jena;insg.;9;0;9;0;0;0;0;0;0;0;0;0;2;0;2;1;0;1;6;0;6;0;0;0;6;0;6;2018
111000;Vergewaltigung und sexuelle Noetigung;8212000;Karlsruhe;insg.;38;0;38;0;0;0;0;0;0;0;0;0;10;0;10;4;0;4;24;0;24;0;0;0;24;0;24;2018
111000;Vergewaltigung und sexuelle Noetigung;6611000;Kassel;insg.;47;0;47;0;0;0;0;0;0;0;0;0;13;0;13;7;0;7;27;0;27;0;0;0;27;0;27;2018
111000;Vergewaltigung und sexuelle Noetigung;1002000;Kiel;insg.;45;2;43;0;0;0;0;0;0;0;0;0;11;0;11;9;1;8;25;1;24;0;0;0;25;1;24;2018
111000;Vergewaltigung und sexuelle Noetigung;7111000;Koblenz;insg.;14;2;12;0;0;0;1;0;1;1;0;1;3;1;2;4;1;3;5;0;5;1;0;1;6;0;6;2018
111000;Vergewaltigung und sexuelle Noetigung;5315000;Koeln;insg.;238;14;224;0;0;0;1;0;1;1;0;1;48;2;46;43;3;40;143;9;134;3;0;3;146;9;137;2018
111000;Vergewaltigung und sexuelle Noetigung;5114000;Krefeld;insg.;24;0;24;0;0;0;1;0;1;1;0;1;5;0;5;3;0;3;14;0;14;1;0;1;15;0;15;2018
111000;Vergewaltigung und sexuelle Noetigung;14713000;Leipzig;insg.;36;4;32;0;0;0;0;0;0;0;0;0;7;0;7;5;1;4;23;3;20;1;0;1;24;3;21;2018
111000;Vergewaltigung und sexuelle Noetigung;5316000;Leverkusen;insg.;28;1;27;0;0;0;2;0;2;2;0;2;6;0;6;4;0;4;16;1;15;0;0;0;16;1;15;2018
111000;Vergewaltigung und sexuelle Noetigung;1003000;Luebeck;insg.;42;1;41;0;0;0;0;0;0;0;0;0;20;0;20;3;1;2;18;0;18;1;0;1;19;0;19;2018
111000;Vergewaltigung und sexuelle Noetigung;7314000;Ludwigshafen am Rhein;insg.;41;2;39;0;0;0;0;0;0;0;0;0;3;0;3;6;0;6;31;2;29;1;0;1;32;2;30;2018
111000;Vergewaltigung und sexuelle Noetigung;15003000;Magdeburg;insg.;44;3;41;0;0;0;1;0;1;1;0;1;14;1;13;5;0;5;24;2;22;0;0;0;24;2;22;2018
111000;Vergewaltigung und sexuelle Noetigung;7315000;Mainz;insg.;41;4;37;0;0;0;0;0;0;0;0;0;7;1;6;8;1;7;26;2;24;0;0;0;26;2;24;2018
111000;Vergewaltigung und sexuelle Noetigung;8222000;Mannheim;insg.;41;0;41;0;0;0;0;0;0;0;0;0;9;0;9;6;0;6;26;0;26;0;0;0;26;0;26;2018
111000;Vergewaltigung und sexuelle Noetigung;5170024;Moers;insg.;7;0;7;0;0;0;0;0;0;0;0;0;2;0;2;0;0;0;5;0;5;0;0;0;5;0;5;2018
111000;Vergewaltigung und sexuelle Noetigung;5116000;Moenchengladbach;insg.;37;2;35;0;0;0;0;0;0;0;0;0;11;0;11;5;0;5;21;2;19;0;0;0;21;2;19;2018
111000;Vergewaltigung und sexuelle Noetigung;5117000;Muelheim an der Ruhr;insg.;16;0;16;0;0;0;1;0;1;1;0;1;5;0;5;1;0;1;9;0;9;0;0;0;9;0;9;2018
111000;Vergewaltigung und sexuelle Noetigung;9162000;Muenchen;insg.;243;7;236;0;0;0;2;0;2;2;0;2;29;0;29;43;0;43;166;7;159;3;0;3;169;7;162;2018
111000;Vergewaltigung und sexuelle Noetigung;5515000;Muenster;insg.;32;1;31;0;0;0;0;0;0;0;0;0;8;0;8;8;0;8;16;1;15;0;0;0;16;1;15;2018
111000;Vergewaltigung und sexuelle Noetigung;5162024;Neuss;insg.;12;1;11;0;0;0;1;0;1;1;0;1;3;1;2;1;0;1;7;0;7;0;0;0;7;0;7;2018
111000;Vergewaltigung und sexuelle Noetigung;9564000;Nuernberg;insg.;89;4;85;0;0;0;2;0;2;2;0;2;24;1;23;13;1;12;47;2;45;3;0;3;50;2;48;2018
111000;Vergewaltigung und sexuelle Noetigung;5119000;Oberhausen;insg.;17;0;17;0;0;0;0;0;0;0;0;0;9;0;9;2;0;2;6;0;6;0;0;0;6;0;6;2018
111000;Vergewaltigung und sexuelle Noetigung;6413000;Offenbach am Main;insg.;18;1;17;0;0;0;1;0;1;1;0;1;6;0;6;1;0;1;10;1;9;0;0;0;10;1;9;2018
111000;Vergewaltigung und sexuelle Noetigung;3403000;Oldenburg (Oldenburg);insg.;33;2;31;0;0;0;0;0;0;0;0;0;8;1;7;7;1;6;18;0;18;0;0;0;18;0;18;2018
111000;Vergewaltigung und sexuelle Noetigung;3404000;Osnabrueck;insg.;39;2;37;1;0;1;0;0;0;1;0;1;6;0;6;6;0;6;26;2;24;0;0;0;26;2;24;2018
111000;Vergewaltigung und sexuelle Noetigung;5774032;Paderborn;insg.;21;0;21;0;0;0;0;0;0;0;0;0;3;0;3;5;0;5;13;0;13;0;0;0;13;0;13;2018
111000;Vergewaltigung und sexuelle Noetigung;8231000;Pforzheim;insg.;10;1;9;0;0;0;0;0;0;0;0;0;1;0;1;2;0;2;7;1;6;0;0;0;7;1;6;2018
111000;Vergewaltigung und sexuelle Noetigung;12054000;Potsdam;insg.;19;0;19;0;0;0;0;0;0;0;0;0;2;0;2;4;0;4;12;0;12;1;0;1;13;0;13;2018
111000;Vergewaltigung und sexuelle Noetigung;5562032;Recklinghausen;insg.;20;2;18;0;0;0;1;0;1;1;0;1;3;0;3;2;0;2;14;2;12;0;0;0;14;2;12;2018
111000;Vergewaltigung und sexuelle Noetigung;9362000;Regensburg;insg.;30;0;30;0;0;0;0;0;0;0;0;0;4;0;4;4;0;4;20;0;20;2;0;2;22;0;22;2018
111000;Vergewaltigung und sexuelle Noetigung;5120000;Remscheid;insg.;18;0;18;0;0;0;1;0;1;1;0;1;5;0;5;2;0;2;10;0;10;0;0;0;10;0;10;2018
111000;Vergewaltigung und sexuelle Noetigung;8415061;Reutlingen;insg.;13;0;13;0;0;0;0;0;0;0;0;0;3;0;3;4;0;4;6;0;6;0;0;0;6;0;6;2018
111000;Vergewaltigung und sexuelle Noetigung;13003000;Rostock;insg.;23;1;22;0;0;0;0;0;0;0;0;0;11;1;10;4;0;4;8;0;8;0;0;0;8;0;8;2018
111000;Vergewaltigung und sexuelle Noetigung;10041100;Saarbruecken;insg.;32;1;31;0;0;0;0;0;0;0;0;0;3;0;3;9;0;9;20;1;19;0;0;0;20;1;19;2018
111000;Vergewaltigung und sexuelle Noetigung;3102000;Salzgitter;insg.;16;2;14;0;0;0;0;0;0;0;0;0;5;1;4;2;1;1;8;0;8;1;0;1;9;0;9;2018
111000;Vergewaltigung und sexuelle Noetigung;13004000;Schwerin;insg.;15;0;15;0;0;0;0;0;0;0;0;0;1;0;1;5;0;5;9;0;9;0;0;0;9;0;9;2018
111000;Vergewaltigung und sexuelle Noetigung;5970040;Siegen;insg.;13;0;13;0;0;0;0;0;0;0;0;0;3;0;3;6;0;6;4;0;4;0;0;0;4;0;4;2018
111000;Vergewaltigung und sexuelle Noetigung;5122000;Solingen;insg.;13;1;12;0;0;0;1;0;1;1;0;1;2;0;2;1;0;1;8;1;7;1;0;1;9;1;8;2018
111000;Vergewaltigung und sexuelle Noetigung;8111000;Stuttgart;insg.;126;3;123;0;0;0;0;0;0;0;0;0;22;0;22;13;0;13;90;3;87;1;0;1;91;3;88;2018
111000;Vergewaltigung und sexuelle Noetigung;7211000;Trier;insg.;16;0;16;0;0;0;0;0;0;0;0;0;3;0;3;3;0;3;10;0;10;0;0;0;10;0;10;2018
111000;Vergewaltigung und sexuelle Noetigung;8421000;Ulm;insg.;12;0;12;0;0;0;0;0;0;0;0;0;3;0;3;2;0;2;7;0;7;0;0;0;7;0;7;2018
111000;Vergewaltigung und sexuelle Noetigung;6414000;Wiesbaden;insg.;55;2;53;0;0;0;1;0;1;1;0;1;12;0;12;7;1;6;33;1;32;2;0;2;35;1;34;2018
111000;Vergewaltigung und sexuelle Noetigung;3103000;Wolfsburg;insg.;10;0;10;0;0;0;1;0;1;1;0;1;5;0;5;1;0;1;3;0;3;0;0;0;3;0;3;2018
111000;Vergewaltigung und sexuelle Noetigung;5124000;Wuppertal;insg.;60;5;55;0;0;0;1;1;0;1;1;0;13;2;11;15;1;14;30;1;29;1;0;1;31;1;30;2018
111000;Vergewaltigung und sexuelle Noetigung;9663000;Wuerzburg;insg.;27;1;26;0;0;0;0;0;0;0;0;0;6;0;6;5;0;5;14;1;13;2;0;2;16;1;15;2018
210000;Raub, raeuberische Erpressung und raeuberischer Angriff auf Kraftfahrer;5334002;Aachen;insg.;309;216;93;0;0;0;11;10;1;11;10;1;9;7;2;30;26;4;220;160;60;39;13;26;259;173;86;2018
210000;Raub, raeuberische Erpressung und raeuberischer Angriff auf Kraftfahrer;9761000;Augsburg;insg.;134;94;40;0;0;0;6;5;1;6;5;1;6;5;1;18;12;6;91;65;26;13;7;6;104;72;32;2018
210000;Raub, raeuberische Erpressung und raeuberischer Angriff auf Kraftfahrer;5378004;Bergisch Gladbach;insg.;82;66;16;0;0;0;5;4;1;5;4;1;21;20;1;13;13;0;31;23;8;12;6;6;43;29;14;2018
210000;Raub, raeuberische Erpressung und raeuberischer Angriff auf Kraftfahrer;11000000;Berlin;insg.;4993;3608;1385;3;2;1;200;174;26;203;176;27;614;545;69;452;372;80;3178;2244;934;546;271;275;3724;2515;1209;2018
210000;Raub, raeuberische Erpressung und raeuberischer Angriff auf Kraftfahrer;5711000;Bielefeld;insg.;255;185;70;0;0;0;5;4;1;5;4;1;28;24;4;45;37;8;157;110;47;20;10;10;177;120;57;2018
210000;Raub, raeuberische Erpressung und raeuberischer Angriff auf Kraftfahrer;5911000;Bochum;insg.;323;243;80;0;0;0;25;20;5;25;20;5;59;52;7;35;28;7;179;132;47;25;11;14;204;143;61;2018
210000;Raub, raeuberische Erpressung und raeuberischer Angriff auf Kraftfahrer;5314000;Bonn;insg.;301;218;83;0;0;0;16;16;0;16;16;0;39;33;6;25;19;6;198;139;59;23;11;12;221;150;71;2018
210000;Raub, raeuberische Erpressung und raeuberischer Angriff auf Kraftfahrer;5512000;Bottrop;insg.;59;34;25;0;0;0;2;0;2;2;0;2;7;7;0;3;3;0;40;22;18;7;2;5;47;24;23;2018
210000;Raub, raeuberische Erpressung und raeuberischer Angriff auf Kraftfahrer;3101000;Braunschweig;insg.;139;97;42;1;1;0;3;2;1;4;3;1;6;6;0;18;13;5;101;71;30;10;4;6;111;75;36;2018
210000;Raub, raeuberische Erpressung und raeuberischer Angriff auf Kraftfahrer;4011000;Bremen;insg.;895;581;314;2;1;1;14;9;5;16;10;6;67;55;12;93;80;13;611;398;213;108;38;70;719;436;283;2018
210000;Raub, raeuberische Erpressung und raeuberischer Angriff auf Kraftfahrer;4012000;Bremerhaven;insg.;230;154;76;0;0;0;5;4;1;5;4;1;17;17;0;14;10;4;175;116;59;19;7;12;194;123;71;2018
210000;Raub, raeuberische Erpressung und raeuberischer Angriff auf Kraftfahrer;14511000;Chemnitz;insg.;200;150;50;0;0;0;6;6;0;6;6;0;26;24;2;19;19;0;129;94;35;20;7;13;149;101;48;2018
210000;Raub, raeuberische Erpressung und raeuberischer Angriff auf Kraftfahrer;12052000;Cottbus;insg.;54;40;14;0;0;0;0;0;0;0;0;0;7;4;3;1;1;0;43;34;9;3;1;2;46;35;11;2018
210000;Raub, raeuberische Erpressung und raeuberischer Angriff auf Kraftfahrer;6411000;Darmstadt;insg.;115;90;25;0;0;0;0;0;0;0;0;0;12;10;2;15;15;0;75;56;19;13;9;4;88;65;23;2018
210000;Raub, raeuberische Erpressung und raeuberischer Angriff auf Kraftfahrer;5913000;Dortmund;insg.;742;546;196;0;0;0;54;45;9;54;45;9;96;85;11;82;73;9;426;311;115;84;32;52;510;343;167;2018
210000;Raub, raeuberische Erpressung und raeuberischer Angriff auf Kraftfahrer;14612000;Dresden;insg.;375;273;102;0;0;0;5;2;3;5;2;3;30;24;6;36;28;8;272;204;68;32;15;17;304;219;85;2018
210000;Raub, raeuberische Erpressung und raeuberischer Angriff auf Kraftfahrer;5112000;Duisburg;insg.;512;341;171;0;0;0;31;28;3;31;28;3;69;63;6;46;35;11;293;185;108;73;30;43;366;215;151;2018
210000;Raub, raeuberische Erpressung und raeuberischer Angriff auf Kraftfahrer;5111000;Duesseldorf;insg.;614;442;172;1;0;1;13;10;3;14;10;4;46;41;5;52;38;14;444;322;122;58;31;27;502;353;149;2018
210000;Raub, raeuberische Erpressung und raeuberischer Angriff auf Kraftfahrer;16051000;Erfurt;insg.;175;124;51;0;0;0;0;0;0;0;0;0;20;18;2;14;12;2;127;85;42;14;9;5;141;94;47;2018
210000;Raub, raeuberische Erpressung und raeuberischer Angriff auf Kraftfahrer;9562000;Erlangen;insg.;20;14;6;0;0;0;0;0;0;0;0;0;1;1;0;0;0;0;13;10;3;6;3;3;19;13;6;2018
210000;Raub, raeuberische Erpressung und raeuberischer Angriff auf Kraftfahrer;5113000;Essen;insg.;496;314;182;0;0;0;16;12;4;16;12;4;57;50;7;51;38;13;320;198;122;52;16;36;372;214;158;2018
210000;Raub, raeuberische Erpressung und raeuberischer Angriff auf Kraftfahrer;6412000;Frankfurt am Main;insg.;889;674;215;3;3;0;10;8;2;13;11;2;54;45;9;93;76;17;649;495;154;80;47;33;729;542;187;2018
210000;Raub, raeuberische Erpressung und raeuberischer Angriff auf Kraftfahrer;8311000;Freiburg im Breisgau;insg.;154;123;31;1;1;0;3;1;2;4;2;2;31;28;3;17;16;1;89;73;16;13;4;9;102;77;25;2018
210000;Raub, raeuberische Erpressung und raeuberischer Angriff auf Kraftfahrer;9563000;Fuerth;insg.;41;28;13;0;0;0;3;2;1;3;2;1;1;1;0;2;2;0;34;22;12;1;1;0;35;23;12;2018
210000;Raub, raeuberische Erpressung und raeuberischer Angriff auf Kraftfahrer;5513000;Gelsenkirchen;insg.;287;203;84;0;0;0;12;11;1;12;11;1;32;25;7;33;28;5;172;123;49;38;16;22;210;139;71;2018
210000;Raub, raeuberische Erpressung und raeuberischer Angriff auf Kraftfahrer;3159016;Goettingen;insg.;158;119;39;0;0;0;2;1;1;2;1;1;10;9;1;21;17;4;110;84;26;15;8;7;125;92;33;2018
210000;Raub, raeuberische Erpressung und raeuberischer Angriff auf Kraftfahrer;5914000;Hagen;insg.;171;118;53;0;0;0;16;13;3;16;13;3;20;19;1;10;7;3;111;72;39;14;7;7;125;79;46;2018
210000;Raub, raeuberische Erpressung und raeuberischer Angriff auf Kraftfahrer;15002000;Halle (Saale);insg.;293;219;74;0;0;0;10;9;1;10;9;1;44;37;7;42;34;8;178;131;47;19;8;11;197;139;58;2018
210000;Raub, raeuberische Erpressung und raeuberischer Angriff auf Kraftfahrer;2000000;Hamburg;insg.;2125;1619;506;1;1;0;57;46;11;58;47;11;174;148;26;200;170;30;1523;1167;356;170;87;83;1693;1254;439;2018
210000;Raub, raeuberische Erpressung und raeuberischer Angriff auf Kraftfahrer;5915000;Hamm;insg.;153;102;51;0;0;0;8;8;0;8;8;0;32;30;2;14;11;3;84;46;38;15;7;8;99;53;46;2018
210000;Raub, raeuberische Erpressung und raeuberischer Angriff auf Kraftfahrer;3241001;Hannover;insg.;602;460;142;0;0;0;12;9;3;12;9;3;52;45;7;66;56;10;420;322;98;52;28;24;472;350;122;2018
210000;Raub, raeuberische Erpressung und raeuberischer Angriff auf Kraftfahrer;8221000;Heidelberg;insg.;86;69;17;0;0;0;2;2;0;2;2;0;6;5;1;11;8;3;59;50;9;8;4;4;67;54;13;2018
210000;Raub, raeuberische Erpressung und raeuberischer Angriff auf Kraftfahrer;8121000;Heilbronn;insg.;48;34;14;1;1;0;1;1;0;2;2;0;2;2;0;0;0;0;37;25;12;7;5;2;44;30;14;2018
210000;Raub, raeuberische Erpressung und raeuberischer Angriff auf Kraftfahrer;5916000;Herne;insg.;126;85;41;0;0;0;10;9;1;10;9;1;18;16;2;10;8;2;64;46;18;24;6;18;88;52;36;2018
210000;Raub, raeuberische Erpressung und raeuberischer Angriff auf Kraftfahrer;3254021;Hildesheim;insg.;123;92;31;0;0;0;8;7;1;8;7;1;18;18;0;18;17;1;69;46;23;10;4;6;79;50;29;2018
210000;Raub, raeuberische Erpressung und raeuberischer Angriff auf Kraftfahrer;9161000;Ingolstadt;insg.;47;30;17;0;0;0;0;0;0;0;0;0;5;4;1;5;3;2;34;22;12;3;1;2;37;23;14;2018
210000;Raub, raeuberische Erpressung und raeuberischer Angriff auf Kraftfahrer;16053000;Jena;insg.;65;51;14;0;0;0;4;4;0;4;4;0;4;2;2;9;9;0;45;34;11;3;2;1;48;36;12;2018
210000;Raub, raeuberische Erpressung und raeuberischer Angriff auf Kraftfahrer;8212000;Karlsruhe;insg.;170;109;61;0;0;0;3;2;1;3;2;1;12;11;1;21;17;4;118;73;45;16;6;10;134;79;55;2018
210000;Raub, raeuberische Erpressung und raeuberischer Angriff auf Kraftfahrer;6611000;Kassel;insg.;193;140;53;1;1;0;2;2;0;3;3;0;6;3;3;23;18;5;145;109;36;16;7;9;161;116;45;2018
210000;Raub, raeuberische Erpressung und raeuberischer Angriff auf Kraftfahrer;1002000;Kiel;insg.;284;230;54;0;0;0;5;5;0;5;5;0;33;32;1;29;28;1;201;156;45;16;9;7;217;165;52;2018
210000;Raub, raeuberische Erpressung und raeuberischer Angriff auf Kraftfahrer;7111000;Koblenz;insg.;106;66;40;0;0;0;4;4;0;4;4;0;3;1;2;6;6;0;80;49;31;13;6;7;93;55;38;2018
210000;Raub, raeuberische Erpressung und raeuberischer Angriff auf Kraftfahrer;5315000;Koeln;insg.;1419;1028;391;0;0;0;41;33;8;41;33;8;126;113;13;145;119;26;982;698;284;125;65;60;1107;763;344;2018
210000;Raub, raeuberische Erpressung und raeuberischer Angriff auf Kraftfahrer;5114000;Krefeld;insg.;244;166;78;0;0;0;21;18;3;21;18;3;38;37;1;14;11;3;145;92;53;26;8;18;171;100;71;2018
210000;Raub, raeuberische Erpressung und raeuberischer Angriff auf Kraftfahrer;14713000;Leipzig;insg.;640;481;159;0;0;0;10;6;4;10;6;4;59;53;6;57;55;2;455;350;105;59;17;42;514;367;147;2018
210000;Raub, raeuberische Erpressung und raeuberischer Angriff auf Kraftfahrer;5316000;Leverkusen;insg.;110;78;32;0;0;0;7;6;1;7;6;1;18;13;5;12;11;1;65;44;21;8;4;4;73;48;25;2018
210000;Raub, raeuberische Erpressung und raeuberischer Angriff auf Kraftfahrer;1003000;Luebeck;insg.;198;132;66;0;0;0;5;5;0;5;5;0;11;9;2;15;14;1;153;99;54;14;5;9;167;104;63;2018
210000;Raub, raeuberische Erpressung und raeuberischer Angriff auf Kraftfahrer;7314000;Ludwigshafen am Rhein;insg.;192;143;49;0;0;0;22;20;2;22;20;2;37;34;3;23;18;5;96;64;32;14;7;7;110;71;39;2018
210000;Raub, raeuberische Erpressung und raeuberischer Angriff auf Kraftfahrer;15003000;Magdeburg;insg.;239;167;72;0;0;0;8;6;2;8;6;2;23;23;0;23;18;5;161;115;46;24;5;19;185;120;65;2018
210000;Raub, raeuberische Erpressung und raeuberischer Angriff auf Kraftfahrer;7315000;Mainz;insg.;128;101;27;0;0;0;5;3;2;5;3;2;16;15;1;11;9;2;86;68;18;10;6;4;96;74;22;2018
210000;Raub, raeuberische Erpressung und raeuberischer Angriff auf Kraftfahrer;8222000;Mannheim;insg.;233;174;59;0;0;0;4;4;0;4;4;0;12;11;1;24;14;10;173;134;39;20;11;9;193;145;48;2018
210000;Raub, raeuberische Erpressung und raeuberischer Angriff auf Kraftfahrer;5170024;Moers;insg.;70;46;24;0;0;0;6;6;0;6;6;0;9;6;3;7;7;0;35;23;12;13;4;9;48;27;21;2018
210000;Raub, raeuberische Erpressung und raeuberischer Angriff auf Kraftfahrer;5116000;Moenchengladbach;insg.;208;145;63;0;0;0;9;8;1;9;8;1;32;27;5;19;15;4;118;80;38;30;15;15;148;95;53;2018
210000;Raub, raeuberische Erpressung und raeuberischer Angriff auf Kraftfahrer;5117000;Muelheim an der Ruhr;insg.;69;36;33;0;0;0;3;2;1;3;2;1;10;7;3;5;3;2;41;22;19;10;2;8;51;24;27;2018
210000;Raub, raeuberische Erpressung und raeuberischer Angriff auf Kraftfahrer;9162000;Muenchen;insg.;578;402;176;0;0;0;19;13;6;19;13;6;44;37;7;41;34;7;408;282;126;66;36;30;474;318;156;2018
210000;Raub, raeuberische Erpressung und raeuberischer Angriff auf Kraftfahrer;5515000;Muenster;insg.;233;188;45;0;0;0;4;3;1;4;3;1;21;16;5;24;21;3;173;141;32;11;7;4;184;148;36;2018
210000;Raub, raeuberische Erpressung und raeuberischer Angriff auf Kraftfahrer;5162024;Neuss;insg.;121;95;26;0;0;0;3;3;0;3;3;0;15;13;2;18;17;1;76;57;19;9;5;4;85;62;23;2018
210000;Raub, raeuberische Erpressung und raeuberischer Angriff auf Kraftfahrer;9564000;Nuernberg;insg.;277;199;78;0;0;0;7;7;0;7;7;0;20;14;6;31;24;7;194;141;53;25;13;12;219;154;65;2018
210000;Raub, raeuberische Erpressung und raeuberischer Angriff auf Kraftfahrer;5119000;Oberhausen;insg.;181;132;49;0;0;0;13;11;2;13;11;2;24;21;3;16;14;2;106;74;32;22;12;10;128;86;42;2018
210000;Raub, raeuberische Erpressung und raeuberischer Angriff auf Kraftfahrer;6413000;Offenbach am Main;insg.;112;76;36;0;0;0;1;1;0;1;1;0;17;14;3;3;3;0;75;48;27;16;10;6;91;58;33;2018
210000;Raub, raeuberische Erpressung und raeuberischer Angriff auf Kraftfahrer;3403000;Oldenburg (Oldenburg);insg.;174;123;51;0;0;0;6;5;1;6;5;1;16;14;2;30;25;5;111;72;39;11;7;4;122;79;43;2018
210000;Raub, raeuberische Erpressung und raeuberischer Angriff auf Kraftfahrer;3404000;Osnabrueck;insg.;127;82;45;0;0;0;3;3;0;3;3;0;4;1;3;8;6;2;103;68;35;9;4;5;112;72;40;2018
210000;Raub, raeuberische Erpressung und raeuberischer Angriff auf Kraftfahrer;5774032;Paderborn;insg.;73;58;15;0;0;0;2;1;1;2;1;1;8;6;2;18;17;1;40;31;9;5;3;2;45;34;11;2018
210000;Raub, raeuberische Erpressung und raeuberischer Angriff auf Kraftfahrer;8231000;Pforzheim;insg.;81;61;20;0;0;0;2;2;0;2;2;0;10;10;0;14;10;4;49;35;14;6;4;2;55;39;16;2018
210000;Raub, raeuberische Erpressung und raeuberischer Angriff auf Kraftfahrer;12054000;Potsdam;insg.;139;86;53;0;0;0;5;3;2;5;3;2;18;16;2;16;14;2;93;53;40;7;0;7;100;53;47;2018
210000;Raub, raeuberische Erpressung und raeuberischer Angriff auf Kraftfahrer;5562032;Recklinghausen;insg.;112;69;43;0;0;0;2;2;0;2;2;0;6;2;4;10;6;4;80;52;28;14;7;7;94;59;35;2018
210000;Raub, raeuberische Erpressung und raeuberischer Angriff auf Kraftfahrer;9362000;Regensburg;insg.;81;59;22;0;0;0;0;0;0;0;0;0;9;9;0;9;8;1;59;41;18;4;1;3;63;42;21;2018
210000;Raub, raeuberische Erpressung und raeuberischer Angriff auf Kraftfahrer;5120000;Remscheid;insg.;68;46;22;0;0;0;8;7;1;8;7;1;7;7;0;3;2;1;44;29;15;6;1;5;50;30;20;2018
210000;Raub, raeuberische Erpressung und raeuberischer Angriff auf Kraftfahrer;8415061;Reutlingen;insg.;52;34;18;0;0;0;2;2;0;2;2;0;2;1;1;8;5;3;34;22;12;6;4;2;40;26;14;2018
210000;Raub, raeuberische Erpressung und raeuberischer Angriff auf Kraftfahrer;13003000;Rostock;insg.;163;129;34;0;0;0;12;10;2;12;10;2;33;31;2;16;16;0;90;68;22;12;4;8;102;72;30;2018
210000;Raub, raeuberische Erpressung und raeuberischer Angriff auf Kraftfahrer;10041100;Saarbruecken;insg.;282;223;59;0;0;0;14;14;0;14;14;0;38;35;3;21;18;3;185;147;38;24;9;15;209;156;53;2018
210000;Raub, raeuberische Erpressung und raeuberischer Angriff auf Kraftfahrer;3102000;Salzgitter;insg.;61;32;29;0;0;0;2;1;1;2;1;1;1;1;0;4;1;3;50;27;23;4;2;2;54;29;25;2018
210000;Raub, raeuberische Erpressung und raeuberischer Angriff auf Kraftfahrer;13004000;Schwerin;insg.;61;47;14;0;0;0;2;2;0;2;2;0;11;9;2;9;6;3;31;25;6;8;5;3;39;30;9;2018
210000;Raub, raeuberische Erpressung und raeuberischer Angriff auf Kraftfahrer;5970040;Siegen;insg.;68;48;20;0;0;0;2;2;0;2;2;0;10;8;2;11;9;2;41;28;13;4;1;3;45;29;16;2018
210000;Raub, raeuberische Erpressung und raeuberischer Angriff auf Kraftfahrer;5122000;Solingen;insg.;91;69;22;0;0;0;1;1;0;1;1;0;17;15;2;8;8;0;48;34;14;17;11;6;65;45;20;2018
210000;Raub, raeuberische Erpressung und raeuberischer Angriff auf Kraftfahrer;8111000;Stuttgart;insg.;563;450;113;0;0;0;15;12;3;15;12;3;49;42;7;53;46;7;418;331;87;28;19;9;446;350;96;2018
210000;Raub, raeuberische Erpressung und raeuberischer Angriff auf Kraftfahrer;7211000;Trier;insg.;81;59;22;0;0;0;0;0;0;0;0;0;8;6;2;11;9;2;56;40;16;6;4;2;62;44;18;2018
210000;Raub, raeuberische Erpressung und raeuberischer Angriff auf Kraftfahrer;8421000;Ulm;insg.;53;44;9;0;0;0;0;0;0;0;0;0;7;6;1;3;3;0;39;32;7;4;3;1;43;35;8;2018
210000;Raub, raeuberische Erpressung und raeuberischer Angriff auf Kraftfahrer;6414000;Wiesbaden;insg.;204;155;49;0;0;0;14;6;8;14;6;8;35;34;1;16;15;1;121;93;28;18;7;11;139;100;39;2018
210000;Raub, raeuberische Erpressung und raeuberischer Angriff auf Kraftfahrer;3103000;Wolfsburg;insg.;81;56;25;0;0;0;2;1;1;2;1;1;6;6;0;6;5;1;61;40;21;6;4;2;67;44;23;2018
210000;Raub, raeuberische Erpressung und raeuberischer Angriff auf Kraftfahrer;5124000;Wuppertal;insg.;376;278;98;1;0;1;51;41;10;52;41;11;49;41;8;29;24;5;215;156;59;31;16;15;246;172;74;2018
210000;Raub, raeuberische Erpressung und raeuberischer Angriff auf Kraftfahrer;9663000;Wuerzburg;insg.;35;29;6;0;0;0;0;0;0;0;0;0;0;0;0;4;4;0;27;23;4;4;2;2;31;25;6;2018
211000;Raub, raeuberische Erpressung auf/gegen Geldinstitute, Postfilialen und -agenturen;5334002;Aachen;insg.;3;1;2;0;0;0;0;0;0;0;0;0;0;0;0;0;0;0;3;1;2;0;0;0;3;1;2;2018
211000;Raub, raeuberische Erpressung auf/gegen Geldinstitute, Postfilialen und -agenturen;9761000;Augsburg;insg.;0;0;0;0;0;0;0;0;0;0;0;0;0;0;0;0;0;0;0;0;0;0;0;0;0;0;0;2018
211000;Raub, raeuberische Erpressung auf/gegen Geldinstitute, Postfilialen und -agenturen;5378004;Bergisch Gladbach;insg.;0;0;0;0;0;0;0;0;0;0;0;0;0;0;0;0;0;0;0;0;0;0;0;0;0;0;0;2018
211000;Raub, raeuberische Erpressung auf/gegen Geldinstitute, Postfilialen und -agenturen;11000000;Berlin;insg.;3;1;2;0;0;0;0;0;0;0;0;0;0;0;0;0;0;0;3;1;2;0;0;0;3;1;2;2018
211000;Raub, raeuberische Erpressung auf/gegen Geldinstitute, Postfilialen und -agenturen;5711000;Bielefeld;insg.;2;2;0;0;0;0;0;0;0;0;0;0;0;0;0;0;0;0;2;2;0;0;0;0;2;2;0;2018
211000;Raub, raeuberische Erpressung auf/gegen Geldinstitute, Postfilialen und -agenturen;5911000;Bochum;insg.;0;0;0;0;0;0;0;0;0;0;0;0;0;0;0;0;0;0;0;0;0;0;0;0;0;0;0;2018
211000;Raub, raeuberische Erpressung auf/gegen Geldinstitute, Postfilialen und -agenturen;5314000;Bonn;insg.;0;0;0;0;0;0;0;0;0;0;0;0;0;0;0;0;0;0;0;0;0;0;0;0;0;0;0;2018
211000;Raub, raeuberische Erpressung auf/gegen Geldinstitute, Postfilialen und -agenturen;5512000;Bottrop;insg.;1;0;1;0;0;0;0;0;0;0;0;0;0;0;0;0;0;0;0;0;0;1;0;1;1;0;1;2018
211000;Raub, raeuberische Erpressung auf/gegen Geldinstitute, Postfilialen und -agenturen;3101000;Braunschweig;insg.;4;0;4;0;0;0;0;0;0;0;0;0;0;0;0;0;0;0;4;0;4;0;0;0;4;0;4;2018
211000;Raub, raeuberische Erpressung auf/gegen Geldinstitute, Postfilialen und -agenturen;4011000;Bremen;insg.;1;0;1;0;0;0;0;0;0;0;0;0;0;0;0;0;0;0;1;0;1;0;0;0;1;0;1;2018
211000;Raub, raeuberische Erpressung auf/gegen Geldinstitute, Postfilialen und -agenturen;4012000;Bremerhaven;insg.;0;0;0;0;0;0;0;0;0;0;0;0;0;0;0;0;0;0;0;0;0;0;0;0;0;0;0;2018
211000;Raub, raeuberische Erpressung auf/gegen Geldinstitute, Postfilialen und -agenturen;14511000;Chemnitz;insg.;0;0;0;0;0;0;0;0;0;0;0;0;0;0;0;0;0;0;0;0;0;0;0;0;0;0;0;2018
211000;Raub, raeuberische Erpressung auf/gegen Geldinstitute, Postfilialen und -agenturen;12052000;Cottbus;insg.;0;0;0;0;0;0;0;0;0;0;0;0;0;0;0;0;0;0;0;0;0;0;0;0;0;0;0;2018
211000;Raub, raeuberische Erpressung auf/gegen Geldinstitute, Postfilialen und -agenturen;6411000;Darmstadt;insg.;0;0;0;0;0;0;0;0;0;0;0;0;0;0;0;0;0;0;0;0;0;0;0;0;0;0;0;2018
211000;Raub, raeuberische Erpressung auf/gegen Geldinstitute, Postfilialen und -agenturen;5913000;Dortmund;insg.;0;0;0;0;0;0;0;0;0;0;0;0;0;0;0;0;0;0;0;0;0;0;0;0;0;0;0;2018
211000;Raub, raeuberische Erpressung auf/gegen Geldinstitute, Postfilialen und -agenturen;14612000;Dresden;insg.;2;0;2;0;0;0;0;0;0;0;0;0;0;0;0;0;0;0;1;0;1;1;0;1;2;0;2;2018
211000;Raub, raeuberische Erpressung auf/gegen Geldinstitute, Postfilialen und -agenturen;5112000;Duisburg;insg.;0;0;0;0;0;0;0;0;0;0;0;0;0;0;0;0;0;0;0;0;0;0;0;0;0;0;0;2018
211000;Raub, raeuberische Erpressung auf/gegen Geldinstitute, Postfilialen und -agenturen;5111000;Duesseldorf;insg.;0;0;0;0;0;0;0;0;0;0;0;0;0;0;0;0;0;0;0;0;0;0;0;0;0;0;0;2018
211000;Raub, raeuberische Erpressung auf/gegen Geldinstitute, Postfilialen und -agenturen;16051000;Erfurt;insg.;3;2;1;0;0;0;0;0;0;0;0;0;0;0;0;0;0;0;3;2;1;0;0;0;3;2;1;2018
211000;Raub, raeuberische Erpressung auf/gegen Geldinstitute, Postfilialen und -agenturen;9562000;Erlangen;insg.;0;0;0;0;0;0;0;0;0;0;0;0;0;0;0;0;0;0;0;0;0;0;0;0;0;0;0;2018
211000;Raub, raeuberische Erpressung auf/gegen Geldinstitute, Postfilialen und -agenturen;5113000;Essen;insg.;0;0;0;0;0;0;0;0;0;0;0;0;0;0;0;0;0;0;0;0;0;0;0;0;0;0;0;2018
211000;Raub, raeuberische Erpressung auf/gegen Geldinstitute, Postfilialen und -agenturen;6412000;Frankfurt am Main;insg.;1;1;0;0;0;0;0;0;0;0;0;0;0;0;0;0;0;0;1;1;0;0;0;0;1;1;0;2018
211000;Raub, raeuberische Erpressung auf/gegen Geldinstitute, Postfilialen und -agenturen;8311000;Freiburg im Breisgau;insg.;0;0;0;0;0;0;0;0;0;0;0;0;0;0;0;0;0;0;0;0;0;0;0;0;0;0;0;2018
211000;Raub, raeuberische Erpressung auf/gegen Geldinstitute, Postfilialen und -agenturen;9563000;Fuerth;insg.;0;0;0;0;0;0;0;0;0;0;0;0;0;0;0;0;0;0;0;0;0;0;0;0;0;0;0;2018
211000;Raub, raeuberische Erpressung auf/gegen Geldinstitute, Postfilialen und -agenturen;5513000;Gelsenkirchen;insg.;0;0;0;0;0;0;0;0;0;0;0;0;0;0;0;0;0;0;0;0;0;0;0;0;0;0;0;2018
211000;Raub, raeuberische Erpressung auf/gegen Geldinstitute, Postfilialen und -agenturen;3159016;Goettingen;insg.;1;1;0;0;0;0;0;0;0;0;0;0;0;0;0;0;0;0;0;0;0;1;1;0;1;1;0;2018
211000;Raub, raeuberische Erpressung auf/gegen Geldinstitute, Postfilialen und -agenturen;5914000;Hagen;insg.;0;0;0;0;0;0;0;0;0;0;0;0;0;0;0;0;0;0;0;0;0;0;0;0;0;0;0;2018
211000;Raub, raeuberische Erpressung auf/gegen Geldinstitute, Postfilialen und -agenturen;15002000;Halle (Saale);insg.;0;0;0;0;0;0;0;0;0;0;0;0;0;0;0;0;0;0;0;0;0;0;0;0;0;0;0;2018
211000;Raub, raeuberische Erpressung auf/gegen Geldinstitute, Postfilialen und -agenturen;2000000;Hamburg;insg.;0;0;0;0;0;0;0;0;0;0;0;0;0;0;0;0;0;0;0;0;0;0;0;0;0;0;0;2018
211000;Raub, raeuberische Erpressung auf/gegen Geldinstitute, Postfilialen und -agenturen;5915000;Hamm;insg.;0;0;0;0;0;0;0;0;0;0;0;0;0;0;0;0;0;0;0;0;0;0;0;0;0;0;0;2018
211000;Raub, raeuberische Erpressung auf/gegen Geldinstitute, Postfilialen und -agenturen;3241001;Hannover;insg.;0;0;0;0;0;0;0;0;0;0;0;0;0;0;0;0;0;0;0;0;0;0;0;0;0;0;0;2018
211000;Raub, raeuberische Erpressung auf/gegen Geldinstitute, Postfilialen und -agenturen;8221000;Heidelberg;insg.;0;0;0;0;0;0;0;0;0;0;0;0;0;0;0;0;0;0;0;0;0;0;0;0;0;0;0;2018
211000;Raub, raeuberische Erpressung auf/gegen Geldinstitute, Postfilialen und -agenturen;8121000;Heilbronn;insg.;0;0;0;0;0;0;0;0;0;0;0;0;0;0;0;0;0;0;0;0;0;0;0;0;0;0;0;2018
211000;Raub, raeuberische Erpressung auf/gegen Geldinstitute, Postfilialen und -agenturen;5916000;Herne;insg.;0;0;0;0;0;0;0;0;0;0;0;0;0;0;0;0;0;0;0;0;0;0;0;0;0;0;0;2018
211000;Raub, raeuberische Erpressung auf/gegen Geldinstitute, Postfilialen und -agenturen;3254021;Hildesheim;insg.;0;0;0;0;0;0;0;0;0;0;0;0;0;0;0;0;0;0;0;0;0;0;0;0;0;0;0;2018
211000;Raub, raeuberische Erpressung auf/gegen Geldinstitute, Postfilialen und -agenturen;9161000;Ingolstadt;insg.;0;0;0;0;0;0;0;0;0;0;0;0;0;0;0;0;0;0;0;0;0;0;0;0;0;0;0;2018
211000;Raub, raeuberische Erpressung auf/gegen Geldinstitute, Postfilialen und -agenturen;16053000;Jena;insg.;0;0;0;0;0;0;0;0;0;0;0;0;0;0;0;0;0;0;0;0;0;0;0;0;0;0;0;2018
211000;Raub, raeuberische Erpressung auf/gegen Geldinstitute, Postfilialen und -agenturen;8212000;Karlsruhe;insg.;0;0;0;0;0;0;0;0;0;0;0;0;0;0;0;0;0;0;0;0;0;0;0;0;0;0;0;2018
211000;Raub, raeuberische Erpressung auf/gegen Geldinstitute, Postfilialen und -agenturen;6611000;Kassel;insg.;0;0;0;0;0;0;0;0;0;0;0;0;0;0;0;0;0;0;0;0;0;0;0;0;0;0;0;2018
211000;Raub, raeuberische Erpressung auf/gegen Geldinstitute, Postfilialen und -agenturen;1002000;Kiel;insg.;0;0;0;0;0;0;0;0;0;0;0;0;0;0;0;0;0;0;0;0;0;0;0;0;0;0;0;2018
211000;Raub, raeuberische Erpressung auf/gegen Geldinstitute, Postfilialen und -agenturen;7111000;Koblenz;insg.;2;1;1;0;0;0;0;0;0;0;0;0;0;0;0;0;0;0;1;0;1;1;1;0;2;1;1;2018
211000;Raub, raeuberische Erpressung auf/gegen Geldinstitute, Postfilialen und -agenturen;5315000;Koeln;insg.;2;2;0;0;0;0;0;0;0;0;0;0;0;0;0;0;0;0;2;2;0;0;0;0;2;2;0;2018
211000;Raub, raeuberische Erpressung auf/gegen Geldinstitute, Postfilialen und -agenturen;5114000;Krefeld;insg.;0;0;0;0;0;0;0;0;0;0;0;0;0;0;0;0;0;0;0;0;0;0;0;0;0;0;0;2018
211000;Raub, raeuberische Erpressung auf/gegen Geldinstitute, Postfilialen und -agenturen;14713000;Leipzig;insg.;1;1;0;0;0;0;0;0;0;0;0;0;0;0;0;0;0;0;1;1;0;0;0;0;1;1;0;2018
211000;Raub, raeuberische Erpressung auf/gegen Geldinstitute, Postfilialen und -agenturen;5316000;Leverkusen;insg.;0;0;0;0;0;0;0;0;0;0;0;0;0;0;0;0;0;0;0;0;0;0;0;0;0;0;0;2018
211000;Raub, raeuberische Erpressung auf/gegen Geldinstitute, Postfilialen und -agenturen;1003000;Luebeck;insg.;1;1;0;0;0;0;0;0;0;0;0;0;0;0;0;0;0;0;1;1;0;0;0;0;1;1;0;2018
211000;Raub, raeuberische Erpressung auf/gegen Geldinstitute, Postfilialen und -agenturen;7314000;Ludwigshafen am Rhein;insg.;0;0;0;0;0;0;0;0;0;0;0;0;0;0;0;0;0;0;0;0;0;0;0;0;0;0;0;2018
211000;Raub, raeuberische Erpressung auf/gegen Geldinstitute, Postfilialen und -agenturen;15003000;Magdeburg;insg.;0;0;0;0;0;0;0;0;0;0;0;0;0;0;0;0;0;0;0;0;0;0;0;0;0;0;0;2018
211000;Raub, raeuberische Erpressung auf/gegen Geldinstitute, Postfilialen und -agenturen;7315000;Mainz;insg.;0;0;0;0;0;0;0;0;0;0;0;0;0;0;0;0;0;0;0;0;0;0;0;0;0;0;0;2018
211000;Raub, raeuberische Erpressung auf/gegen Geldinstitute, Postfilialen und -agenturen;8222000;Mannheim;insg.;0;0;0;0;0;0;0;0;0;0;0;0;0;0;0;0;0;0;0;0;0;0;0;0;0;0;0;2018
211000;Raub, raeuberische Erpressung auf/gegen Geldinstitute, Postfilialen und -agenturen;5170024;Moers;insg.;0;0;0;0;0;0;0;0;0;0;0;0;0;0;0;0;0;0;0;0;0;0;0;0;0;0;0;2018
211000;Raub, raeuberische Erpressung auf/gegen Geldinstitute, Postfilialen und -agenturen;5116000;Moenchengladbach;insg.;0;0;0;0;0;0;0;0;0;0;0;0;0;0;0;0;0;0;0;0;0;0;0;0;0;0;0;2018
211000;Raub, raeuberische Erpressung auf/gegen Geldinstitute, Postfilialen und -agenturen;5117000;Muelheim an der Ruhr;insg.;0;0;0;0;0;0;0;0;0;0;0;0;0;0;0;0;0;0;0;0;0;0;0;0;0;0;0;2018
211000;Raub, raeuberische Erpressung auf/gegen Geldinstitute, Postfilialen und -agenturen;9162000;Muenchen;insg.;0;0;0;0;0;0;0;0;0;0;0;0;0;0;0;0;0;0;0;0;0;0;0;0;0;0;0;2018
211000;Raub, raeuberische Erpressung auf/gegen Geldinstitute, Postfilialen und -agenturen;5515000;Muenster;insg.;1;1;0;0;0;0;0;0;0;0;0;0;0;0;0;0;0;0;1;1;0;0;0;0;1;1;0;2018
211000;Raub, raeuberische Erpressung auf/gegen Geldinstitute, Postfilialen und -agenturen;5162024;Neuss;insg.;0;0;0;0;0;0;0;0;0;0;0;0;0;0;0;0;0;0;0;0;0;0;0;0;0;0;0;2018
211000;Raub, raeuberische Erpressung auf/gegen Geldinstitute, Postfilialen und -agenturen;9564000;Nuernberg;insg.;0;0;0;0;0;0;0;0;0;0;0;0;0;0;0;0;0;0;0;0;0;0;0;0;0;0;0;2018
211000;Raub, raeuberische Erpressung auf/gegen Geldinstitute, Postfilialen und -agenturen;5119000;Oberhausen;insg.;0;0;0;0;0;0;0;0;0;0;0;0;0;0;0;0;0;0;0;0;0;0;0;0;0;0;0;2018
211000;Raub, raeuberische Erpressung auf/gegen Geldinstitute, Postfilialen und -agenturen;6413000;Offenbach am Main;insg.;0;0;0;0;0;0;0;0;0;0;0;0;0;0;0;0;0;0;0;0;0;0;0;0;0;0;0;2018
211000;Raub, raeuberische Erpressung auf/gegen Geldinstitute, Postfilialen und -agenturen;3403000;Oldenburg (Oldenburg);insg.;0;0;0;0;0;0;0;0;0;0;0;0;0;0;0;0;0;0;0;0;0;0;0;0;0;0;0;2018
211000;Raub, raeuberische Erpressung auf/gegen Geldinstitute, Postfilialen und -agenturen;3404000;Osnabrueck;insg.;0;0;0;0;0;0;0;0;0;0;0;0;0;0;0;0;0;0;0;0;0;0;0;0;0;0;0;2018
211000;Raub, raeuberische Erpressung auf/gegen Geldinstitute, Postfilialen und -agenturen;5774032;Paderborn;insg.;0;0;0;0;0;0;0;0;0;0;0;0;0;0;0;0;0;0;0;0;0;0;0;0;0;0;0;2018
211000;Raub, raeuberische Erpressung auf/gegen Geldinstitute, Postfilialen und -agenturen;8231000;Pforzheim;insg.;0;0;0;0;0;0;0;0;0;0;0;0;0;0;0;0;0;0;0;0;0;0;0;0;0;0;0;2018
211000;Raub, raeuberische Erpressung auf/gegen Geldinstitute, Postfilialen und -agenturen;12054000;Potsdam;insg.;0;0;0;0;0;0;0;0;0;0;0;0;0;0;0;0;0;0;0;0;0;0;0;0;0;0;0;2018
211000;Raub, raeuberische Erpressung auf/gegen Geldinstitute, Postfilialen und -agenturen;5562032;Recklinghausen;insg.;0;0;0;0;0;0;0;0;0;0;0;0;0;0;0;0;0;0;0;0;0;0;0;0;0;0;0;2018
211000;Raub, raeuberische Erpressung auf/gegen Geldinstitute, Postfilialen und -agenturen;9362000;Regensburg;insg.;0;0;0;0;0;0;0;0;0;0;0;0;0;0;0;0;0;0;0;0;0;0;0;0;0;0;0;2018
211000;Raub, raeuberische Erpressung auf/gegen Geldinstitute, Postfilialen und -agenturen;5120000;Remscheid;insg.;0;0;0;0;0;0;0;0;0;0;0;0;0;0;0;0;0;0;0;0;0;0;0;0;0;0;0;2018
211000;Raub, raeuberische Erpressung auf/gegen Geldinstitute, Postfilialen und -agenturen;8415061;Reutlingen;insg.;0;0;0;0;0;0;0;0;0;0;0;0;0;0;0;0;0;0;0;0;0;0;0;0;0;0;0;2018
211000;Raub, raeuberische Erpressung auf/gegen Geldinstitute, Postfilialen und -agenturen;13003000;Rostock;insg.;3;1;2;0;0;0;0;0;0;0;0;0;0;0;0;0;0;0;3;1;2;0;0;0;3;1;2;2018
211000;Raub, raeuberische Erpressung auf/gegen Geldinstitute, Postfilialen und -agenturen;10041100;Saarbruecken;insg.;0;0;0;0;0;0;0;0;0;0;0;0;0;0;0;0;0;0;0;0;0;0;0;0;0;0;0;2018
211000;Raub, raeuberische Erpressung auf/gegen Geldinstitute, Postfilialen und -agenturen;3102000;Salzgitter;insg.;0;0;0;0;0;0;0;0;0;0;0;0;0;0;0;0;0;0;0;0;0;0;0;0;0;0;0;2018
211000;Raub, raeuberische Erpressung auf/gegen Geldinstitute, Postfilialen und -agenturen;13004000;Schwerin;insg.;0;0;0;0;0;0;0;0;0;0;0;0;0;0;0;0;0;0;0;0;0;0;0;0;0;0;0;2018
211000;Raub, raeuberische Erpressung auf/gegen Geldinstitute, Postfilialen und -agenturen;5970040;Siegen;insg.;5;1;4;0;0;0;0;0;0;0;0;0;0;0;0;0;0;0;5;1;4;0;0;0;5;1;4;2018
211000;Raub, raeuberische Erpressung auf/gegen Geldinstitute, Postfilialen und -agenturen;5122000;Solingen;insg.;0;0;0;0;0;0;0;0;0;0;0;0;0;0;0;0;0;0;0;0;0;0;0;0;0;0;0;2018
211000;Raub, raeuberische Erpressung auf/gegen Geldinstitute, Postfilialen und -agenturen;8111000;Stuttgart;insg.;1;1;0;0;0;0;0;0;0;0;0;0;0;0;0;0;0;0;1;1;0;0;0;0;1;1;0;2018
211000;Raub, raeuberische Erpressung auf/gegen Geldinstitute, Postfilialen und -agenturen;7211000;Trier;insg.;0;0;0;0;0;0;0;0;0;0;0;0;0;0;0;0;0;0;0;0;0;0;0;0;0;0;0;2018
211000;Raub, raeuberische Erpressung auf/gegen Geldinstitute, Postfilialen und -agenturen;8421000;Ulm;insg.;0;0;0;0;0;0;0;0;0;0;0;0;0;0;0;0;0;0;0;0;0;0;0;0;0;0;0;2018
211000;Raub, raeuberische Erpressung auf/gegen Geldinstitute, Postfilialen und -agenturen;6414000;Wiesbaden;insg.;0;0;0;0;0;0;0;0;0;0;0;0;0;0;0;0;0;0;0;0;0;0;0;0;0;0;0;2018
211000;Raub, raeuberische Erpressung auf/gegen Geldinstitute, Postfilialen und -agenturen;3103000;Wolfsburg;insg.;0;0;0;0;0;0;0;0;0;0;0;0;0;0;0;0;0;0;0;0;0;0;0;0;0;0;0;2018
211000;Raub, raeuberische Erpressung auf/gegen Geldinstitute, Postfilialen und -agenturen;5124000;Wuppertal;insg.;0;0;0;0;0;0;0;0;0;0;0;0;0;0;0;0;0;0;0;0;0;0;0;0;0;0;0;2018
211000;Raub, raeuberische Erpressung auf/gegen Geldinstitute, Postfilialen und -agenturen;9663000;Wuerzburg;insg.;0;0;0;0;0;0;0;0;0;0;0;0;0;0;0;0;0;0;0;0;0;0;0;0;0;0;0;2018
212000;Raub, raeuberische Erpressung auf/gegen sonstige Zahlstellen und Geschaefte;5334002;Aachen;insg.;9;6;3;0;0;0;0;0;0;0;0;0;0;0;0;0;0;0;6;5;1;3;1;2;9;6;3;2018
212000;Raub, raeuberische Erpressung auf/gegen sonstige Zahlstellen und Geschaefte;9761000;Augsburg;insg.;6;2;4;0;0;0;0;0;0;0;0;0;0;0;0;0;0;0;5;1;4;1;1;0;6;2;4;2018
212000;Raub, raeuberische Erpressung auf/gegen sonstige Zahlstellen und Geschaefte;5378004;Bergisch Gladbach;insg.;6;4;2;0;0;0;0;0;0;0;0;0;0;0;0;1;1;0;3;2;1;2;1;1;5;3;2;2018
212000;Raub, raeuberische Erpressung auf/gegen sonstige Zahlstellen und Geschaefte;11000000;Berlin;insg.;612;355;257;0;0;0;0;0;0;0;0;0;1;1;0;39;22;17;503;291;212;69;41;28;572;332;240;2018
212000;Raub, raeuberische Erpressung auf/gegen sonstige Zahlstellen und Geschaefte;5711000;Bielefeld;insg.;15;6;9;0;0;0;0;0;0;0;0;0;1;0;1;1;0;1;11;6;5;2;0;2;13;6;7;2018
212000;Raub, raeuberische Erpressung auf/gegen sonstige Zahlstellen und Geschaefte;5911000;Bochum;insg.;10;4;6;0;0;0;0;0;0;0;0;0;0;0;0;0;0;0;9;3;6;1;1;0;10;4;6;2018
212000;Raub, raeuberische Erpressung auf/gegen sonstige Zahlstellen und Geschaefte;5314000;Bonn;insg.;27;11;16;0;0;0;0;0;0;0;0;0;1;0;1;0;0;0;25;10;15;1;1;0;26;11;15;2018
212000;Raub, raeuberische Erpressung auf/gegen sonstige Zahlstellen und Geschaefte;5512000;Bottrop;insg.;10;2;8;0;0;0;0;0;0;0;0;0;0;0;0;0;0;0;8;2;6;2;0;2;10;2;8;2018
212000;Raub, raeuberische Erpressung auf/gegen sonstige Zahlstellen und Geschaefte;3101000;Braunschweig;insg.;14;6;8;0;0;0;0;0;0;0;0;0;0;0;0;4;2;2;7;3;4;3;1;2;10;4;6;2018
212000;Raub, raeuberische Erpressung auf/gegen sonstige Zahlstellen und Geschaefte;4011000;Bremen;insg.;80;35;45;0;0;0;0;0;0;0;0;0;1;0;1;8;4;4;66;30;36;5;1;4;71;31;40;2018
212000;Raub, raeuberische Erpressung auf/gegen sonstige Zahlstellen und Geschaefte;4012000;Bremerhaven;insg.;28;12;16;0;0;0;0;0;0;0;0;0;0;0;0;1;0;1;26;11;15;1;1;0;27;12;15;2018
212000;Raub, raeuberische Erpressung auf/gegen sonstige Zahlstellen und Geschaefte;14511000;Chemnitz;insg.;5;1;4;0;0;0;0;0;0;0;0;0;0;0;0;0;0;0;5;1;4;0;0;0;5;1;4;2018
212000;Raub, raeuberische Erpressung auf/gegen sonstige Zahlstellen und Geschaefte;12052000;Cottbus;insg.;5;4;1;0;0;0;0;0;0;0;0;0;0;0;0;0;0;0;5;4;1;0;0;0;5;4;1;2018
212000;Raub, raeuberische Erpressung auf/gegen sonstige Zahlstellen und Geschaefte;6411000;Darmstadt;insg.;5;2;3;0;0;0;0;0;0;0;0;0;0;0;0;0;0;0;4;2;2;1;0;1;5;2;3;2018
212000;Raub, raeuberische Erpressung auf/gegen sonstige Zahlstellen und Geschaefte;5913000;Dortmund;insg.;41;21;20;0;0;0;0;0;0;0;0;0;0;0;0;2;2;0;34;18;16;5;1;4;39;19;20;2018
212000;Raub, raeuberische Erpressung auf/gegen sonstige Zahlstellen und Geschaefte;14612000;Dresden;insg.;10;4;6;0;0;0;0;0;0;0;0;0;0;0;0;0;0;0;9;4;5;1;0;1;10;4;6;2018
212000;Raub, raeuberische Erpressung auf/gegen sonstige Zahlstellen und Geschaefte;5112000;Duisburg;insg.;45;19;26;0;0;0;0;0;0;0;0;0;1;1;0;3;2;1;33;12;21;8;4;4;41;16;25;2018
212000;Raub, raeuberische Erpressung auf/gegen sonstige Zahlstellen und Geschaefte;5111000;Duesseldorf;insg.;34;18;16;0;0;0;0;0;0;0;0;0;1;1;0;1;0;1;31;17;14;1;0;1;32;17;15;2018
212000;Raub, raeuberische Erpressung auf/gegen sonstige Zahlstellen und Geschaefte;16051000;Erfurt;insg.;5;2;3;0;0;0;0;0;0;0;0;0;0;0;0;0;0;0;3;2;1;2;0;2;5;2;3;2018
212000;Raub, raeuberische Erpressung auf/gegen sonstige Zahlstellen und Geschaefte;9562000;Erlangen;insg.;0;0;0;0;0;0;0;0;0;0;0;0;0;0;0;0;0;0;0;0;0;0;0;0;0;0;0;2018
212000;Raub, raeuberische Erpressung auf/gegen sonstige Zahlstellen und Geschaefte;5113000;Essen;insg.;44;14;30;0;0;0;0;0;0;0;0;0;0;0;0;0;0;0;39;14;25;5;0;5;44;14;30;2018
212000;Raub, raeuberische Erpressung auf/gegen sonstige Zahlstellen und Geschaefte;6412000;Frankfurt am Main;insg.;52;26;26;0;0;0;0;0;0;0;0;0;0;0;0;9;5;4;34;15;19;9;6;3;43;21;22;2018
212000;Raub, raeuberische Erpressung auf/gegen sonstige Zahlstellen und Geschaefte;8311000;Freiburg im Breisgau;insg.;10;7;3;0;0;0;0;0;0;0;0;0;1;1;0;0;0;0;6;5;1;3;1;2;9;6;3;2018
212000;Raub, raeuberische Erpressung auf/gegen sonstige Zahlstellen und Geschaefte;9563000;Fuerth;insg.;2;0;2;0;0;0;0;0;0;0;0;0;0;0;0;0;0;0;2;0;2;0;0;0;2;0;2;2018
212000;Raub, raeuberische Erpressung auf/gegen sonstige Zahlstellen und Geschaefte;5513000;Gelsenkirchen;insg.;14;5;9;0;0;0;0;0;0;0;0;0;0;0;0;1;0;1;12;4;8;1;1;0;13;5;8;2018
212000;Raub, raeuberische Erpressung auf/gegen sonstige Zahlstellen und Geschaefte;3159016;Goettingen;insg.;9;1;8;0;0;0;0;0;0;0;0;0;0;0;0;0;0;0;5;1;4;4;0;4;9;1;8;2018
212000;Raub, raeuberische Erpressung auf/gegen sonstige Zahlstellen und Geschaefte;5914000;Hagen;insg.;9;3;6;0;0;0;0;0;0;0;0;0;0;0;0;0;0;0;8;3;5;1;0;1;9;3;6;2018
212000;Raub, raeuberische Erpressung auf/gegen sonstige Zahlstellen und Geschaefte;15002000;Halle (Saale);insg.;10;8;2;0;0;0;0;0;0;0;0;0;0;0;0;1;1;0;8;7;1;1;0;1;9;7;2;2018
212000;Raub, raeuberische Erpressung auf/gegen sonstige Zahlstellen und Geschaefte;2000000;Hamburg;insg.;88;44;44;0;0;0;0;0;0;0;0;0;0;0;0;7;6;1;70;35;35;11;3;8;81;38;43;2018
212000;Raub, raeuberische Erpressung auf/gegen sonstige Zahlstellen und Geschaefte;5915000;Hamm;insg.;18;5;13;0;0;0;0;0;0;0;0;0;1;1;0;3;2;1;13;2;11;1;0;1;14;2;12;2018
212000;Raub, raeuberische Erpressung auf/gegen sonstige Zahlstellen und Geschaefte;3241001;Hannover;insg.;32;15;17;0;0;0;0;0;0;0;0;0;0;0;0;3;2;1;24;11;13;5;2;3;29;13;16;2018
212000;Raub, raeuberische Erpressung auf/gegen sonstige Zahlstellen und Geschaefte;8221000;Heidelberg;insg.;7;5;2;0;0;0;0;0;0;0;0;0;0;0;0;3;2;1;3;2;1;1;1;0;4;3;1;2018
212000;Raub, raeuberische Erpressung auf/gegen sonstige Zahlstellen und Geschaefte;8121000;Heilbronn;insg.;3;0;3;0;0;0;0;0;0;0;0;0;0;0;0;0;0;0;3;0;3;0;0;0;3;0;3;2018
212000;Raub, raeuberische Erpressung auf/gegen sonstige Zahlstellen und Geschaefte;5916000;Herne;insg.;14;3;11;0;0;0;0;0;0;0;0;0;0;0;0;1;0;1;8;2;6;5;1;4;13;3;10;2018
212000;Raub, raeuberische Erpressung auf/gegen sonstige Zahlstellen und Geschaefte;3254021;Hildesheim;insg.;11;3;8;0;0;0;0;0;0;0;0;0;0;0;0;1;0;1;8;3;5;2;0;2;10;3;7;2018
212000;Raub, raeuberische Erpressung auf/gegen sonstige Zahlstellen und Geschaefte;9161000;Ingolstadt;insg.;3;1;2;0;0;0;0;0;0;0;0;0;0;0;0;0;0;0;3;1;2;0;0;0;3;1;2;2018
212000;Raub, raeuberische Erpressung auf/gegen sonstige Zahlstellen und Geschaefte;16053000;Jena;insg.;0;0;0;0;0;0;0;0;0;0;0;0;0;0;0;0;0;0;0;0;0;0;0;0;0;0;0;2018
212000;Raub, raeuberische Erpressung auf/gegen sonstige Zahlstellen und Geschaefte;8212000;Karlsruhe;insg.;15;4;11;0;0;0;0;0;0;0;0;0;0;0;0;2;1;1;12;3;9;1;0;1;13;3;10;2018
212000;Raub, raeuberische Erpressung auf/gegen sonstige Zahlstellen und Geschaefte;6611000;Kassel;insg.;12;6;6;0;0;0;0;0;0;0;0;0;0;0;0;1;0;1;10;6;4;1;0;1;11;6;5;2018
212000;Raub, raeuberische Erpressung auf/gegen sonstige Zahlstellen und Geschaefte;1002000;Kiel;insg.;5;3;2;0;0;0;0;0;0;0;0;0;0;0;0;0;0;0;5;3;2;0;0;0;5;3;2;2018
212000;Raub, raeuberische Erpressung auf/gegen sonstige Zahlstellen und Geschaefte;7111000;Koblenz;insg.;2;1;1;0;0;0;0;0;0;0;0;0;0;0;0;0;0;0;2;1;1;0;0;0;2;1;1;2018
212000;Raub, raeuberische Erpressung auf/gegen sonstige Zahlstellen und Geschaefte;5315000;Koeln;insg.;76;41;35;0;0;0;0;0;0;0;0;0;1;0;1;2;0;2;68;39;29;5;2;3;73;41;32;2018
212000;Raub, raeuberische Erpressung auf/gegen sonstige Zahlstellen und Geschaefte;5114000;Krefeld;insg.;14;6;8;0;0;0;0;0;0;0;0;0;0;0;0;1;0;1;11;5;6;2;1;1;13;6;7;2018
212000;Raub, raeuberische Erpressung auf/gegen sonstige Zahlstellen und Geschaefte;14713000;Leipzig;insg.;16;6;10;0;0;0;0;0;0;0;0;0;0;0;0;0;0;0;15;5;10;1;1;0;16;6;10;2018
212000;Raub, raeuberische Erpressung auf/gegen sonstige Zahlstellen und Geschaefte;5316000;Leverkusen;insg.;10;2;8;0;0;0;0;0;0;0;0;0;2;0;2;0;0;0;7;2;5;1;0;1;8;2;6;2018
212000;Raub, raeuberische Erpressung auf/gegen sonstige Zahlstellen und Geschaefte;1003000;Luebeck;insg.;5;2;3;0;0;0;0;0;0;0;0;0;0;0;0;2;2;0;3;0;3;0;0;0;3;0;3;2018
212000;Raub, raeuberische Erpressung auf/gegen sonstige Zahlstellen und Geschaefte;7314000;Ludwigshafen am Rhein;insg.;8;1;7;0;0;0;0;0;0;0;0;0;0;0;0;2;0;2;6;1;5;0;0;0;6;1;5;2018
212000;Raub, raeuberische Erpressung auf/gegen sonstige Zahlstellen und Geschaefte;15003000;Magdeburg;insg.;18;5;13;0;0;0;0;0;0;0;0;0;0;0;0;1;0;1;14;4;10;3;1;2;17;5;12;2018
212000;Raub, raeuberische Erpressung auf/gegen sonstige Zahlstellen und Geschaefte;7315000;Mainz;insg.;8;3;5;0;0;0;0;0;0;0;0;0;0;0;0;0;0;0;7;2;5;1;1;0;8;3;5;2018
212000;Raub, raeuberische Erpressung auf/gegen sonstige Zahlstellen und Geschaefte;8222000;Mannheim;insg.;10;2;8;0;0;0;0;0;0;0;0;0;0;0;0;1;0;1;9;2;7;0;0;0;9;2;7;2018
212000;Raub, raeuberische Erpressung auf/gegen sonstige Zahlstellen und Geschaefte;5170024;Moers;insg.;4;2;2;0;0;0;0;0;0;0;0;0;0;0;0;0;0;0;3;2;1;1;0;1;4;2;2;2018
212000;Raub, raeuberische Erpressung auf/gegen sonstige Zahlstellen und Geschaefte;5116000;Moenchengladbach;insg.;16;5;11;0;0;0;0;0;0;0;0;0;0;0;0;2;2;0;12;2;10;2;1;1;14;3;11;2018
212000;Raub, raeuberische Erpressung auf/gegen sonstige Zahlstellen und Geschaefte;5117000;Muelheim an der Ruhr;insg.;8;1;7;0;0;0;0;0;0;0;0;0;0;0;0;0;0;0;8;1;7;0;0;0;8;1;7;2018
212000;Raub, raeuberische Erpressung auf/gegen sonstige Zahlstellen und Geschaefte;9162000;Muenchen;insg.;42;20;22;0;0;0;0;0;0;0;0;0;0;0;0;1;0;1;36;17;19;5;3;2;41;20;21;2018
212000;Raub, raeuberische Erpressung auf/gegen sonstige Zahlstellen und Geschaefte;5515000;Muenster;insg.;23;9;14;0;0;0;0;0;0;0;0;0;0;0;0;3;2;1;19;6;13;1;1;0;20;7;13;2018
212000;Raub, raeuberische Erpressung auf/gegen sonstige Zahlstellen und Geschaefte;5162024;Neuss;insg.;6;3;3;0;0;0;0;0;0;0;0;0;0;0;0;1;1;0;4;2;2;1;0;1;5;2;3;2018
212000;Raub, raeuberische Erpressung auf/gegen sonstige Zahlstellen und Geschaefte;9564000;Nuernberg;insg.;15;6;9;0;0;0;0;0;0;0;0;0;0;0;0;1;1;0;13;5;8;1;0;1;14;5;9;2018
212000;Raub, raeuberische Erpressung auf/gegen sonstige Zahlstellen und Geschaefte;5119000;Oberhausen;insg.;3;3;0;0;0;0;0;0;0;0;0;0;0;0;0;0;0;0;3;3;0;0;0;0;3;3;0;2018
212000;Raub, raeuberische Erpressung auf/gegen sonstige Zahlstellen und Geschaefte;6413000;Offenbach am Main;insg.;13;5;8;0;0;0;0;0;0;0;0;0;0;0;0;1;1;0;10;2;8;2;2;0;12;4;8;2018
212000;Raub, raeuberische Erpressung auf/gegen sonstige Zahlstellen und Geschaefte;3403000;Oldenburg (Oldenburg);insg.;22;12;10;0;0;0;0;0;0;0;0;0;0;0;0;1;1;0;21;11;10;0;0;0;21;11;10;2018
212000;Raub, raeuberische Erpressung auf/gegen sonstige Zahlstellen und Geschaefte;3404000;Osnabrueck;insg.;17;5;12;0;0;0;0;0;0;0;0;0;0;0;0;1;1;0;15;3;12;1;1;0;16;4;12;2018
212000;Raub, raeuberische Erpressung auf/gegen sonstige Zahlstellen und Geschaefte;5774032;Paderborn;insg.;3;1;2;0;0;0;0;0;0;0;0;0;0;0;0;0;0;0;3;1;2;0;0;0;3;1;2;2018
212000;Raub, raeuberische Erpressung auf/gegen sonstige Zahlstellen und Geschaefte;8231000;Pforzheim;insg.;3;0;3;0;0;0;0;0;0;0;0;0;0;0;0;0;0;0;3;0;3;0;0;0;3;0;3;2018
212000;Raub, raeuberische Erpressung auf/gegen sonstige Zahlstellen und Geschaefte;12054000;Potsdam;insg.;10;2;8;0;0;0;0;0;0;0;0;0;0;0;0;1;1;0;9;1;8;0;0;0;9;1;8;2018
212000;Raub, raeuberische Erpressung auf/gegen sonstige Zahlstellen und Geschaefte;5562032;Recklinghausen;insg.;10;3;7;0;0;0;0;0;0;0;0;0;0;0;0;0;0;0;10;3;7;0;0;0;10;3;7;2018
212000;Raub, raeuberische Erpressung auf/gegen sonstige Zahlstellen und Geschaefte;9362000;Regensburg;insg.;5;2;3;0;0;0;0;0;0;0;0;0;0;0;0;1;1;0;4;1;3;0;0;0;4;1;3;2018
212000;Raub, raeuberische Erpressung auf/gegen sonstige Zahlstellen und Geschaefte;5120000;Remscheid;insg.;1;0;1;0;0;0;0;0;0;0;0;0;0;0;0;0;0;0;1;0;1;0;0;0;1;0;1;2018
212000;Raub, raeuberische Erpressung auf/gegen sonstige Zahlstellen und Geschaefte;8415061;Reutlingen;insg.;3;1;2;0;0;0;0;0;0;0;0;0;0;0;0;0;0;0;3;1;2;0;0;0;3;1;2;2018
212000;Raub, raeuberische Erpressung auf/gegen sonstige Zahlstellen und Geschaefte;13003000;Rostock;insg.;5;3;2;0;0;0;0;0;0;0;0;0;0;0;0;0;0;0;4;2;2;1;1;0;5;3;2;2018
212000;Raub, raeuberische Erpressung auf/gegen sonstige Zahlstellen und Geschaefte;10041100;Saarbruecken;insg.;7;4;3;0;0;0;0;0;0;0;0;0;0;0;0;0;0;0;7;4;3;0;0;0;7;4;3;2018
212000;Raub, raeuberische Erpressung auf/gegen sonstige Zahlstellen und Geschaefte;3102000;Salzgitter;insg.;5;1;4;0;0;0;0;0;0;0;0;0;0;0;0;0;0;0;5;1;4;0;0;0;5;1;4;2018
212000;Raub, raeuberische Erpressung auf/gegen sonstige Zahlstellen und Geschaefte;13004000;Schwerin;insg.;1;1;0;0;0;0;0;0;0;0;0;0;0;0;0;0;0;0;1;1;0;0;0;0;1;1;0;2018
212000;Raub, raeuberische Erpressung auf/gegen sonstige Zahlstellen und Geschaefte;5970040;Siegen;insg.;0;0;0;0;0;0;0;0;0;0;0;0;0;0;0;0;0;0;0;0;0;0;0;0;0;0;0;2018
212000;Raub, raeuberische Erpressung auf/gegen sonstige Zahlstellen und Geschaefte;5122000;Solingen;insg.;7;4;3;0;0;0;0;0;0;0;0;0;0;0;0;1;1;0;5;2;3;1;1;0;6;3;3;2018
212000;Raub, raeuberische Erpressung auf/gegen sonstige Zahlstellen und Geschaefte;8111000;Stuttgart;insg.;14;9;5;0;0;0;0;0;0;0;0;0;0;0;0;0;0;0;14;9;5;0;0;0;14;9;5;2018
212000;Raub, raeuberische Erpressung auf/gegen sonstige Zahlstellen und Geschaefte;7211000;Trier;insg.;7;3;4;0;0;0;0;0;0;0;0;0;0;0;0;0;0;0;5;1;4;2;2;0;7;3;4;2018
212000;Raub, raeuberische Erpressung auf/gegen sonstige Zahlstellen und Geschaefte;8421000;Ulm;insg.;2;1;1;0;0;0;0;0;0;0;0;0;0;0;0;0;0;0;2;1;1;0;0;0;2;1;1;2018
212000;Raub, raeuberische Erpressung auf/gegen sonstige Zahlstellen und Geschaefte;6414000;Wiesbaden;insg.;5;2;3;0;0;0;0;0;0;0;0;0;0;0;0;0;0;0;4;1;3;1;1;0;5;2;3;2018
212000;Raub, raeuberische Erpressung auf/gegen sonstige Zahlstellen und Geschaefte;3103000;Wolfsburg;insg.;8;5;3;0;0;0;0;0;0;0;0;0;0;0;0;1;1;0;7;4;3;0;0;0;7;4;3;2018
212000;Raub, raeuberische Erpressung auf/gegen sonstige Zahlstellen und Geschaefte;5124000;Wuppertal;insg.;18;8;10;0;0;0;0;0;0;0;0;0;0;0;0;0;0;0;16;8;8;2;0;2;18;8;10;2018
212000;Raub, raeuberische Erpressung auf/gegen sonstige Zahlstellen und Geschaefte;9663000;Wuerzburg;insg.;0;0;0;0;0;0;0;0;0;0;0;0;0;0;0;0;0;0;0;0;0;0;0;0;0;0;0;2018
216000;Handtaschenraub;5334002;Aachen;insg.;14;0;14;0;0;0;0;0;0;0;0;0;0;0;0;0;0;0;9;0;9;5;0;5;14;0;14;2018
216000;Handtaschenraub;9761000;Augsburg;insg.;5;1;4;0;0;0;0;0;0;0;0;0;0;0;0;0;0;0;0;0;0;5;1;4;5;1;4;2018
216000;Handtaschenraub;5378004;Bergisch Gladbach;insg.;0;0;0;0;0;0;0;0;0;0;0;0;0;0;0;0;0;0;0;0;0;0;0;0;0;0;0;2018
216000;Handtaschenraub;11000000;Berlin;insg.;241;30;211;0;0;0;1;1;0;1;1;0;6;2;4;14;4;10;122;19;103;98;4;94;220;23;197;2018
216000;Handtaschenraub;5711000;Bielefeld;insg.;4;0;4;0;0;0;0;0;0;0;0;0;0;0;0;1;0;1;2;0;2;1;0;1;3;0;3;2018
216000;Handtaschenraub;5911000;Bochum;insg.;7;1;6;0;0;0;0;0;0;0;0;0;0;0;0;0;0;0;3;0;3;4;1;3;7;1;6;2018
216000;Handtaschenraub;5314000;Bonn;insg.;6;0;6;0;0;0;0;0;0;0;0;0;0;0;0;0;0;0;0;0;0;6;0;6;6;0;6;2018
216000;Handtaschenraub;5512000;Bottrop;insg.;2;0;2;0;0;0;0;0;0;0;0;0;0;0;0;0;0;0;1;0;1;1;0;1;2;0;2;2018
216000;Handtaschenraub;3101000;Braunschweig;insg.;5;0;5;0;0;0;0;0;0;0;0;0;0;0;0;0;0;0;3;0;3;2;0;2;5;0;5;2018
216000;Handtaschenraub;4011000;Bremen;insg.;16;2;14;0;0;0;0;0;0;0;0;0;0;0;0;0;0;0;8;2;6;8;0;8;16;2;14;2018
216000;Handtaschenraub;4012000;Bremerhaven;insg.;11;1;10;0;0;0;0;0;0;0;0;0;0;0;0;0;0;0;8;1;7;3;0;3;11;1;10;2018
216000;Handtaschenraub;14511000;Chemnitz;insg.;15;2;13;0;0;0;0;0;0;0;0;0;0;0;0;1;1;0;5;0;5;9;1;8;14;1;13;2018
216000;Handtaschenraub;12052000;Cottbus;insg.;3;1;2;0;0;0;0;0;0;0;0;0;1;0;1;0;0;0;2;1;1;0;0;0;2;1;1;2018
216000;Handtaschenraub;6411000;Darmstadt;insg.;2;1;1;0;0;0;0;0;0;0;0;0;0;0;0;0;0;0;2;1;1;0;0;0;2;1;1;2018
216000;Handtaschenraub;5913000;Dortmund;insg.;40;5;35;0;0;0;0;0;0;0;0;0;2;1;1;2;0;2;12;1;11;24;3;21;36;4;32;2018
216000;Handtaschenraub;14612000;Dresden;insg.;14;4;10;0;0;0;0;0;0;0;0;0;0;0;0;2;1;1;8;3;5;4;0;4;12;3;9;2018
216000;Handtaschenraub;5112000;Duisburg;insg.;23;0;23;0;0;0;0;0;0;0;0;0;0;0;0;1;0;1;10;0;10;12;0;12;22;0;22;2018
216000;Handtaschenraub;5111000;Duesseldorf;insg.;19;0;19;1;0;1;0;0;0;1;0;1;0;0;0;1;0;1;12;0;12;5;0;5;17;0;17;2018
216000;Handtaschenraub;16051000;Erfurt;insg.;7;1;6;0;0;0;0;0;0;0;0;0;0;0;0;0;0;0;3;0;3;4;1;3;7;1;6;2018
216000;Handtaschenraub;9562000;Erlangen;insg.;0;0;0;0;0;0;0;0;0;0;0;0;0;0;0;0;0;0;0;0;0;0;0;0;0;0;0;2018
216000;Handtaschenraub;5113000;Essen;insg.;17;1;16;0;0;0;0;0;0;0;0;0;0;0;0;2;0;2;10;1;9;5;0;5;15;1;14;2018
216000;Handtaschenraub;6412000;Frankfurt am Main;insg.;41;2;39;0;0;0;0;0;0;0;0;0;1;0;1;0;0;0;29;1;28;11;1;10;40;2;38;2018
216000;Handtaschenraub;8311000;Freiburg im Breisgau;insg.;5;0;5;0;0;0;0;0;0;0;0;0;0;0;0;0;0;0;3;0;3;2;0;2;5;0;5;2018
216000;Handtaschenraub;9563000;Fuerth;insg.;0;0;0;0;0;0;0;0;0;0;0;0;0;0;0;0;0;0;0;0;0;0;0;0;0;0;0;2018
216000;Handtaschenraub;5513000;Gelsenkirchen;insg.;9;0;9;0;0;0;0;0;0;0;0;0;0;0;0;0;0;0;3;0;3;6;0;6;9;0;9;2018
216000;Handtaschenraub;3159016;Goettingen;insg.;11;4;7;0;0;0;0;0;0;0;0;0;0;0;0;2;0;2;8;4;4;1;0;1;9;4;5;2018
216000;Handtaschenraub;5914000;Hagen;insg.;4;1;3;0;0;0;0;0;0;0;0;0;0;0;0;0;0;0;3;1;2;1;0;1;4;1;3;2018
216000;Handtaschenraub;15002000;Halle (Saale);insg.;10;1;9;0;0;0;0;0;0;0;0;0;1;1;0;1;0;1;4;0;4;4;0;4;8;0;8;2018
216000;Handtaschenraub;2000000;Hamburg;insg.;84;14;70;0;0;0;0;0;0;0;0;0;1;1;0;4;1;3;47;10;37;32;2;30;79;12;67;2018
216000;Handtaschenraub;5915000;Hamm;insg.;6;0;6;0;0;0;0;0;0;0;0;0;0;0;0;0;0;0;3;0;3;3;0;3;6;0;6;2018
216000;Handtaschenraub;3241001;Hannover;insg.;24;2;22;0;0;0;0;0;0;0;0;0;0;0;0;2;0;2;10;0;10;12;2;10;22;2;20;2018
216000;Handtaschenraub;8221000;Heidelberg;insg.;5;1;4;0;0;0;0;0;0;0;0;0;0;0;0;0;0;0;1;0;1;4;1;3;5;1;4;2018
216000;Handtaschenraub;8121000;Heilbronn;insg.;5;0;5;0;0;0;0;0;0;0;0;0;0;0;0;0;0;0;3;0;3;2;0;2;5;0;5;2018
216000;Handtaschenraub;5916000;Herne;insg.;1;0;1;0;0;0;0;0;0;0;0;0;0;0;0;0;0;0;0;0;0;1;0;1;1;0;1;2018
216000;Handtaschenraub;3254021;Hildesheim;insg.;2;0;2;0;0;0;0;0;0;0;0;0;0;0;0;0;0;0;1;0;1;1;0;1;2;0;2;2018
216000;Handtaschenraub;9161000;Ingolstadt;insg.;3;0;3;0;0;0;0;0;0;0;0;0;1;0;1;1;0;1;0;0;0;1;0;1;1;0;1;2018
216000;Handtaschenraub;16053000;Jena;insg.;1;0;1;0;0;0;0;0;0;0;0;0;0;0;0;0;0;0;0;0;0;1;0;1;1;0;1;2018
216000;Handtaschenraub;8212000;Karlsruhe;insg.;20;2;18;0;0;0;0;0;0;0;0;0;0;0;0;1;0;1;12;2;10;7;0;7;19;2;17;2018
216000;Handtaschenraub;6611000;Kassel;insg.;6;0;6;0;0;0;0;0;0;0;0;0;0;0;0;0;0;0;4;0;4;2;0;2;6;0;6;2018
216000;Handtaschenraub;1002000;Kiel;insg.;2;0;2;0;0;0;0;0;0;0;0;0;0;0;0;0;0;0;2;0;2;0;0;0;2;0;2;2018
216000;Handtaschenraub;7111000;Koblenz;insg.;2;1;1;0;0;0;0;0;0;0;0;0;0;0;0;0;0;0;2;1;1;0;0;0;2;1;1;2018
216000;Handtaschenraub;5315000;Koeln;insg.;89;14;75;0;0;0;1;1;0;1;1;0;0;0;0;1;0;1;63;10;53;24;3;21;87;13;74;2018
216000;Handtaschenraub;5114000;Krefeld;insg.;17;0;17;0;0;0;0;0;0;0;0;0;0;0;0;1;0;1;10;0;10;6;0;6;16;0;16;2018
216000;Handtaschenraub;14713000;Leipzig;insg.;41;7;34;0;0;0;0;0;0;0;0;0;0;0;0;1;1;0;18;5;13;22;1;21;40;6;34;2018
216000;Handtaschenraub;5316000;Leverkusen;insg.;10;2;8;0;0;0;0;0;0;0;0;0;3;1;2;0;0;0;5;1;4;2;0;2;7;1;6;2018
216000;Handtaschenraub;1003000;Luebeck;insg.;6;0;6;0;0;0;0;0;0;0;0;0;0;0;0;0;0;0;3;0;3;3;0;3;6;0;6;2018
216000;Handtaschenraub;7314000;Ludwigshafen am Rhein;insg.;4;1;3;0;0;0;1;1;0;1;1;0;0;0;0;0;0;0;1;0;1;2;0;2;3;0;3;2018
216000;Handtaschenraub;15003000;Magdeburg;insg.;17;0;17;0;0;0;0;0;0;0;0;0;0;0;0;0;0;0;5;0;5;12;0;12;17;0;17;2018
216000;Handtaschenraub;7315000;Mainz;insg.;2;0;2;0;0;0;0;0;0;0;0;0;0;0;0;0;0;0;1;0;1;1;0;1;2;0;2;2018
216000;Handtaschenraub;8222000;Mannheim;insg.;19;3;16;0;0;0;0;0;0;0;0;0;0;0;0;2;0;2;10;2;8;7;1;6;17;3;14;2018
216000;Handtaschenraub;5170024;Moers;insg.;5;0;5;0;0;0;0;0;0;0;0;0;0;0;0;0;0;0;1;0;1;4;0;4;5;0;5;2018
216000;Handtaschenraub;5116000;Moenchengladbach;insg.;14;0;14;0;0;0;0;0;0;0;0;0;0;0;0;0;0;0;5;0;5;9;0;9;14;0;14;2018
216000;Handtaschenraub;5117000;Muelheim an der Ruhr;insg.;0;0;0;0;0;0;0;0;0;0;0;0;0;0;0;0;0;0;0;0;0;0;0;0;0;0;0;2018
216000;Handtaschenraub;9162000;Muenchen;insg.;41;13;28;0;0;0;0;0;0;0;0;0;5;5;0;2;2;0;22;5;17;12;1;11;34;6;28;2018
216000;Handtaschenraub;5515000;Muenster;insg.;6;1;5;0;0;0;0;0;0;0;0;0;0;0;0;0;0;0;2;0;2;4;1;3;6;1;5;2018
216000;Handtaschenraub;5162024;Neuss;insg.;0;0;0;0;0;0;0;0;0;0;0;0;0;0;0;0;0;0;0;0;0;0;0;0;0;0;0;2018
216000;Handtaschenraub;9564000;Nuernberg;insg.;12;1;11;0;0;0;0;0;0;0;0;0;0;0;0;1;0;1;8;1;7;3;0;3;11;1;10;2018
216000;Handtaschenraub;5119000;Oberhausen;insg.;6;0;6;0;0;0;1;0;1;1;0;1;1;0;1;0;0;0;4;0;4;0;0;0;4;0;4;2018
216000;Handtaschenraub;6413000;Offenbach am Main;insg.;5;0;5;0;0;0;0;0;0;0;0;0;0;0;0;0;0;0;3;0;3;2;0;2;5;0;5;2018
216000;Handtaschenraub;3403000;Oldenburg (Oldenburg);insg.;7;1;6;0;0;0;0;0;0;0;0;0;0;0;0;2;0;2;3;1;2;2;0;2;5;1;4;2018
216000;Handtaschenraub;3404000;Osnabrueck;insg.;6;0;6;0;0;0;0;0;0;0;0;0;1;0;1;0;0;0;4;0;4;1;0;1;5;0;5;2018
216000;Handtaschenraub;5774032;Paderborn;insg.;1;0;1;0;0;0;0;0;0;0;0;0;0;0;0;0;0;0;1;0;1;0;0;0;1;0;1;2018
216000;Handtaschenraub;8231000;Pforzheim;insg.;4;1;3;0;0;0;0;0;0;0;0;0;0;0;0;1;0;1;1;1;0;2;0;2;3;1;2;2018
216000;Handtaschenraub;12054000;Potsdam;insg.;5;0;5;0;0;0;0;0;0;0;0;0;0;0;0;0;0;0;2;0;2;3;0;3;5;0;5;2018
216000;Handtaschenraub;5562032;Recklinghausen;insg.;6;1;5;0;0;0;0;0;0;0;0;0;0;0;0;0;0;0;4;0;4;2;1;1;6;1;5;2018
216000;Handtaschenraub;9362000;Regensburg;insg.;3;0;3;0;0;0;0;0;0;0;0;0;0;0;0;0;0;0;2;0;2;1;0;1;3;0;3;2018
216000;Handtaschenraub;5120000;Remscheid;insg.;3;0;3;0;0;0;0;0;0;0;0;0;0;0;0;0;0;0;0;0;0;3;0;3;3;0;3;2018
216000;Handtaschenraub;8415061;Reutlingen;insg.;3;0;3;0;0;0;0;0;0;0;0;0;0;0;0;1;0;1;0;0;0;2;0;2;2;0;2;2018
216000;Handtaschenraub;13003000;Rostock;insg.;9;2;7;0;0;0;0;0;0;0;0;0;1;1;0;0;0;0;2;1;1;6;0;6;8;1;7;2018
216000;Handtaschenraub;10041100;Saarbruecken;insg.;8;0;8;0;0;0;0;0;0;0;0;0;0;0;0;0;0;0;2;0;2;6;0;6;8;0;8;2018
216000;Handtaschenraub;3102000;Salzgitter;insg.;6;0;6;0;0;0;0;0;0;0;0;0;0;0;0;1;0;1;3;0;3;2;0;2;5;0;5;2018
216000;Handtaschenraub;13004000;Schwerin;insg.;3;1;2;0;0;0;0;0;0;0;0;0;0;0;0;0;0;0;1;1;0;2;0;2;3;1;2;2018
216000;Handtaschenraub;5970040;Siegen;insg.;0;0;0;0;0;0;0;0;0;0;0;0;0;0;0;0;0;0;0;0;0;0;0;0;0;0;0;2018
216000;Handtaschenraub;5122000;Solingen;insg.;1;0;1;0;0;0;0;0;0;0;0;0;0;0;0;0;0;0;0;0;0;1;0;1;1;0;1;2018
216000;Handtaschenraub;8111000;Stuttgart;insg.;13;0;13;0;0;0;0;0;0;0;0;0;0;0;0;0;0;0;8;0;8;5;0;5;13;0;13;2018
216000;Handtaschenraub;7211000;Trier;insg.;1;0;1;0;0;0;0;0;0;0;0;0;0;0;0;0;0;0;1;0;1;0;0;0;1;0;1;2018
216000;Handtaschenraub;8421000;Ulm;insg.;1;0;1;0;0;0;0;0;0;0;0;0;1;0;1;0;0;0;0;0;0;0;0;0;0;0;0;2018
216000;Handtaschenraub;6414000;Wiesbaden;insg.;6;0;6;0;0;0;0;0;0;0;0;0;0;0;0;0;0;0;2;0;2;4;0;4;6;0;6;2018
216000;Handtaschenraub;3103000;Wolfsburg;insg.;1;0;1;0;0;0;0;0;0;0;0;0;0;0;0;0;0;0;1;0;1;0;0;0;1;0;1;2018
216000;Handtaschenraub;5124000;Wuppertal;insg.;10;2;8;0;0;0;0;0;0;0;0;0;0;0;0;0;0;0;7;2;5;3;0;3;10;2;8;2018
216000;Handtaschenraub;9663000;Wuerzburg;insg.;1;0;1;0;0;0;0;0;0;0;0;0;0;0;0;0;0;0;0;0;0;1;0;1;1;0;1;2018
217000;Sonstige Raubueberfaelle auf Stra�en, Wegen oder Plaetzen;5334002;Aachen;insg.;145;120;25;0;0;0;10;9;1;10;9;1;6;5;1;22;21;1;98;78;20;9;7;2;107;85;22;2018
217000;Sonstige Raubueberfaelle auf Stra�en, Wegen oder Plaetzen;9761000;Augsburg;insg.;43;36;7;0;0;0;1;1;0;1;1;0;2;2;0;11;8;3;27;23;4;2;2;0;29;25;4;2018
217000;Sonstige Raubueberfaelle auf Stra�en, Wegen oder Plaetzen;5378004;Bergisch Gladbach;insg.;44;39;5;0;0;0;4;3;1;4;3;1;19;18;1;10;10;0;8;7;1;3;1;2;11;8;3;2018
217000;Sonstige Raubueberfaelle auf Stra�en, Wegen oder Plaetzen;11000000;Berlin;insg.;2540;2059;481;1;1;0;145;125;20;146;126;20;473;429;44;288;261;27;1440;1132;308;193;111;82;1633;1243;390;2018
217000;Sonstige Raubueberfaelle auf Stra�en, Wegen oder Plaetzen;5711000;Bielefeld;insg.;133;107;26;0;0;0;4;3;1;4;3;1;19;17;2;29;23;6;75;60;15;6;4;2;81;64;17;2018
217000;Sonstige Raubueberfaelle auf Stra�en, Wegen oder Plaetzen;5911000;Bochum;insg.;199;161;38;0;0;0;19;14;5;19;14;5;44;40;4;28;23;5;94;78;16;14;6;8;108;84;24;2018
217000;Sonstige Raubueberfaelle auf Stra�en, Wegen oder Plaetzen;5314000;Bonn;insg.;169;140;29;0;0;0;13;13;0;13;13;0;34;29;5;16;16;0;94;75;19;12;7;5;106;82;24;2018
217000;Sonstige Raubueberfaelle auf Stra�en, Wegen oder Plaetzen;5512000;Bottrop;insg.;27;21;6;0;0;0;2;0;2;2;0;2;7;7;0;3;3;0;13;10;3;2;1;1;15;11;4;2018
217000;Sonstige Raubueberfaelle auf Stra�en, Wegen oder Plaetzen;3101000;Braunschweig;insg.;49;43;6;0;0;0;0;0;0;0;0;0;3;3;0;6;5;1;37;33;4;3;2;1;40;35;5;2018
217000;Sonstige Raubueberfaelle auf Stra�en, Wegen oder Plaetzen;4011000;Bremen;insg.;368;269;99;0;0;0;6;4;2;6;4;2;37;33;4;51;47;4;228;172;56;46;13;33;274;185;89;2018
217000;Sonstige Raubueberfaelle auf Stra�en, Wegen oder Plaetzen;4012000;Bremerhaven;insg.;86;72;14;0;0;0;5;4;1;5;4;1;15;15;0;9;7;2;54;44;10;3;2;1;57;46;11;2018
217000;Sonstige Raubueberfaelle auf Stra�en, Wegen oder Plaetzen;14511000;Chemnitz;insg.;88;77;11;0;0;0;5;5;0;5;5;0;23;21;2;13;13;0;42;34;8;5;4;1;47;38;9;2018
217000;Sonstige Raubueberfaelle auf Stra�en, Wegen oder Plaetzen;12052000;Cottbus;insg.;14;12;2;0;0;0;0;0;0;0;0;0;2;2;0;0;0;0;12;10;2;0;0;0;12;10;2;2018
217000;Sonstige Raubueberfaelle auf Stra�en, Wegen oder Plaetzen;6411000;Darmstadt;insg.;51;46;5;0;0;0;0;0;0;0;0;0;11;9;2;14;14;0;23;20;3;3;3;0;26;23;3;2018
217000;Sonstige Raubueberfaelle auf Stra�en, Wegen oder Plaetzen;5913000;Dortmund;insg.;431;351;80;0;0;0;40;33;7;40;33;7;73;65;8;62;59;3;225;178;47;31;16;15;256;194;62;2018
217000;Sonstige Raubueberfaelle auf Stra�en, Wegen oder Plaetzen;14612000;Dresden;insg.;173;144;29;0;0;0;3;1;2;3;1;2;20;17;3;25;21;4;109;95;14;16;10;6;125;105;20;2018
217000;Sonstige Raubueberfaelle auf Stra�en, Wegen oder Plaetzen;5112000;Duisburg;insg.;261;199;62;0;0;0;22;20;2;22;20;2;43;40;3;26;24;2;140;101;39;30;14;16;170;115;55;2018
217000;Sonstige Raubueberfaelle auf Stra�en, Wegen oder Plaetzen;5111000;Duesseldorf;insg.;308;243;65;0;0;0;12;9;3;12;9;3;31;29;2;38;31;7;205;159;46;22;15;7;227;174;53;2018
217000;Sonstige Raubueberfaelle auf Stra�en, Wegen oder Plaetzen;16051000;Erfurt;insg.;18;17;1;0;0;0;0;0;0;0;0;0;3;3;0;4;4;0;11;10;1;0;0;0;11;10;1;2018
217000;Sonstige Raubueberfaelle auf Stra�en, Wegen oder Plaetzen;9562000;Erlangen;insg.;1;1;0;0;0;0;0;0;0;0;0;0;0;0;0;0;0;0;1;1;0;0;0;0;1;1;0;2018
217000;Sonstige Raubueberfaelle auf Stra�en, Wegen oder Plaetzen;5113000;Essen;insg.;213;151;62;0;0;0;11;9;2;11;9;2;38;34;4;32;24;8;113;78;35;19;6;13;132;84;48;2018
217000;Sonstige Raubueberfaelle auf Stra�en, Wegen oder Plaetzen;6412000;Frankfurt am Main;insg.;505;430;75;1;1;0;6;5;1;7;6;1;42;36;6;66;57;9;351;303;48;39;28;11;390;331;59;2018
217000;Sonstige Raubueberfaelle auf Stra�en, Wegen oder Plaetzen;8311000;Freiburg im Breisgau;insg.;84;76;8;1;1;0;2;1;1;3;2;1;24;24;0;8;7;1;44;41;3;5;2;3;49;43;6;2018
217000;Sonstige Raubueberfaelle auf Stra�en, Wegen oder Plaetzen;9563000;Fuerth;insg.;3;1;2;0;0;0;1;0;1;1;0;1;0;0;0;0;0;0;2;1;1;0;0;0;2;1;1;2018
217000;Sonstige Raubueberfaelle auf Stra�en, Wegen oder Plaetzen;5513000;Gelsenkirchen;insg.;141;107;34;0;0;0;8;7;1;8;7;1;24;20;4;13;10;3;82;64;18;14;6;8;96;70;26;2018
217000;Sonstige Raubueberfaelle auf Stra�en, Wegen oder Plaetzen;3159016;Goettingen;insg.;29;25;4;0;0;0;2;1;1;2;1;1;5;5;0;6;6;0;14;12;2;2;1;1;16;13;3;2018
217000;Sonstige Raubueberfaelle auf Stra�en, Wegen oder Plaetzen;5914000;Hagen;insg.;84;66;18;0;0;0;10;7;3;10;7;3;16;15;1;8;6;2;48;37;11;2;1;1;50;38;12;2018
217000;Sonstige Raubueberfaelle auf Stra�en, Wegen oder Plaetzen;15002000;Halle (Saale);insg.;132;109;23;0;0;0;6;6;0;6;6;0;25;20;5;25;24;1;68;54;14;8;5;3;76;59;17;2018
217000;Sonstige Raubueberfaelle auf Stra�en, Wegen oder Plaetzen;2000000;Hamburg;insg.;1043;850;193;1;1;0;37;30;7;38;31;7;108;92;16;116;106;10;708;578;130;73;43;30;781;621;160;2018
217000;Sonstige Raubueberfaelle auf Stra�en, Wegen oder Plaetzen;5915000;Hamm;insg.;73;57;16;0;0;0;8;8;0;8;8;0;25;23;2;10;9;1;27;15;12;3;2;1;30;17;13;2018
217000;Sonstige Raubueberfaelle auf Stra�en, Wegen oder Plaetzen;3241001;Hannover;insg.;232;198;34;0;0;0;5;4;1;5;4;1;28;26;2;37;33;4;150;129;21;12;6;6;162;135;27;2018
217000;Sonstige Raubueberfaelle auf Stra�en, Wegen oder Plaetzen;8221000;Heidelberg;insg.;25;21;4;0;0;0;2;2;0;2;2;0;4;3;1;3;2;1;14;13;1;2;1;1;16;14;2;2018
217000;Sonstige Raubueberfaelle auf Stra�en, Wegen oder Plaetzen;8121000;Heilbronn;insg.;13;11;2;0;0;0;1;1;0;1;1;0;1;1;0;0;0;0;9;7;2;2;2;0;11;9;2;2018
217000;Sonstige Raubueberfaelle auf Stra�en, Wegen oder Plaetzen;5916000;Herne;insg.;73;54;19;0;0;0;9;9;0;9;9;0;15;13;2;6;6;0;30;24;6;13;2;11;43;26;17;2018
217000;Sonstige Raubueberfaelle auf Stra�en, Wegen oder Plaetzen;3254021;Hildesheim;insg.;41;40;1;0;0;0;0;0;0;0;0;0;8;8;0;17;17;0;13;13;0;3;2;1;16;15;1;2018
217000;Sonstige Raubueberfaelle auf Stra�en, Wegen oder Plaetzen;9161000;Ingolstadt;insg.;11;8;3;0;0;0;0;0;0;0;0;0;2;2;0;0;0;0;8;6;2;1;0;1;9;6;3;2018
217000;Sonstige Raubueberfaelle auf Stra�en, Wegen oder Plaetzen;16053000;Jena;insg.;1;1;0;0;0;0;0;0;0;0;0;0;0;0;0;0;0;0;1;1;0;0;0;0;1;1;0;2018
217000;Sonstige Raubueberfaelle auf Stra�en, Wegen oder Plaetzen;8212000;Karlsruhe;insg.;70;53;17;0;0;0;1;1;0;1;1;0;8;7;1;13;12;1;45;32;13;3;1;2;48;33;15;2018
217000;Sonstige Raubueberfaelle auf Stra�en, Wegen oder Plaetzen;6611000;Kassel;insg.;88;73;15;1;1;0;1;1;0;2;2;0;5;3;2;10;9;1;64;56;8;7;3;4;71;59;12;2018
217000;Sonstige Raubueberfaelle auf Stra�en, Wegen oder Plaetzen;1002000;Kiel;insg.;116;101;15;0;0;0;4;4;0;4;4;0;22;22;0;20;19;1;63;51;12;7;5;2;70;56;14;2018
217000;Sonstige Raubueberfaelle auf Stra�en, Wegen oder Plaetzen;7111000;Koblenz;insg.;39;31;8;0;0;0;3;3;0;3;3;0;0;0;0;2;2;0;30;23;7;4;3;1;34;26;8;2018
217000;Sonstige Raubueberfaelle auf Stra�en, Wegen oder Plaetzen;5315000;Koeln;insg.;767;645;122;0;0;0;34;29;5;34;29;5;111;103;8;111;96;15;456;382;74;55;35;20;511;417;94;2018
217000;Sonstige Raubueberfaelle auf Stra�en, Wegen oder Plaetzen;5114000;Krefeld;insg.;124;101;23;0;0;0;17;15;2;17;15;2;32;31;1;11;10;1;58;43;15;6;2;4;64;45;19;2018
217000;Sonstige Raubueberfaelle auf Stra�en, Wegen oder Plaetzen;14713000;Leipzig;insg.;287;239;48;0;0;0;8;4;4;8;4;4;44;38;6;49;47;2;170;140;30;16;10;6;186;150;36;2018
217000;Sonstige Raubueberfaelle auf Stra�en, Wegen oder Plaetzen;5316000;Leverkusen;insg.;57;51;6;0;0;0;5;4;1;5;4;1;11;10;1;8;8;0;29;25;4;4;4;0;33;29;4;2018
217000;Sonstige Raubueberfaelle auf Stra�en, Wegen oder Plaetzen;1003000;Luebeck;insg.;80;56;24;0;0;0;2;2;0;2;2;0;8;7;1;3;3;0;61;42;19;6;2;4;67;44;23;2018
217000;Sonstige Raubueberfaelle auf Stra�en, Wegen oder Plaetzen;7314000;Ludwigshafen am Rhein;insg.;106;92;14;0;0;0;11;10;1;11;10;1;30;27;3;15;13;2;43;37;6;7;5;2;50;42;8;2018
217000;Sonstige Raubueberfaelle auf Stra�en, Wegen oder Plaetzen;15003000;Magdeburg;insg.;103;94;9;0;0;0;5;4;1;5;4;1;20;20;0;15;14;1;61;55;6;2;1;1;63;56;7;2018
217000;Sonstige Raubueberfaelle auf Stra�en, Wegen oder Plaetzen;7315000;Mainz;insg.;82;70;12;0;0;0;5;3;2;5;3;2;13;12;1;11;9;2;50;45;5;3;1;2;53;46;7;2018
217000;Sonstige Raubueberfaelle auf Stra�en, Wegen oder Plaetzen;8222000;Mannheim;insg.;103;89;14;0;0;0;3;3;0;3;3;0;10;9;1;12;10;2;71;62;9;7;5;2;78;67;11;2018
217000;Sonstige Raubueberfaelle auf Stra�en, Wegen oder Plaetzen;5170024;Moers;insg.;33;26;7;0;0;0;0;0;0;0;0;0;7;4;3;6;6;0;16;14;2;4;2;2;20;16;4;2018
217000;Sonstige Raubueberfaelle auf Stra�en, Wegen oder Plaetzen;5116000;Moenchengladbach;insg.;97;81;16;0;0;0;8;7;1;8;7;1;28;25;3;11;9;2;42;36;6;8;4;4;50;40;10;2018
217000;Sonstige Raubueberfaelle auf Stra�en, Wegen oder Plaetzen;5117000;Muelheim an der Ruhr;insg.;27;18;9;0;0;0;3;2;1;3;2;1;7;5;2;4;3;1;12;8;4;1;0;1;13;8;5;2018
217000;Sonstige Raubueberfaelle auf Stra�en, Wegen oder Plaetzen;9162000;Muenchen;insg.;157;134;23;0;0;0;5;4;1;5;4;1;15;14;1;20;19;1;94;83;11;23;14;9;117;97;20;2018
217000;Sonstige Raubueberfaelle auf Stra�en, Wegen oder Plaetzen;5515000;Muenster;insg.;120;108;12;0;0;0;3;2;1;3;2;1;16;14;2;15;14;1;83;76;7;3;2;1;86;78;8;2018
217000;Sonstige Raubueberfaelle auf Stra�en, Wegen oder Plaetzen;5162024;Neuss;insg.;72;62;10;0;0;0;3;3;0;3;3;0;12;12;0;15;14;1;39;31;8;3;2;1;42;33;9;2018
217000;Sonstige Raubueberfaelle auf Stra�en, Wegen oder Plaetzen;9564000;Nuernberg;insg.;107;93;14;0;0;0;5;5;0;5;5;0;11;9;2;20;19;1;66;58;8;5;2;3;71;60;11;2018
217000;Sonstige Raubueberfaelle auf Stra�en, Wegen oder Plaetzen;5119000;Oberhausen;insg.;99;78;21;0;0;0;11;10;1;11;10;1;18;17;1;10;9;1;46;34;12;14;8;6;60;42;18;2018
217000;Sonstige Raubueberfaelle auf Stra�en, Wegen oder Plaetzen;6413000;Offenbach am Main;insg.;54;40;14;0;0;0;0;0;0;0;0;0;16;13;3;0;0;0;31;23;8;7;4;3;38;27;11;2018
217000;Sonstige Raubueberfaelle auf Stra�en, Wegen oder Plaetzen;3403000;Oldenburg (Oldenburg);insg.;45;36;9;0;0;0;3;2;1;3;2;1;8;6;2;10;8;2;22;18;4;2;2;0;24;20;4;2018
217000;Sonstige Raubueberfaelle auf Stra�en, Wegen oder Plaetzen;3404000;Osnabrueck;insg.;30;27;3;0;0;0;1;1;0;1;1;0;1;1;0;3;2;1;25;23;2;0;0;0;25;23;2;2018
217000;Sonstige Raubueberfaelle auf Stra�en, Wegen oder Plaetzen;5774032;Paderborn;insg.;46;37;9;0;0;0;2;1;1;2;1;1;7;5;2;17;16;1;17;13;4;3;2;1;20;15;5;2018
217000;Sonstige Raubueberfaelle auf Stra�en, Wegen oder Plaetzen;8231000;Pforzheim;insg.;35;33;2;0;0;0;0;0;0;0;0;0;7;7;0;10;8;2;16;16;0;2;2;0;18;18;0;2018
217000;Sonstige Raubueberfaelle auf Stra�en, Wegen oder Plaetzen;12054000;Potsdam;insg.;45;31;14;0;0;0;4;2;2;4;2;2;10;9;1;6;4;2;24;16;8;1;0;1;25;16;9;2018
217000;Sonstige Raubueberfaelle auf Stra�en, Wegen oder Plaetzen;5562032;Recklinghausen;insg.;45;34;11;0;0;0;2;2;0;2;2;0;3;2;1;6;5;1;28;22;6;6;3;3;34;25;9;2018
217000;Sonstige Raubueberfaelle auf Stra�en, Wegen oder Plaetzen;9362000;Regensburg;insg.;23;20;3;0;0;0;0;0;0;0;0;0;6;6;0;5;5;0;12;9;3;0;0;0;12;9;3;2018
217000;Sonstige Raubueberfaelle auf Stra�en, Wegen oder Plaetzen;5120000;Remscheid;insg.;39;31;8;0;0;0;6;5;1;6;5;1;4;4;0;3;2;1;24;19;5;2;1;1;26;20;6;2018
217000;Sonstige Raubueberfaelle auf Stra�en, Wegen oder Plaetzen;8415061;Reutlingen;insg.;15;12;3;0;0;0;1;1;0;1;1;0;1;0;1;6;4;2;4;4;0;3;3;0;7;7;0;2018
217000;Sonstige Raubueberfaelle auf Stra�en, Wegen oder Plaetzen;13003000;Rostock;insg.;85;78;7;0;0;0;5;5;0;5;5;0;26;25;1;12;12;0;40;36;4;2;0;2;42;36;6;2018
217000;Sonstige Raubueberfaelle auf Stra�en, Wegen oder Plaetzen;10041100;Saarbruecken;insg.;123;103;20;0;0;0;9;9;0;9;9;0;28;25;3;12;10;2;67;55;12;7;4;3;74;59;15;2018
217000;Sonstige Raubueberfaelle auf Stra�en, Wegen oder Plaetzen;3102000;Salzgitter;insg.;8;5;3;0;0;0;1;1;0;1;1;0;0;0;0;0;0;0;6;3;3;1;1;0;7;4;3;2018
217000;Sonstige Raubueberfaelle auf Stra�en, Wegen oder Plaetzen;13004000;Schwerin;insg.;33;30;3;0;0;0;1;1;0;1;1;0;8;7;1;6;5;1;15;14;1;3;3;0;18;17;1;2018
217000;Sonstige Raubueberfaelle auf Stra�en, Wegen oder Plaetzen;5970040;Siegen;insg.;28;20;8;0;0;0;2;2;0;2;2;0;5;3;2;7;5;2;12;10;2;2;0;2;14;10;4;2018
217000;Sonstige Raubueberfaelle auf Stra�en, Wegen oder Plaetzen;5122000;Solingen;insg.;52;43;9;0;0;0;1;1;0;1;1;0;15;14;1;6;6;0;20;16;4;10;6;4;30;22;8;2018
217000;Sonstige Raubueberfaelle auf Stra�en, Wegen oder Plaetzen;8111000;Stuttgart;insg.;226;202;24;0;0;0;9;8;1;9;8;1;33;31;2;26;25;1;148;130;18;10;8;2;158;138;20;2018
217000;Sonstige Raubueberfaelle auf Stra�en, Wegen oder Plaetzen;7211000;Trier;insg.;41;30;11;0;0;0;0;0;0;0;0;0;8;6;2;9;7;2;22;17;5;2;0;2;24;17;7;2018
217000;Sonstige Raubueberfaelle auf Stra�en, Wegen oder Plaetzen;8421000;Ulm;insg.;22;21;1;0;0;0;0;0;0;0;0;0;5;5;0;1;1;0;15;14;1;1;1;0;16;15;1;2018
217000;Sonstige Raubueberfaelle auf Stra�en, Wegen oder Plaetzen;6414000;Wiesbaden;insg.;88;81;7;0;0;0;1;1;0;1;1;0;30;29;1;13;13;0;40;35;5;4;3;1;44;38;6;2018
217000;Sonstige Raubueberfaelle auf Stra�en, Wegen oder Plaetzen;3103000;Wolfsburg;insg.;14;9;5;0;0;0;0;0;0;0;0;0;0;0;0;2;1;1;9;6;3;3;2;1;12;8;4;2018
217000;Sonstige Raubueberfaelle auf Stra�en, Wegen oder Plaetzen;5124000;Wuppertal;insg.;213;167;46;0;0;0;39;31;8;39;31;8;33;27;6;19;15;4;107;86;21;15;8;7;122;94;28;2018
217000;Sonstige Raubueberfaelle auf Stra�en, Wegen oder Plaetzen;9663000;Wuerzburg;insg.;0;0;0;0;0;0;0;0;0;0;0;0;0;0;0;0;0;0;0;0;0;0;0;0;0;0;0;2018
219000;Raubueberfaelle in Wohnungen;5334002;Aachen;insg.;29;13;16;0;0;0;0;0;0;0;0;0;1;0;1;2;2;0;13;7;6;13;4;9;26;11;15;2018
219000;Raubueberfaelle in Wohnungen;9761000;Augsburg;insg.;5;4;1;0;0;0;0;0;0;0;0;0;1;1;0;0;0;0;4;3;1;0;0;0;4;3;1;2018
219000;Raubueberfaelle in Wohnungen;5378004;Bergisch Gladbach;insg.;11;6;5;0;0;0;0;0;0;0;0;0;0;0;0;1;1;0;6;4;2;4;1;3;10;5;5;2018
219000;Raubueberfaelle in Wohnungen;11000000;Berlin;insg.;246;141;105;0;0;0;6;4;2;6;4;2;17;12;5;13;6;7;142;83;59;68;36;32;210;119;91;2018
219000;Raubueberfaelle in Wohnungen;5711000;Bielefeld;insg.;18;9;9;0;0;0;0;0;0;0;0;0;1;1;0;1;1;0;12;6;6;4;1;3;16;7;9;2018
219000;Raubueberfaelle in Wohnungen;5911000;Bochum;insg.;14;8;6;0;0;0;0;0;0;0;0;0;0;0;0;1;1;0;10;6;4;3;1;2;13;7;6;2018
219000;Raubueberfaelle in Wohnungen;5314000;Bonn;insg.;13;4;9;0;0;0;0;0;0;0;0;0;0;0;0;4;1;3;8;3;5;1;0;1;9;3;6;2018
219000;Raubueberfaelle in Wohnungen;5512000;Bottrop;insg.;3;3;0;0;0;0;0;0;0;0;0;0;0;0;0;0;0;0;2;2;0;1;1;0;3;3;0;2018
219000;Raubueberfaelle in Wohnungen;3101000;Braunschweig;insg.;13;10;3;1;1;0;0;0;0;1;1;0;1;1;0;0;0;0;11;8;3;0;0;0;11;8;3;2018
219000;Raubueberfaelle in Wohnungen;4011000;Bremen;insg.;34;16;18;2;1;1;1;0;1;3;1;2;0;0;0;1;1;0;17;6;11;13;8;5;30;14;16;2018
219000;Raubueberfaelle in Wohnungen;4012000;Bremerhaven;insg.;15;10;5;0;0;0;0;0;0;0;0;0;0;0;0;1;1;0;12;9;3;2;0;2;14;9;5;2018
219000;Raubueberfaelle in Wohnungen;14511000;Chemnitz;insg.;9;8;1;0;0;0;0;0;0;0;0;0;0;0;0;2;2;0;6;6;0;1;0;1;7;6;1;2018
219000;Raubueberfaelle in Wohnungen;12052000;Cottbus;insg.;6;4;2;0;0;0;0;0;0;0;0;0;0;0;0;1;1;0;5;3;2;0;0;0;5;3;2;2018
219000;Raubueberfaelle in Wohnungen;6411000;Darmstadt;insg.;9;6;3;0;0;0;0;0;0;0;0;0;0;0;0;0;0;0;4;2;2;5;4;1;9;6;3;2018
219000;Raubueberfaelle in Wohnungen;5913000;Dortmund;insg.;36;22;14;0;0;0;1;1;0;1;1;0;3;2;1;4;4;0;19;10;9;9;5;4;28;15;13;2018
219000;Raubueberfaelle in Wohnungen;14612000;Dresden;insg.;17;12;5;0;0;0;0;0;0;0;0;0;1;1;0;2;1;1;12;9;3;2;1;1;14;10;4;2018
219000;Raubueberfaelle in Wohnungen;5112000;Duisburg;insg.;47;31;16;0;0;0;2;2;0;2;2;0;2;1;1;4;2;2;27;19;8;12;7;5;39;26;13;2018
219000;Raubueberfaelle in Wohnungen;5111000;Duesseldorf;insg.;27;17;10;0;0;0;0;0;0;0;0;0;1;0;1;0;0;0;18;12;6;8;5;3;26;17;9;2018
219000;Raubueberfaelle in Wohnungen;16051000;Erfurt;insg.;5;3;2;0;0;0;0;0;0;0;0;0;2;2;0;0;0;0;3;1;2;0;0;0;3;1;2;2018
219000;Raubueberfaelle in Wohnungen;9562000;Erlangen;insg.;1;1;0;0;0;0;0;0;0;0;0;0;0;0;0;0;0;0;1;1;0;0;0;0;1;1;0;2018
219000;Raubueberfaelle in Wohnungen;5113000;Essen;insg.;41;22;19;0;0;0;2;0;2;2;0;2;1;0;1;1;1;0;24;16;8;13;5;8;37;21;16;2018
219000;Raubueberfaelle in Wohnungen;6412000;Frankfurt am Main;insg.;26;8;18;0;0;0;0;0;0;0;0;0;0;0;0;0;0;0;20;6;14;6;2;4;26;8;18;2018
219000;Raubueberfaelle in Wohnungen;8311000;Freiburg im Breisgau;insg.;9;6;3;0;0;0;0;0;0;0;0;0;1;1;0;1;1;0;5;4;1;2;0;2;7;4;3;2018
219000;Raubueberfaelle in Wohnungen;9563000;Fuerth;insg.;4;2;2;0;0;0;0;0;0;0;0;0;0;0;0;0;0;0;4;2;2;0;0;0;4;2;2;2018
219000;Raubueberfaelle in Wohnungen;5513000;Gelsenkirchen;insg.;22;14;8;0;0;0;2;2;0;2;2;0;1;0;1;3;3;0;9;5;4;7;4;3;16;9;7;2018
219000;Raubueberfaelle in Wohnungen;3159016;Goettingen;insg.;20;17;3;0;0;0;0;0;0;0;0;0;1;1;0;2;1;1;17;15;2;0;0;0;17;15;2;2018
219000;Raubueberfaelle in Wohnungen;5914000;Hagen;insg.;21;14;7;0;0;0;0;0;0;0;0;0;1;1;0;0;0;0;14;10;4;6;3;3;20;13;7;2018
219000;Raubueberfaelle in Wohnungen;15002000;Halle (Saale);insg.;17;12;5;0;0;0;2;1;1;2;1;1;1;0;1;4;3;1;9;7;2;1;1;0;10;8;2;2018
219000;Raubueberfaelle in Wohnungen;2000000;Hamburg;insg.;61;38;23;0;0;0;1;0;1;1;0;1;3;3;0;4;1;3;43;28;15;10;6;4;53;34;19;2018
219000;Raubueberfaelle in Wohnungen;5915000;Hamm;insg.;8;4;4;0;0;0;0;0;0;0;0;0;0;0;0;1;0;1;5;3;2;2;1;1;7;4;3;2018
219000;Raubueberfaelle in Wohnungen;3241001;Hannover;insg.;34;22;12;0;0;0;2;2;0;2;2;0;1;1;0;3;3;0;20;11;9;8;5;3;28;16;12;2018
219000;Raubueberfaelle in Wohnungen;8221000;Heidelberg;insg.;2;2;0;0;0;0;0;0;0;0;0;0;0;0;0;1;1;0;1;1;0;0;0;0;1;1;0;2018
219000;Raubueberfaelle in Wohnungen;8121000;Heilbronn;insg.;3;3;0;0;0;0;0;0;0;0;0;0;0;0;0;0;0;0;2;2;0;1;1;0;3;3;0;2018
219000;Raubueberfaelle in Wohnungen;5916000;Herne;insg.;5;3;2;0;0;0;0;0;0;0;0;0;0;0;0;0;0;0;2;1;1;3;2;1;5;3;2;2018
219000;Raubueberfaelle in Wohnungen;3254021;Hildesheim;insg.;7;6;1;0;0;0;0;0;0;0;0;0;0;0;0;0;0;0;5;5;0;2;1;1;7;6;1;2018
219000;Raubueberfaelle in Wohnungen;9161000;Ingolstadt;insg.;2;0;2;0;0;0;0;0;0;0;0;0;0;0;0;0;0;0;2;0;2;0;0;0;2;0;2;2018
219000;Raubueberfaelle in Wohnungen;16053000;Jena;insg.;2;1;1;0;0;0;0;0;0;0;0;0;0;0;0;0;0;0;2;1;1;0;0;0;2;1;1;2018
219000;Raubueberfaelle in Wohnungen;8212000;Karlsruhe;insg.;3;1;2;0;0;0;0;0;0;0;0;0;0;0;0;0;0;0;3;1;2;0;0;0;3;1;2;2018
219000;Raubueberfaelle in Wohnungen;6611000;Kassel;insg.;14;12;2;0;0;0;1;1;0;1;1;0;0;0;0;4;4;0;7;6;1;2;1;1;9;7;2;2018
219000;Raubueberfaelle in Wohnungen;1002000;Kiel;insg.;27;20;7;0;0;0;0;0;0;0;0;0;1;0;1;2;2;0;20;16;4;4;2;2;24;18;6;2018
219000;Raubueberfaelle in Wohnungen;7111000;Koblenz;insg.;3;0;3;0;0;0;0;0;0;0;0;0;0;0;0;0;0;0;1;0;1;2;0;2;3;0;3;2018
219000;Raubueberfaelle in Wohnungen;5315000;Koeln;insg.;81;45;36;0;0;0;1;0;1;1;0;1;3;1;2;5;3;2;49;28;21;23;13;10;72;41;31;2018
219000;Raubueberfaelle in Wohnungen;5114000;Krefeld;insg.;12;5;7;0;0;0;1;0;1;1;0;1;0;0;0;0;0;0;5;3;2;6;2;4;11;5;6;2018
219000;Raubueberfaelle in Wohnungen;14713000;Leipzig;insg.;30;26;4;0;0;0;0;0;0;0;0;0;3;3;0;2;2;0;21;19;2;4;2;2;25;21;4;2018
219000;Raubueberfaelle in Wohnungen;5316000;Leverkusen;insg.;3;1;2;0;0;0;0;0;0;0;0;0;0;0;0;1;1;0;2;0;2;0;0;0;2;0;2;2018
219000;Raubueberfaelle in Wohnungen;1003000;Luebeck;insg.;17;13;4;0;0;0;0;0;0;0;0;0;1;1;0;2;2;0;14;10;4;0;0;0;14;10;4;2018
219000;Raubueberfaelle in Wohnungen;7314000;Ludwigshafen am Rhein;insg.;7;4;3;0;0;0;0;0;0;0;0;0;1;1;0;0;0;0;6;3;3;0;0;0;6;3;3;2018
219000;Raubueberfaelle in Wohnungen;15003000;Magdeburg;insg.;13;8;5;0;0;0;0;0;0;0;0;0;0;0;0;2;1;1;10;7;3;1;0;1;11;7;4;2018
219000;Raubueberfaelle in Wohnungen;7315000;Mainz;insg.;4;3;1;0;0;0;0;0;0;0;0;0;0;0;0;0;0;0;2;1;1;2;2;0;4;3;1;2018
219000;Raubueberfaelle in Wohnungen;8222000;Mannheim;insg.;3;1;2;0;0;0;0;0;0;0;0;0;0;0;0;0;0;0;2;1;1;1;0;1;3;1;2;2018
219000;Raubueberfaelle in Wohnungen;5170024;Moers;insg.;5;0;5;0;0;0;0;0;0;0;0;0;0;0;0;0;0;0;3;0;3;2;0;2;5;0;5;2018
219000;Raubueberfaelle in Wohnungen;5116000;Moenchengladbach;insg.;21;15;6;0;0;0;0;0;0;0;0;0;2;1;1;2;2;0;12;8;4;5;4;1;17;12;5;2018
219000;Raubueberfaelle in Wohnungen;5117000;Muelheim an der Ruhr;insg.;7;2;5;0;0;0;0;0;0;0;0;0;0;0;0;0;0;0;1;0;1;6;2;4;7;2;5;2018
219000;Raubueberfaelle in Wohnungen;9162000;Muenchen;insg.;31;22;9;0;0;0;1;0;1;1;0;1;1;1;0;1;1;0;16;12;4;12;8;4;28;20;8;2018
219000;Raubueberfaelle in Wohnungen;5515000;Muenster;insg.;5;4;1;0;0;0;0;0;0;0;0;0;0;0;0;0;0;0;4;3;1;1;1;0;5;4;1;2018
219000;Raubueberfaelle in Wohnungen;5162024;Neuss;insg.;8;5;3;0;0;0;0;0;0;0;0;0;0;0;0;1;1;0;5;4;1;2;0;2;7;4;3;2018
219000;Raubueberfaelle in Wohnungen;9564000;Nuernberg;insg.;25;15;10;0;0;0;1;1;0;1;1;0;3;2;1;1;0;1;11;6;5;9;6;3;20;12;8;2018
219000;Raubueberfaelle in Wohnungen;5119000;Oberhausen;insg.;14;7;7;0;0;0;0;0;0;0;0;0;0;0;0;1;1;0;10;6;4;3;0;3;13;6;7;2018
219000;Raubueberfaelle in Wohnungen;6413000;Offenbach am Main;insg.;5;2;3;0;0;0;0;0;0;0;0;0;0;0;0;0;0;0;4;1;3;1;1;0;5;2;3;2018
219000;Raubueberfaelle in Wohnungen;3403000;Oldenburg (Oldenburg);insg.;9;7;2;0;0;0;0;0;0;0;0;0;0;0;0;1;1;0;5;4;1;3;2;1;8;6;2;2018
219000;Raubueberfaelle in Wohnungen;3404000;Osnabrueck;insg.;7;5;2;0;0;0;0;0;0;0;0;0;0;0;0;0;0;0;5;4;1;2;1;1;7;5;2;2018
219000;Raubueberfaelle in Wohnungen;5774032;Paderborn;insg.;1;1;0;0;0;0;0;0;0;0;0;0;0;0;0;0;0;0;1;1;0;0;0;0;1;1;0;2018
219000;Raubueberfaelle in Wohnungen;8231000;Pforzheim;insg.;3;1;2;0;0;0;0;0;0;0;0;0;0;0;0;1;1;0;2;0;2;0;0;0;2;0;2;2018
219000;Raubueberfaelle in Wohnungen;12054000;Potsdam;insg.;13;8;5;0;0;0;0;0;0;0;0;0;0;0;0;5;5;0;5;3;2;3;0;3;8;3;5;2018
219000;Raubueberfaelle in Wohnungen;5562032;Recklinghausen;insg.;4;4;0;0;0;0;0;0;0;0;0;0;0;0;0;0;0;0;3;3;0;1;1;0;4;4;0;2018
219000;Raubueberfaelle in Wohnungen;9362000;Regensburg;insg.;6;6;0;0;0;0;0;0;0;0;0;0;0;0;0;0;0;0;6;6;0;0;0;0;6;6;0;2018
219000;Raubueberfaelle in Wohnungen;5120000;Remscheid;insg.;7;4;3;0;0;0;2;2;0;2;2;0;1;1;0;0;0;0;4;1;3;0;0;0;4;1;3;2018
219000;Raubueberfaelle in Wohnungen;8415061;Reutlingen;insg.;3;1;2;0;0;0;0;0;0;0;0;0;0;0;0;0;0;0;3;1;2;0;0;0;3;1;2;2018
219000;Raubueberfaelle in Wohnungen;13003000;Rostock;insg.;12;9;3;0;0;0;1;1;0;1;1;0;6;5;1;2;2;0;3;1;2;0;0;0;3;1;2;2018
219000;Raubueberfaelle in Wohnungen;10041100;Saarbruecken;insg.;11;5;6;0;0;0;1;1;0;1;1;0;0;0;0;3;3;0;4;1;3;3;0;3;7;1;6;2018
219000;Raubueberfaelle in Wohnungen;3102000;Salzgitter;insg.;4;2;2;0;0;0;0;0;0;0;0;0;0;0;0;1;0;1;3;2;1;0;0;0;3;2;1;2018
219000;Raubueberfaelle in Wohnungen;13004000;Schwerin;insg.;6;2;4;0;0;0;0;0;0;0;0;0;2;1;1;2;0;2;2;1;1;0;0;0;2;1;1;2018
219000;Raubueberfaelle in Wohnungen;5970040;Siegen;insg.;5;3;2;0;0;0;0;0;0;0;0;0;0;0;0;0;0;0;5;3;2;0;0;0;5;3;2;2018
219000;Raubueberfaelle in Wohnungen;5122000;Solingen;insg.;5;5;0;0;0;0;0;0;0;0;0;0;0;0;0;0;0;0;4;4;0;1;1;0;5;5;0;2018
219000;Raubueberfaelle in Wohnungen;8111000;Stuttgart;insg.;22;18;4;0;0;0;0;0;0;0;0;0;0;0;0;0;0;0;17;13;4;5;5;0;22;18;4;2018
219000;Raubueberfaelle in Wohnungen;7211000;Trier;insg.;8;7;1;0;0;0;0;0;0;0;0;0;0;0;0;1;1;0;6;5;1;1;1;0;7;6;1;2018
219000;Raubueberfaelle in Wohnungen;8421000;Ulm;insg.;1;1;0;0;0;0;0;0;0;0;0;0;0;0;0;0;0;0;1;1;0;0;0;0;1;1;0;2018
219000;Raubueberfaelle in Wohnungen;6414000;Wiesbaden;insg.;13;6;7;0;0;0;0;0;0;0;0;0;1;1;0;1;0;1;8;4;4;3;1;2;11;5;6;2018
219000;Raubueberfaelle in Wohnungen;3103000;Wolfsburg;insg.;3;3;0;0;0;0;0;0;0;0;0;0;0;0;0;0;0;0;2;2;0;1;1;0;3;3;0;2018
219000;Raubueberfaelle in Wohnungen;5124000;Wuppertal;insg.;16;11;5;1;0;1;0;0;0;1;0;1;2;2;0;1;1;0;11;8;3;1;0;1;12;8;4;2018
219000;Raubueberfaelle in Wohnungen;9663000;Wuerzburg;insg.;2;2;0;0;0;0;0;0;0;0;0;0;0;0;0;0;0;0;2;2;0;0;0;0;2;2;0;2018
222000;Gefaehrliche und schwere Koerperverletzung, Verstuemmelung weiblicher Genitalien;5334002;Aachen;insg.;814;569;245;1;0;1;30;18;12;31;18;13;87;58;29;118;90;28;550;382;168;28;21;7;578;403;175;2018
222000;Gefaehrliche und schwere Koerperverletzung, Verstuemmelung weiblicher Genitalien;9761000;Augsburg;insg.;873;650;223;3;1;2;28;18;10;31;19;12;61;40;21;112;85;27;642;488;154;27;18;9;669;506;163;2018
222000;Gefaehrliche und schwere Koerperverletzung, Verstuemmelung weiblicher Genitalien;5378004;Bergisch Gladbach;insg.;196;137;59;0;0;0;8;3;5;8;3;5;32;25;7;32;26;6;110;74;36;14;9;5;124;83;41;2018
222000;Gefaehrliche und schwere Koerperverletzung, Verstuemmelung weiblicher Genitalien;11000000;Berlin;insg.;13355;10051;3304;95;60;35;589;411;178;684;471;213;1135;818;317;1153;892;261;9852;7528;2324;531;342;189;10383;7870;2513;2018
222000;Gefaehrliche und schwere Koerperverletzung, Verstuemmelung weiblicher Genitalien;5711000;Bielefeld;insg.;687;481;206;1;1;0;21;14;7;22;15;7;55;40;15;74;46;28;507;361;146;29;19;10;536;380;156;2018
222000;Gefaehrliche und schwere Koerperverletzung, Verstuemmelung weiblicher Genitalien;5911000;Bochum;insg.;1231;875;356;3;2;1;91;55;36;94;57;37;129;98;31;131;96;35;828;593;235;49;31;18;877;624;253;2018
222000;Gefaehrliche und schwere Koerperverletzung, Verstuemmelung weiblicher Genitalien;5314000;Bonn;insg.;898;633;265;4;3;1;27;17;10;31;20;11;80;51;29;88;66;22;667;474;193;32;22;10;699;496;203;2018
222000;Gefaehrliche und schwere Koerperverletzung, Verstuemmelung weiblicher Genitalien;5512000;Bottrop;insg.;247;179;68;0;0;0;8;3;5;8;3;5;28;19;9;38;28;10;163;122;41;10;7;3;173;129;44;2018
222000;Gefaehrliche und schwere Koerperverletzung, Verstuemmelung weiblicher Genitalien;3101000;Braunschweig;insg.;716;532;184;5;2;3;28;21;7;33;23;10;62;44;18;98;78;20;500;369;131;23;18;5;523;387;136;2018
222000;Gefaehrliche und schwere Koerperverletzung, Verstuemmelung weiblicher Genitalien;4011000;Bremen;insg.;1849;1445;404;3;2;1;49;32;17;52;34;18;151;120;31;320;265;55;1257;973;284;69;53;16;1326;1026;300;2018
222000;Gefaehrliche und schwere Koerperverletzung, Verstuemmelung weiblicher Genitalien;4012000;Bremerhaven;insg.;431;328;103;3;2;1;12;9;3;15;11;4;34;26;8;55;40;15;312;242;70;15;9;6;327;251;76;2018
222000;Gefaehrliche und schwere Koerperverletzung, Verstuemmelung weiblicher Genitalien;14511000;Chemnitz;insg.;605;462;143;2;1;1;16;9;7;18;10;8;67;47;20;79;63;16;409;322;87;32;20;12;441;342;99;2018
222000;Gefaehrliche und schwere Koerperverletzung, Verstuemmelung weiblicher Genitalien;12052000;Cottbus;insg.;337;241;96;4;3;1;11;9;2;15;12;3;41;28;13;49;37;12;217;153;64;15;11;4;232;164;68;2018
222000;Gefaehrliche und schwere Koerperverletzung, Verstuemmelung weiblicher Genitalien;6411000;Darmstadt;insg.;402;301;101;4;2;2;25;17;8;29;19;10;30;21;9;50;41;9;282;212;70;11;8;3;293;220;73;2018
222000;Gefaehrliche und schwere Koerperverletzung, Verstuemmelung weiblicher Genitalien;5913000;Dortmund;insg.;2497;1786;711;4;2;2;122;81;41;126;83;43;245;147;98;325;217;108;1700;1269;431;101;70;31;1801;1339;462;2018
222000;Gefaehrliche und schwere Koerperverletzung, Verstuemmelung weiblicher Genitalien;14612000;Dresden;insg.;1445;1190;255;7;5;2;52;41;11;59;46;13;114;82;32;183;151;32;1052;889;163;37;22;15;1089;911;178;2018
222000;Gefaehrliche und schwere Koerperverletzung, Verstuemmelung weiblicher Genitalien;5112000;Duisburg;insg.;1518;1062;456;10;3;7;87;65;22;97;68;29;121;87;34;138;88;50;1101;781;320;61;38;23;1162;819;343;2018
222000;Gefaehrliche und schwere Koerperverletzung, Verstuemmelung weiblicher Genitalien;5111000;Duesseldorf;insg.;2165;1697;468;6;6;0;51;36;15;57;42;15;145;106;39;250;194;56;1645;1308;337;68;47;21;1713;1355;358;2018
222000;Gefaehrliche und schwere Koerperverletzung, Verstuemmelung weiblicher Genitalien;16051000;Erfurt;insg.;617;473;144;2;2;0;22;11;11;24;13;11;43;37;6;71;51;20;454;358;96;25;14;11;479;372;107;2018
222000;Gefaehrliche und schwere Koerperverletzung, Verstuemmelung weiblicher Genitalien;9562000;Erlangen;insg.;169;127;42;0;0;0;6;3;3;6;3;3;15;10;5;27;24;3;118;88;30;3;2;1;121;90;31;2018
222000;Gefaehrliche und schwere Koerperverletzung, Verstuemmelung weiblicher Genitalien;5113000;Essen;insg.;1322;883;439;2;2;0;53;35;18;55;37;18;96;63;33;150;101;49;957;646;311;64;36;28;1021;682;339;2018
222000;Gefaehrliche und schwere Koerperverletzung, Verstuemmelung weiblicher Genitalien;6412000;Frankfurt am Main;insg.;2770;2068;702;30;23;7;55;35;20;85;58;27;125;80;45;266;201;65;2179;1654;525;115;75;40;2294;1729;565;2018
222000;Gefaehrliche und schwere Koerperverletzung, Verstuemmelung weiblicher Genitalien;8311000;Freiburg im Breisgau;insg.;765;631;134;25;23;2;18;10;8;43;33;10;46;36;10;92;83;9;568;468;100;16;11;5;584;479;105;2018
222000;Gefaehrliche und schwere Koerperverletzung, Verstuemmelung weiblicher Genitalien;9563000;Fuerth;insg.;175;122;53;1;1;0;7;4;3;8;5;3;20;10;10;18;13;5;120;87;33;9;7;2;129;94;35;2018
222000;Gefaehrliche und schwere Koerperverletzung, Verstuemmelung weiblicher Genitalien;5513000;Gelsenkirchen;insg.;769;558;211;4;3;1;52;37;15;56;40;16;94;68;26;59;50;9;531;379;152;29;21;8;560;400;160;2018
222000;Gefaehrliche und schwere Koerperverletzung, Verstuemmelung weiblicher Genitalien;3159016;Goettingen;insg.;397;324;73;0;0;0;14;11;3;14;11;3;26;16;10;51;43;8;294;244;50;12;10;2;306;254;52;2018
222000;Gefaehrliche und schwere Koerperverletzung, Verstuemmelung weiblicher Genitalien;5914000;Hagen;insg.;438;316;122;3;2;1;22;15;7;25;17;8;53;29;24;47;39;8;293;216;77;20;15;5;313;231;82;2018
222000;Gefaehrliche und schwere Koerperverletzung, Verstuemmelung weiblicher Genitalien;15002000;Halle (Saale);insg.;1039;804;235;6;5;1;51;32;19;57;37;20;104;77;27;151;120;31;699;554;145;28;16;12;727;570;157;2018
222000;Gefaehrliche und schwere Koerperverletzung, Verstuemmelung weiblicher Genitalien;2000000;Hamburg;insg.;6335;4832;1503;25;19;6;303;223;80;328;242;86;523;366;157;668;510;158;4577;3540;1037;239;174;65;4816;3714;1102;2018
222000;Gefaehrliche und schwere Koerperverletzung, Verstuemmelung weiblicher Genitalien;5915000;Hamm;insg.;478;334;144;2;2;0;19;13;6;21;15;6;55;40;15;61;39;22;322;228;94;19;12;7;341;240;101;2018
222000;Gefaehrliche und schwere Koerperverletzung, Verstuemmelung weiblicher Genitalien;3241001;Hannover;insg.;2175;1698;477;8;4;4;63;36;27;71;40;31;178;136;42;280;224;56;1592;1264;328;54;34;20;1646;1298;348;2018
222000;Gefaehrliche und schwere Koerperverletzung, Verstuemmelung weiblicher Genitalien;8221000;Heidelberg;insg.;548;422;126;4;3;1;12;10;2;16;13;3;41;22;19;89;73;16;380;299;81;22;15;7;402;314;88;2018
222000;Gefaehrliche und schwere Koerperverletzung, Verstuemmelung weiblicher Genitalien;8121000;Heilbronn;insg.;345;240;105;1;0;1;6;3;3;7;3;4;13;8;5;45;38;7;266;182;84;14;9;5;280;191;89;2018
222000;Gefaehrliche und schwere Koerperverletzung, Verstuemmelung weiblicher Genitalien;5916000;Herne;insg.;421;289;132;2;0;2;18;12;6;20;12;8;51;36;15;47;34;13;292;200;92;11;7;4;303;207;96;2018
222000;Gefaehrliche und schwere Koerperverletzung, Verstuemmelung weiblicher Genitalien;3254021;Hildesheim;insg.;335;235;100;2;1;1;12;9;3;14;10;4;21;17;4;36;25;11;246;173;73;18;10;8;264;183;81;2018
222000;Gefaehrliche und schwere Koerperverletzung, Verstuemmelung weiblicher Genitalien;9161000;Ingolstadt;insg.;410;335;75;1;1;0;7;5;2;8;6;2;24;19;5;49;43;6;319;262;57;10;5;5;329;267;62;2018
222000;Gefaehrliche und schwere Koerperverletzung, Verstuemmelung weiblicher Genitalien;16053000;Jena;insg.;250;207;43;0;0;0;9;8;1;9;8;1;20;14;6;31;26;5;183;153;30;7;6;1;190;159;31;2018
222000;Gefaehrliche und schwere Koerperverletzung, Verstuemmelung weiblicher Genitalien;8212000;Karlsruhe;insg.;735;555;180;6;5;1;18;11;7;24;16;8;48;37;11;92;72;20;550;414;136;21;16;5;571;430;141;2018
222000;Gefaehrliche und schwere Koerperverletzung, Verstuemmelung weiblicher Genitalien;6611000;Kassel;insg.;667;476;191;6;5;1;26;20;6;32;25;7;40;26;14;85;67;18;488;344;144;22;14;8;510;358;152;2018
222000;Gefaehrliche und schwere Koerperverletzung, Verstuemmelung weiblicher Genitalien;1002000;Kiel;insg.;808;629;179;1;1;0;26;15;11;27;16;11;73;52;21;103;78;25;582;470;112;23;13;10;605;483;122;2018
222000;Gefaehrliche und schwere Koerperverletzung, Verstuemmelung weiblicher Genitalien;7111000;Koblenz;insg.;433;346;87;3;2;1;11;6;5;14;8;6;42;33;9;60;48;12;304;245;59;13;12;1;317;257;60;2018
222000;Gefaehrliche und schwere Koerperverletzung, Verstuemmelung weiblicher Genitalien;5315000;Koeln;insg.;5008;3558;1450;21;9;12;198;120;78;219;129;90;433;285;148;525;389;136;3633;2612;1021;198;143;55;3831;2755;1076;2018
222000;Gefaehrliche und schwere Koerperverletzung, Verstuemmelung weiblicher Genitalien;5114000;Krefeld;insg.;547;372;175;1;1;0;27;20;7;28;21;7;70;48;22;61;42;19;362;244;118;26;17;9;388;261;127;2018
222000;Gefaehrliche und schwere Koerperverletzung, Verstuemmelung weiblicher Genitalien;14713000;Leipzig;insg.;1628;1206;422;14;10;4;71;44;27;85;54;31;143;94;49;185;148;37;1169;882;287;46;28;18;1215;910;305;2018
222000;Gefaehrliche und schwere Koerperverletzung, Verstuemmelung weiblicher Genitalien;5316000;Leverkusen;insg.;594;386;208;6;2;4;26;12;14;32;14;18;70;51;19;55;38;17;403;260;143;34;23;11;437;283;154;2018
222000;Gefaehrliche und schwere Koerperverletzung, Verstuemmelung weiblicher Genitalien;1003000;Luebeck;insg.;835;644;191;4;4;0;29;20;9;33;24;9;69;54;15;106;88;18;591;452;139;36;26;10;627;478;149;2018
222000;Gefaehrliche und schwere Koerperverletzung, Verstuemmelung weiblicher Genitalien;7314000;Ludwigshafen am Rhein;insg.;709;502;207;4;1;3;50;35;15;54;36;18;82;54;28;85;71;14;466;329;137;22;12;10;488;341;147;2018
222000;Gefaehrliche und schwere Koerperverletzung, Verstuemmelung weiblicher Genitalien;15003000;Magdeburg;insg.;787;583;204;5;5;0;41;25;16;46;30;16;94;65;29;84;70;14;536;402;134;27;16;11;563;418;145;2018
222000;Gefaehrliche und schwere Koerperverletzung, Verstuemmelung weiblicher Genitalien;7315000;Mainz;insg.;746;575;171;5;3;2;15;12;3;20;15;5;65;42;23;119;96;23;521;407;114;21;15;6;542;422;120;2018
222000;Gefaehrliche und schwere Koerperverletzung, Verstuemmelung weiblicher Genitalien;8222000;Mannheim;insg.;1127;809;318;8;6;2;43;26;17;51;32;19;89;61;28;129;90;39;814;599;215;44;27;17;858;626;232;2018
222000;Gefaehrliche und schwere Koerperverletzung, Verstuemmelung weiblicher Genitalien;5170024;Moers;insg.;239;170;69;1;1;0;9;7;2;10;8;2;31;17;14;32;25;7;147;106;41;19;14;5;166;120;46;2018
222000;Gefaehrliche und schwere Koerperverletzung, Verstuemmelung weiblicher Genitalien;5116000;Moenchengladbach;insg.;633;425;208;3;1;2;23;18;5;26;19;7;68;45;23;66;44;22;442;295;147;31;22;9;473;317;156;2018
222000;Gefaehrliche und schwere Koerperverletzung, Verstuemmelung weiblicher Genitalien;5117000;Muelheim an der Ruhr;insg.;335;198;137;2;0;2;21;15;6;23;15;8;28;20;8;36;22;14;225;128;97;23;13;10;248;141;107;2018
222000;Gefaehrliche und schwere Koerperverletzung, Verstuemmelung weiblicher Genitalien;9162000;Muenchen;insg.;3486;2688;798;15;6;9;105;68;37;120;74;46;209;164;45;426;340;86;2597;2028;569;134;82;52;2731;2110;621;2018
222000;Gefaehrliche und schwere Koerperverletzung, Verstuemmelung weiblicher Genitalien;5515000;Muenster;insg.;695;515;180;1;0;1;20;11;9;21;11;10;87;66;21;98;74;24;473;352;121;16;12;4;489;364;125;2018
222000;Gefaehrliche und schwere Koerperverletzung, Verstuemmelung weiblicher Genitalien;5162024;Neuss;insg.;390;276;114;2;2;0;19;8;11;21;10;11;48;32;16;35;23;12;277;204;73;9;7;2;286;211;75;2018
222000;Gefaehrliche und schwere Koerperverletzung, Verstuemmelung weiblicher Genitalien;9564000;Nuernberg;insg.;1571;1189;382;14;6;8;79;39;40;93;45;48;119;85;34;183;148;35;1118;869;249;58;42;16;1176;911;265;2018
222000;Gefaehrliche und schwere Koerperverletzung, Verstuemmelung weiblicher Genitalien;5119000;Oberhausen;insg.;471;341;130;2;1;1;16;15;1;18;16;2;63;47;16;53;40;13;326;229;97;11;9;2;337;238;99;2018
222000;Gefaehrliche und schwere Koerperverletzung, Verstuemmelung weiblicher Genitalien;6413000;Offenbach am Main;insg.;382;259;123;1;1;0;12;4;8;13;5;8;36;24;12;25;15;10;296;205;91;12;10;2;308;215;93;2018
222000;Gefaehrliche und schwere Koerperverletzung, Verstuemmelung weiblicher Genitalien;3403000;Oldenburg (Oldenburg);insg.;413;313;100;0;0;0;7;5;2;7;5;2;37;26;11;67;51;16;288;221;67;14;10;4;302;231;71;2018
222000;Gefaehrliche und schwere Koerperverletzung, Verstuemmelung weiblicher Genitalien;3404000;Osnabrueck;insg.;773;597;176;4;2;2;17;12;5;21;14;7;61;43;18;110;82;28;557;440;117;24;18;6;581;458;123;2018
222000;Gefaehrliche und schwere Koerperverletzung, Verstuemmelung weiblicher Genitalien;5774032;Paderborn;insg.;361;272;89;2;0;2;8;7;1;10;7;3;24;13;11;52;43;9;264;205;59;11;4;7;275;209;66;2018
222000;Gefaehrliche und schwere Koerperverletzung, Verstuemmelung weiblicher Genitalien;8231000;Pforzheim;insg.;386;300;86;7;2;5;14;10;4;21;12;9;27;18;9;51;45;6;268;214;54;19;11;8;287;225;62;2018
222000;Gefaehrliche und schwere Koerperverletzung, Verstuemmelung weiblicher Genitalien;12054000;Potsdam;insg.;325;244;81;4;4;0;21;14;7;25;18;7;34;19;15;46;38;8;210;163;47;10;6;4;220;169;51;2018
222000;Gefaehrliche und schwere Koerperverletzung, Verstuemmelung weiblicher Genitalien;5562032;Recklinghausen;insg.;413;303;110;0;0;0;10;9;1;10;9;1;44;28;16;53;45;8;285;206;79;21;15;6;306;221;85;2018
222000;Gefaehrliche und schwere Koerperverletzung, Verstuemmelung weiblicher Genitalien;9362000;Regensburg;insg.;428;349;79;2;1;1;13;10;3;15;11;4;25;23;2;53;47;6;326;264;62;9;4;5;335;268;67;2018
222000;Gefaehrliche und schwere Koerperverletzung, Verstuemmelung weiblicher Genitalien;5120000;Remscheid;insg.;255;180;75;3;2;1;24;17;7;27;19;8;32;26;6;32;19;13;157;111;46;7;5;2;164;116;48;2018
222000;Gefaehrliche und schwere Koerperverletzung, Verstuemmelung weiblicher Genitalien;8415061;Reutlingen;insg.;299;229;70;2;2;0;10;7;3;12;9;3;24;19;5;61;55;6;198;143;55;4;3;1;202;146;56;2018
222000;Gefaehrliche und schwere Koerperverletzung, Verstuemmelung weiblicher Genitalien;13003000;Rostock;insg.;594;464;130;4;4;0;41;28;13;45;32;13;76;56;20;70;60;10;386;305;81;17;11;6;403;316;87;2018
222000;Gefaehrliche und schwere Koerperverletzung, Verstuemmelung weiblicher Genitalien;10041100;Saarbruecken;insg.;897;663;234;8;5;3;43;27;16;51;32;19;86;66;20;132;101;31;590;439;151;38;25;13;628;464;164;2018
222000;Gefaehrliche und schwere Koerperverletzung, Verstuemmelung weiblicher Genitalien;3102000;Salzgitter;insg.;269;195;74;2;1;1;17;12;5;19;13;6;43;32;11;37;26;11;160;118;42;10;6;4;170;124;46;2018
222000;Gefaehrliche und schwere Koerperverletzung, Verstuemmelung weiblicher Genitalien;13004000;Schwerin;insg.;344;273;71;1;1;0;28;21;7;29;22;7;47;39;8;52;42;10;207;167;40;9;3;6;216;170;46;2018
222000;Gefaehrliche und schwere Koerperverletzung, Verstuemmelung weiblicher Genitalien;5970040;Siegen;insg.;271;220;51;0;0;0;10;5;5;10;5;5;22;19;3;28;24;4;206;167;39;5;5;0;211;172;39;2018
222000;Gefaehrliche und schwere Koerperverletzung, Verstuemmelung weiblicher Genitalien;5122000;Solingen;insg.;316;207;109;1;1;0;11;10;1;12;11;1;33;21;12;27;17;10;233;152;81;11;6;5;244;158;86;2018
222000;Gefaehrliche und schwere Koerperverletzung, Verstuemmelung weiblicher Genitalien;8111000;Stuttgart;insg.;2363;1909;454;20;17;3;57;35;22;77;52;25;152;108;44;302;256;46;1779;1452;327;53;41;12;1832;1493;339;2018
222000;Gefaehrliche und schwere Koerperverletzung, Verstuemmelung weiblicher Genitalien;7211000;Trier;insg.;320;233;87;1;1;0;7;4;3;8;5;3;31;22;9;57;41;16;216;160;56;8;5;3;224;165;59;2018
222000;Gefaehrliche und schwere Koerperverletzung, Verstuemmelung weiblicher Genitalien;8421000;Ulm;insg.;332;265;67;3;3;0;10;7;3;13;10;3;16;13;3;56;51;5;232;184;48;15;7;8;247;191;56;2018
222000;Gefaehrliche und schwere Koerperverletzung, Verstuemmelung weiblicher Genitalien;6414000;Wiesbaden;insg.;942;639;303;4;1;3;38;22;16;42;23;19;113;76;37;105;83;22;637;430;207;45;27;18;682;457;225;2018
222000;Gefaehrliche und schwere Koerperverletzung, Verstuemmelung weiblicher Genitalien;3103000;Wolfsburg;insg.;264;215;49;0;0;0;12;8;4;12;8;4;19;17;2;27;23;4;200;165;35;6;2;4;206;167;39;2018
222000;Gefaehrliche und schwere Koerperverletzung, Verstuemmelung weiblicher Genitalien;5124000;Wuppertal;insg.;1081;777;304;4;3;1;57;34;23;61;37;24;102;73;29;154;119;35;736;527;209;28;21;7;764;548;216;2018
222000;Gefaehrliche und schwere Koerperverletzung, Verstuemmelung weiblicher Genitalien;9663000;Wuerzburg;insg.;363;294;69;1;1;0;8;6;2;9;7;2;41;37;4;65;55;10;233;185;48;15;10;5;248;195;53;2018
224000;Vorsaetzliche einfache Koerperverletzung;5334002;Aachen;insg.;1591;920;671;5;3;2;57;42;15;62;45;17;114;54;60;158;90;68;1168;676;492;89;55;34;1257;731;526;2018
224000;Vorsaetzliche einfache Koerperverletzung;9761000;Augsburg;insg.;2486;1631;855;15;9;6;114;82;32;129;91;38;189;112;77;251;177;74;1794;1180;614;123;71;52;1917;1251;666;2018
224000;Vorsaetzliche einfache Koerperverletzung;5378004;Bergisch Gladbach;insg.;540;275;265;2;0;2;24;12;12;26;12;14;59;34;25;34;19;15;374;182;192;47;28;19;421;210;211;2018
224000;Vorsaetzliche einfache Koerperverletzung;11000000;Berlin;insg.;32225;19220;13005;244;135;109;1758;1196;562;2002;1331;671;2154;1216;938;2100;1206;894;24159;14415;9744;1810;1052;758;25969;15467;10502;2018
224000;Vorsaetzliche einfache Koerperverletzung;5711000;Bielefeld;insg.;1870;1004;866;8;8;0;67;46;21;75;54;21;152;86;66;198;123;75;1344;692;652;101;49;52;1445;741;704;2018
224000;Vorsaetzliche einfache Koerperverletzung;5911000;Bochum;insg.;2797;1625;1172;19;12;7;135;85;50;154;97;57;190;101;89;280;169;111;2013;1163;850;160;95;65;2173;1258;915;2018
224000;Vorsaetzliche einfache Koerperverletzung;5314000;Bonn;insg.;2151;1230;921;14;7;7;87;62;25;101;69;32;174;106;68;203;119;84;1562;868;694;111;68;43;1673;936;737;2018
224000;Vorsaetzliche einfache Koerperverletzung;5512000;Bottrop;insg.;516;275;241;1;1;0;34;18;16;35;19;16;40;26;14;42;24;18;370;190;180;29;16;13;399;206;193;2018
224000;Vorsaetzliche einfache Koerperverletzung;3101000;Braunschweig;insg.;1773;1114;659;8;7;1;82;57;25;90;64;26;131;85;46;221;157;64;1244;767;477;87;41;46;1331;808;523;2018
224000;Vorsaetzliche einfache Koerperverletzung;4011000;Bremen;insg.;3752;2191;1561;20;8;12;153;107;46;173;115;58;264;164;100;425;258;167;2703;1557;1146;187;97;90;2890;1654;1236;2018
224000;Vorsaetzliche einfache Koerperverletzung;4012000;Bremerhaven;insg.;948;535;413;4;3;1;59;37;22;63;40;23;89;60;29;93;37;56;667;379;288;36;19;17;703;398;305;2018
224000;Vorsaetzliche einfache Koerperverletzung;14511000;Chemnitz;insg.;1092;632;460;8;4;4;73;51;22;81;55;26;100;57;43;101;58;43;742;426;316;68;36;32;810;462;348;2018
224000;Vorsaetzliche einfache Koerperverletzung;12052000;Cottbus;insg.;724;426;298;3;2;1;74;47;27;77;49;28;65;39;26;56;33;23;487;278;209;39;27;12;526;305;221;2018
224000;Vorsaetzliche einfache Koerperverletzung;6411000;Darmstadt;insg.;583;298;285;0;0;0;21;15;6;21;15;6;35;23;12;48;25;23;450;217;233;29;18;11;479;235;244;2018
224000;Vorsaetzliche einfache Koerperverletzung;5913000;Dortmund;insg.;4913;2836;2077;35;18;17;221;142;79;256;160;96;357;201;156;473;281;192;3555;2038;1517;272;156;116;3827;2194;1633;2018
224000;Vorsaetzliche einfache Koerperverletzung;14612000;Dresden;insg.;2527;1636;891;23;7;16;142;96;46;165;103;62;198;119;79;210;144;66;1816;1198;618;138;72;66;1954;1270;684;2018
224000;Vorsaetzliche einfache Koerperverletzung;5112000;Duisburg;insg.;3214;1647;1567;33;21;12;186;133;53;219;154;65;249;137;112;276;126;150;2256;1107;1149;214;123;91;2470;1230;1240;2018
224000;Vorsaetzliche einfache Koerperverletzung;5111000;Duesseldorf;insg.;4227;2683;1544;20;11;9;142;91;51;162;102;60;304;173;131;463;322;141;3110;1966;1144;188;120;68;3298;2086;1212;2018
224000;Vorsaetzliche einfache Koerperverletzung;16051000;Erfurt;insg.;2063;1307;756;12;7;5;144;81;63;156;88;68;147;90;57;207;134;73;1450;936;514;103;59;44;1553;995;558;2018
224000;Vorsaetzliche einfache Koerperverletzung;9562000;Erlangen;insg.;492;298;194;3;2;1;15;8;7;18;10;8;42;23;19;80;55;25;330;199;131;22;11;11;352;210;142;2018
224000;Vorsaetzliche einfache Koerperverletzung;5113000;Essen;insg.;2772;1572;1200;4;2;2;152;117;35;156;119;37;214;124;90;229;145;84;2008;1084;924;165;100;65;2173;1184;989;2018
224000;Vorsaetzliche einfache Koerperverletzung;6412000;Frankfurt am Main;insg.;4414;2571;1843;23;19;4;128;88;40;151;107;44;199;114;85;291;159;132;3486;2013;1473;287;178;109;3773;2191;1582;2018
224000;Vorsaetzliche einfache Koerperverletzung;8311000;Freiburg im Breisgau;insg.;2152;1481;671;21;13;8;83;59;24;104;72;32;173;123;50;205;148;57;1570;1068;502;100;70;30;1670;1138;532;2018
224000;Vorsaetzliche einfache Koerperverletzung;9563000;Fuerth;insg.;420;231;189;3;1;2;34;23;11;37;24;13;36;25;11;36;22;14;287;144;143;24;16;8;311;160;151;2018
224000;Vorsaetzliche einfache Koerperverletzung;5513000;Gelsenkirchen;insg.;2097;1021;1076;6;5;1;130;92;38;136;97;39;156;77;79;181;85;96;1490;692;798;134;70;64;1624;762;862;2018
224000;Vorsaetzliche einfache Koerperverletzung;3159016;Goettingen;insg.;907;551;356;5;2;3;49;21;28;54;23;31;81;49;32;106;68;38;615;378;237;51;33;18;666;411;255;2018
224000;Vorsaetzliche einfache Koerperverletzung;5914000;Hagen;insg.;1379;742;637;10;6;4;96;61;35;106;67;39;120;74;46;154;87;67;937;478;459;62;36;26;999;514;485;2018
224000;Vorsaetzliche einfache Koerperverletzung;15002000;Halle (Saale);insg.;2192;1308;884;22;14;8;142;93;49;164;107;57;179;98;81;218;126;92;1529;915;614;102;62;40;1631;977;654;2018
224000;Vorsaetzliche einfache Koerperverletzung;2000000;Hamburg;insg.;15566;9287;6279;80;49;31;764;525;239;844;574;270;1098;611;487;1187;714;473;11607;6915;4692;830;473;357;12437;7388;5049;2018
224000;Vorsaetzliche einfache Koerperverletzung;5915000;Hamm;insg.;1016;516;500;3;2;1;58;44;14;61;46;15;105;54;51;77;34;43;721;348;373;52;34;18;773;382;391;2018
224000;Vorsaetzliche einfache Koerperverletzung;3241001;Hannover;insg.;5287;3260;2027;36;20;16;223;146;77;259;166;93;351;197;154;474;303;171;3952;2444;1508;251;150;101;4203;2594;1609;2018
224000;Vorsaetzliche einfache Koerperverletzung;8221000;Heidelberg;insg.;1032;681;351;7;3;4;34;22;12;41;25;16;46;31;15;114;73;41;758;504;254;73;48;25;831;552;279;2018
224000;Vorsaetzliche einfache Koerperverletzung;8121000;Heilbronn;insg.;724;441;283;8;6;2;23;15;8;31;21;10;44;25;19;94;69;25;509;291;218;46;35;11;555;326;229;2018
224000;Vorsaetzliche einfache Koerperverletzung;5916000;Herne;insg.;1246;672;574;9;5;4;78;47;31;87;52;35;121;61;60;105;58;47;860;457;403;73;44;29;933;501;432;2018
224000;Vorsaetzliche einfache Koerperverletzung;3254021;Hildesheim;insg.;819;459;360;6;5;1;42;28;14;48;33;15;74;29;45;90;62;28;561;310;251;46;25;21;607;335;272;2018
224000;Vorsaetzliche einfache Koerperverletzung;9161000;Ingolstadt;insg.;1113;764;349;11;6;5;52;35;17;63;41;22;75;58;17;135;104;31;784;526;258;56;35;21;840;561;279;2018
224000;Vorsaetzliche einfache Koerperverletzung;16053000;Jena;insg.;604;400;204;4;3;1;35;23;12;39;26;13;62;36;26;72;55;17;413;274;139;18;9;9;431;283;148;2018
224000;Vorsaetzliche einfache Koerperverletzung;8212000;Karlsruhe;insg.;1455;893;562;9;7;2;66;41;25;75;48;27;103;57;46;147;92;55;1045;645;400;85;51;34;1130;696;434;2018
224000;Vorsaetzliche einfache Koerperverletzung;6611000;Kassel;insg.;1124;615;509;5;3;2;51;31;20;56;34;22;60;32;28;97;64;33;858;452;406;53;33;20;911;485;426;2018
224000;Vorsaetzliche einfache Koerperverletzung;1002000;Kiel;insg.;1903;1220;683;7;2;5;67;49;18;74;51;23;147;98;49;227;154;73;1373;869;504;82;48;34;1455;917;538;2018
224000;Vorsaetzliche einfache Koerperverletzung;7111000;Koblenz;insg.;1093;697;396;4;2;2;42;27;15;46;29;17;103;61;42;137;93;44;756;484;272;51;30;21;807;514;293;2018
224000;Vorsaetzliche einfache Koerperverletzung;5315000;Koeln;insg.;9535;5566;3969;47;23;24;374;220;154;421;243;178;687;360;327;785;473;312;7127;4191;2936;515;299;216;7642;4490;3152;2018
224000;Vorsaetzliche einfache Koerperverletzung;5114000;Krefeld;insg.;1692;903;789;8;3;5;117;83;34;125;86;39;169;94;75;141;79;62;1158;593;565;99;51;48;1257;644;613;2018
224000;Vorsaetzliche einfache Koerperverletzung;14713000;Leipzig;insg.;3224;1992;1232;26;12;14;154;90;64;180;102;78;248;153;95;228;138;90;2386;1503;883;182;96;86;2568;1599;969;2018
224000;Vorsaetzliche einfache Koerperverletzung;5316000;Leverkusen;insg.;1194;637;557;11;8;3;66;44;22;77;52;25;121;58;63;94;56;38;832;432;400;70;39;31;902;471;431;2018
224000;Vorsaetzliche einfache Koerperverletzung;1003000;Luebeck;insg.;1977;1194;783;15;8;7;89;54;35;104;62;42;189;106;83;172;107;65;1426;864;562;86;55;31;1512;919;593;2018
224000;Vorsaetzliche einfache Koerperverletzung;7314000;Ludwigshafen am Rhein;insg.;1807;987;820;19;12;7;133;94;39;152;106;46;162;89;73;167;91;76;1219;639;580;107;62;45;1326;701;625;2018
224000;Vorsaetzliche einfache Koerperverletzung;15003000;Magdeburg;insg.;1584;941;643;13;9;4;96;57;39;109;66;43;148;94;54;143;83;60;1078;633;445;106;65;41;1184;698;486;2018
224000;Vorsaetzliche einfache Koerperverletzung;7315000;Mainz;insg.;1572;1011;561;11;4;7;55;40;15;66;44;22;134;82;52;170;119;51;1121;711;410;81;55;26;1202;766;436;2018
224000;Vorsaetzliche einfache Koerperverletzung;8222000;Mannheim;insg.;1968;1130;838;14;10;4;72;50;22;86;60;26;132;68;64;180;107;73;1456;818;638;114;77;37;1570;895;675;2018
224000;Vorsaetzliche einfache Koerperverletzung;5170024;Moers;insg.;478;259;219;4;2;2;26;16;10;30;18;12;63;36;27;44;30;14;300;153;147;41;22;19;341;175;166;2018
224000;Vorsaetzliche einfache Koerperverletzung;5116000;Moenchengladbach;insg.;1560;808;752;8;6;2;71;47;24;79;53;26;153;93;60;158;78;80;1085;539;546;85;45;40;1170;584;586;2018
224000;Vorsaetzliche einfache Koerperverletzung;5117000;Muelheim an der Ruhr;insg.;622;329;293;4;4;0;44;32;12;48;36;12;48;28;20;62;36;26;415;207;208;49;22;27;464;229;235;2018
224000;Vorsaetzliche einfache Koerperverletzung;9162000;Muenchen;insg.;7524;4836;2688;60;31;29;264;186;78;324;217;107;371;250;121;639;437;202;5732;3664;2068;458;268;190;6190;3932;2258;2018
224000;Vorsaetzliche einfache Koerperverletzung;5515000;Muenster;insg.;1958;1224;734;15;10;5;77;62;15;92;72;20;163;101;62;191;134;57;1408;850;558;104;67;37;1512;917;595;2018
224000;Vorsaetzliche einfache Koerperverletzung;5162024;Neuss;insg.;980;524;456;7;4;3;50;37;13;57;41;16;85;46;39;92;54;38;684;355;329;62;28;34;746;383;363;2018
224000;Vorsaetzliche einfache Koerperverletzung;9564000;Nuernberg;insg.;4072;2620;1452;22;14;8;175;109;66;197;123;74;348;206;142;422;290;132;2912;1886;1026;193;115;78;3105;2001;1104;2018
224000;Vorsaetzliche einfache Koerperverletzung;5119000;Oberhausen;insg.;1457;803;654;7;4;3;66;43;23;73;47;26;124;74;50;158;92;66;1026;546;480;76;44;32;1102;590;512;2018
224000;Vorsaetzliche einfache Koerperverletzung;6413000;Offenbach am Main;insg.;565;256;309;3;1;2;16;8;8;19;9;10;25;12;13;41;12;29;442;195;247;38;28;10;480;223;257;2018
224000;Vorsaetzliche einfache Koerperverletzung;3403000;Oldenburg (Oldenburg);insg.;940;542;398;5;3;2;43;25;18;48;28;20;79;53;26;119;72;47;640;359;281;54;30;24;694;389;305;2018
224000;Vorsaetzliche einfache Koerperverletzung;3404000;Osnabrueck;insg.;1042;617;425;9;4;5;38;17;21;47;21;26;98;53;45;130;76;54;716;440;276;51;27;24;767;467;300;2018
224000;Vorsaetzliche einfache Koerperverletzung;5774032;Paderborn;insg.;933;580;353;5;3;2;43;33;10;48;36;12;64;35;29;92;69;23;699;419;280;30;21;9;729;440;289;2018
224000;Vorsaetzliche einfache Koerperverletzung;8231000;Pforzheim;insg.;843;491;352;3;1;2;47;33;14;50;34;16;55;36;19;89;55;34;615;346;269;34;20;14;649;366;283;2018
224000;Vorsaetzliche einfache Koerperverletzung;12054000;Potsdam;insg.;942;585;357;2;1;1;83;64;19;85;65;20;84;57;27;100;57;43;638;386;252;35;20;15;673;406;267;2018
224000;Vorsaetzliche einfache Koerperverletzung;5562032;Recklinghausen;insg.;890;493;397;6;3;3;49;34;15;55;37;18;77;41;36;74;44;30;630;337;293;54;34;20;684;371;313;2018
224000;Vorsaetzliche einfache Koerperverletzung;9362000;Regensburg;insg.;1042;712;330;7;3;4;20;15;5;27;18;9;83;46;37;127;89;38;766;532;234;39;27;12;805;559;246;2018
224000;Vorsaetzliche einfache Koerperverletzung;5120000;Remscheid;insg.;774;429;345;3;1;2;42;34;8;45;35;10;81;54;27;86;52;34;517;259;258;45;29;16;562;288;274;2018
224000;Vorsaetzliche einfache Koerperverletzung;8415061;Reutlingen;insg.;719;421;298;4;3;1;36;22;14;40;25;15;82;46;36;94;61;33;462;264;198;41;25;16;503;289;214;2018
224000;Vorsaetzliche einfache Koerperverletzung;13003000;Rostock;insg.;1208;734;474;9;3;6;93;59;34;102;62;40;99;55;44;103;65;38;837;507;330;67;45;22;904;552;352;2018
224000;Vorsaetzliche einfache Koerperverletzung;10041100;Saarbruecken;insg.;2041;1236;805;8;1;7;112;78;34;120;79;41;167;93;74;196;131;65;1442;856;586;116;77;39;1558;933;625;2018
224000;Vorsaetzliche einfache Koerperverletzung;3102000;Salzgitter;insg.;590;318;272;8;5;3;46;34;12;54;39;15;63;34;29;61;38;23;382;191;191;30;16;14;412;207;205;2018
224000;Vorsaetzliche einfache Koerperverletzung;13004000;Schwerin;insg.;803;508;295;11;7;4;57;40;17;68;47;21;78;54;24;61;45;16;543;333;210;53;29;24;596;362;234;2018
224000;Vorsaetzliche einfache Koerperverletzung;5970040;Siegen;insg.;929;548;381;2;1;1;30;24;6;32;25;7;94;54;40;114;71;43;639;366;273;50;32;18;689;398;291;2018
224000;Vorsaetzliche einfache Koerperverletzung;5122000;Solingen;insg.;788;408;380;4;4;0;41;34;7;45;38;7;89;55;34;69;35;34;530;249;281;55;31;24;585;280;305;2018
224000;Vorsaetzliche einfache Koerperverletzung;8111000;Stuttgart;insg.;5016;3295;1721;26;14;12;223;148;75;249;162;87;307;174;133;500;362;138;3731;2461;1270;229;136;93;3960;2597;1363;2018
224000;Vorsaetzliche einfache Koerperverletzung;7211000;Trier;insg.;907;567;340;5;5;0;42;30;12;47;35;12;85;50;35;123;79;44;606;379;227;46;24;22;652;403;249;2018
224000;Vorsaetzliche einfache Koerperverletzung;8421000;Ulm;insg.;782;509;273;4;3;1;27;17;10;31;20;11;51;35;16;73;48;25;590;388;202;37;18;19;627;406;221;2018
224000;Vorsaetzliche einfache Koerperverletzung;6414000;Wiesbaden;insg.;1776;961;815;6;4;2;67;43;24;73;47;26;139;81;58;184;105;79;1273;669;604;107;59;48;1380;728;652;2018
224000;Vorsaetzliche einfache Koerperverletzung;3103000;Wolfsburg;insg.;631;354;277;6;2;4;24;18;6;30;20;10;39;25;14;64;40;24;451;242;209;47;27;20;498;269;229;2018
224000;Vorsaetzliche einfache Koerperverletzung;5124000;Wuppertal;insg.;3105;1748;1357;25;17;8;189;109;80;214;126;88;244;143;101;342;190;152;2161;1207;954;144;82;62;2305;1289;1016;2018
224000;Vorsaetzliche einfache Koerperverletzung;9663000;Wuerzburg;insg.;875;598;277;2;1;1;26;21;5;28;22;6;88;66;22;123;91;32;609;408;201;27;11;16;636;419;217;2018
621100;Widerstand gegen und taetlicher Angriff auf Vollstreckungsbeamte und gleichstehende Personen;5334002;Aachen;insg.;438;348;90;0;0;0;0;0;0;0;0;0;0;0;0;5;2;3;432;345;87;1;1;0;433;346;87;2018
621100;Widerstand gegen und taetlicher Angriff auf Vollstreckungsbeamte und gleichstehende Personen;9761000;Augsburg;insg.;531;447;84;0;0;0;0;0;0;0;0;0;0;0;0;8;4;4;523;443;80;0;0;0;523;443;80;2018
621100;Widerstand gegen und taetlicher Angriff auf Vollstreckungsbeamte und gleichstehende Personen;5378004;Bergisch Gladbach;insg.;47;30;17;0;0;0;0;0;0;0;0;0;0;0;0;0;0;0;47;30;17;0;0;0;47;30;17;2018
621100;Widerstand gegen und taetlicher Angriff auf Vollstreckungsbeamte und gleichstehende Personen;11000000;Berlin;insg.;6042;5208;834;1;1;0;0;0;0;1;1;0;1;1;0;32;26;6;5967;5143;824;41;37;4;6008;5180;828;2018
621100;Widerstand gegen und taetlicher Angriff auf Vollstreckungsbeamte und gleichstehende Personen;5711000;Bielefeld;insg.;263;211;52;0;0;0;0;0;0;0;0;0;0;0;0;10;10;0;251;199;52;2;2;0;253;201;52;2018
621100;Widerstand gegen und taetlicher Angriff auf Vollstreckungsbeamte und gleichstehende Personen;5911000;Bochum;insg.;529;420;109;0;0;0;0;0;0;0;0;0;0;0;0;10;8;2;513;406;107;6;6;0;519;412;107;2018
621100;Widerstand gegen und taetlicher Angriff auf Vollstreckungsbeamte und gleichstehende Personen;5314000;Bonn;insg.;488;383;105;0;0;0;0;0;0;0;0;0;0;0;0;7;5;2;481;378;103;0;0;0;481;378;103;2018
621100;Widerstand gegen und taetlicher Angriff auf Vollstreckungsbeamte und gleichstehende Personen;5512000;Bottrop;insg.;52;42;10;0;0;0;0;0;0;0;0;0;0;0;0;0;0;0;51;41;10;1;1;0;52;42;10;2018
621100;Widerstand gegen und taetlicher Angriff auf Vollstreckungsbeamte und gleichstehende Personen;3101000;Braunschweig;insg.;355;292;63;0;0;0;0;0;0;0;0;0;0;0;0;5;4;1;349;287;62;1;1;0;350;288;62;2018
621100;Widerstand gegen und taetlicher Angriff auf Vollstreckungsbeamte und gleichstehende Personen;4011000;Bremen;insg.;704;571;133;0;0;0;0;0;0;0;0;0;0;0;0;4;3;1;690;558;132;10;10;0;700;568;132;2018
621100;Widerstand gegen und taetlicher Angriff auf Vollstreckungsbeamte und gleichstehende Personen;4012000;Bremerhaven;insg.;189;147;42;0;0;0;0;0;0;0;0;0;0;0;0;0;0;0;187;145;42;2;2;0;189;147;42;2018
621100;Widerstand gegen und taetlicher Angriff auf Vollstreckungsbeamte und gleichstehende Personen;14511000;Chemnitz;insg.;209;177;32;0;0;0;0;0;0;0;0;0;0;0;0;0;0;0;209;177;32;0;0;0;209;177;32;2018
621100;Widerstand gegen und taetlicher Angriff auf Vollstreckungsbeamte und gleichstehende Personen;12052000;Cottbus;insg.;126;108;18;0;0;0;0;0;0;0;0;0;0;0;0;1;1;0;125;107;18;0;0;0;125;107;18;2018
621100;Widerstand gegen und taetlicher Angriff auf Vollstreckungsbeamte und gleichstehende Personen;6411000;Darmstadt;insg.;96;77;19;0;0;0;0;0;0;0;0;0;0;0;0;0;0;0;96;77;19;0;0;0;96;77;19;2018
621100;Widerstand gegen und taetlicher Angriff auf Vollstreckungsbeamte und gleichstehende Personen;5913000;Dortmund;insg.;1547;1255;292;1;0;1;0;0;0;1;0;1;5;2;3;19;13;6;1513;1234;279;9;6;3;1522;1240;282;2018
621100;Widerstand gegen und taetlicher Angriff auf Vollstreckungsbeamte und gleichstehende Personen;14612000;Dresden;insg.;423;368;55;0;0;0;0;0;0;0;0;0;0;0;0;5;2;3;416;364;52;2;2;0;418;366;52;2018
621100;Widerstand gegen und taetlicher Angriff auf Vollstreckungsbeamte und gleichstehende Personen;5112000;Duisburg;insg.;531;426;105;0;0;0;1;0;1;1;0;1;2;1;1;14;13;1;510;409;101;4;3;1;514;412;102;2018
621100;Widerstand gegen und taetlicher Angriff auf Vollstreckungsbeamte und gleichstehende Personen;5111000;Duesseldorf;insg.;1109;870;239;1;0;1;0;0;0;1;0;1;2;2;0;30;21;9;1069;843;226;7;4;3;1076;847;229;2018
621100;Widerstand gegen und taetlicher Angriff auf Vollstreckungsbeamte und gleichstehende Personen;16051000;Erfurt;insg.;365;331;34;0;0;0;0;0;0;0;0;0;0;0;0;4;3;1;361;328;33;0;0;0;361;328;33;2018
621100;Widerstand gegen und taetlicher Angriff auf Vollstreckungsbeamte und gleichstehende Personen;9562000;Erlangen;insg.;38;32;6;0;0;0;0;0;0;0;0;0;0;0;0;1;1;0;37;31;6;0;0;0;37;31;6;2018
621100;Widerstand gegen und taetlicher Angriff auf Vollstreckungsbeamte und gleichstehende Personen;5113000;Essen;insg.;572;442;130;0;0;0;0;0;0;0;0;0;6;3;3;7;4;3;549;425;124;10;10;0;559;435;124;2018
621100;Widerstand gegen und taetlicher Angriff auf Vollstreckungsbeamte und gleichstehende Personen;6412000;Frankfurt am Main;insg.;1401;1213;188;0;0;0;0;0;0;0;0;0;3;3;0;17;13;4;1380;1196;184;1;1;0;1381;1197;184;2018
621100;Widerstand gegen und taetlicher Angriff auf Vollstreckungsbeamte und gleichstehende Personen;8311000;Freiburg im Breisgau;insg.;523;427;96;0;0;0;0;0;0;0;0;0;0;0;0;7;5;2;511;417;94;5;5;0;516;422;94;2018
621100;Widerstand gegen und taetlicher Angriff auf Vollstreckungsbeamte und gleichstehende Personen;9563000;Fuerth;insg.;110;100;10;0;0;0;0;0;0;0;0;0;0;0;0;0;0;0;109;99;10;1;1;0;110;100;10;2018
621100;Widerstand gegen und taetlicher Angriff auf Vollstreckungsbeamte und gleichstehende Personen;5513000;Gelsenkirchen;insg.;337;263;74;0;0;0;0;0;0;0;0;0;0;0;0;7;5;2;327;256;71;3;2;1;330;258;72;2018
621100;Widerstand gegen und taetlicher Angriff auf Vollstreckungsbeamte und gleichstehende Personen;3159016;Goettingen;insg.;180;140;40;0;0;0;0;0;0;0;0;0;0;0;0;2;0;2;172;134;38;6;6;0;178;140;38;2018
621100;Widerstand gegen und taetlicher Angriff auf Vollstreckungsbeamte und gleichstehende Personen;5914000;Hagen;insg.;269;183;86;0;0;0;0;0;0;0;0;0;1;1;0;4;3;1;262;177;85;2;2;0;264;179;85;2018
621100;Widerstand gegen und taetlicher Angriff auf Vollstreckungsbeamte und gleichstehende Personen;15002000;Halle (Saale);insg.;257;213;44;0;0;0;0;0;0;0;0;0;1;1;0;12;6;6;243;205;38;1;1;0;244;206;38;2018
621100;Widerstand gegen und taetlicher Angriff auf Vollstreckungsbeamte und gleichstehende Personen;2000000;Hamburg;insg.;1781;1464;317;8;7;1;0;0;0;8;7;1;0;0;0;28;18;10;1744;1438;306;1;1;0;1745;1439;306;2018
621100;Widerstand gegen und taetlicher Angriff auf Vollstreckungsbeamte und gleichstehende Personen;5915000;Hamm;insg.;116;84;32;0;0;0;1;1;0;1;1;0;0;0;0;4;3;1;111;80;31;0;0;0;111;80;31;2018
621100;Widerstand gegen und taetlicher Angriff auf Vollstreckungsbeamte und gleichstehende Personen;3241001;Hannover;insg.;957;774;183;0;0;0;0;0;0;0;0;0;0;0;0;14;7;7;939;764;175;4;3;1;943;767;176;2018
621100;Widerstand gegen und taetlicher Angriff auf Vollstreckungsbeamte und gleichstehende Personen;8221000;Heidelberg;insg.;235;202;33;0;0;0;0;0;0;0;0;0;0;0;0;3;3;0;232;199;33;0;0;0;232;199;33;2018
621100;Widerstand gegen und taetlicher Angriff auf Vollstreckungsbeamte und gleichstehende Personen;8121000;Heilbronn;insg.;120;99;21;8;6;2;0;0;0;8;6;2;0;0;0;3;3;0;108;89;19;1;1;0;109;90;19;2018
621100;Widerstand gegen und taetlicher Angriff auf Vollstreckungsbeamte und gleichstehende Personen;5916000;Herne;insg.;183;138;45;0;0;0;0;0;0;0;0;0;0;0;0;1;0;1;178;134;44;4;4;0;182;138;44;2018
621100;Widerstand gegen und taetlicher Angriff auf Vollstreckungsbeamte und gleichstehende Personen;3254021;Hildesheim;insg.;150;112;38;0;0;0;0;0;0;0;0;0;0;0;0;2;1;1;147;110;37;1;1;0;148;111;37;2018
621100;Widerstand gegen und taetlicher Angriff auf Vollstreckungsbeamte und gleichstehende Personen;9161000;Ingolstadt;insg.;175;143;32;0;0;0;0;0;0;0;0;0;0;0;0;7;5;2;167;137;30;1;1;0;168;138;30;2018
621100;Widerstand gegen und taetlicher Angriff auf Vollstreckungsbeamte und gleichstehende Personen;16053000;Jena;insg.;82;72;10;0;0;0;0;0;0;0;0;0;0;0;0;1;1;0;81;71;10;0;0;0;81;71;10;2018
621100;Widerstand gegen und taetlicher Angriff auf Vollstreckungsbeamte und gleichstehende Personen;8212000;Karlsruhe;insg.;372;298;74;0;0;0;0;0;0;0;0;0;0;0;0;10;8;2;359;288;71;3;2;1;362;290;72;2018
621100;Widerstand gegen und taetlicher Angriff auf Vollstreckungsbeamte und gleichstehende Personen;6611000;Kassel;insg.;217;182;35;0;0;0;0;0;0;0;0;0;0;0;0;15;10;5;202;172;30;0;0;0;202;172;30;2018
621100;Widerstand gegen und taetlicher Angriff auf Vollstreckungsbeamte und gleichstehende Personen;1002000;Kiel;insg.;367;310;57;0;0;0;0;0;0;0;0;0;0;0;0;1;0;1;366;310;56;0;0;0;366;310;56;2018
621100;Widerstand gegen und taetlicher Angriff auf Vollstreckungsbeamte und gleichstehende Personen;7111000;Koblenz;insg.;251;201;50;0;0;0;0;0;0;0;0;0;0;0;0;2;1;1;249;200;49;0;0;0;249;200;49;2018
621100;Widerstand gegen und taetlicher Angriff auf Vollstreckungsbeamte und gleichstehende Personen;5315000;Koeln;insg.;1811;1311;500;0;0;0;0;0;0;0;0;0;0;0;0;24;17;7;1779;1287;492;8;7;1;1787;1294;493;2018
621100;Widerstand gegen und taetlicher Angriff auf Vollstreckungsbeamte und gleichstehende Personen;5114000;Krefeld;insg.;367;265;102;0;0;0;0;0;0;0;0;0;0;0;0;9;5;4;355;257;98;3;3;0;358;260;98;2018
621100;Widerstand gegen und taetlicher Angriff auf Vollstreckungsbeamte und gleichstehende Personen;14713000;Leipzig;insg.;669;563;106;0;0;0;0;0;0;0;0;0;0;0;0;3;3;0;664;558;106;2;2;0;666;560;106;2018
621100;Widerstand gegen und taetlicher Angriff auf Vollstreckungsbeamte und gleichstehende Personen;5316000;Leverkusen;insg.;199;155;44;0;0;0;0;0;0;0;0;0;0;0;0;4;3;1;194;151;43;1;1;0;195;152;43;2018
621100;Widerstand gegen und taetlicher Angriff auf Vollstreckungsbeamte und gleichstehende Personen;1003000;Luebeck;insg.;478;397;81;0;0;0;0;0;0;0;0;0;0;0;0;16;12;4;461;384;77;1;1;0;462;385;77;2018
621100;Widerstand gegen und taetlicher Angriff auf Vollstreckungsbeamte und gleichstehende Personen;7314000;Ludwigshafen am Rhein;insg.;199;144;55;0;0;0;0;0;0;0;0;0;0;0;0;0;0;0;195;140;55;4;4;0;199;144;55;2018
621100;Widerstand gegen und taetlicher Angriff auf Vollstreckungsbeamte und gleichstehende Personen;15003000;Magdeburg;insg.;283;238;45;0;0;0;0;0;0;0;0;0;0;0;0;8;7;1;275;231;44;0;0;0;275;231;44;2018
621100;Widerstand gegen und taetlicher Angriff auf Vollstreckungsbeamte und gleichstehende Personen;7315000;Mainz;insg.;333;271;62;0;0;0;0;0;0;0;0;0;0;0;0;7;4;3;325;266;59;1;1;0;326;267;59;2018
621100;Widerstand gegen und taetlicher Angriff auf Vollstreckungsbeamte und gleichstehende Personen;8222000;Mannheim;insg.;474;404;70;0;0;0;0;0;0;0;0;0;1;1;0;8;8;0;464;395;69;1;0;1;465;395;70;2018
621100;Widerstand gegen und taetlicher Angriff auf Vollstreckungsbeamte und gleichstehende Personen;5170024;Moers;insg.;96;62;34;0;0;0;0;0;0;0;0;0;0;0;0;2;2;0;94;60;34;0;0;0;94;60;34;2018
621100;Widerstand gegen und taetlicher Angriff auf Vollstreckungsbeamte und gleichstehende Personen;5116000;Moenchengladbach;insg.;255;198;57;0;0;0;0;0;0;0;0;0;0;0;0;3;2;1;251;195;56;1;1;0;252;196;56;2018
621100;Widerstand gegen und taetlicher Angriff auf Vollstreckungsbeamte und gleichstehende Personen;5117000;Muelheim an der Ruhr;insg.;113;69;44;0;0;0;0;0;0;0;0;0;0;0;0;1;1;0;111;68;43;1;0;1;112;68;44;2018
621100;Widerstand gegen und taetlicher Angriff auf Vollstreckungsbeamte und gleichstehende Personen;9162000;Muenchen;insg.;1716;1446;270;0;0;0;0;0;0;0;0;0;0;0;0;39;32;7;1677;1414;263;0;0;0;1677;1414;263;2018
621100;Widerstand gegen und taetlicher Angriff auf Vollstreckungsbeamte und gleichstehende Personen;5515000;Muenster;insg.;321;235;86;0;0;0;0;0;0;0;0;0;1;0;1;7;3;4;308;228;80;5;4;1;313;232;81;2018
621100;Widerstand gegen und taetlicher Angriff auf Vollstreckungsbeamte und gleichstehende Personen;5162024;Neuss;insg.;165;120;45;0;0;0;0;0;0;0;0;0;0;0;0;3;1;2;162;119;43;0;0;0;162;119;43;2018
621100;Widerstand gegen und taetlicher Angriff auf Vollstreckungsbeamte und gleichstehende Personen;9564000;Nuernberg;insg.;538;441;97;0;0;0;0;0;0;0;0;0;0;0;0;7;7;0;527;430;97;4;4;0;531;434;97;2018
621100;Widerstand gegen und taetlicher Angriff auf Vollstreckungsbeamte und gleichstehende Personen;5119000;Oberhausen;insg.;151;115;36;0;0;0;0;0;0;0;0;0;0;0;0;5;3;2;143;109;34;3;3;0;146;112;34;2018
621100;Widerstand gegen und taetlicher Angriff auf Vollstreckungsbeamte und gleichstehende Personen;6413000;Offenbach am Main;insg.;105;76;29;0;0;0;0;0;0;0;0;0;0;0;0;2;2;0;103;74;29;0;0;0;103;74;29;2018
621100;Widerstand gegen und taetlicher Angriff auf Vollstreckungsbeamte und gleichstehende Personen;3403000;Oldenburg (Oldenburg);insg.;179;137;42;0;0;0;0;0;0;0;0;0;0;0;0;4;2;2;170;130;40;5;5;0;175;135;40;2018
621100;Widerstand gegen und taetlicher Angriff auf Vollstreckungsbeamte und gleichstehende Personen;3404000;Osnabrueck;insg.;153;125;28;0;0;0;0;0;0;0;0;0;0;0;0;2;1;1;149;122;27;2;2;0;151;124;27;2018
621100;Widerstand gegen und taetlicher Angriff auf Vollstreckungsbeamte und gleichstehende Personen;5774032;Paderborn;insg.;136;114;22;0;0;0;0;0;0;0;0;0;1;0;1;2;2;0;131;111;20;2;1;1;133;112;21;2018
621100;Widerstand gegen und taetlicher Angriff auf Vollstreckungsbeamte und gleichstehende Personen;8231000;Pforzheim;insg.;81;58;23;0;0;0;0;0;0;0;0;0;0;0;0;3;0;3;77;57;20;1;1;0;78;58;20;2018
621100;Widerstand gegen und taetlicher Angriff auf Vollstreckungsbeamte und gleichstehende Personen;12054000;Potsdam;insg.;124;103;21;0;0;0;0;0;0;0;0;0;0;0;0;1;0;1;121;101;20;2;2;0;123;103;20;2018
621100;Widerstand gegen und taetlicher Angriff auf Vollstreckungsbeamte und gleichstehende Personen;5562032;Recklinghausen;insg.;239;175;64;0;0;0;0;0;0;0;0;0;1;0;1;6;5;1;229;167;62;3;3;0;232;170;62;2018
621100;Widerstand gegen und taetlicher Angriff auf Vollstreckungsbeamte und gleichstehende Personen;9362000;Regensburg;insg.;204;180;24;0;0;0;0;0;0;0;0;0;0;0;0;4;1;3;200;179;21;0;0;0;200;179;21;2018
621100;Widerstand gegen und taetlicher Angriff auf Vollstreckungsbeamte und gleichstehende Personen;5120000;Remscheid;insg.;93;66;27;0;0;0;0;0;0;0;0;0;0;0;0;1;0;1;89;65;24;3;1;2;92;66;26;2018
621100;Widerstand gegen und taetlicher Angriff auf Vollstreckungsbeamte und gleichstehende Personen;8415061;Reutlingen;insg.;78;64;14;0;0;0;0;0;0;0;0;0;0;0;0;3;3;0;73;59;14;2;2;0;75;61;14;2018
621100;Widerstand gegen und taetlicher Angriff auf Vollstreckungsbeamte und gleichstehende Personen;13003000;Rostock;insg.;246;200;46;0;0;0;0;0;0;0;0;0;0;0;0;2;2;0;241;195;46;3;3;0;244;198;46;2018
621100;Widerstand gegen und taetlicher Angriff auf Vollstreckungsbeamte und gleichstehende Personen;10041100;Saarbruecken;insg.;463;383;80;0;0;0;0;0;0;0;0;0;0;0;0;2;2;0;458;378;80;3;3;0;461;381;80;2018
621100;Widerstand gegen und taetlicher Angriff auf Vollstreckungsbeamte und gleichstehende Personen;3102000;Salzgitter;insg.;51;41;10;0;0;0;0;0;0;0;0;0;0;0;0;1;0;1;50;41;9;0;0;0;50;41;9;2018
621100;Widerstand gegen und taetlicher Angriff auf Vollstreckungsbeamte und gleichstehende Personen;13004000;Schwerin;insg.;182;160;22;0;0;0;0;0;0;0;0;0;0;0;0;1;1;0;177;155;22;4;4;0;181;159;22;2018
621100;Widerstand gegen und taetlicher Angriff auf Vollstreckungsbeamte und gleichstehende Personen;5970040;Siegen;insg.;192;133;59;0;0;0;0;0;0;0;0;0;1;0;1;0;0;0;188;130;58;3;3;0;191;133;58;2018
621100;Widerstand gegen und taetlicher Angriff auf Vollstreckungsbeamte und gleichstehende Personen;5122000;Solingen;insg.;86;69;17;0;0;0;0;0;0;0;0;0;0;0;0;1;1;0;82;66;16;3;2;1;85;68;17;2018
621100;Widerstand gegen und taetlicher Angriff auf Vollstreckungsbeamte und gleichstehende Personen;8111000;Stuttgart;insg.;1714;1388;326;0;0;0;0;0;0;0;0;0;1;1;0;23;15;8;1687;1369;318;3;3;0;1690;1372;318;2018
621100;Widerstand gegen und taetlicher Angriff auf Vollstreckungsbeamte und gleichstehende Personen;7211000;Trier;insg.;232;193;39;0;0;0;0;0;0;0;0;0;0;0;0;1;1;0;230;191;39;1;1;0;231;192;39;2018
621100;Widerstand gegen und taetlicher Angriff auf Vollstreckungsbeamte und gleichstehende Personen;8421000;Ulm;insg.;150;124;26;0;0;0;0;0;0;0;0;0;0;0;0;2;2;0;148;122;26;0;0;0;148;122;26;2018
621100;Widerstand gegen und taetlicher Angriff auf Vollstreckungsbeamte und gleichstehende Personen;6414000;Wiesbaden;insg.;185;158;27;0;0;0;0;0;0;0;0;0;0;0;0;1;1;0;183;156;27;1;1;0;184;157;27;2018
621100;Widerstand gegen und taetlicher Angriff auf Vollstreckungsbeamte und gleichstehende Personen;3103000;Wolfsburg;insg.;110;89;21;0;0;0;0;0;0;0;0;0;0;0;0;3;2;1;105;86;19;2;1;1;107;87;20;2018
621100;Widerstand gegen und taetlicher Angriff auf Vollstreckungsbeamte und gleichstehende Personen;5124000;Wuppertal;insg.;626;452;174;0;0;0;1;0;1;1;0;1;2;2;0;7;5;2;607;438;169;9;7;2;616;445;171;2018
621100;Widerstand gegen und taetlicher Angriff auf Vollstreckungsbeamte und gleichstehende Personen;9663000;Wuerzburg;insg.;161;139;22;0;0;0;0;0;0;0;0;0;0;0;0;6;5;1;155;134;21;0;0;0;155;134;21;2018
621110;Widerstand gegen Vollstreckungsbeamte und gleichstehende Personen;5334002;Aachen;insg.;393;307;86;0;0;0;0;0;0;0;0;0;0;0;0;3;0;3;389;306;83;1;1;0;390;307;83;2018
621110;Widerstand gegen Vollstreckungsbeamte und gleichstehende Personen;9761000;Augsburg;insg.;288;243;45;0;0;0;0;0;0;0;0;0;0;0;0;5;3;2;283;240;43;0;0;0;283;240;43;2018
621110;Widerstand gegen Vollstreckungsbeamte und gleichstehende Personen;5378004;Bergisch Gladbach;insg.;47;30;17;0;0;0;0;0;0;0;0;0;0;0;0;0;0;0;47;30;17;0;0;0;47;30;17;2018
621110;Widerstand gegen Vollstreckungsbeamte und gleichstehende Personen;11000000;Berlin;insg.;5171;4466;705;0;0;0;0;0;0;0;0;0;1;1;0;27;21;6;5107;4411;696;36;33;3;5143;4444;699;2018
621110;Widerstand gegen Vollstreckungsbeamte und gleichstehende Personen;5711000;Bielefeld;insg.;212;168;44;0;0;0;0;0;0;0;0;0;0;0;0;10;10;0;200;156;44;2;2;0;202;158;44;2018
621110;Widerstand gegen Vollstreckungsbeamte und gleichstehende Personen;5911000;Bochum;insg.;430;342;88;0;0;0;0;0;0;0;0;0;0;0;0;5;4;1;420;333;87;5;5;0;425;338;87;2018
621110;Widerstand gegen Vollstreckungsbeamte und gleichstehende Personen;5314000;Bonn;insg.;413;329;84;0;0;0;0;0;0;0;0;0;0;0;0;4;3;1;409;326;83;0;0;0;409;326;83;2018
621110;Widerstand gegen Vollstreckungsbeamte und gleichstehende Personen;5512000;Bottrop;insg.;43;37;6;0;0;0;0;0;0;0;0;0;0;0;0;0;0;0;42;36;6;1;1;0;43;37;6;2018
621110;Widerstand gegen Vollstreckungsbeamte und gleichstehende Personen;3101000;Braunschweig;insg.;114;93;21;0;0;0;0;0;0;0;0;0;0;0;0;1;0;1;113;93;20;0;0;0;113;93;20;2018
621110;Widerstand gegen Vollstreckungsbeamte und gleichstehende Personen;4011000;Bremen;insg.;558;454;104;0;0;0;0;0;0;0;0;0;0;0;0;3;2;1;547;444;103;8;8;0;555;452;103;2018
621110;Widerstand gegen Vollstreckungsbeamte und gleichstehende Personen;4012000;Bremerhaven;insg.;148;116;32;0;0;0;0;0;0;0;0;0;0;0;0;0;0;0;146;114;32;2;2;0;148;116;32;2018
621110;Widerstand gegen Vollstreckungsbeamte und gleichstehende Personen;14511000;Chemnitz;insg.;173;153;20;0;0;0;0;0;0;0;0;0;0;0;0;0;0;0;173;153;20;0;0;0;173;153;20;2018
621110;Widerstand gegen Vollstreckungsbeamte und gleichstehende Personen;12052000;Cottbus;insg.;58;51;7;0;0;0;0;0;0;0;0;0;0;0;0;1;1;0;57;50;7;0;0;0;57;50;7;2018
621110;Widerstand gegen Vollstreckungsbeamte und gleichstehende Personen;6411000;Darmstadt;insg.;92;73;19;0;0;0;0;0;0;0;0;0;0;0;0;0;0;0;92;73;19;0;0;0;92;73;19;2018
621110;Widerstand gegen Vollstreckungsbeamte und gleichstehende Personen;5913000;Dortmund;insg.;773;625;148;1;0;1;0;0;0;1;0;1;2;0;2;12;7;5;753;615;138;5;3;2;758;618;140;2018
621110;Widerstand gegen Vollstreckungsbeamte und gleichstehende Personen;14612000;Dresden;insg.;370;322;48;0;0;0;0;0;0;0;0;0;0;0;0;4;2;2;364;318;46;2;2;0;366;320;46;2018
621110;Widerstand gegen Vollstreckungsbeamte und gleichstehende Personen;5112000;Duisburg;insg.;503;399;104;0;0;0;1;0;1;1;0;1;2;1;1;14;13;1;482;382;100;4;3;1;486;385;101;2018
621110;Widerstand gegen Vollstreckungsbeamte und gleichstehende Personen;5111000;Duesseldorf;insg.;904;708;196;1;0;1;0;0;0;1;0;1;2;2;0;23;17;6;872;686;186;6;3;3;878;689;189;2018
621110;Widerstand gegen Vollstreckungsbeamte und gleichstehende Personen;16051000;Erfurt;insg.;342;310;32;0;0;0;0;0;0;0;0;0;0;0;0;2;2;0;340;308;32;0;0;0;340;308;32;2018
621110;Widerstand gegen Vollstreckungsbeamte und gleichstehende Personen;9562000;Erlangen;insg.;5;4;1;0;0;0;0;0;0;0;0;0;0;0;0;0;0;0;5;4;1;0;0;0;5;4;1;2018
621110;Widerstand gegen Vollstreckungsbeamte und gleichstehende Personen;5113000;Essen;insg.;473;354;119;0;0;0;0;0;0;0;0;0;6;3;3;6;4;2;452;338;114;9;9;0;461;347;114;2018
621110;Widerstand gegen Vollstreckungsbeamte und gleichstehende Personen;6412000;Frankfurt am Main;insg.;1197;1045;152;0;0;0;0;0;0;0;0;0;3;3;0;13;9;4;1181;1033;148;0;0;0;1181;1033;148;2018
621110;Widerstand gegen Vollstreckungsbeamte und gleichstehende Personen;8311000;Freiburg im Breisgau;insg.;239;199;40;0;0;0;0;0;0;0;0;0;0;0;0;5;4;1;232;193;39;2;2;0;234;195;39;2018
621110;Widerstand gegen Vollstreckungsbeamte und gleichstehende Personen;9563000;Fuerth;insg.;21;19;2;0;0;0;0;0;0;0;0;0;0;0;0;0;0;0;21;19;2;0;0;0;21;19;2;2018
621110;Widerstand gegen Vollstreckungsbeamte und gleichstehende Personen;5513000;Gelsenkirchen;insg.;318;246;72;0;0;0;0;0;0;0;0;0;0;0;0;7;5;2;308;239;69;3;2;1;311;241;70;2018
621110;Widerstand gegen Vollstreckungsbeamte und gleichstehende Personen;3159016;Goettingen;insg.;59;48;11;0;0;0;0;0;0;0;0;0;0;0;0;0;0;0;58;47;11;1;1;0;59;48;11;2018
621110;Widerstand gegen Vollstreckungsbeamte und gleichstehende Personen;5914000;Hagen;insg.;254;169;85;0;0;0;0;0;0;0;0;0;1;1;0;4;3;1;248;164;84;1;1;0;249;165;84;2018
621110;Widerstand gegen Vollstreckungsbeamte und gleichstehende Personen;15002000;Halle (Saale);insg.;199;162;37;0;0;0;0;0;0;0;0;0;1;1;0;11;6;5;186;154;32;1;1;0;187;155;32;2018
621110;Widerstand gegen Vollstreckungsbeamte und gleichstehende Personen;2000000;Hamburg;insg.;759;638;121;5;5;0;0;0;0;5;5;0;0;0;0;11;6;5;742;626;116;1;1;0;743;627;116;2018
621110;Widerstand gegen Vollstreckungsbeamte und gleichstehende Personen;5915000;Hamm;insg.;111;81;30;0;0;0;1;1;0;1;1;0;0;0;0;4;3;1;106;77;29;0;0;0;106;77;29;2018
621110;Widerstand gegen Vollstreckungsbeamte und gleichstehende Personen;3241001;Hannover;insg.;470;384;86;0;0;0;0;0;0;0;0;0;0;0;0;7;4;3;461;379;82;2;1;1;463;380;83;2018
621110;Widerstand gegen Vollstreckungsbeamte und gleichstehende Personen;8221000;Heidelberg;insg.;99;86;13;0;0;0;0;0;0;0;0;0;0;0;0;3;3;0;96;83;13;0;0;0;96;83;13;2018
621110;Widerstand gegen Vollstreckungsbeamte und gleichstehende Personen;8121000;Heilbronn;insg.;51;43;8;8;6;2;0;0;0;8;6;2;0;0;0;1;1;0;41;35;6;1;1;0;42;36;6;2018
621110;Widerstand gegen Vollstreckungsbeamte und gleichstehende Personen;5916000;Herne;insg.;167;128;39;0;0;0;0;0;0;0;0;0;0;0;0;1;0;1;162;124;38;4;4;0;166;128;38;2018
621110;Widerstand gegen Vollstreckungsbeamte und gleichstehende Personen;3254021;Hildesheim;insg.;71;58;13;0;0;0;0;0;0;0;0;0;0;0;0;0;0;0;71;58;13;0;0;0;71;58;13;2018
621110;Widerstand gegen Vollstreckungsbeamte und gleichstehende Personen;9161000;Ingolstadt;insg.;54;46;8;0;0;0;0;0;0;0;0;0;0;0;0;3;3;0;51;43;8;0;0;0;51;43;8;2018
621110;Widerstand gegen Vollstreckungsbeamte und gleichstehende Personen;16053000;Jena;insg.;65;56;9;0;0;0;0;0;0;0;0;0;0;0;0;0;0;0;65;56;9;0;0;0;65;56;9;2018
621110;Widerstand gegen Vollstreckungsbeamte und gleichstehende Personen;8212000;Karlsruhe;insg.;145;115;30;0;0;0;0;0;0;0;0;0;0;0;0;7;5;2;137;109;28;1;1;0;138;110;28;2018
621110;Widerstand gegen Vollstreckungsbeamte und gleichstehende Personen;6611000;Kassel;insg.;180;152;28;0;0;0;0;0;0;0;0;0;0;0;0;11;9;2;169;143;26;0;0;0;169;143;26;2018
621110;Widerstand gegen Vollstreckungsbeamte und gleichstehende Personen;1002000;Kiel;insg.;183;152;31;0;0;0;0;0;0;0;0;0;0;0;0;0;0;0;183;152;31;0;0;0;183;152;31;2018
621110;Widerstand gegen Vollstreckungsbeamte und gleichstehende Personen;7111000;Koblenz;insg.;186;152;34;0;0;0;0;0;0;0;0;0;0;0;0;2;1;1;184;151;33;0;0;0;184;151;33;2018
621110;Widerstand gegen Vollstreckungsbeamte und gleichstehende Personen;5315000;Koeln;insg.;1512;1092;420;0;0;0;0;0;0;0;0;0;0;0;0;21;15;6;1484;1071;413;7;6;1;1491;1077;414;2018
621110;Widerstand gegen Vollstreckungsbeamte und gleichstehende Personen;5114000;Krefeld;insg.;283;204;79;0;0;0;0;0;0;0;0;0;0;0;0;7;5;2;273;196;77;3;3;0;276;199;77;2018
621110;Widerstand gegen Vollstreckungsbeamte und gleichstehende Personen;14713000;Leipzig;insg.;582;493;89;0;0;0;0;0;0;0;0;0;0;0;0;3;3;0;577;488;89;2;2;0;579;490;89;2018
621110;Widerstand gegen Vollstreckungsbeamte und gleichstehende Personen;5316000;Leverkusen;insg.;162;123;39;0;0;0;0;0;0;0;0;0;0;0;0;4;3;1;157;119;38;1;1;0;158;120;38;2018
621110;Widerstand gegen Vollstreckungsbeamte und gleichstehende Personen;1003000;Luebeck;insg.;243;207;36;0;0;0;0;0;0;0;0;0;0;0;0;4;4;0;238;202;36;1;1;0;239;203;36;2018
621110;Widerstand gegen Vollstreckungsbeamte und gleichstehende Personen;7314000;Ludwigshafen am Rhein;insg.;110;89;21;0;0;0;0;0;0;0;0;0;0;0;0;0;0;0;108;87;21;2;2;0;110;89;21;2018
621110;Widerstand gegen Vollstreckungsbeamte und gleichstehende Personen;15003000;Magdeburg;insg.;211;183;28;0;0;0;0;0;0;0;0;0;0;0;0;5;5;0;206;178;28;0;0;0;206;178;28;2018
621110;Widerstand gegen Vollstreckungsbeamte und gleichstehende Personen;7315000;Mainz;insg.;244;196;48;0;0;0;0;0;0;0;0;0;0;0;0;6;3;3;238;193;45;0;0;0;238;193;45;2018
621110;Widerstand gegen Vollstreckungsbeamte und gleichstehende Personen;8222000;Mannheim;insg.;155;131;24;0;0;0;0;0;0;0;0;0;1;1;0;5;5;0;149;125;24;0;0;0;149;125;24;2018
621110;Widerstand gegen Vollstreckungsbeamte und gleichstehende Personen;5170024;Moers;insg.;96;62;34;0;0;0;0;0;0;0;0;0;0;0;0;2;2;0;94;60;34;0;0;0;94;60;34;2018
621110;Widerstand gegen Vollstreckungsbeamte und gleichstehende Personen;5116000;Moenchengladbach;insg.;214;165;49;0;0;0;0;0;0;0;0;0;0;0;0;1;1;0;212;163;49;1;1;0;213;164;49;2018
621110;Widerstand gegen Vollstreckungsbeamte und gleichstehende Personen;5117000;Muelheim an der Ruhr;insg.;112;68;44;0;0;0;0;0;0;0;0;0;0;0;0;1;1;0;110;67;43;1;0;1;111;67;44;2018
621110;Widerstand gegen Vollstreckungsbeamte und gleichstehende Personen;9162000;Muenchen;insg.;617;538;79;0;0;0;0;0;0;0;0;0;0;0;0;12;10;2;605;528;77;0;0;0;605;528;77;2018
621110;Widerstand gegen Vollstreckungsbeamte und gleichstehende Personen;5515000;Muenster;insg.;304;219;85;0;0;0;0;0;0;0;0;0;1;0;1;7;3;4;292;213;79;4;3;1;296;216;80;2018
621110;Widerstand gegen Vollstreckungsbeamte und gleichstehende Personen;5162024;Neuss;insg.;149;109;40;0;0;0;0;0;0;0;0;0;0;0;0;3;1;2;146;108;38;0;0;0;146;108;38;2018
621110;Widerstand gegen Vollstreckungsbeamte und gleichstehende Personen;9564000;Nuernberg;insg.;211;177;34;0;0;0;0;0;0;0;0;0;0;0;0;5;5;0;204;170;34;2;2;0;206;172;34;2018
621110;Widerstand gegen Vollstreckungsbeamte und gleichstehende Personen;5119000;Oberhausen;insg.;128;95;33;0;0;0;0;0;0;0;0;0;0;0;0;5;3;2;120;89;31;3;3;0;123;92;31;2018
621110;Widerstand gegen Vollstreckungsbeamte und gleichstehende Personen;6413000;Offenbach am Main;insg.;91;67;24;0;0;0;0;0;0;0;0;0;0;0;0;2;2;0;89;65;24;0;0;0;89;65;24;2018
621110;Widerstand gegen Vollstreckungsbeamte und gleichstehende Personen;3403000;Oldenburg (Oldenburg);insg.;83;63;20;0;0;0;0;0;0;0;0;0;0;0;0;2;2;0;78;58;20;3;3;0;81;61;20;2018
621110;Widerstand gegen Vollstreckungsbeamte und gleichstehende Personen;3404000;Osnabrueck;insg.;75;63;12;0;0;0;0;0;0;0;0;0;0;0;0;2;1;1;73;62;11;0;0;0;73;62;11;2018
621110;Widerstand gegen Vollstreckungsbeamte und gleichstehende Personen;5774032;Paderborn;insg.;99;86;13;0;0;0;0;0;0;0;0;0;1;0;1;2;2;0;94;83;11;2;1;1;96;84;12;2018
621110;Widerstand gegen Vollstreckungsbeamte und gleichstehende Personen;8231000;Pforzheim;insg.;27;20;7;0;0;0;0;0;0;0;0;0;0;0;0;1;0;1;25;19;6;1;1;0;26;20;6;2018
621110;Widerstand gegen Vollstreckungsbeamte und gleichstehende Personen;12054000;Potsdam;insg.;56;47;9;0;0;0;0;0;0;0;0;0;0;0;0;1;0;1;55;47;8;0;0;0;55;47;8;2018
621110;Widerstand gegen Vollstreckungsbeamte und gleichstehende Personen;5562032;Recklinghausen;insg.;168;126;42;0;0;0;0;0;0;0;0;0;1;0;1;4;3;1;160;120;40;3;3;0;163;123;40;2018
621110;Widerstand gegen Vollstreckungsbeamte und gleichstehende Personen;9362000;Regensburg;insg.;71;64;7;0;0;0;0;0;0;0;0;0;0;0;0;0;0;0;71;64;7;0;0;0;71;64;7;2018
621110;Widerstand gegen Vollstreckungsbeamte und gleichstehende Personen;5120000;Remscheid;insg.;88;61;27;0;0;0;0;0;0;0;0;0;0;0;0;1;0;1;84;60;24;3;1;2;87;61;26;2018
621110;Widerstand gegen Vollstreckungsbeamte und gleichstehende Personen;8415061;Reutlingen;insg.;25;19;6;0;0;0;0;0;0;0;0;0;0;0;0;1;1;0;24;18;6;0;0;0;24;18;6;2018
621110;Widerstand gegen Vollstreckungsbeamte und gleichstehende Personen;13003000;Rostock;insg.;212;175;37;0;0;0;0;0;0;0;0;0;0;0;0;2;2;0;207;170;37;3;3;0;210;173;37;2018
621110;Widerstand gegen Vollstreckungsbeamte und gleichstehende Personen;10041100;Saarbruecken;insg.;348;284;64;0;0;0;0;0;0;0;0;0;0;0;0;1;1;0;344;280;64;3;3;0;347;283;64;2018
621110;Widerstand gegen Vollstreckungsbeamte und gleichstehende Personen;3102000;Salzgitter;insg.;23;18;5;0;0;0;0;0;0;0;0;0;0;0;0;1;0;1;22;18;4;0;0;0;22;18;4;2018
621110;Widerstand gegen Vollstreckungsbeamte und gleichstehende Personen;13004000;Schwerin;insg.;148;130;18;0;0;0;0;0;0;0;0;0;0;0;0;1;1;0;144;126;18;3;3;0;147;129;18;2018
621110;Widerstand gegen Vollstreckungsbeamte und gleichstehende Personen;5970040;Siegen;insg.;136;91;45;0;0;0;0;0;0;0;0;0;1;0;1;0;0;0;134;90;44;1;1;0;135;91;44;2018
621110;Widerstand gegen Vollstreckungsbeamte und gleichstehende Personen;5122000;Solingen;insg.;85;68;17;0;0;0;0;0;0;0;0;0;0;0;0;1;1;0;81;65;16;3;2;1;84;67;17;2018
621110;Widerstand gegen Vollstreckungsbeamte und gleichstehende Personen;8111000;Stuttgart;insg.;794;665;129;0;0;0;0;0;0;0;0;0;1;1;0;10;7;3;781;655;126;2;2;0;783;657;126;2018
621110;Widerstand gegen Vollstreckungsbeamte und gleichstehende Personen;7211000;Trier;insg.;171;140;31;0;0;0;0;0;0;0;0;0;0;0;0;1;1;0;169;138;31;1;1;0;170;139;31;2018
621110;Widerstand gegen Vollstreckungsbeamte und gleichstehende Personen;8421000;Ulm;insg.;54;48;6;0;0;0;0;0;0;0;0;0;0;0;0;0;0;0;54;48;6;0;0;0;54;48;6;2018
621110;Widerstand gegen Vollstreckungsbeamte und gleichstehende Personen;6414000;Wiesbaden;insg.;143;123;20;0;0;0;0;0;0;0;0;0;0;0;0;1;1;0;141;121;20;1;1;0;142;122;20;2018
621110;Widerstand gegen Vollstreckungsbeamte und gleichstehende Personen;3103000;Wolfsburg;insg.;47;36;11;0;0;0;0;0;0;0;0;0;0;0;0;2;1;1;44;34;10;1;1;0;45;35;10;2018
621110;Widerstand gegen Vollstreckungsbeamte und gleichstehende Personen;5124000;Wuppertal;insg.;521;374;147;0;0;0;1;0;1;1;0;1;1;1;0;7;5;2;504;362;142;8;6;2;512;368;144;2018
621110;Widerstand gegen Vollstreckungsbeamte und gleichstehende Personen;9663000;Wuerzburg;insg.;24;22;2;0;0;0;0;0;0;0;0;0;0;0;0;0;0;0;24;22;2;0;0;0;24;22;2;2018
621120;Taetlicher Angriff auf Vollstreckungsbeamte;5334002;Aachen;insg.;45;41;4;0;0;0;0;0;0;0;0;0;0;0;0;2;2;0;43;39;4;0;0;0;43;39;4;2018
621120;Taetlicher Angriff auf Vollstreckungsbeamte;9761000;Augsburg;insg.;243;204;39;0;0;0;0;0;0;0;0;0;0;0;0;3;1;2;240;203;37;0;0;0;240;203;37;2018
621120;Taetlicher Angriff auf Vollstreckungsbeamte;5378004;Bergisch Gladbach;insg.;0;0;0;0;0;0;0;0;0;0;0;0;0;0;0;0;0;0;0;0;0;0;0;0;0;0;0;2018
621120;Taetlicher Angriff auf Vollstreckungsbeamte;11000000;Berlin;insg.;871;742;129;1;1;0;0;0;0;1;1;0;0;0;0;5;5;0;860;732;128;5;4;1;865;736;129;2018
621120;Taetlicher Angriff auf Vollstreckungsbeamte;5711000;Bielefeld;insg.;51;43;8;0;0;0;0;0;0;0;0;0;0;0;0;0;0;0;51;43;8;0;0;0;51;43;8;2018
621120;Taetlicher Angriff auf Vollstreckungsbeamte;5911000;Bochum;insg.;99;78;21;0;0;0;0;0;0;0;0;0;0;0;0;5;4;1;93;73;20;1;1;0;94;74;20;2018
621120;Taetlicher Angriff auf Vollstreckungsbeamte;5314000;Bonn;insg.;75;54;21;0;0;0;0;0;0;0;0;0;0;0;0;3;2;1;72;52;20;0;0;0;72;52;20;2018
621120;Taetlicher Angriff auf Vollstreckungsbeamte;5512000;Bottrop;insg.;9;5;4;0;0;0;0;0;0;0;0;0;0;0;0;0;0;0;9;5;4;0;0;0;9;5;4;2018
621120;Taetlicher Angriff auf Vollstreckungsbeamte;3101000;Braunschweig;insg.;241;199;42;0;0;0;0;0;0;0;0;0;0;0;0;4;4;0;236;194;42;1;1;0;237;195;42;2018
621120;Taetlicher Angriff auf Vollstreckungsbeamte;4011000;Bremen;insg.;146;117;29;0;0;0;0;0;0;0;0;0;0;0;0;1;1;0;143;114;29;2;2;0;145;116;29;2018
621120;Taetlicher Angriff auf Vollstreckungsbeamte;4012000;Bremerhaven;insg.;41;31;10;0;0;0;0;0;0;0;0;0;0;0;0;0;0;0;41;31;10;0;0;0;41;31;10;2018
621120;Taetlicher Angriff auf Vollstreckungsbeamte;14511000;Chemnitz;insg.;36;24;12;0;0;0;0;0;0;0;0;0;0;0;0;0;0;0;36;24;12;0;0;0;36;24;12;2018
621120;Taetlicher Angriff auf Vollstreckungsbeamte;12052000;Cottbus;insg.;68;57;11;0;0;0;0;0;0;0;0;0;0;0;0;0;0;0;68;57;11;0;0;0;68;57;11;2018
621120;Taetlicher Angriff auf Vollstreckungsbeamte;6411000;Darmstadt;insg.;4;4;0;0;0;0;0;0;0;0;0;0;0;0;0;0;0;0;4;4;0;0;0;0;4;4;0;2018
621120;Taetlicher Angriff auf Vollstreckungsbeamte;5913000;Dortmund;insg.;774;630;144;0;0;0;0;0;0;0;0;0;3;2;1;7;6;1;760;619;141;4;3;1;764;622;142;2018
621120;Taetlicher Angriff auf Vollstreckungsbeamte;14612000;Dresden;insg.;53;46;7;0;0;0;0;0;0;0;0;0;0;0;0;1;0;1;52;46;6;0;0;0;52;46;6;2018
621120;Taetlicher Angriff auf Vollstreckungsbeamte;5112000;Duisburg;insg.;28;27;1;0;0;0;0;0;0;0;0;0;0;0;0;0;0;0;28;27;1;0;0;0;28;27;1;2018
621120;Taetlicher Angriff auf Vollstreckungsbeamte;5111000;Duesseldorf;insg.;205;162;43;0;0;0;0;0;0;0;0;0;0;0;0;7;4;3;197;157;40;1;1;0;198;158;40;2018
621120;Taetlicher Angriff auf Vollstreckungsbeamte;16051000;Erfurt;insg.;23;21;2;0;0;0;0;0;0;0;0;0;0;0;0;2;1;1;21;20;1;0;0;0;21;20;1;2018
621120;Taetlicher Angriff auf Vollstreckungsbeamte;9562000;Erlangen;insg.;33;28;5;0;0;0;0;0;0;0;0;0;0;0;0;1;1;0;32;27;5;0;0;0;32;27;5;2018
621120;Taetlicher Angriff auf Vollstreckungsbeamte;5113000;Essen;insg.;99;88;11;0;0;0;0;0;0;0;0;0;0;0;0;1;0;1;97;87;10;1;1;0;98;88;10;2018
621120;Taetlicher Angriff auf Vollstreckungsbeamte;6412000;Frankfurt am Main;insg.;204;168;36;0;0;0;0;0;0;0;0;0;0;0;0;4;4;0;199;163;36;1;1;0;200;164;36;2018
621120;Taetlicher Angriff auf Vollstreckungsbeamte;8311000;Freiburg im Breisgau;insg.;284;228;56;0;0;0;0;0;0;0;0;0;0;0;0;2;1;1;279;224;55;3;3;0;282;227;55;2018
621120;Taetlicher Angriff auf Vollstreckungsbeamte;9563000;Fuerth;insg.;89;81;8;0;0;0;0;0;0;0;0;0;0;0;0;0;0;0;88;80;8;1;1;0;89;81;8;2018
621120;Taetlicher Angriff auf Vollstreckungsbeamte;5513000;Gelsenkirchen;insg.;19;17;2;0;0;0;0;0;0;0;0;0;0;0;0;0;0;0;19;17;2;0;0;0;19;17;2;2018
621120;Taetlicher Angriff auf Vollstreckungsbeamte;3159016;Goettingen;insg.;121;92;29;0;0;0;0;0;0;0;0;0;0;0;0;2;0;2;114;87;27;5;5;0;119;92;27;2018
621120;Taetlicher Angriff auf Vollstreckungsbeamte;5914000;Hagen;insg.;15;14;1;0;0;0;0;0;0;0;0;0;0;0;0;0;0;0;14;13;1;1;1;0;15;14;1;2018
621120;Taetlicher Angriff auf Vollstreckungsbeamte;15002000;Halle (Saale);insg.;58;51;7;0;0;0;0;0;0;0;0;0;0;0;0;1;0;1;57;51;6;0;0;0;57;51;6;2018
621120;Taetlicher Angriff auf Vollstreckungsbeamte;2000000;Hamburg;insg.;1022;826;196;3;2;1;0;0;0;3;2;1;0;0;0;17;12;5;1002;812;190;0;0;0;1002;812;190;2018
621120;Taetlicher Angriff auf Vollstreckungsbeamte;5915000;Hamm;insg.;5;3;2;0;0;0;0;0;0;0;0;0;0;0;0;0;0;0;5;3;2;0;0;0;5;3;2;2018
621120;Taetlicher Angriff auf Vollstreckungsbeamte;3241001;Hannover;insg.;487;390;97;0;0;0;0;0;0;0;0;0;0;0;0;7;3;4;478;385;93;2;2;0;480;387;93;2018
621120;Taetlicher Angriff auf Vollstreckungsbeamte;8221000;Heidelberg;insg.;136;116;20;0;0;0;0;0;0;0;0;0;0;0;0;0;0;0;136;116;20;0;0;0;136;116;20;2018
621120;Taetlicher Angriff auf Vollstreckungsbeamte;8121000;Heilbronn;insg.;69;56;13;0;0;0;0;0;0;0;0;0;0;0;0;2;2;0;67;54;13;0;0;0;67;54;13;2018
621120;Taetlicher Angriff auf Vollstreckungsbeamte;5916000;Herne;insg.;16;10;6;0;0;0;0;0;0;0;0;0;0;0;0;0;0;0;16;10;6;0;0;0;16;10;6;2018
621120;Taetlicher Angriff auf Vollstreckungsbeamte;3254021;Hildesheim;insg.;79;54;25;0;0;0;0;0;0;0;0;0;0;0;0;2;1;1;76;52;24;1;1;0;77;53;24;2018
621120;Taetlicher Angriff auf Vollstreckungsbeamte;9161000;Ingolstadt;insg.;121;97;24;0;0;0;0;0;0;0;0;0;0;0;0;4;2;2;116;94;22;1;1;0;117;95;22;2018
621120;Taetlicher Angriff auf Vollstreckungsbeamte;16053000;Jena;insg.;17;16;1;0;0;0;0;0;0;0;0;0;0;0;0;1;1;0;16;15;1;0;0;0;16;15;1;2018
621120;Taetlicher Angriff auf Vollstreckungsbeamte;8212000;Karlsruhe;insg.;227;183;44;0;0;0;0;0;0;0;0;0;0;0;0;3;3;0;222;179;43;2;1;1;224;180;44;2018
621120;Taetlicher Angriff auf Vollstreckungsbeamte;6611000;Kassel;insg.;37;30;7;0;0;0;0;0;0;0;0;0;0;0;0;4;1;3;33;29;4;0;0;0;33;29;4;2018
621120;Taetlicher Angriff auf Vollstreckungsbeamte;1002000;Kiel;insg.;184;158;26;0;0;0;0;0;0;0;0;0;0;0;0;1;0;1;183;158;25;0;0;0;183;158;25;2018
621120;Taetlicher Angriff auf Vollstreckungsbeamte;7111000;Koblenz;insg.;65;49;16;0;0;0;0;0;0;0;0;0;0;0;0;0;0;0;65;49;16;0;0;0;65;49;16;2018
621120;Taetlicher Angriff auf Vollstreckungsbeamte;5315000;Koeln;insg.;299;219;80;0;0;0;0;0;0;0;0;0;0;0;0;3;2;1;295;216;79;1;1;0;296;217;79;2018
621120;Taetlicher Angriff auf Vollstreckungsbeamte;5114000;Krefeld;insg.;84;61;23;0;0;0;0;0;0;0;0;0;0;0;0;2;0;2;82;61;21;0;0;0;82;61;21;2018
621120;Taetlicher Angriff auf Vollstreckungsbeamte;14713000;Leipzig;insg.;87;70;17;0;0;0;0;0;0;0;0;0;0;0;0;0;0;0;87;70;17;0;0;0;87;70;17;2018
621120;Taetlicher Angriff auf Vollstreckungsbeamte;5316000;Leverkusen;insg.;37;32;5;0;0;0;0;0;0;0;0;0;0;0;0;0;0;0;37;32;5;0;0;0;37;32;5;2018
621120;Taetlicher Angriff auf Vollstreckungsbeamte;1003000;Luebeck;insg.;235;190;45;0;0;0;0;0;0;0;0;0;0;0;0;12;8;4;223;182;41;0;0;0;223;182;41;2018
621120;Taetlicher Angriff auf Vollstreckungsbeamte;7314000;Ludwigshafen am Rhein;insg.;89;55;34;0;0;0;0;0;0;0;0;0;0;0;0;0;0;0;87;53;34;2;2;0;89;55;34;2018
621120;Taetlicher Angriff auf Vollstreckungsbeamte;15003000;Magdeburg;insg.;72;55;17;0;0;0;0;0;0;0;0;0;0;0;0;3;2;1;69;53;16;0;0;0;69;53;16;2018
621120;Taetlicher Angriff auf Vollstreckungsbeamte;7315000;Mainz;insg.;89;75;14;0;0;0;0;0;0;0;0;0;0;0;0;1;1;0;87;73;14;1;1;0;88;74;14;2018
621120;Taetlicher Angriff auf Vollstreckungsbeamte;8222000;Mannheim;insg.;319;273;46;0;0;0;0;0;0;0;0;0;0;0;0;3;3;0;315;270;45;1;0;1;316;270;46;2018
621120;Taetlicher Angriff auf Vollstreckungsbeamte;5170024;Moers;insg.;0;0;0;0;0;0;0;0;0;0;0;0;0;0;0;0;0;0;0;0;0;0;0;0;0;0;0;2018
621120;Taetlicher Angriff auf Vollstreckungsbeamte;5116000;Moenchengladbach;insg.;41;33;8;0;0;0;0;0;0;0;0;0;0;0;0;2;1;1;39;32;7;0;0;0;39;32;7;2018
621120;Taetlicher Angriff auf Vollstreckungsbeamte;5117000;Muelheim an der Ruhr;insg.;1;1;0;0;0;0;0;0;0;0;0;0;0;0;0;0;0;0;1;1;0;0;0;0;1;1;0;2018
621120;Taetlicher Angriff auf Vollstreckungsbeamte;9162000;Muenchen;insg.;1099;908;191;0;0;0;0;0;0;0;0;0;0;0;0;27;22;5;1072;886;186;0;0;0;1072;886;186;2018
621120;Taetlicher Angriff auf Vollstreckungsbeamte;5515000;Muenster;insg.;17;16;1;0;0;0;0;0;0;0;0;0;0;0;0;0;0;0;16;15;1;1;1;0;17;16;1;2018
621120;Taetlicher Angriff auf Vollstreckungsbeamte;5162024;Neuss;insg.;16;11;5;0;0;0;0;0;0;0;0;0;0;0;0;0;0;0;16;11;5;0;0;0;16;11;5;2018
621120;Taetlicher Angriff auf Vollstreckungsbeamte;9564000;Nuernberg;insg.;327;264;63;0;0;0;0;0;0;0;0;0;0;0;0;2;2;0;323;260;63;2;2;0;325;262;63;2018
621120;Taetlicher Angriff auf Vollstreckungsbeamte;5119000;Oberhausen;insg.;23;20;3;0;0;0;0;0;0;0;0;0;0;0;0;0;0;0;23;20;3;0;0;0;23;20;3;2018
621120;Taetlicher Angriff auf Vollstreckungsbeamte;6413000;Offenbach am Main;insg.;14;9;5;0;0;0;0;0;0;0;0;0;0;0;0;0;0;0;14;9;5;0;0;0;14;9;5;2018
621120;Taetlicher Angriff auf Vollstreckungsbeamte;3403000;Oldenburg (Oldenburg);insg.;96;74;22;0;0;0;0;0;0;0;0;0;0;0;0;2;0;2;92;72;20;2;2;0;94;74;20;2018
621120;Taetlicher Angriff auf Vollstreckungsbeamte;3404000;Osnabrueck;insg.;78;62;16;0;0;0;0;0;0;0;0;0;0;0;0;0;0;0;76;60;16;2;2;0;78;62;16;2018
621120;Taetlicher Angriff auf Vollstreckungsbeamte;5774032;Paderborn;insg.;37;28;9;0;0;0;0;0;0;0;0;0;0;0;0;0;0;0;37;28;9;0;0;0;37;28;9;2018
621120;Taetlicher Angriff auf Vollstreckungsbeamte;8231000;Pforzheim;insg.;54;38;16;0;0;0;0;0;0;0;0;0;0;0;0;2;0;2;52;38;14;0;0;0;52;38;14;2018
621120;Taetlicher Angriff auf Vollstreckungsbeamte;12054000;Potsdam;insg.;68;56;12;0;0;0;0;0;0;0;0;0;0;0;0;0;0;0;66;54;12;2;2;0;68;56;12;2018
621120;Taetlicher Angriff auf Vollstreckungsbeamte;5562032;Recklinghausen;insg.;71;49;22;0;0;0;0;0;0;0;0;0;0;0;0;2;2;0;69;47;22;0;0;0;69;47;22;2018
621120;Taetlicher Angriff auf Vollstreckungsbeamte;9362000;Regensburg;insg.;133;116;17;0;0;0;0;0;0;0;0;0;0;0;0;4;1;3;129;115;14;0;0;0;129;115;14;2018
621120;Taetlicher Angriff auf Vollstreckungsbeamte;5120000;Remscheid;insg.;5;5;0;0;0;0;0;0;0;0;0;0;0;0;0;0;0;0;5;5;0;0;0;0;5;5;0;2018
621120;Taetlicher Angriff auf Vollstreckungsbeamte;8415061;Reutlingen;insg.;53;45;8;0;0;0;0;0;0;0;0;0;0;0;0;2;2;0;49;41;8;2;2;0;51;43;8;2018
621120;Taetlicher Angriff auf Vollstreckungsbeamte;13003000;Rostock;insg.;34;25;9;0;0;0;0;0;0;0;0;0;0;0;0;0;0;0;34;25;9;0;0;0;34;25;9;2018
621120;Taetlicher Angriff auf Vollstreckungsbeamte;10041100;Saarbruecken;insg.;115;99;16;0;0;0;0;0;0;0;0;0;0;0;0;1;1;0;114;98;16;0;0;0;114;98;16;2018
621120;Taetlicher Angriff auf Vollstreckungsbeamte;3102000;Salzgitter;insg.;28;23;5;0;0;0;0;0;0;0;0;0;0;0;0;0;0;0;28;23;5;0;0;0;28;23;5;2018
621120;Taetlicher Angriff auf Vollstreckungsbeamte;13004000;Schwerin;insg.;34;30;4;0;0;0;0;0;0;0;0;0;0;0;0;0;0;0;33;29;4;1;1;0;34;30;4;2018
621120;Taetlicher Angriff auf Vollstreckungsbeamte;5970040;Siegen;insg.;56;42;14;0;0;0;0;0;0;0;0;0;0;0;0;0;0;0;54;40;14;2;2;0;56;42;14;2018
621120;Taetlicher Angriff auf Vollstreckungsbeamte;5122000;Solingen;insg.;1;1;0;0;0;0;0;0;0;0;0;0;0;0;0;0;0;0;1;1;0;0;0;0;1;1;0;2018
621120;Taetlicher Angriff auf Vollstreckungsbeamte;8111000;Stuttgart;insg.;920;723;197;0;0;0;0;0;0;0;0;0;0;0;0;13;8;5;906;714;192;1;1;0;907;715;192;2018
621120;Taetlicher Angriff auf Vollstreckungsbeamte;7211000;Trier;insg.;61;53;8;0;0;0;0;0;0;0;0;0;0;0;0;0;0;0;61;53;8;0;0;0;61;53;8;2018
621120;Taetlicher Angriff auf Vollstreckungsbeamte;8421000;Ulm;insg.;96;76;20;0;0;0;0;0;0;0;0;0;0;0;0;2;2;0;94;74;20;0;0;0;94;74;20;2018
621120;Taetlicher Angriff auf Vollstreckungsbeamte;6414000;Wiesbaden;insg.;42;35;7;0;0;0;0;0;0;0;0;0;0;0;0;0;0;0;42;35;7;0;0;0;42;35;7;2018
621120;Taetlicher Angriff auf Vollstreckungsbeamte;3103000;Wolfsburg;insg.;63;53;10;0;0;0;0;0;0;0;0;0;0;0;0;1;1;0;61;52;9;1;0;1;62;52;10;2018
621120;Taetlicher Angriff auf Vollstreckungsbeamte;5124000;Wuppertal;insg.;105;78;27;0;0;0;0;0;0;0;0;0;1;1;0;0;0;0;103;76;27;1;1;0;104;77;27;2018
621120;Taetlicher Angriff auf Vollstreckungsbeamte;9663000;Wuerzburg;insg.;137;117;20;0;0;0;0;0;0;0;0;0;0;0;0;6;5;1;131;112;19;0;0;0;131;112;19;2018
892000;Gewaltkriminalitaet;5334002;Aachen;insg.;1185;798;387;2;0;2;41;28;13;43;28;15;105;65;40;154;117;37;812;553;259;71;35;36;883;588;295;2018
892000;Gewaltkriminalitaet;9761000;Augsburg;insg.;1054;752;302;5;2;3;34;23;11;39;25;14;75;45;30;137;98;39;761;559;202;42;25;17;803;584;219;2018
892000;Gewaltkriminalitaet;5378004;Bergisch Gladbach;insg.;287;204;83;0;0;0;13;7;6;13;7;6;55;45;10;45;39;6;148;98;50;26;15;11;174;113;61;2018
892000;Gewaltkriminalitaet;11000000;Berlin;insg.;19362;13873;5489;103;64;39;800;589;211;903;653;250;1896;1374;522;1734;1288;446;13706;9928;3778;1123;630;493;14829;10558;4271;2018
892000;Gewaltkriminalitaet;5711000;Bielefeld;insg.;993;671;322;1;1;0;26;18;8;27;19;8;90;65;25;129;83;46;694;475;219;53;29;24;747;504;243;2018
892000;Gewaltkriminalitaet;5911000;Bochum;insg.;1613;1131;482;3;2;1;119;75;44;122;77;45;196;152;44;172;124;48;1047;736;311;76;42;34;1123;778;345;2018
892000;Gewaltkriminalitaet;5314000;Bonn;insg.;1261;858;403;4;3;1;46;34;12;50;37;13;126;84;42;120;85;35;907;619;288;58;33;25;965;652;313;2018
892000;Gewaltkriminalitaet;5512000;Bottrop;insg.;324;215;109;0;0;0;11;3;8;11;3;8;39;26;13;44;31;13;213;146;67;17;9;8;230;155;75;2018
892000;Gewaltkriminalitaet;3101000;Braunschweig;insg.;900;635;265;6;3;3;32;24;8;38;27;11;79;50;29;129;92;37;621;444;177;33;22;11;654;466;188;2018
892000;Gewaltkriminalitaet;4011000;Bremen;insg.;2937;2085;852;6;3;3;66;43;23;72;46;26;245;178;67;439;349;90;2000;1419;581;181;93;88;2181;1512;669;2018
892000;Gewaltkriminalitaet;4012000;Bremerhaven;insg.;702;499;203;3;2;1;17;13;4;20;15;5;54;43;11;78;56;22;516;369;147;34;16;18;550;385;165;2018
892000;Gewaltkriminalitaet;14511000;Chemnitz;insg.;841;618;223;2;1;1;22;15;7;24;16;8;98;71;27;101;82;19;564;422;142;54;27;27;618;449;169;2018
892000;Gewaltkriminalitaet;12052000;Cottbus;insg.;417;283;134;4;3;1;11;9;2;15;12;3;57;34;23;54;38;16;272;187;85;19;12;7;291;199;92;2018
892000;Gewaltkriminalitaet;6411000;Darmstadt;insg.;541;396;145;4;2;2;26;17;9;30;19;11;44;31;13;68;56;12;374;273;101;25;17;8;399;290;109;2018
892000;Gewaltkriminalitaet;5913000;Dortmund;insg.;3370;2344;1026;4;2;2;177;126;51;181;128;53;358;232;126;434;292;142;2208;1587;621;189;105;84;2397;1692;705;2018
892000;Gewaltkriminalitaet;14612000;Dresden;insg.;1872;1472;400;8;5;3;57;43;14;65;48;17;159;107;52;224;179;45;1350;1100;250;74;38;36;1424;1138;286;2018
892000;Gewaltkriminalitaet;5112000;Duisburg;insg.;2120;1415;705;12;4;8;121;93;28;133;97;36;209;151;58;199;124;75;1442;975;467;137;68;69;1579;1043;536;2018
892000;Gewaltkriminalitaet;5111000;Duesseldorf;insg.;2900;2166;734;7;6;1;66;46;20;73;52;21;203;147;56;318;234;84;2175;1654;521;131;79;52;2306;1733;573;2018
892000;Gewaltkriminalitaet;16051000;Erfurt;insg.;837;605;232;2;2;0;22;11;11;24;13;11;74;58;16;94;64;30;602;446;156;43;24;19;645;470;175;2018
892000;Gewaltkriminalitaet;9562000;Erlangen;insg.;212;145;67;0;0;0;6;3;3;6;3;3;19;11;8;32;24;8;146;102;44;9;5;4;155;107;48;2018
892000;Gewaltkriminalitaet;5113000;Essen;insg.;1943;1213;730;2;2;0;72;47;25;74;49;25;183;115;68;220;139;81;1343;856;487;123;54;69;1466;910;556;2018
892000;Gewaltkriminalitaet;6412000;Frankfurt am Main;insg.;3828;2789;1039;35;27;8;68;45;23;103;72;31;200;129;71;373;283;90;2948;2178;770;204;127;77;3152;2305;847;2018
892000;Gewaltkriminalitaet;8311000;Freiburg im Breisgau;insg.;947;758;189;26;24;2;21;11;10;47;35;12;80;64;16;115;99;16;675;545;130;30;15;15;705;560;145;2018
892000;Gewaltkriminalitaet;9563000;Fuerth;insg.;236;154;82;1;1;0;10;6;4;11;7;4;26;11;15;21;15;6;168;113;55;10;8;2;178;121;57;2018
892000;Gewaltkriminalitaet;5513000;Gelsenkirchen;insg.;1089;768;321;4;3;1;64;48;16;68;51;17;132;93;39;97;80;17;725;507;218;67;37;30;792;544;248;2018
892000;Gewaltkriminalitaet;3159016;Goettingen;insg.;579;447;132;1;1;0;17;12;5;18;13;5;40;25;15;76;60;16;418;331;87;27;18;9;445;349;96;2018
892000;Gewaltkriminalitaet;5914000;Hagen;insg.;652;443;209;3;2;1;40;29;11;43;31;12;87;50;37;67;49;18;419;290;129;36;23;13;455;313;142;2018
892000;Gewaltkriminalitaet;15002000;Halle (Saale);insg.;1399;1037;362;6;5;1;62;42;20;68;47;21;154;115;39;201;154;47;926;696;230;50;25;25;976;721;255;2018
892000;Gewaltkriminalitaet;2000000;Hamburg;insg.;8744;6511;2233;29;21;8;362;269;93;391;290;101;737;519;218;905;685;220;6286;4750;1536;425;267;158;6711;5017;1694;2018
892000;Gewaltkriminalitaet;5915000;Hamm;insg.;659;440;219;2;2;0;28;21;7;30;23;7;97;71;26;79;50;29;418;277;141;35;19;16;453;296;157;2018
892000;Gewaltkriminalitaet;3241001;Hannover;insg.;2971;2220;751;8;4;4;76;46;30;84;50;34;255;182;73;382;286;96;2131;1638;493;119;64;55;2250;1702;548;2018
892000;Gewaltkriminalitaet;8221000;Heidelberg;insg.;654;495;159;5;3;2;14;12;2;19;15;4;50;27;23;102;81;21;452;353;99;31;19;12;483;372;111;2018
892000;Gewaltkriminalitaet;8121000;Heilbronn;insg.;419;280;139;3;1;2;8;4;4;11;5;6;22;11;11;48;39;9;317;211;106;21;14;7;338;225;113;2018
892000;Gewaltkriminalitaet;5916000;Herne;insg.;571;378;193;2;0;2;29;21;8;31;21;10;71;52;19;59;43;16;373;249;124;37;13;24;410;262;148;2018
892000;Gewaltkriminalitaet;3254021;Hildesheim;insg.;486;336;150;2;1;1;21;17;4;23;18;5;40;35;5;58;44;14;336;225;111;29;14;15;365;239;126;2018
892000;Gewaltkriminalitaet;9161000;Ingolstadt;insg.;482;368;114;1;1;0;7;5;2;8;6;2;33;23;10;58;46;12;369;287;82;14;6;8;383;293;90;2018
892000;Gewaltkriminalitaet;16053000;Jena;insg.;328;262;66;0;0;0;13;12;1;13;12;1;26;16;10;41;35;6;238;191;47;10;8;2;248;199;49;2018
892000;Gewaltkriminalitaet;8212000;Karlsruhe;insg.;947;665;282;6;5;1;21;13;8;27;18;9;70;48;22;117;89;28;694;487;207;39;23;16;733;510;223;2018
892000;Gewaltkriminalitaet;6611000;Kassel;insg.;924;629;295;7;6;1;29;23;6;36;29;7;59;29;30;116;85;31;672;462;210;41;24;17;713;486;227;2018
892000;Gewaltkriminalitaet;1002000;Kiel;insg.;1155;871;284;2;1;1;31;20;11;33;21;12;117;84;33;142;107;35;821;635;186;42;24;18;863;659;204;2018
892000;Gewaltkriminalitaet;7111000;Koblenz;insg.;556;416;140;3;2;1;16;10;6;19;12;7;48;35;13;70;55;15;392;296;96;27;18;9;419;314;105;2018
892000;Gewaltkriminalitaet;5315000;Koeln;insg.;6694;4622;2072;23;10;13;240;153;87;263;163;100;607;400;207;714;511;203;4783;3339;1444;327;209;118;5110;3548;1562;2018
892000;Gewaltkriminalitaet;5114000;Krefeld;insg.;825;544;281;4;2;2;49;38;11;53;40;13;113;85;28;78;53;25;528;341;187;53;25;28;581;366;215;2018
892000;Gewaltkriminalitaet;14713000;Leipzig;insg.;2368;1730;638;18;13;5;81;50;31;99;63;36;209;147;62;247;204;43;1701;1269;432;112;47;65;1813;1316;497;2018
892000;Gewaltkriminalitaet;5316000;Leverkusen;insg.;732;465;267;6;2;4;35;18;17;41;20;21;94;64;30;71;49;22;484;305;179;42;27;15;526;332;194;2018
892000;Gewaltkriminalitaet;1003000;Luebeck;insg.;1081;782;299;4;4;0;34;25;9;38;29;9;100;63;37;124;103;21;766;555;211;53;32;21;819;587;232;2018
892000;Gewaltkriminalitaet;7314000;Ludwigshafen am Rhein;insg.;948;653;295;4;1;3;72;55;17;76;56;20;123;89;34;114;89;25;598;400;198;37;19;18;635;419;216;2018
892000;Gewaltkriminalitaet;15003000;Magdeburg;insg.;1098;770;328;6;6;0;50;31;19;56;37;19;133;89;44;118;92;26;736;531;205;55;21;34;791;552;239;2018
892000;Gewaltkriminalitaet;7315000;Mainz;insg.;922;685;237;6;3;3;20;15;5;26;18;8;88;58;30;138;106;32;639;482;157;31;21;10;670;503;167;2018
892000;Gewaltkriminalitaet;8222000;Mannheim;insg.;1428;1007;421;9;6;3;47;30;17;56;36;20;112;73;39;160;105;55;1034;753;281;66;40;26;1100;793;307;2018
892000;Gewaltkriminalitaet;5170024;Moers;insg.;318;218;100;1;1;0;15;13;2;16;14;2;42;23;19;39;32;7;188;130;58;33;19;14;221;149;72;2018
892000;Gewaltkriminalitaet;5116000;Moenchengladbach;insg.;887;576;311;3;1;2;32;26;6;35;27;8;111;72;39;94;61;33;585;378;207;62;38;24;647;416;231;2018
892000;Gewaltkriminalitaet;5117000;Muelheim an der Ruhr;insg.;424;236;188;3;0;3;26;17;9;29;17;12;43;27;16;42;25;17;276;151;125;34;16;18;310;167;143;2018
892000;Gewaltkriminalitaet;9162000;Muenchen;insg.;4346;3122;1224;15;6;9;127;81;46;142;87;55;283;202;81;514;378;136;3196;2333;863;211;122;89;3407;2455;952;2018
892000;Gewaltkriminalitaet;5515000;Muenster;insg.;969;708;261;1;0;1;24;14;10;25;14;11;117;82;35;130;95;35;667;496;171;30;21;9;697;517;180;2018
892000;Gewaltkriminalitaet;5162024;Neuss;insg.;526;373;153;3;3;0;23;11;12;26;14;12;66;46;20;54;40;14;362;261;101;18;12;6;380;273;107;2018
892000;Gewaltkriminalitaet;9564000;Nuernberg;insg.;1974;1418;556;14;6;8;88;46;42;102;52;50;165;102;63;229;174;55;1389;1035;354;89;55;34;1478;1090;388;2018
892000;Gewaltkriminalitaet;5119000;Oberhausen;insg.;679;480;199;3;1;2;29;26;3;32;27;5;96;68;28;71;54;17;447;310;137;33;21;12;480;331;149;2018
892000;Gewaltkriminalitaet;6413000;Offenbach am Main;insg.;517;339;178;1;1;0;14;5;9;15;6;9;59;38;21;29;18;11;386;257;129;28;20;8;414;277;137;2018
892000;Gewaltkriminalitaet;3403000;Oldenburg (Oldenburg);insg.;637;454;183;1;0;1;14;11;3;15;11;4;62;42;20;104;77;27;426;302;124;30;22;8;456;324;132;2018
892000;Gewaltkriminalitaet;3404000;Osnabrueck;insg.;950;686;264;6;3;3;20;15;5;26;18;8;71;44;27;126;88;38;692;514;178;35;22;13;727;536;191;2018
892000;Gewaltkriminalitaet;5774032;Paderborn;insg.;456;331;125;2;0;2;10;8;2;12;8;4;35;19;16;75;60;15;318;237;81;16;7;9;334;244;90;2018
892000;Gewaltkriminalitaet;8231000;Pforzheim;insg.;487;370;117;7;2;5;17;12;5;24;14;10;38;28;10;68;56;12;331;256;75;26;16;10;357;272;85;2018
892000;Gewaltkriminalitaet;12054000;Potsdam;insg.;486;333;153;5;5;0;26;17;9;31;22;9;54;35;19;66;52;14;317;218;99;18;6;12;335;224;111;2018
892000;Gewaltkriminalitaet;5562032;Recklinghausen;insg.;550;378;172;0;0;0;13;11;2;13;11;2;53;30;23;65;51;14;383;263;120;36;23;13;419;286;133;2018
892000;Gewaltkriminalitaet;9362000;Regensburg;insg.;545;412;133;2;1;1;13;10;3;15;11;4;38;32;6;66;55;11;411;309;102;15;5;10;426;314;112;2018
892000;Gewaltkriminalitaet;5120000;Remscheid;insg.;343;227;116;3;2;1;33;24;9;36;26;10;44;33;11;38;21;17;212;141;71;13;6;7;225;147;78;2018
892000;Gewaltkriminalitaet;8415061;Reutlingen;insg.;370;266;104;2;2;0;13;9;4;15;11;4;29;20;9;73;60;13;242;168;74;11;7;4;253;175;78;2018
892000;Gewaltkriminalitaet;13003000;Rostock;insg.;786;599;187;4;4;0;53;38;15;57;42;15;120;88;32;90;76;14;489;377;112;30;16;14;519;393;126;2018
892000;Gewaltkriminalitaet;10041100;Saarbruecken;insg.;1224;896;328;9;6;3;57;41;16;66;47;19;128;102;26;164;121;43;803;592;211;63;34;29;866;626;240;2018
892000;Gewaltkriminalitaet;3102000;Salzgitter;insg.;348;230;118;2;1;1;20;13;7;22;14;8;49;34;15;43;28;15;219;146;73;15;8;7;234;154;80;2018
892000;Gewaltkriminalitaet;13004000;Schwerin;insg.;424;322;102;1;1;0;30;23;7;31;24;7;59;48;11;66;48;18;249;193;56;19;9;10;268;202;66;2018
892000;Gewaltkriminalitaet;5970040;Siegen;insg.;353;268;85;0;0;0;12;7;5;12;7;5;35;27;8;45;33;12;251;195;56;10;6;4;261;201;60;2018
892000;Gewaltkriminalitaet;5122000;Solingen;insg.;423;278;145;2;1;1;13;11;2;15;12;3;52;36;16;36;25;11;291;188;103;29;17;12;320;205;115;2018
892000;Gewaltkriminalitaet;8111000;Stuttgart;insg.;3100;2398;702;23;18;5;72;47;25;95;65;30;223;150;73;371;304;67;2323;1816;507;88;63;25;2411;1879;532;2018
892000;Gewaltkriminalitaet;7211000;Trier;insg.;418;292;126;1;1;0;7;4;3;8;5;3;42;28;14;71;50;21;283;200;83;14;9;5;297;209;88;2018
892000;Gewaltkriminalitaet;8421000;Ulm;insg.;416;320;96;5;5;0;12;8;4;17;13;4;27;19;8;61;54;7;286;220;66;25;14;11;311;234;77;2018
892000;Gewaltkriminalitaet;6414000;Wiesbaden;insg.;1213;805;408;4;1;3;53;28;25;57;29;28;160;110;50;131;102;29;798;530;268;67;34;33;865;564;301;2018
892000;Gewaltkriminalitaet;3103000;Wolfsburg;insg.;359;273;86;0;0;0;15;9;6;15;9;6;30;23;7;34;28;6;267;207;60;13;6;7;280;213;67;2018
892000;Gewaltkriminalitaet;5124000;Wuppertal;insg.;1534;1070;464;7;4;3;109;76;33;116;80;36;164;116;48;199;145;54;993;691;302;62;38;24;1055;729;326;2018
892000;Gewaltkriminalitaet;9663000;Wuerzburg;insg.;439;336;103;1;1;0;8;6;2;9;7;2;48;38;10;75;60;15;285;219;66;22;12;10;307;231;76;2018
892500;Mord, Totschlag und Toetung auf Verlangen;5334002;Aachen;insg.;16;11;5;1;0;1;0;0;0;1;0;1;0;0;0;1;1;0;11;9;2;3;1;2;14;10;4;2018
892500;Mord, Totschlag und Toetung auf Verlangen;9761000;Augsburg;insg.;7;4;3;2;1;1;0;0;0;2;1;1;0;0;0;0;0;0;4;3;1;1;0;1;5;3;2;2018
892500;Mord, Totschlag und Toetung auf Verlangen;5378004;Bergisch Gladbach;insg.;1;1;0;0;0;0;0;0;0;0;0;0;0;0;0;0;0;0;1;1;0;0;0;0;1;1;0;2018
892500;Mord, Totschlag und Toetung auf Verlangen;11000000;Berlin;insg.;229;133;96;5;2;3;1;1;0;6;3;3;9;5;4;18;11;7;167;101;66;29;13;16;196;114;82;2018
892500;Mord, Totschlag und Toetung auf Verlangen;5711000;Bielefeld;insg.;5;3;2;0;0;0;0;0;0;0;0;0;0;0;0;0;0;0;5;3;2;0;0;0;5;3;2;2018
892500;Mord, Totschlag und Toetung auf Verlangen;5911000;Bochum;insg.;13;11;2;0;0;0;0;0;0;0;0;0;1;1;0;0;0;0;11;10;1;1;0;1;12;10;2;2018
892500;Mord, Totschlag und Toetung auf Verlangen;5314000;Bonn;insg.;6;2;4;0;0;0;0;0;0;0;0;0;0;0;0;1;0;1;4;2;2;1;0;1;5;2;3;2018
892500;Mord, Totschlag und Toetung auf Verlangen;5512000;Bottrop;insg.;1;1;0;0;0;0;0;0;0;0;0;0;0;0;0;0;0;0;1;1;0;0;0;0;1;1;0;2018
892500;Mord, Totschlag und Toetung auf Verlangen;3101000;Braunschweig;insg.;6;5;1;0;0;0;0;0;0;0;0;0;0;0;0;2;1;1;4;4;0;0;0;0;4;4;0;2018
892500;Mord, Totschlag und Toetung auf Verlangen;4011000;Bremen;insg.;65;53;12;0;0;0;2;2;0;2;2;0;3;3;0;6;4;2;51;43;8;3;1;2;54;44;10;2018
892500;Mord, Totschlag und Toetung auf Verlangen;4012000;Bremerhaven;insg.;20;17;3;0;0;0;0;0;0;0;0;0;0;0;0;6;6;0;14;11;3;0;0;0;14;11;3;2018
892500;Mord, Totschlag und Toetung auf Verlangen;14511000;Chemnitz;insg.;8;5;3;0;0;0;0;0;0;0;0;0;0;0;0;0;0;0;8;5;3;0;0;0;8;5;3;2018
892500;Mord, Totschlag und Toetung auf Verlangen;12052000;Cottbus;insg.;0;0;0;0;0;0;0;0;0;0;0;0;0;0;0;0;0;0;0;0;0;0;0;0;0;0;0;2018
892500;Mord, Totschlag und Toetung auf Verlangen;6411000;Darmstadt;insg.;10;4;6;0;0;0;1;0;1;1;0;1;1;0;1;0;0;0;7;4;3;1;0;1;8;4;4;2018
892500;Mord, Totschlag und Toetung auf Verlangen;5913000;Dortmund;insg.;13;6;7;0;0;0;0;0;0;0;0;0;1;0;1;2;0;2;8;4;4;2;2;0;10;6;4;2018
892500;Mord, Totschlag und Toetung auf Verlangen;14612000;Dresden;insg.;13;8;5;1;0;1;0;0;0;1;0;1;1;1;0;0;0;0;8;6;2;3;1;2;11;7;4;2018
892500;Mord, Totschlag und Toetung auf Verlangen;5112000;Duisburg;insg.;19;9;10;2;1;1;0;0;0;2;1;1;0;0;0;0;0;0;15;8;7;2;0;2;17;8;9;2018
892500;Mord, Totschlag und Toetung auf Verlangen;5111000;Duesseldorf;insg.;35;24;11;0;0;0;1;0;1;1;0;1;1;0;1;2;2;0;27;21;6;4;1;3;31;22;9;2018
892500;Mord, Totschlag und Toetung auf Verlangen;16051000;Erfurt;insg.;5;3;2;0;0;0;0;0;0;0;0;0;1;1;0;1;1;0;2;1;1;1;0;1;3;1;2;2018
892500;Mord, Totschlag und Toetung auf Verlangen;9562000;Erlangen;insg.;3;3;0;0;0;0;0;0;0;0;0;0;0;0;0;0;0;0;3;3;0;0;0;0;3;3;0;2018
892500;Mord, Totschlag und Toetung auf Verlangen;5113000;Essen;insg.;24;12;12;0;0;0;0;0;0;0;0;0;2;1;1;1;0;1;15;10;5;6;1;5;21;11;10;2018
892500;Mord, Totschlag und Toetung auf Verlangen;6412000;Frankfurt am Main;insg.;58;42;16;2;1;1;3;2;1;5;3;2;4;4;0;4;4;0;37;26;11;8;5;3;45;31;14;2018
892500;Mord, Totschlag und Toetung auf Verlangen;8311000;Freiburg im Breisgau;insg.;5;2;3;0;0;0;0;0;0;0;0;0;0;0;0;1;0;1;3;2;1;1;0;1;4;2;2;2018
892500;Mord, Totschlag und Toetung auf Verlangen;9563000;Fuerth;insg.;4;4;0;0;0;0;0;0;0;0;0;0;0;0;0;0;0;0;4;4;0;0;0;0;4;4;0;2018
892500;Mord, Totschlag und Toetung auf Verlangen;5513000;Gelsenkirchen;insg.;4;3;1;0;0;0;0;0;0;0;0;0;0;0;0;1;1;0;3;2;1;0;0;0;3;2;1;2018
892500;Mord, Totschlag und Toetung auf Verlangen;3159016;Goettingen;insg.;5;4;1;1;1;0;0;0;0;1;1;0;0;0;0;0;0;0;4;3;1;0;0;0;4;3;1;2018
892500;Mord, Totschlag und Toetung auf Verlangen;5914000;Hagen;insg.;8;6;2;0;0;0;0;0;0;0;0;0;2;2;0;2;2;0;2;1;1;2;1;1;4;2;2;2018
892500;Mord, Totschlag und Toetung auf Verlangen;15002000;Halle (Saale);insg.;17;12;5;0;0;0;1;1;0;1;1;0;1;1;0;0;0;0;14;10;4;1;0;1;15;10;5;2018
892500;Mord, Totschlag und Toetung auf Verlangen;2000000;Hamburg;insg.;66;43;23;2;0;2;0;0;0;2;0;2;1;0;1;2;1;1;48;36;12;13;6;7;61;42;19;2018
892500;Mord, Totschlag und Toetung auf Verlangen;5915000;Hamm;insg.;4;3;1;0;0;0;0;0;0;0;0;0;1;1;0;0;0;0;3;2;1;0;0;0;3;2;1;2018
892500;Mord, Totschlag und Toetung auf Verlangen;3241001;Hannover;insg.;59;49;10;0;0;0;0;0;0;0;0;0;0;0;0;7;5;2;48;42;6;4;2;2;52;44;8;2018
892500;Mord, Totschlag und Toetung auf Verlangen;8221000;Heidelberg;insg.;7;4;3;1;0;1;0;0;0;1;0;1;0;0;0;0;0;0;5;4;1;1;0;1;6;4;2;2018
892500;Mord, Totschlag und Toetung auf Verlangen;8121000;Heilbronn;insg.;8;5;3;1;0;1;0;0;0;1;0;1;1;1;0;1;1;0;5;3;2;0;0;0;5;3;2;2018
892500;Mord, Totschlag und Toetung auf Verlangen;5916000;Herne;insg.;4;2;2;0;0;0;0;0;0;0;0;0;0;0;0;1;1;0;2;1;1;1;0;1;3;1;2;2018
892500;Mord, Totschlag und Toetung auf Verlangen;3254021;Hildesheim;insg.;10;8;2;0;0;0;0;0;0;0;0;0;0;0;0;2;2;0;7;6;1;1;0;1;8;6;2;2018
892500;Mord, Totschlag und Toetung auf Verlangen;9161000;Ingolstadt;insg.;4;2;2;0;0;0;0;0;0;0;0;0;0;0;0;0;0;0;3;2;1;1;0;1;4;2;2;2018
892500;Mord, Totschlag und Toetung auf Verlangen;16053000;Jena;insg.;3;3;0;0;0;0;0;0;0;0;0;0;0;0;0;0;0;0;3;3;0;0;0;0;3;3;0;2018
892500;Mord, Totschlag und Toetung auf Verlangen;8212000;Karlsruhe;insg.;4;1;3;0;0;0;0;0;0;0;0;0;0;0;0;0;0;0;2;0;2;2;1;1;4;1;3;2018
892500;Mord, Totschlag und Toetung auf Verlangen;6611000;Kassel;insg.;16;12;4;0;0;0;0;0;0;0;0;0;0;0;0;1;0;1;12;9;3;3;3;0;15;12;3;2018
892500;Mord, Totschlag und Toetung auf Verlangen;1002000;Kiel;insg.;18;10;8;1;0;1;0;0;0;1;0;1;0;0;0;1;0;1;13;8;5;3;2;1;16;10;6;2018
892500;Mord, Totschlag und Toetung auf Verlangen;7111000;Koblenz;insg.;3;2;1;0;0;0;0;0;0;0;0;0;0;0;0;0;0;0;3;2;1;0;0;0;3;2;1;2018
892500;Mord, Totschlag und Toetung auf Verlangen;5315000;Koeln;insg.;29;22;7;2;1;1;0;0;0;2;1;1;0;0;0;1;0;1;25;20;5;1;1;0;26;21;5;2018
892500;Mord, Totschlag und Toetung auf Verlangen;5114000;Krefeld;insg.;4;4;0;0;0;0;0;0;0;0;0;0;0;0;0;0;0;0;4;4;0;0;0;0;4;4;0;2018
892500;Mord, Totschlag und Toetung auf Verlangen;14713000;Leipzig;insg.;63;38;25;4;3;1;0;0;0;4;3;1;0;0;0;0;0;0;53;33;20;6;2;4;59;35;24;2018
892500;Mord, Totschlag und Toetung auf Verlangen;5316000;Leverkusen;insg.;0;0;0;0;0;0;0;0;0;0;0;0;0;0;0;0;0;0;0;0;0;0;0;0;0;0;0;2018
892500;Mord, Totschlag und Toetung auf Verlangen;1003000;Luebeck;insg.;4;3;1;0;0;0;0;0;0;0;0;0;0;0;0;0;0;0;2;2;0;2;1;1;4;3;1;2018
892500;Mord, Totschlag und Toetung auf Verlangen;7314000;Ludwigshafen am Rhein;insg.;6;6;0;0;0;0;0;0;0;0;0;0;1;1;0;0;0;0;5;5;0;0;0;0;5;5;0;2018
892500;Mord, Totschlag und Toetung auf Verlangen;15003000;Magdeburg;insg.;25;14;11;1;1;0;0;0;0;1;1;0;2;0;2;6;4;2;12;9;3;4;0;4;16;9;7;2018
892500;Mord, Totschlag und Toetung auf Verlangen;7315000;Mainz;insg.;7;5;2;1;0;1;0;0;0;1;0;1;0;0;0;0;0;0;6;5;1;0;0;0;6;5;1;2018
892500;Mord, Totschlag und Toetung auf Verlangen;8222000;Mannheim;insg.;26;23;3;1;0;1;0;0;0;1;0;1;2;1;1;1;1;0;20;19;1;2;2;0;22;21;1;2018
892500;Mord, Totschlag und Toetung auf Verlangen;5170024;Moers;insg.;2;2;0;0;0;0;0;0;0;0;0;0;0;0;0;0;0;0;1;1;0;1;1;0;2;2;0;2018
892500;Mord, Totschlag und Toetung auf Verlangen;5116000;Moenchengladbach;insg.;9;4;5;0;0;0;0;0;0;0;0;0;0;0;0;4;2;2;4;1;3;1;1;0;5;2;3;2018
892500;Mord, Totschlag und Toetung auf Verlangen;5117000;Muelheim an der Ruhr;insg.;4;2;2;1;0;1;1;0;1;2;0;2;0;0;0;0;0;0;1;1;0;1;1;0;2;2;0;2018
892500;Mord, Totschlag und Toetung auf Verlangen;9162000;Muenchen;insg.;35;21;14;0;0;0;1;0;1;1;0;1;1;1;0;4;4;0;22;13;9;7;3;4;29;16;13;2018
892500;Mord, Totschlag und Toetung auf Verlangen;5515000;Muenster;insg.;8;4;4;0;0;0;0;0;0;0;0;0;1;0;1;0;0;0;4;2;2;3;2;1;7;4;3;2018
892500;Mord, Totschlag und Toetung auf Verlangen;5162024;Neuss;insg.;2;1;1;1;1;0;0;0;0;1;1;0;0;0;0;0;0;0;1;0;1;0;0;0;1;0;1;2018
892500;Mord, Totschlag und Toetung auf Verlangen;9564000;Nuernberg;insg.;33;25;8;0;0;0;0;0;0;0;0;0;2;2;0;2;1;1;27;22;5;2;0;2;29;22;7;2018
892500;Mord, Totschlag und Toetung auf Verlangen;5119000;Oberhausen;insg.;10;7;3;1;0;1;0;0;0;1;0;1;0;0;0;0;0;0;9;7;2;0;0;0;9;7;2;2018
892500;Mord, Totschlag und Toetung auf Verlangen;6413000;Offenbach am Main;insg.;5;3;2;0;0;0;0;0;0;0;0;0;0;0;0;0;0;0;5;3;2;0;0;0;5;3;2;2018
892500;Mord, Totschlag und Toetung auf Verlangen;3403000;Oldenburg (Oldenburg);insg.;17;16;1;1;0;1;1;1;0;2;1;1;1;1;0;0;0;0;9;9;0;5;5;0;14;14;0;2018
892500;Mord, Totschlag und Toetung auf Verlangen;3404000;Osnabrueck;insg.;10;5;5;1;1;0;0;0;0;1;1;0;0;0;0;2;0;2;6;4;2;1;0;1;7;4;3;2018
892500;Mord, Totschlag und Toetung auf Verlangen;5774032;Paderborn;insg.;1;1;0;0;0;0;0;0;0;0;0;0;0;0;0;0;0;0;1;1;0;0;0;0;1;1;0;2018
892500;Mord, Totschlag und Toetung auf Verlangen;8231000;Pforzheim;insg.;10;8;2;0;0;0;1;0;1;1;0;1;0;0;0;1;1;0;7;6;1;1;1;0;8;7;1;2018
892500;Mord, Totschlag und Toetung auf Verlangen;12054000;Potsdam;insg.;3;3;0;1;1;0;0;0;0;1;1;0;0;0;0;0;0;0;2;2;0;0;0;0;2;2;0;2018
892500;Mord, Totschlag und Toetung auf Verlangen;5562032;Recklinghausen;insg.;5;4;1;0;0;0;0;0;0;0;0;0;0;0;0;0;0;0;4;3;1;1;1;0;5;4;1;2018
892500;Mord, Totschlag und Toetung auf Verlangen;9362000;Regensburg;insg.;6;4;2;0;0;0;0;0;0;0;0;0;0;0;0;0;0;0;6;4;2;0;0;0;6;4;2;2018
892500;Mord, Totschlag und Toetung auf Verlangen;5120000;Remscheid;insg.;2;1;1;0;0;0;0;0;0;0;0;0;0;0;0;1;0;1;1;1;0;0;0;0;1;1;0;2018
892500;Mord, Totschlag und Toetung auf Verlangen;8415061;Reutlingen;insg.;6;3;3;0;0;0;1;0;1;1;0;1;0;0;0;0;0;0;4;3;1;1;0;1;5;3;2;2018
892500;Mord, Totschlag und Toetung auf Verlangen;13003000;Rostock;insg.;4;4;0;0;0;0;0;0;0;0;0;0;0;0;0;0;0;0;4;4;0;0;0;0;4;4;0;2018
892500;Mord, Totschlag und Toetung auf Verlangen;10041100;Saarbruecken;insg.;13;9;4;1;1;0;0;0;0;1;1;0;1;1;0;2;2;0;8;5;3;1;0;1;9;5;4;2018
892500;Mord, Totschlag und Toetung auf Verlangen;3102000;Salzgitter;insg.;2;1;1;0;0;0;1;0;1;1;0;1;0;0;0;0;0;0;1;1;0;0;0;0;1;1;0;2018
892500;Mord, Totschlag und Toetung auf Verlangen;13004000;Schwerin;insg.;2;0;2;0;0;0;0;0;0;0;0;0;0;0;0;0;0;0;1;0;1;1;0;1;2;0;2;2018
892500;Mord, Totschlag und Toetung auf Verlangen;5970040;Siegen;insg.;1;0;1;0;0;0;0;0;0;0;0;0;0;0;0;0;0;0;0;0;0;1;0;1;1;0;1;2018
892500;Mord, Totschlag und Toetung auf Verlangen;5122000;Solingen;insg.;3;1;2;1;0;1;0;0;0;1;0;1;0;0;0;0;0;0;2;1;1;0;0;0;2;1;1;2018
892500;Mord, Totschlag und Toetung auf Verlangen;8111000;Stuttgart;insg.;46;34;12;3;1;2;0;0;0;3;1;2;0;0;0;3;2;1;35;29;6;5;2;3;40;31;9;2018
892500;Mord, Totschlag und Toetung auf Verlangen;7211000;Trier;insg.;1;0;1;0;0;0;0;0;0;0;0;0;0;0;0;0;0;0;1;0;1;0;0;0;1;0;1;2018
892500;Mord, Totschlag und Toetung auf Verlangen;8421000;Ulm;insg.;19;11;8;2;2;0;2;1;1;4;3;1;1;0;1;0;0;0;8;4;4;6;4;2;14;8;6;2018
892500;Mord, Totschlag und Toetung auf Verlangen;6414000;Wiesbaden;insg.;11;8;3;0;0;0;0;0;0;0;0;0;0;0;0;3;3;0;6;5;1;2;0;2;8;5;3;2018
892500;Mord, Totschlag und Toetung auf Verlangen;3103000;Wolfsburg;insg.;4;2;2;0;0;0;0;0;0;0;0;0;0;0;0;0;0;0;3;2;1;1;0;1;4;2;2;2018
892500;Mord, Totschlag und Toetung auf Verlangen;5124000;Wuppertal;insg.;17;10;7;2;1;1;0;0;0;2;1;1;0;0;0;1;1;0;12;7;5;2;1;1;14;8;6;2018
892500;Mord, Totschlag und Toetung auf Verlangen;9663000;Wuerzburg;insg.;12;11;1;0;0;0;0;0;0;0;0;0;1;1;0;1;1;0;10;9;1;0;0;0;10;9;1;2018
------;Straftaten insgesamt;5334002;Aachen;insg.;4132;2434;1698;24;13;11;148;84;64;172;97;75;234;127;107;392;245;147;3043;1783;1260;291;182;109;3334;1965;1369;2019
------;Straftaten insgesamt;9761000;Augsburg;insg.;5359;3552;1807;30;19;11;213;132;81;243;151;92;380;211;169;555;367;188;3923;2665;1258;258;158;100;4181;2823;1358;2019
------;Straftaten insgesamt;5378004;Bergisch Gladbach;insg.;1206;646;560;10;4;6;40;26;14;50;30;20;134;72;62;78;41;37;834;448;386;110;55;55;944;503;441;2019
------;Straftaten insgesamt;11000000;Berlin;insg.;82960;51316;31644;844;468;376;5117;2927;2190;5961;3395;2566;5714;3432;2282;5169;3151;2018;61181;38634;22547;4935;2704;2231;66116;41338;24778;2019
------;Straftaten insgesamt;5711000;Bielefeld;insg.;4088;2284;1804;37;23;14;180;107;73;217;130;87;280;160;120;371;202;169;2968;1658;1310;252;134;118;3220;1792;1428;2019
------;Straftaten insgesamt;5911000;Bochum;insg.;5914;3241;2673;49;32;17;272;160;112;321;192;129;475;269;206;530;279;251;4273;2335;1938;315;166;149;4588;2501;2087;2019
------;Straftaten insgesamt;5314000;Bonn;insg.;5353;3102;2251;52;30;22;289;142;147;341;172;169;405;248;157;451;271;180;3831;2229;1602;325;182;143;4156;2411;1745;2019
------;Straftaten insgesamt;5512000;Bottrop;insg.;1570;861;709;19;9;10;97;51;46;116;60;56;146;77;69;135;84;51;1068;584;484;105;56;49;1173;640;533;2019
------;Straftaten insgesamt;3101000;Braunschweig;insg.;3995;2447;1548;23;11;12;240;122;118;263;133;130;286;150;136;433;268;165;2811;1774;1037;202;122;80;3013;1896;1117;2019
------;Straftaten insgesamt;4011000;Bremen;insg.;10219;6129;4090;71;31;40;403;183;220;474;214;260;811;456;355;933;591;342;7388;4530;2858;613;338;275;8001;4868;3133;2019
------;Straftaten insgesamt;4012000;Bremerhaven;insg.;2534;1452;1082;21;10;11;123;67;56;144;77;67;217;125;92;181;90;91;1865;1083;782;127;77;50;1992;1160;832;2019
------;Straftaten insgesamt;14511000;Chemnitz;insg.;2895;1764;1131;54;33;21;204;94;110;258;127;131;244;137;107;233;137;96;1971;1267;704;189;96;93;2160;1363;797;2019
------;Straftaten insgesamt;12052000;Cottbus;insg.;1900;1111;789;15;8;7;149;73;76;164;81;83;172;70;102;178;102;76;1251;778;473;135;80;55;1386;858;528;2019
------;Straftaten insgesamt;6411000;Darmstadt;insg.;1648;1005;643;12;6;6;63;33;30;75;39;36;98;53;45;135;77;58;1242;777;465;98;59;39;1340;836;504;2019
------;Straftaten insgesamt;5913000;Dortmund;insg.;12231;7625;4606;65;39;26;617;355;262;682;394;288;890;509;381;1024;623;401;9017;5739;3278;618;360;258;9635;6099;3536;2019
------;Straftaten insgesamt;14612000;Dresden;insg.;6821;4319;2502;111;54;57;499;243;256;610;297;313;558;346;212;547;360;187;4751;3112;1639;355;204;151;5106;3316;1790;2019
------;Straftaten insgesamt;5112000;Duisburg;insg.;8291;4544;3747;71;40;31;548;317;231;619;357;262;717;411;306;650;327;323;5819;3200;2619;486;249;237;6305;3449;2856;2019
------;Straftaten insgesamt;5111000;Duesseldorf;insg.;10328;6449;3879;54;35;19;366;211;155;420;246;174;775;466;309;941;596;345;7633;4807;2826;559;334;225;8192;5141;3051;2019
------;Straftaten insgesamt;16051000;Erfurt;insg.;3314;1991;1323;32;16;16;259;132;127;291;148;143;246;138;108;321;203;118;2277;1413;864;179;89;90;2456;1502;954;2019
------;Straftaten insgesamt;9562000;Erlangen;insg.;1145;711;434;15;7;8;33;17;16;48;24;24;69;46;23;109;62;47;856;537;319;63;42;21;919;579;340;2019
------;Straftaten insgesamt;5113000;Essen;insg.;7549;4285;3264;54;28;26;475;273;202;529;301;228;562;306;256;554;300;254;5421;3105;2316;483;273;210;5904;3378;2526;2019
------;Straftaten insgesamt;6412000;Frankfurt am Main;insg.;12720;8172;4548;112;65;47;387;222;165;499;287;212;673;420;253;916;551;365;9956;6491;3465;676;423;253;10632;6914;3718;2019
------;Straftaten insgesamt;8311000;Freiburg im Breisgau;insg.;4469;3040;1429;46;31;15;153;84;69;199;115;84;335;207;128;420;292;128;3303;2290;1013;212;136;76;3515;2426;1089;2019
------;Straftaten insgesamt;9563000;Fuerth;insg.;947;542;405;10;6;4;52;29;23;62;35;27;94;46;48;86;48;38;647;375;272;58;38;20;705;413;292;2019
------;Straftaten insgesamt;5513000;Gelsenkirchen;insg.;4872;2648;2224;63;37;26;354;184;170;417;221;196;440;246;194;333;176;157;3403;1842;1561;279;163;116;3682;2005;1677;2019
------;Straftaten insgesamt;3159016;Goettingen;insg.;2316;1500;816;22;9;13;86;49;37;108;58;50;143;73;70;240;176;64;1712;1129;583;113;64;49;1825;1193;632;2019
------;Straftaten insgesamt;5754008;Guetersloh;insg.;1255;692;563;12;3;9;62;36;26;74;39;35;94;53;41;100;59;41;932;514;418;55;27;28;987;541;446;2019
------;Straftaten insgesamt;5914000;Hagen;insg.;3013;1734;1279;28;18;10;202;128;74;230;146;84;262;147;115;268;149;119;2103;1207;896;150;85;65;2253;1292;961;2019
------;Straftaten insgesamt;15002000;Halle (Saale);insg.;5014;3092;1922;44;29;15;401;224;177;445;253;192;447;291;156;422;256;166;3449;2151;1298;251;141;110;3700;2292;1408;2019
------;Straftaten insgesamt;2000000;Hamburg;insg.;32901;20147;12754;236;144;92;1807;1106;701;2043;1250;793;2203;1224;979;2686;1602;1084;24231;15056;9175;1738;1015;723;25969;16071;9898;2019
------;Straftaten insgesamt;5915000;Hamm;insg.;2587;1401;1186;33;20;13;139;77;62;172;97;75;260;118;142;203;115;88;1821;1002;819;131;69;62;1952;1071;881;2019
------;Straftaten insgesamt;3241001;Hannover;insg.;12269;7876;4393;98;55;43;499;282;217;597;337;260;812;481;331;1019;650;369;9250;6058;3192;591;350;241;9841;6408;3433;2019
------;Straftaten insgesamt;8221000;Heidelberg;insg.;2080;1354;726;22;14;8;95;39;56;117;53;64;94;59;35;172;114;58;1568;1052;516;129;76;53;1697;1128;569;2019
------;Straftaten insgesamt;8121000;Heilbronn;insg.;1569;935;634;19;14;5;68;37;31;87;51;36;112;65;47;139;81;58;1152;685;467;79;53;26;1231;738;493;2019
------;Straftaten insgesamt;5916000;Herne;insg.;2569;1388;1181;19;10;9;164;98;66;183;108;75;264;159;105;208;93;115;1766;955;811;148;73;75;1914;1028;886;2019
------;Straftaten insgesamt;3254021;Hildesheim;insg.;1866;1033;833;15;7;8;104;64;40;119;71;48;186;84;102;161;85;76;1298;736;562;102;57;45;1400;793;607;2019
------;Straftaten insgesamt;9161000;Ingolstadt;insg.;2135;1374;761;31;16;15;106;55;51;137;71;66;154;85;69;194;142;52;1550;1017;533;100;59;41;1650;1076;574;2019
------;Straftaten insgesamt;16053000;Jena;insg.;1361;785;576;28;10;18;223;42;181;251;52;199;74;38;36;109;78;31;868;590;278;59;27;32;927;617;310;2019
------;Straftaten insgesamt;8212000;Karlsruhe;insg.;3718;2394;1324;38;29;9;170;85;85;208;114;94;265;146;119;350;235;115;2684;1783;901;211;116;95;2895;1899;996;2019
------;Straftaten insgesamt;6611000;Kassel;insg.;3210;1913;1297;38;26;12;136;61;75;174;87;87;167;79;88;270;169;101;2434;1468;966;165;110;55;2599;1578;1021;2019
------;Straftaten insgesamt;1002000;Kiel;insg.;4198;2665;1533;41;19;22;224;139;85;265;158;107;323;204;119;369;227;142;3031;1959;1072;210;117;93;3241;2076;1165;2019
------;Straftaten insgesamt;7111000;Koblenz;insg.;2348;1548;800;11;8;3;87;54;33;98;62;36;176;116;60;264;177;87;1679;1109;570;131;84;47;1810;1193;617;2019
------;Straftaten insgesamt;5315000;Koeln;insg.;23264;13837;9427;155;82;73;983;514;469;1138;596;542;1523;843;680;1867;1096;771;17476;10565;6911;1260;737;523;18736;11302;7434;2019
------;Straftaten insgesamt;5114000;Krefeld;insg.;3662;2048;1614;32;12;20;197;95;102;229;107;122;278;158;120;296;164;132;2603;1478;1125;256;141;115;2859;1619;1240;2019
------;Straftaten insgesamt;14713000;Leipzig;insg.;8479;5275;3204;113;58;55;454;243;211;567;301;266;618;361;257;669;384;285;6148;3953;2195;477;276;201;6625;4229;2396;2019
------;Straftaten insgesamt;5316000;Leverkusen;insg.;2881;1618;1263;18;10;8;166;96;70;184;106;78;222;120;102;211;116;95;2045;1139;906;219;137;82;2264;1276;988;2019
------;Straftaten insgesamt;1003000;Luebeck;insg.;4558;2775;1783;30;15;15;205;113;92;235;128;107;301;158;143;371;241;130;3381;2102;1279;270;146;124;3651;2248;1403;2019
------;Straftaten insgesamt;7314000;Ludwigshafen am Rhein;insg.;3914;2268;1646;34;20;14;347;199;148;381;219;162;355;216;139;306;185;121;2622;1498;1124;250;150;100;2872;1648;1224;2019
------;Straftaten insgesamt;15003000;Magdeburg;insg.;4228;2562;1666;61;30;31;297;165;132;358;195;163;343;202;141;362;220;142;2949;1829;1120;216;116;100;3165;1945;1220;2019
------;Straftaten insgesamt;7315000;Mainz;insg.;3516;2255;1261;25;17;8;191;122;69;216;139;77;329;202;127;309;216;93;2488;1602;886;174;96;78;2662;1698;964;2019
------;Straftaten insgesamt;8222000;Mannheim;insg.;4483;2737;1746;42;21;21;157;92;65;199;113;86;251;127;124;372;204;168;3374;2125;1249;287;168;119;3661;2293;1368;2019
------;Straftaten insgesamt;5170024;Moers;insg.;1248;647;601;21;8;13;78;41;37;99;49;50;102;55;47;103;55;48;858;446;412;86;42;44;944;488;456;2019
------;Straftaten insgesamt;5116000;Moenchengladbach;insg.;3370;1882;1488;29;15;14;172;94;78;201;109;92;270;159;111;294;160;134;2414;1344;1070;191;110;81;2605;1454;1151;2019
------;Straftaten insgesamt;5117000;Muelheim an der Ruhr;insg.;1653;838;815;12;5;7;82;42;40;94;47;47;152;82;70;140;78;62;1138;566;572;129;65;64;1267;631;636;2019
------;Straftaten insgesamt;9162000;Muenchen;insg.;17192;11064;6128;193;109;84;652;335;317;845;444;401;960;548;412;1440;892;548;12997;8579;4418;950;601;349;13947;9180;4767;2019
------;Straftaten insgesamt;5515000;Muenster;insg.;4529;2745;1784;18;9;9;189;104;85;207;113;94;317;180;137;465;295;170;3311;2033;1278;229;124;105;3540;2157;1383;2019
------;Straftaten insgesamt;5162024;Neuss;insg.;1945;1089;856;12;8;4;121;68;53;133;76;57;167;98;69;177;103;74;1360;744;616;108;68;40;1468;812;656;2019
------;Straftaten insgesamt;9564000;Nuernberg;insg.;8145;5038;3107;74;37;37;393;219;174;467;256;211;583;312;271;701;428;273;5997;3819;2178;397;223;174;6394;4042;2352;2019
------;Straftaten insgesamt;5119000;Oberhausen;insg.;2884;1598;1286;32;20;12;203;130;73;235;150;85;249;148;101;297;161;136;1945;1052;893;158;87;71;2103;1139;964;2019
------;Straftaten insgesamt;6413000;Offenbach am Main;insg.;1370;748;622;14;8;6;67;35;32;81;43;38;82;48;34;96;46;50;1035;563;472;76;48;28;1111;611;500;2019
------;Straftaten insgesamt;3403000;Oldenburg (Oldenburg);insg.;2450;1428;1022;29;14;15;92;39;53;121;53;68;189;96;93;242;150;92;1769;1050;719;129;79;50;1898;1129;769;2019
------;Straftaten insgesamt;3404000;Osnabrueck;insg.;3111;1984;1127;19;11;8;132;69;63;151;80;71;254;129;125;326;206;120;2228;1484;744;152;85;67;2380;1569;811;2019
------;Straftaten insgesamt;5774032;Paderborn;insg.;2259;1326;933;17;8;9;74;42;32;91;50;41;189;103;86;248;163;85;1609;954;655;122;56;66;1731;1010;721;2019
------;Straftaten insgesamt;8231000;Pforzheim;insg.;1814;1091;723;12;7;5;115;72;43;127;79;48;161;91;70;156;99;57;1280;776;504;90;46;44;1370;822;548;2019
------;Straftaten insgesamt;12054000;Potsdam;insg.;2441;1435;1006;18;9;9;176;92;84;194;101;93;169;94;75;177;113;64;1726;1020;706;175;107;68;1901;1127;774;2019
------;Straftaten insgesamt;5562032;Recklinghausen;insg.;2140;1254;886;19;15;4;102;57;45;121;72;49;197;106;91;176;110;66;1491;875;616;155;91;64;1646;966;680;2019
------;Straftaten insgesamt;9362000;Regensburg;insg.;2248;1544;704;11;7;4;64;40;24;75;47;28;134;85;49;247;184;63;1668;1155;513;124;73;51;1792;1228;564;2019
------;Straftaten insgesamt;5120000;Remscheid;insg.;1608;813;795;9;1;8;134;60;74;143;61;82;121;72;49;129;68;61;1101;544;557;114;68;46;1215;612;603;2019
------;Straftaten insgesamt;8415061;Reutlingen;insg.;1566;932;634;18;11;7;76;41;35;94;52;42;142;71;71;156;92;64;1079;661;418;95;56;39;1174;717;457;2019
------;Straftaten insgesamt;13003000;Rostock;insg.;3392;2027;1365;41;18;23;283;158;125;324;176;148;272;150;122;271;162;109;2326;1421;905;199;118;81;2525;1539;986;2019
------;Straftaten insgesamt;10041100;Saarbruecken;insg.;4789;2903;1886;23;15;8;211;105;106;234;120;114;382;223;159;456;265;191;3432;2121;1311;285;174;111;3717;2295;1422;2019
------;Straftaten insgesamt;3102000;Salzgitter;insg.;1518;839;679;29;14;15;157;100;57;186;114;72;178;95;83;131;71;60;939;516;423;84;43;41;1023;559;464;2019
------;Straftaten insgesamt;13004000;Schwerin;insg.;1894;1173;721;18;12;6;157;93;64;175;105;70;189;107;82;192;129;63;1254;792;462;84;40;44;1338;832;506;2019
------;Straftaten insgesamt;5970040;Siegen;insg.;1787;1061;726;8;8;0;61;35;26;69;43;26;165;93;72;144;86;58;1299;770;529;110;69;41;1409;839;570;2019
------;Straftaten insgesamt;5122000;Solingen;insg.;2070;1041;1029;28;16;12;135;85;50;163;101;62;205;94;111;160;90;70;1416;674;742;126;82;44;1542;756;786;2019
------;Straftaten insgesamt;8111000;Stuttgart;insg.;11893;7944;3949;91;59;32;495;286;209;586;345;241;779;455;324;1071;732;339;8934;6093;2841;523;319;204;9457;6412;3045;2019
------;Straftaten insgesamt;7211000;Trier;insg.;1966;1189;777;14;5;9;97;54;43;111;59;52;138;75;63;190;125;65;1421;878;543;106;52;54;1527;930;597;2019
------;Straftaten insgesamt;8421000;Ulm;insg.;1883;1225;658;11;6;5;97;57;40;108;63;45;121;72;49;171;110;61;1386;927;459;97;53;44;1483;980;503;2019
------;Straftaten insgesamt;6414000;Wiesbaden;insg.;4265;2404;1861;36;18;18;220;133;87;256;151;105;409;212;197;417;273;144;2973;1660;1313;210;108;102;3183;1768;1415;2019
------;Straftaten insgesamt;3103000;Wolfsburg;insg.;1643;981;662;26;11;15;115;68;47;141;79;62;123;64;59;140;83;57;1146;699;447;93;56;37;1239;755;484;2019
------;Straftaten insgesamt;5124000;Wuppertal;insg.;6812;3712;3100;73;36;37;398;222;176;471;258;213;500;254;246;560;308;252;4912;2671;2241;369;221;148;5281;2892;2389;2019
------;Straftaten insgesamt;9663000;Wuerzburg;insg.;1997;1322;675;56;45;11;80;41;39;136;86;50;246;159;87;292;211;81;1233;812;421;90;54;36;1323;866;457;2019
111000;Vergewaltigung und sexuelle Noetigung;5334002;Aachen;insg.;45;2;43;0;0;0;3;1;2;3;1;2;9;0;9;8;0;8;24;1;23;1;0;1;25;1;24;2019
111000;Vergewaltigung und sexuelle Noetigung;9761000;Augsburg;insg.;32;3;29;0;0;0;3;1;2;3;1;2;9;0;9;4;2;2;16;0;16;0;0;0;16;0;16;2019
111000;Vergewaltigung und sexuelle Noetigung;5378004;Bergisch Gladbach;insg.;9;1;8;0;0;0;0;0;0;0;0;0;2;1;1;1;0;1;6;0;6;0;0;0;6;0;6;2019
111000;Vergewaltigung und sexuelle Noetigung;11000000;Berlin;insg.;923;79;844;1;0;1;12;1;11;13;1;12;168;7;161;111;4;107;606;62;544;25;5;20;631;67;564;2019
111000;Vergewaltigung und sexuelle Noetigung;5711000;Bielefeld;insg.;38;3;35;0;0;0;1;1;0;1;1;0;7;0;7;8;1;7;21;1;20;1;0;1;22;1;21;2019
111000;Vergewaltigung und sexuelle Noetigung;5911000;Bochum;insg.;37;2;35;0;0;0;1;0;1;1;0;1;11;0;11;3;1;2;21;1;20;1;0;1;22;1;21;2019
111000;Vergewaltigung und sexuelle Noetigung;5314000;Bonn;insg.;50;0;50;0;0;0;0;0;0;0;0;0;10;0;10;7;0;7;33;0;33;0;0;0;33;0;33;2019
111000;Vergewaltigung und sexuelle Noetigung;5512000;Bottrop;insg.;13;0;13;0;0;0;0;0;0;0;0;0;3;0;3;2;0;2;7;0;7;1;0;1;8;0;8;2019
111000;Vergewaltigung und sexuelle Noetigung;3101000;Braunschweig;insg.;29;0;29;0;0;0;1;0;1;1;0;1;7;0;7;4;0;4;17;0;17;0;0;0;17;0;17;2019
111000;Vergewaltigung und sexuelle Noetigung;4011000;Bremen;insg.;103;7;96;0;0;0;1;0;1;1;0;1;18;2;16;19;1;18;59;4;55;6;0;6;65;4;61;2019
111000;Vergewaltigung und sexuelle Noetigung;4012000;Bremerhaven;insg.;20;0;20;0;0;0;0;0;0;0;0;0;5;0;5;3;0;3;12;0;12;0;0;0;12;0;12;2019
111000;Vergewaltigung und sexuelle Noetigung;14511000;Chemnitz;insg.;14;2;12;0;0;0;0;0;0;0;0;0;5;0;5;0;0;0;9;2;7;0;0;0;9;2;7;2019
111000;Vergewaltigung und sexuelle Noetigung;12052000;Cottbus;insg.;27;0;27;0;0;0;0;0;0;0;0;0;2;0;2;7;0;7;18;0;18;0;0;0;18;0;18;2019
111000;Vergewaltigung und sexuelle Noetigung;6411000;Darmstadt;insg.;14;0;14;0;0;0;0;0;0;0;0;0;3;0;3;1;0;1;10;0;10;0;0;0;10;0;10;2019
111000;Vergewaltigung und sexuelle Noetigung;5913000;Dortmund;insg.;99;4;95;0;0;0;3;0;3;3;0;3;24;1;23;23;1;22;47;2;45;2;0;2;49;2;47;2019
111000;Vergewaltigung und sexuelle Noetigung;14612000;Dresden;insg.;31;0;31;0;0;0;0;0;0;0;0;0;10;0;10;3;0;3;18;0;18;0;0;0;18;0;18;2019
111000;Vergewaltigung und sexuelle Noetigung;5112000;Duisburg;insg.;96;9;87;0;0;0;2;2;0;2;2;0;19;1;18;14;0;14;60;6;54;1;0;1;61;6;55;2019
111000;Vergewaltigung und sexuelle Noetigung;5111000;Duesseldorf;insg.;105;3;102;0;0;0;2;0;2;2;0;2;15;1;14;20;1;19;62;1;61;6;0;6;68;1;67;2019
111000;Vergewaltigung und sexuelle Noetigung;16051000;Erfurt;insg.;24;0;24;0;0;0;2;0;2;2;0;2;9;0;9;5;0;5;8;0;8;0;0;0;8;0;8;2019
111000;Vergewaltigung und sexuelle Noetigung;9562000;Erlangen;insg.;13;0;13;0;0;0;0;0;0;0;0;0;1;0;1;1;0;1;11;0;11;0;0;0;11;0;11;2019
111000;Vergewaltigung und sexuelle Noetigung;5113000;Essen;insg.;83;2;81;0;0;0;1;0;1;1;0;1;23;1;22;12;0;12;46;1;45;1;0;1;47;1;46;2019
111000;Vergewaltigung und sexuelle Noetigung;6412000;Frankfurt am Main;insg.;92;3;89;0;0;0;2;0;2;2;0;2;8;0;8;11;1;10;68;2;66;3;0;3;71;2;69;2019
111000;Vergewaltigung und sexuelle Noetigung;8311000;Freiburg im Breisgau;insg.;23;1;22;0;0;0;0;0;0;0;0;0;5;0;5;0;0;0;18;1;17;0;0;0;18;1;17;2019
111000;Vergewaltigung und sexuelle Noetigung;9563000;Fuerth;insg.;14;0;14;0;0;0;0;0;0;0;0;0;2;0;2;4;0;4;7;0;7;1;0;1;8;0;8;2019
111000;Vergewaltigung und sexuelle Noetigung;5513000;Gelsenkirchen;insg.;61;3;58;0;0;0;1;0;1;1;0;1;11;0;11;9;0;9;37;3;34;3;0;3;40;3;37;2019
111000;Vergewaltigung und sexuelle Noetigung;3159016;Goettingen;insg.;16;1;15;0;0;0;0;0;0;0;0;0;3;0;3;1;0;1;12;1;11;0;0;0;12;1;11;2019
111000;Vergewaltigung und sexuelle Noetigung;5754008;Guetersloh;insg.;7;0;7;0;0;0;0;0;0;0;0;0;1;0;1;2;0;2;4;0;4;0;0;0;4;0;4;2019
111000;Vergewaltigung und sexuelle Noetigung;5914000;Hagen;insg.;26;1;25;0;0;0;1;0;1;1;0;1;6;0;6;6;1;5;12;0;12;1;0;1;13;0;13;2019
111000;Vergewaltigung und sexuelle Noetigung;15002000;Halle (Saale);insg.;40;5;35;0;0;0;0;0;0;0;0;0;9;3;6;6;0;6;25;2;23;0;0;0;25;2;23;2019
111000;Vergewaltigung und sexuelle Noetigung;2000000;Hamburg;insg.;217;12;205;0;0;0;3;0;3;3;0;3;41;2;39;43;2;41;123;7;116;7;1;6;130;8;122;2019
111000;Vergewaltigung und sexuelle Noetigung;5915000;Hamm;insg.;28;5;23;0;0;0;1;1;0;1;1;0;8;2;6;5;1;4;12;1;11;2;0;2;14;1;13;2019
111000;Vergewaltigung und sexuelle Noetigung;3241001;Hannover;insg.;110;9;101;0;0;0;0;0;0;0;0;0;14;1;13;24;1;23;66;7;59;6;0;6;72;7;65;2019
111000;Vergewaltigung und sexuelle Noetigung;8221000;Heidelberg;insg.;11;0;11;0;0;0;0;0;0;0;0;0;1;0;1;3;0;3;7;0;7;0;0;0;7;0;7;2019
111000;Vergewaltigung und sexuelle Noetigung;8121000;Heilbronn;insg.;14;2;12;0;0;0;0;0;0;0;0;0;3;0;3;2;1;1;8;1;7;1;0;1;9;1;8;2019
111000;Vergewaltigung und sexuelle Noetigung;5916000;Herne;insg.;23;4;19;0;0;0;2;1;1;2;1;1;10;2;8;4;1;3;7;0;7;0;0;0;7;0;7;2019
111000;Vergewaltigung und sexuelle Noetigung;3254021;Hildesheim;insg.;21;2;19;0;0;0;1;0;1;1;0;1;3;0;3;4;2;2;13;0;13;0;0;0;13;0;13;2019
111000;Vergewaltigung und sexuelle Noetigung;9161000;Ingolstadt;insg.;19;1;18;0;0;0;0;0;0;0;0;0;5;0;5;2;0;2;12;1;11;0;0;0;12;1;11;2019
111000;Vergewaltigung und sexuelle Noetigung;16053000;Jena;insg.;9;0;9;0;0;0;0;0;0;0;0;0;2;0;2;0;0;0;7;0;7;0;0;0;7;0;7;2019
111000;Vergewaltigung und sexuelle Noetigung;8212000;Karlsruhe;insg.;38;4;34;0;0;0;0;0;0;0;0;0;3;0;3;6;0;6;29;4;25;0;0;0;29;4;25;2019
111000;Vergewaltigung und sexuelle Noetigung;6611000;Kassel;insg.;46;0;46;0;0;0;0;0;0;0;0;0;9;0;9;6;0;6;31;0;31;0;0;0;31;0;31;2019
111000;Vergewaltigung und sexuelle Noetigung;1002000;Kiel;insg.;37;1;36;0;0;0;0;0;0;0;0;0;8;0;8;6;0;6;22;1;21;1;0;1;23;1;22;2019
111000;Vergewaltigung und sexuelle Noetigung;7111000;Koblenz;insg.;15;2;13;0;0;0;0;0;0;0;0;0;4;0;4;3;0;3;8;2;6;0;0;0;8;2;6;2019
111000;Vergewaltigung und sexuelle Noetigung;5315000;Koeln;insg.;253;16;237;1;0;1;2;0;2;3;0;3;33;0;33;41;4;37;173;12;161;3;0;3;176;12;164;2019
111000;Vergewaltigung und sexuelle Noetigung;5114000;Krefeld;insg.;16;3;13;0;0;0;0;0;0;0;0;0;3;0;3;5;0;5;8;3;5;0;0;0;8;3;5;2019
111000;Vergewaltigung und sexuelle Noetigung;14713000;Leipzig;insg.;30;0;30;0;0;0;0;0;0;0;0;0;12;0;12;2;0;2;16;0;16;0;0;0;16;0;16;2019
111000;Vergewaltigung und sexuelle Noetigung;5316000;Leverkusen;insg.;22;0;22;0;0;0;0;0;0;0;0;0;4;0;4;4;0;4;14;0;14;0;0;0;14;0;14;2019
111000;Vergewaltigung und sexuelle Noetigung;1003000;Luebeck;insg.;24;1;23;0;0;0;0;0;0;0;0;0;8;1;7;5;0;5;10;0;10;1;0;1;11;0;11;2019
111000;Vergewaltigung und sexuelle Noetigung;7314000;Ludwigshafen am Rhein;insg.;26;1;25;0;0;0;2;0;2;2;0;2;1;0;1;3;0;3;20;1;19;0;0;0;20;1;19;2019
111000;Vergewaltigung und sexuelle Noetigung;15003000;Magdeburg;insg.;41;1;40;0;0;0;1;0;1;1;0;1;11;1;10;9;0;9;19;0;19;1;0;1;20;0;20;2019
111000;Vergewaltigung und sexuelle Noetigung;7315000;Mainz;insg.;38;1;37;0;0;0;0;0;0;0;0;0;5;1;4;3;0;3;29;0;29;1;0;1;30;0;30;2019
111000;Vergewaltigung und sexuelle Noetigung;8222000;Mannheim;insg.;39;1;38;0;0;0;0;0;0;0;0;0;8;0;8;6;0;6;24;1;23;1;0;1;25;1;24;2019
111000;Vergewaltigung und sexuelle Noetigung;5170024;Moers;insg.;9;0;9;0;0;0;0;0;0;0;0;0;4;0;4;1;0;1;4;0;4;0;0;0;4;0;4;2019
111000;Vergewaltigung und sexuelle Noetigung;5116000;Moenchengladbach;insg.;34;1;33;0;0;0;0;0;0;0;0;0;4;0;4;6;0;6;23;1;22;1;0;1;24;1;23;2019
111000;Vergewaltigung und sexuelle Noetigung;5117000;Muelheim an der Ruhr;insg.;18;1;17;0;0;0;0;0;0;0;0;0;2;0;2;4;1;3;11;0;11;1;0;1;12;0;12;2019
111000;Vergewaltigung und sexuelle Noetigung;9162000;Muenchen;insg.;256;20;236;2;1;1;4;0;4;6;1;5;33;1;32;48;5;43;163;13;150;6;0;6;169;13;156;2019
111000;Vergewaltigung und sexuelle Noetigung;5515000;Muenster;insg.;49;2;47;0;0;0;0;0;0;0;0;0;5;0;5;10;0;10;34;2;32;0;0;0;34;2;32;2019
111000;Vergewaltigung und sexuelle Noetigung;5162024;Neuss;insg.;12;1;11;0;0;0;0;0;0;0;0;0;1;0;1;1;0;1;10;1;9;0;0;0;10;1;9;2019
111000;Vergewaltigung und sexuelle Noetigung;9564000;Nuernberg;insg.;70;5;65;0;0;0;1;1;0;1;1;0;16;1;15;15;1;14;36;2;34;2;0;2;38;2;36;2019
111000;Vergewaltigung und sexuelle Noetigung;5119000;Oberhausen;insg.;16;0;16;0;0;0;0;0;0;0;0;0;3;0;3;2;0;2;11;0;11;0;0;0;11;0;11;2019
111000;Vergewaltigung und sexuelle Noetigung;6413000;Offenbach am Main;insg.;13;0;13;0;0;0;0;0;0;0;0;0;3;0;3;0;0;0;9;0;9;1;0;1;10;0;10;2019
111000;Vergewaltigung und sexuelle Noetigung;3403000;Oldenburg (Oldenburg);insg.;24;2;22;0;0;0;1;0;1;1;0;1;3;0;3;4;0;4;15;2;13;1;0;1;16;2;14;2019
111000;Vergewaltigung und sexuelle Noetigung;3404000;Osnabrueck;insg.;39;4;35;0;0;0;0;0;0;0;0;0;11;1;10;5;0;5;23;3;20;0;0;0;23;3;20;2019
111000;Vergewaltigung und sexuelle Noetigung;5774032;Paderborn;insg.;38;1;37;0;0;0;0;0;0;0;0;0;13;0;13;7;0;7;16;1;15;2;0;2;18;1;17;2019
111000;Vergewaltigung und sexuelle Noetigung;8231000;Pforzheim;insg.;13;0;13;0;0;0;0;0;0;0;0;0;2;0;2;1;0;1;9;0;9;1;0;1;10;0;10;2019
111000;Vergewaltigung und sexuelle Noetigung;12054000;Potsdam;insg.;27;1;26;0;0;0;0;0;0;0;0;0;5;0;5;4;0;4;17;1;16;1;0;1;18;1;17;2019
111000;Vergewaltigung und sexuelle Noetigung;5562032;Recklinghausen;insg.;27;1;26;0;0;0;0;0;0;0;0;0;6;0;6;5;1;4;16;0;16;0;0;0;16;0;16;2019
111000;Vergewaltigung und sexuelle Noetigung;9362000;Regensburg;insg.;15;0;15;0;0;0;0;0;0;0;0;0;5;0;5;2;0;2;8;0;8;0;0;0;8;0;8;2019
111000;Vergewaltigung und sexuelle Noetigung;5120000;Remscheid;insg.;18;2;16;0;0;0;0;0;0;0;0;0;4;1;3;4;1;3;10;0;10;0;0;0;10;0;10;2019
111000;Vergewaltigung und sexuelle Noetigung;8415061;Reutlingen;insg.;9;1;8;0;0;0;0;0;0;0;0;0;0;0;0;2;0;2;7;1;6;0;0;0;7;1;6;2019
111000;Vergewaltigung und sexuelle Noetigung;13003000;Rostock;insg.;36;3;33;0;0;0;1;0;1;1;0;1;7;1;6;4;2;2;20;0;20;4;0;4;24;0;24;2019
111000;Vergewaltigung und sexuelle Noetigung;10041100;Saarbruecken;insg.;30;2;28;0;0;0;1;0;1;1;0;1;5;0;5;3;0;3;20;2;18;1;0;1;21;2;19;2019
111000;Vergewaltigung und sexuelle Noetigung;3102000;Salzgitter;insg.;22;1;21;0;0;0;1;1;0;1;1;0;8;0;8;4;0;4;9;0;9;0;0;0;9;0;9;2019
111000;Vergewaltigung und sexuelle Noetigung;13004000;Schwerin;insg.;29;1;28;0;0;0;0;0;0;0;0;0;7;0;7;8;0;8;14;1;13;0;0;0;14;1;13;2019
111000;Vergewaltigung und sexuelle Noetigung;5970040;Siegen;insg.;7;0;7;0;0;0;0;0;0;0;0;0;2;0;2;0;0;0;5;0;5;0;0;0;5;0;5;2019
111000;Vergewaltigung und sexuelle Noetigung;5122000;Solingen;insg.;17;1;16;0;0;0;0;0;0;0;0;0;4;0;4;3;0;3;9;1;8;1;0;1;10;1;9;2019
111000;Vergewaltigung und sexuelle Noetigung;8111000;Stuttgart;insg.;104;3;101;0;0;0;1;0;1;1;0;1;18;1;17;17;0;17;65;2;63;3;0;3;68;2;66;2019
111000;Vergewaltigung und sexuelle Noetigung;7211000;Trier;insg.;15;0;15;0;0;0;0;0;0;0;0;0;4;0;4;1;0;1;9;0;9;1;0;1;10;0;10;2019
111000;Vergewaltigung und sexuelle Noetigung;8421000;Ulm;insg.;14;1;13;0;0;0;0;0;0;0;0;0;4;0;4;4;0;4;6;1;5;0;0;0;6;1;5;2019
111000;Vergewaltigung und sexuelle Noetigung;6414000;Wiesbaden;insg.;38;0;38;0;0;0;0;0;0;0;0;0;7;0;7;4;0;4;27;0;27;0;0;0;27;0;27;2019
111000;Vergewaltigung und sexuelle Noetigung;3103000;Wolfsburg;insg.;17;1;16;0;0;0;1;0;1;1;0;1;7;1;6;1;0;1;8;0;8;0;0;0;8;0;8;2019
111000;Vergewaltigung und sexuelle Noetigung;5124000;Wuppertal;insg.;71;5;66;0;0;0;3;0;3;3;0;3;16;1;15;9;0;9;41;4;37;2;0;2;43;4;39;2019
111000;Vergewaltigung und sexuelle Noetigung;9663000;Wuerzburg;insg.;26;6;20;1;1;0;2;2;0;3;3;0;2;0;2;4;0;4;15;3;12;2;0;2;17;3;14;2019
210000;Raub, raeuberische Erpressung und raeuberischer Angriff auf Kraftfahrer;5334002;Aachen;insg.;303;223;80;0;0;0;12;10;2;12;10;2;26;25;1;35;28;7;197;140;57;33;20;13;230;160;70;2019
210000;Raub, raeuberische Erpressung und raeuberischer Angriff auf Kraftfahrer;9761000;Augsburg;insg.;110;73;37;2;1;1;4;3;1;6;4;2;7;5;2;10;7;3;76;53;23;11;4;7;87;57;30;2019
210000;Raub, raeuberische Erpressung und raeuberischer Angriff auf Kraftfahrer;5378004;Bergisch Gladbach;insg.;45;32;13;0;0;0;2;2;0;2;2;0;18;17;1;3;2;1;15;9;6;7;2;5;22;11;11;2019
210000;Raub, raeuberische Erpressung und raeuberischer Angriff auf Kraftfahrer;11000000;Berlin;insg.;5311;4094;1217;2;2;0;254;236;18;256;238;18;879;816;63;517;448;69;3202;2376;826;457;216;241;3659;2592;1067;2019
210000;Raub, raeuberische Erpressung und raeuberischer Angriff auf Kraftfahrer;5711000;Bielefeld;insg.;221;156;65;0;0;0;10;7;3;10;7;3;26;20;6;32;23;9;137;97;40;16;9;7;153;106;47;2019
210000;Raub, raeuberische Erpressung und raeuberischer Angriff auf Kraftfahrer;5911000;Bochum;insg.;268;195;73;0;0;0;19;19;0;19;19;0;31;29;2;35;27;8;157;111;46;26;9;17;183;120;63;2019
210000;Raub, raeuberische Erpressung und raeuberischer Angriff auf Kraftfahrer;5314000;Bonn;insg.;349;274;75;0;0;0;18;17;1;18;17;1;71;66;5;38;32;6;202;150;52;20;9;11;222;159;63;2019
210000;Raub, raeuberische Erpressung und raeuberischer Angriff auf Kraftfahrer;5512000;Bottrop;insg.;93;61;32;0;0;0;1;1;0;1;1;0;7;5;2;9;8;1;61;38;23;15;9;6;76;47;29;2019
210000;Raub, raeuberische Erpressung und raeuberischer Angriff auf Kraftfahrer;3101000;Braunschweig;insg.;152;102;50;0;0;0;1;1;0;1;1;0;6;3;3;16;14;2;110;78;32;19;6;13;129;84;45;2019
210000;Raub, raeuberische Erpressung und raeuberischer Angriff auf Kraftfahrer;4011000;Bremen;insg.;844;592;252;0;0;0;11;10;1;11;10;1;72;63;9;91;80;11;569;393;176;101;46;55;670;439;231;2019
210000;Raub, raeuberische Erpressung und raeuberischer Angriff auf Kraftfahrer;4012000;Bremerhaven;insg.;202;137;65;0;0;0;1;1;0;1;1;0;10;9;1;20;15;5;143;100;43;28;12;16;171;112;59;2019
210000;Raub, raeuberische Erpressung und raeuberischer Angriff auf Kraftfahrer;14511000;Chemnitz;insg.;190;141;49;2;1;1;10;10;0;12;11;1;22;20;2;14;12;2;121;89;32;21;9;12;142;98;44;2019
210000;Raub, raeuberische Erpressung und raeuberischer Angriff auf Kraftfahrer;12052000;Cottbus;insg.;69;53;16;0;0;0;3;3;0;3;3;0;1;0;1;6;6;0;51;39;12;8;5;3;59;44;15;2019
210000;Raub, raeuberische Erpressung und raeuberischer Angriff auf Kraftfahrer;6411000;Darmstadt;insg.;91;70;21;0;0;0;2;2;0;2;2;0;11;10;1;10;8;2;60;47;13;8;3;5;68;50;18;2019
210000;Raub, raeuberische Erpressung und raeuberischer Angriff auf Kraftfahrer;5913000;Dortmund;insg.;736;573;163;0;0;0;36;34;2;36;34;2;114;99;15;77;63;14;451;350;101;58;27;31;509;377;132;2019
210000;Raub, raeuberische Erpressung und raeuberischer Angriff auf Kraftfahrer;14612000;Dresden;insg.;486;393;93;0;0;0;14;13;1;14;13;1;41;36;5;56;48;8;345;275;70;30;21;9;375;296;79;2019
210000;Raub, raeuberische Erpressung und raeuberischer Angriff auf Kraftfahrer;5112000;Duisburg;insg.;503;349;154;1;1;0;39;27;12;40;28;12;84;76;8;44;35;9;274;183;91;61;27;34;335;210;125;2019
210000;Raub, raeuberische Erpressung und raeuberischer Angriff auf Kraftfahrer;5111000;Duesseldorf;insg.;567;436;131;1;0;1;18;16;2;19;16;3;81;74;7;63;56;7;349;261;88;55;29;26;404;290;114;2019
210000;Raub, raeuberische Erpressung und raeuberischer Angriff auf Kraftfahrer;16051000;Erfurt;insg.;130;89;41;0;0;0;3;3;0;3;3;0;19;16;3;18;14;4;77;48;29;13;8;5;90;56;34;2019
210000;Raub, raeuberische Erpressung und raeuberischer Angriff auf Kraftfahrer;9562000;Erlangen;insg.;27;15;12;0;0;0;2;2;0;2;2;0;1;1;0;5;3;2;17;9;8;2;0;2;19;9;10;2019
210000;Raub, raeuberische Erpressung und raeuberischer Angriff auf Kraftfahrer;5113000;Essen;insg.;511;363;148;0;0;0;25;20;5;25;20;5;62;54;8;41;28;13;321;232;89;62;29;33;383;261;122;2019
210000;Raub, raeuberische Erpressung und raeuberischer Angriff auf Kraftfahrer;6412000;Frankfurt am Main;insg.;947;747;200;1;0;1;41;37;4;42;37;5;121;110;11;92;79;13;626;479;147;66;42;24;692;521;171;2019
210000;Raub, raeuberische Erpressung und raeuberischer Angriff auf Kraftfahrer;8311000;Freiburg im Breisgau;insg.;161;133;28;3;3;0;3;3;0;6;6;0;19;19;0;24;19;5;101;82;19;11;7;4;112;89;23;2019
210000;Raub, raeuberische Erpressung und raeuberischer Angriff auf Kraftfahrer;9563000;Fuerth;insg.;29;16;13;0;0;0;1;0;1;1;0;1;3;3;0;2;2;0;19;9;10;4;2;2;23;11;12;2019
210000;Raub, raeuberische Erpressung und raeuberischer Angriff auf Kraftfahrer;5513000;Gelsenkirchen;insg.;291;216;75;1;0;1;19;19;0;20;19;1;46;41;5;27;24;3;175;118;57;23;14;9;198;132;66;2019
210000;Raub, raeuberische Erpressung und raeuberischer Angriff auf Kraftfahrer;3159016;Goettingen;insg.;109;82;27;2;0;2;3;3;0;5;3;2;12;6;6;17;16;1;68;54;14;7;3;4;75;57;18;2019
210000;Raub, raeuberische Erpressung und raeuberischer Angriff auf Kraftfahrer;5754008;Guetersloh;insg.;67;48;19;0;0;0;0;0;0;0;0;0;7;6;1;7;3;4;50;37;13;3;2;1;53;39;14;2019
210000;Raub, raeuberische Erpressung und raeuberischer Angriff auf Kraftfahrer;5914000;Hagen;insg.;183;138;45;1;1;0;10;7;3;11;8;3;21;19;2;28;24;4;102;77;25;21;10;11;123;87;36;2019
210000;Raub, raeuberische Erpressung und raeuberischer Angriff auf Kraftfahrer;15002000;Halle (Saale);insg.;303;215;88;0;0;0;10;9;1;10;9;1;41;38;3;21;19;2;200;134;66;31;15;16;231;149;82;2019
210000;Raub, raeuberische Erpressung und raeuberischer Angriff auf Kraftfahrer;2000000;Hamburg;insg.;1997;1558;439;3;2;1;97;90;7;100;92;8;208;184;24;206;171;35;1347;1032;315;136;79;57;1483;1111;372;2019
210000;Raub, raeuberische Erpressung und raeuberischer Angriff auf Kraftfahrer;5915000;Hamm;insg.;146;102;44;0;0;0;2;2;0;2;2;0;13;10;3;8;8;0;110;78;32;13;4;9;123;82;41;2019
210000;Raub, raeuberische Erpressung und raeuberischer Angriff auf Kraftfahrer;3241001;Hannover;insg.;572;432;140;1;1;0;16;13;3;17;14;3;47;41;6;51;41;10;409;312;97;48;24;24;457;336;121;2019
210000;Raub, raeuberische Erpressung und raeuberischer Angriff auf Kraftfahrer;8221000;Heidelberg;insg.;69;53;16;0;0;0;6;4;2;6;4;2;5;4;1;9;7;2;46;37;9;3;1;2;49;38;11;2019
210000;Raub, raeuberische Erpressung und raeuberischer Angriff auf Kraftfahrer;8121000;Heilbronn;insg.;41;28;13;0;0;0;3;1;2;3;1;2;3;2;1;4;2;2;28;22;6;3;1;2;31;23;8;2019
210000;Raub, raeuberische Erpressung und raeuberischer Angriff auf Kraftfahrer;5916000;Herne;insg.;122;83;39;0;0;0;12;10;2;12;10;2;20;19;1;11;9;2;72;42;30;7;3;4;79;45;34;2019
210000;Raub, raeuberische Erpressung und raeuberischer Angriff auf Kraftfahrer;3254021;Hildesheim;insg.;88;68;20;0;0;0;8;7;1;8;7;1;12;12;0;7;7;0;51;37;14;10;5;5;61;42;19;2019
210000;Raub, raeuberische Erpressung und raeuberischer Angriff auf Kraftfahrer;9161000;Ingolstadt;insg.;56;32;24;1;0;1;1;1;0;2;1;1;5;3;2;2;1;1;40;23;17;7;4;3;47;27;20;2019
210000;Raub, raeuberische Erpressung und raeuberischer Angriff auf Kraftfahrer;16053000;Jena;insg.;58;51;7;0;0;0;2;2;0;2;2;0;3;2;1;7;7;0;43;38;5;3;2;1;46;40;6;2019
210000;Raub, raeuberische Erpressung und raeuberischer Angriff auf Kraftfahrer;8212000;Karlsruhe;insg.;219;171;48;0;0;0;3;3;0;3;3;0;17;16;1;35;30;5;140;109;31;24;13;11;164;122;42;2019
210000;Raub, raeuberische Erpressung und raeuberischer Angriff auf Kraftfahrer;6611000;Kassel;insg.;210;146;64;1;1;0;3;2;1;4;3;1;8;6;2;17;15;2;160;109;51;21;13;8;181;122;59;2019
210000;Raub, raeuberische Erpressung und raeuberischer Angriff auf Kraftfahrer;1002000;Kiel;insg.;251;190;61;0;0;0;4;4;0;4;4;0;32;28;4;26;21;5;163;124;39;26;13;13;189;137;52;2019
210000;Raub, raeuberische Erpressung und raeuberischer Angriff auf Kraftfahrer;7111000;Koblenz;insg.;84;63;21;0;0;0;3;3;0;3;3;0;15;11;4;8;6;2;53;39;14;5;4;1;58;43;15;2019
210000;Raub, raeuberische Erpressung und raeuberischer Angriff auf Kraftfahrer;5315000;Koeln;insg.;1295;947;348;1;1;0;49;41;8;50;42;8;138;125;13;133;109;24;850;616;234;124;55;69;974;671;303;2019
210000;Raub, raeuberische Erpressung und raeuberischer Angriff auf Kraftfahrer;5114000;Krefeld;insg.;246;168;78;0;0;0;8;8;0;8;8;0;19;18;1;24;17;7;171;114;57;24;11;13;195;125;70;2019
210000;Raub, raeuberische Erpressung und raeuberischer Angriff auf Kraftfahrer;14713000;Leipzig;insg.;523;404;119;0;0;0;14;12;2;14;12;2;76;73;3;52;44;8;331;259;72;50;16;34;381;275;106;2019
210000;Raub, raeuberische Erpressung und raeuberischer Angriff auf Kraftfahrer;5316000;Leverkusen;insg.;91;66;25;0;0;0;3;2;1;3;2;1;21;17;4;12;10;2;49;34;15;6;3;3;55;37;18;2019
210000;Raub, raeuberische Erpressung und raeuberischer Angriff auf Kraftfahrer;1003000;Luebeck;insg.;194;135;59;0;0;0;6;5;1;6;5;1;15;14;1;15;14;1;131;93;38;27;9;18;158;102;56;2019
210000;Raub, raeuberische Erpressung und raeuberischer Angriff auf Kraftfahrer;7314000;Ludwigshafen am Rhein;insg.;216;157;59;0;0;0;34;31;3;34;31;3;46;43;3;11;8;3;97;60;37;28;15;13;125;75;50;2019
210000;Raub, raeuberische Erpressung und raeuberischer Angriff auf Kraftfahrer;15003000;Magdeburg;insg.;195;134;61;1;1;0;7;5;2;8;6;2;11;10;1;23;17;6;136;94;42;17;7;10;153;101;52;2019
210000;Raub, raeuberische Erpressung und raeuberischer Angriff auf Kraftfahrer;7315000;Mainz;insg.;138;113;25;0;0;0;8;8;0;8;8;0;40;38;2;21;19;2;65;46;19;4;2;2;69;48;21;2019
210000;Raub, raeuberische Erpressung und raeuberischer Angriff auf Kraftfahrer;8222000;Mannheim;insg.;191;140;51;0;0;0;2;2;0;2;2;0;10;8;2;16;9;7;143;112;31;20;9;11;163;121;42;2019
210000;Raub, raeuberische Erpressung und raeuberischer Angriff auf Kraftfahrer;5170024;Moers;insg.;65;45;20;0;0;0;7;3;4;7;3;4;10;9;1;5;3;2;39;29;10;4;1;3;43;30;13;2019
210000;Raub, raeuberische Erpressung und raeuberischer Angriff auf Kraftfahrer;5116000;Moenchengladbach;insg.;240;190;50;0;0;0;11;9;2;11;9;2;43;42;1;24;20;4;139;108;31;23;11;12;162;119;43;2019
210000;Raub, raeuberische Erpressung und raeuberischer Angriff auf Kraftfahrer;5117000;Muelheim an der Ruhr;insg.;107;70;37;0;0;0;6;6;0;6;6;0;19;18;1;17;14;3;44;26;18;21;6;15;65;32;33;2019
210000;Raub, raeuberische Erpressung und raeuberischer Angriff auf Kraftfahrer;9162000;Muenchen;insg.;539;391;148;1;0;1;26;22;4;27;22;5;62;52;10;45;32;13;364;259;105;41;26;15;405;285;120;2019
210000;Raub, raeuberische Erpressung und raeuberischer Angriff auf Kraftfahrer;5515000;Muenster;insg.;271;202;69;0;0;0;6;6;0;6;6;0;24;22;2;29;22;7;188;142;46;24;10;14;212;152;60;2019
210000;Raub, raeuberische Erpressung und raeuberischer Angriff auf Kraftfahrer;5162024;Neuss;insg.;127;96;31;0;0;0;4;3;1;4;3;1;19;18;1;17;14;3;78;58;20;9;3;6;87;61;26;2019
210000;Raub, raeuberische Erpressung und raeuberischer Angriff auf Kraftfahrer;9564000;Nuernberg;insg.;283;186;97;2;1;1;9;6;3;11;7;4;14;11;3;15;8;7;210;151;59;33;9;24;243;160;83;2019
210000;Raub, raeuberische Erpressung und raeuberischer Angriff auf Kraftfahrer;5119000;Oberhausen;insg.;158;120;38;0;0;0;18;16;2;18;16;2;26;21;5;17;13;4;88;67;21;9;3;6;97;70;27;2019
210000;Raub, raeuberische Erpressung und raeuberischer Angriff auf Kraftfahrer;6413000;Offenbach am Main;insg.;88;71;17;0;0;0;2;2;0;2;2;0;7;7;0;4;4;0;70;56;14;5;2;3;75;58;17;2019
210000;Raub, raeuberische Erpressung und raeuberischer Angriff auf Kraftfahrer;3403000;Oldenburg (Oldenburg);insg.;146;98;48;0;0;0;1;1;0;1;1;0;16;11;5;17;16;1;102;64;38;10;6;4;112;70;42;2019
210000;Raub, raeuberische Erpressung und raeuberischer Angriff auf Kraftfahrer;3404000;Osnabrueck;insg.;170;121;49;0;0;0;3;2;1;3;2;1;16;14;2;27;20;7;113;78;35;11;7;4;124;85;39;2019
210000;Raub, raeuberische Erpressung und raeuberischer Angriff auf Kraftfahrer;5774032;Paderborn;insg.;96;63;33;0;0;0;2;2;0;2;2;0;10;7;3;11;11;0;58;38;20;15;5;10;73;43;30;2019
210000;Raub, raeuberische Erpressung und raeuberischer Angriff auf Kraftfahrer;8231000;Pforzheim;insg.;83;56;27;0;0;0;2;2;0;2;2;0;7;6;1;12;9;3;57;37;20;5;2;3;62;39;23;2019
210000;Raub, raeuberische Erpressung und raeuberischer Angriff auf Kraftfahrer;12054000;Potsdam;insg.;128;101;27;0;0;0;3;2;1;3;2;1;19;17;2;20;19;1;77;58;19;9;5;4;86;63;23;2019
210000;Raub, raeuberische Erpressung und raeuberischer Angriff auf Kraftfahrer;5562032;Recklinghausen;insg.;72;46;26;0;0;0;4;4;0;4;4;0;6;5;1;6;4;2;43;27;16;13;6;7;56;33;23;2019
210000;Raub, raeuberische Erpressung und raeuberischer Angriff auf Kraftfahrer;9362000;Regensburg;insg.;63;35;28;0;0;0;0;0;0;0;0;0;3;3;0;7;2;5;48;28;20;5;2;3;53;30;23;2019
210000;Raub, raeuberische Erpressung und raeuberischer Angriff auf Kraftfahrer;5120000;Remscheid;insg.;50;38;12;0;0;0;1;1;0;1;1;0;4;3;1;4;4;0;34;25;9;7;5;2;41;30;11;2019
210000;Raub, raeuberische Erpressung und raeuberischer Angriff auf Kraftfahrer;8415061;Reutlingen;insg.;45;27;18;0;0;0;1;1;0;1;1;0;3;2;1;2;2;0;34;19;15;5;3;2;39;22;17;2019
210000;Raub, raeuberische Erpressung und raeuberischer Angriff auf Kraftfahrer;13003000;Rostock;insg.;188;135;53;0;0;0;14;11;3;14;11;3;20;18;2;17;15;2;123;88;35;14;3;11;137;91;46;2019
210000;Raub, raeuberische Erpressung und raeuberischer Angriff auf Kraftfahrer;10041100;Saarbruecken;insg.;271;187;84;0;0;0;10;8;2;10;8;2;33;30;3;18;11;7;187;125;62;23;13;10;210;138;72;2019
210000;Raub, raeuberische Erpressung und raeuberischer Angriff auf Kraftfahrer;3102000;Salzgitter;insg.;54;30;24;0;0;0;2;1;1;2;1;1;3;3;0;5;2;3;34;21;13;10;3;7;44;24;20;2019
210000;Raub, raeuberische Erpressung und raeuberischer Angriff auf Kraftfahrer;13004000;Schwerin;insg.;62;47;15;0;0;0;6;5;1;6;5;1;6;6;0;4;3;1;42;32;10;4;1;3;46;33;13;2019
210000;Raub, raeuberische Erpressung und raeuberischer Angriff auf Kraftfahrer;5970040;Siegen;insg.;80;60;20;0;0;0;6;6;0;6;6;0;13;12;1;7;6;1;50;32;18;4;4;0;54;36;18;2019
210000;Raub, raeuberische Erpressung und raeuberischer Angriff auf Kraftfahrer;5122000;Solingen;insg.;99;69;30;0;0;0;4;3;1;4;3;1;15;11;4;9;6;3;65;44;21;6;5;1;71;49;22;2019
210000;Raub, raeuberische Erpressung und raeuberischer Angriff auf Kraftfahrer;8111000;Stuttgart;insg.;615;467;148;1;1;0;14;10;4;15;11;4;62;56;6;78;68;10;405;303;102;55;29;26;460;332;128;2019
210000;Raub, raeuberische Erpressung und raeuberischer Angriff auf Kraftfahrer;7211000;Trier;insg.;64;42;22;0;0;0;2;2;0;2;2;0;0;0;0;2;2;0;57;37;20;3;1;2;60;38;22;2019
210000;Raub, raeuberische Erpressung und raeuberischer Angriff auf Kraftfahrer;8421000;Ulm;insg.;85;54;31;0;0;0;1;1;0;1;1;0;8;6;2;7;6;1;66;39;27;3;2;1;69;41;28;2019
210000;Raub, raeuberische Erpressung und raeuberischer Angriff auf Kraftfahrer;6414000;Wiesbaden;insg.;234;172;62;0;0;0;22;20;2;22;20;2;49;40;9;20;17;3;130;88;42;13;7;6;143;95;48;2019
210000;Raub, raeuberische Erpressung und raeuberischer Angriff auf Kraftfahrer;3103000;Wolfsburg;insg.;69;52;17;0;0;0;0;0;0;0;0;0;7;7;0;8;8;0;50;35;15;4;2;2;54;37;17;2019
210000;Raub, raeuberische Erpressung und raeuberischer Angriff auf Kraftfahrer;5124000;Wuppertal;insg.;287;185;102;1;1;0;27;18;9;28;19;9;25;18;7;26;23;3;190;116;74;18;9;9;208;125;83;2019
210000;Raub, raeuberische Erpressung und raeuberischer Angriff auf Kraftfahrer;9663000;Wuerzburg;insg.;59;44;15;0;0;0;3;3;0;3;3;0;16;16;0;8;5;3;30;19;11;2;1;1;32;20;12;2019
211000;Raub, raeuberische Erpressung auf/gegen Geldinstitute, Postfilialen und -agenturen;5334002;Aachen;insg.;1;1;0;0;0;0;0;0;0;0;0;0;0;0;0;0;0;0;1;1;0;0;0;0;1;1;0;2019
211000;Raub, raeuberische Erpressung auf/gegen Geldinstitute, Postfilialen und -agenturen;9761000;Augsburg;insg.;0;0;0;0;0;0;0;0;0;0;0;0;0;0;0;0;0;0;0;0;0;0;0;0;0;0;0;2019
211000;Raub, raeuberische Erpressung auf/gegen Geldinstitute, Postfilialen und -agenturen;5378004;Bergisch Gladbach;insg.;0;0;0;0;0;0;0;0;0;0;0;0;0;0;0;0;0;0;0;0;0;0;0;0;0;0;0;2019
211000;Raub, raeuberische Erpressung auf/gegen Geldinstitute, Postfilialen und -agenturen;11000000;Berlin;insg.;17;6;11;0;0;0;0;0;0;0;0;0;0;0;0;0;0;0;15;6;9;2;0;2;17;6;11;2019
211000;Raub, raeuberische Erpressung auf/gegen Geldinstitute, Postfilialen und -agenturen;5711000;Bielefeld;insg.;0;0;0;0;0;0;0;0;0;0;0;0;0;0;0;0;0;0;0;0;0;0;0;0;0;0;0;2019
211000;Raub, raeuberische Erpressung auf/gegen Geldinstitute, Postfilialen und -agenturen;5911000;Bochum;insg.;1;0;1;0;0;0;0;0;0;0;0;0;0;0;0;0;0;0;1;0;1;0;0;0;1;0;1;2019
211000;Raub, raeuberische Erpressung auf/gegen Geldinstitute, Postfilialen und -agenturen;5314000;Bonn;insg.;0;0;0;0;0;0;0;0;0;0;0;0;0;0;0;0;0;0;0;0;0;0;0;0;0;0;0;2019
211000;Raub, raeuberische Erpressung auf/gegen Geldinstitute, Postfilialen und -agenturen;5512000;Bottrop;insg.;0;0;0;0;0;0;0;0;0;0;0;0;0;0;0;0;0;0;0;0;0;0;0;0;0;0;0;2019
211000;Raub, raeuberische Erpressung auf/gegen Geldinstitute, Postfilialen und -agenturen;3101000;Braunschweig;insg.;0;0;0;0;0;0;0;0;0;0;0;0;0;0;0;0;0;0;0;0;0;0;0;0;0;0;0;2019
211000;Raub, raeuberische Erpressung auf/gegen Geldinstitute, Postfilialen und -agenturen;4011000;Bremen;insg.;1;0;1;0;0;0;0;0;0;0;0;0;0;0;0;0;0;0;0;0;0;1;0;1;1;0;1;2019
211000;Raub, raeuberische Erpressung auf/gegen Geldinstitute, Postfilialen und -agenturen;4012000;Bremerhaven;insg.;0;0;0;0;0;0;0;0;0;0;0;0;0;0;0;0;0;0;0;0;0;0;0;0;0;0;0;2019
211000;Raub, raeuberische Erpressung auf/gegen Geldinstitute, Postfilialen und -agenturen;14511000;Chemnitz;insg.;0;0;0;0;0;0;0;0;0;0;0;0;0;0;0;0;0;0;0;0;0;0;0;0;0;0;0;2019
211000;Raub, raeuberische Erpressung auf/gegen Geldinstitute, Postfilialen und -agenturen;12052000;Cottbus;insg.;0;0;0;0;0;0;0;0;0;0;0;0;0;0;0;0;0;0;0;0;0;0;0;0;0;0;0;2019
211000;Raub, raeuberische Erpressung auf/gegen Geldinstitute, Postfilialen und -agenturen;6411000;Darmstadt;insg.;0;0;0;0;0;0;0;0;0;0;0;0;0;0;0;0;0;0;0;0;0;0;0;0;0;0;0;2019
211000;Raub, raeuberische Erpressung auf/gegen Geldinstitute, Postfilialen und -agenturen;5913000;Dortmund;insg.;0;0;0;0;0;0;0;0;0;0;0;0;0;0;0;0;0;0;0;0;0;0;0;0;0;0;0;2019
211000;Raub, raeuberische Erpressung auf/gegen Geldinstitute, Postfilialen und -agenturen;14612000;Dresden;insg.;3;1;2;0;0;0;0;0;0;0;0;0;0;0;0;0;0;0;2;0;2;1;1;0;3;1;2;2019
211000;Raub, raeuberische Erpressung auf/gegen Geldinstitute, Postfilialen und -agenturen;5112000;Duisburg;insg.;0;0;0;0;0;0;0;0;0;0;0;0;0;0;0;0;0;0;0;0;0;0;0;0;0;0;0;2019
211000;Raub, raeuberische Erpressung auf/gegen Geldinstitute, Postfilialen und -agenturen;5111000;Duesseldorf;insg.;1;1;0;0;0;0;0;0;0;0;0;0;0;0;0;0;0;0;1;1;0;0;0;0;1;1;0;2019
211000;Raub, raeuberische Erpressung auf/gegen Geldinstitute, Postfilialen und -agenturen;16051000;Erfurt;insg.;0;0;0;0;0;0;0;0;0;0;0;0;0;0;0;0;0;0;0;0;0;0;0;0;0;0;0;2019
211000;Raub, raeuberische Erpressung auf/gegen Geldinstitute, Postfilialen und -agenturen;9562000;Erlangen;insg.;0;0;0;0;0;0;0;0;0;0;0;0;0;0;0;0;0;0;0;0;0;0;0;0;0;0;0;2019
211000;Raub, raeuberische Erpressung auf/gegen Geldinstitute, Postfilialen und -agenturen;5113000;Essen;insg.;0;0;0;0;0;0;0;0;0;0;0;0;0;0;0;0;0;0;0;0;0;0;0;0;0;0;0;2019
211000;Raub, raeuberische Erpressung auf/gegen Geldinstitute, Postfilialen und -agenturen;6412000;Frankfurt am Main;insg.;4;3;1;0;0;0;0;0;0;0;0;0;0;0;0;0;0;0;4;3;1;0;0;0;4;3;1;2019
211000;Raub, raeuberische Erpressung auf/gegen Geldinstitute, Postfilialen und -agenturen;8311000;Freiburg im Breisgau;insg.;1;0;1;0;0;0;0;0;0;0;0;0;0;0;0;0;0;0;1;0;1;0;0;0;1;0;1;2019
211000;Raub, raeuberische Erpressung auf/gegen Geldinstitute, Postfilialen und -agenturen;9563000;Fuerth;insg.;0;0;0;0;0;0;0;0;0;0;0;0;0;0;0;0;0;0;0;0;0;0;0;0;0;0;0;2019
211000;Raub, raeuberische Erpressung auf/gegen Geldinstitute, Postfilialen und -agenturen;5513000;Gelsenkirchen;insg.;0;0;0;0;0;0;0;0;0;0;0;0;0;0;0;0;0;0;0;0;0;0;0;0;0;0;0;2019
211000;Raub, raeuberische Erpressung auf/gegen Geldinstitute, Postfilialen und -agenturen;3159016;Goettingen;insg.;0;0;0;0;0;0;0;0;0;0;0;0;0;0;0;0;0;0;0;0;0;0;0;0;0;0;0;2019
211000;Raub, raeuberische Erpressung auf/gegen Geldinstitute, Postfilialen und -agenturen;5754008;Guetersloh;insg.;0;0;0;0;0;0;0;0;0;0;0;0;0;0;0;0;0;0;0;0;0;0;0;0;0;0;0;2019
211000;Raub, raeuberische Erpressung auf/gegen Geldinstitute, Postfilialen und -agenturen;5914000;Hagen;insg.;0;0;0;0;0;0;0;0;0;0;0;0;0;0;0;0;0;0;0;0;0;0;0;0;0;0;0;2019
211000;Raub, raeuberische Erpressung auf/gegen Geldinstitute, Postfilialen und -agenturen;15002000;Halle (Saale);insg.;2;0;2;0;0;0;0;0;0;0;0;0;0;0;0;0;0;0;1;0;1;1;0;1;2;0;2;2019
211000;Raub, raeuberische Erpressung auf/gegen Geldinstitute, Postfilialen und -agenturen;2000000;Hamburg;insg.;4;1;3;0;0;0;0;0;0;0;0;0;0;0;0;0;0;0;3;0;3;1;1;0;4;1;3;2019
211000;Raub, raeuberische Erpressung auf/gegen Geldinstitute, Postfilialen und -agenturen;5915000;Hamm;insg.;0;0;0;0;0;0;0;0;0;0;0;0;0;0;0;0;0;0;0;0;0;0;0;0;0;0;0;2019
211000;Raub, raeuberische Erpressung auf/gegen Geldinstitute, Postfilialen und -agenturen;3241001;Hannover;insg.;0;0;0;0;0;0;0;0;0;0;0;0;0;0;0;0;0;0;0;0;0;0;0;0;0;0;0;2019
211000;Raub, raeuberische Erpressung auf/gegen Geldinstitute, Postfilialen und -agenturen;8221000;Heidelberg;insg.;1;1;0;0;0;0;0;0;0;0;0;0;0;0;0;0;0;0;1;1;0;0;0;0;1;1;0;2019
211000;Raub, raeuberische Erpressung auf/gegen Geldinstitute, Postfilialen und -agenturen;8121000;Heilbronn;insg.;0;0;0;0;0;0;0;0;0;0;0;0;0;0;0;0;0;0;0;0;0;0;0;0;0;0;0;2019
211000;Raub, raeuberische Erpressung auf/gegen Geldinstitute, Postfilialen und -agenturen;5916000;Herne;insg.;0;0;0;0;0;0;0;0;0;0;0;0;0;0;0;0;0;0;0;0;0;0;0;0;0;0;0;2019
211000;Raub, raeuberische Erpressung auf/gegen Geldinstitute, Postfilialen und -agenturen;3254021;Hildesheim;insg.;0;0;0;0;0;0;0;0;0;0;0;0;0;0;0;0;0;0;0;0;0;0;0;0;0;0;0;2019
211000;Raub, raeuberische Erpressung auf/gegen Geldinstitute, Postfilialen und -agenturen;9161000;Ingolstadt;insg.;0;0;0;0;0;0;0;0;0;0;0;0;0;0;0;0;0;0;0;0;0;0;0;0;0;0;0;2019
211000;Raub, raeuberische Erpressung auf/gegen Geldinstitute, Postfilialen und -agenturen;16053000;Jena;insg.;0;0;0;0;0;0;0;0;0;0;0;0;0;0;0;0;0;0;0;0;0;0;0;0;0;0;0;2019
211000;Raub, raeuberische Erpressung auf/gegen Geldinstitute, Postfilialen und -agenturen;8212000;Karlsruhe;insg.;1;1;0;0;0;0;0;0;0;0;0;0;0;0;0;0;0;0;1;1;0;0;0;0;1;1;0;2019
211000;Raub, raeuberische Erpressung auf/gegen Geldinstitute, Postfilialen und -agenturen;6611000;Kassel;insg.;1;0;1;0;0;0;0;0;0;0;0;0;0;0;0;0;0;0;1;0;1;0;0;0;1;0;1;2019
211000;Raub, raeuberische Erpressung auf/gegen Geldinstitute, Postfilialen und -agenturen;1002000;Kiel;insg.;0;0;0;0;0;0;0;0;0;0;0;0;0;0;0;0;0;0;0;0;0;0;0;0;0;0;0;2019
211000;Raub, raeuberische Erpressung auf/gegen Geldinstitute, Postfilialen und -agenturen;7111000;Koblenz;insg.;0;0;0;0;0;0;0;0;0;0;0;0;0;0;0;0;0;0;0;0;0;0;0;0;0;0;0;2019
211000;Raub, raeuberische Erpressung auf/gegen Geldinstitute, Postfilialen und -agenturen;5315000;Koeln;insg.;9;0;9;0;0;0;0;0;0;0;0;0;0;0;0;0;0;0;9;0;9;0;0;0;9;0;9;2019
211000;Raub, raeuberische Erpressung auf/gegen Geldinstitute, Postfilialen und -agenturen;5114000;Krefeld;insg.;1;1;0;0;0;0;0;0;0;0;0;0;0;0;0;0;0;0;1;1;0;0;0;0;1;1;0;2019
211000;Raub, raeuberische Erpressung auf/gegen Geldinstitute, Postfilialen und -agenturen;14713000;Leipzig;insg.;0;0;0;0;0;0;0;0;0;0;0;0;0;0;0;0;0;0;0;0;0;0;0;0;0;0;0;2019
211000;Raub, raeuberische Erpressung auf/gegen Geldinstitute, Postfilialen und -agenturen;5316000;Leverkusen;insg.;0;0;0;0;0;0;0;0;0;0;0;0;0;0;0;0;0;0;0;0;0;0;0;0;0;0;0;2019
211000;Raub, raeuberische Erpressung auf/gegen Geldinstitute, Postfilialen und -agenturen;1003000;Luebeck;insg.;0;0;0;0;0;0;0;0;0;0;0;0;0;0;0;0;0;0;0;0;0;0;0;0;0;0;0;2019
211000;Raub, raeuberische Erpressung auf/gegen Geldinstitute, Postfilialen und -agenturen;7314000;Ludwigshafen am Rhein;insg.;0;0;0;0;0;0;0;0;0;0;0;0;0;0;0;0;0;0;0;0;0;0;0;0;0;0;0;2019
211000;Raub, raeuberische Erpressung auf/gegen Geldinstitute, Postfilialen und -agenturen;15003000;Magdeburg;insg.;0;0;0;0;0;0;0;0;0;0;0;0;0;0;0;0;0;0;0;0;0;0;0;0;0;0;0;2019
211000;Raub, raeuberische Erpressung auf/gegen Geldinstitute, Postfilialen und -agenturen;7315000;Mainz;insg.;0;0;0;0;0;0;0;0;0;0;0;0;0;0;0;0;0;0;0;0;0;0;0;0;0;0;0;2019
211000;Raub, raeuberische Erpressung auf/gegen Geldinstitute, Postfilialen und -agenturen;8222000;Mannheim;insg.;0;0;0;0;0;0;0;0;0;0;0;0;0;0;0;0;0;0;0;0;0;0;0;0;0;0;0;2019
211000;Raub, raeuberische Erpressung auf/gegen Geldinstitute, Postfilialen und -agenturen;5170024;Moers;insg.;0;0;0;0;0;0;0;0;0;0;0;0;0;0;0;0;0;0;0;0;0;0;0;0;0;0;0;2019
211000;Raub, raeuberische Erpressung auf/gegen Geldinstitute, Postfilialen und -agenturen;5116000;Moenchengladbach;insg.;0;0;0;0;0;0;0;0;0;0;0;0;0;0;0;0;0;0;0;0;0;0;0;0;0;0;0;2019
211000;Raub, raeuberische Erpressung auf/gegen Geldinstitute, Postfilialen und -agenturen;5117000;Muelheim an der Ruhr;insg.;0;0;0;0;0;0;0;0;0;0;0;0;0;0;0;0;0;0;0;0;0;0;0;0;0;0;0;2019
211000;Raub, raeuberische Erpressung auf/gegen Geldinstitute, Postfilialen und -agenturen;9162000;Muenchen;insg.;4;1;3;0;0;0;0;0;0;0;0;0;0;0;0;1;1;0;3;0;3;0;0;0;3;0;3;2019
211000;Raub, raeuberische Erpressung auf/gegen Geldinstitute, Postfilialen und -agenturen;5515000;Muenster;insg.;0;0;0;0;0;0;0;0;0;0;0;0;0;0;0;0;0;0;0;0;0;0;0;0;0;0;0;2019
211000;Raub, raeuberische Erpressung auf/gegen Geldinstitute, Postfilialen und -agenturen;5162024;Neuss;insg.;0;0;0;0;0;0;0;0;0;0;0;0;0;0;0;0;0;0;0;0;0;0;0;0;0;0;0;2019
211000;Raub, raeuberische Erpressung auf/gegen Geldinstitute, Postfilialen und -agenturen;9564000;Nuernberg;insg.;0;0;0;0;0;0;0;0;0;0;0;0;0;0;0;0;0;0;0;0;0;0;0;0;0;0;0;2019
211000;Raub, raeuberische Erpressung auf/gegen Geldinstitute, Postfilialen und -agenturen;5119000;Oberhausen;insg.;0;0;0;0;0;0;0;0;0;0;0;0;0;0;0;0;0;0;0;0;0;0;0;0;0;0;0;2019
211000;Raub, raeuberische Erpressung auf/gegen Geldinstitute, Postfilialen und -agenturen;6413000;Offenbach am Main;insg.;1;0;1;0;0;0;0;0;0;0;0;0;0;0;0;0;0;0;1;0;1;0;0;0;1;0;1;2019
211000;Raub, raeuberische Erpressung auf/gegen Geldinstitute, Postfilialen und -agenturen;3403000;Oldenburg (Oldenburg);insg.;0;0;0;0;0;0;0;0;0;0;0;0;0;0;0;0;0;0;0;0;0;0;0;0;0;0;0;2019
211000;Raub, raeuberische Erpressung auf/gegen Geldinstitute, Postfilialen und -agenturen;3404000;Osnabrueck;insg.;0;0;0;0;0;0;0;0;0;0;0;0;0;0;0;0;0;0;0;0;0;0;0;0;0;0;0;2019
211000;Raub, raeuberische Erpressung auf/gegen Geldinstitute, Postfilialen und -agenturen;5774032;Paderborn;insg.;0;0;0;0;0;0;0;0;0;0;0;0;0;0;0;0;0;0;0;0;0;0;0;0;0;0;0;2019
211000;Raub, raeuberische Erpressung auf/gegen Geldinstitute, Postfilialen und -agenturen;8231000;Pforzheim;insg.;0;0;0;0;0;0;0;0;0;0;0;0;0;0;0;0;0;0;0;0;0;0;0;0;0;0;0;2019
211000;Raub, raeuberische Erpressung auf/gegen Geldinstitute, Postfilialen und -agenturen;12054000;Potsdam;insg.;0;0;0;0;0;0;0;0;0;0;0;0;0;0;0;0;0;0;0;0;0;0;0;0;0;0;0;2019
211000;Raub, raeuberische Erpressung auf/gegen Geldinstitute, Postfilialen und -agenturen;5562032;Recklinghausen;insg.;0;0;0;0;0;0;0;0;0;0;0;0;0;0;0;0;0;0;0;0;0;0;0;0;0;0;0;2019
211000;Raub, raeuberische Erpressung auf/gegen Geldinstitute, Postfilialen und -agenturen;9362000;Regensburg;insg.;0;0;0;0;0;0;0;0;0;0;0;0;0;0;0;0;0;0;0;0;0;0;0;0;0;0;0;2019
211000;Raub, raeuberische Erpressung auf/gegen Geldinstitute, Postfilialen und -agenturen;5120000;Remscheid;insg.;0;0;0;0;0;0;0;0;0;0;0;0;0;0;0;0;0;0;0;0;0;0;0;0;0;0;0;2019
211000;Raub, raeuberische Erpressung auf/gegen Geldinstitute, Postfilialen und -agenturen;8415061;Reutlingen;insg.;0;0;0;0;0;0;0;0;0;0;0;0;0;0;0;0;0;0;0;0;0;0;0;0;0;0;0;2019
211000;Raub, raeuberische Erpressung auf/gegen Geldinstitute, Postfilialen und -agenturen;13003000;Rostock;insg.;1;0;1;0;0;0;0;0;0;0;0;0;0;0;0;0;0;0;1;0;1;0;0;0;1;0;1;2019
211000;Raub, raeuberische Erpressung auf/gegen Geldinstitute, Postfilialen und -agenturen;10041100;Saarbruecken;insg.;0;0;0;0;0;0;0;0;0;0;0;0;0;0;0;0;0;0;0;0;0;0;0;0;0;0;0;2019
211000;Raub, raeuberische Erpressung auf/gegen Geldinstitute, Postfilialen und -agenturen;3102000;Salzgitter;insg.;0;0;0;0;0;0;0;0;0;0;0;0;0;0;0;0;0;0;0;0;0;0;0;0;0;0;0;2019
211000;Raub, raeuberische Erpressung auf/gegen Geldinstitute, Postfilialen und -agenturen;13004000;Schwerin;insg.;0;0;0;0;0;0;0;0;0;0;0;0;0;0;0;0;0;0;0;0;0;0;0;0;0;0;0;2019
211000;Raub, raeuberische Erpressung auf/gegen Geldinstitute, Postfilialen und -agenturen;5970040;Siegen;insg.;0;0;0;0;0;0;0;0;0;0;0;0;0;0;0;0;0;0;0;0;0;0;0;0;0;0;0;2019
211000;Raub, raeuberische Erpressung auf/gegen Geldinstitute, Postfilialen und -agenturen;5122000;Solingen;insg.;0;0;0;0;0;0;0;0;0;0;0;0;0;0;0;0;0;0;0;0;0;0;0;0;0;0;0;2019
211000;Raub, raeuberische Erpressung auf/gegen Geldinstitute, Postfilialen und -agenturen;8111000;Stuttgart;insg.;15;15;0;1;1;0;0;0;0;1;1;0;0;0;0;0;0;0;13;13;0;1;1;0;14;14;0;2019
211000;Raub, raeuberische Erpressung auf/gegen Geldinstitute, Postfilialen und -agenturen;7211000;Trier;insg.;1;0;1;0;0;0;0;0;0;0;0;0;0;0;0;0;0;0;1;0;1;0;0;0;1;0;1;2019
211000;Raub, raeuberische Erpressung auf/gegen Geldinstitute, Postfilialen und -agenturen;8421000;Ulm;insg.;0;0;0;0;0;0;0;0;0;0;0;0;0;0;0;0;0;0;0;0;0;0;0;0;0;0;0;2019
211000;Raub, raeuberische Erpressung auf/gegen Geldinstitute, Postfilialen und -agenturen;6414000;Wiesbaden;insg.;1;0;1;0;0;0;0;0;0;0;0;0;0;0;0;0;0;0;1;0;1;0;0;0;1;0;1;2019
211000;Raub, raeuberische Erpressung auf/gegen Geldinstitute, Postfilialen und -agenturen;3103000;Wolfsburg;insg.;0;0;0;0;0;0;0;0;0;0;0;0;0;0;0;0;0;0;0;0;0;0;0;0;0;0;0;2019
211000;Raub, raeuberische Erpressung auf/gegen Geldinstitute, Postfilialen und -agenturen;5124000;Wuppertal;insg.;0;0;0;0;0;0;0;0;0;0;0;0;0;0;0;0;0;0;0;0;0;0;0;0;0;0;0;2019
211000;Raub, raeuberische Erpressung auf/gegen Geldinstitute, Postfilialen und -agenturen;9663000;Wuerzburg;insg.;0;0;0;0;0;0;0;0;0;0;0;0;0;0;0;0;0;0;0;0;0;0;0;0;0;0;0;2019
212000;Raub, raeuberische Erpressung auf/gegen sonstige Zahlstellen und Geschaefte;5334002;Aachen;insg.;16;7;9;0;0;0;0;0;0;0;0;0;1;1;0;1;1;0;12;4;8;2;1;1;14;5;9;2019
212000;Raub, raeuberische Erpressung auf/gegen sonstige Zahlstellen und Geschaefte;9761000;Augsburg;insg.;7;3;4;0;0;0;0;0;0;0;0;0;0;0;0;0;0;0;4;1;3;3;2;1;7;3;4;2019
212000;Raub, raeuberische Erpressung auf/gegen sonstige Zahlstellen und Geschaefte;5378004;Bergisch Gladbach;insg.;1;0;1;0;0;0;0;0;0;0;0;0;0;0;0;0;0;0;1;0;1;0;0;0;1;0;1;2019
212000;Raub, raeuberische Erpressung auf/gegen sonstige Zahlstellen und Geschaefte;11000000;Berlin;insg.;585;339;246;0;0;0;1;0;1;1;0;1;5;4;1;40;26;14;481;280;201;58;29;29;539;309;230;2019
212000;Raub, raeuberische Erpressung auf/gegen sonstige Zahlstellen und Geschaefte;5711000;Bielefeld;insg.;13;6;7;0;0;0;0;0;0;0;0;0;0;0;0;4;3;1;9;3;6;0;0;0;9;3;6;2019
212000;Raub, raeuberische Erpressung auf/gegen sonstige Zahlstellen und Geschaefte;5911000;Bochum;insg.;32;13;19;0;0;0;0;0;0;0;0;0;0;0;0;2;1;1;26;12;14;4;0;4;30;12;18;2019
212000;Raub, raeuberische Erpressung auf/gegen sonstige Zahlstellen und Geschaefte;5314000;Bonn;insg.;28;20;8;0;0;0;0;0;0;0;0;0;0;0;0;2;2;0;24;17;7;2;1;1;26;18;8;2019
212000;Raub, raeuberische Erpressung auf/gegen sonstige Zahlstellen und Geschaefte;5512000;Bottrop;insg.;11;5;6;0;0;0;0;0;0;0;0;0;0;0;0;1;0;1;10;5;5;0;0;0;10;5;5;2019
212000;Raub, raeuberische Erpressung auf/gegen sonstige Zahlstellen und Geschaefte;3101000;Braunschweig;insg.;18;7;11;0;0;0;0;0;0;0;0;0;0;0;0;2;1;1;14;5;9;2;1;1;16;6;10;2019
212000;Raub, raeuberische Erpressung auf/gegen sonstige Zahlstellen und Geschaefte;4011000;Bremen;insg.;66;21;45;0;0;0;0;0;0;0;0;0;0;0;0;5;1;4;51;17;34;10;3;7;61;20;41;2019
212000;Raub, raeuberische Erpressung auf/gegen sonstige Zahlstellen und Geschaefte;4012000;Bremerhaven;insg.;21;11;10;0;0;0;0;0;0;0;0;0;0;0;0;3;1;2;17;9;8;1;1;0;18;10;8;2019
212000;Raub, raeuberische Erpressung auf/gegen sonstige Zahlstellen und Geschaefte;14511000;Chemnitz;insg.;3;1;2;0;0;0;0;0;0;0;0;0;0;0;0;0;0;0;3;1;2;0;0;0;3;1;2;2019
212000;Raub, raeuberische Erpressung auf/gegen sonstige Zahlstellen und Geschaefte;12052000;Cottbus;insg.;3;2;1;0;0;0;0;0;0;0;0;0;0;0;0;1;1;0;2;1;1;0;0;0;2;1;1;2019
212000;Raub, raeuberische Erpressung auf/gegen sonstige Zahlstellen und Geschaefte;6411000;Darmstadt;insg.;11;7;4;0;0;0;0;0;0;0;0;0;0;0;0;3;2;1;8;5;3;0;0;0;8;5;3;2019
212000;Raub, raeuberische Erpressung auf/gegen sonstige Zahlstellen und Geschaefte;5913000;Dortmund;insg.;45;20;25;0;0;0;0;0;0;0;0;0;0;0;0;2;1;1;37;18;19;6;1;5;43;19;24;2019
212000;Raub, raeuberische Erpressung auf/gegen sonstige Zahlstellen und Geschaefte;14612000;Dresden;insg.;17;11;6;0;0;0;0;0;0;0;0;0;0;0;0;0;0;0;15;9;6;2;2;0;17;11;6;2019
212000;Raub, raeuberische Erpressung auf/gegen sonstige Zahlstellen und Geschaefte;5112000;Duisburg;insg.;46;18;28;0;0;0;0;0;0;0;0;0;1;1;0;5;3;2;36;14;22;4;0;4;40;14;26;2019
212000;Raub, raeuberische Erpressung auf/gegen sonstige Zahlstellen und Geschaefte;5111000;Duesseldorf;insg.;14;7;7;0;0;0;0;0;0;0;0;0;0;0;0;0;0;0;12;6;6;2;1;1;14;7;7;2019
212000;Raub, raeuberische Erpressung auf/gegen sonstige Zahlstellen und Geschaefte;16051000;Erfurt;insg.;2;0;2;0;0;0;0;0;0;0;0;0;1;0;1;1;0;1;0;0;0;0;0;0;0;0;0;2019
212000;Raub, raeuberische Erpressung auf/gegen sonstige Zahlstellen und Geschaefte;9562000;Erlangen;insg.;1;0;1;0;0;0;0;0;0;0;0;0;0;0;0;0;0;0;0;0;0;1;0;1;1;0;1;2019
212000;Raub, raeuberische Erpressung auf/gegen sonstige Zahlstellen und Geschaefte;5113000;Essen;insg.;33;16;17;0;0;0;0;0;0;0;0;0;2;2;0;1;1;0;26;11;15;4;2;2;30;13;17;2019
212000;Raub, raeuberische Erpressung auf/gegen sonstige Zahlstellen und Geschaefte;6412000;Frankfurt am Main;insg.;66;42;24;0;0;0;0;0;0;0;0;0;0;0;0;3;3;0;59;36;23;4;3;1;63;39;24;2019
212000;Raub, raeuberische Erpressung auf/gegen sonstige Zahlstellen und Geschaefte;8311000;Freiburg im Breisgau;insg.;6;3;3;0;0;0;0;0;0;0;0;0;0;0;0;1;1;0;5;2;3;0;0;0;5;2;3;2019
212000;Raub, raeuberische Erpressung auf/gegen sonstige Zahlstellen und Geschaefte;9563000;Fuerth;insg.;1;1;0;0;0;0;0;0;0;0;0;0;0;0;0;0;0;0;1;1;0;0;0;0;1;1;0;2019
212000;Raub, raeuberische Erpressung auf/gegen sonstige Zahlstellen und Geschaefte;5513000;Gelsenkirchen;insg.;5;3;2;0;0;0;0;0;0;0;0;0;0;0;0;0;0;0;5;3;2;0;0;0;5;3;2;2019
212000;Raub, raeuberische Erpressung auf/gegen sonstige Zahlstellen und Geschaefte;3159016;Goettingen;insg.;4;2;2;0;0;0;0;0;0;0;0;0;0;0;0;0;0;0;3;1;2;1;1;0;4;2;2;2019
212000;Raub, raeuberische Erpressung auf/gegen sonstige Zahlstellen und Geschaefte;5754008;Guetersloh;insg.;5;1;4;0;0;0;0;0;0;0;0;0;0;0;0;0;0;0;5;1;4;0;0;0;5;1;4;2019
212000;Raub, raeuberische Erpressung auf/gegen sonstige Zahlstellen und Geschaefte;5914000;Hagen;insg.;17;7;10;0;0;0;0;0;0;0;0;0;0;0;0;2;2;0;10;3;7;5;2;3;15;5;10;2019
212000;Raub, raeuberische Erpressung auf/gegen sonstige Zahlstellen und Geschaefte;15002000;Halle (Saale);insg.;17;5;12;0;0;0;0;0;0;0;0;0;0;0;0;2;1;1;15;4;11;0;0;0;15;4;11;2019
212000;Raub, raeuberische Erpressung auf/gegen sonstige Zahlstellen und Geschaefte;2000000;Hamburg;insg.;53;26;27;0;0;0;0;0;0;0;0;0;0;0;0;1;1;0;46;22;24;6;3;3;52;25;27;2019
212000;Raub, raeuberische Erpressung auf/gegen sonstige Zahlstellen und Geschaefte;5915000;Hamm;insg.;5;2;3;0;0;0;0;0;0;0;0;0;0;0;0;0;0;0;5;2;3;0;0;0;5;2;3;2019
212000;Raub, raeuberische Erpressung auf/gegen sonstige Zahlstellen und Geschaefte;3241001;Hannover;insg.;32;13;19;0;0;0;0;0;0;0;0;0;0;0;0;0;0;0;27;10;17;5;3;2;32;13;19;2019
212000;Raub, raeuberische Erpressung auf/gegen sonstige Zahlstellen und Geschaefte;8221000;Heidelberg;insg.;0;0;0;0;0;0;0;0;0;0;0;0;0;0;0;0;0;0;0;0;0;0;0;0;0;0;0;2019
212000;Raub, raeuberische Erpressung auf/gegen sonstige Zahlstellen und Geschaefte;8121000;Heilbronn;insg.;0;0;0;0;0;0;0;0;0;0;0;0;0;0;0;0;0;0;0;0;0;0;0;0;0;0;0;2019
212000;Raub, raeuberische Erpressung auf/gegen sonstige Zahlstellen und Geschaefte;5916000;Herne;insg.;9;1;8;0;0;0;0;0;0;0;0;0;0;0;0;0;0;0;6;0;6;3;1;2;9;1;8;2019
212000;Raub, raeuberische Erpressung auf/gegen sonstige Zahlstellen und Geschaefte;3254021;Hildesheim;insg.;7;3;4;0;0;0;0;0;0;0;0;0;0;0;0;0;0;0;6;3;3;1;0;1;7;3;4;2019
212000;Raub, raeuberische Erpressung auf/gegen sonstige Zahlstellen und Geschaefte;9161000;Ingolstadt;insg.;7;2;5;1;0;1;0;0;0;1;0;1;0;0;0;1;0;1;5;2;3;0;0;0;5;2;3;2019
212000;Raub, raeuberische Erpressung auf/gegen sonstige Zahlstellen und Geschaefte;16053000;Jena;insg.;0;0;0;0;0;0;0;0;0;0;0;0;0;0;0;0;0;0;0;0;0;0;0;0;0;0;0;2019
212000;Raub, raeuberische Erpressung auf/gegen sonstige Zahlstellen und Geschaefte;8212000;Karlsruhe;insg.;9;6;3;0;0;0;0;0;0;0;0;0;0;0;0;1;1;0;7;4;3;1;1;0;8;5;3;2019
212000;Raub, raeuberische Erpressung auf/gegen sonstige Zahlstellen und Geschaefte;6611000;Kassel;insg.;21;13;8;0;0;0;0;0;0;0;0;0;0;0;0;0;0;0;18;10;8;3;3;0;21;13;8;2019
212000;Raub, raeuberische Erpressung auf/gegen sonstige Zahlstellen und Geschaefte;1002000;Kiel;insg.;12;4;8;0;0;0;0;0;0;0;0;0;0;0;0;0;0;0;10;4;6;2;0;2;12;4;8;2019
212000;Raub, raeuberische Erpressung auf/gegen sonstige Zahlstellen und Geschaefte;7111000;Koblenz;insg.;4;1;3;0;0;0;0;0;0;0;0;0;0;0;0;1;1;0;3;0;3;0;0;0;3;0;3;2019
212000;Raub, raeuberische Erpressung auf/gegen sonstige Zahlstellen und Geschaefte;5315000;Koeln;insg.;64;37;27;0;0;0;0;0;0;0;0;0;0;0;0;9;5;4;52;30;22;3;2;1;55;32;23;2019
212000;Raub, raeuberische Erpressung auf/gegen sonstige Zahlstellen und Geschaefte;5114000;Krefeld;insg.;12;4;8;0;0;0;0;0;0;0;0;0;0;0;0;0;0;0;9;3;6;3;1;2;12;4;8;2019
212000;Raub, raeuberische Erpressung auf/gegen sonstige Zahlstellen und Geschaefte;14713000;Leipzig;insg.;11;1;10;0;0;0;0;0;0;0;0;0;0;0;0;0;0;0;10;1;9;1;0;1;11;1;10;2019
212000;Raub, raeuberische Erpressung auf/gegen sonstige Zahlstellen und Geschaefte;5316000;Leverkusen;insg.;10;7;3;0;0;0;0;0;0;0;0;0;1;1;0;3;2;1;5;3;2;1;1;0;6;4;2;2019
212000;Raub, raeuberische Erpressung auf/gegen sonstige Zahlstellen und Geschaefte;1003000;Luebeck;insg.;2;1;1;0;0;0;0;0;0;0;0;0;0;0;0;0;0;0;1;0;1;1;1;0;2;1;1;2019
212000;Raub, raeuberische Erpressung auf/gegen sonstige Zahlstellen und Geschaefte;7314000;Ludwigshafen am Rhein;insg.;18;8;10;0;0;0;0;0;0;0;0;0;0;0;0;1;0;1;15;8;7;2;0;2;17;8;9;2019
212000;Raub, raeuberische Erpressung auf/gegen sonstige Zahlstellen und Geschaefte;15003000;Magdeburg;insg.;10;4;6;0;0;0;0;0;0;0;0;0;0;0;0;0;0;0;10;4;6;0;0;0;10;4;6;2019
212000;Raub, raeuberische Erpressung auf/gegen sonstige Zahlstellen und Geschaefte;7315000;Mainz;insg.;3;2;1;0;0;0;0;0;0;0;0;0;0;0;0;0;0;0;3;2;1;0;0;0;3;2;1;2019
212000;Raub, raeuberische Erpressung auf/gegen sonstige Zahlstellen und Geschaefte;8222000;Mannheim;insg.;11;4;7;0;0;0;0;0;0;0;0;0;0;0;0;1;0;1;7;2;5;3;2;1;10;4;6;2019
212000;Raub, raeuberische Erpressung auf/gegen sonstige Zahlstellen und Geschaefte;5170024;Moers;insg.;3;2;1;0;0;0;0;0;0;0;0;0;0;0;0;0;0;0;3;2;1;0;0;0;3;2;1;2019
212000;Raub, raeuberische Erpressung auf/gegen sonstige Zahlstellen und Geschaefte;5116000;Moenchengladbach;insg.;19;10;9;0;0;0;0;0;0;0;0;0;0;0;0;1;1;0;16;7;9;2;2;0;18;9;9;2019
212000;Raub, raeuberische Erpressung auf/gegen sonstige Zahlstellen und Geschaefte;5117000;Muelheim an der Ruhr;insg.;8;5;3;0;0;0;0;0;0;0;0;0;0;0;0;3;2;1;4;3;1;1;0;1;5;3;2;2019
212000;Raub, raeuberische Erpressung auf/gegen sonstige Zahlstellen und Geschaefte;9162000;Muenchen;insg.;43;26;17;0;0;0;0;0;0;0;0;0;2;1;1;3;3;0;35;19;16;3;3;0;38;22;16;2019
212000;Raub, raeuberische Erpressung auf/gegen sonstige Zahlstellen und Geschaefte;5515000;Muenster;insg.;52;29;23;0;0;0;0;0;0;0;0;0;0;0;0;4;2;2;39;22;17;9;5;4;48;27;21;2019
212000;Raub, raeuberische Erpressung auf/gegen sonstige Zahlstellen und Geschaefte;5162024;Neuss;insg.;10;4;6;0;0;0;0;0;0;0;0;0;0;0;0;3;3;0;6;1;5;1;0;1;7;1;6;2019
212000;Raub, raeuberische Erpressung auf/gegen sonstige Zahlstellen und Geschaefte;9564000;Nuernberg;insg.;12;7;5;0;0;0;0;0;0;0;0;0;0;0;0;0;0;0;12;7;5;0;0;0;12;7;5;2019
212000;Raub, raeuberische Erpressung auf/gegen sonstige Zahlstellen und Geschaefte;5119000;Oberhausen;insg.;14;8;6;0;0;0;0;0;0;0;0;0;0;0;0;1;1;0;11;6;5;2;1;1;13;7;6;2019
212000;Raub, raeuberische Erpressung auf/gegen sonstige Zahlstellen und Geschaefte;6413000;Offenbach am Main;insg.;2;2;0;0;0;0;0;0;0;0;0;0;0;0;0;0;0;0;1;1;0;1;1;0;2;2;0;2019
212000;Raub, raeuberische Erpressung auf/gegen sonstige Zahlstellen und Geschaefte;3403000;Oldenburg (Oldenburg);insg.;20;4;16;0;0;0;0;0;0;0;0;0;0;0;0;0;0;0;20;4;16;0;0;0;20;4;16;2019
212000;Raub, raeuberische Erpressung auf/gegen sonstige Zahlstellen und Geschaefte;3404000;Osnabrueck;insg.;16;8;8;0;0;0;0;0;0;0;0;0;2;2;0;2;0;2;11;6;5;1;0;1;12;6;6;2019
212000;Raub, raeuberische Erpressung auf/gegen sonstige Zahlstellen und Geschaefte;5774032;Paderborn;insg.;7;4;3;0;0;0;0;0;0;0;0;0;0;0;0;1;1;0;5;2;3;1;1;0;6;3;3;2019
212000;Raub, raeuberische Erpressung auf/gegen sonstige Zahlstellen und Geschaefte;8231000;Pforzheim;insg.;4;0;4;0;0;0;0;0;0;0;0;0;0;0;0;0;0;0;4;0;4;0;0;0;4;0;4;2019
212000;Raub, raeuberische Erpressung auf/gegen sonstige Zahlstellen und Geschaefte;12054000;Potsdam;insg.;3;2;1;0;0;0;0;0;0;0;0;0;0;0;0;0;0;0;3;2;1;0;0;0;3;2;1;2019
212000;Raub, raeuberische Erpressung auf/gegen sonstige Zahlstellen und Geschaefte;5562032;Recklinghausen;insg.;5;1;4;0;0;0;0;0;0;0;0;0;0;0;0;0;0;0;4;1;3;1;0;1;5;1;4;2019
212000;Raub, raeuberische Erpressung auf/gegen sonstige Zahlstellen und Geschaefte;9362000;Regensburg;insg.;2;1;1;0;0;0;0;0;0;0;0;0;0;0;0;0;0;0;2;1;1;0;0;0;2;1;1;2019
212000;Raub, raeuberische Erpressung auf/gegen sonstige Zahlstellen und Geschaefte;5120000;Remscheid;insg.;4;2;2;0;0;0;0;0;0;0;0;0;0;0;0;0;0;0;3;1;2;1;1;0;4;2;2;2019
212000;Raub, raeuberische Erpressung auf/gegen sonstige Zahlstellen und Geschaefte;8415061;Reutlingen;insg.;1;0;1;0;0;0;0;0;0;0;0;0;0;0;0;0;0;0;1;0;1;0;0;0;1;0;1;2019
212000;Raub, raeuberische Erpressung auf/gegen sonstige Zahlstellen und Geschaefte;13003000;Rostock;insg.;7;2;5;0;0;0;0;0;0;0;0;0;0;0;0;0;0;0;7;2;5;0;0;0;7;2;5;2019
212000;Raub, raeuberische Erpressung auf/gegen sonstige Zahlstellen und Geschaefte;10041100;Saarbruecken;insg.;17;4;13;0;0;0;0;0;0;0;0;0;0;0;0;1;0;1;14;4;10;2;0;2;16;4;12;2019
212000;Raub, raeuberische Erpressung auf/gegen sonstige Zahlstellen und Geschaefte;3102000;Salzgitter;insg.;9;3;6;0;0;0;0;0;0;0;0;0;0;0;0;1;0;1;5;2;3;3;1;2;8;3;5;2019
212000;Raub, raeuberische Erpressung auf/gegen sonstige Zahlstellen und Geschaefte;13004000;Schwerin;insg.;0;0;0;0;0;0;0;0;0;0;0;0;0;0;0;0;0;0;0;0;0;0;0;0;0;0;0;2019
212000;Raub, raeuberische Erpressung auf/gegen sonstige Zahlstellen und Geschaefte;5970040;Siegen;insg.;4;1;3;0;0;0;0;0;0;0;0;0;0;0;0;2;1;1;2;0;2;0;0;0;2;0;2;2019
212000;Raub, raeuberische Erpressung auf/gegen sonstige Zahlstellen und Geschaefte;5122000;Solingen;insg.;6;2;4;0;0;0;0;0;0;0;0;0;0;0;0;0;0;0;5;1;4;1;1;0;6;2;4;2019
212000;Raub, raeuberische Erpressung auf/gegen sonstige Zahlstellen und Geschaefte;8111000;Stuttgart;insg.;17;8;9;0;0;0;0;0;0;0;0;0;0;0;0;0;0;0;12;6;6;5;2;3;17;8;9;2019
212000;Raub, raeuberische Erpressung auf/gegen sonstige Zahlstellen und Geschaefte;7211000;Trier;insg.;4;0;4;0;0;0;0;0;0;0;0;0;0;0;0;0;0;0;4;0;4;0;0;0;4;0;4;2019
212000;Raub, raeuberische Erpressung auf/gegen sonstige Zahlstellen und Geschaefte;8421000;Ulm;insg.;4;0;4;0;0;0;0;0;0;0;0;0;0;0;0;0;0;0;4;0;4;0;0;0;4;0;4;2019
212000;Raub, raeuberische Erpressung auf/gegen sonstige Zahlstellen und Geschaefte;6414000;Wiesbaden;insg.;13;2;11;0;0;0;0;0;0;0;0;0;0;0;0;0;0;0;11;2;9;2;0;2;13;2;11;2019
212000;Raub, raeuberische Erpressung auf/gegen sonstige Zahlstellen und Geschaefte;3103000;Wolfsburg;insg.;4;1;3;0;0;0;0;0;0;0;0;0;0;0;0;0;0;0;4;1;3;0;0;0;4;1;3;2019
212000;Raub, raeuberische Erpressung auf/gegen sonstige Zahlstellen und Geschaefte;5124000;Wuppertal;insg.;20;6;14;0;0;0;0;0;0;0;0;0;0;0;0;1;1;0;18;4;14;1;1;0;19;5;14;2019
212000;Raub, raeuberische Erpressung auf/gegen sonstige Zahlstellen und Geschaefte;9663000;Wuerzburg;insg.;1;1;0;0;0;0;0;0;0;0;0;0;0;0;0;1;1;0;0;0;0;0;0;0;0;0;0;2019
216000;Handtaschenraub;5334002;Aachen;insg.;13;1;12;0;0;0;0;0;0;0;0;0;0;0;0;0;0;0;11;1;10;2;0;2;13;1;12;2019
216000;Handtaschenraub;9761000;Augsburg;insg.;1;0;1;0;0;0;0;0;0;0;0;0;0;0;0;0;0;0;1;0;1;0;0;0;1;0;1;2019
216000;Handtaschenraub;5378004;Bergisch Gladbach;insg.;2;0;2;0;0;0;0;0;0;0;0;0;0;0;0;0;0;0;0;0;0;2;0;2;2;0;2;2019
216000;Handtaschenraub;11000000;Berlin;insg.;198;26;172;0;0;0;0;0;0;0;0;0;4;1;3;9;1;8;98;18;80;87;6;81;185;24;161;2019
216000;Handtaschenraub;5711000;Bielefeld;insg.;5;1;4;0;0;0;0;0;0;0;0;0;0;0;0;0;0;0;3;1;2;2;0;2;5;1;4;2019
216000;Handtaschenraub;5911000;Bochum;insg.;2;0;2;0;0;0;0;0;0;0;0;0;0;0;0;0;0;0;2;0;2;0;0;0;2;0;2;2019
216000;Handtaschenraub;5314000;Bonn;insg.;9;0;9;0;0;0;0;0;0;0;0;0;2;0;2;0;0;0;4;0;4;3;0;3;7;0;7;2019
216000;Handtaschenraub;5512000;Bottrop;insg.;2;0;2;0;0;0;0;0;0;0;0;0;0;0;0;0;0;0;1;0;1;1;0;1;2;0;2;2019
216000;Handtaschenraub;3101000;Braunschweig;insg.;11;0;11;0;0;0;0;0;0;0;0;0;1;0;1;0;0;0;4;0;4;6;0;6;10;0;10;2019
216000;Handtaschenraub;4011000;Bremen;insg.;12;0;12;0;0;0;0;0;0;0;0;0;0;0;0;1;0;1;8;0;8;3;0;3;11;0;11;2019
216000;Handtaschenraub;4012000;Bremerhaven;insg.;4;0;4;0;0;0;0;0;0;0;0;0;0;0;0;0;0;0;2;0;2;2;0;2;4;0;4;2019
216000;Handtaschenraub;14511000;Chemnitz;insg.;6;1;5;0;0;0;0;0;0;0;0;0;0;0;0;2;1;1;1;0;1;3;0;3;4;0;4;2019
216000;Handtaschenraub;12052000;Cottbus;insg.;3;1;2;0;0;0;0;0;0;0;0;0;0;0;0;0;0;0;3;1;2;0;0;0;3;1;2;2019
216000;Handtaschenraub;6411000;Darmstadt;insg.;3;0;3;0;0;0;0;0;0;0;0;0;0;0;0;0;0;0;0;0;0;3;0;3;3;0;3;2019
216000;Handtaschenraub;5913000;Dortmund;insg.;16;2;14;0;0;0;0;0;0;0;0;0;1;0;1;2;0;2;8;1;7;5;1;4;13;2;11;2019
216000;Handtaschenraub;14612000;Dresden;insg.;10;2;8;0;0;0;0;0;0;0;0;0;0;0;0;0;0;0;6;2;4;4;0;4;10;2;8;2019
216000;Handtaschenraub;5112000;Duisburg;insg.;20;0;20;0;0;0;0;0;0;0;0;0;1;0;1;0;0;0;6;0;6;13;0;13;19;0;19;2019
216000;Handtaschenraub;5111000;Duesseldorf;insg.;13;3;10;0;0;0;0;0;0;0;0;0;2;0;2;0;0;0;4;2;2;7;1;6;11;3;8;2019
216000;Handtaschenraub;16051000;Erfurt;insg.;8;1;7;0;0;0;0;0;0;0;0;0;1;1;0;1;0;1;5;0;5;1;0;1;6;0;6;2019
216000;Handtaschenraub;9562000;Erlangen;insg.;0;0;0;0;0;0;0;0;0;0;0;0;0;0;0;0;0;0;0;0;0;0;0;0;0;0;0;2019
216000;Handtaschenraub;5113000;Essen;insg.;9;0;9;0;0;0;0;0;0;0;0;0;0;0;0;1;0;1;5;0;5;3;0;3;8;0;8;2019
216000;Handtaschenraub;6412000;Frankfurt am Main;insg.;38;3;35;0;0;0;0;0;0;0;0;0;0;0;0;0;0;0;29;1;28;9;2;7;38;3;35;2019
216000;Handtaschenraub;8311000;Freiburg im Breisgau;insg.;4;1;3;0;0;0;0;0;0;0;0;0;0;0;0;0;0;0;2;1;1;2;0;2;4;1;3;2019
216000;Handtaschenraub;9563000;Fuerth;insg.;2;0;2;0;0;0;0;0;0;0;0;0;0;0;0;0;0;0;1;0;1;1;0;1;2;0;2;2019
216000;Handtaschenraub;5513000;Gelsenkirchen;insg.;5;1;4;0;0;0;0;0;0;0;0;0;1;1;0;0;0;0;2;0;2;2;0;2;4;0;4;2019
216000;Handtaschenraub;3159016;Goettingen;insg.;5;2;3;0;0;0;0;0;0;0;0;0;1;0;1;1;1;0;1;1;0;2;0;2;3;1;2;2019
216000;Handtaschenraub;5754008;Guetersloh;insg.;0;0;0;0;0;0;0;0;0;0;0;0;0;0;0;0;0;0;0;0;0;0;0;0;0;0;0;2019
216000;Handtaschenraub;5914000;Hagen;insg.;2;0;2;0;0;0;0;0;0;0;0;0;0;0;0;0;0;0;0;0;0;2;0;2;2;0;2;2019
216000;Handtaschenraub;15002000;Halle (Saale);insg.;11;1;10;0;0;0;0;0;0;0;0;0;0;0;0;0;0;0;6;0;6;5;1;4;11;1;10;2019
216000;Handtaschenraub;2000000;Hamburg;insg.;47;10;37;0;0;0;0;0;0;0;0;0;1;0;1;0;0;0;28;7;21;18;3;15;46;10;36;2019
216000;Handtaschenraub;5915000;Hamm;insg.;3;0;3;0;0;0;0;0;0;0;0;0;0;0;0;0;0;0;1;0;1;2;0;2;3;0;3;2019
216000;Handtaschenraub;3241001;Hannover;insg.;21;4;17;1;1;0;0;0;0;1;1;0;2;0;2;2;0;2;12;3;9;4;0;4;16;3;13;2019
216000;Handtaschenraub;8221000;Heidelberg;insg.;3;1;2;0;0;0;0;0;0;0;0;0;0;0;0;2;1;1;1;0;1;0;0;0;1;0;1;2019
216000;Handtaschenraub;8121000;Heilbronn;insg.;3;1;2;0;0;0;0;0;0;0;0;0;0;0;0;0;0;0;2;1;1;1;0;1;3;1;2;2019
216000;Handtaschenraub;5916000;Herne;insg.;0;0;0;0;0;0;0;0;0;0;0;0;0;0;0;0;0;0;0;0;0;0;0;0;0;0;0;2019
216000;Handtaschenraub;3254021;Hildesheim;insg.;1;1;0;0;0;0;0;0;0;0;0;0;0;0;0;0;0;0;0;0;0;1;1;0;1;1;0;2019
216000;Handtaschenraub;9161000;Ingolstadt;insg.;0;0;0;0;0;0;0;0;0;0;0;0;0;0;0;0;0;0;0;0;0;0;0;0;0;0;0;2019
216000;Handtaschenraub;16053000;Jena;insg.;1;1;0;0;0;0;0;0;0;0;0;0;0;0;0;0;0;0;1;1;0;0;0;0;1;1;0;2019
216000;Handtaschenraub;8212000;Karlsruhe;insg.;10;2;8;0;0;0;0;0;0;0;0;0;0;0;0;0;0;0;7;2;5;3;0;3;10;2;8;2019
216000;Handtaschenraub;6611000;Kassel;insg.;5;0;5;0;0;0;0;0;0;0;0;0;0;0;0;0;0;0;3;0;3;2;0;2;5;0;5;2019
216000;Handtaschenraub;1002000;Kiel;insg.;0;0;0;0;0;0;0;0;0;0;0;0;0;0;0;0;0;0;0;0;0;0;0;0;0;0;0;2019
216000;Handtaschenraub;7111000;Koblenz;insg.;6;1;5;0;0;0;0;0;0;0;0;0;2;1;1;1;0;1;3;0;3;0;0;0;3;0;3;2019
216000;Handtaschenraub;5315000;Koeln;insg.;102;24;78;0;0;0;1;0;1;1;0;1;6;4;2;3;3;0;64;15;49;28;2;26;92;17;75;2019
216000;Handtaschenraub;5114000;Krefeld;insg.;2;0;2;0;0;0;0;0;0;0;0;0;0;0;0;0;0;0;0;0;0;2;0;2;2;0;2;2019
216000;Handtaschenraub;14713000;Leipzig;insg.;41;5;36;0;0;0;1;1;0;1;1;0;1;1;0;2;1;1;15;2;13;22;0;22;37;2;35;2019
216000;Handtaschenraub;5316000;Leverkusen;insg.;1;0;1;0;0;0;0;0;0;0;0;0;0;0;0;0;0;0;0;0;0;1;0;1;1;0;1;2019
216000;Handtaschenraub;1003000;Luebeck;insg.;5;0;5;0;0;0;0;0;0;0;0;0;0;0;0;0;0;0;1;0;1;4;0;4;5;0;5;2019
216000;Handtaschenraub;7314000;Ludwigshafen am Rhein;insg.;6;1;5;0;0;0;0;0;0;0;0;0;0;0;0;0;0;0;2;1;1;4;0;4;6;1;5;2019
216000;Handtaschenraub;15003000;Magdeburg;insg.;15;2;13;1;1;0;0;0;0;1;1;0;1;0;1;0;0;0;7;1;6;6;0;6;13;1;12;2019
216000;Handtaschenraub;7315000;Mainz;insg.;1;0;1;0;0;0;0;0;0;0;0;0;0;0;0;0;0;0;1;0;1;0;0;0;1;0;1;2019
216000;Handtaschenraub;8222000;Mannheim;insg.;8;1;7;0;0;0;0;0;0;0;0;0;0;0;0;1;1;0;4;0;4;3;0;3;7;0;7;2019
216000;Handtaschenraub;5170024;Moers;insg.;5;1;4;0;0;0;0;0;0;0;0;0;0;0;0;0;0;0;3;1;2;2;0;2;5;1;4;2019
216000;Handtaschenraub;5116000;Moenchengladbach;insg.;4;0;4;0;0;0;0;0;0;0;0;0;0;0;0;1;0;1;3;0;3;0;0;0;3;0;3;2019
216000;Handtaschenraub;5117000;Muelheim an der Ruhr;insg.;9;0;9;0;0;0;0;0;0;0;0;0;0;0;0;0;0;0;3;0;3;6;0;6;9;0;9;2019
216000;Handtaschenraub;9162000;Muenchen;insg.;34;13;21;1;0;1;1;1;0;2;1;1;2;1;1;3;0;3;18;9;9;9;2;7;27;11;16;2019
216000;Handtaschenraub;5515000;Muenster;insg.;0;0;0;0;0;0;0;0;0;0;0;0;0;0;0;0;0;0;0;0;0;0;0;0;0;0;0;2019
216000;Handtaschenraub;5162024;Neuss;insg.;4;0;4;0;0;0;0;0;0;0;0;0;0;0;0;0;0;0;4;0;4;0;0;0;4;0;4;2019
216000;Handtaschenraub;9564000;Nuernberg;insg.;10;2;8;0;0;0;0;0;0;0;0;0;1;0;1;0;0;0;3;1;2;6;1;5;9;2;7;2019
216000;Handtaschenraub;5119000;Oberhausen;insg.;2;0;2;0;0;0;0;0;0;0;0;0;0;0;0;0;0;0;2;0;2;0;0;0;2;0;2;2019
216000;Handtaschenraub;6413000;Offenbach am Main;insg.;2;0;2;0;0;0;0;0;0;0;0;0;0;0;0;0;0;0;1;0;1;1;0;1;2;0;2;2019
216000;Handtaschenraub;3403000;Oldenburg (Oldenburg);insg.;6;1;5;0;0;0;0;0;0;0;0;0;1;0;1;0;0;0;4;1;3;1;0;1;5;1;4;2019
216000;Handtaschenraub;3404000;Osnabrueck;insg.;11;3;8;0;0;0;0;0;0;0;0;0;0;0;0;2;0;2;6;2;4;3;1;2;9;3;6;2019
216000;Handtaschenraub;5774032;Paderborn;insg.;3;0;3;0;0;0;0;0;0;0;0;0;0;0;0;0;0;0;2;0;2;1;0;1;3;0;3;2019
216000;Handtaschenraub;8231000;Pforzheim;insg.;2;0;2;0;0;0;0;0;0;0;0;0;0;0;0;0;0;0;2;0;2;0;0;0;2;0;2;2019
216000;Handtaschenraub;12054000;Potsdam;insg.;7;1;6;0;0;0;0;0;0;0;0;0;1;0;1;1;0;1;0;0;0;5;1;4;5;1;4;2019
216000;Handtaschenraub;5562032;Recklinghausen;insg.;1;0;1;0;0;0;0;0;0;0;0;0;0;0;0;0;0;0;0;0;0;1;0;1;1;0;1;2019
216000;Handtaschenraub;9362000;Regensburg;insg.;3;1;2;0;0;0;0;0;0;0;0;0;0;0;0;0;0;0;3;1;2;0;0;0;3;1;2;2019
216000;Handtaschenraub;5120000;Remscheid;insg.;1;0;1;0;0;0;0;0;0;0;0;0;0;0;0;0;0;0;0;0;0;1;0;1;1;0;1;2019
216000;Handtaschenraub;8415061;Reutlingen;insg.;2;0;2;0;0;0;0;0;0;0;0;0;0;0;0;0;0;0;1;0;1;1;0;1;2;0;2;2019
216000;Handtaschenraub;13003000;Rostock;insg.;10;3;7;0;0;0;0;0;0;0;0;0;2;2;0;1;0;1;3;0;3;4;1;3;7;1;6;2019
216000;Handtaschenraub;10041100;Saarbruecken;insg.;10;2;8;0;0;0;1;1;0;1;1;0;0;0;0;2;0;2;5;1;4;2;0;2;7;1;6;2019
216000;Handtaschenraub;3102000;Salzgitter;insg.;3;1;2;0;0;0;0;0;0;0;0;0;0;0;0;0;0;0;1;1;0;2;0;2;3;1;2;2019
216000;Handtaschenraub;13004000;Schwerin;insg.;2;0;2;0;0;0;0;0;0;0;0;0;0;0;0;0;0;0;1;0;1;1;0;1;2;0;2;2019
216000;Handtaschenraub;5970040;Siegen;insg.;0;0;0;0;0;0;0;0;0;0;0;0;0;0;0;0;0;0;0;0;0;0;0;0;0;0;0;2019
216000;Handtaschenraub;5122000;Solingen;insg.;4;1;3;0;0;0;0;0;0;0;0;0;1;0;1;0;0;0;2;1;1;1;0;1;3;1;2;2019
216000;Handtaschenraub;8111000;Stuttgart;insg.;19;2;17;0;0;0;0;0;0;0;0;0;0;0;0;1;0;1;10;2;8;8;0;8;18;2;16;2019
216000;Handtaschenraub;7211000;Trier;insg.;3;0;3;0;0;0;0;0;0;0;0;0;0;0;0;0;0;0;2;0;2;1;0;1;3;0;3;2019
216000;Handtaschenraub;8421000;Ulm;insg.;3;0;3;0;0;0;0;0;0;0;0;0;0;0;0;0;0;0;3;0;3;0;0;0;3;0;3;2019
216000;Handtaschenraub;6414000;Wiesbaden;insg.;3;0;3;0;0;0;0;0;0;0;0;0;0;0;0;0;0;0;2;0;2;1;0;1;3;0;3;2019
216000;Handtaschenraub;3103000;Wolfsburg;insg.;2;0;2;0;0;0;0;0;0;0;0;0;0;0;0;0;0;0;1;0;1;1;0;1;2;0;2;2019
216000;Handtaschenraub;5124000;Wuppertal;insg.;8;0;8;0;0;0;0;0;0;0;0;0;0;0;0;0;0;0;6;0;6;2;0;2;8;0;8;2019
216000;Handtaschenraub;9663000;Wuerzburg;insg.;1;0;1;0;0;0;0;0;0;0;0;0;0;0;0;1;0;1;0;0;0;0;0;0;0;0;0;2019
217000;Sonstige Raubueberfaelle auf Stra�en, Wegen oder Plaetzen;5334002;Aachen;insg.;146;131;15;0;0;0;11;9;2;11;9;2;18;18;0;27;23;4;79;71;8;11;10;1;90;81;9;2019
217000;Sonstige Raubueberfaelle auf Stra�en, Wegen oder Plaetzen;9761000;Augsburg;insg.;30;26;4;0;0;0;1;1;0;1;1;0;2;1;1;3;3;0;21;20;1;3;1;2;24;21;3;2019
217000;Sonstige Raubueberfaelle auf Stra�en, Wegen oder Plaetzen;5378004;Bergisch Gladbach;insg.;28;25;3;0;0;0;2;2;0;2;2;0;14;14;0;3;2;1;5;5;0;4;2;2;9;7;2;2019
217000;Sonstige Raubueberfaelle auf Stra�en, Wegen oder Plaetzen;11000000;Berlin;insg.;2912;2532;380;1;1;0;196;183;13;197;184;13;701;665;36;349;319;30;1528;1285;243;137;79;58;1665;1364;301;2019
217000;Sonstige Raubueberfaelle auf Stra�en, Wegen oder Plaetzen;5711000;Bielefeld;insg.;80;62;18;0;0;0;5;4;1;5;4;1;13;10;3;10;8;2;42;33;9;10;7;3;52;40;12;2019
217000;Sonstige Raubueberfaelle auf Stra�en, Wegen oder Plaetzen;5911000;Bochum;insg.;111;99;12;0;0;0;13;13;0;13;13;0;19;17;2;22;20;2;48;43;5;9;6;3;57;49;8;2019
217000;Sonstige Raubueberfaelle auf Stra�en, Wegen oder Plaetzen;5314000;Bonn;insg.;213;182;31;0;0;0;15;14;1;15;14;1;64;61;3;28;26;2;99;76;23;7;5;2;106;81;25;2019
217000;Sonstige Raubueberfaelle auf Stra�en, Wegen oder Plaetzen;5512000;Bottrop;insg.;34;28;6;0;0;0;1;1;0;1;1;0;3;3;0;4;4;0;19;14;5;7;6;1;26;20;6;2019
217000;Sonstige Raubueberfaelle auf Stra�en, Wegen oder Plaetzen;3101000;Braunschweig;insg.;42;37;5;0;0;0;0;0;0;0;0;0;1;1;0;8;7;1;31;27;4;2;2;0;33;29;4;2019
217000;Sonstige Raubueberfaelle auf Stra�en, Wegen oder Plaetzen;4011000;Bremen;insg.;307;239;68;0;0;0;7;6;1;7;6;1;37;32;5;39;38;1;188;149;39;36;14;22;224;163;61;2019
217000;Sonstige Raubueberfaelle auf Stra�en, Wegen oder Plaetzen;4012000;Bremerhaven;insg.;82;62;20;0;0;0;0;0;0;0;0;0;7;6;1;8;7;1;58;46;12;9;3;6;67;49;18;2019
217000;Sonstige Raubueberfaelle auf Stra�en, Wegen oder Plaetzen;14511000;Chemnitz;insg.;89;74;15;0;0;0;7;7;0;7;7;0;16;15;1;6;5;1;50;42;8;10;5;5;60;47;13;2019
217000;Sonstige Raubueberfaelle auf Stra�en, Wegen oder Plaetzen;12052000;Cottbus;insg.;31;27;4;0;0;0;2;2;0;2;2;0;0;0;0;5;5;0;20;17;3;4;3;1;24;20;4;2019
217000;Sonstige Raubueberfaelle auf Stra�en, Wegen oder Plaetzen;6411000;Darmstadt;insg.;32;24;8;0;0;0;1;1;0;1;1;0;8;7;1;3;2;1;19;13;6;1;1;0;20;14;6;2019
217000;Sonstige Raubueberfaelle auf Stra�en, Wegen oder Plaetzen;5913000;Dortmund;insg.;393;345;48;0;0;0;21;20;1;21;20;1;63;57;6;56;52;4;232;200;32;21;16;5;253;216;37;2019
217000;Sonstige Raubueberfaelle auf Stra�en, Wegen oder Plaetzen;14612000;Dresden;insg.;235;213;22;0;0;0;9;9;0;9;9;0;29;26;3;34;32;2;153;138;15;10;8;2;163;146;17;2019
217000;Sonstige Raubueberfaelle auf Stra�en, Wegen oder Plaetzen;5112000;Duisburg;insg.;269;215;54;1;1;0;32;23;9;33;24;9;66;61;5;32;25;7;117;93;24;21;12;9;138;105;33;2019
217000;Sonstige Raubueberfaelle auf Stra�en, Wegen oder Plaetzen;5111000;Duesseldorf;insg.;246;210;36;0;0;0;15;14;1;15;14;1;48;47;1;42;40;2;123;98;25;18;11;7;141;109;32;2019
217000;Sonstige Raubueberfaelle auf Stra�en, Wegen oder Plaetzen;16051000;Erfurt;insg.;37;30;7;0;0;0;2;2;0;2;2;0;14;12;2;5;4;1;16;12;4;0;0;0;16;12;4;2019
217000;Sonstige Raubueberfaelle auf Stra�en, Wegen oder Plaetzen;9562000;Erlangen;insg.;2;1;1;0;0;0;0;0;0;0;0;0;0;0;0;2;1;1;0;0;0;0;0;0;0;0;0;2019
217000;Sonstige Raubueberfaelle auf Stra�en, Wegen oder Plaetzen;5113000;Essen;insg.;163;130;33;0;0;0;8;6;2;8;6;2;30;24;6;16;12;4;94;80;14;15;8;7;109;88;21;2019
217000;Sonstige Raubueberfaelle auf Stra�en, Wegen oder Plaetzen;6412000;Frankfurt am Main;insg.;526;465;61;0;0;0;38;35;3;38;35;3;97;89;8;57;50;7;306;269;37;28;22;6;334;291;43;2019
217000;Sonstige Raubueberfaelle auf Stra�en, Wegen oder Plaetzen;8311000;Freiburg im Breisgau;insg.;81;74;7;1;1;0;1;1;0;2;2;0;17;17;0;14;12;2;43;39;4;5;4;1;48;43;5;2019
217000;Sonstige Raubueberfaelle auf Stra�en, Wegen oder Plaetzen;9563000;Fuerth;insg.;3;3;0;0;0;0;0;0;0;0;0;0;1;1;0;1;1;0;1;1;0;0;0;0;1;1;0;2019
217000;Sonstige Raubueberfaelle auf Stra�en, Wegen oder Plaetzen;5513000;Gelsenkirchen;insg.;94;83;11;0;0;0;6;6;0;6;6;0;20;19;1;13;13;0;50;40;10;5;5;0;55;45;10;2019
217000;Sonstige Raubueberfaelle auf Stra�en, Wegen oder Plaetzen;3159016;Goettingen;insg.;33;27;6;2;0;2;0;0;0;2;0;2;4;3;1;7;6;1;20;18;2;0;0;0;20;18;2;2019
217000;Sonstige Raubueberfaelle auf Stra�en, Wegen oder Plaetzen;5754008;Guetersloh;insg.;16;12;4;0;0;0;0;0;0;0;0;0;2;2;0;4;2;2;10;8;2;0;0;0;10;8;2;2019
217000;Sonstige Raubueberfaelle auf Stra�en, Wegen oder Plaetzen;5914000;Hagen;insg.;83;70;13;1;1;0;4;3;1;5;4;1;17;16;1;15;12;3;39;34;5;7;4;3;46;38;8;2019
217000;Sonstige Raubueberfaelle auf Stra�en, Wegen oder Plaetzen;15002000;Halle (Saale);insg.;125;105;20;0;0;0;8;7;1;8;7;1;28;26;2;11;10;1;65;55;10;13;7;6;78;62;16;2019
217000;Sonstige Raubueberfaelle auf Stra�en, Wegen oder Plaetzen;2000000;Hamburg;insg.;908;763;145;1;1;0;45;39;6;46;40;6;133;121;12;114;102;12;577;471;106;38;29;9;615;500;115;2019
217000;Sonstige Raubueberfaelle auf Stra�en, Wegen oder Plaetzen;5915000;Hamm;insg.;37;26;11;0;0;0;1;1;0;1;1;0;6;5;1;3;3;0;23;17;6;4;0;4;27;17;10;2019
217000;Sonstige Raubueberfaelle auf Stra�en, Wegen oder Plaetzen;3241001;Hannover;insg.;209;181;28;0;0;0;9;7;2;9;7;2;20;19;1;29;26;3;142;123;19;9;6;3;151;129;22;2019
217000;Sonstige Raubueberfaelle auf Stra�en, Wegen oder Plaetzen;8221000;Heidelberg;insg.;17;14;3;0;0;0;5;4;1;5;4;1;4;4;0;3;3;0;4;3;1;1;0;1;5;3;2;2019
217000;Sonstige Raubueberfaelle auf Stra�en, Wegen oder Plaetzen;8121000;Heilbronn;insg.;22;16;6;0;0;0;1;0;1;1;0;1;3;2;1;3;2;1;13;11;2;2;1;1;15;12;3;2019
217000;Sonstige Raubueberfaelle auf Stra�en, Wegen oder Plaetzen;5916000;Herne;insg.;42;33;9;0;0;0;8;7;1;8;7;1;9;9;0;5;4;1;19;13;6;1;0;1;20;13;7;2019
217000;Sonstige Raubueberfaelle auf Stra�en, Wegen oder Plaetzen;3254021;Hildesheim;insg.;29;27;2;0;0;0;3;2;1;3;2;1;9;9;0;5;5;0;11;10;1;1;1;0;12;11;1;2019
217000;Sonstige Raubueberfaelle auf Stra�en, Wegen oder Plaetzen;9161000;Ingolstadt;insg.;5;4;1;0;0;0;0;0;0;0;0;0;1;1;0;0;0;0;4;3;1;0;0;0;4;3;1;2019
217000;Sonstige Raubueberfaelle auf Stra�en, Wegen oder Plaetzen;16053000;Jena;insg.;11;10;1;0;0;0;1;1;0;1;1;0;0;0;0;5;5;0;4;4;0;1;0;1;5;4;1;2019
217000;Sonstige Raubueberfaelle auf Stra�en, Wegen oder Plaetzen;8212000;Karlsruhe;insg.;110;100;10;0;0;0;3;3;0;3;3;0;17;16;1;24;23;1;62;55;7;4;3;1;66;58;8;2019
217000;Sonstige Raubueberfaelle auf Stra�en, Wegen oder Plaetzen;6611000;Kassel;insg.;67;54;13;0;0;0;2;2;0;2;2;0;5;4;1;9;9;0;49;37;12;2;2;0;51;39;12;2019
217000;Sonstige Raubueberfaelle auf Stra�en, Wegen oder Plaetzen;1002000;Kiel;insg.;109;92;17;0;0;0;1;1;0;1;1;0;21;20;1;17;16;1;58;47;11;12;8;4;70;55;15;2019
217000;Sonstige Raubueberfaelle auf Stra�en, Wegen oder Plaetzen;7111000;Koblenz;insg.;31;28;3;0;0;0;0;0;0;0;0;0;10;7;3;2;2;0;16;16;0;3;3;0;19;19;0;2019
217000;Sonstige Raubueberfaelle auf Stra�en, Wegen oder Plaetzen;5315000;Koeln;insg.;698;590;108;0;0;0;40;36;4;40;36;4;118;108;10;92;84;8;394;332;62;54;30;24;448;362;86;2019
217000;Sonstige Raubueberfaelle auf Stra�en, Wegen oder Plaetzen;5114000;Krefeld;insg.;92;72;20;0;0;0;4;4;0;4;4;0;8;7;1;14;11;3;58;45;13;8;5;3;66;50;16;2019
217000;Sonstige Raubueberfaelle auf Stra�en, Wegen oder Plaetzen;14713000;Leipzig;insg.;242;224;18;0;0;0;9;9;0;9;9;0;72;69;3;36;33;3;114;108;6;11;5;6;125;113;12;2019
217000;Sonstige Raubueberfaelle auf Stra�en, Wegen oder Plaetzen;5316000;Leverkusen;insg.;46;38;8;0;0;0;3;2;1;3;2;1;16;14;2;7;7;0;19;15;4;1;0;1;20;15;5;2019
217000;Sonstige Raubueberfaelle auf Stra�en, Wegen oder Plaetzen;1003000;Luebeck;insg.;91;61;30;0;0;0;5;4;1;5;4;1;9;9;0;7;6;1;58;40;18;12;2;10;70;42;28;2019
217000;Sonstige Raubueberfaelle auf Stra�en, Wegen oder Plaetzen;7314000;Ludwigshafen am Rhein;insg.;126;105;21;0;0;0;26;23;3;26;23;3;42;39;3;8;7;1;40;29;11;10;7;3;50;36;14;2019
217000;Sonstige Raubueberfaelle auf Stra�en, Wegen oder Plaetzen;15003000;Magdeburg;insg.;83;72;11;0;0;0;7;5;2;7;5;2;8;8;0;11;9;2;50;44;6;7;6;1;57;50;7;2019
217000;Sonstige Raubueberfaelle auf Stra�en, Wegen oder Plaetzen;7315000;Mainz;insg.;88;76;12;0;0;0;8;8;0;8;8;0;33;31;2;17;16;1;28;20;8;2;1;1;30;21;9;2019
217000;Sonstige Raubueberfaelle auf Stra�en, Wegen oder Plaetzen;8222000;Mannheim;insg.;67;57;10;0;0;0;2;2;0;2;2;0;10;8;2;7;5;2;43;38;5;5;4;1;48;42;6;2019
217000;Sonstige Raubueberfaelle auf Stra�en, Wegen oder Plaetzen;5170024;Moers;insg.;29;25;4;0;0;0;5;2;3;5;2;3;6;6;0;2;2;0;15;14;1;1;1;0;16;15;1;2019
217000;Sonstige Raubueberfaelle auf Stra�en, Wegen oder Plaetzen;5116000;Moenchengladbach;insg.;115;98;17;0;0;0;7;5;2;7;5;2;31;30;1;16;14;2;54;47;7;7;2;5;61;49;12;2019
217000;Sonstige Raubueberfaelle auf Stra�en, Wegen oder Plaetzen;5117000;Muelheim an der Ruhr;insg.;54;46;8;0;0;0;4;4;0;4;4;0;19;18;1;9;9;0;18;14;4;4;1;3;22;15;7;2019
217000;Sonstige Raubueberfaelle auf Stra�en, Wegen oder Plaetzen;9162000;Muenchen;insg.;156;137;19;0;0;0;11;11;0;11;11;0;36;30;6;22;19;3;79;72;7;8;5;3;87;77;10;2019
217000;Sonstige Raubueberfaelle auf Stra�en, Wegen oder Plaetzen;5515000;Muenster;insg.;96;79;17;0;0;0;0;0;0;0;0;0;16;14;2;14;11;3;59;51;8;7;3;4;66;54;12;2019
217000;Sonstige Raubueberfaelle auf Stra�en, Wegen oder Plaetzen;5162024;Neuss;insg.;56;44;12;0;0;0;2;1;1;2;1;1;10;9;1;12;10;2;28;23;5;4;1;3;32;24;8;2019
217000;Sonstige Raubueberfaelle auf Stra�en, Wegen oder Plaetzen;9564000;Nuernberg;insg.;101;79;22;0;0;0;5;4;1;5;4;1;4;4;0;5;4;1;75;64;11;12;3;9;87;67;20;2019
217000;Sonstige Raubueberfaelle auf Stra�en, Wegen oder Plaetzen;5119000;Oberhausen;insg.;71;57;14;0;0;0;9;9;0;9;9;0;22;17;5;8;6;2;28;24;4;4;1;3;32;25;7;2019
217000;Sonstige Raubueberfaelle auf Stra�en, Wegen oder Plaetzen;6413000;Offenbach am Main;insg.;50;45;5;0;0;0;2;2;0;2;2;0;5;5;0;2;2;0;39;36;3;2;0;2;41;36;5;2019
217000;Sonstige Raubueberfaelle auf Stra�en, Wegen oder Plaetzen;3403000;Oldenburg (Oldenburg);insg.;43;35;8;0;0;0;0;0;0;0;0;0;13;9;4;8;8;0;20;17;3;2;1;1;22;18;4;2019
217000;Sonstige Raubueberfaelle auf Stra�en, Wegen oder Plaetzen;3404000;Osnabrueck;insg.;53;42;11;0;0;0;2;2;0;2;2;0;3;3;0;13;11;2;33;24;9;2;2;0;35;26;9;2019
217000;Sonstige Raubueberfaelle auf Stra�en, Wegen oder Plaetzen;5774032;Paderborn;insg.;35;26;9;0;0;0;2;2;0;2;2;0;6;4;2;6;6;0;18;14;4;3;0;3;21;14;7;2019
217000;Sonstige Raubueberfaelle auf Stra�en, Wegen oder Plaetzen;8231000;Pforzheim;insg.;40;35;5;0;0;0;1;1;0;1;1;0;5;5;0;7;7;0;24;21;3;3;1;2;27;22;5;2019
217000;Sonstige Raubueberfaelle auf Stra�en, Wegen oder Plaetzen;12054000;Potsdam;insg.;63;54;9;0;0;0;2;2;0;2;2;0;12;11;1;13;13;0;33;25;8;3;3;0;36;28;8;2019
217000;Sonstige Raubueberfaelle auf Stra�en, Wegen oder Plaetzen;5562032;Recklinghausen;insg.;20;16;4;0;0;0;1;1;0;1;1;0;5;4;1;2;2;0;10;8;2;2;1;1;12;9;3;2019
217000;Sonstige Raubueberfaelle auf Stra�en, Wegen oder Plaetzen;9362000;Regensburg;insg.;10;7;3;0;0;0;0;0;0;0;0;0;1;1;0;1;1;0;8;5;3;0;0;0;8;5;3;2019
217000;Sonstige Raubueberfaelle auf Stra�en, Wegen oder Plaetzen;5120000;Remscheid;insg.;14;13;1;0;0;0;1;1;0;1;1;0;3;2;1;1;1;0;9;9;0;0;0;0;9;9;0;2019
217000;Sonstige Raubueberfaelle auf Stra�en, Wegen oder Plaetzen;8415061;Reutlingen;insg.;16;13;3;0;0;0;1;1;0;1;1;0;3;2;1;2;2;0;9;7;2;1;1;0;10;8;2;2019
217000;Sonstige Raubueberfaelle auf Stra�en, Wegen oder Plaetzen;13003000;Rostock;insg.;77;62;15;0;0;0;12;10;2;12;10;2;12;10;2;10;9;1;37;31;6;6;2;4;43;33;10;2019
217000;Sonstige Raubueberfaelle auf Stra�en, Wegen oder Plaetzen;10041100;Saarbruecken;insg.;90;72;18;0;0;0;4;4;0;4;4;0;21;20;1;8;6;2;52;38;14;5;4;1;57;42;15;2019
217000;Sonstige Raubueberfaelle auf Stra�en, Wegen oder Plaetzen;3102000;Salzgitter;insg.;6;5;1;0;0;0;0;0;0;0;0;0;1;1;0;1;1;0;4;3;1;0;0;0;4;3;1;2019
217000;Sonstige Raubueberfaelle auf Stra�en, Wegen oder Plaetzen;13004000;Schwerin;insg.;27;23;4;0;0;0;3;3;0;3;3;0;5;5;0;2;1;1;16;13;3;1;1;0;17;14;3;2019
217000;Sonstige Raubueberfaelle auf Stra�en, Wegen oder Plaetzen;5970040;Siegen;insg.;8;5;3;0;0;0;0;0;0;0;0;0;3;2;1;1;1;0;4;2;2;0;0;0;4;2;2;2019
217000;Sonstige Raubueberfaelle auf Stra�en, Wegen oder Plaetzen;5122000;Solingen;insg.;29;22;7;0;0;0;2;1;1;2;1;1;10;8;2;2;2;0;13;9;4;2;2;0;15;11;4;2019
217000;Sonstige Raubueberfaelle auf Stra�en, Wegen oder Plaetzen;8111000;Stuttgart;insg.;263;228;35;0;0;0;11;7;4;11;7;4;38;35;3;48;45;3;153;131;22;13;10;3;166;141;25;2019
217000;Sonstige Raubueberfaelle auf Stra�en, Wegen oder Plaetzen;7211000;Trier;insg.;19;16;3;0;0;0;2;2;0;2;2;0;0;0;0;1;1;0;16;13;3;0;0;0;16;13;3;2019
217000;Sonstige Raubueberfaelle auf Stra�en, Wegen oder Plaetzen;8421000;Ulm;insg.;36;29;7;0;0;0;1;1;0;1;1;0;6;4;2;3;3;0;26;21;5;0;0;0;26;21;5;2019
217000;Sonstige Raubueberfaelle auf Stra�en, Wegen oder Plaetzen;6414000;Wiesbaden;insg.;94;79;15;0;0;0;11;9;2;11;9;2;34;28;6;8;7;1;36;32;4;5;3;2;41;35;6;2019
217000;Sonstige Raubueberfaelle auf Stra�en, Wegen oder Plaetzen;3103000;Wolfsburg;insg.;16;14;2;0;0;0;0;0;0;0;0;0;1;1;0;3;3;0;11;10;1;1;0;1;12;10;2;2019
217000;Sonstige Raubueberfaelle auf Stra�en, Wegen oder Plaetzen;5124000;Wuppertal;insg.;111;80;31;0;0;0;13;7;6;13;7;6;16;11;5;12;12;0;65;47;18;5;3;2;70;50;20;2019
217000;Sonstige Raubueberfaelle auf Stra�en, Wegen oder Plaetzen;9663000;Wuerzburg;insg.;7;6;1;0;0;0;0;0;0;0;0;0;3;3;0;1;1;0;3;2;1;0;0;0;3;2;1;2019
219000;Raubueberfaelle in Wohnungen;5334002;Aachen;insg.;12;9;3;0;0;0;0;0;0;0;0;0;1;1;0;1;1;0;5;5;0;5;2;3;10;7;3;2019
219000;Raubueberfaelle in Wohnungen;9761000;Augsburg;insg.;5;3;2;1;0;1;0;0;0;1;0;1;0;0;0;1;0;1;3;3;0;0;0;0;3;3;0;2019
219000;Raubueberfaelle in Wohnungen;5378004;Bergisch Gladbach;insg.;3;1;2;0;0;0;0;0;0;0;0;0;0;0;0;0;0;0;2;1;1;1;0;1;3;1;2;2019
219000;Raubueberfaelle in Wohnungen;11000000;Berlin;insg.;247;158;89;1;1;0;1;1;0;2;2;0;6;5;1;12;12;0;164;111;53;63;28;35;227;139;88;2019
219000;Raubueberfaelle in Wohnungen;5711000;Bielefeld;insg.;6;4;2;0;0;0;0;0;0;0;0;0;0;0;0;2;1;1;4;3;1;0;0;0;4;3;1;2019
219000;Raubueberfaelle in Wohnungen;5911000;Bochum;insg.;21;12;9;0;0;0;0;0;0;0;0;0;0;0;0;2;0;2;14;11;3;5;1;4;19;12;7;2019
219000;Raubueberfaelle in Wohnungen;5314000;Bonn;insg.;17;11;6;0;0;0;0;0;0;0;0;0;0;0;0;1;0;1;14;10;4;2;1;1;16;11;5;2019
219000;Raubueberfaelle in Wohnungen;5512000;Bottrop;insg.;1;0;1;0;0;0;0;0;0;0;0;0;0;0;0;0;0;0;1;0;1;0;0;0;1;0;1;2019
219000;Raubueberfaelle in Wohnungen;3101000;Braunschweig;insg.;13;6;7;0;0;0;0;0;0;0;0;0;0;0;0;1;1;0;6;2;4;6;3;3;12;5;7;2019
219000;Raubueberfaelle in Wohnungen;4011000;Bremen;insg.;24;17;7;0;0;0;0;0;0;0;0;0;2;2;0;3;2;1;12;9;3;7;4;3;19;13;6;2019
219000;Raubueberfaelle in Wohnungen;4012000;Bremerhaven;insg.;14;11;3;0;0;0;0;0;0;0;0;0;0;0;0;2;2;0;6;4;2;6;5;1;12;9;3;2019
219000;Raubueberfaelle in Wohnungen;14511000;Chemnitz;insg.;17;9;8;2;1;1;0;0;0;2;1;1;1;1;0;1;1;0;10;6;4;3;0;3;13;6;7;2019
219000;Raubueberfaelle in Wohnungen;12052000;Cottbus;insg.;5;4;1;0;0;0;0;0;0;0;0;0;0;0;0;0;0;0;4;4;0;1;0;1;5;4;1;2019
219000;Raubueberfaelle in Wohnungen;6411000;Darmstadt;insg.;4;3;1;0;0;0;0;0;0;0;0;0;1;1;0;0;0;0;0;0;0;3;2;1;3;2;1;2019
219000;Raubueberfaelle in Wohnungen;5913000;Dortmund;insg.;41;16;25;0;0;0;0;0;0;0;0;0;0;0;0;5;2;3;23;13;10;13;1;12;36;14;22;2019
219000;Raubueberfaelle in Wohnungen;14612000;Dresden;insg.;37;26;11;0;0;0;0;0;0;0;0;0;1;1;0;4;3;1;30;20;10;2;2;0;32;22;10;2019
219000;Raubueberfaelle in Wohnungen;5112000;Duisburg;insg.;21;8;13;0;0;0;0;0;0;0;0;0;0;0;0;0;0;0;12;5;7;9;3;6;21;8;13;2019
219000;Raubueberfaelle in Wohnungen;5111000;Duesseldorf;insg.;14;6;8;0;0;0;0;0;0;0;0;0;0;0;0;0;0;0;10;5;5;4;1;3;14;6;8;2019
219000;Raubueberfaelle in Wohnungen;16051000;Erfurt;insg.;6;6;0;0;0;0;0;0;0;0;0;0;0;0;0;1;1;0;4;4;0;1;1;0;5;5;0;2019
219000;Raubueberfaelle in Wohnungen;9562000;Erlangen;insg.;1;0;1;0;0;0;0;0;0;0;0;0;0;0;0;0;0;0;0;0;0;1;0;1;1;0;1;2019
219000;Raubueberfaelle in Wohnungen;5113000;Essen;insg.;29;15;14;0;0;0;1;1;0;1;1;0;1;1;0;3;1;2;13;7;6;11;5;6;24;12;12;2019
219000;Raubueberfaelle in Wohnungen;6412000;Frankfurt am Main;insg.;33;17;16;0;0;0;0;0;0;0;0;0;0;0;0;2;1;1;25;15;10;6;1;5;31;16;15;2019
219000;Raubueberfaelle in Wohnungen;8311000;Freiburg im Breisgau;insg.;8;6;2;0;0;0;0;0;0;0;0;0;0;0;0;4;3;1;3;3;0;1;0;1;4;3;1;2019
219000;Raubueberfaelle in Wohnungen;9563000;Fuerth;insg.;4;1;3;0;0;0;1;0;1;1;0;1;0;0;0;0;0;0;3;1;2;0;0;0;3;1;2;2019
219000;Raubueberfaelle in Wohnungen;5513000;Gelsenkirchen;insg.;15;9;6;0;0;0;0;0;0;0;0;0;0;0;0;1;1;0;9;4;5;5;4;1;14;8;6;2019
219000;Raubueberfaelle in Wohnungen;3159016;Goettingen;insg.;12;9;3;0;0;0;1;1;0;1;1;0;1;1;0;0;0;0;9;6;3;1;1;0;10;7;3;2019
219000;Raubueberfaelle in Wohnungen;5754008;Guetersloh;insg.;3;2;1;0;0;0;0;0;0;0;0;0;0;0;0;0;0;0;2;2;0;1;0;1;3;2;1;2019
219000;Raubueberfaelle in Wohnungen;5914000;Hagen;insg.;7;3;4;0;0;0;0;0;0;0;0;0;0;0;0;0;0;0;6;3;3;1;0;1;7;3;4;2019
219000;Raubueberfaelle in Wohnungen;15002000;Halle (Saale);insg.;18;11;7;0;0;0;0;0;0;0;0;0;4;3;1;1;1;0;11;6;5;2;1;1;13;7;6;2019
219000;Raubueberfaelle in Wohnungen;2000000;Hamburg;insg.;71;41;30;0;0;0;1;1;0;1;1;0;3;3;0;6;4;2;42;21;21;19;12;7;61;33;28;2019
219000;Raubueberfaelle in Wohnungen;5915000;Hamm;insg.;8;5;3;0;0;0;0;0;0;0;0;0;0;0;0;1;1;0;6;3;3;1;1;0;7;4;3;2019
219000;Raubueberfaelle in Wohnungen;3241001;Hannover;insg.;29;12;17;0;0;0;0;0;0;0;0;0;1;0;1;1;0;1;16;9;7;11;3;8;27;12;15;2019
219000;Raubueberfaelle in Wohnungen;8221000;Heidelberg;insg.;2;1;1;0;0;0;0;0;0;0;0;0;0;0;0;0;0;0;0;0;0;2;1;1;2;1;1;2019
219000;Raubueberfaelle in Wohnungen;8121000;Heilbronn;insg.;2;1;1;0;0;0;1;0;1;1;0;1;0;0;0;0;0;0;1;1;0;0;0;0;1;1;0;2019
219000;Raubueberfaelle in Wohnungen;5916000;Herne;insg.;3;1;2;0;0;0;0;0;0;0;0;0;0;0;0;0;0;0;2;1;1;1;0;1;3;1;2;2019
219000;Raubueberfaelle in Wohnungen;3254021;Hildesheim;insg.;14;9;5;0;0;0;0;0;0;0;0;0;0;0;0;2;2;0;7;5;2;5;2;3;12;7;5;2019
219000;Raubueberfaelle in Wohnungen;9161000;Ingolstadt;insg.;5;2;3;0;0;0;0;0;0;0;0;0;1;0;1;0;0;0;1;0;1;3;2;1;4;2;2;2019
219000;Raubueberfaelle in Wohnungen;16053000;Jena;insg.;4;4;0;0;0;0;0;0;0;0;0;0;1;1;0;0;0;0;2;2;0;1;1;0;3;3;0;2019
219000;Raubueberfaelle in Wohnungen;8212000;Karlsruhe;insg.;12;6;6;0;0;0;0;0;0;0;0;0;0;0;0;1;1;0;5;4;1;6;1;5;11;5;6;2019
219000;Raubueberfaelle in Wohnungen;6611000;Kassel;insg.;17;10;7;0;0;0;0;0;0;0;0;0;1;0;1;1;1;0;8;5;3;7;4;3;15;9;6;2019
219000;Raubueberfaelle in Wohnungen;1002000;Kiel;insg.;22;14;8;0;0;0;0;0;0;0;0;0;2;2;0;3;2;1;13;8;5;4;2;2;17;10;7;2019
219000;Raubueberfaelle in Wohnungen;7111000;Koblenz;insg.;3;2;1;0;0;0;0;0;0;0;0;0;0;0;0;0;0;0;3;2;1;0;0;0;3;2;1;2019
219000;Raubueberfaelle in Wohnungen;5315000;Koeln;insg.;69;30;39;0;0;0;2;1;1;2;1;1;0;0;0;6;2;4;52;23;29;9;4;5;61;27;34;2019
219000;Raubueberfaelle in Wohnungen;5114000;Krefeld;insg.;8;2;6;0;0;0;0;0;0;0;0;0;0;0;0;0;0;0;6;2;4;2;0;2;8;2;6;2019
219000;Raubueberfaelle in Wohnungen;14713000;Leipzig;insg.;35;21;14;0;0;0;1;0;1;1;0;1;0;0;0;6;3;3;27;17;10;1;1;0;28;18;10;2019
219000;Raubueberfaelle in Wohnungen;5316000;Leverkusen;insg.;13;9;4;0;0;0;0;0;0;0;0;0;1;0;1;0;0;0;9;7;2;3;2;1;12;9;3;2019
219000;Raubueberfaelle in Wohnungen;1003000;Luebeck;insg.;10;8;2;0;0;0;0;0;0;0;0;0;1;1;0;1;1;0;7;5;2;1;1;0;8;6;2;2019
219000;Raubueberfaelle in Wohnungen;7314000;Ludwigshafen am Rhein;insg.;11;7;4;0;0;0;0;0;0;0;0;0;2;2;0;0;0;0;6;3;3;3;2;1;9;5;4;2019
219000;Raubueberfaelle in Wohnungen;15003000;Magdeburg;insg.;17;13;4;0;0;0;0;0;0;0;0;0;0;0;0;4;3;1;13;10;3;0;0;0;13;10;3;2019
219000;Raubueberfaelle in Wohnungen;7315000;Mainz;insg.;7;4;3;0;0;0;0;0;0;0;0;0;2;2;0;0;0;0;5;2;3;0;0;0;5;2;3;2019
219000;Raubueberfaelle in Wohnungen;8222000;Mannheim;insg.;5;4;1;0;0;0;0;0;0;0;0;0;0;0;0;0;0;0;3;3;0;2;1;1;5;4;1;2019
219000;Raubueberfaelle in Wohnungen;5170024;Moers;insg.;4;2;2;0;0;0;0;0;0;0;0;0;1;0;1;2;1;1;1;1;0;0;0;0;1;1;0;2019
219000;Raubueberfaelle in Wohnungen;5116000;Moenchengladbach;insg.;19;14;5;0;0;0;0;0;0;0;0;0;0;0;0;1;1;0;12;10;2;6;3;3;18;13;5;2019
219000;Raubueberfaelle in Wohnungen;5117000;Muelheim an der Ruhr;insg.;8;2;6;0;0;0;0;0;0;0;0;0;0;0;0;1;1;0;5;0;5;2;1;1;7;1;6;2019
219000;Raubueberfaelle in Wohnungen;9162000;Muenchen;insg.;19;14;5;0;0;0;0;0;0;0;0;0;1;1;0;0;0;0;17;12;5;1;1;0;18;13;5;2019
219000;Raubueberfaelle in Wohnungen;5515000;Muenster;insg.;11;9;2;0;0;0;0;0;0;0;0;0;1;1;0;2;2;0;8;6;2;0;0;0;8;6;2;2019
219000;Raubueberfaelle in Wohnungen;5162024;Neuss;insg.;5;4;1;0;0;0;0;0;0;0;0;0;0;0;0;0;0;0;5;4;1;0;0;0;5;4;1;2019
219000;Raubueberfaelle in Wohnungen;9564000;Nuernberg;insg.;22;11;11;1;0;1;0;0;0;1;0;1;1;1;0;0;0;0;16;9;7;4;1;3;20;10;10;2019
219000;Raubueberfaelle in Wohnungen;5119000;Oberhausen;insg.;8;4;4;0;0;0;0;0;0;0;0;0;0;0;0;1;0;1;5;4;1;2;0;2;7;4;3;2019
219000;Raubueberfaelle in Wohnungen;6413000;Offenbach am Main;insg.;10;3;7;0;0;0;0;0;0;0;0;0;1;1;0;0;0;0;9;2;7;0;0;0;9;2;7;2019
219000;Raubueberfaelle in Wohnungen;3403000;Oldenburg (Oldenburg);insg.;4;3;1;0;0;0;0;0;0;0;0;0;0;0;0;1;1;0;1;0;1;2;2;0;3;2;1;2019
219000;Raubueberfaelle in Wohnungen;3404000;Osnabrueck;insg.;4;3;1;0;0;0;0;0;0;0;0;0;0;0;0;1;1;0;2;1;1;1;1;0;3;2;1;2019
219000;Raubueberfaelle in Wohnungen;5774032;Paderborn;insg.;2;2;0;0;0;0;0;0;0;0;0;0;0;0;0;1;1;0;0;0;0;1;1;0;1;1;0;2019
219000;Raubueberfaelle in Wohnungen;8231000;Pforzheim;insg.;7;2;5;0;0;0;0;0;0;0;0;0;0;0;0;1;0;1;5;1;4;1;1;0;6;2;4;2019
219000;Raubueberfaelle in Wohnungen;12054000;Potsdam;insg.;19;15;4;0;0;0;0;0;0;0;0;0;1;1;0;4;4;0;13;9;4;1;1;0;14;10;4;2019
219000;Raubueberfaelle in Wohnungen;5562032;Recklinghausen;insg.;9;5;4;0;0;0;0;0;0;0;0;0;0;0;0;0;0;0;6;3;3;3;2;1;9;5;4;2019
219000;Raubueberfaelle in Wohnungen;9362000;Regensburg;insg.;6;4;2;0;0;0;0;0;0;0;0;0;0;0;0;1;0;1;5;4;1;0;0;0;5;4;1;2019
219000;Raubueberfaelle in Wohnungen;5120000;Remscheid;insg.;8;8;0;0;0;0;0;0;0;0;0;0;0;0;0;1;1;0;5;5;0;2;2;0;7;7;0;2019
219000;Raubueberfaelle in Wohnungen;8415061;Reutlingen;insg.;0;0;0;0;0;0;0;0;0;0;0;0;0;0;0;0;0;0;0;0;0;0;0;0;0;0;0;2019
219000;Raubueberfaelle in Wohnungen;13003000;Rostock;insg.;7;3;4;0;0;0;0;0;0;0;0;0;0;0;0;0;0;0;6;3;3;1;0;1;7;3;4;2019
219000;Raubueberfaelle in Wohnungen;10041100;Saarbruecken;insg.;12;10;2;0;0;0;0;0;0;0;0;0;1;0;1;1;1;0;10;9;1;0;0;0;10;9;1;2019
219000;Raubueberfaelle in Wohnungen;3102000;Salzgitter;insg.;6;3;3;0;0;0;0;0;0;0;0;0;0;0;0;1;0;1;2;1;1;3;2;1;5;3;2;2019
219000;Raubueberfaelle in Wohnungen;13004000;Schwerin;insg.;9;7;2;0;0;0;0;0;0;0;0;0;0;0;0;1;1;0;8;6;2;0;0;0;8;6;2;2019
219000;Raubueberfaelle in Wohnungen;5970040;Siegen;insg.;4;4;0;0;0;0;0;0;0;0;0;0;0;0;0;2;2;0;2;2;0;0;0;0;2;2;0;2019
219000;Raubueberfaelle in Wohnungen;5122000;Solingen;insg.;3;3;0;0;0;0;0;0;0;0;0;0;0;0;0;2;2;0;1;1;0;0;0;0;1;1;0;2019
219000;Raubueberfaelle in Wohnungen;8111000;Stuttgart;insg.;29;13;16;0;0;0;0;0;0;0;0;0;1;0;1;2;2;0;19;8;11;7;3;4;26;11;15;2019
219000;Raubueberfaelle in Wohnungen;7211000;Trier;insg.;3;3;0;0;0;0;0;0;0;0;0;0;0;0;0;0;0;0;3;3;0;0;0;0;3;3;0;2019
219000;Raubueberfaelle in Wohnungen;8421000;Ulm;insg.;9;6;3;0;0;0;0;0;0;0;0;0;2;2;0;2;2;0;5;2;3;0;0;0;5;2;3;2019
219000;Raubueberfaelle in Wohnungen;6414000;Wiesbaden;insg.;6;3;3;0;0;0;0;0;0;0;0;0;0;0;0;0;0;0;6;3;3;0;0;0;6;3;3;2019
219000;Raubueberfaelle in Wohnungen;3103000;Wolfsburg;insg.;4;3;1;0;0;0;0;0;0;0;0;0;0;0;0;0;0;0;4;3;1;0;0;0;4;3;1;2019
219000;Raubueberfaelle in Wohnungen;5124000;Wuppertal;insg.;7;3;4;0;0;0;0;0;0;0;0;0;1;1;0;0;0;0;5;2;3;1;0;1;6;2;4;2019
219000;Raubueberfaelle in Wohnungen;9663000;Wuerzburg;insg.;1;0;1;0;0;0;0;0;0;0;0;0;0;0;0;0;0;0;1;0;1;0;0;0;1;0;1;2019
222000;Gefaehrliche und schwere Koerperverletzung, Verstuemmelung weiblicher Genitalien;5334002;Aachen;insg.;783;569;214;5;2;3;27;18;9;32;20;12;56;40;16;99;83;16;554;398;156;42;28;14;596;426;170;2019
222000;Gefaehrliche und schwere Koerperverletzung, Verstuemmelung weiblicher Genitalien;9761000;Augsburg;insg.;859;658;201;4;2;2;28;15;13;32;17;15;88;62;26;132;104;28;578;454;124;29;21;8;607;475;132;2019
222000;Gefaehrliche und schwere Koerperverletzung, Verstuemmelung weiblicher Genitalien;5378004;Bergisch Gladbach;insg.;199;140;59;1;0;1;15;11;4;16;11;5;29;18;11;17;11;6;125;94;31;12;6;6;137;100;37;2019
222000;Gefaehrliche und schwere Koerperverletzung, Verstuemmelung weiblicher Genitalien;11000000;Berlin;insg.;13249;10153;3096;77;41;36;617;414;203;694;455;239;1019;736;283;1213;961;252;9767;7632;2135;556;369;187;10323;8001;2322;2019
222000;Gefaehrliche und schwere Koerperverletzung, Verstuemmelung weiblicher Genitalien;5711000;Bielefeld;insg.;675;499;176;3;2;1;31;26;5;34;28;6;55;41;14;73;59;14;486;352;134;27;19;8;513;371;142;2019
222000;Gefaehrliche und schwere Koerperverletzung, Verstuemmelung weiblicher Genitalien;5911000;Bochum;insg.;1128;650;478;6;5;1;52;31;21;58;36;22;98;64;34;133;71;62;794;453;341;45;26;19;839;479;360;2019
222000;Gefaehrliche und schwere Koerperverletzung, Verstuemmelung weiblicher Genitalien;5314000;Bonn;insg.;800;563;237;4;2;2;23;12;11;27;14;13;74;51;23;99;70;29;567;405;162;33;23;10;600;428;172;2019
222000;Gefaehrliche und schwere Koerperverletzung, Verstuemmelung weiblicher Genitalien;5512000;Bottrop;insg.;352;229;123;6;5;1;24;14;10;30;19;11;37;27;10;44;35;9;220;139;81;21;9;12;241;148;93;2019
222000;Gefaehrliche und schwere Koerperverletzung, Verstuemmelung weiblicher Genitalien;3101000;Braunschweig;insg.;721;514;207;0;0;0;28;15;13;28;15;13;59;39;20;131;97;34;479;344;135;24;19;5;503;363;140;2019
222000;Gefaehrliche und schwere Koerperverletzung, Verstuemmelung weiblicher Genitalien;4011000;Bremen;insg.;1806;1329;477;3;2;1;56;33;23;59;35;24;203;138;65;233;173;60;1254;938;316;57;45;12;1311;983;328;2019
222000;Gefaehrliche und schwere Koerperverletzung, Verstuemmelung weiblicher Genitalien;4012000;Bremerhaven;insg.;425;315;110;0;0;0;25;17;8;25;17;8;61;46;15;38;26;12;285;217;68;16;9;7;301;226;75;2019
222000;Gefaehrliche und schwere Koerperverletzung, Verstuemmelung weiblicher Genitalien;14511000;Chemnitz;insg.;543;403;140;4;2;2;24;8;16;28;10;18;67;51;16;62;46;16;365;283;82;21;13;8;386;296;90;2019
222000;Gefaehrliche und schwere Koerperverletzung, Verstuemmelung weiblicher Genitalien;12052000;Cottbus;insg.;308;220;88;2;1;1;23;14;9;25;15;10;24;13;11;25;20;5;213;159;54;21;13;8;234;172;62;2019
222000;Gefaehrliche und schwere Koerperverletzung, Verstuemmelung weiblicher Genitalien;6411000;Darmstadt;insg.;302;222;80;2;1;1;10;5;5;12;6;6;21;14;7;34;20;14;223;172;51;12;10;2;235;182;53;2019
222000;Gefaehrliche und schwere Koerperverletzung, Verstuemmelung weiblicher Genitalien;5913000;Dortmund;insg.;2472;1787;685;8;5;3;121;81;40;129;86;43;230;144;86;270;200;70;1745;1288;457;98;69;29;1843;1357;486;2019
222000;Gefaehrliche und schwere Koerperverletzung, Verstuemmelung weiblicher Genitalien;14612000;Dresden;insg.;1370;1087;283;7;4;3;78;49;29;85;53;32;143;111;32;167;142;25;933;756;177;42;25;17;975;781;194;2019
222000;Gefaehrliche und schwere Koerperverletzung, Verstuemmelung weiblicher Genitalien;5112000;Duisburg;insg.;1558;1053;505;9;5;4;102;69;33;111;74;37;189;122;67;146;94;52;1060;728;332;52;35;17;1112;763;349;2019
222000;Gefaehrliche und schwere Koerperverletzung, Verstuemmelung weiblicher Genitalien;5111000;Duesseldorf;insg.;1967;1455;512;5;3;2;57;40;17;62;43;19;199;141;58;243;171;72;1382;1046;336;81;54;27;1463;1100;363;2019
222000;Gefaehrliche und schwere Koerperverletzung, Verstuemmelung weiblicher Genitalien;16051000;Erfurt;insg.;424;326;98;4;4;0;26;17;9;30;21;9;28;24;4;72;60;12;281;213;68;13;8;5;294;221;73;2019
222000;Gefaehrliche und schwere Koerperverletzung, Verstuemmelung weiblicher Genitalien;9562000;Erlangen;insg.;144;114;30;2;1;1;1;1;0;3;2;1;12;9;3;20;14;6;104;85;19;5;4;1;109;89;20;2019
222000;Gefaehrliche und schwere Koerperverletzung, Verstuemmelung weiblicher Genitalien;5113000;Essen;insg.;1352;933;419;0;0;0;105;77;28;105;77;28;128;87;41;126;91;35;926;630;296;67;48;19;993;678;315;2019
222000;Gefaehrliche und schwere Koerperverletzung, Verstuemmelung weiblicher Genitalien;6412000;Frankfurt am Main;insg.;2762;2058;704;20;13;7;71;43;28;91;56;35;175;117;58;285;200;85;2084;1604;480;127;81;46;2211;1685;526;2019
222000;Gefaehrliche und schwere Koerperverletzung, Verstuemmelung weiblicher Genitalien;8311000;Freiburg im Breisgau;insg.;834;677;157;6;6;0;21;14;7;27;20;7;103;75;28;114;98;16;565;468;97;25;16;9;590;484;106;2019
222000;Gefaehrliche und schwere Koerperverletzung, Verstuemmelung weiblicher Genitalien;9563000;Fuerth;insg.;158;110;48;0;0;0;6;4;2;6;4;2;17;9;8;24;17;7;105;75;30;6;5;1;111;80;31;2019
222000;Gefaehrliche und schwere Koerperverletzung, Verstuemmelung weiblicher Genitalien;5513000;Gelsenkirchen;insg.;765;532;233;3;2;1;67;38;29;70;40;30;89;62;27;60;46;14;516;360;156;30;24;6;546;384;162;2019
222000;Gefaehrliche und schwere Koerperverletzung, Verstuemmelung weiblicher Genitalien;3159016;Goettingen;insg.;424;325;99;0;0;0;15;8;7;15;8;7;26;20;6;63;50;13;305;235;70;15;12;3;320;247;73;2019
222000;Gefaehrliche und schwere Koerperverletzung, Verstuemmelung weiblicher Genitalien;5754008;Guetersloh;insg.;195;135;60;1;0;1;6;4;2;7;4;3;22;15;7;20;16;4;138;97;41;8;3;5;146;100;46;2019
222000;Gefaehrliche und schwere Koerperverletzung, Verstuemmelung weiblicher Genitalien;5914000;Hagen;insg.;469;339;130;4;4;0;30;23;7;34;27;7;46;31;15;58;40;18;319;232;87;12;9;3;331;241;90;2019
222000;Gefaehrliche und schwere Koerperverletzung, Verstuemmelung weiblicher Genitalien;15002000;Halle (Saale);insg.;763;556;207;5;4;1;54;36;18;59;40;19;74;53;21;92;65;27;511;381;130;27;17;10;538;398;140;2019
222000;Gefaehrliche und schwere Koerperverletzung, Verstuemmelung weiblicher Genitalien;2000000;Hamburg;insg.;5926;4379;1547;26;13;13;348;253;95;374;266;108;473;306;167;635;475;160;4238;3193;1045;206;139;67;4444;3332;1112;2019
222000;Gefaehrliche und schwere Koerperverletzung, Verstuemmelung weiblicher Genitalien;5915000;Hamm;insg.;444;322;122;8;5;3;26;18;8;34;23;11;41;26;15;55;44;11;300;221;79;14;8;6;314;229;85;2019
222000;Gefaehrliche und schwere Koerperverletzung, Verstuemmelung weiblicher Genitalien;3241001;Hannover;insg.;2214;1742;472;6;4;2;65;40;25;71;44;27;179;134;45;241;201;40;1641;1316;325;82;47;35;1723;1363;360;2019
222000;Gefaehrliche und schwere Koerperverletzung, Verstuemmelung weiblicher Genitalien;8221000;Heidelberg;insg.;364;290;74;2;2;0;11;9;2;13;11;2;17;15;2;47;41;6;272;214;58;15;9;6;287;223;64;2019
222000;Gefaehrliche und schwere Koerperverletzung, Verstuemmelung weiblicher Genitalien;8121000;Heilbronn;insg.;255;176;79;2;1;1;7;5;2;9;6;3;19;14;5;34;23;11;179;123;56;14;10;4;193;133;60;2019
222000;Gefaehrliche und schwere Koerperverletzung, Verstuemmelung weiblicher Genitalien;5916000;Herne;insg.;368;260;108;1;1;0;23;15;8;24;16;8;37;29;8;29;19;10;263;188;75;15;8;7;278;196;82;2019
222000;Gefaehrliche und schwere Koerperverletzung, Verstuemmelung weiblicher Genitalien;3254021;Hildesheim;insg.;255;177;78;0;0;0;16;12;4;16;12;4;37;22;15;25;21;4;167;116;51;10;6;4;177;122;55;2019
222000;Gefaehrliche und schwere Koerperverletzung, Verstuemmelung weiblicher Genitalien;9161000;Ingolstadt;insg.;356;280;76;2;2;0;8;6;2;10;8;2;41;32;9;41;38;3;246;191;55;18;11;7;264;202;62;2019
222000;Gefaehrliche und schwere Koerperverletzung, Verstuemmelung weiblicher Genitalien;16053000;Jena;insg.;206;150;56;13;0;13;19;10;9;32;10;22;14;10;4;20;17;3;137;111;26;3;2;1;140;113;27;2019
222000;Gefaehrliche und schwere Koerperverletzung, Verstuemmelung weiblicher Genitalien;8212000;Karlsruhe;insg.;719;529;190;16;12;4;40;22;18;56;34;22;68;42;26;95;79;16;484;366;118;16;8;8;500;374;126;2019
222000;Gefaehrliche und schwere Koerperverletzung, Verstuemmelung weiblicher Genitalien;6611000;Kassel;insg.;700;520;180;7;3;4;18;15;3;25;18;7;38;28;10;68;53;15;547;406;141;22;15;7;569;421;148;2019
222000;Gefaehrliche und schwere Koerperverletzung, Verstuemmelung weiblicher Genitalien;1002000;Kiel;insg.;747;559;188;7;2;5;19;14;5;26;16;10;55;44;11;93;68;25;556;421;135;17;10;7;573;431;142;2019
222000;Gefaehrliche und schwere Koerperverletzung, Verstuemmelung weiblicher Genitalien;7111000;Koblenz;insg.;473;359;114;1;1;0;6;4;2;7;5;2;40;28;12;90;66;24;315;245;70;21;15;6;336;260;76;2019
222000;Gefaehrliche und schwere Koerperverletzung, Verstuemmelung weiblicher Genitalien;5315000;Koeln;insg.;4592;3362;1230;16;9;7;159;107;52;175;116;59;388;273;115;492;369;123;3360;2482;878;177;122;55;3537;2604;933;2019
222000;Gefaehrliche und schwere Koerperverletzung, Verstuemmelung weiblicher Genitalien;5114000;Krefeld;insg.;582;410;172;2;1;1;44;26;18;46;27;19;58;44;14;57;45;12;395;282;113;26;12;14;421;294;127;2019
222000;Gefaehrliche und schwere Koerperverletzung, Verstuemmelung weiblicher Genitalien;14713000;Leipzig;insg.;1528;1155;373;14;9;5;44;33;11;58;42;16;147;99;48;166;135;31;1097;837;260;60;42;18;1157;879;278;2019
222000;Gefaehrliche und schwere Koerperverletzung, Verstuemmelung weiblicher Genitalien;5316000;Leverkusen;insg.;596;407;189;3;0;3;22;16;6;25;16;9;58;32;26;53;39;14;422;294;128;38;26;12;460;320;140;2019
222000;Gefaehrliche und schwere Koerperverletzung, Verstuemmelung weiblicher Genitalien;1003000;Luebeck;insg.;754;540;214;4;1;3;17;11;6;21;12;9;49;34;15;79;62;17;588;418;170;17;14;3;605;432;173;2019
222000;Gefaehrliche und schwere Koerperverletzung, Verstuemmelung weiblicher Genitalien;7314000;Ludwigshafen am Rhein;insg.;754;539;215;3;3;0;56;29;27;59;32;27;72;49;23;86;65;21;508;371;137;29;22;7;537;393;144;2019
222000;Gefaehrliche und schwere Koerperverletzung, Verstuemmelung weiblicher Genitalien;15003000;Magdeburg;insg.;785;599;186;4;1;3;37;21;16;41;22;19;80;57;23;86;65;21;548;436;112;30;19;11;578;455;123;2019
222000;Gefaehrliche und schwere Koerperverletzung, Verstuemmelung weiblicher Genitalien;7315000;Mainz;insg.;697;534;163;3;2;1;38;24;14;41;26;15;88;55;33;83;71;12;461;365;96;24;17;7;485;382;103;2019
222000;Gefaehrliche und schwere Koerperverletzung, Verstuemmelung weiblicher Genitalien;8222000;Mannheim;insg.;877;654;223;10;7;3;19;17;2;29;24;5;50;34;16;113;78;35;647;494;153;38;24;14;685;518;167;2019
222000;Gefaehrliche und schwere Koerperverletzung, Verstuemmelung weiblicher Genitalien;5170024;Moers;insg.;200;124;76;3;1;2;12;6;6;15;7;8;21;14;7;21;14;7;133;83;50;10;6;4;143;89;54;2019
222000;Gefaehrliche und schwere Koerperverletzung, Verstuemmelung weiblicher Genitalien;5116000;Moenchengladbach;insg.;597;401;196;2;2;0;26;18;8;28;20;8;68;49;19;63;47;16;417;275;142;21;10;11;438;285;153;2019
222000;Gefaehrliche und schwere Koerperverletzung, Verstuemmelung weiblicher Genitalien;5117000;Muelheim an der Ruhr;insg.;306;201;105;0;0;0;19;8;11;19;8;11;32;21;11;38;28;10;207;137;70;10;7;3;217;144;73;2019
222000;Gefaehrliche und schwere Koerperverletzung, Verstuemmelung weiblicher Genitalien;9162000;Muenchen;insg.;3432;2633;799;30;21;9;86;52;34;116;73;43;238;171;67;399;305;94;2549;1990;559;130;94;36;2679;2084;595;2019
222000;Gefaehrliche und schwere Koerperverletzung, Verstuemmelung weiblicher Genitalien;5515000;Muenster;insg.;671;501;170;0;0;0;23;14;9;23;14;9;78;48;30;88;77;11;457;343;114;25;19;6;482;362;120;2019
222000;Gefaehrliche und schwere Koerperverletzung, Verstuemmelung weiblicher Genitalien;5162024;Neuss;insg.;273;193;80;0;0;0;11;9;2;11;9;2;22;16;6;35;25;10;199;138;61;6;5;1;205;143;62;2019
222000;Gefaehrliche und schwere Koerperverletzung, Verstuemmelung weiblicher Genitalien;9564000;Nuernberg;insg.;1481;1123;358;6;3;3;45;29;16;51;32;19;132;92;40;148;125;23;1100;838;262;50;36;14;1150;874;276;2019
222000;Gefaehrliche und schwere Koerperverletzung, Verstuemmelung weiblicher Genitalien;5119000;Oberhausen;insg.;505;366;139;0;0;0;24;20;4;24;20;4;50;39;11;75;57;18;336;238;98;20;12;8;356;250;106;2019
222000;Gefaehrliche und schwere Koerperverletzung, Verstuemmelung weiblicher Genitalien;6413000;Offenbach am Main;insg.;307;224;83;2;2;0;13;5;8;15;7;8;31;22;9;25;22;3;224;165;59;12;8;4;236;173;63;2019
222000;Gefaehrliche und schwere Koerperverletzung, Verstuemmelung weiblicher Genitalien;3403000;Oldenburg (Oldenburg);insg.;379;291;88;0;0;0;13;7;6;13;7;6;41;29;12;48;43;5;263;199;64;14;13;1;277;212;65;2019
222000;Gefaehrliche und schwere Koerperverletzung, Verstuemmelung weiblicher Genitalien;3404000;Osnabrueck;insg.;749;559;190;0;0;0;20;10;10;20;10;10;72;39;33;111;80;31;528;420;108;18;10;8;546;430;116;2019
222000;Gefaehrliche und schwere Koerperverletzung, Verstuemmelung weiblicher Genitalien;5774032;Paderborn;insg.;420;299;121;4;2;2;14;8;6;18;10;8;33;26;7;48;38;10;311;222;89;10;3;7;321;225;96;2019
222000;Gefaehrliche und schwere Koerperverletzung, Verstuemmelung weiblicher Genitalien;8231000;Pforzheim;insg.;385;282;103;2;1;1;15;11;4;17;12;5;36;25;11;42;36;6;282;203;79;8;6;2;290;209;81;2019
222000;Gefaehrliche und schwere Koerperverletzung, Verstuemmelung weiblicher Genitalien;12054000;Potsdam;insg.;283;218;65;2;1;1;10;8;2;12;9;3;19;12;7;30;27;3;203;153;50;19;17;2;222;170;52;2019
222000;Gefaehrliche und schwere Koerperverletzung, Verstuemmelung weiblicher Genitalien;5562032;Recklinghausen;insg.;294;195;99;1;1;0;14;8;6;15;9;6;26;14;12;24;16;8;215;150;65;14;6;8;229;156;73;2019
222000;Gefaehrliche und schwere Koerperverletzung, Verstuemmelung weiblicher Genitalien;9362000;Regensburg;insg.;356;281;75;1;0;1;6;4;2;7;4;3;20;13;7;61;51;10;257;204;53;11;9;2;268;213;55;2019
222000;Gefaehrliche und schwere Koerperverletzung, Verstuemmelung weiblicher Genitalien;5120000;Remscheid;insg.;225;151;74;1;1;0;16;11;5;17;12;5;15;12;3;34;25;9;146;93;53;13;9;4;159;102;57;2019
222000;Gefaehrliche und schwere Koerperverletzung, Verstuemmelung weiblicher Genitalien;8415061;Reutlingen;insg.;282;198;84;2;1;1;13;5;8;15;6;9;35;22;13;41;32;9;178;132;46;13;6;7;191;138;53;2019
222000;Gefaehrliche und schwere Koerperverletzung, Verstuemmelung weiblicher Genitalien;13003000;Rostock;insg.;567;409;158;1;1;0;35;23;12;36;24;12;51;38;13;75;52;23;382;278;104;23;17;6;405;295;110;2019
222000;Gefaehrliche und schwere Koerperverletzung, Verstuemmelung weiblicher Genitalien;10041100;Saarbruecken;insg.;923;699;224;3;2;1;20;13;7;23;15;8;76;59;17;140;106;34;642;487;155;42;32;10;684;519;165;2019
222000;Gefaehrliche und schwere Koerperverletzung, Verstuemmelung weiblicher Genitalien;3102000;Salzgitter;insg.;269;184;85;2;0;2;22;19;3;24;19;5;42;23;19;17;10;7;179;129;50;7;3;4;186;132;54;2019
222000;Gefaehrliche und schwere Koerperverletzung, Verstuemmelung weiblicher Genitalien;13004000;Schwerin;insg.;366;286;80;3;1;2;38;27;11;41;28;13;35;27;8;59;51;8;214;169;45;17;11;6;231;180;51;2019
222000;Gefaehrliche und schwere Koerperverletzung, Verstuemmelung weiblicher Genitalien;5970040;Siegen;insg.;193;147;46;1;1;0;0;0;0;1;1;0;21;15;6;18;13;5;137;109;28;16;9;7;153;118;35;2019
222000;Gefaehrliche und schwere Koerperverletzung, Verstuemmelung weiblicher Genitalien;5122000;Solingen;insg.;332;197;135;3;3;0;23;16;7;26;19;7;26;12;14;36;22;14;225;130;95;19;14;5;244;144;100;2019
222000;Gefaehrliche und schwere Koerperverletzung, Verstuemmelung weiblicher Genitalien;8111000;Stuttgart;insg.;2220;1760;460;11;8;3;97;60;37;108;68;40;181;136;45;335;287;48;1522;1218;304;74;51;23;1596;1269;327;2019
222000;Gefaehrliche und schwere Koerperverletzung, Verstuemmelung weiblicher Genitalien;7211000;Trier;insg.;286;211;75;0;0;0;10;8;2;10;8;2;29;17;12;40;34;6;192;146;46;15;6;9;207;152;55;2019
222000;Gefaehrliche und schwere Koerperverletzung, Verstuemmelung weiblicher Genitalien;8421000;Ulm;insg.;349;276;73;3;1;2;14;9;5;17;10;7;30;27;3;43;36;7;247;197;50;12;6;6;259;203;56;2019
222000;Gefaehrliche und schwere Koerperverletzung, Verstuemmelung weiblicher Genitalien;6414000;Wiesbaden;insg.;903;639;264;4;4;0;29;22;7;33;26;7;95;69;26;129;102;27;612;424;188;34;18;16;646;442;204;2019
222000;Gefaehrliche und schwere Koerperverletzung, Verstuemmelung weiblicher Genitalien;3103000;Wolfsburg;insg.;226;177;49;3;2;1;13;11;2;16;13;3;19;16;3;29;22;7;151;117;34;11;9;2;162;126;36;2019
222000;Gefaehrliche und schwere Koerperverletzung, Verstuemmelung weiblicher Genitalien;5124000;Wuppertal;insg.;1028;684;344;7;3;4;47;34;13;54;37;17;111;67;44;111;78;33;720;479;241;32;23;9;752;502;250;2019
222000;Gefaehrliche und schwere Koerperverletzung, Verstuemmelung weiblicher Genitalien;9663000;Wuerzburg;insg.;410;322;88;1;1;0;12;5;7;13;6;7;76;58;18;89;81;8;223;171;52;9;6;3;232;177;55;2019
224000;Vorsaetzliche einfache Koerperverletzung;5334002;Aachen;insg.;1577;869;708;7;6;1;58;31;27;65;37;28;88;45;43;177;108;69;1146;618;528;101;61;40;1247;679;568;2019
224000;Vorsaetzliche einfache Koerperverletzung;9761000;Augsburg;insg.;2526;1693;833;7;6;1;92;70;22;99;76;23;187;118;69;294;211;83;1820;1207;613;126;81;45;1946;1288;658;2019
224000;Vorsaetzliche einfache Koerperverletzung;5378004;Bergisch Gladbach;insg.;477;228;249;5;2;3;11;6;5;16;8;8;46;28;18;39;20;19;338;154;184;38;18;20;376;172;204;2019
224000;Vorsaetzliche einfache Koerperverletzung;11000000;Berlin;insg.;32038;18953;13085;239;140;99;2016;1302;714;2255;1442;813;2050;1214;836;1994;1154;840;23822;14062;9760;1917;1081;836;25739;15143;10596;2019
224000;Vorsaetzliche einfache Koerperverletzung;5711000;Bielefeld;insg.;1639;883;756;8;6;2;58;44;14;66;50;16;108;71;37;138;71;67;1223;639;584;104;52;52;1327;691;636;2019
224000;Vorsaetzliche einfache Koerperverletzung;5911000;Bochum;insg.;2418;1321;1097;11;10;1;105;67;38;116;77;39;227;141;86;239;141;98;1716;898;818;120;64;56;1836;962;874;2019
224000;Vorsaetzliche einfache Koerperverletzung;5314000;Bonn;insg.;2102;1218;884;9;6;3;104;67;37;113;73;40;165;101;64;209;127;82;1469;835;634;146;82;64;1615;917;698;2019
224000;Vorsaetzliche einfache Koerperverletzung;5512000;Bottrop;insg.;558;294;264;4;1;3;34;19;15;38;20;18;63;33;30;50;32;18;373;189;184;34;20;14;407;209;198;2019
224000;Vorsaetzliche einfache Koerperverletzung;3101000;Braunschweig;insg.;1691;1043;648;11;6;5;99;61;38;110;67;43;133;82;51;198;121;77;1178;730;448;72;43;29;1250;773;477;2019
224000;Vorsaetzliche einfache Koerperverletzung;4011000;Bremen;insg.;4051;2520;1531;14;7;7;123;73;50;137;80;57;320;187;133;393;268;125;2957;1834;1123;244;151;93;3201;1985;1216;2019
224000;Vorsaetzliche einfache Koerperverletzung;4012000;Bremerhaven;insg.;1048;531;517;6;2;4;51;36;15;57;38;19;91;48;43;83;37;46;771;378;393;46;30;16;817;408;409;2019
224000;Vorsaetzliche einfache Koerperverletzung;14511000;Chemnitz;insg.;967;568;399;5;3;2;57;29;28;62;32;30;76;40;36;83;46;37;680;414;266;66;36;30;746;450;296;2019
224000;Vorsaetzliche einfache Koerperverletzung;12052000;Cottbus;insg.;682;399;283;1;0;1;60;33;27;61;33;28;72;39;33;86;56;30;416;243;173;47;28;19;463;271;192;2019
224000;Vorsaetzliche einfache Koerperverletzung;6411000;Darmstadt;insg.;662;401;261;4;0;4;24;16;8;28;16;12;35;22;13;61;39;22;492;297;195;46;27;19;538;324;214;2019
224000;Vorsaetzliche einfache Koerperverletzung;5913000;Dortmund;insg.;4571;2683;1888;17;9;8;221;143;78;238;152;86;306;176;130;449;269;180;3338;1936;1402;240;150;90;3578;2086;1492;2019
224000;Vorsaetzliche einfache Koerperverletzung;14612000;Dresden;insg.;2614;1680;934;31;21;10;193;116;77;224;137;87;222;143;79;208;131;77;1823;1187;636;137;82;55;1960;1269;691;2019
224000;Vorsaetzliche einfache Koerperverletzung;5112000;Duisburg;insg.;3317;1702;1615;23;17;6;237;151;86;260;168;92;279;168;111;272;138;134;2329;1141;1188;177;87;90;2506;1228;1278;2019
224000;Vorsaetzliche einfache Koerperverletzung;5111000;Duesseldorf;insg.;4309;2678;1631;21;13;8;153;102;51;174;115;59;335;190;145;415;282;133;3148;1947;1201;237;144;93;3385;2091;1294;2019
224000;Vorsaetzliche einfache Koerperverletzung;16051000;Erfurt;insg.;1591;958;633;9;5;4;122;73;49;131;78;53;115;74;41;152;99;53;1116;669;447;77;38;39;1193;707;486;2019
224000;Vorsaetzliche einfache Koerperverletzung;9562000;Erlangen;insg.;529;343;186;1;1;0;8;7;1;9;8;1;32;25;7;52;38;14;411;257;154;25;15;10;436;272;164;2019
224000;Vorsaetzliche einfache Koerperverletzung;5113000;Essen;insg.;2634;1435;1199;20;10;10;161;115;46;181;125;56;196;112;84;210;117;93;1885;988;897;162;93;69;2047;1081;966;2019
224000;Vorsaetzliche einfache Koerperverletzung;6412000;Frankfurt am Main;insg.;4472;2584;1888;37;21;16;130;89;41;167;110;57;218;133;85;322;188;134;3500;1966;1534;265;187;78;3765;2153;1612;2019
224000;Vorsaetzliche einfache Koerperverletzung;8311000;Freiburg im Breisgau;insg.;1977;1277;700;26;17;9;69;46;23;95;63;32;155;90;65;203;134;69;1422;926;496;102;64;38;1524;990;534;2019
224000;Vorsaetzliche einfache Koerperverletzung;9563000;Fuerth;insg.;413;236;177;4;3;1;23;15;8;27;18;9;46;21;25;32;20;12;285;159;126;23;18;5;308;177;131;2019
224000;Vorsaetzliche einfache Koerperverletzung;5513000;Gelsenkirchen;insg.;2161;1090;1071;13;7;6;151;88;63;164;95;69;192;105;87;170;82;88;1512;742;770;123;66;57;1635;808;827;2019
224000;Vorsaetzliche einfache Koerperverletzung;3159016;Goettingen;insg.;934;590;344;2;1;1;31;16;15;33;17;16;63;36;27;109;82;27;684;435;249;45;20;25;729;455;274;2019
224000;Vorsaetzliche einfache Koerperverletzung;5754008;Guetersloh;insg.;466;237;229;1;0;1;21;16;5;22;16;6;41;26;15;49;28;21;340;158;182;14;9;5;354;167;187;2019
224000;Vorsaetzliche einfache Koerperverletzung;5914000;Hagen;insg.;1295;707;588;9;5;4;94;67;27;103;72;31;128;63;65;107;61;46;894;473;421;63;38;25;957;511;446;2019
224000;Vorsaetzliche einfache Koerperverletzung;15002000;Halle (Saale);insg.;2246;1394;852;18;11;7;160;113;47;178;124;54;200;135;65;192;116;76;1570;953;617;106;66;40;1676;1019;657;2019
224000;Vorsaetzliche einfache Koerperverletzung;2000000;Hamburg;insg.;15421;9286;6135;102;71;31;808;534;274;910;605;305;968;563;405;1270;756;514;11422;6851;4571;851;511;340;12273;7362;4911;2019
224000;Vorsaetzliche einfache Koerperverletzung;5915000;Hamm;insg.;1060;513;547;10;8;2;52;37;15;62;45;17;114;54;60;89;40;49;738;333;405;57;41;16;795;374;421;2019
224000;Vorsaetzliche einfache Koerperverletzung;3241001;Hannover;insg.;5450;3402;2048;31;19;12;228;146;82;259;165;94;368;210;158;480;318;162;4085;2547;1538;258;162;96;4343;2709;1634;2019
224000;Vorsaetzliche einfache Koerperverletzung;8221000;Heidelberg;insg.;886;604;282;14;9;5;24;11;13;38;20;18;37;28;9;74;56;18;675;461;214;62;39;23;737;500;237;2019
224000;Vorsaetzliche einfache Koerperverletzung;8121000;Heilbronn;insg.;739;446;293;10;9;1;27;18;9;37;27;10;53;39;14;72;43;29;544;311;233;33;26;7;577;337;240;2019
224000;Vorsaetzliche einfache Koerperverletzung;5916000;Herne;insg.;1154;596;558;10;5;5;67;41;26;77;46;31;126;85;41;102;43;59;775;381;394;74;41;33;849;422;427;2019
224000;Vorsaetzliche einfache Koerperverletzung;3254021;Hildesheim;insg.;862;458;404;8;4;4;32;23;9;40;27;13;87;34;53;71;35;36;616;332;284;48;30;18;664;362;302;2019
224000;Vorsaetzliche einfache Koerperverletzung;9161000;Ingolstadt;insg.;1027;676;351;8;5;3;41;27;14;49;32;17;72;37;35;122;90;32;755;497;258;29;20;9;784;517;267;2019
224000;Vorsaetzliche einfache Koerperverletzung;16053000;Jena;insg.;453;303;150;3;3;0;26;19;7;29;22;7;26;16;10;47;34;13;329;222;107;22;9;13;351;231;120;2019
224000;Vorsaetzliche einfache Koerperverletzung;8212000;Karlsruhe;insg.;1409;874;535;5;3;2;48;36;12;53;39;14;118;76;42;142;94;48;992;604;388;104;61;43;1096;665;431;2019
224000;Vorsaetzliche einfache Koerperverletzung;6611000;Kassel;insg.;1156;633;523;7;5;2;45;30;15;52;35;17;56;27;29;91;47;44;894;478;416;63;46;17;957;524;433;2019
224000;Vorsaetzliche einfache Koerperverletzung;1002000;Kiel;insg.;1882;1183;699;10;7;3;106;74;32;116;81;35;150;94;56;164;110;54;1353;839;514;99;59;40;1452;898;554;2019
224000;Vorsaetzliche einfache Koerperverletzung;7111000;Koblenz;insg.;952;623;329;8;5;3;47;37;10;55;42;13;83;61;22;109;77;32;656;407;249;49;36;13;705;443;262;2019
224000;Vorsaetzliche einfache Koerperverletzung;5315000;Koeln;insg.;9364;5504;3860;59;34;25;392;241;151;451;275;176;625;342;283;816;477;339;6989;4111;2878;483;299;184;7472;4410;3062;2019
224000;Vorsaetzliche einfache Koerperverletzung;5114000;Krefeld;insg.;1647;879;768;9;6;3;75;40;35;84;46;38;148;81;67;153;82;71;1138;598;540;124;72;52;1262;670;592;2019
224000;Vorsaetzliche einfache Koerperverletzung;14713000;Leipzig;insg.;3257;1980;1277;29;13;16;184;116;68;213;129;84;226;138;88;285;151;134;2347;1451;896;186;111;75;2533;1562;971;2019
224000;Vorsaetzliche einfache Koerperverletzung;5316000;Leverkusen;insg.;1141;625;516;9;6;3;75;47;28;84;53;31;86;54;32;87;49;38;779;400;379;105;69;36;884;469;415;2019
224000;Vorsaetzliche einfache Koerperverletzung;1003000;Luebeck;insg.;1945;1192;753;13;9;4;96;65;31;109;74;35;143;82;61;179;121;58;1396;840;556;118;75;43;1514;915;599;2019
224000;Vorsaetzliche einfache Koerperverletzung;7314000;Ludwigshafen am Rhein;insg.;1753;956;797;16;10;6;133;80;53;149;90;59;160;94;66;144;84;60;1178;616;562;122;72;50;1300;688;612;2019
224000;Vorsaetzliche einfache Koerperverletzung;15003000;Magdeburg;insg.;1739;1018;721;17;8;9;126;85;41;143;93;50;163;101;62;161;94;67;1194;689;505;78;41;37;1272;730;542;2019
224000;Vorsaetzliche einfache Koerperverletzung;7315000;Mainz;insg.;1447;926;521;10;6;4;72;50;22;82;56;26;127;79;48;144;98;46;1018;651;367;76;42;34;1094;693;401;2019
224000;Vorsaetzliche einfache Koerperverletzung;8222000;Mannheim;insg.;1784;1011;773;11;4;7;54;39;15;65;43;22;118;63;55;148;78;70;1343;755;588;110;72;38;1453;827;626;2019
224000;Vorsaetzliche einfache Koerperverletzung;5170024;Moers;insg.;456;216;240;14;6;8;36;18;18;50;24;26;34;19;15;44;23;21;296;134;162;32;16;16;328;150;178;2019
224000;Vorsaetzliche einfache Koerperverletzung;5116000;Moenchengladbach;insg.;1421;744;677;11;8;3;69;46;23;80;54;26;100;53;47;132;69;63;1031;517;514;78;51;27;1109;568;541;2019
224000;Vorsaetzliche einfache Koerperverletzung;5117000;Muelheim an der Ruhr;insg.;551;278;273;4;2;2;25;17;8;29;19;10;54;30;24;45;26;19;385;178;207;38;25;13;423;203;220;2019
224000;Vorsaetzliche einfache Koerperverletzung;9162000;Muenchen;insg.;7088;4556;2532;61;42;19;219;137;82;280;179;101;405;252;153;613;409;204;5381;3458;1923;409;258;151;5790;3716;2074;2019
224000;Vorsaetzliche einfache Koerperverletzung;5515000;Muenster;insg.;1887;1138;749;7;2;5;90;55;35;97;57;40;140;83;57;233;155;78;1340;800;540;77;43;34;1417;843;574;2019
224000;Vorsaetzliche einfache Koerperverletzung;5162024;Neuss;insg.;858;466;392;6;3;3;54;36;18;60;39;21;92;54;38;81;43;38;584;303;281;41;27;14;625;330;295;2019
224000;Vorsaetzliche einfache Koerperverletzung;9564000;Nuernberg;insg.;3728;2352;1376;28;15;13;193;132;61;221;147;74;281;174;107;354;235;119;2715;1704;1011;157;92;65;2872;1796;1076;2019
224000;Vorsaetzliche einfache Koerperverletzung;5119000;Oberhausen;insg.;1220;643;577;9;6;3;99;65;34;108;71;37;113;66;47;124;68;56;814;401;413;61;37;24;875;438;437;2019
224000;Vorsaetzliche einfache Koerperverletzung;6413000;Offenbach am Main;insg.;525;199;326;4;1;3;24;14;10;28;15;13;20;12;8;45;13;32;405;142;263;27;17;10;432;159;273;2019
224000;Vorsaetzliche einfache Koerperverletzung;3403000;Oldenburg (Oldenburg);insg.;1056;627;429;5;4;1;27;19;8;32;23;9;83;45;38;114;74;40;776;457;319;51;28;23;827;485;342;2019
224000;Vorsaetzliche einfache Koerperverletzung;3404000;Osnabrueck;insg.;1134;731;403;5;5;0;49;33;16;54;38;16;99;56;43;116;75;41;812;531;281;53;31;22;865;562;303;2019
224000;Vorsaetzliche einfache Koerperverletzung;5774032;Paderborn;insg.;968;576;392;3;3;0;17;15;2;20;18;2;83;53;30;125;84;41;691;393;298;49;28;21;740;421;319;2019
224000;Vorsaetzliche einfache Koerperverletzung;8231000;Pforzheim;insg.;809;487;322;2;2;0;64;45;19;66;47;19;75;49;26;71;46;25;563;327;236;34;18;16;597;345;252;2019
224000;Vorsaetzliche einfache Koerperverletzung;12054000;Potsdam;insg.;992;592;400;6;3;3;71;47;24;77;50;27;76;45;31;81;50;31;692;405;287;66;42;24;758;447;311;2019
224000;Vorsaetzliche einfache Koerperverletzung;5562032;Recklinghausen;insg.;897;532;365;6;5;1;48;31;17;54;36;18;100;60;40;91;65;26;588;328;260;64;43;21;652;371;281;2019
224000;Vorsaetzliche einfache Koerperverletzung;9362000;Regensburg;insg.;1070;774;296;6;4;2;31;23;8;37;27;10;71;56;15;128;107;21;778;548;230;56;36;20;834;584;250;2019
224000;Vorsaetzliche einfache Koerperverletzung;5120000;Remscheid;insg.;688;330;358;2;0;2;52;32;20;54;32;22;64;39;25;51;25;26;478;214;264;41;20;21;519;234;285;2019
224000;Vorsaetzliche einfache Koerperverletzung;8415061;Reutlingen;insg.;698;412;286;6;4;2;39;25;14;45;29;16;69;38;31;73;43;30;468;274;194;43;28;15;511;302;209;2019
224000;Vorsaetzliche einfache Koerperverletzung;13003000;Rostock;insg.;1274;733;541;11;5;6;92;59;33;103;64;39;93;45;48;104;55;49;896;519;377;78;50;28;974;569;405;2019
224000;Vorsaetzliche einfache Koerperverletzung;10041100;Saarbruecken;insg.;1946;1108;838;7;5;2;97;57;40;104;62;42;178;96;82;197;107;90;1346;768;578;121;75;46;1467;843;624;2019
224000;Vorsaetzliche einfache Koerperverletzung;3102000;Salzgitter;insg.;637;352;285;14;7;7;63;48;15;77;55;22;78;48;30;64;34;30;391;201;190;27;14;13;418;215;203;2019
224000;Vorsaetzliche einfache Koerperverletzung;13004000;Schwerin;insg.;695;409;286;8;6;2;49;33;16;57;39;18;96;55;41;71;48;23;449;257;192;22;10;12;471;267;204;2019
224000;Vorsaetzliche einfache Koerperverletzung;5970040;Siegen;insg.;821;495;326;3;3;0;35;23;12;38;26;12;82;51;31;72;48;24;582;340;242;47;30;17;629;370;259;2019
224000;Vorsaetzliche einfache Koerperverletzung;5122000;Solingen;insg.;857;400;457;6;2;4;53;37;16;59;39;20;101;48;53;72;39;33;574;236;338;51;38;13;625;274;351;2019
224000;Vorsaetzliche einfache Koerperverletzung;8111000;Stuttgart;insg.;4972;3277;1695;47;33;14;204;152;52;251;185;66;344;199;145;451;307;144;3702;2437;1265;224;149;75;3926;2586;1340;2019
224000;Vorsaetzliche einfache Koerperverletzung;7211000;Trier;insg.;988;604;384;5;3;2;45;29;16;50;32;18;81;53;28;110;76;34;704;421;283;43;22;21;747;443;304;2019
224000;Vorsaetzliche einfache Koerperverletzung;8421000;Ulm;insg.;804;532;272;4;3;1;23;17;6;27;20;7;46;31;15;79;50;29;598;398;200;54;33;21;652;431;221;2019
224000;Vorsaetzliche einfache Koerperverletzung;6414000;Wiesbaden;insg.;1775;925;850;10;5;5;76;45;31;86;50;36;165;80;85;187;119;68;1248;637;611;89;39;50;1337;676;661;2019
224000;Vorsaetzliche einfache Koerperverletzung;3103000;Wolfsburg;insg.;691;383;308;7;2;5;39;27;12;46;29;17;52;30;22;59;32;27;495;270;225;39;22;17;534;292;242;2019
224000;Vorsaetzliche einfache Koerperverletzung;5124000;Wuppertal;insg.;2843;1502;1341;19;10;9;179;121;58;198;131;67;211;117;94;259;135;124;2012;1027;985;163;92;71;2175;1119;1056;2019
224000;Vorsaetzliche einfache Koerperverletzung;9663000;Wuerzburg;insg.;810;548;262;9;5;4;31;22;9;40;27;13;100;64;36;134;96;38;498;339;159;38;22;16;536;361;175;2019
621100;Widerstand gegen und taetlicher Angriff auf Vollstreckungsbeamte und gleichstehende Personen;5334002;Aachen;insg.;354;262;92;0;0;0;1;1;0;1;1;0;2;1;1;10;8;2;331;244;87;10;8;2;341;252;89;2019
621100;Widerstand gegen und taetlicher Angriff auf Vollstreckungsbeamte und gleichstehende Personen;9761000;Augsburg;insg.;625;516;109;0;0;0;0;0;0;0;0;0;0;0;0;9;4;5;612;510;102;4;2;2;616;512;104;2019
621100;Widerstand gegen und taetlicher Angriff auf Vollstreckungsbeamte und gleichstehende Personen;5378004;Bergisch Gladbach;insg.;74;54;20;0;0;0;0;0;0;0;0;0;0;0;0;2;1;1;70;52;18;2;1;1;72;53;19;2019
621100;Widerstand gegen und taetlicher Angriff auf Vollstreckungsbeamte und gleichstehende Personen;11000000;Berlin;insg.;6667;5701;966;1;1;0;0;0;0;1;1;0;2;1;1;69;56;13;6544;5602;942;51;41;10;6595;5643;952;2019
621100;Widerstand gegen und taetlicher Angriff auf Vollstreckungsbeamte und gleichstehende Personen;5711000;Bielefeld;insg.;230;192;38;0;0;0;0;0;0;0;0;0;1;1;0;14;14;0;214;176;38;1;1;0;215;177;38;2019
621100;Widerstand gegen und taetlicher Angriff auf Vollstreckungsbeamte und gleichstehende Personen;5911000;Bochum;insg.;459;378;81;0;0;0;0;0;0;0;0;0;0;0;0;2;1;1;456;376;80;1;1;0;457;377;80;2019
621100;Widerstand gegen und taetlicher Angriff auf Vollstreckungsbeamte und gleichstehende Personen;5314000;Bonn;insg.;530;370;160;0;0;0;0;0;0;0;0;0;0;0;0;18;12;6;508;356;152;4;2;2;512;358;154;2019
621100;Widerstand gegen und taetlicher Angriff auf Vollstreckungsbeamte und gleichstehende Personen;5512000;Bottrop;insg.;94;74;20;0;0;0;0;0;0;0;0;0;0;0;0;2;1;1;92;73;19;0;0;0;92;73;19;2019
621100;Widerstand gegen und taetlicher Angriff auf Vollstreckungsbeamte und gleichstehende Personen;3101000;Braunschweig;insg.;358;294;64;0;0;0;0;0;0;0;0;0;0;0;0;7;2;5;347;288;59;4;4;0;351;292;59;2019
621100;Widerstand gegen und taetlicher Angriff auf Vollstreckungsbeamte und gleichstehende Personen;4011000;Bremen;insg.;775;600;175;0;0;0;0;0;0;0;0;0;0;0;0;3;3;0;769;594;175;3;3;0;772;597;175;2019
621100;Widerstand gegen und taetlicher Angriff auf Vollstreckungsbeamte und gleichstehende Personen;4012000;Bremerhaven;insg.;212;160;52;0;0;0;0;0;0;0;0;0;0;0;0;0;0;0;210;158;52;2;2;0;212;160;52;2019
621100;Widerstand gegen und taetlicher Angriff auf Vollstreckungsbeamte und gleichstehende Personen;14511000;Chemnitz;insg.;201;177;24;0;0;0;0;0;0;0;0;0;0;0;0;1;1;0;199;175;24;1;1;0;200;176;24;2019
621100;Widerstand gegen und taetlicher Angriff auf Vollstreckungsbeamte und gleichstehende Personen;12052000;Cottbus;insg.;182;160;22;0;0;0;0;0;0;0;0;0;0;0;0;7;7;0;171;149;22;4;4;0;175;153;22;2019
621100;Widerstand gegen und taetlicher Angriff auf Vollstreckungsbeamte und gleichstehende Personen;6411000;Darmstadt;insg.;115;99;16;0;0;0;0;0;0;0;0;0;0;0;0;2;2;0;112;96;16;1;1;0;113;97;16;2019
621100;Widerstand gegen und taetlicher Angriff auf Vollstreckungsbeamte und gleichstehende Personen;5913000;Dortmund;insg.;1645;1293;352;0;0;0;0;0;0;0;0;0;0;0;0;26;20;6;1615;1269;346;4;4;0;1619;1273;346;2019
621100;Widerstand gegen und taetlicher Angriff auf Vollstreckungsbeamte und gleichstehende Personen;14612000;Dresden;insg.;342;296;46;0;0;0;0;0;0;0;0;0;0;0;0;3;3;0;338;292;46;1;1;0;339;293;46;2019
621100;Widerstand gegen und taetlicher Angriff auf Vollstreckungsbeamte und gleichstehende Personen;5112000;Duisburg;insg.;533;399;134;0;0;0;1;1;0;1;1;0;2;2;0;16;6;10;508;386;122;6;4;2;514;390;124;2019
621100;Widerstand gegen und taetlicher Angriff auf Vollstreckungsbeamte und gleichstehende Personen;5111000;Duesseldorf;insg.;940;729;211;1;0;1;0;0;0;1;0;1;1;0;1;25;17;8;907;707;200;6;5;1;913;712;201;2019
621100;Widerstand gegen und taetlicher Angriff auf Vollstreckungsbeamte und gleichstehende Personen;16051000;Erfurt;insg.;279;249;30;0;0;0;0;0;0;0;0;0;0;0;0;10;7;3;268;241;27;1;1;0;269;242;27;2019
621100;Widerstand gegen und taetlicher Angriff auf Vollstreckungsbeamte und gleichstehende Personen;9562000;Erlangen;insg.;100;87;13;0;0;0;0;0;0;0;0;0;0;0;0;4;3;1;95;83;12;1;1;0;96;84;12;2019
621100;Widerstand gegen und taetlicher Angriff auf Vollstreckungsbeamte und gleichstehende Personen;5113000;Essen;insg.;698;547;151;0;0;0;0;0;0;0;0;0;1;1;0;19;12;7;677;534;143;1;0;1;678;534;144;2019
621100;Widerstand gegen und taetlicher Angriff auf Vollstreckungsbeamte und gleichstehende Personen;6412000;Frankfurt am Main;insg.;1680;1437;243;0;0;0;0;0;0;0;0;0;1;1;0;28;21;7;1651;1415;236;0;0;0;1651;1415;236;2019
621100;Widerstand gegen und taetlicher Angriff auf Vollstreckungsbeamte und gleichstehende Personen;8311000;Freiburg im Breisgau;insg.;600;510;90;0;0;0;0;0;0;0;0;0;4;4;0;17;16;1;573;484;89;6;6;0;579;490;89;2019
621100;Widerstand gegen und taetlicher Angriff auf Vollstreckungsbeamte und gleichstehende Personen;9563000;Fuerth;insg.;81;70;11;0;0;0;0;0;0;0;0;0;0;0;0;2;1;1;79;69;10;0;0;0;79;69;10;2019
621100;Widerstand gegen und taetlicher Angriff auf Vollstreckungsbeamte und gleichstehende Personen;5513000;Gelsenkirchen;insg.;315;245;70;0;0;0;0;0;0;0;0;0;1;0;1;6;4;2;303;236;67;5;5;0;308;241;67;2019
621100;Widerstand gegen und taetlicher Angriff auf Vollstreckungsbeamte und gleichstehende Personen;3159016;Goettingen;insg.;233;184;49;0;0;0;0;0;0;0;0;0;0;0;0;6;5;1;226;178;48;1;1;0;227;179;48;2019
621100;Widerstand gegen und taetlicher Angriff auf Vollstreckungsbeamte und gleichstehende Personen;5754008;Guetersloh;insg.;159;111;48;0;0;0;0;0;0;0;0;0;0;0;0;3;2;1;155;108;47;1;1;0;156;109;47;2019
621100;Widerstand gegen und taetlicher Angriff auf Vollstreckungsbeamte und gleichstehende Personen;5914000;Hagen;insg.;221;155;66;0;0;0;1;1;0;1;1;0;0;0;0;3;0;3;214;151;63;3;3;0;217;154;63;2019
621100;Widerstand gegen und taetlicher Angriff auf Vollstreckungsbeamte und gleichstehende Personen;15002000;Halle (Saale);insg.;273;236;37;0;0;0;0;0;0;0;0;0;0;0;0;15;12;3;258;224;34;0;0;0;258;224;34;2019
621100;Widerstand gegen und taetlicher Angriff auf Vollstreckungsbeamte und gleichstehende Personen;2000000;Hamburg;insg.;1849;1527;322;0;0;0;0;0;0;0;0;0;0;0;0;20;16;4;1825;1507;318;4;4;0;1829;1511;318;2019
621100;Widerstand gegen und taetlicher Angriff auf Vollstreckungsbeamte und gleichstehende Personen;5915000;Hamm;insg.;228;178;50;0;0;0;0;0;0;0;0;0;1;1;0;4;2;2;221;173;48;2;2;0;223;175;48;2019
621100;Widerstand gegen und taetlicher Angriff auf Vollstreckungsbeamte und gleichstehende Personen;3241001;Hannover;insg.;1029;813;216;0;0;0;0;0;0;0;0;0;0;0;0;10;6;4;1010;798;212;9;9;0;1019;807;212;2019
621100;Widerstand gegen und taetlicher Angriff auf Vollstreckungsbeamte und gleichstehende Personen;8221000;Heidelberg;insg.;205;159;46;0;0;0;0;0;0;0;0;0;0;0;0;1;0;1;202;157;45;2;2;0;204;159;45;2019
621100;Widerstand gegen und taetlicher Angriff auf Vollstreckungsbeamte und gleichstehende Personen;8121000;Heilbronn;insg.;131;111;20;0;0;0;0;0;0;0;0;0;0;0;0;4;4;0;127;107;20;0;0;0;127;107;20;2019
621100;Widerstand gegen und taetlicher Angriff auf Vollstreckungsbeamte und gleichstehende Personen;5916000;Herne;insg.;159;117;42;0;0;0;0;0;0;0;0;0;0;0;0;0;0;0;158;116;42;1;1;0;159;117;42;2019
621100;Widerstand gegen und taetlicher Angriff auf Vollstreckungsbeamte und gleichstehende Personen;3254021;Hildesheim;insg.;99;76;23;0;0;0;0;0;0;0;0;0;0;0;0;1;0;1;97;75;22;1;1;0;98;76;22;2019
621100;Widerstand gegen und taetlicher Angriff auf Vollstreckungsbeamte und gleichstehende Personen;9161000;Ingolstadt;insg.;188;154;34;0;0;0;0;0;0;0;0;0;0;0;0;7;7;0;181;147;34;0;0;0;181;147;34;2019
621100;Widerstand gegen und taetlicher Angriff auf Vollstreckungsbeamte und gleichstehende Personen;16053000;Jena;insg.;95;83;12;0;0;0;0;0;0;0;0;0;0;0;0;2;2;0;93;81;12;0;0;0;93;81;12;2019
621100;Widerstand gegen und taetlicher Angriff auf Vollstreckungsbeamte und gleichstehende Personen;8212000;Karlsruhe;insg.;483;417;66;0;0;0;0;0;0;0;0;0;0;0;0;12;9;3;470;407;63;1;1;0;471;408;63;2019
621100;Widerstand gegen und taetlicher Angriff auf Vollstreckungsbeamte und gleichstehende Personen;6611000;Kassel;insg.;234;200;34;0;0;0;0;0;0;0;0;0;0;0;0;38;28;10;194;170;24;2;2;0;196;172;24;2019
621100;Widerstand gegen und taetlicher Angriff auf Vollstreckungsbeamte und gleichstehende Personen;1002000;Kiel;insg.;353;289;64;0;0;0;0;0;0;0;0;0;0;0;0;8;7;1;344;281;63;1;1;0;345;282;63;2019
621100;Widerstand gegen und taetlicher Angriff auf Vollstreckungsbeamte und gleichstehende Personen;7111000;Koblenz;insg.;263;218;45;0;0;0;0;0;0;0;0;0;0;0;0;3;1;2;259;216;43;1;1;0;260;217;43;2019
621100;Widerstand gegen und taetlicher Angriff auf Vollstreckungsbeamte und gleichstehende Personen;5315000;Koeln;insg.;1935;1365;570;0;0;0;0;0;0;0;0;0;1;0;1;22;17;5;1905;1342;563;7;6;1;1912;1348;564;2019
621100;Widerstand gegen und taetlicher Angriff auf Vollstreckungsbeamte und gleichstehende Personen;5114000;Krefeld;insg.;318;215;103;0;0;0;1;0;1;1;0;1;1;1;0;8;3;5;305;209;96;3;2;1;308;211;97;2019
621100;Widerstand gegen und taetlicher Angriff auf Vollstreckungsbeamte und gleichstehende Personen;14713000;Leipzig;insg.;645;541;104;0;0;0;0;0;0;0;0;0;0;0;0;10;7;3;632;531;101;3;3;0;635;534;101;2019
621100;Widerstand gegen und taetlicher Angriff auf Vollstreckungsbeamte und gleichstehende Personen;5316000;Leverkusen;insg.;229;174;55;0;0;0;0;0;0;0;0;0;0;0;0;3;1;2;226;173;53;0;0;0;226;173;53;2019
621100;Widerstand gegen und taetlicher Angriff auf Vollstreckungsbeamte und gleichstehende Personen;1003000;Luebeck;insg.;462;348;114;0;0;0;0;0;0;0;0;0;1;1;0;14;7;7;445;338;107;2;2;0;447;340;107;2019
621100;Widerstand gegen und taetlicher Angriff auf Vollstreckungsbeamte und gleichstehende Personen;7314000;Ludwigshafen am Rhein;insg.;96;79;17;0;0;0;0;0;0;0;0;0;0;0;0;2;2;0;94;77;17;0;0;0;94;77;17;2019
621100;Widerstand gegen und taetlicher Angriff auf Vollstreckungsbeamte und gleichstehende Personen;15003000;Magdeburg;insg.;276;235;41;0;0;0;0;0;0;0;0;0;0;0;0;10;8;2;266;227;39;0;0;0;266;227;39;2019
621100;Widerstand gegen und taetlicher Angriff auf Vollstreckungsbeamte und gleichstehende Personen;7315000;Mainz;insg.;314;250;64;0;0;0;0;0;0;0;0;0;0;0;0;6;5;1;308;245;63;0;0;0;308;245;63;2019
621100;Widerstand gegen und taetlicher Angriff auf Vollstreckungsbeamte und gleichstehende Personen;8222000;Mannheim;insg.;454;385;69;0;0;0;0;0;0;0;0;0;2;1;1;19;17;2;432;366;66;1;1;0;433;367;66;2019
621100;Widerstand gegen und taetlicher Angriff auf Vollstreckungsbeamte und gleichstehende Personen;5170024;Moers;insg.;123;79;44;0;0;0;0;0;0;0;0;0;1;0;1;6;2;4;115;76;39;1;1;0;116;77;39;2019
621100;Widerstand gegen und taetlicher Angriff auf Vollstreckungsbeamte und gleichstehende Personen;5116000;Moenchengladbach;insg.;273;207;66;0;0;0;0;0;0;0;0;0;0;0;0;2;0;2;267;204;63;4;3;1;271;207;64;2019
621100;Widerstand gegen und taetlicher Angriff auf Vollstreckungsbeamte und gleichstehende Personen;5117000;Muelheim an der Ruhr;insg.;99;70;29;0;0;0;0;0;0;0;0;0;0;0;0;3;2;1;89;65;24;7;3;4;96;68;28;2019
621100;Widerstand gegen und taetlicher Angriff auf Vollstreckungsbeamte und gleichstehende Personen;9162000;Muenchen;insg.;1797;1511;286;2;2;0;0;0;0;2;2;0;0;0;0;42;26;16;1752;1482;270;1;1;0;1753;1483;270;2019
621100;Widerstand gegen und taetlicher Angriff auf Vollstreckungsbeamte und gleichstehende Personen;5515000;Muenster;insg.;433;337;96;0;0;0;0;0;0;0;0;0;2;2;0;21;12;9;409;322;87;1;1;0;410;323;87;2019
621100;Widerstand gegen und taetlicher Angriff auf Vollstreckungsbeamte und gleichstehende Personen;5162024;Neuss;insg.;122;79;43;0;0;0;0;0;0;0;0;0;0;0;0;6;5;1;116;74;42;0;0;0;116;74;42;2019
621100;Widerstand gegen und taetlicher Angriff auf Vollstreckungsbeamte und gleichstehende Personen;9564000;Nuernberg;insg.;723;581;142;0;0;0;0;0;0;0;0;0;0;0;0;15;11;4;707;569;138;1;1;0;708;570;138;2019
621100;Widerstand gegen und taetlicher Angriff auf Vollstreckungsbeamte und gleichstehende Personen;5119000;Oberhausen;insg.;161;113;48;0;0;0;0;0;0;0;0;0;0;0;0;7;1;6;153;111;42;1;1;0;154;112;42;2019
621100;Widerstand gegen und taetlicher Angriff auf Vollstreckungsbeamte und gleichstehende Personen;6413000;Offenbach am Main;insg.;84;71;13;0;0;0;0;0;0;0;0;0;0;0;0;2;1;1;82;70;12;0;0;0;82;70;12;2019
621100;Widerstand gegen und taetlicher Angriff auf Vollstreckungsbeamte und gleichstehende Personen;3403000;Oldenburg (Oldenburg);insg.;183;131;52;0;0;0;0;0;0;0;0;0;0;0;0;1;0;1;180;129;51;2;2;0;182;131;51;2019
621100;Widerstand gegen und taetlicher Angriff auf Vollstreckungsbeamte und gleichstehende Personen;3404000;Osnabrueck;insg.;228;178;50;0;0;0;0;0;0;0;0;0;0;0;0;2;2;0;223;174;49;3;2;1;226;176;50;2019
621100;Widerstand gegen und taetlicher Angriff auf Vollstreckungsbeamte und gleichstehende Personen;5774032;Paderborn;insg.;159;122;37;0;0;0;0;0;0;0;0;0;0;0;0;7;3;4;148;117;31;4;2;2;152;119;33;2019
621100;Widerstand gegen und taetlicher Angriff auf Vollstreckungsbeamte und gleichstehende Personen;8231000;Pforzheim;insg.;129;96;33;0;0;0;0;0;0;0;0;0;0;0;0;4;2;2;125;94;31;0;0;0;125;94;31;2019
621100;Widerstand gegen und taetlicher Angriff auf Vollstreckungsbeamte und gleichstehende Personen;12054000;Potsdam;insg.;136;115;21;0;0;0;0;0;0;0;0;0;0;0;0;4;2;2;130;111;19;2;2;0;132;113;19;2019
621100;Widerstand gegen und taetlicher Angriff auf Vollstreckungsbeamte und gleichstehende Personen;5562032;Recklinghausen;insg.;195;156;39;0;0;0;0;0;0;0;0;0;0;0;0;5;2;3;187;151;36;3;3;0;190;154;36;2019
621100;Widerstand gegen und taetlicher Angriff auf Vollstreckungsbeamte und gleichstehende Personen;9362000;Regensburg;insg.;209;192;17;0;0;0;0;0;0;0;0;0;0;0;0;4;3;1;202;186;16;3;3;0;205;189;16;2019
621100;Widerstand gegen und taetlicher Angriff auf Vollstreckungsbeamte und gleichstehende Personen;5120000;Remscheid;insg.;78;57;21;0;0;0;0;0;0;0;0;0;0;0;0;0;0;0;77;56;21;1;1;0;78;57;21;2019
621100;Widerstand gegen und taetlicher Angriff auf Vollstreckungsbeamte und gleichstehende Personen;8415061;Reutlingen;insg.;97;75;22;0;0;0;0;0;0;0;0;0;0;0;0;4;2;2;92;72;20;1;1;0;93;73;20;2019
621100;Widerstand gegen und taetlicher Angriff auf Vollstreckungsbeamte und gleichstehende Personen;13003000;Rostock;insg.;266;220;46;0;0;0;0;0;0;0;0;0;0;0;0;6;5;1;249;204;45;11;11;0;260;215;45;2019
621100;Widerstand gegen und taetlicher Angriff auf Vollstreckungsbeamte und gleichstehende Personen;10041100;Saarbruecken;insg.;459;368;91;0;0;0;0;0;0;0;0;0;0;0;0;9;5;4;449;362;87;1;1;0;450;363;87;2019
621100;Widerstand gegen und taetlicher Angriff auf Vollstreckungsbeamte und gleichstehende Personen;3102000;Salzgitter;insg.;58;46;12;0;0;0;0;0;0;0;0;0;0;0;0;0;0;0;58;46;12;0;0;0;58;46;12;2019
621100;Widerstand gegen und taetlicher Angriff auf Vollstreckungsbeamte und gleichstehende Personen;13004000;Schwerin;insg.;180;153;27;0;0;0;0;0;0;0;0;0;0;0;0;6;5;1;174;148;26;0;0;0;174;148;26;2019
621100;Widerstand gegen und taetlicher Angriff auf Vollstreckungsbeamte und gleichstehende Personen;5970040;Siegen;insg.;155;118;37;0;0;0;0;0;0;0;0;0;0;0;0;3;1;2;150;115;35;2;2;0;152;117;35;2019
621100;Widerstand gegen und taetlicher Angriff auf Vollstreckungsbeamte und gleichstehende Personen;5122000;Solingen;insg.;129;93;36;0;0;0;1;1;0;1;1;0;0;0;0;2;2;0;124;88;36;2;2;0;126;90;36;2019
621100;Widerstand gegen und taetlicher Angriff auf Vollstreckungsbeamte und gleichstehende Personen;8111000;Stuttgart;insg.;1766;1409;357;0;0;0;0;0;0;0;0;0;1;0;1;31;18;13;1732;1389;343;2;2;0;1734;1391;343;2019
621100;Widerstand gegen und taetlicher Angriff auf Vollstreckungsbeamte und gleichstehende Personen;7211000;Trier;insg.;171;140;31;0;0;0;0;0;0;0;0;0;0;0;0;2;2;0;166;135;31;3;3;0;169;138;31;2019
621100;Widerstand gegen und taetlicher Angriff auf Vollstreckungsbeamte und gleichstehende Personen;8421000;Ulm;insg.;170;139;31;0;0;0;0;0;0;0;0;0;0;0;0;3;2;1;166;136;30;1;1;0;167;137;30;2019
621100;Widerstand gegen und taetlicher Angriff auf Vollstreckungsbeamte und gleichstehende Personen;6414000;Wiesbaden;insg.;187;155;32;0;0;0;0;0;0;0;0;0;0;0;0;3;1;2;183;154;29;1;0;1;184;154;30;2019
621100;Widerstand gegen und taetlicher Angriff auf Vollstreckungsbeamte und gleichstehende Personen;3103000;Wolfsburg;insg.;184;164;20;0;0;0;0;0;0;0;0;0;0;0;0;8;8;0;176;156;20;0;0;0;176;156;20;2019
621100;Widerstand gegen und taetlicher Angriff auf Vollstreckungsbeamte und gleichstehende Personen;5124000;Wuppertal;insg.;534;372;162;0;0;0;0;0;0;0;0;0;4;2;2;9;8;1;514;357;157;7;5;2;521;362;159;2019
621100;Widerstand gegen und taetlicher Angriff auf Vollstreckungsbeamte und gleichstehende Personen;9663000;Wuerzburg;insg.;149;125;24;0;0;0;0;0;0;0;0;0;0;0;0;5;3;2;144;122;22;0;0;0;144;122;22;2019
621110;Widerstand gegen Vollstreckungsbeamte und gleichstehende Personen;5334002;Aachen;insg.;280;208;72;0;0;0;0;0;0;0;0;0;1;1;0;7;6;1;264;195;69;8;6;2;272;201;71;2019
621110;Widerstand gegen Vollstreckungsbeamte und gleichstehende Personen;9761000;Augsburg;insg.;273;231;42;0;0;0;0;0;0;0;0;0;0;0;0;5;4;1;268;227;41;0;0;0;268;227;41;2019
621110;Widerstand gegen Vollstreckungsbeamte und gleichstehende Personen;5378004;Bergisch Gladbach;insg.;60;46;14;0;0;0;0;0;0;0;0;0;0;0;0;0;0;0;59;45;14;1;1;0;60;46;14;2019
621110;Widerstand gegen Vollstreckungsbeamte und gleichstehende Personen;11000000;Berlin;insg.;4733;4095;638;1;1;0;0;0;0;1;1;0;1;1;0;47;40;7;4653;4024;629;31;29;2;4684;4053;631;2019
621110;Widerstand gegen Vollstreckungsbeamte und gleichstehende Personen;5711000;Bielefeld;insg.;188;152;36;0;0;0;0;0;0;0;0;0;1;1;0;10;10;0;176;140;36;1;1;0;177;141;36;2019
621110;Widerstand gegen Vollstreckungsbeamte und gleichstehende Personen;5911000;Bochum;insg.;325;271;54;0;0;0;0;0;0;0;0;0;0;0;0;2;1;1;322;269;53;1;1;0;323;270;53;2019
621110;Widerstand gegen Vollstreckungsbeamte und gleichstehende Personen;5314000;Bonn;insg.;354;246;108;0;0;0;0;0;0;0;0;0;0;0;0;10;7;3;343;238;105;1;1;0;344;239;105;2019
621110;Widerstand gegen Vollstreckungsbeamte und gleichstehende Personen;5512000;Bottrop;insg.;70;55;15;0;0;0;0;0;0;0;0;0;0;0;0;2;1;1;68;54;14;0;0;0;68;54;14;2019
621110;Widerstand gegen Vollstreckungsbeamte und gleichstehende Personen;3101000;Braunschweig;insg.;169;142;27;0;0;0;0;0;0;0;0;0;0;0;0;3;1;2;163;138;25;3;3;0;166;141;25;2019
621110;Widerstand gegen Vollstreckungsbeamte und gleichstehende Personen;4011000;Bremen;insg.;562;436;126;0;0;0;0;0;0;0;0;0;0;0;0;2;2;0;558;432;126;2;2;0;560;434;126;2019
621110;Widerstand gegen Vollstreckungsbeamte und gleichstehende Personen;4012000;Bremerhaven;insg.;147;113;34;0;0;0;0;0;0;0;0;0;0;0;0;0;0;0;145;111;34;2;2;0;147;113;34;2019
621110;Widerstand gegen Vollstreckungsbeamte und gleichstehende Personen;14511000;Chemnitz;insg.;161;145;16;0;0;0;0;0;0;0;0;0;0;0;0;1;1;0;159;143;16;1;1;0;160;144;16;2019
621110;Widerstand gegen Vollstreckungsbeamte und gleichstehende Personen;12052000;Cottbus;insg.;58;55;3;0;0;0;0;0;0;0;0;0;0;0;0;2;2;0;56;53;3;0;0;0;56;53;3;2019
621110;Widerstand gegen Vollstreckungsbeamte und gleichstehende Personen;6411000;Darmstadt;insg.;71;61;10;0;0;0;0;0;0;0;0;0;0;0;0;1;1;0;70;60;10;0;0;0;70;60;10;2019
621110;Widerstand gegen Vollstreckungsbeamte und gleichstehende Personen;5913000;Dortmund;insg.;739;595;144;0;0;0;0;0;0;0;0;0;0;0;0;10;10;0;726;582;144;3;3;0;729;585;144;2019
621110;Widerstand gegen Vollstreckungsbeamte und gleichstehende Personen;14612000;Dresden;insg.;268;237;31;0;0;0;0;0;0;0;0;0;0;0;0;3;3;0;264;233;31;1;1;0;265;234;31;2019
621110;Widerstand gegen Vollstreckungsbeamte und gleichstehende Personen;5112000;Duisburg;insg.;472;347;125;0;0;0;1;1;0;1;1;0;2;2;0;15;5;10;448;335;113;6;4;2;454;339;115;2019
621110;Widerstand gegen Vollstreckungsbeamte und gleichstehende Personen;5111000;Duesseldorf;insg.;541;422;119;1;0;1;0;0;0;1;0;1;1;0;1;15;11;4;519;407;112;5;4;1;524;411;113;2019
621110;Widerstand gegen Vollstreckungsbeamte und gleichstehende Personen;16051000;Erfurt;insg.;243;217;26;0;0;0;0;0;0;0;0;0;0;0;0;8;6;2;234;210;24;1;1;0;235;211;24;2019
621110;Widerstand gegen Vollstreckungsbeamte und gleichstehende Personen;9562000;Erlangen;insg.;27;23;4;0;0;0;0;0;0;0;0;0;0;0;0;2;2;0;24;20;4;1;1;0;25;21;4;2019
621110;Widerstand gegen Vollstreckungsbeamte und gleichstehende Personen;5113000;Essen;insg.;547;420;127;0;0;0;0;0;0;0;0;0;1;1;0;14;10;4;531;409;122;1;0;1;532;409;123;2019
621110;Widerstand gegen Vollstreckungsbeamte und gleichstehende Personen;6412000;Frankfurt am Main;insg.;1038;911;127;0;0;0;0;0;0;0;0;0;0;0;0;17;13;4;1021;898;123;0;0;0;1021;898;123;2019
621110;Widerstand gegen Vollstreckungsbeamte und gleichstehende Personen;8311000;Freiburg im Breisgau;insg.;283;245;38;0;0;0;0;0;0;0;0;0;4;4;0;11;11;0;263;225;38;5;5;0;268;230;38;2019
621110;Widerstand gegen Vollstreckungsbeamte und gleichstehende Personen;9563000;Fuerth;insg.;14;13;1;0;0;0;0;0;0;0;0;0;0;0;0;0;0;0;14;13;1;0;0;0;14;13;1;2019
621110;Widerstand gegen Vollstreckungsbeamte und gleichstehende Personen;5513000;Gelsenkirchen;insg.;264;202;62;0;0;0;0;0;0;0;0;0;1;0;1;3;2;1;255;195;60;5;5;0;260;200;60;2019
621110;Widerstand gegen Vollstreckungsbeamte und gleichstehende Personen;3159016;Goettingen;insg.;118;95;23;0;0;0;0;0;0;0;0;0;0;0;0;2;2;0;116;93;23;0;0;0;116;93;23;2019
621110;Widerstand gegen Vollstreckungsbeamte und gleichstehende Personen;5754008;Guetersloh;insg.;135;93;42;0;0;0;0;0;0;0;0;0;0;0;0;3;2;1;131;90;41;1;1;0;132;91;41;2019
621110;Widerstand gegen Vollstreckungsbeamte und gleichstehende Personen;5914000;Hagen;insg.;197;138;59;0;0;0;1;1;0;1;1;0;0;0;0;2;0;2;191;134;57;3;3;0;194;137;57;2019
621110;Widerstand gegen Vollstreckungsbeamte und gleichstehende Personen;15002000;Halle (Saale);insg.;172;148;24;0;0;0;0;0;0;0;0;0;0;0;0;10;8;2;162;140;22;0;0;0;162;140;22;2019
621110;Widerstand gegen Vollstreckungsbeamte und gleichstehende Personen;2000000;Hamburg;insg.;779;652;127;0;0;0;0;0;0;0;0;0;0;0;0;12;10;2;765;640;125;2;2;0;767;642;125;2019
621110;Widerstand gegen Vollstreckungsbeamte und gleichstehende Personen;5915000;Hamm;insg.;193;147;46;0;0;0;0;0;0;0;0;0;1;1;0;3;1;2;187;143;44;2;2;0;189;145;44;2019
621110;Widerstand gegen Vollstreckungsbeamte und gleichstehende Personen;3241001;Hannover;insg.;565;457;108;0;0;0;0;0;0;0;0;0;0;0;0;7;5;2;555;449;106;3;3;0;558;452;106;2019
621110;Widerstand gegen Vollstreckungsbeamte und gleichstehende Personen;8221000;Heidelberg;insg.;72;60;12;0;0;0;0;0;0;0;0;0;0;0;0;0;0;0;70;58;12;2;2;0;72;60;12;2019
621110;Widerstand gegen Vollstreckungsbeamte und gleichstehende Personen;8121000;Heilbronn;insg.;35;30;5;0;0;0;0;0;0;0;0;0;0;0;0;1;1;0;34;29;5;0;0;0;34;29;5;2019
621110;Widerstand gegen Vollstreckungsbeamte und gleichstehende Personen;5916000;Herne;insg.;107;76;31;0;0;0;0;0;0;0;0;0;0;0;0;0;0;0;106;75;31;1;1;0;107;76;31;2019
621110;Widerstand gegen Vollstreckungsbeamte und gleichstehende Personen;3254021;Hildesheim;insg.;38;32;6;0;0;0;0;0;0;0;0;0;0;0;0;0;0;0;37;31;6;1;1;0;38;32;6;2019
621110;Widerstand gegen Vollstreckungsbeamte und gleichstehende Personen;9161000;Ingolstadt;insg.;72;64;8;0;0;0;0;0;0;0;0;0;0;0;0;2;2;0;70;62;8;0;0;0;70;62;8;2019
621110;Widerstand gegen Vollstreckungsbeamte und gleichstehende Personen;16053000;Jena;insg.;58;52;6;0;0;0;0;0;0;0;0;0;0;0;0;1;1;0;57;51;6;0;0;0;57;51;6;2019
621110;Widerstand gegen Vollstreckungsbeamte und gleichstehende Personen;8212000;Karlsruhe;insg.;208;181;27;0;0;0;0;0;0;0;0;0;0;0;0;6;5;1;201;175;26;1;1;0;202;176;26;2019
621110;Widerstand gegen Vollstreckungsbeamte und gleichstehende Personen;6611000;Kassel;insg.;161;137;24;0;0;0;0;0;0;0;0;0;0;0;0;25;18;7;135;118;17;1;1;0;136;119;17;2019
621110;Widerstand gegen Vollstreckungsbeamte und gleichstehende Personen;1002000;Kiel;insg.;168;133;35;0;0;0;0;0;0;0;0;0;0;0;0;4;4;0;164;129;35;0;0;0;164;129;35;2019
621110;Widerstand gegen Vollstreckungsbeamte und gleichstehende Personen;7111000;Koblenz;insg.;184;153;31;0;0;0;0;0;0;0;0;0;0;0;0;0;0;0;183;152;31;1;1;0;184;153;31;2019
621110;Widerstand gegen Vollstreckungsbeamte und gleichstehende Personen;5315000;Koeln;insg.;1622;1132;490;0;0;0;0;0;0;0;0;0;1;0;1;20;15;5;1596;1113;483;5;4;1;1601;1117;484;2019
621110;Widerstand gegen Vollstreckungsbeamte und gleichstehende Personen;5114000;Krefeld;insg.;154;116;38;0;0;0;0;0;0;0;0;0;0;0;0;2;1;1;150;114;36;2;1;1;152;115;37;2019
621110;Widerstand gegen Vollstreckungsbeamte und gleichstehende Personen;14713000;Leipzig;insg.;440;369;71;0;0;0;0;0;0;0;0;0;0;0;0;7;4;3;431;363;68;2;2;0;433;365;68;2019
621110;Widerstand gegen Vollstreckungsbeamte und gleichstehende Personen;5316000;Leverkusen;insg.;220;167;53;0;0;0;0;0;0;0;0;0;0;0;0;3;1;2;217;166;51;0;0;0;217;166;51;2019
621110;Widerstand gegen Vollstreckungsbeamte und gleichstehende Personen;1003000;Luebeck;insg.;239;193;46;0;0;0;0;0;0;0;0;0;1;1;0;9;6;3;228;185;43;1;1;0;229;186;43;2019
621110;Widerstand gegen Vollstreckungsbeamte und gleichstehende Personen;7314000;Ludwigshafen am Rhein;insg.;79;67;12;0;0;0;0;0;0;0;0;0;0;0;0;2;2;0;77;65;12;0;0;0;77;65;12;2019
621110;Widerstand gegen Vollstreckungsbeamte und gleichstehende Personen;15003000;Magdeburg;insg.;207;180;27;0;0;0;0;0;0;0;0;0;0;0;0;6;5;1;201;175;26;0;0;0;201;175;26;2019
621110;Widerstand gegen Vollstreckungsbeamte und gleichstehende Personen;7315000;Mainz;insg.;246;192;54;0;0;0;0;0;0;0;0;0;0;0;0;2;2;0;244;190;54;0;0;0;244;190;54;2019
621110;Widerstand gegen Vollstreckungsbeamte und gleichstehende Personen;8222000;Mannheim;insg.;136;116;20;0;0;0;0;0;0;0;0;0;1;1;0;7;6;1;127;108;19;1;1;0;128;109;19;2019
621110;Widerstand gegen Vollstreckungsbeamte und gleichstehende Personen;5170024;Moers;insg.;113;72;41;0;0;0;0;0;0;0;0;0;0;0;0;6;2;4;106;69;37;1;1;0;107;70;37;2019
621110;Widerstand gegen Vollstreckungsbeamte und gleichstehende Personen;5116000;Moenchengladbach;insg.;217;160;57;0;0;0;0;0;0;0;0;0;0;0;0;1;0;1;212;157;55;4;3;1;216;160;56;2019
621110;Widerstand gegen Vollstreckungsbeamte und gleichstehende Personen;5117000;Muelheim an der Ruhr;insg.;89;62;27;0;0;0;0;0;0;0;0;0;0;0;0;3;2;1;79;57;22;7;3;4;86;60;26;2019
621110;Widerstand gegen Vollstreckungsbeamte und gleichstehende Personen;9162000;Muenchen;insg.;678;592;86;2;2;0;0;0;0;2;2;0;0;0;0;9;3;6;667;587;80;0;0;0;667;587;80;2019
621110;Widerstand gegen Vollstreckungsbeamte und gleichstehende Personen;5515000;Muenster;insg.;350;264;86;0;0;0;0;0;0;0;0;0;2;2;0;13;6;7;334;255;79;1;1;0;335;256;79;2019
621110;Widerstand gegen Vollstreckungsbeamte und gleichstehende Personen;5162024;Neuss;insg.;108;68;40;0;0;0;0;0;0;0;0;0;0;0;0;5;5;0;103;63;40;0;0;0;103;63;40;2019
621110;Widerstand gegen Vollstreckungsbeamte und gleichstehende Personen;9564000;Nuernberg;insg.;241;207;34;0;0;0;0;0;0;0;0;0;0;0;0;7;5;2;234;202;32;0;0;0;234;202;32;2019
621110;Widerstand gegen Vollstreckungsbeamte und gleichstehende Personen;5119000;Oberhausen;insg.;143;98;45;0;0;0;0;0;0;0;0;0;0;0;0;7;1;6;135;96;39;1;1;0;136;97;39;2019
621110;Widerstand gegen Vollstreckungsbeamte und gleichstehende Personen;6413000;Offenbach am Main;insg.;37;33;4;0;0;0;0;0;0;0;0;0;0;0;0;1;0;1;36;33;3;0;0;0;36;33;3;2019
621110;Widerstand gegen Vollstreckungsbeamte und gleichstehende Personen;3403000;Oldenburg (Oldenburg);insg.;68;45;23;0;0;0;0;0;0;0;0;0;0;0;0;1;0;1;67;45;22;0;0;0;67;45;22;2019
621110;Widerstand gegen Vollstreckungsbeamte und gleichstehende Personen;3404000;Osnabrueck;insg.;97;76;21;0;0;0;0;0;0;0;0;0;0;0;0;1;1;0;94;74;20;2;1;1;96;75;21;2019
621110;Widerstand gegen Vollstreckungsbeamte und gleichstehende Personen;5774032;Paderborn;insg.;125;92;33;0;0;0;0;0;0;0;0;0;0;0;0;4;2;2;117;88;29;4;2;2;121;90;31;2019
621110;Widerstand gegen Vollstreckungsbeamte und gleichstehende Personen;8231000;Pforzheim;insg.;53;41;12;0;0;0;0;0;0;0;0;0;0;0;0;2;0;2;51;41;10;0;0;0;51;41;10;2019
621110;Widerstand gegen Vollstreckungsbeamte und gleichstehende Personen;12054000;Potsdam;insg.;32;31;1;0;0;0;0;0;0;0;0;0;0;0;0;0;0;0;32;31;1;0;0;0;32;31;1;2019
621110;Widerstand gegen Vollstreckungsbeamte und gleichstehende Personen;5562032;Recklinghausen;insg.;134;108;26;0;0;0;0;0;0;0;0;0;0;0;0;2;1;1;130;105;25;2;2;0;132;107;25;2019
621110;Widerstand gegen Vollstreckungsbeamte und gleichstehende Personen;9362000;Regensburg;insg.;76;73;3;0;0;0;0;0;0;0;0;0;0;0;0;1;1;0;73;70;3;2;2;0;75;72;3;2019
621110;Widerstand gegen Vollstreckungsbeamte und gleichstehende Personen;5120000;Remscheid;insg.;66;47;19;0;0;0;0;0;0;0;0;0;0;0;0;0;0;0;65;46;19;1;1;0;66;47;19;2019
621110;Widerstand gegen Vollstreckungsbeamte und gleichstehende Personen;8415061;Reutlingen;insg.;31;28;3;0;0;0;0;0;0;0;0;0;0;0;0;0;0;0;31;28;3;0;0;0;31;28;3;2019
621110;Widerstand gegen Vollstreckungsbeamte und gleichstehende Personen;13003000;Rostock;insg.;176;147;29;0;0;0;0;0;0;0;0;0;0;0;0;4;3;1;165;137;28;7;7;0;172;144;28;2019
621110;Widerstand gegen Vollstreckungsbeamte und gleichstehende Personen;10041100;Saarbruecken;insg.;342;270;72;0;0;0;0;0;0;0;0;0;0;0;0;8;5;3;333;264;69;1;1;0;334;265;69;2019
621110;Widerstand gegen Vollstreckungsbeamte und gleichstehende Personen;3102000;Salzgitter;insg.;44;37;7;0;0;0;0;0;0;0;0;0;0;0;0;0;0;0;44;37;7;0;0;0;44;37;7;2019
621110;Widerstand gegen Vollstreckungsbeamte und gleichstehende Personen;13004000;Schwerin;insg.;129;110;19;0;0;0;0;0;0;0;0;0;0;0;0;5;4;1;124;106;18;0;0;0;124;106;18;2019
621110;Widerstand gegen Vollstreckungsbeamte und gleichstehende Personen;5970040;Siegen;insg.;106;80;26;0;0;0;0;0;0;0;0;0;0;0;0;1;0;1;103;78;25;2;2;0;105;80;25;2019
621110;Widerstand gegen Vollstreckungsbeamte und gleichstehende Personen;5122000;Solingen;insg.;122;88;34;0;0;0;1;1;0;1;1;0;0;0;0;2;2;0;117;83;34;2;2;0;119;85;34;2019
621110;Widerstand gegen Vollstreckungsbeamte und gleichstehende Personen;8111000;Stuttgart;insg.;846;682;164;0;0;0;0;0;0;0;0;0;0;0;0;17;11;6;828;670;158;1;1;0;829;671;158;2019
621110;Widerstand gegen Vollstreckungsbeamte und gleichstehende Personen;7211000;Trier;insg.;108;90;18;0;0;0;0;0;0;0;0;0;0;0;0;2;2;0;104;86;18;2;2;0;106;88;18;2019
621110;Widerstand gegen Vollstreckungsbeamte und gleichstehende Personen;8421000;Ulm;insg.;54;43;11;0;0;0;0;0;0;0;0;0;0;0;0;1;1;0;53;42;11;0;0;0;53;42;11;2019
621110;Widerstand gegen Vollstreckungsbeamte und gleichstehende Personen;6414000;Wiesbaden;insg.;132;108;24;0;0;0;0;0;0;0;0;0;0;0;0;1;0;1;130;108;22;1;0;1;131;108;23;2019
621110;Widerstand gegen Vollstreckungsbeamte und gleichstehende Personen;3103000;Wolfsburg;insg.;79;70;9;0;0;0;0;0;0;0;0;0;0;0;0;4;4;0;75;66;9;0;0;0;75;66;9;2019
621110;Widerstand gegen Vollstreckungsbeamte und gleichstehende Personen;5124000;Wuppertal;insg.;450;309;141;0;0;0;0;0;0;0;0;0;4;2;2;8;7;1;431;295;136;7;5;2;438;300;138;2019
621110;Widerstand gegen Vollstreckungsbeamte und gleichstehende Personen;9663000;Wuerzburg;insg.;42;34;8;0;0;0;0;0;0;0;0;0;0;0;0;2;2;0;40;32;8;0;0;0;40;32;8;2019
621120;Taetlicher Angriff auf Vollstreckungsbeamte;5334002;Aachen;insg.;74;54;20;0;0;0;1;1;0;1;1;0;1;0;1;3;2;1;67;49;18;2;2;0;69;51;18;2019
621120;Taetlicher Angriff auf Vollstreckungsbeamte;9761000;Augsburg;insg.;352;285;67;0;0;0;0;0;0;0;0;0;0;0;0;4;0;4;344;283;61;4;2;2;348;285;63;2019
621120;Taetlicher Angriff auf Vollstreckungsbeamte;5378004;Bergisch Gladbach;insg.;14;8;6;0;0;0;0;0;0;0;0;0;0;0;0;2;1;1;11;7;4;1;0;1;12;7;5;2019
621120;Taetlicher Angriff auf Vollstreckungsbeamte;11000000;Berlin;insg.;1934;1606;328;0;0;0;0;0;0;0;0;0;1;0;1;22;16;6;1891;1578;313;20;12;8;1911;1590;321;2019
621120;Taetlicher Angriff auf Vollstreckungsbeamte;5711000;Bielefeld;insg.;42;40;2;0;0;0;0;0;0;0;0;0;0;0;0;4;4;0;38;36;2;0;0;0;38;36;2;2019
621120;Taetlicher Angriff auf Vollstreckungsbeamte;5911000;Bochum;insg.;134;107;27;0;0;0;0;0;0;0;0;0;0;0;0;0;0;0;134;107;27;0;0;0;134;107;27;2019
621120;Taetlicher Angriff auf Vollstreckungsbeamte;5314000;Bonn;insg.;176;124;52;0;0;0;0;0;0;0;0;0;0;0;0;8;5;3;165;118;47;3;1;2;168;119;49;2019
621120;Taetlicher Angriff auf Vollstreckungsbeamte;5512000;Bottrop;insg.;24;19;5;0;0;0;0;0;0;0;0;0;0;0;0;0;0;0;24;19;5;0;0;0;24;19;5;2019
621120;Taetlicher Angriff auf Vollstreckungsbeamte;3101000;Braunschweig;insg.;189;152;37;0;0;0;0;0;0;0;0;0;0;0;0;4;1;3;184;150;34;1;1;0;185;151;34;2019
621120;Taetlicher Angriff auf Vollstreckungsbeamte;4011000;Bremen;insg.;213;164;49;0;0;0;0;0;0;0;0;0;0;0;0;1;1;0;211;162;49;1;1;0;212;163;49;2019
621120;Taetlicher Angriff auf Vollstreckungsbeamte;4012000;Bremerhaven;insg.;65;47;18;0;0;0;0;0;0;0;0;0;0;0;0;0;0;0;65;47;18;0;0;0;65;47;18;2019
621120;Taetlicher Angriff auf Vollstreckungsbeamte;14511000;Chemnitz;insg.;40;32;8;0;0;0;0;0;0;0;0;0;0;0;0;0;0;0;40;32;8;0;0;0;40;32;8;2019
621120;Taetlicher Angriff auf Vollstreckungsbeamte;12052000;Cottbus;insg.;124;105;19;0;0;0;0;0;0;0;0;0;0;0;0;5;5;0;115;96;19;4;4;0;119;100;19;2019
621120;Taetlicher Angriff auf Vollstreckungsbeamte;6411000;Darmstadt;insg.;44;38;6;0;0;0;0;0;0;0;0;0;0;0;0;1;1;0;42;36;6;1;1;0;43;37;6;2019
621120;Taetlicher Angriff auf Vollstreckungsbeamte;5913000;Dortmund;insg.;906;698;208;0;0;0;0;0;0;0;0;0;0;0;0;16;10;6;889;687;202;1;1;0;890;688;202;2019
621120;Taetlicher Angriff auf Vollstreckungsbeamte;14612000;Dresden;insg.;74;59;15;0;0;0;0;0;0;0;0;0;0;0;0;0;0;0;74;59;15;0;0;0;74;59;15;2019
621120;Taetlicher Angriff auf Vollstreckungsbeamte;5112000;Duisburg;insg.;61;52;9;0;0;0;0;0;0;0;0;0;0;0;0;1;1;0;60;51;9;0;0;0;60;51;9;2019
621120;Taetlicher Angriff auf Vollstreckungsbeamte;5111000;Duesseldorf;insg.;399;307;92;0;0;0;0;0;0;0;0;0;0;0;0;10;6;4;388;300;88;1;1;0;389;301;88;2019
621120;Taetlicher Angriff auf Vollstreckungsbeamte;16051000;Erfurt;insg.;36;32;4;0;0;0;0;0;0;0;0;0;0;0;0;2;1;1;34;31;3;0;0;0;34;31;3;2019
621120;Taetlicher Angriff auf Vollstreckungsbeamte;9562000;Erlangen;insg.;73;64;9;0;0;0;0;0;0;0;0;0;0;0;0;2;1;1;71;63;8;0;0;0;71;63;8;2019
621120;Taetlicher Angriff auf Vollstreckungsbeamte;5113000;Essen;insg.;151;127;24;0;0;0;0;0;0;0;0;0;0;0;0;5;2;3;146;125;21;0;0;0;146;125;21;2019
621120;Taetlicher Angriff auf Vollstreckungsbeamte;6412000;Frankfurt am Main;insg.;642;526;116;0;0;0;0;0;0;0;0;0;1;1;0;11;8;3;630;517;113;0;0;0;630;517;113;2019
621120;Taetlicher Angriff auf Vollstreckungsbeamte;8311000;Freiburg im Breisgau;insg.;317;265;52;0;0;0;0;0;0;0;0;0;0;0;0;6;5;1;310;259;51;1;1;0;311;260;51;2019
621120;Taetlicher Angriff auf Vollstreckungsbeamte;9563000;Fuerth;insg.;67;57;10;0;0;0;0;0;0;0;0;0;0;0;0;2;1;1;65;56;9;0;0;0;65;56;9;2019
621120;Taetlicher Angriff auf Vollstreckungsbeamte;5513000;Gelsenkirchen;insg.;51;43;8;0;0;0;0;0;0;0;0;0;0;0;0;3;2;1;48;41;7;0;0;0;48;41;7;2019
621120;Taetlicher Angriff auf Vollstreckungsbeamte;3159016;Goettingen;insg.;115;89;26;0;0;0;0;0;0;0;0;0;0;0;0;4;3;1;110;85;25;1;1;0;111;86;25;2019
621120;Taetlicher Angriff auf Vollstreckungsbeamte;5754008;Guetersloh;insg.;24;18;6;0;0;0;0;0;0;0;0;0;0;0;0;0;0;0;24;18;6;0;0;0;24;18;6;2019
621120;Taetlicher Angriff auf Vollstreckungsbeamte;5914000;Hagen;insg.;24;17;7;0;0;0;0;0;0;0;0;0;0;0;0;1;0;1;23;17;6;0;0;0;23;17;6;2019
621120;Taetlicher Angriff auf Vollstreckungsbeamte;15002000;Halle (Saale);insg.;101;88;13;0;0;0;0;0;0;0;0;0;0;0;0;5;4;1;96;84;12;0;0;0;96;84;12;2019
621120;Taetlicher Angriff auf Vollstreckungsbeamte;2000000;Hamburg;insg.;1070;875;195;0;0;0;0;0;0;0;0;0;0;0;0;8;6;2;1060;867;193;2;2;0;1062;869;193;2019
621120;Taetlicher Angriff auf Vollstreckungsbeamte;5915000;Hamm;insg.;35;31;4;0;0;0;0;0;0;0;0;0;0;0;0;1;1;0;34;30;4;0;0;0;34;30;4;2019
621120;Taetlicher Angriff auf Vollstreckungsbeamte;3241001;Hannover;insg.;464;356;108;0;0;0;0;0;0;0;0;0;0;0;0;3;1;2;455;349;106;6;6;0;461;355;106;2019
621120;Taetlicher Angriff auf Vollstreckungsbeamte;8221000;Heidelberg;insg.;133;99;34;0;0;0;0;0;0;0;0;0;0;0;0;1;0;1;132;99;33;0;0;0;132;99;33;2019
621120;Taetlicher Angriff auf Vollstreckungsbeamte;8121000;Heilbronn;insg.;96;81;15;0;0;0;0;0;0;0;0;0;0;0;0;3;3;0;93;78;15;0;0;0;93;78;15;2019
621120;Taetlicher Angriff auf Vollstreckungsbeamte;5916000;Herne;insg.;52;41;11;0;0;0;0;0;0;0;0;0;0;0;0;0;0;0;52;41;11;0;0;0;52;41;11;2019
621120;Taetlicher Angriff auf Vollstreckungsbeamte;3254021;Hildesheim;insg.;61;44;17;0;0;0;0;0;0;0;0;0;0;0;0;1;0;1;60;44;16;0;0;0;60;44;16;2019
621120;Taetlicher Angriff auf Vollstreckungsbeamte;9161000;Ingolstadt;insg.;116;90;26;0;0;0;0;0;0;0;0;0;0;0;0;5;5;0;111;85;26;0;0;0;111;85;26;2019
621120;Taetlicher Angriff auf Vollstreckungsbeamte;16053000;Jena;insg.;37;31;6;0;0;0;0;0;0;0;0;0;0;0;0;1;1;0;36;30;6;0;0;0;36;30;6;2019
621120;Taetlicher Angriff auf Vollstreckungsbeamte;8212000;Karlsruhe;insg.;275;236;39;0;0;0;0;0;0;0;0;0;0;0;0;6;4;2;269;232;37;0;0;0;269;232;37;2019
621120;Taetlicher Angriff auf Vollstreckungsbeamte;6611000;Kassel;insg.;73;63;10;0;0;0;0;0;0;0;0;0;0;0;0;13;10;3;59;52;7;1;1;0;60;53;7;2019
621120;Taetlicher Angriff auf Vollstreckungsbeamte;1002000;Kiel;insg.;185;156;29;0;0;0;0;0;0;0;0;0;0;0;0;4;3;1;180;152;28;1;1;0;181;153;28;2019
621120;Taetlicher Angriff auf Vollstreckungsbeamte;7111000;Koblenz;insg.;79;65;14;0;0;0;0;0;0;0;0;0;0;0;0;3;1;2;76;64;12;0;0;0;76;64;12;2019
621120;Taetlicher Angriff auf Vollstreckungsbeamte;5315000;Koeln;insg.;313;233;80;0;0;0;0;0;0;0;0;0;0;0;0;2;2;0;309;229;80;2;2;0;311;231;80;2019
621120;Taetlicher Angriff auf Vollstreckungsbeamte;5114000;Krefeld;insg.;164;99;65;0;0;0;1;0;1;1;0;1;1;1;0;6;2;4;155;95;60;1;1;0;156;96;60;2019
621120;Taetlicher Angriff auf Vollstreckungsbeamte;14713000;Leipzig;insg.;205;172;33;0;0;0;0;0;0;0;0;0;0;0;0;3;3;0;201;168;33;1;1;0;202;169;33;2019
621120;Taetlicher Angriff auf Vollstreckungsbeamte;5316000;Leverkusen;insg.;9;7;2;0;0;0;0;0;0;0;0;0;0;0;0;0;0;0;9;7;2;0;0;0;9;7;2;2019
621120;Taetlicher Angriff auf Vollstreckungsbeamte;1003000;Luebeck;insg.;223;155;68;0;0;0;0;0;0;0;0;0;0;0;0;5;1;4;217;153;64;1;1;0;218;154;64;2019
621120;Taetlicher Angriff auf Vollstreckungsbeamte;7314000;Ludwigshafen am Rhein;insg.;17;12;5;0;0;0;0;0;0;0;0;0;0;0;0;0;0;0;17;12;5;0;0;0;17;12;5;2019
621120;Taetlicher Angriff auf Vollstreckungsbeamte;15003000;Magdeburg;insg.;69;55;14;0;0;0;0;0;0;0;0;0;0;0;0;4;3;1;65;52;13;0;0;0;65;52;13;2019
621120;Taetlicher Angriff auf Vollstreckungsbeamte;7315000;Mainz;insg.;68;58;10;0;0;0;0;0;0;0;0;0;0;0;0;4;3;1;64;55;9;0;0;0;64;55;9;2019
621120;Taetlicher Angriff auf Vollstreckungsbeamte;8222000;Mannheim;insg.;318;269;49;0;0;0;0;0;0;0;0;0;1;0;1;12;11;1;305;258;47;0;0;0;305;258;47;2019
621120;Taetlicher Angriff auf Vollstreckungsbeamte;5170024;Moers;insg.;10;7;3;0;0;0;0;0;0;0;0;0;1;0;1;0;0;0;9;7;2;0;0;0;9;7;2;2019
621120;Taetlicher Angriff auf Vollstreckungsbeamte;5116000;Moenchengladbach;insg.;56;47;9;0;0;0;0;0;0;0;0;0;0;0;0;1;0;1;55;47;8;0;0;0;55;47;8;2019
621120;Taetlicher Angriff auf Vollstreckungsbeamte;5117000;Muelheim an der Ruhr;insg.;10;8;2;0;0;0;0;0;0;0;0;0;0;0;0;0;0;0;10;8;2;0;0;0;10;8;2;2019
621120;Taetlicher Angriff auf Vollstreckungsbeamte;9162000;Muenchen;insg.;1119;919;200;0;0;0;0;0;0;0;0;0;0;0;0;33;23;10;1085;895;190;1;1;0;1086;896;190;2019
621120;Taetlicher Angriff auf Vollstreckungsbeamte;5515000;Muenster;insg.;83;73;10;0;0;0;0;0;0;0;0;0;0;0;0;8;6;2;75;67;8;0;0;0;75;67;8;2019
621120;Taetlicher Angriff auf Vollstreckungsbeamte;5162024;Neuss;insg.;14;11;3;0;0;0;0;0;0;0;0;0;0;0;0;1;0;1;13;11;2;0;0;0;13;11;2;2019
621120;Taetlicher Angriff auf Vollstreckungsbeamte;9564000;Nuernberg;insg.;482;374;108;0;0;0;0;0;0;0;0;0;0;0;0;8;6;2;473;367;106;1;1;0;474;368;106;2019
621120;Taetlicher Angriff auf Vollstreckungsbeamte;5119000;Oberhausen;insg.;18;15;3;0;0;0;0;0;0;0;0;0;0;0;0;0;0;0;18;15;3;0;0;0;18;15;3;2019
621120;Taetlicher Angriff auf Vollstreckungsbeamte;6413000;Offenbach am Main;insg.;47;38;9;0;0;0;0;0;0;0;0;0;0;0;0;1;1;0;46;37;9;0;0;0;46;37;9;2019
621120;Taetlicher Angriff auf Vollstreckungsbeamte;3403000;Oldenburg (Oldenburg);insg.;115;86;29;0;0;0;0;0;0;0;0;0;0;0;0;0;0;0;113;84;29;2;2;0;115;86;29;2019
621120;Taetlicher Angriff auf Vollstreckungsbeamte;3404000;Osnabrueck;insg.;131;102;29;0;0;0;0;0;0;0;0;0;0;0;0;1;1;0;129;100;29;1;1;0;130;101;29;2019
621120;Taetlicher Angriff auf Vollstreckungsbeamte;5774032;Paderborn;insg.;34;30;4;0;0;0;0;0;0;0;0;0;0;0;0;3;1;2;31;29;2;0;0;0;31;29;2;2019
621120;Taetlicher Angriff auf Vollstreckungsbeamte;8231000;Pforzheim;insg.;76;55;21;0;0;0;0;0;0;0;0;0;0;0;0;2;2;0;74;53;21;0;0;0;74;53;21;2019
621120;Taetlicher Angriff auf Vollstreckungsbeamte;12054000;Potsdam;insg.;104;84;20;0;0;0;0;0;0;0;0;0;0;0;0;4;2;2;98;80;18;2;2;0;100;82;18;2019
621120;Taetlicher Angriff auf Vollstreckungsbeamte;5562032;Recklinghausen;insg.;61;48;13;0;0;0;0;0;0;0;0;0;0;0;0;3;1;2;57;46;11;1;1;0;58;47;11;2019
621120;Taetlicher Angriff auf Vollstreckungsbeamte;9362000;Regensburg;insg.;133;119;14;0;0;0;0;0;0;0;0;0;0;0;0;3;2;1;129;116;13;1;1;0;130;117;13;2019
621120;Taetlicher Angriff auf Vollstreckungsbeamte;5120000;Remscheid;insg.;12;10;2;0;0;0;0;0;0;0;0;0;0;0;0;0;0;0;12;10;2;0;0;0;12;10;2;2019
621120;Taetlicher Angriff auf Vollstreckungsbeamte;8415061;Reutlingen;insg.;66;47;19;0;0;0;0;0;0;0;0;0;0;0;0;4;2;2;61;44;17;1;1;0;62;45;17;2019
621120;Taetlicher Angriff auf Vollstreckungsbeamte;13003000;Rostock;insg.;90;73;17;0;0;0;0;0;0;0;0;0;0;0;0;2;2;0;84;67;17;4;4;0;88;71;17;2019
621120;Taetlicher Angriff auf Vollstreckungsbeamte;10041100;Saarbruecken;insg.;117;98;19;0;0;0;0;0;0;0;0;0;0;0;0;1;0;1;116;98;18;0;0;0;116;98;18;2019
621120;Taetlicher Angriff auf Vollstreckungsbeamte;3102000;Salzgitter;insg.;14;9;5;0;0;0;0;0;0;0;0;0;0;0;0;0;0;0;14;9;5;0;0;0;14;9;5;2019
621120;Taetlicher Angriff auf Vollstreckungsbeamte;13004000;Schwerin;insg.;51;43;8;0;0;0;0;0;0;0;0;0;0;0;0;1;1;0;50;42;8;0;0;0;50;42;8;2019
621120;Taetlicher Angriff auf Vollstreckungsbeamte;5970040;Siegen;insg.;49;38;11;0;0;0;0;0;0;0;0;0;0;0;0;2;1;1;47;37;10;0;0;0;47;37;10;2019
621120;Taetlicher Angriff auf Vollstreckungsbeamte;5122000;Solingen;insg.;7;5;2;0;0;0;0;0;0;0;0;0;0;0;0;0;0;0;7;5;2;0;0;0;7;5;2;2019
621120;Taetlicher Angriff auf Vollstreckungsbeamte;8111000;Stuttgart;insg.;920;727;193;0;0;0;0;0;0;0;0;0;1;0;1;14;7;7;904;719;185;1;1;0;905;720;185;2019
621120;Taetlicher Angriff auf Vollstreckungsbeamte;7211000;Trier;insg.;63;50;13;0;0;0;0;0;0;0;0;0;0;0;0;0;0;0;62;49;13;1;1;0;63;50;13;2019
621120;Taetlicher Angriff auf Vollstreckungsbeamte;8421000;Ulm;insg.;116;96;20;0;0;0;0;0;0;0;0;0;0;0;0;2;1;1;113;94;19;1;1;0;114;95;19;2019
621120;Taetlicher Angriff auf Vollstreckungsbeamte;6414000;Wiesbaden;insg.;55;47;8;0;0;0;0;0;0;0;0;0;0;0;0;2;1;1;53;46;7;0;0;0;53;46;7;2019
621120;Taetlicher Angriff auf Vollstreckungsbeamte;3103000;Wolfsburg;insg.;105;94;11;0;0;0;0;0;0;0;0;0;0;0;0;4;4;0;101;90;11;0;0;0;101;90;11;2019
621120;Taetlicher Angriff auf Vollstreckungsbeamte;5124000;Wuppertal;insg.;84;63;21;0;0;0;0;0;0;0;0;0;0;0;0;1;1;0;83;62;21;0;0;0;83;62;21;2019
621120;Taetlicher Angriff auf Vollstreckungsbeamte;9663000;Wuerzburg;insg.;107;91;16;0;0;0;0;0;0;0;0;0;0;0;0;3;1;2;104;90;14;0;0;0;104;90;14;2019
892000;Gewaltkriminalitaet;5334002;Aachen;insg.;1143;801;342;5;2;3;42;29;13;47;31;16;92;65;27;144;112;32;783;545;238;77;48;29;860;593;267;2019
892000;Gewaltkriminalitaet;9761000;Augsburg;insg.;1014;744;270;7;4;3;36;20;16;43;24;19;105;68;37;147;114;33;678;513;165;41;25;16;719;538;181;2019
892000;Gewaltkriminalitaet;5378004;Bergisch Gladbach;insg.;255;175;80;1;0;1;17;13;4;18;13;5;49;36;13;21;13;8;148;105;43;19;8;11;167;113;54;2019
892000;Gewaltkriminalitaet;11000000;Berlin;insg.;19635;14434;5201;86;47;39;883;651;232;969;698;271;2070;1561;509;1845;1417;428;13689;10156;3533;1062;602;460;14751;10758;3993;2019
892000;Gewaltkriminalitaet;5711000;Bielefeld;insg.;943;662;281;5;3;2;43;34;9;48;37;11;88;61;27;114;84;30;647;451;196;46;29;17;693;480;213;2019
892000;Gewaltkriminalitaet;5911000;Bochum;insg.;1447;856;591;6;5;1;72;50;22;78;55;23;141;94;47;172;99;73;983;573;410;73;35;38;1056;608;448;2019
892000;Gewaltkriminalitaet;5314000;Bonn;insg.;1223;855;368;4;2;2;41;29;12;45;31;14;157;118;39;146;104;42;819;568;251;56;34;22;875;602;273;2019
892000;Gewaltkriminalitaet;5512000;Bottrop;insg.;461;293;168;6;5;1;25;15;10;31;20;11;47;32;15;55;43;12;289;178;111;39;20;19;328;198;130;2019
892000;Gewaltkriminalitaet;3101000;Braunschweig;insg.;908;620;288;0;0;0;30;16;14;30;16;14;72;42;30;152;112;40;611;425;186;43;25;18;654;450;204;2019
892000;Gewaltkriminalitaet;4011000;Bremen;insg.;2783;1948;835;3;2;1;69;43;26;72;45;27;293;203;90;347;256;91;1903;1353;550;168;91;77;2071;1444;627;2019
892000;Gewaltkriminalitaet;4012000;Bremerhaven;insg.;658;462;196;0;0;0;26;18;8;26;18;8;76;55;21;62;41;21;449;326;123;45;22;23;494;348;146;2019
892000;Gewaltkriminalitaet;14511000;Chemnitz;insg.;753;551;202;6;3;3;34;18;16;40;21;19;94;71;23;78;60;18;498;377;121;43;22;21;541;399;142;2019
892000;Gewaltkriminalitaet;12052000;Cottbus;insg.;404;273;131;2;1;1;26;17;9;28;18;10;27;13;14;38;26;12;282;198;84;29;18;11;311;216;95;2019
892000;Gewaltkriminalitaet;6411000;Darmstadt;insg.;412;294;118;2;1;1;12;7;5;14;8;6;35;24;11;45;28;17;297;221;76;21;13;8;318;234;84;2019
892000;Gewaltkriminalitaet;5913000;Dortmund;insg.;3326;2376;950;8;5;3;160;115;45;168;120;48;368;244;124;370;264;106;2259;1650;609;161;98;63;2420;1748;672;2019
892000;Gewaltkriminalitaet;14612000;Dresden;insg.;1904;1489;415;8;5;3;92;62;30;100;67;33;194;147;47;227;191;36;1306;1037;269;77;47;30;1383;1084;299;2019
892000;Gewaltkriminalitaet;5112000;Duisburg;insg.;2181;1430;751;11;6;5;143;98;45;154;104;50;292;199;93;204;129;75;1416;936;480;115;62;53;1531;998;533;2019
892000;Gewaltkriminalitaet;5111000;Duesseldorf;insg.;2660;1912;748;6;3;3;77;56;21;83;59;24;295;216;79;327;229;98;1811;1323;488;144;85;59;1955;1408;547;2019
892000;Gewaltkriminalitaet;16051000;Erfurt;insg.;586;420;166;4;4;0;31;20;11;35;24;11;56;40;16;97;76;21;371;264;107;27;16;11;398;280;118;2019
892000;Gewaltkriminalitaet;9562000;Erlangen;insg.;188;133;55;2;1;1;3;3;0;5;4;1;15;11;4;26;17;9;135;97;38;7;4;3;142;101;41;2019
892000;Gewaltkriminalitaet;5113000;Essen;insg.;1952;1303;649;1;1;0;131;97;34;132;98;34;213;142;71;181;120;61;1296;866;430;130;77;53;1426;943;483;2019
892000;Gewaltkriminalitaet;6412000;Frankfurt am Main;insg.;3892;2875;1017;22;13;9;115;81;34;137;94;43;305;228;77;398;290;108;2849;2137;712;203;126;77;3052;2263;789;2019
892000;Gewaltkriminalitaet;8311000;Freiburg im Breisgau;insg.;1027;819;208;9;9;0;24;17;7;33;26;7;127;94;33;138;117;21;692;558;134;37;24;13;729;582;147;2019
892000;Gewaltkriminalitaet;9563000;Fuerth;insg.;204;128;76;0;0;0;7;4;3;7;4;3;22;12;10;30;19;11;134;86;48;11;7;4;145;93;52;2019
892000;Gewaltkriminalitaet;5513000;Gelsenkirchen;insg.;1128;758;370;5;3;2;87;57;30;92;60;32;146;103;43;96;70;26;737;486;251;57;39;18;794;525;269;2019
892000;Gewaltkriminalitaet;3159016;Goettingen;insg.;562;417;145;2;0;2;18;11;7;20;11;9;41;26;15;81;66;15;396;298;98;24;16;8;420;314;106;2019
892000;Gewaltkriminalitaet;5754008;Guetersloh;insg.;271;184;87;1;0;1;6;4;2;7;4;3;30;21;9;29;19;10;194;135;59;11;5;6;205;140;65;2019
892000;Gewaltkriminalitaet;5914000;Hagen;insg.;687;485;202;5;5;0;41;30;11;46;35;11;73;50;23;92;65;27;441;315;126;35;20;15;476;335;141;2019
892000;Gewaltkriminalitaet;15002000;Halle (Saale);insg.;1110;779;331;5;4;1;64;45;19;69;49;20;124;94;30;119;84;35;740;520;220;58;32;26;798;552;246;2019
892000;Gewaltkriminalitaet;2000000;Hamburg;insg.;8200;5994;2206;29;15;14;448;343;105;477;358;119;724;494;230;886;650;236;5758;4270;1488;355;222;133;6113;4492;1621;2019
892000;Gewaltkriminalitaet;5915000;Hamm;insg.;624;435;189;8;5;3;29;21;8;37;26;11;63;39;24;69;54;15;425;303;122;30;13;17;455;316;139;2019
892000;Gewaltkriminalitaet;3241001;Hannover;insg.;2924;2206;718;7;5;2;82;53;29;89;58;31;240;176;64;318;245;73;2140;1655;485;137;72;65;2277;1727;550;2019
892000;Gewaltkriminalitaet;8221000;Heidelberg;insg.;451;345;106;2;2;0;17;13;4;19;15;4;23;19;4;59;48;11;331;253;78;19;10;9;350;263;87;2019
892000;Gewaltkriminalitaet;8121000;Heilbronn;insg.;316;210;106;2;1;1;10;6;4;12;7;5;25;16;9;40;26;14;221;150;71;18;11;7;239;161;78;2019
892000;Gewaltkriminalitaet;5916000;Herne;insg.;517;350;167;1;1;0;37;26;11;38;27;11;67;50;17;44;29;15;346;233;113;22;11;11;368;244;124;2019
892000;Gewaltkriminalitaet;3254021;Hildesheim;insg.;371;254;117;0;0;0;25;19;6;25;19;6;52;34;18;36;30;6;237;159;78;21;12;9;258;171;87;2019
892000;Gewaltkriminalitaet;9161000;Ingolstadt;insg.;438;318;120;3;2;1;9;7;2;12;9;3;51;35;16;46;40;6;303;219;84;26;15;11;329;234;95;2019
892000;Gewaltkriminalitaet;16053000;Jena;insg.;278;205;73;15;2;13;21;12;9;36;14;22;19;12;7;27;24;3;190;151;39;6;4;2;196;155;41;2019
892000;Gewaltkriminalitaet;8212000;Karlsruhe;insg.;982;710;272;16;12;4;43;25;18;59;37;22;88;58;30;137;110;27;658;484;174;40;21;19;698;505;193;2019
892000;Gewaltkriminalitaet;6611000;Kassel;insg.;979;684;295;8;4;4;21;17;4;29;21;8;55;34;21;93;70;23;758;530;228;44;29;15;802;559;243;2019
892000;Gewaltkriminalitaet;1002000;Kiel;insg.;1053;764;289;7;2;5;24;19;5;31;21;10;95;72;23;125;89;36;756;559;197;46;23;23;802;582;220;2019
892000;Gewaltkriminalitaet;7111000;Koblenz;insg.;575;427;148;1;1;0;9;7;2;10;8;2;59;39;20;101;72;29;379;289;90;26;19;7;405;308;97;2019
892000;Gewaltkriminalitaet;5315000;Koeln;insg.;6175;4351;1824;18;10;8;210;148;62;228;158;70;559;398;161;668;484;184;4409;3132;1277;311;179;132;4720;3311;1409;2019
892000;Gewaltkriminalitaet;5114000;Krefeld;insg.;855;589;266;2;1;1;52;34;18;54;35;19;80;62;18;86;62;24;582;404;178;53;26;27;635;430;205;2019
892000;Gewaltkriminalitaet;14713000;Leipzig;insg.;2150;1609;541;17;12;5;61;46;15;78;58;20;240;176;64;225;183;42;1491;1130;361;116;62;54;1607;1192;415;2019
892000;Gewaltkriminalitaet;5316000;Leverkusen;insg.;712;476;236;3;0;3;25;18;7;28;18;10;83;49;34;69;49;20;488;331;157;44;29;15;532;360;172;2019
892000;Gewaltkriminalitaet;1003000;Luebeck;insg.;978;680;298;4;1;3;23;16;7;27;17;10;72;49;23;99;76;23;734;515;219;46;23;23;780;538;242;2019
892000;Gewaltkriminalitaet;7314000;Ludwigshafen am Rhein;insg.;1000;701;299;3;3;0;92;60;32;95;63;32;120;93;27;101;74;27;627;434;193;57;37;20;684;471;213;2019
892000;Gewaltkriminalitaet;15003000;Magdeburg;insg.;1034;744;290;7;3;4;45;26;19;52;29;23;102;68;34;119;82;37;711;537;174;50;28;22;761;565;196;2019
892000;Gewaltkriminalitaet;7315000;Mainz;insg.;878;652;226;3;2;1;46;32;14;49;34;15;133;94;39;107;90;17;559;415;144;30;19;11;589;434;155;2019
892000;Gewaltkriminalitaet;8222000;Mannheim;insg.;1129;815;314;11;7;4;21;19;2;32;26;6;69;43;26;137;89;48;832;624;208;59;33;26;891;657;234;2019
892000;Gewaltkriminalitaet;5170024;Moers;insg.;282;174;108;3;1;2;19;9;10;22;10;12;35;23;12;28;18;10;182;116;66;15;7;8;197;123;74;2019
892000;Gewaltkriminalitaet;5116000;Moenchengladbach;insg.;873;594;279;2;2;0;37;27;10;39;29;10;115;91;24;93;67;26;581;386;195;45;21;24;626;407;219;2019
892000;Gewaltkriminalitaet;5117000;Muelheim an der Ruhr;insg.;434;273;161;0;0;0;25;14;11;25;14;11;53;39;14;59;43;16;263;163;100;34;14;20;297;177;120;2019
892000;Gewaltkriminalitaet;9162000;Muenchen;insg.;4255;3065;1190;35;24;11;116;74;42;151;98;53;333;224;109;493;343;150;3099;2279;820;179;121;58;3278;2400;878;2019
892000;Gewaltkriminalitaet;5515000;Muenster;insg.;1002;714;288;0;0;0;29;20;9;29;20;9;108;71;37;127;99;28;687;493;194;51;31;20;738;524;214;2019
892000;Gewaltkriminalitaet;5162024;Neuss;insg.;415;293;122;1;1;0;15;12;3;16;13;3;43;35;8;54;40;14;287;197;90;15;8;7;302;205;97;2019
892000;Gewaltkriminalitaet;9564000;Nuernberg;insg.;1878;1348;530;8;4;4;56;36;20;64;40;24;167;108;59;178;134;44;1378;1017;361;91;49;42;1469;1066;403;2019
892000;Gewaltkriminalitaet;5119000;Oberhausen;insg.;687;494;193;0;0;0;42;36;6;42;36;6;79;60;19;94;70;24;442;312;130;30;16;14;472;328;144;2019
892000;Gewaltkriminalitaet;6413000;Offenbach am Main;insg.;417;301;116;2;2;0;15;7;8;17;9;8;41;29;12;31;28;3;309;224;85;19;11;8;328;235;93;2019
892000;Gewaltkriminalitaet;3403000;Oldenburg (Oldenburg);insg.;559;397;162;0;0;0;15;8;7;15;8;7;60;40;20;69;59;10;389;271;118;26;19;7;415;290;125;2019
892000;Gewaltkriminalitaet;3404000;Osnabrueck;insg.;978;704;274;0;0;0;23;12;11;23;12;11;99;54;45;147;104;43;679;516;163;30;18;12;709;534;175;2019
892000;Gewaltkriminalitaet;5774032;Paderborn;insg.;558;365;193;4;2;2;16;10;6;20;12;8;56;33;23;66;49;17;387;262;125;29;9;20;416;271;145;2019
892000;Gewaltkriminalitaet;8231000;Pforzheim;insg.;493;343;150;4;2;2;17;13;4;21;15;6;46;31;15;56;45;11;354;244;110;16;8;8;370;252;118;2019
892000;Gewaltkriminalitaet;12054000;Potsdam;insg.;445;324;121;2;1;1;16;11;5;18;12;6;43;29;14;54;46;8;300;214;86;30;23;7;330;237;93;2019
892000;Gewaltkriminalitaet;5562032;Recklinghausen;insg.;395;243;152;1;1;0;18;12;6;19;13;6;38;19;19;35;21;14;275;178;97;28;12;16;303;190;113;2019
892000;Gewaltkriminalitaet;9362000;Regensburg;insg.;440;322;118;1;0;1;6;4;2;7;4;3;29;17;12;70;53;17;318;237;81;16;11;5;334;248;86;2019
892000;Gewaltkriminalitaet;5120000;Remscheid;insg.;297;194;103;1;1;0;17;12;5;18;13;5;23;16;7;43;30;13;193;121;72;20;14;6;213;135;78;2019
892000;Gewaltkriminalitaet;8415061;Reutlingen;insg.;340;230;110;2;1;1;14;6;8;16;7;9;38;24;14;46;35;11;222;155;67;18;9;9;240;164;76;2019
892000;Gewaltkriminalitaet;13003000;Rostock;insg.;798;551;247;3;2;1;50;34;16;53;36;17;78;57;21;97;69;28;529;369;160;41;20;21;570;389;181;2019
892000;Gewaltkriminalitaet;10041100;Saarbruecken;insg.;1236;897;339;3;2;1;32;22;10;35;24;11;114;89;25;161;117;44;857;621;236;69;46;23;926;667;259;2019
892000;Gewaltkriminalitaet;3102000;Salzgitter;insg.;348;217;131;2;0;2;25;21;4;27;21;6;53;26;27;26;12;14;224;151;73;18;7;11;242;158;84;2019
892000;Gewaltkriminalitaet;13004000;Schwerin;insg.;459;335;124;3;1;2;44;32;12;47;33;14;48;33;15;72;54;18;271;203;68;21;12;9;292;215;77;2019
892000;Gewaltkriminalitaet;5970040;Siegen;insg.;282;209;73;1;1;0;6;6;0;7;7;0;36;27;9;25;19;6;194;143;51;20;13;7;214;156;58;2019
892000;Gewaltkriminalitaet;5122000;Solingen;insg.;451;269;182;3;3;0;27;19;8;30;22;8;45;23;22;48;28;20;302;177;125;26;19;7;328;196;132;2019
892000;Gewaltkriminalitaet;8111000;Stuttgart;insg.;2971;2257;714;13;9;4;112;70;42;125;79;46;261;193;68;436;360;76;2014;1544;470;135;81;54;2149;1625;524;2019
892000;Gewaltkriminalitaet;7211000;Trier;insg.;369;255;114;0;0;0;12;10;2;12;10;2;33;17;16;43;36;7;262;185;77;19;7;12;281;192;89;2019
892000;Gewaltkriminalitaet;8421000;Ulm;insg.;456;336;120;3;1;2;15;10;5;18;11;7;42;33;9;55;43;12;325;241;84;16;8;8;341;249;92;2019
892000;Gewaltkriminalitaet;6414000;Wiesbaden;insg.;1186;820;366;4;4;0;51;42;9;55;46;9;152;109;43;153;119;34;778;520;258;48;26;22;826;546;280;2019
892000;Gewaltkriminalitaet;3103000;Wolfsburg;insg.;319;233;86;3;2;1;15;11;4;18;13;5;33;24;9;38;30;8;214;155;59;16;11;5;230;166;64;2019
892000;Gewaltkriminalitaet;5124000;Wuppertal;insg.;1394;880;514;8;4;4;77;52;25;85;56;29;152;86;66;148;103;45;954;602;352;55;33;22;1009;635;374;2019
892000;Gewaltkriminalitaet;9663000;Wuerzburg;insg.;501;378;123;2;2;0;17;10;7;19;12;7;94;74;20;101;86;15;273;198;75;14;8;6;287;206;81;2019
892500;Mord, Totschlag und Toetung auf Verlangen;5334002;Aachen;insg.;11;7;4;0;0;0;0;0;0;0;0;0;1;0;1;1;1;0;8;6;2;1;0;1;9;6;3;2019
892500;Mord, Totschlag und Toetung auf Verlangen;9761000;Augsburg;insg.;13;10;3;1;1;0;1;1;0;2;2;0;1;1;0;1;1;0;8;6;2;1;0;1;9;6;3;2019
892500;Mord, Totschlag und Toetung auf Verlangen;5378004;Bergisch Gladbach;insg.;2;2;0;0;0;0;0;0;0;0;0;0;0;0;0;0;0;0;2;2;0;0;0;0;2;2;0;2019
892500;Mord, Totschlag und Toetung auf Verlangen;11000000;Berlin;insg.;141;103;38;5;4;1;0;0;0;5;4;1;4;2;2;4;4;0;107;83;24;21;10;11;128;93;35;2019
892500;Mord, Totschlag und Toetung auf Verlangen;5711000;Bielefeld;insg.;9;4;5;2;1;1;1;0;1;3;1;2;0;0;0;1;1;0;3;1;2;2;1;1;5;2;3;2019
892500;Mord, Totschlag und Toetung auf Verlangen;5911000;Bochum;insg.;12;8;4;0;0;0;0;0;0;0;0;0;1;1;0;0;0;0;10;7;3;1;0;1;11;7;4;2019
892500;Mord, Totschlag und Toetung auf Verlangen;5314000;Bonn;insg.;23;17;6;0;0;0;0;0;0;0;0;0;2;1;1;2;2;0;16;12;4;3;2;1;19;14;5;2019
892500;Mord, Totschlag und Toetung auf Verlangen;5512000;Bottrop;insg.;3;3;0;0;0;0;0;0;0;0;0;0;0;0;0;0;0;0;1;1;0;2;2;0;3;3;0;2019
892500;Mord, Totschlag und Toetung auf Verlangen;3101000;Braunschweig;insg.;6;4;2;0;0;0;0;0;0;0;0;0;0;0;0;1;1;0;5;3;2;0;0;0;5;3;2;2019
892500;Mord, Totschlag und Toetung auf Verlangen;4011000;Bremen;insg.;30;20;10;0;0;0;1;0;1;1;0;1;0;0;0;4;2;2;21;18;3;4;0;4;25;18;7;2019
892500;Mord, Totschlag und Toetung auf Verlangen;4012000;Bremerhaven;insg.;11;10;1;0;0;0;0;0;0;0;0;0;0;0;0;1;0;1;9;9;0;1;1;0;10;10;0;2019
892500;Mord, Totschlag und Toetung auf Verlangen;14511000;Chemnitz;insg.;6;5;1;0;0;0;0;0;0;0;0;0;0;0;0;2;2;0;3;3;0;1;0;1;4;3;1;2019
892500;Mord, Totschlag und Toetung auf Verlangen;12052000;Cottbus;insg.;0;0;0;0;0;0;0;0;0;0;0;0;0;0;0;0;0;0;0;0;0;0;0;0;0;0;0;2019
892500;Mord, Totschlag und Toetung auf Verlangen;6411000;Darmstadt;insg.;5;2;3;0;0;0;0;0;0;0;0;0;0;0;0;0;0;0;4;2;2;1;0;1;5;2;3;2019
892500;Mord, Totschlag und Toetung auf Verlangen;5913000;Dortmund;insg.;17;11;6;0;0;0;0;0;0;0;0;0;0;0;0;0;0;0;14;9;5;3;2;1;17;11;6;2019
892500;Mord, Totschlag und Toetung auf Verlangen;14612000;Dresden;insg.;14;7;7;0;0;0;0;0;0;0;0;0;0;0;0;1;1;0;8;5;3;5;1;4;13;6;7;2019
892500;Mord, Totschlag und Toetung auf Verlangen;5112000;Duisburg;insg.;24;19;5;1;0;1;0;0;0;1;0;1;0;0;0;0;0;0;22;19;3;1;0;1;23;19;4;2019
892500;Mord, Totschlag und Toetung auf Verlangen;5111000;Duesseldorf;insg.;21;18;3;0;0;0;0;0;0;0;0;0;0;0;0;1;1;0;18;15;3;2;2;0;20;17;3;2019
892500;Mord, Totschlag und Toetung auf Verlangen;16051000;Erfurt;insg.;8;5;3;0;0;0;0;0;0;0;0;0;0;0;0;2;2;0;5;3;2;1;0;1;6;3;3;2019
892500;Mord, Totschlag und Toetung auf Verlangen;9562000;Erlangen;insg.;3;3;0;0;0;0;0;0;0;0;0;0;0;0;0;0;0;0;3;3;0;0;0;0;3;3;0;2019
892500;Mord, Totschlag und Toetung auf Verlangen;5113000;Essen;insg.;6;5;1;1;1;0;0;0;0;1;1;0;0;0;0;2;1;1;3;3;0;0;0;0;3;3;0;2019
892500;Mord, Totschlag und Toetung auf Verlangen;6412000;Frankfurt am Main;insg.;86;64;22;0;0;0;1;1;0;1;1;0;1;1;0;9;9;0;68;50;18;7;3;4;75;53;22;2019
892500;Mord, Totschlag und Toetung auf Verlangen;8311000;Freiburg im Breisgau;insg.;8;7;1;0;0;0;0;0;0;0;0;0;0;0;0;0;0;0;8;7;1;0;0;0;8;7;1;2019
892500;Mord, Totschlag und Toetung auf Verlangen;9563000;Fuerth;insg.;3;2;1;0;0;0;0;0;0;0;0;0;0;0;0;0;0;0;3;2;1;0;0;0;3;2;1;2019
892500;Mord, Totschlag und Toetung auf Verlangen;5513000;Gelsenkirchen;insg.;10;6;4;1;1;0;0;0;0;1;1;0;0;0;0;0;0;0;9;5;4;0;0;0;9;5;4;2019
892500;Mord, Totschlag und Toetung auf Verlangen;3159016;Goettingen;insg.;13;9;4;0;0;0;0;0;0;0;0;0;0;0;0;0;0;0;11;8;3;2;1;1;13;9;4;2019
892500;Mord, Totschlag und Toetung auf Verlangen;5754008;Guetersloh;insg.;2;1;1;0;0;0;0;0;0;0;0;0;0;0;0;0;0;0;2;1;1;0;0;0;2;1;1;2019
892500;Mord, Totschlag und Toetung auf Verlangen;5914000;Hagen;insg.;9;7;2;0;0;0;0;0;0;0;0;0;0;0;0;0;0;0;8;6;2;1;1;0;9;7;2;2019
892500;Mord, Totschlag und Toetung auf Verlangen;15002000;Halle (Saale);insg.;4;3;1;0;0;0;0;0;0;0;0;0;0;0;0;0;0;0;4;3;1;0;0;0;4;3;1;2019
892500;Mord, Totschlag und Toetung auf Verlangen;2000000;Hamburg;insg.;56;41;15;0;0;0;0;0;0;0;0;0;2;2;0;2;2;0;47;35;12;5;2;3;52;37;15;2019
892500;Mord, Totschlag und Toetung auf Verlangen;5915000;Hamm;insg.;6;6;0;0;0;0;0;0;0;0;0;0;1;1;0;1;1;0;3;3;0;1;1;0;4;4;0;2019
892500;Mord, Totschlag und Toetung auf Verlangen;3241001;Hannover;insg.;25;20;5;0;0;0;1;0;1;1;0;1;0;0;0;2;2;0;21;17;4;1;1;0;22;18;4;2019
892500;Mord, Totschlag und Toetung auf Verlangen;8221000;Heidelberg;insg.;7;2;5;0;0;0;0;0;0;0;0;0;0;0;0;0;0;0;6;2;4;1;0;1;7;2;5;2019
892500;Mord, Totschlag und Toetung auf Verlangen;8121000;Heilbronn;insg.;6;4;2;0;0;0;0;0;0;0;0;0;0;0;0;0;0;0;6;4;2;0;0;0;6;4;2;2019
892500;Mord, Totschlag und Toetung auf Verlangen;5916000;Herne;insg.;4;3;1;0;0;0;0;0;0;0;0;0;0;0;0;0;0;0;4;3;1;0;0;0;4;3;1;2019
892500;Mord, Totschlag und Toetung auf Verlangen;3254021;Hildesheim;insg.;6;6;0;0;0;0;0;0;0;0;0;0;0;0;0;0;0;0;5;5;0;1;1;0;6;6;0;2019
892500;Mord, Totschlag und Toetung auf Verlangen;9161000;Ingolstadt;insg.;6;4;2;0;0;0;0;0;0;0;0;0;0;0;0;1;1;0;4;3;1;1;0;1;5;3;2;2019
892500;Mord, Totschlag und Toetung auf Verlangen;16053000;Jena;insg.;5;4;1;2;2;0;0;0;0;2;2;0;0;0;0;0;0;0;3;2;1;0;0;0;3;2;1;2019
892500;Mord, Totschlag und Toetung auf Verlangen;8212000;Karlsruhe;insg.;5;5;0;0;0;0;0;0;0;0;0;0;0;0;0;0;0;0;5;5;0;0;0;0;5;5;0;2019
892500;Mord, Totschlag und Toetung auf Verlangen;6611000;Kassel;insg.;23;18;5;0;0;0;0;0;0;0;0;0;0;0;0;2;2;0;20;15;5;1;1;0;21;16;5;2019
892500;Mord, Totschlag und Toetung auf Verlangen;1002000;Kiel;insg.;16;13;3;0;0;0;1;1;0;1;1;0;0;0;0;0;0;0;14;12;2;1;0;1;15;12;3;2019
892500;Mord, Totschlag und Toetung auf Verlangen;7111000;Koblenz;insg.;2;2;0;0;0;0;0;0;0;0;0;0;0;0;0;0;0;0;2;2;0;0;0;0;2;2;0;2019
892500;Mord, Totschlag und Toetung auf Verlangen;5315000;Koeln;insg.;29;24;5;0;0;0;0;0;0;0;0;0;0;0;0;1;1;0;24;21;3;4;2;2;28;23;5;2019
892500;Mord, Totschlag und Toetung auf Verlangen;5114000;Krefeld;insg.;10;7;3;0;0;0;0;0;0;0;0;0;0;0;0;0;0;0;7;4;3;3;3;0;10;7;3;2019
892500;Mord, Totschlag und Toetung auf Verlangen;14713000;Leipzig;insg.;69;50;19;3;3;0;3;1;2;6;4;2;5;4;1;5;4;1;47;34;13;6;4;2;53;38;15;2019
892500;Mord, Totschlag und Toetung auf Verlangen;5316000;Leverkusen;insg.;2;2;0;0;0;0;0;0;0;0;0;0;0;0;0;0;0;0;2;2;0;0;0;0;2;2;0;2019
892500;Mord, Totschlag und Toetung auf Verlangen;1003000;Luebeck;insg.;3;2;1;0;0;0;0;0;0;0;0;0;0;0;0;0;0;0;2;2;0;1;0;1;3;2;1;2019
892500;Mord, Totschlag und Toetung auf Verlangen;7314000;Ludwigshafen am Rhein;insg.;3;3;0;0;0;0;0;0;0;0;0;0;0;0;0;1;1;0;2;2;0;0;0;0;2;2;0;2019
892500;Mord, Totschlag und Toetung auf Verlangen;15003000;Magdeburg;insg.;12;9;3;2;1;1;0;0;0;2;1;1;0;0;0;1;0;1;8;7;1;1;1;0;9;8;1;2019
892500;Mord, Totschlag und Toetung auf Verlangen;7315000;Mainz;insg.;4;3;1;0;0;0;0;0;0;0;0;0;0;0;0;0;0;0;3;3;0;1;0;1;4;3;1;2019
892500;Mord, Totschlag und Toetung auf Verlangen;8222000;Mannheim;insg.;22;20;2;1;0;1;0;0;0;1;0;1;1;1;0;2;2;0;18;17;1;0;0;0;18;17;1;2019
892500;Mord, Totschlag und Toetung auf Verlangen;5170024;Moers;insg.;8;5;3;0;0;0;0;0;0;0;0;0;0;0;0;1;1;0;6;4;2;1;0;1;7;4;3;2019
892500;Mord, Totschlag und Toetung auf Verlangen;5116000;Moenchengladbach;insg.;2;2;0;0;0;0;0;0;0;0;0;0;0;0;0;0;0;0;2;2;0;0;0;0;2;2;0;2019
892500;Mord, Totschlag und Toetung auf Verlangen;5117000;Muelheim an der Ruhr;insg.;3;1;2;0;0;0;0;0;0;0;0;0;0;0;0;0;0;0;1;0;1;2;1;1;3;1;2;2019
892500;Mord, Totschlag und Toetung auf Verlangen;9162000;Muenchen;insg.;24;18;6;2;2;0;0;0;0;2;2;0;0;0;0;1;1;0;20;15;5;1;0;1;21;15;6;2019
892500;Mord, Totschlag und Toetung auf Verlangen;5515000;Muenster;insg.;9;7;2;0;0;0;0;0;0;0;0;0;1;1;0;0;0;0;7;5;2;1;1;0;8;6;2;2019
892500;Mord, Totschlag und Toetung auf Verlangen;5162024;Neuss;insg.;3;3;0;1;1;0;0;0;0;1;1;0;1;1;0;1;1;0;0;0;0;0;0;0;0;0;0;2019
892500;Mord, Totschlag und Toetung auf Verlangen;9564000;Nuernberg;insg.;40;32;8;0;0;0;1;0;1;1;0;1;5;4;1;0;0;0;29;24;5;5;4;1;34;28;6;2019
892500;Mord, Totschlag und Toetung auf Verlangen;5119000;Oberhausen;insg.;8;8;0;0;0;0;0;0;0;0;0;0;0;0;0;0;0;0;7;7;0;1;1;0;8;8;0;2019
892500;Mord, Totschlag und Toetung auf Verlangen;6413000;Offenbach am Main;insg.;7;4;3;0;0;0;0;0;0;0;0;0;0;0;0;1;1;0;5;2;3;1;1;0;6;3;3;2019
892500;Mord, Totschlag und Toetung auf Verlangen;3403000;Oldenburg (Oldenburg);insg.;8;4;4;0;0;0;0;0;0;0;0;0;0;0;0;0;0;0;7;4;3;1;0;1;8;4;4;2019
892500;Mord, Totschlag und Toetung auf Verlangen;3404000;Osnabrueck;insg.;20;20;0;0;0;0;0;0;0;0;0;0;0;0;0;4;4;0;15;15;0;1;1;0;16;16;0;2019
892500;Mord, Totschlag und Toetung auf Verlangen;5774032;Paderborn;insg.;4;2;2;0;0;0;0;0;0;0;0;0;0;0;0;0;0;0;2;1;1;2;1;1;4;2;2;2019
892500;Mord, Totschlag und Toetung auf Verlangen;8231000;Pforzheim;insg.;12;5;7;2;1;1;0;0;0;2;1;1;1;0;1;1;0;1;6;4;2;2;0;2;8;4;4;2019
892500;Mord, Totschlag und Toetung auf Verlangen;12054000;Potsdam;insg.;3;3;0;0;0;0;0;0;0;0;0;0;0;0;0;0;0;0;2;2;0;1;1;0;3;3;0;2019
892500;Mord, Totschlag und Toetung auf Verlangen;5562032;Recklinghausen;insg.;2;1;1;0;0;0;0;0;0;0;0;0;0;0;0;0;0;0;1;1;0;1;0;1;2;1;1;2019
892500;Mord, Totschlag und Toetung auf Verlangen;9362000;Regensburg;insg.;6;6;0;0;0;0;0;0;0;0;0;0;1;1;0;0;0;0;5;5;0;0;0;0;5;5;0;2019
892500;Mord, Totschlag und Toetung auf Verlangen;5120000;Remscheid;insg.;4;3;1;0;0;0;0;0;0;0;0;0;0;0;0;1;0;1;3;3;0;0;0;0;3;3;0;2019
892500;Mord, Totschlag und Toetung auf Verlangen;8415061;Reutlingen;insg.;3;3;0;0;0;0;0;0;0;0;0;0;0;0;0;0;0;0;3;3;0;0;0;0;3;3;0;2019
892500;Mord, Totschlag und Toetung auf Verlangen;13003000;Rostock;insg.;7;4;3;2;1;1;0;0;0;2;1;1;0;0;0;1;0;1;4;3;1;0;0;0;4;3;1;2019
892500;Mord, Totschlag und Toetung auf Verlangen;10041100;Saarbruecken;insg.;11;8;3;0;0;0;0;0;0;0;0;0;0;0;0;0;0;0;8;7;1;3;1;2;11;8;3;2019
892500;Mord, Totschlag und Toetung auf Verlangen;3102000;Salzgitter;insg.;2;1;1;0;0;0;0;0;0;0;0;0;0;0;0;0;0;0;2;1;1;0;0;0;2;1;1;2019
892500;Mord, Totschlag und Toetung auf Verlangen;13004000;Schwerin;insg.;2;1;1;0;0;0;0;0;0;0;0;0;0;0;0;1;0;1;1;1;0;0;0;0;1;1;0;2019
892500;Mord, Totschlag und Toetung auf Verlangen;5970040;Siegen;insg.;2;2;0;0;0;0;0;0;0;0;0;0;0;0;0;0;0;0;2;2;0;0;0;0;2;2;0;2019
892500;Mord, Totschlag und Toetung auf Verlangen;5122000;Solingen;insg.;2;1;1;0;0;0;0;0;0;0;0;0;0;0;0;0;0;0;2;1;1;0;0;0;2;1;1;2019
892500;Mord, Totschlag und Toetung auf Verlangen;8111000;Stuttgart;insg.;32;27;5;1;0;1;0;0;0;1;0;1;0;0;0;6;5;1;22;21;1;3;1;2;25;22;3;2019
892500;Mord, Totschlag und Toetung auf Verlangen;7211000;Trier;insg.;4;2;2;0;0;0;0;0;0;0;0;0;0;0;0;0;0;0;4;2;2;0;0;0;4;2;2;2019
892500;Mord, Totschlag und Toetung auf Verlangen;8421000;Ulm;insg.;7;5;2;0;0;0;0;0;0;0;0;0;0;0;0;1;1;0;5;4;1;1;0;1;6;4;2;2019
892500;Mord, Totschlag und Toetung auf Verlangen;6414000;Wiesbaden;insg.;10;8;2;0;0;0;0;0;0;0;0;0;1;0;1;0;0;0;9;8;1;0;0;0;9;8;1;2019
892500;Mord, Totschlag und Toetung auf Verlangen;3103000;Wolfsburg;insg.;7;3;4;0;0;0;1;0;1;1;0;1;0;0;0;0;0;0;5;3;2;1;0;1;6;3;3;2019
892500;Mord, Totschlag und Toetung auf Verlangen;5124000;Wuppertal;insg.;6;4;2;0;0;0;0;0;0;0;0;0;0;0;0;2;2;0;2;2;0;2;0;2;4;2;2;2019
892500;Mord, Totschlag und Toetung auf Verlangen;9663000;Wuerzburg;insg.;6;6;0;0;0;0;0;0;0;0;0;0;0;0;0;0;0;0;5;5;0;1;1;0;6;6;0;2019
------;Straftaten insgesamt;5334002;Aachen;insg.;4263;2503;1760;42;24;18;148;82;66;190;106;84;255;127;128;333;198;135;3178;1892;1286;307;180;127;3485;2072;1413;2020
------;Straftaten insgesamt;9761000;Augsburg;insg.;5003;3201;1802;46;19;27;247;155;92;293;174;119;333;190;143;467;280;187;3643;2401;1242;267;156;111;3910;2557;1353;2020
------;Straftaten insgesamt;5378004;Bergisch Gladbach;insg.;1339;687;652;20;1;19;56;24;32;76;25;51;112;51;61;98;60;38;923;479;444;130;72;58;1053;551;502;2020
------;Straftaten insgesamt;11000000;Berlin;insg.;84270;52437;31833;854;460;394;4829;2816;2013;5683;3276;2407;5487;3319;2168;5005;2965;2040;62874;39914;22960;5221;2963;2258;68095;42877;25218;2020
------;Straftaten insgesamt;5711000;Bielefeld;insg.;4161;2324;1837;37;22;15;192;102;90;229;124;105;285;141;144;364;197;167;3016;1709;1307;267;153;114;3283;1862;1421;2020
------;Straftaten insgesamt;5911000;Bochum;insg.;5897;3336;2561;62;31;31;285;149;136;347;180;167;454;276;178;483;236;247;4229;2434;1795;384;210;174;4613;2644;1969;2020
------;Straftaten insgesamt;5314000;Bonn;insg.;5462;3269;2193;40;21;19;233;120;113;273;141;132;380;215;165;453;263;190;3976;2407;1569;380;243;137;4356;2650;1706;2020
------;Straftaten insgesamt;5512000;Bottrop;insg.;1338;735;603;13;9;4;71;28;43;84;37;47;110;55;55;109;64;45;937;521;416;98;58;40;1035;579;456;2020
------;Straftaten insgesamt;3101000;Braunschweig;insg.;3728;2245;1483;30;11;19;227;131;96;257;142;115;291;151;140;310;188;122;2651;1641;1010;219;123;96;2870;1764;1106;2020
------;Straftaten insgesamt;4011000;Bremen;insg.;10833;6495;4338;80;43;37;452;237;215;532;280;252;726;399;327;797;499;298;8058;4932;3126;720;385;335;8778;5317;3461;2020
------;Straftaten insgesamt;4012000;Bremerhaven;insg.;2581;1552;1029;38;22;16;116;60;56;154;82;72;206;109;97;216;106;110;1865;1173;692;140;82;58;2005;1255;750;2020
------;Straftaten insgesamt;14511000;Chemnitz;insg.;3233;1990;1243;60;36;24;200;94;106;260;130;130;270;153;117;296;169;127;2193;1410;783;214;128;86;2407;1538;869;2020
------;Straftaten insgesamt;6411000;Darmstadt;insg.;1662;957;705;11;7;4;71;34;37;82;41;41;128;63;65;133;76;57;1222;725;497;97;52;45;1319;777;542;2020
------;Straftaten insgesamt;5913000;Dortmund;insg.;11174;6764;4410;76;34;42;531;302;229;607;336;271;826;490;336;883;518;365;8236;5047;3189;622;373;249;8858;5420;3438;2020
------;Straftaten insgesamt;14612000;Dresden;insg.;7393;4582;2811;109;62;47;535;277;258;644;339;305;623;374;249;620;363;257;5086;3288;1798;420;218;202;5506;3506;2000;2020
------;Straftaten insgesamt;5112000;Duisburg;insg.;8043;4277;3766;90;42;48;558;290;268;648;332;316;629;334;295;550;282;268;5682;3033;2649;534;296;238;6216;3329;2887;2020
------;Straftaten insgesamt;5111000;Duesseldorf;insg.;11076;6877;4199;87;44;43;388;217;171;475;261;214;828;495;333;1024;666;358;8048;5053;2995;701;402;299;8749;5455;3294;2020
------;Straftaten insgesamt;16051000;Erfurt;insg.;4278;2699;1579;45;19;26;218;124;94;263;143;120;302;179;123;405;246;159;3092;2010;1082;216;121;95;3308;2131;1177;2020
------;Straftaten insgesamt;9562000;Erlangen;insg.;1071;654;417;10;8;2;34;18;16;44;26;18;87;51;36;85;43;42;787;496;291;68;38;30;855;534;321;2020
------;Straftaten insgesamt;5113000;Essen;insg.;8233;4508;3725;96;45;51;479;254;225;575;299;276;643;336;307;530;268;262;6006;3334;2672;479;271;208;6485;3605;2880;2020
------;Straftaten insgesamt;6412000;Frankfurt am Main;insg.;13319;8630;4689;104;57;47;348;217;131;452;274;178;560;327;233;895;516;379;10642;7052;3590;770;461;309;11412;7513;3899;2020
------;Straftaten insgesamt;8311000;Freiburg im Breisgau;insg.;4319;2964;1355;33;23;10;148;85;63;181;108;73;226;131;95;409;269;140;3202;2251;951;301;205;96;3503;2456;1047;2020
------;Straftaten insgesamt;9563000;Fuerth;insg.;1015;596;419;9;6;3;63;33;30;72;39;33;82;49;33;85;38;47;707;425;282;69;45;24;776;470;306;2020
------;Straftaten insgesamt;5513000;Gelsenkirchen;insg.;4658;2596;2062;45;16;29;288;168;120;333;184;149;387;201;186;354;201;153;3280;1843;1437;304;167;137;3584;2010;1574;2020
------;Straftaten insgesamt;3159016;Goettingen;insg.;2204;1342;862;24;15;9;69;44;25;93;59;34;131;62;69;197;117;80;1637;1012;625;146;92;54;1783;1104;679;2020
------;Straftaten insgesamt;5754008;Guetersloh;insg.;1381;793;588;6;4;2;61;27;34;67;31;36;83;42;41;100;72;28;1031;596;435;100;52;48;1131;648;483;2020
------;Straftaten insgesamt;5914000;Hagen;insg.;3054;1782;1272;32;16;16;200;121;79;232;137;95;232;134;98;219;113;106;2205;1285;920;166;113;53;2371;1398;973;2020
------;Straftaten insgesamt;15002000;Halle (Saale);insg.;5521;3360;2161;61;35;26;419;235;184;480;270;210;419;251;168;469;278;191;3859;2397;1462;294;164;130;4153;2561;1592;2020
------;Straftaten insgesamt;2000000;Hamburg;insg.;32996;20157;12839;229;139;90;1489;833;656;1718;972;746;1990;1114;876;2427;1446;981;24887;15454;9433;1974;1171;803;26861;16625;10236;2020
------;Straftaten insgesamt;5915000;Hamm;insg.;2872;1566;1306;38;17;21;191;115;76;229;132;97;286;140;146;194;97;97;2014;1112;902;149;85;64;2163;1197;966;2020
------;Straftaten insgesamt;3241001;Hannover;insg.;12343;7898;4445;128;68;60;526;331;195;654;399;255;792;435;357;950;633;317;9294;6033;3261;653;398;255;9947;6431;3516;2020
------;Straftaten insgesamt;8221000;Heidelberg;insg.;2116;1341;775;24;15;9;61;36;25;85;51;34;95;65;30;170;98;72;1613;1038;575;153;89;64;1766;1127;639;2020
------;Straftaten insgesamt;8121000;Heilbronn;insg.;1652;1030;622;18;15;3;60;36;24;78;51;27;101;53;48;125;72;53;1241;786;455;107;68;39;1348;854;494;2020
------;Straftaten insgesamt;5916000;Herne;insg.;2531;1323;1208;22;11;11;156;87;69;178;98;80;219;112;107;250;124;126;1716;896;820;168;93;75;1884;989;895;2020
------;Straftaten insgesamt;3254021;Hildesheim;insg.;1783;961;822;17;10;7;103;44;59;120;54;66;143;71;72;154;68;86;1265;705;560;101;63;38;1366;768;598;2020
------;Straftaten insgesamt;9161000;Ingolstadt;insg.;1919;1160;759;31;19;12;105;62;43;136;81;55;126;67;59;133;88;45;1418;865;553;106;59;47;1524;924;600;2020
------;Straftaten insgesamt;16053000;Jena;insg.;1370;897;473;18;15;3;76;45;31;94;60;34;83;32;51;119;63;56;1019;710;309;55;32;23;1074;742;332;2020
------;Straftaten insgesamt;7312000;Kaiserslautern;insg.;2723;1706;1017;32;19;13;115;52;63;147;71;76;253;162;91;289;184;105;1883;1199;684;151;90;61;2034;1289;745;2020
------;Straftaten insgesamt;8212000;Karlsruhe;insg.;3638;2316;1322;62;49;13;178;97;81;240;146;94;198;113;85;298;183;115;2655;1718;937;247;156;91;2902;1874;1028;2020
------;Straftaten insgesamt;6611000;Kassel;insg.;3373;1972;1401;44;27;17;139;68;71;183;95;88;237;129;108;277;166;111;2484;1457;1027;192;125;67;2676;1582;1094;2020
------;Straftaten insgesamt;1002000;Kiel;insg.;4125;2517;1608;22;16;6;179;89;90;201;105;96;283;172;111;341;195;146;3080;1926;1154;220;119;101;3300;2045;1255;2020
------;Straftaten insgesamt;7111000;Koblenz;insg.;2361;1485;876;10;4;6;65;31;34;75;35;40;152;90;62;221;143;78;1796;1147;649;117;70;47;1913;1217;696;2020
------;Straftaten insgesamt;5315000;Koeln;insg.;22427;13134;9293;147;79;68;854;481;373;1001;560;441;1320;723;597;1664;952;712;17016;10051;6965;1426;848;578;18442;10899;7543;2020
------;Straftaten insgesamt;5114000;Krefeld;insg.;4011;2246;1765;32;19;13;213;137;76;245;156;89;296;158;138;308;170;138;2905;1612;1293;257;150;107;3162;1762;1400;2020
------;Straftaten insgesamt;14713000;Leipzig;insg.;8631;5339;3292;101;53;48;414;226;188;515;279;236;607;324;283;673;416;257;6340;4021;2319;496;299;197;6836;4320;2516;2020
------;Straftaten insgesamt;5316000;Leverkusen;insg.;2528;1400;1128;19;7;12;108;55;53;127;62;65;199;100;99;194;116;78;1849;1026;823;159;96;63;2008;1122;886;2020
------;Straftaten insgesamt;1003000;Luebeck;insg.;4386;2686;1700;33;22;11;204;102;102;237;124;113;307;170;137;311;172;139;3227;2030;1197;304;190;114;3531;2220;1311;2020
------;Straftaten insgesamt;7314000;Ludwigshafen am Rhein;insg.;3565;2115;1450;37;18;19;264;166;98;301;184;117;283;171;112;252;160;92;2490;1456;1034;239;144;95;2729;1600;1129;2020
------;Straftaten insgesamt;15003000;Magdeburg;insg.;3999;2398;1601;42;23;19;256;132;124;298;155;143;351;201;150;317;184;133;2783;1718;1065;250;140;110;3033;1858;1175;2020
------;Straftaten insgesamt;7315000;Mainz;insg.;3205;2064;1141;21;10;11;140;79;61;161;89;72;249;150;99;294;185;109;2319;1529;790;182;111;71;2501;1640;861;2020
------;Straftaten insgesamt;8222000;Mannheim;insg.;4422;2564;1858;41;25;16;198;110;88;239;135;104;274;153;121;328;189;139;3310;1925;1385;271;162;109;3581;2087;1494;2020
------;Straftaten insgesamt;5170024;Moers;insg.;1352;712;640;36;21;15;85;43;42;121;64;57;112;56;56;134;63;71;888;474;414;97;55;42;985;529;456;2020
------;Straftaten insgesamt;5116000;Moenchengladbach;insg.;3956;2149;1807;37;22;15;174;86;88;211;108;103;271;147;124;332;169;163;2898;1578;1320;244;147;97;3142;1725;1417;2020
------;Straftaten insgesamt;5117000;Muelheim an der Ruhr;insg.;1770;963;807;17;9;8;101;60;41;118;69;49;154;97;57;122;58;64;1234;656;578;142;83;59;1376;739;637;2020
------;Straftaten insgesamt;9162000;Muenchen;insg.;17652;11075;6577;192;96;96;632;334;298;824;430;394;1055;619;436;1301;782;519;13465;8673;4792;1007;571;436;14472;9244;5228;2020
------;Straftaten insgesamt;5515000;Muenster;insg.;4506;2658;1848;37;25;12;256;184;72;293;209;84;310;179;131;427;235;192;3188;1869;1319;288;166;122;3476;2035;1441;2020
------;Straftaten insgesamt;5162024;Neuss;insg.;1950;1067;883;30;11;19;96;46;50;126;57;69;160;98;62;182;106;76;1353;732;621;129;74;55;1482;806;676;2020
------;Straftaten insgesamt;9564000;Nuernberg;insg.;7758;4876;2882;67;30;37;376;201;175;443;231;212;467;246;221;598;362;236;5849;3791;2058;401;246;155;6250;4037;2213;2020
------;Straftaten insgesamt;5119000;Oberhausen;insg.;2796;1471;1325;28;10;18;173;96;77;201;106;95;244;127;117;234;134;100;1934;1009;925;183;95;88;2117;1104;1013;2020
------;Straftaten insgesamt;6413000;Offenbach am Main;insg.;1436;741;695;16;6;10;85;43;42;101;49;52;107;51;56;89;42;47;1058;555;503;81;44;37;1139;599;540;2020
------;Straftaten insgesamt;3403000;Oldenburg (Oldenburg);insg.;2338;1352;986;24;12;12;117;50;67;141;62;79;170;84;86;216;124;92;1674;1006;668;137;76;61;1811;1082;729;2020
------;Straftaten insgesamt;3404000;Osnabrueck;insg.;2923;1720;1203;27;13;14;121;57;64;148;70;78;238;116;122;219;120;99;2134;1326;808;184;88;96;2318;1414;904;2020
------;Straftaten insgesamt;5774032;Paderborn;insg.;2267;1391;876;29;21;8;89;44;45;118;65;53;183;113;70;203;122;81;1629;1004;625;134;87;47;1763;1091;672;2020
------;Straftaten insgesamt;8231000;Pforzheim;insg.;2102;1282;820;27;19;8;105;65;40;132;84;48;169;95;74;170;97;73;1526;941;585;105;65;40;1631;1006;625;2020
------;Straftaten insgesamt;12054000;Potsdam;insg.;2403;1418;985;27;10;17;182;95;87;209;105;104;187;101;86;188;125;63;1654;1002;652;165;85;80;1819;1087;732;2020
------;Straftaten insgesamt;5562032;Recklinghausen;insg.;2085;1217;868;9;6;3;117;72;45;126;78;48;129;73;56;145;87;58;1537;897;640;148;82;66;1685;979;706;2020
------;Straftaten insgesamt;9362000;Regensburg;insg.;2176;1384;792;14;9;5;76;41;35;90;50;40;146;95;51;211;140;71;1611;1034;577;118;65;53;1729;1099;630;2020
------;Straftaten insgesamt;5120000;Remscheid;insg.;1542;859;683;19;10;9;97;58;39;116;68;48;134;79;55;136;82;54;1062;573;489;94;57;37;1156;630;526;2020
------;Straftaten insgesamt;8415061;Reutlingen;insg.;1555;986;569;12;7;5;79;40;39;91;47;44;151;99;52;164;96;68;1072;703;369;77;41;36;1149;744;405;2020
------;Straftaten insgesamt;13003000;Rostock;insg.;3100;1830;1270;67;38;29;253;128;125;320;166;154;274;141;133;238;138;100;2072;1268;804;196;117;79;2268;1385;883;2020
------;Straftaten insgesamt;10041100;Saarbruecken;insg.;4602;2803;1799;22;15;7;198;106;92;220;121;99;301;178;123;357;198;159;3385;2104;1281;339;202;137;3724;2306;1418;2020
------;Straftaten insgesamt;3102000;Salzgitter;insg.;1691;974;717;18;7;11;126;79;47;144;86;58;179;116;63;129;75;54;1164;653;511;75;44;31;1239;697;542;2020
------;Straftaten insgesamt;13004000;Schwerin;insg.;1813;1106;707;29;17;12;137;90;47;166;107;59;155;75;80;164;101;63;1205;756;449;123;67;56;1328;823;505;2020
------;Straftaten insgesamt;5970040;Siegen;insg.;1789;1050;739;9;7;2;86;45;41;95;52;43;136;63;73;179;111;68;1298;773;525;81;51;30;1379;824;555;2020
------;Straftaten insgesamt;5122000;Solingen;insg.;2072;1085;987;25;5;20;131;83;48;156;88;68;181;106;75;178;87;91;1398;712;686;159;92;67;1557;804;753;2020
------;Straftaten insgesamt;8111000;Stuttgart;insg.;12332;8070;4262;103;70;33;443;224;219;546;294;252;687;353;334;1136;756;380;9341;6303;3038;622;364;258;9963;6667;3296;2020
------;Straftaten insgesamt;7211000;Trier;insg.;1879;1159;720;5;3;2;48;21;27;53;24;29;139;84;55;212;133;79;1374;860;514;101;58;43;1475;918;557;2020
------;Straftaten insgesamt;8421000;Ulm;insg.;1703;1029;674;17;10;7;82;35;47;99;45;54;107;60;47;130;78;52;1265;788;477;102;58;44;1367;846;521;2020
------;Straftaten insgesamt;6414000;Wiesbaden;insg.;4362;2404;1958;49;25;24;200;99;101;249;124;125;305;169;136;397;250;147;3125;1701;1424;286;160;126;3411;1861;1550;2020
------;Straftaten insgesamt;3103000;Wolfsburg;insg.;1576;918;658;26;11;15;99;54;45;125;65;60;115;61;54;115;61;54;1113;665;448;108;66;42;1221;731;490;2020
------;Straftaten insgesamt;5124000;Wuppertal;insg.;6463;3657;2806;52;32;20;366;209;157;418;241;177;555;333;222;542;309;233;4540;2532;2008;408;242;166;4948;2774;2174;2020
------;Straftaten insgesamt;9663000;Wuerzburg;insg.;1729;1059;670;20;12;8;61;32;29;81;44;37;117;65;52;202;125;77;1225;765;460;104;60;44;1329;825;504;2020
111000;Vergewaltigung und sexuelle Noetigung;5334002;Aachen;insg.;66;7;59;0;0;0;3;0;3;3;0;3;5;0;5;17;0;17;41;7;34;0;0;0;41;7;34;2020
111000;Vergewaltigung und sexuelle Noetigung;9761000;Augsburg;insg.;43;5;38;0;0;0;1;0;1;1;0;1;8;1;7;6;1;5;27;3;24;1;0;1;28;3;25;2020
111000;Vergewaltigung und sexuelle Noetigung;5378004;Bergisch Gladbach;insg.;20;0;20;0;0;0;2;0;2;2;0;2;6;0;6;1;0;1;10;0;10;1;0;1;11;0;11;2020
111000;Vergewaltigung und sexuelle Noetigung;11000000;Berlin;insg.;898;75;823;1;0;1;19;2;17;20;2;18;170;4;166;106;11;95;581;56;525;21;2;19;602;58;544;2020
111000;Vergewaltigung und sexuelle Noetigung;5711000;Bielefeld;insg.;73;6;67;2;1;1;1;0;1;3;1;2;12;0;12;10;2;8;43;3;40;5;0;5;48;3;45;2020
111000;Vergewaltigung und sexuelle Noetigung;5911000;Bochum;insg.;59;4;55;0;0;0;1;1;0;1;1;0;9;0;9;7;1;6;37;2;35;5;0;5;42;2;40;2020
111000;Vergewaltigung und sexuelle Noetigung;5314000;Bonn;insg.;66;4;62;1;1;0;2;1;1;3;2;1;11;0;11;11;0;11;40;2;38;1;0;1;41;2;39;2020
111000;Vergewaltigung und sexuelle Noetigung;5512000;Bottrop;insg.;13;0;13;0;0;0;0;0;0;0;0;0;8;0;8;4;0;4;1;0;1;0;0;0;1;0;1;2020
111000;Vergewaltigung und sexuelle Noetigung;3101000;Braunschweig;insg.;31;1;30;0;0;0;4;1;3;4;1;3;8;0;8;6;0;6;13;0;13;0;0;0;13;0;13;2020
111000;Vergewaltigung und sexuelle Noetigung;4011000;Bremen;insg.;110;7;103;0;0;0;0;0;0;0;0;0;14;0;14;17;0;17;70;7;63;9;0;9;79;7;72;2020
111000;Vergewaltigung und sexuelle Noetigung;4012000;Bremerhaven;insg.;24;1;23;0;0;0;0;0;0;0;0;0;6;0;6;4;0;4;14;1;13;0;0;0;14;1;13;2020
111000;Vergewaltigung und sexuelle Noetigung;14511000;Chemnitz;insg.;39;1;38;0;0;0;0;0;0;0;0;0;12;0;12;5;0;5;21;1;20;1;0;1;22;1;21;2020
111000;Vergewaltigung und sexuelle Noetigung;6411000;Darmstadt;insg.;18;1;17;0;0;0;0;0;0;0;0;0;4;1;3;2;0;2;12;0;12;0;0;0;12;0;12;2020
111000;Vergewaltigung und sexuelle Noetigung;5913000;Dortmund;insg.;106;5;101;2;2;0;5;0;5;7;2;5;17;0;17;24;1;23;55;2;53;3;0;3;58;2;56;2020
111000;Vergewaltigung und sexuelle Noetigung;14612000;Dresden;insg.;56;3;53;0;0;0;1;1;0;1;1;0;13;1;12;8;0;8;33;1;32;1;0;1;34;1;33;2020
111000;Vergewaltigung und sexuelle Noetigung;5112000;Duisburg;insg.;81;0;81;0;0;0;4;0;4;4;0;4;19;0;19;16;0;16;42;0;42;0;0;0;42;0;42;2020
111000;Vergewaltigung und sexuelle Noetigung;5111000;Duesseldorf;insg.;131;5;126;0;0;0;2;0;2;2;0;2;31;0;31;15;0;15;81;4;77;2;1;1;83;5;78;2020
111000;Vergewaltigung und sexuelle Noetigung;16051000;Erfurt;insg.;17;0;17;0;0;0;0;0;0;0;0;0;8;0;8;3;0;3;6;0;6;0;0;0;6;0;6;2020
111000;Vergewaltigung und sexuelle Noetigung;9562000;Erlangen;insg.;18;1;17;0;0;0;0;0;0;0;0;0;5;0;5;4;0;4;9;1;8;0;0;0;9;1;8;2020
111000;Vergewaltigung und sexuelle Noetigung;5113000;Essen;insg.;101;7;94;0;0;0;1;0;1;1;0;1;17;0;17;10;1;9;71;6;65;2;0;2;73;6;67;2020
111000;Vergewaltigung und sexuelle Noetigung;6412000;Frankfurt am Main;insg.;98;2;96;0;0;0;1;0;1;1;0;1;11;0;11;18;0;18;66;2;64;2;0;2;68;2;66;2020
111000;Vergewaltigung und sexuelle Noetigung;8311000;Freiburg im Breisgau;insg.;29;2;27;0;0;0;0;0;0;0;0;0;5;1;4;6;0;6;18;1;17;0;0;0;18;1;17;2020
111000;Vergewaltigung und sexuelle Noetigung;9563000;Fuerth;insg.;8;0;8;0;0;0;1;0;1;1;0;1;2;0;2;1;0;1;4;0;4;0;0;0;4;0;4;2020
111000;Vergewaltigung und sexuelle Noetigung;5513000;Gelsenkirchen;insg.;30;0;30;0;0;0;1;0;1;1;0;1;7;0;7;4;0;4;16;0;16;2;0;2;18;0;18;2020
111000;Vergewaltigung und sexuelle Noetigung;3159016;Goettingen;insg.;24;0;24;0;0;0;1;0;1;1;0;1;7;0;7;3;0;3;13;0;13;0;0;0;13;0;13;2020
111000;Vergewaltigung und sexuelle Noetigung;5754008;Guetersloh;insg.;10;2;8;0;0;0;0;0;0;0;0;0;3;0;3;3;0;3;4;2;2;0;0;0;4;2;2;2020
111000;Vergewaltigung und sexuelle Noetigung;5914000;Hagen;insg.;37;2;35;0;0;0;1;0;1;1;0;1;10;0;10;7;1;6;18;1;17;1;0;1;19;1;18;2020
111000;Vergewaltigung und sexuelle Noetigung;15002000;Halle (Saale);insg.;41;7;34;0;0;0;1;0;1;1;0;1;2;0;2;7;1;6;26;4;22;5;2;3;31;6;25;2020
111000;Vergewaltigung und sexuelle Noetigung;2000000;Hamburg;insg.;296;30;266;0;0;0;10;6;4;10;6;4;53;5;48;50;2;48;178;17;161;5;0;5;183;17;166;2020
111000;Vergewaltigung und sexuelle Noetigung;5915000;Hamm;insg.;35;1;34;0;0;0;1;0;1;1;0;1;13;0;13;2;0;2;19;1;18;0;0;0;19;1;18;2020
111000;Vergewaltigung und sexuelle Noetigung;3241001;Hannover;insg.;133;9;124;0;0;0;3;2;1;3;2;1;15;2;13;25;2;23;87;3;84;3;0;3;90;3;87;2020
111000;Vergewaltigung und sexuelle Noetigung;8221000;Heidelberg;insg.;22;1;21;0;0;0;1;0;1;1;0;1;2;0;2;7;0;7;12;1;11;0;0;0;12;1;11;2020
111000;Vergewaltigung und sexuelle Noetigung;8121000;Heilbronn;insg.;13;1;12;0;0;0;1;0;1;1;0;1;3;0;3;1;0;1;6;1;5;2;0;2;8;1;7;2020
111000;Vergewaltigung und sexuelle Noetigung;5916000;Herne;insg.;30;1;29;0;0;0;1;0;1;1;0;1;8;0;8;5;0;5;16;1;15;0;0;0;16;1;15;2020
111000;Vergewaltigung und sexuelle Noetigung;3254021;Hildesheim;insg.;17;0;17;0;0;0;0;0;0;0;0;0;2;0;2;5;0;5;9;0;9;1;0;1;10;0;10;2020
111000;Vergewaltigung und sexuelle Noetigung;9161000;Ingolstadt;insg.;13;1;12;1;0;1;0;0;0;1;0;1;4;0;4;1;0;1;7;1;6;0;0;0;7;1;6;2020
111000;Vergewaltigung und sexuelle Noetigung;16053000;Jena;insg.;7;0;7;0;0;0;0;0;0;0;0;0;1;0;1;1;0;1;5;0;5;0;0;0;5;0;5;2020
111000;Vergewaltigung und sexuelle Noetigung;7312000;Kaiserslautern;insg.;12;0;12;0;0;0;0;0;0;0;0;0;2;0;2;3;0;3;7;0;7;0;0;0;7;0;7;2020
111000;Vergewaltigung und sexuelle Noetigung;8212000;Karlsruhe;insg.;45;2;43;0;0;0;0;0;0;0;0;0;9;1;8;12;1;11;24;0;24;0;0;0;24;0;24;2020
111000;Vergewaltigung und sexuelle Noetigung;6611000;Kassel;insg.;59;2;57;0;0;0;0;0;0;0;0;0;10;0;10;10;0;10;37;2;35;2;0;2;39;2;37;2020
111000;Vergewaltigung und sexuelle Noetigung;1002000;Kiel;insg.;47;2;45;0;0;0;0;0;0;0;0;0;10;1;9;8;0;8;29;1;28;0;0;0;29;1;28;2020
111000;Vergewaltigung und sexuelle Noetigung;7111000;Koblenz;insg.;9;0;9;0;0;0;0;0;0;0;0;0;1;0;1;2;0;2;6;0;6;0;0;0;6;0;6;2020
111000;Vergewaltigung und sexuelle Noetigung;5315000;Koeln;insg.;232;17;215;0;0;0;2;0;2;2;0;2;38;0;38;36;1;35;155;15;140;1;1;0;156;16;140;2020
111000;Vergewaltigung und sexuelle Noetigung;5114000;Krefeld;insg.;40;0;40;0;0;0;0;0;0;0;0;0;8;0;8;11;0;11;21;0;21;0;0;0;21;0;21;2020
111000;Vergewaltigung und sexuelle Noetigung;14713000;Leipzig;insg.;34;1;33;0;0;0;2;0;2;2;0;2;9;1;8;7;0;7;14;0;14;2;0;2;16;0;16;2020
111000;Vergewaltigung und sexuelle Noetigung;5316000;Leverkusen;insg.;23;1;22;0;0;0;1;0;1;1;0;1;7;0;7;5;0;5;10;1;9;0;0;0;10;1;9;2020
111000;Vergewaltigung und sexuelle Noetigung;1003000;Luebeck;insg.;24;1;23;0;0;0;0;0;0;0;0;0;6;0;6;3;1;2;13;0;13;2;0;2;15;0;15;2020
111000;Vergewaltigung und sexuelle Noetigung;7314000;Ludwigshafen am Rhein;insg.;30;1;29;0;0;0;0;0;0;0;0;0;3;0;3;4;0;4;23;1;22;0;0;0;23;1;22;2020
111000;Vergewaltigung und sexuelle Noetigung;15003000;Magdeburg;insg.;37;5;32;0;0;0;0;0;0;0;0;0;10;1;9;4;0;4;23;4;19;0;0;0;23;4;19;2020
111000;Vergewaltigung und sexuelle Noetigung;7315000;Mainz;insg.;28;1;27;0;0;0;0;0;0;0;0;0;5;0;5;4;0;4;19;1;18;0;0;0;19;1;18;2020
111000;Vergewaltigung und sexuelle Noetigung;8222000;Mannheim;insg.;43;1;42;0;0;0;0;0;0;0;0;0;10;0;10;3;0;3;30;1;29;0;0;0;30;1;29;2020
111000;Vergewaltigung und sexuelle Noetigung;5170024;Moers;insg.;7;0;7;0;0;0;0;0;0;0;0;0;2;0;2;4;0;4;1;0;1;0;0;0;1;0;1;2020
111000;Vergewaltigung und sexuelle Noetigung;5116000;Moenchengladbach;insg.;52;2;50;1;0;1;0;0;0;1;0;1;13;0;13;9;0;9;29;2;27;0;0;0;29;2;27;2020
111000;Vergewaltigung und sexuelle Noetigung;5117000;Muelheim an der Ruhr;insg.;23;0;23;0;0;0;0;0;0;0;0;0;6;0;6;5;0;5;11;0;11;1;0;1;12;0;12;2020
111000;Vergewaltigung und sexuelle Noetigung;9162000;Muenchen;insg.;293;12;281;0;0;0;1;0;1;1;0;1;51;2;49;47;1;46;192;9;183;2;0;2;194;9;185;2020
111000;Vergewaltigung und sexuelle Noetigung;5515000;Muenster;insg.;45;2;43;0;0;0;1;0;1;1;0;1;6;1;5;6;0;6;31;1;30;1;0;1;32;1;31;2020
111000;Vergewaltigung und sexuelle Noetigung;5162024;Neuss;insg.;18;2;16;0;0;0;0;0;0;0;0;0;3;0;3;5;2;3;10;0;10;0;0;0;10;0;10;2020
111000;Vergewaltigung und sexuelle Noetigung;9564000;Nuernberg;insg.;42;1;41;0;0;0;0;0;0;0;0;0;6;0;6;10;0;10;26;1;25;0;0;0;26;1;25;2020
111000;Vergewaltigung und sexuelle Noetigung;5119000;Oberhausen;insg.;19;0;19;0;0;0;1;0;1;1;0;1;1;0;1;4;0;4;13;0;13;0;0;0;13;0;13;2020
111000;Vergewaltigung und sexuelle Noetigung;6413000;Offenbach am Main;insg.;17;0;17;0;0;0;0;0;0;0;0;0;2;0;2;3;0;3;11;0;11;1;0;1;12;0;12;2020
111000;Vergewaltigung und sexuelle Noetigung;3403000;Oldenburg (Oldenburg);insg.;24;0;24;0;0;0;1;0;1;1;0;1;6;0;6;6;0;6;10;0;10;1;0;1;11;0;11;2020
111000;Vergewaltigung und sexuelle Noetigung;3404000;Osnabrueck;insg.;37;3;34;0;0;0;1;0;1;1;0;1;16;2;14;2;0;2;18;1;17;0;0;0;18;1;17;2020
111000;Vergewaltigung und sexuelle Noetigung;5774032;Paderborn;insg.;24;2;22;0;0;0;0;0;0;0;0;0;3;0;3;6;0;6;15;2;13;0;0;0;15;2;13;2020
111000;Vergewaltigung und sexuelle Noetigung;8231000;Pforzheim;insg.;24;1;23;0;0;0;0;0;0;0;0;0;5;0;5;4;1;3;15;0;15;0;0;0;15;0;15;2020
111000;Vergewaltigung und sexuelle Noetigung;12054000;Potsdam;insg.;24;1;23;0;0;0;0;0;0;0;0;0;6;0;6;2;0;2;16;1;15;0;0;0;16;1;15;2020
111000;Vergewaltigung und sexuelle Noetigung;5562032;Recklinghausen;insg.;12;3;9;0;0;0;0;0;0;0;0;0;1;1;0;2;0;2;9;2;7;0;0;0;9;2;7;2020
111000;Vergewaltigung und sexuelle Noetigung;9362000;Regensburg;insg.;21;0;21;0;0;0;0;0;0;0;0;0;6;0;6;2;0;2;13;0;13;0;0;0;13;0;13;2020
111000;Vergewaltigung und sexuelle Noetigung;5120000;Remscheid;insg.;16;1;15;0;0;0;0;0;0;0;0;0;4;0;4;3;0;3;9;1;8;0;0;0;9;1;8;2020
111000;Vergewaltigung und sexuelle Noetigung;8415061;Reutlingen;insg.;8;0;8;0;0;0;0;0;0;0;0;0;2;0;2;3;0;3;3;0;3;0;0;0;3;0;3;2020
111000;Vergewaltigung und sexuelle Noetigung;13003000;Rostock;insg.;33;3;30;0;0;0;0;0;0;0;0;0;9;1;8;7;2;5;15;0;15;2;0;2;17;0;17;2020
111000;Vergewaltigung und sexuelle Noetigung;10041100;Saarbruecken;insg.;20;2;18;0;0;0;0;0;0;0;0;0;1;0;1;4;1;3;15;1;14;0;0;0;15;1;14;2020
111000;Vergewaltigung und sexuelle Noetigung;3102000;Salzgitter;insg.;20;2;18;0;0;0;0;0;0;0;0;0;5;1;4;7;0;7;8;1;7;0;0;0;8;1;7;2020
111000;Vergewaltigung und sexuelle Noetigung;13004000;Schwerin;insg.;9;0;9;0;0;0;0;0;0;0;0;0;2;0;2;1;0;1;6;0;6;0;0;0;6;0;6;2020
111000;Vergewaltigung und sexuelle Noetigung;5970040;Siegen;insg.;19;1;18;0;0;0;0;0;0;0;0;0;4;0;4;3;0;3;12;1;11;0;0;0;12;1;11;2020
111000;Vergewaltigung und sexuelle Noetigung;5122000;Solingen;insg.;24;0;24;0;0;0;0;0;0;0;0;0;4;0;4;4;0;4;15;0;15;1;0;1;16;0;16;2020
111000;Vergewaltigung und sexuelle Noetigung;8111000;Stuttgart;insg.;101;6;95;0;0;0;4;1;3;4;1;3;20;1;19;15;2;13;62;2;60;0;0;0;62;2;60;2020
111000;Vergewaltigung und sexuelle Noetigung;7211000;Trier;insg.;20;1;19;0;0;0;0;0;0;0;0;0;6;0;6;3;1;2;11;0;11;0;0;0;11;0;11;2020
111000;Vergewaltigung und sexuelle Noetigung;8421000;Ulm;insg.;15;1;14;0;0;0;0;0;0;0;0;0;3;0;3;1;0;1;11;1;10;0;0;0;11;1;10;2020
111000;Vergewaltigung und sexuelle Noetigung;6414000;Wiesbaden;insg.;44;2;42;0;0;0;0;0;0;0;0;0;7;1;6;7;0;7;29;1;28;1;0;1;30;1;29;2020
111000;Vergewaltigung und sexuelle Noetigung;3103000;Wolfsburg;insg.;11;0;11;0;0;0;0;0;0;0;0;0;4;0;4;1;0;1;6;0;6;0;0;0;6;0;6;2020
111000;Vergewaltigung und sexuelle Noetigung;5124000;Wuppertal;insg.;61;2;59;0;0;0;4;1;3;4;1;3;19;0;19;8;0;8;30;1;29;0;0;0;30;1;29;2020
111000;Vergewaltigung und sexuelle Noetigung;9663000;Wuerzburg;insg.;34;1;33;0;0;0;0;0;0;0;0;0;1;0;1;8;0;8;25;1;24;0;0;0;25;1;24;2020
210000;Raub, raeuberische Erpressung und raeuberischer Angriff auf Kraftfahrer;5334002;Aachen;insg.;234;169;65;0;0;0;3;2;1;3;2;1;15;12;3;21;20;1;169;121;48;26;14;12;195;135;60;2020
210000;Raub, raeuberische Erpressung und raeuberischer Angriff auf Kraftfahrer;9761000;Augsburg;insg.;134;96;38;0;0;0;19;19;0;19;19;0;11;10;1;14;10;4;78;55;23;12;2;10;90;57;33;2020
210000;Raub, raeuberische Erpressung und raeuberischer Angriff auf Kraftfahrer;5378004;Bergisch Gladbach;insg.;39;27;12;0;0;0;1;0;1;1;0;1;10;8;2;5;5;0;21;13;8;2;1;1;23;14;9;2020
210000;Raub, raeuberische Erpressung und raeuberischer Angriff auf Kraftfahrer;11000000;Berlin;insg.;5172;3989;1183;4;1;3;300;263;37;304;264;40;873;798;75;529;462;67;3032;2259;773;434;206;228;3466;2465;1001;2020
210000;Raub, raeuberische Erpressung und raeuberischer Angriff auf Kraftfahrer;5711000;Bielefeld;insg.;250;199;51;0;0;0;5;3;2;5;3;2;23;22;1;33;29;4;176;140;36;13;5;8;189;145;44;2020
210000;Raub, raeuberische Erpressung und raeuberischer Angriff auf Kraftfahrer;5911000;Bochum;insg.;197;146;51;0;0;0;3;2;1;3;2;1;21;20;1;26;22;4;128;91;37;19;11;8;147;102;45;2020
210000;Raub, raeuberische Erpressung und raeuberischer Angriff auf Kraftfahrer;5314000;Bonn;insg.;331;272;59;0;0;0;22;20;2;22;20;2;42;41;1;35;26;9;207;165;42;25;20;5;232;185;47;2020
210000;Raub, raeuberische Erpressung und raeuberischer Angriff auf Kraftfahrer;5512000;Bottrop;insg.;80;55;25;0;0;0;2;1;1;2;1;1;7;5;2;6;5;1;55;38;17;10;6;4;65;44;21;2020
210000;Raub, raeuberische Erpressung und raeuberischer Angriff auf Kraftfahrer;3101000;Braunschweig;insg.;116;80;36;0;0;0;1;1;0;1;1;0;10;9;1;15;10;5;78;54;24;12;6;6;90;60;30;2020
210000;Raub, raeuberische Erpressung und raeuberischer Angriff auf Kraftfahrer;4011000;Bremen;insg.;715;505;210;0;0;0;24;22;2;24;22;2;55;49;6;57;46;11;486;338;148;93;50;43;579;388;191;2020
210000;Raub, raeuberische Erpressung und raeuberischer Angriff auf Kraftfahrer;4012000;Bremerhaven;insg.;137;95;42;0;0;0;4;3;1;4;3;1;6;6;0;15;8;7;96;68;28;16;10;6;112;78;34;2020
210000;Raub, raeuberische Erpressung und raeuberischer Angriff auf Kraftfahrer;14511000;Chemnitz;insg.;193;152;41;0;0;0;4;2;2;4;2;2;20;17;3;26;24;2;128;98;30;15;11;4;143;109;34;2020
210000;Raub, raeuberische Erpressung und raeuberischer Angriff auf Kraftfahrer;6411000;Darmstadt;insg.;91;78;13;0;0;0;3;2;1;3;2;1;10;10;0;10;10;0;59;49;10;9;7;2;68;56;12;2020
210000;Raub, raeuberische Erpressung und raeuberischer Angriff auf Kraftfahrer;5913000;Dortmund;insg.;697;564;133;0;0;0;22;20;2;22;20;2;126;114;12;103;90;13;399;314;85;47;26;21;446;340;106;2020
210000;Raub, raeuberische Erpressung und raeuberischer Angriff auf Kraftfahrer;14612000;Dresden;insg.;380;310;70;0;0;0;30;24;6;30;24;6;49;43;6;39;34;5;243;200;43;19;9;10;262;209;53;2020
210000;Raub, raeuberische Erpressung und raeuberischer Angriff auf Kraftfahrer;5112000;Duisburg;insg.;458;288;170;1;0;1;32;26;6;33;26;7;52;46;6;49;32;17;277;163;114;47;21;26;324;184;140;2020
210000;Raub, raeuberische Erpressung und raeuberischer Angriff auf Kraftfahrer;5111000;Duesseldorf;insg.;657;514;143;1;1;0;21;18;3;22;19;3;100;92;8;77;68;9;407;305;102;51;30;21;458;335;123;2020
210000;Raub, raeuberische Erpressung und raeuberischer Angriff auf Kraftfahrer;16051000;Erfurt;insg.;197;151;46;0;0;0;7;4;3;7;4;3;26;23;3;23;19;4;133;99;34;8;6;2;141;105;36;2020
210000;Raub, raeuberische Erpressung und raeuberischer Angriff auf Kraftfahrer;9562000;Erlangen;insg.;23;16;7;0;0;0;1;0;1;1;0;1;3;3;0;6;4;2;13;9;4;0;0;0;13;9;4;2020
210000;Raub, raeuberische Erpressung und raeuberischer Angriff auf Kraftfahrer;5113000;Essen;insg.;498;359;139;0;0;0;33;28;5;33;28;5;64;57;7;36;29;7;308;215;93;57;30;27;365;245;120;2020
210000;Raub, raeuberische Erpressung und raeuberischer Angriff auf Kraftfahrer;6412000;Frankfurt am Main;insg.;977;805;172;0;0;0;36;31;5;36;31;5;75;68;7;75;66;9;715;595;120;76;45;31;791;640;151;2020
210000;Raub, raeuberische Erpressung und raeuberischer Angriff auf Kraftfahrer;8311000;Freiburg im Breisgau;insg.;155;121;34;1;1;0;3;2;1;4;3;1;14;11;3;28;23;5;98;76;22;11;8;3;109;84;25;2020
210000;Raub, raeuberische Erpressung und raeuberischer Angriff auf Kraftfahrer;9563000;Fuerth;insg.;45;33;12;0;0;0;1;1;0;1;1;0;5;5;0;3;2;1;31;22;9;5;3;2;36;25;11;2020
210000;Raub, raeuberische Erpressung und raeuberischer Angriff auf Kraftfahrer;5513000;Gelsenkirchen;insg.;237;169;68;0;0;0;16;14;2;16;14;2;28;27;1;23;19;4;141;95;46;29;14;15;170;109;61;2020
210000;Raub, raeuberische Erpressung und raeuberischer Angriff auf Kraftfahrer;3159016;Goettingen;insg.;100;74;26;0;0;0;0;0;0;0;0;0;10;10;0;9;9;0;72;51;21;9;4;5;81;55;26;2020
210000;Raub, raeuberische Erpressung und raeuberischer Angriff auf Kraftfahrer;5754008;Guetersloh;insg.;65;46;19;0;0;0;5;5;0;5;5;0;8;8;0;6;6;0;40;24;16;6;3;3;46;27;19;2020
210000;Raub, raeuberische Erpressung und raeuberischer Angriff auf Kraftfahrer;5914000;Hagen;insg.;192;152;40;0;0;0;13;13;0;13;13;0;19;16;3;12;7;5;134;105;29;14;11;3;148;116;32;2020
210000;Raub, raeuberische Erpressung und raeuberischer Angriff auf Kraftfahrer;15002000;Halle (Saale);insg.;264;195;69;0;0;0;19;19;0;19;19;0;47;46;1;27;24;3;155;98;57;16;8;8;171;106;65;2020
210000;Raub, raeuberische Erpressung und raeuberischer Angriff auf Kraftfahrer;2000000;Hamburg;insg.;1818;1413;405;1;1;0;56;53;3;57;54;3;160;138;22;189;173;16;1234;943;291;178;105;73;1412;1048;364;2020
210000;Raub, raeuberische Erpressung und raeuberischer Angriff auf Kraftfahrer;5915000;Hamm;insg.;173;123;50;0;0;0;9;6;3;9;6;3;16;11;5;17;13;4;115;86;29;16;7;9;131;93;38;2020
210000;Raub, raeuberische Erpressung und raeuberischer Angriff auf Kraftfahrer;3241001;Hannover;insg.;788;629;159;1;1;0;13;12;1;14;13;1;62;55;7;66;59;7;576;469;107;70;33;37;646;502;144;2020
210000;Raub, raeuberische Erpressung und raeuberischer Angriff auf Kraftfahrer;8221000;Heidelberg;insg.;61;46;15;0;0;0;1;1;0;1;1;0;6;6;0;6;5;1;43;30;13;5;4;1;48;34;14;2020
210000;Raub, raeuberische Erpressung und raeuberischer Angriff auf Kraftfahrer;8121000;Heilbronn;insg.;49;36;13;0;0;0;1;1;0;1;1;0;2;1;1;2;2;0;40;31;9;4;1;3;44;32;12;2020
210000;Raub, raeuberische Erpressung und raeuberischer Angriff auf Kraftfahrer;5916000;Herne;insg.;100;74;26;0;0;0;5;5;0;5;5;0;14;13;1;12;12;0;51;35;16;18;9;9;69;44;25;2020
210000;Raub, raeuberische Erpressung und raeuberischer Angriff auf Kraftfahrer;3254021;Hildesheim;insg.;69;48;21;0;0;0;3;3;0;3;3;0;3;3;0;12;8;4;47;32;15;4;2;2;51;34;17;2020
210000;Raub, raeuberische Erpressung und raeuberischer Angriff auf Kraftfahrer;9161000;Ingolstadt;insg.;37;24;13;0;0;0;0;0;0;0;0;0;1;1;0;4;4;0;28;16;12;4;3;1;32;19;13;2020
210000;Raub, raeuberische Erpressung und raeuberischer Angriff auf Kraftfahrer;16053000;Jena;insg.;59;48;11;0;0;0;0;0;0;0;0;0;3;3;0;11;10;1;42;33;9;3;2;1;45;35;10;2020
210000;Raub, raeuberische Erpressung und raeuberischer Angriff auf Kraftfahrer;7312000;Kaiserslautern;insg.;75;54;21;0;0;0;1;1;0;1;1;0;3;2;1;6;5;1;51;38;13;14;8;6;65;46;19;2020
210000;Raub, raeuberische Erpressung und raeuberischer Angriff auf Kraftfahrer;8212000;Karlsruhe;insg.;170;127;43;1;1;0;5;5;0;6;6;0;12;8;4;14;9;5;117;91;26;21;13;8;138;104;34;2020
210000;Raub, raeuberische Erpressung und raeuberischer Angriff auf Kraftfahrer;6611000;Kassel;insg.;189;135;54;2;2;0;11;10;1;13;12;1;22;19;3;12;8;4;122;85;37;20;11;9;142;96;46;2020
210000;Raub, raeuberische Erpressung und raeuberischer Angriff auf Kraftfahrer;1002000;Kiel;insg.;256;190;66;0;0;0;3;3;0;3;3;0;24;23;1;21;18;3;173;131;42;35;15;20;208;146;62;2020
210000;Raub, raeuberische Erpressung und raeuberischer Angriff auf Kraftfahrer;7111000;Koblenz;insg.;71;50;21;0;0;0;1;1;0;1;1;0;5;5;0;6;4;2;55;39;16;4;1;3;59;40;19;2020
210000;Raub, raeuberische Erpressung und raeuberischer Angriff auf Kraftfahrer;5315000;Koeln;insg.;1153;865;288;0;0;0;47;41;6;47;41;6;152;125;27;112;98;14;738;540;198;104;61;43;842;601;241;2020
210000;Raub, raeuberische Erpressung und raeuberischer Angriff auf Kraftfahrer;5114000;Krefeld;insg.;211;154;57;0;0;0;10;9;1;10;9;1;19;15;4;17;13;4;146;105;41;19;12;7;165;117;48;2020
210000;Raub, raeuberische Erpressung und raeuberischer Angriff auf Kraftfahrer;14713000;Leipzig;insg.;520;420;100;0;0;0;19;14;5;19;14;5;90;82;8;61;50;11;311;248;63;39;26;13;350;274;76;2020
210000;Raub, raeuberische Erpressung und raeuberischer Angriff auf Kraftfahrer;5316000;Leverkusen;insg.;94;62;32;0;0;0;1;1;0;1;1;0;14;13;1;15;10;5;61;37;24;3;1;2;64;38;26;2020
210000;Raub, raeuberische Erpressung und raeuberischer Angriff auf Kraftfahrer;1003000;Luebeck;insg.;156;115;41;0;0;0;1;1;0;1;1;0;13;13;0;8;4;4;116;88;28;18;9;9;134;97;37;2020
210000;Raub, raeuberische Erpressung und raeuberischer Angriff auf Kraftfahrer;7314000;Ludwigshafen am Rhein;insg.;157;135;22;0;0;0;24;22;2;24;22;2;26;23;3;21;20;1;75;63;12;11;7;4;86;70;16;2020
210000;Raub, raeuberische Erpressung und raeuberischer Angriff auf Kraftfahrer;15003000;Magdeburg;insg.;251;187;64;1;0;1;15;14;1;16;14;2;51;46;5;36;31;5;131;87;44;17;9;8;148;96;52;2020
210000;Raub, raeuberische Erpressung und raeuberischer Angriff auf Kraftfahrer;7315000;Mainz;insg.;108;90;18;0;0;0;3;3;0;3;3;0;17;16;1;8;8;0;70;56;14;10;7;3;80;63;17;2020
210000;Raub, raeuberische Erpressung und raeuberischer Angriff auf Kraftfahrer;8222000;Mannheim;insg.;188;138;50;0;0;0;10;9;1;10;9;1;17;16;1;16;13;3;129;94;35;16;6;10;145;100;45;2020
210000;Raub, raeuberische Erpressung und raeuberischer Angriff auf Kraftfahrer;5170024;Moers;insg.;56;38;18;0;0;0;4;4;0;4;4;0;10;6;4;7;7;0;26;14;12;9;7;2;35;21;14;2020
210000;Raub, raeuberische Erpressung und raeuberischer Angriff auf Kraftfahrer;5116000;Moenchengladbach;insg.;210;156;54;0;0;0;7;5;2;7;5;2;33;30;3;16;14;2;137;97;40;17;10;7;154;107;47;2020
210000;Raub, raeuberische Erpressung und raeuberischer Angriff auf Kraftfahrer;5117000;Muelheim an der Ruhr;insg.;87;60;27;0;0;0;10;9;1;10;9;1;13;10;3;10;8;2;46;31;15;8;2;6;54;33;21;2020
210000;Raub, raeuberische Erpressung und raeuberischer Angriff auf Kraftfahrer;9162000;Muenchen;insg.;551;411;140;1;1;0;8;8;0;9;9;0;45;36;9;57;48;9;399;297;102;41;21;20;440;318;122;2020
210000;Raub, raeuberische Erpressung und raeuberischer Angriff auf Kraftfahrer;5515000;Muenster;insg.;208;165;43;0;0;0;8;6;2;8;6;2;24;23;1;30;25;5;128;101;27;18;10;8;146;111;35;2020
210000;Raub, raeuberische Erpressung und raeuberischer Angriff auf Kraftfahrer;5162024;Neuss;insg.;127;95;32;0;0;0;8;7;1;8;7;1;27;24;3;13;10;3;70;50;20;9;4;5;79;54;25;2020
210000;Raub, raeuberische Erpressung und raeuberischer Angriff auf Kraftfahrer;9564000;Nuernberg;insg.;218;157;61;0;0;0;15;15;0;15;15;0;12;7;5;14;11;3;158;118;40;19;6;13;177;124;53;2020
210000;Raub, raeuberische Erpressung und raeuberischer Angriff auf Kraftfahrer;5119000;Oberhausen;insg.;161;111;50;0;0;0;13;11;2;13;11;2;23;20;3;19;17;2;92;60;32;14;3;11;106;63;43;2020
210000;Raub, raeuberische Erpressung und raeuberischer Angriff auf Kraftfahrer;6413000;Offenbach am Main;insg.;79;54;25;0;0;0;4;3;1;4;3;1;8;7;1;5;3;2;55;38;17;7;3;4;62;41;21;2020
210000;Raub, raeuberische Erpressung und raeuberischer Angriff auf Kraftfahrer;3403000;Oldenburg (Oldenburg);insg.;146;94;52;0;0;0;5;3;2;5;3;2;16;13;3;16;9;7;98;66;32;11;3;8;109;69;40;2020
210000;Raub, raeuberische Erpressung und raeuberischer Angriff auf Kraftfahrer;3404000;Osnabrueck;insg.;145;114;31;0;0;0;3;3;0;3;3;0;8;8;0;16;14;2;99;76;23;19;13;6;118;89;29;2020
210000;Raub, raeuberische Erpressung und raeuberischer Angriff auf Kraftfahrer;5774032;Paderborn;insg.;91;76;15;0;0;0;2;2;0;2;2;0;9;9;0;15;13;2;55;47;8;10;5;5;65;52;13;2020
210000;Raub, raeuberische Erpressung und raeuberischer Angriff auf Kraftfahrer;8231000;Pforzheim;insg.;61;49;12;2;2;0;0;0;0;2;2;0;9;9;0;9;7;2;38;29;9;3;2;1;41;31;10;2020
210000;Raub, raeuberische Erpressung und raeuberischer Angriff auf Kraftfahrer;12054000;Potsdam;insg.;101;87;14;0;0;0;0;0;0;0;0;0;26;25;1;18;17;1;51;44;7;6;1;5;57;45;12;2020
210000;Raub, raeuberische Erpressung und raeuberischer Angriff auf Kraftfahrer;5562032;Recklinghausen;insg.;99;55;44;0;0;0;8;6;2;8;6;2;7;5;2;9;6;3;58;34;24;17;4;13;75;38;37;2020
210000;Raub, raeuberische Erpressung und raeuberischer Angriff auf Kraftfahrer;9362000;Regensburg;insg.;61;50;11;0;0;0;0;0;0;0;0;0;11;10;1;12;9;3;36;29;7;2;2;0;38;31;7;2020
210000;Raub, raeuberische Erpressung und raeuberischer Angriff auf Kraftfahrer;5120000;Remscheid;insg.;51;39;12;0;0;0;3;3;0;3;3;0;5;5;0;7;7;0;28;18;10;8;6;2;36;24;12;2020
210000;Raub, raeuberische Erpressung und raeuberischer Angriff auf Kraftfahrer;8415061;Reutlingen;insg.;44;37;7;0;0;0;2;2;0;2;2;0;8;8;0;7;6;1;27;21;6;0;0;0;27;21;6;2020
210000;Raub, raeuberische Erpressung und raeuberischer Angriff auf Kraftfahrer;13003000;Rostock;insg.;151;115;36;0;0;0;5;4;1;5;4;1;19;18;1;15;14;1;103;73;30;9;6;3;112;79;33;2020
210000;Raub, raeuberische Erpressung und raeuberischer Angriff auf Kraftfahrer;10041100;Saarbruecken;insg.;244;185;59;0;0;0;5;3;2;5;3;2;20;17;3;24;20;4;165;124;41;30;21;9;195;145;50;2020
210000;Raub, raeuberische Erpressung und raeuberischer Angriff auf Kraftfahrer;3102000;Salzgitter;insg.;64;43;21;0;0;0;1;1;0;1;1;0;14;14;0;7;7;0;36;18;18;6;3;3;42;21;21;2020
210000;Raub, raeuberische Erpressung und raeuberischer Angriff auf Kraftfahrer;13004000;Schwerin;insg.;67;43;24;0;0;0;2;0;2;2;0;2;1;0;1;8;7;1;45;31;14;11;5;6;56;36;20;2020
210000;Raub, raeuberische Erpressung und raeuberischer Angriff auf Kraftfahrer;5970040;Siegen;insg.;66;45;21;0;0;0;0;0;0;0;0;0;7;6;1;7;5;2;49;32;17;3;2;1;52;34;18;2020
210000;Raub, raeuberische Erpressung und raeuberischer Angriff auf Kraftfahrer;5122000;Solingen;insg.;89;70;19;0;0;0;10;9;1;10;9;1;12;11;1;8;7;1;56;41;15;3;2;1;59;43;16;2020
210000;Raub, raeuberische Erpressung und raeuberischer Angriff auf Kraftfahrer;8111000;Stuttgart;insg.;577;416;161;0;0;0;12;7;5;12;7;5;35;28;7;57;48;9;430;311;119;43;22;21;473;333;140;2020
210000;Raub, raeuberische Erpressung und raeuberischer Angriff auf Kraftfahrer;7211000;Trier;insg.;73;53;20;0;0;0;2;1;1;2;1;1;6;6;0;10;8;2;54;37;17;1;1;0;55;38;17;2020
210000;Raub, raeuberische Erpressung und raeuberischer Angriff auf Kraftfahrer;8421000;Ulm;insg.;70;52;18;2;2;0;3;2;1;5;4;1;7;6;1;7;7;0;47;33;14;4;2;2;51;35;16;2020
210000;Raub, raeuberische Erpressung und raeuberischer Angriff auf Kraftfahrer;6414000;Wiesbaden;insg.;155;119;36;0;0;0;7;7;0;7;7;0;27;23;4;21;19;2;89;64;25;11;6;5;100;70;30;2020
210000;Raub, raeuberische Erpressung und raeuberischer Angriff auf Kraftfahrer;3103000;Wolfsburg;insg.;56;39;17;0;0;0;2;2;0;2;2;0;7;5;2;2;1;1;42;31;11;3;0;3;45;31;14;2020
210000;Raub, raeuberische Erpressung und raeuberischer Angriff auf Kraftfahrer;5124000;Wuppertal;insg.;363;271;92;0;0;0;25;22;3;25;22;3;64;61;3;29;23;6;212;152;60;33;13;20;245;165;80;2020
210000;Raub, raeuberische Erpressung und raeuberischer Angriff auf Kraftfahrer;9663000;Wuerzburg;insg.;44;37;7;0;0;0;2;2;0;2;2;0;7;7;0;5;3;2;28;25;3;2;0;2;30;25;5;2020
211000;Raub, raeuberische Erpressung auf/gegen Geldinstitute, Postfilialen und -agenturen;5334002;Aachen;insg.;0;0;0;0;0;0;0;0;0;0;0;0;0;0;0;0;0;0;0;0;0;0;0;0;0;0;0;2020
211000;Raub, raeuberische Erpressung auf/gegen Geldinstitute, Postfilialen und -agenturen;9761000;Augsburg;insg.;1;1;0;0;0;0;0;0;0;0;0;0;0;0;0;0;0;0;1;1;0;0;0;0;1;1;0;2020
211000;Raub, raeuberische Erpressung auf/gegen Geldinstitute, Postfilialen und -agenturen;5378004;Bergisch Gladbach;insg.;0;0;0;0;0;0;0;0;0;0;0;0;0;0;0;0;0;0;0;0;0;0;0;0;0;0;0;2020
211000;Raub, raeuberische Erpressung auf/gegen Geldinstitute, Postfilialen und -agenturen;11000000;Berlin;insg.;22;12;10;0;0;0;0;0;0;0;0;0;0;0;0;0;0;0;22;12;10;0;0;0;22;12;10;2020
211000;Raub, raeuberische Erpressung auf/gegen Geldinstitute, Postfilialen und -agenturen;5711000;Bielefeld;insg.;0;0;0;0;0;0;0;0;0;0;0;0;0;0;0;0;0;0;0;0;0;0;0;0;0;0;0;2020
211000;Raub, raeuberische Erpressung auf/gegen Geldinstitute, Postfilialen und -agenturen;5911000;Bochum;insg.;0;0;0;0;0;0;0;0;0;0;0;0;0;0;0;0;0;0;0;0;0;0;0;0;0;0;0;2020
211000;Raub, raeuberische Erpressung auf/gegen Geldinstitute, Postfilialen und -agenturen;5314000;Bonn;insg.;2;0;2;0;0;0;0;0;0;0;0;0;0;0;0;0;0;0;2;0;2;0;0;0;2;0;2;2020
211000;Raub, raeuberische Erpressung auf/gegen Geldinstitute, Postfilialen und -agenturen;5512000;Bottrop;insg.;0;0;0;0;0;0;0;0;0;0;0;0;0;0;0;0;0;0;0;0;0;0;0;0;0;0;0;2020
211000;Raub, raeuberische Erpressung auf/gegen Geldinstitute, Postfilialen und -agenturen;3101000;Braunschweig;insg.;1;1;0;0;0;0;0;0;0;0;0;0;0;0;0;0;0;0;1;1;0;0;0;0;1;1;0;2020
211000;Raub, raeuberische Erpressung auf/gegen Geldinstitute, Postfilialen und -agenturen;4011000;Bremen;insg.;1;1;0;0;0;0;0;0;0;0;0;0;0;0;0;0;0;0;1;1;0;0;0;0;1;1;0;2020
211000;Raub, raeuberische Erpressung auf/gegen Geldinstitute, Postfilialen und -agenturen;4012000;Bremerhaven;insg.;0;0;0;0;0;0;0;0;0;0;0;0;0;0;0;0;0;0;0;0;0;0;0;0;0;0;0;2020
211000;Raub, raeuberische Erpressung auf/gegen Geldinstitute, Postfilialen und -agenturen;14511000;Chemnitz;insg.;1;0;1;0;0;0;0;0;0;0;0;0;0;0;0;0;0;0;1;0;1;0;0;0;1;0;1;2020
211000;Raub, raeuberische Erpressung auf/gegen Geldinstitute, Postfilialen und -agenturen;6411000;Darmstadt;insg.;0;0;0;0;0;0;0;0;0;0;0;0;0;0;0;0;0;0;0;0;0;0;0;0;0;0;0;2020
211000;Raub, raeuberische Erpressung auf/gegen Geldinstitute, Postfilialen und -agenturen;5913000;Dortmund;insg.;0;0;0;0;0;0;0;0;0;0;0;0;0;0;0;0;0;0;0;0;0;0;0;0;0;0;0;2020
211000;Raub, raeuberische Erpressung auf/gegen Geldinstitute, Postfilialen und -agenturen;14612000;Dresden;insg.;3;1;2;0;0;0;0;0;0;0;0;0;0;0;0;0;0;0;3;1;2;0;0;0;3;1;2;2020
211000;Raub, raeuberische Erpressung auf/gegen Geldinstitute, Postfilialen und -agenturen;5112000;Duisburg;insg.;1;1;0;0;0;0;0;0;0;0;0;0;0;0;0;0;0;0;1;1;0;0;0;0;1;1;0;2020
211000;Raub, raeuberische Erpressung auf/gegen Geldinstitute, Postfilialen und -agenturen;5111000;Duesseldorf;insg.;0;0;0;0;0;0;0;0;0;0;0;0;0;0;0;0;0;0;0;0;0;0;0;0;0;0;0;2020
211000;Raub, raeuberische Erpressung auf/gegen Geldinstitute, Postfilialen und -agenturen;16051000;Erfurt;insg.;1;1;0;0;0;0;0;0;0;0;0;0;0;0;0;0;0;0;1;1;0;0;0;0;1;1;0;2020
211000;Raub, raeuberische Erpressung auf/gegen Geldinstitute, Postfilialen und -agenturen;9562000;Erlangen;insg.;0;0;0;0;0;0;0;0;0;0;0;0;0;0;0;0;0;0;0;0;0;0;0;0;0;0;0;2020
211000;Raub, raeuberische Erpressung auf/gegen Geldinstitute, Postfilialen und -agenturen;5113000;Essen;insg.;0;0;0;0;0;0;0;0;0;0;0;0;0;0;0;0;0;0;0;0;0;0;0;0;0;0;0;2020
211000;Raub, raeuberische Erpressung auf/gegen Geldinstitute, Postfilialen und -agenturen;6412000;Frankfurt am Main;insg.;0;0;0;0;0;0;0;0;0;0;0;0;0;0;0;0;0;0;0;0;0;0;0;0;0;0;0;2020
211000;Raub, raeuberische Erpressung auf/gegen Geldinstitute, Postfilialen und -agenturen;8311000;Freiburg im Breisgau;insg.;0;0;0;0;0;0;0;0;0;0;0;0;0;0;0;0;0;0;0;0;0;0;0;0;0;0;0;2020
211000;Raub, raeuberische Erpressung auf/gegen Geldinstitute, Postfilialen und -agenturen;9563000;Fuerth;insg.;0;0;0;0;0;0;0;0;0;0;0;0;0;0;0;0;0;0;0;0;0;0;0;0;0;0;0;2020
211000;Raub, raeuberische Erpressung auf/gegen Geldinstitute, Postfilialen und -agenturen;5513000;Gelsenkirchen;insg.;0;0;0;0;0;0;0;0;0;0;0;0;0;0;0;0;0;0;0;0;0;0;0;0;0;0;0;2020
211000;Raub, raeuberische Erpressung auf/gegen Geldinstitute, Postfilialen und -agenturen;3159016;Goettingen;insg.;0;0;0;0;0;0;0;0;0;0;0;0;0;0;0;0;0;0;0;0;0;0;0;0;0;0;0;2020
211000;Raub, raeuberische Erpressung auf/gegen Geldinstitute, Postfilialen und -agenturen;5754008;Guetersloh;insg.;0;0;0;0;0;0;0;0;0;0;0;0;0;0;0;0;0;0;0;0;0;0;0;0;0;0;0;2020
211000;Raub, raeuberische Erpressung auf/gegen Geldinstitute, Postfilialen und -agenturen;5914000;Hagen;insg.;0;0;0;0;0;0;0;0;0;0;0;0;0;0;0;0;0;0;0;0;0;0;0;0;0;0;0;2020
211000;Raub, raeuberische Erpressung auf/gegen Geldinstitute, Postfilialen und -agenturen;15002000;Halle (Saale);insg.;1;0;1;0;0;0;0;0;0;0;0;0;0;0;0;0;0;0;1;0;1;0;0;0;1;0;1;2020
211000;Raub, raeuberische Erpressung auf/gegen Geldinstitute, Postfilialen und -agenturen;2000000;Hamburg;insg.;2;1;1;0;0;0;0;0;0;0;0;0;0;0;0;0;0;0;2;1;1;0;0;0;2;1;1;2020
211000;Raub, raeuberische Erpressung auf/gegen Geldinstitute, Postfilialen und -agenturen;5915000;Hamm;insg.;0;0;0;0;0;0;0;0;0;0;0;0;0;0;0;0;0;0;0;0;0;0;0;0;0;0;0;2020
211000;Raub, raeuberische Erpressung auf/gegen Geldinstitute, Postfilialen und -agenturen;3241001;Hannover;insg.;1;0;1;0;0;0;0;0;0;0;0;0;0;0;0;0;0;0;1;0;1;0;0;0;1;0;1;2020
211000;Raub, raeuberische Erpressung auf/gegen Geldinstitute, Postfilialen und -agenturen;8221000;Heidelberg;insg.;0;0;0;0;0;0;0;0;0;0;0;0;0;0;0;0;0;0;0;0;0;0;0;0;0;0;0;2020
211000;Raub, raeuberische Erpressung auf/gegen Geldinstitute, Postfilialen und -agenturen;8121000;Heilbronn;insg.;0;0;0;0;0;0;0;0;0;0;0;0;0;0;0;0;0;0;0;0;0;0;0;0;0;0;0;2020
211000;Raub, raeuberische Erpressung auf/gegen Geldinstitute, Postfilialen und -agenturen;5916000;Herne;insg.;0;0;0;0;0;0;0;0;0;0;0;0;0;0;0;0;0;0;0;0;0;0;0;0;0;0;0;2020
211000;Raub, raeuberische Erpressung auf/gegen Geldinstitute, Postfilialen und -agenturen;3254021;Hildesheim;insg.;0;0;0;0;0;0;0;0;0;0;0;0;0;0;0;0;0;0;0;0;0;0;0;0;0;0;0;2020
211000;Raub, raeuberische Erpressung auf/gegen Geldinstitute, Postfilialen und -agenturen;9161000;Ingolstadt;insg.;0;0;0;0;0;0;0;0;0;0;0;0;0;0;0;0;0;0;0;0;0;0;0;0;0;0;0;2020
211000;Raub, raeuberische Erpressung auf/gegen Geldinstitute, Postfilialen und -agenturen;16053000;Jena;insg.;0;0;0;0;0;0;0;0;0;0;0;0;0;0;0;0;0;0;0;0;0;0;0;0;0;0;0;2020
211000;Raub, raeuberische Erpressung auf/gegen Geldinstitute, Postfilialen und -agenturen;7312000;Kaiserslautern;insg.;1;1;0;0;0;0;0;0;0;0;0;0;0;0;0;0;0;0;0;0;0;1;1;0;1;1;0;2020
211000;Raub, raeuberische Erpressung auf/gegen Geldinstitute, Postfilialen und -agenturen;8212000;Karlsruhe;insg.;0;0;0;0;0;0;0;0;0;0;0;0;0;0;0;0;0;0;0;0;0;0;0;0;0;0;0;2020
211000;Raub, raeuberische Erpressung auf/gegen Geldinstitute, Postfilialen und -agenturen;6611000;Kassel;insg.;0;0;0;0;0;0;0;0;0;0;0;0;0;0;0;0;0;0;0;0;0;0;0;0;0;0;0;2020
211000;Raub, raeuberische Erpressung auf/gegen Geldinstitute, Postfilialen und -agenturen;1002000;Kiel;insg.;1;0;1;0;0;0;0;0;0;0;0;0;0;0;0;0;0;0;1;0;1;0;0;0;1;0;1;2020
211000;Raub, raeuberische Erpressung auf/gegen Geldinstitute, Postfilialen und -agenturen;7111000;Koblenz;insg.;0;0;0;0;0;0;0;0;0;0;0;0;0;0;0;0;0;0;0;0;0;0;0;0;0;0;0;2020
211000;Raub, raeuberische Erpressung auf/gegen Geldinstitute, Postfilialen und -agenturen;5315000;Koeln;insg.;2;1;1;0;0;0;0;0;0;0;0;0;0;0;0;0;0;0;2;1;1;0;0;0;2;1;1;2020
211000;Raub, raeuberische Erpressung auf/gegen Geldinstitute, Postfilialen und -agenturen;5114000;Krefeld;insg.;0;0;0;0;0;0;0;0;0;0;0;0;0;0;0;0;0;0;0;0;0;0;0;0;0;0;0;2020
211000;Raub, raeuberische Erpressung auf/gegen Geldinstitute, Postfilialen und -agenturen;14713000;Leipzig;insg.;0;0;0;0;0;0;0;0;0;0;0;0;0;0;0;0;0;0;0;0;0;0;0;0;0;0;0;2020
211000;Raub, raeuberische Erpressung auf/gegen Geldinstitute, Postfilialen und -agenturen;5316000;Leverkusen;insg.;3;0;3;0;0;0;0;0;0;0;0;0;0;0;0;1;0;1;2;0;2;0;0;0;2;0;2;2020
211000;Raub, raeuberische Erpressung auf/gegen Geldinstitute, Postfilialen und -agenturen;1003000;Luebeck;insg.;1;1;0;0;0;0;0;0;0;0;0;0;0;0;0;0;0;0;1;1;0;0;0;0;1;1;0;2020
211000;Raub, raeuberische Erpressung auf/gegen Geldinstitute, Postfilialen und -agenturen;7314000;Ludwigshafen am Rhein;insg.;0;0;0;0;0;0;0;0;0;0;0;0;0;0;0;0;0;0;0;0;0;0;0;0;0;0;0;2020
211000;Raub, raeuberische Erpressung auf/gegen Geldinstitute, Postfilialen und -agenturen;15003000;Magdeburg;insg.;2;1;1;0;0;0;0;0;0;0;0;0;0;0;0;0;0;0;2;1;1;0;0;0;2;1;1;2020
211000;Raub, raeuberische Erpressung auf/gegen Geldinstitute, Postfilialen und -agenturen;7315000;Mainz;insg.;0;0;0;0;0;0;0;0;0;0;0;0;0;0;0;0;0;0;0;0;0;0;0;0;0;0;0;2020
211000;Raub, raeuberische Erpressung auf/gegen Geldinstitute, Postfilialen und -agenturen;8222000;Mannheim;insg.;2;1;1;0;0;0;0;0;0;0;0;0;0;0;0;0;0;0;2;1;1;0;0;0;2;1;1;2020
211000;Raub, raeuberische Erpressung auf/gegen Geldinstitute, Postfilialen und -agenturen;5170024;Moers;insg.;1;0;1;0;0;0;0;0;0;0;0;0;0;0;0;0;0;0;1;0;1;0;0;0;1;0;1;2020
211000;Raub, raeuberische Erpressung auf/gegen Geldinstitute, Postfilialen und -agenturen;5116000;Moenchengladbach;insg.;1;1;0;0;0;0;0;0;0;0;0;0;0;0;0;0;0;0;1;1;0;0;0;0;1;1;0;2020
211000;Raub, raeuberische Erpressung auf/gegen Geldinstitute, Postfilialen und -agenturen;5117000;Muelheim an der Ruhr;insg.;0;0;0;0;0;0;0;0;0;0;0;0;0;0;0;0;0;0;0;0;0;0;0;0;0;0;0;2020
211000;Raub, raeuberische Erpressung auf/gegen Geldinstitute, Postfilialen und -agenturen;9162000;Muenchen;insg.;0;0;0;0;0;0;0;0;0;0;0;0;0;0;0;0;0;0;0;0;0;0;0;0;0;0;0;2020
211000;Raub, raeuberische Erpressung auf/gegen Geldinstitute, Postfilialen und -agenturen;5515000;Muenster;insg.;0;0;0;0;0;0;0;0;0;0;0;0;0;0;0;0;0;0;0;0;0;0;0;0;0;0;0;2020
211000;Raub, raeuberische Erpressung auf/gegen Geldinstitute, Postfilialen und -agenturen;5162024;Neuss;insg.;0;0;0;0;0;0;0;0;0;0;0;0;0;0;0;0;0;0;0;0;0;0;0;0;0;0;0;2020
211000;Raub, raeuberische Erpressung auf/gegen Geldinstitute, Postfilialen und -agenturen;9564000;Nuernberg;insg.;0;0;0;0;0;0;0;0;0;0;0;0;0;0;0;0;0;0;0;0;0;0;0;0;0;0;0;2020
211000;Raub, raeuberische Erpressung auf/gegen Geldinstitute, Postfilialen und -agenturen;5119000;Oberhausen;insg.;0;0;0;0;0;0;0;0;0;0;0;0;0;0;0;0;0;0;0;0;0;0;0;0;0;0;0;2020
211000;Raub, raeuberische Erpressung auf/gegen Geldinstitute, Postfilialen und -agenturen;6413000;Offenbach am Main;insg.;0;0;0;0;0;0;0;0;0;0;0;0;0;0;0;0;0;0;0;0;0;0;0;0;0;0;0;2020
211000;Raub, raeuberische Erpressung auf/gegen Geldinstitute, Postfilialen und -agenturen;3403000;Oldenburg (Oldenburg);insg.;4;3;1;0;0;0;0;0;0;0;0;0;0;0;0;0;0;0;4;3;1;0;0;0;4;3;1;2020
211000;Raub, raeuberische Erpressung auf/gegen Geldinstitute, Postfilialen und -agenturen;3404000;Osnabrueck;insg.;0;0;0;0;0;0;0;0;0;0;0;0;0;0;0;0;0;0;0;0;0;0;0;0;0;0;0;2020
211000;Raub, raeuberische Erpressung auf/gegen Geldinstitute, Postfilialen und -agenturen;5774032;Paderborn;insg.;0;0;0;0;0;0;0;0;0;0;0;0;0;0;0;0;0;0;0;0;0;0;0;0;0;0;0;2020
211000;Raub, raeuberische Erpressung auf/gegen Geldinstitute, Postfilialen und -agenturen;8231000;Pforzheim;insg.;2;1;1;1;1;0;0;0;0;1;1;0;0;0;0;0;0;0;1;0;1;0;0;0;1;0;1;2020
211000;Raub, raeuberische Erpressung auf/gegen Geldinstitute, Postfilialen und -agenturen;12054000;Potsdam;insg.;0;0;0;0;0;0;0;0;0;0;0;0;0;0;0;0;0;0;0;0;0;0;0;0;0;0;0;2020
211000;Raub, raeuberische Erpressung auf/gegen Geldinstitute, Postfilialen und -agenturen;5562032;Recklinghausen;insg.;0;0;0;0;0;0;0;0;0;0;0;0;0;0;0;0;0;0;0;0;0;0;0;0;0;0;0;2020
211000;Raub, raeuberische Erpressung auf/gegen Geldinstitute, Postfilialen und -agenturen;9362000;Regensburg;insg.;0;0;0;0;0;0;0;0;0;0;0;0;0;0;0;0;0;0;0;0;0;0;0;0;0;0;0;2020
211000;Raub, raeuberische Erpressung auf/gegen Geldinstitute, Postfilialen und -agenturen;5120000;Remscheid;insg.;0;0;0;0;0;0;0;0;0;0;0;0;0;0;0;0;0;0;0;0;0;0;0;0;0;0;0;2020
211000;Raub, raeuberische Erpressung auf/gegen Geldinstitute, Postfilialen und -agenturen;8415061;Reutlingen;insg.;0;0;0;0;0;0;0;0;0;0;0;0;0;0;0;0;0;0;0;0;0;0;0;0;0;0;0;2020
211000;Raub, raeuberische Erpressung auf/gegen Geldinstitute, Postfilialen und -agenturen;13003000;Rostock;insg.;0;0;0;0;0;0;0;0;0;0;0;0;0;0;0;0;0;0;0;0;0;0;0;0;0;0;0;2020
211000;Raub, raeuberische Erpressung auf/gegen Geldinstitute, Postfilialen und -agenturen;10041100;Saarbruecken;insg.;0;0;0;0;0;0;0;0;0;0;0;0;0;0;0;0;0;0;0;0;0;0;0;0;0;0;0;2020
211000;Raub, raeuberische Erpressung auf/gegen Geldinstitute, Postfilialen und -agenturen;3102000;Salzgitter;insg.;0;0;0;0;0;0;0;0;0;0;0;0;0;0;0;0;0;0;0;0;0;0;0;0;0;0;0;2020
211000;Raub, raeuberische Erpressung auf/gegen Geldinstitute, Postfilialen und -agenturen;13004000;Schwerin;insg.;0;0;0;0;0;0;0;0;0;0;0;0;0;0;0;0;0;0;0;0;0;0;0;0;0;0;0;2020
211000;Raub, raeuberische Erpressung auf/gegen Geldinstitute, Postfilialen und -agenturen;5970040;Siegen;insg.;0;0;0;0;0;0;0;0;0;0;0;0;0;0;0;0;0;0;0;0;0;0;0;0;0;0;0;2020
211000;Raub, raeuberische Erpressung auf/gegen Geldinstitute, Postfilialen und -agenturen;5122000;Solingen;insg.;0;0;0;0;0;0;0;0;0;0;0;0;0;0;0;0;0;0;0;0;0;0;0;0;0;0;0;2020
211000;Raub, raeuberische Erpressung auf/gegen Geldinstitute, Postfilialen und -agenturen;8111000;Stuttgart;insg.;0;0;0;0;0;0;0;0;0;0;0;0;0;0;0;0;0;0;0;0;0;0;0;0;0;0;0;2020
211000;Raub, raeuberische Erpressung auf/gegen Geldinstitute, Postfilialen und -agenturen;7211000;Trier;insg.;0;0;0;0;0;0;0;0;0;0;0;0;0;0;0;0;0;0;0;0;0;0;0;0;0;0;0;2020
211000;Raub, raeuberische Erpressung auf/gegen Geldinstitute, Postfilialen und -agenturen;8421000;Ulm;insg.;0;0;0;0;0;0;0;0;0;0;0;0;0;0;0;0;0;0;0;0;0;0;0;0;0;0;0;2020
211000;Raub, raeuberische Erpressung auf/gegen Geldinstitute, Postfilialen und -agenturen;6414000;Wiesbaden;insg.;0;0;0;0;0;0;0;0;0;0;0;0;0;0;0;0;0;0;0;0;0;0;0;0;0;0;0;2020
211000;Raub, raeuberische Erpressung auf/gegen Geldinstitute, Postfilialen und -agenturen;3103000;Wolfsburg;insg.;0;0;0;0;0;0;0;0;0;0;0;0;0;0;0;0;0;0;0;0;0;0;0;0;0;0;0;2020
211000;Raub, raeuberische Erpressung auf/gegen Geldinstitute, Postfilialen und -agenturen;5124000;Wuppertal;insg.;0;0;0;0;0;0;0;0;0;0;0;0;0;0;0;0;0;0;0;0;0;0;0;0;0;0;0;2020
211000;Raub, raeuberische Erpressung auf/gegen Geldinstitute, Postfilialen und -agenturen;9663000;Wuerzburg;insg.;0;0;0;0;0;0;0;0;0;0;0;0;0;0;0;0;0;0;0;0;0;0;0;0;0;0;0;2020
212000;Raub, raeuberische Erpressung auf/gegen sonstige Kassenraeume und Geschaefte;5334002;Aachen;insg.;5;2;3;0;0;0;0;0;0;0;0;0;0;0;0;0;0;0;3;1;2;2;1;1;5;2;3;2020
212000;Raub, raeuberische Erpressung auf/gegen sonstige Kassenraeume und Geschaefte;9761000;Augsburg;insg.;1;0;1;0;0;0;0;0;0;0;0;0;0;0;0;0;0;0;1;0;1;0;0;0;1;0;1;2020
212000;Raub, raeuberische Erpressung auf/gegen sonstige Kassenraeume und Geschaefte;5378004;Bergisch Gladbach;insg.;3;2;1;0;0;0;0;0;0;0;0;0;0;0;0;1;1;0;2;1;1;0;0;0;2;1;1;2020
212000;Raub, raeuberische Erpressung auf/gegen sonstige Kassenraeume und Geschaefte;11000000;Berlin;insg.;499;277;222;0;0;0;3;0;3;3;0;3;3;2;1;26;21;5;408;226;182;59;28;31;467;254;213;2020
212000;Raub, raeuberische Erpressung auf/gegen sonstige Kassenraeume und Geschaefte;5711000;Bielefeld;insg.;27;18;9;0;0;0;0;0;0;0;0;0;0;0;0;3;2;1;23;15;8;1;1;0;24;16;8;2020
212000;Raub, raeuberische Erpressung auf/gegen sonstige Kassenraeume und Geschaefte;5911000;Bochum;insg.;17;6;11;0;0;0;0;0;0;0;0;0;1;1;0;1;0;1;11;4;7;4;1;3;15;5;10;2020
212000;Raub, raeuberische Erpressung auf/gegen sonstige Kassenraeume und Geschaefte;5314000;Bonn;insg.;18;12;6;0;0;0;0;0;0;0;0;0;0;0;0;1;1;0;16;11;5;1;0;1;17;11;6;2020
212000;Raub, raeuberische Erpressung auf/gegen sonstige Kassenraeume und Geschaefte;5512000;Bottrop;insg.;21;9;12;0;0;0;0;0;0;0;0;0;1;1;0;1;0;1;13;5;8;6;3;3;19;8;11;2020
212000;Raub, raeuberische Erpressung auf/gegen sonstige Kassenraeume und Geschaefte;3101000;Braunschweig;insg.;16;9;7;0;0;0;0;0;0;0;0;0;0;0;0;0;0;0;14;9;5;2;0;2;16;9;7;2020
212000;Raub, raeuberische Erpressung auf/gegen sonstige Kassenraeume und Geschaefte;4011000;Bremen;insg.;62;22;40;0;0;0;0;0;0;0;0;0;0;0;0;2;2;0;44;12;32;16;8;8;60;20;40;2020
212000;Raub, raeuberische Erpressung auf/gegen sonstige Kassenraeume und Geschaefte;4012000;Bremerhaven;insg.;6;3;3;0;0;0;0;0;0;0;0;0;0;0;0;2;2;0;4;1;3;0;0;0;4;1;3;2020
212000;Raub, raeuberische Erpressung auf/gegen sonstige Kassenraeume und Geschaefte;14511000;Chemnitz;insg.;3;3;0;0;0;0;0;0;0;0;0;0;0;0;0;0;0;0;3;3;0;0;0;0;3;3;0;2020
212000;Raub, raeuberische Erpressung auf/gegen sonstige Kassenraeume und Geschaefte;6411000;Darmstadt;insg.;4;3;1;0;0;0;0;0;0;0;0;0;0;0;0;0;0;0;3;2;1;1;1;0;4;3;1;2020
212000;Raub, raeuberische Erpressung auf/gegen sonstige Kassenraeume und Geschaefte;5913000;Dortmund;insg.;19;10;9;0;0;0;0;0;0;0;0;0;0;0;0;1;1;0;15;9;6;3;0;3;18;9;9;2020
212000;Raub, raeuberische Erpressung auf/gegen sonstige Kassenraeume und Geschaefte;14612000;Dresden;insg.;2;1;1;0;0;0;0;0;0;0;0;0;0;0;0;0;0;0;2;1;1;0;0;0;2;1;1;2020
212000;Raub, raeuberische Erpressung auf/gegen sonstige Kassenraeume und Geschaefte;5112000;Duisburg;insg.;45;14;31;0;0;0;0;0;0;0;0;0;0;0;0;2;0;2;33;11;22;10;3;7;43;14;29;2020
212000;Raub, raeuberische Erpressung auf/gegen sonstige Kassenraeume und Geschaefte;5111000;Duesseldorf;insg.;24;12;12;0;0;0;0;0;0;0;0;0;1;1;0;0;0;0;22;10;12;1;1;0;23;11;12;2020
212000;Raub, raeuberische Erpressung auf/gegen sonstige Kassenraeume und Geschaefte;16051000;Erfurt;insg.;1;0;1;0;0;0;0;0;0;0;0;0;0;0;0;1;0;1;0;0;0;0;0;0;0;0;0;2020
212000;Raub, raeuberische Erpressung auf/gegen sonstige Kassenraeume und Geschaefte;9562000;Erlangen;insg.;1;1;0;0;0;0;0;0;0;0;0;0;0;0;0;1;1;0;0;0;0;0;0;0;0;0;0;2020
212000;Raub, raeuberische Erpressung auf/gegen sonstige Kassenraeume und Geschaefte;5113000;Essen;insg.;34;14;20;0;0;0;0;0;0;0;0;0;0;0;0;4;1;3;24;9;15;6;4;2;30;13;17;2020
212000;Raub, raeuberische Erpressung auf/gegen sonstige Kassenraeume und Geschaefte;6412000;Frankfurt am Main;insg.;32;18;14;0;0;0;0;0;0;0;0;0;0;0;0;2;2;0;28;14;14;2;2;0;30;16;14;2020
212000;Raub, raeuberische Erpressung auf/gegen sonstige Kassenraeume und Geschaefte;8311000;Freiburg im Breisgau;insg.;16;9;7;0;0;0;0;0;0;0;0;0;1;0;1;1;0;1;12;8;4;2;1;1;14;9;5;2020
212000;Raub, raeuberische Erpressung auf/gegen sonstige Kassenraeume und Geschaefte;9563000;Fuerth;insg.;5;3;2;0;0;0;0;0;0;0;0;0;0;0;0;0;0;0;5;3;2;0;0;0;5;3;2;2020
212000;Raub, raeuberische Erpressung auf/gegen sonstige Kassenraeume und Geschaefte;5513000;Gelsenkirchen;insg.;12;2;10;0;0;0;0;0;0;0;0;0;0;0;0;0;0;0;8;1;7;4;1;3;12;2;10;2020
212000;Raub, raeuberische Erpressung auf/gegen sonstige Kassenraeume und Geschaefte;3159016;Goettingen;insg.;2;0;2;0;0;0;0;0;0;0;0;0;0;0;0;0;0;0;2;0;2;0;0;0;2;0;2;2020
212000;Raub, raeuberische Erpressung auf/gegen sonstige Kassenraeume und Geschaefte;5754008;Guetersloh;insg.;4;1;3;0;0;0;0;0;0;0;0;0;0;0;0;0;0;0;3;1;2;1;0;1;4;1;3;2020
212000;Raub, raeuberische Erpressung auf/gegen sonstige Kassenraeume und Geschaefte;5914000;Hagen;insg.;9;4;5;0;0;0;0;0;0;0;0;0;0;0;0;1;0;1;8;4;4;0;0;0;8;4;4;2020
212000;Raub, raeuberische Erpressung auf/gegen sonstige Kassenraeume und Geschaefte;15002000;Halle (Saale);insg.;9;3;6;0;0;0;0;0;0;0;0;0;0;0;0;2;2;0;6;1;5;1;0;1;7;1;6;2020
212000;Raub, raeuberische Erpressung auf/gegen sonstige Kassenraeume und Geschaefte;2000000;Hamburg;insg.;43;33;10;0;0;0;2;2;0;2;2;0;0;0;0;3;2;1;34;27;7;4;2;2;38;29;9;2020
212000;Raub, raeuberische Erpressung auf/gegen sonstige Kassenraeume und Geschaefte;5915000;Hamm;insg.;19;9;10;0;0;0;0;0;0;0;0;0;1;1;0;1;1;0;14;6;8;3;1;2;17;7;10;2020
212000;Raub, raeuberische Erpressung auf/gegen sonstige Kassenraeume und Geschaefte;3241001;Hannover;insg.;30;7;23;0;0;0;0;0;0;0;0;0;1;0;1;1;0;1;23;7;16;5;0;5;28;7;21;2020
212000;Raub, raeuberische Erpressung auf/gegen sonstige Kassenraeume und Geschaefte;8221000;Heidelberg;insg.;2;1;1;0;0;0;0;0;0;0;0;0;0;0;0;0;0;0;1;1;0;1;0;1;2;1;1;2020
212000;Raub, raeuberische Erpressung auf/gegen sonstige Kassenraeume und Geschaefte;8121000;Heilbronn;insg.;2;1;1;0;0;0;0;0;0;0;0;0;0;0;0;0;0;0;1;1;0;1;0;1;2;1;1;2020
212000;Raub, raeuberische Erpressung auf/gegen sonstige Kassenraeume und Geschaefte;5916000;Herne;insg.;6;3;3;0;0;0;0;0;0;0;0;0;0;0;0;1;1;0;3;1;2;2;1;1;5;2;3;2020
212000;Raub, raeuberische Erpressung auf/gegen sonstige Kassenraeume und Geschaefte;3254021;Hildesheim;insg.;5;1;4;0;0;0;0;0;0;0;0;0;0;0;0;1;0;1;4;1;3;0;0;0;4;1;3;2020
212000;Raub, raeuberische Erpressung auf/gegen sonstige Kassenraeume und Geschaefte;9161000;Ingolstadt;insg.;3;0;3;0;0;0;0;0;0;0;0;0;0;0;0;0;0;0;3;0;3;0;0;0;3;0;3;2020
212000;Raub, raeuberische Erpressung auf/gegen sonstige Kassenraeume und Geschaefte;16053000;Jena;insg.;0;0;0;0;0;0;0;0;0;0;0;0;0;0;0;0;0;0;0;0;0;0;0;0;0;0;0;2020
212000;Raub, raeuberische Erpressung auf/gegen sonstige Kassenraeume und Geschaefte;7312000;Kaiserslautern;insg.;3;0;3;0;0;0;0;0;0;0;0;0;0;0;0;0;0;0;2;0;2;1;0;1;3;0;3;2020
212000;Raub, raeuberische Erpressung auf/gegen sonstige Kassenraeume und Geschaefte;8212000;Karlsruhe;insg.;4;2;2;0;0;0;0;0;0;0;0;0;0;0;0;0;0;0;3;1;2;1;1;0;4;2;2;2020
212000;Raub, raeuberische Erpressung auf/gegen sonstige Kassenraeume und Geschaefte;6611000;Kassel;insg.;20;9;11;0;0;0;0;0;0;0;0;0;0;0;0;1;0;1;18;9;9;1;0;1;19;9;10;2020
212000;Raub, raeuberische Erpressung auf/gegen sonstige Kassenraeume und Geschaefte;1002000;Kiel;insg.;14;8;6;0;0;0;0;0;0;0;0;0;0;0;0;1;0;1;9;6;3;4;2;2;13;8;5;2020
212000;Raub, raeuberische Erpressung auf/gegen sonstige Kassenraeume und Geschaefte;7111000;Koblenz;insg.;3;2;1;0;0;0;0;0;0;0;0;0;0;0;0;0;0;0;3;2;1;0;0;0;3;2;1;2020
212000;Raub, raeuberische Erpressung auf/gegen sonstige Kassenraeume und Geschaefte;5315000;Koeln;insg.;59;32;27;0;0;0;0;0;0;0;0;0;0;0;0;2;1;1;49;26;23;8;5;3;57;31;26;2020
212000;Raub, raeuberische Erpressung auf/gegen sonstige Kassenraeume und Geschaefte;5114000;Krefeld;insg.;10;5;5;0;0;0;0;0;0;0;0;0;0;0;0;2;1;1;7;3;4;1;1;0;8;4;4;2020
212000;Raub, raeuberische Erpressung auf/gegen sonstige Kassenraeume und Geschaefte;14713000;Leipzig;insg.;7;1;6;0;0;0;0;0;0;0;0;0;0;0;0;2;0;2;4;1;3;1;0;1;5;1;4;2020
212000;Raub, raeuberische Erpressung auf/gegen sonstige Kassenraeume und Geschaefte;5316000;Leverkusen;insg.;15;9;6;0;0;0;0;0;0;0;0;0;0;0;0;4;2;2;11;7;4;0;0;0;11;7;4;2020
212000;Raub, raeuberische Erpressung auf/gegen sonstige Kassenraeume und Geschaefte;1003000;Luebeck;insg.;9;3;6;0;0;0;0;0;0;0;0;0;0;0;0;1;0;1;8;3;5;0;0;0;8;3;5;2020
212000;Raub, raeuberische Erpressung auf/gegen sonstige Kassenraeume und Geschaefte;7314000;Ludwigshafen am Rhein;insg.;3;2;1;0;0;0;0;0;0;0;0;0;0;0;0;0;0;0;3;2;1;0;0;0;3;2;1;2020
212000;Raub, raeuberische Erpressung auf/gegen sonstige Kassenraeume und Geschaefte;15003000;Magdeburg;insg.;30;12;18;0;0;0;0;0;0;0;0;0;0;0;0;3;2;1;25;8;17;2;2;0;27;10;17;2020
212000;Raub, raeuberische Erpressung auf/gegen sonstige Kassenraeume und Geschaefte;7315000;Mainz;insg.;5;3;2;0;0;0;0;0;0;0;0;0;0;0;0;1;1;0;4;2;2;0;0;0;4;2;2;2020
212000;Raub, raeuberische Erpressung auf/gegen sonstige Kassenraeume und Geschaefte;8222000;Mannheim;insg.;5;3;2;0;0;0;0;0;0;0;0;0;0;0;0;0;0;0;4;3;1;1;0;1;5;3;2;2020
212000;Raub, raeuberische Erpressung auf/gegen sonstige Kassenraeume und Geschaefte;5170024;Moers;insg.;9;4;5;0;0;0;0;0;0;0;0;0;0;0;0;0;0;0;6;1;5;3;3;0;9;4;5;2020
212000;Raub, raeuberische Erpressung auf/gegen sonstige Kassenraeume und Geschaefte;5116000;Moenchengladbach;insg.;7;5;2;0;0;0;0;0;0;0;0;0;1;1;0;0;0;0;6;4;2;0;0;0;6;4;2;2020
212000;Raub, raeuberische Erpressung auf/gegen sonstige Kassenraeume und Geschaefte;5117000;Muelheim an der Ruhr;insg.;6;1;5;0;0;0;0;0;0;0;0;0;0;0;0;0;0;0;6;1;5;0;0;0;6;1;5;2020
212000;Raub, raeuberische Erpressung auf/gegen sonstige Kassenraeume und Geschaefte;9162000;Muenchen;insg.;40;24;16;0;0;0;0;0;0;0;0;0;2;1;1;5;3;2;32;19;13;1;1;0;33;20;13;2020
212000;Raub, raeuberische Erpressung auf/gegen sonstige Kassenraeume und Geschaefte;5515000;Muenster;insg.;12;7;5;0;0;0;0;0;0;0;0;0;0;0;0;1;0;1;10;7;3;1;0;1;11;7;4;2020
212000;Raub, raeuberische Erpressung auf/gegen sonstige Kassenraeume und Geschaefte;5162024;Neuss;insg.;8;4;4;0;0;0;0;0;0;0;0;0;0;0;0;0;0;0;6;3;3;2;1;1;8;4;4;2020
212000;Raub, raeuberische Erpressung auf/gegen sonstige Kassenraeume und Geschaefte;9564000;Nuernberg;insg.;5;3;2;0;0;0;0;0;0;0;0;0;0;0;0;0;0;0;4;2;2;1;1;0;5;3;2;2020
212000;Raub, raeuberische Erpressung auf/gegen sonstige Kassenraeume und Geschaefte;5119000;Oberhausen;insg.;10;5;5;0;0;0;0;0;0;0;0;0;0;0;0;0;0;0;8;3;5;2;2;0;10;5;5;2020
212000;Raub, raeuberische Erpressung auf/gegen sonstige Kassenraeume und Geschaefte;6413000;Offenbach am Main;insg.;5;1;4;0;0;0;0;0;0;0;0;0;0;0;0;1;0;1;4;1;3;0;0;0;4;1;3;2020
212000;Raub, raeuberische Erpressung auf/gegen sonstige Kassenraeume und Geschaefte;3403000;Oldenburg (Oldenburg);insg.;16;7;9;0;0;0;0;0;0;0;0;0;0;0;0;0;0;0;14;7;7;2;0;2;16;7;9;2020
212000;Raub, raeuberische Erpressung auf/gegen sonstige Kassenraeume und Geschaefte;3404000;Osnabrueck;insg.;9;3;6;0;0;0;0;0;0;0;0;0;0;0;0;2;1;1;5;1;4;2;1;1;7;2;5;2020
212000;Raub, raeuberische Erpressung auf/gegen sonstige Kassenraeume und Geschaefte;5774032;Paderborn;insg.;3;1;2;0;0;0;0;0;0;0;0;0;0;0;0;0;0;0;2;1;1;1;0;1;3;1;2;2020
212000;Raub, raeuberische Erpressung auf/gegen sonstige Kassenraeume und Geschaefte;8231000;Pforzheim;insg.;4;3;1;1;1;0;0;0;0;1;1;0;0;0;0;0;0;0;3;2;1;0;0;0;3;2;1;2020
212000;Raub, raeuberische Erpressung auf/gegen sonstige Kassenraeume und Geschaefte;12054000;Potsdam;insg.;4;2;2;0;0;0;0;0;0;0;0;0;0;0;0;0;0;0;3;2;1;1;0;1;4;2;2;2020
212000;Raub, raeuberische Erpressung auf/gegen sonstige Kassenraeume und Geschaefte;5562032;Recklinghausen;insg.;6;1;5;0;0;0;0;0;0;0;0;0;0;0;0;0;0;0;6;1;5;0;0;0;6;1;5;2020
212000;Raub, raeuberische Erpressung auf/gegen sonstige Kassenraeume und Geschaefte;9362000;Regensburg;insg.;1;0;1;0;0;0;0;0;0;0;0;0;0;0;0;0;0;0;1;0;1;0;0;0;1;0;1;2020
212000;Raub, raeuberische Erpressung auf/gegen sonstige Kassenraeume und Geschaefte;5120000;Remscheid;insg.;1;1;0;0;0;0;0;0;0;0;0;0;0;0;0;0;0;0;1;1;0;0;0;0;1;1;0;2020
212000;Raub, raeuberische Erpressung auf/gegen sonstige Kassenraeume und Geschaefte;8415061;Reutlingen;insg.;0;0;0;0;0;0;0;0;0;0;0;0;0;0;0;0;0;0;0;0;0;0;0;0;0;0;0;2020
212000;Raub, raeuberische Erpressung auf/gegen sonstige Kassenraeume und Geschaefte;13003000;Rostock;insg.;2;1;1;0;0;0;0;0;0;0;0;0;0;0;0;0;0;0;2;1;1;0;0;0;2;1;1;2020
212000;Raub, raeuberische Erpressung auf/gegen sonstige Kassenraeume und Geschaefte;10041100;Saarbruecken;insg.;25;15;10;0;0;0;0;0;0;0;0;0;2;2;0;1;1;0;16;9;7;6;3;3;22;12;10;2020
212000;Raub, raeuberische Erpressung auf/gegen sonstige Kassenraeume und Geschaefte;3102000;Salzgitter;insg.;6;0;6;0;0;0;0;0;0;0;0;0;0;0;0;0;0;0;5;0;5;1;0;1;6;0;6;2020
212000;Raub, raeuberische Erpressung auf/gegen sonstige Kassenraeume und Geschaefte;13004000;Schwerin;insg.;0;0;0;0;0;0;0;0;0;0;0;0;0;0;0;0;0;0;0;0;0;0;0;0;0;0;0;2020
212000;Raub, raeuberische Erpressung auf/gegen sonstige Kassenraeume und Geschaefte;5970040;Siegen;insg.;4;1;3;0;0;0;0;0;0;0;0;0;0;0;0;0;0;0;4;1;3;0;0;0;4;1;3;2020
212000;Raub, raeuberische Erpressung auf/gegen sonstige Kassenraeume und Geschaefte;5122000;Solingen;insg.;4;1;3;0;0;0;0;0;0;0;0;0;0;0;0;0;0;0;4;1;3;0;0;0;4;1;3;2020
212000;Raub, raeuberische Erpressung auf/gegen sonstige Kassenraeume und Geschaefte;8111000;Stuttgart;insg.;16;10;6;0;0;0;0;0;0;0;0;0;0;0;0;3;2;1;10;7;3;3;1;2;13;8;5;2020
212000;Raub, raeuberische Erpressung auf/gegen sonstige Kassenraeume und Geschaefte;7211000;Trier;insg.;4;1;3;0;0;0;0;0;0;0;0;0;0;0;0;0;0;0;4;1;3;0;0;0;4;1;3;2020
212000;Raub, raeuberische Erpressung auf/gegen sonstige Kassenraeume und Geschaefte;8421000;Ulm;insg.;2;0;2;0;0;0;0;0;0;0;0;0;0;0;0;0;0;0;2;0;2;0;0;0;2;0;2;2020
212000;Raub, raeuberische Erpressung auf/gegen sonstige Kassenraeume und Geschaefte;6414000;Wiesbaden;insg.;3;1;2;0;0;0;0;0;0;0;0;0;0;0;0;0;0;0;3;1;2;0;0;0;3;1;2;2020
212000;Raub, raeuberische Erpressung auf/gegen sonstige Kassenraeume und Geschaefte;3103000;Wolfsburg;insg.;6;3;3;0;0;0;0;0;0;0;0;0;0;0;0;1;1;0;4;2;2;1;0;1;5;2;3;2020
212000;Raub, raeuberische Erpressung auf/gegen sonstige Kassenraeume und Geschaefte;5124000;Wuppertal;insg.;7;3;4;0;0;0;0;0;0;0;0;0;0;0;0;0;0;0;6;3;3;1;0;1;7;3;4;2020
212000;Raub, raeuberische Erpressung auf/gegen sonstige Kassenraeume und Geschaefte;9663000;Wuerzburg;insg.;0;0;0;0;0;0;0;0;0;0;0;0;0;0;0;0;0;0;0;0;0;0;0;0;0;0;0;2020
216000;Handtaschenraub;5334002;Aachen;insg.;9;2;7;0;0;0;0;0;0;0;0;0;1;0;1;0;0;0;3;1;2;5;1;4;8;2;6;2020
216000;Handtaschenraub;9761000;Augsburg;insg.;4;0;4;0;0;0;0;0;0;0;0;0;0;0;0;0;0;0;0;0;0;4;0;4;4;0;4;2020
216000;Handtaschenraub;5378004;Bergisch Gladbach;insg.;0;0;0;0;0;0;0;0;0;0;0;0;0;0;0;0;0;0;0;0;0;0;0;0;0;0;0;2020
216000;Handtaschenraub;11000000;Berlin;insg.;137;22;115;0;0;0;1;1;0;1;1;0;2;2;0;4;0;4;78;13;65;52;6;46;130;19;111;2020
216000;Handtaschenraub;5711000;Bielefeld;insg.;4;1;3;0;0;0;0;0;0;0;0;0;0;0;0;0;0;0;2;1;1;2;0;2;4;1;3;2020
216000;Handtaschenraub;5911000;Bochum;insg.;0;0;0;0;0;0;0;0;0;0;0;0;0;0;0;0;0;0;0;0;0;0;0;0;0;0;0;2020
216000;Handtaschenraub;5314000;Bonn;insg.;11;2;9;0;0;0;0;0;0;0;0;0;1;1;0;2;0;2;6;1;5;2;0;2;8;1;7;2020
216000;Handtaschenraub;5512000;Bottrop;insg.;1;0;1;0;0;0;0;0;0;0;0;0;0;0;0;0;0;0;1;0;1;0;0;0;1;0;1;2020
216000;Handtaschenraub;3101000;Braunschweig;insg.;4;0;4;0;0;0;0;0;0;0;0;0;0;0;0;0;0;0;2;0;2;2;0;2;4;0;4;2020
216000;Handtaschenraub;4011000;Bremen;insg.;10;0;10;0;0;0;0;0;0;0;0;0;0;0;0;1;0;1;7;0;7;2;0;2;9;0;9;2020
216000;Handtaschenraub;4012000;Bremerhaven;insg.;2;0;2;0;0;0;0;0;0;0;0;0;0;0;0;0;0;0;1;0;1;1;0;1;2;0;2;2020
216000;Handtaschenraub;14511000;Chemnitz;insg.;5;2;3;0;0;0;0;0;0;0;0;0;0;0;0;0;0;0;3;2;1;2;0;2;5;2;3;2020
216000;Handtaschenraub;6411000;Darmstadt;insg.;1;0;1;0;0;0;0;0;0;0;0;0;0;0;0;0;0;0;0;0;0;1;0;1;1;0;1;2020
216000;Handtaschenraub;5913000;Dortmund;insg.;17;5;12;0;0;0;0;0;0;0;0;0;0;0;0;2;1;1;9;4;5;6;0;6;15;4;11;2020
216000;Handtaschenraub;14612000;Dresden;insg.;10;3;7;0;0;0;1;0;1;1;0;1;0;0;0;1;1;0;3;1;2;5;1;4;8;2;6;2020
216000;Handtaschenraub;5112000;Duisburg;insg.;14;3;11;0;0;0;0;0;0;0;0;0;0;0;0;3;2;1;4;0;4;7;1;6;11;1;10;2020
216000;Handtaschenraub;5111000;Duesseldorf;insg.;14;5;9;0;0;0;1;1;0;1;1;0;0;0;0;1;0;1;7;3;4;5;1;4;12;4;8;2020
216000;Handtaschenraub;16051000;Erfurt;insg.;3;1;2;0;0;0;0;0;0;0;0;0;0;0;0;1;1;0;2;0;2;0;0;0;2;0;2;2020
216000;Handtaschenraub;9562000;Erlangen;insg.;0;0;0;0;0;0;0;0;0;0;0;0;0;0;0;0;0;0;0;0;0;0;0;0;0;0;0;2020
216000;Handtaschenraub;5113000;Essen;insg.;8;2;6;0;0;0;0;0;0;0;0;0;1;0;1;0;0;0;3;0;3;4;2;2;7;2;5;2020
216000;Handtaschenraub;6412000;Frankfurt am Main;insg.;41;9;32;0;0;0;0;0;0;0;0;0;1;1;0;3;1;2;24;7;17;13;0;13;37;7;30;2020
216000;Handtaschenraub;8311000;Freiburg im Breisgau;insg.;3;1;2;0;0;0;0;0;0;0;0;0;0;0;0;2;1;1;1;0;1;0;0;0;1;0;1;2020
216000;Handtaschenraub;9563000;Fuerth;insg.;1;0;1;0;0;0;0;0;0;0;0;0;0;0;0;0;0;0;1;0;1;0;0;0;1;0;1;2020
216000;Handtaschenraub;5513000;Gelsenkirchen;insg.;2;0;2;0;0;0;0;0;0;0;0;0;0;0;0;0;0;0;0;0;0;2;0;2;2;0;2;2020
216000;Handtaschenraub;3159016;Goettingen;insg.;4;0;4;0;0;0;0;0;0;0;0;0;0;0;0;0;0;0;4;0;4;0;0;0;4;0;4;2020
216000;Handtaschenraub;5754008;Guetersloh;insg.;1;0;1;0;0;0;0;0;0;0;0;0;0;0;0;0;0;0;1;0;1;0;0;0;1;0;1;2020
216000;Handtaschenraub;5914000;Hagen;insg.;3;1;2;0;0;0;0;0;0;0;0;0;0;0;0;0;0;0;2;0;2;1;1;0;3;1;2;2020
216000;Handtaschenraub;15002000;Halle (Saale);insg.;4;0;4;0;0;0;0;0;0;0;0;0;0;0;0;0;0;0;4;0;4;0;0;0;4;0;4;2020
216000;Handtaschenraub;2000000;Hamburg;insg.;79;25;54;0;0;0;2;2;0;2;2;0;1;1;0;7;3;4;49;15;34;20;4;16;69;19;50;2020
216000;Handtaschenraub;5915000;Hamm;insg.;10;2;8;0;0;0;0;0;0;0;0;0;0;0;0;2;0;2;4;1;3;4;1;3;8;2;6;2020
216000;Handtaschenraub;3241001;Hannover;insg.;20;4;16;1;1;0;0;0;0;1;1;0;0;0;0;0;0;0;12;2;10;7;1;6;19;3;16;2020
216000;Handtaschenraub;8221000;Heidelberg;insg.;2;0;2;0;0;0;0;0;0;0;0;0;0;0;0;1;0;1;1;0;1;0;0;0;1;0;1;2020
216000;Handtaschenraub;8121000;Heilbronn;insg.;1;0;1;0;0;0;0;0;0;0;0;0;0;0;0;0;0;0;0;0;0;1;0;1;1;0;1;2020
216000;Handtaschenraub;5916000;Herne;insg.;2;0;2;0;0;0;0;0;0;0;0;0;0;0;0;0;0;0;0;0;0;2;0;2;2;0;2;2020
216000;Handtaschenraub;3254021;Hildesheim;insg.;0;0;0;0;0;0;0;0;0;0;0;0;0;0;0;0;0;0;0;0;0;0;0;0;0;0;0;2020
216000;Handtaschenraub;9161000;Ingolstadt;insg.;0;0;0;0;0;0;0;0;0;0;0;0;0;0;0;0;0;0;0;0;0;0;0;0;0;0;0;2020
216000;Handtaschenraub;16053000;Jena;insg.;0;0;0;0;0;0;0;0;0;0;0;0;0;0;0;0;0;0;0;0;0;0;0;0;0;0;0;2020
216000;Handtaschenraub;7312000;Kaiserslautern;insg.;2;0;2;0;0;0;0;0;0;0;0;0;0;0;0;0;0;0;2;0;2;0;0;0;2;0;2;2020
216000;Handtaschenraub;8212000;Karlsruhe;insg.;8;2;6;0;0;0;0;0;0;0;0;0;0;0;0;2;0;2;4;2;2;2;0;2;6;2;4;2020
216000;Handtaschenraub;6611000;Kassel;insg.;6;0;6;0;0;0;0;0;0;0;0;0;1;0;1;0;0;0;1;0;1;4;0;4;5;0;5;2020
216000;Handtaschenraub;1002000;Kiel;insg.;4;0;4;0;0;0;0;0;0;0;0;0;0;0;0;0;0;0;2;0;2;2;0;2;4;0;4;2020
216000;Handtaschenraub;7111000;Koblenz;insg.;3;0;3;0;0;0;0;0;0;0;0;0;0;0;0;0;0;0;2;0;2;1;0;1;3;0;3;2020
216000;Handtaschenraub;5315000;Koeln;insg.;45;5;40;0;0;0;0;0;0;0;0;0;0;0;0;3;1;2;30;3;27;12;1;11;42;4;38;2020
216000;Handtaschenraub;5114000;Krefeld;insg.;7;0;7;0;0;0;0;0;0;0;0;0;0;0;0;0;0;0;6;0;6;1;0;1;7;0;7;2020
216000;Handtaschenraub;14713000;Leipzig;insg.;10;3;7;0;0;0;0;0;0;0;0;0;0;0;0;0;0;0;3;0;3;7;3;4;10;3;7;2020
216000;Handtaschenraub;5316000;Leverkusen;insg.;4;0;4;0;0;0;0;0;0;0;0;0;0;0;0;0;0;0;4;0;4;0;0;0;4;0;4;2020
216000;Handtaschenraub;1003000;Luebeck;insg.;7;0;7;0;0;0;0;0;0;0;0;0;0;0;0;1;0;1;2;0;2;4;0;4;6;0;6;2020
216000;Handtaschenraub;7314000;Ludwigshafen am Rhein;insg.;1;0;1;0;0;0;0;0;0;0;0;0;0;0;0;0;0;0;0;0;0;1;0;1;1;0;1;2020
216000;Handtaschenraub;15003000;Magdeburg;insg.;3;0;3;0;0;0;0;0;0;0;0;0;0;0;0;0;0;0;1;0;1;2;0;2;3;0;3;2020
216000;Handtaschenraub;7315000;Mainz;insg.;1;1;0;0;0;0;0;0;0;0;0;0;0;0;0;0;0;0;1;1;0;0;0;0;1;1;0;2020
216000;Handtaschenraub;8222000;Mannheim;insg.;4;0;4;0;0;0;0;0;0;0;0;0;0;0;0;0;0;0;4;0;4;0;0;0;4;0;4;2020
216000;Handtaschenraub;5170024;Moers;insg.;0;0;0;0;0;0;0;0;0;0;0;0;0;0;0;0;0;0;0;0;0;0;0;0;0;0;0;2020
216000;Handtaschenraub;5116000;Moenchengladbach;insg.;4;1;3;0;0;0;0;0;0;0;0;0;1;1;0;1;0;1;1;0;1;1;0;1;2;0;2;2020
216000;Handtaschenraub;5117000;Muelheim an der Ruhr;insg.;2;0;2;0;0;0;0;0;0;0;0;0;0;0;0;0;0;0;0;0;0;2;0;2;2;0;2;2020
216000;Handtaschenraub;9162000;Muenchen;insg.;41;12;29;0;0;0;0;0;0;0;0;0;3;1;2;2;1;1;25;8;17;11;2;9;36;10;26;2020
216000;Handtaschenraub;5515000;Muenster;insg.;6;2;4;0;0;0;0;0;0;0;0;0;1;1;0;2;1;1;1;0;1;2;0;2;3;0;3;2020
216000;Handtaschenraub;5162024;Neuss;insg.;1;0;1;0;0;0;0;0;0;0;0;0;0;0;0;0;0;0;1;0;1;0;0;0;1;0;1;2020
216000;Handtaschenraub;9564000;Nuernberg;insg.;9;3;6;0;0;0;0;0;0;0;0;0;1;0;1;0;0;0;8;3;5;0;0;0;8;3;5;2020
216000;Handtaschenraub;5119000;Oberhausen;insg.;4;0;4;0;0;0;0;0;0;0;0;0;0;0;0;0;0;0;1;0;1;3;0;3;4;0;4;2020
216000;Handtaschenraub;6413000;Offenbach am Main;insg.;2;1;1;0;0;0;0;0;0;0;0;0;1;1;0;0;0;0;1;0;1;0;0;0;1;0;1;2020
216000;Handtaschenraub;3403000;Oldenburg (Oldenburg);insg.;4;0;4;0;0;0;0;0;0;0;0;0;2;0;2;0;0;0;1;0;1;1;0;1;2;0;2;2020
216000;Handtaschenraub;3404000;Osnabrueck;insg.;3;0;3;0;0;0;0;0;0;0;0;0;0;0;0;0;0;0;3;0;3;0;0;0;3;0;3;2020
216000;Handtaschenraub;5774032;Paderborn;insg.;4;0;4;0;0;0;0;0;0;0;0;0;0;0;0;0;0;0;2;0;2;2;0;2;4;0;4;2020
216000;Handtaschenraub;8231000;Pforzheim;insg.;4;2;2;0;0;0;0;0;0;0;0;0;0;0;0;0;0;0;2;1;1;2;1;1;4;2;2;2020
216000;Handtaschenraub;12054000;Potsdam;insg.;2;1;1;0;0;0;0;0;0;0;0;0;0;0;0;0;0;0;2;1;1;0;0;0;2;1;1;2020
216000;Handtaschenraub;5562032;Recklinghausen;insg.;3;0;3;0;0;0;1;0;1;1;0;1;0;0;0;0;0;0;1;0;1;1;0;1;2;0;2;2020
216000;Handtaschenraub;9362000;Regensburg;insg.;0;0;0;0;0;0;0;0;0;0;0;0;0;0;0;0;0;0;0;0;0;0;0;0;0;0;0;2020
216000;Handtaschenraub;5120000;Remscheid;insg.;1;0;1;0;0;0;0;0;0;0;0;0;0;0;0;0;0;0;0;0;0;1;0;1;1;0;1;2020
216000;Handtaschenraub;8415061;Reutlingen;insg.;0;0;0;0;0;0;0;0;0;0;0;0;0;0;0;0;0;0;0;0;0;0;0;0;0;0;0;2020
216000;Handtaschenraub;13003000;Rostock;insg.;3;1;2;0;0;0;0;0;0;0;0;0;0;0;0;0;0;0;3;1;2;0;0;0;3;1;2;2020
216000;Handtaschenraub;10041100;Saarbruecken;insg.;12;1;11;0;0;0;0;0;0;0;0;0;0;0;0;0;0;0;8;1;7;4;0;4;12;1;11;2020
216000;Handtaschenraub;3102000;Salzgitter;insg.;7;0;7;0;0;0;0;0;0;0;0;0;0;0;0;0;0;0;6;0;6;1;0;1;7;0;7;2020
216000;Handtaschenraub;13004000;Schwerin;insg.;9;0;9;0;0;0;0;0;0;0;0;0;1;0;1;0;0;0;2;0;2;6;0;6;8;0;8;2020
216000;Handtaschenraub;5970040;Siegen;insg.;0;0;0;0;0;0;0;0;0;0;0;0;0;0;0;0;0;0;0;0;0;0;0;0;0;0;0;2020
216000;Handtaschenraub;5122000;Solingen;insg.;0;0;0;0;0;0;0;0;0;0;0;0;0;0;0;0;0;0;0;0;0;0;0;0;0;0;0;2020
216000;Handtaschenraub;8111000;Stuttgart;insg.;16;2;14;0;0;0;0;0;0;0;0;0;0;0;0;4;0;4;10;2;8;2;0;2;12;2;10;2020
216000;Handtaschenraub;7211000;Trier;insg.;0;0;0;0;0;0;0;0;0;0;0;0;0;0;0;0;0;0;0;0;0;0;0;0;0;0;0;2020
216000;Handtaschenraub;8421000;Ulm;insg.;1;1;0;0;0;0;0;0;0;0;0;0;0;0;0;0;0;0;1;1;0;0;0;0;1;1;0;2020
216000;Handtaschenraub;6414000;Wiesbaden;insg.;3;0;3;0;0;0;0;0;0;0;0;0;1;0;1;0;0;0;0;0;0;2;0;2;2;0;2;2020
216000;Handtaschenraub;3103000;Wolfsburg;insg.;1;0;1;0;0;0;0;0;0;0;0;0;0;0;0;0;0;0;0;0;0;1;0;1;1;0;1;2020
216000;Handtaschenraub;5124000;Wuppertal;insg.;6;1;5;0;0;0;0;0;0;0;0;0;0;0;0;1;0;1;2;1;1;3;0;3;5;1;4;2020
216000;Handtaschenraub;9663000;Wuerzburg;insg.;0;0;0;0;0;0;0;0;0;0;0;0;0;0;0;0;0;0;0;0;0;0;0;0;0;0;0;2020
217000;Sonstige Raubueberfaelle auf Stra�en, Wegen oder Plaetzen;5334002;Aachen;insg.;113;93;20;0;0;0;3;2;1;3;2;1;9;7;2;15;15;0;75;61;14;11;8;3;86;69;17;2020
217000;Sonstige Raubueberfaelle auf Stra�en, Wegen oder Plaetzen;9761000;Augsburg;insg.;40;35;5;0;0;0;2;2;0;2;2;0;11;10;1;4;4;0;22;18;4;1;1;0;23;19;4;2020
217000;Sonstige Raubueberfaelle auf Stra�en, Wegen oder Plaetzen;5378004;Bergisch Gladbach;insg.;9;6;3;0;0;0;0;0;0;0;0;0;5;3;2;2;2;0;2;1;1;0;0;0;2;1;1;2020
217000;Sonstige Raubueberfaelle auf Stra�en, Wegen oder Plaetzen;11000000;Berlin;insg.;2827;2428;399;0;0;0;220;197;23;220;197;23;682;642;40;363;330;33;1400;1164;236;162;95;67;1562;1259;303;2020
217000;Sonstige Raubueberfaelle auf Stra�en, Wegen oder Plaetzen;5711000;Bielefeld;insg.;107;90;17;0;0;0;4;3;1;4;3;1;12;11;1;18;17;1;71;58;13;2;1;1;73;59;14;2020
217000;Sonstige Raubueberfaelle auf Stra�en, Wegen oder Plaetzen;5911000;Bochum;insg.;90;76;14;0;0;0;1;1;0;1;1;0;15;15;0;18;17;1;46;38;8;10;5;5;56;43;13;2020
217000;Sonstige Raubueberfaelle auf Stra�en, Wegen oder Plaetzen;5314000;Bonn;insg.;161;145;16;0;0;0;12;12;0;12;12;0;32;32;0;21;16;5;88;77;11;8;8;0;96;85;11;2020
217000;Sonstige Raubueberfaelle auf Stra�en, Wegen oder Plaetzen;5512000;Bottrop;insg.;26;21;5;0;0;0;2;1;1;2;1;1;4;2;2;4;4;0;14;12;2;2;2;0;16;14;2;2020
217000;Sonstige Raubueberfaelle auf Stra�en, Wegen oder Plaetzen;3101000;Braunschweig;insg.;47;38;9;0;0;0;1;1;0;1;1;0;8;8;0;11;8;3;23;18;5;4;3;1;27;21;6;2020
217000;Sonstige Raubueberfaelle auf Stra�en, Wegen oder Plaetzen;4011000;Bremen;insg.;255;201;54;0;0;0;18;17;1;18;17;1;32;28;4;29;23;6;157;124;33;19;9;10;176;133;43;2020
217000;Sonstige Raubueberfaelle auf Stra�en, Wegen oder Plaetzen;4012000;Bremerhaven;insg.;47;39;8;0;0;0;3;2;1;3;2;1;4;4;0;7;4;3;27;26;1;6;3;3;33;29;4;2020
217000;Sonstige Raubueberfaelle auf Stra�en, Wegen oder Plaetzen;14511000;Chemnitz;insg.;92;82;10;0;0;0;4;2;2;4;2;2;14;14;0;22;20;2;47;41;6;5;5;0;52;46;6;2020
217000;Sonstige Raubueberfaelle auf Stra�en, Wegen oder Plaetzen;6411000;Darmstadt;insg.;41;36;5;0;0;0;3;2;1;3;2;1;8;8;0;6;6;0;22;18;4;2;2;0;24;20;4;2020
217000;Sonstige Raubueberfaelle auf Stra�en, Wegen oder Plaetzen;5913000;Dortmund;insg.;413;358;55;0;0;0;17;16;1;17;16;1;88;79;9;79;72;7;209;178;31;20;13;7;229;191;38;2020
217000;Sonstige Raubueberfaelle auf Stra�en, Wegen oder Plaetzen;14612000;Dresden;insg.;194;173;21;0;0;0;22;17;5;22;17;5;38;35;3;25;22;3;105;96;9;4;3;1;109;99;10;2020
217000;Sonstige Raubueberfaelle auf Stra�en, Wegen oder Plaetzen;5112000;Duisburg;insg.;180;140;40;1;0;1;24;18;6;25;18;7;34;32;2;24;18;6;87;65;22;10;7;3;97;72;25;2020
217000;Sonstige Raubueberfaelle auf Stra�en, Wegen oder Plaetzen;5111000;Duesseldorf;insg.;305;265;40;0;0;0;14;12;2;14;12;2;59;57;2;48;42;6;162;135;27;22;19;3;184;154;30;2020
217000;Sonstige Raubueberfaelle auf Stra�en, Wegen oder Plaetzen;16051000;Erfurt;insg.;46;39;7;0;0;0;4;3;1;4;3;1;15;12;3;2;1;1;24;22;2;1;1;0;25;23;2;2020
217000;Sonstige Raubueberfaelle auf Stra�en, Wegen oder Plaetzen;9562000;Erlangen;insg.;5;4;1;0;0;0;0;0;0;0;0;0;1;1;0;1;1;0;3;2;1;0;0;0;3;2;1;2020
217000;Sonstige Raubueberfaelle auf Stra�en, Wegen oder Plaetzen;5113000;Essen;insg.;183;151;32;0;0;0;18;17;1;18;17;1;39;36;3;17;17;0;93;71;22;16;10;6;109;81;28;2020
217000;Sonstige Raubueberfaelle auf Stra�en, Wegen oder Plaetzen;6412000;Frankfurt am Main;insg.;564;508;56;0;0;0;29;25;4;29;25;4;51;48;3;54;49;5;395;358;37;35;28;7;430;386;44;2020
217000;Sonstige Raubueberfaelle auf Stra�en, Wegen oder Plaetzen;8311000;Freiburg im Breisgau;insg.;65;58;7;0;0;0;2;2;0;2;2;0;9;9;0;15;13;2;37;32;5;2;2;0;39;34;5;2020
217000;Sonstige Raubueberfaelle auf Stra�en, Wegen oder Plaetzen;9563000;Fuerth;insg.;10;8;2;0;0;0;0;0;0;0;0;0;3;3;0;2;1;1;4;4;0;1;0;1;5;4;1;2020
217000;Sonstige Raubueberfaelle auf Stra�en, Wegen oder Plaetzen;5513000;Gelsenkirchen;insg.;84;71;13;0;0;0;7;7;0;7;7;0;14;13;1;12;9;3;42;36;6;9;6;3;51;42;9;2020
217000;Sonstige Raubueberfaelle auf Stra�en, Wegen oder Plaetzen;3159016;Goettingen;insg.;17;16;1;0;0;0;0;0;0;0;0;0;3;3;0;2;2;0;10;10;0;2;1;1;12;11;1;2020
217000;Sonstige Raubueberfaelle auf Stra�en, Wegen oder Plaetzen;5754008;Guetersloh;insg.;19;18;1;0;0;0;3;3;0;3;3;0;5;5;0;2;2;0;7;7;0;2;1;1;9;8;1;2020
217000;Sonstige Raubueberfaelle auf Stra�en, Wegen oder Plaetzen;5914000;Hagen;insg.;79;66;13;0;0;0;7;7;0;7;7;0;11;9;2;8;5;3;47;41;6;6;4;2;53;45;8;2020
217000;Sonstige Raubueberfaelle auf Stra�en, Wegen oder Plaetzen;15002000;Halle (Saale);insg.;122;107;15;0;0;0;10;10;0;10;10;0;29;29;0;17;15;2;62;50;12;4;3;1;66;53;13;2020
217000;Sonstige Raubueberfaelle auf Stra�en, Wegen oder Plaetzen;2000000;Hamburg;insg.;922;781;141;0;0;0;30;28;2;30;28;2;115;104;11;130;124;6;571;475;96;76;50;26;647;525;122;2020
217000;Sonstige Raubueberfaelle auf Stra�en, Wegen oder Plaetzen;5915000;Hamm;insg.;66;55;11;0;0;0;8;5;3;8;5;3;12;9;3;12;11;1;29;26;3;5;4;1;34;30;4;2020
217000;Sonstige Raubueberfaelle auf Stra�en, Wegen oder Plaetzen;3241001;Hannover;insg.;364;320;44;0;0;0;5;5;0;5;5;0;44;38;6;43;40;3;249;227;22;23;10;13;272;237;35;2020
217000;Sonstige Raubueberfaelle auf Stra�en, Wegen oder Plaetzen;8221000;Heidelberg;insg.;17;14;3;0;0;0;1;1;0;1;1;0;4;4;0;3;3;0;9;6;3;0;0;0;9;6;3;2020
217000;Sonstige Raubueberfaelle auf Stra�en, Wegen oder Plaetzen;8121000;Heilbronn;insg.;21;17;4;0;0;0;0;0;0;0;0;0;2;1;1;2;2;0;15;13;2;2;1;1;17;14;3;2020
217000;Sonstige Raubueberfaelle auf Stra�en, Wegen oder Plaetzen;5916000;Herne;insg.;32;27;5;0;0;0;2;2;0;2;2;0;7;6;1;6;6;0;12;10;2;5;3;2;17;13;4;2020
217000;Sonstige Raubueberfaelle auf Stra�en, Wegen oder Plaetzen;3254021;Hildesheim;insg.;15;12;3;0;0;0;2;2;0;2;2;0;1;1;0;3;3;0;8;5;3;1;1;0;9;6;3;2020
217000;Sonstige Raubueberfaelle auf Stra�en, Wegen oder Plaetzen;9161000;Ingolstadt;insg.;5;5;0;0;0;0;0;0;0;0;0;0;0;0;0;3;3;0;1;1;0;1;1;0;2;2;0;2020
217000;Sonstige Raubueberfaelle auf Stra�en, Wegen oder Plaetzen;16053000;Jena;insg.;20;17;3;0;0;0;0;0;0;0;0;0;1;1;0;4;4;0;14;11;3;1;1;0;15;12;3;2020
217000;Sonstige Raubueberfaelle auf Stra�en, Wegen oder Plaetzen;7312000;Kaiserslautern;insg.;27;25;2;0;0;0;1;1;0;1;1;0;3;2;1;4;4;0;16;16;0;3;2;1;19;18;1;2020
217000;Sonstige Raubueberfaelle auf Stra�en, Wegen oder Plaetzen;8212000;Karlsruhe;insg.;74;64;10;0;0;0;5;5;0;5;5;0;7;5;2;7;6;1;47;42;5;8;6;2;55;48;7;2020
217000;Sonstige Raubueberfaelle auf Stra�en, Wegen oder Plaetzen;6611000;Kassel;insg.;79;68;11;0;0;0;9;8;1;9;8;1;15;14;1;6;5;1;39;34;5;10;7;3;49;41;8;2020
217000;Sonstige Raubueberfaelle auf Stra�en, Wegen oder Plaetzen;1002000;Kiel;insg.;103;83;20;0;0;0;3;3;0;3;3;0;21;20;1;9;9;0;54;43;11;16;8;8;70;51;19;2020
217000;Sonstige Raubueberfaelle auf Stra�en, Wegen oder Plaetzen;7111000;Koblenz;insg.;37;31;6;0;0;0;1;1;0;1;1;0;4;4;0;4;2;2;26;24;2;2;0;2;28;24;4;2020
217000;Sonstige Raubueberfaelle auf Stra�en, Wegen oder Plaetzen;5315000;Koeln;insg.;608;508;100;0;0;0;39;34;5;39;34;5;120;100;20;77;70;7;329;272;57;43;32;11;372;304;68;2020
217000;Sonstige Raubueberfaelle auf Stra�en, Wegen oder Plaetzen;5114000;Krefeld;insg.;71;58;13;0;0;0;6;5;1;6;5;1;16;13;3;4;4;0;43;34;9;2;2;0;45;36;9;2020
217000;Sonstige Raubueberfaelle auf Stra�en, Wegen oder Plaetzen;14713000;Leipzig;insg.;289;253;36;0;0;0;17;13;4;17;13;4;71;68;3;47;40;7;137;119;18;17;13;4;154;132;22;2020
217000;Sonstige Raubueberfaelle auf Stra�en, Wegen oder Plaetzen;5316000;Leverkusen;insg.;28;23;5;0;0;0;1;1;0;1;1;0;10;9;1;6;6;0;11;7;4;0;0;0;11;7;4;2020
217000;Sonstige Raubueberfaelle auf Stra�en, Wegen oder Plaetzen;1003000;Luebeck;insg.;53;46;7;0;0;0;1;1;0;1;1;0;8;8;0;5;4;1;35;30;5;4;3;1;39;33;6;2020
217000;Sonstige Raubueberfaelle auf Stra�en, Wegen oder Plaetzen;7314000;Ludwigshafen am Rhein;insg.;85;75;10;0;0;0;15;14;1;15;14;1;20;17;3;16;15;1;31;26;5;3;3;0;34;29;5;2020
217000;Sonstige Raubueberfaelle auf Stra�en, Wegen oder Plaetzen;15003000;Magdeburg;insg.;137;120;17;0;0;0;14;13;1;14;13;1;43;40;3;26;24;2;47;39;8;7;4;3;54;43;11;2020
217000;Sonstige Raubueberfaelle auf Stra�en, Wegen oder Plaetzen;7315000;Mainz;insg.;66;59;7;0;0;0;3;3;0;3;3;0;13;13;0;6;6;0;39;33;6;5;4;1;44;37;7;2020
217000;Sonstige Raubueberfaelle auf Stra�en, Wegen oder Plaetzen;8222000;Mannheim;insg.;79;65;14;0;0;0;6;5;1;6;5;1;11;11;0;11;9;2;44;36;8;7;4;3;51;40;11;2020
217000;Sonstige Raubueberfaelle auf Stra�en, Wegen oder Plaetzen;5170024;Moers;insg.;23;18;5;0;0;0;4;4;0;4;4;0;6;4;2;2;2;0;9;6;3;2;2;0;11;8;3;2020
217000;Sonstige Raubueberfaelle auf Stra�en, Wegen oder Plaetzen;5116000;Moenchengladbach;insg.;93;75;18;0;0;0;4;2;2;4;2;2;19;17;2;7;7;0;58;45;13;5;4;1;63;49;14;2020
217000;Sonstige Raubueberfaelle auf Stra�en, Wegen oder Plaetzen;5117000;Muelheim an der Ruhr;insg.;32;25;7;0;0;0;7;7;0;7;7;0;8;6;2;3;3;0;11;8;3;3;1;2;14;9;5;2020
217000;Sonstige Raubueberfaelle auf Stra�en, Wegen oder Plaetzen;9162000;Muenchen;insg.;122;109;13;0;0;0;2;2;0;2;2;0;18;17;1;22;20;2;77;68;9;3;2;1;80;70;10;2020
217000;Sonstige Raubueberfaelle auf Stra�en, Wegen oder Plaetzen;5515000;Muenster;insg.;81;73;8;0;0;0;4;3;1;4;3;1;17;16;1;13;13;0;38;35;3;9;6;3;47;41;6;2020
217000;Sonstige Raubueberfaelle auf Stra�en, Wegen oder Plaetzen;5162024;Neuss;insg.;62;53;9;0;0;0;4;4;0;4;4;0;24;22;2;10;8;2;21;18;3;3;1;2;24;19;5;2020
217000;Sonstige Raubueberfaelle auf Stra�en, Wegen oder Plaetzen;9564000;Nuernberg;insg.;73;62;11;0;0;0;1;1;0;1;1;0;6;4;2;9;9;0;51;46;5;6;2;4;57;48;9;2020
217000;Sonstige Raubueberfaelle auf Stra�en, Wegen oder Plaetzen;5119000;Oberhausen;insg.;63;52;11;0;0;0;3;3;0;3;3;0;13;11;2;9;9;0;35;28;7;3;1;2;38;29;9;2020
217000;Sonstige Raubueberfaelle auf Stra�en, Wegen oder Plaetzen;6413000;Offenbach am Main;insg.;52;38;14;0;0;0;4;3;1;4;3;1;6;5;1;4;3;1;34;25;9;4;2;2;38;27;11;2020
217000;Sonstige Raubueberfaelle auf Stra�en, Wegen oder Plaetzen;3403000;Oldenburg (Oldenburg);insg.;34;29;5;0;0;0;4;3;1;4;3;1;10;10;0;4;4;0;15;11;4;1;1;0;16;12;4;2020
217000;Sonstige Raubueberfaelle auf Stra�en, Wegen oder Plaetzen;3404000;Osnabrueck;insg.;46;42;4;0;0;0;2;2;0;2;2;0;3;3;0;10;10;0;26;22;4;5;5;0;31;27;4;2020
217000;Sonstige Raubueberfaelle auf Stra�en, Wegen oder Plaetzen;5774032;Paderborn;insg.;29;26;3;0;0;0;0;0;0;0;0;0;4;4;0;4;3;1;18;17;1;3;2;1;21;19;2;2020
217000;Sonstige Raubueberfaelle auf Stra�en, Wegen oder Plaetzen;8231000;Pforzheim;insg.;27;25;2;0;0;0;0;0;0;0;0;0;7;7;0;6;5;1;13;12;1;1;1;0;14;13;1;2020
217000;Sonstige Raubueberfaelle auf Stra�en, Wegen oder Plaetzen;12054000;Potsdam;insg.;50;45;5;0;0;0;0;0;0;0;0;0;19;18;1;14;13;1;16;14;2;1;0;1;17;14;3;2020
217000;Sonstige Raubueberfaelle auf Stra�en, Wegen oder Plaetzen;5562032;Recklinghausen;insg.;31;21;10;0;0;0;2;1;1;2;1;1;4;3;1;4;4;0;18;12;6;3;1;2;21;13;8;2020
217000;Sonstige Raubueberfaelle auf Stra�en, Wegen oder Plaetzen;9362000;Regensburg;insg.;20;19;1;0;0;0;0;0;0;0;0;0;6;6;0;3;3;0;11;10;1;0;0;0;11;10;1;2020
217000;Sonstige Raubueberfaelle auf Stra�en, Wegen oder Plaetzen;5120000;Remscheid;insg.;14;13;1;0;0;0;1;1;0;1;1;0;2;2;0;3;3;0;5;5;0;3;2;1;8;7;1;2020
217000;Sonstige Raubueberfaelle auf Stra�en, Wegen oder Plaetzen;8415061;Reutlingen;insg.;17;17;0;0;0;0;1;1;0;1;1;0;7;7;0;5;5;0;4;4;0;0;0;0;4;4;0;2020
217000;Sonstige Raubueberfaelle auf Stra�en, Wegen oder Plaetzen;13003000;Rostock;insg.;45;37;8;0;0;0;3;2;1;3;2;1;13;13;0;5;4;1;21;17;4;3;1;2;24;18;6;2020
217000;Sonstige Raubueberfaelle auf Stra�en, Wegen oder Plaetzen;10041100;Saarbruecken;insg.;72;63;9;0;0;0;4;2;2;4;2;2;12;11;1;11;9;2;37;33;4;8;8;0;45;41;4;2020
217000;Sonstige Raubueberfaelle auf Stra�en, Wegen oder Plaetzen;3102000;Salzgitter;insg.;23;22;1;0;0;0;0;0;0;0;0;0;9;9;0;3;3;0;9;8;1;2;2;0;11;10;1;2020
217000;Sonstige Raubueberfaelle auf Stra�en, Wegen oder Plaetzen;13004000;Schwerin;insg.;23;18;5;0;0;0;1;0;1;1;0;1;0;0;0;3;3;0;15;11;4;4;4;0;19;15;4;2020
217000;Sonstige Raubueberfaelle auf Stra�en, Wegen oder Plaetzen;5970040;Siegen;insg.;12;10;2;0;0;0;0;0;0;0;0;0;2;2;0;2;2;0;8;6;2;0;0;0;8;6;2;2020
217000;Sonstige Raubueberfaelle auf Stra�en, Wegen oder Plaetzen;5122000;Solingen;insg.;35;29;6;0;0;0;9;8;1;9;8;1;7;6;1;1;1;0;17;13;4;1;1;0;18;14;4;2020
217000;Sonstige Raubueberfaelle auf Stra�en, Wegen oder Plaetzen;8111000;Stuttgart;insg.;262;215;47;0;0;0;5;4;1;5;4;1;27;21;6;35;32;3;186;153;33;9;5;4;195;158;37;2020
217000;Sonstige Raubueberfaelle auf Stra�en, Wegen oder Plaetzen;7211000;Trier;insg.;23;21;2;0;0;0;2;1;1;2;1;1;5;5;0;5;5;0;10;9;1;1;1;0;11;10;1;2020
217000;Sonstige Raubueberfaelle auf Stra�en, Wegen oder Plaetzen;8421000;Ulm;insg.;24;18;6;0;0;0;1;0;1;1;0;1;6;5;1;2;2;0;14;11;3;1;0;1;15;11;4;2020
217000;Sonstige Raubueberfaelle auf Stra�en, Wegen oder Plaetzen;6414000;Wiesbaden;insg.;69;64;5;0;0;0;3;3;0;3;3;0;14;14;0;18;17;1;31;28;3;3;2;1;34;30;4;2020
217000;Sonstige Raubueberfaelle auf Stra�en, Wegen oder Plaetzen;3103000;Wolfsburg;insg.;11;8;3;0;0;0;0;0;0;0;0;0;1;1;0;1;0;1;9;7;2;0;0;0;9;7;2;2020
217000;Sonstige Raubueberfaelle auf Stra�en, Wegen oder Plaetzen;5124000;Wuppertal;insg.;172;136;36;0;0;0;10;8;2;10;8;2;48;47;1;18;15;3;85;63;22;11;3;8;96;66;30;2020
217000;Sonstige Raubueberfaelle auf Stra�en, Wegen oder Plaetzen;9663000;Wuerzburg;insg.;6;6;0;0;0;0;1;1;0;1;1;0;2;2;0;2;2;0;1;1;0;0;0;0;1;1;0;2020
219000;Raubueberfaelle in Wohnungen;5334002;Aachen;insg.;9;7;2;0;0;0;0;0;0;0;0;0;0;0;0;0;0;0;6;5;1;3;2;1;9;7;2;2020
219000;Raubueberfaelle in Wohnungen;9761000;Augsburg;insg.;2;2;0;0;0;0;1;1;0;1;1;0;0;0;0;0;0;0;1;1;0;0;0;0;1;1;0;2020
219000;Raubueberfaelle in Wohnungen;5378004;Bergisch Gladbach;insg.;3;2;1;0;0;0;0;0;0;0;0;0;0;0;0;0;0;0;1;1;0;2;1;1;3;2;1;2020
219000;Raubueberfaelle in Wohnungen;11000000;Berlin;insg.;309;178;131;3;1;2;6;1;5;9;2;7;32;21;11;13;7;6;179;116;63;76;32;44;255;148;107;2020
219000;Raubueberfaelle in Wohnungen;5711000;Bielefeld;insg.;6;4;2;0;0;0;0;0;0;0;0;0;1;1;0;0;0;0;3;3;0;2;0;2;5;3;2;2020
219000;Raubueberfaelle in Wohnungen;5911000;Bochum;insg.;14;5;9;0;0;0;0;0;0;0;0;0;1;0;1;0;0;0;13;5;8;0;0;0;13;5;8;2020
219000;Raubueberfaelle in Wohnungen;5314000;Bonn;insg.;26;18;8;0;0;0;1;0;1;1;0;1;2;2;0;0;0;0;17;11;6;6;5;1;23;16;7;2020
219000;Raubueberfaelle in Wohnungen;5512000;Bottrop;insg.;3;3;0;0;0;0;0;0;0;0;0;0;0;0;0;0;0;0;2;2;0;1;1;0;3;3;0;2020
219000;Raubueberfaelle in Wohnungen;3101000;Braunschweig;insg.;6;3;3;0;0;0;0;0;0;0;0;0;0;0;0;0;0;0;4;2;2;2;1;1;6;3;3;2020
219000;Raubueberfaelle in Wohnungen;4011000;Bremen;insg.;41;24;17;0;0;0;0;0;0;0;0;0;1;1;0;2;2;0;27;15;12;11;6;5;38;21;17;2020
219000;Raubueberfaelle in Wohnungen;4012000;Bremerhaven;insg.;15;12;3;0;0;0;0;0;0;0;0;0;0;0;0;0;0;0;13;10;3;2;2;0;15;12;3;2020
219000;Raubueberfaelle in Wohnungen;14511000;Chemnitz;insg.;9;6;3;0;0;0;0;0;0;0;0;0;0;0;0;0;0;0;8;5;3;1;1;0;9;6;3;2020
219000;Raubueberfaelle in Wohnungen;6411000;Darmstadt;insg.;4;1;3;0;0;0;0;0;0;0;0;0;0;0;0;0;0;0;4;1;3;0;0;0;4;1;3;2020
219000;Raubueberfaelle in Wohnungen;5913000;Dortmund;insg.;32;17;15;0;0;0;1;1;0;1;1;0;2;2;0;2;0;2;22;12;10;5;2;3;27;14;13;2020
219000;Raubueberfaelle in Wohnungen;14612000;Dresden;insg.;32;23;9;0;0;0;0;0;0;0;0;0;0;0;0;3;3;0;26;19;7;3;1;2;29;20;9;2020
219000;Raubueberfaelle in Wohnungen;5112000;Duisburg;insg.;29;16;13;0;0;0;0;0;0;0;0;0;0;0;0;3;1;2;22;13;9;4;2;2;26;15;11;2020
219000;Raubueberfaelle in Wohnungen;5111000;Duesseldorf;insg.;31;17;14;1;1;0;0;0;0;1;1;0;1;1;0;0;0;0;24;14;10;5;1;4;29;15;14;2020
219000;Raubueberfaelle in Wohnungen;16051000;Erfurt;insg.;17;11;6;0;0;0;0;0;0;0;0;0;1;1;0;0;0;0;14;8;6;2;2;0;16;10;6;2020
219000;Raubueberfaelle in Wohnungen;9562000;Erlangen;insg.;2;1;1;0;0;0;0;0;0;0;0;0;0;0;0;1;0;1;1;1;0;0;0;0;1;1;0;2020
219000;Raubueberfaelle in Wohnungen;5113000;Essen;insg.;35;19;16;0;0;0;0;0;0;0;0;0;1;0;1;1;0;1;19;12;7;14;7;7;33;19;14;2020
219000;Raubueberfaelle in Wohnungen;6412000;Frankfurt am Main;insg.;24;15;9;0;0;0;0;0;0;0;0;0;1;1;0;1;1;0;15;11;4;7;2;5;22;13;9;2020
219000;Raubueberfaelle in Wohnungen;8311000;Freiburg im Breisgau;insg.;5;2;3;0;0;0;0;0;0;0;0;0;0;0;0;0;0;0;3;2;1;2;0;2;5;2;3;2020
219000;Raubueberfaelle in Wohnungen;9563000;Fuerth;insg.;2;2;0;0;0;0;0;0;0;0;0;0;0;0;0;0;0;0;2;2;0;0;0;0;2;2;0;2020
219000;Raubueberfaelle in Wohnungen;5513000;Gelsenkirchen;insg.;8;5;3;0;0;0;0;0;0;0;0;0;0;0;0;0;0;0;4;2;2;4;3;1;8;5;3;2020
219000;Raubueberfaelle in Wohnungen;3159016;Goettingen;insg.;11;8;3;0;0;0;0;0;0;0;0;0;1;1;0;2;2;0;5;3;2;3;2;1;8;5;3;2020
219000;Raubueberfaelle in Wohnungen;5754008;Guetersloh;insg.;5;1;4;0;0;0;0;0;0;0;0;0;0;0;0;0;0;0;4;1;3;1;0;1;5;1;4;2020
219000;Raubueberfaelle in Wohnungen;5914000;Hagen;insg.;18;12;6;0;0;0;0;0;0;0;0;0;0;0;0;1;1;0;13;8;5;4;3;1;17;11;6;2020
219000;Raubueberfaelle in Wohnungen;15002000;Halle (Saale);insg.;16;8;8;0;0;0;1;1;0;1;1;0;2;2;0;0;0;0;10;4;6;3;1;2;13;5;8;2020
219000;Raubueberfaelle in Wohnungen;2000000;Hamburg;insg.;72;41;31;0;0;0;0;0;0;0;0;0;3;0;3;5;5;0;47;25;22;17;11;6;64;36;28;2020
219000;Raubueberfaelle in Wohnungen;5915000;Hamm;insg.;6;5;1;0;0;0;0;0;0;0;0;0;0;0;0;0;0;0;5;5;0;1;0;1;6;5;1;2020
219000;Raubueberfaelle in Wohnungen;3241001;Hannover;insg.;43;22;21;0;0;0;1;0;1;1;0;1;2;2;0;9;8;1;18;10;8;13;2;11;31;12;19;2020
219000;Raubueberfaelle in Wohnungen;8221000;Heidelberg;insg.;2;2;0;0;0;0;0;0;0;0;0;0;0;0;0;0;0;0;1;1;0;1;1;0;2;2;0;2020
219000;Raubueberfaelle in Wohnungen;8121000;Heilbronn;insg.;5;3;2;0;0;0;1;1;0;1;1;0;0;0;0;0;0;0;4;2;2;0;0;0;4;2;2;2020
219000;Raubueberfaelle in Wohnungen;5916000;Herne;insg.;6;4;2;0;0;0;0;0;0;0;0;0;0;0;0;1;1;0;4;2;2;1;1;0;5;3;2;2020
219000;Raubueberfaelle in Wohnungen;3254021;Hildesheim;insg.;12;10;2;0;0;0;0;0;0;0;0;0;0;0;0;5;5;0;6;5;1;1;0;1;7;5;2;2020
219000;Raubueberfaelle in Wohnungen;9161000;Ingolstadt;insg.;2;1;1;0;0;0;0;0;0;0;0;0;0;0;0;0;0;0;2;1;1;0;0;0;2;1;1;2020
219000;Raubueberfaelle in Wohnungen;16053000;Jena;insg.;2;2;0;0;0;0;0;0;0;0;0;0;0;0;0;1;1;0;1;1;0;0;0;0;1;1;0;2020
219000;Raubueberfaelle in Wohnungen;7312000;Kaiserslautern;insg.;11;5;6;0;0;0;0;0;0;0;0;0;0;0;0;0;0;0;7;4;3;4;1;3;11;5;6;2020
219000;Raubueberfaelle in Wohnungen;8212000;Karlsruhe;insg.;10;8;2;0;0;0;0;0;0;0;0;0;0;0;0;1;1;0;5;5;0;4;2;2;9;7;2;2020
219000;Raubueberfaelle in Wohnungen;6611000;Kassel;insg.;13;8;5;1;1;0;0;0;0;1;1;0;0;0;0;0;0;0;12;7;5;0;0;0;12;7;5;2020
219000;Raubueberfaelle in Wohnungen;1002000;Kiel;insg.;42;29;13;0;0;0;0;0;0;0;0;0;0;0;0;4;3;1;31;25;6;7;1;6;38;26;12;2020
219000;Raubueberfaelle in Wohnungen;7111000;Koblenz;insg.;3;2;1;0;0;0;0;0;0;0;0;0;1;1;0;1;1;0;1;0;1;0;0;0;1;0;1;2020
219000;Raubueberfaelle in Wohnungen;5315000;Koeln;insg.;67;39;28;0;0;0;0;0;0;0;0;0;3;3;0;2;2;0;45;24;21;17;10;7;62;34;28;2020
219000;Raubueberfaelle in Wohnungen;5114000;Krefeld;insg.;17;12;5;0;0;0;0;0;0;0;0;0;0;0;0;2;2;0;14;9;5;1;1;0;15;10;5;2020
219000;Raubueberfaelle in Wohnungen;14713000;Leipzig;insg.;25;15;10;0;0;0;0;0;0;0;0;0;0;0;0;4;3;1;18;11;7;3;1;2;21;12;9;2020
219000;Raubueberfaelle in Wohnungen;5316000;Leverkusen;insg.;8;5;3;0;0;0;0;0;0;0;0;0;0;0;0;0;0;0;6;4;2;2;1;1;8;5;3;2020
219000;Raubueberfaelle in Wohnungen;1003000;Luebeck;insg.;14;10;4;0;0;0;0;0;0;0;0;0;0;0;0;1;0;1;8;8;0;5;2;3;13;10;3;2020
219000;Raubueberfaelle in Wohnungen;7314000;Ludwigshafen am Rhein;insg.;13;10;3;0;0;0;0;0;0;0;0;0;0;0;0;1;1;0;9;8;1;3;1;2;12;9;3;2020
219000;Raubueberfaelle in Wohnungen;15003000;Magdeburg;insg.;11;8;3;0;0;0;0;0;0;0;0;0;2;2;0;4;3;1;3;2;1;2;1;1;5;3;2;2020
219000;Raubueberfaelle in Wohnungen;7315000;Mainz;insg.;5;5;0;0;0;0;0;0;0;0;0;0;0;0;0;0;0;0;5;5;0;0;0;0;5;5;0;2020
219000;Raubueberfaelle in Wohnungen;8222000;Mannheim;insg.;13;8;5;0;0;0;0;0;0;0;0;0;0;0;0;1;0;1;10;7;3;2;1;1;12;8;4;2020
219000;Raubueberfaelle in Wohnungen;5170024;Moers;insg.;3;2;1;0;0;0;0;0;0;0;0;0;0;0;0;1;1;0;0;0;0;2;1;1;2;1;1;2020
219000;Raubueberfaelle in Wohnungen;5116000;Moenchengladbach;insg.;7;3;4;0;0;0;0;0;0;0;0;0;0;0;0;0;0;0;6;3;3;1;0;1;7;3;4;2020
219000;Raubueberfaelle in Wohnungen;5117000;Muelheim an der Ruhr;insg.;4;2;2;0;0;0;0;0;0;0;0;0;0;0;0;0;0;0;2;1;1;2;1;1;4;2;2;2020
219000;Raubueberfaelle in Wohnungen;9162000;Muenchen;insg.;24;15;9;0;0;0;0;0;0;0;0;0;0;0;0;0;0;0;21;13;8;3;2;1;24;15;9;2020
219000;Raubueberfaelle in Wohnungen;5515000;Muenster;insg.;6;4;2;0;0;0;0;0;0;0;0;0;0;0;0;2;2;0;3;1;2;1;1;0;4;2;2;2020
219000;Raubueberfaelle in Wohnungen;5162024;Neuss;insg.;11;6;5;0;0;0;0;0;0;0;0;0;1;1;0;0;0;0;9;4;5;1;1;0;10;5;5;2020
219000;Raubueberfaelle in Wohnungen;9564000;Nuernberg;insg.;16;9;7;0;0;0;0;0;0;0;0;0;0;0;0;0;0;0;14;9;5;2;0;2;16;9;7;2020
219000;Raubueberfaelle in Wohnungen;5119000;Oberhausen;insg.;14;9;5;0;0;0;0;0;0;0;0;0;3;3;0;2;2;0;7;4;3;2;0;2;9;4;5;2020
219000;Raubueberfaelle in Wohnungen;6413000;Offenbach am Main;insg.;4;2;2;0;0;0;0;0;0;0;0;0;0;0;0;0;0;0;3;2;1;1;0;1;4;2;2;2020
219000;Raubueberfaelle in Wohnungen;3403000;Oldenburg (Oldenburg);insg.;10;5;5;0;0;0;0;0;0;0;0;0;0;0;0;2;1;1;6;4;2;2;0;2;8;4;4;2020
219000;Raubueberfaelle in Wohnungen;3404000;Osnabrueck;insg.;15;11;4;0;0;0;0;0;0;0;0;0;0;0;0;1;1;0;11;9;2;3;1;2;14;10;4;2020
219000;Raubueberfaelle in Wohnungen;5774032;Paderborn;insg.;6;6;0;0;0;0;0;0;0;0;0;0;0;0;0;1;1;0;5;5;0;0;0;0;5;5;0;2020
219000;Raubueberfaelle in Wohnungen;8231000;Pforzheim;insg.;2;1;1;0;0;0;0;0;0;0;0;0;0;0;0;0;0;0;2;1;1;0;0;0;2;1;1;2020
219000;Raubueberfaelle in Wohnungen;12054000;Potsdam;insg.;7;6;1;0;0;0;0;0;0;0;0;0;0;0;0;1;1;0;5;5;0;1;0;1;6;5;1;2020
219000;Raubueberfaelle in Wohnungen;5562032;Recklinghausen;insg.;9;3;6;0;0;0;0;0;0;0;0;0;0;0;0;1;1;0;1;1;0;7;1;6;8;2;6;2020
219000;Raubueberfaelle in Wohnungen;9362000;Regensburg;insg.;5;2;3;0;0;0;0;0;0;0;0;0;1;0;1;2;2;0;2;0;2;0;0;0;2;0;2;2020
219000;Raubueberfaelle in Wohnungen;5120000;Remscheid;insg.;9;5;4;0;0;0;0;0;0;0;0;0;0;0;0;2;2;0;5;1;4;2;2;0;7;3;4;2020
219000;Raubueberfaelle in Wohnungen;8415061;Reutlingen;insg.;1;0;1;0;0;0;0;0;0;0;0;0;0;0;0;0;0;0;1;0;1;0;0;0;1;0;1;2020
219000;Raubueberfaelle in Wohnungen;13003000;Rostock;insg.;12;9;3;0;0;0;0;0;0;0;0;0;1;1;0;4;4;0;6;3;3;1;1;0;7;4;3;2020
219000;Raubueberfaelle in Wohnungen;10041100;Saarbruecken;insg.;10;7;3;0;0;0;0;0;0;0;0;0;0;0;0;0;0;0;9;6;3;1;1;0;10;7;3;2020
219000;Raubueberfaelle in Wohnungen;3102000;Salzgitter;insg.;1;0;1;0;0;0;0;0;0;0;0;0;0;0;0;0;0;0;1;0;1;0;0;0;1;0;1;2020
219000;Raubueberfaelle in Wohnungen;13004000;Schwerin;insg.;9;7;2;0;0;0;0;0;0;0;0;0;0;0;0;2;2;0;7;5;2;0;0;0;7;5;2;2020
219000;Raubueberfaelle in Wohnungen;5970040;Siegen;insg.;10;7;3;0;0;0;0;0;0;0;0;0;0;0;0;0;0;0;8;5;3;2;2;0;10;7;3;2020
219000;Raubueberfaelle in Wohnungen;5122000;Solingen;insg.;3;2;1;0;0;0;0;0;0;0;0;0;0;0;0;1;1;0;1;1;0;1;0;1;2;1;1;2020
219000;Raubueberfaelle in Wohnungen;8111000;Stuttgart;insg.;27;12;15;0;0;0;0;0;0;0;0;0;0;0;0;1;1;0;19;11;8;7;0;7;26;11;15;2020
219000;Raubueberfaelle in Wohnungen;7211000;Trier;insg.;6;5;1;0;0;0;0;0;0;0;0;0;0;0;0;0;0;0;6;5;1;0;0;0;6;5;1;2020
219000;Raubueberfaelle in Wohnungen;8421000;Ulm;insg.;5;3;2;0;0;0;0;0;0;0;0;0;0;0;0;2;2;0;3;1;2;0;0;0;3;1;2;2020
219000;Raubueberfaelle in Wohnungen;6414000;Wiesbaden;insg.;13;8;5;0;0;0;0;0;0;0;0;0;2;2;0;0;0;0;7;4;3;4;2;2;11;6;5;2020
219000;Raubueberfaelle in Wohnungen;3103000;Wolfsburg;insg.;2;0;2;0;0;0;0;0;0;0;0;0;1;0;1;0;0;0;0;0;0;1;0;1;1;0;1;2020
219000;Raubueberfaelle in Wohnungen;5124000;Wuppertal;insg.;18;10;8;0;0;0;0;0;0;0;0;0;1;1;0;3;1;2;11;6;5;3;2;1;14;8;6;2020
219000;Raubueberfaelle in Wohnungen;9663000;Wuerzburg;insg.;0;0;0;0;0;0;0;0;0;0;0;0;0;0;0;0;0;0;0;0;0;0;0;0;0;0;0;2020
222000;Gefaehrliche und schwere Koerperverletzung, Verstuemmelung weiblicher Genitalien;5334002;Aachen;insg.;798;572;226;12;6;6;18;13;5;30;19;11;68;48;20;78;62;16;570;412;158;52;31;21;622;443;179;2020
222000;Gefaehrliche und schwere Koerperverletzung, Verstuemmelung weiblicher Genitalien;9761000;Augsburg;insg.;772;594;178;2;1;1;30;19;11;32;20;12;70;50;20;104;84;20;525;411;114;41;29;12;566;440;126;2020
222000;Gefaehrliche und schwere Koerperverletzung, Verstuemmelung weiblicher Genitalien;5378004;Bergisch Gladbach;insg.;160;108;52;1;0;1;5;2;3;6;2;4;18;13;5;18;12;6;110;76;34;8;5;3;118;81;37;2020
222000;Gefaehrliche und schwere Koerperverletzung, Verstuemmelung weiblicher Genitalien;11000000;Berlin;insg.;13216;10057;3159;78;37;41;596;394;202;674;431;243;961;711;250;1120;885;235;9845;7624;2221;616;406;210;10461;8030;2431;2020
222000;Gefaehrliche und schwere Koerperverletzung, Verstuemmelung weiblicher Genitalien;5711000;Bielefeld;insg.;691;486;205;1;1;0;24;17;7;25;18;7;67;43;24;75;50;25;490;350;140;34;25;9;524;375;149;2020
222000;Gefaehrliche und schwere Koerperverletzung, Verstuemmelung weiblicher Genitalien;5911000;Bochum;insg.;1040;707;333;4;4;0;31;20;11;35;24;11;108;74;34;151;86;65;702;490;212;44;33;11;746;523;223;2020
222000;Gefaehrliche und schwere Koerperverletzung, Verstuemmelung weiblicher Genitalien;5314000;Bonn;insg.;973;703;270;6;2;4;42;29;13;48;31;17;85;52;33;106;86;20;687;502;185;47;32;15;734;534;200;2020
222000;Gefaehrliche und schwere Koerperverletzung, Verstuemmelung weiblicher Genitalien;5512000;Bottrop;insg.;230;174;56;0;0;0;5;2;3;5;2;3;23;20;3;26;23;3;160;118;42;16;11;5;176;129;47;2020
222000;Gefaehrliche und schwere Koerperverletzung, Verstuemmelung weiblicher Genitalien;3101000;Braunschweig;insg.;623;449;174;4;1;3;23;20;3;27;21;6;74;47;27;70;53;17;430;317;113;22;11;11;452;328;124;2020
222000;Gefaehrliche und schwere Koerperverletzung, Verstuemmelung weiblicher Genitalien;4011000;Bremen;insg.;1736;1309;427;12;6;6;52;33;19;64;39;25;192;135;57;197;165;32;1222;933;289;61;37;24;1283;970;313;2020
222000;Gefaehrliche und schwere Koerperverletzung, Verstuemmelung weiblicher Genitalien;4012000;Bremerhaven;insg.;474;349;125;3;2;1;14;7;7;17;9;8;44;33;11;45;32;13;352;264;88;16;11;5;368;275;93;2020
222000;Gefaehrliche und schwere Koerperverletzung, Verstuemmelung weiblicher Genitalien;14511000;Chemnitz;insg.;581;467;114;3;3;0;18;12;6;21;15;6;49;40;9;70;57;13;411;333;78;30;22;8;441;355;86;2020
222000;Gefaehrliche und schwere Koerperverletzung, Verstuemmelung weiblicher Genitalien;6411000;Darmstadt;insg.;348;268;80;1;1;0;11;9;2;12;10;2;25;17;8;33;28;5;264;204;60;14;9;5;278;213;65;2020
222000;Gefaehrliche und schwere Koerperverletzung, Verstuemmelung weiblicher Genitalien;5913000;Dortmund;insg.;2144;1555;589;8;4;4;94;62;32;102;66;36;180;117;63;244;189;55;1534;1121;413;84;62;22;1618;1183;435;2020
222000;Gefaehrliche und schwere Koerperverletzung, Verstuemmelung weiblicher Genitalien;14612000;Dresden;insg.;1436;1118;318;10;3;7;75;41;34;85;44;41;137;102;35;165;125;40;994;810;184;55;37;18;1049;847;202;2020
222000;Gefaehrliche und schwere Koerperverletzung, Verstuemmelung weiblicher Genitalien;5112000;Duisburg;insg.;1468;1006;462;9;4;5;113;78;35;122;82;40;132;92;40;113;82;31;1020;699;321;81;51;30;1101;750;351;2020
222000;Gefaehrliche und schwere Koerperverletzung, Verstuemmelung weiblicher Genitalien;5111000;Duesseldorf;insg.;2131;1573;558;5;3;2;58;37;21;63;40;23;214;152;62;304;245;59;1460;1070;390;90;66;24;1550;1136;414;2020
222000;Gefaehrliche und schwere Koerperverletzung, Verstuemmelung weiblicher Genitalien;16051000;Erfurt;insg.;544;422;122;1;1;0;25;14;11;26;15;11;37;31;6;71;56;15;389;310;79;21;10;11;410;320;90;2020
222000;Gefaehrliche und schwere Koerperverletzung, Verstuemmelung weiblicher Genitalien;9562000;Erlangen;insg.;156;121;35;2;1;1;5;2;3;7;3;4;28;23;5;13;9;4;101;81;20;7;5;2;108;86;22;2020
222000;Gefaehrliche und schwere Koerperverletzung, Verstuemmelung weiblicher Genitalien;5113000;Essen;insg.;1373;929;444;12;4;8;75;51;24;87;55;32;145;96;49;116;81;35;963;656;307;62;41;21;1025;697;328;2020
222000;Gefaehrliche und schwere Koerperverletzung, Verstuemmelung weiblicher Genitalien;6412000;Frankfurt am Main;insg.;3020;2330;690;16;8;8;60;45;15;76;53;23;151;102;49;313;238;75;2338;1839;499;142;98;44;2480;1937;543;2020
222000;Gefaehrliche und schwere Koerperverletzung, Verstuemmelung weiblicher Genitalien;8311000;Freiburg im Breisgau;insg.;729;626;103;4;4;0;10;7;3;14;11;3;36;32;4;92;75;17;557;486;71;30;22;8;587;508;79;2020
222000;Gefaehrliche und schwere Koerperverletzung, Verstuemmelung weiblicher Genitalien;9563000;Fuerth;insg.;182;139;43;0;0;0;16;14;2;16;14;2;22;18;4;19;13;6;121;90;31;4;4;0;125;94;31;2020
222000;Gefaehrliche und schwere Koerperverletzung, Verstuemmelung weiblicher Genitalien;5513000;Gelsenkirchen;insg.;858;611;247;3;3;0;45;27;18;48;30;18;104;64;40;84;62;22;590;433;157;32;22;10;622;455;167;2020
222000;Gefaehrliche und schwere Koerperverletzung, Verstuemmelung weiblicher Genitalien;3159016;Goettingen;insg.;393;306;87;1;0;1;10;8;2;11;8;3;20;15;5;39;33;6;305;236;69;18;14;4;323;250;73;2020
222000;Gefaehrliche und schwere Koerperverletzung, Verstuemmelung weiblicher Genitalien;5754008;Guetersloh;insg.;234;153;81;0;0;0;5;3;2;5;3;2;20;11;9;20;17;3;182;119;63;7;3;4;189;122;67;2020
222000;Gefaehrliche und schwere Koerperverletzung, Verstuemmelung weiblicher Genitalien;5914000;Hagen;insg.;471;326;145;4;1;3;26;14;12;30;15;15;36;28;8;42;29;13;343;240;103;20;14;6;363;254;109;2020
222000;Gefaehrliche und schwere Koerperverletzung, Verstuemmelung weiblicher Genitalien;15002000;Halle (Saale);insg.;868;667;201;7;5;2;59;45;14;66;50;16;68;50;18;84;70;14;614;474;140;36;23;13;650;497;153;2020
222000;Gefaehrliche und schwere Koerperverletzung, Verstuemmelung weiblicher Genitalien;2000000;Hamburg;insg.;5722;4251;1471;27;18;9;293;190;103;320;208;112;454;310;144;525;403;122;4184;3165;1019;239;165;74;4423;3330;1093;2020
222000;Gefaehrliche und schwere Koerperverletzung, Verstuemmelung weiblicher Genitalien;5915000;Hamm;insg.;434;273;161;2;0;2;25;16;9;27;16;11;64;36;28;37;29;8;294;187;107;12;5;7;306;192;114;2020
222000;Gefaehrliche und schwere Koerperverletzung, Verstuemmelung weiblicher Genitalien;3241001;Hannover;insg.;2295;1792;503;16;9;7;88;65;23;104;74;30;182;120;62;249;207;42;1683;1331;352;77;60;17;1760;1391;369;2020
222000;Gefaehrliche und schwere Koerperverletzung, Verstuemmelung weiblicher Genitalien;8221000;Heidelberg;insg.;376;283;93;2;1;1;2;1;1;4;2;2;23;17;6;51;36;15;287;222;65;11;6;5;298;228;70;2020
222000;Gefaehrliche und schwere Koerperverletzung, Verstuemmelung weiblicher Genitalien;8121000;Heilbronn;insg.;292;232;60;1;1;0;4;3;1;5;4;1;19;11;8;28;22;6;226;187;39;14;8;6;240;195;45;2020
222000;Gefaehrliche und schwere Koerperverletzung, Verstuemmelung weiblicher Genitalien;5916000;Herne;insg.;378;257;121;4;2;2;26;17;9;30;19;11;36;27;9;55;41;14;232;155;77;25;15;10;257;170;87;2020
222000;Gefaehrliche und schwere Koerperverletzung, Verstuemmelung weiblicher Genitalien;3254021;Hildesheim;insg.;297;194;103;0;0;0;10;4;6;10;4;6;27;15;12;32;19;13;220;152;68;8;4;4;228;156;72;2020
222000;Gefaehrliche und schwere Koerperverletzung, Verstuemmelung weiblicher Genitalien;9161000;Ingolstadt;insg.;318;230;88;1;0;1;20;15;5;21;15;6;32;20;12;33;30;3;219;157;62;13;8;5;232;165;67;2020
222000;Gefaehrliche und schwere Koerperverletzung, Verstuemmelung weiblicher Genitalien;16053000;Jena;insg.;231;177;54;7;7;0;5;2;3;12;9;3;5;2;3;27;19;8;180;143;37;7;4;3;187;147;40;2020
222000;Gefaehrliche und schwere Koerperverletzung, Verstuemmelung weiblicher Genitalien;7312000;Kaiserslautern;insg.;452;341;111;2;1;1;20;14;6;22;15;7;58;43;15;95;76;19;266;198;68;11;9;2;277;207;70;2020
222000;Gefaehrliche und schwere Koerperverletzung, Verstuemmelung weiblicher Genitalien;8212000;Karlsruhe;insg.;736;578;158;37;36;1;21;12;9;58;48;10;53;37;16;85;66;19;509;402;107;31;25;6;540;427;113;2020
222000;Gefaehrliche und schwere Koerperverletzung, Verstuemmelung weiblicher Genitalien;6611000;Kassel;insg.;770;566;204;4;4;0;20;9;11;24;13;11;52;32;20;66;60;6;601;443;158;27;18;9;628;461;167;2020
222000;Gefaehrliche und schwere Koerperverletzung, Verstuemmelung weiblicher Genitalien;1002000;Kiel;insg.;638;483;155;2;2;0;15;7;8;17;9;8;58;44;14;81;64;17;458;352;106;24;14;10;482;366;116;2020
222000;Gefaehrliche und schwere Koerperverletzung, Verstuemmelung weiblicher Genitalien;7111000;Koblenz;insg.;502;375;127;4;2;2;12;8;4;16;10;6;42;30;12;58;49;9;372;278;94;14;8;6;386;286;100;2020
222000;Gefaehrliche und schwere Koerperverletzung, Verstuemmelung weiblicher Genitalien;5315000;Koeln;insg.;4422;3144;1278;18;10;8;143;104;39;161;114;47;336;226;110;440;319;121;3294;2350;944;191;135;56;3485;2485;1000;2020
222000;Gefaehrliche und schwere Koerperverletzung, Verstuemmelung weiblicher Genitalien;5114000;Krefeld;insg.;602;436;166;2;1;1;41;30;11;43;31;12;56;44;12;69;56;13;405;284;121;29;21;8;434;305;129;2020
222000;Gefaehrliche und schwere Koerperverletzung, Verstuemmelung weiblicher Genitalien;14713000;Leipzig;insg.;1539;1157;382;9;6;3;41;28;13;50;34;16;111;61;50;151;122;29;1170;897;273;57;43;14;1227;940;287;2020
222000;Gefaehrliche und schwere Koerperverletzung, Verstuemmelung weiblicher Genitalien;5316000;Leverkusen;insg.;456;313;143;1;0;1;13;9;4;14;9;5;55;37;18;35;26;9;324;223;101;28;18;10;352;241;111;2020
222000;Gefaehrliche und schwere Koerperverletzung, Verstuemmelung weiblicher Genitalien;1003000;Luebeck;insg.;663;472;191;7;5;2;25;18;7;32;23;9;53;33;20;62;47;15;478;337;141;38;32;6;516;369;147;2020
222000;Gefaehrliche und schwere Koerperverletzung, Verstuemmelung weiblicher Genitalien;7314000;Ludwigshafen am Rhein;insg.;667;490;177;3;2;1;49;31;18;52;33;19;67;54;13;63;54;9;450;324;126;35;25;10;485;349;136;2020
222000;Gefaehrliche und schwere Koerperverletzung, Verstuemmelung weiblicher Genitalien;15003000;Magdeburg;insg.;737;545;192;5;3;2;33;20;13;38;23;15;76;56;20;77;53;24;521;399;122;25;14;11;546;413;133;2020
222000;Gefaehrliche und schwere Koerperverletzung, Verstuemmelung weiblicher Genitalien;7315000;Mainz;insg.;581;447;134;1;1;0;28;18;10;29;19;10;64;48;16;65;46;19;407;321;86;16;13;3;423;334;89;2020
222000;Gefaehrliche und schwere Koerperverletzung, Verstuemmelung weiblicher Genitalien;8222000;Mannheim;insg.;822;600;222;6;4;2;33;23;10;39;27;12;60;44;16;91;73;18;588;429;159;44;27;17;632;456;176;2020
222000;Gefaehrliche und schwere Koerperverletzung, Verstuemmelung weiblicher Genitalien;5170024;Moers;insg.;208;149;59;5;3;2;12;9;3;17;12;5;19;16;3;33;27;6;122;86;36;17;8;9;139;94;45;2020
222000;Gefaehrliche und schwere Koerperverletzung, Verstuemmelung weiblicher Genitalien;5116000;Moenchengladbach;insg.;697;467;230;2;1;1;25;16;9;27;17;10;59;40;19;76;47;29;498;336;162;37;27;10;535;363;172;2020
222000;Gefaehrliche und schwere Koerperverletzung, Verstuemmelung weiblicher Genitalien;5117000;Muelheim an der Ruhr;insg.;287;184;103;1;0;1;16;9;7;17;9;8;36;27;9;20;13;7;198;126;72;16;9;7;214;135;79;2020
222000;Gefaehrliche und schwere Koerperverletzung, Verstuemmelung weiblicher Genitalien;9162000;Muenchen;insg.;3491;2570;921;24;12;12;81;49;32;105;61;44;307;235;72;355;277;78;2594;1912;682;130;85;45;2724;1997;727;2020
222000;Gefaehrliche und schwere Koerperverletzung, Verstuemmelung weiblicher Genitalien;5515000;Muenster;insg.;667;482;185;7;5;2;27;16;11;34;21;13;55;39;16;83;60;23;471;345;126;24;17;7;495;362;133;2020
222000;Gefaehrliche und schwere Koerperverletzung, Verstuemmelung weiblicher Genitalien;5162024;Neuss;insg.;282;194;88;6;3;3;17;12;5;23;15;8;26;16;10;35;25;10;181;124;57;17;14;3;198;138;60;2020
222000;Gefaehrliche und schwere Koerperverletzung, Verstuemmelung weiblicher Genitalien;9564000;Nuernberg;insg.;1365;1022;343;8;6;2;69;53;16;77;59;18;108;76;32;135;113;22;982;729;253;63;45;18;1045;774;271;2020
222000;Gefaehrliche und schwere Koerperverletzung, Verstuemmelung weiblicher Genitalien;5119000;Oberhausen;insg.;452;302;150;3;1;2;21;12;9;24;13;11;56;35;21;47;39;8;313;210;103;12;5;7;325;215;110;2020
222000;Gefaehrliche und schwere Koerperverletzung, Verstuemmelung weiblicher Genitalien;6413000;Offenbach am Main;insg.;284;205;79;2;1;1;21;13;8;23;14;9;37;27;10;16;10;6;195;148;47;13;6;7;208;154;54;2020
222000;Gefaehrliche und schwere Koerperverletzung, Verstuemmelung weiblicher Genitalien;3403000;Oldenburg (Oldenburg);insg.;354;266;88;0;0;0;14;9;5;14;9;5;22;12;10;47;39;8;257;197;60;14;9;5;271;206;65;2020
222000;Gefaehrliche und schwere Koerperverletzung, Verstuemmelung weiblicher Genitalien;3404000;Osnabrueck;insg.;585;438;147;0;0;0;25;12;13;25;12;13;51;33;18;59;39;20;426;341;85;24;13;11;450;354;96;2020
222000;Gefaehrliche und schwere Koerperverletzung, Verstuemmelung weiblicher Genitalien;5774032;Paderborn;insg.;396;294;102;2;1;1;12;8;4;14;9;5;43;33;10;42;34;8;277;205;72;20;13;7;297;218;79;2020
222000;Gefaehrliche und schwere Koerperverletzung, Verstuemmelung weiblicher Genitalien;8231000;Pforzheim;insg.;374;288;86;1;1;0;13;10;3;14;11;3;57;40;17;37;30;7;249;197;52;17;10;7;266;207;59;2020
222000;Gefaehrliche und schwere Koerperverletzung, Verstuemmelung weiblicher Genitalien;12054000;Potsdam;insg.;289;209;80;1;0;1;8;7;1;9;7;2;20;12;8;32;27;5;212;155;57;16;8;8;228;163;65;2020
222000;Gefaehrliche und schwere Koerperverletzung, Verstuemmelung weiblicher Genitalien;5562032;Recklinghausen;insg.;287;196;91;0;0;0;13;10;3;13;10;3;19;14;5;26;17;9;217;147;70;12;8;4;229;155;74;2020
222000;Gefaehrliche und schwere Koerperverletzung, Verstuemmelung weiblicher Genitalien;9362000;Regensburg;insg.;418;321;97;3;3;0;5;5;0;8;8;0;35;31;4;48;45;3;308;227;81;19;10;9;327;237;90;2020
222000;Gefaehrliche und schwere Koerperverletzung, Verstuemmelung weiblicher Genitalien;5120000;Remscheid;insg.;222;159;63;2;2;0;11;11;0;13;13;0;28;22;6;31;26;5;139;92;47;11;6;5;150;98;52;2020
222000;Gefaehrliche und schwere Koerperverletzung, Verstuemmelung weiblicher Genitalien;8415061;Reutlingen;insg.;297;236;61;2;2;0;6;4;2;8;6;2;34;29;5;44;34;10;198;157;41;13;10;3;211;167;44;2020
222000;Gefaehrliche und schwere Koerperverletzung, Verstuemmelung weiblicher Genitalien;13003000;Rostock;insg.;495;345;150;2;2;0;46;23;23;48;25;23;52;40;12;56;36;20;317;230;87;22;14;8;339;244;95;2020
222000;Gefaehrliche und schwere Koerperverletzung, Verstuemmelung weiblicher Genitalien;10041100;Saarbruecken;insg.;834;633;201;2;2;0;30;21;9;32;23;9;82;60;22;86;67;19;581;447;134;53;36;17;634;483;151;2020
222000;Gefaehrliche und schwere Koerperverletzung, Verstuemmelung weiblicher Genitalien;3102000;Salzgitter;insg.;273;197;76;1;1;0;19;14;5;20;15;5;30;22;8;27;22;5;181;127;54;15;11;4;196;138;58;2020
222000;Gefaehrliche und schwere Koerperverletzung, Verstuemmelung weiblicher Genitalien;13004000;Schwerin;insg.;279;186;93;5;3;2;36;26;10;41;29;12;28;12;16;25;21;4;172;118;54;13;6;7;185;124;61;2020
222000;Gefaehrliche und schwere Koerperverletzung, Verstuemmelung weiblicher Genitalien;5970040;Siegen;insg.;234;183;51;0;0;0;9;7;2;9;7;2;17;12;5;30;22;8;169;136;33;9;6;3;178;142;36;2020
222000;Gefaehrliche und schwere Koerperverletzung, Verstuemmelung weiblicher Genitalien;5122000;Solingen;insg.;332;217;115;5;1;4;17;10;7;22;11;11;40;29;11;36;24;12;212;137;75;22;16;6;234;153;81;2020
222000;Gefaehrliche und schwere Koerperverletzung, Verstuemmelung weiblicher Genitalien;8111000;Stuttgart;insg.;2321;1830;491;8;6;2;49;30;19;57;36;21;183;125;58;312;256;56;1690;1357;333;79;56;23;1769;1413;356;2020
222000;Gefaehrliche und schwere Koerperverletzung, Verstuemmelung weiblicher Genitalien;7211000;Trier;insg.;282;216;66;0;0;0;2;1;1;2;1;1;27;18;9;37;29;8;211;165;46;5;3;2;216;168;48;2020
222000;Gefaehrliche und schwere Koerperverletzung, Verstuemmelung weiblicher Genitalien;8421000;Ulm;insg.;319;232;87;0;0;0;9;5;4;9;5;4;37;27;10;35;26;9;226;166;60;12;8;4;238;174;64;2020
222000;Gefaehrliche und schwere Koerperverletzung, Verstuemmelung weiblicher Genitalien;6414000;Wiesbaden;insg.;872;620;252;3;1;2;33;16;17;36;17;19;61;49;12;122;95;27;612;433;179;41;26;15;653;459;194;2020
222000;Gefaehrliche und schwere Koerperverletzung, Verstuemmelung weiblicher Genitalien;3103000;Wolfsburg;insg.;226;162;64;3;0;3;8;6;2;11;6;5;26;15;11;31;22;9;148;113;35;10;6;4;158;119;39;2020
222000;Gefaehrliche und schwere Koerperverletzung, Verstuemmelung weiblicher Genitalien;5124000;Wuppertal;insg.;1137;743;394;9;3;6;76;43;33;85;46;39;116;83;33;116;82;34;766;491;275;54;41;13;820;532;288;2020
222000;Gefaehrliche und schwere Koerperverletzung, Verstuemmelung weiblicher Genitalien;9663000;Wuerzburg;insg.;343;256;87;2;1;1;8;5;3;10;6;4;26;16;10;50;39;11;245;189;56;12;6;6;257;195;62;2020
224000;Vorsaetzliche einfache Koerperverletzung;5334002;Aachen;insg.;1752;1006;746;15;13;2;61;40;21;76;53;23;99;47;52;143;89;54;1312;743;569;122;74;48;1434;817;617;2020
224000;Vorsaetzliche einfache Koerperverletzung;9761000;Augsburg;insg.;2264;1413;851;22;10;12;99;65;34;121;75;46;149;93;56;250;143;107;1634;1042;592;110;60;50;1744;1102;642;2020
224000;Vorsaetzliche einfache Koerperverletzung;5378004;Bergisch Gladbach;insg.;549;288;261;6;1;5;22;15;7;28;16;12;47;19;28;40;28;12;382;194;188;52;31;21;434;225;209;2020
224000;Vorsaetzliche einfache Koerperverletzung;11000000;Berlin;insg.;31793;18752;13041;253;148;105;1781;1161;620;2034;1309;725;1873;1114;759;1866;1018;848;23953;14086;9867;2067;1225;842;26020;15311;10709;2020
224000;Vorsaetzliche einfache Koerperverletzung;5711000;Bielefeld;insg.;1681;909;772;13;8;5;76;50;26;89;58;31;101;57;44;141;76;65;1244;656;588;106;62;44;1350;718;632;2020
224000;Vorsaetzliche einfache Koerperverletzung;5911000;Bochum;insg.;2366;1329;1037;22;14;8;119;82;37;141;96;45;201;134;67;187;90;97;1667;918;749;170;91;79;1837;1009;828;2020
224000;Vorsaetzliche einfache Koerperverletzung;5314000;Bonn;insg.;2031;1151;880;15;7;8;77;43;34;92;50;42;138;82;56;191;112;79;1448;810;638;162;97;65;1610;907;703;2020
224000;Vorsaetzliche einfache Koerperverletzung;5512000;Bottrop;insg.;488;236;252;3;2;1;30;14;16;33;16;17;45;20;25;38;23;15;335;162;173;37;15;22;372;177;195;2020
224000;Vorsaetzliche einfache Koerperverletzung;3101000;Braunschweig;insg.;1477;873;604;8;6;2;79;39;40;87;45;42;132;73;59;148;95;53;1023;613;410;87;47;40;1110;660;450;2020
224000;Vorsaetzliche einfache Koerperverletzung;4011000;Bremen;insg.;4225;2581;1644;23;11;12;140;91;49;163;102;61;238;135;103;328;212;116;3215;1966;1249;281;166;115;3496;2132;1364;2020
224000;Vorsaetzliche einfache Koerperverletzung;4012000;Bremerhaven;insg.;991;567;424;6;4;2;55;39;16;61;43;18;91;40;51;75;42;33;702;400;302;62;42;20;764;442;322;2020
224000;Vorsaetzliche einfache Koerperverletzung;14511000;Chemnitz;insg.;1115;640;475;9;4;5;49;31;18;58;35;23;108;69;39;108;57;51;772;436;336;69;43;26;841;479;362;2020
224000;Vorsaetzliche einfache Koerperverletzung;6411000;Darmstadt;insg.;683;343;340;6;3;3;30;20;10;36;23;13;45;28;17;59;28;31;502;241;261;41;23;18;543;264;279;2020
224000;Vorsaetzliche einfache Koerperverletzung;5913000;Dortmund;insg.;4237;2286;1951;26;14;12;190;114;76;216;128;88;316;178;138;310;155;155;3122;1668;1454;273;157;116;3395;1825;1570;2020
224000;Vorsaetzliche einfache Koerperverletzung;14612000;Dresden;insg.;2748;1653;1095;36;26;10;177;114;63;213;140;73;242;155;87;250;149;101;1866;1110;756;177;99;78;2043;1209;834;2020
224000;Vorsaetzliche einfache Koerperverletzung;5112000;Duisburg;insg.;3246;1590;1656;32;19;13;201;110;91;233;129;104;278;149;129;216;109;107;2307;1085;1222;212;118;94;2519;1203;1316;2020
224000;Vorsaetzliche einfache Koerperverletzung;5111000;Duesseldorf;insg.;4269;2650;1619;23;10;13;143;96;47;166;106;60;307;189;118;420;279;141;3079;1896;1183;297;180;117;3376;2076;1300;2020
224000;Vorsaetzliche einfache Koerperverletzung;16051000;Erfurt;insg.;2036;1201;835;16;7;9;97;62;35;113;69;44;152;84;68;213;126;87;1446;863;583;112;59;53;1558;922;636;2020
224000;Vorsaetzliche einfache Koerperverletzung;9562000;Erlangen;insg.;446;260;186;3;3;0;8;5;3;11;8;3;27;16;11;48;27;21;333;193;140;27;16;11;360;209;151;2020
224000;Vorsaetzliche einfache Koerperverletzung;5113000;Essen;insg.;3107;1637;1470;22;13;9;189;116;73;211;129;82;226;124;102;189;92;97;2285;1179;1106;196;113;83;2481;1292;1189;2020
224000;Vorsaetzliche einfache Koerperverletzung;6412000;Frankfurt am Main;insg.;4597;2682;1915;37;25;12;103;70;33;140;95;45;189;105;84;278;126;152;3684;2164;1520;306;192;114;3990;2356;1634;2020
224000;Vorsaetzliche einfache Koerperverletzung;8311000;Freiburg im Breisgau;insg.;1958;1270;688;13;8;5;78;46;32;91;54;37;112;62;50;198;132;66;1379;899;480;178;123;55;1557;1022;535;2020
224000;Vorsaetzliche einfache Koerperverletzung;9563000;Fuerth;insg.;423;240;183;7;4;3;21;10;11;28;14;14;33;19;14;33;17;16;302;172;130;27;18;9;329;190;139;2020
224000;Vorsaetzliche einfache Koerperverletzung;5513000;Gelsenkirchen;insg.;1906;971;935;7;3;4;121;81;40;128;84;44;161;82;79;145;74;71;1327;652;675;145;79;66;1472;731;741;2020
224000;Vorsaetzliche einfache Koerperverletzung;3159016;Goettingen;insg.;913;539;374;5;4;1;26;16;10;31;20;11;47;23;24;90;54;36;676;401;275;69;41;28;745;442;303;2020
224000;Vorsaetzliche einfache Koerperverletzung;5754008;Guetersloh;insg.;501;266;235;3;2;1;21;9;12;24;11;13;28;18;10;36;27;9;369;187;182;44;23;21;413;210;203;2020
224000;Vorsaetzliche einfache Koerperverletzung;5914000;Hagen;insg.;1274;712;562;6;1;5;84;63;21;90;64;26;112;65;47;114;59;55;879;474;405;79;50;29;958;524;434;2020
224000;Vorsaetzliche einfache Koerperverletzung;15002000;Halle (Saale);insg.;2264;1360;904;18;10;8;160;107;53;178;117;61;179;107;72;206;119;87;1594;954;640;107;63;44;1701;1017;684;2020
224000;Vorsaetzliche einfache Koerperverletzung;2000000;Hamburg;insg.;15422;9125;6297;88;57;31;630;409;221;718;466;252;832;478;354;1138;641;497;11768;6968;4800;966;572;394;12734;7540;5194;2020
224000;Vorsaetzliche einfache Koerperverletzung;5915000;Hamm;insg.;1205;614;591;14;8;6;66;51;15;80;59;21;113;61;52;89;37;52;853;414;439;70;43;27;923;457;466;2020
224000;Vorsaetzliche einfache Koerperverletzung;3241001;Hannover;insg.;4960;3047;1913;31;17;14;214;148;66;245;165;80;332;163;169;398;261;137;3714;2283;1431;271;175;96;3985;2458;1527;2020
224000;Vorsaetzliche einfache Koerperverletzung;8221000;Heidelberg;insg.;820;523;297;7;6;1;28;22;6;35;28;7;32;22;10;59;37;22;614;391;223;80;45;35;694;436;258;2020
224000;Vorsaetzliche einfache Koerperverletzung;8121000;Heilbronn;insg.;697;432;265;4;4;0;26;18;8;30;22;8;48;28;20;48;33;15;526;318;208;45;31;14;571;349;222;2020
224000;Vorsaetzliche einfache Koerperverletzung;5916000;Herne;insg.;1079;535;544;5;3;2;51;40;11;56;43;13;91;45;46;111;48;63;755;370;385;66;29;37;821;399;422;2020
224000;Vorsaetzliche einfache Koerperverletzung;3254021;Hildesheim;insg.;752;387;365;4;2;2;39;24;15;43;26;17;75;34;41;69;25;44;520;269;251;45;33;12;565;302;263;2020
224000;Vorsaetzliche einfache Koerperverletzung;9161000;Ingolstadt;insg.;800;482;318;12;10;2;43;32;11;55;42;13;50;31;19;60;39;21;596;348;248;39;22;17;635;370;265;2020
224000;Vorsaetzliche einfache Koerperverletzung;16053000;Jena;insg.;508;318;190;4;4;0;25;20;5;29;24;5;43;21;22;39;17;22;381;247;134;16;9;7;397;256;141;2020
224000;Vorsaetzliche einfache Koerperverletzung;7312000;Kaiserslautern;insg.;1130;699;431;12;6;6;36;26;10;48;32;16;135;95;40;133;80;53;750;457;293;64;35;29;814;492;322;2020
224000;Vorsaetzliche einfache Koerperverletzung;8212000;Karlsruhe;insg.;1441;856;585;10;6;4;60;39;21;70;45;25;79;51;28;119;75;44;1066;625;441;107;60;47;1173;685;488;2020
224000;Vorsaetzliche einfache Koerperverletzung;6611000;Kassel;insg.;1194;632;562;8;4;4;45;28;17;53;32;21;82;48;34;94;47;47;890;453;437;75;52;23;965;505;460;2020
224000;Vorsaetzliche einfache Koerperverletzung;1002000;Kiel;insg.;1788;1088;700;6;4;2;77;51;26;83;55;28;125;81;44;146;90;56;1345;810;535;89;52;37;1434;862;572;2020
224000;Vorsaetzliche einfache Koerperverletzung;7111000;Koblenz;insg.;917;538;379;2;0;2;27;17;10;29;17;12;73;43;30;90;61;29;679;391;288;46;26;20;725;417;308;2020
224000;Vorsaetzliche einfache Koerperverletzung;5315000;Koeln;insg.;8993;5091;3902;48;30;18;320;209;111;368;239;129;490;268;222;682;408;274;6806;3805;3001;647;371;276;7453;4176;3277;2020
224000;Vorsaetzliche einfache Koerperverletzung;5114000;Krefeld;insg.;1802;970;832;14;8;6;88;65;23;102;73;29;147;84;63;146;78;68;1285;665;620;122;70;52;1407;735;672;2020
224000;Vorsaetzliche einfache Koerperverletzung;14713000;Leipzig;insg.;3311;1950;1361;32;19;13;154;102;52;186;121;65;233;118;115;261;165;96;2421;1421;1000;210;125;85;2631;1546;1085;2020
224000;Vorsaetzliche einfache Koerperverletzung;5316000;Leverkusen;insg.;987;515;472;2;0;2;40;24;16;42;24;18;81;36;45;89;56;33;705;354;351;70;45;25;775;399;376;2020
224000;Vorsaetzliche einfache Koerperverletzung;1003000;Luebeck;insg.;1814;1087;727;10;9;1;93;54;39;103;63;40;137;90;47;135;80;55;1310;774;536;129;80;49;1439;854;585;2020
224000;Vorsaetzliche einfache Koerperverletzung;7314000;Ludwigshafen am Rhein;insg.;1529;844;685;12;7;5;97;65;32;109;72;37;118;65;53;106;65;41;1110;587;523;86;55;31;1196;642;554;2020
224000;Vorsaetzliche einfache Koerperverletzung;15003000;Magdeburg;insg.;1558;924;634;8;5;3;101;65;36;109;70;39;125;68;57;119;68;51;1088;650;438;117;68;49;1205;718;487;2020
224000;Vorsaetzliche einfache Koerperverletzung;7315000;Mainz;insg.;1324;849;475;9;6;3;46;33;13;55;39;16;110;62;48;143;93;50;932;601;331;84;54;30;1016;655;361;2020
224000;Vorsaetzliche einfache Koerperverletzung;8222000;Mannheim;insg.;1676;902;774;7;5;2;82;52;30;89;57;32;120;70;50;125;64;61;1238;642;596;104;69;35;1342;711;631;2020
224000;Vorsaetzliche einfache Koerperverletzung;5170024;Moers;insg.;506;244;262;21;11;10;36;19;17;57;30;27;41;23;18;46;19;27;328;155;173;34;17;17;362;172;190;2020
224000;Vorsaetzliche einfache Koerperverletzung;5116000;Moenchengladbach;insg.;1599;820;779;10;8;2;57;35;22;67;43;24;104;56;48;138;72;66;1182;587;595;108;62;46;1290;649;641;2020
224000;Vorsaetzliche einfache Koerperverletzung;5117000;Muelheim an der Ruhr;insg.;675;370;305;8;5;3;35;28;7;43;33;10;61;41;20;50;23;27;463;241;222;58;32;26;521;273;248;2020
224000;Vorsaetzliche einfache Koerperverletzung;9162000;Muenchen;insg.;6952;4375;2577;43;24;19;239;147;92;282;171;111;398;267;131;510;322;188;5308;3343;1965;454;272;182;5762;3615;2147;2020
224000;Vorsaetzliche einfache Koerperverletzung;5515000;Muenster;insg.;1796;1034;762;11;9;2;53;40;13;64;49;15;130;83;47;202;118;84;1292;725;567;108;59;49;1400;784;616;2020
224000;Vorsaetzliche einfache Koerperverletzung;5162024;Neuss;insg.;865;465;400;7;2;5;23;16;7;30;18;12;77;46;31;83;48;35;611;317;294;64;36;28;675;353;322;2020
224000;Vorsaetzliche einfache Koerperverletzung;9564000;Nuernberg;insg.;3447;2155;1292;22;9;13;158;89;69;180;98;82;238;130;108;290;187;103;2552;1620;932;187;120;67;2739;1740;999;2020
224000;Vorsaetzliche einfache Koerperverletzung;5119000;Oberhausen;insg.;1212;616;596;8;3;5;76;53;23;84;56;28;101;46;55;101;46;55;836;418;418;90;50;40;926;468;458;2020
224000;Vorsaetzliche einfache Koerperverletzung;6413000;Offenbach am Main;insg.;576;228;348;3;1;2;28;16;12;31;17;14;34;12;22;39;17;22;433;160;273;39;22;17;472;182;290;2020
224000;Vorsaetzliche einfache Koerperverletzung;3403000;Oldenburg (Oldenburg);insg.;958;535;423;10;4;6;40;22;18;50;26;24;85;47;38;88;56;32;667;366;301;68;40;28;735;406;329;2020
224000;Vorsaetzliche einfache Koerperverletzung;3404000;Osnabrueck;insg.;918;521;397;7;5;2;53;30;23;60;35;25;80;49;31;71;45;26;651;366;285;56;26;30;707;392;315;2020
224000;Vorsaetzliche einfache Koerperverletzung;5774032;Paderborn;insg.;934;573;361;7;5;2;30;18;12;37;23;14;79;55;24;92;59;33;670;397;273;56;39;17;726;436;290;2020
224000;Vorsaetzliche einfache Koerperverletzung;8231000;Pforzheim;insg.;944;566;378;10;8;2;50;40;10;60;48;12;65;36;29;77;45;32;693;407;286;49;30;19;742;437;305;2020
224000;Vorsaetzliche einfache Koerperverletzung;12054000;Potsdam;insg.;969;564;405;9;4;5;78;50;28;87;54;33;69;43;26;84;56;28;656;373;283;73;38;35;729;411;318;2020
224000;Vorsaetzliche einfache Koerperverletzung;5562032;Recklinghausen;insg.;766;429;337;1;1;0;51;31;20;52;32;20;54;30;24;61;41;20;555;302;253;44;24;20;599;326;273;2020
224000;Vorsaetzliche einfache Koerperverletzung;9362000;Regensburg;insg.;883;561;322;2;2;0;32;22;10;34;24;10;60;44;16;94;61;33;657;404;253;38;28;10;695;432;263;2020
224000;Vorsaetzliche einfache Koerperverletzung;5120000;Remscheid;insg.;687;371;316;4;3;1;35;26;9;39;29;10;52;36;16;57;27;30;494;249;245;45;30;15;539;279;260;2020
224000;Vorsaetzliche einfache Koerperverletzung;8415061;Reutlingen;insg.;653;394;259;1;0;1;42;26;16;43;26;17;61;45;16;67;43;24;447;264;183;35;16;19;482;280;202;2020
224000;Vorsaetzliche einfache Koerperverletzung;13003000;Rostock;insg.;1213;734;479;25;14;11;94;56;38;119;70;49;104;55;49;97;64;33;807;486;321;86;59;27;893;545;348;2020
224000;Vorsaetzliche einfache Koerperverletzung;10041100;Saarbruecken;insg.;1814;1020;794;13;9;4;87;48;39;100;57;43;129;75;54;157;84;73;1320;745;575;108;59;49;1428;804;624;2020
224000;Vorsaetzliche einfache Koerperverletzung;3102000;Salzgitter;insg.;693;386;307;5;1;4;55;41;14;60;42;18;84;55;29;64;32;32;456;240;216;29;17;12;485;257;228;2020
224000;Vorsaetzliche einfache Koerperverletzung;13004000;Schwerin;insg.;752;455;297;11;7;4;60;45;15;71;52;19;83;47;36;70;41;29;480;284;196;48;31;17;528;315;213;2020
224000;Vorsaetzliche einfache Koerperverletzung;5970040;Siegen;insg.;744;433;311;3;2;1;34;22;12;37;24;13;67;31;36;90;58;32;512;295;217;38;25;13;550;320;230;2020
224000;Vorsaetzliche einfache Koerperverletzung;5122000;Solingen;insg.;882;431;451;7;1;6;51;38;13;58;39;19;86;52;34;77;35;42;591;266;325;70;39;31;661;305;356;2020
224000;Vorsaetzliche einfache Koerperverletzung;8111000;Stuttgart;insg.;4958;3098;1860;57;43;14;199;133;66;256;176;80;304;159;145;494;327;167;3593;2262;1331;311;174;137;3904;2436;1468;2020
224000;Vorsaetzliche einfache Koerperverletzung;7211000;Trier;insg.;894;563;331;2;1;1;21;13;8;23;14;9;62;44;18;113;73;40;647;406;241;49;26;23;696;432;264;2020
224000;Vorsaetzliche einfache Koerperverletzung;8421000;Ulm;insg.;744;441;303;5;2;3;31;18;13;36;20;16;37;19;18;53;32;21;566;336;230;52;34;18;618;370;248;2020
224000;Vorsaetzliche einfache Koerperverletzung;6414000;Wiesbaden;insg.;1844;962;882;15;8;7;61;34;27;76;42;34;127;61;66;168;96;72;1345;691;654;128;72;56;1473;763;710;2020
224000;Vorsaetzliche einfache Koerperverletzung;3103000;Wolfsburg;insg.;686;401;285;8;8;0;36;26;10;44;34;10;54;36;18;48;23;25;482;271;211;58;37;21;540;308;232;2020
224000;Vorsaetzliche einfache Koerperverletzung;5124000;Wuppertal;insg.;2780;1540;1240;27;19;8;148;103;45;175;122;53;222;135;87;237;143;94;1965;1038;927;181;102;79;2146;1140;1006;2020
224000;Vorsaetzliche einfache Koerperverletzung;9663000;Wuerzburg;insg.;689;429;260;3;3;0;21;16;5;24;19;5;43;26;17;97;68;29;471;286;185;54;30;24;525;316;209;2020
621100;Widerstand gegen und taetlicher Angriff auf Vollstreckungsbeamte und gleichstehende Personen;5334002;Aachen;insg.;311;231;80;0;0;0;0;0;0;0;0;0;0;0;0;5;4;1;298;221;77;8;6;2;306;227;79;2020
621100;Widerstand gegen und taetlicher Angriff auf Vollstreckungsbeamte und gleichstehende Personen;9761000;Augsburg;insg.;561;470;91;0;0;0;0;0;0;0;0;0;0;0;0;14;8;6;543;460;83;4;2;2;547;462;85;2020
621100;Widerstand gegen und taetlicher Angriff auf Vollstreckungsbeamte und gleichstehende Personen;5378004;Bergisch Gladbach;insg.;88;67;21;0;0;0;0;0;0;0;0;0;0;0;0;6;6;0;81;60;21;1;1;0;82;61;21;2020
621100;Widerstand gegen und taetlicher Angriff auf Vollstreckungsbeamte und gleichstehende Personen;11000000;Berlin;insg.;7625;6560;1065;1;1;0;0;0;0;1;1;0;1;0;1;83;61;22;7503;6464;1039;37;34;3;7540;6498;1042;2020
621100;Widerstand gegen und taetlicher Angriff auf Vollstreckungsbeamte und gleichstehende Personen;5711000;Bielefeld;insg.;214;170;44;0;0;0;0;0;0;0;0;0;0;0;0;15;11;4;189;150;39;10;9;1;199;159;40;2020
621100;Widerstand gegen und taetlicher Angriff auf Vollstreckungsbeamte und gleichstehende Personen;5911000;Bochum;insg.;499;387;112;0;0;0;0;0;0;0;0;0;0;0;0;5;3;2;492;382;110;2;2;0;494;384;110;2020
621100;Widerstand gegen und taetlicher Angriff auf Vollstreckungsbeamte und gleichstehende Personen;5314000;Bonn;insg.;537;419;118;0;0;0;0;0;0;0;0;0;0;0;0;7;5;2;525;410;115;5;4;1;530;414;116;2020
621100;Widerstand gegen und taetlicher Angriff auf Vollstreckungsbeamte und gleichstehende Personen;5512000;Bottrop;insg.;92;78;14;0;0;0;0;0;0;0;0;0;0;0;0;3;3;0;89;75;14;0;0;0;89;75;14;2020
621100;Widerstand gegen und taetlicher Angriff auf Vollstreckungsbeamte und gleichstehende Personen;3101000;Braunschweig;insg.;422;336;86;0;0;0;0;0;0;0;0;0;0;0;0;2;2;0;410;324;86;10;10;0;420;334;86;2020
621100;Widerstand gegen und taetlicher Angriff auf Vollstreckungsbeamte und gleichstehende Personen;4011000;Bremen;insg.;981;764;217;0;0;0;0;0;0;0;0;0;0;0;0;8;6;2;967;753;214;6;5;1;973;758;215;2020
621100;Widerstand gegen und taetlicher Angriff auf Vollstreckungsbeamte und gleichstehende Personen;4012000;Bremerhaven;insg.;294;246;48;0;0;0;0;0;0;0;0;0;0;0;0;1;1;0;292;244;48;1;1;0;293;245;48;2020
621100;Widerstand gegen und taetlicher Angriff auf Vollstreckungsbeamte und gleichstehende Personen;14511000;Chemnitz;insg.;225;202;23;0;0;0;0;0;0;0;0;0;0;0;0;1;1;0;220;197;23;4;4;0;224;201;23;2020
621100;Widerstand gegen und taetlicher Angriff auf Vollstreckungsbeamte und gleichstehende Personen;6411000;Darmstadt;insg.;74;66;8;0;0;0;0;0;0;0;0;0;0;0;0;3;1;2;70;64;6;1;1;0;71;65;6;2020
621100;Widerstand gegen und taetlicher Angriff auf Vollstreckungsbeamte und gleichstehende Personen;5913000;Dortmund;insg.;1437;1110;327;0;0;0;3;3;0;3;3;0;1;0;1;36;23;13;1391;1078;313;6;6;0;1397;1084;313;2020
621100;Widerstand gegen und taetlicher Angriff auf Vollstreckungsbeamte und gleichstehende Personen;14612000;Dresden;insg.;506;417;89;0;0;0;0;0;0;0;0;0;0;0;0;6;3;3;500;414;86;0;0;0;500;414;86;2020
621100;Widerstand gegen und taetlicher Angriff auf Vollstreckungsbeamte und gleichstehende Personen;5112000;Duisburg;insg.;485;344;141;0;0;0;1;1;0;1;1;0;0;0;0;9;7;2;468;331;137;7;5;2;475;336;139;2020
621100;Widerstand gegen und taetlicher Angriff auf Vollstreckungsbeamte und gleichstehende Personen;5111000;Duesseldorf;insg.;1149;880;269;0;0;0;0;0;0;0;0;0;1;1;0;29;22;7;1112;852;260;7;5;2;1119;857;262;2020
621100;Widerstand gegen und taetlicher Angriff auf Vollstreckungsbeamte und gleichstehende Personen;16051000;Erfurt;insg.;452;400;52;0;0;0;0;0;0;0;0;0;0;0;0;9;7;2;443;393;50;0;0;0;443;393;50;2020
621100;Widerstand gegen und taetlicher Angriff auf Vollstreckungsbeamte und gleichstehende Personen;9562000;Erlangen;insg.;129;106;23;0;0;0;0;0;0;0;0;0;0;0;0;0;0;0;129;106;23;0;0;0;129;106;23;2020
621100;Widerstand gegen und taetlicher Angriff auf Vollstreckungsbeamte und gleichstehende Personen;5113000;Essen;insg.;765;580;185;0;0;0;1;1;0;1;1;0;3;3;0;26;22;4;727;547;180;8;7;1;735;554;181;2020
621100;Widerstand gegen und taetlicher Angriff auf Vollstreckungsbeamte und gleichstehende Personen;6412000;Frankfurt am Main;insg.;1670;1379;291;0;0;0;0;0;0;0;0;0;0;0;0;34;29;5;1635;1349;286;1;1;0;1636;1350;286;2020
621100;Widerstand gegen und taetlicher Angriff auf Vollstreckungsbeamte und gleichstehende Personen;8311000;Freiburg im Breisgau;insg.;612;516;96;0;0;0;0;0;0;0;0;0;2;1;1;24;17;7;582;494;88;4;4;0;586;498;88;2020
621100;Widerstand gegen und taetlicher Angriff auf Vollstreckungsbeamte und gleichstehende Personen;9563000;Fuerth;insg.;100;73;27;0;0;0;0;0;0;0;0;0;0;0;0;2;0;2;97;73;24;1;0;1;98;73;25;2020
621100;Widerstand gegen und taetlicher Angriff auf Vollstreckungsbeamte und gleichstehende Personen;5513000;Gelsenkirchen;insg.;406;310;96;0;0;0;0;0;0;0;0;0;0;0;0;7;6;1;396;301;95;3;3;0;399;304;95;2020
621100;Widerstand gegen und taetlicher Angriff auf Vollstreckungsbeamte und gleichstehende Personen;3159016;Goettingen;insg.;135;104;31;0;0;0;0;0;0;0;0;0;0;0;0;1;1;0;134;103;31;0;0;0;134;103;31;2020
621100;Widerstand gegen und taetlicher Angriff auf Vollstreckungsbeamte und gleichstehende Personen;5754008;Guetersloh;insg.;207;149;58;0;0;0;1;0;1;1;0;1;1;1;0;4;4;0;200;143;57;1;1;0;201;144;57;2020
621100;Widerstand gegen und taetlicher Angriff auf Vollstreckungsbeamte und gleichstehende Personen;5914000;Hagen;insg.;297;201;96;0;0;0;0;0;0;0;0;0;1;1;0;0;0;0;293;198;95;3;2;1;296;200;96;2020
621100;Widerstand gegen und taetlicher Angriff auf Vollstreckungsbeamte und gleichstehende Personen;15002000;Halle (Saale);insg.;407;343;64;0;0;0;0;0;0;0;0;0;0;0;0;20;14;6;386;328;58;1;1;0;387;329;58;2020
621100;Widerstand gegen und taetlicher Angriff auf Vollstreckungsbeamte und gleichstehende Personen;2000000;Hamburg;insg.;2080;1687;393;0;0;0;0;0;0;0;0;0;0;0;0;45;33;12;2031;1650;381;4;4;0;2035;1654;381;2020
621100;Widerstand gegen und taetlicher Angriff auf Vollstreckungsbeamte und gleichstehende Personen;5915000;Hamm;insg.;247;200;47;0;0;0;1;1;0;1;1;0;1;1;0;0;0;0;243;196;47;2;2;0;245;198;47;2020
621100;Widerstand gegen und taetlicher Angriff auf Vollstreckungsbeamte und gleichstehende Personen;3241001;Hannover;insg.;1108;848;260;0;0;0;0;0;0;0;0;0;0;0;0;27;16;11;1073;824;249;8;8;0;1081;832;249;2020
621100;Widerstand gegen und taetlicher Angriff auf Vollstreckungsbeamte und gleichstehende Personen;8221000;Heidelberg;insg.;269;205;64;1;0;1;0;0;0;1;0;1;0;0;0;7;7;0;258;196;62;3;2;1;261;198;63;2020
621100;Widerstand gegen und taetlicher Angriff auf Vollstreckungsbeamte und gleichstehende Personen;8121000;Heilbronn;insg.;148;116;32;0;0;0;0;0;0;0;0;0;0;0;0;7;1;6;139;113;26;2;2;0;141;115;26;2020
621100;Widerstand gegen und taetlicher Angriff auf Vollstreckungsbeamte und gleichstehende Personen;5916000;Herne;insg.;138;109;29;0;0;0;0;0;0;0;0;0;1;1;0;7;6;1;130;102;28;0;0;0;130;102;28;2020
621100;Widerstand gegen und taetlicher Angriff auf Vollstreckungsbeamte und gleichstehende Personen;3254021;Hildesheim;insg.;122;99;23;0;0;0;0;0;0;0;0;0;1;1;0;3;1;2;116;95;21;2;2;0;118;97;21;2020
621100;Widerstand gegen und taetlicher Angriff auf Vollstreckungsbeamte und gleichstehende Personen;9161000;Ingolstadt;insg.;210;162;48;0;0;0;0;0;0;0;0;0;0;0;0;6;5;1;203;156;47;1;1;0;204;157;47;2020
621100;Widerstand gegen und taetlicher Angriff auf Vollstreckungsbeamte und gleichstehende Personen;16053000;Jena;insg.;150;141;9;0;0;0;0;0;0;0;0;0;0;0;0;4;3;1;146;138;8;0;0;0;146;138;8;2020
621100;Widerstand gegen und taetlicher Angriff auf Vollstreckungsbeamte und gleichstehende Personen;7312000;Kaiserslautern;insg.;292;232;60;0;0;0;0;0;0;0;0;0;0;0;0;3;1;2;288;230;58;1;1;0;289;231;58;2020
621100;Widerstand gegen und taetlicher Angriff auf Vollstreckungsbeamte und gleichstehende Personen;8212000;Karlsruhe;insg.;360;302;58;0;0;0;0;0;0;0;0;0;1;0;1;12;8;4;345;292;53;2;2;0;347;294;53;2020
621100;Widerstand gegen und taetlicher Angriff auf Vollstreckungsbeamte und gleichstehende Personen;6611000;Kassel;insg.;242;193;49;1;1;0;0;0;0;1;1;0;4;3;1;26;21;5;210;167;43;1;1;0;211;168;43;2020
621100;Widerstand gegen und taetlicher Angriff auf Vollstreckungsbeamte und gleichstehende Personen;1002000;Kiel;insg.;369;292;77;0;0;0;0;0;0;0;0;0;0;0;0;4;2;2;364;289;75;1;1;0;365;290;75;2020
621100;Widerstand gegen und taetlicher Angriff auf Vollstreckungsbeamte und gleichstehende Personen;7111000;Koblenz;insg.;272;229;43;0;0;0;0;0;0;0;0;0;0;0;0;2;2;0;270;227;43;0;0;0;270;227;43;2020
621100;Widerstand gegen und taetlicher Angriff auf Vollstreckungsbeamte und gleichstehende Personen;5315000;Koeln;insg.;1795;1302;493;0;0;0;0;0;0;0;0;0;0;0;0;40;31;9;1748;1264;484;7;7;0;1755;1271;484;2020
621100;Widerstand gegen und taetlicher Angriff auf Vollstreckungsbeamte und gleichstehende Personen;5114000;Krefeld;insg.;358;236;122;0;0;0;0;0;0;0;0;0;0;0;0;3;1;2;350;231;119;5;4;1;355;235;120;2020
621100;Widerstand gegen und taetlicher Angriff auf Vollstreckungsbeamte und gleichstehende Personen;14713000;Leipzig;insg.;732;616;116;0;0;0;0;0;0;0;0;0;1;1;0;21;17;4;705;593;112;5;5;0;710;598;112;2020
621100;Widerstand gegen und taetlicher Angriff auf Vollstreckungsbeamte und gleichstehende Personen;5316000;Leverkusen;insg.;185;140;45;0;0;0;0;0;0;0;0;0;0;0;0;1;0;1;184;140;44;0;0;0;184;140;44;2020
621100;Widerstand gegen und taetlicher Angriff auf Vollstreckungsbeamte und gleichstehende Personen;1003000;Luebeck;insg.;509;390;119;0;0;0;0;0;0;0;0;0;0;0;0;11;6;5;495;381;114;3;3;0;498;384;114;2020
621100;Widerstand gegen und taetlicher Angriff auf Vollstreckungsbeamte und gleichstehende Personen;7314000;Ludwigshafen am Rhein;insg.;153;114;39;0;0;0;0;0;0;0;0;0;0;0;0;1;1;0;151;112;39;1;1;0;152;113;39;2020
621100;Widerstand gegen und taetlicher Angriff auf Vollstreckungsbeamte und gleichstehende Personen;15003000;Magdeburg;insg.;218;171;47;0;0;0;0;0;0;0;0;0;0;0;0;10;6;4;207;164;43;1;1;0;208;165;43;2020
621100;Widerstand gegen und taetlicher Angriff auf Vollstreckungsbeamte und gleichstehende Personen;7315000;Mainz;insg.;263;223;40;0;0;0;0;0;0;0;0;0;0;0;0;5;4;1;258;219;39;0;0;0;258;219;39;2020
621100;Widerstand gegen und taetlicher Angriff auf Vollstreckungsbeamte und gleichstehende Personen;8222000;Mannheim;insg.;405;332;73;0;0;0;0;0;0;0;0;0;0;0;0;12;11;1;393;321;72;0;0;0;393;321;72;2020
621100;Widerstand gegen und taetlicher Angriff auf Vollstreckungsbeamte und gleichstehende Personen;5170024;Moers;insg.;126;83;43;0;0;0;0;0;0;0;0;0;0;0;0;7;5;2;119;78;41;0;0;0;119;78;41;2020
621100;Widerstand gegen und taetlicher Angriff auf Vollstreckungsbeamte und gleichstehende Personen;5116000;Moenchengladbach;insg.;362;264;98;0;0;0;0;0;0;0;0;0;0;0;0;8;6;2;347;251;96;7;7;0;354;258;96;2020
621100;Widerstand gegen und taetlicher Angriff auf Vollstreckungsbeamte und gleichstehende Personen;5117000;Muelheim an der Ruhr;insg.;105;69;36;0;0;0;0;0;0;0;0;0;0;0;0;0;0;0;101;65;36;4;4;0;105;69;36;2020
621100;Widerstand gegen und taetlicher Angriff auf Vollstreckungsbeamte und gleichstehende Personen;9162000;Muenchen;insg.;2033;1674;359;0;0;0;0;0;0;0;0;0;0;0;0;58;45;13;1971;1625;346;4;4;0;1975;1629;346;2020
621100;Widerstand gegen und taetlicher Angriff auf Vollstreckungsbeamte und gleichstehende Personen;5515000;Muenster;insg.;373;294;79;0;0;0;0;0;0;0;0;0;1;1;0;10;7;3;359;283;76;3;3;0;362;286;76;2020
621100;Widerstand gegen und taetlicher Angriff auf Vollstreckungsbeamte und gleichstehende Personen;5162024;Neuss;insg.;149;99;50;0;0;0;0;0;0;0;0;0;0;0;0;0;0;0;147;97;50;2;2;0;149;99;50;2020
621100;Widerstand gegen und taetlicher Angriff auf Vollstreckungsbeamte und gleichstehende Personen;9564000;Nuernberg;insg.;924;767;157;0;0;0;0;0;0;0;0;0;0;0;0;16;13;3;907;753;154;1;1;0;908;754;154;2020
621100;Widerstand gegen und taetlicher Angriff auf Vollstreckungsbeamte und gleichstehende Personen;5119000;Oberhausen;insg.;149;82;67;0;0;0;0;0;0;0;0;0;0;0;0;12;8;4;137;74;63;0;0;0;137;74;63;2020
621100;Widerstand gegen und taetlicher Angriff auf Vollstreckungsbeamte und gleichstehende Personen;6413000;Offenbach am Main;insg.;126;97;29;0;0;0;0;0;0;0;0;0;0;0;0;1;1;0;125;96;29;0;0;0;125;96;29;2020
621100;Widerstand gegen und taetlicher Angriff auf Vollstreckungsbeamte und gleichstehende Personen;3403000;Oldenburg (Oldenburg);insg.;166;118;48;0;0;0;0;0;0;0;0;0;0;0;0;7;5;2;158;112;46;1;1;0;159;113;46;2020
621100;Widerstand gegen und taetlicher Angriff auf Vollstreckungsbeamte und gleichstehende Personen;3404000;Osnabrueck;insg.;316;252;64;0;0;0;0;0;0;0;0;0;0;0;0;6;5;1;307;244;63;3;3;0;310;247;63;2020
621100;Widerstand gegen und taetlicher Angriff auf Vollstreckungsbeamte und gleichstehende Personen;5774032;Paderborn;insg.;168;135;33;0;0;0;0;0;0;0;0;0;0;0;0;2;2;0;161;128;33;5;5;0;166;133;33;2020
621100;Widerstand gegen und taetlicher Angriff auf Vollstreckungsbeamte und gleichstehende Personen;8231000;Pforzheim;insg.;224;165;59;0;0;0;0;0;0;0;0;0;0;0;0;6;2;4;218;163;55;0;0;0;218;163;55;2020
621100;Widerstand gegen und taetlicher Angriff auf Vollstreckungsbeamte und gleichstehende Personen;12054000;Potsdam;insg.;159;123;36;0;0;0;0;0;0;0;0;0;0;0;0;4;0;4;154;123;31;1;0;1;155;123;32;2020
621100;Widerstand gegen und taetlicher Angriff auf Vollstreckungsbeamte und gleichstehende Personen;5562032;Recklinghausen;insg.;247;194;53;0;0;0;0;0;0;0;0;0;0;0;0;4;2;2;240;190;50;3;2;1;243;192;51;2020
621100;Widerstand gegen und taetlicher Angriff auf Vollstreckungsbeamte und gleichstehende Personen;9362000;Regensburg;insg.;229;194;35;0;0;0;0;0;0;0;0;0;0;0;0;4;2;2;224;191;33;1;1;0;225;192;33;2020
621100;Widerstand gegen und taetlicher Angriff auf Vollstreckungsbeamte und gleichstehende Personen;5120000;Remscheid;insg.;110;80;30;0;0;0;0;0;0;0;0;0;0;0;0;4;2;2;106;78;28;0;0;0;106;78;28;2020
621100;Widerstand gegen und taetlicher Angriff auf Vollstreckungsbeamte und gleichstehende Personen;8415061;Reutlingen;insg.;153;125;28;0;0;0;0;0;0;0;0;0;0;0;0;1;1;0;151;123;28;1;1;0;152;124;28;2020
621100;Widerstand gegen und taetlicher Angriff auf Vollstreckungsbeamte und gleichstehende Personen;13003000;Rostock;insg.;239;196;43;0;0;0;0;0;0;0;0;0;0;0;0;5;5;0;233;190;43;1;1;0;234;191;43;2020
621100;Widerstand gegen und taetlicher Angriff auf Vollstreckungsbeamte und gleichstehende Personen;10041100;Saarbruecken;insg.;445;340;105;0;0;0;0;0;0;0;0;0;0;0;0;5;4;1;440;336;104;0;0;0;440;336;104;2020
621100;Widerstand gegen und taetlicher Angriff auf Vollstreckungsbeamte und gleichstehende Personen;3102000;Salzgitter;insg.;135;101;34;0;0;0;0;0;0;0;0;0;0;0;0;2;1;1;133;100;33;0;0;0;133;100;33;2020
621100;Widerstand gegen und taetlicher Angriff auf Vollstreckungsbeamte und gleichstehende Personen;13004000;Schwerin;insg.;173;152;21;0;0;0;0;0;0;0;0;0;0;0;0;10;9;1;163;143;20;0;0;0;163;143;20;2020
621100;Widerstand gegen und taetlicher Angriff auf Vollstreckungsbeamte und gleichstehende Personen;5970040;Siegen;insg.;217;166;51;0;0;0;0;0;0;0;0;0;1;1;0;3;2;1;211;161;50;2;2;0;213;163;50;2020
621100;Widerstand gegen und taetlicher Angriff auf Vollstreckungsbeamte und gleichstehende Personen;5122000;Solingen;insg.;133;95;38;0;0;0;0;0;0;0;0;0;2;1;1;2;1;1;127;91;36;2;2;0;129;93;36;2020
621100;Widerstand gegen und taetlicher Angriff auf Vollstreckungsbeamte und gleichstehende Personen;8111000;Stuttgart;insg.;1925;1537;388;0;0;0;0;0;0;0;0;0;0;0;0;60;44;16;1857;1487;370;8;6;2;1865;1493;372;2020
621100;Widerstand gegen und taetlicher Angriff auf Vollstreckungsbeamte und gleichstehende Personen;7211000;Trier;insg.;113;96;17;0;0;0;0;0;0;0;0;0;0;0;0;0;0;0;112;95;17;1;1;0;113;96;17;2020
621100;Widerstand gegen und taetlicher Angriff auf Vollstreckungsbeamte und gleichstehende Personen;8421000;Ulm;insg.;130;108;22;0;0;0;0;0;0;0;0;0;0;0;0;4;3;1;124;103;21;2;2;0;126;105;21;2020
621100;Widerstand gegen und taetlicher Angriff auf Vollstreckungsbeamte und gleichstehende Personen;6414000;Wiesbaden;insg.;168;141;27;0;0;0;0;0;0;0;0;0;0;0;0;1;1;0;167;140;27;0;0;0;167;140;27;2020
621100;Widerstand gegen und taetlicher Angriff auf Vollstreckungsbeamte und gleichstehende Personen;3103000;Wolfsburg;insg.;140;119;21;0;0;0;0;0;0;0;0;0;0;0;0;3;2;1;136;116;20;1;1;0;137;117;20;2020
621100;Widerstand gegen und taetlicher Angriff auf Vollstreckungsbeamte und gleichstehende Personen;5124000;Wuppertal;insg.;404;276;128;0;0;0;1;0;1;1;0;1;0;0;0;27;18;9;371;255;116;5;3;2;376;258;118;2020
621100;Widerstand gegen und taetlicher Angriff auf Vollstreckungsbeamte und gleichstehende Personen;9663000;Wuerzburg;insg.;140;112;28;0;0;0;0;0;0;0;0;0;0;0;0;6;5;1;134;107;27;0;0;0;134;107;27;2020
621110;Widerstand gegen Vollstreckungsbeamte und gleichstehende Personen;5334002;Aachen;insg.;235;174;61;0;0;0;0;0;0;0;0;0;0;0;0;3;3;0;226;166;60;6;5;1;232;171;61;2020
621110;Widerstand gegen Vollstreckungsbeamte und gleichstehende Personen;9761000;Augsburg;insg.;264;223;41;0;0;0;0;0;0;0;0;0;0;0;0;7;5;2;257;218;39;0;0;0;257;218;39;2020
621110;Widerstand gegen Vollstreckungsbeamte und gleichstehende Personen;5378004;Bergisch Gladbach;insg.;85;64;21;0;0;0;0;0;0;0;0;0;0;0;0;6;6;0;78;57;21;1;1;0;79;58;21;2020
621110;Widerstand gegen Vollstreckungsbeamte und gleichstehende Personen;11000000;Berlin;insg.;5424;4692;732;1;1;0;0;0;0;1;1;0;1;0;1;55;37;18;5340;4628;712;27;26;1;5367;4654;713;2020
621110;Widerstand gegen Vollstreckungsbeamte und gleichstehende Personen;5711000;Bielefeld;insg.;180;147;33;0;0;0;0;0;0;0;0;0;0;0;0;13;10;3;158;129;29;9;8;1;167;137;30;2020
621110;Widerstand gegen Vollstreckungsbeamte und gleichstehende Personen;5911000;Bochum;insg.;369;282;87;0;0;0;0;0;0;0;0;0;0;0;0;5;3;2;363;278;85;1;1;0;364;279;85;2020
621110;Widerstand gegen Vollstreckungsbeamte und gleichstehende Personen;5314000;Bonn;insg.;324;255;69;0;0;0;0;0;0;0;0;0;0;0;0;6;4;2;314;248;66;4;3;1;318;251;67;2020
621110;Widerstand gegen Vollstreckungsbeamte und gleichstehende Personen;5512000;Bottrop;insg.;68;58;10;0;0;0;0;0;0;0;0;0;0;0;0;1;1;0;67;57;10;0;0;0;67;57;10;2020
621110;Widerstand gegen Vollstreckungsbeamte und gleichstehende Personen;3101000;Braunschweig;insg.;201;163;38;0;0;0;0;0;0;0;0;0;0;0;0;1;1;0;196;158;38;4;4;0;200;162;38;2020
621110;Widerstand gegen Vollstreckungsbeamte und gleichstehende Personen;4011000;Bremen;insg.;728;571;157;0;0;0;0;0;0;0;0;0;0;0;0;7;5;2;716;562;154;5;4;1;721;566;155;2020
621110;Widerstand gegen Vollstreckungsbeamte und gleichstehende Personen;4012000;Bremerhaven;insg.;230;191;39;0;0;0;0;0;0;0;0;0;0;0;0;1;1;0;229;190;39;0;0;0;229;190;39;2020
621110;Widerstand gegen Vollstreckungsbeamte und gleichstehende Personen;14511000;Chemnitz;insg.;184;167;17;0;0;0;0;0;0;0;0;0;0;0;0;0;0;0;182;165;17;2;2;0;184;167;17;2020
621110;Widerstand gegen Vollstreckungsbeamte und gleichstehende Personen;6411000;Darmstadt;insg.;52;47;5;0;0;0;0;0;0;0;0;0;0;0;0;2;0;2;50;47;3;0;0;0;50;47;3;2020
621110;Widerstand gegen Vollstreckungsbeamte und gleichstehende Personen;5913000;Dortmund;insg.;781;596;185;0;0;0;0;0;0;0;0;0;1;0;1;24;16;8;752;576;176;4;4;0;756;580;176;2020
621110;Widerstand gegen Vollstreckungsbeamte und gleichstehende Personen;14612000;Dresden;insg.;377;313;64;0;0;0;0;0;0;0;0;0;0;0;0;4;2;2;373;311;62;0;0;0;373;311;62;2020
621110;Widerstand gegen Vollstreckungsbeamte und gleichstehende Personen;5112000;Duisburg;insg.;405;287;118;0;0;0;1;1;0;1;1;0;0;0;0;8;6;2;389;275;114;7;5;2;396;280;116;2020
621110;Widerstand gegen Vollstreckungsbeamte und gleichstehende Personen;5111000;Duesseldorf;insg.;686;523;163;0;0;0;0;0;0;0;0;0;1;1;0;21;17;4;657;500;157;7;5;2;664;505;159;2020
621110;Widerstand gegen Vollstreckungsbeamte und gleichstehende Personen;16051000;Erfurt;insg.;339;306;33;0;0;0;0;0;0;0;0;0;0;0;0;8;7;1;331;299;32;0;0;0;331;299;32;2020
621110;Widerstand gegen Vollstreckungsbeamte und gleichstehende Personen;9562000;Erlangen;insg.;12;10;2;0;0;0;0;0;0;0;0;0;0;0;0;0;0;0;12;10;2;0;0;0;12;10;2;2020
621110;Widerstand gegen Vollstreckungsbeamte und gleichstehende Personen;5113000;Essen;insg.;576;435;141;0;0;0;1;1;0;1;1;0;3;3;0;17;13;4;550;414;136;5;4;1;555;418;137;2020
621110;Widerstand gegen Vollstreckungsbeamte und gleichstehende Personen;6412000;Frankfurt am Main;insg.;662;553;109;0;0;0;0;0;0;0;0;0;0;0;0;8;6;2;654;547;107;0;0;0;654;547;107;2020
621110;Widerstand gegen Vollstreckungsbeamte und gleichstehende Personen;8311000;Freiburg im Breisgau;insg.;291;258;33;0;0;0;0;0;0;0;0;0;2;1;1;14;10;4;274;246;28;1;1;0;275;247;28;2020
621110;Widerstand gegen Vollstreckungsbeamte und gleichstehende Personen;9563000;Fuerth;insg.;15;11;4;0;0;0;0;0;0;0;0;0;0;0;0;0;0;0;15;11;4;0;0;0;15;11;4;2020
621110;Widerstand gegen Vollstreckungsbeamte und gleichstehende Personen;5513000;Gelsenkirchen;insg.;328;247;81;0;0;0;0;0;0;0;0;0;0;0;0;4;3;1;321;241;80;3;3;0;324;244;80;2020
621110;Widerstand gegen Vollstreckungsbeamte und gleichstehende Personen;3159016;Goettingen;insg.;63;46;17;0;0;0;0;0;0;0;0;0;0;0;0;1;1;0;62;45;17;0;0;0;62;45;17;2020
621110;Widerstand gegen Vollstreckungsbeamte und gleichstehende Personen;5754008;Guetersloh;insg.;173;125;48;0;0;0;1;0;1;1;0;1;1;1;0;0;0;0;170;123;47;1;1;0;171;124;47;2020
621110;Widerstand gegen Vollstreckungsbeamte und gleichstehende Personen;5914000;Hagen;insg.;230;153;77;0;0;0;0;0;0;0;0;0;1;1;0;0;0;0;227;151;76;2;1;1;229;152;77;2020
621110;Widerstand gegen Vollstreckungsbeamte und gleichstehende Personen;15002000;Halle (Saale);insg.;237;204;33;0;0;0;0;0;0;0;0;0;0;0;0;15;10;5;221;193;28;1;1;0;222;194;28;2020
621110;Widerstand gegen Vollstreckungsbeamte und gleichstehende Personen;2000000;Hamburg;insg.;881;762;119;0;0;0;0;0;0;0;0;0;0;0;0;16;13;3;864;748;116;1;1;0;865;749;116;2020
621110;Widerstand gegen Vollstreckungsbeamte und gleichstehende Personen;5915000;Hamm;insg.;184;151;33;0;0;0;1;1;0;1;1;0;1;1;0;0;0;0;181;148;33;1;1;0;182;149;33;2020
621110;Widerstand gegen Vollstreckungsbeamte und gleichstehende Personen;3241001;Hannover;insg.;607;469;138;0;0;0;0;0;0;0;0;0;0;0;0;18;10;8;582;452;130;7;7;0;589;459;130;2020
621110;Widerstand gegen Vollstreckungsbeamte und gleichstehende Personen;8221000;Heidelberg;insg.;99;80;19;1;0;1;0;0;0;1;0;1;0;0;0;4;4;0;94;76;18;0;0;0;94;76;18;2020
621110;Widerstand gegen Vollstreckungsbeamte und gleichstehende Personen;8121000;Heilbronn;insg.;66;52;14;0;0;0;0;0;0;0;0;0;0;0;0;5;1;4;61;51;10;0;0;0;61;51;10;2020
621110;Widerstand gegen Vollstreckungsbeamte und gleichstehende Personen;5916000;Herne;insg.;76;58;18;0;0;0;0;0;0;0;0;0;1;1;0;5;5;0;70;52;18;0;0;0;70;52;18;2020
621110;Widerstand gegen Vollstreckungsbeamte und gleichstehende Personen;3254021;Hildesheim;insg.;49;43;6;0;0;0;0;0;0;0;0;0;1;1;0;0;0;0;47;41;6;1;1;0;48;42;6;2020
621110;Widerstand gegen Vollstreckungsbeamte und gleichstehende Personen;9161000;Ingolstadt;insg.;110;86;24;0;0;0;0;0;0;0;0;0;0;0;0;3;3;0;107;83;24;0;0;0;107;83;24;2020
621110;Widerstand gegen Vollstreckungsbeamte und gleichstehende Personen;16053000;Jena;insg.;110;103;7;0;0;0;0;0;0;0;0;0;0;0;0;2;1;1;108;102;6;0;0;0;108;102;6;2020
621110;Widerstand gegen Vollstreckungsbeamte und gleichstehende Personen;7312000;Kaiserslautern;insg.;187;148;39;0;0;0;0;0;0;0;0;0;0;0;0;2;0;2;184;147;37;1;1;0;185;148;37;2020
621110;Widerstand gegen Vollstreckungsbeamte und gleichstehende Personen;8212000;Karlsruhe;insg.;164;145;19;0;0;0;0;0;0;0;0;0;0;0;0;7;4;3;155;139;16;2;2;0;157;141;16;2020
621110;Widerstand gegen Vollstreckungsbeamte und gleichstehende Personen;6611000;Kassel;insg.;149;116;33;0;0;0;0;0;0;0;0;0;0;0;0;14;11;3;135;105;30;0;0;0;135;105;30;2020
621110;Widerstand gegen Vollstreckungsbeamte und gleichstehende Personen;1002000;Kiel;insg.;151;123;28;0;0;0;0;0;0;0;0;0;0;0;0;3;1;2;148;122;26;0;0;0;148;122;26;2020
621110;Widerstand gegen Vollstreckungsbeamte und gleichstehende Personen;7111000;Koblenz;insg.;211;174;37;0;0;0;0;0;0;0;0;0;0;0;0;0;0;0;211;174;37;0;0;0;211;174;37;2020
621110;Widerstand gegen Vollstreckungsbeamte und gleichstehende Personen;5315000;Koeln;insg.;1448;1050;398;0;0;0;0;0;0;0;0;0;0;0;0;31;24;7;1411;1020;391;6;6;0;1417;1026;391;2020
621110;Widerstand gegen Vollstreckungsbeamte und gleichstehende Personen;5114000;Krefeld;insg.;170;115;55;0;0;0;0;0;0;0;0;0;0;0;0;1;0;1;166;113;53;3;2;1;169;115;54;2020
621110;Widerstand gegen Vollstreckungsbeamte und gleichstehende Personen;14713000;Leipzig;insg.;500;424;76;0;0;0;0;0;0;0;0;0;1;1;0;11;8;3;486;413;73;2;2;0;488;415;73;2020
621110;Widerstand gegen Vollstreckungsbeamte und gleichstehende Personen;5316000;Leverkusen;insg.;147;112;35;0;0;0;0;0;0;0;0;0;0;0;0;1;0;1;146;112;34;0;0;0;146;112;34;2020
621110;Widerstand gegen Vollstreckungsbeamte und gleichstehende Personen;1003000;Luebeck;insg.;272;204;68;0;0;0;0;0;0;0;0;0;0;0;0;6;3;3;264;199;65;2;2;0;266;201;65;2020
621110;Widerstand gegen Vollstreckungsbeamte und gleichstehende Personen;7314000;Ludwigshafen am Rhein;insg.;103;75;28;0;0;0;0;0;0;0;0;0;0;0;0;0;0;0;103;75;28;0;0;0;103;75;28;2020
621110;Widerstand gegen Vollstreckungsbeamte und gleichstehende Personen;15003000;Magdeburg;insg.;117;95;22;0;0;0;0;0;0;0;0;0;0;0;0;5;3;2;111;91;20;1;1;0;112;92;20;2020
621110;Widerstand gegen Vollstreckungsbeamte und gleichstehende Personen;7315000;Mainz;insg.;188;163;25;0;0;0;0;0;0;0;0;0;0;0;0;3;2;1;185;161;24;0;0;0;185;161;24;2020
621110;Widerstand gegen Vollstreckungsbeamte und gleichstehende Personen;8222000;Mannheim;insg.;114;83;31;0;0;0;0;0;0;0;0;0;0;0;0;5;4;1;109;79;30;0;0;0;109;79;30;2020
621110;Widerstand gegen Vollstreckungsbeamte und gleichstehende Personen;5170024;Moers;insg.;104;68;36;0;0;0;0;0;0;0;0;0;0;0;0;5;3;2;99;65;34;0;0;0;99;65;34;2020
621110;Widerstand gegen Vollstreckungsbeamte und gleichstehende Personen;5116000;Moenchengladbach;insg.;290;205;85;0;0;0;0;0;0;0;0;0;0;0;0;6;4;2;278;195;83;6;6;0;284;201;83;2020
621110;Widerstand gegen Vollstreckungsbeamte und gleichstehende Personen;5117000;Muelheim an der Ruhr;insg.;95;62;33;0;0;0;0;0;0;0;0;0;0;0;0;0;0;0;91;58;33;4;4;0;95;62;33;2020
621110;Widerstand gegen Vollstreckungsbeamte und gleichstehende Personen;9162000;Muenchen;insg.;927;782;145;0;0;0;0;0;0;0;0;0;0;0;0;35;29;6;891;752;139;1;1;0;892;753;139;2020
621110;Widerstand gegen Vollstreckungsbeamte und gleichstehende Personen;5515000;Muenster;insg.;316;245;71;0;0;0;0;0;0;0;0;0;1;1;0;9;7;2;303;234;69;3;3;0;306;237;69;2020
621110;Widerstand gegen Vollstreckungsbeamte und gleichstehende Personen;5162024;Neuss;insg.;131;85;46;0;0;0;0;0;0;0;0;0;0;0;0;0;0;0;129;83;46;2;2;0;131;85;46;2020
621110;Widerstand gegen Vollstreckungsbeamte und gleichstehende Personen;9564000;Nuernberg;insg.;281;227;54;0;0;0;0;0;0;0;0;0;0;0;0;4;4;0;277;223;54;0;0;0;277;223;54;2020
621110;Widerstand gegen Vollstreckungsbeamte und gleichstehende Personen;5119000;Oberhausen;insg.;130;74;56;0;0;0;0;0;0;0;0;0;0;0;0;12;8;4;118;66;52;0;0;0;118;66;52;2020
621110;Widerstand gegen Vollstreckungsbeamte und gleichstehende Personen;6413000;Offenbach am Main;insg.;29;20;9;0;0;0;0;0;0;0;0;0;0;0;0;0;0;0;29;20;9;0;0;0;29;20;9;2020
621110;Widerstand gegen Vollstreckungsbeamte und gleichstehende Personen;3403000;Oldenburg (Oldenburg);insg.;82;56;26;0;0;0;0;0;0;0;0;0;0;0;0;2;0;2;80;56;24;0;0;0;80;56;24;2020
621110;Widerstand gegen Vollstreckungsbeamte und gleichstehende Personen;3404000;Osnabrueck;insg.;134;110;24;0;0;0;0;0;0;0;0;0;0;0;0;3;2;1;130;107;23;1;1;0;131;108;23;2020
621110;Widerstand gegen Vollstreckungsbeamte und gleichstehende Personen;5774032;Paderborn;insg.;114;92;22;0;0;0;0;0;0;0;0;0;0;0;0;1;1;0;108;86;22;5;5;0;113;91;22;2020
621110;Widerstand gegen Vollstreckungsbeamte und gleichstehende Personen;8231000;Pforzheim;insg.;69;49;20;0;0;0;0;0;0;0;0;0;0;0;0;2;0;2;67;49;18;0;0;0;67;49;18;2020
621110;Widerstand gegen Vollstreckungsbeamte und gleichstehende Personen;12054000;Potsdam;insg.;64;53;11;0;0;0;0;0;0;0;0;0;0;0;0;1;0;1;63;53;10;0;0;0;63;53;10;2020
621110;Widerstand gegen Vollstreckungsbeamte und gleichstehende Personen;5562032;Recklinghausen;insg.;122;93;29;0;0;0;0;0;0;0;0;0;0;0;0;0;0;0;120;92;28;2;1;1;122;93;29;2020
621110;Widerstand gegen Vollstreckungsbeamte und gleichstehende Personen;9362000;Regensburg;insg.;62;57;5;0;0;0;0;0;0;0;0;0;0;0;0;0;0;0;62;57;5;0;0;0;62;57;5;2020
621110;Widerstand gegen Vollstreckungsbeamte und gleichstehende Personen;5120000;Remscheid;insg.;84;64;20;0;0;0;0;0;0;0;0;0;0;0;0;3;2;1;81;62;19;0;0;0;81;62;19;2020
621110;Widerstand gegen Vollstreckungsbeamte und gleichstehende Personen;8415061;Reutlingen;insg.;68;56;12;0;0;0;0;0;0;0;0;0;0;0;0;1;1;0;67;55;12;0;0;0;67;55;12;2020
621110;Widerstand gegen Vollstreckungsbeamte und gleichstehende Personen;13003000;Rostock;insg.;169;135;34;0;0;0;0;0;0;0;0;0;0;0;0;4;4;0;164;130;34;1;1;0;165;131;34;2020
621110;Widerstand gegen Vollstreckungsbeamte und gleichstehende Personen;10041100;Saarbruecken;insg.;301;230;71;0;0;0;0;0;0;0;0;0;0;0;0;4;3;1;297;227;70;0;0;0;297;227;70;2020
621110;Widerstand gegen Vollstreckungsbeamte und gleichstehende Personen;3102000;Salzgitter;insg.;119;90;29;0;0;0;0;0;0;0;0;0;0;0;0;1;1;0;118;89;29;0;0;0;118;89;29;2020
621110;Widerstand gegen Vollstreckungsbeamte und gleichstehende Personen;13004000;Schwerin;insg.;106;94;12;0;0;0;0;0;0;0;0;0;0;0;0;4;4;0;102;90;12;0;0;0;102;90;12;2020
621110;Widerstand gegen Vollstreckungsbeamte und gleichstehende Personen;5970040;Siegen;insg.;136;109;27;0;0;0;0;0;0;0;0;0;1;1;0;1;1;0;133;106;27;1;1;0;134;107;27;2020
621110;Widerstand gegen Vollstreckungsbeamte und gleichstehende Personen;5122000;Solingen;insg.;113;80;33;0;0;0;0;0;0;0;0;0;2;1;1;2;1;1;107;76;31;2;2;0;109;78;31;2020
621110;Widerstand gegen Vollstreckungsbeamte und gleichstehende Personen;8111000;Stuttgart;insg.;951;769;182;0;0;0;0;0;0;0;0;0;0;0;0;28;21;7;920;745;175;3;3;0;923;748;175;2020
621110;Widerstand gegen Vollstreckungsbeamte und gleichstehende Personen;7211000;Trier;insg.;71;62;9;0;0;0;0;0;0;0;0;0;0;0;0;0;0;0;70;61;9;1;1;0;71;62;9;2020
621110;Widerstand gegen Vollstreckungsbeamte und gleichstehende Personen;8421000;Ulm;insg.;44;37;7;0;0;0;0;0;0;0;0;0;0;0;0;1;1;0;43;36;7;0;0;0;43;36;7;2020
621110;Widerstand gegen Vollstreckungsbeamte und gleichstehende Personen;6414000;Wiesbaden;insg.;105;88;17;0;0;0;0;0;0;0;0;0;0;0;0;1;1;0;104;87;17;0;0;0;104;87;17;2020
621110;Widerstand gegen Vollstreckungsbeamte und gleichstehende Personen;3103000;Wolfsburg;insg.;74;63;11;0;0;0;0;0;0;0;0;0;0;0;0;1;0;1;72;62;10;1;1;0;73;63;10;2020
621110;Widerstand gegen Vollstreckungsbeamte und gleichstehende Personen;5124000;Wuppertal;insg.;333;227;106;0;0;0;1;0;1;1;0;1;0;0;0;11;6;5;317;219;98;4;2;2;321;221;100;2020
621110;Widerstand gegen Vollstreckungsbeamte und gleichstehende Personen;9663000;Wuerzburg;insg.;42;37;5;0;0;0;0;0;0;0;0;0;0;0;0;3;2;1;39;35;4;0;0;0;39;35;4;2020
621120;Taetlicher Angriff auf Vollstreckungsbeamte;5334002;Aachen;insg.;76;57;19;0;0;0;0;0;0;0;0;0;0;0;0;2;1;1;72;55;17;2;1;1;74;56;18;2020
621120;Taetlicher Angriff auf Vollstreckungsbeamte;9761000;Augsburg;insg.;297;247;50;0;0;0;0;0;0;0;0;0;0;0;0;7;3;4;286;242;44;4;2;2;290;244;46;2020
621120;Taetlicher Angriff auf Vollstreckungsbeamte;5378004;Bergisch Gladbach;insg.;3;3;0;0;0;0;0;0;0;0;0;0;0;0;0;0;0;0;3;3;0;0;0;0;3;3;0;2020
621120;Taetlicher Angriff auf Vollstreckungsbeamte;11000000;Berlin;insg.;2201;1868;333;0;0;0;0;0;0;0;0;0;0;0;0;28;24;4;2163;1836;327;10;8;2;2173;1844;329;2020
621120;Taetlicher Angriff auf Vollstreckungsbeamte;5711000;Bielefeld;insg.;34;23;11;0;0;0;0;0;0;0;0;0;0;0;0;2;1;1;31;21;10;1;1;0;32;22;10;2020
621120;Taetlicher Angriff auf Vollstreckungsbeamte;5911000;Bochum;insg.;130;105;25;0;0;0;0;0;0;0;0;0;0;0;0;0;0;0;129;104;25;1;1;0;130;105;25;2020
621120;Taetlicher Angriff auf Vollstreckungsbeamte;5314000;Bonn;insg.;213;164;49;0;0;0;0;0;0;0;0;0;0;0;0;1;1;0;211;162;49;1;1;0;212;163;49;2020
621120;Taetlicher Angriff auf Vollstreckungsbeamte;5512000;Bottrop;insg.;24;20;4;0;0;0;0;0;0;0;0;0;0;0;0;2;2;0;22;18;4;0;0;0;22;18;4;2020
621120;Taetlicher Angriff auf Vollstreckungsbeamte;3101000;Braunschweig;insg.;221;173;48;0;0;0;0;0;0;0;0;0;0;0;0;1;1;0;214;166;48;6;6;0;220;172;48;2020
621120;Taetlicher Angriff auf Vollstreckungsbeamte;4011000;Bremen;insg.;253;193;60;0;0;0;0;0;0;0;0;0;0;0;0;1;1;0;251;191;60;1;1;0;252;192;60;2020
621120;Taetlicher Angriff auf Vollstreckungsbeamte;4012000;Bremerhaven;insg.;64;55;9;0;0;0;0;0;0;0;0;0;0;0;0;0;0;0;63;54;9;1;1;0;64;55;9;2020
621120;Taetlicher Angriff auf Vollstreckungsbeamte;14511000;Chemnitz;insg.;41;35;6;0;0;0;0;0;0;0;0;0;0;0;0;1;1;0;38;32;6;2;2;0;40;34;6;2020
621120;Taetlicher Angriff auf Vollstreckungsbeamte;6411000;Darmstadt;insg.;22;19;3;0;0;0;0;0;0;0;0;0;0;0;0;1;1;0;20;17;3;1;1;0;21;18;3;2020
621120;Taetlicher Angriff auf Vollstreckungsbeamte;5913000;Dortmund;insg.;656;514;142;0;0;0;3;3;0;3;3;0;0;0;0;12;7;5;639;502;137;2;2;0;641;504;137;2020
621120;Taetlicher Angriff auf Vollstreckungsbeamte;14612000;Dresden;insg.;129;104;25;0;0;0;0;0;0;0;0;0;0;0;0;2;1;1;127;103;24;0;0;0;127;103;24;2020
621120;Taetlicher Angriff auf Vollstreckungsbeamte;5112000;Duisburg;insg.;80;57;23;0;0;0;0;0;0;0;0;0;0;0;0;1;1;0;79;56;23;0;0;0;79;56;23;2020
621120;Taetlicher Angriff auf Vollstreckungsbeamte;5111000;Duesseldorf;insg.;463;357;106;0;0;0;0;0;0;0;0;0;0;0;0;8;5;3;455;352;103;0;0;0;455;352;103;2020
621120;Taetlicher Angriff auf Vollstreckungsbeamte;16051000;Erfurt;insg.;113;94;19;0;0;0;0;0;0;0;0;0;0;0;0;1;0;1;112;94;18;0;0;0;112;94;18;2020
621120;Taetlicher Angriff auf Vollstreckungsbeamte;9562000;Erlangen;insg.;117;96;21;0;0;0;0;0;0;0;0;0;0;0;0;0;0;0;117;96;21;0;0;0;117;96;21;2020
621120;Taetlicher Angriff auf Vollstreckungsbeamte;5113000;Essen;insg.;189;145;44;0;0;0;0;0;0;0;0;0;0;0;0;9;9;0;177;133;44;3;3;0;180;136;44;2020
621120;Taetlicher Angriff auf Vollstreckungsbeamte;6412000;Frankfurt am Main;insg.;1008;826;182;0;0;0;0;0;0;0;0;0;0;0;0;26;23;3;981;802;179;1;1;0;982;803;179;2020
621120;Taetlicher Angriff auf Vollstreckungsbeamte;8311000;Freiburg im Breisgau;insg.;321;258;63;0;0;0;0;0;0;0;0;0;0;0;0;10;7;3;308;248;60;3;3;0;311;251;60;2020
621120;Taetlicher Angriff auf Vollstreckungsbeamte;9563000;Fuerth;insg.;85;62;23;0;0;0;0;0;0;0;0;0;0;0;0;2;0;2;82;62;20;1;0;1;83;62;21;2020
621120;Taetlicher Angriff auf Vollstreckungsbeamte;5513000;Gelsenkirchen;insg.;78;63;15;0;0;0;0;0;0;0;0;0;0;0;0;3;3;0;75;60;15;0;0;0;75;60;15;2020
621120;Taetlicher Angriff auf Vollstreckungsbeamte;3159016;Goettingen;insg.;72;58;14;0;0;0;0;0;0;0;0;0;0;0;0;0;0;0;72;58;14;0;0;0;72;58;14;2020
621120;Taetlicher Angriff auf Vollstreckungsbeamte;5754008;Guetersloh;insg.;34;24;10;0;0;0;0;0;0;0;0;0;0;0;0;4;4;0;30;20;10;0;0;0;30;20;10;2020
621120;Taetlicher Angriff auf Vollstreckungsbeamte;5914000;Hagen;insg.;67;48;19;0;0;0;0;0;0;0;0;0;0;0;0;0;0;0;66;47;19;1;1;0;67;48;19;2020
621120;Taetlicher Angriff auf Vollstreckungsbeamte;15002000;Halle (Saale);insg.;170;139;31;0;0;0;0;0;0;0;0;0;0;0;0;5;4;1;165;135;30;0;0;0;165;135;30;2020
621120;Taetlicher Angriff auf Vollstreckungsbeamte;2000000;Hamburg;insg.;1199;925;274;0;0;0;0;0;0;0;0;0;0;0;0;29;20;9;1167;902;265;3;3;0;1170;905;265;2020
621120;Taetlicher Angriff auf Vollstreckungsbeamte;5915000;Hamm;insg.;63;49;14;0;0;0;0;0;0;0;0;0;0;0;0;0;0;0;62;48;14;1;1;0;63;49;14;2020
621120;Taetlicher Angriff auf Vollstreckungsbeamte;3241001;Hannover;insg.;501;379;122;0;0;0;0;0;0;0;0;0;0;0;0;9;6;3;491;372;119;1;1;0;492;373;119;2020
621120;Taetlicher Angriff auf Vollstreckungsbeamte;8221000;Heidelberg;insg.;170;125;45;0;0;0;0;0;0;0;0;0;0;0;0;3;3;0;164;120;44;3;2;1;167;122;45;2020
621120;Taetlicher Angriff auf Vollstreckungsbeamte;8121000;Heilbronn;insg.;82;64;18;0;0;0;0;0;0;0;0;0;0;0;0;2;0;2;78;62;16;2;2;0;80;64;16;2020
621120;Taetlicher Angriff auf Vollstreckungsbeamte;5916000;Herne;insg.;62;51;11;0;0;0;0;0;0;0;0;0;0;0;0;2;1;1;60;50;10;0;0;0;60;50;10;2020
621120;Taetlicher Angriff auf Vollstreckungsbeamte;3254021;Hildesheim;insg.;73;56;17;0;0;0;0;0;0;0;0;0;0;0;0;3;1;2;69;54;15;1;1;0;70;55;15;2020
621120;Taetlicher Angriff auf Vollstreckungsbeamte;9161000;Ingolstadt;insg.;100;76;24;0;0;0;0;0;0;0;0;0;0;0;0;3;2;1;96;73;23;1;1;0;97;74;23;2020
621120;Taetlicher Angriff auf Vollstreckungsbeamte;16053000;Jena;insg.;40;38;2;0;0;0;0;0;0;0;0;0;0;0;0;2;2;0;38;36;2;0;0;0;38;36;2;2020
621120;Taetlicher Angriff auf Vollstreckungsbeamte;7312000;Kaiserslautern;insg.;105;84;21;0;0;0;0;0;0;0;0;0;0;0;0;1;1;0;104;83;21;0;0;0;104;83;21;2020
621120;Taetlicher Angriff auf Vollstreckungsbeamte;8212000;Karlsruhe;insg.;196;157;39;0;0;0;0;0;0;0;0;0;1;0;1;5;4;1;190;153;37;0;0;0;190;153;37;2020
621120;Taetlicher Angriff auf Vollstreckungsbeamte;6611000;Kassel;insg.;93;77;16;1;1;0;0;0;0;1;1;0;4;3;1;12;10;2;75;62;13;1;1;0;76;63;13;2020
621120;Taetlicher Angriff auf Vollstreckungsbeamte;1002000;Kiel;insg.;218;169;49;0;0;0;0;0;0;0;0;0;0;0;0;1;1;0;216;167;49;1;1;0;217;168;49;2020
621120;Taetlicher Angriff auf Vollstreckungsbeamte;7111000;Koblenz;insg.;61;55;6;0;0;0;0;0;0;0;0;0;0;0;0;2;2;0;59;53;6;0;0;0;59;53;6;2020
621120;Taetlicher Angriff auf Vollstreckungsbeamte;5315000;Koeln;insg.;347;252;95;0;0;0;0;0;0;0;0;0;0;0;0;9;7;2;337;244;93;1;1;0;338;245;93;2020
621120;Taetlicher Angriff auf Vollstreckungsbeamte;5114000;Krefeld;insg.;188;121;67;0;0;0;0;0;0;0;0;0;0;0;0;2;1;1;184;118;66;2;2;0;186;120;66;2020
621120;Taetlicher Angriff auf Vollstreckungsbeamte;14713000;Leipzig;insg.;232;192;40;0;0;0;0;0;0;0;0;0;0;0;0;10;9;1;219;180;39;3;3;0;222;183;39;2020
621120;Taetlicher Angriff auf Vollstreckungsbeamte;5316000;Leverkusen;insg.;38;28;10;0;0;0;0;0;0;0;0;0;0;0;0;0;0;0;38;28;10;0;0;0;38;28;10;2020
621120;Taetlicher Angriff auf Vollstreckungsbeamte;1003000;Luebeck;insg.;237;186;51;0;0;0;0;0;0;0;0;0;0;0;0;5;3;2;231;182;49;1;1;0;232;183;49;2020
621120;Taetlicher Angriff auf Vollstreckungsbeamte;7314000;Ludwigshafen am Rhein;insg.;50;39;11;0;0;0;0;0;0;0;0;0;0;0;0;1;1;0;48;37;11;1;1;0;49;38;11;2020
621120;Taetlicher Angriff auf Vollstreckungsbeamte;15003000;Magdeburg;insg.;101;76;25;0;0;0;0;0;0;0;0;0;0;0;0;5;3;2;96;73;23;0;0;0;96;73;23;2020
621120;Taetlicher Angriff auf Vollstreckungsbeamte;7315000;Mainz;insg.;75;60;15;0;0;0;0;0;0;0;0;0;0;0;0;2;2;0;73;58;15;0;0;0;73;58;15;2020
621120;Taetlicher Angriff auf Vollstreckungsbeamte;8222000;Mannheim;insg.;291;249;42;0;0;0;0;0;0;0;0;0;0;0;0;7;7;0;284;242;42;0;0;0;284;242;42;2020
621120;Taetlicher Angriff auf Vollstreckungsbeamte;5170024;Moers;insg.;22;15;7;0;0;0;0;0;0;0;0;0;0;0;0;2;2;0;20;13;7;0;0;0;20;13;7;2020
621120;Taetlicher Angriff auf Vollstreckungsbeamte;5116000;Moenchengladbach;insg.;72;59;13;0;0;0;0;0;0;0;0;0;0;0;0;2;2;0;69;56;13;1;1;0;70;57;13;2020
621120;Taetlicher Angriff auf Vollstreckungsbeamte;5117000;Muelheim an der Ruhr;insg.;10;7;3;0;0;0;0;0;0;0;0;0;0;0;0;0;0;0;10;7;3;0;0;0;10;7;3;2020
621120;Taetlicher Angriff auf Vollstreckungsbeamte;9162000;Muenchen;insg.;1106;892;214;0;0;0;0;0;0;0;0;0;0;0;0;23;16;7;1080;873;207;3;3;0;1083;876;207;2020
621120;Taetlicher Angriff auf Vollstreckungsbeamte;5515000;Muenster;insg.;57;49;8;0;0;0;0;0;0;0;0;0;0;0;0;1;0;1;56;49;7;0;0;0;56;49;7;2020
621120;Taetlicher Angriff auf Vollstreckungsbeamte;5162024;Neuss;insg.;18;14;4;0;0;0;0;0;0;0;0;0;0;0;0;0;0;0;18;14;4;0;0;0;18;14;4;2020
621120;Taetlicher Angriff auf Vollstreckungsbeamte;9564000;Nuernberg;insg.;643;540;103;0;0;0;0;0;0;0;0;0;0;0;0;12;9;3;630;530;100;1;1;0;631;531;100;2020
621120;Taetlicher Angriff auf Vollstreckungsbeamte;5119000;Oberhausen;insg.;19;8;11;0;0;0;0;0;0;0;0;0;0;0;0;0;0;0;19;8;11;0;0;0;19;8;11;2020
621120;Taetlicher Angriff auf Vollstreckungsbeamte;6413000;Offenbach am Main;insg.;97;77;20;0;0;0;0;0;0;0;0;0;0;0;0;1;1;0;96;76;20;0;0;0;96;76;20;2020
621120;Taetlicher Angriff auf Vollstreckungsbeamte;3403000;Oldenburg (Oldenburg);insg.;84;62;22;0;0;0;0;0;0;0;0;0;0;0;0;5;5;0;78;56;22;1;1;0;79;57;22;2020
621120;Taetlicher Angriff auf Vollstreckungsbeamte;3404000;Osnabrueck;insg.;182;142;40;0;0;0;0;0;0;0;0;0;0;0;0;3;3;0;177;137;40;2;2;0;179;139;40;2020
621120;Taetlicher Angriff auf Vollstreckungsbeamte;5774032;Paderborn;insg.;54;43;11;0;0;0;0;0;0;0;0;0;0;0;0;1;1;0;53;42;11;0;0;0;53;42;11;2020
621120;Taetlicher Angriff auf Vollstreckungsbeamte;8231000;Pforzheim;insg.;155;116;39;0;0;0;0;0;0;0;0;0;0;0;0;4;2;2;151;114;37;0;0;0;151;114;37;2020
621120;Taetlicher Angriff auf Vollstreckungsbeamte;12054000;Potsdam;insg.;95;70;25;0;0;0;0;0;0;0;0;0;0;0;0;3;0;3;91;70;21;1;0;1;92;70;22;2020
621120;Taetlicher Angriff auf Vollstreckungsbeamte;5562032;Recklinghausen;insg.;125;101;24;0;0;0;0;0;0;0;0;0;0;0;0;4;2;2;120;98;22;1;1;0;121;99;22;2020
621120;Taetlicher Angriff auf Vollstreckungsbeamte;9362000;Regensburg;insg.;167;137;30;0;0;0;0;0;0;0;0;0;0;0;0;4;2;2;162;134;28;1;1;0;163;135;28;2020
621120;Taetlicher Angriff auf Vollstreckungsbeamte;5120000;Remscheid;insg.;26;16;10;0;0;0;0;0;0;0;0;0;0;0;0;1;0;1;25;16;9;0;0;0;25;16;9;2020
621120;Taetlicher Angriff auf Vollstreckungsbeamte;8415061;Reutlingen;insg.;85;69;16;0;0;0;0;0;0;0;0;0;0;0;0;0;0;0;84;68;16;1;1;0;85;69;16;2020
621120;Taetlicher Angriff auf Vollstreckungsbeamte;13003000;Rostock;insg.;70;61;9;0;0;0;0;0;0;0;0;0;0;0;0;1;1;0;69;60;9;0;0;0;69;60;9;2020
621120;Taetlicher Angriff auf Vollstreckungsbeamte;10041100;Saarbruecken;insg.;144;110;34;0;0;0;0;0;0;0;0;0;0;0;0;1;1;0;143;109;34;0;0;0;143;109;34;2020
621120;Taetlicher Angriff auf Vollstreckungsbeamte;3102000;Salzgitter;insg.;16;11;5;0;0;0;0;0;0;0;0;0;0;0;0;1;0;1;15;11;4;0;0;0;15;11;4;2020
621120;Taetlicher Angriff auf Vollstreckungsbeamte;13004000;Schwerin;insg.;67;58;9;0;0;0;0;0;0;0;0;0;0;0;0;6;5;1;61;53;8;0;0;0;61;53;8;2020
621120;Taetlicher Angriff auf Vollstreckungsbeamte;5970040;Siegen;insg.;81;57;24;0;0;0;0;0;0;0;0;0;0;0;0;2;1;1;78;55;23;1;1;0;79;56;23;2020
621120;Taetlicher Angriff auf Vollstreckungsbeamte;5122000;Solingen;insg.;20;15;5;0;0;0;0;0;0;0;0;0;0;0;0;0;0;0;20;15;5;0;0;0;20;15;5;2020
621120;Taetlicher Angriff auf Vollstreckungsbeamte;8111000;Stuttgart;insg.;974;768;206;0;0;0;0;0;0;0;0;0;0;0;0;32;23;9;937;742;195;5;3;2;942;745;197;2020
621120;Taetlicher Angriff auf Vollstreckungsbeamte;7211000;Trier;insg.;42;34;8;0;0;0;0;0;0;0;0;0;0;0;0;0;0;0;42;34;8;0;0;0;42;34;8;2020
621120;Taetlicher Angriff auf Vollstreckungsbeamte;8421000;Ulm;insg.;86;71;15;0;0;0;0;0;0;0;0;0;0;0;0;3;2;1;81;67;14;2;2;0;83;69;14;2020
621120;Taetlicher Angriff auf Vollstreckungsbeamte;6414000;Wiesbaden;insg.;63;53;10;0;0;0;0;0;0;0;0;0;0;0;0;0;0;0;63;53;10;0;0;0;63;53;10;2020
621120;Taetlicher Angriff auf Vollstreckungsbeamte;3103000;Wolfsburg;insg.;66;56;10;0;0;0;0;0;0;0;0;0;0;0;0;2;2;0;64;54;10;0;0;0;64;54;10;2020
621120;Taetlicher Angriff auf Vollstreckungsbeamte;5124000;Wuppertal;insg.;71;49;22;0;0;0;0;0;0;0;0;0;0;0;0;16;12;4;54;36;18;1;1;0;55;37;18;2020
621120;Taetlicher Angriff auf Vollstreckungsbeamte;9663000;Wuerzburg;insg.;98;75;23;0;0;0;0;0;0;0;0;0;0;0;0;3;3;0;95;72;23;0;0;0;95;72;23;2020
892000;Gewaltkriminalitaet;5334002;Aachen;insg.;1111;757;354;13;7;6;24;15;9;37;22;15;88;60;28;116;82;34;790;547;243;80;46;34;870;593;277;2020
892000;Gewaltkriminalitaet;9761000;Augsburg;insg.;959;701;258;2;1;1;50;38;12;52;39;13;91;62;29;125;95;30;637;474;163;54;31;23;691;505;186;2020
892000;Gewaltkriminalitaet;5378004;Bergisch Gladbach;insg.;222;138;84;1;0;1;8;2;6;9;2;7;34;21;13;24;17;7;143;91;52;12;7;5;155;98;57;2020
892000;Gewaltkriminalitaet;11000000;Berlin;insg.;19412;14211;5201;86;40;46;918;660;258;1004;700;304;2005;1514;491;1759;1361;398;13563;10016;3547;1081;620;461;14644;10636;4008;2020
892000;Gewaltkriminalitaet;5711000;Bielefeld;insg.;1027;699;328;3;2;1;31;21;10;34;23;11;103;65;38;120;83;37;716;497;219;54;31;23;770;528;242;2020
892000;Gewaltkriminalitaet;5911000;Bochum;insg.;1302;861;441;4;4;0;35;23;12;39;27;12;138;94;44;185;109;76;872;587;285;68;44;24;940;631;309;2020
892000;Gewaltkriminalitaet;5314000;Bonn;insg.;1378;986;392;7;3;4;66;50;16;73;53;20;138;93;45;152;112;40;941;676;265;74;52;22;1015;728;287;2020
892000;Gewaltkriminalitaet;5512000;Bottrop;insg.;328;234;94;0;0;0;7;3;4;7;3;4;38;25;13;36;28;8;221;161;60;26;17;9;247;178;69;2020
892000;Gewaltkriminalitaet;3101000;Braunschweig;insg.;781;538;243;4;1;3;28;22;6;32;23;9;92;56;36;91;63;28;527;376;151;39;20;19;566;396;170;2020
892000;Gewaltkriminalitaet;4011000;Bremen;insg.;2613;1857;756;12;6;6;76;55;21;88;61;27;261;184;77;273;212;61;1818;1308;510;173;92;81;1991;1400;591;2020
892000;Gewaltkriminalitaet;4012000;Bremerhaven;insg.;649;455;194;3;2;1;19;10;9;22;12;10;56;39;17;64;40;24;474;342;132;33;22;11;507;364;143;2020
892000;Gewaltkriminalitaet;14511000;Chemnitz;insg.;819;625;194;3;3;0;23;15;8;26;18;8;82;58;24;102;82;20;561;433;128;48;34;14;609;467;142;2020
892000;Gewaltkriminalitaet;6411000;Darmstadt;insg.;462;351;111;1;1;0;14;11;3;15;12;3;40;29;11;45;38;7;338;256;82;24;16;8;362;272;90;2020
892000;Gewaltkriminalitaet;5913000;Dortmund;insg.;2981;2148;833;11;6;5;123;83;40;134;89;45;323;231;92;371;280;91;2016;1458;558;137;90;47;2153;1548;605;2020
892000;Gewaltkriminalitaet;14612000;Dresden;insg.;1898;1446;452;15;5;10;109;68;41;124;73;51;201;148;53;216;162;54;1280;1017;263;77;46;31;1357;1063;294;2020
892000;Gewaltkriminalitaet;5112000;Duisburg;insg.;2022;1304;718;10;4;6;149;104;45;159;108;51;203;138;65;179;114;65;1352;872;480;129;72;57;1481;944;537;2020
892000;Gewaltkriminalitaet;5111000;Duesseldorf;insg.;2944;2113;831;7;5;2;81;55;26;88;60;28;349;247;102;398;315;83;1962;1391;571;147;100;47;2109;1491;618;2020
892000;Gewaltkriminalitaet;16051000;Erfurt;insg.;768;582;186;3;2;1;32;18;14;35;20;15;74;57;17;98;76;22;532;413;119;29;16;13;561;429;132;2020
892000;Gewaltkriminalitaet;9562000;Erlangen;insg.;198;138;60;2;1;1;6;2;4;8;3;5;36;26;10;23;13;10;124;91;33;7;5;2;131;96;35;2020
892000;Gewaltkriminalitaet;5113000;Essen;insg.;2013;1320;693;13;5;8;109;79;30;122;84;38;227;154;73;169;114;55;1368;894;474;127;74;53;1495;968;527;2020
892000;Gewaltkriminalitaet;6412000;Frankfurt am Main;insg.;4172;3198;974;17;8;9;97;76;21;114;84;30;239;172;67;412;308;104;3178;2485;693;229;149;80;3407;2634;773;2020
892000;Gewaltkriminalitaet;8311000;Freiburg im Breisgau;insg.;921;753;168;5;5;0;13;9;4;18;14;4;55;44;11;128;99;29;679;566;113;41;30;11;720;596;124;2020
892000;Gewaltkriminalitaet;9563000;Fuerth;insg.;236;173;63;0;0;0;18;15;3;18;15;3;29;23;6;23;15;8;157;113;44;9;7;2;166;120;46;2020
892000;Gewaltkriminalitaet;5513000;Gelsenkirchen;insg.;1131;784;347;3;3;0;62;41;21;65;44;21;139;91;48;111;81;30;753;532;221;63;36;27;816;568;248;2020
892000;Gewaltkriminalitaet;3159016;Goettingen;insg.;522;385;137;1;0;1;11;8;3;12;8;4;38;26;12;52;43;9;392;289;103;28;19;9;420;308;112;2020
892000;Gewaltkriminalitaet;5754008;Guetersloh;insg.;314;205;109;0;0;0;10;8;2;10;8;2;31;19;12;29;23;6;229;148;81;15;7;8;244;155;89;2020
892000;Gewaltkriminalitaet;5914000;Hagen;insg.;707;486;221;4;1;3;40;27;13;44;28;16;65;44;21;62;38;24;501;351;150;35;25;10;536;376;160;2020
892000;Gewaltkriminalitaet;15002000;Halle (Saale);insg.;1195;883;312;7;5;2;79;64;15;86;69;17;117;96;21;120;95;25;813;589;224;59;34;25;872;623;249;2020
892000;Gewaltkriminalitaet;2000000;Hamburg;insg.;7897;5743;2154;29;19;10;361;250;111;390;269;121;668;454;214;766;580;186;5641;4162;1479;432;278;154;6073;4440;1633;2020
892000;Gewaltkriminalitaet;5915000;Hamm;insg.;648;403;245;2;0;2;35;22;13;37;22;15;93;47;46;57;43;14;432;278;154;29;13;16;461;291;170;2020
892000;Gewaltkriminalitaet;3241001;Hannover;insg.;3256;2461;795;17;10;7;105;80;25;122;90;32;259;177;82;344;272;72;2380;1829;551;151;93;58;2531;1922;609;2020
892000;Gewaltkriminalitaet;8221000;Heidelberg;insg.;470;334;136;3;1;2;4;2;2;7;3;4;31;23;8;66;42;24;349;256;93;17;10;7;366;266;100;2020
892000;Gewaltkriminalitaet;8121000;Heilbronn;insg.;366;278;88;2;2;0;6;4;2;8;6;2;24;12;12;31;24;7;280;225;55;23;11;12;303;236;67;2020
892000;Gewaltkriminalitaet;5916000;Herne;insg.;512;335;177;4;2;2;32;22;10;36;24;12;58;40;18;72;53;19;302;194;108;44;24;20;346;218;128;2020
892000;Gewaltkriminalitaet;3254021;Hildesheim;insg.;389;248;141;0;0;0;13;7;6;13;7;6;34;20;14;49;27;22;280;188;92;13;6;7;293;194;99;2020
892000;Gewaltkriminalitaet;9161000;Ingolstadt;insg.;372;257;115;2;0;2;20;15;5;22;15;7;37;21;16;38;34;4;256;176;80;19;11;8;275;187;88;2020
892000;Gewaltkriminalitaet;16053000;Jena;insg.;299;226;73;8;7;1;5;2;3;13;9;4;9;5;4;39;29;10;228;177;51;10;6;4;238;183;55;2020
892000;Gewaltkriminalitaet;7312000;Kaiserslautern;insg.;556;402;154;2;1;1;21;15;6;23;16;7;65;45;20;107;83;24;335;241;94;26;17;9;361;258;103;2020
892000;Gewaltkriminalitaet;8212000;Karlsruhe;insg.;961;715;246;38;37;1;26;17;9;64;54;10;74;46;28;111;76;35;659;501;158;53;38;15;712;539;173;2020
892000;Gewaltkriminalitaet;6611000;Kassel;insg.;1032;714;318;6;6;0;31;19;12;37;25;12;84;51;33;89;68;21;773;541;232;49;29;20;822;570;252;2020
892000;Gewaltkriminalitaet;1002000;Kiel;insg.;951;680;271;3;2;1;19;10;9;22;12;10;92;68;24;110;82;28;667;489;178;60;29;31;727;518;209;2020
892000;Gewaltkriminalitaet;7111000;Koblenz;insg.;584;425;159;4;2;2;13;9;4;17;11;6;48;35;13;66;53;13;434;317;117;19;9;10;453;326;127;2020
892000;Gewaltkriminalitaet;5315000;Koeln;insg.;5845;4056;1789;18;10;8;192;145;47;210;155;55;527;352;175;589;419;170;4218;2930;1288;301;200;101;4519;3130;1389;2020
892000;Gewaltkriminalitaet;5114000;Krefeld;insg.;862;594;268;2;1;1;51;39;12;53;40;13;83;59;24;98;70;28;578;391;187;50;34;16;628;425;203;2020
892000;Gewaltkriminalitaet;14713000;Leipzig;insg.;2118;1596;522;9;6;3;62;42;20;71;48;23;212;146;66;221;174;47;1514;1158;356;100;70;30;1614;1228;386;2020
892000;Gewaltkriminalitaet;5316000;Leverkusen;insg.;576;378;198;1;0;1;15;10;5;16;10;6;76;50;26;55;36;19;398;263;135;31;19;12;429;282;147;2020
892000;Gewaltkriminalitaet;1003000;Luebeck;insg.;846;591;255;7;5;2;26;19;7;33;24;9;72;46;26;73;52;21;609;427;182;59;42;17;668;469;199;2020
892000;Gewaltkriminalitaet;7314000;Ludwigshafen am Rhein;insg.;857;628;229;3;2;1;73;53;20;76;55;21;96;77;19;88;74;14;550;390;160;47;32;15;597;422;175;2020
892000;Gewaltkriminalitaet;15003000;Magdeburg;insg.;1036;746;290;6;3;3;48;34;14;54;37;17;137;103;34;118;85;33;685;498;187;42;23;19;727;521;206;2020
892000;Gewaltkriminalitaet;7315000;Mainz;insg.;720;540;180;1;1;0;31;21;10;32;22;10;86;64;22;77;54;23;498;379;119;27;21;6;525;400;125;2020
892000;Gewaltkriminalitaet;8222000;Mannheim;insg.;1072;754;318;6;4;2;43;32;11;49;36;13;87;60;27;110;86;24;763;537;226;63;35;28;826;572;254;2020
892000;Gewaltkriminalitaet;5170024;Moers;insg.;274;188;86;6;3;3;16;13;3;22;16;6;31;22;9;44;34;10;150;101;49;27;15;12;177;116;61;2020
892000;Gewaltkriminalitaet;5116000;Moenchengladbach;insg.;962;627;335;3;1;2;32;21;11;35;22;13;105;70;35;101;61;40;666;436;230;55;38;17;721;474;247;2020
892000;Gewaltkriminalitaet;5117000;Muelheim an der Ruhr;insg.;404;250;154;1;0;1;26;18;8;27;18;9;55;37;18;37;23;14;258;159;99;27;13;14;285;172;113;2020
892000;Gewaltkriminalitaet;9162000;Muenchen;insg.;4417;3054;1363;26;13;13;92;58;34;118;71;47;406;275;131;468;334;134;3241;2260;981;184;114;70;3425;2374;1051;2020
892000;Gewaltkriminalitaet;5515000;Muenster;insg.;930;655;275;7;5;2;36;22;14;43;27;16;85;63;22;119;85;34;639;453;186;44;27;17;683;480;203;2020
892000;Gewaltkriminalitaet;5162024;Neuss;insg.;434;294;140;6;3;3;25;19;6;31;22;9;56;40;16;53;37;16;267;176;91;27;19;8;294;195;99;2020
892000;Gewaltkriminalitaet;9564000;Nuernberg;insg.;1646;1195;451;8;6;2;86;69;17;94;75;19;127;84;43;159;124;35;1183;861;322;83;51;32;1266;912;354;2020
892000;Gewaltkriminalitaet;5119000;Oberhausen;insg.;642;418;224;3;1;2;36;23;13;39;24;15;80;55;25;72;58;14;423;272;151;28;9;19;451;281;170;2020
892000;Gewaltkriminalitaet;6413000;Offenbach am Main;insg.;385;263;122;2;1;1;25;16;9;27;17;10;47;34;13;24;13;11;266;190;76;21;9;12;287;199;88;2020
892000;Gewaltkriminalitaet;3403000;Oldenburg (Oldenburg);insg.;534;368;166;1;1;0;20;12;8;21;13;8;44;25;19;69;48;21;373;270;103;27;12;15;400;282;118;2020
892000;Gewaltkriminalitaet;3404000;Osnabrueck;insg.;776;561;215;0;0;0;29;15;14;29;15;14;75;43;32;79;55;24;550;422;128;43;26;17;593;448;145;2020
892000;Gewaltkriminalitaet;5774032;Paderborn;insg.;514;375;139;3;2;1;14;10;4;17;12;5;55;42;13;63;47;16;348;255;93;31;19;12;379;274;105;2020
892000;Gewaltkriminalitaet;8231000;Pforzheim;insg.;466;345;121;3;3;0;13;10;3;16;13;3;71;49;22;50;38;12;308;232;76;21;13;8;329;245;84;2020
892000;Gewaltkriminalitaet;12054000;Potsdam;insg.;417;299;118;1;0;1;8;7;1;9;7;2;52;37;15;53;45;8;280;201;79;23;9;14;303;210;93;2020
892000;Gewaltkriminalitaet;5562032;Recklinghausen;insg.;403;257;146;0;0;0;21;16;5;21;16;5;27;20;7;38;24;14;285;183;102;32;14;18;317;197;120;2020
892000;Gewaltkriminalitaet;9362000;Regensburg;insg.;512;381;131;3;3;0;5;5;0;8;8;0;52;41;11;66;58;8;365;262;103;21;12;9;386;274;112;2020
892000;Gewaltkriminalitaet;5120000;Remscheid;insg.;292;200;92;2;2;0;14;14;0;16;16;0;38;28;10;41;33;8;177;111;66;20;12;8;197;123;74;2020
892000;Gewaltkriminalitaet;8415061;Reutlingen;insg.;360;281;79;3;3;0;8;6;2;11;9;2;44;37;7;56;42;14;236;183;53;13;10;3;249;193;56;2020
892000;Gewaltkriminalitaet;13003000;Rostock;insg.;682;464;218;3;2;1;51;27;24;54;29;25;80;59;21;78;52;26;435;303;132;35;21;14;470;324;146;2020
892000;Gewaltkriminalitaet;10041100;Saarbruecken;insg.;1110;829;281;2;2;0;35;24;11;37;26;11;103;77;26;116;90;26;768;577;191;86;59;27;854;636;218;2020
892000;Gewaltkriminalitaet;3102000;Salzgitter;insg.;367;246;121;1;1;0;20;15;5;21;16;5;49;37;12;42;29;13;234;150;84;21;14;7;255;164;91;2020
892000;Gewaltkriminalitaet;13004000;Schwerin;insg.;358;231;127;5;3;2;38;26;12;43;29;14;31;12;19;36;30;6;223;149;74;25;11;14;248;160;88;2020
892000;Gewaltkriminalitaet;5970040;Siegen;insg.;319;229;90;0;0;0;9;7;2;9;7;2;28;18;10;40;27;13;230;169;61;12;8;4;242;177;65;2020
892000;Gewaltkriminalitaet;5122000;Solingen;insg.;447;288;159;5;1;4;27;19;8;32;20;12;56;40;16;48;31;17;284;178;106;27;19;8;311;197;114;2020
892000;Gewaltkriminalitaet;8111000;Stuttgart;insg.;3042;2282;760;8;6;2;66;38;28;74;44;30;239;155;84;389;311;78;2216;1694;522;124;78;46;2340;1772;568;2020
892000;Gewaltkriminalitaet;7211000;Trier;insg.;378;273;105;0;0;0;4;2;2;4;2;2;39;24;15;52;40;12;277;203;74;6;4;2;283;207;76;2020
892000;Gewaltkriminalitaet;8421000;Ulm;insg.;416;293;123;8;6;2;12;7;5;20;13;7;49;35;14;44;34;10;287;201;86;16;10;6;303;211;92;2020
892000;Gewaltkriminalitaet;6414000;Wiesbaden;insg.;1087;752;335;4;2;2;40;23;17;44;25;19;96;74;22;150;114;36;739;505;234;58;34;24;797;539;258;2020
892000;Gewaltkriminalitaet;3103000;Wolfsburg;insg.;297;204;93;3;0;3;10;8;2;13;8;5;37;20;17;34;23;11;199;146;53;14;7;7;213;153;60;2020
892000;Gewaltkriminalitaet;5124000;Wuppertal;insg.;1566;1020;546;9;3;6;105;66;39;114;69;45;199;144;55;153;105;48;1013;648;365;87;54;33;1100;702;398;2020
892000;Gewaltkriminalitaet;9663000;Wuerzburg;insg.;434;300;134;2;1;1;10;7;3;12;8;4;34;23;11;63;42;21;309;220;89;16;7;9;325;227;98;2020
892500;Mord, Totschlag und Toetung auf Verlangen;5334002;Aachen;insg.;9;6;3;1;1;0;0;0;0;1;1;0;0;0;0;0;0;0;6;4;2;2;1;1;8;5;3;2020
892500;Mord, Totschlag und Toetung auf Verlangen;9761000;Augsburg;insg.;8;4;4;0;0;0;0;0;0;0;0;0;2;1;1;1;0;1;5;3;2;0;0;0;5;3;2;2020
892500;Mord, Totschlag und Toetung auf Verlangen;5378004;Bergisch Gladbach;insg.;2;2;0;0;0;0;0;0;0;0;0;0;0;0;0;0;0;0;2;2;0;0;0;0;2;2;0;2020
892500;Mord, Totschlag und Toetung auf Verlangen;11000000;Berlin;insg.;114;81;33;3;2;1;3;1;2;6;3;3;1;1;0;3;2;1;98;73;25;6;2;4;104;75;29;2020
892500;Mord, Totschlag und Toetung auf Verlangen;5711000;Bielefeld;insg.;10;6;4;0;0;0;1;1;0;1;1;0;1;0;1;0;0;0;7;4;3;1;1;0;8;5;3;2020
892500;Mord, Totschlag und Toetung auf Verlangen;5911000;Bochum;insg.;5;3;2;0;0;0;0;0;0;0;0;0;0;0;0;1;0;1;4;3;1;0;0;0;4;3;1;2020
892500;Mord, Totschlag und Toetung auf Verlangen;5314000;Bonn;insg.;8;7;1;0;0;0;0;0;0;0;0;0;0;0;0;0;0;0;7;7;0;1;0;1;8;7;1;2020
892500;Mord, Totschlag und Toetung auf Verlangen;5512000;Bottrop;insg.;5;5;0;0;0;0;0;0;0;0;0;0;0;0;0;0;0;0;5;5;0;0;0;0;5;5;0;2020
892500;Mord, Totschlag und Toetung auf Verlangen;3101000;Braunschweig;insg.;7;5;2;0;0;0;0;0;0;0;0;0;0;0;0;0;0;0;3;3;0;4;2;2;7;5;2;2020
892500;Mord, Totschlag und Toetung auf Verlangen;4011000;Bremen;insg.;50;35;15;0;0;0;0;0;0;0;0;0;0;0;0;2;1;1;39;30;9;9;4;5;48;34;14;2020
892500;Mord, Totschlag und Toetung auf Verlangen;4012000;Bremerhaven;insg.;13;9;4;0;0;0;1;0;1;1;0;1;0;0;0;0;0;0;11;8;3;1;1;0;12;9;3;2020
892500;Mord, Totschlag und Toetung auf Verlangen;14511000;Chemnitz;insg.;6;5;1;0;0;0;1;1;0;1;1;0;1;1;0;1;1;0;1;1;0;2;1;1;3;2;1;2020
892500;Mord, Totschlag und Toetung auf Verlangen;6411000;Darmstadt;insg.;4;4;0;0;0;0;0;0;0;0;0;0;1;1;0;0;0;0;3;3;0;0;0;0;3;3;0;2020
892500;Mord, Totschlag und Toetung auf Verlangen;5913000;Dortmund;insg.;32;23;9;1;0;1;2;1;1;3;1;2;0;0;0;0;0;0;26;20;6;3;2;1;29;22;7;2020
892500;Mord, Totschlag und Toetung auf Verlangen;14612000;Dresden;insg.;24;14;10;5;2;3;3;2;1;8;4;4;2;2;0;4;3;1;9;5;4;1;0;1;10;5;5;2020
892500;Mord, Totschlag und Toetung auf Verlangen;5112000;Duisburg;insg.;14;9;5;0;0;0;0;0;0;0;0;0;0;0;0;1;0;1;12;9;3;1;0;1;13;9;4;2020
892500;Mord, Totschlag und Toetung auf Verlangen;5111000;Duesseldorf;insg.;21;18;3;1;1;0;0;0;0;1;1;0;1;1;0;1;1;0;14;12;2;4;3;1;18;15;3;2020
892500;Mord, Totschlag und Toetung auf Verlangen;16051000;Erfurt;insg.;9;8;1;2;1;1;0;0;0;2;1;1;3;3;0;1;1;0;3;3;0;0;0;0;3;3;0;2020
892500;Mord, Totschlag und Toetung auf Verlangen;9562000;Erlangen;insg.;1;0;1;0;0;0;0;0;0;0;0;0;0;0;0;0;0;0;1;0;1;0;0;0;1;0;1;2020
892500;Mord, Totschlag und Toetung auf Verlangen;5113000;Essen;insg.;41;25;16;1;1;0;0;0;0;1;1;0;1;1;0;7;3;4;26;17;9;6;3;3;32;20;12;2020
892500;Mord, Totschlag und Toetung auf Verlangen;6412000;Frankfurt am Main;insg.;73;60;13;0;0;0;0;0;0;0;0;0;2;2;0;6;4;2;56;48;8;9;6;3;65;54;11;2020
892500;Mord, Totschlag und Toetung auf Verlangen;8311000;Freiburg im Breisgau;insg.;8;4;4;0;0;0;0;0;0;0;0;0;0;0;0;2;1;1;6;3;3;0;0;0;6;3;3;2020
892500;Mord, Totschlag und Toetung auf Verlangen;9563000;Fuerth;insg.;1;1;0;0;0;0;0;0;0;0;0;0;0;0;0;0;0;0;1;1;0;0;0;0;1;1;0;2020
892500;Mord, Totschlag und Toetung auf Verlangen;5513000;Gelsenkirchen;insg.;5;4;1;0;0;0;0;0;0;0;0;0;0;0;0;0;0;0;5;4;1;0;0;0;5;4;1;2020
892500;Mord, Totschlag und Toetung auf Verlangen;3159016;Goettingen;insg.;5;5;0;0;0;0;0;0;0;0;0;0;1;1;0;1;1;0;2;2;0;1;1;0;3;3;0;2020
892500;Mord, Totschlag und Toetung auf Verlangen;5754008;Guetersloh;insg.;5;4;1;0;0;0;0;0;0;0;0;0;0;0;0;0;0;0;3;3;0;2;1;1;5;4;1;2020
892500;Mord, Totschlag und Toetung auf Verlangen;5914000;Hagen;insg.;5;4;1;0;0;0;0;0;0;0;0;0;0;0;0;1;1;0;4;3;1;0;0;0;4;3;1;2020
892500;Mord, Totschlag und Toetung auf Verlangen;15002000;Halle (Saale);insg.;21;13;8;0;0;0;0;0;0;0;0;0;0;0;0;2;0;2;18;13;5;1;0;1;19;13;6;2020
892500;Mord, Totschlag und Toetung auf Verlangen;2000000;Hamburg;insg.;54;43;11;1;0;1;2;1;1;3;1;2;1;1;0;2;2;0;41;34;7;7;5;2;48;39;9;2020
892500;Mord, Totschlag und Toetung auf Verlangen;5915000;Hamm;insg.;6;6;0;0;0;0;0;0;0;0;0;0;0;0;0;1;1;0;4;4;0;1;1;0;5;5;0;2020
892500;Mord, Totschlag und Toetung auf Verlangen;3241001;Hannover;insg.;39;30;9;0;0;0;1;1;0;1;1;0;0;0;0;4;4;0;33;25;8;1;0;1;34;25;9;2020
892500;Mord, Totschlag und Toetung auf Verlangen;8221000;Heidelberg;insg.;9;2;7;1;0;1;0;0;0;1;0;1;0;0;0;2;1;1;5;1;4;1;0;1;6;1;5;2020
892500;Mord, Totschlag und Toetung auf Verlangen;8121000;Heilbronn;insg.;10;8;2;0;0;0;0;0;0;0;0;0;0;0;0;0;0;0;8;6;2;2;2;0;10;8;2;2020
892500;Mord, Totschlag und Toetung auf Verlangen;5916000;Herne;insg.;3;3;0;0;0;0;0;0;0;0;0;0;0;0;0;0;0;0;3;3;0;0;0;0;3;3;0;2020
892500;Mord, Totschlag und Toetung auf Verlangen;3254021;Hildesheim;insg.;6;6;0;0;0;0;0;0;0;0;0;0;2;2;0;0;0;0;4;4;0;0;0;0;4;4;0;2020
892500;Mord, Totschlag und Toetung auf Verlangen;9161000;Ingolstadt;insg.;4;2;2;0;0;0;0;0;0;0;0;0;0;0;0;0;0;0;2;2;0;2;0;2;4;2;2;2020
892500;Mord, Totschlag und Toetung auf Verlangen;16053000;Jena;insg.;2;1;1;1;0;1;0;0;0;1;0;1;0;0;0;0;0;0;1;1;0;0;0;0;1;1;0;2020
892500;Mord, Totschlag und Toetung auf Verlangen;7312000;Kaiserslautern;insg.;16;6;10;0;0;0;0;0;0;0;0;0;2;0;2;3;2;1;10;4;6;1;0;1;11;4;7;2020
892500;Mord, Totschlag und Toetung auf Verlangen;8212000;Karlsruhe;insg.;10;8;2;0;0;0;0;0;0;0;0;0;0;0;0;0;0;0;9;8;1;1;0;1;10;8;2;2020
892500;Mord, Totschlag und Toetung auf Verlangen;6611000;Kassel;insg.;14;11;3;0;0;0;0;0;0;0;0;0;0;0;0;1;0;1;13;11;2;0;0;0;13;11;2;2020
892500;Mord, Totschlag und Toetung auf Verlangen;1002000;Kiel;insg.;10;5;5;1;0;1;1;0;1;2;0;2;0;0;0;0;0;0;7;5;2;1;0;1;8;5;3;2020
892500;Mord, Totschlag und Toetung auf Verlangen;7111000;Koblenz;insg.;2;0;2;0;0;0;0;0;0;0;0;0;0;0;0;0;0;0;1;0;1;1;0;1;2;0;2;2020
892500;Mord, Totschlag und Toetung auf Verlangen;5315000;Koeln;insg.;30;25;5;0;0;0;0;0;0;0;0;0;0;0;0;1;1;0;24;21;3;5;3;2;29;24;5;2020
892500;Mord, Totschlag und Toetung auf Verlangen;5114000;Krefeld;insg.;9;4;5;0;0;0;0;0;0;0;0;0;0;0;0;1;1;0;6;2;4;2;1;1;8;3;5;2020
892500;Mord, Totschlag und Toetung auf Verlangen;14713000;Leipzig;insg.;23;18;5;0;0;0;0;0;0;0;0;0;2;2;0;2;2;0;17;13;4;2;1;1;19;14;5;2020
892500;Mord, Totschlag und Toetung auf Verlangen;5316000;Leverkusen;insg.;2;1;1;0;0;0;0;0;0;0;0;0;0;0;0;0;0;0;2;1;1;0;0;0;2;1;1;2020
892500;Mord, Totschlag und Toetung auf Verlangen;1003000;Luebeck;insg.;3;3;0;0;0;0;0;0;0;0;0;0;0;0;0;0;0;0;2;2;0;1;1;0;3;3;0;2020
892500;Mord, Totschlag und Toetung auf Verlangen;7314000;Ludwigshafen am Rhein;insg.;3;2;1;0;0;0;0;0;0;0;0;0;0;0;0;0;0;0;2;2;0;1;0;1;3;2;1;2020
892500;Mord, Totschlag und Toetung auf Verlangen;15003000;Magdeburg;insg.;10;8;2;0;0;0;0;0;0;0;0;0;0;0;0;1;1;0;9;7;2;0;0;0;9;7;2;2020
892500;Mord, Totschlag und Toetung auf Verlangen;7315000;Mainz;insg.;2;1;1;0;0;0;0;0;0;0;0;0;0;0;0;0;0;0;1;0;1;1;1;0;2;1;1;2020
892500;Mord, Totschlag und Toetung auf Verlangen;8222000;Mannheim;insg.;19;15;4;0;0;0;0;0;0;0;0;0;0;0;0;0;0;0;16;13;3;3;2;1;19;15;4;2020
892500;Mord, Totschlag und Toetung auf Verlangen;5170024;Moers;insg.;3;1;2;1;0;1;0;0;0;1;0;1;0;0;0;0;0;0;1;1;0;1;0;1;2;1;1;2020
892500;Mord, Totschlag und Toetung auf Verlangen;5116000;Moenchengladbach;insg.;2;1;1;0;0;0;0;0;0;0;0;0;0;0;0;0;0;0;2;1;1;0;0;0;2;1;1;2020
892500;Mord, Totschlag und Toetung auf Verlangen;5117000;Muelheim an der Ruhr;insg.;6;5;1;0;0;0;0;0;0;0;0;0;0;0;0;2;2;0;3;2;1;1;1;0;4;3;1;2020
892500;Mord, Totschlag und Toetung auf Verlangen;9162000;Muenchen;insg.;78;59;19;1;0;1;2;1;1;3;1;2;3;2;1;9;8;1;54;40;14;9;8;1;63;48;15;2020
892500;Mord, Totschlag und Toetung auf Verlangen;5515000;Muenster;insg.;8;5;3;0;0;0;0;0;0;0;0;0;0;0;0;0;0;0;7;5;2;1;0;1;8;5;3;2020
892500;Mord, Totschlag und Toetung auf Verlangen;5162024;Neuss;insg.;7;3;4;0;0;0;0;0;0;0;0;0;0;0;0;0;0;0;6;2;4;1;1;0;7;3;4;2020
892500;Mord, Totschlag und Toetung auf Verlangen;9564000;Nuernberg;insg.;21;15;6;0;0;0;2;1;1;2;1;1;1;1;0;0;0;0;17;13;4;1;0;1;18;13;5;2020
892500;Mord, Totschlag und Toetung auf Verlangen;5119000;Oberhausen;insg.;7;2;5;0;0;0;1;0;1;1;0;1;0;0;0;1;1;0;3;0;3;2;1;1;5;1;4;2020
892500;Mord, Totschlag und Toetung auf Verlangen;6413000;Offenbach am Main;insg.;5;4;1;0;0;0;0;0;0;0;0;0;0;0;0;0;0;0;5;4;1;0;0;0;5;4;1;2020
892500;Mord, Totschlag und Toetung auf Verlangen;3403000;Oldenburg (Oldenburg);insg.;9;7;2;1;1;0;0;0;0;1;1;0;0;0;0;0;0;0;7;6;1;1;0;1;8;6;2;2020
892500;Mord, Totschlag und Toetung auf Verlangen;3404000;Osnabrueck;insg.;6;4;2;0;0;0;0;0;0;0;0;0;0;0;0;0;0;0;6;4;2;0;0;0;6;4;2;2020
892500;Mord, Totschlag und Toetung auf Verlangen;5774032;Paderborn;insg.;3;3;0;1;1;0;0;0;0;1;1;0;0;0;0;0;0;0;1;1;0;1;1;0;2;2;0;2020
892500;Mord, Totschlag und Toetung auf Verlangen;8231000;Pforzheim;insg.;7;7;0;0;0;0;0;0;0;0;0;0;0;0;0;0;0;0;6;6;0;1;1;0;7;7;0;2020
892500;Mord, Totschlag und Toetung auf Verlangen;12054000;Potsdam;insg.;3;2;1;0;0;0;0;0;0;0;0;0;0;0;0;1;1;0;1;1;0;1;0;1;2;1;1;2020
892500;Mord, Totschlag und Toetung auf Verlangen;5562032;Recklinghausen;insg.;5;3;2;0;0;0;0;0;0;0;0;0;0;0;0;1;1;0;1;0;1;3;2;1;4;2;2;2020
892500;Mord, Totschlag und Toetung auf Verlangen;9362000;Regensburg;insg.;12;10;2;0;0;0;0;0;0;0;0;0;0;0;0;4;4;0;8;6;2;0;0;0;8;6;2;2020
892500;Mord, Totschlag und Toetung auf Verlangen;5120000;Remscheid;insg.;3;1;2;0;0;0;0;0;0;0;0;0;1;1;0;0;0;0;1;0;1;1;0;1;2;0;2;2020
892500;Mord, Totschlag und Toetung auf Verlangen;8415061;Reutlingen;insg.;11;8;3;1;1;0;0;0;0;1;1;0;0;0;0;2;2;0;8;5;3;0;0;0;8;5;3;2020
892500;Mord, Totschlag und Toetung auf Verlangen;13003000;Rostock;insg.;3;1;2;1;0;1;0;0;0;1;0;1;0;0;0;0;0;0;0;0;0;2;1;1;2;1;1;2020
892500;Mord, Totschlag und Toetung auf Verlangen;10041100;Saarbruecken;insg.;11;9;2;0;0;0;0;0;0;0;0;0;0;0;0;2;2;0;6;5;1;3;2;1;9;7;2;2020
892500;Mord, Totschlag und Toetung auf Verlangen;3102000;Salzgitter;insg.;10;4;6;0;0;0;0;0;0;0;0;0;0;0;0;1;0;1;9;4;5;0;0;0;9;4;5;2020
892500;Mord, Totschlag und Toetung auf Verlangen;13004000;Schwerin;insg.;3;2;1;0;0;0;0;0;0;0;0;0;0;0;0;2;2;0;0;0;0;1;0;1;1;0;1;2020
892500;Mord, Totschlag und Toetung auf Verlangen;5970040;Siegen;insg.;0;0;0;0;0;0;0;0;0;0;0;0;0;0;0;0;0;0;0;0;0;0;0;0;0;0;0;2020
892500;Mord, Totschlag und Toetung auf Verlangen;5122000;Solingen;insg.;2;1;1;0;0;0;0;0;0;0;0;0;0;0;0;0;0;0;1;0;1;1;1;0;2;1;1;2020
892500;Mord, Totschlag und Toetung auf Verlangen;8111000;Stuttgart;insg.;43;30;13;0;0;0;1;0;1;1;0;1;1;1;0;5;5;0;34;24;10;2;0;2;36;24;12;2020
892500;Mord, Totschlag und Toetung auf Verlangen;7211000;Trier;insg.;1;1;0;0;0;0;0;0;0;0;0;0;0;0;0;0;0;0;1;1;0;0;0;0;1;1;0;2020
892500;Mord, Totschlag und Toetung auf Verlangen;8421000;Ulm;insg.;10;7;3;6;4;2;0;0;0;6;4;2;2;2;0;0;0;0;2;1;1;0;0;0;2;1;1;2020
892500;Mord, Totschlag und Toetung auf Verlangen;6414000;Wiesbaden;insg.;16;11;5;1;1;0;0;0;0;1;1;0;1;1;0;0;0;0;9;7;2;5;2;3;14;9;5;2020
892500;Mord, Totschlag und Toetung auf Verlangen;3103000;Wolfsburg;insg.;4;3;1;0;0;0;0;0;0;0;0;0;0;0;0;0;0;0;3;2;1;1;1;0;4;3;1;2020
892500;Mord, Totschlag und Toetung auf Verlangen;5124000;Wuppertal;insg.;5;4;1;0;0;0;0;0;0;0;0;0;0;0;0;0;0;0;5;4;1;0;0;0;5;4;1;2020
892500;Mord, Totschlag und Toetung auf Verlangen;9663000;Wuerzburg;insg.;13;6;7;0;0;0;0;0;0;0;0;0;0;0;0;0;0;0;11;5;6;2;1;1;13;6;7;2020
------;Straftaten insgesamt;5334002;Aachen;insg.;4297;2507;1790;21;9;12;163;83;80;184;92;92;240;112;128;325;189;136;3219;1904;1315;329;210;119;3548;2114;1434;2021
------;Straftaten insgesamt;9761000;Augsburg;insg.;4619;2901;1718;49;26;23;229;136;93;278;162;116;313;182;131;324;188;136;3442;2246;1196;262;123;139;3704;2369;1335;2021
------;Straftaten insgesamt;5378004;Bergisch Gladbach;insg.;1589;872;717;15;7;8;70;41;29;85;48;37;105;66;39;109;56;53;1120;590;530;170;112;58;1290;702;588;2021
------;Straftaten insgesamt;11000000;Berlin;insg.;82956;51584;31372;872;466;406;4608;2636;1972;5480;3102;2378;5367;3084;2283;4733;2736;1997;62080;39603;22477;5296;3059;2237;67376;42662;24714;2021
------;Straftaten insgesamt;5711000;Bielefeld;insg.;4118;2232;1886;34;12;22;193;115;78;227;127;100;311;134;177;323;169;154;2970;1645;1325;287;157;130;3257;1802;1455;2021
------;Straftaten insgesamt;5911000;Bochum;insg.;5717;3270;2447;44;23;21;331;163;168;375;186;189;376;200;176;379;222;157;4228;2457;1771;359;205;154;4587;2662;1925;2021
------;Straftaten insgesamt;5314000;Bonn;insg.;5696;3387;2309;54;36;18;266;153;113;320;189;131;382;208;174;406;232;174;4189;2518;1671;399;240;159;4588;2758;1830;2021
------;Straftaten insgesamt;5512000;Bottrop;insg.;1333;686;647;12;7;5;97;40;57;109;47;62;117;72;45;91;39;52;929;476;453;87;52;35;1016;528;488;2021
------;Straftaten insgesamt;3101000;Braunschweig;insg.;3694;2151;1543;48;21;27;188;94;94;236;115;121;304;150;154;325;172;153;2607;1564;1043;222;150;72;2829;1714;1115;2021
------;Straftaten insgesamt;4011000;Bremen;insg.;11752;6985;4767;85;40;45;522;271;251;607;311;296;837;481;356;981;569;412;8619;5244;3375;708;380;328;9327;5624;3703;2021
------;Straftaten insgesamt;4012000;Bremerhaven;insg.;2460;1414;1046;23;11;12;145;71;74;168;82;86;185;96;89;212;109;103;1751;1045;706;144;82;62;1895;1127;768;2021
------;Straftaten insgesamt;14511000;Chemnitz;insg.;3310;1998;1312;46;26;20;206;101;105;252;127;125;272;138;134;268;158;110;2301;1452;849;217;123;94;2518;1575;943;2021
------;Straftaten insgesamt;12052000;Cottbus;insg.;1796;1076;720;15;7;8;116;71;45;131;78;53;114;76;38;169;94;75;1247;746;501;135;82;53;1382;828;554;2021
------;Straftaten insgesamt;6411000;Darmstadt;insg.;1576;893;683;10;6;4;75;34;41;85;40;45;125;69;56;121;66;55;1142;656;486;103;62;41;1245;718;527;2021
------;Straftaten insgesamt;5913000;Dortmund;insg.;11582;6803;4779;99;50;49;564;300;264;663;350;313;820;452;368;849;458;391;8560;5113;3447;690;430;260;9250;5543;3707;2021
------;Straftaten insgesamt;14612000;Dresden;insg.;6643;4094;2549;109;53;56;394;190;204;503;243;260;558;313;245;545;307;238;4672;3040;1632;365;191;174;5037;3231;1806;2021
------;Straftaten insgesamt;5112000;Duisburg;insg.;8060;4288;3772;125;68;57;643;356;287;768;424;344;601;300;301;499;235;264;5645;3016;2629;547;313;234;6192;3329;2863;2021
------;Straftaten insgesamt;5111000;Duesseldorf;insg.;9902;6030;3872;99;45;54;494;266;228;593;311;282;678;374;304;787;454;333;7208;4538;2670;636;353;283;7844;4891;2953;2021
------;Straftaten insgesamt;16051000;Erfurt;insg.;3327;2103;1224;25;12;13;183;101;82;208;113;95;202;112;90;305;186;119;2402;1572;830;210;120;90;2612;1692;920;2021
------;Straftaten insgesamt;9562000;Erlangen;insg.;953;569;384;12;8;4;61;39;22;73;47;26;75;35;40;67;35;32;684;419;265;54;33;21;738;452;286;2021
------;Straftaten insgesamt;5113000;Essen;insg.;8707;4874;3833;119;53;66;579;303;276;698;356;342;718;392;326;588;294;294;6146;3517;2629;557;315;242;6703;3832;2871;2021
------;Straftaten insgesamt;6412000;Frankfurt am Main;insg.;12922;8186;4736;123;72;51;449;259;190;572;331;241;713;409;304;857;501;356;9989;6482;3507;791;463;328;10780;6945;3835;2021
------;Straftaten insgesamt;8311000;Freiburg im Breisgau;insg.;3952;2654;1298;39;24;15;172;94;78;211;118;93;259;150;109;323;218;105;2926;2022;904;233;146;87;3159;2168;991;2021
------;Straftaten insgesamt;9563000;Fuerth;insg.;854;512;342;6;2;4;45;27;18;51;29;22;81;42;39;49;32;17;612;376;236;61;33;28;673;409;264;2021
------;Straftaten insgesamt;5513000;Gelsenkirchen;insg.;4619;2402;2217;57;34;23;503;197;306;560;231;329;405;216;189;287;138;149;3119;1684;1435;248;133;115;3367;1817;1550;2021
------;Straftaten insgesamt;3159016;Goettingen;insg.;2392;1435;957;22;16;6;109;58;51;131;74;57;132;69;63;205;108;97;1774;1098;676;150;86;64;1924;1184;740;2021
------;Straftaten insgesamt;5754008;Guetersloh;insg.;1509;817;692;17;5;12;67;35;32;84;40;44;118;52;66;119;62;57;1102;625;477;86;38;48;1188;663;525;2021
------;Straftaten insgesamt;5914000;Hagen;insg.;3092;1813;1279;52;31;21;228;108;120;280;139;141;189;97;92;210;128;82;2228;1338;890;185;111;74;2413;1449;964;2021
------;Straftaten insgesamt;15002000;Halle (Saale);insg.;5468;3340;2128;38;21;17;416;245;171;454;266;188;529;323;206;501;280;221;3704;2323;1381;280;148;132;3984;2471;1513;2021
------;Straftaten insgesamt;2000000;Hamburg;insg.;31705;19339;12366;203;132;71;1746;1019;727;1949;1151;798;2086;1132;954;2198;1237;961;23603;14716;8887;1869;1103;766;25472;15819;9653;2021
------;Straftaten insgesamt;5915000;Hamm;insg.;2910;1668;1242;31;13;18;218;115;103;249;128;121;212;105;107;192;108;84;2090;1233;857;167;94;73;2257;1327;930;2021
------;Straftaten insgesamt;3241001;Hannover;insg.;12070;7508;4562;120;67;53;510;290;220;630;357;273;820;449;371;899;519;380;9109;5820;3289;612;363;249;9721;6183;3538;2021
------;Straftaten insgesamt;8221000;Heidelberg;insg.;2054;1340;714;16;10;6;84;53;31;100;63;37;123;66;57;195;133;62;1501;1005;496;135;73;62;1636;1078;558;2021
------;Straftaten insgesamt;8121000;Heilbronn;insg.;1559;893;666;10;6;4;82;41;41;92;47;45;94;51;43;112;56;56;1181;690;491;80;49;31;1261;739;522;2021
------;Straftaten insgesamt;5916000;Herne;insg.;2490;1283;1207;24;17;7;158;84;74;182;101;81;173;88;85;190;73;117;1766;908;858;179;113;66;1945;1021;924;2021
------;Straftaten insgesamt;3254021;Hildesheim;insg.;1869;988;881;14;6;8;91;37;54;105;43;62;162;61;101;176;93;83;1305;724;581;121;67;54;1426;791;635;2021
------;Straftaten insgesamt;9161000;Ingolstadt;insg.;1970;1204;766;17;13;4;93;50;43;110;63;47;123;68;55;150;86;64;1465;925;540;122;62;60;1587;987;600;2021
------;Straftaten insgesamt;16053000;Jena;insg.;1298;787;511;24;11;13;88;53;35;112;64;48;148;96;52;137;70;67;813;506;307;88;51;37;901;557;344;2021
------;Straftaten insgesamt;7312000;Kaiserslautern;insg.;2181;1360;821;9;4;5;119;71;48;128;75;53;109;72;37;230;128;102;1584;1008;576;130;77;53;1714;1085;629;2021
------;Straftaten insgesamt;8212000;Karlsruhe;insg.;3562;2178;1384;49;25;24;137;71;66;186;96;90;230;121;109;293;179;114;2598;1627;971;255;155;100;2853;1782;1071;2021
------;Straftaten insgesamt;6611000;Kassel;insg.;3426;1974;1452;37;23;14;153;77;76;190;100;90;198;102;96;310;179;131;2529;1480;1049;199;113;86;2728;1593;1135;2021
------;Straftaten insgesamt;1002000;Kiel;insg.;3848;2361;1487;20;13;7;194;124;70;214;137;77;261;161;100;306;170;136;2859;1775;1084;208;118;90;3067;1893;1174;2021
------;Straftaten insgesamt;7111000;Koblenz;insg.;1999;1211;788;17;11;6;83;49;34;100;60;40;120;72;48;159;85;74;1491;913;578;129;81;48;1620;994;626;2021
------;Straftaten insgesamt;5315000;Koeln;insg.;21733;12802;8931;151;76;75;1019;542;477;1170;618;552;1393;770;623;1423;779;644;16312;9745;6567;1435;890;545;17747;10635;7112;2021
------;Straftaten insgesamt;5114000;Krefeld;insg.;3628;2020;1608;20;11;9;240;143;97;260;154;106;287;144;143;278;149;129;2525;1413;1112;278;160;118;2803;1573;1230;2021
------;Straftaten insgesamt;14713000;Leipzig;insg.;8686;5318;3368;111;55;56;389;182;207;500;237;263;542;299;243;648;365;283;6556;4159;2397;440;258;182;6996;4417;2579;2021
------;Straftaten insgesamt;5316000;Leverkusen;insg.;2414;1273;1141;23;8;15;162;76;86;185;84;101;203;100;103;170;92;78;1657;884;773;199;113;86;1856;997;859;2021
------;Straftaten insgesamt;1003000;Luebeck;insg.;4540;2679;1861;50;26;24;201;109;92;251;135;116;324;170;154;356;212;144;3288;1979;1309;321;183;138;3609;2162;1447;2021
------;Straftaten insgesamt;7314000;Ludwigshafen am Rhein;insg.;3527;1967;1560;29;12;17;282;162;120;311;174;137;307;179;128;285;159;126;2397;1322;1075;227;133;94;2624;1455;1169;2021
------;Straftaten insgesamt;15003000;Magdeburg;insg.;4227;2561;1666;47;25;22;272;153;119;319;178;141;374;224;150;304;185;119;2935;1804;1131;295;170;125;3230;1974;1256;2021
------;Straftaten insgesamt;7315000;Mainz;insg.;2655;1618;1037;27;13;14;128;76;52;155;89;66;179;99;80;222;111;111;1934;1219;715;165;100;65;2099;1319;780;2021
------;Straftaten insgesamt;8222000;Mannheim;insg.;3518;2015;1503;33;25;8;172;100;72;205;125;80;202;113;89;252;132;120;2626;1511;1115;233;134;99;2859;1645;1214;2021
------;Straftaten insgesamt;5170024;Moers;insg.;1214;659;555;43;19;24;112;77;35;155;96;59;78;37;41;85;40;45;815;445;370;81;41;40;896;486;410;2021
------;Straftaten insgesamt;5116000;Moenchengladbach;insg.;4214;2337;1877;47;23;24;237;120;117;284;143;141;251;134;117;301;164;137;3064;1698;1366;314;198;116;3378;1896;1482;2021
------;Straftaten insgesamt;5117000;Muelheim an der Ruhr;insg.;1984;1035;949;23;9;14;115;53;62;138;62;76;163;87;76;99;42;57;1392;741;651;192;103;89;1584;844;740;2021
------;Straftaten insgesamt;9162000;Muenchen;insg.;16022;9994;6028;169;90;79;791;446;345;960;536;424;1149;643;506;1205;744;461;11761;7539;4222;947;532;415;12708;8071;4637;2021
------;Straftaten insgesamt;5515000;Muenster;insg.;4495;2820;1675;41;22;19;184;106;78;225;128;97;273;163;110;392;250;142;3310;2086;1224;295;193;102;3605;2279;1326;2021
------;Straftaten insgesamt;5162024;Neuss;insg.;1860;1019;841;16;11;5;114;67;47;130;78;52;153;88;65;158;76;82;1282;700;582;137;77;60;1419;777;642;2021
------;Straftaten insgesamt;9564000;Nuernberg;insg.;7188;4401;2787;72;39;33;418;255;163;490;294;196;539;276;263;538;297;241;5214;3293;1921;407;241;166;5621;3534;2087;2021
------;Straftaten insgesamt;5119000;Oberhausen;insg.;2906;1654;1252;54;20;34;206;103;103;260;123;137;222;127;95;196;110;86;2024;1160;864;204;134;70;2228;1294;934;2021
------;Straftaten insgesamt;6413000;Offenbach am Main;insg.;1417;749;668;19;14;5;62;29;33;81;43;38;101;43;58;83;40;43;1041;558;483;111;65;46;1152;623;529;2021
------;Straftaten insgesamt;3403000;Oldenburg (Oldenburg);insg.;2191;1270;921;18;9;9;86;39;47;104;48;56;156;77;79;237;129;108;1595;952;643;99;64;35;1694;1016;678;2021
------;Straftaten insgesamt;3404000;Osnabrueck;insg.;2869;1659;1210;41;15;26;132;51;81;173;66;107;229;101;128;225;124;101;2079;1279;800;163;89;74;2242;1368;874;2021
------;Straftaten insgesamt;5774032;Paderborn;insg.;2285;1330;955;22;12;10;92;31;61;114;43;71;122;60;62;219;133;86;1676;1019;657;154;75;79;1830;1094;736;2021
------;Straftaten insgesamt;8231000;Pforzheim;insg.;1944;1145;799;19;15;4;98;51;47;117;66;51;154;89;65;191;103;88;1345;800;545;137;87;50;1482;887;595;2021
------;Straftaten insgesamt;12054000;Potsdam;insg.;2075;1214;861;43;25;18;150;84;66;193;109;84;163;90;73;147;92;55;1451;872;579;121;51;70;1572;923;649;2021
------;Straftaten insgesamt;5562032;Recklinghausen;insg.;1838;1017;821;19;13;6;102;63;39;121;76;45;125;61;64;126;69;57;1309;729;580;157;82;75;1466;811;655;2021
------;Straftaten insgesamt;9362000;Regensburg;insg.;1835;1103;732;18;7;11;56;35;21;74;42;32;102;45;57;160;81;79;1392;877;515;107;58;49;1499;935;564;2021
------;Straftaten insgesamt;5120000;Remscheid;insg.;1627;869;758;17;6;11;111;52;59;128;58;70;147;73;74;102;54;48;1105;602;503;145;82;63;1250;684;566;2021
------;Straftaten insgesamt;8415061;Reutlingen;insg.;1494;890;604;14;9;5;96;63;33;110;72;38;104;49;55;107;62;45;1086;645;441;87;62;25;1173;707;466;2021
------;Straftaten insgesamt;13003000;Rostock;insg.;3346;1979;1367;95;59;36;285;151;134;380;210;170;317;156;161;262;156;106;2207;1369;838;180;88;92;2387;1457;930;2021
------;Straftaten insgesamt;10041100;Saarbruecken;insg.;4216;2625;1591;35;21;14;178;92;86;213;113;100;281;163;118;344;200;144;3033;1928;1105;345;221;124;3378;2149;1229;2021
------;Straftaten insgesamt;3102000;Salzgitter;insg.;1503;838;665;26;15;11;136;78;58;162;93;69;124;74;50;123;56;67;1019;562;457;75;53;22;1094;615;479;2021
------;Straftaten insgesamt;13004000;Schwerin;insg.;2089;1290;799;19;9;10;153;85;68;172;94;78;160;96;64;166;110;56;1474;923;551;117;67;50;1591;990;601;2021
------;Straftaten insgesamt;5970040;Siegen;insg.;1741;1020;721;22;17;5;77;39;38;99;56;43;141;67;74;126;65;61;1269;763;506;106;69;37;1375;832;543;2021
------;Straftaten insgesamt;5122000;Solingen;insg.;2169;1151;1018;38;15;23;157;95;62;195;110;85;185;102;83;143;80;63;1446;742;704;200;117;83;1646;859;787;2021
------;Straftaten insgesamt;8111000;Stuttgart;insg.;10520;6628;3892;74;45;29;429;243;186;503;288;215;684;361;323;799;463;336;7935;5165;2770;599;351;248;8534;5516;3018;2021
------;Straftaten insgesamt;7211000;Trier;insg.;1965;1158;807;14;9;5;81;40;41;95;49;46;127;72;55;194;114;80;1441;869;572;108;54;54;1549;923;626;2021
------;Straftaten insgesamt;8421000;Ulm;insg.;1669;953;716;25;16;9;83;34;49;108;50;58;161;75;86;170;89;81;1123;685;438;107;54;53;1230;739;491;2021
------;Straftaten insgesamt;6414000;Wiesbaden;insg.;4282;2328;1954;37;20;17;183;93;90;220;113;107;263;128;135;346;173;173;3161;1745;1416;292;169;123;3453;1914;1539;2021
------;Straftaten insgesamt;3103000;Wolfsburg;insg.;1530;859;671;31;14;17;96;48;48;127;62;65;95;53;42;103;45;58;1107;652;455;98;47;51;1205;699;506;2021
------;Straftaten insgesamt;5124000;Wuppertal;insg.;6221;3405;2816;65;30;35;371;188;183;436;218;218;475;255;220;455;243;212;4431;2439;1992;424;250;174;4855;2689;2166;2021
------;Straftaten insgesamt;9663000;Wuerzburg;insg.;1481;909;572;12;6;6;73;34;39;85;40;45;120;58;62;126;79;47;1056;680;376;94;52;42;1150;732;418;2021
111000;Vergewaltigung und sexuelle Noetigung;5334002;Aachen;insg.;39;1;38;0;0;0;0;0;0;0;0;0;11;0;11;9;0;9;19;1;18;0;0;0;19;1;18;2021
111000;Vergewaltigung und sexuelle Noetigung;9761000;Augsburg;insg.;29;1;28;0;0;0;0;0;0;0;0;0;10;0;10;4;1;3;14;0;14;1;0;1;15;0;15;2021
111000;Vergewaltigung und sexuelle Noetigung;5378004;Bergisch Gladbach;insg.;6;0;6;0;0;0;0;0;0;0;0;0;3;0;3;2;0;2;1;0;1;0;0;0;1;0;1;2021
111000;Vergewaltigung und sexuelle Noetigung;11000000;Berlin;insg.;970;99;871;2;1;1;24;3;21;26;4;22;200;8;192;140;8;132;592;78;514;12;1;11;604;79;525;2021
111000;Vergewaltigung und sexuelle Noetigung;5711000;Bielefeld;insg.;57;0;57;0;0;0;1;0;1;1;0;1;9;0;9;7;0;7;39;0;39;1;0;1;40;0;40;2021
111000;Vergewaltigung und sexuelle Noetigung;5911000;Bochum;insg.;45;4;41;0;0;0;2;0;2;2;0;2;9;1;8;6;0;6;28;3;25;0;0;0;28;3;25;2021
111000;Vergewaltigung und sexuelle Noetigung;5314000;Bonn;insg.;59;5;54;0;0;0;0;0;0;0;0;0;11;0;11;10;0;10;38;5;33;0;0;0;38;5;33;2021
111000;Vergewaltigung und sexuelle Noetigung;5512000;Bottrop;insg.;12;1;11;0;0;0;0;0;0;0;0;0;3;0;3;1;0;1;8;1;7;0;0;0;8;1;7;2021
111000;Vergewaltigung und sexuelle Noetigung;3101000;Braunschweig;insg.;41;2;39;0;0;0;2;0;2;2;0;2;4;0;4;7;0;7;28;2;26;0;0;0;28;2;26;2021
111000;Vergewaltigung und sexuelle Noetigung;4011000;Bremen;insg.;128;6;122;0;0;0;3;0;3;3;0;3;15;1;14;25;2;23;82;3;79;3;0;3;85;3;82;2021
111000;Vergewaltigung und sexuelle Noetigung;4012000;Bremerhaven;insg.;37;2;35;0;0;0;1;0;1;1;0;1;10;0;10;3;1;2;22;1;21;1;0;1;23;1;22;2021
111000;Vergewaltigung und sexuelle Noetigung;14511000;Chemnitz;insg.;28;3;25;0;0;0;0;0;0;0;0;0;8;1;7;8;0;8;12;2;10;0;0;0;12;2;10;2021
111000;Vergewaltigung und sexuelle Noetigung;12052000;Cottbus;insg.;9;0;9;0;0;0;0;0;0;0;0;0;3;0;3;0;0;0;6;0;6;0;0;0;6;0;6;2021
111000;Vergewaltigung und sexuelle Noetigung;6411000;Darmstadt;insg.;25;0;25;0;0;0;0;0;0;0;0;0;2;0;2;8;0;8;15;0;15;0;0;0;15;0;15;2021
111000;Vergewaltigung und sexuelle Noetigung;5913000;Dortmund;insg.;124;6;118;0;0;0;1;1;0;1;1;0;28;0;28;20;2;18;74;3;71;1;0;1;75;3;72;2021
111000;Vergewaltigung und sexuelle Noetigung;14612000;Dresden;insg.;44;5;39;1;0;1;0;0;0;1;0;1;13;1;12;6;1;5;23;3;20;1;0;1;24;3;21;2021
111000;Vergewaltigung und sexuelle Noetigung;5112000;Duisburg;insg.;62;5;57;0;0;0;0;0;0;0;0;0;15;0;15;12;1;11;34;4;30;1;0;1;35;4;31;2021
111000;Vergewaltigung und sexuelle Noetigung;5111000;Duesseldorf;insg.;115;5;110;0;0;0;2;0;2;2;0;2;22;0;22;23;1;22;66;3;63;2;1;1;68;4;64;2021
111000;Vergewaltigung und sexuelle Noetigung;16051000;Erfurt;insg.;11;1;10;0;0;0;0;0;0;0;0;0;4;0;4;1;0;1;6;1;5;0;0;0;6;1;5;2021
111000;Vergewaltigung und sexuelle Noetigung;9562000;Erlangen;insg.;20;0;20;0;0;0;0;0;0;0;0;0;6;0;6;6;0;6;8;0;8;0;0;0;8;0;8;2021
111000;Vergewaltigung und sexuelle Noetigung;5113000;Essen;insg.;118;9;109;0;0;0;2;0;2;2;0;2;25;1;24;29;1;28;61;7;54;1;0;1;62;7;55;2021
111000;Vergewaltigung und sexuelle Noetigung;6412000;Frankfurt am Main;insg.;150;7;143;0;0;0;0;0;0;0;0;0;31;1;30;24;2;22;88;4;84;7;0;7;95;4;91;2021
111000;Vergewaltigung und sexuelle Noetigung;8311000;Freiburg im Breisgau;insg.;21;0;21;0;0;0;0;0;0;0;0;0;5;0;5;6;0;6;9;0;9;1;0;1;10;0;10;2021
111000;Vergewaltigung und sexuelle Noetigung;9563000;Fuerth;insg.;8;0;8;0;0;0;0;0;0;0;0;0;2;0;2;1;0;1;5;0;5;0;0;0;5;0;5;2021
111000;Vergewaltigung und sexuelle Noetigung;5513000;Gelsenkirchen;insg.;46;3;43;0;0;0;0;0;0;0;0;0;9;0;9;4;0;4;31;3;28;2;0;2;33;3;30;2021
111000;Vergewaltigung und sexuelle Noetigung;3159016;Goettingen;insg.;26;0;26;0;0;0;0;0;0;0;0;0;6;0;6;6;0;6;13;0;13;1;0;1;14;0;14;2021
111000;Vergewaltigung und sexuelle Noetigung;5754008;Guetersloh;insg.;19;1;18;0;0;0;0;0;0;0;0;0;3;0;3;1;0;1;15;1;14;0;0;0;15;1;14;2021
111000;Vergewaltigung und sexuelle Noetigung;5914000;Hagen;insg.;32;3;29;0;0;0;0;0;0;0;0;0;7;0;7;6;1;5;19;2;17;0;0;0;19;2;17;2021
111000;Vergewaltigung und sexuelle Noetigung;15002000;Halle (Saale);insg.;35;5;30;0;0;0;1;0;1;1;0;1;12;0;12;5;0;5;16;5;11;1;0;1;17;5;12;2021
111000;Vergewaltigung und sexuelle Noetigung;2000000;Hamburg;insg.;202;6;196;0;0;0;7;0;7;7;0;7;45;1;44;31;0;31;112;5;107;7;0;7;119;5;114;2021
111000;Vergewaltigung und sexuelle Noetigung;5915000;Hamm;insg.;36;2;34;1;0;1;0;0;0;1;0;1;10;0;10;2;0;2;22;2;20;1;0;1;23;2;21;2021
111000;Vergewaltigung und sexuelle Noetigung;3241001;Hannover;insg.;124;7;117;0;0;0;1;0;1;1;0;1;31;2;29;21;0;21;71;5;66;0;0;0;71;5;66;2021
111000;Vergewaltigung und sexuelle Noetigung;8221000;Heidelberg;insg.;17;0;17;0;0;0;0;0;0;0;0;0;4;0;4;4;0;4;9;0;9;0;0;0;9;0;9;2021
111000;Vergewaltigung und sexuelle Noetigung;8121000;Heilbronn;insg.;15;1;14;0;0;0;0;0;0;0;0;0;3;0;3;2;0;2;10;1;9;0;0;0;10;1;9;2021
111000;Vergewaltigung und sexuelle Noetigung;5916000;Herne;insg.;17;2;15;0;0;0;0;0;0;0;0;0;6;0;6;3;1;2;7;1;6;1;0;1;8;1;7;2021
111000;Vergewaltigung und sexuelle Noetigung;3254021;Hildesheim;insg.;17;0;17;0;0;0;1;0;1;1;0;1;7;0;7;3;0;3;6;0;6;0;0;0;6;0;6;2021
111000;Vergewaltigung und sexuelle Noetigung;9161000;Ingolstadt;insg.;20;2;18;0;0;0;0;0;0;0;0;0;4;0;4;3;0;3;13;2;11;0;0;0;13;2;11;2021
111000;Vergewaltigung und sexuelle Noetigung;16053000;Jena;insg.;11;2;9;0;0;0;0;0;0;0;0;0;2;1;1;4;1;3;5;0;5;0;0;0;5;0;5;2021
111000;Vergewaltigung und sexuelle Noetigung;7312000;Kaiserslautern;insg.;10;0;10;0;0;0;0;0;0;0;0;0;2;0;2;1;0;1;7;0;7;0;0;0;7;0;7;2021
111000;Vergewaltigung und sexuelle Noetigung;8212000;Karlsruhe;insg.;39;1;38;0;0;0;0;0;0;0;0;0;10;0;10;6;1;5;22;0;22;1;0;1;23;0;23;2021
111000;Vergewaltigung und sexuelle Noetigung;6611000;Kassel;insg.;44;2;42;0;0;0;1;0;1;1;0;1;10;0;10;6;0;6;26;2;24;1;0;1;27;2;25;2021
111000;Vergewaltigung und sexuelle Noetigung;1002000;Kiel;insg.;37;0;37;0;0;0;0;0;0;0;0;0;6;0;6;12;0;12;19;0;19;0;0;0;19;0;19;2021
111000;Vergewaltigung und sexuelle Noetigung;7111000;Koblenz;insg.;17;1;16;0;0;0;0;0;0;0;0;0;1;0;1;3;0;3;13;1;12;0;0;0;13;1;12;2021
111000;Vergewaltigung und sexuelle Noetigung;5315000;Koeln;insg.;225;14;211;0;0;0;0;0;0;0;0;0;38;1;37;41;2;39;144;11;133;2;0;2;146;11;135;2021
111000;Vergewaltigung und sexuelle Noetigung;5114000;Krefeld;insg.;54;4;50;0;0;0;0;0;0;0;0;0;18;0;18;9;2;7;26;2;24;1;0;1;27;2;25;2021
111000;Vergewaltigung und sexuelle Noetigung;14713000;Leipzig;insg.;35;0;35;0;0;0;1;0;1;1;0;1;7;0;7;6;0;6;18;0;18;3;0;3;21;0;21;2021
111000;Vergewaltigung und sexuelle Noetigung;5316000;Leverkusen;insg.;24;0;24;0;0;0;1;0;1;1;0;1;5;0;5;6;0;6;10;0;10;2;0;2;12;0;12;2021
111000;Vergewaltigung und sexuelle Noetigung;1003000;Luebeck;insg.;37;1;36;0;0;0;0;0;0;0;0;0;9;1;8;3;0;3;24;0;24;1;0;1;25;0;25;2021
111000;Vergewaltigung und sexuelle Noetigung;7314000;Ludwigshafen am Rhein;insg.;34;3;31;0;0;0;0;0;0;0;0;0;7;1;6;8;1;7;19;1;18;0;0;0;19;1;18;2021
111000;Vergewaltigung und sexuelle Noetigung;15003000;Magdeburg;insg.;39;2;37;0;0;0;0;0;0;0;0;0;8;0;8;5;1;4;24;1;23;2;0;2;26;1;25;2021
111000;Vergewaltigung und sexuelle Noetigung;7315000;Mainz;insg.;35;0;35;0;0;0;0;0;0;0;0;0;7;0;7;7;0;7;20;0;20;1;0;1;21;0;21;2021
111000;Vergewaltigung und sexuelle Noetigung;8222000;Mannheim;insg.;41;4;37;0;0;0;0;0;0;0;0;0;7;0;7;4;0;4;29;4;25;1;0;1;30;4;26;2021
111000;Vergewaltigung und sexuelle Noetigung;5170024;Moers;insg.;17;0;17;0;0;0;0;0;0;0;0;0;2;0;2;3;0;3;12;0;12;0;0;0;12;0;12;2021
111000;Vergewaltigung und sexuelle Noetigung;5116000;Moenchengladbach;insg.;42;1;41;0;0;0;0;0;0;0;0;0;10;0;10;6;0;6;26;1;25;0;0;0;26;1;25;2021
111000;Vergewaltigung und sexuelle Noetigung;5117000;Muelheim an der Ruhr;insg.;35;7;28;2;1;1;0;0;0;2;1;1;5;1;4;6;1;5;14;3;11;8;1;7;22;4;18;2021
111000;Vergewaltigung und sexuelle Noetigung;9162000;Muenchen;insg.;205;11;194;0;0;0;0;0;0;0;0;0;36;2;34;33;1;32;133;8;125;3;0;3;136;8;128;2021
111000;Vergewaltigung und sexuelle Noetigung;5515000;Muenster;insg.;42;2;40;0;0;0;0;0;0;0;0;0;6;0;6;11;1;10;24;1;23;1;0;1;25;1;24;2021
111000;Vergewaltigung und sexuelle Noetigung;5162024;Neuss;insg.;22;1;21;0;0;0;0;0;0;0;0;0;2;0;2;4;0;4;16;1;15;0;0;0;16;1;15;2021
111000;Vergewaltigung und sexuelle Noetigung;9564000;Nuernberg;insg.;59;2;57;0;0;0;0;0;0;0;0;0;14;0;14;8;1;7;34;1;33;3;0;3;37;1;36;2021
111000;Vergewaltigung und sexuelle Noetigung;5119000;Oberhausen;insg.;14;1;13;0;0;0;1;0;1;1;0;1;2;0;2;4;0;4;7;1;6;0;0;0;7;1;6;2021
111000;Vergewaltigung und sexuelle Noetigung;6413000;Offenbach am Main;insg.;29;2;27;0;0;0;0;0;0;0;0;0;10;0;10;4;0;4;14;2;12;1;0;1;15;2;13;2021
111000;Vergewaltigung und sexuelle Noetigung;3403000;Oldenburg (Oldenburg);insg.;34;2;32;0;0;0;0;0;0;0;0;0;8;1;7;9;0;9;17;1;16;0;0;0;17;1;16;2021
111000;Vergewaltigung und sexuelle Noetigung;3404000;Osnabrueck;insg.;30;1;29;0;0;0;0;0;0;0;0;0;7;0;7;4;0;4;18;1;17;1;0;1;19;1;18;2021
111000;Vergewaltigung und sexuelle Noetigung;5774032;Paderborn;insg.;30;0;30;0;0;0;0;0;0;0;0;0;9;0;9;7;0;7;12;0;12;2;0;2;14;0;14;2021
111000;Vergewaltigung und sexuelle Noetigung;8231000;Pforzheim;insg.;29;1;28;0;0;0;0;0;0;0;0;0;8;1;7;7;0;7;13;0;13;1;0;1;14;0;14;2021
111000;Vergewaltigung und sexuelle Noetigung;12054000;Potsdam;insg.;35;0;35;0;0;0;0;0;0;0;0;0;8;0;8;4;0;4;21;0;21;2;0;2;23;0;23;2021
111000;Vergewaltigung und sexuelle Noetigung;5562032;Recklinghausen;insg.;13;0;13;0;0;0;0;0;0;0;0;0;3;0;3;2;0;2;8;0;8;0;0;0;8;0;8;2021
111000;Vergewaltigung und sexuelle Noetigung;9362000;Regensburg;insg.;25;1;24;0;0;0;0;0;0;0;0;0;7;0;7;3;0;3;15;1;14;0;0;0;15;1;14;2021
111000;Vergewaltigung und sexuelle Noetigung;5120000;Remscheid;insg.;19;1;18;0;0;0;0;0;0;0;0;0;2;0;2;4;0;4;12;1;11;1;0;1;13;1;12;2021
111000;Vergewaltigung und sexuelle Noetigung;8415061;Reutlingen;insg.;19;2;17;0;0;0;0;0;0;0;0;0;3;1;2;5;0;5;11;1;10;0;0;0;11;1;10;2021
111000;Vergewaltigung und sexuelle Noetigung;13003000;Rostock;insg.;14;2;12;0;0;0;1;0;1;1;0;1;5;1;4;1;1;0;7;0;7;0;0;0;7;0;7;2021
111000;Vergewaltigung und sexuelle Noetigung;10041100;Saarbruecken;insg.;27;1;26;0;0;0;0;0;0;0;0;0;5;0;5;8;0;8;13;1;12;1;0;1;14;1;13;2021
111000;Vergewaltigung und sexuelle Noetigung;3102000;Salzgitter;insg.;15;0;15;0;0;0;0;0;0;0;0;0;4;0;4;2;0;2;8;0;8;1;0;1;9;0;9;2021
111000;Vergewaltigung und sexuelle Noetigung;13004000;Schwerin;insg.;3;0;3;0;0;0;0;0;0;0;0;0;0;0;0;2;0;2;1;0;1;0;0;0;1;0;1;2021
111000;Vergewaltigung und sexuelle Noetigung;5970040;Siegen;insg.;14;1;13;0;0;0;0;0;0;0;0;0;3;0;3;3;0;3;7;1;6;1;0;1;8;1;7;2021
111000;Vergewaltigung und sexuelle Noetigung;5122000;Solingen;insg.;21;1;20;0;0;0;0;0;0;0;0;0;2;0;2;0;0;0;15;0;15;4;1;3;19;1;18;2021
111000;Vergewaltigung und sexuelle Noetigung;8111000;Stuttgart;insg.;102;5;97;0;0;0;0;0;0;0;0;0;16;2;14;26;1;25;59;2;57;1;0;1;60;2;58;2021
111000;Vergewaltigung und sexuelle Noetigung;7211000;Trier;insg.;19;2;17;0;0;0;0;0;0;0;0;0;3;0;3;4;1;3;12;1;11;0;0;0;12;1;11;2021
111000;Vergewaltigung und sexuelle Noetigung;8421000;Ulm;insg.;22;0;22;0;0;0;4;0;4;4;0;4;5;0;5;5;0;5;8;0;8;0;0;0;8;0;8;2021
111000;Vergewaltigung und sexuelle Noetigung;6414000;Wiesbaden;insg.;42;1;41;0;0;0;0;0;0;0;0;0;12;1;11;7;0;7;23;0;23;0;0;0;23;0;23;2021
111000;Vergewaltigung und sexuelle Noetigung;3103000;Wolfsburg;insg.;16;0;16;0;0;0;0;0;0;0;0;0;4;0;4;2;0;2;10;0;10;0;0;0;10;0;10;2021
111000;Vergewaltigung und sexuelle Noetigung;5124000;Wuppertal;insg.;79;3;76;1;0;1;2;1;1;3;1;2;12;1;11;13;0;13;49;1;48;2;0;2;51;1;50;2021
111000;Vergewaltigung und sexuelle Noetigung;9663000;Wuerzburg;insg.;30;2;28;0;0;0;0;0;0;0;0;0;4;0;4;2;0;2;19;1;18;5;1;4;24;2;22;2021
210000;Raub, raeuberische Erpressung und raeuberischer Angriff auf Kraftfahrer;5334002;Aachen;insg.;270;196;74;0;0;0;7;4;3;7;4;3;13;10;3;25;21;4;186;137;49;39;24;15;225;161;64;2021
210000;Raub, raeuberische Erpressung und raeuberischer Angriff auf Kraftfahrer;9761000;Augsburg;insg.;115;69;46;1;1;0;6;6;0;7;7;0;4;3;1;11;8;3;88;49;39;5;2;3;93;51;42;2021
210000;Raub, raeuberische Erpressung und raeuberischer Angriff auf Kraftfahrer;5378004;Bergisch Gladbach;insg.;47;34;13;0;0;0;11;10;1;11;10;1;4;4;0;5;4;1;20;13;7;7;3;4;27;16;11;2021
210000;Raub, raeuberische Erpressung und raeuberischer Angriff auf Kraftfahrer;11000000;Berlin;insg.;4778;3727;1051;1;1;0;240;207;33;241;208;33;709;660;49;480;403;77;2939;2224;715;409;232;177;3348;2456;892;2021
210000;Raub, raeuberische Erpressung und raeuberischer Angriff auf Kraftfahrer;5711000;Bielefeld;insg.;247;186;61;0;0;0;11;9;2;11;9;2;28;24;4;29;27;2;158;116;42;21;10;11;179;126;53;2021
210000;Raub, raeuberische Erpressung und raeuberischer Angriff auf Kraftfahrer;5911000;Bochum;insg.;188;139;49;0;0;0;14;9;5;14;9;5;15;11;4;19;14;5;126;99;27;14;6;8;140;105;35;2021
210000;Raub, raeuberische Erpressung und raeuberischer Angriff auf Kraftfahrer;5314000;Bonn;insg.;269;216;53;0;0;0;8;8;0;8;8;0;35;33;2;48;43;5;154;115;39;24;17;7;178;132;46;2021
210000;Raub, raeuberische Erpressung und raeuberischer Angriff auf Kraftfahrer;5512000;Bottrop;insg.;45;28;17;0;0;0;0;0;0;0;0;0;5;4;1;4;2;2;29;19;10;7;3;4;36;22;14;2021
210000;Raub, raeuberische Erpressung und raeuberischer Angriff auf Kraftfahrer;3101000;Braunschweig;insg.;127;103;24;0;0;0;4;4;0;4;4;0;22;19;3;9;7;2;84;67;17;8;6;2;92;73;19;2021
210000;Raub, raeuberische Erpressung und raeuberischer Angriff auf Kraftfahrer;4011000;Bremen;insg.;787;562;225;0;0;0;22;20;2;22;20;2;53;50;3;83;62;21;514;371;143;115;59;56;629;430;199;2021
210000;Raub, raeuberische Erpressung und raeuberischer Angriff auf Kraftfahrer;4012000;Bremerhaven;insg.;177;129;48;1;0;1;1;1;0;2;1;1;9;9;0;14;11;3;133;98;35;19;10;9;152;108;44;2021
210000;Raub, raeuberische Erpressung und raeuberischer Angriff auf Kraftfahrer;14511000;Chemnitz;insg.;164;121;43;0;0;0;0;0;0;0;0;0;20;17;3;25;20;5;108;79;29;11;5;6;119;84;35;2021
210000;Raub, raeuberische Erpressung und raeuberischer Angriff auf Kraftfahrer;12052000;Cottbus;insg.;74;46;28;0;0;0;6;4;2;6;4;2;3;3;0;10;7;3;51;32;19;4;0;4;55;32;23;2021
210000;Raub, raeuberische Erpressung und raeuberischer Angriff auf Kraftfahrer;6411000;Darmstadt;insg.;77;64;13;0;0;0;3;3;0;3;3;0;14;14;0;9;8;1;46;37;9;5;2;3;51;39;12;2021
210000;Raub, raeuberische Erpressung und raeuberischer Angriff auf Kraftfahrer;5913000;Dortmund;insg.;541;423;118;1;1;0;26;19;7;27;20;7;87;75;12;46;37;9;341;265;76;40;26;14;381;291;90;2021
210000;Raub, raeuberische Erpressung und raeuberischer Angriff auf Kraftfahrer;14612000;Dresden;insg.;370;303;67;0;0;0;16;12;4;16;12;4;55;48;7;42;34;8;240;201;39;17;8;9;257;209;48;2021
210000;Raub, raeuberische Erpressung und raeuberischer Angriff auf Kraftfahrer;5112000;Duisburg;insg.;397;268;129;1;1;0;43;38;5;44;39;5;40;27;13;32;24;8;238;155;83;43;23;20;281;178;103;2021
210000;Raub, raeuberische Erpressung und raeuberischer Angriff auf Kraftfahrer;5111000;Duesseldorf;insg.;563;434;129;0;0;0;13;13;0;13;13;0;84;73;11;54;44;10;349;273;76;63;31;32;412;304;108;2021
210000;Raub, raeuberische Erpressung und raeuberischer Angriff auf Kraftfahrer;16051000;Erfurt;insg.;163;131;32;0;0;0;5;3;2;5;3;2;14;13;1;21;17;4;112;89;23;11;9;2;123;98;25;2021
210000;Raub, raeuberische Erpressung und raeuberischer Angriff auf Kraftfahrer;9562000;Erlangen;insg.;29;23;6;0;0;0;2;2;0;2;2;0;6;5;1;4;4;0;14;11;3;3;1;2;17;12;5;2021
210000;Raub, raeuberische Erpressung und raeuberischer Angriff auf Kraftfahrer;5113000;Essen;insg.;468;336;132;0;0;0;16;15;1;16;15;1;60;53;7;36;31;5;278;202;76;78;35;43;356;237;119;2021
210000;Raub, raeuberische Erpressung und raeuberischer Angriff auf Kraftfahrer;6412000;Frankfurt am Main;insg.;899;730;169;1;1;0;23;21;2;24;22;2;96;86;10;69;59;10;645;526;119;65;37;28;710;563;147;2021
210000;Raub, raeuberische Erpressung und raeuberischer Angriff auf Kraftfahrer;8311000;Freiburg im Breisgau;insg.;181;153;28;0;0;0;2;2;0;2;2;0;22;22;0;29;28;1;118;96;22;10;5;5;128;101;27;2021
210000;Raub, raeuberische Erpressung und raeuberischer Angriff auf Kraftfahrer;9563000;Fuerth;insg.;38;32;6;0;0;0;1;1;0;1;1;0;6;6;0;4;4;0;26;20;6;1;1;0;27;21;6;2021
210000;Raub, raeuberische Erpressung und raeuberischer Angriff auf Kraftfahrer;5513000;Gelsenkirchen;insg.;206;151;55;0;0;0;24;23;1;24;23;1;25;23;2;13;10;3;124;87;37;20;8;12;144;95;49;2021
210000;Raub, raeuberische Erpressung und raeuberischer Angriff auf Kraftfahrer;3159016;Goettingen;insg.;84;68;16;1;1;0;0;0;0;1;1;0;6;6;0;5;5;0;67;53;14;5;3;2;72;56;16;2021
210000;Raub, raeuberische Erpressung und raeuberischer Angriff auf Kraftfahrer;5754008;Guetersloh;insg.;76;56;20;0;0;0;3;3;0;3;3;0;16;13;3;9;7;2;43;31;12;5;2;3;48;33;15;2021
210000;Raub, raeuberische Erpressung und raeuberischer Angriff auf Kraftfahrer;5914000;Hagen;insg.;164;126;38;0;0;0;9;9;0;9;9;0;9;8;1;23;21;2;107;81;26;16;7;9;123;88;35;2021
210000;Raub, raeuberische Erpressung und raeuberischer Angriff auf Kraftfahrer;15002000;Halle (Saale);insg.;243;190;53;0;0;0;16;16;0;16;16;0;44;41;3;34;29;5;132;97;35;17;7;10;149;104;45;2021
210000;Raub, raeuberische Erpressung und raeuberischer Angriff auf Kraftfahrer;2000000;Hamburg;insg.;1612;1286;326;1;0;1;88;73;15;89;73;16;194;178;16;154;131;23;1042;821;221;133;83;50;1175;904;271;2021
210000;Raub, raeuberische Erpressung und raeuberischer Angriff auf Kraftfahrer;5915000;Hamm;insg.;136;96;40;0;0;0;9;7;2;9;7;2;3;2;1;12;8;4;98;74;24;14;5;9;112;79;33;2021
210000;Raub, raeuberische Erpressung und raeuberischer Angriff auf Kraftfahrer;3241001;Hannover;insg.;587;465;122;0;0;0;13;11;2;13;11;2;66;62;4;51;46;5;414;324;90;43;22;21;457;346;111;2021
210000;Raub, raeuberische Erpressung und raeuberischer Angriff auf Kraftfahrer;8221000;Heidelberg;insg.;58;46;12;0;0;0;1;1;0;1;1;0;9;7;2;5;5;0;40;33;7;3;0;3;43;33;10;2021
210000;Raub, raeuberische Erpressung und raeuberischer Angriff auf Kraftfahrer;8121000;Heilbronn;insg.;48;31;17;0;0;0;2;2;0;2;2;0;1;0;1;3;2;1;38;23;15;4;4;0;42;27;15;2021
210000;Raub, raeuberische Erpressung und raeuberischer Angriff auf Kraftfahrer;5916000;Herne;insg.;96;61;35;0;0;0;1;1;0;1;1;0;10;8;2;6;5;1;71;43;28;8;4;4;79;47;32;2021
210000;Raub, raeuberische Erpressung und raeuberischer Angriff auf Kraftfahrer;3254021;Hildesheim;insg.;75;46;29;0;0;0;2;0;2;2;0;2;8;4;4;10;6;4;49;32;17;6;4;2;55;36;19;2021
210000;Raub, raeuberische Erpressung und raeuberischer Angriff auf Kraftfahrer;9161000;Ingolstadt;insg.;26;17;9;0;0;0;1;1;0;1;1;0;1;1;0;4;3;1;19;12;7;1;0;1;20;12;8;2021
210000;Raub, raeuberische Erpressung und raeuberischer Angriff auf Kraftfahrer;16053000;Jena;insg.;31;17;14;0;0;0;1;0;1;1;0;1;5;4;1;1;0;1;22;12;10;2;1;1;24;13;11;2021
210000;Raub, raeuberische Erpressung und raeuberischer Angriff auf Kraftfahrer;7312000;Kaiserslautern;insg.;44;32;12;0;0;0;3;2;1;3;2;1;1;1;0;5;5;0;35;24;11;0;0;0;35;24;11;2021
210000;Raub, raeuberische Erpressung und raeuberischer Angriff auf Kraftfahrer;8212000;Karlsruhe;insg.;138;107;31;1;0;1;6;5;1;7;5;2;7;6;1;18;17;1;87;66;21;19;13;6;106;79;27;2021
210000;Raub, raeuberische Erpressung und raeuberischer Angriff auf Kraftfahrer;6611000;Kassel;insg.;196;147;49;1;1;0;6;6;0;7;7;0;17;16;1;11;8;3;143;105;38;18;11;7;161;116;45;2021
210000;Raub, raeuberische Erpressung und raeuberischer Angriff auf Kraftfahrer;1002000;Kiel;insg.;198;144;54;0;0;0;12;10;2;12;10;2;25;23;2;22;18;4;130;89;41;9;4;5;139;93;46;2021
210000;Raub, raeuberische Erpressung und raeuberischer Angriff auf Kraftfahrer;7111000;Koblenz;insg.;74;57;17;0;0;0;2;2;0;2;2;0;2;2;0;5;4;1;56;42;14;9;7;2;65;49;16;2021
210000;Raub, raeuberische Erpressung und raeuberischer Angriff auf Kraftfahrer;5315000;Koeln;insg.;1017;797;220;1;0;1;44;34;10;45;34;11;136;126;10;90;75;15;666;513;153;80;49;31;746;562;184;2021
210000;Raub, raeuberische Erpressung und raeuberischer Angriff auf Kraftfahrer;5114000;Krefeld;insg.;225;154;71;0;0;0;9;8;1;9;8;1;14;11;3;8;6;2;148;113;35;46;16;30;194;129;65;2021
210000;Raub, raeuberische Erpressung und raeuberischer Angriff auf Kraftfahrer;14713000;Leipzig;insg.;451;334;117;1;1;0;19;12;7;20;13;7;56;53;3;42;33;9;304;218;86;29;17;12;333;235;98;2021
210000;Raub, raeuberische Erpressung und raeuberischer Angriff auf Kraftfahrer;5316000;Leverkusen;insg.;80;56;24;1;0;1;3;2;1;4;2;2;9;8;1;11;11;0;43;28;15;13;7;6;56;35;21;2021
210000;Raub, raeuberische Erpressung und raeuberischer Angriff auf Kraftfahrer;1003000;Luebeck;insg.;138;104;34;0;0;0;2;2;0;2;2;0;27;24;3;16;13;3;82;60;22;11;5;6;93;65;28;2021
210000;Raub, raeuberische Erpressung und raeuberischer Angriff auf Kraftfahrer;7314000;Ludwigshafen am Rhein;insg.;124;99;25;0;0;0;24;22;2;24;22;2;19;16;3;17;15;2;56;40;16;8;6;2;64;46;18;2021
210000;Raub, raeuberische Erpressung und raeuberischer Angriff auf Kraftfahrer;15003000;Magdeburg;insg.;201;164;37;0;0;0;14;11;3;14;11;3;38;38;0;24;22;2;114;84;30;11;9;2;125;93;32;2021
210000;Raub, raeuberische Erpressung und raeuberischer Angriff auf Kraftfahrer;7315000;Mainz;insg.;90;75;15;0;0;0;2;2;0;2;2;0;22;22;0;15;13;2;43;32;11;8;6;2;51;38;13;2021
210000;Raub, raeuberische Erpressung und raeuberischer Angriff auf Kraftfahrer;8222000;Mannheim;insg.;164;124;40;1;1;0;10;8;2;11;9;2;6;5;1;17;16;1;117;84;33;13;10;3;130;94;36;2021
210000;Raub, raeuberische Erpressung und raeuberischer Angriff auf Kraftfahrer;5170024;Moers;insg.;45;34;11;0;0;0;9;8;1;9;8;1;1;1;0;5;5;0;23;17;6;7;3;4;30;20;10;2021
210000;Raub, raeuberische Erpressung und raeuberischer Angriff auf Kraftfahrer;5116000;Moenchengladbach;insg.;224;171;53;0;0;0;10;8;2;10;8;2;33;33;0;23;20;3;132;99;33;26;11;15;158;110;48;2021
210000;Raub, raeuberische Erpressung und raeuberischer Angriff auf Kraftfahrer;5117000;Muelheim an der Ruhr;insg.;62;44;18;0;0;0;2;2;0;2;2;0;10;10;0;3;1;2;34;23;11;13;8;5;47;31;16;2021
210000;Raub, raeuberische Erpressung und raeuberischer Angriff auf Kraftfahrer;9162000;Muenchen;insg.;523;383;140;1;1;0;28;26;2;29;27;2;104;92;12;52;41;11;295;203;92;43;20;23;338;223;115;2021
210000;Raub, raeuberische Erpressung und raeuberischer Angriff auf Kraftfahrer;5515000;Muenster;insg.;260;208;52;0;0;0;4;3;1;4;3;1;29;26;3;36;30;6;167;134;33;24;15;9;191;149;42;2021
210000;Raub, raeuberische Erpressung und raeuberischer Angriff auf Kraftfahrer;5162024;Neuss;insg.;94;76;18;0;0;0;9;9;0;9;9;0;17;15;2;9;8;1;56;41;15;3;3;0;59;44;15;2021
210000;Raub, raeuberische Erpressung und raeuberischer Angriff auf Kraftfahrer;9564000;Nuernberg;insg.;193;147;46;0;0;0;3;2;1;3;2;1;22;21;1;18;16;2;132;98;34;18;10;8;150;108;42;2021
210000;Raub, raeuberische Erpressung und raeuberischer Angriff auf Kraftfahrer;5119000;Oberhausen;insg.;116;85;31;0;0;0;15;12;3;15;12;3;32;27;5;15;11;4;47;30;17;7;5;2;54;35;19;2021
210000;Raub, raeuberische Erpressung und raeuberischer Angriff auf Kraftfahrer;6413000;Offenbach am Main;insg.;76;54;22;0;0;0;0;0;0;0;0;0;2;2;0;5;3;2;49;40;9;20;9;11;69;49;20;2021
210000;Raub, raeuberische Erpressung und raeuberischer Angriff auf Kraftfahrer;3403000;Oldenburg (Oldenburg);insg.;97;70;27;0;0;0;4;3;1;4;3;1;14;11;3;5;5;0;67;46;21;7;5;2;74;51;23;2021
210000;Raub, raeuberische Erpressung und raeuberischer Angriff auf Kraftfahrer;3404000;Osnabrueck;insg.;125;82;43;0;0;0;1;0;1;1;0;1;22;14;8;13;9;4;78;53;25;11;6;5;89;59;30;2021
210000;Raub, raeuberische Erpressung und raeuberischer Angriff auf Kraftfahrer;5774032;Paderborn;insg.;96;80;16;0;0;0;3;3;0;3;3;0;5;5;0;11;11;0;64;57;7;13;4;9;77;61;16;2021
210000;Raub, raeuberische Erpressung und raeuberischer Angriff auf Kraftfahrer;8231000;Pforzheim;insg.;66;53;13;1;1;0;1;1;0;2;2;0;4;4;0;14;14;0;42;31;11;4;2;2;46;33;13;2021
210000;Raub, raeuberische Erpressung und raeuberischer Angriff auf Kraftfahrer;12054000;Potsdam;insg.;100;83;17;0;0;0;5;5;0;5;5;0;27;25;2;13;12;1;45;36;9;10;5;5;55;41;14;2021
210000;Raub, raeuberische Erpressung und raeuberischer Angriff auf Kraftfahrer;5562032;Recklinghausen;insg.;65;46;19;0;0;0;3;3;0;3;3;0;7;6;1;7;7;0;38;26;12;10;4;6;48;30;18;2021
210000;Raub, raeuberische Erpressung und raeuberischer Angriff auf Kraftfahrer;9362000;Regensburg;insg.;47;38;9;0;0;0;1;1;0;1;1;0;0;0;0;4;4;0;38;29;9;4;4;0;42;33;9;2021
210000;Raub, raeuberische Erpressung und raeuberischer Angriff auf Kraftfahrer;5120000;Remscheid;insg.;56;34;22;0;0;0;1;1;0;1;1;0;4;3;1;4;2;2;29;22;7;18;6;12;47;28;19;2021
210000;Raub, raeuberische Erpressung und raeuberischer Angriff auf Kraftfahrer;8415061;Reutlingen;insg.;47;38;9;0;0;0;5;5;0;5;5;0;6;5;1;2;2;0;33;25;8;1;1;0;34;26;8;2021
210000;Raub, raeuberische Erpressung und raeuberischer Angriff auf Kraftfahrer;13003000;Rostock;insg.;155;121;34;0;0;0;14;13;1;14;13;1;28;26;2;19;15;4;89;66;23;5;1;4;94;67;27;2021
210000;Raub, raeuberische Erpressung und raeuberischer Angriff auf Kraftfahrer;10041100;Saarbruecken;insg.;154;111;43;0;0;0;4;3;1;4;3;1;12;9;3;15;11;4;110;79;31;13;9;4;123;88;35;2021
210000;Raub, raeuberische Erpressung und raeuberischer Angriff auf Kraftfahrer;3102000;Salzgitter;insg.;41;29;12;2;1;1;5;4;1;7;5;2;2;2;0;5;5;0;23;15;8;4;2;2;27;17;10;2021
210000;Raub, raeuberische Erpressung und raeuberischer Angriff auf Kraftfahrer;13004000;Schwerin;insg.;78;57;21;0;0;0;8;6;2;8;6;2;5;4;1;9;7;2;54;38;16;2;2;0;56;40;16;2021
210000;Raub, raeuberische Erpressung und raeuberischer Angriff auf Kraftfahrer;5970040;Siegen;insg.;36;29;7;0;0;0;3;3;0;3;3;0;2;2;0;1;1;0;27;20;7;3;3;0;30;23;7;2021
210000;Raub, raeuberische Erpressung und raeuberischer Angriff auf Kraftfahrer;5122000;Solingen;insg.;87;57;30;0;0;0;3;3;0;3;3;0;12;12;0;7;6;1;59;33;26;6;3;3;65;36;29;2021
210000;Raub, raeuberische Erpressung und raeuberischer Angriff auf Kraftfahrer;8111000;Stuttgart;insg.;465;348;117;0;0;0;19;16;3;19;16;3;41;36;5;39;33;6;330;240;90;36;23;13;366;263;103;2021
210000;Raub, raeuberische Erpressung und raeuberischer Angriff auf Kraftfahrer;7211000;Trier;insg.;43;31;12;0;0;0;0;0;0;0;0;0;7;7;0;4;3;1;26;19;7;6;2;4;32;21;11;2021
210000;Raub, raeuberische Erpressung und raeuberischer Angriff auf Kraftfahrer;8421000;Ulm;insg.;77;56;21;0;0;0;1;1;0;1;1;0;6;6;0;6;4;2;63;44;19;1;1;0;64;45;19;2021
210000;Raub, raeuberische Erpressung und raeuberischer Angriff auf Kraftfahrer;6414000;Wiesbaden;insg.;185;147;38;0;0;0;9;8;1;9;8;1;10;9;1;19;17;2;128;99;29;19;14;5;147;113;34;2021
210000;Raub, raeuberische Erpressung und raeuberischer Angriff auf Kraftfahrer;3103000;Wolfsburg;insg.;41;26;15;0;0;0;0;0;0;0;0;0;4;4;0;2;2;0;25;15;10;10;5;5;35;20;15;2021
210000;Raub, raeuberische Erpressung und raeuberischer Angriff auf Kraftfahrer;5124000;Wuppertal;insg.;305;222;83;0;0;0;15;13;2;15;13;2;34;31;3;28;25;3;195;139;56;33;14;19;228;153;75;2021
210000;Raub, raeuberische Erpressung und raeuberischer Angriff auf Kraftfahrer;9663000;Wuerzburg;insg.;40;30;10;0;0;0;0;0;0;0;0;0;1;1;0;2;1;1;34;25;9;3;3;0;37;28;9;2021
211000;Raub, raeuberische Erpressung auf/gegen Geldinstitute, Postfilialen und -agenturen;5334002;Aachen;insg.;0;0;0;0;0;0;0;0;0;0;0;0;0;0;0;0;0;0;0;0;0;0;0;0;0;0;0;2021
211000;Raub, raeuberische Erpressung auf/gegen Geldinstitute, Postfilialen und -agenturen;9761000;Augsburg;insg.;0;0;0;0;0;0;0;0;0;0;0;0;0;0;0;0;0;0;0;0;0;0;0;0;0;0;0;2021
211000;Raub, raeuberische Erpressung auf/gegen Geldinstitute, Postfilialen und -agenturen;5378004;Bergisch Gladbach;insg.;0;0;0;0;0;0;0;0;0;0;0;0;0;0;0;0;0;0;0;0;0;0;0;0;0;0;0;2021
211000;Raub, raeuberische Erpressung auf/gegen Geldinstitute, Postfilialen und -agenturen;11000000;Berlin;insg.;6;3;3;0;0;0;0;0;0;0;0;0;0;0;0;0;0;0;3;2;1;3;1;2;6;3;3;2021
211000;Raub, raeuberische Erpressung auf/gegen Geldinstitute, Postfilialen und -agenturen;5711000;Bielefeld;insg.;0;0;0;0;0;0;0;0;0;0;0;0;0;0;0;0;0;0;0;0;0;0;0;0;0;0;0;2021
211000;Raub, raeuberische Erpressung auf/gegen Geldinstitute, Postfilialen und -agenturen;5911000;Bochum;insg.;0;0;0;0;0;0;0;0;0;0;0;0;0;0;0;0;0;0;0;0;0;0;0;0;0;0;0;2021
211000;Raub, raeuberische Erpressung auf/gegen Geldinstitute, Postfilialen und -agenturen;5314000;Bonn;insg.;1;0;1;0;0;0;0;0;0;0;0;0;0;0;0;0;0;0;1;0;1;0;0;0;1;0;1;2021
211000;Raub, raeuberische Erpressung auf/gegen Geldinstitute, Postfilialen und -agenturen;5512000;Bottrop;insg.;0;0;0;0;0;0;0;0;0;0;0;0;0;0;0;0;0;0;0;0;0;0;0;0;0;0;0;2021
211000;Raub, raeuberische Erpressung auf/gegen Geldinstitute, Postfilialen und -agenturen;3101000;Braunschweig;insg.;0;0;0;0;0;0;0;0;0;0;0;0;0;0;0;0;0;0;0;0;0;0;0;0;0;0;0;2021
211000;Raub, raeuberische Erpressung auf/gegen Geldinstitute, Postfilialen und -agenturen;4011000;Bremen;insg.;2;0;2;0;0;0;0;0;0;0;0;0;0;0;0;0;0;0;2;0;2;0;0;0;2;0;2;2021
211000;Raub, raeuberische Erpressung auf/gegen Geldinstitute, Postfilialen und -agenturen;4012000;Bremerhaven;insg.;0;0;0;0;0;0;0;0;0;0;0;0;0;0;0;0;0;0;0;0;0;0;0;0;0;0;0;2021
211000;Raub, raeuberische Erpressung auf/gegen Geldinstitute, Postfilialen und -agenturen;14511000;Chemnitz;insg.;0;0;0;0;0;0;0;0;0;0;0;0;0;0;0;0;0;0;0;0;0;0;0;0;0;0;0;2021
211000;Raub, raeuberische Erpressung auf/gegen Geldinstitute, Postfilialen und -agenturen;12052000;Cottbus;insg.;0;0;0;0;0;0;0;0;0;0;0;0;0;0;0;0;0;0;0;0;0;0;0;0;0;0;0;2021
211000;Raub, raeuberische Erpressung auf/gegen Geldinstitute, Postfilialen und -agenturen;6411000;Darmstadt;insg.;0;0;0;0;0;0;0;0;0;0;0;0;0;0;0;0;0;0;0;0;0;0;0;0;0;0;0;2021
211000;Raub, raeuberische Erpressung auf/gegen Geldinstitute, Postfilialen und -agenturen;5913000;Dortmund;insg.;0;0;0;0;0;0;0;0;0;0;0;0;0;0;0;0;0;0;0;0;0;0;0;0;0;0;0;2021
211000;Raub, raeuberische Erpressung auf/gegen Geldinstitute, Postfilialen und -agenturen;14612000;Dresden;insg.;1;1;0;0;0;0;0;0;0;0;0;0;0;0;0;0;0;0;1;1;0;0;0;0;1;1;0;2021
211000;Raub, raeuberische Erpressung auf/gegen Geldinstitute, Postfilialen und -agenturen;5112000;Duisburg;insg.;0;0;0;0;0;0;0;0;0;0;0;0;0;0;0;0;0;0;0;0;0;0;0;0;0;0;0;2021
211000;Raub, raeuberische Erpressung auf/gegen Geldinstitute, Postfilialen und -agenturen;5111000;Duesseldorf;insg.;0;0;0;0;0;0;0;0;0;0;0;0;0;0;0;0;0;0;0;0;0;0;0;0;0;0;0;2021
211000;Raub, raeuberische Erpressung auf/gegen Geldinstitute, Postfilialen und -agenturen;16051000;Erfurt;insg.;0;0;0;0;0;0;0;0;0;0;0;0;0;0;0;0;0;0;0;0;0;0;0;0;0;0;0;2021
211000;Raub, raeuberische Erpressung auf/gegen Geldinstitute, Postfilialen und -agenturen;9562000;Erlangen;insg.;0;0;0;0;0;0;0;0;0;0;0;0;0;0;0;0;0;0;0;0;0;0;0;0;0;0;0;2021
211000;Raub, raeuberische Erpressung auf/gegen Geldinstitute, Postfilialen und -agenturen;5113000;Essen;insg.;0;0;0;0;0;0;0;0;0;0;0;0;0;0;0;0;0;0;0;0;0;0;0;0;0;0;0;2021
211000;Raub, raeuberische Erpressung auf/gegen Geldinstitute, Postfilialen und -agenturen;6412000;Frankfurt am Main;insg.;0;0;0;0;0;0;0;0;0;0;0;0;0;0;0;0;0;0;0;0;0;0;0;0;0;0;0;2021
211000;Raub, raeuberische Erpressung auf/gegen Geldinstitute, Postfilialen und -agenturen;8311000;Freiburg im Breisgau;insg.;0;0;0;0;0;0;0;0;0;0;0;0;0;0;0;0;0;0;0;0;0;0;0;0;0;0;0;2021
211000;Raub, raeuberische Erpressung auf/gegen Geldinstitute, Postfilialen und -agenturen;9563000;Fuerth;insg.;0;0;0;0;0;0;0;0;0;0;0;0;0;0;0;0;0;0;0;0;0;0;0;0;0;0;0;2021
211000;Raub, raeuberische Erpressung auf/gegen Geldinstitute, Postfilialen und -agenturen;5513000;Gelsenkirchen;insg.;0;0;0;0;0;0;0;0;0;0;0;0;0;0;0;0;0;0;0;0;0;0;0;0;0;0;0;2021
211000;Raub, raeuberische Erpressung auf/gegen Geldinstitute, Postfilialen und -agenturen;3159016;Goettingen;insg.;0;0;0;0;0;0;0;0;0;0;0;0;0;0;0;0;0;0;0;0;0;0;0;0;0;0;0;2021
211000;Raub, raeuberische Erpressung auf/gegen Geldinstitute, Postfilialen und -agenturen;5754008;Guetersloh;insg.;0;0;0;0;0;0;0;0;0;0;0;0;0;0;0;0;0;0;0;0;0;0;0;0;0;0;0;2021
211000;Raub, raeuberische Erpressung auf/gegen Geldinstitute, Postfilialen und -agenturen;5914000;Hagen;insg.;0;0;0;0;0;0;0;0;0;0;0;0;0;0;0;0;0;0;0;0;0;0;0;0;0;0;0;2021
211000;Raub, raeuberische Erpressung auf/gegen Geldinstitute, Postfilialen und -agenturen;15002000;Halle (Saale);insg.;1;0;1;0;0;0;0;0;0;0;0;0;0;0;0;0;0;0;1;0;1;0;0;0;1;0;1;2021
211000;Raub, raeuberische Erpressung auf/gegen Geldinstitute, Postfilialen und -agenturen;2000000;Hamburg;insg.;1;0;1;0;0;0;0;0;0;0;0;0;0;0;0;0;0;0;1;0;1;0;0;0;1;0;1;2021
211000;Raub, raeuberische Erpressung auf/gegen Geldinstitute, Postfilialen und -agenturen;5915000;Hamm;insg.;0;0;0;0;0;0;0;0;0;0;0;0;0;0;0;0;0;0;0;0;0;0;0;0;0;0;0;2021
211000;Raub, raeuberische Erpressung auf/gegen Geldinstitute, Postfilialen und -agenturen;3241001;Hannover;insg.;1;1;0;0;0;0;0;0;0;0;0;0;0;0;0;0;0;0;1;1;0;0;0;0;1;1;0;2021
211000;Raub, raeuberische Erpressung auf/gegen Geldinstitute, Postfilialen und -agenturen;8221000;Heidelberg;insg.;0;0;0;0;0;0;0;0;0;0;0;0;0;0;0;0;0;0;0;0;0;0;0;0;0;0;0;2021
211000;Raub, raeuberische Erpressung auf/gegen Geldinstitute, Postfilialen und -agenturen;8121000;Heilbronn;insg.;0;0;0;0;0;0;0;0;0;0;0;0;0;0;0;0;0;0;0;0;0;0;0;0;0;0;0;2021
211000;Raub, raeuberische Erpressung auf/gegen Geldinstitute, Postfilialen und -agenturen;5916000;Herne;insg.;0;0;0;0;0;0;0;0;0;0;0;0;0;0;0;0;0;0;0;0;0;0;0;0;0;0;0;2021
211000;Raub, raeuberische Erpressung auf/gegen Geldinstitute, Postfilialen und -agenturen;3254021;Hildesheim;insg.;0;0;0;0;0;0;0;0;0;0;0;0;0;0;0;0;0;0;0;0;0;0;0;0;0;0;0;2021
211000;Raub, raeuberische Erpressung auf/gegen Geldinstitute, Postfilialen und -agenturen;9161000;Ingolstadt;insg.;0;0;0;0;0;0;0;0;0;0;0;0;0;0;0;0;0;0;0;0;0;0;0;0;0;0;0;2021
211000;Raub, raeuberische Erpressung auf/gegen Geldinstitute, Postfilialen und -agenturen;16053000;Jena;insg.;0;0;0;0;0;0;0;0;0;0;0;0;0;0;0;0;0;0;0;0;0;0;0;0;0;0;0;2021
211000;Raub, raeuberische Erpressung auf/gegen Geldinstitute, Postfilialen und -agenturen;7312000;Kaiserslautern;insg.;1;0;1;0;0;0;0;0;0;0;0;0;0;0;0;0;0;0;1;0;1;0;0;0;1;0;1;2021
211000;Raub, raeuberische Erpressung auf/gegen Geldinstitute, Postfilialen und -agenturen;8212000;Karlsruhe;insg.;0;0;0;0;0;0;0;0;0;0;0;0;0;0;0;0;0;0;0;0;0;0;0;0;0;0;0;2021
211000;Raub, raeuberische Erpressung auf/gegen Geldinstitute, Postfilialen und -agenturen;6611000;Kassel;insg.;0;0;0;0;0;0;0;0;0;0;0;0;0;0;0;0;0;0;0;0;0;0;0;0;0;0;0;2021
211000;Raub, raeuberische Erpressung auf/gegen Geldinstitute, Postfilialen und -agenturen;1002000;Kiel;insg.;0;0;0;0;0;0;0;0;0;0;0;0;0;0;0;0;0;0;0;0;0;0;0;0;0;0;0;2021
211000;Raub, raeuberische Erpressung auf/gegen Geldinstitute, Postfilialen und -agenturen;7111000;Koblenz;insg.;0;0;0;0;0;0;0;0;0;0;0;0;0;0;0;0;0;0;0;0;0;0;0;0;0;0;0;2021
211000;Raub, raeuberische Erpressung auf/gegen Geldinstitute, Postfilialen und -agenturen;5315000;Koeln;insg.;1;0;1;0;0;0;0;0;0;0;0;0;0;0;0;0;0;0;1;0;1;0;0;0;1;0;1;2021
211000;Raub, raeuberische Erpressung auf/gegen Geldinstitute, Postfilialen und -agenturen;5114000;Krefeld;insg.;0;0;0;0;0;0;0;0;0;0;0;0;0;0;0;0;0;0;0;0;0;0;0;0;0;0;0;2021
211000;Raub, raeuberische Erpressung auf/gegen Geldinstitute, Postfilialen und -agenturen;14713000;Leipzig;insg.;1;0;1;0;0;0;0;0;0;0;0;0;0;0;0;0;0;0;1;0;1;0;0;0;1;0;1;2021
211000;Raub, raeuberische Erpressung auf/gegen Geldinstitute, Postfilialen und -agenturen;5316000;Leverkusen;insg.;0;0;0;0;0;0;0;0;0;0;0;0;0;0;0;0;0;0;0;0;0;0;0;0;0;0;0;2021
211000;Raub, raeuberische Erpressung auf/gegen Geldinstitute, Postfilialen und -agenturen;1003000;Luebeck;insg.;0;0;0;0;0;0;0;0;0;0;0;0;0;0;0;0;0;0;0;0;0;0;0;0;0;0;0;2021
211000;Raub, raeuberische Erpressung auf/gegen Geldinstitute, Postfilialen und -agenturen;7314000;Ludwigshafen am Rhein;insg.;0;0;0;0;0;0;0;0;0;0;0;0;0;0;0;0;0;0;0;0;0;0;0;0;0;0;0;2021
211000;Raub, raeuberische Erpressung auf/gegen Geldinstitute, Postfilialen und -agenturen;15003000;Magdeburg;insg.;0;0;0;0;0;0;0;0;0;0;0;0;0;0;0;0;0;0;0;0;0;0;0;0;0;0;0;2021
211000;Raub, raeuberische Erpressung auf/gegen Geldinstitute, Postfilialen und -agenturen;7315000;Mainz;insg.;1;0;1;0;0;0;0;0;0;0;0;0;0;0;0;0;0;0;1;0;1;0;0;0;1;0;1;2021
211000;Raub, raeuberische Erpressung auf/gegen Geldinstitute, Postfilialen und -agenturen;8222000;Mannheim;insg.;0;0;0;0;0;0;0;0;0;0;0;0;0;0;0;0;0;0;0;0;0;0;0;0;0;0;0;2021
211000;Raub, raeuberische Erpressung auf/gegen Geldinstitute, Postfilialen und -agenturen;5170024;Moers;insg.;0;0;0;0;0;0;0;0;0;0;0;0;0;0;0;0;0;0;0;0;0;0;0;0;0;0;0;2021
211000;Raub, raeuberische Erpressung auf/gegen Geldinstitute, Postfilialen und -agenturen;5116000;Moenchengladbach;insg.;0;0;0;0;0;0;0;0;0;0;0;0;0;0;0;0;0;0;0;0;0;0;0;0;0;0;0;2021
211000;Raub, raeuberische Erpressung auf/gegen Geldinstitute, Postfilialen und -agenturen;5117000;Muelheim an der Ruhr;insg.;0;0;0;0;0;0;0;0;0;0;0;0;0;0;0;0;0;0;0;0;0;0;0;0;0;0;0;2021
211000;Raub, raeuberische Erpressung auf/gegen Geldinstitute, Postfilialen und -agenturen;9162000;Muenchen;insg.;0;0;0;0;0;0;0;0;0;0;0;0;0;0;0;0;0;0;0;0;0;0;0;0;0;0;0;2021
211000;Raub, raeuberische Erpressung auf/gegen Geldinstitute, Postfilialen und -agenturen;5515000;Muenster;insg.;0;0;0;0;0;0;0;0;0;0;0;0;0;0;0;0;0;0;0;0;0;0;0;0;0;0;0;2021
211000;Raub, raeuberische Erpressung auf/gegen Geldinstitute, Postfilialen und -agenturen;5162024;Neuss;insg.;0;0;0;0;0;0;0;0;0;0;0;0;0;0;0;0;0;0;0;0;0;0;0;0;0;0;0;2021
211000;Raub, raeuberische Erpressung auf/gegen Geldinstitute, Postfilialen und -agenturen;9564000;Nuernberg;insg.;0;0;0;0;0;0;0;0;0;0;0;0;0;0;0;0;0;0;0;0;0;0;0;0;0;0;0;2021
211000;Raub, raeuberische Erpressung auf/gegen Geldinstitute, Postfilialen und -agenturen;5119000;Oberhausen;insg.;0;0;0;0;0;0;0;0;0;0;0;0;0;0;0;0;0;0;0;0;0;0;0;0;0;0;0;2021
211000;Raub, raeuberische Erpressung auf/gegen Geldinstitute, Postfilialen und -agenturen;6413000;Offenbach am Main;insg.;0;0;0;0;0;0;0;0;0;0;0;0;0;0;0;0;0;0;0;0;0;0;0;0;0;0;0;2021
211000;Raub, raeuberische Erpressung auf/gegen Geldinstitute, Postfilialen und -agenturen;3403000;Oldenburg (Oldenburg);insg.;0;0;0;0;0;0;0;0;0;0;0;0;0;0;0;0;0;0;0;0;0;0;0;0;0;0;0;2021
211000;Raub, raeuberische Erpressung auf/gegen Geldinstitute, Postfilialen und -agenturen;3404000;Osnabrueck;insg.;0;0;0;0;0;0;0;0;0;0;0;0;0;0;0;0;0;0;0;0;0;0;0;0;0;0;0;2021
211000;Raub, raeuberische Erpressung auf/gegen Geldinstitute, Postfilialen und -agenturen;5774032;Paderborn;insg.;0;0;0;0;0;0;0;0;0;0;0;0;0;0;0;0;0;0;0;0;0;0;0;0;0;0;0;2021
211000;Raub, raeuberische Erpressung auf/gegen Geldinstitute, Postfilialen und -agenturen;8231000;Pforzheim;insg.;0;0;0;0;0;0;0;0;0;0;0;0;0;0;0;0;0;0;0;0;0;0;0;0;0;0;0;2021
211000;Raub, raeuberische Erpressung auf/gegen Geldinstitute, Postfilialen und -agenturen;12054000;Potsdam;insg.;0;0;0;0;0;0;0;0;0;0;0;0;0;0;0;0;0;0;0;0;0;0;0;0;0;0;0;2021
211000;Raub, raeuberische Erpressung auf/gegen Geldinstitute, Postfilialen und -agenturen;5562032;Recklinghausen;insg.;0;0;0;0;0;0;0;0;0;0;0;0;0;0;0;0;0;0;0;0;0;0;0;0;0;0;0;2021
211000;Raub, raeuberische Erpressung auf/gegen Geldinstitute, Postfilialen und -agenturen;9362000;Regensburg;insg.;1;0;1;0;0;0;0;0;0;0;0;0;0;0;0;0;0;0;1;0;1;0;0;0;1;0;1;2021
211000;Raub, raeuberische Erpressung auf/gegen Geldinstitute, Postfilialen und -agenturen;5120000;Remscheid;insg.;0;0;0;0;0;0;0;0;0;0;0;0;0;0;0;0;0;0;0;0;0;0;0;0;0;0;0;2021
211000;Raub, raeuberische Erpressung auf/gegen Geldinstitute, Postfilialen und -agenturen;8415061;Reutlingen;insg.;0;0;0;0;0;0;0;0;0;0;0;0;0;0;0;0;0;0;0;0;0;0;0;0;0;0;0;2021
211000;Raub, raeuberische Erpressung auf/gegen Geldinstitute, Postfilialen und -agenturen;13003000;Rostock;insg.;1;0;1;0;0;0;0;0;0;0;0;0;0;0;0;0;0;0;1;0;1;0;0;0;1;0;1;2021
211000;Raub, raeuberische Erpressung auf/gegen Geldinstitute, Postfilialen und -agenturen;10041100;Saarbruecken;insg.;1;1;0;0;0;0;0;0;0;0;0;0;0;0;0;0;0;0;0;0;0;1;1;0;1;1;0;2021
211000;Raub, raeuberische Erpressung auf/gegen Geldinstitute, Postfilialen und -agenturen;3102000;Salzgitter;insg.;0;0;0;0;0;0;0;0;0;0;0;0;0;0;0;0;0;0;0;0;0;0;0;0;0;0;0;2021
211000;Raub, raeuberische Erpressung auf/gegen Geldinstitute, Postfilialen und -agenturen;13004000;Schwerin;insg.;0;0;0;0;0;0;0;0;0;0;0;0;0;0;0;0;0;0;0;0;0;0;0;0;0;0;0;2021
211000;Raub, raeuberische Erpressung auf/gegen Geldinstitute, Postfilialen und -agenturen;5970040;Siegen;insg.;0;0;0;0;0;0;0;0;0;0;0;0;0;0;0;0;0;0;0;0;0;0;0;0;0;0;0;2021
211000;Raub, raeuberische Erpressung auf/gegen Geldinstitute, Postfilialen und -agenturen;5122000;Solingen;insg.;0;0;0;0;0;0;0;0;0;0;0;0;0;0;0;0;0;0;0;0;0;0;0;0;0;0;0;2021
211000;Raub, raeuberische Erpressung auf/gegen Geldinstitute, Postfilialen und -agenturen;8111000;Stuttgart;insg.;0;0;0;0;0;0;0;0;0;0;0;0;0;0;0;0;0;0;0;0;0;0;0;0;0;0;0;2021
211000;Raub, raeuberische Erpressung auf/gegen Geldinstitute, Postfilialen und -agenturen;7211000;Trier;insg.;0;0;0;0;0;0;0;0;0;0;0;0;0;0;0;0;0;0;0;0;0;0;0;0;0;0;0;2021
211000;Raub, raeuberische Erpressung auf/gegen Geldinstitute, Postfilialen und -agenturen;8421000;Ulm;insg.;0;0;0;0;0;0;0;0;0;0;0;0;0;0;0;0;0;0;0;0;0;0;0;0;0;0;0;2021
211000;Raub, raeuberische Erpressung auf/gegen Geldinstitute, Postfilialen und -agenturen;6414000;Wiesbaden;insg.;0;0;0;0;0;0;0;0;0;0;0;0;0;0;0;0;0;0;0;0;0;0;0;0;0;0;0;2021
211000;Raub, raeuberische Erpressung auf/gegen Geldinstitute, Postfilialen und -agenturen;3103000;Wolfsburg;insg.;0;0;0;0;0;0;0;0;0;0;0;0;0;0;0;0;0;0;0;0;0;0;0;0;0;0;0;2021
211000;Raub, raeuberische Erpressung auf/gegen Geldinstitute, Postfilialen und -agenturen;5124000;Wuppertal;insg.;0;0;0;0;0;0;0;0;0;0;0;0;0;0;0;0;0;0;0;0;0;0;0;0;0;0;0;2021
211000;Raub, raeuberische Erpressung auf/gegen Geldinstitute, Postfilialen und -agenturen;9663000;Wuerzburg;insg.;0;0;0;0;0;0;0;0;0;0;0;0;0;0;0;0;0;0;0;0;0;0;0;0;0;0;0;2021
212000;Raub, raeuberische Erpressung auf/gegen sonstige Kassenraeume und Geschaefte;5334002;Aachen;insg.;16;14;2;0;0;0;0;0;0;0;0;0;0;0;0;0;0;0;16;14;2;0;0;0;16;14;2;2021
212000;Raub, raeuberische Erpressung auf/gegen sonstige Kassenraeume und Geschaefte;9761000;Augsburg;insg.;1;0;1;0;0;0;0;0;0;0;0;0;0;0;0;0;0;0;1;0;1;0;0;0;1;0;1;2021
212000;Raub, raeuberische Erpressung auf/gegen sonstige Kassenraeume und Geschaefte;5378004;Bergisch Gladbach;insg.;4;0;4;0;0;0;0;0;0;0;0;0;0;0;0;0;0;0;3;0;3;1;0;1;4;0;4;2021
212000;Raub, raeuberische Erpressung auf/gegen sonstige Kassenraeume und Geschaefte;11000000;Berlin;insg.;304;167;137;0;0;0;0;0;0;0;0;0;3;3;0;24;12;12;247;133;114;30;19;11;277;152;125;2021
212000;Raub, raeuberische Erpressung auf/gegen sonstige Kassenraeume und Geschaefte;5711000;Bielefeld;insg.;29;10;19;0;0;0;0;0;0;0;0;0;0;0;0;3;2;1;21;7;14;5;1;4;26;8;18;2021
212000;Raub, raeuberische Erpressung auf/gegen sonstige Kassenraeume und Geschaefte;5911000;Bochum;insg.;7;1;6;0;0;0;0;0;0;0;0;0;0;0;0;0;0;0;7;1;6;0;0;0;7;1;6;2021
212000;Raub, raeuberische Erpressung auf/gegen sonstige Kassenraeume und Geschaefte;5314000;Bonn;insg.;21;9;12;0;0;0;0;0;0;0;0;0;0;0;0;1;1;0;15;6;9;5;2;3;20;8;12;2021
212000;Raub, raeuberische Erpressung auf/gegen sonstige Kassenraeume und Geschaefte;5512000;Bottrop;insg.;6;1;5;0;0;0;0;0;0;0;0;0;0;0;0;2;0;2;3;1;2;1;0;1;4;1;3;2021
212000;Raub, raeuberische Erpressung auf/gegen sonstige Kassenraeume und Geschaefte;3101000;Braunschweig;insg.;7;3;4;0;0;0;0;0;0;0;0;0;0;0;0;0;0;0;6;3;3;1;0;1;7;3;4;2021
212000;Raub, raeuberische Erpressung auf/gegen sonstige Kassenraeume und Geschaefte;4011000;Bremen;insg.;32;11;21;0;0;0;0;0;0;0;0;0;0;0;0;3;2;1;23;7;16;6;2;4;29;9;20;2021
212000;Raub, raeuberische Erpressung auf/gegen sonstige Kassenraeume und Geschaefte;4012000;Bremerhaven;insg.;12;8;4;0;0;0;0;0;0;0;0;0;0;0;0;0;0;0;12;8;4;0;0;0;12;8;4;2021
212000;Raub, raeuberische Erpressung auf/gegen sonstige Kassenraeume und Geschaefte;14511000;Chemnitz;insg.;2;0;2;0;0;0;0;0;0;0;0;0;0;0;0;0;0;0;1;0;1;1;0;1;2;0;2;2021
212000;Raub, raeuberische Erpressung auf/gegen sonstige Kassenraeume und Geschaefte;12052000;Cottbus;insg.;2;0;2;0;0;0;0;0;0;0;0;0;0;0;0;0;0;0;2;0;2;0;0;0;2;0;2;2021
212000;Raub, raeuberische Erpressung auf/gegen sonstige Kassenraeume und Geschaefte;6411000;Darmstadt;insg.;8;4;4;0;0;0;0;0;0;0;0;0;1;1;0;1;0;1;5;2;3;1;1;0;6;3;3;2021
212000;Raub, raeuberische Erpressung auf/gegen sonstige Kassenraeume und Geschaefte;5913000;Dortmund;insg.;17;11;6;0;0;0;0;0;0;0;0;0;0;0;0;0;0;0;16;11;5;1;0;1;17;11;6;2021
212000;Raub, raeuberische Erpressung auf/gegen sonstige Kassenraeume und Geschaefte;14612000;Dresden;insg.;7;3;4;0;0;0;0;0;0;0;0;0;0;0;0;0;0;0;7;3;4;0;0;0;7;3;4;2021
212000;Raub, raeuberische Erpressung auf/gegen sonstige Kassenraeume und Geschaefte;5112000;Duisburg;insg.;27;13;14;0;0;0;0;0;0;0;0;0;2;1;1;1;1;0;20;8;12;4;3;1;24;11;13;2021
212000;Raub, raeuberische Erpressung auf/gegen sonstige Kassenraeume und Geschaefte;5111000;Duesseldorf;insg.;23;17;6;0;0;0;0;0;0;0;0;0;0;0;0;1;1;0;22;16;6;0;0;0;22;16;6;2021
212000;Raub, raeuberische Erpressung auf/gegen sonstige Kassenraeume und Geschaefte;16051000;Erfurt;insg.;1;1;0;0;0;0;0;0;0;0;0;0;0;0;0;0;0;0;1;1;0;0;0;0;1;1;0;2021
212000;Raub, raeuberische Erpressung auf/gegen sonstige Kassenraeume und Geschaefte;9562000;Erlangen;insg.;0;0;0;0;0;0;0;0;0;0;0;0;0;0;0;0;0;0;0;0;0;0;0;0;0;0;0;2021
212000;Raub, raeuberische Erpressung auf/gegen sonstige Kassenraeume und Geschaefte;5113000;Essen;insg.;22;11;11;0;0;0;0;0;0;0;0;0;0;0;0;0;0;0;18;8;10;4;3;1;22;11;11;2021
212000;Raub, raeuberische Erpressung auf/gegen sonstige Kassenraeume und Geschaefte;6412000;Frankfurt am Main;insg.;22;15;7;0;0;0;0;0;0;0;0;0;0;0;0;1;1;0;17;13;4;4;1;3;21;14;7;2021
212000;Raub, raeuberische Erpressung auf/gegen sonstige Kassenraeume und Geschaefte;8311000;Freiburg im Breisgau;insg.;6;2;4;0;0;0;0;0;0;0;0;0;0;0;0;1;1;0;5;1;4;0;0;0;5;1;4;2021
212000;Raub, raeuberische Erpressung auf/gegen sonstige Kassenraeume und Geschaefte;9563000;Fuerth;insg.;1;0;1;0;0;0;0;0;0;0;0;0;0;0;0;0;0;0;1;0;1;0;0;0;1;0;1;2021
212000;Raub, raeuberische Erpressung auf/gegen sonstige Kassenraeume und Geschaefte;5513000;Gelsenkirchen;insg.;8;4;4;0;0;0;0;0;0;0;0;0;0;0;0;1;1;0;5;2;3;2;1;1;7;3;4;2021
212000;Raub, raeuberische Erpressung auf/gegen sonstige Kassenraeume und Geschaefte;3159016;Goettingen;insg.;1;1;0;0;0;0;0;0;0;0;0;0;0;0;0;0;0;0;1;1;0;0;0;0;1;1;0;2021
212000;Raub, raeuberische Erpressung auf/gegen sonstige Kassenraeume und Geschaefte;5754008;Guetersloh;insg.;6;6;0;0;0;0;0;0;0;0;0;0;0;0;0;0;0;0;4;4;0;2;2;0;6;6;0;2021
212000;Raub, raeuberische Erpressung auf/gegen sonstige Kassenraeume und Geschaefte;5914000;Hagen;insg.;5;1;4;0;0;0;0;0;0;0;0;0;0;0;0;0;0;0;4;1;3;1;0;1;5;1;4;2021
212000;Raub, raeuberische Erpressung auf/gegen sonstige Kassenraeume und Geschaefte;15002000;Halle (Saale);insg.;11;5;6;0;0;0;0;0;0;0;0;0;0;0;0;1;1;0;10;4;6;0;0;0;10;4;6;2021
212000;Raub, raeuberische Erpressung auf/gegen sonstige Kassenraeume und Geschaefte;2000000;Hamburg;insg.;44;27;17;0;0;0;0;0;0;0;0;0;0;0;0;3;2;1;38;23;15;3;2;1;41;25;16;2021
212000;Raub, raeuberische Erpressung auf/gegen sonstige Kassenraeume und Geschaefte;5915000;Hamm;insg.;17;4;13;0;0;0;0;0;0;0;0;0;0;0;0;1;0;1;11;4;7;5;0;5;16;4;12;2021
212000;Raub, raeuberische Erpressung auf/gegen sonstige Kassenraeume und Geschaefte;3241001;Hannover;insg.;23;7;16;0;0;0;0;0;0;0;0;0;0;0;0;0;0;0;18;6;12;5;1;4;23;7;16;2021
212000;Raub, raeuberische Erpressung auf/gegen sonstige Kassenraeume und Geschaefte;8221000;Heidelberg;insg.;1;1;0;0;0;0;0;0;0;0;0;0;0;0;0;0;0;0;1;1;0;0;0;0;1;1;0;2021
212000;Raub, raeuberische Erpressung auf/gegen sonstige Kassenraeume und Geschaefte;8121000;Heilbronn;insg.;1;0;1;0;0;0;0;0;0;0;0;0;0;0;0;0;0;0;1;0;1;0;0;0;1;0;1;2021
212000;Raub, raeuberische Erpressung auf/gegen sonstige Kassenraeume und Geschaefte;5916000;Herne;insg.;7;3;4;0;0;0;0;0;0;0;0;0;0;0;0;0;0;0;7;3;4;0;0;0;7;3;4;2021
212000;Raub, raeuberische Erpressung auf/gegen sonstige Kassenraeume und Geschaefte;3254021;Hildesheim;insg.;13;5;8;0;0;0;0;0;0;0;0;0;0;0;0;2;0;2;11;5;6;0;0;0;11;5;6;2021
212000;Raub, raeuberische Erpressung auf/gegen sonstige Kassenraeume und Geschaefte;9161000;Ingolstadt;insg.;0;0;0;0;0;0;0;0;0;0;0;0;0;0;0;0;0;0;0;0;0;0;0;0;0;0;0;2021
212000;Raub, raeuberische Erpressung auf/gegen sonstige Kassenraeume und Geschaefte;16053000;Jena;insg.;0;0;0;0;0;0;0;0;0;0;0;0;0;0;0;0;0;0;0;0;0;0;0;0;0;0;0;2021
212000;Raub, raeuberische Erpressung auf/gegen sonstige Kassenraeume und Geschaefte;7312000;Kaiserslautern;insg.;2;0;2;0;0;0;0;0;0;0;0;0;0;0;0;0;0;0;2;0;2;0;0;0;2;0;2;2021
212000;Raub, raeuberische Erpressung auf/gegen sonstige Kassenraeume und Geschaefte;8212000;Karlsruhe;insg.;1;1;0;0;0;0;0;0;0;0;0;0;0;0;0;0;0;0;1;1;0;0;0;0;1;1;0;2021
212000;Raub, raeuberische Erpressung auf/gegen sonstige Kassenraeume und Geschaefte;6611000;Kassel;insg.;14;8;6;0;0;0;0;0;0;0;0;0;0;0;0;0;0;0;14;8;6;0;0;0;14;8;6;2021
212000;Raub, raeuberische Erpressung auf/gegen sonstige Kassenraeume und Geschaefte;1002000;Kiel;insg.;18;8;10;0;0;0;0;0;0;0;0;0;0;0;0;0;0;0;17;7;10;1;1;0;18;8;10;2021
212000;Raub, raeuberische Erpressung auf/gegen sonstige Kassenraeume und Geschaefte;7111000;Koblenz;insg.;2;0;2;0;0;0;0;0;0;0;0;0;0;0;0;0;0;0;2;0;2;0;0;0;2;0;2;2021
212000;Raub, raeuberische Erpressung auf/gegen sonstige Kassenraeume und Geschaefte;5315000;Koeln;insg.;28;17;11;0;0;0;0;0;0;0;0;0;0;0;0;0;0;0;23;15;8;5;2;3;28;17;11;2021
212000;Raub, raeuberische Erpressung auf/gegen sonstige Kassenraeume und Geschaefte;5114000;Krefeld;insg.;10;5;5;0;0;0;0;0;0;0;0;0;0;0;0;1;1;0;9;4;5;0;0;0;9;4;5;2021
212000;Raub, raeuberische Erpressung auf/gegen sonstige Kassenraeume und Geschaefte;14713000;Leipzig;insg.;12;6;6;0;0;0;0;0;0;0;0;0;0;0;0;0;0;0;10;5;5;2;1;1;12;6;6;2021
212000;Raub, raeuberische Erpressung auf/gegen sonstige Kassenraeume und Geschaefte;5316000;Leverkusen;insg.;5;1;4;0;0;0;0;0;0;0;0;0;1;1;0;0;0;0;4;0;4;0;0;0;4;0;4;2021
212000;Raub, raeuberische Erpressung auf/gegen sonstige Kassenraeume und Geschaefte;1003000;Luebeck;insg.;8;5;3;0;0;0;0;0;0;0;0;0;0;0;0;0;0;0;7;5;2;1;0;1;8;5;3;2021
212000;Raub, raeuberische Erpressung auf/gegen sonstige Kassenraeume und Geschaefte;7314000;Ludwigshafen am Rhein;insg.;3;2;1;0;0;0;0;0;0;0;0;0;0;0;0;0;0;0;3;2;1;0;0;0;3;2;1;2021
212000;Raub, raeuberische Erpressung auf/gegen sonstige Kassenraeume und Geschaefte;15003000;Magdeburg;insg.;13;5;8;0;0;0;0;0;0;0;0;0;1;1;0;0;0;0;11;3;8;1;1;0;12;4;8;2021
212000;Raub, raeuberische Erpressung auf/gegen sonstige Kassenraeume und Geschaefte;7315000;Mainz;insg.;6;3;3;0;0;0;0;0;0;0;0;0;0;0;0;2;1;1;3;2;1;1;0;1;4;2;2;2021
212000;Raub, raeuberische Erpressung auf/gegen sonstige Kassenraeume und Geschaefte;8222000;Mannheim;insg.;11;4;7;0;0;0;0;0;0;0;0;0;1;0;1;0;0;0;10;4;6;0;0;0;10;4;6;2021
212000;Raub, raeuberische Erpressung auf/gegen sonstige Kassenraeume und Geschaefte;5170024;Moers;insg.;1;1;0;0;0;0;0;0;0;0;0;0;0;0;0;0;0;0;1;1;0;0;0;0;1;1;0;2021
212000;Raub, raeuberische Erpressung auf/gegen sonstige Kassenraeume und Geschaefte;5116000;Moenchengladbach;insg.;11;7;4;0;0;0;0;0;0;0;0;0;0;0;0;2;1;1;8;5;3;1;1;0;9;6;3;2021
212000;Raub, raeuberische Erpressung auf/gegen sonstige Kassenraeume und Geschaefte;5117000;Muelheim an der Ruhr;insg.;8;4;4;0;0;0;0;0;0;0;0;0;0;0;0;1;0;1;7;4;3;0;0;0;7;4;3;2021
212000;Raub, raeuberische Erpressung auf/gegen sonstige Kassenraeume und Geschaefte;9162000;Muenchen;insg.;23;12;11;0;0;0;0;0;0;0;0;0;0;0;0;2;1;1;15;8;7;6;3;3;21;11;10;2021
212000;Raub, raeuberische Erpressung auf/gegen sonstige Kassenraeume und Geschaefte;5515000;Muenster;insg.;15;6;9;0;0;0;0;0;0;0;0;0;0;0;0;2;1;1;8;2;6;5;3;2;13;5;8;2021
212000;Raub, raeuberische Erpressung auf/gegen sonstige Kassenraeume und Geschaefte;5162024;Neuss;insg.;7;6;1;0;0;0;0;0;0;0;0;0;0;0;0;0;0;0;6;5;1;1;1;0;7;6;1;2021
212000;Raub, raeuberische Erpressung auf/gegen sonstige Kassenraeume und Geschaefte;9564000;Nuernberg;insg.;2;0;2;0;0;0;0;0;0;0;0;0;0;0;0;0;0;0;2;0;2;0;0;0;2;0;2;2021
212000;Raub, raeuberische Erpressung auf/gegen sonstige Kassenraeume und Geschaefte;5119000;Oberhausen;insg.;4;2;2;0;0;0;0;0;0;0;0;0;0;0;0;0;0;0;3;1;2;1;1;0;4;2;2;2021
212000;Raub, raeuberische Erpressung auf/gegen sonstige Kassenraeume und Geschaefte;6413000;Offenbach am Main;insg.;11;9;2;0;0;0;0;0;0;0;0;0;0;0;0;0;0;0;10;9;1;1;0;1;11;9;2;2021
212000;Raub, raeuberische Erpressung auf/gegen sonstige Kassenraeume und Geschaefte;3403000;Oldenburg (Oldenburg);insg.;7;3;4;0;0;0;0;0;0;0;0;0;0;0;0;0;0;0;6;2;4;1;1;0;7;3;4;2021
212000;Raub, raeuberische Erpressung auf/gegen sonstige Kassenraeume und Geschaefte;3404000;Osnabrueck;insg.;3;2;1;0;0;0;0;0;0;0;0;0;0;0;0;0;0;0;2;2;0;1;0;1;3;2;1;2021
212000;Raub, raeuberische Erpressung auf/gegen sonstige Kassenraeume und Geschaefte;5774032;Paderborn;insg.;6;3;3;0;0;0;0;0;0;0;0;0;0;0;0;0;0;0;6;3;3;0;0;0;6;3;3;2021
212000;Raub, raeuberische Erpressung auf/gegen sonstige Kassenraeume und Geschaefte;8231000;Pforzheim;insg.;2;2;0;0;0;0;0;0;0;0;0;0;0;0;0;0;0;0;2;2;0;0;0;0;2;2;0;2021
212000;Raub, raeuberische Erpressung auf/gegen sonstige Kassenraeume und Geschaefte;12054000;Potsdam;insg.;2;1;1;0;0;0;0;0;0;0;0;0;0;0;0;1;1;0;0;0;0;1;0;1;1;0;1;2021
212000;Raub, raeuberische Erpressung auf/gegen sonstige Kassenraeume und Geschaefte;5562032;Recklinghausen;insg.;5;3;2;0;0;0;0;0;0;0;0;0;0;0;0;0;0;0;5;3;2;0;0;0;5;3;2;2021
212000;Raub, raeuberische Erpressung auf/gegen sonstige Kassenraeume und Geschaefte;9362000;Regensburg;insg.;2;2;0;0;0;0;0;0;0;0;0;0;0;0;0;0;0;0;2;2;0;0;0;0;2;2;0;2021
212000;Raub, raeuberische Erpressung auf/gegen sonstige Kassenraeume und Geschaefte;5120000;Remscheid;insg.;2;1;1;0;0;0;0;0;0;0;0;0;0;0;0;0;0;0;2;1;1;0;0;0;2;1;1;2021
212000;Raub, raeuberische Erpressung auf/gegen sonstige Kassenraeume und Geschaefte;8415061;Reutlingen;insg.;0;0;0;0;0;0;0;0;0;0;0;0;0;0;0;0;0;0;0;0;0;0;0;0;0;0;0;2021
212000;Raub, raeuberische Erpressung auf/gegen sonstige Kassenraeume und Geschaefte;13003000;Rostock;insg.;2;1;1;0;0;0;0;0;0;0;0;0;0;0;0;0;0;0;2;1;1;0;0;0;2;1;1;2021
212000;Raub, raeuberische Erpressung auf/gegen sonstige Kassenraeume und Geschaefte;10041100;Saarbruecken;insg.;9;0;9;0;0;0;0;0;0;0;0;0;0;0;0;0;0;0;6;0;6;3;0;3;9;0;9;2021
212000;Raub, raeuberische Erpressung auf/gegen sonstige Kassenraeume und Geschaefte;3102000;Salzgitter;insg.;2;2;0;0;0;0;0;0;0;0;0;0;0;0;0;0;0;0;2;2;0;0;0;0;2;2;0;2021
212000;Raub, raeuberische Erpressung auf/gegen sonstige Kassenraeume und Geschaefte;13004000;Schwerin;insg.;1;1;0;0;0;0;0;0;0;0;0;0;0;0;0;0;0;0;1;1;0;0;0;0;1;1;0;2021
212000;Raub, raeuberische Erpressung auf/gegen sonstige Kassenraeume und Geschaefte;5970040;Siegen;insg.;3;3;0;0;0;0;0;0;0;0;0;0;0;0;0;1;1;0;2;2;0;0;0;0;2;2;0;2021
212000;Raub, raeuberische Erpressung auf/gegen sonstige Kassenraeume und Geschaefte;5122000;Solingen;insg.;3;2;1;0;0;0;0;0;0;0;0;0;0;0;0;0;0;0;3;2;1;0;0;0;3;2;1;2021
212000;Raub, raeuberische Erpressung auf/gegen sonstige Kassenraeume und Geschaefte;8111000;Stuttgart;insg.;4;2;2;0;0;0;0;0;0;0;0;0;0;0;0;0;0;0;4;2;2;0;0;0;4;2;2;2021
212000;Raub, raeuberische Erpressung auf/gegen sonstige Kassenraeume und Geschaefte;7211000;Trier;insg.;1;1;0;0;0;0;0;0;0;0;0;0;0;0;0;0;0;0;0;0;0;1;1;0;1;1;0;2021
212000;Raub, raeuberische Erpressung auf/gegen sonstige Kassenraeume und Geschaefte;8421000;Ulm;insg.;7;3;4;0;0;0;0;0;0;0;0;0;0;0;0;0;0;0;7;3;4;0;0;0;7;3;4;2021
212000;Raub, raeuberische Erpressung auf/gegen sonstige Kassenraeume und Geschaefte;6414000;Wiesbaden;insg.;10;5;5;0;0;0;0;0;0;0;0;0;0;0;0;1;1;0;8;3;5;1;1;0;9;4;5;2021
212000;Raub, raeuberische Erpressung auf/gegen sonstige Kassenraeume und Geschaefte;3103000;Wolfsburg;insg.;3;1;2;0;0;0;0;0;0;0;0;0;0;0;0;0;0;0;3;1;2;0;0;0;3;1;2;2021
212000;Raub, raeuberische Erpressung auf/gegen sonstige Kassenraeume und Geschaefte;5124000;Wuppertal;insg.;5;2;3;0;0;0;0;0;0;0;0;0;0;0;0;1;0;1;3;1;2;1;1;0;4;2;2;2021
212000;Raub, raeuberische Erpressung auf/gegen sonstige Kassenraeume und Geschaefte;9663000;Wuerzburg;insg.;1;1;0;0;0;0;0;0;0;0;0;0;0;0;0;0;0;0;1;1;0;0;0;0;1;1;0;2021
216000;Handtaschenraub;5334002;Aachen;insg.;9;0;9;0;0;0;0;0;0;0;0;0;0;0;0;0;0;0;6;0;6;3;0;3;9;0;9;2021
216000;Handtaschenraub;9761000;Augsburg;insg.;2;0;2;0;0;0;0;0;0;0;0;0;0;0;0;0;0;0;2;0;2;0;0;0;2;0;2;2021
216000;Handtaschenraub;5378004;Bergisch Gladbach;insg.;0;0;0;0;0;0;0;0;0;0;0;0;0;0;0;0;0;0;0;0;0;0;0;0;0;0;0;2021
216000;Handtaschenraub;11000000;Berlin;insg.;112;14;98;0;0;0;0;0;0;0;0;0;3;2;1;7;0;7;60;8;52;42;4;38;102;12;90;2021
216000;Handtaschenraub;5711000;Bielefeld;insg.;1;0;1;0;0;0;0;0;0;0;0;0;0;0;0;0;0;0;0;0;0;1;0;1;1;0;1;2021
216000;Handtaschenraub;5911000;Bochum;insg.;3;1;2;0;0;0;0;0;0;0;0;0;0;0;0;1;1;0;2;0;2;0;0;0;2;0;2;2021
216000;Handtaschenraub;5314000;Bonn;insg.;3;0;3;0;0;0;0;0;0;0;0;0;0;0;0;0;0;0;2;0;2;1;0;1;3;0;3;2021
216000;Handtaschenraub;5512000;Bottrop;insg.;0;0;0;0;0;0;0;0;0;0;0;0;0;0;0;0;0;0;0;0;0;0;0;0;0;0;0;2021
216000;Handtaschenraub;3101000;Braunschweig;insg.;4;2;2;0;0;0;0;0;0;0;0;0;4;2;2;0;0;0;0;0;0;0;0;0;0;0;0;2021
216000;Handtaschenraub;4011000;Bremen;insg.;11;1;10;0;0;0;0;0;0;0;0;0;0;0;0;0;0;0;8;1;7;3;0;3;11;1;10;2021
216000;Handtaschenraub;4012000;Bremerhaven;insg.;0;0;0;0;0;0;0;0;0;0;0;0;0;0;0;0;0;0;0;0;0;0;0;0;0;0;0;2021
216000;Handtaschenraub;14511000;Chemnitz;insg.;4;2;2;0;0;0;0;0;0;0;0;0;0;0;0;0;0;0;1;1;0;3;1;2;4;2;2;2021
216000;Handtaschenraub;12052000;Cottbus;insg.;4;0;4;0;0;0;0;0;0;0;0;0;0;0;0;1;0;1;1;0;1;2;0;2;3;0;3;2021
216000;Handtaschenraub;6411000;Darmstadt;insg.;0;0;0;0;0;0;0;0;0;0;0;0;0;0;0;0;0;0;0;0;0;0;0;0;0;0;0;2021
216000;Handtaschenraub;5913000;Dortmund;insg.;6;2;4;0;0;0;0;0;0;0;0;0;1;0;1;0;0;0;3;1;2;2;1;1;5;2;3;2021
216000;Handtaschenraub;14612000;Dresden;insg.;8;2;6;0;0;0;0;0;0;0;0;0;1;1;0;1;1;0;1;0;1;5;0;5;6;0;6;2021
216000;Handtaschenraub;5112000;Duisburg;insg.;15;2;13;0;0;0;0;0;0;0;0;0;1;1;0;1;1;0;5;0;5;8;0;8;13;0;13;2021
216000;Handtaschenraub;5111000;Duesseldorf;insg.;15;4;11;0;0;0;0;0;0;0;0;0;1;1;0;1;1;0;8;2;6;5;0;5;13;2;11;2021
216000;Handtaschenraub;16051000;Erfurt;insg.;7;0;7;0;0;0;0;0;0;0;0;0;0;0;0;1;0;1;4;0;4;2;0;2;6;0;6;2021
216000;Handtaschenraub;9562000;Erlangen;insg.;1;0;1;0;0;0;0;0;0;0;0;0;0;0;0;0;0;0;0;0;0;1;0;1;1;0;1;2021
216000;Handtaschenraub;5113000;Essen;insg.;7;1;6;0;0;0;0;0;0;0;0;0;0;0;0;0;0;0;1;1;0;6;0;6;7;1;6;2021
216000;Handtaschenraub;6412000;Frankfurt am Main;insg.;17;3;14;0;0;0;0;0;0;0;0;0;1;1;0;0;0;0;11;1;10;5;1;4;16;2;14;2021
216000;Handtaschenraub;8311000;Freiburg im Breisgau;insg.;6;2;4;0;0;0;0;0;0;0;0;0;0;0;0;0;0;0;5;2;3;1;0;1;6;2;4;2021
216000;Handtaschenraub;9563000;Fuerth;insg.;0;0;0;0;0;0;0;0;0;0;0;0;0;0;0;0;0;0;0;0;0;0;0;0;0;0;0;2021
216000;Handtaschenraub;5513000;Gelsenkirchen;insg.;3;1;2;0;0;0;0;0;0;0;0;0;0;0;0;0;0;0;2;1;1;1;0;1;3;1;2;2021
216000;Handtaschenraub;3159016;Goettingen;insg.;2;0;2;0;0;0;0;0;0;0;0;0;0;0;0;0;0;0;2;0;2;0;0;0;2;0;2;2021
216000;Handtaschenraub;5754008;Guetersloh;insg.;2;1;1;0;0;0;1;1;0;1;1;0;0;0;0;0;0;0;1;0;1;0;0;0;1;0;1;2021
216000;Handtaschenraub;5914000;Hagen;insg.;4;2;2;0;0;0;0;0;0;0;0;0;0;0;0;0;0;0;2;1;1;2;1;1;4;2;2;2021
216000;Handtaschenraub;15002000;Halle (Saale);insg.;8;1;7;0;0;0;0;0;0;0;0;0;0;0;0;1;0;1;2;1;1;5;0;5;7;1;6;2021
216000;Handtaschenraub;2000000;Hamburg;insg.;63;20;43;0;0;0;1;1;0;1;1;0;4;2;2;2;0;2;42;14;28;14;3;11;56;17;39;2021
216000;Handtaschenraub;5915000;Hamm;insg.;3;0;3;0;0;0;0;0;0;0;0;0;0;0;0;0;0;0;2;0;2;1;0;1;3;0;3;2021
216000;Handtaschenraub;3241001;Hannover;insg.;14;4;10;0;0;0;0;0;0;0;0;0;2;2;0;0;0;0;8;2;6;4;0;4;12;2;10;2021
216000;Handtaschenraub;8221000;Heidelberg;insg.;1;0;1;0;0;0;0;0;0;0;0;0;0;0;0;0;0;0;0;0;0;1;0;1;1;0;1;2021
216000;Handtaschenraub;8121000;Heilbronn;insg.;3;1;2;0;0;0;0;0;0;0;0;0;0;0;0;0;0;0;3;1;2;0;0;0;3;1;2;2021
216000;Handtaschenraub;5916000;Herne;insg.;1;0;1;0;0;0;0;0;0;0;0;0;0;0;0;0;0;0;1;0;1;0;0;0;1;0;1;2021
216000;Handtaschenraub;3254021;Hildesheim;insg.;3;1;2;0;0;0;0;0;0;0;0;0;1;0;1;0;0;0;1;1;0;1;0;1;2;1;1;2021
216000;Handtaschenraub;9161000;Ingolstadt;insg.;0;0;0;0;0;0;0;0;0;0;0;0;0;0;0;0;0;0;0;0;0;0;0;0;0;0;0;2021
216000;Handtaschenraub;16053000;Jena;insg.;1;0;1;0;0;0;0;0;0;0;0;0;0;0;0;0;0;0;1;0;1;0;0;0;1;0;1;2021
216000;Handtaschenraub;7312000;Kaiserslautern;insg.;0;0;0;0;0;0;0;0;0;0;0;0;0;0;0;0;0;0;0;0;0;0;0;0;0;0;0;2021
216000;Handtaschenraub;8212000;Karlsruhe;insg.;4;0;4;0;0;0;0;0;0;0;0;0;0;0;0;0;0;0;2;0;2;2;0;2;4;0;4;2021
216000;Handtaschenraub;6611000;Kassel;insg.;8;2;6;0;0;0;0;0;0;0;0;0;1;1;0;0;0;0;3;0;3;4;1;3;7;1;6;2021
216000;Handtaschenraub;1002000;Kiel;insg.;2;1;1;0;0;0;0;0;0;0;0;0;0;0;0;0;0;0;2;1;1;0;0;0;2;1;1;2021
216000;Handtaschenraub;7111000;Koblenz;insg.;1;0;1;0;0;0;0;0;0;0;0;0;0;0;0;0;0;0;0;0;0;1;0;1;1;0;1;2021
216000;Handtaschenraub;5315000;Koeln;insg.;24;3;21;0;0;0;1;0;1;1;0;1;0;0;0;2;0;2;12;3;9;9;0;9;21;3;18;2021
216000;Handtaschenraub;5114000;Krefeld;insg.;13;2;11;0;0;0;0;0;0;0;0;0;0;0;0;0;0;0;2;0;2;11;2;9;13;2;11;2021
216000;Handtaschenraub;14713000;Leipzig;insg.;16;1;15;0;0;0;0;0;0;0;0;0;0;0;0;2;0;2;9;1;8;5;0;5;14;1;13;2021
216000;Handtaschenraub;5316000;Leverkusen;insg.;3;0;3;0;0;0;0;0;0;0;0;0;0;0;0;0;0;0;0;0;0;3;0;3;3;0;3;2021
216000;Handtaschenraub;1003000;Luebeck;insg.;2;0;2;0;0;0;0;0;0;0;0;0;0;0;0;0;0;0;0;0;0;2;0;2;2;0;2;2021
216000;Handtaschenraub;7314000;Ludwigshafen am Rhein;insg.;1;0;1;0;0;0;0;0;0;0;0;0;0;0;0;0;0;0;1;0;1;0;0;0;1;0;1;2021
216000;Handtaschenraub;15003000;Magdeburg;insg.;3;1;2;0;0;0;0;0;0;0;0;0;0;0;0;1;0;1;2;1;1;0;0;0;2;1;1;2021
216000;Handtaschenraub;7315000;Mainz;insg.;0;0;0;0;0;0;0;0;0;0;0;0;0;0;0;0;0;0;0;0;0;0;0;0;0;0;0;2021
216000;Handtaschenraub;8222000;Mannheim;insg.;7;2;5;0;0;0;0;0;0;0;0;0;0;0;0;1;1;0;4;1;3;2;0;2;6;1;5;2021
216000;Handtaschenraub;5170024;Moers;insg.;4;0;4;0;0;0;0;0;0;0;0;0;0;0;0;0;0;0;0;0;0;4;0;4;4;0;4;2021
216000;Handtaschenraub;5116000;Moenchengladbach;insg.;8;0;8;0;0;0;0;0;0;0;0;0;0;0;0;0;0;0;5;0;5;3;0;3;8;0;8;2021
216000;Handtaschenraub;5117000;Muelheim an der Ruhr;insg.;1;0;1;0;0;0;0;0;0;0;0;0;0;0;0;0;0;0;0;0;0;1;0;1;1;0;1;2021
216000;Handtaschenraub;9162000;Muenchen;insg.;43;22;21;0;0;0;3;3;0;3;3;0;8;6;2;5;2;3;19;11;8;8;0;8;27;11;16;2021
216000;Handtaschenraub;5515000;Muenster;insg.;5;0;5;0;0;0;0;0;0;0;0;0;0;0;0;0;0;0;1;0;1;4;0;4;5;0;5;2021
216000;Handtaschenraub;5162024;Neuss;insg.;0;0;0;0;0;0;0;0;0;0;0;0;0;0;0;0;0;0;0;0;0;0;0;0;0;0;0;2021
216000;Handtaschenraub;9564000;Nuernberg;insg.;7;2;5;0;0;0;0;0;0;0;0;0;0;0;0;1;0;1;4;2;2;2;0;2;6;2;4;2021
216000;Handtaschenraub;5119000;Oberhausen;insg.;0;0;0;0;0;0;0;0;0;0;0;0;0;0;0;0;0;0;0;0;0;0;0;0;0;0;0;2021
216000;Handtaschenraub;6413000;Offenbach am Main;insg.;9;0;9;0;0;0;0;0;0;0;0;0;0;0;0;0;0;0;3;0;3;6;0;6;9;0;9;2021
216000;Handtaschenraub;3403000;Oldenburg (Oldenburg);insg.;1;0;1;0;0;0;0;0;0;0;0;0;0;0;0;0;0;0;0;0;0;1;0;1;1;0;1;2021
216000;Handtaschenraub;3404000;Osnabrueck;insg.;5;0;5;0;0;0;0;0;0;0;0;0;1;0;1;0;0;0;3;0;3;1;0;1;4;0;4;2021
216000;Handtaschenraub;5774032;Paderborn;insg.;3;0;3;0;0;0;0;0;0;0;0;0;0;0;0;0;0;0;0;0;0;3;0;3;3;0;3;2021
216000;Handtaschenraub;8231000;Pforzheim;insg.;2;0;2;0;0;0;0;0;0;0;0;0;0;0;0;0;0;0;2;0;2;0;0;0;2;0;2;2021
216000;Handtaschenraub;12054000;Potsdam;insg.;5;3;2;0;0;0;1;1;0;1;1;0;1;1;0;1;0;1;1;1;0;1;0;1;2;1;1;2021
216000;Handtaschenraub;5562032;Recklinghausen;insg.;1;0;1;0;0;0;0;0;0;0;0;0;0;0;0;0;0;0;0;0;0;1;0;1;1;0;1;2021
216000;Handtaschenraub;9362000;Regensburg;insg.;0;0;0;0;0;0;0;0;0;0;0;0;0;0;0;0;0;0;0;0;0;0;0;0;0;0;0;2021
216000;Handtaschenraub;5120000;Remscheid;insg.;7;0;7;0;0;0;0;0;0;0;0;0;0;0;0;1;0;1;2;0;2;4;0;4;6;0;6;2021
216000;Handtaschenraub;8415061;Reutlingen;insg.;2;0;2;0;0;0;0;0;0;0;0;0;1;0;1;0;0;0;1;0;1;0;0;0;1;0;1;2021
216000;Handtaschenraub;13003000;Rostock;insg.;1;0;1;0;0;0;0;0;0;0;0;0;0;0;0;0;0;0;0;0;0;1;0;1;1;0;1;2021
216000;Handtaschenraub;10041100;Saarbruecken;insg.;4;1;3;0;0;0;0;0;0;0;0;0;1;0;1;0;0;0;2;1;1;1;0;1;3;1;2;2021
216000;Handtaschenraub;3102000;Salzgitter;insg.;2;0;2;0;0;0;0;0;0;0;0;0;0;0;0;0;0;0;1;0;1;1;0;1;2;0;2;2021
216000;Handtaschenraub;13004000;Schwerin;insg.;2;0;2;0;0;0;0;0;0;0;0;0;0;0;0;0;0;0;2;0;2;0;0;0;2;0;2;2021
216000;Handtaschenraub;5970040;Siegen;insg.;0;0;0;0;0;0;0;0;0;0;0;0;0;0;0;0;0;0;0;0;0;0;0;0;0;0;0;2021
216000;Handtaschenraub;5122000;Solingen;insg.;5;1;4;0;0;0;0;0;0;0;0;0;0;0;0;0;0;0;5;1;4;0;0;0;5;1;4;2021
216000;Handtaschenraub;8111000;Stuttgart;insg.;13;2;11;0;0;0;0;0;0;0;0;0;1;1;0;1;0;1;7;0;7;4;1;3;11;1;10;2021
216000;Handtaschenraub;7211000;Trier;insg.;1;0;1;0;0;0;0;0;0;0;0;0;0;0;0;0;0;0;1;0;1;0;0;0;1;0;1;2021
216000;Handtaschenraub;8421000;Ulm;insg.;1;1;0;0;0;0;0;0;0;0;0;0;0;0;0;0;0;0;1;1;0;0;0;0;1;1;0;2021
216000;Handtaschenraub;6414000;Wiesbaden;insg.;2;0;2;0;0;0;0;0;0;0;0;0;0;0;0;0;0;0;2;0;2;0;0;0;2;0;2;2021
216000;Handtaschenraub;3103000;Wolfsburg;insg.;6;1;5;0;0;0;0;0;0;0;0;0;0;0;0;0;0;0;0;0;0;6;1;5;6;1;5;2021
216000;Handtaschenraub;5124000;Wuppertal;insg.;9;4;5;0;0;0;0;0;0;0;0;0;0;0;0;0;0;0;4;3;1;5;1;4;9;4;5;2021
216000;Handtaschenraub;9663000;Wuerzburg;insg.;0;0;0;0;0;0;0;0;0;0;0;0;0;0;0;0;0;0;0;0;0;0;0;0;0;0;0;2021
217000;Sonstige Raubueberfaelle auf Stra�en, Wegen oder Plaetzen;5334002;Aachen;insg.;84;74;10;0;0;0;3;3;0;3;3;0;7;6;1;12;10;2;52;46;6;10;9;1;62;55;7;2021
217000;Sonstige Raubueberfaelle auf Stra�en, Wegen oder Plaetzen;9761000;Augsburg;insg.;36;26;10;1;1;0;3;3;0;4;4;0;3;2;1;6;4;2;22;16;6;1;0;1;23;16;7;2021
217000;Sonstige Raubueberfaelle auf Stra�en, Wegen oder Plaetzen;5378004;Bergisch Gladbach;insg.;25;21;4;0;0;0;7;6;1;7;6;1;3;3;0;4;4;0;9;7;2;2;1;1;11;8;3;2021
217000;Sonstige Raubueberfaelle auf Stra�en, Wegen oder Plaetzen;11000000;Berlin;insg.;2677;2314;363;0;0;0;179;158;21;179;158;21;588;556;32;325;301;24;1437;1199;238;148;100;48;1585;1299;286;2021
217000;Sonstige Raubueberfaelle auf Stra�en, Wegen oder Plaetzen;5711000;Bielefeld;insg.;88;77;11;0;0;0;3;2;1;3;2;1;16;15;1;13;13;0;53;46;7;3;1;2;56;47;9;2021
217000;Sonstige Raubueberfaelle auf Stra�en, Wegen oder Plaetzen;5911000;Bochum;insg.;79;61;18;0;0;0;6;3;3;6;3;3;13;10;3;9;8;1;46;39;7;5;1;4;51;40;11;2021
217000;Sonstige Raubueberfaelle auf Stra�en, Wegen oder Plaetzen;5314000;Bonn;insg.;140;127;13;0;0;0;7;7;0;7;7;0;28;27;1;34;30;4;61;53;8;10;10;0;71;63;8;2021
217000;Sonstige Raubueberfaelle auf Stra�en, Wegen oder Plaetzen;5512000;Bottrop;insg.;14;13;1;0;0;0;0;0;0;0;0;0;3;3;0;1;1;0;9;9;0;1;0;1;10;9;1;2021
217000;Sonstige Raubueberfaelle auf Stra�en, Wegen oder Plaetzen;3101000;Braunschweig;insg.;36;34;2;0;0;0;3;3;0;3;3;0;9;9;0;2;2;0;19;17;2;3;3;0;22;20;2;2021
217000;Sonstige Raubueberfaelle auf Stra�en, Wegen oder Plaetzen;4011000;Bremen;insg.;313;257;56;0;0;0;18;17;1;18;17;1;29;29;0;43;38;5;178;150;28;45;23;22;223;173;50;2021
217000;Sonstige Raubueberfaelle auf Stra�en, Wegen oder Plaetzen;4012000;Bremerhaven;insg.;68;51;17;0;0;0;1;1;0;1;1;0;6;6;0;5;4;1;47;35;12;9;5;4;56;40;16;2021
217000;Sonstige Raubueberfaelle auf Stra�en, Wegen oder Plaetzen;14511000;Chemnitz;insg.;79;73;6;0;0;0;0;0;0;0;0;0;15;13;2;17;15;2;45;44;1;2;1;1;47;45;2;2021
217000;Sonstige Raubueberfaelle auf Stra�en, Wegen oder Plaetzen;12052000;Cottbus;insg.;21;16;5;0;0;0;5;3;2;5;3;2;1;1;0;2;2;0;13;10;3;0;0;0;13;10;3;2021
217000;Sonstige Raubueberfaelle auf Stra�en, Wegen oder Plaetzen;6411000;Darmstadt;insg.;26;26;0;0;0;0;1;1;0;1;1;0;9;9;0;5;5;0;11;11;0;0;0;0;11;11;0;2021
217000;Sonstige Raubueberfaelle auf Stra�en, Wegen oder Plaetzen;5913000;Dortmund;insg.;295;253;42;1;1;0;17;12;5;18;13;5;65;58;7;31;27;4;167;145;22;14;10;4;181;155;26;2021
217000;Sonstige Raubueberfaelle auf Stra�en, Wegen oder Plaetzen;14612000;Dresden;insg.;170;151;19;0;0;0;9;9;0;9;9;0;37;34;3;25;22;3;91;80;11;8;6;2;99;86;13;2021
217000;Sonstige Raubueberfaelle auf Stra�en, Wegen oder Plaetzen;5112000;Duisburg;insg.;171;127;44;1;1;0;29;24;5;30;25;5;28;21;7;12;8;4;88;65;23;13;8;5;101;73;28;2021
217000;Sonstige Raubueberfaelle auf Stra�en, Wegen oder Plaetzen;5111000;Duesseldorf;insg.;205;174;31;0;0;0;8;8;0;8;8;0;49;43;6;27;22;5;101;88;13;20;13;7;121;101;20;2021
217000;Sonstige Raubueberfaelle auf Stra�en, Wegen oder Plaetzen;16051000;Erfurt;insg.;40;35;5;0;0;0;2;2;0;2;2;0;5;5;0;7;7;0;26;21;5;0;0;0;26;21;5;2021
217000;Sonstige Raubueberfaelle auf Stra�en, Wegen oder Plaetzen;9562000;Erlangen;insg.;4;4;0;0;0;0;0;0;0;0;0;0;2;2;0;2;2;0;0;0;0;0;0;0;0;0;0;2021
217000;Sonstige Raubueberfaelle auf Stra�en, Wegen oder Plaetzen;5113000;Essen;insg.;229;187;42;0;0;0;13;12;1;13;12;1;40;37;3;25;22;3;117;98;19;34;18;16;151;116;35;2021
217000;Sonstige Raubueberfaelle auf Stra�en, Wegen oder Plaetzen;6412000;Frankfurt am Main;insg.;513;452;61;0;0;0;18;16;2;18;16;2;75;66;9;45;42;3;344;308;36;31;20;11;375;328;47;2021
217000;Sonstige Raubueberfaelle auf Stra�en, Wegen oder Plaetzen;8311000;Freiburg im Breisgau;insg.;90;85;5;0;0;0;2;2;0;2;2;0;18;18;0;22;21;1;48;44;4;0;0;0;48;44;4;2021
217000;Sonstige Raubueberfaelle auf Stra�en, Wegen oder Plaetzen;9563000;Fuerth;insg.;6;6;0;0;0;0;0;0;0;0;0;0;3;3;0;1;1;0;2;2;0;0;0;0;2;2;0;2021
217000;Sonstige Raubueberfaelle auf Stra�en, Wegen oder Plaetzen;5513000;Gelsenkirchen;insg.;64;58;6;0;0;0;11;10;1;11;10;1;15;15;0;3;3;0;31;27;4;4;3;1;35;30;5;2021
217000;Sonstige Raubueberfaelle auf Stra�en, Wegen oder Plaetzen;3159016;Goettingen;insg.;18;15;3;0;0;0;0;0;0;0;0;0;0;0;0;3;3;0;15;12;3;0;0;0;15;12;3;2021
217000;Sonstige Raubueberfaelle auf Stra�en, Wegen oder Plaetzen;5754008;Guetersloh;insg.;33;25;8;0;0;0;2;2;0;2;2;0;14;11;3;5;4;1;10;8;2;2;0;2;12;8;4;2021
217000;Sonstige Raubueberfaelle auf Stra�en, Wegen oder Plaetzen;5914000;Hagen;insg.;64;54;10;0;0;0;6;6;0;6;6;0;6;6;0;13;12;1;34;29;5;5;1;4;39;30;9;2021
217000;Sonstige Raubueberfaelle auf Stra�en, Wegen oder Plaetzen;15002000;Halle (Saale);insg.;121;108;13;0;0;0;12;12;0;12;12;0;37;34;3;24;23;1;42;36;6;6;3;3;48;39;9;2021
217000;Sonstige Raubueberfaelle auf Stra�en, Wegen oder Plaetzen;2000000;Hamburg;insg.;831;729;102;0;0;0;41;37;4;41;37;4;114;110;4;101;93;8;523;454;69;52;35;17;575;489;86;2021
217000;Sonstige Raubueberfaelle auf Stra�en, Wegen oder Plaetzen;5915000;Hamm;insg.;48;38;10;0;0;0;5;3;2;5;3;2;3;2;1;8;6;2;28;25;3;4;2;2;32;27;5;2021
217000;Sonstige Raubueberfaelle auf Stra�en, Wegen oder Plaetzen;3241001;Hannover;insg.;256;230;26;0;0;0;8;7;1;8;7;1;37;36;1;37;35;2;161;142;19;13;10;3;174;152;22;2021
217000;Sonstige Raubueberfaelle auf Stra�en, Wegen oder Plaetzen;8221000;Heidelberg;insg.;18;15;3;0;0;0;1;1;0;1;1;0;6;5;1;2;2;0;9;7;2;0;0;0;9;7;2;2021
217000;Sonstige Raubueberfaelle auf Stra�en, Wegen oder Plaetzen;8121000;Heilbronn;insg.;16;13;3;0;0;0;1;1;0;1;1;0;1;0;1;1;1;0;12;10;2;1;1;0;13;11;2;2021
217000;Sonstige Raubueberfaelle auf Stra�en, Wegen oder Plaetzen;5916000;Herne;insg.;20;16;4;0;0;0;0;0;0;0;0;0;5;4;1;3;3;0;11;9;2;1;0;1;12;9;3;2021
217000;Sonstige Raubueberfaelle auf Stra�en, Wegen oder Plaetzen;3254021;Hildesheim;insg.;19;15;4;0;0;0;0;0;0;0;0;0;4;2;2;2;2;0;12;10;2;1;1;0;13;11;2;2021
217000;Sonstige Raubueberfaelle auf Stra�en, Wegen oder Plaetzen;9161000;Ingolstadt;insg.;3;3;0;0;0;0;1;1;0;1;1;0;0;0;0;1;1;0;1;1;0;0;0;0;1;1;0;2021
217000;Sonstige Raubueberfaelle auf Stra�en, Wegen oder Plaetzen;16053000;Jena;insg.;7;7;0;0;0;0;0;0;0;0;0;0;2;2;0;0;0;0;4;4;0;1;1;0;5;5;0;2021
217000;Sonstige Raubueberfaelle auf Stra�en, Wegen oder Plaetzen;7312000;Kaiserslautern;insg.;15;12;3;0;0;0;2;1;1;2;1;1;1;1;0;4;4;0;8;6;2;0;0;0;8;6;2;2021
217000;Sonstige Raubueberfaelle auf Stra�en, Wegen oder Plaetzen;8212000;Karlsruhe;insg.;47;41;6;0;0;0;2;2;0;2;2;0;2;2;0;8;8;0;29;24;5;6;5;1;35;29;6;2021
217000;Sonstige Raubueberfaelle auf Stra�en, Wegen oder Plaetzen;6611000;Kassel;insg.;80;67;13;0;0;0;5;5;0;5;5;0;13;12;1;4;4;0;56;46;10;2;0;2;58;46;12;2021
217000;Sonstige Raubueberfaelle auf Stra�en, Wegen oder Plaetzen;1002000;Kiel;insg.;89;72;17;0;0;0;11;9;2;11;9;2;20;19;1;13;12;1;41;30;11;4;2;2;45;32;13;2021
217000;Sonstige Raubueberfaelle auf Stra�en, Wegen oder Plaetzen;7111000;Koblenz;insg.;32;28;4;0;0;0;2;2;0;2;2;0;2;2;0;4;3;1;22;20;2;2;1;1;24;21;3;2021
217000;Sonstige Raubueberfaelle auf Stra�en, Wegen oder Plaetzen;5315000;Koeln;insg.;592;492;100;0;0;0;37;29;8;37;29;8;109;100;9;72;59;13;333;269;64;41;35;6;374;304;70;2021
217000;Sonstige Raubueberfaelle auf Stra�en, Wegen oder Plaetzen;5114000;Krefeld;insg.;82;56;26;0;0;0;6;5;1;6;5;1;9;6;3;2;2;0;46;38;8;19;5;14;65;43;22;2021
217000;Sonstige Raubueberfaelle auf Stra�en, Wegen oder Plaetzen;14713000;Leipzig;insg.;214;194;20;0;0;0;16;12;4;16;12;4;52;51;1;31;28;3;103;91;12;12;12;0;115;103;12;2021
217000;Sonstige Raubueberfaelle auf Stra�en, Wegen oder Plaetzen;5316000;Leverkusen;insg.;35;31;4;0;0;0;2;1;1;2;1;1;6;6;0;9;9;0;15;13;2;3;2;1;18;15;3;2021
217000;Sonstige Raubueberfaelle auf Stra�en, Wegen oder Plaetzen;1003000;Luebeck;insg.;47;43;4;0;0;0;1;1;0;1;1;0;15;15;0;9;8;1;20;17;3;2;2;0;22;19;3;2021
217000;Sonstige Raubueberfaelle auf Stra�en, Wegen oder Plaetzen;7314000;Ludwigshafen am Rhein;insg.;80;70;10;0;0;0;21;20;1;21;20;1;17;14;3;14;14;0;23;18;5;5;4;1;28;22;6;2021
217000;Sonstige Raubueberfaelle auf Stra�en, Wegen oder Plaetzen;15003000;Magdeburg;insg.;95;88;7;0;0;0;9;8;1;9;8;1;29;29;0;18;17;1;36;32;4;3;2;1;39;34;5;2021
217000;Sonstige Raubueberfaelle auf Stra�en, Wegen oder Plaetzen;7315000;Mainz;insg.;61;54;7;0;0;0;2;2;0;2;2;0;21;21;0;11;10;1;22;17;5;5;4;1;27;21;6;2021
217000;Sonstige Raubueberfaelle auf Stra�en, Wegen oder Plaetzen;8222000;Mannheim;insg.;66;61;5;0;0;0;8;6;2;8;6;2;3;3;0;11;11;0;39;36;3;5;5;0;44;41;3;2021
217000;Sonstige Raubueberfaelle auf Stra�en, Wegen oder Plaetzen;5170024;Moers;insg.;20;19;1;0;0;0;9;8;1;9;8;1;1;1;0;4;4;0;5;5;0;1;1;0;6;6;0;2021
217000;Sonstige Raubueberfaelle auf Stra�en, Wegen oder Plaetzen;5116000;Moenchengladbach;insg.;79;67;12;0;0;0;4;2;2;4;2;2;19;19;0;9;8;1;41;34;7;6;4;2;47;38;9;2021
217000;Sonstige Raubueberfaelle auf Stra�en, Wegen oder Plaetzen;5117000;Muelheim an der Ruhr;insg.;21;18;3;0;0;0;2;2;0;2;2;0;6;6;0;0;0;0;8;6;2;5;4;1;13;10;3;2021
217000;Sonstige Raubueberfaelle auf Stra�en, Wegen oder Plaetzen;9162000;Muenchen;insg.;166;144;22;0;0;0;12;12;0;12;12;0;60;54;6;23;20;3;63;54;9;8;4;4;71;58;13;2021
217000;Sonstige Raubueberfaelle auf Stra�en, Wegen oder Plaetzen;5515000;Muenster;insg.;118;107;11;0;0;0;1;1;0;1;1;0;17;16;1;22;19;3;69;63;6;9;8;1;78;71;7;2021
217000;Sonstige Raubueberfaelle auf Stra�en, Wegen oder Plaetzen;5162024;Neuss;insg.;39;36;3;0;0;0;5;5;0;5;5;0;13;13;0;5;4;1;15;13;2;1;1;0;16;14;2;2021
217000;Sonstige Raubueberfaelle auf Stra�en, Wegen oder Plaetzen;9564000;Nuernberg;insg.;73;60;13;0;0;0;3;2;1;3;2;1;7;7;0;11;10;1;48;37;11;4;4;0;52;41;11;2021
217000;Sonstige Raubueberfaelle auf Stra�en, Wegen oder Plaetzen;5119000;Oberhausen;insg.;58;51;7;0;0;0;11;8;3;11;8;3;23;20;3;9;8;1;14;14;0;1;1;0;15;15;0;2021
217000;Sonstige Raubueberfaelle auf Stra�en, Wegen oder Plaetzen;6413000;Offenbach am Main;insg.;19;17;2;0;0;0;0;0;0;0;0;0;2;2;0;3;2;1;9;9;0;5;4;1;14;13;1;2021
217000;Sonstige Raubueberfaelle auf Stra�en, Wegen oder Plaetzen;3403000;Oldenburg (Oldenburg);insg.;35;31;4;0;0;0;3;3;0;3;3;0;9;8;1;4;4;0;17;14;3;2;2;0;19;16;3;2021
217000;Sonstige Raubueberfaelle auf Stra�en, Wegen oder Plaetzen;3404000;Osnabrueck;insg.;49;39;10;0;0;0;0;0;0;0;0;0;11;9;2;5;3;2;31;26;5;2;1;1;33;27;6;2021
217000;Sonstige Raubueberfaelle auf Stra�en, Wegen oder Plaetzen;5774032;Paderborn;insg.;30;27;3;0;0;0;2;2;0;2;2;0;5;5;0;3;3;0;18;17;1;2;0;2;20;17;3;2021
217000;Sonstige Raubueberfaelle auf Stra�en, Wegen oder Plaetzen;8231000;Pforzheim;insg.;29;29;0;1;1;0;1;1;0;2;2;0;3;3;0;9;9;0;13;13;0;2;2;0;15;15;0;2021
217000;Sonstige Raubueberfaelle auf Stra�en, Wegen oder Plaetzen;12054000;Potsdam;insg.;40;39;1;0;0;0;3;3;0;3;3;0;17;17;0;7;7;0;12;11;1;1;1;0;13;12;1;2021
217000;Sonstige Raubueberfaelle auf Stra�en, Wegen oder Plaetzen;5562032;Recklinghausen;insg.;22;17;5;0;0;0;2;2;0;2;2;0;3;2;1;5;5;0;9;6;3;3;2;1;12;8;4;2021
217000;Sonstige Raubueberfaelle auf Stra�en, Wegen oder Plaetzen;9362000;Regensburg;insg.;10;10;0;0;0;0;0;0;0;0;0;0;0;0;0;3;3;0;7;7;0;0;0;0;7;7;0;2021
217000;Sonstige Raubueberfaelle auf Stra�en, Wegen oder Plaetzen;5120000;Remscheid;insg.;17;10;7;0;0;0;0;0;0;0;0;0;4;3;1;2;1;1;4;4;0;7;2;5;11;6;5;2021
217000;Sonstige Raubueberfaelle auf Stra�en, Wegen oder Plaetzen;8415061;Reutlingen;insg.;21;18;3;0;0;0;5;5;0;5;5;0;0;0;0;1;1;0;14;11;3;1;1;0;15;12;3;2021
217000;Sonstige Raubueberfaelle auf Stra�en, Wegen oder Plaetzen;13003000;Rostock;insg.;69;56;13;0;0;0;12;11;1;12;11;1;20;19;1;8;7;1;28;18;10;1;1;0;29;19;10;2021
217000;Sonstige Raubueberfaelle auf Stra�en, Wegen oder Plaetzen;10041100;Saarbruecken;insg.;77;64;13;0;0;0;3;3;0;3;3;0;9;8;1;10;8;2;51;41;10;4;4;0;55;45;10;2021
217000;Sonstige Raubueberfaelle auf Stra�en, Wegen oder Plaetzen;3102000;Salzgitter;insg.;11;11;0;0;0;0;2;2;0;2;2;0;1;1;0;2;2;0;5;5;0;1;1;0;6;6;0;2021
217000;Sonstige Raubueberfaelle auf Stra�en, Wegen oder Plaetzen;13004000;Schwerin;insg.;32;24;8;0;0;0;4;2;2;4;2;2;5;4;1;4;3;1;19;15;4;0;0;0;19;15;4;2021
217000;Sonstige Raubueberfaelle auf Stra�en, Wegen oder Plaetzen;5970040;Siegen;insg.;9;8;1;0;0;0;1;1;0;1;1;0;1;1;0;0;0;0;7;6;1;0;0;0;7;6;1;2021
217000;Sonstige Raubueberfaelle auf Stra�en, Wegen oder Plaetzen;5122000;Solingen;insg.;33;29;4;0;0;0;1;1;0;1;1;0;7;7;0;5;5;0;18;16;2;2;0;2;20;16;4;2021
217000;Sonstige Raubueberfaelle auf Stra�en, Wegen oder Plaetzen;8111000;Stuttgart;insg.;167;140;27;0;0;0;14;11;3;14;11;3;19;18;1;20;19;1;106;87;19;8;5;3;114;92;22;2021
217000;Sonstige Raubueberfaelle auf Stra�en, Wegen oder Plaetzen;7211000;Trier;insg.;20;17;3;0;0;0;0;0;0;0;0;0;6;6;0;3;3;0;8;7;1;3;1;2;11;8;3;2021
217000;Sonstige Raubueberfaelle auf Stra�en, Wegen oder Plaetzen;8421000;Ulm;insg.;21;17;4;0;0;0;1;1;0;1;1;0;4;4;0;3;2;1;13;10;3;0;0;0;13;10;3;2021
217000;Sonstige Raubueberfaelle auf Stra�en, Wegen oder Plaetzen;6414000;Wiesbaden;insg.;71;61;10;0;0;0;5;4;1;5;4;1;6;6;0;7;6;1;49;44;5;4;1;3;53;45;8;2021
217000;Sonstige Raubueberfaelle auf Stra�en, Wegen oder Plaetzen;3103000;Wolfsburg;insg.;7;7;0;0;0;0;0;0;0;0;0;0;1;1;0;1;1;0;5;5;0;0;0;0;5;5;0;2021
217000;Sonstige Raubueberfaelle auf Stra�en, Wegen oder Plaetzen;5124000;Wuppertal;insg.;78;63;15;0;0;0;4;2;2;4;2;2;12;11;1;14;14;0;41;32;9;7;4;3;48;36;12;2021
217000;Sonstige Raubueberfaelle auf Stra�en, Wegen oder Plaetzen;9663000;Wuerzburg;insg.;1;1;0;0;0;0;0;0;0;0;0;0;0;0;0;0;0;0;1;1;0;0;0;0;1;1;0;2021
219000;Raubueberfaelle in Wohnungen;5334002;Aachen;insg.;15;7;8;0;0;0;0;0;0;0;0;0;1;0;1;0;0;0;8;4;4;6;3;3;14;7;7;2021
219000;Raubueberfaelle in Wohnungen;9761000;Augsburg;insg.;7;3;4;0;0;0;0;0;0;0;0;0;0;0;0;0;0;0;7;3;4;0;0;0;7;3;4;2021
219000;Raubueberfaelle in Wohnungen;5378004;Bergisch Gladbach;insg.;3;2;1;0;0;0;0;0;0;0;0;0;0;0;0;0;0;0;2;2;0;1;0;1;3;2;1;2021
219000;Raubueberfaelle in Wohnungen;11000000;Berlin;insg.;326;206;120;1;1;0;4;2;2;5;3;2;13;9;4;10;7;3;220;147;73;78;40;38;298;187;111;2021
219000;Raubueberfaelle in Wohnungen;5711000;Bielefeld;insg.;13;6;7;0;0;0;0;0;0;0;0;0;0;0;0;2;1;1;9;4;5;2;1;1;11;5;6;2021
219000;Raubueberfaelle in Wohnungen;5911000;Bochum;insg.;14;11;3;0;0;0;0;0;0;0;0;0;0;0;0;0;0;0;8;8;0;6;3;3;14;11;3;2021
219000;Raubueberfaelle in Wohnungen;5314000;Bonn;insg.;15;8;7;0;0;0;0;0;0;0;0;0;1;1;0;1;1;0;9;5;4;4;1;3;13;6;7;2021
219000;Raubueberfaelle in Wohnungen;5512000;Bottrop;insg.;8;4;4;0;0;0;0;0;0;0;0;0;0;0;0;0;0;0;5;3;2;3;1;2;8;4;4;2021
219000;Raubueberfaelle in Wohnungen;3101000;Braunschweig;insg.;9;6;3;0;0;0;0;0;0;0;0;0;1;0;1;0;0;0;8;6;2;0;0;0;8;6;2;2021
219000;Raubueberfaelle in Wohnungen;4011000;Bremen;insg.;47;26;21;0;0;0;0;0;0;0;0;0;1;0;1;5;2;3;29;19;10;12;5;7;41;24;17;2021
219000;Raubueberfaelle in Wohnungen;4012000;Bremerhaven;insg.;26;17;9;1;0;1;0;0;0;1;0;1;1;1;0;2;2;0;18;12;6;4;2;2;22;14;8;2021
219000;Raubueberfaelle in Wohnungen;14511000;Chemnitz;insg.;16;10;6;0;0;0;0;0;0;0;0;0;1;1;0;6;4;2;8;4;4;1;1;0;9;5;4;2021
219000;Raubueberfaelle in Wohnungen;12052000;Cottbus;insg.;2;2;0;0;0;0;0;0;0;0;0;0;0;0;0;1;1;0;1;1;0;0;0;0;1;1;0;2021
219000;Raubueberfaelle in Wohnungen;6411000;Darmstadt;insg.;6;2;4;0;0;0;0;0;0;0;0;0;0;0;0;0;0;0;2;1;1;4;1;3;6;2;4;2021
219000;Raubueberfaelle in Wohnungen;5913000;Dortmund;insg.;40;20;20;0;0;0;1;0;1;1;0;1;0;0;0;3;2;1;23;12;11;13;6;7;36;18;18;2021
219000;Raubueberfaelle in Wohnungen;14612000;Dresden;insg.;36;31;5;0;0;0;0;0;0;0;0;0;1;1;0;5;5;0;29;24;5;1;1;0;30;25;5;2021
219000;Raubueberfaelle in Wohnungen;5112000;Duisburg;insg.;40;23;17;0;0;0;1;1;0;1;1;0;4;1;3;4;3;1;27;15;12;4;3;1;31;18;13;2021
219000;Raubueberfaelle in Wohnungen;5111000;Duesseldorf;insg.;20;11;9;0;0;0;1;1;0;1;1;0;0;0;0;1;0;1;11;8;3;7;2;5;18;10;8;2021
219000;Raubueberfaelle in Wohnungen;16051000;Erfurt;insg.;17;13;4;0;0;0;1;0;1;1;0;1;0;0;0;1;1;0;14;11;3;1;1;0;15;12;3;2021
219000;Raubueberfaelle in Wohnungen;9562000;Erlangen;insg.;0;0;0;0;0;0;0;0;0;0;0;0;0;0;0;0;0;0;0;0;0;0;0;0;0;0;0;2021
219000;Raubueberfaelle in Wohnungen;5113000;Essen;insg.;42;27;15;0;0;0;0;0;0;0;0;0;2;1;1;1;0;1;21;17;4;18;9;9;39;26;13;2021
219000;Raubueberfaelle in Wohnungen;6412000;Frankfurt am Main;insg.;27;17;10;0;0;0;0;0;0;0;0;0;0;0;0;2;1;1;19;13;6;6;3;3;25;16;9;2021
219000;Raubueberfaelle in Wohnungen;8311000;Freiburg im Breisgau;insg.;7;7;0;0;0;0;0;0;0;0;0;0;0;0;0;1;1;0;4;4;0;2;2;0;6;6;0;2021
219000;Raubueberfaelle in Wohnungen;9563000;Fuerth;insg.;2;2;0;0;0;0;0;0;0;0;0;0;0;0;0;0;0;0;2;2;0;0;0;0;2;2;0;2021
219000;Raubueberfaelle in Wohnungen;5513000;Gelsenkirchen;insg.;20;9;11;0;0;0;0;0;0;0;0;0;0;0;0;0;0;0;13;8;5;7;1;6;20;9;11;2021
219000;Raubueberfaelle in Wohnungen;3159016;Goettingen;insg.;7;5;2;0;0;0;0;0;0;0;0;0;1;1;0;0;0;0;5;4;1;1;0;1;6;4;2;2021
219000;Raubueberfaelle in Wohnungen;5754008;Guetersloh;insg.;6;4;2;0;0;0;0;0;0;0;0;0;0;0;0;1;0;1;4;4;0;1;0;1;5;4;1;2021
219000;Raubueberfaelle in Wohnungen;5914000;Hagen;insg.;11;9;2;0;0;0;0;0;0;0;0;0;0;0;0;3;3;0;6;4;2;2;2;0;8;6;2;2021
219000;Raubueberfaelle in Wohnungen;15002000;Halle (Saale);insg.;13;9;4;0;0;0;0;0;0;0;0;0;0;0;0;2;0;2;10;8;2;1;1;0;11;9;2;2021
219000;Raubueberfaelle in Wohnungen;2000000;Hamburg;insg.;75;41;34;1;0;1;2;2;0;3;2;1;4;4;0;10;4;6;40;25;15;18;6;12;58;31;27;2021
219000;Raubueberfaelle in Wohnungen;5915000;Hamm;insg.;7;6;1;0;0;0;0;0;0;0;0;0;0;0;0;0;0;0;5;4;1;2;2;0;7;6;1;2021
219000;Raubueberfaelle in Wohnungen;3241001;Hannover;insg.;29;12;17;0;0;0;0;0;0;0;0;0;1;1;0;0;0;0;22;10;12;6;1;5;28;11;17;2021
219000;Raubueberfaelle in Wohnungen;8221000;Heidelberg;insg.;3;3;0;0;0;0;0;0;0;0;0;0;0;0;0;1;1;0;2;2;0;0;0;0;2;2;0;2021
219000;Raubueberfaelle in Wohnungen;8121000;Heilbronn;insg.;3;2;1;0;0;0;0;0;0;0;0;0;0;0;0;1;1;0;2;1;1;0;0;0;2;1;1;2021
219000;Raubueberfaelle in Wohnungen;5916000;Herne;insg.;11;5;6;0;0;0;0;0;0;0;0;0;1;1;0;2;2;0;5;2;3;3;0;3;8;2;6;2021
219000;Raubueberfaelle in Wohnungen;3254021;Hildesheim;insg.;7;4;3;0;0;0;0;0;0;0;0;0;0;0;0;1;0;1;5;3;2;1;1;0;6;4;2;2021
219000;Raubueberfaelle in Wohnungen;9161000;Ingolstadt;insg.;0;0;0;0;0;0;0;0;0;0;0;0;0;0;0;0;0;0;0;0;0;0;0;0;0;0;0;2021
219000;Raubueberfaelle in Wohnungen;16053000;Jena;insg.;3;0;3;0;0;0;1;0;1;1;0;1;0;0;0;0;0;0;1;0;1;1;0;1;2;0;2;2021
219000;Raubueberfaelle in Wohnungen;7312000;Kaiserslautern;insg.;6;6;0;0;0;0;0;0;0;0;0;0;0;0;0;1;1;0;5;5;0;0;0;0;5;5;0;2021
219000;Raubueberfaelle in Wohnungen;8212000;Karlsruhe;insg.;5;3;2;0;0;0;0;0;0;0;0;0;1;0;1;0;0;0;2;2;0;2;1;1;4;3;1;2021
219000;Raubueberfaelle in Wohnungen;6611000;Kassel;insg.;22;13;9;0;0;0;0;0;0;0;0;0;0;0;0;1;1;0;16;9;7;5;3;2;21;12;9;2021
219000;Raubueberfaelle in Wohnungen;1002000;Kiel;insg.;17;11;6;0;0;0;0;0;0;0;0;0;1;0;1;1;1;0;14;10;4;1;0;1;15;10;5;2021
219000;Raubueberfaelle in Wohnungen;7111000;Koblenz;insg.;4;3;1;0;0;0;0;0;0;0;0;0;0;0;0;0;0;0;4;3;1;0;0;0;4;3;1;2021
219000;Raubueberfaelle in Wohnungen;5315000;Koeln;insg.;40;24;16;0;0;0;0;0;0;0;0;0;2;1;1;0;0;0;34;22;12;4;1;3;38;23;15;2021
219000;Raubueberfaelle in Wohnungen;5114000;Krefeld;insg.;12;11;1;0;0;0;0;0;0;0;0;0;0;0;0;0;0;0;8;8;0;4;3;1;12;11;1;2021
219000;Raubueberfaelle in Wohnungen;14713000;Leipzig;insg.;39;24;15;1;1;0;0;0;0;1;1;0;1;1;0;4;2;2;31;19;12;2;1;1;33;20;13;2021
219000;Raubueberfaelle in Wohnungen;5316000;Leverkusen;insg.;6;4;2;0;0;0;0;0;0;0;0;0;0;0;0;1;1;0;2;1;1;3;2;1;5;3;2;2021
219000;Raubueberfaelle in Wohnungen;1003000;Luebeck;insg.;11;8;3;0;0;0;0;0;0;0;0;0;3;2;1;1;1;0;7;5;2;0;0;0;7;5;2;2021
219000;Raubueberfaelle in Wohnungen;7314000;Ludwigshafen am Rhein;insg.;6;2;4;0;0;0;0;0;0;0;0;0;0;0;0;1;0;1;4;1;3;1;1;0;5;2;3;2021
219000;Raubueberfaelle in Wohnungen;15003000;Magdeburg;insg.;15;9;6;0;0;0;1;0;1;1;0;1;0;0;0;1;1;0;13;8;5;0;0;0;13;8;5;2021
219000;Raubueberfaelle in Wohnungen;7315000;Mainz;insg.;2;2;0;0;0;0;0;0;0;0;0;0;0;0;0;0;0;0;1;1;0;1;1;0;2;2;0;2021
219000;Raubueberfaelle in Wohnungen;8222000;Mannheim;insg.;8;6;2;0;0;0;0;0;0;0;0;0;0;0;0;1;1;0;7;5;2;0;0;0;7;5;2;2021
219000;Raubueberfaelle in Wohnungen;5170024;Moers;insg.;4;4;0;0;0;0;0;0;0;0;0;0;0;0;0;0;0;0;3;3;0;1;1;0;4;4;0;2021
219000;Raubueberfaelle in Wohnungen;5116000;Moenchengladbach;insg.;18;11;7;0;0;0;0;0;0;0;0;0;0;0;0;5;4;1;7;6;1;6;1;5;13;7;6;2021
219000;Raubueberfaelle in Wohnungen;5117000;Muelheim an der Ruhr;insg.;11;6;5;0;0;0;0;0;0;0;0;0;0;0;0;0;0;0;5;3;2;6;3;3;11;6;5;2021
219000;Raubueberfaelle in Wohnungen;9162000;Muenchen;insg.;24;12;12;0;0;0;0;0;0;0;0;0;2;2;0;1;1;0;18;8;10;3;1;2;21;9;12;2021
219000;Raubueberfaelle in Wohnungen;5515000;Muenster;insg.;13;7;6;0;0;0;0;0;0;0;0;0;1;0;1;1;0;1;9;6;3;2;1;1;11;7;4;2021
219000;Raubueberfaelle in Wohnungen;5162024;Neuss;insg.;3;2;1;0;0;0;0;0;0;0;0;0;0;0;0;1;1;0;2;1;1;0;0;0;2;1;1;2021
219000;Raubueberfaelle in Wohnungen;9564000;Nuernberg;insg.;19;9;10;0;0;0;0;0;0;0;0;0;0;0;0;0;0;0;15;8;7;4;1;3;19;9;10;2021
219000;Raubueberfaelle in Wohnungen;5119000;Oberhausen;insg.;18;13;5;0;0;0;0;0;0;0;0;0;1;1;0;4;3;1;11;7;4;2;2;0;13;9;4;2021
219000;Raubueberfaelle in Wohnungen;6413000;Offenbach am Main;insg.;13;7;6;0;0;0;0;0;0;0;0;0;0;0;0;0;0;0;7;4;3;6;3;3;13;7;6;2021
219000;Raubueberfaelle in Wohnungen;3403000;Oldenburg (Oldenburg);insg.;7;5;2;0;0;0;0;0;0;0;0;0;0;0;0;0;0;0;7;5;2;0;0;0;7;5;2;2021
219000;Raubueberfaelle in Wohnungen;3404000;Osnabrueck;insg.;8;5;3;0;0;0;0;0;0;0;0;0;1;1;0;1;1;0;4;1;3;2;2;0;6;3;3;2021
219000;Raubueberfaelle in Wohnungen;5774032;Paderborn;insg.;7;5;2;0;0;0;0;0;0;0;0;0;0;0;0;1;1;0;5;4;1;1;0;1;6;4;2;2021
219000;Raubueberfaelle in Wohnungen;8231000;Pforzheim;insg.;3;1;2;0;0;0;0;0;0;0;0;0;0;0;0;0;0;0;3;1;2;0;0;0;3;1;2;2021
219000;Raubueberfaelle in Wohnungen;12054000;Potsdam;insg.;4;0;4;0;0;0;0;0;0;0;0;0;0;0;0;0;0;0;4;0;4;0;0;0;4;0;4;2021
219000;Raubueberfaelle in Wohnungen;5562032;Recklinghausen;insg.;9;4;5;0;0;0;0;0;0;0;0;0;1;1;0;0;0;0;3;2;1;5;1;4;8;3;5;2021
219000;Raubueberfaelle in Wohnungen;9362000;Regensburg;insg.;5;5;0;0;0;0;0;0;0;0;0;0;0;0;0;0;0;0;4;4;0;1;1;0;5;5;0;2021
219000;Raubueberfaelle in Wohnungen;5120000;Remscheid;insg.;5;4;1;0;0;0;0;0;0;0;0;0;0;0;0;0;0;0;1;1;0;4;3;1;5;4;1;2021
219000;Raubueberfaelle in Wohnungen;8415061;Reutlingen;insg.;2;2;0;0;0;0;0;0;0;0;0;0;0;0;0;0;0;0;2;2;0;0;0;0;2;2;0;2021
219000;Raubueberfaelle in Wohnungen;13003000;Rostock;insg.;11;9;2;0;0;0;0;0;0;0;0;0;0;0;0;3;3;0;6;6;0;2;0;2;8;6;2;2021
219000;Raubueberfaelle in Wohnungen;10041100;Saarbruecken;insg.;16;10;6;0;0;0;0;0;0;0;0;0;1;1;0;3;1;2;12;8;4;0;0;0;12;8;4;2021
219000;Raubueberfaelle in Wohnungen;3102000;Salzgitter;insg.;12;6;6;2;1;1;2;1;1;4;2;2;0;0;0;2;2;0;6;2;4;0;0;0;6;2;4;2021
219000;Raubueberfaelle in Wohnungen;13004000;Schwerin;insg.;11;9;2;0;0;0;0;0;0;0;0;0;0;0;0;1;1;0;10;8;2;0;0;0;10;8;2;2021
219000;Raubueberfaelle in Wohnungen;5970040;Siegen;insg.;4;2;2;0;0;0;0;0;0;0;0;0;0;0;0;0;0;0;3;1;2;1;1;0;4;2;2;2021
219000;Raubueberfaelle in Wohnungen;5122000;Solingen;insg.;6;5;1;0;0;0;0;0;0;0;0;0;0;0;0;0;0;0;4;3;1;2;2;0;6;5;1;2021
219000;Raubueberfaelle in Wohnungen;8111000;Stuttgart;insg.;28;11;17;0;0;0;0;0;0;0;0;0;0;0;0;3;2;1;20;6;14;5;3;2;25;9;16;2021
219000;Raubueberfaelle in Wohnungen;7211000;Trier;insg.;3;0;3;0;0;0;0;0;0;0;0;0;0;0;0;1;0;1;1;0;1;1;0;1;2;0;2;2021
219000;Raubueberfaelle in Wohnungen;8421000;Ulm;insg.;4;3;1;0;0;0;0;0;0;0;0;0;0;0;0;1;0;1;2;2;0;1;1;0;3;3;0;2021
219000;Raubueberfaelle in Wohnungen;6414000;Wiesbaden;insg.;13;9;4;0;0;0;0;0;0;0;0;0;0;0;0;1;1;0;9;5;4;3;3;0;12;8;4;2021
219000;Raubueberfaelle in Wohnungen;3103000;Wolfsburg;insg.;2;1;1;0;0;0;0;0;0;0;0;0;0;0;0;0;0;0;2;1;1;0;0;0;2;1;1;2021
219000;Raubueberfaelle in Wohnungen;5124000;Wuppertal;insg.;10;3;7;0;0;0;0;0;0;0;0;0;1;0;1;0;0;0;6;3;3;3;0;3;9;3;6;2021
219000;Raubueberfaelle in Wohnungen;9663000;Wuerzburg;insg.;0;0;0;0;0;0;0;0;0;0;0;0;0;0;0;0;0;0;0;0;0;0;0;0;0;0;0;2021
222000;Gefaehrliche und schwere Koerperverletzung, Verstuemmelung weiblicher Genitalien;5334002;Aachen;insg.;766;540;226;1;1;0;23;17;6;24;18;6;57;31;26;75;54;21;547;396;151;63;41;22;610;437;173;2021
222000;Gefaehrliche und schwere Koerperverletzung, Verstuemmelung weiblicher Genitalien;9761000;Augsburg;insg.;699;529;170;4;3;1;27;17;10;31;20;11;58;39;19;70;50;20;502;392;110;38;28;10;540;420;120;2021
222000;Gefaehrliche und schwere Koerperverletzung, Verstuemmelung weiblicher Genitalien;5378004;Bergisch Gladbach;insg.;175;108;67;0;0;0;5;2;3;5;2;3;14;12;2;12;8;4;134;81;53;10;5;5;144;86;58;2021
222000;Gefaehrliche und schwere Koerperverletzung, Verstuemmelung weiblicher Genitalien;11000000;Berlin;insg.;12222;9176;3046;72;39;33;573;344;229;645;383;262;1043;738;305;984;744;240;8980;6936;2044;570;375;195;9550;7311;2239;2021
222000;Gefaehrliche und schwere Koerperverletzung, Verstuemmelung weiblicher Genitalien;5711000;Bielefeld;insg.;675;456;219;2;1;1;20;16;4;22;17;5;70;39;31;73;49;24;487;339;148;23;12;11;510;351;159;2021
222000;Gefaehrliche und schwere Koerperverletzung, Verstuemmelung weiblicher Genitalien;5911000;Bochum;insg.;947;700;247;8;4;4;66;45;21;74;49;25;97;73;24;96;76;20;633;467;166;47;35;12;680;502;178;2021
222000;Gefaehrliche und schwere Koerperverletzung, Verstuemmelung weiblicher Genitalien;5314000;Bonn;insg.;945;707;238;6;4;2;42;26;16;48;30;18;84;52;32;93;75;18;686;526;160;34;24;10;720;550;170;2021
222000;Gefaehrliche und schwere Koerperverletzung, Verstuemmelung weiblicher Genitalien;5512000;Bottrop;insg.;204;137;67;1;0;1;18;12;6;19;12;7;29;25;4;15;7;8;134;88;46;7;5;2;141;93;48;2021
222000;Gefaehrliche und schwere Koerperverletzung, Verstuemmelung weiblicher Genitalien;3101000;Braunschweig;insg.;543;346;197;4;3;1;14;9;5;18;12;6;76;37;39;80;55;25;345;221;124;24;21;3;369;242;127;2021
222000;Gefaehrliche und schwere Koerperverletzung, Verstuemmelung weiblicher Genitalien;4011000;Bremen;insg.;2085;1592;493;5;3;2;65;42;23;70;45;25;221;170;51;259;202;57;1460;1136;324;75;39;36;1535;1175;360;2021
222000;Gefaehrliche und schwere Koerperverletzung, Verstuemmelung weiblicher Genitalien;4012000;Bremerhaven;insg.;414;304;110;0;0;0;25;12;13;25;12;13;49;31;18;47;33;14;279;218;61;14;10;4;293;228;65;2021
222000;Gefaehrliche und schwere Koerperverletzung, Verstuemmelung weiblicher Genitalien;14511000;Chemnitz;insg.;586;460;126;4;2;2;14;10;4;18;12;6;51;40;11;79;65;14;414;329;85;24;14;10;438;343;95;2021
222000;Gefaehrliche und schwere Koerperverletzung, Verstuemmelung weiblicher Genitalien;12052000;Cottbus;insg.;258;179;79;3;2;1;13;10;3;16;12;4;27;20;7;30;22;8;169;116;53;16;9;7;185;125;60;2021
222000;Gefaehrliche und schwere Koerperverletzung, Verstuemmelung weiblicher Genitalien;6411000;Darmstadt;insg.;279;222;57;0;0;0;7;7;0;7;7;0;30;20;10;32;27;5;194;154;40;16;14;2;210;168;42;2021
222000;Gefaehrliche und schwere Koerperverletzung, Verstuemmelung weiblicher Genitalien;5913000;Dortmund;insg.;2089;1500;589;12;7;5;113;71;42;125;78;47;204;151;53;193;148;45;1474;1057;417;93;66;27;1567;1123;444;2021
222000;Gefaehrliche und schwere Koerperverletzung, Verstuemmelung weiblicher Genitalien;14612000;Dresden;insg.;1197;905;292;11;6;5;44;26;18;55;32;23;113;74;39;154;104;50;820;659;161;55;36;19;875;695;180;2021
222000;Gefaehrliche und schwere Koerperverletzung, Verstuemmelung weiblicher Genitalien;5112000;Duisburg;insg.;1400;960;440;18;10;8;137;88;49;155;98;57;137;95;42;91;64;27;947;660;287;70;43;27;1017;703;314;2021
222000;Gefaehrliche und schwere Koerperverletzung, Verstuemmelung weiblicher Genitalien;5111000;Duesseldorf;insg.;1892;1384;508;11;4;7;79;43;36;90;47;43;172;119;53;213;155;58;1333;1004;329;84;59;25;1417;1063;354;2021
222000;Gefaehrliche und schwere Koerperverletzung, Verstuemmelung weiblicher Genitalien;16051000;Erfurt;insg.;458;358;100;2;1;1;13;11;2;15;12;3;34;30;4;67;52;15;318;245;73;24;19;5;342;264;78;2021
222000;Gefaehrliche und schwere Koerperverletzung, Verstuemmelung weiblicher Genitalien;9562000;Erlangen;insg.;133;101;32;0;0;0;7;5;2;7;5;2;15;13;2;14;11;3;92;68;24;5;4;1;97;72;25;2021
222000;Gefaehrliche und schwere Koerperverletzung, Verstuemmelung weiblicher Genitalien;5113000;Essen;insg.;1599;1097;502;18;6;12;99;77;22;117;83;34;186;125;61;136;88;48;1094;759;335;66;42;24;1160;801;359;2021
222000;Gefaehrliche und schwere Koerperverletzung, Verstuemmelung weiblicher Genitalien;6412000;Frankfurt am Main;insg.;2752;2133;619;23;19;4;93;68;25;116;87;29;172;133;39;251;199;52;2086;1627;459;127;87;40;2213;1714;499;2021
222000;Gefaehrliche und schwere Koerperverletzung, Verstuemmelung weiblicher Genitalien;8311000;Freiburg im Breisgau;insg.;580;492;88;9;6;3;15;13;2;24;19;5;42;36;6;57;45;12;430;371;59;27;21;6;457;392;65;2021
222000;Gefaehrliche und schwere Koerperverletzung, Verstuemmelung weiblicher Genitalien;9563000;Fuerth;insg.;140;95;45;0;0;0;8;5;3;8;5;3;21;12;9;12;10;2;90;63;27;9;5;4;99;68;31;2021
222000;Gefaehrliche und schwere Koerperverletzung, Verstuemmelung weiblicher Genitalien;5513000;Gelsenkirchen;insg.;653;460;193;6;6;0;38;27;11;44;33;11;87;70;17;49;35;14;444;303;141;29;19;10;473;322;151;2021
222000;Gefaehrliche und schwere Koerperverletzung, Verstuemmelung weiblicher Genitalien;3159016;Goettingen;insg.;309;221;88;1;1;0;7;3;4;8;4;4;29;19;10;37;25;12;229;167;62;6;6;0;235;173;62;2021
222000;Gefaehrliche und schwere Koerperverletzung, Verstuemmelung weiblicher Genitalien;5754008;Guetersloh;insg.;246;157;89;4;3;1;11;5;6;15;8;7;21;8;13;31;21;10;167;117;50;12;3;9;179;120;59;2021
222000;Gefaehrliche und schwere Koerperverletzung, Verstuemmelung weiblicher Genitalien;5914000;Hagen;insg.;373;267;106;5;3;2;33;20;13;38;23;15;31;24;7;33;24;9;263;189;74;8;7;1;271;196;75;2021
222000;Gefaehrliche und schwere Koerperverletzung, Verstuemmelung weiblicher Genitalien;15002000;Halle (Saale);insg.;872;669;203;6;2;4;69;53;16;75;55;20;121;94;27;98;78;20;536;425;111;42;17;25;578;442;136;2021
222000;Gefaehrliche und schwere Koerperverletzung, Verstuemmelung weiblicher Genitalien;2000000;Hamburg;insg.;5814;4262;1552;22;16;6;351;229;122;373;245;128;426;296;130;557;409;148;4247;3164;1083;211;148;63;4458;3312;1146;2021
222000;Gefaehrliche und schwere Koerperverletzung, Verstuemmelung weiblicher Genitalien;5915000;Hamm;insg.;532;370;162;2;0;2;31;18;13;33;18;15;63;43;20;42;30;12;370;262;108;24;17;7;394;279;115;2021
222000;Gefaehrliche und schwere Koerperverletzung, Verstuemmelung weiblicher Genitalien;3241001;Hannover;insg.;2053;1530;523;11;7;4;74;48;26;85;55;30;182;114;68;206;158;48;1499;1143;356;81;60;21;1580;1203;377;2021
222000;Gefaehrliche und schwere Koerperverletzung, Verstuemmelung weiblicher Genitalien;8221000;Heidelberg;insg.;371;293;78;1;1;0;8;7;1;9;8;1;28;22;6;59;51;8;259;200;59;16;12;4;275;212;63;2021
222000;Gefaehrliche und schwere Koerperverletzung, Verstuemmelung weiblicher Genitalien;8121000;Heilbronn;insg.;264;187;77;1;1;0;6;2;4;7;3;4;26;18;8;27;23;4;198;139;59;6;4;2;204;143;61;2021
222000;Gefaehrliche und schwere Koerperverletzung, Verstuemmelung weiblicher Genitalien;5916000;Herne;insg.;271;175;96;3;2;1;20;6;14;23;8;15;26;15;11;25;19;6;175;119;56;22;14;8;197;133;64;2021
222000;Gefaehrliche und schwere Koerperverletzung, Verstuemmelung weiblicher Genitalien;3254021;Hildesheim;insg.;230;155;75;1;1;0;9;6;3;10;7;3;35;15;20;23;15;8;149;110;39;13;8;5;162;118;44;2021
222000;Gefaehrliche und schwere Koerperverletzung, Verstuemmelung weiblicher Genitalien;9161000;Ingolstadt;insg.;347;280;67;1;1;0;17;11;6;18;12;6;29;26;3;33;31;2;249;203;46;18;8;10;267;211;56;2021
222000;Gefaehrliche und schwere Koerperverletzung, Verstuemmelung weiblicher Genitalien;16053000;Jena;insg.;200;151;49;1;0;1;10;5;5;11;5;6;41;34;7;29;22;7;113;85;28;6;5;1;119;90;29;2021
222000;Gefaehrliche und schwere Koerperverletzung, Verstuemmelung weiblicher Genitalien;7312000;Kaiserslautern;insg.;271;196;75;1;0;1;14;8;6;15;8;7;13;10;3;37;30;7;194;143;51;12;5;7;206;148;58;2021
222000;Gefaehrliche und schwere Koerperverletzung, Verstuemmelung weiblicher Genitalien;8212000;Karlsruhe;insg.;599;459;140;12;10;2;15;12;3;27;22;5;43;28;15;86;71;15;423;321;102;20;17;3;443;338;105;2021
222000;Gefaehrliche und schwere Koerperverletzung, Verstuemmelung weiblicher Genitalien;6611000;Kassel;insg.;650;483;167;5;2;3;15;12;3;20;14;6;38;27;11;64;50;14;496;370;126;32;22;10;528;392;136;2021
222000;Gefaehrliche und schwere Koerperverletzung, Verstuemmelung weiblicher Genitalien;1002000;Kiel;insg.;575;427;148;5;4;1;16;11;5;21;15;6;34;25;9;63;50;13;438;325;113;19;12;7;457;337;120;2021
222000;Gefaehrliche und schwere Koerperverletzung, Verstuemmelung weiblicher Genitalien;7111000;Koblenz;insg.;294;220;74;0;0;0;17;15;2;17;15;2;26;21;5;37;27;10;203;147;56;11;10;1;214;157;57;2021
222000;Gefaehrliche und schwere Koerperverletzung, Verstuemmelung weiblicher Genitalien;5315000;Koeln;insg.;4641;3326;1315;16;9;7;189;122;67;205;131;74;362;231;131;394;278;116;3406;2479;927;274;207;67;3680;2686;994;2021
222000;Gefaehrliche und schwere Koerperverletzung, Verstuemmelung weiblicher Genitalien;5114000;Krefeld;insg.;595;419;176;3;2;1;30;21;9;33;23;10;57;38;19;71;56;15;402;278;124;32;24;8;434;302;132;2021
222000;Gefaehrliche und schwere Koerperverletzung, Verstuemmelung weiblicher Genitalien;14713000;Leipzig;insg.;1698;1240;458;30;18;12;53;35;18;83;53;30;123;88;35;157;124;33;1280;937;343;55;38;17;1335;975;360;2021
222000;Gefaehrliche und schwere Koerperverletzung, Verstuemmelung weiblicher Genitalien;5316000;Leverkusen;insg.;451;277;174;5;2;3;29;14;15;34;16;18;49;28;21;38;29;9;295;182;113;35;22;13;330;204;126;2021
222000;Gefaehrliche und schwere Koerperverletzung, Verstuemmelung weiblicher Genitalien;1003000;Luebeck;insg.;648;471;177;4;3;1;29;17;12;33;20;13;50;35;15;71;62;9;454;327;127;40;27;13;494;354;140;2021
222000;Gefaehrliche und schwere Koerperverletzung, Verstuemmelung weiblicher Genitalien;7314000;Ludwigshafen am Rhein;insg.;659;477;182;1;1;0;36;24;12;37;25;12;79;64;15;76;59;17;434;302;132;33;27;6;467;329;138;2021
222000;Gefaehrliche und schwere Koerperverletzung, Verstuemmelung weiblicher Genitalien;15003000;Magdeburg;insg.;662;495;167;4;2;2;36;23;13;40;25;15;67;52;15;71;50;21;453;349;104;31;19;12;484;368;116;2021
222000;Gefaehrliche und schwere Koerperverletzung, Verstuemmelung weiblicher Genitalien;7315000;Mainz;insg.;473;362;111;1;0;1;20;18;2;21;18;3;30;22;8;46;34;12;356;271;85;20;17;3;376;288;88;2021
222000;Gefaehrliche und schwere Koerperverletzung, Verstuemmelung weiblicher Genitalien;8222000;Mannheim;insg.;638;453;185;7;4;3;23;15;8;30;19;11;63;45;18;64;45;19;446;320;126;35;24;11;481;344;137;2021
222000;Gefaehrliche und schwere Koerperverletzung, Verstuemmelung weiblicher Genitalien;5170024;Moers;insg.;211;140;71;5;2;3;19;15;4;24;17;7;25;19;6;19;15;4;135;84;51;8;5;3;143;89;54;2021
222000;Gefaehrliche und schwere Koerperverletzung, Verstuemmelung weiblicher Genitalien;5116000;Moenchengladbach;insg.;662;453;209;5;3;2;30;20;10;35;23;12;40;29;11;60;38;22;486;338;148;41;25;16;527;363;164;2021
222000;Gefaehrliche und schwere Koerperverletzung, Verstuemmelung weiblicher Genitalien;5117000;Muelheim an der Ruhr;insg.;351;237;114;2;2;0;15;9;6;17;11;6;46;35;11;19;15;4;245;162;83;24;14;10;269;176;93;2021
222000;Gefaehrliche und schwere Koerperverletzung, Verstuemmelung weiblicher Genitalien;9162000;Muenchen;insg.;2927;2182;745;18;11;7;148;106;42;166;117;49;302;232;70;341;278;63;1995;1475;520;123;80;43;2118;1555;563;2021
222000;Gefaehrliche und schwere Koerperverletzung, Verstuemmelung weiblicher Genitalien;5515000;Muenster;insg.;721;566;155;3;3;0;20;14;6;23;17;6;70;53;17;85;67;18;509;397;112;34;32;2;543;429;114;2021
222000;Gefaehrliche und schwere Koerperverletzung, Verstuemmelung weiblicher Genitalien;5162024;Neuss;insg.;303;217;86;2;1;1;12;8;4;14;9;5;34;28;6;33;22;11;206;149;57;16;9;7;222;158;64;2021
222000;Gefaehrliche und schwere Koerperverletzung, Verstuemmelung weiblicher Genitalien;9564000;Nuernberg;insg.;1210;872;338;12;5;7;63;40;23;75;45;30;118;84;34;102;75;27;861;632;229;54;36;18;915;668;247;2021
222000;Gefaehrliche und schwere Koerperverletzung, Verstuemmelung weiblicher Genitalien;5119000;Oberhausen;insg.;494;343;151;2;2;0;45;30;15;47;32;15;44;33;11;48;35;13;333;226;107;22;17;5;355;243;112;2021
222000;Gefaehrliche und schwere Koerperverletzung, Verstuemmelung weiblicher Genitalien;6413000;Offenbach am Main;insg.;223;150;73;1;1;0;12;4;8;13;5;8;27;14;13;17;11;6;153;113;40;13;7;6;166;120;46;2021
222000;Gefaehrliche und schwere Koerperverletzung, Verstuemmelung weiblicher Genitalien;3403000;Oldenburg (Oldenburg);insg.;296;209;87;1;1;0;8;4;4;9;5;4;25;15;10;44;32;12;209;151;58;9;6;3;218;157;61;2021
222000;Gefaehrliche und schwere Koerperverletzung, Verstuemmelung weiblicher Genitalien;3404000;Osnabrueck;insg.;570;395;175;2;0;2;23;13;10;25;13;12;52;29;23;60;42;18;408;293;115;25;18;7;433;311;122;2021
222000;Gefaehrliche und schwere Koerperverletzung, Verstuemmelung weiblicher Genitalien;5774032;Paderborn;insg.;352;256;96;1;0;1;10;1;9;11;1;10;17;13;4;51;39;12;260;194;66;13;9;4;273;203;70;2021
222000;Gefaehrliche und schwere Koerperverletzung, Verstuemmelung weiblicher Genitalien;8231000;Pforzheim;insg.;351;261;90;0;0;0;22;13;9;22;13;9;36;29;7;44;35;9;221;164;57;28;20;8;249;184;65;2021
222000;Gefaehrliche und schwere Koerperverletzung, Verstuemmelung weiblicher Genitalien;12054000;Potsdam;insg.;268;201;67;5;1;4;22;18;4;27;19;8;24;17;7;34;30;4;172;129;43;11;6;5;183;135;48;2021
222000;Gefaehrliche und schwere Koerperverletzung, Verstuemmelung weiblicher Genitalien;5562032;Recklinghausen;insg.;297;190;107;0;0;0;20;15;5;20;15;5;21;16;5;26;16;10;204;130;74;26;13;13;230;143;87;2021
222000;Gefaehrliche und schwere Koerperverletzung, Verstuemmelung weiblicher Genitalien;9362000;Regensburg;insg.;272;208;64;2;1;1;7;5;2;9;6;3;26;15;11;27;23;4;203;159;44;7;5;2;210;164;46;2021
222000;Gefaehrliche und schwere Koerperverletzung, Verstuemmelung weiblicher Genitalien;5120000;Remscheid;insg.;213;138;75;1;1;0;9;4;5;10;5;5;25;15;10;22;16;6;140;89;51;16;13;3;156;102;54;2021
222000;Gefaehrliche und schwere Koerperverletzung, Verstuemmelung weiblicher Genitalien;8415061;Reutlingen;insg.;228;160;68;1;1;0;5;4;1;6;5;1;18;11;7;18;12;6;177;127;50;9;5;4;186;132;54;2021
222000;Gefaehrliche und schwere Koerperverletzung, Verstuemmelung weiblicher Genitalien;13003000;Rostock;insg.;516;353;163;5;3;2;53;26;27;58;29;29;51;33;18;67;50;17;316;230;86;24;11;13;340;241;99;2021
222000;Gefaehrliche und schwere Koerperverletzung, Verstuemmelung weiblicher Genitalien;10041100;Saarbruecken;insg.;691;522;169;0;0;0;30;11;19;30;11;19;70;52;18;83;71;12;477;366;111;31;22;9;508;388;120;2021
222000;Gefaehrliche und schwere Koerperverletzung, Verstuemmelung weiblicher Genitalien;3102000;Salzgitter;insg.;231;156;75;2;2;0;25;16;9;27;18;9;23;18;5;26;15;11;144;97;47;11;8;3;155;105;50;2021
222000;Gefaehrliche und schwere Koerperverletzung, Verstuemmelung weiblicher Genitalien;13004000;Schwerin;insg.;370;269;101;3;2;1;21;14;7;24;16;8;41;28;13;46;38;8;242;175;67;17;12;5;259;187;72;2021
222000;Gefaehrliche und schwere Koerperverletzung, Verstuemmelung weiblicher Genitalien;5970040;Siegen;insg.;282;200;82;2;1;1;16;12;4;18;13;5;30;20;10;25;16;9;195;139;56;14;12;2;209;151;58;2021
222000;Gefaehrliche und schwere Koerperverletzung, Verstuemmelung weiblicher Genitalien;5122000;Solingen;insg.;307;210;97;1;0;1;26;15;11;27;15;12;25;21;4;28;22;6;203;134;69;24;18;6;227;152;75;2021
222000;Gefaehrliche und schwere Koerperverletzung, Verstuemmelung weiblicher Genitalien;8111000;Stuttgart;insg.;1702;1252;450;12;7;5;68;47;21;80;54;26;157;104;53;176;136;40;1221;916;305;68;42;26;1289;958;331;2021
222000;Gefaehrliche und schwere Koerperverletzung, Verstuemmelung weiblicher Genitalien;7211000;Trier;insg.;284;211;73;3;3;0;4;2;2;7;5;2;19;16;3;45;33;12;202;152;50;11;5;6;213;157;56;2021
222000;Gefaehrliche und schwere Koerperverletzung, Verstuemmelung weiblicher Genitalien;8421000;Ulm;insg.;264;198;66;2;2;0;8;7;1;10;9;1;27;20;7;49;34;15;169;130;39;9;5;4;178;135;43;2021
222000;Gefaehrliche und schwere Koerperverletzung, Verstuemmelung weiblicher Genitalien;6414000;Wiesbaden;insg.;807;540;267;2;2;0;35;19;16;37;21;16;72;51;21;78;54;24;578;380;198;42;34;8;620;414;206;2021
222000;Gefaehrliche und schwere Koerperverletzung, Verstuemmelung weiblicher Genitalien;3103000;Wolfsburg;insg.;201;142;59;1;1;0;5;4;1;6;5;1;15;9;6;18;12;6;149;109;40;13;7;6;162;116;46;2021
222000;Gefaehrliche und schwere Koerperverletzung, Verstuemmelung weiblicher Genitalien;5124000;Wuppertal;insg.;1077;702;375;7;2;5;79;46;33;86;48;38;85;48;37;101;70;31;744;493;251;61;43;18;805;536;269;2021
222000;Gefaehrliche und schwere Koerperverletzung, Verstuemmelung weiblicher Genitalien;9663000;Wuerzburg;insg.;249;182;67;1;1;0;14;5;9;15;6;9;21;12;9;33;24;9;169;134;35;11;6;5;180;140;40;2021
224000;Vorsaetzliche einfache Koerperverletzung;5334002;Aachen;insg.;1587;891;696;8;3;5;55;33;22;63;36;27;91;45;46;121;65;56;1188;665;523;124;80;44;1312;745;567;2021
224000;Vorsaetzliche einfache Koerperverletzung;9761000;Augsburg;insg.;1761;1071;690;15;8;7;110;76;34;125;84;41;127;85;42;142;93;49;1247;760;487;120;49;71;1367;809;558;2021
224000;Vorsaetzliche einfache Koerperverletzung;5378004;Bergisch Gladbach;insg.;590;343;247;6;3;3;27;19;8;33;22;11;58;41;17;48;24;24;391;213;178;60;43;17;451;256;195;2021
224000;Vorsaetzliche einfache Koerperverletzung;11000000;Berlin;insg.;28384;16645;11739;228;133;95;1545;1043;502;1773;1176;597;1686;949;737;1642;919;723;21341;12454;8887;1942;1147;795;23283;13601;9682;2021
224000;Vorsaetzliche einfache Koerperverletzung;5711000;Bielefeld;insg.;1552;789;763;10;3;7;76;55;21;86;58;28;114;57;57;116;58;58;1126;557;569;110;59;51;1236;616;620;2021
224000;Vorsaetzliche einfache Koerperverletzung;5911000;Bochum;insg.;2008;1096;912;16;7;9;104;68;36;120;75;45;147;84;63;129;74;55;1464;776;688;148;87;61;1612;863;749;2021
224000;Vorsaetzliche einfache Koerperverletzung;5314000;Bonn;insg.;2048;1163;885;15;10;5;95;67;28;110;77;33;142;87;55;144;71;73;1511;837;674;141;91;50;1652;928;724;2021
224000;Vorsaetzliche einfache Koerperverletzung;5512000;Bottrop;insg.;482;239;243;3;1;2;35;21;14;38;22;16;43;30;13;32;16;16;345;159;186;24;12;12;369;171;198;2021
224000;Vorsaetzliche einfache Koerperverletzung;3101000;Braunschweig;insg.;1345;785;560;18;11;7;77;45;32;95;56;39;127;64;63;127;75;52;900;532;368;96;58;38;996;590;406;2021
224000;Vorsaetzliche einfache Koerperverletzung;4011000;Bremen;insg.;4272;2360;1912;17;8;9;155;98;57;172;106;66;303;175;128;370;187;183;3159;1747;1412;268;145;123;3427;1892;1535;2021
224000;Vorsaetzliche einfache Koerperverletzung;4012000;Bremerhaven;insg.;926;502;424;8;4;4;55;39;16;63;43;20;69;39;30;83;37;46;641;340;301;70;43;27;711;383;328;2021
224000;Vorsaetzliche einfache Koerperverletzung;14511000;Chemnitz;insg.;1086;614;472;12;6;6;56;36;20;68;42;26;87;46;41;81;46;35;766;427;339;84;53;31;850;480;370;2021
224000;Vorsaetzliche einfache Koerperverletzung;12052000;Cottbus;insg.;731;428;303;5;3;2;45;32;13;50;35;15;42;36;6;73;35;38;513;288;225;53;34;19;566;322;244;2021
224000;Vorsaetzliche einfache Koerperverletzung;6411000;Darmstadt;insg.;543;268;275;0;0;0;25;14;11;25;14;11;35;19;16;42;21;21;402;196;206;39;18;21;441;214;227;2021
224000;Vorsaetzliche einfache Koerperverletzung;5913000;Dortmund;insg.;4323;2295;2028;26;14;12;163;112;51;189;126;63;296;150;146;343;162;181;3185;1673;1512;310;184;126;3495;1857;1638;2021
224000;Vorsaetzliche einfache Koerperverletzung;14612000;Dresden;insg.;2242;1376;866;28;18;10;123;85;38;151;103;48;195;121;74;168;96;72;1578;977;601;150;79;71;1728;1056;672;2021
224000;Vorsaetzliche einfache Koerperverletzung;5112000;Duisburg;insg.;3071;1443;1628;33;19;14;202;129;73;235;148;87;245;126;119;211;90;121;2146;952;1194;234;127;107;2380;1079;1301;2021
224000;Vorsaetzliche einfache Koerperverletzung;5111000;Duesseldorf;insg.;3376;1933;1443;24;16;8;151;103;48;175;119;56;201;113;88;297;190;107;2448;1372;1076;255;139;116;2703;1511;1192;2021
224000;Vorsaetzliche einfache Koerperverletzung;16051000;Erfurt;insg.;1272;748;524;4;3;1;68;44;24;72;47;25;83;48;35;145;83;62;897;537;360;75;33;42;972;570;402;2021
224000;Vorsaetzliche einfache Koerperverletzung;9562000;Erlangen;insg.;354;205;149;5;4;1;29;28;1;34;32;2;25;10;15;24;15;9;252;137;115;19;11;8;271;148;123;2021
224000;Vorsaetzliche einfache Koerperverletzung;5113000;Essen;insg.;2920;1542;1378;39;17;22;166;97;69;205;114;91;237;136;101;192;95;97;2111;1089;1022;175;108;67;2286;1197;1089;2021
224000;Vorsaetzliche einfache Koerperverletzung;6412000;Frankfurt am Main;insg.;4327;2374;1953;24;16;8;141;89;52;165;105;60;226;119;107;284;134;150;3334;1835;1499;318;181;137;3652;2016;1636;2021
224000;Vorsaetzliche einfache Koerperverletzung;8311000;Freiburg im Breisgau;insg.;1568;987;581;13;10;3;87;54;33;100;64;36;122;72;50;143;103;40;1100;683;417;103;65;38;1203;748;455;2021
224000;Vorsaetzliche einfache Koerperverletzung;9563000;Fuerth;insg.;317;178;139;2;0;2;15;14;1;17;14;3;26;12;14;17;10;7;230;124;106;27;18;9;257;142;115;2021
224000;Vorsaetzliche einfache Koerperverletzung;5513000;Gelsenkirchen;insg.;1751;860;891;17;7;10;123;84;39;140;91;49;146;81;65;140;68;72;1237;574;663;88;46;42;1325;620;705;2021
224000;Vorsaetzliche einfache Koerperverletzung;3159016;Goettingen;insg.;904;542;362;6;4;2;35;23;12;41;27;14;49;33;16;103;63;40;651;386;265;60;33;27;711;419;292;2021
224000;Vorsaetzliche einfache Koerperverletzung;5754008;Guetersloh;insg.;489;236;253;6;1;5;17;11;6;23;12;11;46;22;24;35;19;16;347;165;182;38;18;20;385;183;202;2021
224000;Vorsaetzliche einfache Koerperverletzung;5914000;Hagen;insg.;1237;698;539;15;10;5;85;49;36;100;59;41;86;46;40;82;53;29;883;493;390;86;47;39;969;540;429;2021
224000;Vorsaetzliche einfache Koerperverletzung;15002000;Halle (Saale);insg.;2056;1197;859;15;10;5;161;106;55;176;116;60;193;111;82;202;94;108;1381;812;569;104;64;40;1485;876;609;2021
224000;Vorsaetzliche einfache Koerperverletzung;2000000;Hamburg;insg.;13524;7950;5574;90;64;26;673;428;245;763;492;271;791;420;371;887;469;418;10179;6041;4138;904;528;376;11083;6569;4514;2021
224000;Vorsaetzliche einfache Koerperverletzung;5915000;Hamm;insg.;1086;586;500;11;3;8;83;51;32;94;54;40;76;38;38;64;33;31;786;421;365;66;40;26;852;461;391;2021
224000;Vorsaetzliche einfache Koerperverletzung;3241001;Hannover;insg.;4343;2619;1724;28;19;9;185;129;56;213;148;65;306;175;131;332;177;155;3260;1987;1273;232;132;100;3492;2119;1373;2021
224000;Vorsaetzliche einfache Koerperverletzung;8221000;Heidelberg;insg.;721;490;231;6;3;3;25;16;9;31;19;12;48;31;17;73;55;18;524;364;160;45;21;24;569;385;184;2021
224000;Vorsaetzliche einfache Koerperverletzung;8121000;Heilbronn;insg.;613;336;277;0;0;0;29;17;12;29;17;12;36;23;13;45;22;23;470;251;219;33;23;10;503;274;229;2021
224000;Vorsaetzliche einfache Koerperverletzung;5916000;Herne;insg.;1045;509;536;6;5;1;66;48;18;72;53;19;72;44;28;87;30;57;739;335;404;75;47;28;814;382;432;2021
224000;Vorsaetzliche einfache Koerperverletzung;3254021;Hildesheim;insg.;728;388;340;4;1;3;27;15;12;31;16;15;64;31;33;84;50;34;512;271;241;37;20;17;549;291;258;2021
224000;Vorsaetzliche einfache Koerperverletzung;9161000;Ingolstadt;insg.;778;459;319;7;6;1;27;15;12;34;21;13;52;29;23;59;33;26;584;347;237;49;29;20;633;376;257;2021
224000;Vorsaetzliche einfache Koerperverletzung;16053000;Jena;insg.;495;323;172;13;6;7;34;29;5;47;35;12;62;38;24;62;34;28;288;192;96;36;24;12;324;216;108;2021
224000;Vorsaetzliche einfache Koerperverletzung;7312000;Kaiserslautern;insg.;956;580;376;0;0;0;46;28;18;46;28;18;53;42;11;125;62;63;675;413;262;57;35;22;732;448;284;2021
224000;Vorsaetzliche einfache Koerperverletzung;8212000;Karlsruhe;insg.;1323;772;551;15;8;7;44;25;19;59;33;26;91;57;34;95;54;41;968;560;408;110;68;42;1078;628;450;2021
224000;Vorsaetzliche einfache Koerperverletzung;6611000;Kassel;insg.;1164;579;585;11;11;0;41;28;13;52;39;13;71;38;33;108;48;60;863;413;450;70;41;29;933;454;479;2021
224000;Vorsaetzliche einfache Koerperverletzung;1002000;Kiel;insg.;1497;901;596;6;6;0;73;50;23;79;56;23;116;73;43;101;67;34;1104;646;458;97;59;38;1201;705;496;2021
224000;Vorsaetzliche einfache Koerperverletzung;7111000;Koblenz;insg.;759;423;336;6;4;2;36;24;12;42;28;14;65;39;26;73;42;31;533;289;244;46;25;21;579;314;265;2021
224000;Vorsaetzliche einfache Koerperverletzung;5315000;Koeln;insg.;7713;4373;3340;50;29;21;362;216;146;412;245;167;532;282;250;531;297;234;5687;3231;2456;551;318;233;6238;3549;2689;2021
224000;Vorsaetzliche einfache Koerperverletzung;5114000;Krefeld;insg.;1405;753;652;7;3;4;95;65;30;102;68;34;112;68;44;117;53;64;967;502;465;107;62;45;1074;564;510;2021
224000;Vorsaetzliche einfache Koerperverletzung;14713000;Leipzig;insg.;2857;1688;1169;34;21;13;118;74;44;152;95;57;195;104;91;240;131;109;2088;1254;834;182;104;78;2270;1358;912;2021
224000;Vorsaetzliche einfache Koerperverletzung;5316000;Leverkusen;insg.;907;474;433;4;2;2;51;30;21;55;32;23;77;44;33;56;35;21;648;319;329;71;44;27;719;363;356;2021
224000;Vorsaetzliche einfache Koerperverletzung;1003000;Luebeck;insg.;1667;934;733;11;4;7;75;46;29;86;50;36;116;64;52;128;79;49;1206;670;536;131;71;60;1337;741;596;2021
224000;Vorsaetzliche einfache Koerperverletzung;7314000;Ludwigshafen am Rhein;insg.;1339;692;647;11;5;6;112;69;43;123;74;49;99;50;49;91;45;46;942;476;466;84;47;37;1026;523;503;2021
224000;Vorsaetzliche einfache Koerperverletzung;15003000;Magdeburg;insg.;1613;950;663;11;7;4;85;59;26;96;66;30;149;88;61;111;66;45;1139;663;476;118;67;51;1257;730;527;2021
224000;Vorsaetzliche einfache Koerperverletzung;7315000;Mainz;insg.;972;607;365;4;3;1;50;37;13;54;40;14;66;38;28;90;43;47;702;448;254;60;38;22;762;486;276;2021
224000;Vorsaetzliche einfache Koerperverletzung;8222000;Mannheim;insg.;1250;683;567;10;9;1;66;48;18;76;57;19;74;47;27;95;43;52;910;483;427;95;53;42;1005;536;469;2021
224000;Vorsaetzliche einfache Koerperverletzung;5170024;Moers;insg.;437;220;217;23;12;11;37;23;14;60;35;25;29;14;15;31;15;16;284;142;142;33;14;19;317;156;161;2021
224000;Vorsaetzliche einfache Koerperverletzung;5116000;Moenchengladbach;insg.;1564;830;734;19;8;11;72;49;23;91;57;34;96;48;48;127;62;65;1132;582;550;118;81;37;1250;663;587;2021
224000;Vorsaetzliche einfache Koerperverletzung;5117000;Muelheim an der Ruhr;insg.;638;302;336;7;3;4;40;23;17;47;26;21;44;22;22;34;15;19;452;208;244;61;31;30;513;239;274;2021
224000;Vorsaetzliche einfache Koerperverletzung;9162000;Muenchen;insg.;5786;3550;2236;43;25;18;277;187;90;320;212;108;366;207;159;425;273;152;4277;2629;1648;398;229;169;4675;2858;1817;2021
224000;Vorsaetzliche einfache Koerperverletzung;5515000;Muenster;insg.;1631;971;660;11;5;6;54;37;17;65;42;23;93;57;36;163;108;55;1191;693;498;119;71;48;1310;764;546;2021
224000;Vorsaetzliche einfache Koerperverletzung;5162024;Neuss;insg.;786;412;374;4;3;1;47;33;14;51;36;15;56;28;28;78;35;43;532;275;257;69;38;31;601;313;288;2021
224000;Vorsaetzliche einfache Koerperverletzung;9564000;Nuernberg;insg.;2876;1723;1153;18;11;7;141;92;49;159;103;56;236;132;104;256;150;106;2057;1242;815;168;96;72;2225;1338;887;2021
224000;Vorsaetzliche einfache Koerperverletzung;5119000;Oberhausen;insg.;1084;576;508;11;9;2;67;38;29;78;47;31;91;47;44;83;41;42;733;378;355;99;63;36;832;441;391;2021
224000;Vorsaetzliche einfache Koerperverletzung;6413000;Offenbach am Main;insg.;518;236;282;1;0;1;22;11;11;23;11;12;40;19;21;29;16;13;389;167;222;37;23;14;426;190;236;2021
224000;Vorsaetzliche einfache Koerperverletzung;3403000;Oldenburg (Oldenburg);insg.;850;515;335;4;3;1;32;24;8;36;27;9;60;31;29;109;62;47;612;374;238;33;21;12;645;395;250;2021
224000;Vorsaetzliche einfache Koerperverletzung;3404000;Osnabrueck;insg.;889;514;375;3;2;1;33;12;21;36;14;22;76;37;39;72;45;27;638;381;257;67;37;30;705;418;287;2021
224000;Vorsaetzliche einfache Koerperverletzung;5774032;Paderborn;insg.;897;493;404;4;3;1;29;13;16;33;16;17;47;25;22;92;60;32;665;362;303;60;30;30;725;392;333;2021
224000;Vorsaetzliche einfache Koerperverletzung;8231000;Pforzheim;insg.;766;417;349;9;7;2;30;19;11;39;26;13;65;38;27;69;31;38;538;290;248;55;32;23;593;322;271;2021
224000;Vorsaetzliche einfache Koerperverletzung;12054000;Potsdam;insg.;726;423;303;10;7;3;41;27;14;51;34;17;52;31;21;60;35;25;521;303;218;42;20;22;563;323;240;2021
224000;Vorsaetzliche einfache Koerperverletzung;5562032;Recklinghausen;insg.;688;369;319;9;7;2;40;28;12;49;35;14;53;26;27;43;32;11;487;253;234;56;23;33;543;276;267;2021
224000;Vorsaetzliche einfache Koerperverletzung;9362000;Regensburg;insg.;736;414;322;8;4;4;23;15;8;31;19;12;43;21;22;70;34;36;554;320;234;38;20;18;592;340;252;2021
224000;Vorsaetzliche einfache Koerperverletzung;5120000;Remscheid;insg.;649;341;308;6;3;3;52;33;19;58;36;22;65;32;33;41;20;21;433;223;210;52;30;22;485;253;232;2021
224000;Vorsaetzliche einfache Koerperverletzung;8415061;Reutlingen;insg.;604;349;255;6;4;2;40;29;11;46;33;13;48;24;24;33;20;13;442;249;193;35;23;12;477;272;205;2021
224000;Vorsaetzliche einfache Koerperverletzung;13003000;Rostock;insg.;1191;686;505;24;19;5;86;53;33;110;72;38;116;58;58;96;56;40;796;461;335;73;39;34;869;500;369;2021
224000;Vorsaetzliche einfache Koerperverletzung;10041100;Saarbruecken;insg.;1536;897;639;12;7;5;68;40;28;80;47;33;117;76;41;133;68;65;1074;621;453;132;85;47;1206;706;500;2021
224000;Vorsaetzliche einfache Koerperverletzung;3102000;Salzgitter;insg.;542;275;267;9;5;4;37;23;14;46;28;18;55;32;23;44;21;23;371;174;197;26;20;6;397;194;203;2021
224000;Vorsaetzliche einfache Koerperverletzung;13004000;Schwerin;insg.;692;441;251;4;1;3;50;40;10;54;41;13;65;44;21;63;43;20;466;287;179;44;26;18;510;313;197;2021
224000;Vorsaetzliche einfache Koerperverletzung;5970040;Siegen;insg.;606;321;285;7;6;1;19;10;9;26;16;10;69;33;36;56;30;26;420;221;199;35;21;14;455;242;213;2021
224000;Vorsaetzliche einfache Koerperverletzung;5122000;Solingen;insg.;894;458;436;16;6;10;64;48;16;80;54;26;79;48;31;61;35;26;597;275;322;77;46;31;674;321;353;2021
224000;Vorsaetzliche einfache Koerperverletzung;8111000;Stuttgart;insg.;3950;2378;1572;24;19;5;178;115;63;202;134;68;279;157;122;327;187;140;2885;1759;1126;257;141;116;3142;1900;1242;2021
224000;Vorsaetzliche einfache Koerperverletzung;7211000;Trier;insg.;820;476;344;4;2;2;40;26;14;44;28;16;60;36;24;73;51;22;593;335;258;50;26;24;643;361;282;2021
224000;Vorsaetzliche einfache Koerperverletzung;8421000;Ulm;insg.;669;377;292;7;6;1;29;18;11;36;24;12;78;41;37;64;35;29;432;247;185;59;30;29;491;277;214;2021
224000;Vorsaetzliche einfache Koerperverletzung;6414000;Wiesbaden;insg.;1632;817;815;11;4;7;56;34;22;67;38;29;96;42;54;128;62;66;1224;612;612;117;63;54;1341;675;666;2021
224000;Vorsaetzliche einfache Koerperverletzung;3103000;Wolfsburg;insg.;578;319;259;9;5;4;40;29;11;49;34;15;44;26;18;39;15;24;410;227;183;36;17;19;446;244;202;2021
224000;Vorsaetzliche einfache Koerperverletzung;5124000;Wuppertal;insg.;2316;1238;1078;17;11;6;112;68;44;129;79;50;202;116;86;181;98;83;1637;849;788;167;96;71;1804;945;859;2021
224000;Vorsaetzliche einfache Koerperverletzung;9663000;Wuerzburg;insg.;565;354;211;5;4;1;25;18;7;30;22;8;52;28;24;49;35;14;395;242;153;39;27;12;434;269;165;2021
621100;Widerstand gegen und taetlicher Angriff auf Vollstreckungsbeamte und gleichstehende Personen;5334002;Aachen;insg.;416;295;121;0;0;0;0;0;0;0;0;0;3;3;0;12;8;4;397;280;117;4;4;0;401;284;117;2021
621100;Widerstand gegen und taetlicher Angriff auf Vollstreckungsbeamte und gleichstehende Personen;9761000;Augsburg;insg.;687;572;115;0;0;0;0;0;0;0;0;0;0;0;0;9;2;7;675;568;107;3;2;1;678;570;108;2021
621100;Widerstand gegen und taetlicher Angriff auf Vollstreckungsbeamte und gleichstehende Personen;5378004;Bergisch Gladbach;insg.;133;92;41;0;0;0;0;0;0;0;0;0;0;0;0;3;3;0;127;86;41;3;3;0;130;89;41;2021
621100;Widerstand gegen und taetlicher Angriff auf Vollstreckungsbeamte und gleichstehende Personen;11000000;Berlin;insg.;9140;7915;1225;0;0;0;0;0;0;0;0;0;0;0;0;103;85;18;8967;7766;1201;70;64;6;9037;7830;1207;2021
621100;Widerstand gegen und taetlicher Angriff auf Vollstreckungsbeamte und gleichstehende Personen;5711000;Bielefeld;insg.;310;230;80;0;0;0;0;0;0;0;0;0;1;0;1;7;5;2;279;211;68;23;14;9;302;225;77;2021
621100;Widerstand gegen und taetlicher Angriff auf Vollstreckungsbeamte und gleichstehende Personen;5911000;Bochum;insg.;682;519;163;0;0;0;0;0;0;0;0;0;0;0;0;3;2;1;677;515;162;2;2;0;679;517;162;2021
621100;Widerstand gegen und taetlicher Angriff auf Vollstreckungsbeamte und gleichstehende Personen;5314000;Bonn;insg.;572;422;150;0;0;0;0;0;0;0;0;0;0;0;0;5;4;1;562;413;149;5;5;0;567;418;149;2021
621100;Widerstand gegen und taetlicher Angriff auf Vollstreckungsbeamte und gleichstehende Personen;5512000;Bottrop;insg.;92;68;24;0;0;0;0;0;0;0;0;0;0;0;0;2;2;0;88;65;23;2;1;1;90;66;24;2021
621100;Widerstand gegen und taetlicher Angriff auf Vollstreckungsbeamte und gleichstehende Personen;3101000;Braunschweig;insg.;511;395;116;0;0;0;0;0;0;0;0;0;0;0;0;12;10;2;489;375;114;10;10;0;499;385;114;2021
621100;Widerstand gegen und taetlicher Angriff auf Vollstreckungsbeamte und gleichstehende Personen;4011000;Bremen;insg.;1111;868;243;0;0;0;0;0;0;0;0;0;0;0;0;9;7;2;1093;852;241;9;9;0;1102;861;241;2021
621100;Widerstand gegen und taetlicher Angriff auf Vollstreckungsbeamte und gleichstehende Personen;4012000;Bremerhaven;insg.;236;176;60;0;0;0;0;0;0;0;0;0;0;0;0;5;4;1;231;172;59;0;0;0;231;172;59;2021
621100;Widerstand gegen und taetlicher Angriff auf Vollstreckungsbeamte und gleichstehende Personen;14511000;Chemnitz;insg.;302;258;44;0;0;0;0;0;0;0;0;0;0;0;0;2;1;1;297;254;43;3;3;0;300;257;43;2021
621100;Widerstand gegen und taetlicher Angriff auf Vollstreckungsbeamte und gleichstehende Personen;12052000;Cottbus;insg.;140;124;16;0;0;0;0;0;0;0;0;0;0;0;0;2;2;0;134;118;16;4;4;0;138;122;16;2021
621100;Widerstand gegen und taetlicher Angriff auf Vollstreckungsbeamte und gleichstehende Personen;6411000;Darmstadt;insg.;116;98;18;0;0;0;0;0;0;0;0;0;0;0;0;2;1;1;114;97;17;0;0;0;114;97;17;2021
621100;Widerstand gegen und taetlicher Angriff auf Vollstreckungsbeamte und gleichstehende Personen;5913000;Dortmund;insg.;1471;1084;387;0;0;0;0;0;0;0;0;0;0;0;0;30;26;4;1433;1051;382;8;7;1;1441;1058;383;2021
621100;Widerstand gegen und taetlicher Angriff auf Vollstreckungsbeamte und gleichstehende Personen;14612000;Dresden;insg.;610;511;99;0;0;0;0;0;0;0;0;0;0;0;0;11;9;2;597;500;97;2;2;0;599;502;97;2021
621100;Widerstand gegen und taetlicher Angriff auf Vollstreckungsbeamte und gleichstehende Personen;5112000;Duisburg;insg.;633;455;178;1;1;0;2;1;1;3;2;1;0;0;0;17;12;5;600;435;165;13;6;7;613;441;172;2021
621100;Widerstand gegen und taetlicher Angriff auf Vollstreckungsbeamte und gleichstehende Personen;5111000;Duesseldorf;insg.;1194;977;217;0;0;0;0;0;0;0;0;0;0;0;0;13;10;3;1173;959;214;8;8;0;1181;967;214;2021
621100;Widerstand gegen und taetlicher Angriff auf Vollstreckungsbeamte und gleichstehende Personen;16051000;Erfurt;insg.;444;397;47;0;0;0;0;0;0;0;0;0;0;0;0;8;7;1;434;388;46;2;2;0;436;390;46;2021
621100;Widerstand gegen und taetlicher Angriff auf Vollstreckungsbeamte und gleichstehende Personen;9562000;Erlangen;insg.;87;80;7;0;0;0;0;0;0;0;0;0;0;0;0;0;0;0;87;80;7;0;0;0;87;80;7;2021
621100;Widerstand gegen und taetlicher Angriff auf Vollstreckungsbeamte und gleichstehende Personen;5113000;Essen;insg.;760;599;161;0;0;0;0;0;0;0;0;0;0;0;0;20;12;8;731;580;151;9;7;2;740;587;153;2021
621100;Widerstand gegen und taetlicher Angriff auf Vollstreckungsbeamte und gleichstehende Personen;6412000;Frankfurt am Main;insg.;1560;1288;272;0;0;0;0;0;0;0;0;0;2;2;0;28;23;5;1528;1261;267;2;2;0;1530;1263;267;2021
621100;Widerstand gegen und taetlicher Angriff auf Vollstreckungsbeamte und gleichstehende Personen;8311000;Freiburg im Breisgau;insg.;645;546;99;0;0;0;0;0;0;0;0;0;0;0;0;22;18;4;622;527;95;1;1;0;623;528;95;2021
621100;Widerstand gegen und taetlicher Angriff auf Vollstreckungsbeamte und gleichstehende Personen;9563000;Fuerth;insg.;113;95;18;0;0;0;0;0;0;0;0;0;0;0;0;1;0;1;112;95;17;0;0;0;112;95;17;2021
621100;Widerstand gegen und taetlicher Angriff auf Vollstreckungsbeamte und gleichstehende Personen;5513000;Gelsenkirchen;insg.;384;288;96;0;0;0;0;0;0;0;0;0;0;0;0;6;3;3;377;285;92;1;0;1;378;285;93;2021
621100;Widerstand gegen und taetlicher Angriff auf Vollstreckungsbeamte und gleichstehende Personen;3159016;Goettingen;insg.;243;182;61;0;0;0;0;0;0;0;0;0;0;0;0;3;1;2;239;180;59;1;1;0;240;181;59;2021
621100;Widerstand gegen und taetlicher Angriff auf Vollstreckungsbeamte und gleichstehende Personen;5754008;Guetersloh;insg.;249;173;76;0;0;0;0;0;0;0;0;0;1;0;1;4;1;3;241;170;71;3;2;1;244;172;72;2021
621100;Widerstand gegen und taetlicher Angriff auf Vollstreckungsbeamte und gleichstehende Personen;5914000;Hagen;insg.;363;257;106;0;0;0;0;0;0;0;0;0;0;0;0;4;2;2;355;252;103;4;3;1;359;255;104;2021
621100;Widerstand gegen und taetlicher Angriff auf Vollstreckungsbeamte und gleichstehende Personen;15002000;Halle (Saale);insg.;417;337;80;0;0;0;0;0;0;0;0;0;1;1;0;23;17;6;391;317;74;2;2;0;393;319;74;2021
621100;Widerstand gegen und taetlicher Angriff auf Vollstreckungsbeamte und gleichstehende Personen;2000000;Hamburg;insg.;2086;1692;394;0;0;0;0;0;0;0;0;0;0;0;0;42;33;9;2042;1657;385;2;2;0;2044;1659;385;2021
621100;Widerstand gegen und taetlicher Angriff auf Vollstreckungsbeamte und gleichstehende Personen;5915000;Hamm;insg.;271;212;59;1;1;0;1;0;1;2;1;1;0;0;0;9;8;1;259;203;56;1;0;1;260;203;57;2021
621100;Widerstand gegen und taetlicher Angriff auf Vollstreckungsbeamte und gleichstehende Personen;3241001;Hannover;insg.;1413;1081;332;0;0;0;0;0;0;0;0;0;0;0;0;27;17;10;1381;1061;320;5;3;2;1386;1064;322;2021
621100;Widerstand gegen und taetlicher Angriff auf Vollstreckungsbeamte und gleichstehende Personen;8221000;Heidelberg;insg.;268;204;64;0;0;0;0;0;0;0;0;0;0;0;0;10;9;1;256;193;63;2;2;0;258;195;63;2021
621100;Widerstand gegen und taetlicher Angriff auf Vollstreckungsbeamte und gleichstehende Personen;8121000;Heilbronn;insg.;175;129;46;0;0;0;0;0;0;0;0;0;0;0;0;3;1;2;170;126;44;2;2;0;172;128;44;2021
621100;Widerstand gegen und taetlicher Angriff auf Vollstreckungsbeamte und gleichstehende Personen;5916000;Herne;insg.;231;177;54;0;0;0;0;0;0;0;0;0;1;0;1;1;0;1;221;169;52;8;8;0;229;177;52;2021
621100;Widerstand gegen und taetlicher Angriff auf Vollstreckungsbeamte und gleichstehende Personen;3254021;Hildesheim;insg.;116;81;35;0;0;0;0;0;0;0;0;0;0;0;0;1;1;0;115;80;35;0;0;0;115;80;35;2021
621100;Widerstand gegen und taetlicher Angriff auf Vollstreckungsbeamte und gleichstehende Personen;9161000;Ingolstadt;insg.;231;173;58;0;0;0;0;0;0;0;0;0;0;0;0;8;4;4;223;169;54;0;0;0;223;169;54;2021
621100;Widerstand gegen und taetlicher Angriff auf Vollstreckungsbeamte und gleichstehende Personen;16053000;Jena;insg.;96;87;9;0;0;0;0;0;0;0;0;0;0;0;0;2;2;0;94;85;9;0;0;0;94;85;9;2021
621100;Widerstand gegen und taetlicher Angriff auf Vollstreckungsbeamte und gleichstehende Personen;7312000;Kaiserslautern;insg.;181;146;35;0;0;0;0;0;0;0;0;0;0;0;0;0;0;0;180;146;34;1;0;1;181;146;35;2021
621100;Widerstand gegen und taetlicher Angriff auf Vollstreckungsbeamte und gleichstehende Personen;8212000;Karlsruhe;insg.;413;341;72;0;0;0;0;0;0;0;0;0;1;0;1;18;11;7;388;324;64;6;6;0;394;330;64;2021
621100;Widerstand gegen und taetlicher Angriff auf Vollstreckungsbeamte und gleichstehende Personen;6611000;Kassel;insg.;353;302;51;0;0;0;0;0;0;0;0;0;0;0;0;44;37;7;308;264;44;1;1;0;309;265;44;2021
621100;Widerstand gegen und taetlicher Angriff auf Vollstreckungsbeamte und gleichstehende Personen;1002000;Kiel;insg.;420;321;99;0;0;0;0;0;0;0;0;0;0;0;0;12;6;6;405;312;93;3;3;0;408;315;93;2021
621100;Widerstand gegen und taetlicher Angriff auf Vollstreckungsbeamte und gleichstehende Personen;7111000;Koblenz;insg.;250;197;53;0;0;0;0;0;0;0;0;0;0;0;0;5;4;1;243;192;51;2;1;1;245;193;52;2021
621100;Widerstand gegen und taetlicher Angriff auf Vollstreckungsbeamte und gleichstehende Personen;5315000;Koeln;insg.;1945;1372;573;0;0;0;0;0;0;0;0;0;1;1;0;51;30;21;1881;1329;552;12;12;0;1893;1341;552;2021
621100;Widerstand gegen und taetlicher Angriff auf Vollstreckungsbeamte und gleichstehende Personen;5114000;Krefeld;insg.;322;228;94;0;0;0;0;0;0;0;0;0;0;0;0;4;3;1;316;223;93;2;2;0;318;225;93;2021
621100;Widerstand gegen und taetlicher Angriff auf Vollstreckungsbeamte und gleichstehende Personen;14713000;Leipzig;insg.;955;798;157;0;0;0;0;0;0;0;0;0;0;0;0;24;12;12;926;781;145;5;5;0;931;786;145;2021
621100;Widerstand gegen und taetlicher Angriff auf Vollstreckungsbeamte und gleichstehende Personen;5316000;Leverkusen;insg.;128;83;45;0;0;0;0;0;0;0;0;0;0;0;0;5;2;3;122;81;41;1;0;1;123;81;42;2021
621100;Widerstand gegen und taetlicher Angriff auf Vollstreckungsbeamte und gleichstehende Personen;1003000;Luebeck;insg.;573;452;121;0;0;0;0;0;0;0;0;0;0;0;0;18;12;6;555;440;115;0;0;0;555;440;115;2021
621100;Widerstand gegen und taetlicher Angriff auf Vollstreckungsbeamte und gleichstehende Personen;7314000;Ludwigshafen am Rhein;insg.;171;137;34;0;0;0;0;0;0;0;0;0;0;0;0;1;1;0;170;136;34;0;0;0;170;136;34;2021
621100;Widerstand gegen und taetlicher Angriff auf Vollstreckungsbeamte und gleichstehende Personen;15003000;Magdeburg;insg.;275;227;48;0;0;0;0;0;0;0;0;0;0;0;0;11;8;3;260;215;45;4;4;0;264;219;45;2021
621100;Widerstand gegen und taetlicher Angriff auf Vollstreckungsbeamte und gleichstehende Personen;7315000;Mainz;insg.;218;182;36;0;0;0;0;0;0;0;0;0;0;0;0;6;6;0;212;176;36;0;0;0;212;176;36;2021
621100;Widerstand gegen und taetlicher Angriff auf Vollstreckungsbeamte und gleichstehende Personen;8222000;Mannheim;insg.;349;292;57;0;0;0;0;0;0;0;0;0;0;0;0;7;7;0;339;282;57;3;3;0;342;285;57;2021
621100;Widerstand gegen und taetlicher Angriff auf Vollstreckungsbeamte und gleichstehende Personen;5170024;Moers;insg.;114;72;42;0;0;0;0;0;0;0;0;0;0;0;0;1;1;0;113;71;42;0;0;0;113;71;42;2021
621100;Widerstand gegen und taetlicher Angriff auf Vollstreckungsbeamte und gleichstehende Personen;5116000;Moenchengladbach;insg.;468;317;151;0;0;0;0;0;0;0;0;0;0;0;0;7;5;2;450;301;149;11;11;0;461;312;149;2021
621100;Widerstand gegen und taetlicher Angriff auf Vollstreckungsbeamte und gleichstehende Personen;5117000;Muelheim an der Ruhr;insg.;135;92;43;0;0;0;0;0;0;0;0;0;0;0;0;1;1;0;131;90;41;3;1;2;134;91;43;2021
621100;Widerstand gegen und taetlicher Angriff auf Vollstreckungsbeamte und gleichstehende Personen;9162000;Muenchen;insg.;2106;1692;414;0;0;0;0;0;0;0;0;0;1;0;1;51;36;15;2050;1653;397;4;3;1;2054;1656;398;2021
621100;Widerstand gegen und taetlicher Angriff auf Vollstreckungsbeamte und gleichstehende Personen;5515000;Muenster;insg.;520;427;93;0;0;0;0;0;0;0;0;0;1;1;0;18;11;7;491;406;85;10;9;1;501;415;86;2021
621100;Widerstand gegen und taetlicher Angriff auf Vollstreckungsbeamte und gleichstehende Personen;5162024;Neuss;insg.;121;82;39;0;0;0;0;0;0;0;0;0;1;1;0;3;3;0;116;77;39;1;1;0;117;78;39;2021
621100;Widerstand gegen und taetlicher Angriff auf Vollstreckungsbeamte und gleichstehende Personen;9564000;Nuernberg;insg.;860;683;177;0;0;0;0;0;0;0;0;0;0;0;0;23;15;8;836;667;169;1;1;0;837;668;169;2021
621100;Widerstand gegen und taetlicher Angriff auf Vollstreckungsbeamte und gleichstehende Personen;5119000;Oberhausen;insg.;284;206;78;1;1;0;0;0;0;1;1;0;3;3;0;0;0;0;275;199;76;5;3;2;280;202;78;2021
621100;Widerstand gegen und taetlicher Angriff auf Vollstreckungsbeamte und gleichstehende Personen;6413000;Offenbach am Main;insg.;105;74;31;0;0;0;0;0;0;0;0;0;0;0;0;1;1;0;104;73;31;0;0;0;104;73;31;2021
621100;Widerstand gegen und taetlicher Angriff auf Vollstreckungsbeamte und gleichstehende Personen;3403000;Oldenburg (Oldenburg);insg.;190;150;40;0;0;0;0;0;0;0;0;0;0;0;0;3;3;0;184;144;40;3;3;0;187;147;40;2021
621100;Widerstand gegen und taetlicher Angriff auf Vollstreckungsbeamte und gleichstehende Personen;3404000;Osnabrueck;insg.;266;217;49;0;0;0;0;0;0;0;0;0;0;0;0;9;3;6;257;214;43;0;0;0;257;214;43;2021
621100;Widerstand gegen und taetlicher Angriff auf Vollstreckungsbeamte und gleichstehende Personen;5774032;Paderborn;insg.;199;158;41;0;0;0;0;0;0;0;0;0;0;0;0;2;2;0;195;154;41;2;2;0;197;156;41;2021
621100;Widerstand gegen und taetlicher Angriff auf Vollstreckungsbeamte und gleichstehende Personen;8231000;Pforzheim;insg.;202;144;58;0;0;0;0;0;0;0;0;0;0;0;0;7;5;2;194;138;56;1;1;0;195;139;56;2021
621100;Widerstand gegen und taetlicher Angriff auf Vollstreckungsbeamte und gleichstehende Personen;12054000;Potsdam;insg.;183;145;38;0;0;0;0;0;0;0;0;0;0;0;0;4;2;2;178;142;36;1;1;0;179;143;36;2021
621100;Widerstand gegen und taetlicher Angriff auf Vollstreckungsbeamte und gleichstehende Personen;5562032;Recklinghausen;insg.;167;127;40;0;0;0;0;0;0;0;0;0;0;0;0;2;1;1;159;120;39;6;6;0;165;126;39;2021
621100;Widerstand gegen und taetlicher Angriff auf Vollstreckungsbeamte und gleichstehende Personen;9362000;Regensburg;insg.;215;175;40;0;0;0;0;0;0;0;0;0;0;0;0;5;3;2;208;170;38;2;2;0;210;172;38;2021
621100;Widerstand gegen und taetlicher Angriff auf Vollstreckungsbeamte und gleichstehende Personen;5120000;Remscheid;insg.;111;82;29;0;0;0;0;0;0;0;0;0;0;0;0;2;0;2;105;79;26;4;3;1;109;82;27;2021
621100;Widerstand gegen und taetlicher Angriff auf Vollstreckungsbeamte und gleichstehende Personen;8415061;Reutlingen;insg.;134;109;25;0;0;0;0;0;0;0;0;0;0;0;0;3;2;1;131;107;24;0;0;0;131;107;24;2021
621100;Widerstand gegen und taetlicher Angriff auf Vollstreckungsbeamte und gleichstehende Personen;13003000;Rostock;insg.;333;275;58;0;0;0;0;0;0;0;0;0;0;0;0;10;7;3;320;266;54;3;2;1;323;268;55;2021
621100;Widerstand gegen und taetlicher Angriff auf Vollstreckungsbeamte und gleichstehende Personen;10041100;Saarbruecken;insg.;464;359;105;0;0;0;0;0;0;0;0;0;0;0;0;4;3;1;458;354;104;2;2;0;460;356;104;2021
621100;Widerstand gegen und taetlicher Angriff auf Vollstreckungsbeamte und gleichstehende Personen;3102000;Salzgitter;insg.;113;84;29;0;0;0;0;0;0;0;0;0;0;0;0;2;1;1;109;81;28;2;2;0;111;83;28;2021
621100;Widerstand gegen und taetlicher Angriff auf Vollstreckungsbeamte und gleichstehende Personen;13004000;Schwerin;insg.;231;190;41;0;0;0;0;0;0;0;0;0;0;0;0;6;5;1;225;185;40;0;0;0;225;185;40;2021
621100;Widerstand gegen und taetlicher Angriff auf Vollstreckungsbeamte und gleichstehende Personen;5970040;Siegen;insg.;227;174;53;0;0;0;0;0;0;0;0;0;1;0;1;1;1;0;225;173;52;0;0;0;225;173;52;2021
621100;Widerstand gegen und taetlicher Angriff auf Vollstreckungsbeamte und gleichstehende Personen;5122000;Solingen;insg.;163;125;38;0;0;0;0;0;0;0;0;0;1;0;1;2;2;0;158;122;36;2;1;1;160;123;37;2021
621100;Widerstand gegen und taetlicher Angriff auf Vollstreckungsbeamte und gleichstehende Personen;8111000;Stuttgart;insg.;1793;1370;423;0;0;0;0;0;0;0;0;0;1;0;1;50;30;20;1734;1333;401;8;7;1;1742;1340;402;2021
621100;Widerstand gegen und taetlicher Angriff auf Vollstreckungsbeamte und gleichstehende Personen;7211000;Trier;insg.;214;177;37;0;0;0;0;0;0;0;0;0;0;0;0;2;2;0;212;175;37;0;0;0;212;175;37;2021
621100;Widerstand gegen und taetlicher Angriff auf Vollstreckungsbeamte und gleichstehende Personen;8421000;Ulm;insg.;155;122;33;0;0;0;0;0;0;0;0;0;0;0;0;8;6;2;147;116;31;0;0;0;147;116;31;2021
621100;Widerstand gegen und taetlicher Angriff auf Vollstreckungsbeamte und gleichstehende Personen;6414000;Wiesbaden;insg.;228;183;45;0;0;0;0;0;0;0;0;0;0;0;0;1;1;0;225;181;44;2;1;1;227;182;45;2021
621100;Widerstand gegen und taetlicher Angriff auf Vollstreckungsbeamte und gleichstehende Personen;3103000;Wolfsburg;insg.;165;131;34;0;0;0;0;0;0;0;0;0;0;0;0;4;1;3;158;127;31;3;3;0;161;130;31;2021
621100;Widerstand gegen und taetlicher Angriff auf Vollstreckungsbeamte und gleichstehende Personen;5124000;Wuppertal;insg.;504;358;146;0;0;0;1;1;0;1;1;0;0;0;0;5;2;3;493;350;143;5;5;0;498;355;143;2021
621100;Widerstand gegen und taetlicher Angriff auf Vollstreckungsbeamte und gleichstehende Personen;9663000;Wuerzburg;insg.;126;115;11;0;0;0;0;0;0;0;0;0;0;0;0;2;1;1;122;112;10;2;2;0;124;114;10;2021
621110;Widerstand gegen Vollstreckungsbeamte und gleichstehende Personen;5334002;Aachen;insg.;329;229;100;0;0;0;0;0;0;0;0;0;3;3;0;7;4;3;317;220;97;2;2;0;319;222;97;2021
621110;Widerstand gegen Vollstreckungsbeamte und gleichstehende Personen;9761000;Augsburg;insg.;343;287;56;0;0;0;0;0;0;0;0;0;0;0;0;3;1;2;338;284;54;2;2;0;340;286;54;2021
621110;Widerstand gegen Vollstreckungsbeamte und gleichstehende Personen;5378004;Bergisch Gladbach;insg.;125;86;39;0;0;0;0;0;0;0;0;0;0;0;0;3;3;0;119;80;39;3;3;0;122;83;39;2021
621110;Widerstand gegen Vollstreckungsbeamte und gleichstehende Personen;11000000;Berlin;insg.;6211;5410;801;0;0;0;0;0;0;0;0;0;0;0;0;75;59;16;6092;5308;784;44;43;1;6136;5351;785;2021
621110;Widerstand gegen Vollstreckungsbeamte und gleichstehende Personen;5711000;Bielefeld;insg.;225;170;55;0;0;0;0;0;0;0;0;0;1;0;1;1;1;0;202;156;46;21;13;8;223;169;54;2021
621110;Widerstand gegen Vollstreckungsbeamte und gleichstehende Personen;5911000;Bochum;insg.;430;335;95;0;0;0;0;0;0;0;0;0;0;0;0;3;2;1;427;333;94;0;0;0;427;333;94;2021
621110;Widerstand gegen Vollstreckungsbeamte und gleichstehende Personen;5314000;Bonn;insg.;409;304;105;0;0;0;0;0;0;0;0;0;0;0;0;2;2;0;403;298;105;4;4;0;407;302;105;2021
621110;Widerstand gegen Vollstreckungsbeamte und gleichstehende Personen;5512000;Bottrop;insg.;75;52;23;0;0;0;0;0;0;0;0;0;0;0;0;1;1;0;72;50;22;2;1;1;74;51;23;2021
621110;Widerstand gegen Vollstreckungsbeamte und gleichstehende Personen;3101000;Braunschweig;insg.;316;251;65;0;0;0;0;0;0;0;0;0;0;0;0;10;9;1;300;236;64;6;6;0;306;242;64;2021
621110;Widerstand gegen Vollstreckungsbeamte und gleichstehende Personen;4011000;Bremen;insg.;699;551;148;0;0;0;0;0;0;0;0;0;0;0;0;5;3;2;688;542;146;6;6;0;694;548;146;2021
621110;Widerstand gegen Vollstreckungsbeamte und gleichstehende Personen;4012000;Bremerhaven;insg.;196;139;57;0;0;0;0;0;0;0;0;0;0;0;0;4;3;1;192;136;56;0;0;0;192;136;56;2021
621110;Widerstand gegen Vollstreckungsbeamte und gleichstehende Personen;14511000;Chemnitz;insg.;202;175;27;0;0;0;0;0;0;0;0;0;0;0;0;1;0;1;200;174;26;1;1;0;201;175;26;2021
621110;Widerstand gegen Vollstreckungsbeamte und gleichstehende Personen;12052000;Cottbus;insg.;72;69;3;0;0;0;0;0;0;0;0;0;0;0;0;1;1;0;67;64;3;4;4;0;71;68;3;2021
621110;Widerstand gegen Vollstreckungsbeamte und gleichstehende Personen;6411000;Darmstadt;insg.;80;71;9;0;0;0;0;0;0;0;0;0;0;0;0;0;0;0;80;71;9;0;0;0;80;71;9;2021
621110;Widerstand gegen Vollstreckungsbeamte und gleichstehende Personen;5913000;Dortmund;insg.;708;537;171;0;0;0;0;0;0;0;0;0;0;0;0;20;18;2;682;513;169;6;6;0;688;519;169;2021
621110;Widerstand gegen Vollstreckungsbeamte und gleichstehende Personen;14612000;Dresden;insg.;398;323;75;0;0;0;0;0;0;0;0;0;0;0;0;4;2;2;393;320;73;1;1;0;394;321;73;2021
621110;Widerstand gegen Vollstreckungsbeamte und gleichstehende Personen;5112000;Duisburg;insg.;511;363;148;1;1;0;2;1;1;3;2;1;0;0;0;10;5;5;487;350;137;11;6;5;498;356;142;2021
621110;Widerstand gegen Vollstreckungsbeamte und gleichstehende Personen;5111000;Duesseldorf;insg.;720;597;123;0;0;0;0;0;0;0;0;0;0;0;0;8;5;3;706;586;120;6;6;0;712;592;120;2021
621110;Widerstand gegen Vollstreckungsbeamte und gleichstehende Personen;16051000;Erfurt;insg.;297;271;26;0;0;0;0;0;0;0;0;0;0;0;0;6;5;1;291;266;25;0;0;0;291;266;25;2021
621110;Widerstand gegen Vollstreckungsbeamte und gleichstehende Personen;9562000;Erlangen;insg.;42;38;4;0;0;0;0;0;0;0;0;0;0;0;0;0;0;0;42;38;4;0;0;0;42;38;4;2021
621110;Widerstand gegen Vollstreckungsbeamte und gleichstehende Personen;5113000;Essen;insg.;514;409;105;0;0;0;0;0;0;0;0;0;0;0;0;14;10;4;496;396;100;4;3;1;500;399;101;2021
621110;Widerstand gegen Vollstreckungsbeamte und gleichstehende Personen;6412000;Frankfurt am Main;insg.;693;578;115;0;0;0;0;0;0;0;0;0;0;0;0;16;13;3;676;564;112;1;1;0;677;565;112;2021
621110;Widerstand gegen Vollstreckungsbeamte und gleichstehende Personen;8311000;Freiburg im Breisgau;insg.;377;320;57;0;0;0;0;0;0;0;0;0;0;0;0;12;10;2;365;310;55;0;0;0;365;310;55;2021
621110;Widerstand gegen Vollstreckungsbeamte und gleichstehende Personen;9563000;Fuerth;insg.;46;41;5;0;0;0;0;0;0;0;0;0;0;0;0;0;0;0;46;41;5;0;0;0;46;41;5;2021
621110;Widerstand gegen Vollstreckungsbeamte und gleichstehende Personen;5513000;Gelsenkirchen;insg.;265;200;65;0;0;0;0;0;0;0;0;0;0;0;0;4;2;2;260;198;62;1;0;1;261;198;63;2021
621110;Widerstand gegen Vollstreckungsbeamte und gleichstehende Personen;3159016;Goettingen;insg.;151;115;36;0;0;0;0;0;0;0;0;0;0;0;0;3;1;2;147;113;34;1;1;0;148;114;34;2021
621110;Widerstand gegen Vollstreckungsbeamte und gleichstehende Personen;5754008;Guetersloh;insg.;212;150;62;0;0;0;0;0;0;0;0;0;0;0;0;3;1;2;206;147;59;3;2;1;209;149;60;2021
621110;Widerstand gegen Vollstreckungsbeamte und gleichstehende Personen;5914000;Hagen;insg.;278;192;86;0;0;0;0;0;0;0;0;0;0;0;0;4;2;2;271;188;83;3;2;1;274;190;84;2021
621110;Widerstand gegen Vollstreckungsbeamte und gleichstehende Personen;15002000;Halle (Saale);insg.;260;216;44;0;0;0;0;0;0;0;0;0;0;0;0;13;9;4;246;206;40;1;1;0;247;207;40;2021
621110;Widerstand gegen Vollstreckungsbeamte und gleichstehende Personen;2000000;Hamburg;insg.;1014;834;180;0;0;0;0;0;0;0;0;0;0;0;0;25;22;3;988;811;177;1;1;0;989;812;177;2021
621110;Widerstand gegen Vollstreckungsbeamte und gleichstehende Personen;5915000;Hamm;insg.;203;159;44;1;1;0;1;0;1;2;1;1;0;0;0;5;4;1;195;154;41;1;0;1;196;154;42;2021
621110;Widerstand gegen Vollstreckungsbeamte und gleichstehende Personen;3241001;Hannover;insg.;798;627;171;0;0;0;0;0;0;0;0;0;0;0;0;17;11;6;778;614;164;3;2;1;781;616;165;2021
621110;Widerstand gegen Vollstreckungsbeamte und gleichstehende Personen;8221000;Heidelberg;insg.;112;86;26;0;0;0;0;0;0;0;0;0;0;0;0;6;5;1;106;81;25;0;0;0;106;81;25;2021
621110;Widerstand gegen Vollstreckungsbeamte und gleichstehende Personen;8121000;Heilbronn;insg.;50;38;12;0;0;0;0;0;0;0;0;0;0;0;0;0;0;0;50;38;12;0;0;0;50;38;12;2021
621110;Widerstand gegen Vollstreckungsbeamte und gleichstehende Personen;5916000;Herne;insg.;144;111;33;0;0;0;0;0;0;0;0;0;0;0;0;1;0;1;141;109;32;2;2;0;143;111;32;2021
621110;Widerstand gegen Vollstreckungsbeamte und gleichstehende Personen;3254021;Hildesheim;insg.;86;62;24;0;0;0;0;0;0;0;0;0;0;0;0;1;1;0;85;61;24;0;0;0;85;61;24;2021
621110;Widerstand gegen Vollstreckungsbeamte und gleichstehende Personen;9161000;Ingolstadt;insg.;115;89;26;0;0;0;0;0;0;0;0;0;0;0;0;3;2;1;112;87;25;0;0;0;112;87;25;2021
621110;Widerstand gegen Vollstreckungsbeamte und gleichstehende Personen;16053000;Jena;insg.;74;69;5;0;0;0;0;0;0;0;0;0;0;0;0;2;2;0;72;67;5;0;0;0;72;67;5;2021
621110;Widerstand gegen Vollstreckungsbeamte und gleichstehende Personen;7312000;Kaiserslautern;insg.;119;95;24;0;0;0;0;0;0;0;0;0;0;0;0;0;0;0;118;95;23;1;0;1;119;95;24;2021
621110;Widerstand gegen Vollstreckungsbeamte und gleichstehende Personen;8212000;Karlsruhe;insg.;177;146;31;0;0;0;0;0;0;0;0;0;0;0;0;3;2;1;172;142;30;2;2;0;174;144;30;2021
621110;Widerstand gegen Vollstreckungsbeamte und gleichstehende Personen;6611000;Kassel;insg.;235;201;34;0;0;0;0;0;0;0;0;0;0;0;0;29;25;4;205;175;30;1;1;0;206;176;30;2021
621110;Widerstand gegen Vollstreckungsbeamte und gleichstehende Personen;1002000;Kiel;insg.;148;111;37;0;0;0;0;0;0;0;0;0;0;0;0;5;3;2;143;108;35;0;0;0;143;108;35;2021
621110;Widerstand gegen Vollstreckungsbeamte und gleichstehende Personen;7111000;Koblenz;insg.;177;138;39;0;0;0;0;0;0;0;0;0;0;0;0;3;2;1;174;136;38;0;0;0;174;136;38;2021
621110;Widerstand gegen Vollstreckungsbeamte und gleichstehende Personen;5315000;Koeln;insg.;1261;871;390;0;0;0;0;0;0;0;0;0;0;0;0;35;18;17;1218;845;373;8;8;0;1226;853;373;2021
621110;Widerstand gegen Vollstreckungsbeamte und gleichstehende Personen;5114000;Krefeld;insg.;161;113;48;0;0;0;0;0;0;0;0;0;0;0;0;1;1;0;159;111;48;1;1;0;160;112;48;2021
621110;Widerstand gegen Vollstreckungsbeamte und gleichstehende Personen;14713000;Leipzig;insg.;669;562;107;0;0;0;0;0;0;0;0;0;0;0;0;14;6;8;651;552;99;4;4;0;655;556;99;2021
621110;Widerstand gegen Vollstreckungsbeamte und gleichstehende Personen;5316000;Leverkusen;insg.;86;56;30;0;0;0;0;0;0;0;0;0;0;0;0;4;2;2;82;54;28;0;0;0;82;54;28;2021
621110;Widerstand gegen Vollstreckungsbeamte und gleichstehende Personen;1003000;Luebeck;insg.;296;235;61;0;0;0;0;0;0;0;0;0;0;0;0;10;8;2;286;227;59;0;0;0;286;227;59;2021
621110;Widerstand gegen Vollstreckungsbeamte und gleichstehende Personen;7314000;Ludwigshafen am Rhein;insg.;124;101;23;0;0;0;0;0;0;0;0;0;0;0;0;0;0;0;124;101;23;0;0;0;124;101;23;2021
621110;Widerstand gegen Vollstreckungsbeamte und gleichstehende Personen;15003000;Magdeburg;insg.;184;154;30;0;0;0;0;0;0;0;0;0;0;0;0;8;6;2;175;147;28;1;1;0;176;148;28;2021
621110;Widerstand gegen Vollstreckungsbeamte und gleichstehende Personen;7315000;Mainz;insg.;129;109;20;0;0;0;0;0;0;0;0;0;0;0;0;4;4;0;125;105;20;0;0;0;125;105;20;2021
621110;Widerstand gegen Vollstreckungsbeamte und gleichstehende Personen;8222000;Mannheim;insg.;126;113;13;0;0;0;0;0;0;0;0;0;0;0;0;4;4;0;120;107;13;2;2;0;122;109;13;2021
621110;Widerstand gegen Vollstreckungsbeamte und gleichstehende Personen;5170024;Moers;insg.;85;55;30;0;0;0;0;0;0;0;0;0;0;0;0;1;1;0;84;54;30;0;0;0;84;54;30;2021
621110;Widerstand gegen Vollstreckungsbeamte und gleichstehende Personen;5116000;Moenchengladbach;insg.;340;230;110;0;0;0;0;0;0;0;0;0;0;0;0;5;5;0;326;216;110;9;9;0;335;225;110;2021
621110;Widerstand gegen Vollstreckungsbeamte und gleichstehende Personen;5117000;Muelheim an der Ruhr;insg.;117;81;36;0;0;0;0;0;0;0;0;0;0;0;0;1;1;0;114;79;35;2;1;1;116;80;36;2021
621110;Widerstand gegen Vollstreckungsbeamte und gleichstehende Personen;9162000;Muenchen;insg.;1008;826;182;0;0;0;0;0;0;0;0;0;1;0;1;27;20;7;978;805;173;2;1;1;980;806;174;2021
621110;Widerstand gegen Vollstreckungsbeamte und gleichstehende Personen;5515000;Muenster;insg.;387;318;69;0;0;0;0;0;0;0;0;0;1;1;0;11;9;2;367;301;66;8;7;1;375;308;67;2021
621110;Widerstand gegen Vollstreckungsbeamte und gleichstehende Personen;5162024;Neuss;insg.;107;72;35;0;0;0;0;0;0;0;0;0;1;1;0;3;3;0;102;67;35;1;1;0;103;68;35;2021
621110;Widerstand gegen Vollstreckungsbeamte und gleichstehende Personen;9564000;Nuernberg;insg.;266;228;38;0;0;0;0;0;0;0;0;0;0;0;0;9;7;2;257;221;36;0;0;0;257;221;36;2021
621110;Widerstand gegen Vollstreckungsbeamte und gleichstehende Personen;5119000;Oberhausen;insg.;206;151;55;0;0;0;0;0;0;0;0;0;3;3;0;0;0;0;200;146;54;3;2;1;203;148;55;2021
621110;Widerstand gegen Vollstreckungsbeamte und gleichstehende Personen;6413000;Offenbach am Main;insg.;34;22;12;0;0;0;0;0;0;0;0;0;0;0;0;0;0;0;34;22;12;0;0;0;34;22;12;2021
621110;Widerstand gegen Vollstreckungsbeamte und gleichstehende Personen;3403000;Oldenburg (Oldenburg);insg.;105;85;20;0;0;0;0;0;0;0;0;0;0;0;0;2;2;0;102;82;20;1;1;0;103;83;20;2021
621110;Widerstand gegen Vollstreckungsbeamte und gleichstehende Personen;3404000;Osnabrueck;insg.;131;109;22;0;0;0;0;0;0;0;0;0;0;0;0;4;2;2;127;107;20;0;0;0;127;107;20;2021
621110;Widerstand gegen Vollstreckungsbeamte und gleichstehende Personen;5774032;Paderborn;insg.;137;106;31;0;0;0;0;0;0;0;0;0;0;0;0;2;2;0;134;103;31;1;1;0;135;104;31;2021
621110;Widerstand gegen Vollstreckungsbeamte und gleichstehende Personen;8231000;Pforzheim;insg.;58;49;9;0;0;0;0;0;0;0;0;0;0;0;0;0;0;0;57;48;9;1;1;0;58;49;9;2021
621110;Widerstand gegen Vollstreckungsbeamte und gleichstehende Personen;12054000;Potsdam;insg.;85;71;14;0;0;0;0;0;0;0;0;0;0;0;0;1;1;0;83;69;14;1;1;0;84;70;14;2021
621110;Widerstand gegen Vollstreckungsbeamte und gleichstehende Personen;5562032;Recklinghausen;insg.;101;78;23;0;0;0;0;0;0;0;0;0;0;0;0;1;1;0;97;74;23;3;3;0;100;77;23;2021
621110;Widerstand gegen Vollstreckungsbeamte und gleichstehende Personen;9362000;Regensburg;insg.;78;65;13;0;0;0;0;0;0;0;0;0;0;0;0;2;1;1;75;63;12;1;1;0;76;64;12;2021
621110;Widerstand gegen Vollstreckungsbeamte und gleichstehende Personen;5120000;Remscheid;insg.;80;60;20;0;0;0;0;0;0;0;0;0;0;0;0;2;0;2;76;58;18;2;2;0;78;60;18;2021
621110;Widerstand gegen Vollstreckungsbeamte und gleichstehende Personen;8415061;Reutlingen;insg.;62;52;10;0;0;0;0;0;0;0;0;0;0;0;0;2;1;1;60;51;9;0;0;0;60;51;9;2021
621110;Widerstand gegen Vollstreckungsbeamte und gleichstehende Personen;13003000;Rostock;insg.;208;177;31;0;0;0;0;0;0;0;0;0;0;0;0;7;6;1;199;170;29;2;1;1;201;171;30;2021
621110;Widerstand gegen Vollstreckungsbeamte und gleichstehende Personen;10041100;Saarbruecken;insg.;293;226;67;0;0;0;0;0;0;0;0;0;0;0;0;3;2;1;289;223;66;1;1;0;290;224;66;2021
621110;Widerstand gegen Vollstreckungsbeamte und gleichstehende Personen;3102000;Salzgitter;insg.;75;55;20;0;0;0;0;0;0;0;0;0;0;0;0;1;1;0;73;53;20;1;1;0;74;54;20;2021
621110;Widerstand gegen Vollstreckungsbeamte und gleichstehende Personen;13004000;Schwerin;insg.;150;125;25;0;0;0;0;0;0;0;0;0;0;0;0;5;4;1;145;121;24;0;0;0;145;121;24;2021
621110;Widerstand gegen Vollstreckungsbeamte und gleichstehende Personen;5970040;Siegen;insg.;126;94;32;0;0;0;0;0;0;0;0;0;1;0;1;1;1;0;124;93;31;0;0;0;124;93;31;2021
621110;Widerstand gegen Vollstreckungsbeamte und gleichstehende Personen;5122000;Solingen;insg.;130;102;28;0;0;0;0;0;0;0;0;0;1;0;1;1;1;0;126;100;26;2;1;1;128;101;27;2021
621110;Widerstand gegen Vollstreckungsbeamte und gleichstehende Personen;8111000;Stuttgart;insg.;929;733;196;0;0;0;0;0;0;0;0;0;1;0;1;28;18;10;900;715;185;0;0;0;900;715;185;2021
621110;Widerstand gegen Vollstreckungsbeamte und gleichstehende Personen;7211000;Trier;insg.;116;92;24;0;0;0;0;0;0;0;0;0;0;0;0;0;0;0;116;92;24;0;0;0;116;92;24;2021
621110;Widerstand gegen Vollstreckungsbeamte und gleichstehende Personen;8421000;Ulm;insg.;62;51;11;0;0;0;0;0;0;0;0;0;0;0;0;2;1;1;60;50;10;0;0;0;60;50;10;2021
621110;Widerstand gegen Vollstreckungsbeamte und gleichstehende Personen;6414000;Wiesbaden;insg.;122;102;20;0;0;0;0;0;0;0;0;0;0;0;0;1;1;0;119;100;19;2;1;1;121;101;20;2021
621110;Widerstand gegen Vollstreckungsbeamte und gleichstehende Personen;3103000;Wolfsburg;insg.;82;67;15;0;0;0;0;0;0;0;0;0;0;0;0;1;1;0;78;63;15;3;3;0;81;66;15;2021
621110;Widerstand gegen Vollstreckungsbeamte und gleichstehende Personen;5124000;Wuppertal;insg.;385;275;110;0;0;0;0;0;0;0;0;0;0;0;0;5;2;3;377;270;107;3;3;0;380;273;107;2021
621110;Widerstand gegen Vollstreckungsbeamte und gleichstehende Personen;9663000;Wuerzburg;insg.;41;39;2;0;0;0;0;0;0;0;0;0;0;0;0;1;1;0;40;38;2;0;0;0;40;38;2;2021
621120;Taetlicher Angriff auf Vollstreckungsbeamte;5334002;Aachen;insg.;87;66;21;0;0;0;0;0;0;0;0;0;0;0;0;5;4;1;80;60;20;2;2;0;82;62;20;2021
621120;Taetlicher Angriff auf Vollstreckungsbeamte;9761000;Augsburg;insg.;344;285;59;0;0;0;0;0;0;0;0;0;0;0;0;6;1;5;337;284;53;1;0;1;338;284;54;2021
621120;Taetlicher Angriff auf Vollstreckungsbeamte;5378004;Bergisch Gladbach;insg.;8;6;2;0;0;0;0;0;0;0;0;0;0;0;0;0;0;0;8;6;2;0;0;0;8;6;2;2021
621120;Taetlicher Angriff auf Vollstreckungsbeamte;11000000;Berlin;insg.;2929;2505;424;0;0;0;0;0;0;0;0;0;0;0;0;28;26;2;2875;2458;417;26;21;5;2901;2479;422;2021
621120;Taetlicher Angriff auf Vollstreckungsbeamte;5711000;Bielefeld;insg.;85;60;25;0;0;0;0;0;0;0;0;0;0;0;0;6;4;2;77;55;22;2;1;1;79;56;23;2021
621120;Taetlicher Angriff auf Vollstreckungsbeamte;5911000;Bochum;insg.;252;184;68;0;0;0;0;0;0;0;0;0;0;0;0;0;0;0;250;182;68;2;2;0;252;184;68;2021
621120;Taetlicher Angriff auf Vollstreckungsbeamte;5314000;Bonn;insg.;163;118;45;0;0;0;0;0;0;0;0;0;0;0;0;3;2;1;159;115;44;1;1;0;160;116;44;2021
621120;Taetlicher Angriff auf Vollstreckungsbeamte;5512000;Bottrop;insg.;17;16;1;0;0;0;0;0;0;0;0;0;0;0;0;1;1;0;16;15;1;0;0;0;16;15;1;2021
621120;Taetlicher Angriff auf Vollstreckungsbeamte;3101000;Braunschweig;insg.;195;144;51;0;0;0;0;0;0;0;0;0;0;0;0;2;1;1;189;139;50;4;4;0;193;143;50;2021
621120;Taetlicher Angriff auf Vollstreckungsbeamte;4011000;Bremen;insg.;412;317;95;0;0;0;0;0;0;0;0;0;0;0;0;4;4;0;405;310;95;3;3;0;408;313;95;2021
621120;Taetlicher Angriff auf Vollstreckungsbeamte;4012000;Bremerhaven;insg.;40;37;3;0;0;0;0;0;0;0;0;0;0;0;0;1;1;0;39;36;3;0;0;0;39;36;3;2021
621120;Taetlicher Angriff auf Vollstreckungsbeamte;14511000;Chemnitz;insg.;100;83;17;0;0;0;0;0;0;0;0;0;0;0;0;1;1;0;97;80;17;2;2;0;99;82;17;2021
621120;Taetlicher Angriff auf Vollstreckungsbeamte;12052000;Cottbus;insg.;68;55;13;0;0;0;0;0;0;0;0;0;0;0;0;1;1;0;67;54;13;0;0;0;67;54;13;2021
621120;Taetlicher Angriff auf Vollstreckungsbeamte;6411000;Darmstadt;insg.;36;27;9;0;0;0;0;0;0;0;0;0;0;0;0;2;1;1;34;26;8;0;0;0;34;26;8;2021
621120;Taetlicher Angriff auf Vollstreckungsbeamte;5913000;Dortmund;insg.;763;547;216;0;0;0;0;0;0;0;0;0;0;0;0;10;8;2;751;538;213;2;1;1;753;539;214;2021
621120;Taetlicher Angriff auf Vollstreckungsbeamte;14612000;Dresden;insg.;212;188;24;0;0;0;0;0;0;0;0;0;0;0;0;7;7;0;204;180;24;1;1;0;205;181;24;2021
621120;Taetlicher Angriff auf Vollstreckungsbeamte;5112000;Duisburg;insg.;122;92;30;0;0;0;0;0;0;0;0;0;0;0;0;7;7;0;113;85;28;2;0;2;115;85;30;2021
621120;Taetlicher Angriff auf Vollstreckungsbeamte;5111000;Duesseldorf;insg.;474;380;94;0;0;0;0;0;0;0;0;0;0;0;0;5;5;0;467;373;94;2;2;0;469;375;94;2021
621120;Taetlicher Angriff auf Vollstreckungsbeamte;16051000;Erfurt;insg.;147;126;21;0;0;0;0;0;0;0;0;0;0;0;0;2;2;0;143;122;21;2;2;0;145;124;21;2021
621120;Taetlicher Angriff auf Vollstreckungsbeamte;9562000;Erlangen;insg.;45;42;3;0;0;0;0;0;0;0;0;0;0;0;0;0;0;0;45;42;3;0;0;0;45;42;3;2021
621120;Taetlicher Angriff auf Vollstreckungsbeamte;5113000;Essen;insg.;246;190;56;0;0;0;0;0;0;0;0;0;0;0;0;6;2;4;235;184;51;5;4;1;240;188;52;2021
621120;Taetlicher Angriff auf Vollstreckungsbeamte;6412000;Frankfurt am Main;insg.;867;710;157;0;0;0;0;0;0;0;0;0;2;2;0;12;10;2;852;697;155;1;1;0;853;698;155;2021
621120;Taetlicher Angriff auf Vollstreckungsbeamte;8311000;Freiburg im Breisgau;insg.;268;226;42;0;0;0;0;0;0;0;0;0;0;0;0;10;8;2;257;217;40;1;1;0;258;218;40;2021
621120;Taetlicher Angriff auf Vollstreckungsbeamte;9563000;Fuerth;insg.;67;54;13;0;0;0;0;0;0;0;0;0;0;0;0;1;0;1;66;54;12;0;0;0;66;54;12;2021
621120;Taetlicher Angriff auf Vollstreckungsbeamte;5513000;Gelsenkirchen;insg.;119;88;31;0;0;0;0;0;0;0;0;0;0;0;0;2;1;1;117;87;30;0;0;0;117;87;30;2021
621120;Taetlicher Angriff auf Vollstreckungsbeamte;3159016;Goettingen;insg.;92;67;25;0;0;0;0;0;0;0;0;0;0;0;0;0;0;0;92;67;25;0;0;0;92;67;25;2021
621120;Taetlicher Angriff auf Vollstreckungsbeamte;5754008;Guetersloh;insg.;37;23;14;0;0;0;0;0;0;0;0;0;1;0;1;1;0;1;35;23;12;0;0;0;35;23;12;2021
621120;Taetlicher Angriff auf Vollstreckungsbeamte;5914000;Hagen;insg.;85;65;20;0;0;0;0;0;0;0;0;0;0;0;0;0;0;0;84;64;20;1;1;0;85;65;20;2021
621120;Taetlicher Angriff auf Vollstreckungsbeamte;15002000;Halle (Saale);insg.;157;121;36;0;0;0;0;0;0;0;0;0;1;1;0;10;8;2;145;111;34;1;1;0;146;112;34;2021
621120;Taetlicher Angriff auf Vollstreckungsbeamte;2000000;Hamburg;insg.;1072;858;214;0;0;0;0;0;0;0;0;0;0;0;0;17;11;6;1054;846;208;1;1;0;1055;847;208;2021
621120;Taetlicher Angriff auf Vollstreckungsbeamte;5915000;Hamm;insg.;68;53;15;0;0;0;0;0;0;0;0;0;0;0;0;4;4;0;64;49;15;0;0;0;64;49;15;2021
621120;Taetlicher Angriff auf Vollstreckungsbeamte;3241001;Hannover;insg.;615;454;161;0;0;0;0;0;0;0;0;0;0;0;0;10;6;4;603;447;156;2;1;1;605;448;157;2021
621120;Taetlicher Angriff auf Vollstreckungsbeamte;8221000;Heidelberg;insg.;156;118;38;0;0;0;0;0;0;0;0;0;0;0;0;4;4;0;150;112;38;2;2;0;152;114;38;2021
621120;Taetlicher Angriff auf Vollstreckungsbeamte;8121000;Heilbronn;insg.;125;91;34;0;0;0;0;0;0;0;0;0;0;0;0;3;1;2;120;88;32;2;2;0;122;90;32;2021
621120;Taetlicher Angriff auf Vollstreckungsbeamte;5916000;Herne;insg.;87;66;21;0;0;0;0;0;0;0;0;0;1;0;1;0;0;0;80;60;20;6;6;0;86;66;20;2021
621120;Taetlicher Angriff auf Vollstreckungsbeamte;3254021;Hildesheim;insg.;30;19;11;0;0;0;0;0;0;0;0;0;0;0;0;0;0;0;30;19;11;0;0;0;30;19;11;2021
621120;Taetlicher Angriff auf Vollstreckungsbeamte;9161000;Ingolstadt;insg.;116;84;32;0;0;0;0;0;0;0;0;0;0;0;0;5;2;3;111;82;29;0;0;0;111;82;29;2021
621120;Taetlicher Angriff auf Vollstreckungsbeamte;16053000;Jena;insg.;22;18;4;0;0;0;0;0;0;0;0;0;0;0;0;0;0;0;22;18;4;0;0;0;22;18;4;2021
621120;Taetlicher Angriff auf Vollstreckungsbeamte;7312000;Kaiserslautern;insg.;62;51;11;0;0;0;0;0;0;0;0;0;0;0;0;0;0;0;62;51;11;0;0;0;62;51;11;2021
621120;Taetlicher Angriff auf Vollstreckungsbeamte;8212000;Karlsruhe;insg.;236;195;41;0;0;0;0;0;0;0;0;0;1;0;1;15;9;6;216;182;34;4;4;0;220;186;34;2021
621120;Taetlicher Angriff auf Vollstreckungsbeamte;6611000;Kassel;insg.;118;101;17;0;0;0;0;0;0;0;0;0;0;0;0;15;12;3;103;89;14;0;0;0;103;89;14;2021
621120;Taetlicher Angriff auf Vollstreckungsbeamte;1002000;Kiel;insg.;272;210;62;0;0;0;0;0;0;0;0;0;0;0;0;7;3;4;262;204;58;3;3;0;265;207;58;2021
621120;Taetlicher Angriff auf Vollstreckungsbeamte;7111000;Koblenz;insg.;73;59;14;0;0;0;0;0;0;0;0;0;0;0;0;2;2;0;69;56;13;2;1;1;71;57;14;2021
621120;Taetlicher Angriff auf Vollstreckungsbeamte;5315000;Koeln;insg.;684;501;183;0;0;0;0;0;0;0;0;0;1;1;0;16;12;4;663;484;179;4;4;0;667;488;179;2021
621120;Taetlicher Angriff auf Vollstreckungsbeamte;5114000;Krefeld;insg.;161;115;46;0;0;0;0;0;0;0;0;0;0;0;0;3;2;1;157;112;45;1;1;0;158;113;45;2021
621120;Taetlicher Angriff auf Vollstreckungsbeamte;14713000;Leipzig;insg.;286;236;50;0;0;0;0;0;0;0;0;0;0;0;0;10;6;4;275;229;46;1;1;0;276;230;46;2021
621120;Taetlicher Angriff auf Vollstreckungsbeamte;5316000;Leverkusen;insg.;42;27;15;0;0;0;0;0;0;0;0;0;0;0;0;1;0;1;40;27;13;1;0;1;41;27;14;2021
621120;Taetlicher Angriff auf Vollstreckungsbeamte;1003000;Luebeck;insg.;277;217;60;0;0;0;0;0;0;0;0;0;0;0;0;8;4;4;269;213;56;0;0;0;269;213;56;2021
621120;Taetlicher Angriff auf Vollstreckungsbeamte;7314000;Ludwigshafen am Rhein;insg.;47;36;11;0;0;0;0;0;0;0;0;0;0;0;0;1;1;0;46;35;11;0;0;0;46;35;11;2021
621120;Taetlicher Angriff auf Vollstreckungsbeamte;15003000;Magdeburg;insg.;91;73;18;0;0;0;0;0;0;0;0;0;0;0;0;3;2;1;85;68;17;3;3;0;88;71;17;2021
621120;Taetlicher Angriff auf Vollstreckungsbeamte;7315000;Mainz;insg.;89;73;16;0;0;0;0;0;0;0;0;0;0;0;0;2;2;0;87;71;16;0;0;0;87;71;16;2021
621120;Taetlicher Angriff auf Vollstreckungsbeamte;8222000;Mannheim;insg.;223;179;44;0;0;0;0;0;0;0;0;0;0;0;0;3;3;0;219;175;44;1;1;0;220;176;44;2021
621120;Taetlicher Angriff auf Vollstreckungsbeamte;5170024;Moers;insg.;29;17;12;0;0;0;0;0;0;0;0;0;0;0;0;0;0;0;29;17;12;0;0;0;29;17;12;2021
621120;Taetlicher Angriff auf Vollstreckungsbeamte;5116000;Moenchengladbach;insg.;128;87;41;0;0;0;0;0;0;0;0;0;0;0;0;2;0;2;124;85;39;2;2;0;126;87;39;2021
621120;Taetlicher Angriff auf Vollstreckungsbeamte;5117000;Muelheim an der Ruhr;insg.;18;11;7;0;0;0;0;0;0;0;0;0;0;0;0;0;0;0;17;11;6;1;0;1;18;11;7;2021
621120;Taetlicher Angriff auf Vollstreckungsbeamte;9162000;Muenchen;insg.;1098;866;232;0;0;0;0;0;0;0;0;0;0;0;0;24;16;8;1072;848;224;2;2;0;1074;850;224;2021
621120;Taetlicher Angriff auf Vollstreckungsbeamte;5515000;Muenster;insg.;133;109;24;0;0;0;0;0;0;0;0;0;0;0;0;7;2;5;124;105;19;2;2;0;126;107;19;2021
621120;Taetlicher Angriff auf Vollstreckungsbeamte;5162024;Neuss;insg.;14;10;4;0;0;0;0;0;0;0;0;0;0;0;0;0;0;0;14;10;4;0;0;0;14;10;4;2021
621120;Taetlicher Angriff auf Vollstreckungsbeamte;9564000;Nuernberg;insg.;594;455;139;0;0;0;0;0;0;0;0;0;0;0;0;14;8;6;579;446;133;1;1;0;580;447;133;2021
621120;Taetlicher Angriff auf Vollstreckungsbeamte;5119000;Oberhausen;insg.;78;55;23;1;1;0;0;0;0;1;1;0;0;0;0;0;0;0;75;53;22;2;1;1;77;54;23;2021
621120;Taetlicher Angriff auf Vollstreckungsbeamte;6413000;Offenbach am Main;insg.;71;52;19;0;0;0;0;0;0;0;0;0;0;0;0;1;1;0;70;51;19;0;0;0;70;51;19;2021
621120;Taetlicher Angriff auf Vollstreckungsbeamte;3403000;Oldenburg (Oldenburg);insg.;85;65;20;0;0;0;0;0;0;0;0;0;0;0;0;1;1;0;82;62;20;2;2;0;84;64;20;2021
621120;Taetlicher Angriff auf Vollstreckungsbeamte;3404000;Osnabrueck;insg.;135;108;27;0;0;0;0;0;0;0;0;0;0;0;0;5;1;4;130;107;23;0;0;0;130;107;23;2021
621120;Taetlicher Angriff auf Vollstreckungsbeamte;5774032;Paderborn;insg.;62;52;10;0;0;0;0;0;0;0;0;0;0;0;0;0;0;0;61;51;10;1;1;0;62;52;10;2021
621120;Taetlicher Angriff auf Vollstreckungsbeamte;8231000;Pforzheim;insg.;144;95;49;0;0;0;0;0;0;0;0;0;0;0;0;7;5;2;137;90;47;0;0;0;137;90;47;2021
621120;Taetlicher Angriff auf Vollstreckungsbeamte;12054000;Potsdam;insg.;98;74;24;0;0;0;0;0;0;0;0;0;0;0;0;3;1;2;95;73;22;0;0;0;95;73;22;2021
621120;Taetlicher Angriff auf Vollstreckungsbeamte;5562032;Recklinghausen;insg.;66;49;17;0;0;0;0;0;0;0;0;0;0;0;0;1;0;1;62;46;16;3;3;0;65;49;16;2021
621120;Taetlicher Angriff auf Vollstreckungsbeamte;9362000;Regensburg;insg.;137;110;27;0;0;0;0;0;0;0;0;0;0;0;0;3;2;1;133;107;26;1;1;0;134;108;26;2021
621120;Taetlicher Angriff auf Vollstreckungsbeamte;5120000;Remscheid;insg.;31;22;9;0;0;0;0;0;0;0;0;0;0;0;0;0;0;0;29;21;8;2;1;1;31;22;9;2021
621120;Taetlicher Angriff auf Vollstreckungsbeamte;8415061;Reutlingen;insg.;72;57;15;0;0;0;0;0;0;0;0;0;0;0;0;1;1;0;71;56;15;0;0;0;71;56;15;2021
621120;Taetlicher Angriff auf Vollstreckungsbeamte;13003000;Rostock;insg.;125;98;27;0;0;0;0;0;0;0;0;0;0;0;0;3;1;2;121;96;25;1;1;0;122;97;25;2021
621120;Taetlicher Angriff auf Vollstreckungsbeamte;10041100;Saarbruecken;insg.;171;133;38;0;0;0;0;0;0;0;0;0;0;0;0;1;1;0;169;131;38;1;1;0;170;132;38;2021
621120;Taetlicher Angriff auf Vollstreckungsbeamte;3102000;Salzgitter;insg.;38;29;9;0;0;0;0;0;0;0;0;0;0;0;0;1;0;1;36;28;8;1;1;0;37;29;8;2021
621120;Taetlicher Angriff auf Vollstreckungsbeamte;13004000;Schwerin;insg.;81;65;16;0;0;0;0;0;0;0;0;0;0;0;0;1;1;0;80;64;16;0;0;0;80;64;16;2021
621120;Taetlicher Angriff auf Vollstreckungsbeamte;5970040;Siegen;insg.;101;80;21;0;0;0;0;0;0;0;0;0;0;0;0;0;0;0;101;80;21;0;0;0;101;80;21;2021
621120;Taetlicher Angriff auf Vollstreckungsbeamte;5122000;Solingen;insg.;33;23;10;0;0;0;0;0;0;0;0;0;0;0;0;1;1;0;32;22;10;0;0;0;32;22;10;2021
621120;Taetlicher Angriff auf Vollstreckungsbeamte;8111000;Stuttgart;insg.;864;637;227;0;0;0;0;0;0;0;0;0;0;0;0;22;12;10;834;618;216;8;7;1;842;625;217;2021
621120;Taetlicher Angriff auf Vollstreckungsbeamte;7211000;Trier;insg.;98;85;13;0;0;0;0;0;0;0;0;0;0;0;0;2;2;0;96;83;13;0;0;0;96;83;13;2021
621120;Taetlicher Angriff auf Vollstreckungsbeamte;8421000;Ulm;insg.;93;71;22;0;0;0;0;0;0;0;0;0;0;0;0;6;5;1;87;66;21;0;0;0;87;66;21;2021
621120;Taetlicher Angriff auf Vollstreckungsbeamte;6414000;Wiesbaden;insg.;106;81;25;0;0;0;0;0;0;0;0;0;0;0;0;0;0;0;106;81;25;0;0;0;106;81;25;2021
621120;Taetlicher Angriff auf Vollstreckungsbeamte;3103000;Wolfsburg;insg.;83;64;19;0;0;0;0;0;0;0;0;0;0;0;0;3;0;3;80;64;16;0;0;0;80;64;16;2021
621120;Taetlicher Angriff auf Vollstreckungsbeamte;5124000;Wuppertal;insg.;119;83;36;0;0;0;1;1;0;1;1;0;0;0;0;0;0;0;116;80;36;2;2;0;118;82;36;2021
621120;Taetlicher Angriff auf Vollstreckungsbeamte;9663000;Wuerzburg;insg.;85;76;9;0;0;0;0;0;0;0;0;0;0;0;0;1;0;1;82;74;8;2;2;0;84;76;8;2021
892000;Gewaltkriminalitaet;5334002;Aachen;insg.;1078;740;338;1;1;0;30;21;9;31;22;9;81;41;40;109;75;34;755;537;218;102;65;37;857;602;255;2021
892000;Gewaltkriminalitaet;9761000;Augsburg;insg.;860;613;247;6;4;2;33;23;10;39;27;12;75;45;30;88;62;26;614;449;165;44;30;14;658;479;179;2021
892000;Gewaltkriminalitaet;5378004;Bergisch Gladbach;insg.;228;142;86;0;0;0;16;12;4;16;12;4;21;16;5;19;12;7;155;94;61;17;8;9;172;102;70;2021
892000;Gewaltkriminalitaet;11000000;Berlin;insg.;18110;13099;5011;82;45;37;837;554;283;919;599;320;1954;1407;547;1613;1161;452;12603;9310;3293;1021;622;399;13624;9932;3692;2021
892000;Gewaltkriminalitaet;5711000;Bielefeld;insg.;985;647;338;2;1;1;32;25;7;34;26;8;107;63;44;109;76;33;690;460;230;45;22;23;735;482;253;2021
892000;Gewaltkriminalitaet;5911000;Bochum;insg.;1195;853;342;8;4;4;83;54;29;91;58;33;121;85;36;123;92;31;798;576;222;62;42;20;860;618;242;2021
892000;Gewaltkriminalitaet;5314000;Bonn;insg.;1282;934;348;6;4;2;50;34;16;56;38;18;130;85;45;152;119;33;883;650;233;61;42;19;944;692;252;2021
892000;Gewaltkriminalitaet;5512000;Bottrop;insg.;262;167;95;1;0;1;18;12;6;19;12;7;37;29;8;20;9;11;172;109;63;14;8;6;186;117;69;2021
892000;Gewaltkriminalitaet;3101000;Braunschweig;insg.;718;457;261;4;3;1;21;14;7;25;17;8;103;57;46;96;62;34;461;293;168;33;28;5;494;321;173;2021
892000;Gewaltkriminalitaet;4011000;Bremen;insg.;3049;2199;850;5;3;2;92;63;29;97;66;31;292;224;68;369;268;101;2094;1540;554;197;101;96;2291;1641;650;2021
892000;Gewaltkriminalitaet;4012000;Bremerhaven;insg.;641;446;195;1;0;1;27;13;14;28;13;15;68;40;28;69;50;19;442;323;119;34;20;14;476;343;133;2021
892000;Gewaltkriminalitaet;14511000;Chemnitz;insg.;786;589;197;4;2;2;14;10;4;18;12;6;79;58;21;113;86;27;539;413;126;37;20;17;576;433;143;2021
892000;Gewaltkriminalitaet;12052000;Cottbus;insg.;346;228;118;3;2;1;19;14;5;22;16;6;33;23;10;41;30;11;230;150;80;20;9;11;250;159;91;2021
892000;Gewaltkriminalitaet;6411000;Darmstadt;insg.;396;297;99;0;0;0;10;10;0;10;10;0;46;34;12;49;35;14;269;202;67;22;16;6;291;218;73;2021
892000;Gewaltkriminalitaet;5913000;Dortmund;insg.;2773;1944;829;15;9;6;140;91;49;155;100;55;319;226;93;263;191;72;1902;1335;567;134;92;42;2036;1427;609;2021
892000;Gewaltkriminalitaet;14612000;Dresden;insg.;1624;1221;403;12;6;6;61;38;23;73;44;29;181;123;58;202;139;63;1092;870;222;76;45;31;1168;915;253;2021
892000;Gewaltkriminalitaet;5112000;Duisburg;insg.;1866;1237;629;20;12;8;180;126;54;200;138;62;193;122;71;135;89;46;1222;822;400;116;66;50;1338;888;450;2021
892000;Gewaltkriminalitaet;5111000;Duesseldorf;insg.;2589;1838;751;13;4;9;94;56;38;107;60;47;278;192;86;291;201;90;1762;1292;470;151;93;58;1913;1385;528;2021
892000;Gewaltkriminalitaet;16051000;Erfurt;insg.;637;493;144;2;1;1;18;14;4;20;15;5;52;43;9;90;70;20;437;336;101;38;29;9;475;365;110;2021
892000;Gewaltkriminalitaet;9562000;Erlangen;insg.;183;124;59;0;0;0;9;7;2;9;7;2;27;18;9;24;15;9;115;79;36;8;5;3;123;84;39;2021
892000;Gewaltkriminalitaet;5113000;Essen;insg.;2212;1460;752;22;8;14;117;92;25;139;100;39;271;179;92;201;120;81;1448;978;470;153;83;70;1601;1061;540;2021
892000;Gewaltkriminalitaet;6412000;Frankfurt am Main;insg.;3856;2915;941;25;21;4;116;89;27;141;110;31;299;220;79;344;260;84;2862;2195;667;210;130;80;3072;2325;747;2021
892000;Gewaltkriminalitaet;8311000;Freiburg im Breisgau;insg.;790;652;138;9;6;3;17;15;2;26;21;5;69;58;11;92;73;19;562;472;90;41;28;13;603;500;103;2021
892000;Gewaltkriminalitaet;9563000;Fuerth;insg.;196;136;60;0;0;0;9;6;3;9;6;3;29;18;11;17;14;3;130;92;38;11;6;5;141;98;43;2021
892000;Gewaltkriminalitaet;5513000;Gelsenkirchen;insg.;917;624;293;7;7;0;62;50;12;69;57;12;121;93;28;66;45;21;609;402;207;52;27;25;661;429;232;2021
892000;Gewaltkriminalitaet;3159016;Goettingen;insg.;425;294;131;2;2;0;7;3;4;9;5;4;41;25;16;48;30;18;315;225;90;12;9;3;327;234;93;2021
892000;Gewaltkriminalitaet;5754008;Guetersloh;insg.;343;216;127;4;3;1;14;8;6;18;11;7;40;21;19;41;28;13;227;151;76;17;5;12;244;156;88;2021
892000;Gewaltkriminalitaet;5914000;Hagen;insg.;580;403;177;5;3;2;42;29;13;47;32;15;48;33;15;62;46;16;396;276;120;27;16;11;423;292;131;2021
892000;Gewaltkriminalitaet;15002000;Halle (Saale);insg.;1154;867;287;6;2;4;87;69;18;93;71;22;177;135;42;137;107;30;687;530;157;60;24;36;747;554;193;2021
892000;Gewaltkriminalitaet;2000000;Hamburg;insg.;7717;5623;2094;25;16;9;447;303;144;472;319;153;671;481;190;748;545;203;5473;4047;1426;353;231;122;5826;4278;1548;2021
892000;Gewaltkriminalitaet;5915000;Hamm;insg.;705;469;236;3;0;3;40;25;15;43;25;18;76;45;31;56;38;18;490;338;152;40;23;17;530;361;169;2021
892000;Gewaltkriminalitaet;3241001;Hannover;insg.;2798;2032;766;12;8;4;88;59;29;100;67;33;280;179;101;282;208;74;2010;1496;514;126;82;44;2136;1578;558;2021
892000;Gewaltkriminalitaet;8221000;Heidelberg;insg.;450;343;107;1;1;0;9;8;1;10;9;1;41;29;12;68;56;12;311;236;75;20;13;7;331;249;82;2021
892000;Gewaltkriminalitaet;8121000;Heilbronn;insg.;336;223;113;2;1;1;8;4;4;10;5;5;30;18;12;32;25;7;254;167;87;10;8;2;264;175;89;2021
892000;Gewaltkriminalitaet;5916000;Herne;insg.;387;240;147;3;2;1;21;7;14;24;9;15;42;23;19;34;25;9;256;165;91;31;18;13;287;183;104;2021
892000;Gewaltkriminalitaet;3254021;Hildesheim;insg.;350;215;135;2;2;0;12;6;6;14;8;6;50;19;31;37;22;15;211;146;65;38;20;18;249;166;83;2021
892000;Gewaltkriminalitaet;9161000;Ingolstadt;insg.;406;305;101;1;1;0;20;12;8;21;13;8;37;29;8;41;35;6;286;220;66;21;8;13;307;228;79;2021
892000;Gewaltkriminalitaet;16053000;Jena;insg.;245;172;73;1;0;1;11;5;6;12;5;7;48;39;9;34;23;11;142;99;43;9;6;3;151;105;46;2021
892000;Gewaltkriminalitaet;7312000;Kaiserslautern;insg.;337;236;101;2;0;2;17;10;7;19;10;9;16;11;5;45;37;8;245;173;72;12;5;7;257;178;79;2021
892000;Gewaltkriminalitaet;8212000;Karlsruhe;insg.;795;580;215;14;10;4;22;17;5;36;27;9;60;34;26;111;90;21;544;396;148;44;33;11;588;429;159;2021
892000;Gewaltkriminalitaet;6611000;Kassel;insg.;900;641;259;6;3;3;22;18;4;28;21;7;65;43;22;81;58;23;675;486;189;51;33;18;726;519;207;2021
892000;Gewaltkriminalitaet;1002000;Kiel;insg.;828;584;244;5;4;1;28;21;7;33;25;8;65;48;17;97;68;29;603;427;176;30;16;14;633;443;190;2021
892000;Gewaltkriminalitaet;7111000;Koblenz;insg.;385;278;107;0;0;0;19;17;2;19;17;2;29;23;6;45;31;14;272;190;82;20;17;3;292;207;85;2021
892000;Gewaltkriminalitaet;5315000;Koeln;insg.;5903;4149;1754;20;11;9;233;156;77;253;167;86;536;358;178;525;355;170;4230;3012;1218;359;257;102;4589;3269;1320;2021
892000;Gewaltkriminalitaet;5114000;Krefeld;insg.;883;585;298;3;2;1;39;29;10;42;31;11;90;50;40;90;66;24;580;396;184;81;42;39;661;438;223;2021
892000;Gewaltkriminalitaet;14713000;Leipzig;insg.;2199;1584;615;31;19;12;73;47;26;104;66;38;188;142;46;205;157;48;1612;1164;448;90;55;35;1702;1219;483;2021
892000;Gewaltkriminalitaet;5316000;Leverkusen;insg.;555;333;222;6;2;4;33;16;17;39;18;21;63;36;27;55;40;15;348;210;138;50;29;21;398;239;159;2021
892000;Gewaltkriminalitaet;1003000;Luebeck;insg.;831;580;251;4;3;1;31;19;12;35;22;13;87;61;26;90;75;15;564;389;175;55;33;22;619;422;197;2021
892000;Gewaltkriminalitaet;7314000;Ludwigshafen am Rhein;insg.;824;584;240;1;1;0;60;46;14;61;47;14;107;82;25;102;76;26;512;346;166;42;33;9;554;379;175;2021
892000;Gewaltkriminalitaet;15003000;Magdeburg;insg.;916;670;246;6;4;2;50;34;16;56;38;18;113;90;23;103;75;28;598;437;161;46;30;16;644;467;177;2021
892000;Gewaltkriminalitaet;7315000;Mainz;insg.;601;440;161;1;0;1;22;20;2;23;20;3;59;44;15;68;47;21;422;306;116;29;23;6;451;329;122;2021
892000;Gewaltkriminalitaet;8222000;Mannheim;insg.;866;602;264;8;5;3;33;23;10;41;28;13;76;50;26;85;61;24;614;428;186;50;35;15;664;463;201;2021
892000;Gewaltkriminalitaet;5170024;Moers;insg.;276;177;99;5;2;3;28;23;5;33;25;8;28;20;8;28;21;7;172;103;69;15;8;7;187;111;76;2021
892000;Gewaltkriminalitaet;5116000;Moenchengladbach;insg.;942;631;311;7;4;3;40;28;12;47;32;15;84;62;22;90;58;32;651;442;209;70;37;33;721;479;242;2021
892000;Gewaltkriminalitaet;5117000;Muelheim an der Ruhr;insg.;453;291;162;4;3;1;17;11;6;21;14;7;62;47;15;28;17;11;296;189;107;46;24;22;342;213;129;2021
892000;Gewaltkriminalitaet;9162000;Muenchen;insg.;3715;2614;1101;21;12;9;176;132;44;197;144;53;449;332;117;429;323;106;2464;1713;751;176;102;74;2640;1815;825;2021
892000;Gewaltkriminalitaet;5515000;Muenster;insg.;1027;780;247;3;3;0;24;17;7;27;20;7;105;79;26;132;98;34;702;534;168;61;49;12;763;583;180;2021
892000;Gewaltkriminalitaet;5162024;Neuss;insg.;429;303;126;2;1;1;21;17;4;23;18;5;57;47;10;46;30;16;284;196;88;19;12;7;303;208;95;2021
892000;Gewaltkriminalitaet;9564000;Nuernberg;insg.;1515;1060;455;15;7;8;68;43;25;83;50;33;155;106;49;131;95;36;1067;760;307;79;49;30;1146;809;337;2021
892000;Gewaltkriminalitaet;5119000;Oberhausen;insg.;636;438;198;2;2;0;61;42;19;63;44;19;78;60;18;67;46;21;395;265;130;33;23;10;428;288;140;2021
892000;Gewaltkriminalitaet;6413000;Offenbach am Main;insg.;331;209;122;1;1;0;12;4;8;13;5;8;39;16;23;27;15;12;218;157;61;34;16;18;252;173;79;2021
892000;Gewaltkriminalitaet;3403000;Oldenburg (Oldenburg);insg.;437;287;150;1;1;0;12;7;5;13;8;5;47;27;20;59;38;21;300;202;98;18;12;6;318;214;104;2021
892000;Gewaltkriminalitaet;3404000;Osnabrueck;insg.;736;486;250;3;0;3;24;13;11;27;13;14;81;43;38;77;51;26;513;354;159;38;25;13;551;379;172;2021
892000;Gewaltkriminalitaet;5774032;Paderborn;insg.;483;339;144;2;0;2;13;4;9;15;4;11;31;18;13;69;50;19;339;253;86;29;14;15;368;267;101;2021
892000;Gewaltkriminalitaet;8231000;Pforzheim;insg.;452;320;132;1;1;0;23;14;9;24;15;9;48;34;14;65;49;16;279;198;81;36;24;12;315;222;93;2021
892000;Gewaltkriminalitaet;12054000;Potsdam;insg.;411;289;122;6;2;4;27;23;4;33;25;8;59;42;17;52;43;9;244;168;76;23;11;12;267;179;88;2021
892000;Gewaltkriminalitaet;5562032;Recklinghausen;insg.;377;238;139;0;0;0;23;18;5;23;18;5;31;22;9;35;23;12;252;158;94;36;17;19;288;175;113;2021
892000;Gewaltkriminalitaet;9362000;Regensburg;insg.;356;253;103;3;1;2;8;6;2;11;7;4;33;15;18;35;28;7;265;194;71;12;9;3;277;203;74;2021
892000;Gewaltkriminalitaet;5120000;Remscheid;insg.;294;177;117;1;1;0;10;5;5;11;6;5;32;19;13;30;18;12;186;115;71;35;19;16;221;134;87;2021
892000;Gewaltkriminalitaet;8415061;Reutlingen;insg.;310;214;96;1;1;0;10;9;1;11;10;1;29;18;11;28;17;11;230;161;69;12;8;4;242;169;73;2021
892000;Gewaltkriminalitaet;13003000;Rostock;insg.;690;480;210;5;3;2;68;39;29;73;42;31;84;60;24;87;66;21;417;300;117;29;12;17;446;312;134;2021
892000;Gewaltkriminalitaet;10041100;Saarbruecken;insg.;884;644;240;0;0;0;34;14;20;34;14;20;87;61;26;108;84;24;607;451;156;48;34;14;655;485;170;2021
892000;Gewaltkriminalitaet;3102000;Salzgitter;insg.;292;187;105;4;3;1;31;21;10;35;24;11;29;20;9;33;20;13;179;113;66;16;10;6;195;123;72;2021
892000;Gewaltkriminalitaet;13004000;Schwerin;insg.;453;326;127;3;2;1;30;20;10;33;22;11;46;32;14;57;45;12;297;213;84;20;14;6;317;227;90;2021
892000;Gewaltkriminalitaet;5970040;Siegen;insg.;334;232;102;2;1;1;19;15;4;21;16;5;35;22;13;29;17;12;229;160;69;20;17;3;249;177;72;2021
892000;Gewaltkriminalitaet;5122000;Solingen;insg.;420;270;150;4;0;4;31;20;11;35;20;15;39;33;6;35;28;7;277;167;110;34;22;12;311;189;122;2021
892000;Gewaltkriminalitaet;8111000;Stuttgart;insg.;2297;1630;667;12;7;5;87;63;24;99;70;29;219;147;72;244;173;71;1627;1174;453;108;66;42;1735;1240;495;2021
892000;Gewaltkriminalitaet;7211000;Trier;insg.;348;245;103;3;3;0;4;2;2;7;5;2;29;23;6;53;37;16;241;173;68;18;7;11;259;180;79;2021
892000;Gewaltkriminalitaet;8421000;Ulm;insg.;372;260;112;3;2;1;13;8;5;16;10;6;38;26;12;60;38;22;246;179;67;12;7;5;258;186;72;2021
892000;Gewaltkriminalitaet;6414000;Wiesbaden;insg.;1060;703;357;4;2;2;44;27;17;48;29;19;94;61;33;106;73;33;748;490;258;64;50;14;812;540;272;2021
892000;Gewaltkriminalitaet;3103000;Wolfsburg;insg.;264;172;92;1;1;0;5;4;1;6;5;1;23;13;10;23;15;8;188;127;61;24;12;12;212;139;73;2021
892000;Gewaltkriminalitaet;5124000;Wuppertal;insg.;1469;933;536;8;2;6;96;60;36;104;62;42;131;80;51;142;95;47;995;638;357;97;58;39;1092;696;396;2021
892000;Gewaltkriminalitaet;9663000;Wuerzburg;insg.;326;221;105;1;1;0;14;5;9;15;6;9;27;14;13;37;25;12;228;166;62;19;10;9;247;176;71;2021
892500;Mord, Totschlag und Toetung auf Verlangen;5334002;Aachen;insg.;2;2;0;0;0;0;0;0;0;0;0;0;0;0;0;0;0;0;2;2;0;0;0;0;2;2;0;2021
892500;Mord, Totschlag und Toetung auf Verlangen;9761000;Augsburg;insg.;17;14;3;1;0;1;0;0;0;1;0;1;3;3;0;3;3;0;10;8;2;0;0;0;10;8;2;2021
892500;Mord, Totschlag und Toetung auf Verlangen;5378004;Bergisch Gladbach;insg.;0;0;0;0;0;0;0;0;0;0;0;0;0;0;0;0;0;0;0;0;0;0;0;0;0;0;0;2021
892500;Mord, Totschlag und Toetung auf Verlangen;11000000;Berlin;insg.;121;84;37;5;3;2;0;0;0;5;3;2;2;1;1;6;4;2;81;65;16;27;11;16;108;76;32;2021
892500;Mord, Totschlag und Toetung auf Verlangen;5711000;Bielefeld;insg.;6;5;1;0;0;0;0;0;0;0;0;0;0;0;0;0;0;0;6;5;1;0;0;0;6;5;1;2021
892500;Mord, Totschlag und Toetung auf Verlangen;5911000;Bochum;insg.;12;8;4;0;0;0;1;0;1;1;0;1;0;0;0;2;2;0;9;6;3;0;0;0;9;6;3;2021
892500;Mord, Totschlag und Toetung auf Verlangen;5314000;Bonn;insg.;7;6;1;0;0;0;0;0;0;0;0;0;0;0;0;1;1;0;4;4;0;2;1;1;6;5;1;2021
892500;Mord, Totschlag und Toetung auf Verlangen;5512000;Bottrop;insg.;1;1;0;0;0;0;0;0;0;0;0;0;0;0;0;0;0;0;1;1;0;0;0;0;1;1;0;2021
892500;Mord, Totschlag und Toetung auf Verlangen;3101000;Braunschweig;insg.;6;5;1;0;0;0;1;1;0;1;1;0;1;1;0;0;0;0;3;2;1;1;1;0;4;3;1;2021
892500;Mord, Totschlag und Toetung auf Verlangen;4011000;Bremen;insg.;48;39;9;0;0;0;2;1;1;2;1;1;3;3;0;2;2;0;37;30;7;4;3;1;41;33;8;2021
892500;Mord, Totschlag und Toetung auf Verlangen;4012000;Bremerhaven;insg.;10;10;0;0;0;0;0;0;0;0;0;0;0;0;0;5;5;0;5;5;0;0;0;0;5;5;0;2021
892500;Mord, Totschlag und Toetung auf Verlangen;14511000;Chemnitz;insg.;7;4;3;0;0;0;0;0;0;0;0;0;0;0;0;1;1;0;5;3;2;1;0;1;6;3;3;2021
892500;Mord, Totschlag und Toetung auf Verlangen;12052000;Cottbus;insg.;5;3;2;0;0;0;0;0;0;0;0;0;0;0;0;1;1;0;4;2;2;0;0;0;4;2;2;2021
892500;Mord, Totschlag und Toetung auf Verlangen;6411000;Darmstadt;insg.;14;11;3;0;0;0;0;0;0;0;0;0;0;0;0;0;0;0;14;11;3;0;0;0;14;11;3;2021
892500;Mord, Totschlag und Toetung auf Verlangen;5913000;Dortmund;insg.;18;14;4;2;1;1;0;0;0;2;1;1;0;0;0;3;3;0;13;10;3;0;0;0;13;10;3;2021
892500;Mord, Totschlag und Toetung auf Verlangen;14612000;Dresden;insg.;12;7;5;0;0;0;1;0;1;1;0;1;0;0;0;0;0;0;9;7;2;2;0;2;11;7;4;2021
892500;Mord, Totschlag und Toetung auf Verlangen;5112000;Duisburg;insg.;7;4;3;1;1;0;0;0;0;1;1;0;1;0;1;0;0;0;3;3;0;2;0;2;5;3;2;2021
892500;Mord, Totschlag und Toetung auf Verlangen;5111000;Duesseldorf;insg.;18;14;4;2;0;2;0;0;0;2;0;2;0;0;0;0;0;0;14;12;2;2;2;0;16;14;2;2021
892500;Mord, Totschlag und Toetung auf Verlangen;16051000;Erfurt;insg.;3;1;2;0;0;0;0;0;0;0;0;0;0;0;0;0;0;0;1;1;0;2;0;2;3;1;2;2021
892500;Mord, Totschlag und Toetung auf Verlangen;9562000;Erlangen;insg.;1;0;1;0;0;0;0;0;0;0;0;0;0;0;0;0;0;0;1;0;1;0;0;0;1;0;1;2021
892500;Mord, Totschlag und Toetung auf Verlangen;5113000;Essen;insg.;25;16;9;4;2;2;0;0;0;4;2;2;0;0;0;0;0;0;15;10;5;6;4;2;21;14;7;2021
892500;Mord, Totschlag und Toetung auf Verlangen;6412000;Frankfurt am Main;insg.;53;43;10;1;1;0;0;0;0;1;1;0;0;0;0;0;0;0;41;36;5;11;6;5;52;42;10;2021
892500;Mord, Totschlag und Toetung auf Verlangen;8311000;Freiburg im Breisgau;insg.;8;7;1;0;0;0;0;0;0;0;0;0;0;0;0;0;0;0;5;5;0;3;2;1;8;7;1;2021
892500;Mord, Totschlag und Toetung auf Verlangen;9563000;Fuerth;insg.;10;9;1;0;0;0;0;0;0;0;0;0;0;0;0;0;0;0;9;9;0;1;0;1;10;9;1;2021
892500;Mord, Totschlag und Toetung auf Verlangen;5513000;Gelsenkirchen;insg.;11;9;2;1;1;0;0;0;0;1;1;0;0;0;0;0;0;0;9;8;1;1;0;1;10;8;2;2021
892500;Mord, Totschlag und Toetung auf Verlangen;3159016;Goettingen;insg.;6;5;1;0;0;0;0;0;0;0;0;0;0;0;0;0;0;0;6;5;1;0;0;0;6;5;1;2021
892500;Mord, Totschlag und Toetung auf Verlangen;5754008;Guetersloh;insg.;1;1;0;0;0;0;0;0;0;0;0;0;0;0;0;0;0;0;1;1;0;0;0;0;1;1;0;2021
892500;Mord, Totschlag und Toetung auf Verlangen;5914000;Hagen;insg.;11;7;4;0;0;0;0;0;0;0;0;0;1;1;0;0;0;0;7;4;3;3;2;1;10;6;4;2021
892500;Mord, Totschlag und Toetung auf Verlangen;15002000;Halle (Saale);insg.;4;3;1;0;0;0;1;0;1;1;0;1;0;0;0;0;0;0;3;3;0;0;0;0;3;3;0;2021
892500;Mord, Totschlag und Toetung auf Verlangen;2000000;Hamburg;insg.;85;66;19;2;0;2;1;1;0;3;1;2;4;4;0;6;5;1;70;56;14;2;0;2;72;56;16;2021
892500;Mord, Totschlag und Toetung auf Verlangen;5915000;Hamm;insg.;1;1;0;0;0;0;0;0;0;0;0;0;0;0;0;0;0;0;0;0;0;1;1;0;1;1;0;2021
892500;Mord, Totschlag und Toetung auf Verlangen;3241001;Hannover;insg.;31;27;4;0;0;0;0;0;0;0;0;0;1;1;0;3;3;0;25;23;2;2;0;2;27;23;4;2021
892500;Mord, Totschlag und Toetung auf Verlangen;8221000;Heidelberg;insg.;3;3;0;0;0;0;0;0;0;0;0;0;0;0;0;0;0;0;2;2;0;1;1;0;3;3;0;2021
892500;Mord, Totschlag und Toetung auf Verlangen;8121000;Heilbronn;insg.;7;4;3;1;0;1;0;0;0;1;0;1;0;0;0;0;0;0;6;4;2;0;0;0;6;4;2;2021
892500;Mord, Totschlag und Toetung auf Verlangen;5916000;Herne;insg.;3;2;1;0;0;0;0;0;0;0;0;0;0;0;0;0;0;0;3;2;1;0;0;0;3;2;1;2021
892500;Mord, Totschlag und Toetung auf Verlangen;3254021;Hildesheim;insg.;27;13;14;1;1;0;0;0;0;1;1;0;0;0;0;1;1;0;7;4;3;18;7;11;25;11;14;2021
892500;Mord, Totschlag und Toetung auf Verlangen;9161000;Ingolstadt;insg.;10;3;7;0;0;0;2;0;2;2;0;2;1;0;1;0;0;0;5;3;2;2;0;2;7;3;4;2021
892500;Mord, Totschlag und Toetung auf Verlangen;16053000;Jena;insg.;3;2;1;0;0;0;0;0;0;0;0;0;0;0;0;0;0;0;2;2;0;1;0;1;3;2;1;2021
892500;Mord, Totschlag und Toetung auf Verlangen;7312000;Kaiserslautern;insg.;12;8;4;1;0;1;0;0;0;1;0;1;0;0;0;2;2;0;9;6;3;0;0;0;9;6;3;2021
892500;Mord, Totschlag und Toetung auf Verlangen;8212000;Karlsruhe;insg.;19;13;6;1;0;1;1;0;1;2;0;2;0;0;0;1;1;0;12;9;3;4;3;1;16;12;4;2021
892500;Mord, Totschlag und Toetung auf Verlangen;6611000;Kassel;insg.;10;9;1;0;0;0;0;0;0;0;0;0;0;0;0;0;0;0;10;9;1;0;0;0;10;9;1;2021
892500;Mord, Totschlag und Toetung auf Verlangen;1002000;Kiel;insg.;17;12;5;0;0;0;0;0;0;0;0;0;0;0;0;0;0;0;15;12;3;2;0;2;17;12;5;2021
892500;Mord, Totschlag und Toetung auf Verlangen;7111000;Koblenz;insg.;0;0;0;0;0;0;0;0;0;0;0;0;0;0;0;0;0;0;0;0;0;0;0;0;0;0;0;2021
892500;Mord, Totschlag und Toetung auf Verlangen;5315000;Koeln;insg.;17;10;7;3;2;1;0;0;0;3;2;1;0;0;0;0;0;0;12;7;5;2;1;1;14;8;6;2021
892500;Mord, Totschlag und Toetung auf Verlangen;5114000;Krefeld;insg.;8;7;1;0;0;0;0;0;0;0;0;0;1;1;0;2;2;0;3;2;1;2;2;0;5;4;1;2021
892500;Mord, Totschlag und Toetung auf Verlangen;14713000;Leipzig;insg.;13;9;4;0;0;0;0;0;0;0;0;0;2;1;1;0;0;0;9;8;1;2;0;2;11;8;3;2021
892500;Mord, Totschlag und Toetung auf Verlangen;5316000;Leverkusen;insg.;0;0;0;0;0;0;0;0;0;0;0;0;0;0;0;0;0;0;0;0;0;0;0;0;0;0;0;2021
892500;Mord, Totschlag und Toetung auf Verlangen;1003000;Luebeck;insg.;7;3;4;0;0;0;0;0;0;0;0;0;0;0;0;0;0;0;4;2;2;3;1;2;7;3;4;2021
892500;Mord, Totschlag und Toetung auf Verlangen;7314000;Ludwigshafen am Rhein;insg.;7;5;2;0;0;0;0;0;0;0;0;0;2;1;1;1;1;0;3;3;0;1;0;1;4;3;1;2021
892500;Mord, Totschlag und Toetung auf Verlangen;15003000;Magdeburg;insg.;11;7;4;0;0;0;0;0;0;0;0;0;0;0;0;2;2;0;7;3;4;2;2;0;9;5;4;2021
892500;Mord, Totschlag und Toetung auf Verlangen;7315000;Mainz;insg.;2;2;0;0;0;0;0;0;0;0;0;0;0;0;0;0;0;0;2;2;0;0;0;0;2;2;0;2021
892500;Mord, Totschlag und Toetung auf Verlangen;8222000;Mannheim;insg.;21;19;2;0;0;0;0;0;0;0;0;0;0;0;0;0;0;0;20;18;2;1;1;0;21;19;2;2021
892500;Mord, Totschlag und Toetung auf Verlangen;5170024;Moers;insg.;1;1;0;0;0;0;0;0;0;0;0;0;0;0;0;0;0;0;1;1;0;0;0;0;1;1;0;2021
892500;Mord, Totschlag und Toetung auf Verlangen;5116000;Moenchengladbach;insg.;10;4;6;2;1;1;0;0;0;2;1;1;1;0;1;1;0;1;4;2;2;2;1;1;6;3;3;2021
892500;Mord, Totschlag und Toetung auf Verlangen;5117000;Muelheim an der Ruhr;insg.;5;3;2;0;0;0;0;0;0;0;0;0;1;1;0;0;0;0;3;1;2;1;1;0;4;2;2;2021
892500;Mord, Totschlag und Toetung auf Verlangen;9162000;Muenchen;insg.;57;35;22;2;0;2;0;0;0;2;0;2;7;6;1;2;2;0;39;25;14;7;2;5;46;27;19;2021
892500;Mord, Totschlag und Toetung auf Verlangen;5515000;Muenster;insg.;4;4;0;0;0;0;0;0;0;0;0;0;0;0;0;0;0;0;2;2;0;2;2;0;4;4;0;2021
892500;Mord, Totschlag und Toetung auf Verlangen;5162024;Neuss;insg.;10;9;1;0;0;0;0;0;0;0;0;0;4;4;0;0;0;0;6;5;1;0;0;0;6;5;1;2021
892500;Mord, Totschlag und Toetung auf Verlangen;9564000;Nuernberg;insg.;53;39;14;3;2;1;2;1;1;5;3;2;1;1;0;3;3;0;40;29;11;4;3;1;44;32;12;2021
892500;Mord, Totschlag und Toetung auf Verlangen;5119000;Oberhausen;insg.;10;7;3;0;0;0;0;0;0;0;0;0;0;0;0;0;0;0;6;6;0;4;1;3;10;7;3;2021
892500;Mord, Totschlag und Toetung auf Verlangen;6413000;Offenbach am Main;insg.;3;3;0;0;0;0;0;0;0;0;0;0;0;0;0;1;1;0;2;2;0;0;0;0;2;2;0;2021
892500;Mord, Totschlag und Toetung auf Verlangen;3403000;Oldenburg (Oldenburg);insg.;10;6;4;0;0;0;0;0;0;0;0;0;0;0;0;1;1;0;7;4;3;2;1;1;9;5;4;2021
892500;Mord, Totschlag und Toetung auf Verlangen;3404000;Osnabrueck;insg.;8;6;2;1;0;1;0;0;0;1;0;1;0;0;0;0;0;0;6;5;1;1;1;0;7;6;1;2021
892500;Mord, Totschlag und Toetung auf Verlangen;5774032;Paderborn;insg.;5;3;2;1;0;1;0;0;0;1;0;1;0;0;0;0;0;0;3;2;1;1;1;0;4;3;1;2021
892500;Mord, Totschlag und Toetung auf Verlangen;8231000;Pforzheim;insg.;4;4;0;0;0;0;0;0;0;0;0;0;0;0;0;0;0;0;2;2;0;2;2;0;4;4;0;2021
892500;Mord, Totschlag und Toetung auf Verlangen;12054000;Potsdam;insg.;7;4;3;1;1;0;0;0;0;1;1;0;0;0;0;0;0;0;6;3;3;0;0;0;6;3;3;2021
892500;Mord, Totschlag und Toetung auf Verlangen;5562032;Recklinghausen;insg.;2;2;0;0;0;0;0;0;0;0;0;0;0;0;0;0;0;0;2;2;0;0;0;0;2;2;0;2021
892500;Mord, Totschlag und Toetung auf Verlangen;9362000;Regensburg;insg.;9;4;5;1;0;1;0;0;0;1;0;1;0;0;0;0;0;0;8;4;4;0;0;0;8;4;4;2021
892500;Mord, Totschlag und Toetung auf Verlangen;5120000;Remscheid;insg.;6;4;2;0;0;0;0;0;0;0;0;0;1;1;0;0;0;0;5;3;2;0;0;0;5;3;2;2021
892500;Mord, Totschlag und Toetung auf Verlangen;8415061;Reutlingen;insg.;14;12;2;0;0;0;0;0;0;0;0;0;2;1;1;2;2;0;8;7;1;2;2;0;10;9;1;2021
892500;Mord, Totschlag und Toetung auf Verlangen;13003000;Rostock;insg.;5;4;1;0;0;0;0;0;0;0;0;0;0;0;0;0;0;0;5;4;1;0;0;0;5;4;1;2021
892500;Mord, Totschlag und Toetung auf Verlangen;10041100;Saarbruecken;insg.;12;10;2;0;0;0;0;0;0;0;0;0;0;0;0;2;2;0;7;5;2;3;3;0;10;8;2;2021
892500;Mord, Totschlag und Toetung auf Verlangen;3102000;Salzgitter;insg.;5;2;3;0;0;0;1;1;0;1;1;0;0;0;0;0;0;0;4;1;3;0;0;0;4;1;3;2021
892500;Mord, Totschlag und Toetung auf Verlangen;13004000;Schwerin;insg.;2;0;2;0;0;0;1;0;1;1;0;1;0;0;0;0;0;0;0;0;0;1;0;1;1;0;1;2021
892500;Mord, Totschlag und Toetung auf Verlangen;5970040;Siegen;insg.;2;2;0;0;0;0;0;0;0;0;0;0;0;0;0;0;0;0;0;0;0;2;2;0;2;2;0;2021
892500;Mord, Totschlag und Toetung auf Verlangen;5122000;Solingen;insg.;5;2;3;3;0;3;2;2;0;5;2;3;0;0;0;0;0;0;0;0;0;0;0;0;0;0;0;2021
892500;Mord, Totschlag und Toetung auf Verlangen;8111000;Stuttgart;insg.;26;23;3;0;0;0;0;0;0;0;0;0;4;4;0;3;3;0;16;15;1;3;1;2;19;16;3;2021
892500;Mord, Totschlag und Toetung auf Verlangen;7211000;Trier;insg.;2;1;1;0;0;0;0;0;0;0;0;0;0;0;0;0;0;0;1;1;0;1;0;1;2;1;1;2021
892500;Mord, Totschlag und Toetung auf Verlangen;8421000;Ulm;insg.;9;6;3;1;0;1;0;0;0;1;0;1;0;0;0;0;0;0;6;5;1;2;1;1;8;6;2;2021
892500;Mord, Totschlag und Toetung auf Verlangen;6414000;Wiesbaden;insg.;25;14;11;2;0;2;0;0;0;2;0;2;0;0;0;1;1;0;19;11;8;3;2;1;22;13;9;2021
892500;Mord, Totschlag und Toetung auf Verlangen;3103000;Wolfsburg;insg.;6;4;2;0;0;0;0;0;0;0;0;0;0;0;0;1;1;0;4;3;1;1;0;1;5;3;2;2021
892500;Mord, Totschlag und Toetung auf Verlangen;5124000;Wuppertal;insg.;8;6;2;0;0;0;0;0;0;0;0;0;0;0;0;0;0;0;7;5;2;1;1;0;8;6;2;2021
892500;Mord, Totschlag und Toetung auf Verlangen;9663000;Wuerzburg;insg.;7;7;0;0;0;0;0;0;0;0;0;0;1;1;0;0;0;0;6;6;0;0;0;0;6;6;0;2021
------;Straftaten insgesamt;5334002;Aachen;insg.;4960;2915;2045;43;25;18;213;110;103;256;135;121;307;165;142;415;230;185;3600;2164;1436;382;221;161;3982;2385;1597;2022
------;Straftaten insgesamt;9761000;Augsburg;insg.;5605;3554;2051;66;48;18;350;225;125;416;273;143;408;239;169;458;280;178;4025;2593;1432;298;169;129;4323;2762;1561;2022
------;Straftaten insgesamt;5378004;Bergisch Gladbach;insg.;1606;868;738;9;4;5;102;60;42;111;64;47;159;102;57;121;66;55;1036;548;488;179;88;91;1215;636;579;2022
------;Straftaten insgesamt;11000000;Berlin;insg.;95547;59412;36135;896;480;416;6236;3676;2560;7132;4156;2976;7198;4324;2874;5386;3097;2289;69954;44475;25479;5877;3360;2517;75831;47835;27996;2022
------;Straftaten insgesamt;5711000;Bielefeld;insg.;4904;2647;2257;49;24;25;271;129;142;320;153;167;335;145;190;406;200;206;3534;1982;1552;309;167;142;3843;2149;1694;2022
------;Straftaten insgesamt;5911000;Bochum;insg.;6743;3924;2819;69;34;35;461;250;211;530;284;246;531;306;225;495;275;220;4715;2774;1941;472;285;187;5187;3059;2128;2022
------;Straftaten insgesamt;5314000;Bonn;insg.;7006;4175;2831;58;27;31;385;217;168;443;244;199;567;344;223;503;284;219;4989;3015;1974;504;288;216;5493;3303;2190;2022
------;Straftaten insgesamt;5512000;Bottrop;insg.;1735;942;793;15;10;5;181;102;79;196;112;84;160;93;67;92;36;56;1139;611;528;148;90;58;1287;701;586;2022
------;Straftaten insgesamt;3101000;Braunschweig;insg.;4656;2754;1902;58;28;30;230;103;127;288;131;157;352;182;170;383;198;185;3364;2090;1274;269;153;116;3633;2243;1390;2022
------;Straftaten insgesamt;4011000;Bremen;insg.;10736;6294;4442;91;48;43;486;254;232;577;302;275;870;490;380;840;445;395;7775;4695;3080;674;362;312;8449;5057;3392;2022
------;Straftaten insgesamt;4012000;Bremerhaven;insg.;3113;1797;1316;17;4;13;157;92;65;174;96;78;262;131;131;237;118;119;2261;1327;934;179;125;54;2440;1452;988;2022
------;Straftaten insgesamt;14511000;Chemnitz;insg.;3511;2034;1477;49;29;20;256;102;154;305;131;174;376;192;184;287;158;129;2320;1426;894;223;127;96;2543;1553;990;2022
------;Straftaten insgesamt;12052000;Cottbus;insg.;1759;1048;711;12;7;5;113;62;51;125;69;56;134;72;62;150;98;52;1225;740;485;125;69;56;1350;809;541;2022
------;Straftaten insgesamt;6411000;Darmstadt;insg.;2224;1245;979;11;6;5;94;48;46;105;54;51;199;92;107;189;108;81;1597;918;679;134;73;61;1731;991;740;2022
------;Straftaten insgesamt;5913000;Dortmund;insg.;13394;8120;5274;94;46;48;729;403;326;823;449;374;920;527;393;1016;563;453;9880;6111;3769;755;470;285;10635;6581;4054;2022
------;Straftaten insgesamt;14612000;Dresden;insg.;7534;4758;2776;127;67;60;502;263;239;629;330;299;623;381;242;604;350;254;5171;3392;1779;507;305;202;5678;3697;1981;2022
------;Straftaten insgesamt;5112000;Duisburg;insg.;10096;5565;4531;136;77;59;878;509;369;1014;586;428;878;468;410;648;340;308;6913;3832;3081;643;339;304;7556;4171;3385;2022
------;Straftaten insgesamt;5111000;Duesseldorf;insg.;13235;8124;5111;119;60;59;622;298;324;741;358;383;831;479;352;1106;637;469;9719;6144;3575;838;506;332;10557;6650;3907;2022
------;Straftaten insgesamt;16051000;Erfurt;insg.;3613;2308;1305;52;28;24;243;116;127;295;144;151;236;135;101;316;200;116;2553;1703;850;213;126;87;2766;1829;937;2022
------;Straftaten insgesamt;9562000;Erlangen;insg.;1252;793;459;16;10;6;77;54;23;93;64;29;83;51;32;99;55;44;908;585;323;69;38;31;977;623;354;2022
------;Straftaten insgesamt;5113000;Essen;insg.;10545;6087;4458;114;56;58;727;371;356;841;427;414;966;544;422;707;358;349;7282;4298;2984;749;460;289;8031;4758;3273;2022
------;Straftaten insgesamt;6412000;Frankfurt am Main;insg.;15463;9955;5508;131;67;64;541;300;241;672;367;305;820;463;357;1025;607;418;12018;7952;4066;928;566;362;12946;8518;4428;2022
------;Straftaten insgesamt;8311000;Freiburg im Breisgau;insg.;4572;3003;1569;46;33;13;233;125;108;279;158;121;325;182;143;363;247;116;3353;2251;1102;252;165;87;3605;2416;1189;2022
------;Straftaten insgesamt;9563000;Fuerth;insg.;1112;633;479;19;9;10;69;38;31;88;47;41;114;71;43;77;42;35;759;431;328;74;42;32;833;473;360;2022
------;Straftaten insgesamt;5513000;Gelsenkirchen;insg.;5878;3286;2592;53;24;29;422;262;160;475;286;189;569;335;234;427;208;219;4066;2246;1820;341;211;130;4407;2457;1950;2022
------;Straftaten insgesamt;3159016;Goettingen;insg.;2694;1643;1051;22;12;10;125;87;38;147;99;48;161;72;89;216;108;108;2023;1275;748;147;89;58;2170;1364;806;2022
------;Straftaten insgesamt;5754008;Guetersloh;insg.;1507;819;688;19;12;7;88;45;43;107;57;50;111;57;54;119;59;60;1067;592;475;103;54;49;1170;646;524;2022
------;Straftaten insgesamt;5914000;Hagen;insg.;4342;2476;1866;44;23;21;316;176;140;360;199;161;368;189;179;366;207;159;2976;1724;1252;272;157;115;3248;1881;1367;2022
------;Straftaten insgesamt;15002000;Halle (Saale);insg.;6429;4046;2383;62;29;33;558;329;229;620;358;262;689;460;229;535;335;200;4284;2719;1565;301;174;127;4585;2893;1692;2022
------;Straftaten insgesamt;2000000;Hamburg;insg.;35752;22338;13414;234;137;97;2063;1263;800;2297;1400;897;2543;1459;1084;2272;1375;897;26572;16883;9689;2068;1221;847;28640;18104;10536;2022
------;Straftaten insgesamt;5915000;Hamm;insg.;3465;2054;1411;30;14;16;231;131;100;261;145;116;305;170;135;300;175;125;2414;1455;959;185;109;76;2599;1564;1035;2022
------;Straftaten insgesamt;6435014;Hanau;insg.;1225;650;575;23;12;11;65;33;32;88;45;43;81;44;37;90;44;46;874;467;407;92;50;42;966;517;449;2022
------;Straftaten insgesamt;3241001;Hannover;insg.;14648;9267;5381;144;77;67;761;419;342;905;496;409;1096;596;500;1069;610;459;10782;7079;3703;796;486;310;11578;7565;4013;2022
------;Straftaten insgesamt;8221000;Heidelberg;insg.;2379;1581;798;19;16;3;69;35;34;88;51;37;143;86;57;199;131;68;1788;1216;572;161;97;64;1949;1313;636;2022
------;Straftaten insgesamt;8121000;Heilbronn;insg.;1806;1087;719;33;25;8;65;33;32;98;58;40;95;52;43;158;98;60;1331;809;522;124;70;54;1455;879;576;2022
------;Straftaten insgesamt;5916000;Herne;insg.;3200;1770;1430;27;18;9;216;121;95;243;139;104;331;189;142;239;112;127;2168;1217;951;219;113;106;2387;1330;1057;2022
------;Straftaten insgesamt;3254021;Hildesheim;insg.;2031;1146;885;30;17;13;116;77;39;146;94;52;176;101;75;155;84;71;1416;787;629;138;80;58;1554;867;687;2022
------;Straftaten insgesamt;9161000;Ingolstadt;insg.;2421;1442;979;42;20;22;152;80;72;194;100;94;152;82;70;188;117;71;1779;1085;694;108;58;50;1887;1143;744;2022
------;Straftaten insgesamt;16053000;Jena;insg.;1471;894;577;23;14;9;65;37;28;88;51;37;120;70;50;133;81;52;1037;635;402;93;57;36;1130;692;438;2022
------;Straftaten insgesamt;7312000;Kaiserslautern;insg.;3030;1897;1133;16;6;10;116;69;47;132;75;57;256;163;93;278;193;85;2188;1367;821;176;99;77;2364;1466;898;2022
------;Straftaten insgesamt;8212000;Karlsruhe;insg.;4310;2573;1737;44;23;21;222;127;95;266;150;116;342;163;179;314;184;130;3115;1930;1185;273;146;127;3388;2076;1312;2022
------;Straftaten insgesamt;6611000;Kassel;insg.;4503;2680;1823;51;31;20;270;122;148;321;153;168;282;157;125;331;190;141;3291;2005;1286;278;175;103;3569;2180;1389;2022
------;Straftaten insgesamt;1002000;Kiel;insg.;4598;2885;1713;16;9;7;229;127;102;245;136;109;321;181;140;377;233;144;3426;2193;1233;229;142;87;3655;2335;1320;2022
------;Straftaten insgesamt;7111000;Koblenz;insg.;2673;1664;1009;16;11;5;109;48;61;125;59;66;228;142;86;179;102;77;1972;1257;715;169;104;65;2141;1361;780;2022
------;Straftaten insgesamt;5315000;Koeln;insg.;26439;16092;10347;188;99;89;1156;652;504;1344;751;593;1792;1032;760;1911;1127;784;19723;12156;7567;1669;1026;643;21392;13182;8210;2022
------;Straftaten insgesamt;5114000;Krefeld;insg.;4102;2255;1847;27;17;10;320;190;130;347;207;140;358;191;167;344;177;167;2786;1522;1264;267;158;109;3053;1680;1373;2022
------;Straftaten insgesamt;14713000;Leipzig;insg.;10527;6464;4063;116;65;51;535;304;231;651;369;282;755;431;324;751;437;314;7792;4899;2893;578;328;250;8370;5227;3143;2022
------;Straftaten insgesamt;5316000;Leverkusen;insg.;2895;1569;1326;25;19;6;210;114;96;235;133;102;267;150;117;191;102;89;1980;1050;930;222;134;88;2202;1184;1018;2022
------;Straftaten insgesamt;1003000;Luebeck;insg.;5563;3350;2213;29;17;12;267;136;131;296;153;143;373;200;173;405;238;167;4111;2548;1563;378;211;167;4489;2759;1730;2022
------;Straftaten insgesamt;7314000;Ludwigshafen am Rhein;insg.;3873;2203;1670;31;18;13;375;227;148;406;245;161;393;243;150;259;153;106;2552;1427;1125;263;135;128;2815;1562;1253;2022
------;Straftaten insgesamt;15003000;Magdeburg;insg.;5388;3255;2133;52;27;25;291;163;128;343;190;153;459;256;203;460;284;176;3795;2329;1466;331;196;135;4126;2525;1601;2022
------;Straftaten insgesamt;7315000;Mainz;insg.;3120;1940;1180;22;10;12;122;71;51;144;81;63;242;137;105;257;159;98;2269;1435;834;208;128;80;2477;1563;914;2022
------;Straftaten insgesamt;8222000;Mannheim;insg.;4629;2616;2013;66;40;26;205;107;98;271;147;124;283;152;131;297;144;153;3489;2000;1489;289;173;116;3778;2173;1605;2022
------;Straftaten insgesamt;5170024;Moers;insg.;1367;735;632;29;18;11;91;52;39;120;70;50;149;89;60;105;46;59;878;454;424;115;76;39;993;530;463;2022
------;Straftaten insgesamt;5116000;Moenchengladbach;insg.;5357;3059;2298;47;25;22;320;176;144;367;201;166;414;255;159;363;217;146;3896;2205;1691;317;181;136;4213;2386;1827;2022
------;Straftaten insgesamt;5117000;Muelheim an der Ruhr;insg.;2398;1256;1142;36;16;20;171;95;76;207;111;96;197;114;83;148;73;75;1666;852;814;180;106;74;1846;958;888;2022
------;Straftaten insgesamt;9162000;Muenchen;insg.;20224;13054;7170;300;206;94;931;562;369;1231;768;463;1224;730;494;1360;806;554;15221;10018;5203;1188;732;456;16409;10750;5659;2022
------;Straftaten insgesamt;5515000;Muenster;insg.;5589;3463;2126;54;32;22;281;148;133;335;180;155;371;245;126;481;301;180;4054;2528;1526;348;209;139;4402;2737;1665;2022
------;Straftaten insgesamt;5162024;Neuss;insg.;2442;1358;1084;29;13;16;169;81;88;198;94;104;177;86;91;173;94;79;1751;998;753;143;86;57;1894;1084;810;2022
------;Straftaten insgesamt;9564000;Nuernberg;insg.;8185;5050;3135;119;67;52;457;248;209;576;315;261;594;331;263;732;428;304;5887;3754;2133;396;222;174;6283;3976;2307;2022
------;Straftaten insgesamt;5119000;Oberhausen;insg.;3520;1952;1568;29;12;17;331;184;147;360;196;164;299;165;134;255;139;116;2358;1306;1052;248;146;102;2606;1452;1154;2022
------;Straftaten insgesamt;6413000;Offenbach am Main;insg.;1591;821;770;13;10;3;94;40;54;107;50;57;132;61;71;100;43;57;1147;598;549;105;69;36;1252;667;585;2022
------;Straftaten insgesamt;3403000;Oldenburg (Oldenburg);insg.;2593;1520;1073;40;20;20;208;85;123;248;105;143;240;135;105;239;133;106;1708;1053;655;158;94;64;1866;1147;719;2022
------;Straftaten insgesamt;3404000;Osnabrueck;insg.;3844;2354;1490;39;24;15;155;83;72;194;107;87;301;158;143;320;170;150;2807;1798;1009;222;121;101;3029;1919;1110;2022
------;Straftaten insgesamt;5774032;Paderborn;insg.;2837;1735;1102;23;15;8;161;67;94;184;82;102;204;111;93;246;142;104;2032;1299;733;171;101;70;2203;1400;803;2022
------;Straftaten insgesamt;8231000;Pforzheim;insg.;2104;1241;863;23;14;9;134;83;51;157;97;60;193;116;77;185;113;72;1444;832;612;125;83;42;1569;915;654;2022
------;Straftaten insgesamt;12054000;Potsdam;insg.;2208;1332;876;18;12;6;170;108;62;188;120;68;177;107;70;170;105;65;1514;917;597;159;83;76;1673;1000;673;2022
------;Straftaten insgesamt;5562032;Recklinghausen;insg.;2267;1297;970;24;10;14;151;93;58;175;103;72;224;124;100;147;81;66;1586;914;672;135;75;60;1721;989;732;2022
------;Straftaten insgesamt;9362000;Regensburg;insg.;2323;1455;868;27;15;12;69;45;24;96;60;36;175;104;71;211;136;75;1734;1088;646;107;67;40;1841;1155;686;2022
------;Straftaten insgesamt;5120000;Remscheid;insg.;2178;1215;963;23;9;14;161;90;71;184;99;85;205;109;96;135;74;61;1538;864;674;116;69;47;1654;933;721;2022
------;Straftaten insgesamt;8415061;Reutlingen;insg.;1791;1064;727;11;8;3;139;87;52;150;95;55;169;89;80;128;76;52;1237;736;501;107;68;39;1344;804;540;2022
------;Straftaten insgesamt;13003000;Rostock, Hanse- und Universit tsstadt;insg.;3904;2434;1470;37;26;11;288;164;124;325;190;135;382;207;175;316;200;116;2626;1696;930;255;141;114;2881;1837;1044;2022
------;Straftaten insgesamt;10041100;Saarbruecken;insg.;5241;3203;2038;20;10;10;251;130;121;271;140;131;395;231;164;393;244;149;3765;2312;1453;417;276;141;4182;2588;1594;2022
------;Straftaten insgesamt;3102000;Salzgitter;insg.;1914;1065;849;27;15;12;196;128;68;223;143;80;179;99;80;144;78;66;1279;698;581;89;47;42;1368;745;623;2022
------;Straftaten insgesamt;13004000;Schwerin;insg.;2408;1558;850;20;10;10;191;97;94;211;107;104;212;129;83;191;134;57;1674;1114;560;120;74;46;1794;1188;606;2022
------;Straftaten insgesamt;5970040;Siegen;insg.;2141;1302;839;19;8;11;95;43;52;114;51;63;203;121;82;175;107;68;1528;946;582;121;77;44;1649;1023;626;2022
------;Straftaten insgesamt;5122000;Solingen;insg.;2715;1488;1227;36;16;20;227;142;85;263;158;105;305;193;112;193;102;91;1740;921;819;214;114;100;1954;1035;919;2022
------;Straftaten insgesamt;8111000;Stuttgart;insg.;12712;8215;4497;103;63;40;542;311;231;645;374;271;801;440;361;977;576;401;9600;6401;3199;689;424;265;10289;6825;3464;2022
------;Straftaten insgesamt;7211000;Trier;insg.;2314;1447;867;15;9;6;101;58;43;116;67;49;198;127;71;246;134;112;1632;1045;587;122;74;48;1754;1119;635;2022
------;Straftaten insgesamt;8421000;Ulm;insg.;2119;1309;810;16;10;6;115;51;64;131;61;70;165;81;84;199;117;82;1504;979;525;120;71;49;1624;1050;574;2022
------;Straftaten insgesamt;6414000;Wiesbaden;insg.;4853;2682;2171;46;24;22;328;160;168;374;184;190;418;215;203;334;197;137;3379;1890;1489;348;196;152;3727;2086;1641;2022
------;Straftaten insgesamt;3103000;Wolfsburg;insg.;1769;1015;754;33;16;17;112;57;55;145;73;72;116;66;50;115;55;60;1282;764;518;111;57;54;1393;821;572;2022
------;Straftaten insgesamt;5124000;Wuppertal;insg.;7565;4327;3238;82;45;37;555;314;241;637;359;278;632;369;263;577;302;275;5234;2986;2248;485;311;174;5719;3297;2422;2022
------;Straftaten insgesamt;9663000;Wuerzburg;insg.;2018;1265;753;16;9;7;86;56;30;102;65;37;182;112;70;224;125;99;1407;897;510;103;66;37;1510;963;547;2022
111000;Vergewaltigung und sexuelle Noetigung;5334002;Aachen;insg.;52;1;51;0;0;0;1;1;0;1;1;0;7;0;7;8;0;8;33;0;33;3;0;3;36;0;36;2022
111000;Vergewaltigung und sexuelle Noetigung;9761000;Augsburg;insg.;34;0;34;0;0;0;0;0;0;0;0;0;11;0;11;6;0;6;17;0;17;0;0;0;17;0;17;2022
111000;Vergewaltigung und sexuelle Noetigung;5378004;Bergisch Gladbach;insg.;13;0;13;0;0;0;0;0;0;0;0;0;4;0;4;1;0;1;7;0;7;1;0;1;8;0;8;2022
111000;Vergewaltigung und sexuelle Noetigung;11000000;Berlin;insg.;969;90;879;2;2;0;27;5;22;29;7;22;186;4;182;134;12;122;607;67;540;13;0;13;620;67;553;2022
111000;Vergewaltigung und sexuelle Noetigung;5711000;Bielefeld;insg.;92;5;87;1;0;1;0;0;0;1;0;1;13;0;13;14;3;11;64;2;62;0;0;0;64;2;62;2022
111000;Vergewaltigung und sexuelle Noetigung;5911000;Bochum;insg.;56;1;55;0;0;0;0;0;0;0;0;0;12;0;12;8;0;8;32;1;31;4;0;4;36;1;35;2022
111000;Vergewaltigung und sexuelle Noetigung;5314000;Bonn;insg.;61;4;57;0;0;0;5;0;5;5;0;5;15;1;14;8;1;7;32;2;30;1;0;1;33;2;31;2022
111000;Vergewaltigung und sexuelle Noetigung;5512000;Bottrop;insg.;21;1;20;0;0;0;1;1;0;1;1;0;7;0;7;3;0;3;10;0;10;0;0;0;10;0;10;2022
111000;Vergewaltigung und sexuelle Noetigung;3101000;Braunschweig;insg.;53;4;49;0;0;0;1;0;1;1;0;1;13;2;11;10;0;10;29;2;27;0;0;0;29;2;27;2022
111000;Vergewaltigung und sexuelle Noetigung;4011000;Bremen;insg.;159;4;155;1;0;1;1;0;1;2;0;2;29;0;29;22;1;21;101;3;98;5;0;5;106;3;103;2022
111000;Vergewaltigung und sexuelle Noetigung;4012000;Bremerhaven;insg.;31;2;29;0;0;0;0;0;0;0;0;0;7;0;7;5;1;4;19;1;18;0;0;0;19;1;18;2022
111000;Vergewaltigung und sexuelle Noetigung;14511000;Chemnitz;insg.;42;3;39;0;0;0;0;0;0;0;0;0;14;0;14;7;1;6;19;0;19;2;2;0;21;2;19;2022
111000;Vergewaltigung und sexuelle Noetigung;12052000;Cottbus;insg.;12;2;10;0;0;0;0;0;0;0;0;0;3;0;3;3;1;2;6;1;5;0;0;0;6;1;5;2022
111000;Vergewaltigung und sexuelle Noetigung;6411000;Darmstadt;insg.;29;1;28;0;0;0;1;0;1;1;0;1;7;0;7;4;0;4;16;1;15;1;0;1;17;1;16;2022
111000;Vergewaltigung und sexuelle Noetigung;5913000;Dortmund;insg.;136;8;128;0;0;0;1;0;1;1;0;1;41;3;38;16;0;16;75;5;70;3;0;3;78;5;73;2022
111000;Vergewaltigung und sexuelle Noetigung;14612000;Dresden;insg.;58;4;54;0;0;0;0;0;0;0;0;0;21;3;18;13;0;13;24;1;23;0;0;0;24;1;23;2022
111000;Vergewaltigung und sexuelle Noetigung;5112000;Duisburg;insg.;77;5;72;0;0;0;2;1;1;2;1;1;15;0;15;17;1;16;40;3;37;3;0;3;43;3;40;2022
111000;Vergewaltigung und sexuelle Noetigung;5111000;Duesseldorf;insg.;191;15;176;0;0;0;1;1;0;1;1;0;30;2;28;47;2;45;111;9;102;2;1;1;113;10;103;2022
111000;Vergewaltigung und sexuelle Noetigung;16051000;Erfurt;insg.;18;0;18;0;0;0;0;0;0;0;0;0;4;0;4;4;0;4;10;0;10;0;0;0;10;0;10;2022
111000;Vergewaltigung und sexuelle Noetigung;9562000;Erlangen;insg.;20;0;20;0;0;0;0;0;0;0;0;0;3;0;3;5;0;5;11;0;11;1;0;1;12;0;12;2022
111000;Vergewaltigung und sexuelle Noetigung;5113000;Essen;insg.;108;10;98;0;0;0;0;0;0;0;0;0;27;2;25;18;1;17;60;7;53;3;0;3;63;7;56;2022
111000;Vergewaltigung und sexuelle Noetigung;6412000;Frankfurt am Main;insg.;161;4;157;0;0;0;5;0;5;5;0;5;38;1;37;27;1;26;88;2;86;3;0;3;91;2;89;2022
111000;Vergewaltigung und sexuelle Noetigung;8311000;Freiburg im Breisgau;insg.;46;2;44;0;0;0;2;0;2;2;0;2;5;0;5;8;0;8;28;2;26;3;0;3;31;2;29;2022
111000;Vergewaltigung und sexuelle Noetigung;9563000;Fuerth;insg.;17;1;16;0;0;0;0;0;0;0;0;0;5;0;5;3;0;3;9;1;8;0;0;0;9;1;8;2022
111000;Vergewaltigung und sexuelle Noetigung;5513000;Gelsenkirchen;insg.;55;3;52;0;0;0;2;1;1;2;1;1;15;1;14;10;1;9;28;0;28;0;0;0;28;0;28;2022
111000;Vergewaltigung und sexuelle Noetigung;3159016;Goettingen;insg.;45;3;42;0;0;0;0;0;0;0;0;0;8;0;8;5;1;4;31;2;29;1;0;1;32;2;30;2022
111000;Vergewaltigung und sexuelle Noetigung;5754008;Guetersloh;insg.;17;1;16;0;0;0;0;0;0;0;0;0;3;0;3;4;0;4;10;1;9;0;0;0;10;1;9;2022
111000;Vergewaltigung und sexuelle Noetigung;5914000;Hagen;insg.;38;7;31;0;0;0;2;2;0;2;2;0;9;2;7;11;1;10;15;2;13;1;0;1;16;2;14;2022
111000;Vergewaltigung und sexuelle Noetigung;15002000;Halle (Saale);insg.;54;3;51;0;0;0;3;1;2;3;1;2;9;0;9;7;0;7;34;2;32;1;0;1;35;2;33;2022
111000;Vergewaltigung und sexuelle Noetigung;2000000;Hamburg;insg.;233;18;215;2;1;1;6;1;5;8;2;6;46;2;44;34;3;31;142;11;131;3;0;3;145;11;134;2022
111000;Vergewaltigung und sexuelle Noetigung;5915000;Hamm;insg.;38;1;37;0;0;0;0;0;0;0;0;0;8;0;8;5;0;5;25;1;24;0;0;0;25;1;24;2022
111000;Vergewaltigung und sexuelle Noetigung;6435014;Hanau;insg.;24;1;23;0;0;0;0;0;0;0;0;0;3;0;3;6;0;6;15;1;14;0;0;0;15;1;14;2022
111000;Vergewaltigung und sexuelle Noetigung;3241001;Hannover;insg.;149;5;144;1;1;0;1;1;0;2;2;0;31;0;31;33;1;32;80;2;78;3;0;3;83;2;81;2022
111000;Vergewaltigung und sexuelle Noetigung;8221000;Heidelberg;insg.;18;0;18;0;0;0;0;0;0;0;0;0;4;0;4;4;0;4;8;0;8;2;0;2;10;0;10;2022
111000;Vergewaltigung und sexuelle Noetigung;8121000;Heilbronn;insg.;15;2;13;0;0;0;0;0;0;0;0;0;3;1;2;3;1;2;9;0;9;0;0;0;9;0;9;2022
111000;Vergewaltigung und sexuelle Noetigung;5916000;Herne;insg.;34;1;33;0;0;0;0;0;0;0;0;0;5;0;5;4;1;3;25;0;25;0;0;0;25;0;25;2022
111000;Vergewaltigung und sexuelle Noetigung;3254021;Hildesheim;insg.;24;1;23;0;0;0;0;0;0;0;0;0;6;0;6;9;1;8;9;0;9;0;0;0;9;0;9;2022
111000;Vergewaltigung und sexuelle Noetigung;9161000;Ingolstadt;insg.;30;1;29;0;0;0;0;0;0;0;0;0;4;0;4;8;0;8;18;1;17;0;0;0;18;1;17;2022
111000;Vergewaltigung und sexuelle Noetigung;16053000;Jena;insg.;11;1;10;0;0;0;1;0;1;1;0;1;2;0;2;1;1;0;7;0;7;0;0;0;7;0;7;2022
111000;Vergewaltigung und sexuelle Noetigung;7312000;Kaiserslautern;insg.;16;3;13;0;0;0;0;0;0;0;0;0;2;0;2;2;0;2;12;3;9;0;0;0;12;3;9;2022
111000;Vergewaltigung und sexuelle Noetigung;8212000;Karlsruhe;insg.;53;1;52;0;0;0;1;0;1;1;0;1;13;0;13;9;0;9;29;1;28;1;0;1;30;1;29;2022
111000;Vergewaltigung und sexuelle Noetigung;6611000;Kassel;insg.;41;4;37;0;0;0;1;1;0;1;1;0;11;1;10;4;0;4;24;2;22;1;0;1;25;2;23;2022
111000;Vergewaltigung und sexuelle Noetigung;1002000;Kiel;insg.;41;1;40;0;0;0;2;0;2;2;0;2;8;1;7;10;0;10;20;0;20;1;0;1;21;0;21;2022
111000;Vergewaltigung und sexuelle Noetigung;7111000;Koblenz;insg.;15;3;12;0;0;0;0;0;0;0;0;0;3;0;3;3;2;1;8;1;7;1;0;1;9;1;8;2022
111000;Vergewaltigung und sexuelle Noetigung;5315000;Koeln;insg.;293;20;273;0;0;0;3;0;3;3;0;3;60;2;58;38;2;36;180;15;165;12;1;11;192;16;176;2022
111000;Vergewaltigung und sexuelle Noetigung;5114000;Krefeld;insg.;44;2;42;0;0;0;0;0;0;0;0;0;10;0;10;12;1;11;21;1;20;1;0;1;22;1;21;2022
111000;Vergewaltigung und sexuelle Noetigung;14713000;Leipzig;insg.;64;3;61;0;0;0;1;0;1;1;0;1;17;0;17;14;2;12;30;0;30;2;1;1;32;1;31;2022
111000;Vergewaltigung und sexuelle Noetigung;5316000;Leverkusen;insg.;33;2;31;0;0;0;1;0;1;1;0;1;8;0;8;2;0;2;22;2;20;0;0;0;22;2;20;2022
111000;Vergewaltigung und sexuelle Noetigung;1003000;Luebeck;insg.;59;4;55;0;0;0;1;0;1;1;0;1;19;0;19;7;1;6;31;3;28;1;0;1;32;3;29;2022
111000;Vergewaltigung und sexuelle Noetigung;7314000;Ludwigshafen am Rhein;insg.;35;0;35;0;0;0;1;0;1;1;0;1;6;0;6;5;0;5;22;0;22;1;0;1;23;0;23;2022
111000;Vergewaltigung und sexuelle Noetigung;15003000;Magdeburg;insg.;47;4;43;0;0;0;2;0;2;2;0;2;5;0;5;14;1;13;25;3;22;1;0;1;26;3;23;2022
111000;Vergewaltigung und sexuelle Noetigung;7315000;Mainz;insg.;39;1;38;0;0;0;1;0;1;1;0;1;7;1;6;5;0;5;26;0;26;0;0;0;26;0;26;2022
111000;Vergewaltigung und sexuelle Noetigung;8222000;Mannheim;insg.;71;4;67;0;0;0;2;0;2;2;0;2;13;1;12;13;1;12;42;2;40;1;0;1;43;2;41;2022
111000;Vergewaltigung und sexuelle Noetigung;5170024;Moers;insg.;15;0;15;0;0;0;0;0;0;0;0;0;6;0;6;3;0;3;6;0;6;0;0;0;6;0;6;2022
111000;Vergewaltigung und sexuelle Noetigung;5116000;Moenchengladbach;insg.;54;3;51;0;0;0;2;0;2;2;0;2;10;1;9;7;1;6;34;1;33;1;0;1;35;1;34;2022
111000;Vergewaltigung und sexuelle Noetigung;5117000;Muelheim an der Ruhr;insg.;40;0;40;0;0;0;1;0;1;1;0;1;12;0;12;5;0;5;22;0;22;0;0;0;22;0;22;2022
111000;Vergewaltigung und sexuelle Noetigung;9162000;Muenchen;insg.;268;10;258;0;0;0;0;0;0;0;0;0;50;2;48;43;2;41;168;5;163;7;1;6;175;6;169;2022
111000;Vergewaltigung und sexuelle Noetigung;5515000;Muenster;insg.;51;3;48;0;0;0;0;0;0;0;0;0;12;0;12;7;1;6;32;2;30;0;0;0;32;2;30;2022
111000;Vergewaltigung und sexuelle Noetigung;5162024;Neuss;insg.;29;1;28;0;0;0;0;0;0;0;0;0;7;0;7;4;0;4;16;1;15;2;0;2;18;1;17;2022
111000;Vergewaltigung und sexuelle Noetigung;9564000;Nuernberg;insg.;94;3;91;0;0;0;0;0;0;0;0;0;17;3;14;20;0;20;56;0;56;1;0;1;57;0;57;2022
111000;Vergewaltigung und sexuelle Noetigung;5119000;Oberhausen;insg.;47;1;46;0;0;0;1;0;1;1;0;1;11;0;11;7;0;7;26;1;25;2;0;2;28;1;27;2022
111000;Vergewaltigung und sexuelle Noetigung;6413000;Offenbach am Main;insg.;36;1;35;0;0;0;0;0;0;0;0;0;7;0;7;3;0;3;25;1;24;1;0;1;26;1;25;2022
111000;Vergewaltigung und sexuelle Noetigung;3403000;Oldenburg (Oldenburg);insg.;40;2;38;0;0;0;2;2;0;2;2;0;6;0;6;10;0;10;22;0;22;0;0;0;22;0;22;2022
111000;Vergewaltigung und sexuelle Noetigung;3404000;Osnabrueck;insg.;49;2;47;0;0;0;2;0;2;2;0;2;6;0;6;12;1;11;28;1;27;1;0;1;29;1;28;2022
111000;Vergewaltigung und sexuelle Noetigung;5774032;Paderborn;insg.;33;3;30;0;0;0;3;1;2;3;1;2;9;1;8;10;1;9;10;0;10;1;0;1;11;0;11;2022
111000;Vergewaltigung und sexuelle Noetigung;8231000;Pforzheim;insg.;34;1;33;0;0;0;3;0;3;3;0;3;11;0;11;6;0;6;14;1;13;0;0;0;14;1;13;2022
111000;Vergewaltigung und sexuelle Noetigung;12054000;Potsdam;insg.;27;0;27;0;0;0;0;0;0;0;0;0;13;0;13;3;0;3;11;0;11;0;0;0;11;0;11;2022
111000;Vergewaltigung und sexuelle Noetigung;5562032;Recklinghausen;insg.;27;1;26;0;0;0;0;0;0;0;0;0;2;0;2;3;1;2;21;0;21;1;0;1;22;0;22;2022
111000;Vergewaltigung und sexuelle Noetigung;9362000;Regensburg;insg.;28;1;27;0;0;0;0;0;0;0;0;0;7;0;7;8;1;7;13;0;13;0;0;0;13;0;13;2022
111000;Vergewaltigung und sexuelle Noetigung;5120000;Remscheid;insg.;28;1;27;0;0;0;0;0;0;0;0;0;9;1;8;6;0;6;13;0;13;0;0;0;13;0;13;2022
111000;Vergewaltigung und sexuelle Noetigung;8415061;Reutlingen;insg.;11;0;11;0;0;0;0;0;0;0;0;0;4;0;4;1;0;1;6;0;6;0;0;0;6;0;6;2022
111000;Vergewaltigung und sexuelle Noetigung;13003000;Rostock, Hanse- und Universit tsstadt;insg.;3;0;3;0;0;0;0;0;0;0;0;0;1;0;1;0;0;0;2;0;2;0;0;0;2;0;2;2022
111000;Vergewaltigung und sexuelle Noetigung;10041100;Saarbruecken;insg.;40;2;38;0;0;0;0;0;0;0;0;0;5;1;4;8;1;7;26;0;26;1;0;1;27;0;27;2022
111000;Vergewaltigung und sexuelle Noetigung;3102000;Salzgitter;insg.;17;0;17;0;0;0;0;0;0;0;0;0;5;0;5;2;0;2;10;0;10;0;0;0;10;0;10;2022
111000;Vergewaltigung und sexuelle Noetigung;13004000;Schwerin;insg.;8;1;7;0;0;0;0;0;0;0;0;0;2;0;2;1;0;1;5;1;4;0;0;0;5;1;4;2022
111000;Vergewaltigung und sexuelle Noetigung;5970040;Siegen;insg.;18;0;18;0;0;0;0;0;0;0;0;0;4;0;4;4;0;4;10;0;10;0;0;0;10;0;10;2022
111000;Vergewaltigung und sexuelle Noetigung;5122000;Solingen;insg.;25;0;25;0;0;0;0;0;0;0;0;0;9;0;9;4;0;4;10;0;10;2;0;2;12;0;12;2022
111000;Vergewaltigung und sexuelle Noetigung;8111000;Stuttgart;insg.;124;6;118;0;0;0;0;0;0;0;0;0;22;0;22;21;1;20;79;5;74;2;0;2;81;5;76;2022
111000;Vergewaltigung und sexuelle Noetigung;7211000;Trier;insg.;12;0;12;0;0;0;0;0;0;0;0;0;3;0;3;2;0;2;7;0;7;0;0;0;7;0;7;2022
111000;Vergewaltigung und sexuelle Noetigung;8421000;Ulm;insg.;32;1;31;0;0;0;0;0;0;0;0;0;7;0;7;7;0;7;18;1;17;0;0;0;18;1;17;2022
111000;Vergewaltigung und sexuelle Noetigung;6414000;Wiesbaden;insg.;48;2;46;0;0;0;2;0;2;2;0;2;12;1;11;8;0;8;25;0;25;1;1;0;26;1;25;2022
111000;Vergewaltigung und sexuelle Noetigung;3103000;Wolfsburg;insg.;26;3;23;0;0;0;0;0;0;0;0;0;4;0;4;3;0;3;19;3;16;0;0;0;19;3;16;2022
111000;Vergewaltigung und sexuelle Noetigung;5124000;Wuppertal;insg.;82;7;75;1;0;1;4;2;2;5;2;3;23;2;21;14;0;14;37;1;36;3;2;1;40;3;37;2022
111000;Vergewaltigung und sexuelle Noetigung;9663000;Wuerzburg;insg.;25;3;22;0;0;0;0;0;0;0;0;0;2;0;2;6;0;6;17;3;14;0;0;0;17;3;14;2022
210000;Raub, raeuberische Erpressung und raeuberischer Angriff auf Kraftfahrer;5334002;Aachen;insg.;312;223;89;1;1;0;9;3;6;10;4;6;28;22;6;29;24;5;202;155;47;43;18;25;245;173;72;2022
210000;Raub, raeuberische Erpressung und raeuberischer Angriff auf Kraftfahrer;9761000;Augsburg;insg.;163;121;42;0;0;0;19;19;0;19;19;0;15;15;0;13;10;3;105;74;31;11;3;8;116;77;39;2022
210000;Raub, raeuberische Erpressung und raeuberischer Angriff auf Kraftfahrer;5378004;Bergisch Gladbach;insg.;74;55;19;0;0;0;3;3;0;3;3;0;26;22;4;8;6;2;33;22;11;4;2;2;37;24;13;2022
210000;Raub, raeuberische Erpressung und raeuberischer Angriff auf Kraftfahrer;11000000;Berlin;insg.;6042;4776;1266;2;2;0;418;357;61;420;359;61;1218;1133;85;643;572;71;3279;2484;795;482;228;254;3761;2712;1049;2022
210000;Raub, raeuberische Erpressung und raeuberischer Angriff auf Kraftfahrer;5711000;Bielefeld;insg.;264;197;67;0;0;0;7;4;3;7;4;3;28;19;9;30;23;7;174;136;38;25;15;10;199;151;48;2022
210000;Raub, raeuberische Erpressung und raeuberischer Angriff auf Kraftfahrer;5911000;Bochum;insg.;253;187;66;0;0;0;19;16;3;19;16;3;43;41;2;20;19;1;142;98;44;29;13;16;171;111;60;2022
210000;Raub, raeuberische Erpressung und raeuberischer Angriff auf Kraftfahrer;5314000;Bonn;insg.;402;316;86;0;0;0;22;21;1;22;21;1;59;56;3;43;37;6;245;183;62;33;19;14;278;202;76;2022
210000;Raub, raeuberische Erpressung und raeuberischer Angriff auf Kraftfahrer;5512000;Bottrop;insg.;95;65;30;0;0;0;13;13;0;13;13;0;9;8;1;6;3;3;55;38;17;12;3;9;67;41;26;2022
210000;Raub, raeuberische Erpressung und raeuberischer Angriff auf Kraftfahrer;3101000;Braunschweig;insg.;158;125;33;0;0;0;9;6;3;9;6;3;17;15;2;23;20;3;97;79;18;12;5;7;109;84;25;2022
210000;Raub, raeuberische Erpressung und raeuberischer Angriff auf Kraftfahrer;4011000;Bremen;insg.;948;694;254;1;0;1;31;28;3;32;28;4;83;73;10;76;59;17;630;463;167;127;71;56;757;534;223;2022
210000;Raub, raeuberische Erpressung und raeuberischer Angriff auf Kraftfahrer;4012000;Bremerhaven;insg.;227;150;77;0;0;0;5;3;2;5;3;2;14;10;4;9;7;2;175;116;59;24;14;10;199;130;69;2022
210000;Raub, raeuberische Erpressung und raeuberischer Angriff auf Kraftfahrer;14511000;Chemnitz;insg.;182;135;47;1;0;1;6;6;0;7;6;1;21;18;3;18;15;3;121;91;30;15;5;10;136;96;40;2022
210000;Raub, raeuberische Erpressung und raeuberischer Angriff auf Kraftfahrer;12052000;Cottbus;insg.;70;45;25;0;0;0;2;2;0;2;2;0;4;4;0;12;11;1;45;28;17;7;0;7;52;28;24;2022
210000;Raub, raeuberische Erpressung und raeuberischer Angriff auf Kraftfahrer;6411000;Darmstadt;insg.;122;87;35;0;0;0;5;4;1;5;4;1;18;16;2;13;10;3;75;53;22;11;4;7;86;57;29;2022
210000;Raub, raeuberische Erpressung und raeuberischer Angriff auf Kraftfahrer;5913000;Dortmund;insg.;753;612;141;0;0;0;21;18;3;21;18;3;73;66;7;74;64;10;541;437;104;44;27;17;585;464;121;2022
210000;Raub, raeuberische Erpressung und raeuberischer Angriff auf Kraftfahrer;14612000;Dresden;insg.;465;385;80;0;0;0;22;18;4;22;18;4;110;107;3;46;43;3;256;200;56;31;17;14;287;217;70;2022
210000;Raub, raeuberische Erpressung und raeuberischer Angriff auf Kraftfahrer;5112000;Duisburg;insg.;572;397;175;0;0;0;61;53;8;61;53;8;57;45;12;40;29;11;349;243;106;65;27;38;414;270;144;2022
210000;Raub, raeuberische Erpressung und raeuberischer Angriff auf Kraftfahrer;5111000;Duesseldorf;insg.;762;579;183;0;0;0;40;25;15;40;25;15;62;51;11;84;66;18;470;378;92;106;59;47;576;437;139;2022
210000;Raub, raeuberische Erpressung und raeuberischer Angriff auf Kraftfahrer;16051000;Erfurt;insg.;111;87;24;0;0;0;6;3;3;6;3;3;15;14;1;16;9;7;69;58;11;5;3;2;74;61;13;2022
210000;Raub, raeuberische Erpressung und raeuberischer Angriff auf Kraftfahrer;9562000;Erlangen;insg.;37;28;9;0;0;0;3;3;0;3;3;0;4;4;0;5;5;0;22;15;7;3;1;2;25;16;9;2022
210000;Raub, raeuberische Erpressung und raeuberischer Angriff auf Kraftfahrer;5113000;Essen;insg.;544;407;137;1;1;0;18;15;3;19;16;3;75;67;8;44;34;10;340;253;87;66;37;29;406;290;116;2022
210000;Raub, raeuberische Erpressung und raeuberischer Angriff auf Kraftfahrer;6412000;Frankfurt am Main;insg.;1337;1112;225;2;1;1;33;29;4;35;30;5;129;109;20;108;93;15;955;804;151;110;76;34;1065;880;185;2022
210000;Raub, raeuberische Erpressung und raeuberischer Angriff auf Kraftfahrer;8311000;Freiburg im Breisgau;insg.;153;124;29;2;2;0;7;7;0;9;9;0;14;13;1;21;20;1;98;77;21;11;5;6;109;82;27;2022
210000;Raub, raeuberische Erpressung und raeuberischer Angriff auf Kraftfahrer;9563000;Fuerth;insg.;38;25;13;0;0;0;1;1;0;1;1;0;6;6;0;2;1;1;21;12;9;8;5;3;29;17;12;2022
210000;Raub, raeuberische Erpressung und raeuberischer Angriff auf Kraftfahrer;5513000;Gelsenkirchen;insg.;312;229;83;0;0;0;36;34;2;36;34;2;66;58;8;22;19;3;158;102;56;30;16;14;188;118;70;2022
210000;Raub, raeuberische Erpressung und raeuberischer Angriff auf Kraftfahrer;3159016;Goettingen;insg.;91;65;26;0;0;0;2;2;0;2;2;0;13;13;0;12;9;3;61;40;21;3;1;2;64;41;23;2022
210000;Raub, raeuberische Erpressung und raeuberischer Angriff auf Kraftfahrer;5754008;Guetersloh;insg.;86;63;23;0;0;0;4;4;0;4;4;0;18;18;0;7;6;1;44;32;12;13;3;10;57;35;22;2022
210000;Raub, raeuberische Erpressung und raeuberischer Angriff auf Kraftfahrer;5914000;Hagen;insg.;289;219;70;1;1;0;17;13;4;18;14;4;30;29;1;41;36;5;183;130;53;17;10;7;200;140;60;2022
210000;Raub, raeuberische Erpressung und raeuberischer Angriff auf Kraftfahrer;15002000;Halle (Saale);insg.;379;321;58;0;0;0;48;46;2;48;46;2;101;93;8;57;56;1;153;118;35;20;8;12;173;126;47;2022
210000;Raub, raeuberische Erpressung und raeuberischer Angriff auf Kraftfahrer;2000000;Hamburg;insg.;1920;1573;347;1;1;0;106;83;23;107;84;23;210;194;16;168;152;16;1317;1064;253;118;79;39;1435;1143;292;2022
210000;Raub, raeuberische Erpressung und raeuberischer Angriff auf Kraftfahrer;5915000;Hamm;insg.;199;154;45;0;0;0;0;0;0;0;0;0;25;20;5;22;18;4;138;108;30;14;8;6;152;116;36;2022
210000;Raub, raeuberische Erpressung und raeuberischer Angriff auf Kraftfahrer;6435014;Hanau;insg.;40;31;9;0;0;0;3;2;1;3;2;1;2;2;0;3;2;1;32;25;7;0;0;0;32;25;7;2022
210000;Raub, raeuberische Erpressung und raeuberischer Angriff auf Kraftfahrer;3241001;Hannover;insg.;876;712;164;0;0;0;28;24;4;28;24;4;113;108;5;74;59;15;611;491;120;50;30;20;661;521;140;2022
210000;Raub, raeuberische Erpressung und raeuberischer Angriff auf Kraftfahrer;8221000;Heidelberg;insg.;97;81;16;0;0;0;2;1;1;2;1;1;10;9;1;10;9;1;69;58;11;6;4;2;75;62;13;2022
210000;Raub, raeuberische Erpressung und raeuberischer Angriff auf Kraftfahrer;8121000;Heilbronn;insg.;55;36;19;0;0;0;1;1;0;1;1;0;5;4;1;3;3;0;38;23;15;8;5;3;46;28;18;2022
210000;Raub, raeuberische Erpressung und raeuberischer Angriff auf Kraftfahrer;5916000;Herne;insg.;132;92;40;0;0;0;4;3;1;4;3;1;24;22;2;15;14;1;74;47;27;15;6;9;89;53;36;2022
210000;Raub, raeuberische Erpressung und raeuberischer Angriff auf Kraftfahrer;3254021;Hildesheim;insg.;80;70;10;0;0;0;7;7;0;7;7;0;18;17;1;7;6;1;44;36;8;4;4;0;48;40;8;2022
210000;Raub, raeuberische Erpressung und raeuberischer Angriff auf Kraftfahrer;9161000;Ingolstadt;insg.;43;30;13;0;0;0;1;1;0;1;1;0;9;8;1;6;6;0;24;12;12;3;3;0;27;15;12;2022
210000;Raub, raeuberische Erpressung und raeuberischer Angriff auf Kraftfahrer;16053000;Jena;insg.;36;31;5;0;0;0;0;0;0;0;0;0;5;5;0;7;5;2;23;21;2;1;0;1;24;21;3;2022
210000;Raub, raeuberische Erpressung und raeuberischer Angriff auf Kraftfahrer;7312000;Kaiserslautern;insg.;44;25;19;0;0;0;1;1;0;1;1;0;4;4;0;1;0;1;31;19;12;7;1;6;38;20;18;2022
210000;Raub, raeuberische Erpressung und raeuberischer Angriff auf Kraftfahrer;8212000;Karlsruhe;insg.;189;140;49;1;1;0;9;5;4;10;6;4;22;18;4;15;14;1;133;97;36;9;5;4;142;102;40;2022
210000;Raub, raeuberische Erpressung und raeuberischer Angriff auf Kraftfahrer;6611000;Kassel;insg.;225;162;63;1;1;0;1;0;1;2;1;1;11;10;1;19;18;1;166;113;53;27;20;7;193;133;60;2022
210000;Raub, raeuberische Erpressung und raeuberischer Angriff auf Kraftfahrer;1002000;Kiel;insg.;227;174;53;0;0;0;13;10;3;13;10;3;19;18;1;15;13;2;166;125;41;14;8;6;180;133;47;2022
210000;Raub, raeuberische Erpressung und raeuberischer Angriff auf Kraftfahrer;7111000;Koblenz;insg.;105;82;23;0;0;0;2;1;1;2;1;1;30;27;3;7;7;0;60;42;18;6;5;1;66;47;19;2022
210000;Raub, raeuberische Erpressung und raeuberischer Angriff auf Kraftfahrer;5315000;Koeln;insg.;1468;1135;333;0;0;0;86;74;12;86;74;12;186;159;27;117;98;19;959;734;225;120;70;50;1079;804;275;2022
210000;Raub, raeuberische Erpressung und raeuberischer Angriff auf Kraftfahrer;5114000;Krefeld;insg.;296;213;83;1;1;0;23;22;1;24;23;1;23;20;3;25;20;5;176;124;52;48;26;22;224;150;74;2022
210000;Raub, raeuberische Erpressung und raeuberischer Angriff auf Kraftfahrer;14713000;Leipzig;insg.;530;428;102;0;0;0;19;17;2;19;17;2;100;92;8;54;50;4;335;260;75;22;9;13;357;269;88;2022
210000;Raub, raeuberische Erpressung und raeuberischer Angriff auf Kraftfahrer;5316000;Leverkusen;insg.;121;91;30;0;0;0;14;14;0;14;14;0;21;19;2;10;10;0;68;45;23;8;3;5;76;48;28;2022
210000;Raub, raeuberische Erpressung und raeuberischer Angriff auf Kraftfahrer;1003000;Luebeck;insg.;134;107;27;0;0;0;3;3;0;3;3;0;22;21;1;16;14;2;84;63;21;9;6;3;93;69;24;2022
210000;Raub, raeuberische Erpressung und raeuberischer Angriff auf Kraftfahrer;7314000;Ludwigshafen am Rhein;insg.;188;152;36;0;0;0;44;35;9;44;35;9;42;42;0;13;11;2;79;59;20;10;5;5;89;64;25;2022
210000;Raub, raeuberische Erpressung und raeuberischer Angriff auf Kraftfahrer;15003000;Magdeburg;insg.;277;226;51;0;0;0;22;20;2;22;20;2;61;53;8;32;30;2;131;110;21;31;13;18;162;123;39;2022
210000;Raub, raeuberische Erpressung und raeuberischer Angriff auf Kraftfahrer;7315000;Mainz;insg.;143;113;30;0;0;0;7;7;0;7;7;0;27;27;0;18;17;1;76;55;21;15;7;8;91;62;29;2022
210000;Raub, raeuberische Erpressung und raeuberischer Angriff auf Kraftfahrer;8222000;Mannheim;insg.;196;158;38;1;1;0;16;16;0;17;17;0;15;14;1;18;14;4;130;102;28;16;11;5;146;113;33;2022
210000;Raub, raeuberische Erpressung und raeuberischer Angriff auf Kraftfahrer;5170024;Moers;insg.;61;50;11;0;0;0;2;1;1;2;1;1;18;18;0;4;4;0;33;23;10;4;4;0;37;27;10;2022
210000;Raub, raeuberische Erpressung und raeuberischer Angriff auf Kraftfahrer;5116000;Moenchengladbach;insg.;332;278;54;0;0;0;45;45;0;45;45;0;76;71;5;33;30;3;151;119;32;27;13;14;178;132;46;2022
210000;Raub, raeuberische Erpressung und raeuberischer Angriff auf Kraftfahrer;5117000;Muelheim an der Ruhr;insg.;118;89;29;0;0;0;11;10;1;11;10;1;21;19;2;9;7;2;68;48;20;9;5;4;77;53;24;2022
210000;Raub, raeuberische Erpressung und raeuberischer Angriff auf Kraftfahrer;9162000;Muenchen;insg.;787;620;167;3;3;0;42;34;8;45;37;8;105;93;12;68;58;10;513;400;113;56;32;24;569;432;137;2022
210000;Raub, raeuberische Erpressung und raeuberischer Angriff auf Kraftfahrer;5515000;Muenster;insg.;358;270;88;0;0;0;15;13;2;15;13;2;38;33;5;37;32;5;244;180;64;24;12;12;268;192;76;2022
210000;Raub, raeuberische Erpressung und raeuberischer Angriff auf Kraftfahrer;5162024;Neuss;insg.;89;67;22;0;0;0;7;5;2;7;5;2;3;3;0;9;7;2;65;47;18;5;5;0;70;52;18;2022
210000;Raub, raeuberische Erpressung und raeuberischer Angriff auf Kraftfahrer;9564000;Nuernberg;insg.;275;212;63;0;0;0;13;10;3;13;10;3;36;35;1;29;26;3;182;133;49;15;8;7;197;141;56;2022
210000;Raub, raeuberische Erpressung und raeuberischer Angriff auf Kraftfahrer;5119000;Oberhausen;insg.;198;148;50;0;0;0;44;42;2;44;42;2;33;29;4;18;13;5;87;56;31;16;8;8;103;64;39;2022
210000;Raub, raeuberische Erpressung und raeuberischer Angriff auf Kraftfahrer;6413000;Offenbach am Main;insg.;105;80;25;0;0;0;1;0;1;1;0;1;10;6;4;7;6;1;71;55;16;16;13;3;87;68;19;2022
210000;Raub, raeuberische Erpressung und raeuberischer Angriff auf Kraftfahrer;3403000;Oldenburg (Oldenburg);insg.;136;112;24;0;0;0;10;10;0;10;10;0;28;27;1;21;18;3;72;53;19;5;4;1;77;57;20;2022
210000;Raub, raeuberische Erpressung und raeuberischer Angriff auf Kraftfahrer;3404000;Osnabrueck;insg.;201;147;54;1;1;0;5;2;3;6;3;3;21;18;3;18;13;5;138;106;32;18;7;11;156;113;43;2022
210000;Raub, raeuberische Erpressung und raeuberischer Angriff auf Kraftfahrer;5774032;Paderborn;insg.;163;123;40;0;0;0;2;0;2;2;0;2;16;13;3;21;14;7;109;84;25;15;12;3;124;96;28;2022
210000;Raub, raeuberische Erpressung und raeuberischer Angriff auf Kraftfahrer;8231000;Pforzheim;insg.;88;69;19;0;0;0;7;6;1;7;6;1;18;17;1;13;11;2;45;30;15;5;5;0;50;35;15;2022
210000;Raub, raeuberische Erpressung und raeuberischer Angriff auf Kraftfahrer;12054000;Potsdam;insg.;127;91;36;0;0;0;8;6;2;8;6;2;24;22;2;10;10;0;75;50;25;10;3;7;85;53;32;2022
210000;Raub, raeuberische Erpressung und raeuberischer Angriff auf Kraftfahrer;5562032;Recklinghausen;insg.;119;84;35;0;0;0;9;7;2;9;7;2;13;12;1;10;8;2;80;53;27;7;4;3;87;57;30;2022
210000;Raub, raeuberische Erpressung und raeuberischer Angriff auf Kraftfahrer;9362000;Regensburg;insg.;77;62;15;0;0;0;0;0;0;0;0;0;5;5;0;9;9;0;58;45;13;5;3;2;63;48;15;2022
210000;Raub, raeuberische Erpressung und raeuberischer Angriff auf Kraftfahrer;5120000;Remscheid;insg.;76;64;12;0;0;0;5;5;0;5;5;0;17;16;1;6;5;1;38;31;7;10;7;3;48;38;10;2022
210000;Raub, raeuberische Erpressung und raeuberischer Angriff auf Kraftfahrer;8415061;Reutlingen;insg.;64;47;17;0;0;0;4;4;0;4;4;0;9;8;1;9;9;0;40;25;15;2;1;1;42;26;16;2022
210000;Raub, raeuberische Erpressung und raeuberischer Angriff auf Kraftfahrer;13003000;Rostock, Hanse- und Universit tsstadt;insg.;165;130;35;1;1;0;21;17;4;22;18;4;25;24;1;19;16;3;89;66;23;10;6;4;99;72;27;2022
210000;Raub, raeuberische Erpressung und raeuberischer Angriff auf Kraftfahrer;10041100;Saarbruecken;insg.;194;153;41;0;0;0;6;4;2;6;4;2;16;12;4;18;16;2;136;111;25;18;10;8;154;121;33;2022
210000;Raub, raeuberische Erpressung und raeuberischer Angriff auf Kraftfahrer;3102000;Salzgitter;insg.;62;45;17;0;0;0;10;10;0;10;10;0;5;4;1;9;6;3;32;24;8;6;1;5;38;25;13;2022
210000;Raub, raeuberische Erpressung und raeuberischer Angriff auf Kraftfahrer;13004000;Schwerin;insg.;93;71;22;0;0;0;1;1;0;1;1;0;6;5;1;12;11;1;64;48;16;10;6;4;74;54;20;2022
210000;Raub, raeuberische Erpressung und raeuberischer Angriff auf Kraftfahrer;5970040;Siegen;insg.;101;78;23;0;0;0;6;4;2;6;4;2;30;28;2;9;9;0;51;34;17;5;3;2;56;37;19;2022
210000;Raub, raeuberische Erpressung und raeuberischer Angriff auf Kraftfahrer;5122000;Solingen;insg.;146;111;35;0;0;0;18;17;1;18;17;1;33;28;5;14;11;3;71;52;19;10;3;7;81;55;26;2022
210000;Raub, raeuberische Erpressung und raeuberischer Angriff auf Kraftfahrer;8111000;Stuttgart;insg.;669;500;169;0;0;0;19;15;4;19;15;4;50;41;9;58;46;12;485;358;127;57;40;17;542;398;144;2022
210000;Raub, raeuberische Erpressung und raeuberischer Angriff auf Kraftfahrer;7211000;Trier;insg.;58;43;15;0;0;0;0;0;0;0;0;0;14;11;3;10;9;1;31;21;10;3;2;1;34;23;11;2022
210000;Raub, raeuberische Erpressung und raeuberischer Angriff auf Kraftfahrer;8421000;Ulm;insg.;84;61;23;1;1;0;2;2;0;3;3;0;5;2;3;7;5;2;64;51;13;5;0;5;69;51;18;2022
210000;Raub, raeuberische Erpressung und raeuberischer Angriff auf Kraftfahrer;6414000;Wiesbaden;insg.;209;178;31;0;0;0;13;10;3;13;10;3;35;32;3;26;22;4;120;104;16;15;10;5;135;114;21;2022
210000;Raub, raeuberische Erpressung und raeuberischer Angriff auf Kraftfahrer;3103000;Wolfsburg;insg.;67;50;17;0;0;0;2;2;0;2;2;0;4;3;1;5;3;2;48;39;9;8;3;5;56;42;14;2022
210000;Raub, raeuberische Erpressung und raeuberischer Angriff auf Kraftfahrer;5124000;Wuppertal;insg.;423;316;107;0;0;0;46;37;9;46;37;9;69;64;5;43;30;13;234;167;67;31;18;13;265;185;80;2022
210000;Raub, raeuberische Erpressung und raeuberischer Angriff auf Kraftfahrer;9663000;Wuerzburg;insg.;56;43;13;0;0;0;2;1;1;2;1;1;5;3;2;9;8;1;35;28;7;5;3;2;40;31;9;2022
211000;Raub, raeuberische Erpressung auf/gegen Geldinstitute, Postfilialen und -agenturen;5334002;Aachen;insg.;0;0;0;0;0;0;0;0;0;0;0;0;0;0;0;0;0;0;0;0;0;0;0;0;0;0;0;2022
211000;Raub, raeuberische Erpressung auf/gegen Geldinstitute, Postfilialen und -agenturen;9761000;Augsburg;insg.;0;0;0;0;0;0;0;0;0;0;0;0;0;0;0;0;0;0;0;0;0;0;0;0;0;0;0;2022
211000;Raub, raeuberische Erpressung auf/gegen Geldinstitute, Postfilialen und -agenturen;5378004;Bergisch Gladbach;insg.;0;0;0;0;0;0;0;0;0;0;0;0;0;0;0;0;0;0;0;0;0;0;0;0;0;0;0;2022
211000;Raub, raeuberische Erpressung auf/gegen Geldinstitute, Postfilialen und -agenturen;11000000;Berlin;insg.;45;19;26;0;0;0;0;0;0;0;0;0;0;0;0;0;0;0;43;18;25;2;1;1;45;19;26;2022
211000;Raub, raeuberische Erpressung auf/gegen Geldinstitute, Postfilialen und -agenturen;5711000;Bielefeld;insg.;0;0;0;0;0;0;0;0;0;0;0;0;0;0;0;0;0;0;0;0;0;0;0;0;0;0;0;2022
211000;Raub, raeuberische Erpressung auf/gegen Geldinstitute, Postfilialen und -agenturen;5911000;Bochum;insg.;2;0;2;0;0;0;0;0;0;0;0;0;0;0;0;1;0;1;1;0;1;0;0;0;1;0;1;2022
211000;Raub, raeuberische Erpressung auf/gegen Geldinstitute, Postfilialen und -agenturen;5314000;Bonn;insg.;5;3;2;0;0;0;0;0;0;0;0;0;0;0;0;0;0;0;4;3;1;1;0;1;5;3;2;2022
211000;Raub, raeuberische Erpressung auf/gegen Geldinstitute, Postfilialen und -agenturen;5512000;Bottrop;insg.;0;0;0;0;0;0;0;0;0;0;0;0;0;0;0;0;0;0;0;0;0;0;0;0;0;0;0;2022
211000;Raub, raeuberische Erpressung auf/gegen Geldinstitute, Postfilialen und -agenturen;3101000;Braunschweig;insg.;0;0;0;0;0;0;0;0;0;0;0;0;0;0;0;0;0;0;0;0;0;0;0;0;0;0;0;2022
211000;Raub, raeuberische Erpressung auf/gegen Geldinstitute, Postfilialen und -agenturen;4011000;Bremen;insg.;1;1;0;0;0;0;0;0;0;0;0;0;0;0;0;0;0;0;1;1;0;0;0;0;1;1;0;2022
211000;Raub, raeuberische Erpressung auf/gegen Geldinstitute, Postfilialen und -agenturen;4012000;Bremerhaven;insg.;0;0;0;0;0;0;0;0;0;0;0;0;0;0;0;0;0;0;0;0;0;0;0;0;0;0;0;2022
211000;Raub, raeuberische Erpressung auf/gegen Geldinstitute, Postfilialen und -agenturen;14511000;Chemnitz;insg.;0;0;0;0;0;0;0;0;0;0;0;0;0;0;0;0;0;0;0;0;0;0;0;0;0;0;0;2022
211000;Raub, raeuberische Erpressung auf/gegen Geldinstitute, Postfilialen und -agenturen;12052000;Cottbus;insg.;0;0;0;0;0;0;0;0;0;0;0;0;0;0;0;0;0;0;0;0;0;0;0;0;0;0;0;2022
211000;Raub, raeuberische Erpressung auf/gegen Geldinstitute, Postfilialen und -agenturen;6411000;Darmstadt;insg.;0;0;0;0;0;0;0;0;0;0;0;0;0;0;0;0;0;0;0;0;0;0;0;0;0;0;0;2022
211000;Raub, raeuberische Erpressung auf/gegen Geldinstitute, Postfilialen und -agenturen;5913000;Dortmund;insg.;0;0;0;0;0;0;0;0;0;0;0;0;0;0;0;0;0;0;0;0;0;0;0;0;0;0;0;2022
211000;Raub, raeuberische Erpressung auf/gegen Geldinstitute, Postfilialen und -agenturen;14612000;Dresden;insg.;0;0;0;0;0;0;0;0;0;0;0;0;0;0;0;0;0;0;0;0;0;0;0;0;0;0;0;2022
211000;Raub, raeuberische Erpressung auf/gegen Geldinstitute, Postfilialen und -agenturen;5112000;Duisburg;insg.;0;0;0;0;0;0;0;0;0;0;0;0;0;0;0;0;0;0;0;0;0;0;0;0;0;0;0;2022
211000;Raub, raeuberische Erpressung auf/gegen Geldinstitute, Postfilialen und -agenturen;5111000;Duesseldorf;insg.;0;0;0;0;0;0;0;0;0;0;0;0;0;0;0;0;0;0;0;0;0;0;0;0;0;0;0;2022
211000;Raub, raeuberische Erpressung auf/gegen Geldinstitute, Postfilialen und -agenturen;16051000;Erfurt;insg.;0;0;0;0;0;0;0;0;0;0;0;0;0;0;0;0;0;0;0;0;0;0;0;0;0;0;0;2022
211000;Raub, raeuberische Erpressung auf/gegen Geldinstitute, Postfilialen und -agenturen;9562000;Erlangen;insg.;0;0;0;0;0;0;0;0;0;0;0;0;0;0;0;0;0;0;0;0;0;0;0;0;0;0;0;2022
211000;Raub, raeuberische Erpressung auf/gegen Geldinstitute, Postfilialen und -agenturen;5113000;Essen;insg.;0;0;0;0;0;0;0;0;0;0;0;0;0;0;0;0;0;0;0;0;0;0;0;0;0;0;0;2022
211000;Raub, raeuberische Erpressung auf/gegen Geldinstitute, Postfilialen und -agenturen;6412000;Frankfurt am Main;insg.;0;0;0;0;0;0;0;0;0;0;0;0;0;0;0;0;0;0;0;0;0;0;0;0;0;0;0;2022
211000;Raub, raeuberische Erpressung auf/gegen Geldinstitute, Postfilialen und -agenturen;8311000;Freiburg im Breisgau;insg.;0;0;0;0;0;0;0;0;0;0;0;0;0;0;0;0;0;0;0;0;0;0;0;0;0;0;0;2022
211000;Raub, raeuberische Erpressung auf/gegen Geldinstitute, Postfilialen und -agenturen;9563000;Fuerth;insg.;0;0;0;0;0;0;0;0;0;0;0;0;0;0;0;0;0;0;0;0;0;0;0;0;0;0;0;2022
211000;Raub, raeuberische Erpressung auf/gegen Geldinstitute, Postfilialen und -agenturen;5513000;Gelsenkirchen;insg.;0;0;0;0;0;0;0;0;0;0;0;0;0;0;0;0;0;0;0;0;0;0;0;0;0;0;0;2022
211000;Raub, raeuberische Erpressung auf/gegen Geldinstitute, Postfilialen und -agenturen;3159016;Goettingen;insg.;0;0;0;0;0;0;0;0;0;0;0;0;0;0;0;0;0;0;0;0;0;0;0;0;0;0;0;2022
211000;Raub, raeuberische Erpressung auf/gegen Geldinstitute, Postfilialen und -agenturen;5754008;Guetersloh;insg.;0;0;0;0;0;0;0;0;0;0;0;0;0;0;0;0;0;0;0;0;0;0;0;0;0;0;0;2022
211000;Raub, raeuberische Erpressung auf/gegen Geldinstitute, Postfilialen und -agenturen;5914000;Hagen;insg.;0;0;0;0;0;0;0;0;0;0;0;0;0;0;0;0;0;0;0;0;0;0;0;0;0;0;0;2022
211000;Raub, raeuberische Erpressung auf/gegen Geldinstitute, Postfilialen und -agenturen;15002000;Halle (Saale);insg.;2;1;1;0;0;0;0;0;0;0;0;0;0;0;0;0;0;0;2;1;1;0;0;0;2;1;1;2022
211000;Raub, raeuberische Erpressung auf/gegen Geldinstitute, Postfilialen und -agenturen;2000000;Hamburg;insg.;0;0;0;0;0;0;0;0;0;0;0;0;0;0;0;0;0;0;0;0;0;0;0;0;0;0;0;2022
211000;Raub, raeuberische Erpressung auf/gegen Geldinstitute, Postfilialen und -agenturen;5915000;Hamm;insg.;0;0;0;0;0;0;0;0;0;0;0;0;0;0;0;0;0;0;0;0;0;0;0;0;0;0;0;2022
211000;Raub, raeuberische Erpressung auf/gegen Geldinstitute, Postfilialen und -agenturen;6435014;Hanau;insg.;0;0;0;0;0;0;0;0;0;0;0;0;0;0;0;0;0;0;0;0;0;0;0;0;0;0;0;2022
211000;Raub, raeuberische Erpressung auf/gegen Geldinstitute, Postfilialen und -agenturen;3241001;Hannover;insg.;0;0;0;0;0;0;0;0;0;0;0;0;0;0;0;0;0;0;0;0;0;0;0;0;0;0;0;2022
211000;Raub, raeuberische Erpressung auf/gegen Geldinstitute, Postfilialen und -agenturen;8221000;Heidelberg;insg.;0;0;0;0;0;0;0;0;0;0;0;0;0;0;0;0;0;0;0;0;0;0;0;0;0;0;0;2022
211000;Raub, raeuberische Erpressung auf/gegen Geldinstitute, Postfilialen und -agenturen;8121000;Heilbronn;insg.;0;0;0;0;0;0;0;0;0;0;0;0;0;0;0;0;0;0;0;0;0;0;0;0;0;0;0;2022
211000;Raub, raeuberische Erpressung auf/gegen Geldinstitute, Postfilialen und -agenturen;5916000;Herne;insg.;0;0;0;0;0;0;0;0;0;0;0;0;0;0;0;0;0;0;0;0;0;0;0;0;0;0;0;2022
211000;Raub, raeuberische Erpressung auf/gegen Geldinstitute, Postfilialen und -agenturen;3254021;Hildesheim;insg.;0;0;0;0;0;0;0;0;0;0;0;0;0;0;0;0;0;0;0;0;0;0;0;0;0;0;0;2022
211000;Raub, raeuberische Erpressung auf/gegen Geldinstitute, Postfilialen und -agenturen;9161000;Ingolstadt;insg.;0;0;0;0;0;0;0;0;0;0;0;0;0;0;0;0;0;0;0;0;0;0;0;0;0;0;0;2022
211000;Raub, raeuberische Erpressung auf/gegen Geldinstitute, Postfilialen und -agenturen;16053000;Jena;insg.;0;0;0;0;0;0;0;0;0;0;0;0;0;0;0;0;0;0;0;0;0;0;0;0;0;0;0;2022
211000;Raub, raeuberische Erpressung auf/gegen Geldinstitute, Postfilialen und -agenturen;7312000;Kaiserslautern;insg.;0;0;0;0;0;0;0;0;0;0;0;0;0;0;0;0;0;0;0;0;0;0;0;0;0;0;0;2022
211000;Raub, raeuberische Erpressung auf/gegen Geldinstitute, Postfilialen und -agenturen;8212000;Karlsruhe;insg.;0;0;0;0;0;0;0;0;0;0;0;0;0;0;0;0;0;0;0;0;0;0;0;0;0;0;0;2022
211000;Raub, raeuberische Erpressung auf/gegen Geldinstitute, Postfilialen und -agenturen;6611000;Kassel;insg.;0;0;0;0;0;0;0;0;0;0;0;0;0;0;0;0;0;0;0;0;0;0;0;0;0;0;0;2022
211000;Raub, raeuberische Erpressung auf/gegen Geldinstitute, Postfilialen und -agenturen;1002000;Kiel;insg.;0;0;0;0;0;0;0;0;0;0;0;0;0;0;0;0;0;0;0;0;0;0;0;0;0;0;0;2022
211000;Raub, raeuberische Erpressung auf/gegen Geldinstitute, Postfilialen und -agenturen;7111000;Koblenz;insg.;1;1;0;0;0;0;0;0;0;0;0;0;0;0;0;0;0;0;1;1;0;0;0;0;1;1;0;2022
211000;Raub, raeuberische Erpressung auf/gegen Geldinstitute, Postfilialen und -agenturen;5315000;Koeln;insg.;2;1;1;0;0;0;0;0;0;0;0;0;0;0;0;0;0;0;1;0;1;1;1;0;2;1;1;2022
211000;Raub, raeuberische Erpressung auf/gegen Geldinstitute, Postfilialen und -agenturen;5114000;Krefeld;insg.;1;0;1;0;0;0;0;0;0;0;0;0;0;0;0;0;0;0;1;0;1;0;0;0;1;0;1;2022
211000;Raub, raeuberische Erpressung auf/gegen Geldinstitute, Postfilialen und -agenturen;14713000;Leipzig;insg.;0;0;0;0;0;0;0;0;0;0;0;0;0;0;0;0;0;0;0;0;0;0;0;0;0;0;0;2022
211000;Raub, raeuberische Erpressung auf/gegen Geldinstitute, Postfilialen und -agenturen;5316000;Leverkusen;insg.;0;0;0;0;0;0;0;0;0;0;0;0;0;0;0;0;0;0;0;0;0;0;0;0;0;0;0;2022
211000;Raub, raeuberische Erpressung auf/gegen Geldinstitute, Postfilialen und -agenturen;1003000;Luebeck;insg.;0;0;0;0;0;0;0;0;0;0;0;0;0;0;0;0;0;0;0;0;0;0;0;0;0;0;0;2022
211000;Raub, raeuberische Erpressung auf/gegen Geldinstitute, Postfilialen und -agenturen;7314000;Ludwigshafen am Rhein;insg.;0;0;0;0;0;0;0;0;0;0;0;0;0;0;0;0;0;0;0;0;0;0;0;0;0;0;0;2022
211000;Raub, raeuberische Erpressung auf/gegen Geldinstitute, Postfilialen und -agenturen;15003000;Magdeburg;insg.;2;0;2;0;0;0;0;0;0;0;0;0;0;0;0;0;0;0;0;0;0;2;0;2;2;0;2;2022
211000;Raub, raeuberische Erpressung auf/gegen Geldinstitute, Postfilialen und -agenturen;7315000;Mainz;insg.;0;0;0;0;0;0;0;0;0;0;0;0;0;0;0;0;0;0;0;0;0;0;0;0;0;0;0;2022
211000;Raub, raeuberische Erpressung auf/gegen Geldinstitute, Postfilialen und -agenturen;8222000;Mannheim;insg.;0;0;0;0;0;0;0;0;0;0;0;0;0;0;0;0;0;0;0;0;0;0;0;0;0;0;0;2022
211000;Raub, raeuberische Erpressung auf/gegen Geldinstitute, Postfilialen und -agenturen;5170024;Moers;insg.;0;0;0;0;0;0;0;0;0;0;0;0;0;0;0;0;0;0;0;0;0;0;0;0;0;0;0;2022
211000;Raub, raeuberische Erpressung auf/gegen Geldinstitute, Postfilialen und -agenturen;5116000;Moenchengladbach;insg.;3;1;2;0;0;0;0;0;0;0;0;0;0;0;0;0;0;0;3;1;2;0;0;0;3;1;2;2022
211000;Raub, raeuberische Erpressung auf/gegen Geldinstitute, Postfilialen und -agenturen;5117000;Muelheim an der Ruhr;insg.;0;0;0;0;0;0;0;0;0;0;0;0;0;0;0;0;0;0;0;0;0;0;0;0;0;0;0;2022
211000;Raub, raeuberische Erpressung auf/gegen Geldinstitute, Postfilialen und -agenturen;9162000;Muenchen;insg.;2;1;1;0;0;0;0;0;0;0;0;0;1;0;1;0;0;0;1;1;0;0;0;0;1;1;0;2022
211000;Raub, raeuberische Erpressung auf/gegen Geldinstitute, Postfilialen und -agenturen;5515000;Muenster;insg.;1;0;1;0;0;0;0;0;0;0;0;0;0;0;0;0;0;0;1;0;1;0;0;0;1;0;1;2022
211000;Raub, raeuberische Erpressung auf/gegen Geldinstitute, Postfilialen und -agenturen;5162024;Neuss;insg.;0;0;0;0;0;0;0;0;0;0;0;0;0;0;0;0;0;0;0;0;0;0;0;0;0;0;0;2022
211000;Raub, raeuberische Erpressung auf/gegen Geldinstitute, Postfilialen und -agenturen;9564000;Nuernberg;insg.;0;0;0;0;0;0;0;0;0;0;0;0;0;0;0;0;0;0;0;0;0;0;0;0;0;0;0;2022
211000;Raub, raeuberische Erpressung auf/gegen Geldinstitute, Postfilialen und -agenturen;5119000;Oberhausen;insg.;0;0;0;0;0;0;0;0;0;0;0;0;0;0;0;0;0;0;0;0;0;0;0;0;0;0;0;2022
211000;Raub, raeuberische Erpressung auf/gegen Geldinstitute, Postfilialen und -agenturen;6413000;Offenbach am Main;insg.;0;0;0;0;0;0;0;0;0;0;0;0;0;0;0;0;0;0;0;0;0;0;0;0;0;0;0;2022
211000;Raub, raeuberische Erpressung auf/gegen Geldinstitute, Postfilialen und -agenturen;3403000;Oldenburg (Oldenburg);insg.;0;0;0;0;0;0;0;0;0;0;0;0;0;0;0;0;0;0;0;0;0;0;0;0;0;0;0;2022
211000;Raub, raeuberische Erpressung auf/gegen Geldinstitute, Postfilialen und -agenturen;3404000;Osnabrueck;insg.;0;0;0;0;0;0;0;0;0;0;0;0;0;0;0;0;0;0;0;0;0;0;0;0;0;0;0;2022
211000;Raub, raeuberische Erpressung auf/gegen Geldinstitute, Postfilialen und -agenturen;5774032;Paderborn;insg.;0;0;0;0;0;0;0;0;0;0;0;0;0;0;0;0;0;0;0;0;0;0;0;0;0;0;0;2022
211000;Raub, raeuberische Erpressung auf/gegen Geldinstitute, Postfilialen und -agenturen;8231000;Pforzheim;insg.;1;1;0;0;0;0;0;0;0;0;0;0;0;0;0;0;0;0;1;1;0;0;0;0;1;1;0;2022
211000;Raub, raeuberische Erpressung auf/gegen Geldinstitute, Postfilialen und -agenturen;12054000;Potsdam;insg.;0;0;0;0;0;0;0;0;0;0;0;0;0;0;0;0;0;0;0;0;0;0;0;0;0;0;0;2022
211000;Raub, raeuberische Erpressung auf/gegen Geldinstitute, Postfilialen und -agenturen;5562032;Recklinghausen;insg.;0;0;0;0;0;0;0;0;0;0;0;0;0;0;0;0;0;0;0;0;0;0;0;0;0;0;0;2022
211000;Raub, raeuberische Erpressung auf/gegen Geldinstitute, Postfilialen und -agenturen;9362000;Regensburg;insg.;0;0;0;0;0;0;0;0;0;0;0;0;0;0;0;0;0;0;0;0;0;0;0;0;0;0;0;2022
211000;Raub, raeuberische Erpressung auf/gegen Geldinstitute, Postfilialen und -agenturen;5120000;Remscheid;insg.;0;0;0;0;0;0;0;0;0;0;0;0;0;0;0;0;0;0;0;0;0;0;0;0;0;0;0;2022
211000;Raub, raeuberische Erpressung auf/gegen Geldinstitute, Postfilialen und -agenturen;8415061;Reutlingen;insg.;1;0;1;0;0;0;0;0;0;0;0;0;0;0;0;0;0;0;1;0;1;0;0;0;1;0;1;2022
211000;Raub, raeuberische Erpressung auf/gegen Geldinstitute, Postfilialen und -agenturen;13003000;Rostock, Hanse- und Universit tsstadt;insg.;0;0;0;0;0;0;0;0;0;0;0;0;0;0;0;0;0;0;0;0;0;0;0;0;0;0;0;2022
211000;Raub, raeuberische Erpressung auf/gegen Geldinstitute, Postfilialen und -agenturen;10041100;Saarbruecken;insg.;3;1;2;0;0;0;0;0;0;0;0;0;0;0;0;0;0;0;2;0;2;1;1;0;3;1;2;2022
211000;Raub, raeuberische Erpressung auf/gegen Geldinstitute, Postfilialen und -agenturen;3102000;Salzgitter;insg.;0;0;0;0;0;0;0;0;0;0;0;0;0;0;0;0;0;0;0;0;0;0;0;0;0;0;0;2022
211000;Raub, raeuberische Erpressung auf/gegen Geldinstitute, Postfilialen und -agenturen;13004000;Schwerin;insg.;0;0;0;0;0;0;0;0;0;0;0;0;0;0;0;0;0;0;0;0;0;0;0;0;0;0;0;2022
211000;Raub, raeuberische Erpressung auf/gegen Geldinstitute, Postfilialen und -agenturen;5970040;Siegen;insg.;0;0;0;0;0;0;0;0;0;0;0;0;0;0;0;0;0;0;0;0;0;0;0;0;0;0;0;2022
211000;Raub, raeuberische Erpressung auf/gegen Geldinstitute, Postfilialen und -agenturen;5122000;Solingen;insg.;0;0;0;0;0;0;0;0;0;0;0;0;0;0;0;0;0;0;0;0;0;0;0;0;0;0;0;2022
211000;Raub, raeuberische Erpressung auf/gegen Geldinstitute, Postfilialen und -agenturen;8111000;Stuttgart;insg.;1;1;0;0;0;0;0;0;0;0;0;0;0;0;0;0;0;0;1;1;0;0;0;0;1;1;0;2022
211000;Raub, raeuberische Erpressung auf/gegen Geldinstitute, Postfilialen und -agenturen;7211000;Trier;insg.;0;0;0;0;0;0;0;0;0;0;0;0;0;0;0;0;0;0;0;0;0;0;0;0;0;0;0;2022
211000;Raub, raeuberische Erpressung auf/gegen Geldinstitute, Postfilialen und -agenturen;8421000;Ulm;insg.;0;0;0;0;0;0;0;0;0;0;0;0;0;0;0;0;0;0;0;0;0;0;0;0;0;0;0;2022
211000;Raub, raeuberische Erpressung auf/gegen Geldinstitute, Postfilialen und -agenturen;6414000;Wiesbaden;insg.;0;0;0;0;0;0;0;0;0;0;0;0;0;0;0;0;0;0;0;0;0;0;0;0;0;0;0;2022
211000;Raub, raeuberische Erpressung auf/gegen Geldinstitute, Postfilialen und -agenturen;3103000;Wolfsburg;insg.;0;0;0;0;0;0;0;0;0;0;0;0;0;0;0;0;0;0;0;0;0;0;0;0;0;0;0;2022
211000;Raub, raeuberische Erpressung auf/gegen Geldinstitute, Postfilialen und -agenturen;5124000;Wuppertal;insg.;0;0;0;0;0;0;0;0;0;0;0;0;0;0;0;0;0;0;0;0;0;0;0;0;0;0;0;2022
211000;Raub, raeuberische Erpressung auf/gegen Geldinstitute, Postfilialen und -agenturen;9663000;Wuerzburg;insg.;0;0;0;0;0;0;0;0;0;0;0;0;0;0;0;0;0;0;0;0;0;0;0;0;0;0;0;2022
212000;Raub, raeuberische Erpressung auf/gegen sonstige Kassenraeume und Geschaefte;5334002;Aachen;insg.;20;13;7;0;0;0;0;0;0;0;0;0;1;0;1;4;2;2;14;10;4;1;1;0;15;11;4;2022
212000;Raub, raeuberische Erpressung auf/gegen sonstige Kassenraeume und Geschaefte;9761000;Augsburg;insg.;3;1;2;0;0;0;0;0;0;0;0;0;0;0;0;0;0;0;2;1;1;1;0;1;3;1;2;2022
212000;Raub, raeuberische Erpressung auf/gegen sonstige Kassenraeume und Geschaefte;5378004;Bergisch Gladbach;insg.;5;3;2;0;0;0;0;0;0;0;0;0;0;0;0;2;1;1;3;2;1;0;0;0;3;2;1;2022
212000;Raub, raeuberische Erpressung auf/gegen sonstige Kassenraeume und Geschaefte;11000000;Berlin;insg.;422;240;182;0;0;0;0;0;0;0;0;0;7;6;1;30;21;9;324;184;140;61;29;32;385;213;172;2022
212000;Raub, raeuberische Erpressung auf/gegen sonstige Kassenraeume und Geschaefte;5711000;Bielefeld;insg.;13;9;4;0;0;0;0;0;0;0;0;0;0;0;0;2;2;0;9;6;3;2;1;1;11;7;4;2022
212000;Raub, raeuberische Erpressung auf/gegen sonstige Kassenraeume und Geschaefte;5911000;Bochum;insg.;17;8;9;0;0;0;0;0;0;0;0;0;0;0;0;0;0;0;15;6;9;2;2;0;17;8;9;2022
212000;Raub, raeuberische Erpressung auf/gegen sonstige Kassenraeume und Geschaefte;5314000;Bonn;insg.;13;3;10;0;0;0;0;0;0;0;0;0;0;0;0;1;1;0;10;2;8;2;0;2;12;2;10;2022
212000;Raub, raeuberische Erpressung auf/gegen sonstige Kassenraeume und Geschaefte;5512000;Bottrop;insg.;13;8;5;0;0;0;0;0;0;0;0;0;0;0;0;1;0;1;7;6;1;5;2;3;12;8;4;2022
212000;Raub, raeuberische Erpressung auf/gegen sonstige Kassenraeume und Geschaefte;3101000;Braunschweig;insg.;5;2;3;0;0;0;0;0;0;0;0;0;0;0;0;1;1;0;3;0;3;1;1;0;4;1;3;2022
212000;Raub, raeuberische Erpressung auf/gegen sonstige Kassenraeume und Geschaefte;4011000;Bremen;insg.;85;34;51;0;0;0;0;0;0;0;0;0;0;0;0;8;4;4;68;27;41;9;3;6;77;30;47;2022
212000;Raub, raeuberische Erpressung auf/gegen sonstige Kassenraeume und Geschaefte;4012000;Bremerhaven;insg.;15;6;9;0;0;0;0;0;0;0;0;0;0;0;0;3;2;1;11;3;8;1;1;0;12;4;8;2022
212000;Raub, raeuberische Erpressung auf/gegen sonstige Kassenraeume und Geschaefte;14511000;Chemnitz;insg.;2;1;1;0;0;0;0;0;0;0;0;0;0;0;0;0;0;0;1;0;1;1;1;0;2;1;1;2022
212000;Raub, raeuberische Erpressung auf/gegen sonstige Kassenraeume und Geschaefte;12052000;Cottbus;insg.;2;1;1;0;0;0;0;0;0;0;0;0;0;0;0;0;0;0;2;1;1;0;0;0;2;1;1;2022
212000;Raub, raeuberische Erpressung auf/gegen sonstige Kassenraeume und Geschaefte;6411000;Darmstadt;insg.;5;0;5;0;0;0;0;0;0;0;0;0;0;0;0;0;0;0;4;0;4;1;0;1;5;0;5;2022
212000;Raub, raeuberische Erpressung auf/gegen sonstige Kassenraeume und Geschaefte;5913000;Dortmund;insg.;26;18;8;0;0;0;0;0;0;0;0;0;0;0;0;1;1;0;20;14;6;5;3;2;25;17;8;2022
212000;Raub, raeuberische Erpressung auf/gegen sonstige Kassenraeume und Geschaefte;14612000;Dresden;insg.;12;8;4;0;0;0;0;0;0;0;0;0;0;0;0;0;0;0;12;8;4;0;0;0;12;8;4;2022
212000;Raub, raeuberische Erpressung auf/gegen sonstige Kassenraeume und Geschaefte;5112000;Duisburg;insg.;51;27;24;0;0;0;0;0;0;0;0;0;0;0;0;3;2;1;38;21;17;10;4;6;48;25;23;2022
212000;Raub, raeuberische Erpressung auf/gegen sonstige Kassenraeume und Geschaefte;5111000;Duesseldorf;insg.;17;10;7;0;0;0;0;0;0;0;0;0;0;0;0;1;0;1;14;8;6;2;2;0;16;10;6;2022
212000;Raub, raeuberische Erpressung auf/gegen sonstige Kassenraeume und Geschaefte;16051000;Erfurt;insg.;0;0;0;0;0;0;0;0;0;0;0;0;0;0;0;0;0;0;0;0;0;0;0;0;0;0;0;2022
212000;Raub, raeuberische Erpressung auf/gegen sonstige Kassenraeume und Geschaefte;9562000;Erlangen;insg.;3;2;1;0;0;0;0;0;0;0;0;0;0;0;0;0;0;0;2;1;1;1;1;0;3;2;1;2022
212000;Raub, raeuberische Erpressung auf/gegen sonstige Kassenraeume und Geschaefte;5113000;Essen;insg.;35;17;18;0;0;0;0;0;0;0;0;0;0;0;0;6;5;1;28;12;16;1;0;1;29;12;17;2022
212000;Raub, raeuberische Erpressung auf/gegen sonstige Kassenraeume und Geschaefte;6412000;Frankfurt am Main;insg.;24;15;9;0;0;0;0;0;0;0;0;0;0;0;0;0;0;0;22;13;9;2;2;0;24;15;9;2022
212000;Raub, raeuberische Erpressung auf/gegen sonstige Kassenraeume und Geschaefte;8311000;Freiburg im Breisgau;insg.;8;3;5;0;0;0;0;0;0;0;0;0;0;0;0;0;0;0;8;3;5;0;0;0;8;3;5;2022
212000;Raub, raeuberische Erpressung auf/gegen sonstige Kassenraeume und Geschaefte;9563000;Fuerth;insg.;1;1;0;0;0;0;0;0;0;0;0;0;0;0;0;0;0;0;1;1;0;0;0;0;1;1;0;2022
212000;Raub, raeuberische Erpressung auf/gegen sonstige Kassenraeume und Geschaefte;5513000;Gelsenkirchen;insg.;22;4;18;0;0;0;0;0;0;0;0;0;0;0;0;2;0;2;18;4;14;2;0;2;20;4;16;2022
212000;Raub, raeuberische Erpressung auf/gegen sonstige Kassenraeume und Geschaefte;3159016;Goettingen;insg.;7;3;4;0;0;0;0;0;0;0;0;0;1;1;0;2;2;0;2;0;2;2;0;2;4;0;4;2022
212000;Raub, raeuberische Erpressung auf/gegen sonstige Kassenraeume und Geschaefte;5754008;Guetersloh;insg.;4;2;2;0;0;0;0;0;0;0;0;0;0;0;0;1;0;1;3;2;1;0;0;0;3;2;1;2022
212000;Raub, raeuberische Erpressung auf/gegen sonstige Kassenraeume und Geschaefte;5914000;Hagen;insg.;38;20;18;0;0;0;0;0;0;0;0;0;0;0;0;6;3;3;31;17;14;1;0;1;32;17;15;2022
212000;Raub, raeuberische Erpressung auf/gegen sonstige Kassenraeume und Geschaefte;15002000;Halle (Saale);insg.;7;1;6;0;0;0;0;0;0;0;0;0;0;0;0;0;0;0;7;1;6;0;0;0;7;1;6;2022
212000;Raub, raeuberische Erpressung auf/gegen sonstige Kassenraeume und Geschaefte;2000000;Hamburg;insg.;31;19;12;0;0;0;0;0;0;0;0;0;0;0;0;3;1;2;27;18;9;1;0;1;28;18;10;2022
212000;Raub, raeuberische Erpressung auf/gegen sonstige Kassenraeume und Geschaefte;5915000;Hamm;insg.;5;2;3;0;0;0;0;0;0;0;0;0;0;0;0;0;0;0;4;1;3;1;1;0;5;2;3;2022
212000;Raub, raeuberische Erpressung auf/gegen sonstige Kassenraeume und Geschaefte;6435014;Hanau;insg.;1;1;0;0;0;0;0;0;0;0;0;0;0;0;0;0;0;0;1;1;0;0;0;0;1;1;0;2022
212000;Raub, raeuberische Erpressung auf/gegen sonstige Kassenraeume und Geschaefte;3241001;Hannover;insg.;30;16;14;0;0;0;0;0;0;0;0;0;0;0;0;2;2;0;23;11;12;5;3;2;28;14;14;2022
212000;Raub, raeuberische Erpressung auf/gegen sonstige Kassenraeume und Geschaefte;8221000;Heidelberg;insg.;1;0;1;0;0;0;0;0;0;0;0;0;0;0;0;0;0;0;1;0;1;0;0;0;1;0;1;2022
212000;Raub, raeuberische Erpressung auf/gegen sonstige Kassenraeume und Geschaefte;8121000;Heilbronn;insg.;6;3;3;0;0;0;0;0;0;0;0;0;0;0;0;1;1;0;3;0;3;2;2;0;5;2;3;2022
212000;Raub, raeuberische Erpressung auf/gegen sonstige Kassenraeume und Geschaefte;5916000;Herne;insg.;8;4;4;0;0;0;0;0;0;0;0;0;0;0;0;3;3;0;5;1;4;0;0;0;5;1;4;2022
212000;Raub, raeuberische Erpressung auf/gegen sonstige Kassenraeume und Geschaefte;3254021;Hildesheim;insg.;0;0;0;0;0;0;0;0;0;0;0;0;0;0;0;0;0;0;0;0;0;0;0;0;0;0;0;2022
212000;Raub, raeuberische Erpressung auf/gegen sonstige Kassenraeume und Geschaefte;9161000;Ingolstadt;insg.;1;1;0;0;0;0;0;0;0;0;0;0;0;0;0;0;0;0;1;1;0;0;0;0;1;1;0;2022
212000;Raub, raeuberische Erpressung auf/gegen sonstige Kassenraeume und Geschaefte;16053000;Jena;insg.;0;0;0;0;0;0;0;0;0;0;0;0;0;0;0;0;0;0;0;0;0;0;0;0;0;0;0;2022
212000;Raub, raeuberische Erpressung auf/gegen sonstige Kassenraeume und Geschaefte;7312000;Kaiserslautern;insg.;4;0;4;0;0;0;0;0;0;0;0;0;0;0;0;0;0;0;1;0;1;3;0;3;4;0;4;2022
212000;Raub, raeuberische Erpressung auf/gegen sonstige Kassenraeume und Geschaefte;8212000;Karlsruhe;insg.;6;2;4;0;0;0;0;0;0;0;0;0;1;0;1;1;0;1;4;2;2;0;0;0;4;2;2;2022
212000;Raub, raeuberische Erpressung auf/gegen sonstige Kassenraeume und Geschaefte;6611000;Kassel;insg.;21;5;16;0;0;0;0;0;0;0;0;0;0;0;0;0;0;0;18;4;14;3;1;2;21;5;16;2022
212000;Raub, raeuberische Erpressung auf/gegen sonstige Kassenraeume und Geschaefte;1002000;Kiel;insg.;15;7;8;0;0;0;0;0;0;0;0;0;0;0;0;1;1;0;14;6;8;0;0;0;14;6;8;2022
212000;Raub, raeuberische Erpressung auf/gegen sonstige Kassenraeume und Geschaefte;7111000;Koblenz;insg.;4;3;1;0;0;0;0;0;0;0;0;0;0;0;0;1;1;0;3;2;1;0;0;0;3;2;1;2022
212000;Raub, raeuberische Erpressung auf/gegen sonstige Kassenraeume und Geschaefte;5315000;Koeln;insg.;60;42;18;0;0;0;0;0;0;0;0;0;1;1;0;6;5;1;44;30;14;9;6;3;53;36;17;2022
212000;Raub, raeuberische Erpressung auf/gegen sonstige Kassenraeume und Geschaefte;5114000;Krefeld;insg.;10;2;8;0;0;0;0;0;0;0;0;0;0;0;0;2;0;2;7;2;5;1;0;1;8;2;6;2022
212000;Raub, raeuberische Erpressung auf/gegen sonstige Kassenraeume und Geschaefte;14713000;Leipzig;insg.;20;10;10;0;0;0;0;0;0;0;0;0;1;1;0;0;0;0;17;9;8;2;0;2;19;9;10;2022
212000;Raub, raeuberische Erpressung auf/gegen sonstige Kassenraeume und Geschaefte;5316000;Leverkusen;insg.;5;3;2;0;0;0;0;0;0;0;0;0;0;0;0;1;1;0;4;2;2;0;0;0;4;2;2;2022
212000;Raub, raeuberische Erpressung auf/gegen sonstige Kassenraeume und Geschaefte;1003000;Luebeck;insg.;7;3;4;0;0;0;0;0;0;0;0;0;0;0;0;0;0;0;7;3;4;0;0;0;7;3;4;2022
212000;Raub, raeuberische Erpressung auf/gegen sonstige Kassenraeume und Geschaefte;7314000;Ludwigshafen am Rhein;insg.;3;1;2;0;0;0;0;0;0;0;0;0;0;0;0;1;1;0;2;0;2;0;0;0;2;0;2;2022
212000;Raub, raeuberische Erpressung auf/gegen sonstige Kassenraeume und Geschaefte;15003000;Magdeburg;insg.;13;4;9;0;0;0;0;0;0;0;0;0;0;0;0;1;0;1;7;3;4;5;1;4;12;4;8;2022
212000;Raub, raeuberische Erpressung auf/gegen sonstige Kassenraeume und Geschaefte;7315000;Mainz;insg.;9;4;5;0;0;0;0;0;0;0;0;0;0;0;0;0;0;0;7;3;4;2;1;1;9;4;5;2022
212000;Raub, raeuberische Erpressung auf/gegen sonstige Kassenraeume und Geschaefte;8222000;Mannheim;insg.;18;12;6;1;1;0;0;0;0;1;1;0;0;0;0;2;2;0;9;6;3;6;3;3;15;9;6;2022
212000;Raub, raeuberische Erpressung auf/gegen sonstige Kassenraeume und Geschaefte;5170024;Moers;insg.;6;4;2;0;0;0;0;0;0;0;0;0;0;0;0;0;0;0;4;2;2;2;2;0;6;4;2;2022
212000;Raub, raeuberische Erpressung auf/gegen sonstige Kassenraeume und Geschaefte;5116000;Moenchengladbach;insg.;12;7;5;0;0;0;0;0;0;0;0;0;0;0;0;1;1;0;10;6;4;1;0;1;11;6;5;2022
212000;Raub, raeuberische Erpressung auf/gegen sonstige Kassenraeume und Geschaefte;5117000;Muelheim an der Ruhr;insg.;6;3;3;0;0;0;0;0;0;0;0;0;0;0;0;0;0;0;6;3;3;0;0;0;6;3;3;2022
212000;Raub, raeuberische Erpressung auf/gegen sonstige Kassenraeume und Geschaefte;9162000;Muenchen;insg.;51;38;13;0;0;0;0;0;0;0;0;0;1;1;0;3;2;1;40;31;9;7;4;3;47;35;12;2022
212000;Raub, raeuberische Erpressung auf/gegen sonstige Kassenraeume und Geschaefte;5515000;Muenster;insg.;22;6;16;0;0;0;0;0;0;0;0;0;1;0;1;2;1;1;19;5;14;0;0;0;19;5;14;2022
212000;Raub, raeuberische Erpressung auf/gegen sonstige Kassenraeume und Geschaefte;5162024;Neuss;insg.;3;1;2;0;0;0;0;0;0;0;0;0;0;0;0;0;0;0;3;1;2;0;0;0;3;1;2;2022
212000;Raub, raeuberische Erpressung auf/gegen sonstige Kassenraeume und Geschaefte;9564000;Nuernberg;insg.;11;7;4;0;0;0;0;0;0;0;0;0;0;0;0;0;0;0;10;6;4;1;1;0;11;7;4;2022
212000;Raub, raeuberische Erpressung auf/gegen sonstige Kassenraeume und Geschaefte;5119000;Oberhausen;insg.;7;3;4;0;0;0;0;0;0;0;0;0;0;0;0;0;0;0;6;2;4;1;1;0;7;3;4;2022
212000;Raub, raeuberische Erpressung auf/gegen sonstige Kassenraeume und Geschaefte;6413000;Offenbach am Main;insg.;4;3;1;0;0;0;0;0;0;0;0;0;0;0;0;0;0;0;4;3;1;0;0;0;4;3;1;2022
212000;Raub, raeuberische Erpressung auf/gegen sonstige Kassenraeume und Geschaefte;3403000;Oldenburg (Oldenburg);insg.;8;5;3;0;0;0;0;0;0;0;0;0;0;0;0;3;2;1;5;3;2;0;0;0;5;3;2;2022
212000;Raub, raeuberische Erpressung auf/gegen sonstige Kassenraeume und Geschaefte;3404000;Osnabrueck;insg.;5;3;2;0;0;0;0;0;0;0;0;0;0;0;0;0;0;0;5;3;2;0;0;0;5;3;2;2022
212000;Raub, raeuberische Erpressung auf/gegen sonstige Kassenraeume und Geschaefte;5774032;Paderborn;insg.;2;1;1;0;0;0;0;0;0;0;0;0;0;0;0;0;0;0;1;0;1;1;1;0;2;1;1;2022
212000;Raub, raeuberische Erpressung auf/gegen sonstige Kassenraeume und Geschaefte;8231000;Pforzheim;insg.;5;2;3;0;0;0;0;0;0;0;0;0;0;0;0;1;1;0;3;0;3;1;1;0;4;1;3;2022
212000;Raub, raeuberische Erpressung auf/gegen sonstige Kassenraeume und Geschaefte;12054000;Potsdam;insg.;2;1;1;0;0;0;0;0;0;0;0;0;0;0;0;0;0;0;2;1;1;0;0;0;2;1;1;2022
212000;Raub, raeuberische Erpressung auf/gegen sonstige Kassenraeume und Geschaefte;5562032;Recklinghausen;insg.;10;5;5;0;0;0;0;0;0;0;0;0;0;0;0;2;1;1;7;4;3;1;0;1;8;4;4;2022
212000;Raub, raeuberische Erpressung auf/gegen sonstige Kassenraeume und Geschaefte;9362000;Regensburg;insg.;1;1;0;0;0;0;0;0;0;0;0;0;0;0;0;0;0;0;1;1;0;0;0;0;1;1;0;2022
212000;Raub, raeuberische Erpressung auf/gegen sonstige Kassenraeume und Geschaefte;5120000;Remscheid;insg.;2;1;1;0;0;0;0;0;0;0;0;0;0;0;0;0;0;0;2;1;1;0;0;0;2;1;1;2022
212000;Raub, raeuberische Erpressung auf/gegen sonstige Kassenraeume und Geschaefte;8415061;Reutlingen;insg.;5;3;2;0;0;0;0;0;0;0;0;0;0;0;0;0;0;0;5;3;2;0;0;0;5;3;2;2022
212000;Raub, raeuberische Erpressung auf/gegen sonstige Kassenraeume und Geschaefte;13003000;Rostock, Hanse- und Universit tsstadt;insg.;3;2;1;0;0;0;0;0;0;0;0;0;0;0;0;0;0;0;2;2;0;1;0;1;3;2;1;2022
212000;Raub, raeuberische Erpressung auf/gegen sonstige Kassenraeume und Geschaefte;10041100;Saarbruecken;insg.;5;5;0;0;0;0;0;0;0;0;0;0;0;0;0;0;0;0;4;4;0;1;1;0;5;5;0;2022
212000;Raub, raeuberische Erpressung auf/gegen sonstige Kassenraeume und Geschaefte;3102000;Salzgitter;insg.;3;1;2;0;0;0;0;0;0;0;0;0;0;0;0;2;1;1;1;0;1;0;0;0;1;0;1;2022
212000;Raub, raeuberische Erpressung auf/gegen sonstige Kassenraeume und Geschaefte;13004000;Schwerin;insg.;5;4;1;0;0;0;0;0;0;0;0;0;0;0;0;1;1;0;3;2;1;1;1;0;4;3;1;2022
212000;Raub, raeuberische Erpressung auf/gegen sonstige Kassenraeume und Geschaefte;5970040;Siegen;insg.;5;0;5;0;0;0;0;0;0;0;0;0;0;0;0;0;0;0;5;0;5;0;0;0;5;0;5;2022
212000;Raub, raeuberische Erpressung auf/gegen sonstige Kassenraeume und Geschaefte;5122000;Solingen;insg.;8;3;5;0;0;0;0;0;0;0;0;0;0;0;0;0;0;0;6;3;3;2;0;2;8;3;5;2022
212000;Raub, raeuberische Erpressung auf/gegen sonstige Kassenraeume und Geschaefte;8111000;Stuttgart;insg.;13;5;8;0;0;0;0;0;0;0;0;0;0;0;0;0;0;0;12;4;8;1;1;0;13;5;8;2022
212000;Raub, raeuberische Erpressung auf/gegen sonstige Kassenraeume und Geschaefte;7211000;Trier;insg.;1;0;1;0;0;0;0;0;0;0;0;0;0;0;0;0;0;0;1;0;1;0;0;0;1;0;1;2022
212000;Raub, raeuberische Erpressung auf/gegen sonstige Kassenraeume und Geschaefte;8421000;Ulm;insg.;5;0;5;0;0;0;0;0;0;0;0;0;0;0;0;1;0;1;3;0;3;1;0;1;4;0;4;2022
212000;Raub, raeuberische Erpressung auf/gegen sonstige Kassenraeume und Geschaefte;6414000;Wiesbaden;insg.;7;6;1;0;0;0;0;0;0;0;0;0;0;0;0;0;0;0;7;6;1;0;0;0;7;6;1;2022
212000;Raub, raeuberische Erpressung auf/gegen sonstige Kassenraeume und Geschaefte;3103000;Wolfsburg;insg.;6;0;6;0;0;0;0;0;0;0;0;0;0;0;0;0;0;0;4;0;4;2;0;2;6;0;6;2022
212000;Raub, raeuberische Erpressung auf/gegen sonstige Kassenraeume und Geschaefte;5124000;Wuppertal;insg.;14;5;9;0;0;0;0;0;0;0;0;0;0;0;0;2;1;1;10;4;6;2;0;2;12;4;8;2022
212000;Raub, raeuberische Erpressung auf/gegen sonstige Kassenraeume und Geschaefte;9663000;Wuerzburg;insg.;2;1;1;0;0;0;0;0;0;0;0;0;0;0;0;0;0;0;2;1;1;0;0;0;2;1;1;2022
216000;Handtaschenraub;5334002;Aachen;insg.;4;2;2;0;0;0;0;0;0;0;0;0;0;0;0;0;0;0;3;2;1;1;0;1;4;2;2;2022
216000;Handtaschenraub;9761000;Augsburg;insg.;0;0;0;0;0;0;0;0;0;0;0;0;0;0;0;0;0;0;0;0;0;0;0;0;0;0;0;2022
216000;Handtaschenraub;5378004;Bergisch Gladbach;insg.;2;0;2;0;0;0;0;0;0;0;0;0;0;0;0;0;0;0;2;0;2;0;0;0;2;0;2;2022
216000;Handtaschenraub;11000000;Berlin;insg.;219;65;154;0;0;0;6;6;0;6;6;0;7;7;0;13;7;6;109;36;73;84;9;75;193;45;148;2022
216000;Handtaschenraub;5711000;Bielefeld;insg.;5;0;5;0;0;0;0;0;0;0;0;0;0;0;0;2;0;2;2;0;2;1;0;1;3;0;3;2022
216000;Handtaschenraub;5911000;Bochum;insg.;6;0;6;0;0;0;0;0;0;0;0;0;0;0;0;0;0;0;1;0;1;5;0;5;6;0;6;2022
216000;Handtaschenraub;5314000;Bonn;insg.;10;0;10;0;0;0;0;0;0;0;0;0;0;0;0;1;0;1;4;0;4;5;0;5;9;0;9;2022
216000;Handtaschenraub;5512000;Bottrop;insg.;2;0;2;0;0;0;0;0;0;0;0;0;0;0;0;0;0;0;1;0;1;1;0;1;2;0;2;2022
216000;Handtaschenraub;3101000;Braunschweig;insg.;0;0;0;0;0;0;0;0;0;0;0;0;0;0;0;0;0;0;0;0;0;0;0;0;0;0;0;2022
216000;Handtaschenraub;4011000;Bremen;insg.;14;4;10;0;0;0;0;0;0;0;0;0;0;0;0;0;0;0;7;3;4;7;1;6;14;4;10;2022
216000;Handtaschenraub;4012000;Bremerhaven;insg.;1;0;1;0;0;0;0;0;0;0;0;0;0;0;0;0;0;0;1;0;1;0;0;0;1;0;1;2022
216000;Handtaschenraub;14511000;Chemnitz;insg.;5;1;4;0;0;0;0;0;0;0;0;0;1;1;0;0;0;0;2;0;2;2;0;2;4;0;4;2022
216000;Handtaschenraub;12052000;Cottbus;insg.;3;1;2;0;0;0;0;0;0;0;0;0;0;0;0;0;0;0;1;1;0;2;0;2;3;1;2;2022
216000;Handtaschenraub;6411000;Darmstadt;insg.;1;0;1;0;0;0;0;0;0;0;0;0;0;0;0;0;0;0;1;0;1;0;0;0;1;0;1;2022
216000;Handtaschenraub;5913000;Dortmund;insg.;11;1;10;0;0;0;0;0;0;0;0;0;0;0;0;2;0;2;5;1;4;4;0;4;9;1;8;2022
216000;Handtaschenraub;14612000;Dresden;insg.;12;3;9;0;0;0;0;0;0;0;0;0;1;0;1;1;1;0;2;1;1;8;1;7;10;2;8;2022
216000;Handtaschenraub;5112000;Duisburg;insg.;20;4;16;0;0;0;0;0;0;0;0;0;1;0;1;0;0;0;11;3;8;8;1;7;19;4;15;2022
216000;Handtaschenraub;5111000;Duesseldorf;insg.;13;3;10;0;0;0;0;0;0;0;0;0;1;0;1;0;0;0;7;3;4;5;0;5;12;3;9;2022
216000;Handtaschenraub;16051000;Erfurt;insg.;1;1;0;0;0;0;0;0;0;0;0;0;0;0;0;1;1;0;0;0;0;0;0;0;0;0;0;2022
216000;Handtaschenraub;9562000;Erlangen;insg.;1;1;0;0;0;0;0;0;0;0;0;0;0;0;0;1;1;0;0;0;0;0;0;0;0;0;0;2022
216000;Handtaschenraub;5113000;Essen;insg.;5;2;3;0;0;0;0;0;0;0;0;0;1;1;0;0;0;0;3;0;3;1;1;0;4;1;3;2022
216000;Handtaschenraub;6412000;Frankfurt am Main;insg.;10;3;7;0;0;0;0;0;0;0;0;0;3;1;2;0;0;0;4;2;2;3;0;3;7;2;5;2022
216000;Handtaschenraub;8311000;Freiburg im Breisgau;insg.;8;4;4;0;0;0;0;0;0;0;0;0;2;2;0;0;0;0;4;2;2;2;0;2;6;2;4;2022
216000;Handtaschenraub;9563000;Fuerth;insg.;2;0;2;0;0;0;0;0;0;0;0;0;0;0;0;0;0;0;1;0;1;1;0;1;2;0;2;2022
216000;Handtaschenraub;5513000;Gelsenkirchen;insg.;5;1;4;0;0;0;0;0;0;0;0;0;0;0;0;0;0;0;2;0;2;3;1;2;5;1;4;2022
216000;Handtaschenraub;3159016;Goettingen;insg.;1;1;0;0;0;0;0;0;0;0;0;0;1;1;0;0;0;0;0;0;0;0;0;0;0;0;0;2022
216000;Handtaschenraub;5754008;Guetersloh;insg.;4;0;4;0;0;0;0;0;0;0;0;0;0;0;0;0;0;0;2;0;2;2;0;2;4;0;4;2022
216000;Handtaschenraub;5914000;Hagen;insg.;3;0;3;0;0;0;0;0;0;0;0;0;0;0;0;0;0;0;1;0;1;2;0;2;3;0;3;2022
216000;Handtaschenraub;15002000;Halle (Saale);insg.;8;2;6;0;0;0;0;0;0;0;0;0;0;0;0;0;0;0;2;1;1;6;1;5;8;2;6;2022
216000;Handtaschenraub;2000000;Hamburg;insg.;72;35;37;0;0;0;1;1;0;1;1;0;8;6;2;9;6;3;43;21;22;11;1;10;54;22;32;2022
216000;Handtaschenraub;5915000;Hamm;insg.;2;0;2;0;0;0;0;0;0;0;0;0;0;0;0;0;0;0;0;0;0;2;0;2;2;0;2;2022
216000;Handtaschenraub;6435014;Hanau;insg.;0;0;0;0;0;0;0;0;0;0;0;0;0;0;0;0;0;0;0;0;0;0;0;0;0;0;0;2022
216000;Handtaschenraub;3241001;Hannover;insg.;14;4;10;0;0;0;0;0;0;0;0;0;1;1;0;0;0;0;8;3;5;5;0;5;13;3;10;2022
216000;Handtaschenraub;8221000;Heidelberg;insg.;3;0;3;0;0;0;0;0;0;0;0;0;0;0;0;0;0;0;2;0;2;1;0;1;3;0;3;2022
216000;Handtaschenraub;8121000;Heilbronn;insg.;2;0;2;0;0;0;0;0;0;0;0;0;0;0;0;0;0;0;2;0;2;0;0;0;2;0;2;2022
216000;Handtaschenraub;5916000;Herne;insg.;3;0;3;0;0;0;0;0;0;0;0;0;1;0;1;0;0;0;1;0;1;1;0;1;2;0;2;2022
216000;Handtaschenraub;3254021;Hildesheim;insg.;1;1;0;0;0;0;0;0;0;0;0;0;0;0;0;0;0;0;1;1;0;0;0;0;1;1;0;2022
216000;Handtaschenraub;9161000;Ingolstadt;insg.;0;0;0;0;0;0;0;0;0;0;0;0;0;0;0;0;0;0;0;0;0;0;0;0;0;0;0;2022
216000;Handtaschenraub;16053000;Jena;insg.;0;0;0;0;0;0;0;0;0;0;0;0;0;0;0;0;0;0;0;0;0;0;0;0;0;0;0;2022
216000;Handtaschenraub;7312000;Kaiserslautern;insg.;3;0;3;0;0;0;0;0;0;0;0;0;0;0;0;0;0;0;2;0;2;1;0;1;3;0;3;2022
216000;Handtaschenraub;8212000;Karlsruhe;insg.;7;1;6;0;0;0;1;0;1;1;0;1;1;0;1;1;1;0;4;0;4;0;0;0;4;0;4;2022
216000;Handtaschenraub;6611000;Kassel;insg.;3;0;3;0;0;0;0;0;0;0;0;0;0;0;0;0;0;0;2;0;2;1;0;1;3;0;3;2022
216000;Handtaschenraub;1002000;Kiel;insg.;3;0;3;0;0;0;0;0;0;0;0;0;0;0;0;0;0;0;1;0;1;2;0;2;3;0;3;2022
216000;Handtaschenraub;7111000;Koblenz;insg.;0;0;0;0;0;0;0;0;0;0;0;0;0;0;0;0;0;0;0;0;0;0;0;0;0;0;0;2022
216000;Handtaschenraub;5315000;Koeln;insg.;50;13;37;0;0;0;0;0;0;0;0;0;3;2;1;3;1;2;27;7;20;17;3;14;44;10;34;2022
216000;Handtaschenraub;5114000;Krefeld;insg.;13;1;12;0;0;0;0;0;0;0;0;0;0;0;0;1;0;1;9;1;8;3;0;3;12;1;11;2022
216000;Handtaschenraub;14713000;Leipzig;insg.;16;3;13;0;0;0;0;0;0;0;0;0;1;1;0;0;0;0;11;2;9;4;0;4;15;2;13;2022
216000;Handtaschenraub;5316000;Leverkusen;insg.;1;0;1;0;0;0;0;0;0;0;0;0;0;0;0;0;0;0;0;0;0;1;0;1;1;0;1;2022
216000;Handtaschenraub;1003000;Luebeck;insg.;2;1;1;0;0;0;0;0;0;0;0;0;0;0;0;0;0;0;1;0;1;1;1;0;2;1;1;2022
216000;Handtaschenraub;7314000;Ludwigshafen am Rhein;insg.;3;0;3;0;0;0;0;0;0;0;0;0;0;0;0;0;0;0;1;0;1;2;0;2;3;0;3;2022
216000;Handtaschenraub;15003000;Magdeburg;insg.;4;3;1;0;0;0;0;0;0;0;0;0;0;0;0;0;0;0;1;1;0;3;2;1;4;3;1;2022
216000;Handtaschenraub;7315000;Mainz;insg.;3;1;2;0;0;0;0;0;0;0;0;0;1;1;0;0;0;0;1;0;1;1;0;1;2;0;2;2022
216000;Handtaschenraub;8222000;Mannheim;insg.;3;0;3;0;0;0;0;0;0;0;0;0;0;0;0;0;0;0;2;0;2;1;0;1;3;0;3;2022
216000;Handtaschenraub;5170024;Moers;insg.;0;0;0;0;0;0;0;0;0;0;0;0;0;0;0;0;0;0;0;0;0;0;0;0;0;0;0;2022
216000;Handtaschenraub;5116000;Moenchengladbach;insg.;5;0;5;0;0;0;0;0;0;0;0;0;1;0;1;0;0;0;1;0;1;3;0;3;4;0;4;2022
216000;Handtaschenraub;5117000;Muelheim an der Ruhr;insg.;2;0;2;0;0;0;0;0;0;0;0;0;0;0;0;0;0;0;2;0;2;0;0;0;2;0;2;2022
216000;Handtaschenraub;9162000;Muenchen;insg.;47;23;24;0;0;0;0;0;0;0;0;0;9;7;2;3;2;1;23;11;12;12;3;9;35;14;21;2022
216000;Handtaschenraub;5515000;Muenster;insg.;6;0;6;0;0;0;0;0;0;0;0;0;0;0;0;0;0;0;1;0;1;5;0;5;6;0;6;2022
216000;Handtaschenraub;5162024;Neuss;insg.;2;0;2;0;0;0;0;0;0;0;0;0;0;0;0;0;0;0;2;0;2;0;0;0;2;0;2;2022
216000;Handtaschenraub;9564000;Nuernberg;insg.;9;4;5;0;0;0;0;0;0;0;0;0;0;0;0;1;1;0;3;2;1;5;1;4;8;3;5;2022
216000;Handtaschenraub;5119000;Oberhausen;insg.;3;0;3;0;0;0;0;0;0;0;0;0;0;0;0;0;0;0;2;0;2;1;0;1;3;0;3;2022
216000;Handtaschenraub;6413000;Offenbach am Main;insg.;2;0;2;0;0;0;0;0;0;0;0;0;0;0;0;0;0;0;1;0;1;1;0;1;2;0;2;2022
216000;Handtaschenraub;3403000;Oldenburg (Oldenburg);insg.;1;0;1;0;0;0;0;0;0;0;0;0;0;0;0;0;0;0;1;0;1;0;0;0;1;0;1;2022
216000;Handtaschenraub;3404000;Osnabrueck;insg.;7;4;3;0;0;0;0;0;0;0;0;0;0;0;0;0;0;0;5;4;1;2;0;2;7;4;3;2022
216000;Handtaschenraub;5774032;Paderborn;insg.;3;0;3;0;0;0;1;0;1;1;0;1;0;0;0;0;0;0;2;0;2;0;0;0;2;0;2;2022
216000;Handtaschenraub;8231000;Pforzheim;insg.;5;2;3;0;0;0;1;1;0;1;1;0;0;0;0;0;0;0;4;1;3;0;0;0;4;1;3;2022
216000;Handtaschenraub;12054000;Potsdam;insg.;3;0;3;0;0;0;0;0;0;0;0;0;0;0;0;0;0;0;0;0;0;3;0;3;3;0;3;2022
216000;Handtaschenraub;5562032;Recklinghausen;insg.;1;0;1;0;0;0;0;0;0;0;0;0;0;0;0;0;0;0;0;0;0;1;0;1;1;0;1;2022
216000;Handtaschenraub;9362000;Regensburg;insg.;0;0;0;0;0;0;0;0;0;0;0;0;0;0;0;0;0;0;0;0;0;0;0;0;0;0;0;2022
216000;Handtaschenraub;5120000;Remscheid;insg.;4;1;3;0;0;0;0;0;0;0;0;0;0;0;0;0;0;0;2;1;1;2;0;2;4;1;3;2022
216000;Handtaschenraub;8415061;Reutlingen;insg.;0;0;0;0;0;0;0;0;0;0;0;0;0;0;0;0;0;0;0;0;0;0;0;0;0;0;0;2022
216000;Handtaschenraub;13003000;Rostock, Hanse- und Universit tsstadt;insg.;4;0;4;0;0;0;0;0;0;0;0;0;0;0;0;0;0;0;4;0;4;0;0;0;4;0;4;2022
216000;Handtaschenraub;10041100;Saarbruecken;insg.;8;1;7;0;0;0;0;0;0;0;0;0;0;0;0;0;0;0;6;1;5;2;0;2;8;1;7;2022
216000;Handtaschenraub;3102000;Salzgitter;insg.;2;0;2;0;0;0;0;0;0;0;0;0;0;0;0;0;0;0;0;0;0;2;0;2;2;0;2;2022
216000;Handtaschenraub;13004000;Schwerin;insg.;6;3;3;0;0;0;0;0;0;0;0;0;0;0;0;3;3;0;1;0;1;2;0;2;3;0;3;2022
216000;Handtaschenraub;5970040;Siegen;insg.;0;0;0;0;0;0;0;0;0;0;0;0;0;0;0;0;0;0;0;0;0;0;0;0;0;0;0;2022
216000;Handtaschenraub;5122000;Solingen;insg.;1;0;1;0;0;0;0;0;0;0;0;0;0;0;0;0;0;0;1;0;1;0;0;0;1;0;1;2022
216000;Handtaschenraub;8111000;Stuttgart;insg.;21;8;13;0;0;0;0;0;0;0;0;0;2;0;2;1;1;0;14;7;7;4;0;4;18;7;11;2022
216000;Handtaschenraub;7211000;Trier;insg.;0;0;0;0;0;0;0;0;0;0;0;0;0;0;0;0;0;0;0;0;0;0;0;0;0;0;0;2022
216000;Handtaschenraub;8421000;Ulm;insg.;4;2;2;0;0;0;0;0;0;0;0;0;2;1;1;0;0;0;1;1;0;1;0;1;2;1;1;2022
216000;Handtaschenraub;6414000;Wiesbaden;insg.;0;0;0;0;0;0;0;0;0;0;0;0;0;0;0;0;0;0;0;0;0;0;0;0;0;0;0;2022
216000;Handtaschenraub;3103000;Wolfsburg;insg.;1;0;1;0;0;0;0;0;0;0;0;0;1;0;1;0;0;0;0;0;0;0;0;0;0;0;0;2022
216000;Handtaschenraub;5124000;Wuppertal;insg.;4;2;2;0;0;0;0;0;0;0;0;0;1;1;0;0;0;0;3;1;2;0;0;0;3;1;2;2022
216000;Handtaschenraub;9663000;Wuerzburg;insg.;0;0;0;0;0;0;0;0;0;0;0;0;0;0;0;0;0;0;0;0;0;0;0;0;0;0;0;2022
217000;Sonstige Raubueberfaelle auf Stra�en, Wegen oder Plaetzen;5334002;Aachen;insg.;143;120;23;0;0;0;4;1;3;4;1;3;20;18;2;12;12;0;99;86;13;8;3;5;107;89;18;2022
217000;Sonstige Raubueberfaelle auf Stra�en, Wegen oder Plaetzen;9761000;Augsburg;insg.;41;35;6;0;0;0;4;4;0;4;4;0;8;8;0;4;3;1;22;19;3;3;1;2;25;20;5;2022
217000;Sonstige Raubueberfaelle auf Stra�en, Wegen oder Plaetzen;5378004;Bergisch Gladbach;insg.;15;13;2;0;0;0;0;0;0;0;0;0;9;7;2;1;1;0;4;4;0;1;1;0;5;5;0;2022
217000;Sonstige Raubueberfaelle auf Stra�en, Wegen oder Plaetzen;11000000;Berlin;insg.;3712;3240;472;2;2;0;322;282;40;324;284;40;1056;992;64;458;424;34;1681;1441;240;193;99;94;1874;1540;334;2022
217000;Sonstige Raubueberfaelle auf Stra�en, Wegen oder Plaetzen;5711000;Bielefeld;insg.;96;69;27;0;0;0;4;1;3;4;1;3;17;10;7;13;11;2;56;43;13;6;4;2;62;47;15;2022
217000;Sonstige Raubueberfaelle auf Stra�en, Wegen oder Plaetzen;5911000;Bochum;insg.;107;94;13;0;0;0;12;11;1;12;11;1;28;28;0;8;8;0;52;44;8;7;3;4;59;47;12;2022
217000;Sonstige Raubueberfaelle auf Stra�en, Wegen oder Plaetzen;5314000;Bonn;insg.;184;161;23;0;0;0;10;10;0;10;10;0;35;34;1;23;21;2;109;89;20;7;7;0;116;96;20;2022
217000;Sonstige Raubueberfaelle auf Stra�en, Wegen oder Plaetzen;5512000;Bottrop;insg.;31;25;6;0;0;0;11;11;0;11;11;0;6;5;1;2;1;1;9;7;2;3;1;2;12;8;4;2022
217000;Sonstige Raubueberfaelle auf Stra�en, Wegen oder Plaetzen;3101000;Braunschweig;insg.;66;58;8;0;0;0;3;1;2;3;1;2;11;10;1;14;13;1;31;31;0;7;3;4;38;34;4;2022
217000;Sonstige Raubueberfaelle auf Stra�en, Wegen oder Plaetzen;4011000;Bremen;insg.;394;324;70;0;0;0;22;21;1;22;21;1;50;44;6;34;30;4;232;196;36;56;33;23;288;229;59;2022
217000;Sonstige Raubueberfaelle auf Stra�en, Wegen oder Plaetzen;4012000;Bremerhaven;insg.;80;67;13;0;0;0;3;2;1;3;2;1;9;7;2;3;3;0;58;49;9;7;6;1;65;55;10;2022
217000;Sonstige Raubueberfaelle auf Stra�en, Wegen oder Plaetzen;14511000;Chemnitz;insg.;61;52;9;1;0;1;6;6;0;7;6;1;14;12;2;8;7;1;31;27;4;1;0;1;32;27;5;2022
217000;Sonstige Raubueberfaelle auf Stra�en, Wegen oder Plaetzen;12052000;Cottbus;insg.;18;13;5;0;0;0;2;2;0;2;2;0;1;1;0;4;4;0;10;6;4;1;0;1;11;6;5;2022
217000;Sonstige Raubueberfaelle auf Stra�en, Wegen oder Plaetzen;6411000;Darmstadt;insg.;44;33;11;0;0;0;3;3;0;3;3;0;12;10;2;10;8;2;17;11;6;2;1;1;19;12;7;2022
217000;Sonstige Raubueberfaelle auf Stra�en, Wegen oder Plaetzen;5913000;Dortmund;insg.;406;362;44;0;0;0;11;10;1;11;10;1;47;45;2;46;42;4;281;253;28;21;12;9;302;265;37;2022
217000;Sonstige Raubueberfaelle auf Stra�en, Wegen oder Plaetzen;14612000;Dresden;insg.;249;225;24;0;0;0;15;12;3;15;12;3;78;76;2;37;35;2;106;91;15;13;11;2;119;102;17;2022
217000;Sonstige Raubueberfaelle auf Stra�en, Wegen oder Plaetzen;5112000;Duisburg;insg.;227;173;54;0;0;0;36;30;6;36;30;6;33;28;5;17;13;4;120;91;29;21;11;10;141;102;39;2022
217000;Sonstige Raubueberfaelle auf Stra�en, Wegen oder Plaetzen;5111000;Duesseldorf;insg.;278;217;61;0;0;0;17;10;7;17;10;7;32;27;5;36;28;8;154;132;22;39;20;19;193;152;41;2022
217000;Sonstige Raubueberfaelle auf Stra�en, Wegen oder Plaetzen;16051000;Erfurt;insg.;32;27;5;0;0;0;3;2;1;3;2;1;10;9;1;4;2;2;14;14;0;1;0;1;15;14;1;2022
217000;Sonstige Raubueberfaelle auf Stra�en, Wegen oder Plaetzen;9562000;Erlangen;insg.;3;3;0;0;0;0;1;1;0;1;1;0;2;2;0;0;0;0;0;0;0;0;0;0;0;0;0;2022
217000;Sonstige Raubueberfaelle auf Stra�en, Wegen oder Plaetzen;5113000;Essen;insg.;273;219;54;0;0;0;12;10;2;12;10;2;53;46;7;20;17;3;156;128;28;32;18;14;188;146;42;2022
217000;Sonstige Raubueberfaelle auf Stra�en, Wegen oder Plaetzen;6412000;Frankfurt am Main;insg.;752;662;90;1;1;0;15;13;2;16;14;2;94;84;10;71;66;5;515;459;56;56;39;17;571;498;73;2022
217000;Sonstige Raubueberfaelle auf Stra�en, Wegen oder Plaetzen;8311000;Freiburg im Breisgau;insg.;70;64;6;1;1;0;2;2;0;3;3;0;9;9;0;15;15;0;41;37;4;2;0;2;43;37;6;2022
217000;Sonstige Raubueberfaelle auf Stra�en, Wegen oder Plaetzen;9563000;Fuerth;insg.;0;0;0;0;0;0;0;0;0;0;0;0;0;0;0;0;0;0;0;0;0;0;0;0;0;0;0;2022
217000;Sonstige Raubueberfaelle auf Stra�en, Wegen oder Plaetzen;5513000;Gelsenkirchen;insg.;109;97;12;0;0;0;13;11;2;13;11;2;35;33;2;7;7;0;48;42;6;6;4;2;54;46;8;2022
217000;Sonstige Raubueberfaelle auf Stra�en, Wegen oder Plaetzen;3159016;Goettingen;insg.;24;18;6;0;0;0;1;1;0;1;1;0;5;5;0;2;2;0;16;10;6;0;0;0;16;10;6;2022
217000;Sonstige Raubueberfaelle auf Stra�en, Wegen oder Plaetzen;5754008;Guetersloh;insg.;40;39;1;0;0;0;4;4;0;4;4;0;16;16;0;6;6;0;12;12;0;2;1;1;14;13;1;2022
217000;Sonstige Raubueberfaelle auf Stra�en, Wegen oder Plaetzen;5914000;Hagen;insg.;93;88;5;0;0;0;8;8;0;8;8;0;14;14;0;16;15;1;49;47;2;6;4;2;55;51;4;2022
217000;Sonstige Raubueberfaelle auf Stra�en, Wegen oder Plaetzen;15002000;Halle (Saale);insg.;208;186;22;0;0;0;29;27;2;29;27;2;70;64;6;37;36;1;66;56;10;6;3;3;72;59;13;2022
217000;Sonstige Raubueberfaelle auf Stra�en, Wegen oder Plaetzen;2000000;Hamburg;insg.;1029;909;120;0;0;0;59;45;14;59;45;14;138;134;4;101;95;6;678;593;85;53;42;11;731;635;96;2022
217000;Sonstige Raubueberfaelle auf Stra�en, Wegen oder Plaetzen;5915000;Hamm;insg.;81;64;17;0;0;0;0;0;0;0;0;0;17;12;5;13;11;2;47;37;10;4;4;0;51;41;10;2022
217000;Sonstige Raubueberfaelle auf Stra�en, Wegen oder Plaetzen;6435014;Hanau;insg.;19;16;3;0;0;0;1;1;0;1;1;0;1;1;0;1;1;0;16;13;3;0;0;0;16;13;3;2022
217000;Sonstige Raubueberfaelle auf Stra�en, Wegen oder Plaetzen;3241001;Hannover;insg.;348;322;26;0;0;0;12;12;0;12;12;0;68;67;1;37;33;4;218;198;20;13;12;1;231;210;21;2022
217000;Sonstige Raubueberfaelle auf Stra�en, Wegen oder Plaetzen;8221000;Heidelberg;insg.;44;39;5;0;0;0;2;1;1;2;1;1;9;8;1;8;7;1;21;20;1;4;3;1;25;23;2;2022
217000;Sonstige Raubueberfaelle auf Stra�en, Wegen oder Plaetzen;8121000;Heilbronn;insg.;20;18;2;0;0;0;0;0;0;0;0;0;4;3;1;1;1;0;13;12;1;2;2;0;15;14;1;2022
217000;Sonstige Raubueberfaelle auf Stra�en, Wegen oder Plaetzen;5916000;Herne;insg.;45;39;6;0;0;0;2;2;0;2;2;0;13;13;0;5;5;0;23;18;5;2;1;1;25;19;6;2022
217000;Sonstige Raubueberfaelle auf Stra�en, Wegen oder Plaetzen;3254021;Hildesheim;insg.;40;38;2;0;0;0;5;5;0;5;5;0;13;13;0;3;3;0;18;16;2;1;1;0;19;17;2;2022
217000;Sonstige Raubueberfaelle auf Stra�en, Wegen oder Plaetzen;9161000;Ingolstadt;insg.;13;12;1;0;0;0;1;1;0;1;1;0;4;4;0;3;3;0;4;3;1;1;1;0;5;4;1;2022
217000;Sonstige Raubueberfaelle auf Stra�en, Wegen oder Plaetzen;16053000;Jena;insg.;11;8;3;0;0;0;0;0;0;0;0;0;1;1;0;2;1;1;7;6;1;1;0;1;8;6;2;2022
217000;Sonstige Raubueberfaelle auf Stra�en, Wegen oder Plaetzen;7312000;Kaiserslautern;insg.;15;13;2;0;0;0;1;1;0;1;1;0;4;4;0;0;0;0;8;7;1;2;1;1;10;8;2;2022
217000;Sonstige Raubueberfaelle auf Stra�en, Wegen oder Plaetzen;8212000;Karlsruhe;insg.;80;65;15;0;0;0;4;2;2;4;2;2;14;12;2;10;10;0;48;39;9;4;2;2;52;41;11;2022
217000;Sonstige Raubueberfaelle auf Stra�en, Wegen oder Plaetzen;6611000;Kassel;insg.;82;71;11;0;0;0;1;0;1;1;0;1;6;6;0;8;8;0;54;45;9;13;12;1;67;57;10;2022
217000;Sonstige Raubueberfaelle auf Stra�en, Wegen oder Plaetzen;1002000;Kiel;insg.;99;80;19;0;0;0;9;7;2;9;7;2;15;15;0;9;8;1;61;47;14;5;3;2;66;50;16;2022
217000;Sonstige Raubueberfaelle auf Stra�en, Wegen oder Plaetzen;7111000;Koblenz;insg.;58;51;7;0;0;0;1;1;0;1;1;0;26;23;3;4;4;0;24;21;3;3;2;1;27;23;4;2022
217000;Sonstige Raubueberfaelle auf Stra�en, Wegen oder Plaetzen;5315000;Koeln;insg.;767;654;113;0;0;0;71;64;7;71;64;7;151;134;17;60;55;5;432;366;66;53;35;18;485;401;84;2022
217000;Sonstige Raubueberfaelle auf Stra�en, Wegen oder Plaetzen;5114000;Krefeld;insg.;105;82;23;0;0;0;10;9;1;10;9;1;11;9;2;9;7;2;54;46;8;21;11;10;75;57;18;2022
217000;Sonstige Raubueberfaelle auf Stra�en, Wegen oder Plaetzen;14713000;Leipzig;insg.;279;254;25;0;0;0;14;13;1;14;13;1;88;82;6;42;41;1;131;117;14;4;1;3;135;118;17;2022
217000;Sonstige Raubueberfaelle auf Stra�en, Wegen oder Plaetzen;5316000;Leverkusen;insg.;65;57;8;0;0;0;12;12;0;12;12;0;18;16;2;3;3;0;30;25;5;2;1;1;32;26;6;2022
217000;Sonstige Raubueberfaelle auf Stra�en, Wegen oder Plaetzen;1003000;Luebeck;insg.;58;53;5;0;0;0;0;0;0;0;0;0;17;17;0;9;8;1;26;24;2;6;4;2;32;28;4;2022
217000;Sonstige Raubueberfaelle auf Stra�en, Wegen oder Plaetzen;7314000;Ludwigshafen am Rhein;insg.;122;106;16;0;0;0;38;30;8;38;30;8;35;35;0;8;7;1;37;32;5;4;2;2;41;34;7;2022
217000;Sonstige Raubueberfaelle auf Stra�en, Wegen oder Plaetzen;15003000;Magdeburg;insg.;155;139;16;0;0;0;16;15;1;16;15;1;49;43;6;21;20;1;60;55;5;9;6;3;69;61;8;2022
217000;Sonstige Raubueberfaelle auf Stra�en, Wegen oder Plaetzen;7315000;Mainz;insg.;85;77;8;0;0;0;6;6;0;6;6;0;25;25;0;16;16;0;33;28;5;5;2;3;38;30;8;2022
217000;Sonstige Raubueberfaelle auf Stra�en, Wegen oder Plaetzen;8222000;Mannheim;insg.;90;82;8;0;0;0;15;15;0;15;15;0;12;11;1;14;11;3;46;42;4;3;3;0;49;45;4;2022
217000;Sonstige Raubueberfaelle auf Stra�en, Wegen oder Plaetzen;5170024;Moers;insg.;37;33;4;0;0;0;1;1;0;1;1;0;16;16;0;4;4;0;15;11;4;1;1;0;16;12;4;2022
217000;Sonstige Raubueberfaelle auf Stra�en, Wegen oder Plaetzen;5116000;Moenchengladbach;insg.;148;133;15;0;0;0;20;20;0;20;20;0;48;45;3;18;17;1;53;45;8;9;6;3;62;51;11;2022
217000;Sonstige Raubueberfaelle auf Stra�en, Wegen oder Plaetzen;5117000;Muelheim an der Ruhr;insg.;65;54;11;0;0;0;8;7;1;8;7;1;17;15;2;6;4;2;31;26;5;3;2;1;34;28;6;2022
217000;Sonstige Raubueberfaelle auf Stra�en, Wegen oder Plaetzen;9162000;Muenchen;insg.;269;238;31;2;2;0;26;21;5;28;23;5;59;53;6;38;36;2;133;117;16;11;9;2;144;126;18;2022
217000;Sonstige Raubueberfaelle auf Stra�en, Wegen oder Plaetzen;5515000;Muenster;insg.;154;134;20;0;0;0;9;7;2;9;7;2;19;17;2;23;20;3;97;85;12;6;5;1;103;90;13;2022
217000;Sonstige Raubueberfaelle auf Stra�en, Wegen oder Plaetzen;5162024;Neuss;insg.;33;28;5;0;0;0;2;0;2;2;0;2;2;2;0;7;5;2;20;19;1;2;2;0;22;21;1;2022
217000;Sonstige Raubueberfaelle auf Stra�en, Wegen oder Plaetzen;9564000;Nuernberg;insg.;80;74;6;0;0;0;1;1;0;1;1;0;18;18;0;15;15;0;44;39;5;2;1;1;46;40;6;2022
217000;Sonstige Raubueberfaelle auf Stra�en, Wegen oder Plaetzen;5119000;Oberhausen;insg.;81;70;11;0;0;0;22;22;0;22;22;0;25;21;4;5;3;2;25;20;5;4;4;0;29;24;5;2022
217000;Sonstige Raubueberfaelle auf Stra�en, Wegen oder Plaetzen;6413000;Offenbach am Main;insg.;48;39;9;0;0;0;1;0;1;1;0;1;9;6;3;7;6;1;25;22;3;6;5;1;31;27;4;2022
217000;Sonstige Raubueberfaelle auf Stra�en, Wegen oder Plaetzen;3403000;Oldenburg (Oldenburg);insg.;51;48;3;0;0;0;5;5;0;5;5;0;18;18;0;11;10;1;17;15;2;0;0;0;17;15;2;2022
217000;Sonstige Raubueberfaelle auf Stra�en, Wegen oder Plaetzen;3404000;Osnabrueck;insg.;67;59;8;0;0;0;2;1;1;2;1;1;9;8;1;11;8;3;42;40;2;3;2;1;45;42;3;2022
217000;Sonstige Raubueberfaelle auf Stra�en, Wegen oder Plaetzen;5774032;Paderborn;insg.;72;58;14;0;0;0;1;0;1;1;0;1;8;6;2;11;7;4;50;43;7;2;2;0;52;45;7;2022
217000;Sonstige Raubueberfaelle auf Stra�en, Wegen oder Plaetzen;8231000;Pforzheim;insg.;38;33;5;0;0;0;4;3;1;4;3;1;13;12;1;7;6;1;13;11;2;1;1;0;14;12;2;2022
217000;Sonstige Raubueberfaelle auf Stra�en, Wegen oder Plaetzen;12054000;Potsdam;insg.;52;38;14;0;0;0;7;6;1;7;6;1;16;14;2;3;3;0;23;13;10;3;2;1;26;15;11;2022
217000;Sonstige Raubueberfaelle auf Stra�en, Wegen oder Plaetzen;5562032;Recklinghausen;insg.;40;31;9;0;0;0;5;4;1;5;4;1;5;5;0;5;4;1;24;17;7;1;1;0;25;18;7;2022
217000;Sonstige Raubueberfaelle auf Stra�en, Wegen oder Plaetzen;9362000;Regensburg;insg.;4;4;0;0;0;0;0;0;0;0;0;0;2;2;0;0;0;0;2;2;0;0;0;0;2;2;0;2022
217000;Sonstige Raubueberfaelle auf Stra�en, Wegen oder Plaetzen;5120000;Remscheid;insg.;32;29;3;0;0;0;4;4;0;4;4;0;13;12;1;4;3;1;9;8;1;2;2;0;11;10;1;2022
217000;Sonstige Raubueberfaelle auf Stra�en, Wegen oder Plaetzen;8415061;Reutlingen;insg.;26;25;1;0;0;0;4;4;0;4;4;0;9;8;1;6;6;0;7;7;0;0;0;0;7;7;0;2022
217000;Sonstige Raubueberfaelle auf Stra�en, Wegen oder Plaetzen;13003000;Rostock, Hanse- und Universit tsstadt;insg.;81;66;15;0;0;0;13;11;2;13;11;2;19;18;1;15;12;3;30;23;7;4;2;2;34;25;9;2022
217000;Sonstige Raubueberfaelle auf Stra�en, Wegen oder Plaetzen;10041100;Saarbruecken;insg.;95;79;16;0;0;0;5;4;1;5;4;1;16;12;4;14;13;1;56;48;8;4;2;2;60;50;10;2022
217000;Sonstige Raubueberfaelle auf Stra�en, Wegen oder Plaetzen;3102000;Salzgitter;insg.;13;11;2;0;0;0;3;3;0;3;3;0;1;1;0;2;1;1;7;6;1;0;0;0;7;6;1;2022
217000;Sonstige Raubueberfaelle auf Stra�en, Wegen oder Plaetzen;13004000;Schwerin;insg.;28;24;4;0;0;0;0;0;0;0;0;0;1;1;0;5;5;0;21;17;4;1;1;0;22;18;4;2022
217000;Sonstige Raubueberfaelle auf Stra�en, Wegen oder Plaetzen;5970040;Siegen;insg.;50;45;5;0;0;0;5;3;2;5;3;2;21;19;2;6;6;0;17;16;1;1;1;0;18;17;1;2022
217000;Sonstige Raubueberfaelle auf Stra�en, Wegen oder Plaetzen;5122000;Solingen;insg.;56;52;4;0;0;0;11;11;0;11;11;0;14;12;2;10;9;1;17;17;0;4;3;1;21;20;1;2022
217000;Sonstige Raubueberfaelle auf Stra�en, Wegen oder Plaetzen;8111000;Stuttgart;insg.;225;188;37;0;0;0;9;7;2;9;7;2;26;24;2;33;26;7;143;120;23;14;11;3;157;131;26;2022
217000;Sonstige Raubueberfaelle auf Stra�en, Wegen oder Plaetzen;7211000;Trier;insg.;36;31;5;0;0;0;0;0;0;0;0;0;13;10;3;9;8;1;13;12;1;1;1;0;14;13;1;2022
217000;Sonstige Raubueberfaelle auf Stra�en, Wegen oder Plaetzen;8421000;Ulm;insg.;30;22;8;0;0;0;2;2;0;2;2;0;3;1;2;3;3;0;19;16;3;3;0;3;22;16;6;2022
217000;Sonstige Raubueberfaelle auf Stra�en, Wegen oder Plaetzen;6414000;Wiesbaden;insg.;99;90;9;0;0;0;9;8;1;9;8;1;24;23;1;21;18;3;39;37;2;6;4;2;45;41;4;2022
217000;Sonstige Raubueberfaelle auf Stra�en, Wegen oder Plaetzen;3103000;Wolfsburg;insg.;11;11;0;0;0;0;0;0;0;0;0;0;0;0;0;1;1;0;10;10;0;0;0;0;10;10;0;2022
217000;Sonstige Raubueberfaelle auf Stra�en, Wegen oder Plaetzen;5124000;Wuppertal;insg.;122;103;19;0;0;0;19;16;3;19;16;3;26;24;2;13;10;3;57;46;11;7;7;0;64;53;11;2022
217000;Sonstige Raubueberfaelle auf Stra�en, Wegen oder Plaetzen;9663000;Wuerzburg;insg.;8;6;2;0;0;0;0;0;0;0;0;0;0;0;0;0;0;0;6;5;1;2;1;1;8;6;2;2022
219000;Raubueberfaelle in Wohnungen;5334002;Aachen;insg.;29;15;14;1;1;0;0;0;0;1;1;0;2;1;1;0;0;0;12;6;6;14;7;7;26;13;13;2022
219000;Raubueberfaelle in Wohnungen;9761000;Augsburg;insg.;6;3;3;0;0;0;0;0;0;0;0;0;0;0;0;0;0;0;5;3;2;1;0;1;6;3;3;2022
219000;Raubueberfaelle in Wohnungen;5378004;Bergisch Gladbach;insg.;2;1;1;0;0;0;0;0;0;0;0;0;0;0;0;0;0;0;0;0;0;2;1;1;2;1;1;2022
219000;Raubueberfaelle in Wohnungen;11000000;Berlin;insg.;273;163;110;0;0;0;1;1;0;1;1;0;18;13;5;11;6;5;174;101;73;69;42;27;243;143;100;2022
219000;Raubueberfaelle in Wohnungen;5711000;Bielefeld;insg.;7;7;0;0;0;0;0;0;0;0;0;0;0;0;0;1;1;0;4;4;0;2;2;0;6;6;0;2022
219000;Raubueberfaelle in Wohnungen;5911000;Bochum;insg.;19;13;6;0;0;0;0;0;0;0;0;0;0;0;0;0;0;0;12;8;4;7;5;2;19;13;6;2022
219000;Raubueberfaelle in Wohnungen;5314000;Bonn;insg.;12;8;4;0;0;0;0;0;0;0;0;0;0;0;0;0;0;0;6;3;3;6;5;1;12;8;4;2022
219000;Raubueberfaelle in Wohnungen;5512000;Bottrop;insg.;5;4;1;0;0;0;0;0;0;0;0;0;0;0;0;0;0;0;5;4;1;0;0;0;5;4;1;2022
219000;Raubueberfaelle in Wohnungen;3101000;Braunschweig;insg.;7;5;2;0;0;0;0;0;0;0;0;0;0;0;0;0;0;0;6;5;1;1;0;1;7;5;2;2022
219000;Raubueberfaelle in Wohnungen;4011000;Bremen;insg.;46;30;16;0;0;0;0;0;0;0;0;0;4;4;0;2;2;0;23;14;9;17;10;7;40;24;16;2022
219000;Raubueberfaelle in Wohnungen;4012000;Bremerhaven;insg.;21;11;10;0;0;0;0;0;0;0;0;0;0;0;0;1;1;0;12;7;5;8;3;5;20;10;10;2022
219000;Raubueberfaelle in Wohnungen;14511000;Chemnitz;insg.;11;6;5;0;0;0;0;0;0;0;0;0;1;0;1;2;2;0;8;4;4;0;0;0;8;4;4;2022
219000;Raubueberfaelle in Wohnungen;12052000;Cottbus;insg.;4;2;2;0;0;0;0;0;0;0;0;0;0;0;0;1;1;0;3;1;2;0;0;0;3;1;2;2022
219000;Raubueberfaelle in Wohnungen;6411000;Darmstadt;insg.;4;3;1;0;0;0;0;0;0;0;0;0;0;0;0;0;0;0;2;2;0;2;1;1;4;3;1;2022
219000;Raubueberfaelle in Wohnungen;5913000;Dortmund;insg.;46;30;16;0;0;0;1;1;0;1;1;0;2;1;1;4;3;1;32;19;13;7;6;1;39;25;14;2022
219000;Raubueberfaelle in Wohnungen;14612000;Dresden;insg.;14;10;4;0;0;0;0;0;0;0;0;0;0;0;0;1;1;0;9;8;1;4;1;3;13;9;4;2022
219000;Raubueberfaelle in Wohnungen;5112000;Duisburg;insg.;51;32;19;0;0;0;0;0;0;0;0;0;3;2;1;5;5;0;35;22;13;8;3;5;43;25;18;2022
219000;Raubueberfaelle in Wohnungen;5111000;Duesseldorf;insg.;30;21;9;0;0;0;0;0;0;0;0;0;2;2;0;3;2;1;15;10;5;10;7;3;25;17;8;2022
219000;Raubueberfaelle in Wohnungen;16051000;Erfurt;insg.;12;8;4;0;0;0;0;0;0;0;0;0;1;1;0;0;0;0;11;7;4;0;0;0;11;7;4;2022
219000;Raubueberfaelle in Wohnungen;9562000;Erlangen;insg.;1;1;0;0;0;0;0;0;0;0;0;0;0;0;0;1;1;0;0;0;0;0;0;0;0;0;0;2022
219000;Raubueberfaelle in Wohnungen;5113000;Essen;insg.;49;27;22;1;1;0;1;0;1;2;1;1;1;1;0;2;1;1;30;17;13;14;7;7;44;24;20;2022
219000;Raubueberfaelle in Wohnungen;6412000;Frankfurt am Main;insg.;38;19;19;0;0;0;0;0;0;0;0;0;1;1;0;3;1;2;28;15;13;6;2;4;34;17;17;2022
219000;Raubueberfaelle in Wohnungen;8311000;Freiburg im Breisgau;insg.;7;4;3;0;0;0;0;0;0;0;0;0;0;0;0;1;1;0;6;3;3;0;0;0;6;3;3;2022
219000;Raubueberfaelle in Wohnungen;9563000;Fuerth;insg.;0;0;0;0;0;0;0;0;0;0;0;0;0;0;0;0;0;0;0;0;0;0;0;0;0;0;0;2022
219000;Raubueberfaelle in Wohnungen;5513000;Gelsenkirchen;insg.;29;16;13;0;0;0;0;0;0;0;0;0;1;1;0;3;3;0;19;9;10;6;3;3;25;12;13;2022
219000;Raubueberfaelle in Wohnungen;3159016;Goettingen;insg.;2;1;1;0;0;0;0;0;0;0;0;0;0;0;0;0;0;0;2;1;1;0;0;0;2;1;1;2022
219000;Raubueberfaelle in Wohnungen;5754008;Guetersloh;insg.;5;2;3;0;0;0;0;0;0;0;0;0;0;0;0;0;0;0;2;2;0;3;0;3;5;2;3;2022
219000;Raubueberfaelle in Wohnungen;5914000;Hagen;insg.;17;10;7;1;1;0;1;0;1;2;1;1;1;1;0;1;1;0;11;6;5;2;1;1;13;7;6;2022
219000;Raubueberfaelle in Wohnungen;15002000;Halle (Saale);insg.;10;8;2;0;0;0;0;0;0;0;0;0;0;0;0;1;1;0;7;6;1;2;1;1;9;7;2;2022
219000;Raubueberfaelle in Wohnungen;2000000;Hamburg;insg.;51;32;19;0;0;0;0;0;0;0;0;0;3;2;1;2;1;1;40;25;15;6;4;2;46;29;17;2022
219000;Raubueberfaelle in Wohnungen;5915000;Hamm;insg.;15;7;8;0;0;0;0;0;0;0;0;0;0;0;0;1;0;1;12;7;5;2;0;2;14;7;7;2022
219000;Raubueberfaelle in Wohnungen;6435014;Hanau;insg.;3;2;1;0;0;0;0;0;0;0;0;0;0;0;0;0;0;0;3;2;1;0;0;0;3;2;1;2022
219000;Raubueberfaelle in Wohnungen;3241001;Hannover;insg.;38;21;17;0;0;0;0;0;0;0;0;0;2;1;1;7;3;4;24;13;11;5;4;1;29;17;12;2022
219000;Raubueberfaelle in Wohnungen;8221000;Heidelberg;insg.;7;4;3;0;0;0;0;0;0;0;0;0;0;0;0;0;0;0;7;4;3;0;0;0;7;4;3;2022
219000;Raubueberfaelle in Wohnungen;8121000;Heilbronn;insg.;3;1;2;0;0;0;0;0;0;0;0;0;0;0;0;0;0;0;2;1;1;1;0;1;3;1;2;2022
219000;Raubueberfaelle in Wohnungen;5916000;Herne;insg.;8;6;2;0;0;0;0;0;0;0;0;0;0;0;0;1;1;0;6;5;1;1;0;1;7;5;2;2022
219000;Raubueberfaelle in Wohnungen;3254021;Hildesheim;insg.;3;2;1;0;0;0;0;0;0;0;0;0;0;0;0;0;0;0;3;2;1;0;0;0;3;2;1;2022
219000;Raubueberfaelle in Wohnungen;9161000;Ingolstadt;insg.;1;1;0;0;0;0;0;0;0;0;0;0;0;0;0;1;1;0;0;0;0;0;0;0;0;0;0;2022
219000;Raubueberfaelle in Wohnungen;16053000;Jena;insg.;1;1;0;0;0;0;0;0;0;0;0;0;0;0;0;0;0;0;1;1;0;0;0;0;1;1;0;2022
219000;Raubueberfaelle in Wohnungen;7312000;Kaiserslautern;insg.;3;1;2;0;0;0;0;0;0;0;0;0;0;0;0;1;0;1;1;1;0;1;0;1;2;1;1;2022
219000;Raubueberfaelle in Wohnungen;8212000;Karlsruhe;insg.;5;5;0;0;0;0;0;0;0;0;0;0;0;0;0;0;0;0;4;4;0;1;1;0;5;5;0;2022
219000;Raubueberfaelle in Wohnungen;6611000;Kassel;insg.;18;12;6;0;0;0;0;0;0;0;0;0;1;1;0;1;1;0;15;9;6;1;1;0;16;10;6;2022
219000;Raubueberfaelle in Wohnungen;1002000;Kiel;insg.;14;10;4;0;0;0;0;0;0;0;0;0;1;1;0;2;1;1;10;8;2;1;0;1;11;8;3;2022
219000;Raubueberfaelle in Wohnungen;7111000;Koblenz;insg.;2;1;1;0;0;0;0;0;0;0;0;0;0;0;0;0;0;0;2;1;1;0;0;0;2;1;1;2022
219000;Raubueberfaelle in Wohnungen;5315000;Koeln;insg.;87;54;33;0;0;0;1;1;0;1;1;0;5;3;2;8;5;3;61;37;24;12;8;4;73;45;28;2022
219000;Raubueberfaelle in Wohnungen;5114000;Krefeld;insg.;19;12;7;1;1;0;0;0;0;1;1;0;0;0;0;1;1;0;8;4;4;9;6;3;17;10;7;2022
219000;Raubueberfaelle in Wohnungen;14713000;Leipzig;insg.;30;23;7;0;0;0;0;0;0;0;0;0;1;0;1;0;0;0;29;23;6;0;0;0;29;23;6;2022
219000;Raubueberfaelle in Wohnungen;5316000;Leverkusen;insg.;5;3;2;0;0;0;0;0;0;0;0;0;0;0;0;0;0;0;4;3;1;1;0;1;5;3;2;2022
219000;Raubueberfaelle in Wohnungen;1003000;Luebeck;insg.;11;8;3;0;0;0;0;0;0;0;0;0;1;1;0;2;2;0;8;5;3;0;0;0;8;5;3;2022
219000;Raubueberfaelle in Wohnungen;7314000;Ludwigshafen am Rhein;insg.;9;6;3;0;0;0;2;2;0;2;2;0;0;0;0;1;1;0;6;3;3;0;0;0;6;3;3;2022
219000;Raubueberfaelle in Wohnungen;15003000;Magdeburg;insg.;27;20;7;0;0;0;0;0;0;0;0;0;1;1;0;4;4;0;17;14;3;5;1;4;22;15;7;2022
219000;Raubueberfaelle in Wohnungen;7315000;Mainz;insg.;8;7;1;0;0;0;0;0;0;0;0;0;0;0;0;0;0;0;3;3;0;5;4;1;8;7;1;2022
219000;Raubueberfaelle in Wohnungen;8222000;Mannheim;insg.;4;2;2;0;0;0;0;0;0;0;0;0;0;0;0;0;0;0;3;2;1;1;0;1;4;2;2;2022
219000;Raubueberfaelle in Wohnungen;5170024;Moers;insg.;2;2;0;0;0;0;0;0;0;0;0;0;0;0;0;0;0;0;1;1;0;1;1;0;2;2;0;2022
219000;Raubueberfaelle in Wohnungen;5116000;Moenchengladbach;insg.;12;9;3;0;0;0;0;0;0;0;0;0;1;1;0;0;0;0;8;7;1;3;1;2;11;8;3;2022
219000;Raubueberfaelle in Wohnungen;5117000;Muelheim an der Ruhr;insg.;8;4;4;0;0;0;0;0;0;0;0;0;0;0;0;0;0;0;5;3;2;3;1;2;8;4;4;2022
219000;Raubueberfaelle in Wohnungen;9162000;Muenchen;insg.;23;14;9;0;0;0;0;0;0;0;0;0;0;0;0;1;0;1;20;13;7;2;1;1;22;14;8;2022
219000;Raubueberfaelle in Wohnungen;5515000;Muenster;insg.;8;3;5;0;0;0;0;0;0;0;0;0;0;0;0;0;0;0;7;2;5;1;1;0;8;3;5;2022
219000;Raubueberfaelle in Wohnungen;5162024;Neuss;insg.;2;1;1;0;0;0;0;0;0;0;0;0;0;0;0;0;0;0;2;1;1;0;0;0;2;1;1;2022
219000;Raubueberfaelle in Wohnungen;9564000;Nuernberg;insg.;18;13;5;0;0;0;0;0;0;0;0;0;0;0;0;4;4;0;12;7;5;2;2;0;14;9;5;2022
219000;Raubueberfaelle in Wohnungen;5119000;Oberhausen;insg.;3;0;3;0;0;0;0;0;0;0;0;0;0;0;0;0;0;0;1;0;1;2;0;2;3;0;3;2022
219000;Raubueberfaelle in Wohnungen;6413000;Offenbach am Main;insg.;6;4;2;0;0;0;0;0;0;0;0;0;0;0;0;0;0;0;4;2;2;2;2;0;6;4;2;2022
219000;Raubueberfaelle in Wohnungen;3403000;Oldenburg (Oldenburg);insg.;7;4;3;0;0;0;0;0;0;0;0;0;1;1;0;1;1;0;5;2;3;0;0;0;5;2;3;2022
219000;Raubueberfaelle in Wohnungen;3404000;Osnabrueck;insg.;8;6;2;0;0;0;0;0;0;0;0;0;0;0;0;0;0;0;6;6;0;2;0;2;8;6;2;2022
219000;Raubueberfaelle in Wohnungen;5774032;Paderborn;insg.;12;8;4;0;0;0;0;0;0;0;0;0;0;0;0;3;2;1;8;5;3;1;1;0;9;6;3;2022
219000;Raubueberfaelle in Wohnungen;8231000;Pforzheim;insg.;2;2;0;0;0;0;0;0;0;0;0;0;0;0;0;0;0;0;1;1;0;1;1;0;2;2;0;2022
219000;Raubueberfaelle in Wohnungen;12054000;Potsdam;insg.;7;4;3;0;0;0;0;0;0;0;0;0;0;0;0;1;1;0;4;3;1;2;0;2;6;3;3;2022
219000;Raubueberfaelle in Wohnungen;5562032;Recklinghausen;insg.;8;2;6;0;0;0;0;0;0;0;0;0;0;0;0;0;0;0;7;2;5;1;0;1;8;2;6;2022
219000;Raubueberfaelle in Wohnungen;9362000;Regensburg;insg.;2;2;0;0;0;0;0;0;0;0;0;0;0;0;0;0;0;0;1;1;0;1;1;0;2;2;0;2022
219000;Raubueberfaelle in Wohnungen;5120000;Remscheid;insg.;3;2;1;0;0;0;0;0;0;0;0;0;0;0;0;0;0;0;1;0;1;2;2;0;3;2;1;2022
219000;Raubueberfaelle in Wohnungen;8415061;Reutlingen;insg.;0;0;0;0;0;0;0;0;0;0;0;0;0;0;0;0;0;0;0;0;0;0;0;0;0;0;0;2022
219000;Raubueberfaelle in Wohnungen;13003000;Rostock, Hanse- und Universit tsstadt;insg.;7;7;0;0;0;0;0;0;0;0;0;0;0;0;0;1;1;0;5;5;0;1;1;0;6;6;0;2022
219000;Raubueberfaelle in Wohnungen;10041100;Saarbruecken;insg.;19;14;5;0;0;0;0;0;0;0;0;0;0;0;0;3;2;1;13;10;3;3;2;1;16;12;4;2022
219000;Raubueberfaelle in Wohnungen;3102000;Salzgitter;insg.;2;1;1;0;0;0;0;0;0;0;0;0;0;0;0;0;0;0;2;1;1;0;0;0;2;1;1;2022
219000;Raubueberfaelle in Wohnungen;13004000;Schwerin;insg.;13;7;6;0;0;0;0;0;0;0;0;0;0;0;0;0;0;0;11;6;5;2;1;1;13;7;6;2022
219000;Raubueberfaelle in Wohnungen;5970040;Siegen;insg.;7;4;3;0;0;0;0;0;0;0;0;0;1;1;0;1;1;0;2;1;1;3;1;2;5;2;3;2022
219000;Raubueberfaelle in Wohnungen;5122000;Solingen;insg.;9;7;2;0;0;0;1;1;0;1;1;0;0;0;0;1;0;1;7;6;1;0;0;0;7;6;1;2022
219000;Raubueberfaelle in Wohnungen;8111000;Stuttgart;insg.;33;14;19;0;0;0;0;0;0;0;0;0;0;0;0;2;1;1;25;12;13;6;1;5;31;13;18;2022
219000;Raubueberfaelle in Wohnungen;7211000;Trier;insg.;2;0;2;0;0;0;0;0;0;0;0;0;0;0;0;0;0;0;2;0;2;0;0;0;2;0;2;2022
219000;Raubueberfaelle in Wohnungen;8421000;Ulm;insg.;10;9;1;0;0;0;0;0;0;0;0;0;0;0;0;1;1;0;9;8;1;0;0;0;9;8;1;2022
219000;Raubueberfaelle in Wohnungen;6414000;Wiesbaden;insg.;11;7;4;0;0;0;0;0;0;0;0;0;0;0;0;0;0;0;8;6;2;3;1;2;11;7;4;2022
219000;Raubueberfaelle in Wohnungen;3103000;Wolfsburg;insg.;2;2;0;0;0;0;0;0;0;0;0;0;0;0;0;0;0;0;2;2;0;0;0;0;2;2;0;2022
219000;Raubueberfaelle in Wohnungen;5124000;Wuppertal;insg.;42;25;17;0;0;0;3;1;2;3;1;2;3;3;0;4;1;3;25;16;9;7;4;3;32;20;12;2022
219000;Raubueberfaelle in Wohnungen;9663000;Wuerzburg;insg.;2;2;0;0;0;0;0;0;0;0;0;0;0;0;0;1;1;0;1;1;0;0;0;0;1;1;0;2022
222000;Gefaehrliche und schwere Koerperverletzung, Verstuemmelung weiblicher Genitalien;5334002;Aachen;insg.;903;630;273;11;8;3;36;24;12;47;32;15;69;46;23;110;74;36;629;447;182;48;31;17;677;478;199;2022
222000;Gefaehrliche und schwere Koerperverletzung, Verstuemmelung weiblicher Genitalien;9761000;Augsburg;insg.;836;594;242;11;11;0;50;35;15;61;46;15;77;53;24;92;56;36;567;415;152;39;24;15;606;439;167;2022
222000;Gefaehrliche und schwere Koerperverletzung, Verstuemmelung weiblicher Genitalien;5378004;Bergisch Gladbach;insg.;239;167;72;0;0;0;23;15;8;23;15;8;35;25;10;21;14;7;132;96;36;28;17;11;160;113;47;2022
222000;Gefaehrliche und schwere Koerperverletzung, Verstuemmelung weiblicher Genitalien;11000000;Berlin;insg.;14320;10611;3709;96;52;44;994;632;362;1090;684;406;1386;955;431;1127;826;301;10143;7791;2352;574;355;219;10717;8146;2571;2022
222000;Gefaehrliche und schwere Koerperverletzung, Verstuemmelung weiblicher Genitalien;5711000;Bielefeld;insg.;882;620;262;3;2;1;80;45;35;83;47;36;75;42;33;86;59;27;601;449;152;37;23;14;638;472;166;2022
222000;Gefaehrliche und schwere Koerperverletzung, Verstuemmelung weiblicher Genitalien;5911000;Bochum;insg.;1094;768;326;3;3;0;107;55;52;110;58;52;129;84;45;117;86;31;693;510;183;45;30;15;738;540;198;2022
222000;Gefaehrliche und schwere Koerperverletzung, Verstuemmelung weiblicher Genitalien;5314000;Bonn;insg.;1117;817;300;4;3;1;63;45;18;67;48;19;104;83;21;109;80;29;781;570;211;56;36;20;837;606;231;2022
222000;Gefaehrliche und schwere Koerperverletzung, Verstuemmelung weiblicher Genitalien;5512000;Bottrop;insg.;295;206;89;0;0;0;39;21;18;39;21;18;52;39;13;22;17;5;164;115;49;18;14;4;182;129;53;2022
222000;Gefaehrliche und schwere Koerperverletzung, Verstuemmelung weiblicher Genitalien;3101000;Braunschweig;insg.;692;500;192;2;2;0;25;15;10;27;17;10;87;56;31;77;58;19;480;354;126;21;15;6;501;369;132;2022
222000;Gefaehrliche und schwere Koerperverletzung, Verstuemmelung weiblicher Genitalien;4011000;Bremen;insg.;1744;1272;472;7;3;4;67;40;27;74;43;31;207;158;49;214;154;60;1183;875;308;66;42;24;1249;917;332;2022
222000;Gefaehrliche und schwere Koerperverletzung, Verstuemmelung weiblicher Genitalien;4012000;Bremerhaven;insg.;516;368;148;2;0;2;27;14;13;29;14;15;49;28;21;50;37;13;368;270;98;20;19;1;388;289;99;2022
222000;Gefaehrliche und schwere Koerperverletzung, Verstuemmelung weiblicher Genitalien;14511000;Chemnitz;insg.;586;414;172;2;2;0;24;13;11;26;15;11;62;39;23;67;46;21;407;298;109;24;16;8;431;314;117;2022
222000;Gefaehrliche und schwere Koerperverletzung, Verstuemmelung weiblicher Genitalien;12052000;Cottbus;insg.;295;209;86;0;0;0;18;14;4;18;14;4;28;17;11;34;23;11;206;149;57;9;6;3;215;155;60;2022
222000;Gefaehrliche und schwere Koerperverletzung, Verstuemmelung weiblicher Genitalien;6411000;Darmstadt;insg.;476;346;130;0;0;0;13;10;3;13;10;3;51;30;21;70;51;19;322;242;80;20;13;7;342;255;87;2022
222000;Gefaehrliche und schwere Koerperverletzung, Verstuemmelung weiblicher Genitalien;5913000;Dortmund;insg.;2697;1973;724;18;9;9;127;83;44;145;92;53;250;177;73;270;195;75;1928;1430;498;104;79;25;2032;1509;523;2022
222000;Gefaehrliche und schwere Koerperverletzung, Verstuemmelung weiblicher Genitalien;14612000;Dresden;insg.;1559;1260;299;10;7;3;67;49;18;77;56;21;129;96;33;145;115;30;1089;889;200;119;104;15;1208;993;215;2022
222000;Gefaehrliche und schwere Koerperverletzung, Verstuemmelung weiblicher Genitalien;5112000;Duisburg;insg.;1800;1210;590;16;8;8;138;93;45;154;101;53;233;147;86;146;101;45;1191;814;377;76;47;29;1267;861;406;2022
222000;Gefaehrliche und schwere Koerperverletzung, Verstuemmelung weiblicher Genitalien;5111000;Duesseldorf;insg.;2399;1721;678;12;7;5;72;44;28;84;51;33;215;157;58;268;195;73;1713;1236;477;119;82;37;1832;1318;514;2022
222000;Gefaehrliche und schwere Koerperverletzung, Verstuemmelung weiblicher Genitalien;16051000;Erfurt;insg.;469;358;111;3;1;2;37;23;14;40;24;16;41;25;16;55;47;8;315;250;65;18;12;6;333;262;71;2022
222000;Gefaehrliche und schwere Koerperverletzung, Verstuemmelung weiblicher Genitalien;9562000;Erlangen;insg.;195;150;45;1;0;1;12;12;0;13;12;1;10;9;1;23;18;5;143;111;32;6;0;6;149;111;38;2022
222000;Gefaehrliche und schwere Koerperverletzung, Verstuemmelung weiblicher Genitalien;5113000;Essen;insg.;1987;1392;595;12;9;3;129;74;55;141;83;58;261;177;84;173;106;67;1331;971;360;81;55;26;1412;1026;386;2022
222000;Gefaehrliche und schwere Koerperverletzung, Verstuemmelung weiblicher Genitalien;6412000;Frankfurt am Main;insg.;3611;2739;872;13;7;6;139;75;64;152;82;70;241;164;77;334;251;83;2725;2130;595;159;112;47;2884;2242;642;2022
222000;Gefaehrliche und schwere Koerperverletzung, Verstuemmelung weiblicher Genitalien;8311000;Freiburg im Breisgau;insg.;689;554;135;4;3;1;21;13;8;25;16;9;72;44;28;99;83;16;479;399;80;14;12;2;493;411;82;2022
222000;Gefaehrliche und schwere Koerperverletzung, Verstuemmelung weiblicher Genitalien;9563000;Fuerth;insg.;170;121;49;1;0;1;14;9;5;15;9;6;25;19;6;14;13;1;108;76;32;8;4;4;116;80;36;2022
222000;Gefaehrliche und schwere Koerperverletzung, Verstuemmelung weiblicher Genitalien;5513000;Gelsenkirchen;insg.;999;673;326;1;0;1;88;57;31;89;57;32;141;96;45;85;55;30;642;434;208;42;31;11;684;465;219;2022
222000;Gefaehrliche und schwere Koerperverletzung, Verstuemmelung weiblicher Genitalien;3159016;Goettingen;insg.;439;325;114;1;1;0;14;11;3;15;12;3;23;16;7;39;27;12;349;260;89;13;10;3;362;270;92;2022
222000;Gefaehrliche und schwere Koerperverletzung, Verstuemmelung weiblicher Genitalien;5754008;Guetersloh;insg.;236;165;71;2;2;0;12;10;2;14;12;2;24;14;10;22;15;7;161;113;48;15;11;4;176;124;52;2022
222000;Gefaehrliche und schwere Koerperverletzung, Verstuemmelung weiblicher Genitalien;5914000;Hagen;insg.;589;417;172;3;3;0;52;28;24;55;31;24;68;46;22;68;52;16;367;268;99;31;20;11;398;288;110;2022
222000;Gefaehrliche und schwere Koerperverletzung, Verstuemmelung weiblicher Genitalien;15002000;Halle (Saale);insg.;1067;829;238;6;5;1;72;46;26;78;51;27;115;89;26;116;87;29;715;574;141;43;28;15;758;602;156;2022
222000;Gefaehrliche und schwere Koerperverletzung, Verstuemmelung weiblicher Genitalien;2000000;Hamburg;insg.;6345;4750;1595;26;14;12;443;284;159;469;298;171;612;425;187;499;382;117;4479;3456;1023;286;189;97;4765;3645;1120;2022
222000;Gefaehrliche und schwere Koerperverletzung, Verstuemmelung weiblicher Genitalien;5915000;Hamm;insg.;534;393;141;3;2;1;36;27;9;39;29;10;71;52;19;51;41;10;358;262;96;15;9;6;373;271;102;2022
222000;Gefaehrliche und schwere Koerperverletzung, Verstuemmelung weiblicher Genitalien;6435014;Hanau;insg.;178;133;45;3;1;2;6;4;2;9;5;4;20;15;5;20;17;3;118;90;28;11;6;5;129;96;33;2022
222000;Gefaehrliche und schwere Koerperverletzung, Verstuemmelung weiblicher Genitalien;3241001;Hannover;insg.;2599;2005;594;11;3;8;168;105;63;179;108;71;250;163;87;238;177;61;1858;1505;353;74;52;22;1932;1557;375;2022
222000;Gefaehrliche und schwere Koerperverletzung, Verstuemmelung weiblicher Genitalien;8221000;Heidelberg;insg.;440;353;87;7;7;0;15;6;9;22;13;9;36;28;8;44;38;6;318;261;57;20;13;7;338;274;64;2022
222000;Gefaehrliche und schwere Koerperverletzung, Verstuemmelung weiblicher Genitalien;8121000;Heilbronn;insg.;293;236;57;4;4;0;7;6;1;11;10;1;22;16;6;37;30;7;212;171;41;11;9;2;223;180;43;2022
222000;Gefaehrliche und schwere Koerperverletzung, Verstuemmelung weiblicher Genitalien;5916000;Herne;insg.;406;289;117;3;3;0;32;20;12;35;23;12;63;46;17;42;31;11;254;183;71;12;6;6;266;189;77;2022
222000;Gefaehrliche und schwere Koerperverletzung, Verstuemmelung weiblicher Genitalien;3254021;Hildesheim;insg.;301;197;104;0;0;0;19;12;7;19;12;7;30;24;6;30;21;9;200;126;74;22;14;8;222;140;82;2022
222000;Gefaehrliche und schwere Koerperverletzung, Verstuemmelung weiblicher Genitalien;9161000;Ingolstadt;insg.;372;267;105;3;3;0;32;17;15;35;20;15;46;33;13;28;22;6;254;187;67;9;5;4;263;192;71;2022
222000;Gefaehrliche und schwere Koerperverletzung, Verstuemmelung weiblicher Genitalien;16053000;Jena;insg.;159;121;38;2;2;0;8;8;0;10;10;0;18;16;2;16;11;5;111;80;31;4;4;0;115;84;31;2022
222000;Gefaehrliche und schwere Koerperverletzung, Verstuemmelung weiblicher Genitalien;7312000;Kaiserslautern;insg.;540;413;127;3;1;2;15;9;6;18;10;8;54;41;13;91;77;14;345;263;82;32;22;10;377;285;92;2022
222000;Gefaehrliche und schwere Koerperverletzung, Verstuemmelung weiblicher Genitalien;8212000;Karlsruhe;insg.;757;547;210;6;5;1;35;21;14;41;26;15;73;51;22;81;60;21;538;392;146;24;18;6;562;410;152;2022
222000;Gefaehrliche und schwere Koerperverletzung, Verstuemmelung weiblicher Genitalien;6611000;Kassel;insg.;1027;745;282;7;5;2;55;23;32;62;28;34;95;67;28;115;76;39;718;548;170;37;26;11;755;574;181;2022
222000;Gefaehrliche und schwere Koerperverletzung, Verstuemmelung weiblicher Genitalien;1002000;Kiel;insg.;717;521;196;1;1;0;35;20;15;36;21;15;63;44;19;92;66;26;489;365;124;37;25;12;526;390;136;2022
222000;Gefaehrliche und schwere Koerperverletzung, Verstuemmelung weiblicher Genitalien;7111000;Koblenz;insg.;445;333;112;1;1;0;14;4;10;15;5;10;39;26;13;43;28;15;327;260;67;21;14;7;348;274;74;2022
222000;Gefaehrliche und schwere Koerperverletzung, Verstuemmelung weiblicher Genitalien;5315000;Koeln;insg.;5249;3849;1400;24;13;11;222;138;84;246;151;95;455;309;146;540;390;150;3764;2821;943;244;178;66;4008;2999;1009;2022
222000;Gefaehrliche und schwere Koerperverletzung, Verstuemmelung weiblicher Genitalien;5114000;Krefeld;insg.;665;465;200;4;3;1;56;35;21;60;38;22;92;64;28;59;39;20;424;302;122;30;22;8;454;324;130;2022
222000;Gefaehrliche und schwere Koerperverletzung, Verstuemmelung weiblicher Genitalien;14713000;Leipzig;insg.;1891;1392;499;11;5;6;78;50;28;89;55;34;177;126;51;172;133;39;1380;1029;351;73;49;24;1453;1078;375;2022
222000;Gefaehrliche und schwere Koerperverletzung, Verstuemmelung weiblicher Genitalien;5316000;Leverkusen;insg.;509;346;163;5;4;1;33;21;12;38;25;13;91;55;36;47;32;15;311;216;95;22;18;4;333;234;99;2022
222000;Gefaehrliche und schwere Koerperverletzung, Verstuemmelung weiblicher Genitalien;1003000;Luebeck;insg.;781;585;196;3;2;1;17;12;5;20;14;6;65;46;19;69;51;18;581;447;134;46;27;19;627;474;153;2022
222000;Gefaehrliche und schwere Koerperverletzung, Verstuemmelung weiblicher Genitalien;7314000;Ludwigshafen am Rhein;insg.;764;527;237;5;3;2;72;47;25;77;50;27;118;78;40;69;55;14;467;326;141;33;18;15;500;344;156;2022
222000;Gefaehrliche und schwere Koerperverletzung, Verstuemmelung weiblicher Genitalien;15003000;Magdeburg;insg.;852;627;225;1;1;0;43;24;19;44;25;19;73;49;24;88;67;21;598;449;149;49;37;12;647;486;161;2022
222000;Gefaehrliche und schwere Koerperverletzung, Verstuemmelung weiblicher Genitalien;7315000;Mainz;insg.;624;434;190;6;3;3;35;20;15;41;23;18;57;39;18;54;40;14;449;318;131;23;14;9;472;332;140;2022
222000;Gefaehrliche und schwere Koerperverletzung, Verstuemmelung weiblicher Genitalien;8222000;Mannheim;insg.;861;595;266;3;2;1;33;19;14;36;21;15;60;43;17;59;42;17;667;459;208;39;30;9;706;489;217;2022
222000;Gefaehrliche und schwere Koerperverletzung, Verstuemmelung weiblicher Genitalien;5170024;Moers;insg.;244;163;81;4;4;0;13;7;6;17;11;6;36;25;11;36;19;17;145;100;45;10;8;2;155;108;47;2022
222000;Gefaehrliche und schwere Koerperverletzung, Verstuemmelung weiblicher Genitalien;5116000;Moenchengladbach;insg.;929;687;242;2;0;2;48;31;17;50;31;19;65;49;16;91;70;21;682;508;174;41;29;12;723;537;186;2022
222000;Gefaehrliche und schwere Koerperverletzung, Verstuemmelung weiblicher Genitalien;5117000;Muelheim an der Ruhr;insg.;427;268;159;3;2;1;36;20;16;39;22;17;58;42;16;39;25;14;266;163;103;25;16;9;291;179;112;2022
222000;Gefaehrliche und schwere Koerperverletzung, Verstuemmelung weiblicher Genitalien;9162000;Muenchen;insg.;3759;2819;940;34;32;2;200;137;63;234;169;65;294;225;69;357;282;75;2711;2029;682;163;114;49;2874;2143;731;2022
222000;Gefaehrliche und schwere Koerperverletzung, Verstuemmelung weiblicher Genitalien;5515000;Muenster;insg.;913;691;222;5;3;2;41;22;19;46;25;21;81;66;15;99;77;22;644;491;153;43;32;11;687;523;164;2022
222000;Gefaehrliche und schwere Koerperverletzung, Verstuemmelung weiblicher Genitalien;5162024;Neuss;insg.;360;261;99;3;1;2;24;14;10;27;15;12;26;19;7;42;31;11;243;182;61;22;14;8;265;196;69;2022
222000;Gefaehrliche und schwere Koerperverletzung, Verstuemmelung weiblicher Genitalien;9564000;Nuernberg;insg.;1472;1061;411;17;6;11;95;60;35;112;66;46;120;83;37;169;127;42;1007;748;259;64;37;27;1071;785;286;2022
222000;Gefaehrliche und schwere Koerperverletzung, Verstuemmelung weiblicher Genitalien;5119000;Oberhausen;insg.;519;360;159;1;0;1;43;25;18;44;25;19;69;53;16;45;37;8;319;212;107;42;33;9;361;245;116;2022
222000;Gefaehrliche und schwere Koerperverletzung, Verstuemmelung weiblicher Genitalien;6413000;Offenbach am Main;insg.;283;195;88;1;0;1;20;12;8;21;12;9;41;23;18;29;18;11;175;131;44;17;11;6;192;142;50;2022
222000;Gefaehrliche und schwere Koerperverletzung, Verstuemmelung weiblicher Genitalien;3403000;Oldenburg (Oldenburg);insg.;370;276;94;2;1;1;15;11;4;17;12;5;52;39;13;45;34;11;238;177;61;18;14;4;256;191;65;2022
222000;Gefaehrliche und schwere Koerperverletzung, Verstuemmelung weiblicher Genitalien;3404000;Osnabrueck;insg.;830;610;220;4;3;1;19;13;6;23;16;7;67;44;23;75;51;24;630;484;146;35;15;20;665;499;166;2022
222000;Gefaehrliche und schwere Koerperverletzung, Verstuemmelung weiblicher Genitalien;5774032;Paderborn;insg.;476;354;122;3;2;1;24;15;9;27;17;10;44;32;12;63;45;18;325;247;78;17;13;4;342;260;82;2022
222000;Gefaehrliche und schwere Koerperverletzung, Verstuemmelung weiblicher Genitalien;8231000;Pforzheim;insg.;434;313;121;5;2;3;29;22;7;34;24;10;53;40;13;57;42;15;272;194;78;18;13;5;290;207;83;2022
222000;Gefaehrliche und schwere Koerperverletzung, Verstuemmelung weiblicher Genitalien;12054000;Potsdam;insg.;290;217;73;1;1;0;19;15;4;20;16;4;32;25;7;29;24;5;193;142;51;16;10;6;209;152;57;2022
222000;Gefaehrliche und schwere Koerperverletzung, Verstuemmelung weiblicher Genitalien;5562032;Recklinghausen;insg.;361;262;99;2;2;0;27;18;9;29;20;9;57;41;16;26;18;8;230;171;59;19;12;7;249;183;66;2022
222000;Gefaehrliche und schwere Koerperverletzung, Verstuemmelung weiblicher Genitalien;9362000;Regensburg;insg.;401;308;93;7;3;4;9;7;2;16;10;6;35;29;6;47;40;7;292;220;72;11;9;2;303;229;74;2022
222000;Gefaehrliche und schwere Koerperverletzung, Verstuemmelung weiblicher Genitalien;5120000;Remscheid;insg.;334;233;101;3;0;3;27;18;9;30;18;12;34;25;9;30;25;5;229;159;70;11;6;5;240;165;75;2022
222000;Gefaehrliche und schwere Koerperverletzung, Verstuemmelung weiblicher Genitalien;8415061;Reutlingen;insg.;351;256;95;4;3;1;17;11;6;21;14;7;45;31;14;36;26;10;231;171;60;18;14;4;249;185;64;2022
222000;Gefaehrliche und schwere Koerperverletzung, Verstuemmelung weiblicher Genitalien;13003000;Rostock, Hanse- und Universit tsstadt;insg.;639;449;190;6;3;3;49;30;19;55;33;22;72;47;25;76;59;17;401;290;111;35;20;15;436;310;126;2022
222000;Gefaehrliche und schwere Koerperverletzung, Verstuemmelung weiblicher Genitalien;10041100;Saarbruecken;insg.;870;628;242;2;1;1;40;22;18;42;23;19;88;63;25;92;70;22;600;439;161;48;33;15;648;472;176;2022
222000;Gefaehrliche und schwere Koerperverletzung, Verstuemmelung weiblicher Genitalien;3102000;Salzgitter;insg.;298;204;94;3;2;1;40;31;9;43;33;10;40;27;13;26;22;4;180;115;65;9;7;2;189;122;67;2022
222000;Gefaehrliche und schwere Koerperverletzung, Verstuemmelung weiblicher Genitalien;13004000;Schwerin;insg.;453;360;93;6;5;1;43;29;14;49;34;15;54;42;12;42;37;5;296;237;59;12;10;2;308;247;61;2022
222000;Gefaehrliche und schwere Koerperverletzung, Verstuemmelung weiblicher Genitalien;5970040;Siegen;insg.;369;256;113;4;2;2;14;8;6;18;10;8;37;21;16;30;21;9;266;191;75;18;13;5;284;204;80;2022
222000;Gefaehrliche und schwere Koerperverletzung, Verstuemmelung weiblicher Genitalien;5122000;Solingen;insg.;373;252;121;2;1;1;20;13;7;22;14;8;46;36;10;38;30;8;246;161;85;21;11;10;267;172;95;2022
222000;Gefaehrliche und schwere Koerperverletzung, Verstuemmelung weiblicher Genitalien;8111000;Stuttgart;insg.;2050;1609;441;14;9;5;53;40;13;67;49;18;173;121;52;221;173;48;1513;1216;297;76;50;26;1589;1266;323;2022
222000;Gefaehrliche und schwere Koerperverletzung, Verstuemmelung weiblicher Genitalien;7211000;Trier;insg.;297;219;78;1;0;1;16;12;4;17;12;5;26;18;8;40;23;17;206;161;45;8;5;3;214;166;48;2022
222000;Gefaehrliche und schwere Koerperverletzung, Verstuemmelung weiblicher Genitalien;8421000;Ulm;insg.;354;263;91;1;1;0;19;9;10;20;10;10;34;21;13;46;35;11;243;190;53;11;7;4;254;197;57;2022
222000;Gefaehrliche und schwere Koerperverletzung, Verstuemmelung weiblicher Genitalien;6414000;Wiesbaden;insg.;849;581;268;5;4;1;55;35;20;60;39;21;100;60;40;86;63;23;556;391;165;47;28;19;603;419;184;2022
222000;Gefaehrliche und schwere Koerperverletzung, Verstuemmelung weiblicher Genitalien;3103000;Wolfsburg;insg.;267;203;64;1;1;0;7;3;4;8;4;4;19;18;1;16;11;5;215;163;52;9;7;2;224;170;54;2022
222000;Gefaehrliche und schwere Koerperverletzung, Verstuemmelung weiblicher Genitalien;5124000;Wuppertal;insg.;1282;868;414;11;8;3;93;56;37;104;64;40;154;103;51;123;79;44;841;578;263;60;44;16;901;622;279;2022
222000;Gefaehrliche und schwere Koerperverletzung, Verstuemmelung weiblicher Genitalien;9663000;Wuerzburg;insg.;329;253;76;4;4;0;7;5;2;11;9;2;37;27;10;44;32;12;228;178;50;9;7;2;237;185;52;2022
224000;Vorsaetzliche einfache Koerperverletzung;5334002;Aachen;insg.;1933;1126;807;4;3;1;84;53;31;88;56;32;113;62;51;171;99;72;1397;808;589;164;101;63;1561;909;652;2022
224000;Vorsaetzliche einfache Koerperverletzung;9761000;Augsburg;insg.;2424;1592;832;22;15;7;157;109;48;179;124;55;175;110;65;217;154;63;1726;1135;591;127;69;58;1853;1204;649;2022
224000;Vorsaetzliche einfache Koerperverletzung;5378004;Bergisch Gladbach;insg.;603;324;279;3;2;1;35;25;10;38;27;11;58;42;16;44;27;17;395;197;198;68;31;37;463;228;235;2022
224000;Vorsaetzliche einfache Koerperverletzung;11000000;Berlin;insg.;32037;18849;13188;237;138;99;2170;1461;709;2407;1599;808;2240;1345;895;1770;953;817;23441;13695;9746;2179;1257;922;25620;14952;10668;2022
224000;Vorsaetzliche einfache Koerperverletzung;5711000;Bielefeld;insg.;1840;935;905;21;11;10;78;48;30;99;59;40;113;51;62;161;72;89;1342;688;654;125;65;60;1467;753;714;2022
224000;Vorsaetzliche einfache Koerperverletzung;5911000;Bochum;insg.;2450;1376;1074;24;16;8;172;112;60;196;128;68;207;128;79;200;109;91;1686;919;767;161;92;69;1847;1011;836;2022
224000;Vorsaetzliche einfache Koerperverletzung;5314000;Bonn;insg.;2665;1551;1114;23;7;16;143;93;50;166;100;66;216;131;85;188;111;77;1880;1079;801;215;130;85;2095;1209;886;2022
224000;Vorsaetzliche einfache Koerperverletzung;5512000;Bottrop;insg.;644;336;308;7;6;1;69;46;23;76;52;24;59;34;25;33;9;24;422;207;215;54;34;20;476;241;235;2022
224000;Vorsaetzliche einfache Koerperverletzung;3101000;Braunschweig;insg.;1558;916;642;12;10;2;74;40;34;86;50;36;114;71;43;162;81;81;1096;658;438;100;56;44;1196;714;482;2022
224000;Vorsaetzliche einfache Koerperverletzung;4011000;Bremen;insg.;3876;2298;1578;14;6;8;151;89;62;165;95;70;258;151;107;297;161;136;2916;1758;1158;240;133;107;3156;1891;1265;2022
224000;Vorsaetzliche einfache Koerperverletzung;4012000;Bremerhaven;insg.;1167;667;500;5;0;5;60;46;14;65;46;19;104;61;43;101;52;49;836;464;372;61;44;17;897;508;389;2022
224000;Vorsaetzliche einfache Koerperverletzung;14511000;Chemnitz;insg.;1150;686;464;11;10;1;56;34;22;67;44;23;115;79;36;93;53;40;797;455;342;78;55;23;875;510;365;2022
224000;Vorsaetzliche einfache Koerperverletzung;12052000;Cottbus;insg.;681;396;285;6;4;2;44;31;13;50;35;15;54;37;17;52;37;15;474;261;213;51;26;25;525;287;238;2022
224000;Vorsaetzliche einfache Koerperverletzung;6411000;Darmstadt;insg.;730;387;343;4;1;3;35;20;15;39;21;18;56;29;27;59;36;23;530;277;253;46;24;22;576;301;275;2022
224000;Vorsaetzliche einfache Koerperverletzung;5913000;Dortmund;insg.;4963;2809;2154;20;12;8;279;175;104;299;187;112;329;192;137;370;193;177;3635;2032;1603;330;205;125;3965;2237;1728;2022
224000;Vorsaetzliche einfache Koerperverletzung;14612000;Dresden;insg.;2501;1534;967;40;23;17;165;99;66;205;122;83;188;120;68;211;126;85;1735;1081;654;162;85;77;1897;1166;731;2022
224000;Vorsaetzliche einfache Koerperverletzung;5112000;Duisburg;insg.;3944;2027;1917;39;28;11;307;198;109;346;226;120;338;195;143;265;138;127;2736;1335;1401;259;133;126;2995;1468;1527;2022
224000;Vorsaetzliche einfache Koerperverletzung;5111000;Duesseldorf;insg.;4811;2941;1870;32;14;18;183;99;84;215;113;102;293;188;105;422;263;159;3562;2180;1382;319;197;122;3881;2377;1504;2022
224000;Vorsaetzliche einfache Koerperverletzung;16051000;Erfurt;insg.;1439;900;539;12;6;6;87;52;35;99;58;41;100;66;34;136;99;37;1011;625;386;93;52;41;1104;677;427;2022
224000;Vorsaetzliche einfache Koerperverletzung;9562000;Erlangen;insg.;503;343;160;6;5;1;32;27;5;38;32;6;41;29;12;39;24;15;357;240;117;28;18;10;385;258;127;2022
224000;Vorsaetzliche einfache Koerperverletzung;5113000;Essen;insg.;3712;2026;1686;42;21;21;234;153;81;276;174;102;347;189;158;262;138;124;2537;1348;1189;290;177;113;2827;1525;1302;2022
224000;Vorsaetzliche einfache Koerperverletzung;6412000;Frankfurt am Main;insg.;4840;2805;2035;29;13;16;138;87;51;167;100;67;202;108;94;305;156;149;3807;2234;1573;359;207;152;4166;2441;1725;2022
224000;Vorsaetzliche einfache Koerperverletzung;8311000;Freiburg im Breisgau;insg.;2029;1325;704;26;18;8;92;63;29;118;81;37;154;94;60;151;108;43;1477;956;521;129;86;43;1606;1042;564;2022
224000;Vorsaetzliche einfache Koerperverletzung;9563000;Fuerth;insg.;465;249;216;5;3;2;31;22;9;36;25;11;50;33;17;33;17;16;323;161;162;23;13;10;346;174;172;2022
224000;Vorsaetzliche einfache Koerperverletzung;5513000;Gelsenkirchen;insg.;2336;1198;1138;24;14;10;170;116;54;194;130;64;207;125;82;184;87;97;1616;771;845;135;85;50;1751;856;895;2022
224000;Vorsaetzliche einfache Koerperverletzung;3159016;Goettingen;insg.;1030;631;399;11;6;5;52;42;10;63;48;15;50;21;29;106;49;57;743;471;272;68;42;26;811;513;298;2022
224000;Vorsaetzliche einfache Koerperverletzung;5754008;Guetersloh;insg.;546;262;284;8;5;3;29;23;6;37;28;9;35;15;20;46;24;22;391;176;215;37;19;18;428;195;233;2022
224000;Vorsaetzliche einfache Koerperverletzung;5914000;Hagen;insg.;1763;937;826;17;7;10;130;87;43;147;94;53;151;74;77;136;69;67;1199;625;574;130;75;55;1329;700;629;2022
224000;Vorsaetzliche einfache Koerperverletzung;15002000;Halle (Saale);insg.;2456;1489;967;22;8;14;211;128;83;233;136;97;257;175;82;183;117;66;1674;993;681;109;68;41;1783;1061;722;2022
224000;Vorsaetzliche einfache Koerperverletzung;2000000;Hamburg;insg.;15526;9456;6070;110;72;38;834;555;279;944;627;317;967;556;411;985;596;389;11685;7112;4573;945;565;380;12630;7677;4953;2022
224000;Vorsaetzliche einfache Koerperverletzung;5915000;Hamm;insg.;1272;709;563;4;2;2;80;56;24;84;58;26;103;61;42;129;67;62;874;478;396;82;45;37;956;523;433;2022
224000;Vorsaetzliche einfache Koerperverletzung;6435014;Hanau;insg.;448;201;247;4;2;2;20;14;6;24;16;8;32;16;16;35;13;22;323;138;185;34;18;16;357;156;201;2022
224000;Vorsaetzliche einfache Koerperverletzung;3241001;Hannover;insg.;5188;3225;1963;34;27;7;270;174;96;304;201;103;379;201;178;399;243;156;3780;2375;1405;326;205;121;4106;2580;1526;2022
224000;Vorsaetzliche einfache Koerperverletzung;8221000;Heidelberg;insg.;836;576;260;4;2;2;21;15;6;25;17;8;56;34;22;70;54;16;613;428;185;72;43;29;685;471;214;2022
224000;Vorsaetzliche einfache Koerperverletzung;8121000;Heilbronn;insg.;742;416;326;9;7;2;21;12;9;30;19;11;30;17;13;67;35;32;559;313;246;56;32;24;615;345;270;2022
224000;Vorsaetzliche einfache Koerperverletzung;5916000;Herne;insg.;1308;681;627;9;7;2;95;66;29;104;73;31;139;83;56;103;43;60;869;433;436;93;49;44;962;482;480;2022
224000;Vorsaetzliche einfache Koerperverletzung;3254021;Hildesheim;insg.;741;437;304;11;6;5;43;37;6;54;43;11;63;37;26;59;34;25;527;300;227;38;23;15;565;323;242;2022
224000;Vorsaetzliche einfache Koerperverletzung;9161000;Ingolstadt;insg.;997;614;383;13;6;7;54;30;24;67;36;31;48;30;18;92;65;27;729;450;279;61;33;28;790;483;307;2022
224000;Vorsaetzliche einfache Koerperverletzung;16053000;Jena;insg.;515;315;200;6;5;1;18;10;8;24;15;9;39;27;12;58;32;26;374;228;146;20;13;7;394;241;153;2022
224000;Vorsaetzliche einfache Koerperverletzung;7312000;Kaiserslautern;insg.;1227;764;463;7;2;5;52;38;14;59;40;19;139;91;48;126;87;39;844;517;327;59;29;30;903;546;357;2022
224000;Vorsaetzliche einfache Koerperverletzung;8212000;Karlsruhe;insg.;1556;910;646;14;7;7;93;63;30;107;70;37;135;68;67;127;73;54;1054;627;427;133;72;61;1187;699;488;2022
224000;Vorsaetzliche einfache Koerperverletzung;6611000;Kassel;insg.;1546;840;706;9;6;3;72;51;21;81;57;24;81;48;33;99;51;48;1190;621;569;95;63;32;1285;684;601;2022
224000;Vorsaetzliche einfache Koerperverletzung;1002000;Kiel;insg.;1810;1167;643;7;5;2;86;59;27;93;64;29;134;76;58;164;111;53;1333;858;475;86;58;28;1419;916;503;2022
224000;Vorsaetzliche einfache Koerperverletzung;7111000;Koblenz;insg.;983;591;392;3;3;0;41;22;19;44;25;19;87;57;30;64;38;26;718;429;289;70;42;28;788;471;317;2022
224000;Vorsaetzliche einfache Koerperverletzung;5315000;Koeln;insg.;10378;6341;4037;68;33;35;440;275;165;508;308;200;620;376;244;786;487;299;7777;4744;3033;687;426;261;8464;5170;3294;2022
224000;Vorsaetzliche einfache Koerperverletzung;5114000;Krefeld;insg.;1648;855;793;4;3;1;109;66;43;113;69;44;148;78;70;158;82;76;1126;560;566;103;66;37;1229;626;603;2022
224000;Vorsaetzliche einfache Koerperverletzung;14713000;Leipzig;insg.;3484;2021;1463;33;23;10;190;122;68;223;145;78;230;134;96;263;142;121;2535;1471;1064;233;129;104;2768;1600;1168;2022
224000;Vorsaetzliche einfache Koerperverletzung;5316000;Leverkusen;insg.;1177;600;577;11;10;1;76;39;37;87;49;38;76;47;29;77;44;33;842;402;440;95;58;37;937;460;477;2022
224000;Vorsaetzliche einfache Koerperverletzung;1003000;Luebeck;insg.;1998;1197;801;10;7;3;112;70;42;122;77;45;147;85;62;166;106;60;1427;843;584;136;86;50;1563;929;634;2022
224000;Vorsaetzliche einfache Koerperverletzung;7314000;Ludwigshafen am Rhein;insg.;1392;756;636;8;5;3;136;92;44;144;97;47;132;86;46;92;53;39;931;463;468;93;57;36;1024;520;504;2022
224000;Vorsaetzliche einfache Koerperverletzung;15003000;Magdeburg;insg.;1914;1159;755;11;2;9;112;72;40;123;74;49;148;87;61;161;99;62;1370;839;531;112;60;52;1482;899;583;2022
224000;Vorsaetzliche einfache Koerperverletzung;7315000;Mainz;insg.;1144;719;425;9;4;5;38;26;12;47;30;17;91;52;39;114;71;43;823;522;301;69;44;25;892;566;326;2022
224000;Vorsaetzliche einfache Koerperverletzung;8222000;Mannheim;insg.;1698;862;836;18;11;7;69;43;26;87;54;33;115;57;58;108;44;64;1268;643;625;120;64;56;1388;707;681;2022
224000;Vorsaetzliche einfache Koerperverletzung;5170024;Moers;insg.;491;242;249;13;6;7;43;26;17;56;32;24;54;28;26;32;14;18;315;146;169;34;22;12;349;168;181;2022
224000;Vorsaetzliche einfache Koerperverletzung;5116000;Moenchengladbach;insg.;1991;1040;951;14;9;5;94;55;39;108;64;44;162;91;71;141;77;64;1470;750;720;110;58;52;1580;808;772;2022
224000;Vorsaetzliche einfache Koerperverletzung;5117000;Muelheim an der Ruhr;insg.;840;419;421;6;3;3;64;45;19;70;48;22;60;30;30;53;23;30;599;283;316;58;35;23;657;318;339;2022
224000;Vorsaetzliche einfache Koerperverletzung;9162000;Muenchen;insg.;7357;4702;2655;76;50;26;318;222;96;394;272;122;411;274;137;524;340;184;5584;3550;2034;444;266;178;6028;3816;2212;2022
224000;Vorsaetzliche einfache Koerperverletzung;5515000;Muenster;insg.;2045;1269;776;15;10;5;107;71;36;122;81;41;134;95;39;212;138;74;1441;869;572;136;86;50;1577;955;622;2022
224000;Vorsaetzliche einfache Koerperverletzung;5162024;Neuss;insg.;1068;596;472;10;6;4;54;35;19;64;41;23;87;47;40;70;37;33;782;431;351;65;40;25;847;471;376;2022
224000;Vorsaetzliche einfache Koerperverletzung;9564000;Nuernberg;insg.;3488;2175;1313;55;38;17;200;127;73;255;165;90;276;154;122;339;214;125;2467;1554;913;151;88;63;2618;1642;976;2022
224000;Vorsaetzliche einfache Koerperverletzung;5119000;Oberhausen;insg.;1405;719;686;12;6;6;113;63;50;125;69;56;113;56;57;121;65;56;960;480;480;86;49;37;1046;529;517;2022
224000;Vorsaetzliche einfache Koerperverletzung;6413000;Offenbach am Main;insg.;555;229;326;4;3;1;26;14;12;30;17;13;46;21;25;33;10;23;409;158;251;37;23;14;446;181;265;2022
224000;Vorsaetzliche einfache Koerperverletzung;3403000;Oldenburg (Oldenburg);insg.;949;560;389;12;9;3;42;30;12;54;39;15;80;39;41;94;50;44;657;398;259;64;34;30;721;432;289;2022
224000;Vorsaetzliche einfache Koerperverletzung;3404000;Osnabrueck;insg.;1224;755;469;6;4;2;59;42;17;65;46;19;102;61;41;129;75;54;869;539;330;59;34;25;928;573;355;2022
224000;Vorsaetzliche einfache Koerperverletzung;5774032;Paderborn;insg.;1114;675;439;4;4;0;43;24;19;47;28;19;90;49;41;93;56;37;815;502;313;69;40;29;884;542;342;2022
224000;Vorsaetzliche einfache Koerperverletzung;8231000;Pforzheim;insg.;787;453;334;5;3;2;51;37;14;56;40;16;64;44;20;72;43;29;544;293;251;51;33;18;595;326;269;2022
224000;Vorsaetzliche einfache Koerperverletzung;12054000;Potsdam;insg.;873;541;332;6;6;0;65;42;23;71;48;23;64;40;24;78;50;28;597;368;229;63;35;28;660;403;257;2022
224000;Vorsaetzliche einfache Koerperverletzung;5562032;Recklinghausen;insg.;822;445;377;8;4;4;52;38;14;60;42;18;78;44;34;66;36;30;572;297;275;46;26;20;618;323;295;2022
224000;Vorsaetzliche einfache Koerperverletzung;9362000;Regensburg;insg.;909;582;327;10;6;4;30;22;8;40;28;12;75;49;26;92;66;26;665;416;249;37;23;14;702;439;263;2022
224000;Vorsaetzliche einfache Koerperverletzung;5120000;Remscheid;insg.;833;429;404;5;2;3;52;30;22;57;32;25;72;40;32;51;26;25;610;306;304;43;25;18;653;331;322;2022
224000;Vorsaetzliche einfache Koerperverletzung;8415061;Reutlingen;insg.;670;378;292;2;2;0;46;35;11;48;37;11;60;33;27;38;23;15;486;263;223;38;22;16;524;285;239;2022
224000;Vorsaetzliche einfache Koerperverletzung;13003000;Rostock, Hanse- und Universit tsstadt;insg.;1413;860;553;9;8;1;91;58;33;100;66;34;146;87;59;122;77;45;950;574;376;95;56;39;1045;630;415;2022
224000;Vorsaetzliche einfache Koerperverletzung;10041100;Saarbruecken;insg.;1862;1085;777;5;2;3;104;61;43;109;63;46;172;103;69;144;90;54;1301;731;570;136;98;38;1437;829;608;2022
224000;Vorsaetzliche einfache Koerperverletzung;3102000;Salzgitter;insg.;703;360;343;7;5;2;91;60;31;98;65;33;68;41;27;58;28;30;449;213;236;30;13;17;479;226;253;2022
224000;Vorsaetzliche einfache Koerperverletzung;13004000;Schwerin;insg.;827;526;301;8;2;6;71;50;21;79;52;27;93;63;30;79;49;30;534;338;196;42;24;18;576;362;214;2022
224000;Vorsaetzliche einfache Koerperverletzung;5970040;Siegen;insg.;750;420;330;7;2;5;42;23;19;49;25;24;84;50;34;76;45;31;498;273;225;43;27;16;541;300;241;2022
224000;Vorsaetzliche einfache Koerperverletzung;5122000;Solingen;insg.;1066;563;503;9;5;4;98;69;29;107;74;33;133;92;41;71;37;34;660;311;349;95;49;46;755;360;395;2022
224000;Vorsaetzliche einfache Koerperverletzung;8111000;Stuttgart;insg.;4959;3093;1866;38;24;14;206;138;68;244;162;82;336;191;145;416;246;170;3668;2321;1347;295;173;122;3963;2494;1469;2022
224000;Vorsaetzliche einfache Koerperverletzung;7211000;Trier;insg.;1017;650;367;3;3;0;42;30;12;45;33;12;87;63;24;130;75;55;707;450;257;48;29;19;755;479;276;2022
224000;Vorsaetzliche einfache Koerperverletzung;8421000;Ulm;insg.;843;527;316;5;3;2;40;24;16;45;27;18;76;44;32;81;50;31;585;370;215;56;36;20;641;406;235;2022
224000;Vorsaetzliche einfache Koerperverletzung;6414000;Wiesbaden;insg.;1831;988;843;13;8;5;87;47;40;100;55;45;128;69;59;135;80;55;1322;707;615;146;77;69;1468;784;684;2022
224000;Vorsaetzliche einfache Koerperverletzung;3103000;Wolfsburg;insg.;707;396;311;11;6;5;44;29;15;55;35;20;50;30;20;58;34;24;494;272;222;50;25;25;544;297;247;2022
224000;Vorsaetzliche einfache Koerperverletzung;5124000;Wuppertal;insg.;2933;1591;1342;27;14;13;199;127;72;226;141;85;245;142;103;258;138;120;2010;1048;962;194;122;72;2204;1170;1034;2022
224000;Vorsaetzliche einfache Koerperverletzung;9663000;Wuerzburg;insg.;778;485;293;4;0;4;36;26;10;40;26;14;77;53;24;85;53;32;535;330;205;41;23;18;576;353;223;2022
621100;Widerstand gegen und taetlicher Angriff auf Vollstreckungsbeamte und gleichstehende Personen;5334002;Aachen;insg.;395;301;94;1;1;0;0;0;0;1;1;0;0;0;0;8;5;3;372;285;87;14;10;4;386;295;91;2022
621100;Widerstand gegen und taetlicher Angriff auf Vollstreckungsbeamte und gleichstehende Personen;9761000;Augsburg;insg.;545;428;117;0;0;0;0;0;0;0;0;0;0;0;0;12;8;4;533;420;113;0;0;0;533;420;113;2022
621100;Widerstand gegen und taetlicher Angriff auf Vollstreckungsbeamte und gleichstehende Personen;5378004;Bergisch Gladbach;insg.;71;56;15;0;0;0;0;0;0;0;0;0;0;0;0;2;2;0;66;51;15;3;3;0;69;54;15;2022
621100;Widerstand gegen und taetlicher Angriff auf Vollstreckungsbeamte und gleichstehende Personen;11000000;Berlin;insg.;9335;8009;1326;2;2;0;0;0;0;2;2;0;4;4;0;114;93;21;9141;7840;1301;74;70;4;9215;7910;1305;2022
621100;Widerstand gegen und taetlicher Angriff auf Vollstreckungsbeamte und gleichstehende Personen;5711000;Bielefeld;insg.;319;243;76;0;0;0;0;0;0;0;0;0;0;0;0;7;6;1;307;233;74;5;4;1;312;237;75;2022
621100;Widerstand gegen und taetlicher Angriff auf Vollstreckungsbeamte und gleichstehende Personen;5911000;Bochum;insg.;637;497;140;0;0;0;0;0;0;0;0;0;0;0;0;6;4;2;624;488;136;7;5;2;631;493;138;2022
621100;Widerstand gegen und taetlicher Angriff auf Vollstreckungsbeamte und gleichstehende Personen;5314000;Bonn;insg.;611;463;148;0;0;0;0;0;0;0;0;0;0;0;0;5;3;2;600;454;146;6;6;0;606;460;146;2022
621100;Widerstand gegen und taetlicher Angriff auf Vollstreckungsbeamte und gleichstehende Personen;5512000;Bottrop;insg.;101;65;36;0;0;0;0;0;0;0;0;0;0;0;0;1;0;1;99;64;35;1;1;0;100;65;35;2022
621100;Widerstand gegen und taetlicher Angriff auf Vollstreckungsbeamte und gleichstehende Personen;3101000;Braunschweig;insg.;626;495;131;0;0;0;0;0;0;0;0;0;0;0;0;4;2;2;614;485;129;8;8;0;622;493;129;2022
621100;Widerstand gegen und taetlicher Angriff auf Vollstreckungsbeamte und gleichstehende Personen;4011000;Bremen;insg.;803;635;168;0;0;0;0;0;0;0;0;0;0;0;0;9;6;3;784;619;165;10;10;0;794;629;165;2022
621100;Widerstand gegen und taetlicher Angriff auf Vollstreckungsbeamte und gleichstehende Personen;4012000;Bremerhaven;insg.;243;186;57;0;0;0;0;0;0;0;0;0;0;0;0;1;0;1;236;180;56;6;6;0;242;186;56;2022
621100;Widerstand gegen und taetlicher Angriff auf Vollstreckungsbeamte und gleichstehende Personen;14511000;Chemnitz;insg.;257;223;34;0;0;0;0;0;0;0;0;0;0;0;0;2;1;1;254;221;33;1;1;0;255;222;33;2022
621100;Widerstand gegen und taetlicher Angriff auf Vollstreckungsbeamte und gleichstehende Personen;12052000;Cottbus;insg.;127;113;14;0;0;0;0;0;0;0;0;0;0;0;0;3;2;1;119;107;12;5;4;1;124;111;13;2022
621100;Widerstand gegen und taetlicher Angriff auf Vollstreckungsbeamte und gleichstehende Personen;6411000;Darmstadt;insg.;164;127;37;0;0;0;0;0;0;0;0;0;0;0;0;5;2;3;159;125;34;0;0;0;159;125;34;2022
621100;Widerstand gegen und taetlicher Angriff auf Vollstreckungsbeamte und gleichstehende Personen;5913000;Dortmund;insg.;1384;1030;354;0;0;0;0;0;0;0;0;0;0;0;0;27;17;10;1347;1005;342;10;8;2;1357;1013;344;2022
621100;Widerstand gegen und taetlicher Angriff auf Vollstreckungsbeamte und gleichstehende Personen;14612000;Dresden;insg.;583;500;83;0;0;0;0;0;0;0;0;0;1;1;0;11;8;3;562;482;80;9;9;0;571;491;80;2022
621100;Widerstand gegen und taetlicher Angriff auf Vollstreckungsbeamte und gleichstehende Personen;5112000;Duisburg;insg.;655;487;168;0;0;0;1;1;0;1;1;0;3;0;3;16;14;2;625;467;158;10;5;5;635;472;163;2022
621100;Widerstand gegen und taetlicher Angriff auf Vollstreckungsbeamte und gleichstehende Personen;5111000;Duesseldorf;insg.;1540;1225;315;0;0;0;0;0;0;0;0;0;0;0;0;26;20;6;1504;1198;306;10;7;3;1514;1205;309;2022
621100;Widerstand gegen und taetlicher Angriff auf Vollstreckungsbeamte und gleichstehende Personen;16051000;Erfurt;insg.;448;392;56;0;0;0;0;0;0;0;0;0;1;1;0;18;15;3;427;374;53;2;2;0;429;376;53;2022
621100;Widerstand gegen und taetlicher Angriff auf Vollstreckungsbeamte und gleichstehende Personen;9562000;Erlangen;insg.;129;115;14;0;0;0;0;0;0;0;0;0;0;0;0;4;3;1;124;111;13;1;1;0;125;112;13;2022
621100;Widerstand gegen und taetlicher Angriff auf Vollstreckungsbeamte und gleichstehende Personen;5113000;Essen;insg.;894;687;207;0;0;0;0;0;0;0;0;0;0;0;0;12;9;3;858;656;202;24;22;2;882;678;204;2022
621100;Widerstand gegen und taetlicher Angriff auf Vollstreckungsbeamte und gleichstehende Personen;6412000;Frankfurt am Main;insg.;1703;1367;336;3;3;0;0;0;0;3;3;0;1;1;0;26;21;5;1670;1339;331;3;3;0;1673;1342;331;2022
621100;Widerstand gegen und taetlicher Angriff auf Vollstreckungsbeamte und gleichstehende Personen;8311000;Freiburg im Breisgau;insg.;549;436;113;0;0;0;0;0;0;0;0;0;0;0;0;27;21;6;521;415;106;1;0;1;522;415;107;2022
621100;Widerstand gegen und taetlicher Angriff auf Vollstreckungsbeamte und gleichstehende Personen;9563000;Fuerth;insg.;117;87;30;0;0;0;0;0;0;0;0;0;0;0;0;5;2;3;112;85;27;0;0;0;112;85;27;2022
621100;Widerstand gegen und taetlicher Angriff auf Vollstreckungsbeamte und gleichstehende Personen;5513000;Gelsenkirchen;insg.;507;384;123;0;0;0;0;0;0;0;0;0;1;0;1;11;7;4;492;374;118;3;3;0;495;377;118;2022
621100;Widerstand gegen und taetlicher Angriff auf Vollstreckungsbeamte und gleichstehende Personen;3159016;Goettingen;insg.;265;183;82;0;0;0;0;0;0;0;0;0;0;0;0;2;2;0;263;181;82;0;0;0;263;181;82;2022
621100;Widerstand gegen und taetlicher Angriff auf Vollstreckungsbeamte und gleichstehende Personen;5754008;Guetersloh;insg.;193;146;47;0;0;0;0;0;0;0;0;0;0;0;0;3;0;3;189;145;44;1;1;0;190;146;44;2022
621100;Widerstand gegen und taetlicher Angriff auf Vollstreckungsbeamte und gleichstehende Personen;5914000;Hagen;insg.;404;273;131;0;0;0;0;0;0;0;0;0;0;0;0;8;2;6;395;270;125;1;1;0;396;271;125;2022
621100;Widerstand gegen und taetlicher Angriff auf Vollstreckungsbeamte und gleichstehende Personen;15002000;Halle (Saale);insg.;388;303;85;0;0;0;0;0;0;0;0;0;0;0;0;21;11;10;364;290;74;3;2;1;367;292;75;2022
621100;Widerstand gegen und taetlicher Angriff auf Vollstreckungsbeamte und gleichstehende Personen;2000000;Hamburg;insg.;2440;1909;531;0;0;0;0;0;0;0;0;0;0;0;0;39;28;11;2399;1879;520;2;2;0;2401;1881;520;2022
621100;Widerstand gegen und taetlicher Angriff auf Vollstreckungsbeamte und gleichstehende Personen;5915000;Hamm;insg.;334;270;64;0;0;0;0;0;0;0;0;0;0;0;0;6;6;0;325;261;64;3;3;0;328;264;64;2022
621100;Widerstand gegen und taetlicher Angriff auf Vollstreckungsbeamte und gleichstehende Personen;6435014;Hanau;insg.;73;59;14;0;0;0;0;0;0;0;0;0;0;0;0;3;2;1;70;57;13;0;0;0;70;57;13;2022
621100;Widerstand gegen und taetlicher Angriff auf Vollstreckungsbeamte und gleichstehende Personen;3241001;Hannover;insg.;1479;1115;364;0;0;0;0;0;0;0;0;0;0;0;0;26;10;16;1448;1100;348;5;5;0;1453;1105;348;2022
621100;Widerstand gegen und taetlicher Angriff auf Vollstreckungsbeamte und gleichstehende Personen;8221000;Heidelberg;insg.;328;239;89;0;0;0;0;0;0;0;0;0;0;0;0;8;5;3;319;233;86;1;1;0;320;234;86;2022
621100;Widerstand gegen und taetlicher Angriff auf Vollstreckungsbeamte und gleichstehende Personen;8121000;Heilbronn;insg.;145;113;32;5;4;1;0;0;0;5;4;1;0;0;0;10;9;1;130;100;30;0;0;0;130;100;30;2022
621100;Widerstand gegen und taetlicher Angriff auf Vollstreckungsbeamte und gleichstehende Personen;5916000;Herne;insg.;285;239;46;0;0;0;0;0;0;0;0;0;0;0;0;0;0;0;284;238;46;1;1;0;285;239;46;2022
621100;Widerstand gegen und taetlicher Angriff auf Vollstreckungsbeamte und gleichstehende Personen;3254021;Hildesheim;insg.;149;98;51;0;0;0;0;0;0;0;0;0;0;0;0;0;0;0;149;98;51;0;0;0;149;98;51;2022
621100;Widerstand gegen und taetlicher Angriff auf Vollstreckungsbeamte und gleichstehende Personen;9161000;Ingolstadt;insg.;244;183;61;0;0;0;0;0;0;0;0;0;0;0;0;4;1;3;240;182;58;0;0;0;240;182;58;2022
621100;Widerstand gegen und taetlicher Angriff auf Vollstreckungsbeamte und gleichstehende Personen;16053000;Jena;insg.;95;86;9;0;0;0;0;0;0;0;0;0;0;0;0;6;6;0;88;79;9;1;1;0;89;80;9;2022
621100;Widerstand gegen und taetlicher Angriff auf Vollstreckungsbeamte und gleichstehende Personen;7312000;Kaiserslautern;insg.;235;188;47;0;0;0;0;0;0;0;0;0;0;0;0;3;3;0;232;185;47;0;0;0;232;185;47;2022
621100;Widerstand gegen und taetlicher Angriff auf Vollstreckungsbeamte und gleichstehende Personen;8212000;Karlsruhe;insg.;509;392;117;0;0;0;0;0;0;0;0;0;1;0;1;11;9;2;493;379;114;4;4;0;497;383;114;2022
621100;Widerstand gegen und taetlicher Angriff auf Vollstreckungsbeamte und gleichstehende Personen;6611000;Kassel;insg.;285;241;44;0;0;0;0;0;0;0;0;0;1;1;0;8;8;0;275;231;44;1;1;0;276;232;44;2022
621100;Widerstand gegen und taetlicher Angriff auf Vollstreckungsbeamte und gleichstehende Personen;1002000;Kiel;insg.;465;358;107;0;0;0;0;0;0;0;0;0;0;0;0;8;6;2;456;351;105;1;1;0;457;352;105;2022
621100;Widerstand gegen und taetlicher Angriff auf Vollstreckungsbeamte und gleichstehende Personen;7111000;Koblenz;insg.;325;255;70;0;0;0;0;0;0;0;0;0;1;1;0;5;4;1;315;246;69;4;4;0;319;250;69;2022
621100;Widerstand gegen und taetlicher Angriff auf Vollstreckungsbeamte und gleichstehende Personen;5315000;Koeln;insg.;2025;1439;586;0;0;0;0;0;0;0;0;0;0;0;0;23;17;6;1985;1407;578;17;15;2;2002;1422;580;2022
621100;Widerstand gegen und taetlicher Angriff auf Vollstreckungsbeamte und gleichstehende Personen;5114000;Krefeld;insg.;312;211;101;0;0;0;0;0;0;0;0;0;0;0;0;9;7;2;301;202;99;2;2;0;303;204;99;2022
621100;Widerstand gegen und taetlicher Angriff auf Vollstreckungsbeamte und gleichstehende Personen;14713000;Leipzig;insg.;1153;992;161;0;0;0;0;0;0;0;0;0;0;0;0;26;23;3;1120;962;158;7;7;0;1127;969;158;2022
621100;Widerstand gegen und taetlicher Angriff auf Vollstreckungsbeamte und gleichstehende Personen;5316000;Leverkusen;insg.;154;114;40;0;0;0;0;0;0;0;0;0;0;0;0;3;3;0;149;110;39;2;1;1;151;111;40;2022
621100;Widerstand gegen und taetlicher Angriff auf Vollstreckungsbeamte und gleichstehende Personen;1003000;Luebeck;insg.;650;495;155;0;0;0;0;0;0;0;0;0;0;0;0;21;12;9;625;480;145;4;3;1;629;483;146;2022
621100;Widerstand gegen und taetlicher Angriff auf Vollstreckungsbeamte und gleichstehende Personen;7314000;Ludwigshafen am Rhein;insg.;175;144;31;0;0;0;0;0;0;0;0;0;0;0;0;0;0;0;175;144;31;0;0;0;175;144;31;2022
621100;Widerstand gegen und taetlicher Angriff auf Vollstreckungsbeamte und gleichstehende Personen;15003000;Magdeburg;insg.;391;319;72;0;0;0;0;0;0;0;0;0;0;0;0;36;28;8;346;282;64;9;9;0;355;291;64;2022
621100;Widerstand gegen und taetlicher Angriff auf Vollstreckungsbeamte und gleichstehende Personen;7315000;Mainz;insg.;264;220;44;0;0;0;0;0;0;0;0;0;0;0;0;12;11;1;252;209;43;0;0;0;252;209;43;2022
621100;Widerstand gegen und taetlicher Angriff auf Vollstreckungsbeamte und gleichstehende Personen;8222000;Mannheim;insg.;419;339;80;0;0;0;0;0;0;0;0;0;0;0;0;7;5;2;408;330;78;4;4;0;412;334;78;2022
621100;Widerstand gegen und taetlicher Angriff auf Vollstreckungsbeamte und gleichstehende Personen;5170024;Moers;insg.;79;55;24;0;0;0;0;0;0;0;0;0;0;0;0;1;1;0;78;54;24;0;0;0;78;54;24;2022
621100;Widerstand gegen und taetlicher Angriff auf Vollstreckungsbeamte und gleichstehende Personen;5116000;Moenchengladbach;insg.;541;385;156;0;0;0;0;0;0;0;0;0;1;1;0;4;2;2;525;374;151;11;8;3;536;382;154;2022
621100;Widerstand gegen und taetlicher Angriff auf Vollstreckungsbeamte und gleichstehende Personen;5117000;Muelheim an der Ruhr;insg.;147;99;48;0;0;0;0;0;0;0;0;0;0;0;0;0;0;0;144;98;46;3;1;2;147;99;48;2022
621100;Widerstand gegen und taetlicher Angriff auf Vollstreckungsbeamte und gleichstehende Personen;9162000;Muenchen;insg.;2520;1998;522;0;0;0;0;0;0;0;0;0;0;0;0;34;20;14;2482;1976;506;4;2;2;2486;1978;508;2022
621100;Widerstand gegen und taetlicher Angriff auf Vollstreckungsbeamte und gleichstehende Personen;5515000;Muenster;insg.;641;497;144;0;0;0;0;0;0;0;0;0;2;0;2;16;12;4;611;473;138;12;12;0;623;485;138;2022
621100;Widerstand gegen und taetlicher Angriff auf Vollstreckungsbeamte und gleichstehende Personen;5162024;Neuss;insg.;116;76;40;0;0;0;0;0;0;0;0;0;0;0;0;0;0;0;116;76;40;0;0;0;116;76;40;2022
621100;Widerstand gegen und taetlicher Angriff auf Vollstreckungsbeamte und gleichstehende Personen;9564000;Nuernberg;insg.;812;633;179;0;0;0;0;0;0;0;0;0;0;0;0;19;15;4;793;618;175;0;0;0;793;618;175;2022
621100;Widerstand gegen und taetlicher Angriff auf Vollstreckungsbeamte und gleichstehende Personen;5119000;Oberhausen;insg.;261;196;65;0;0;0;0;0;0;0;0;0;0;0;0;7;4;3;253;191;62;1;1;0;254;192;62;2022
621100;Widerstand gegen und taetlicher Angriff auf Vollstreckungsbeamte und gleichstehende Personen;6413000;Offenbach am Main;insg.;126;99;27;0;0;0;0;0;0;0;0;0;0;0;0;1;0;1;125;99;26;0;0;0;125;99;26;2022
621100;Widerstand gegen und taetlicher Angriff auf Vollstreckungsbeamte und gleichstehende Personen;3403000;Oldenburg (Oldenburg);insg.;174;139;35;0;0;0;0;0;0;0;0;0;0;0;0;1;0;1;167;133;34;6;6;0;173;139;34;2022
621100;Widerstand gegen und taetlicher Angriff auf Vollstreckungsbeamte und gleichstehende Personen;3404000;Osnabrueck;insg.;371;291;80;0;0;0;0;0;0;0;0;0;0;0;0;3;3;0;368;288;80;0;0;0;368;288;80;2022
621100;Widerstand gegen und taetlicher Angriff auf Vollstreckungsbeamte und gleichstehende Personen;5774032;Paderborn;insg.;229;185;44;0;0;0;0;0;0;0;0;0;0;0;0;6;6;0;222;178;44;1;1;0;223;179;44;2022
621100;Widerstand gegen und taetlicher Angriff auf Vollstreckungsbeamte und gleichstehende Personen;8231000;Pforzheim;insg.;154;115;39;0;0;0;0;0;0;0;0;0;0;0;0;3;2;1;149;111;38;2;2;0;151;113;38;2022
621100;Widerstand gegen und taetlicher Angriff auf Vollstreckungsbeamte und gleichstehende Personen;12054000;Potsdam;insg.;155;120;35;0;0;0;0;0;0;0;0;0;0;0;0;3;3;0;152;117;35;0;0;0;152;117;35;2022
621100;Widerstand gegen und taetlicher Angriff auf Vollstreckungsbeamte und gleichstehende Personen;5562032;Recklinghausen;insg.;243;194;49;0;0;0;0;0;0;0;0;0;0;0;0;4;3;1;234;186;48;5;5;0;239;191;48;2022
621100;Widerstand gegen und taetlicher Angriff auf Vollstreckungsbeamte und gleichstehende Personen;9362000;Regensburg;insg.;241;190;51;0;0;0;0;0;0;0;0;0;1;1;0;7;5;2;233;184;49;0;0;0;233;184;49;2022
621100;Widerstand gegen und taetlicher Angriff auf Vollstreckungsbeamte und gleichstehende Personen;5120000;Remscheid;insg.;210;136;74;0;0;0;1;0;1;1;0;1;1;0;1;3;0;3;204;135;69;1;1;0;205;136;69;2022
621100;Widerstand gegen und taetlicher Angriff auf Vollstreckungsbeamte und gleichstehende Personen;8415061;Reutlingen;insg.;153;110;43;0;0;0;0;0;0;0;0;0;0;0;0;4;2;2;149;108;41;0;0;0;149;108;41;2022
621100;Widerstand gegen und taetlicher Angriff auf Vollstreckungsbeamte und gleichstehende Personen;13003000;Rostock, Hanse- und Universit tsstadt;insg.;391;338;53;0;0;0;0;0;0;0;0;0;0;0;0;12;10;2;377;326;51;2;2;0;379;328;51;2022
621100;Widerstand gegen und taetlicher Angriff auf Vollstreckungsbeamte und gleichstehende Personen;10041100;Saarbruecken;insg.;528;411;117;0;0;0;0;0;0;0;0;0;0;0;0;11;11;0;514;397;117;3;3;0;517;400;117;2022
621100;Widerstand gegen und taetlicher Angriff auf Vollstreckungsbeamte und gleichstehende Personen;3102000;Salzgitter;insg.;120;93;27;0;0;0;0;0;0;0;0;0;0;0;0;1;1;0;119;92;27;0;0;0;119;92;27;2022
621100;Widerstand gegen und taetlicher Angriff auf Vollstreckungsbeamte und gleichstehende Personen;13004000;Schwerin;insg.;242;203;39;0;0;0;0;0;0;0;0;0;0;0;0;8;7;1;234;196;38;0;0;0;234;196;38;2022
621100;Widerstand gegen und taetlicher Angriff auf Vollstreckungsbeamte und gleichstehende Personen;5970040;Siegen;insg.;313;233;80;0;0;0;0;0;0;0;0;0;1;0;1;4;4;0;306;228;78;2;1;1;308;229;79;2022
621100;Widerstand gegen und taetlicher Angriff auf Vollstreckungsbeamte und gleichstehende Personen;5122000;Solingen;insg.;206;164;42;0;0;0;0;0;0;0;0;0;0;0;0;2;2;0;203;161;42;1;1;0;204;162;42;2022
621100;Widerstand gegen und taetlicher Angriff auf Vollstreckungsbeamte und gleichstehende Personen;8111000;Stuttgart;insg.;1791;1399;392;0;0;0;0;0;0;0;0;0;0;0;0;46;27;19;1732;1359;373;13;13;0;1745;1372;373;2022
621100;Widerstand gegen und taetlicher Angriff auf Vollstreckungsbeamte und gleichstehende Personen;7211000;Trier;insg.;163;127;36;0;0;0;0;0;0;0;0;0;0;0;0;4;3;1;159;124;35;0;0;0;159;124;35;2022
621100;Widerstand gegen und taetlicher Angriff auf Vollstreckungsbeamte und gleichstehende Personen;8421000;Ulm;insg.;221;166;55;0;0;0;0;0;0;0;0;0;0;0;0;10;6;4;211;160;51;0;0;0;211;160;51;2022
621100;Widerstand gegen und taetlicher Angriff auf Vollstreckungsbeamte und gleichstehende Personen;6414000;Wiesbaden;insg.;212;164;48;0;0;0;0;0;0;0;0;0;0;0;0;1;0;1;211;164;47;0;0;0;211;164;47;2022
621100;Widerstand gegen und taetlicher Angriff auf Vollstreckungsbeamte und gleichstehende Personen;3103000;Wolfsburg;insg.;125;96;29;0;0;0;0;0;0;0;0;0;0;0;0;0;0;0;124;96;28;1;0;1;125;96;29;2022
621100;Widerstand gegen und taetlicher Angriff auf Vollstreckungsbeamte und gleichstehende Personen;5124000;Wuppertal;insg.;677;488;189;0;0;0;0;0;0;0;0;0;1;1;0;3;1;2;659;473;186;14;13;1;673;486;187;2022
621100;Widerstand gegen und taetlicher Angriff auf Vollstreckungsbeamte und gleichstehende Personen;9663000;Wuerzburg;insg.;194;160;34;0;0;0;0;0;0;0;0;0;0;0;0;8;5;3;186;155;31;0;0;0;186;155;31;2022
621110;Widerstand gegen Vollstreckungsbeamte und gleichstehende Personen;5334002;Aachen;insg.;316;238;78;1;1;0;0;0;0;1;1;0;0;0;0;6;4;2;296;224;72;13;9;4;309;233;76;2022
621110;Widerstand gegen Vollstreckungsbeamte und gleichstehende Personen;9761000;Augsburg;insg.;277;221;56;0;0;0;0;0;0;0;0;0;0;0;0;6;3;3;271;218;53;0;0;0;271;218;53;2022
621110;Widerstand gegen Vollstreckungsbeamte und gleichstehende Personen;5378004;Bergisch Gladbach;insg.;64;51;13;0;0;0;0;0;0;0;0;0;0;0;0;2;2;0;59;46;13;3;3;0;62;49;13;2022
621110;Widerstand gegen Vollstreckungsbeamte und gleichstehende Personen;11000000;Berlin;insg.;6450;5576;874;2;2;0;0;0;0;2;2;0;3;3;0;81;63;18;6312;5459;853;52;49;3;6364;5508;856;2022
621110;Widerstand gegen Vollstreckungsbeamte und gleichstehende Personen;5711000;Bielefeld;insg.;244;186;58;0;0;0;0;0;0;0;0;0;0;0;0;6;6;0;233;176;57;5;4;1;238;180;58;2022
621110;Widerstand gegen Vollstreckungsbeamte und gleichstehende Personen;5911000;Bochum;insg.;394;310;84;0;0;0;0;0;0;0;0;0;0;0;0;2;1;1;387;305;82;5;4;1;392;309;83;2022
621110;Widerstand gegen Vollstreckungsbeamte und gleichstehende Personen;5314000;Bonn;insg.;333;255;78;0;0;0;0;0;0;0;0;0;0;0;0;1;0;1;328;251;77;4;4;0;332;255;77;2022
621110;Widerstand gegen Vollstreckungsbeamte und gleichstehende Personen;5512000;Bottrop;insg.;61;41;20;0;0;0;0;0;0;0;0;0;0;0;0;0;0;0;60;40;20;1;1;0;61;41;20;2022
621110;Widerstand gegen Vollstreckungsbeamte und gleichstehende Personen;3101000;Braunschweig;insg.;356;291;65;0;0;0;0;0;0;0;0;0;0;0;0;1;1;0;350;285;65;5;5;0;355;290;65;2022
621110;Widerstand gegen Vollstreckungsbeamte und gleichstehende Personen;4011000;Bremen;insg.;492;398;94;0;0;0;0;0;0;0;0;0;0;0;0;3;3;0;480;386;94;9;9;0;489;395;94;2022
621110;Widerstand gegen Vollstreckungsbeamte und gleichstehende Personen;4012000;Bremerhaven;insg.;207;158;49;0;0;0;0;0;0;0;0;0;0;0;0;1;0;1;202;154;48;4;4;0;206;158;48;2022
621110;Widerstand gegen Vollstreckungsbeamte und gleichstehende Personen;14511000;Chemnitz;insg.;190;163;27;0;0;0;0;0;0;0;0;0;0;0;0;1;1;0;188;161;27;1;1;0;189;162;27;2022
621110;Widerstand gegen Vollstreckungsbeamte und gleichstehende Personen;12052000;Cottbus;insg.;41;36;5;0;0;0;0;0;0;0;0;0;0;0;0;3;2;1;38;34;4;0;0;0;38;34;4;2022
621110;Widerstand gegen Vollstreckungsbeamte und gleichstehende Personen;6411000;Darmstadt;insg.;128;103;25;0;0;0;0;0;0;0;0;0;0;0;0;4;2;2;124;101;23;0;0;0;124;101;23;2022
621110;Widerstand gegen Vollstreckungsbeamte und gleichstehende Personen;5913000;Dortmund;insg.;700;534;166;0;0;0;0;0;0;0;0;0;0;0;0;11;8;3;685;523;162;4;3;1;689;526;163;2022
621110;Widerstand gegen Vollstreckungsbeamte und gleichstehende Personen;14612000;Dresden;insg.;353;305;48;0;0;0;0;0;0;0;0;0;1;1;0;8;5;3;342;297;45;2;2;0;344;299;45;2022
621110;Widerstand gegen Vollstreckungsbeamte und gleichstehende Personen;5112000;Duisburg;insg.;527;388;139;0;0;0;1;1;0;1;1;0;3;0;3;12;10;2;502;372;130;9;5;4;511;377;134;2022
621110;Widerstand gegen Vollstreckungsbeamte und gleichstehende Personen;5111000;Duesseldorf;insg.;1017;821;196;0;0;0;0;0;0;0;0;0;0;0;0;18;13;5;994;805;189;5;3;2;999;808;191;2022
621110;Widerstand gegen Vollstreckungsbeamte und gleichstehende Personen;16051000;Erfurt;insg.;263;231;32;0;0;0;0;0;0;0;0;0;1;1;0;9;9;0;251;219;32;2;2;0;253;221;32;2022
621110;Widerstand gegen Vollstreckungsbeamte und gleichstehende Personen;9562000;Erlangen;insg.;55;48;7;0;0;0;0;0;0;0;0;0;0;0;0;1;1;0;54;47;7;0;0;0;54;47;7;2022
621110;Widerstand gegen Vollstreckungsbeamte und gleichstehende Personen;5113000;Essen;insg.;633;490;143;0;0;0;0;0;0;0;0;0;0;0;0;9;6;3;603;465;138;21;19;2;624;484;140;2022
621110;Widerstand gegen Vollstreckungsbeamte und gleichstehende Personen;6412000;Frankfurt am Main;insg.;687;575;112;3;3;0;0;0;0;3;3;0;0;0;0;13;11;2;670;560;110;1;1;0;671;561;110;2022
621110;Widerstand gegen Vollstreckungsbeamte und gleichstehende Personen;8311000;Freiburg im Breisgau;insg.;284;228;56;0;0;0;0;0;0;0;0;0;0;0;0;19;14;5;264;214;50;1;0;1;265;214;51;2022
621110;Widerstand gegen Vollstreckungsbeamte und gleichstehende Personen;9563000;Fuerth;insg.;23;18;5;0;0;0;0;0;0;0;0;0;0;0;0;1;1;0;22;17;5;0;0;0;22;17;5;2022
621110;Widerstand gegen Vollstreckungsbeamte und gleichstehende Personen;5513000;Gelsenkirchen;insg.;299;237;62;0;0;0;0;0;0;0;0;0;0;0;0;7;5;2;290;230;60;2;2;0;292;232;60;2022
621110;Widerstand gegen Vollstreckungsbeamte und gleichstehende Personen;3159016;Goettingen;insg.;132;96;36;0;0;0;0;0;0;0;0;0;0;0;0;0;0;0;132;96;36;0;0;0;132;96;36;2022
621110;Widerstand gegen Vollstreckungsbeamte und gleichstehende Personen;5754008;Guetersloh;insg.;146;113;33;0;0;0;0;0;0;0;0;0;0;0;0;1;0;1;145;113;32;0;0;0;145;113;32;2022
621110;Widerstand gegen Vollstreckungsbeamte und gleichstehende Personen;5914000;Hagen;insg.;269;177;92;0;0;0;0;0;0;0;0;0;0;0;0;2;0;2;266;176;90;1;1;0;267;177;90;2022
621110;Widerstand gegen Vollstreckungsbeamte und gleichstehende Personen;15002000;Halle (Saale);insg.;254;201;53;0;0;0;0;0;0;0;0;0;0;0;0;12;9;3;241;192;49;1;0;1;242;192;50;2022
621110;Widerstand gegen Vollstreckungsbeamte und gleichstehende Personen;2000000;Hamburg;insg.;1204;958;246;0;0;0;0;0;0;0;0;0;0;0;0;20;15;5;1183;942;241;1;1;0;1184;943;241;2022
621110;Widerstand gegen Vollstreckungsbeamte und gleichstehende Personen;5915000;Hamm;insg.;241;197;44;0;0;0;0;0;0;0;0;0;0;0;0;5;5;0;234;190;44;2;2;0;236;192;44;2022
621110;Widerstand gegen Vollstreckungsbeamte und gleichstehende Personen;6435014;Hanau;insg.;9;7;2;0;0;0;0;0;0;0;0;0;0;0;0;0;0;0;9;7;2;0;0;0;9;7;2;2022
621110;Widerstand gegen Vollstreckungsbeamte und gleichstehende Personen;3241001;Hannover;insg.;830;639;191;0;0;0;0;0;0;0;0;0;0;0;0;14;7;7;811;627;184;5;5;0;816;632;184;2022
621110;Widerstand gegen Vollstreckungsbeamte und gleichstehende Personen;8221000;Heidelberg;insg.;133;100;33;0;0;0;0;0;0;0;0;0;0;0;0;6;3;3;127;97;30;0;0;0;127;97;30;2022
621110;Widerstand gegen Vollstreckungsbeamte und gleichstehende Personen;8121000;Heilbronn;insg.;68;51;17;5;4;1;0;0;0;5;4;1;0;0;0;5;4;1;58;43;15;0;0;0;58;43;15;2022
621110;Widerstand gegen Vollstreckungsbeamte und gleichstehende Personen;5916000;Herne;insg.;163;139;24;0;0;0;0;0;0;0;0;0;0;0;0;0;0;0;162;138;24;1;1;0;163;139;24;2022
621110;Widerstand gegen Vollstreckungsbeamte und gleichstehende Personen;3254021;Hildesheim;insg.;89;62;27;0;0;0;0;0;0;0;0;0;0;0;0;0;0;0;89;62;27;0;0;0;89;62;27;2022
621110;Widerstand gegen Vollstreckungsbeamte und gleichstehende Personen;9161000;Ingolstadt;insg.;111;79;32;0;0;0;0;0;0;0;0;0;0;0;0;3;0;3;108;79;29;0;0;0;108;79;29;2022
621110;Widerstand gegen Vollstreckungsbeamte und gleichstehende Personen;16053000;Jena;insg.;62;54;8;0;0;0;0;0;0;0;0;0;0;0;0;2;2;0;60;52;8;0;0;0;60;52;8;2022
621110;Widerstand gegen Vollstreckungsbeamte und gleichstehende Personen;7312000;Kaiserslautern;insg.;115;90;25;0;0;0;0;0;0;0;0;0;0;0;0;3;3;0;112;87;25;0;0;0;112;87;25;2022
621110;Widerstand gegen Vollstreckungsbeamte und gleichstehende Personen;8212000;Karlsruhe;insg.;205;163;42;0;0;0;0;0;0;0;0;0;1;0;1;5;4;1;199;159;40;0;0;0;199;159;40;2022
621110;Widerstand gegen Vollstreckungsbeamte und gleichstehende Personen;6611000;Kassel;insg.;179;152;27;0;0;0;0;0;0;0;0;0;0;0;0;3;3;0;176;149;27;0;0;0;176;149;27;2022
621110;Widerstand gegen Vollstreckungsbeamte und gleichstehende Personen;1002000;Kiel;insg.;167;131;36;0;0;0;0;0;0;0;0;0;0;0;0;4;3;1;163;128;35;0;0;0;163;128;35;2022
621110;Widerstand gegen Vollstreckungsbeamte und gleichstehende Personen;7111000;Koblenz;insg.;235;184;51;0;0;0;0;0;0;0;0;0;1;1;0;1;1;0;230;179;51;3;3;0;233;182;51;2022
621110;Widerstand gegen Vollstreckungsbeamte und gleichstehende Personen;5315000;Koeln;insg.;1243;890;353;0;0;0;0;0;0;0;0;0;0;0;0;8;6;2;1222;872;350;13;12;1;1235;884;351;2022
621110;Widerstand gegen Vollstreckungsbeamte und gleichstehende Personen;5114000;Krefeld;insg.;161;106;55;0;0;0;0;0;0;0;0;0;0;0;0;4;4;0;156;101;55;1;1;0;157;102;55;2022
621110;Widerstand gegen Vollstreckungsbeamte und gleichstehende Personen;14713000;Leipzig;insg.;843;730;113;0;0;0;0;0;0;0;0;0;0;0;0;19;17;2;819;708;111;5;5;0;824;713;111;2022
621110;Widerstand gegen Vollstreckungsbeamte und gleichstehende Personen;5316000;Leverkusen;insg.;90;67;23;0;0;0;0;0;0;0;0;0;0;0;0;1;1;0;87;65;22;2;1;1;89;66;23;2022
621110;Widerstand gegen Vollstreckungsbeamte und gleichstehende Personen;1003000;Luebeck;insg.;341;265;76;0;0;0;0;0;0;0;0;0;0;0;0;8;7;1;330;255;75;3;3;0;333;258;75;2022
621110;Widerstand gegen Vollstreckungsbeamte und gleichstehende Personen;7314000;Ludwigshafen am Rhein;insg.;101;91;10;0;0;0;0;0;0;0;0;0;0;0;0;0;0;0;101;91;10;0;0;0;101;91;10;2022
621110;Widerstand gegen Vollstreckungsbeamte und gleichstehende Personen;15003000;Magdeburg;insg.;214;172;42;0;0;0;0;0;0;0;0;0;0;0;0;22;17;5;190;153;37;2;2;0;192;155;37;2022
621110;Widerstand gegen Vollstreckungsbeamte und gleichstehende Personen;7315000;Mainz;insg.;165;140;25;0;0;0;0;0;0;0;0;0;0;0;0;4;4;0;161;136;25;0;0;0;161;136;25;2022
621110;Widerstand gegen Vollstreckungsbeamte und gleichstehende Personen;8222000;Mannheim;insg.;148;115;33;0;0;0;0;0;0;0;0;0;0;0;0;2;1;1;146;114;32;0;0;0;146;114;32;2022
621110;Widerstand gegen Vollstreckungsbeamte und gleichstehende Personen;5170024;Moers;insg.;50;36;14;0;0;0;0;0;0;0;0;0;0;0;0;1;1;0;49;35;14;0;0;0;49;35;14;2022
621110;Widerstand gegen Vollstreckungsbeamte und gleichstehende Personen;5116000;Moenchengladbach;insg.;376;270;106;0;0;0;0;0;0;0;0;0;0;0;0;3;2;1;364;262;102;9;6;3;373;268;105;2022
621110;Widerstand gegen Vollstreckungsbeamte und gleichstehende Personen;5117000;Muelheim an der Ruhr;insg.;133;89;44;0;0;0;0;0;0;0;0;0;0;0;0;0;0;0;130;88;42;3;1;2;133;89;44;2022
621110;Widerstand gegen Vollstreckungsbeamte und gleichstehende Personen;9162000;Muenchen;insg.;1097;878;219;0;0;0;0;0;0;0;0;0;0;0;0;19;12;7;1078;866;212;0;0;0;1078;866;212;2022
621110;Widerstand gegen Vollstreckungsbeamte und gleichstehende Personen;5515000;Muenster;insg.;507;395;112;0;0;0;0;0;0;0;0;0;1;0;1;13;10;3;483;375;108;10;10;0;493;385;108;2022
621110;Widerstand gegen Vollstreckungsbeamte und gleichstehende Personen;5162024;Neuss;insg.;95;62;33;0;0;0;0;0;0;0;0;0;0;0;0;0;0;0;95;62;33;0;0;0;95;62;33;2022
621110;Widerstand gegen Vollstreckungsbeamte und gleichstehende Personen;9564000;Nuernberg;insg.;315;241;74;0;0;0;0;0;0;0;0;0;0;0;0;8;7;1;307;234;73;0;0;0;307;234;73;2022
621110;Widerstand gegen Vollstreckungsbeamte und gleichstehende Personen;5119000;Oberhausen;insg.;197;147;50;0;0;0;0;0;0;0;0;0;0;0;0;6;3;3;190;143;47;1;1;0;191;144;47;2022
621110;Widerstand gegen Vollstreckungsbeamte und gleichstehende Personen;6413000;Offenbach am Main;insg.;18;14;4;0;0;0;0;0;0;0;0;0;0;0;0;0;0;0;18;14;4;0;0;0;18;14;4;2022
621110;Widerstand gegen Vollstreckungsbeamte und gleichstehende Personen;3403000;Oldenburg (Oldenburg);insg.;92;74;18;0;0;0;0;0;0;0;0;0;0;0;0;1;0;1;87;70;17;4;4;0;91;74;17;2022
621110;Widerstand gegen Vollstreckungsbeamte und gleichstehende Personen;3404000;Osnabrueck;insg.;172;137;35;0;0;0;0;0;0;0;0;0;0;0;0;2;2;0;170;135;35;0;0;0;170;135;35;2022
621110;Widerstand gegen Vollstreckungsbeamte und gleichstehende Personen;5774032;Paderborn;insg.;176;142;34;0;0;0;0;0;0;0;0;0;0;0;0;4;4;0;172;138;34;0;0;0;172;138;34;2022
621110;Widerstand gegen Vollstreckungsbeamte und gleichstehende Personen;8231000;Pforzheim;insg.;58;44;14;0;0;0;0;0;0;0;0;0;0;0;0;2;2;0;56;42;14;0;0;0;56;42;14;2022
621110;Widerstand gegen Vollstreckungsbeamte und gleichstehende Personen;12054000;Potsdam;insg.;62;52;10;0;0;0;0;0;0;0;0;0;0;0;0;2;2;0;60;50;10;0;0;0;60;50;10;2022
621110;Widerstand gegen Vollstreckungsbeamte und gleichstehende Personen;5562032;Recklinghausen;insg.;179;145;34;0;0;0;0;0;0;0;0;0;0;0;0;4;3;1;172;139;33;3;3;0;175;142;33;2022
621110;Widerstand gegen Vollstreckungsbeamte und gleichstehende Personen;9362000;Regensburg;insg.;81;64;17;0;0;0;0;0;0;0;0;0;0;0;0;4;2;2;77;62;15;0;0;0;77;62;15;2022
621110;Widerstand gegen Vollstreckungsbeamte und gleichstehende Personen;5120000;Remscheid;insg.;119;78;41;0;0;0;0;0;0;0;0;0;0;0;0;2;0;2;116;77;39;1;1;0;117;78;39;2022
621110;Widerstand gegen Vollstreckungsbeamte und gleichstehende Personen;8415061;Reutlingen;insg.;65;50;15;0;0;0;0;0;0;0;0;0;0;0;0;0;0;0;65;50;15;0;0;0;65;50;15;2022
621110;Widerstand gegen Vollstreckungsbeamte und gleichstehende Personen;13003000;Rostock, Hanse- und Universit tsstadt;insg.;206;173;33;0;0;0;0;0;0;0;0;0;0;0;0;5;4;1;201;169;32;0;0;0;201;169;32;2022
621110;Widerstand gegen Vollstreckungsbeamte und gleichstehende Personen;10041100;Saarbruecken;insg.;286;210;76;0;0;0;0;0;0;0;0;0;0;0;0;6;6;0;280;204;76;0;0;0;280;204;76;2022
621110;Widerstand gegen Vollstreckungsbeamte und gleichstehende Personen;3102000;Salzgitter;insg.;98;75;23;0;0;0;0;0;0;0;0;0;0;0;0;1;1;0;97;74;23;0;0;0;97;74;23;2022
621110;Widerstand gegen Vollstreckungsbeamte und gleichstehende Personen;13004000;Schwerin;insg.;120;102;18;0;0;0;0;0;0;0;0;0;0;0;0;2;2;0;118;100;18;0;0;0;118;100;18;2022
621110;Widerstand gegen Vollstreckungsbeamte und gleichstehende Personen;5970040;Siegen;insg.;167;120;47;0;0;0;0;0;0;0;0;0;1;0;1;4;4;0;162;116;46;0;0;0;162;116;46;2022
621110;Widerstand gegen Vollstreckungsbeamte und gleichstehende Personen;5122000;Solingen;insg.;105;86;19;0;0;0;0;0;0;0;0;0;0;0;0;1;1;0;104;85;19;0;0;0;104;85;19;2022
621110;Widerstand gegen Vollstreckungsbeamte und gleichstehende Personen;8111000;Stuttgart;insg.;962;788;174;0;0;0;0;0;0;0;0;0;0;0;0;21;12;9;933;768;165;8;8;0;941;776;165;2022
621110;Widerstand gegen Vollstreckungsbeamte und gleichstehende Personen;7211000;Trier;insg.;60;51;9;0;0;0;0;0;0;0;0;0;0;0;0;2;2;0;58;49;9;0;0;0;58;49;9;2022
621110;Widerstand gegen Vollstreckungsbeamte und gleichstehende Personen;8421000;Ulm;insg.;80;67;13;0;0;0;0;0;0;0;0;0;0;0;0;4;3;1;76;64;12;0;0;0;76;64;12;2022
621110;Widerstand gegen Vollstreckungsbeamte und gleichstehende Personen;6414000;Wiesbaden;insg.;112;89;23;0;0;0;0;0;0;0;0;0;0;0;0;0;0;0;112;89;23;0;0;0;112;89;23;2022
621110;Widerstand gegen Vollstreckungsbeamte und gleichstehende Personen;3103000;Wolfsburg;insg.;67;52;15;0;0;0;0;0;0;0;0;0;0;0;0;0;0;0;67;52;15;0;0;0;67;52;15;2022
621110;Widerstand gegen Vollstreckungsbeamte und gleichstehende Personen;5124000;Wuppertal;insg.;291;211;80;0;0;0;0;0;0;0;0;0;1;1;0;2;0;2;279;202;77;9;8;1;288;210;78;2022
621110;Widerstand gegen Vollstreckungsbeamte und gleichstehende Personen;9663000;Wuerzburg;insg.;85;71;14;0;0;0;0;0;0;0;0;0;0;0;0;5;2;3;80;69;11;0;0;0;80;69;11;2022
621120;Taetlicher Angriff auf Vollstreckungsbeamte;5334002;Aachen;insg.;79;63;16;0;0;0;0;0;0;0;0;0;0;0;0;2;1;1;76;61;15;1;1;0;77;62;15;2022
621120;Taetlicher Angriff auf Vollstreckungsbeamte;9761000;Augsburg;insg.;268;207;61;0;0;0;0;0;0;0;0;0;0;0;0;6;5;1;262;202;60;0;0;0;262;202;60;2022
621120;Taetlicher Angriff auf Vollstreckungsbeamte;5378004;Bergisch Gladbach;insg.;7;5;2;0;0;0;0;0;0;0;0;0;0;0;0;0;0;0;7;5;2;0;0;0;7;5;2;2022
621120;Taetlicher Angriff auf Vollstreckungsbeamte;11000000;Berlin;insg.;2885;2433;452;0;0;0;0;0;0;0;0;0;1;1;0;33;30;3;2829;2381;448;22;21;1;2851;2402;449;2022
621120;Taetlicher Angriff auf Vollstreckungsbeamte;5711000;Bielefeld;insg.;75;57;18;0;0;0;0;0;0;0;0;0;0;0;0;1;0;1;74;57;17;0;0;0;74;57;17;2022
621120;Taetlicher Angriff auf Vollstreckungsbeamte;5911000;Bochum;insg.;243;187;56;0;0;0;0;0;0;0;0;0;0;0;0;4;3;1;237;183;54;2;1;1;239;184;55;2022
621120;Taetlicher Angriff auf Vollstreckungsbeamte;5314000;Bonn;insg.;278;208;70;0;0;0;0;0;0;0;0;0;0;0;0;4;3;1;272;203;69;2;2;0;274;205;69;2022
621120;Taetlicher Angriff auf Vollstreckungsbeamte;5512000;Bottrop;insg.;40;24;16;0;0;0;0;0;0;0;0;0;0;0;0;1;0;1;39;24;15;0;0;0;39;24;15;2022
621120;Taetlicher Angriff auf Vollstreckungsbeamte;3101000;Braunschweig;insg.;270;204;66;0;0;0;0;0;0;0;0;0;0;0;0;3;1;2;264;200;64;3;3;0;267;203;64;2022
621120;Taetlicher Angriff auf Vollstreckungsbeamte;4011000;Bremen;insg.;311;237;74;0;0;0;0;0;0;0;0;0;0;0;0;6;3;3;304;233;71;1;1;0;305;234;71;2022
621120;Taetlicher Angriff auf Vollstreckungsbeamte;4012000;Bremerhaven;insg.;36;28;8;0;0;0;0;0;0;0;0;0;0;0;0;0;0;0;34;26;8;2;2;0;36;28;8;2022
621120;Taetlicher Angriff auf Vollstreckungsbeamte;14511000;Chemnitz;insg.;67;60;7;0;0;0;0;0;0;0;0;0;0;0;0;1;0;1;66;60;6;0;0;0;66;60;6;2022
621120;Taetlicher Angriff auf Vollstreckungsbeamte;12052000;Cottbus;insg.;86;77;9;0;0;0;0;0;0;0;0;0;0;0;0;0;0;0;81;73;8;5;4;1;86;77;9;2022
621120;Taetlicher Angriff auf Vollstreckungsbeamte;6411000;Darmstadt;insg.;36;24;12;0;0;0;0;0;0;0;0;0;0;0;0;1;0;1;35;24;11;0;0;0;35;24;11;2022
621120;Taetlicher Angriff auf Vollstreckungsbeamte;5913000;Dortmund;insg.;684;496;188;0;0;0;0;0;0;0;0;0;0;0;0;16;9;7;662;482;180;6;5;1;668;487;181;2022
621120;Taetlicher Angriff auf Vollstreckungsbeamte;14612000;Dresden;insg.;230;195;35;0;0;0;0;0;0;0;0;0;0;0;0;3;3;0;220;185;35;7;7;0;227;192;35;2022
621120;Taetlicher Angriff auf Vollstreckungsbeamte;5112000;Duisburg;insg.;128;99;29;0;0;0;0;0;0;0;0;0;0;0;0;4;4;0;123;95;28;1;0;1;124;95;29;2022
621120;Taetlicher Angriff auf Vollstreckungsbeamte;5111000;Duesseldorf;insg.;523;404;119;0;0;0;0;0;0;0;0;0;0;0;0;8;7;1;510;393;117;5;4;1;515;397;118;2022
621120;Taetlicher Angriff auf Vollstreckungsbeamte;16051000;Erfurt;insg.;185;161;24;0;0;0;0;0;0;0;0;0;0;0;0;9;6;3;176;155;21;0;0;0;176;155;21;2022
621120;Taetlicher Angriff auf Vollstreckungsbeamte;9562000;Erlangen;insg.;74;67;7;0;0;0;0;0;0;0;0;0;0;0;0;3;2;1;70;64;6;1;1;0;71;65;6;2022
621120;Taetlicher Angriff auf Vollstreckungsbeamte;5113000;Essen;insg.;261;197;64;0;0;0;0;0;0;0;0;0;0;0;0;3;3;0;255;191;64;3;3;0;258;194;64;2022
621120;Taetlicher Angriff auf Vollstreckungsbeamte;6412000;Frankfurt am Main;insg.;1016;792;224;0;0;0;0;0;0;0;0;0;1;1;0;13;10;3;1000;779;221;2;2;0;1002;781;221;2022
621120;Taetlicher Angriff auf Vollstreckungsbeamte;8311000;Freiburg im Breisgau;insg.;265;208;57;0;0;0;0;0;0;0;0;0;0;0;0;8;7;1;257;201;56;0;0;0;257;201;56;2022
621120;Taetlicher Angriff auf Vollstreckungsbeamte;9563000;Fuerth;insg.;94;69;25;0;0;0;0;0;0;0;0;0;0;0;0;4;1;3;90;68;22;0;0;0;90;68;22;2022
621120;Taetlicher Angriff auf Vollstreckungsbeamte;5513000;Gelsenkirchen;insg.;208;147;61;0;0;0;0;0;0;0;0;0;1;0;1;4;2;2;202;144;58;1;1;0;203;145;58;2022
621120;Taetlicher Angriff auf Vollstreckungsbeamte;3159016;Goettingen;insg.;133;87;46;0;0;0;0;0;0;0;0;0;0;0;0;2;2;0;131;85;46;0;0;0;131;85;46;2022
621120;Taetlicher Angriff auf Vollstreckungsbeamte;5754008;Guetersloh;insg.;47;33;14;0;0;0;0;0;0;0;0;0;0;0;0;2;0;2;44;32;12;1;1;0;45;33;12;2022
621120;Taetlicher Angriff auf Vollstreckungsbeamte;5914000;Hagen;insg.;135;96;39;0;0;0;0;0;0;0;0;0;0;0;0;6;2;4;129;94;35;0;0;0;129;94;35;2022
621120;Taetlicher Angriff auf Vollstreckungsbeamte;15002000;Halle (Saale);insg.;134;102;32;0;0;0;0;0;0;0;0;0;0;0;0;9;2;7;123;98;25;2;2;0;125;100;25;2022
621120;Taetlicher Angriff auf Vollstreckungsbeamte;2000000;Hamburg;insg.;1236;951;285;0;0;0;0;0;0;0;0;0;0;0;0;19;13;6;1216;937;279;1;1;0;1217;938;279;2022
621120;Taetlicher Angriff auf Vollstreckungsbeamte;5915000;Hamm;insg.;93;73;20;0;0;0;0;0;0;0;0;0;0;0;0;1;1;0;91;71;20;1;1;0;92;72;20;2022
621120;Taetlicher Angriff auf Vollstreckungsbeamte;6435014;Hanau;insg.;64;52;12;0;0;0;0;0;0;0;0;0;0;0;0;3;2;1;61;50;11;0;0;0;61;50;11;2022
621120;Taetlicher Angriff auf Vollstreckungsbeamte;3241001;Hannover;insg.;649;476;173;0;0;0;0;0;0;0;0;0;0;0;0;12;3;9;637;473;164;0;0;0;637;473;164;2022
621120;Taetlicher Angriff auf Vollstreckungsbeamte;8221000;Heidelberg;insg.;195;139;56;0;0;0;0;0;0;0;0;0;0;0;0;2;2;0;192;136;56;1;1;0;193;137;56;2022
621120;Taetlicher Angriff auf Vollstreckungsbeamte;8121000;Heilbronn;insg.;77;62;15;0;0;0;0;0;0;0;0;0;0;0;0;5;5;0;72;57;15;0;0;0;72;57;15;2022
621120;Taetlicher Angriff auf Vollstreckungsbeamte;5916000;Herne;insg.;122;100;22;0;0;0;0;0;0;0;0;0;0;0;0;0;0;0;122;100;22;0;0;0;122;100;22;2022
621120;Taetlicher Angriff auf Vollstreckungsbeamte;3254021;Hildesheim;insg.;60;36;24;0;0;0;0;0;0;0;0;0;0;0;0;0;0;0;60;36;24;0;0;0;60;36;24;2022
621120;Taetlicher Angriff auf Vollstreckungsbeamte;9161000;Ingolstadt;insg.;133;104;29;0;0;0;0;0;0;0;0;0;0;0;0;1;1;0;132;103;29;0;0;0;132;103;29;2022
621120;Taetlicher Angriff auf Vollstreckungsbeamte;16053000;Jena;insg.;33;32;1;0;0;0;0;0;0;0;0;0;0;0;0;4;4;0;28;27;1;1;1;0;29;28;1;2022
621120;Taetlicher Angriff auf Vollstreckungsbeamte;7312000;Kaiserslautern;insg.;120;98;22;0;0;0;0;0;0;0;0;0;0;0;0;0;0;0;120;98;22;0;0;0;120;98;22;2022
621120;Taetlicher Angriff auf Vollstreckungsbeamte;8212000;Karlsruhe;insg.;304;229;75;0;0;0;0;0;0;0;0;0;0;0;0;6;5;1;294;220;74;4;4;0;298;224;74;2022
621120;Taetlicher Angriff auf Vollstreckungsbeamte;6611000;Kassel;insg.;106;89;17;0;0;0;0;0;0;0;0;0;1;1;0;5;5;0;99;82;17;1;1;0;100;83;17;2022
621120;Taetlicher Angriff auf Vollstreckungsbeamte;1002000;Kiel;insg.;298;227;71;0;0;0;0;0;0;0;0;0;0;0;0;4;3;1;293;223;70;1;1;0;294;224;70;2022
621120;Taetlicher Angriff auf Vollstreckungsbeamte;7111000;Koblenz;insg.;90;71;19;0;0;0;0;0;0;0;0;0;0;0;0;4;3;1;85;67;18;1;1;0;86;68;18;2022
621120;Taetlicher Angriff auf Vollstreckungsbeamte;5315000;Koeln;insg.;782;549;233;0;0;0;0;0;0;0;0;0;0;0;0;15;11;4;763;535;228;4;3;1;767;538;229;2022
621120;Taetlicher Angriff auf Vollstreckungsbeamte;5114000;Krefeld;insg.;151;105;46;0;0;0;0;0;0;0;0;0;0;0;0;5;3;2;145;101;44;1;1;0;146;102;44;2022
621120;Taetlicher Angriff auf Vollstreckungsbeamte;14713000;Leipzig;insg.;310;262;48;0;0;0;0;0;0;0;0;0;0;0;0;7;6;1;301;254;47;2;2;0;303;256;47;2022
621120;Taetlicher Angriff auf Vollstreckungsbeamte;5316000;Leverkusen;insg.;64;47;17;0;0;0;0;0;0;0;0;0;0;0;0;2;2;0;62;45;17;0;0;0;62;45;17;2022
621120;Taetlicher Angriff auf Vollstreckungsbeamte;1003000;Luebeck;insg.;309;230;79;0;0;0;0;0;0;0;0;0;0;0;0;13;5;8;295;225;70;1;0;1;296;225;71;2022
621120;Taetlicher Angriff auf Vollstreckungsbeamte;7314000;Ludwigshafen am Rhein;insg.;74;53;21;0;0;0;0;0;0;0;0;0;0;0;0;0;0;0;74;53;21;0;0;0;74;53;21;2022
621120;Taetlicher Angriff auf Vollstreckungsbeamte;15003000;Magdeburg;insg.;177;147;30;0;0;0;0;0;0;0;0;0;0;0;0;14;11;3;156;129;27;7;7;0;163;136;27;2022
621120;Taetlicher Angriff auf Vollstreckungsbeamte;7315000;Mainz;insg.;99;80;19;0;0;0;0;0;0;0;0;0;0;0;0;8;7;1;91;73;18;0;0;0;91;73;18;2022
621120;Taetlicher Angriff auf Vollstreckungsbeamte;8222000;Mannheim;insg.;271;224;47;0;0;0;0;0;0;0;0;0;0;0;0;5;4;1;262;216;46;4;4;0;266;220;46;2022
621120;Taetlicher Angriff auf Vollstreckungsbeamte;5170024;Moers;insg.;29;19;10;0;0;0;0;0;0;0;0;0;0;0;0;0;0;0;29;19;10;0;0;0;29;19;10;2022
621120;Taetlicher Angriff auf Vollstreckungsbeamte;5116000;Moenchengladbach;insg.;165;115;50;0;0;0;0;0;0;0;0;0;1;1;0;1;0;1;161;112;49;2;2;0;163;114;49;2022
621120;Taetlicher Angriff auf Vollstreckungsbeamte;5117000;Muelheim an der Ruhr;insg.;14;10;4;0;0;0;0;0;0;0;0;0;0;0;0;0;0;0;14;10;4;0;0;0;14;10;4;2022
621120;Taetlicher Angriff auf Vollstreckungsbeamte;9162000;Muenchen;insg.;1423;1120;303;0;0;0;0;0;0;0;0;0;0;0;0;15;8;7;1404;1110;294;4;2;2;1408;1112;296;2022
621120;Taetlicher Angriff auf Vollstreckungsbeamte;5515000;Muenster;insg.;134;102;32;0;0;0;0;0;0;0;0;0;1;0;1;3;2;1;128;98;30;2;2;0;130;100;30;2022
621120;Taetlicher Angriff auf Vollstreckungsbeamte;5162024;Neuss;insg.;21;14;7;0;0;0;0;0;0;0;0;0;0;0;0;0;0;0;21;14;7;0;0;0;21;14;7;2022
621120;Taetlicher Angriff auf Vollstreckungsbeamte;9564000;Nuernberg;insg.;497;392;105;0;0;0;0;0;0;0;0;0;0;0;0;11;8;3;486;384;102;0;0;0;486;384;102;2022
621120;Taetlicher Angriff auf Vollstreckungsbeamte;5119000;Oberhausen;insg.;64;49;15;0;0;0;0;0;0;0;0;0;0;0;0;1;1;0;63;48;15;0;0;0;63;48;15;2022
621120;Taetlicher Angriff auf Vollstreckungsbeamte;6413000;Offenbach am Main;insg.;108;85;23;0;0;0;0;0;0;0;0;0;0;0;0;1;0;1;107;85;22;0;0;0;107;85;22;2022
621120;Taetlicher Angriff auf Vollstreckungsbeamte;3403000;Oldenburg (Oldenburg);insg.;82;65;17;0;0;0;0;0;0;0;0;0;0;0;0;0;0;0;80;63;17;2;2;0;82;65;17;2022
621120;Taetlicher Angriff auf Vollstreckungsbeamte;3404000;Osnabrueck;insg.;199;154;45;0;0;0;0;0;0;0;0;0;0;0;0;1;1;0;198;153;45;0;0;0;198;153;45;2022
621120;Taetlicher Angriff auf Vollstreckungsbeamte;5774032;Paderborn;insg.;53;43;10;0;0;0;0;0;0;0;0;0;0;0;0;2;2;0;50;40;10;1;1;0;51;41;10;2022
621120;Taetlicher Angriff auf Vollstreckungsbeamte;8231000;Pforzheim;insg.;96;71;25;0;0;0;0;0;0;0;0;0;0;0;0;1;0;1;93;69;24;2;2;0;95;71;24;2022
621120;Taetlicher Angriff auf Vollstreckungsbeamte;12054000;Potsdam;insg.;93;68;25;0;0;0;0;0;0;0;0;0;0;0;0;1;1;0;92;67;25;0;0;0;92;67;25;2022
621120;Taetlicher Angriff auf Vollstreckungsbeamte;5562032;Recklinghausen;insg.;64;49;15;0;0;0;0;0;0;0;0;0;0;0;0;0;0;0;62;47;15;2;2;0;64;49;15;2022
621120;Taetlicher Angriff auf Vollstreckungsbeamte;9362000;Regensburg;insg.;160;126;34;0;0;0;0;0;0;0;0;0;1;1;0;3;3;0;156;122;34;0;0;0;156;122;34;2022
621120;Taetlicher Angriff auf Vollstreckungsbeamte;5120000;Remscheid;insg.;91;58;33;0;0;0;1;0;1;1;0;1;1;0;1;1;0;1;88;58;30;0;0;0;88;58;30;2022
621120;Taetlicher Angriff auf Vollstreckungsbeamte;8415061;Reutlingen;insg.;88;60;28;0;0;0;0;0;0;0;0;0;0;0;0;4;2;2;84;58;26;0;0;0;84;58;26;2022
621120;Taetlicher Angriff auf Vollstreckungsbeamte;13003000;Rostock, Hanse- und Universit tsstadt;insg.;185;165;20;0;0;0;0;0;0;0;0;0;0;0;0;7;6;1;176;157;19;2;2;0;178;159;19;2022
621120;Taetlicher Angriff auf Vollstreckungsbeamte;10041100;Saarbruecken;insg.;242;201;41;0;0;0;0;0;0;0;0;0;0;0;0;5;5;0;234;193;41;3;3;0;237;196;41;2022
621120;Taetlicher Angriff auf Vollstreckungsbeamte;3102000;Salzgitter;insg.;22;18;4;0;0;0;0;0;0;0;0;0;0;0;0;0;0;0;22;18;4;0;0;0;22;18;4;2022
621120;Taetlicher Angriff auf Vollstreckungsbeamte;13004000;Schwerin;insg.;122;101;21;0;0;0;0;0;0;0;0;0;0;0;0;6;5;1;116;96;20;0;0;0;116;96;20;2022
621120;Taetlicher Angriff auf Vollstreckungsbeamte;5970040;Siegen;insg.;146;113;33;0;0;0;0;0;0;0;0;0;0;0;0;0;0;0;144;112;32;2;1;1;146;113;33;2022
621120;Taetlicher Angriff auf Vollstreckungsbeamte;5122000;Solingen;insg.;101;78;23;0;0;0;0;0;0;0;0;0;0;0;0;1;1;0;99;76;23;1;1;0;100;77;23;2022
621120;Taetlicher Angriff auf Vollstreckungsbeamte;8111000;Stuttgart;insg.;829;611;218;0;0;0;0;0;0;0;0;0;0;0;0;25;15;10;799;591;208;5;5;0;804;596;208;2022
621120;Taetlicher Angriff auf Vollstreckungsbeamte;7211000;Trier;insg.;103;76;27;0;0;0;0;0;0;0;0;0;0;0;0;2;1;1;101;75;26;0;0;0;101;75;26;2022
621120;Taetlicher Angriff auf Vollstreckungsbeamte;8421000;Ulm;insg.;141;99;42;0;0;0;0;0;0;0;0;0;0;0;0;6;3;3;135;96;39;0;0;0;135;96;39;2022
621120;Taetlicher Angriff auf Vollstreckungsbeamte;6414000;Wiesbaden;insg.;100;75;25;0;0;0;0;0;0;0;0;0;0;0;0;1;0;1;99;75;24;0;0;0;99;75;24;2022
621120;Taetlicher Angriff auf Vollstreckungsbeamte;3103000;Wolfsburg;insg.;58;44;14;0;0;0;0;0;0;0;0;0;0;0;0;0;0;0;57;44;13;1;0;1;58;44;14;2022
621120;Taetlicher Angriff auf Vollstreckungsbeamte;5124000;Wuppertal;insg.;386;277;109;0;0;0;0;0;0;0;0;0;0;0;0;1;1;0;380;271;109;5;5;0;385;276;109;2022
621120;Taetlicher Angriff auf Vollstreckungsbeamte;9663000;Wuerzburg;insg.;109;89;20;0;0;0;0;0;0;0;0;0;0;0;0;3;3;0;106;86;20;0;0;0;106;86;20;2022
892000;Gewaltkriminalitaet;5334002;Aachen;insg.;1285;864;421;14;10;4;46;28;18;60;38;22;104;68;36;149;100;49;878;609;269;94;49;45;972;658;314;2022
892000;Gewaltkriminalitaet;9761000;Augsburg;insg.;1050;725;325;11;11;0;69;54;15;80;65;15;105;69;36;111;66;45;701;497;204;53;28;25;754;525;229;2022
892000;Gewaltkriminalitaet;5378004;Bergisch Gladbach;insg.;327;223;104;0;0;0;26;18;8;26;18;8;65;47;18;30;20;10;173;119;54;33;19;14;206;138;68;2022
892000;Gewaltkriminalitaet;11000000;Berlin;insg.;21490;15596;5894;103;57;46;1439;994;445;1542;1051;491;2797;2095;702;1911;1415;496;14160;10447;3713;1080;588;492;15240;11035;4205;2022
892000;Gewaltkriminalitaet;5711000;Bielefeld;insg.;1248;829;419;4;2;2;87;49;38;91;51;40;116;61;55;130;85;45;845;591;254;66;41;25;911;632;279;2022
892000;Gewaltkriminalitaet;5911000;Bochum;insg.;1407;957;450;3;3;0;126;71;55;129;74;55;184;125;59;146;105;41;869;610;259;79;43;36;948;653;295;2022
892000;Gewaltkriminalitaet;5314000;Bonn;insg.;1589;1146;443;4;3;1;90;66;24;94;69;25;179;141;38;162;120;42;1063;760;303;91;56;35;1154;816;338;2022
892000;Gewaltkriminalitaet;5512000;Bottrop;insg.;414;274;140;0;0;0;54;35;19;54;35;19;68;47;21;31;20;11;231;155;76;30;17;13;261;172;89;2022
892000;Gewaltkriminalitaet;3101000;Braunschweig;insg.;930;647;283;2;2;0;35;21;14;37;23;14;117;73;44;112;80;32;627;450;177;37;21;16;664;471;193;2022
892000;Gewaltkriminalitaet;4011000;Bremen;insg.;2894;2000;894;12;4;8;99;68;31;111;72;39;322;232;90;313;215;98;1936;1360;576;212;121;91;2148;1481;667;2022
892000;Gewaltkriminalitaet;4012000;Bremerhaven;insg.;778;524;254;2;0;2;32;17;15;34;17;17;70;38;32;64;45;19;566;391;175;44;33;11;610;424;186;2022
892000;Gewaltkriminalitaet;14511000;Chemnitz;insg.;813;554;259;3;2;1;30;19;11;33;21;12;97;57;40;92;62;30;549;390;159;42;24;18;591;414;177;2022
892000;Gewaltkriminalitaet;12052000;Cottbus;insg.;379;257;122;0;0;0;20;16;4;20;16;4;35;21;14;49;35;14;259;179;80;16;6;10;275;185;90;2022
892000;Gewaltkriminalitaet;6411000;Darmstadt;insg.;628;434;194;0;0;0;19;14;5;19;14;5;76;46;30;87;61;26;414;296;118;32;17;15;446;313;133;2022
892000;Gewaltkriminalitaet;5913000;Dortmund;insg.;3610;2614;996;18;9;9;149;101;48;167;110;57;364;246;118;361;260;101;2564;1890;674;154;108;46;2718;1998;720;2022
892000;Gewaltkriminalitaet;14612000;Dresden;insg.;2113;1672;441;12;9;3;89;67;22;101;76;25;260;206;54;206;160;46;1392;1109;283;154;121;33;1546;1230;316;2022
892000;Gewaltkriminalitaet;5112000;Duisburg;insg.;2465;1622;843;16;8;8;201;147;54;217;155;62;305;192;113;203;131;72;1596;1070;526;144;74;70;1740;1144;596;2022
892000;Gewaltkriminalitaet;5111000;Duesseldorf;insg.;3385;2343;1042;12;7;5;113;70;43;125;77;48;309;212;97;405;269;136;2317;1643;674;229;142;87;2546;1785;761;2022
892000;Gewaltkriminalitaet;16051000;Erfurt;insg.;604;450;154;3;1;2;43;26;17;46;27;19;60;39;21;75;56;19;399;312;87;24;16;8;423;328;95;2022
892000;Gewaltkriminalitaet;9562000;Erlangen;insg.;254;180;74;3;2;1;15;15;0;18;17;1;17;13;4;33;23;10;176;126;50;10;1;9;186;127;59;2022
892000;Gewaltkriminalitaet;5113000;Essen;insg.;2674;1835;839;13;10;3;147;89;58;160;99;61;364;247;117;236;142;94;1754;1250;504;160;97;63;1914;1347;567;2022
892000;Gewaltkriminalitaet;6412000;Frankfurt am Main;insg.;5206;3931;1275;18;9;9;177;104;73;195;113;82;410;276;134;478;353;125;3848;3000;848;275;189;86;4123;3189;934;2022
892000;Gewaltkriminalitaet;8311000;Freiburg im Breisgau;insg.;891;683;208;6;5;1;30;20;10;36;25;11;91;57;34;128;103;25;607;480;127;29;18;11;636;498;138;2022
892000;Gewaltkriminalitaet;9563000;Fuerth;insg.;239;159;80;1;0;1;15;10;5;16;10;6;37;26;11;20;15;5;149;99;50;17;9;8;166;108;58;2022
892000;Gewaltkriminalitaet;5513000;Gelsenkirchen;insg.;1383;919;464;1;0;1;126;92;34;127;92;35;222;155;67;118;76;42;842;547;295;74;49;25;916;596;320;2022
892000;Gewaltkriminalitaet;3159016;Goettingen;insg.;578;396;182;1;1;0;16;13;3;17;14;3;44;29;15;56;37;19;444;305;139;17;11;6;461;316;145;2022
892000;Gewaltkriminalitaet;5754008;Guetersloh;insg.;341;230;111;2;2;0;16;14;2;18;16;2;45;32;13;33;21;12;215;146;69;30;15;15;245;161;84;2022
892000;Gewaltkriminalitaet;5914000;Hagen;insg.;923;648;275;5;4;1;71;43;28;76;47;29;107;77;30;122;91;31;569;403;166;49;30;19;618;433;185;2022
892000;Gewaltkriminalitaet;15002000;Halle (Saale);insg.;1511;1158;353;6;5;1;123;93;30;129;98;31;228;184;44;180;143;37;908;697;211;66;36;30;974;733;241;2022
892000;Gewaltkriminalitaet;2000000;Hamburg;insg.;8536;6366;2170;29;16;13;557;370;187;586;386;200;868;621;247;703;538;165;5964;4547;1417;415;274;141;6379;4821;1558;2022
892000;Gewaltkriminalitaet;5915000;Hamm;insg.;777;552;225;3;2;1;36;27;9;39;29;10;105;72;33;78;59;19;525;375;150;30;17;13;555;392;163;2022
892000;Gewaltkriminalitaet;6435014;Hanau;insg.;245;167;78;3;1;2;9;6;3;12;7;5;25;17;8;29;19;10;167;117;50;12;7;5;179;124;55;2022
892000;Gewaltkriminalitaet;3241001;Hannover;insg.;3653;2746;907;12;4;8;197;130;67;209;134;75;394;271;123;350;242;108;2571;2016;555;129;83;46;2700;2099;601;2022
892000;Gewaltkriminalitaet;8221000;Heidelberg;insg.;571;444;127;7;7;0;17;7;10;24;14;10;51;38;13;60;48;12;405;325;80;31;19;12;436;344;92;2022
892000;Gewaltkriminalitaet;8121000;Heilbronn;insg.;369;278;91;4;4;0;8;7;1;12;11;1;31;22;9;43;34;9;263;197;66;20;14;6;283;211;72;2022
892000;Gewaltkriminalitaet;5916000;Herne;insg.;577;387;190;5;5;0;36;23;13;41;28;13;92;68;24;61;46;15;355;232;123;28;13;15;383;245;138;2022
892000;Gewaltkriminalitaet;3254021;Hildesheim;insg.;425;280;145;0;0;0;26;19;7;26;19;7;54;41;13;47;28;19;264;170;94;34;22;12;298;192;106;2022
892000;Gewaltkriminalitaet;9161000;Ingolstadt;insg.;451;302;149;4;3;1;33;18;15;37;21;16;60;42;18;42;28;14;300;203;97;12;8;4;312;211;101;2022
892000;Gewaltkriminalitaet;16053000;Jena;insg.;208;155;53;2;2;0;9;8;1;11;10;1;25;21;4;24;17;7;143;103;40;5;4;1;148;107;41;2022
892000;Gewaltkriminalitaet;7312000;Kaiserslautern;insg.;606;446;160;3;1;2;16;10;6;19;11;8;61;46;15;94;77;17;391;288;103;41;24;17;432;312;120;2022
892000;Gewaltkriminalitaet;8212000;Karlsruhe;insg.;1005;692;313;7;6;1;45;26;19;52;32;20;108;69;39;105;74;31;706;494;212;34;23;11;740;517;223;2022
892000;Gewaltkriminalitaet;6611000;Kassel;insg.;1301;919;382;8;6;2;57;24;33;65;30;35;117;78;39;139;95;44;914;669;245;66;47;19;980;716;264;2022
892000;Gewaltkriminalitaet;1002000;Kiel;insg.;993;700;293;1;1;0;50;30;20;51;31;20;90;63;27;117;79;38;683;494;189;52;33;19;735;527;208;2022
892000;Gewaltkriminalitaet;7111000;Koblenz;insg.;572;424;148;3;3;0;17;6;11;20;9;11;73;54;19;54;37;17;396;304;92;29;20;9;425;324;101;2022
892000;Gewaltkriminalitaet;5315000;Koeln;insg.;7035;5023;2012;25;14;11;311;212;99;336;226;110;703;472;231;697;491;206;4918;3581;1337;381;253;128;5299;3834;1465;2022
892000;Gewaltkriminalitaet;5114000;Krefeld;insg.;1012;684;328;5;4;1;79;57;22;84;61;23;125;84;41;96;60;36;625;430;195;82;49;33;707;479;228;2022
892000;Gewaltkriminalitaet;14713000;Leipzig;insg.;2513;1844;669;12;5;7;98;67;31;110;72;38;296;220;76;241;186;55;1766;1305;461;100;61;39;1866;1366;500;2022
892000;Gewaltkriminalitaet;5316000;Leverkusen;insg.;664;439;225;5;4;1;48;35;13;53;39;14;120;74;46;59;42;17;402;263;139;30;21;9;432;284;148;2022
892000;Gewaltkriminalitaet;1003000;Luebeck;insg.;977;698;279;3;2;1;21;15;6;24;17;7;106;67;39;94;68;26;697;513;184;56;33;23;753;546;207;2022
892000;Gewaltkriminalitaet;7314000;Ludwigshafen am Rhein;insg.;994;684;310;5;3;2;117;82;35;122;85;37;166;120;46;88;67;21;572;388;184;46;24;22;618;412;206;2022
892000;Gewaltkriminalitaet;15003000;Magdeburg;insg.;1183;861;322;2;1;1;67;44;23;69;45;24;139;102;37;134;98;36;758;565;193;83;51;32;841;616;225;2022
892000;Gewaltkriminalitaet;7315000;Mainz;insg.;815;556;259;6;3;3;43;27;16;49;30;19;91;67;24;77;57;20;560;381;179;38;21;17;598;402;196;2022
892000;Gewaltkriminalitaet;8222000;Mannheim;insg.;1148;774;374;5;4;1;51;35;16;56;39;17;89;59;30;92;58;34;851;575;276;60;43;17;911;618;293;2022
892000;Gewaltkriminalitaet;5170024;Moers;insg.;325;218;107;4;4;0;18;11;7;22;15;7;60;43;17;43;23;20;186;125;61;14;12;2;200;137;63;2022
892000;Gewaltkriminalitaet;5116000;Moenchengladbach;insg.;1331;976;355;4;1;3;95;76;19;99;77;22;152;121;31;132;102;30;878;634;244;70;42;28;948;676;272;2022
892000;Gewaltkriminalitaet;5117000;Muelheim an der Ruhr;insg.;593;361;232;3;2;1;48;30;18;51;32;19;91;61;30;56;35;21;357;211;146;38;22;16;395;233;162;2022
892000;Gewaltkriminalitaet;9162000;Muenchen;insg.;4862;3484;1378;39;36;3;243;172;71;282;208;74;454;323;131;473;347;126;3424;2459;965;229;147;82;3653;2606;1047;2022
892000;Gewaltkriminalitaet;5515000;Muenster;insg.;1332;971;361;5;3;2;56;35;21;61;38;23;132;100;32;144;111;33;926;677;249;69;45;24;995;722;273;2022
892000;Gewaltkriminalitaet;5162024;Neuss;insg.;484;333;151;3;1;2;33;20;13;36;21;15;36;22;14;55;38;17;328;233;95;29;19;10;357;252;105;2022
892000;Gewaltkriminalitaet;9564000;Nuernberg;insg.;1869;1296;573;17;6;11;110;71;39;127;77;50;175;121;54;219;154;65;1265;896;369;83;48;35;1348;944;404;2022
892000;Gewaltkriminalitaet;5119000;Oberhausen;insg.;772;515;257;1;0;1;88;67;21;89;67;22;113;82;31;70;50;20;438;274;164;62;42;20;500;316;184;2022
892000;Gewaltkriminalitaet;6413000;Offenbach am Main;insg.;432;281;151;2;1;1;21;12;9;23;13;10;58;29;29;39;24;15;277;191;86;35;24;11;312;215;97;2022
892000;Gewaltkriminalitaet;3403000;Oldenburg (Oldenburg);insg.;552;392;160;2;1;1;27;23;4;29;24;5;86;66;20;76;52;24;338;232;106;23;18;5;361;250;111;2022
892000;Gewaltkriminalitaet;3404000;Osnabrueck;insg.;1088;765;323;5;4;1;26;15;11;31;19;12;95;63;32;106;65;41;802;596;206;54;22;32;856;618;238;2022
892000;Gewaltkriminalitaet;5774032;Paderborn;insg.;675;483;192;3;2;1;29;16;13;32;18;14;69;46;23;94;60;34;446;333;113;34;26;8;480;359;121;2022
892000;Gewaltkriminalitaet;8231000;Pforzheim;insg.;562;386;176;5;2;3;39;28;11;44;30;14;82;57;25;78;54;24;334;227;107;24;18;6;358;245;113;2022
892000;Gewaltkriminalitaet;12054000;Potsdam;insg.;449;310;139;1;1;0;27;21;6;28;22;6;69;47;22;42;34;8;282;193;89;28;14;14;310;207;103;2022
892000;Gewaltkriminalitaet;5562032;Recklinghausen;insg.;512;351;161;2;2;0;36;25;11;38;27;11;72;53;19;39;27;12;335;227;108;28;17;11;363;244;119;2022
892000;Gewaltkriminalitaet;9362000;Regensburg;insg.;513;376;137;7;3;4;9;7;2;16;10;6;47;34;13;64;50;14;369;269;100;17;13;4;386;282;104;2022
892000;Gewaltkriminalitaet;5120000;Remscheid;insg.;439;299;140;3;0;3;32;23;9;35;23;12;60;42;18;42;30;12;281;191;90;21;13;8;302;204;98;2022
892000;Gewaltkriminalitaet;8415061;Reutlingen;insg.;433;307;126;4;3;1;21;15;6;25;18;7;59;39;20;47;36;11;280;198;82;22;16;6;302;214;88;2022
892000;Gewaltkriminalitaet;13003000;Rostock, Hanse- und Universit tsstadt;insg.;815;583;232;7;4;3;70;47;23;77;51;26;98;71;27;95;75;20;496;359;137;49;27;22;545;386;159;2022
892000;Gewaltkriminalitaet;10041100;Saarbruecken;insg.;1121;794;327;4;1;3;46;26;20;50;27;23;109;76;33;118;87;31;774;558;216;70;46;24;844;604;240;2022
892000;Gewaltkriminalitaet;3102000;Salzgitter;insg.;381;253;128;3;2;1;50;41;9;53;43;10;50;31;19;37;28;9;226;143;83;15;8;7;241;151;90;2022
892000;Gewaltkriminalitaet;13004000;Schwerin;insg.;558;435;123;6;5;1;44;30;14;50;35;15;63;48;15;55;48;7;367;288;79;23;16;7;390;304;86;2022
892000;Gewaltkriminalitaet;5970040;Siegen;insg.;492;336;156;4;2;2;20;12;8;24;14;10;71;49;22;43;30;13;331;227;104;23;16;7;354;243;111;2022
892000;Gewaltkriminalitaet;5122000;Solingen;insg.;547;365;182;2;1;1;38;30;8;40;31;9;88;64;24;56;41;15;329;214;115;34;15;19;363;229;134;2022
892000;Gewaltkriminalitaet;8111000;Stuttgart;insg.;2886;2153;733;14;9;5;72;55;17;86;64;22;251;168;83;306;226;80;2105;1604;501;138;91;47;2243;1695;548;2022
892000;Gewaltkriminalitaet;7211000;Trier;insg.;396;275;121;2;0;2;16;12;4;18;12;6;43;29;14;53;32;21;264;190;74;18;12;6;282;202;80;2022
892000;Gewaltkriminalitaet;8421000;Ulm;insg.;480;333;147;2;2;0;21;11;10;23;13;10;46;23;23;60;40;20;335;250;85;16;7;9;351;257;94;2022
892000;Gewaltkriminalitaet;6414000;Wiesbaden;insg.;1120;773;347;5;4;1;70;45;25;75;49;26;147;93;54;122;87;35;711;504;207;65;40;25;776;544;232;2022
892000;Gewaltkriminalitaet;3103000;Wolfsburg;insg.;366;261;105;1;1;0;10;5;5;11;6;5;27;21;6;24;14;10;286;209;77;18;11;7;304;220;84;2022
892000;Gewaltkriminalitaet;5124000;Wuppertal;insg.;1800;1201;599;12;8;4;143;95;48;155;103;52;247;170;77;180;109;71;1122;753;369;96;66;30;1218;819;399;2022
892000;Gewaltkriminalitaet;9663000;Wuerzburg;insg.;416;302;114;4;4;0;9;6;3;13;10;3;44;30;14;61;41;20;283;211;72;15;10;5;298;221;77;2022
892500;Mord, Totschlag und Toetung auf Verlangen;5334002;Aachen;insg.;14;8;6;1;0;1;0;0;0;1;0;1;0;0;0;2;2;0;11;6;5;0;0;0;11;6;5;2022
892500;Mord, Totschlag und Toetung auf Verlangen;9761000;Augsburg;insg.;16;10;6;0;0;0;0;0;0;0;0;0;2;1;1;0;0;0;12;8;4;2;1;1;14;9;5;2022
892500;Mord, Totschlag und Toetung auf Verlangen;5378004;Bergisch Gladbach;insg.;1;1;0;0;0;0;0;0;0;0;0;0;0;0;0;0;0;0;1;1;0;0;0;0;1;1;0;2022
892500;Mord, Totschlag und Toetung auf Verlangen;11000000;Berlin;insg.;140;104;36;2;0;2;0;0;0;2;0;2;6;2;4;5;3;2;118;95;23;9;4;5;127;99;28;2022
892500;Mord, Totschlag und Toetung auf Verlangen;5711000;Bielefeld;insg.;9;6;3;0;0;0;0;0;0;0;0;0;0;0;0;0;0;0;6;4;2;3;2;1;9;6;3;2022
892500;Mord, Totschlag und Toetung auf Verlangen;5911000;Bochum;insg.;3;1;2;0;0;0;0;0;0;0;0;0;0;0;0;1;0;1;2;1;1;0;0;0;2;1;1;2022
892500;Mord, Totschlag und Toetung auf Verlangen;5314000;Bonn;insg.;9;9;0;0;0;0;0;0;0;0;0;0;1;1;0;2;2;0;5;5;0;1;1;0;6;6;0;2022
892500;Mord, Totschlag und Toetung auf Verlangen;5512000;Bottrop;insg.;3;2;1;0;0;0;1;0;1;1;0;1;0;0;0;0;0;0;2;2;0;0;0;0;2;2;0;2022
892500;Mord, Totschlag und Toetung auf Verlangen;3101000;Braunschweig;insg.;25;18;7;0;0;0;0;0;0;0;0;0;0;0;0;2;2;0;21;15;6;2;1;1;23;16;7;2022
892500;Mord, Totschlag und Toetung auf Verlangen;4011000;Bremen;insg.;41;29;12;3;1;2;0;0;0;3;1;2;2;1;1;1;1;0;21;18;3;14;8;6;35;26;9;2022
892500;Mord, Totschlag und Toetung auf Verlangen;4012000;Bremerhaven;insg.;4;4;0;0;0;0;0;0;0;0;0;0;0;0;0;0;0;0;4;4;0;0;0;0;4;4;0;2022
892500;Mord, Totschlag und Toetung auf Verlangen;14511000;Chemnitz;insg.;3;2;1;0;0;0;0;0;0;0;0;0;0;0;0;0;0;0;2;1;1;1;1;0;3;2;1;2022
892500;Mord, Totschlag und Toetung auf Verlangen;12052000;Cottbus;insg.;2;1;1;0;0;0;0;0;0;0;0;0;0;0;0;0;0;0;2;1;1;0;0;0;2;1;1;2022
892500;Mord, Totschlag und Toetung auf Verlangen;6411000;Darmstadt;insg.;1;0;1;0;0;0;0;0;0;0;0;0;0;0;0;0;0;0;1;0;1;0;0;0;1;0;1;2022
892500;Mord, Totschlag und Toetung auf Verlangen;5913000;Dortmund;insg.;23;20;3;0;0;0;0;0;0;0;0;0;0;0;0;1;1;0;19;17;2;3;2;1;22;19;3;2022
892500;Mord, Totschlag und Toetung auf Verlangen;14612000;Dresden;insg.;31;23;8;2;2;0;0;0;0;2;2;0;0;0;0;2;2;0;23;19;4;4;0;4;27;19;8;2022
892500;Mord, Totschlag und Toetung auf Verlangen;5112000;Duisburg;insg.;16;10;6;0;0;0;0;0;0;0;0;0;0;0;0;0;0;0;16;10;6;0;0;0;16;10;6;2022
892500;Mord, Totschlag und Toetung auf Verlangen;5111000;Duesseldorf;insg.;32;27;5;0;0;0;0;0;0;0;0;0;2;2;0;6;6;0;22;19;3;2;0;2;24;19;5;2022
892500;Mord, Totschlag und Toetung auf Verlangen;16051000;Erfurt;insg.;4;4;0;0;0;0;0;0;0;0;0;0;0;0;0;0;0;0;3;3;0;1;1;0;4;4;0;2022
892500;Mord, Totschlag und Toetung auf Verlangen;9562000;Erlangen;insg.;1;1;0;1;1;0;0;0;0;1;1;0;0;0;0;0;0;0;0;0;0;0;0;0;0;0;0;2022
892500;Mord, Totschlag und Toetung auf Verlangen;5113000;Essen;insg.;34;26;8;0;0;0;0;0;0;0;0;0;1;1;0;1;1;0;23;19;4;9;5;4;32;24;8;2022
892500;Mord, Totschlag und Toetung auf Verlangen;6412000;Frankfurt am Main;insg.;88;69;19;2;1;1;0;0;0;2;1;1;1;1;0;6;5;1;76;61;15;3;1;2;79;62;17;2022
892500;Mord, Totschlag und Toetung auf Verlangen;8311000;Freiburg im Breisgau;insg.;2;2;0;0;0;0;0;0;0;0;0;0;0;0;0;0;0;0;1;1;0;1;1;0;2;2;0;2022
892500;Mord, Totschlag und Toetung auf Verlangen;9563000;Fuerth;insg.;12;11;1;0;0;0;0;0;0;0;0;0;1;1;0;1;1;0;10;9;1;0;0;0;10;9;1;2022
892500;Mord, Totschlag und Toetung auf Verlangen;5513000;Gelsenkirchen;insg.;16;14;2;0;0;0;0;0;0;0;0;0;0;0;0;1;1;0;13;11;2;2;2;0;15;13;2;2022
892500;Mord, Totschlag und Toetung auf Verlangen;3159016;Goettingen;insg.;3;3;0;0;0;0;0;0;0;0;0;0;0;0;0;0;0;0;3;3;0;0;0;0;3;3;0;2022
892500;Mord, Totschlag und Toetung auf Verlangen;5754008;Guetersloh;insg.;1;0;1;0;0;0;0;0;0;0;0;0;0;0;0;0;0;0;0;0;0;1;0;1;1;0;1;2022
892500;Mord, Totschlag und Toetung auf Verlangen;5914000;Hagen;insg.;7;5;2;1;0;1;0;0;0;1;0;1;0;0;0;2;2;0;4;3;1;0;0;0;4;3;1;2022
892500;Mord, Totschlag und Toetung auf Verlangen;15002000;Halle (Saale);insg.;9;5;4;0;0;0;0;0;0;0;0;0;3;2;1;0;0;0;6;3;3;0;0;0;6;3;3;2022
892500;Mord, Totschlag und Toetung auf Verlangen;2000000;Hamburg;insg.;35;23;12;0;0;0;2;2;0;2;2;0;0;0;0;2;1;1;24;15;9;7;5;2;31;20;11;2022
892500;Mord, Totschlag und Toetung auf Verlangen;5915000;Hamm;insg.;6;4;2;0;0;0;0;0;0;0;0;0;1;0;1;0;0;0;4;4;0;1;0;1;5;4;1;2022
892500;Mord, Totschlag und Toetung auf Verlangen;6435014;Hanau;insg.;3;2;1;0;0;0;0;0;0;0;0;0;0;0;0;0;0;0;2;1;1;1;1;0;3;2;1;2022
892500;Mord, Totschlag und Toetung auf Verlangen;3241001;Hannover;insg.;26;21;5;0;0;0;0;0;0;0;0;0;0;0;0;2;2;0;22;18;4;2;1;1;24;19;5;2022
892500;Mord, Totschlag und Toetung auf Verlangen;8221000;Heidelberg;insg.;14;9;5;0;0;0;0;0;0;0;0;0;1;1;0;2;1;1;8;5;3;3;2;1;11;7;4;2022
892500;Mord, Totschlag und Toetung auf Verlangen;8121000;Heilbronn;insg.;3;1;2;0;0;0;0;0;0;0;0;0;0;0;0;0;0;0;2;1;1;1;0;1;3;1;2;2022
892500;Mord, Totschlag und Toetung auf Verlangen;5916000;Herne;insg.;4;4;0;2;2;0;0;0;0;2;2;0;0;0;0;0;0;0;2;2;0;0;0;0;2;2;0;2022
892500;Mord, Totschlag und Toetung auf Verlangen;3254021;Hildesheim;insg.;16;8;8;0;0;0;0;0;0;0;0;0;0;0;0;1;0;1;11;8;3;4;0;4;15;8;7;2022
892500;Mord, Totschlag und Toetung auf Verlangen;9161000;Ingolstadt;insg.;5;3;2;1;0;1;0;0;0;1;0;1;0;0;0;0;0;0;4;3;1;0;0;0;4;3;1;2022
892500;Mord, Totschlag und Toetung auf Verlangen;16053000;Jena;insg.;2;2;0;0;0;0;0;0;0;0;0;0;0;0;0;0;0;0;2;2;0;0;0;0;2;2;0;2022
892500;Mord, Totschlag und Toetung auf Verlangen;7312000;Kaiserslautern;insg.;6;5;1;0;0;0;0;0;0;0;0;0;1;1;0;0;0;0;3;3;0;2;1;1;5;4;1;2022
892500;Mord, Totschlag und Toetung auf Verlangen;8212000;Karlsruhe;insg.;6;4;2;0;0;0;0;0;0;0;0;0;0;0;0;0;0;0;6;4;2;0;0;0;6;4;2;2022
892500;Mord, Totschlag und Toetung auf Verlangen;6611000;Kassel;insg.;8;8;0;0;0;0;0;0;0;0;0;0;0;0;0;1;1;0;6;6;0;1;1;0;7;7;0;2022
892500;Mord, Totschlag und Toetung auf Verlangen;1002000;Kiel;insg.;8;4;4;0;0;0;0;0;0;0;0;0;0;0;0;0;0;0;8;4;4;0;0;0;8;4;4;2022
892500;Mord, Totschlag und Toetung auf Verlangen;7111000;Koblenz;insg.;4;4;0;2;2;0;1;1;0;3;3;0;0;0;0;0;0;0;1;1;0;0;0;0;1;1;0;2022
892500;Mord, Totschlag und Toetung auf Verlangen;5315000;Koeln;insg.;22;17;5;1;1;0;0;0;0;1;1;0;2;2;0;0;0;0;15;11;4;4;3;1;19;14;5;2022
892500;Mord, Totschlag und Toetung auf Verlangen;5114000;Krefeld;insg.;6;4;2;0;0;0;0;0;0;0;0;0;0;0;0;0;0;0;3;3;0;3;1;2;6;4;2;2022
892500;Mord, Totschlag und Toetung auf Verlangen;14713000;Leipzig;insg.;26;20;6;1;0;1;0;0;0;1;0;1;2;2;0;1;1;0;21;16;5;1;1;0;22;17;5;2022
892500;Mord, Totschlag und Toetung auf Verlangen;5316000;Leverkusen;insg.;1;0;1;0;0;0;0;0;0;0;0;0;0;0;0;0;0;0;1;0;1;0;0;0;1;0;1;2022
892500;Mord, Totschlag und Toetung auf Verlangen;1003000;Luebeck;insg.;1;0;1;0;0;0;0;0;0;0;0;0;0;0;0;0;0;0;1;0;1;0;0;0;1;0;1;2022
892500;Mord, Totschlag und Toetung auf Verlangen;7314000;Ludwigshafen am Rhein;insg.;6;4;2;0;0;0;0;0;0;0;0;0;0;0;0;1;1;0;3;2;1;2;1;1;5;3;2;2022
892500;Mord, Totschlag und Toetung auf Verlangen;15003000;Magdeburg;insg.;6;3;3;1;0;1;0;0;0;1;0;1;0;0;0;0;0;0;3;2;1;2;1;1;5;3;2;2022
892500;Mord, Totschlag und Toetung auf Verlangen;7315000;Mainz;insg.;8;7;1;0;0;0;0;0;0;0;0;0;0;0;0;0;0;0;8;7;1;0;0;0;8;7;1;2022
892500;Mord, Totschlag und Toetung auf Verlangen;8222000;Mannheim;insg.;19;17;2;1;1;0;0;0;0;1;1;0;1;1;0;2;1;1;12;12;0;3;2;1;15;14;1;2022
892500;Mord, Totschlag und Toetung auf Verlangen;5170024;Moers;insg.;5;5;0;0;0;0;3;3;0;3;3;0;0;0;0;0;0;0;2;2;0;0;0;0;2;2;0;2022
892500;Mord, Totschlag und Toetung auf Verlangen;5116000;Moenchengladbach;insg.;15;8;7;2;1;1;0;0;0;2;1;1;1;0;1;1;1;0;10;6;4;1;0;1;11;6;5;2022
892500;Mord, Totschlag und Toetung auf Verlangen;5117000;Muelheim an der Ruhr;insg.;5;1;4;0;0;0;0;0;0;0;0;0;0;0;0;0;0;0;1;0;1;4;1;3;5;1;4;2022
892500;Mord, Totschlag und Toetung auf Verlangen;9162000;Muenchen;insg.;45;32;13;2;1;1;1;1;0;3;2;1;5;3;2;5;5;0;29;22;7;3;0;3;32;22;10;2022
892500;Mord, Totschlag und Toetung auf Verlangen;5515000;Muenster;insg.;9;6;3;0;0;0;0;0;0;0;0;0;1;1;0;1;1;0;5;3;2;2;1;1;7;4;3;2022
892500;Mord, Totschlag und Toetung auf Verlangen;5162024;Neuss;insg.;6;4;2;0;0;0;2;1;1;2;1;1;0;0;0;0;0;0;4;3;1;0;0;0;4;3;1;2022
892500;Mord, Totschlag und Toetung auf Verlangen;9564000;Nuernberg;insg.;27;20;7;0;0;0;2;1;1;2;1;1;2;0;2;1;1;0;19;15;4;3;3;0;22;18;4;2022
892500;Mord, Totschlag und Toetung auf Verlangen;5119000;Oberhausen;insg.;8;6;2;0;0;0;0;0;0;0;0;0;0;0;0;0;0;0;6;5;1;2;1;1;8;6;2;2022
892500;Mord, Totschlag und Toetung auf Verlangen;6413000;Offenbach am Main;insg.;8;5;3;1;1;0;0;0;0;1;1;0;0;0;0;0;0;0;6;4;2;1;0;1;7;4;3;2022
892500;Mord, Totschlag und Toetung auf Verlangen;3403000;Oldenburg (Oldenburg);insg.;6;2;4;0;0;0;0;0;0;0;0;0;0;0;0;0;0;0;6;2;4;0;0;0;6;2;4;2022
892500;Mord, Totschlag und Toetung auf Verlangen;3404000;Osnabrueck;insg.;7;6;1;0;0;0;0;0;0;0;0;0;1;1;0;0;0;0;6;5;1;0;0;0;6;5;1;2022
892500;Mord, Totschlag und Toetung auf Verlangen;5774032;Paderborn;insg.;2;2;0;0;0;0;0;0;0;0;0;0;0;0;0;0;0;0;2;2;0;0;0;0;2;2;0;2022
892500;Mord, Totschlag und Toetung auf Verlangen;8231000;Pforzheim;insg.;6;3;3;0;0;0;0;0;0;0;0;0;0;0;0;2;1;1;3;2;1;1;0;1;4;2;2;2022
892500;Mord, Totschlag und Toetung auf Verlangen;12054000;Potsdam;insg.;4;2;2;0;0;0;0;0;0;0;0;0;0;0;0;0;0;0;3;1;2;1;1;0;4;2;2;2022
892500;Mord, Totschlag und Toetung auf Verlangen;5562032;Recklinghausen;insg.;5;4;1;0;0;0;0;0;0;0;0;0;0;0;0;0;0;0;4;3;1;1;1;0;5;4;1;2022
892500;Mord, Totschlag und Toetung auf Verlangen;9362000;Regensburg;insg.;6;5;1;0;0;0;0;0;0;0;0;0;0;0;0;0;0;0;5;4;1;1;1;0;6;5;1;2022
892500;Mord, Totschlag und Toetung auf Verlangen;5120000;Remscheid;insg.;1;1;0;0;0;0;0;0;0;0;0;0;0;0;0;0;0;0;1;1;0;0;0;0;1;1;0;2022
892500;Mord, Totschlag und Toetung auf Verlangen;8415061;Reutlingen;insg.;6;4;2;0;0;0;0;0;0;0;0;0;1;0;1;1;1;0;2;2;0;2;1;1;4;3;1;2022
892500;Mord, Totschlag und Toetung auf Verlangen;13003000;Rostock, Hanse- und Universit tsstadt;insg.;8;4;4;0;0;0;0;0;0;0;0;0;0;0;0;0;0;0;4;3;1;4;1;3;8;4;4;2022
892500;Mord, Totschlag und Toetung auf Verlangen;10041100;Saarbruecken;insg.;10;8;2;2;0;2;0;0;0;2;0;2;0;0;0;0;0;0;6;6;0;2;2;0;8;8;0;2022
892500;Mord, Totschlag und Toetung auf Verlangen;3102000;Salzgitter;insg.;4;4;0;0;0;0;0;0;0;0;0;0;0;0;0;0;0;0;4;4;0;0;0;0;4;4;0;2022
892500;Mord, Totschlag und Toetung auf Verlangen;13004000;Schwerin;insg.;4;3;1;0;0;0;0;0;0;0;0;0;1;1;0;0;0;0;2;2;0;1;0;1;3;2;1;2022
892500;Mord, Totschlag und Toetung auf Verlangen;5970040;Siegen;insg.;4;2;2;0;0;0;0;0;0;0;0;0;0;0;0;0;0;0;4;2;2;0;0;0;4;2;2;2022
892500;Mord, Totschlag und Toetung auf Verlangen;5122000;Solingen;insg.;3;2;1;0;0;0;0;0;0;0;0;0;0;0;0;0;0;0;2;1;1;1;1;0;3;2;1;2022
892500;Mord, Totschlag und Toetung auf Verlangen;8111000;Stuttgart;insg.;38;35;3;0;0;0;0;0;0;0;0;0;6;6;0;5;5;0;24;23;1;3;1;2;27;24;3;2022
892500;Mord, Totschlag und Toetung auf Verlangen;7211000;Trier;insg.;29;13;16;1;0;1;0;0;0;1;0;1;0;0;0;1;0;1;20;8;12;7;5;2;27;13;14;2022
892500;Mord, Totschlag und Toetung auf Verlangen;8421000;Ulm;insg.;10;8;2;0;0;0;0;0;0;0;0;0;0;0;0;0;0;0;10;8;2;0;0;0;10;8;2;2022
892500;Mord, Totschlag und Toetung auf Verlangen;6414000;Wiesbaden;insg.;13;11;2;0;0;0;0;0;0;0;0;0;0;0;0;2;2;0;9;8;1;2;1;1;11;9;2;2022
892500;Mord, Totschlag und Toetung auf Verlangen;3103000;Wolfsburg;insg.;3;3;0;0;0;0;0;0;0;0;0;0;0;0;0;0;0;0;3;3;0;0;0;0;3;3;0;2022
892500;Mord, Totschlag und Toetung auf Verlangen;5124000;Wuppertal;insg.;12;9;3;0;0;0;0;0;0;0;0;0;1;1;0;0;0;0;10;7;3;1;1;0;11;8;3;2022
892500;Mord, Totschlag und Toetung auf Verlangen;9663000;Wuerzburg;insg.;5;2;3;0;0;0;0;0;0;0;0;0;0;0;0;2;1;1;2;1;1;1;0;1;3;1;2;2022
------;Straftaten insgesamt;5334002;Aachen;insg.;5031;3055;1976;33;18;15;209;121;88;242;139;103;326;188;138;370;207;163;3712;2278;1434;381;243;138;4093;2521;1572;2023
------;Straftaten insgesamt;9761000;Augsburg;insg.;6215;3844;2371;55;35;20;428;271;157;483;306;177;498;280;218;471;270;201;4381;2781;1600;382;207;175;4763;2988;1775;2023
------;Straftaten insgesamt;5378004;Bergisch Gladbach;insg.;1670;951;719;22;14;8;96;53;43;118;67;51;190;124;66;99;60;39;1102;607;495;161;93;68;1263;700;563;2023
------;Straftaten insgesamt;11000000;Berlin;insg.;106671;67055;39616;959;537;422;6611;3981;2630;7570;4518;3052;7605;4619;2986;5486;3136;2350;78927;50647;28280;7083;4135;2948;86010;54782;31228;2023
------;Straftaten insgesamt;5711000;Bielefeld;insg.;5415;3089;2326;42;20;22;274;147;127;316;167;149;471;248;223;435;242;193;3800;2204;1596;393;228;165;4193;2432;1761;2023
------;Straftaten insgesamt;5911000;Bochum;insg.;6937;4075;2862;51;29;22;493;253;240;544;282;262;639;417;222;461;250;211;4796;2845;1951;497;281;216;5293;3126;2167;2023
------;Straftaten insgesamt;5314000;Bonn;insg.;8048;4830;3218;73;38;35;692;446;246;765;484;281;791;486;305;496;283;213;5428;3259;2169;568;318;250;5996;3577;2419;2023
------;Straftaten insgesamt;5512000;Bottrop;insg.;1658;913;745;13;5;8;174;109;65;187;114;73;180;103;77;107;51;56;1045;571;474;139;74;65;1184;645;539;2023
------;Straftaten insgesamt;3101000;Braunschweig;insg.;5296;3214;2082;35;16;19;290;155;135;325;171;154;434;254;180;425;232;193;3796;2378;1418;316;179;137;4112;2557;1555;2023
------;Straftaten insgesamt;4011000;Bremen;insg.;15379;9576;5803;108;60;48;548;322;226;656;382;274;1132;723;409;1195;700;495;11313;7144;4169;1083;627;456;12396;7771;4625;2023
------;Straftaten insgesamt;4012000;Bremerhaven;insg.;3841;2215;1626;43;25;18;257;150;107;300;175;125;293;176;117;273;129;144;2771;1614;1157;204;121;83;2975;1735;1240;2023
------;Straftaten insgesamt;14511000;Chemnitz;insg.;4260;2651;1609;51;23;28;307;174;133;358;197;161;397;209;188;375;217;158;2864;1877;987;266;151;115;3130;2028;1102;2023
------;Straftaten insgesamt;6411000;Darmstadt;insg.;2420;1432;988;13;6;7;139;79;60;152;85;67;201;114;87;146;73;73;1796;1092;704;125;68;57;1921;1160;761;2023
------;Straftaten insgesamt;5913000;Dortmund;insg.;14663;8831;5832;118;62;56;880;494;386;998;556;442;1221;669;552;1072;615;457;10471;6464;4007;901;527;374;11372;6991;4381;2023
------;Straftaten insgesamt;14612000;Dresden;insg.;8983;5658;3325;119;56;63;642;371;271;761;427;334;895;578;317;615;378;237;6163;3963;2200;549;312;237;6712;4275;2437;2023
------;Straftaten insgesamt;5112000;Duisburg;insg.;9885;5490;4395;109;63;46;881;509;372;990;572;418;874;493;381;627;345;282;6672;3646;3026;722;434;288;7394;4080;3314;2023
------;Straftaten insgesamt;5111000;Duesseldorf;insg.;13486;8485;5001;119;63;56;652;351;301;771;414;357;979;594;385;934;547;387;9901;6391;3510;901;539;362;10802;6930;3872;2023
------;Straftaten insgesamt;16051000;Erfurt;insg.;5157;3290;1867;73;45;28;373;193;180;446;238;208;422;264;158;442;296;146;3589;2336;1253;258;156;102;3847;2492;1355;2023
------;Straftaten insgesamt;9562000;Erlangen;insg.;1284;733;551;16;6;10;83;39;44;99;45;54;95;47;48;108;57;51;891;533;358;91;51;40;982;584;398;2023
------;Straftaten insgesamt;5113000;Essen;insg.;10937;6209;4728;143;79;64;832;456;376;975;535;440;1024;567;457;719;351;368;7483;4349;3134;736;407;329;8219;4756;3463;2023
------;Straftaten insgesamt;6412000;Frankfurt am Main;insg.;16759;10850;5909;123;73;50;625;367;258;748;440;308;837;494;343;1056;622;434;13112;8660;4452;1006;634;372;14118;9294;4824;2023
------;Straftaten insgesamt;8311000;Freiburg im Breisgau;insg.;4776;3186;1590;38;20;18;182;89;93;220;109;111;258;164;94;374;235;139;3647;2513;1134;277;165;112;3924;2678;1246;2023
------;Straftaten insgesamt;9563000;Fuerth;insg.;1375;772;603;20;12;8;92;56;36;112;68;44;145;84;61;89;50;39;945;523;422;84;47;37;1029;570;459;2023
------;Straftaten insgesamt;5513000;Gelsenkirchen;insg.;6578;3704;2874;73;35;38;678;437;241;751;472;279;693;400;293;425;203;222;4350;2412;1938;359;217;142;4709;2629;2080;2023
------;Straftaten insgesamt;3159016;Goettingen;insg.;2779;1711;1068;21;12;9;107;64;43;128;76;52;164;85;79;191;79;112;2105;1354;751;191;117;74;2296;1471;825;2023
------;Straftaten insgesamt;5754008;Guetersloh;insg.;1611;928;683;16;7;9;89;46;43;105;53;52;109;66;43;103;66;37;1188;673;515;106;70;36;1294;743;551;2023
------;Straftaten insgesamt;5914000;Hagen;insg.;4244;2436;1808;39;23;16;351;185;166;390;208;182;379;221;158;291;170;121;2951;1680;1271;233;157;76;3184;1837;1347;2023
------;Straftaten insgesamt;15002000;Halle (Saale);insg.;6689;4174;2515;69;37;32;577;342;235;646;379;267;721;444;277;498;322;176;4487;2823;1664;337;206;131;4824;3029;1795;2023
------;Straftaten insgesamt;2000000;Hamburg;insg.;40282;25242;15040;247;136;111;2200;1398;802;2447;1534;913;2762;1628;1134;2442;1448;994;30179;19183;10996;2452;1449;1003;32631;20632;11999;2023
------;Straftaten insgesamt;5915000;Hamm;insg.;3737;2230;1507;26;11;15;250;162;88;276;173;103;381;229;152;272;145;127;2588;1546;1042;220;137;83;2808;1683;1125;2023
------;Straftaten insgesamt;6435014;Hanau;insg.;1280;632;648;12;3;9;72;42;30;84;45;39;73;35;38;76;38;38;951;457;494;96;57;39;1047;514;533;2023
------;Straftaten insgesamt;3241001;Hannover;insg.;16514;10604;5910;124;63;61;857;524;333;981;587;394;1282;745;537;1065;624;441;12242;8067;4175;944;581;363;13186;8648;4538;2023
------;Straftaten insgesamt;8221000;Heidelberg;insg.;2907;1990;917;11;4;7;67;41;26;78;45;33;193;105;88;251;178;73;2219;1550;669;166;112;54;2385;1662;723;2023
------;Straftaten insgesamt;8121000;Heilbronn;insg.;2566;1489;1077;13;10;3;137;70;67;150;80;70;156;79;77;191;94;97;1930;1150;780;139;86;53;2069;1236;833;2023
------;Straftaten insgesamt;5916000;Herne;insg.;3413;1847;1566;24;13;11;348;136;212;372;149;223;322;181;141;231;128;103;2282;1277;1005;206;112;94;2488;1389;1099;2023
------;Straftaten insgesamt;3254021;Hildesheim;insg.;2187;1250;937;23;9;14;159;98;61;182;107;75;236;119;117;142;72;70;1496;864;632;131;88;43;1627;952;675;2023
------;Straftaten insgesamt;9161000;Ingolstadt;insg.;2564;1638;926;25;18;7;130;89;41;155;107;48;247;154;93;214;133;81;1796;1145;651;152;99;53;1948;1244;704;2023
------;Straftaten insgesamt;16053000;Jena;insg.;1553;970;583;16;12;4;106;58;48;122;70;52;108;69;39;103;56;47;1116;717;399;104;58;46;1220;775;445;2023
------;Straftaten insgesamt;7312000;Kaiserslautern;insg.;2963;1821;1142;23;11;12;156;80;76;179;91;88;195;119;76;241;151;90;2133;1331;802;215;129;86;2348;1460;888;2023
------;Straftaten insgesamt;8212000;Karlsruhe;insg.;4579;2768;1811;36;13;23;234;153;81;270;166;104;285;139;146;310;171;139;3396;2112;1284;318;180;138;3714;2292;1422;2023
------;Straftaten insgesamt;6611000;Kassel;insg.;4584;2681;1903;59;27;32;186;88;98;245;115;130;327;163;164;383;219;164;3380;2034;1346;249;150;99;3629;2184;1445;2023
------;Straftaten insgesamt;1002000;Kiel;insg.;4917;3086;1831;22;9;13;244;141;103;266;150;116;461;290;171;409;241;168;3545;2257;1288;236;148;88;3781;2405;1376;2023
------;Straftaten insgesamt;7111000;Koblenz;insg.;2679;1641;1038;16;12;4;141;101;40;157;113;44;221;136;85;206;108;98;1922;1174;748;173;110;63;2095;1284;811;2023
------;Straftaten insgesamt;5315000;Koeln;insg.;27480;16513;10967;221;121;100;1369;753;616;1590;874;716;1906;1080;826;1979;1151;828;20115;12244;7871;1890;1164;726;22005;13408;8597;2023
------;Straftaten insgesamt;5114000;Krefeld;insg.;4171;2267;1904;27;17;10;408;211;197;435;228;207;356;188;168;321;167;154;2764;1507;1257;295;177;118;3059;1684;1375;2023
------;Straftaten insgesamt;14713000;Leipzig;insg.;12150;7573;4577;117;61;56;661;380;281;778;441;337;934;535;399;861;510;351;8863;5687;3176;714;400;314;9577;6087;3490;2023
------;Straftaten insgesamt;5316000;Leverkusen;insg.;2835;1550;1285;21;13;8;205;99;106;226;112;114;251;138;113;181;86;95;1925;1067;858;252;147;105;2177;1214;963;2023
------;Straftaten insgesamt;1003000;Luebeck;insg.;5777;3504;2273;46;31;15;321;166;155;367;197;170;383;201;182;401;242;159;4187;2608;1579;439;256;183;4626;2864;1762;2023
------;Straftaten insgesamt;7314000;Ludwigshafen am Rhein;insg.;3833;2156;1677;29;15;14;329;191;138;358;206;152;327;203;124;224;122;102;2665;1492;1173;259;133;126;2924;1625;1299;2023
------;Straftaten insgesamt;15003000;Magdeburg;insg.;6502;3927;2575;46;28;18;442;247;195;488;275;213;527;290;237;514;299;215;4603;2843;1760;370;220;150;4973;3063;1910;2023
------;Straftaten insgesamt;7315000;Mainz;insg.;3553;2253;1300;27;12;15;159;84;75;186;96;90;263;149;114;282;181;101;2571;1651;920;251;176;75;2822;1827;995;2023
------;Straftaten insgesamt;8222000;Mannheim;insg.;4651;2793;1858;28;13;15;209;116;93;237;129;108;357;216;141;307;159;148;3426;2088;1338;324;201;123;3750;2289;1461;2023
------;Straftaten insgesamt;5170024;Moers;insg.;1492;829;663;33;16;17;127;78;49;160;94;66;139;89;50;89;54;35;965;522;443;139;70;69;1104;592;512;2023
------;Straftaten insgesamt;5116000;Moenchengladbach;insg.;5742;3268;2474;55;27;28;390;200;190;445;227;218;505;314;191;371;219;152;4038;2278;1760;383;230;153;4421;2508;1913;2023
------;Straftaten insgesamt;5117000;Muelheim an der Ruhr;insg.;2706;1436;1270;40;19;21;197;99;98;237;118;119;222;125;97;186;99;87;1871;988;883;190;106;84;2061;1094;967;2023
------;Straftaten insgesamt;9162000;Muenchen;insg.;22046;13961;8085;191;108;83;966;527;439;1157;635;522;1439;845;594;1414;820;594;16677;10859;5818;1359;802;557;18036;11661;6375;2023
------;Straftaten insgesamt;5515000;Muenster;insg.;6143;3814;2329;45;22;23;316;184;132;361;206;155;432;245;187;470;284;186;4435;2816;1619;445;263;182;4880;3079;1801;2023
------;Straftaten insgesamt;5162024;Neuss;insg.;2834;1612;1222;18;13;5;178;108;70;196;121;75;244;135;109;169;95;74;2007;1131;876;218;130;88;2225;1261;964;2023
------;Straftaten insgesamt;9564000;Nuernberg;insg.;8331;5297;3034;63;35;28;445;233;212;508;268;240;693;380;313;688;417;271;6021;3961;2060;421;271;150;6442;4232;2210;2023
------;Straftaten insgesamt;5119000;Oberhausen;insg.;3863;2249;1614;45;23;22;331;199;132;376;222;154;390;242;148;293;173;120;2545;1459;1086;259;153;106;2804;1612;1192;2023
------;Straftaten insgesamt;6413000;Offenbach am Main;insg.;1581;874;707;16;7;9;99;56;43;115;63;52;107;59;48;69;36;33;1150;627;523;140;89;51;1290;716;574;2023
------;Straftaten insgesamt;3403000;Oldenburg (Oldenburg);insg.;2831;1720;1111;61;29;32;158;105;53;219;134;85;204;121;83;222;134;88;1983;1219;764;203;112;91;2186;1331;855;2023
------;Straftaten insgesamt;3404000;Osnabrueck;insg.;3771;2350;1421;22;12;10;145;78;67;167;90;77;279;151;128;304;185;119;2803;1783;1020;218;141;77;3021;1924;1097;2023
------;Straftaten insgesamt;5774032;Paderborn;insg.;3021;1899;1122;25;11;14;134;72;62;159;83;76;202;108;94;258;150;108;2191;1428;763;211;130;81;2402;1558;844;2023
------;Straftaten insgesamt;8231000;Pforzheim;insg.;2369;1319;1050;26;16;10;134;64;70;160;80;80;177;99;78;213;112;101;1668;940;728;151;88;63;1819;1028;791;2023
------;Straftaten insgesamt;12054000;Potsdam;insg.;2426;1385;1041;32;24;8;218;112;106;250;136;114;202;103;99;162;91;71;1612;940;672;200;115;85;1812;1055;757;2023
------;Straftaten insgesamt;5562032;Recklinghausen;insg.;2293;1325;968;18;7;11;166;104;62;184;111;73;199;115;84;157;85;72;1579;907;672;174;107;67;1753;1014;739;2023
------;Straftaten insgesamt;9362000;Regensburg;insg.;3478;2252;1226;12;10;2;101;55;46;113;65;48;192;108;84;270;145;125;2655;1768;887;248;166;82;2903;1934;969;2023
------;Straftaten insgesamt;5120000;Remscheid;insg.;2081;1129;952;28;15;13;132;63;69;160;78;82;179;101;78;128;71;57;1469;791;678;145;88;57;1614;879;735;2023
------;Straftaten insgesamt;8415061;Reutlingen;insg.;2001;1228;773;15;7;8;106;60;46;121;67;54;138;75;63;135;84;51;1466;907;559;141;95;46;1607;1002;605;2023
------;Straftaten insgesamt;13003000;Rostock, Hanse- und Universit tsstadt;insg.;4142;2480;1662;33;14;19;346;208;138;379;222;157;431;229;202;300;181;119;2776;1702;1074;256;146;110;3032;1848;1184;2023
------;Straftaten insgesamt;10041100;Saarbruecken;insg.;5552;3421;2131;45;29;16;306;172;134;351;201;150;413;250;163;396;240;156;3990;2485;1505;402;245;157;4392;2730;1662;2023
------;Straftaten insgesamt;3102000;Salzgitter;insg.;2000;1086;914;31;14;17;221;129;92;252;143;109;193;117;76;126;65;61;1307;691;616;122;70;52;1429;761;668;2023
------;Straftaten insgesamt;13004000;Schwerin;insg.;2673;1728;945;17;13;4;222;139;83;239;152;87;215;122;93;198;127;71;1877;1249;628;144;78;66;2021;1327;694;2023
------;Straftaten insgesamt;5970040;Siegen;insg.;2230;1318;912;17;10;7;149;78;71;166;88;78;155;85;70;184;106;78;1588;953;635;137;86;51;1725;1039;686;2023
------;Straftaten insgesamt;5122000;Solingen;insg.;2916;1609;1307;50;23;27;278;161;117;328;184;144;266;167;99;197;116;81;1895;1012;883;230;130;100;2125;1142;983;2023
------;Straftaten insgesamt;8111000;Stuttgart;insg.;13058;8487;4571;94;58;36;617;346;271;711;404;307;782;454;328;960;547;413;9964;6683;3281;641;399;242;10605;7082;3523;2023
------;Straftaten insgesamt;7211000;Trier;insg.;2489;1555;934;10;7;3;133;61;72;143;68;75;182;106;76;217;133;84;1841;1183;658;106;65;41;1947;1248;699;2023
------;Straftaten insgesamt;8421000;Ulm;insg.;2052;1225;827;7;6;1;119;59;60;126;65;61;183;84;99;176;98;78;1454;916;538;113;62;51;1567;978;589;2023
------;Straftaten insgesamt;6414000;Wiesbaden;insg.;4950;2785;2165;47;29;18;335;185;150;382;214;168;443;265;178;309;165;144;3467;1934;1533;349;207;142;3816;2141;1675;2023
------;Straftaten insgesamt;3103000;Wolfsburg;insg.;1952;1075;877;28;13;15;114;58;56;142;71;71;137;68;69;117;50;67;1426;808;618;130;78;52;1556;886;670;2023
------;Straftaten insgesamt;5124000;Wuppertal;insg.;7804;4448;3356;89;49;40;609;380;229;698;429;269;676;374;302;577;276;301;5271;3023;2248;582;346;236;5853;3369;2484;2023
------;Straftaten insgesamt;9663000;Wuerzburg;insg.;2125;1365;760;15;9;6;84;44;40;99;53;46;172;106;66;256;160;96;1485;969;516;113;77;36;1598;1046;552;2023
111000;Vergewaltigung und sexuelle Noetigung;5334002;Aachen;insg.;55;5;50;1;1;0;0;0;0;1;1;0;10;0;10;9;1;8;35;3;32;0;0;0;35;3;32;2023
111000;Vergewaltigung und sexuelle Noetigung;9761000;Augsburg;insg.;38;2;36;0;0;0;0;0;0;0;0;0;7;0;7;13;2;11;18;0;18;0;0;0;18;0;18;2023
111000;Vergewaltigung und sexuelle Noetigung;5378004;Bergisch Gladbach;insg.;14;2;12;0;0;0;0;0;0;0;0;0;2;1;1;1;0;1;11;1;10;0;0;0;11;1;10;2023
111000;Vergewaltigung und sexuelle Noetigung;11000000;Berlin;insg.;1172;131;1041;3;3;0;33;5;28;36;8;28;221;14;207;144;9;135;750;98;652;21;2;19;771;100;671;2023
111000;Vergewaltigung und sexuelle Noetigung;5711000;Bielefeld;insg.;87;3;84;0;0;0;0;0;0;0;0;0;18;0;18;19;0;19;48;1;47;2;2;0;50;3;47;2023
111000;Vergewaltigung und sexuelle Noetigung;5911000;Bochum;insg.;53;1;52;0;0;0;2;0;2;2;0;2;10;1;9;8;0;8;30;0;30;3;0;3;33;0;33;2023
111000;Vergewaltigung und sexuelle Noetigung;5314000;Bonn;insg.;63;4;59;0;0;0;0;0;0;0;0;0;14;2;12;7;0;7;41;2;39;1;0;1;42;2;40;2023
111000;Vergewaltigung und sexuelle Noetigung;5512000;Bottrop;insg.;21;1;20;0;0;0;0;0;0;0;0;0;9;0;9;3;0;3;9;1;8;0;0;0;9;1;8;2023
111000;Vergewaltigung und sexuelle Noetigung;3101000;Braunschweig;insg.;70;7;63;0;0;0;1;0;1;1;0;1;8;0;8;17;2;15;42;5;37;2;0;2;44;5;39;2023
111000;Vergewaltigung und sexuelle Noetigung;4011000;Bremen;insg.;147;6;141;0;0;0;1;0;1;1;0;1;30;2;28;18;0;18;92;4;88;6;0;6;98;4;94;2023
111000;Vergewaltigung und sexuelle Noetigung;4012000;Bremerhaven;insg.;43;1;42;0;0;0;0;0;0;0;0;0;6;0;6;11;0;11;26;1;25;0;0;0;26;1;25;2023
111000;Vergewaltigung und sexuelle Noetigung;14511000;Chemnitz;insg.;29;0;29;1;0;1;1;0;1;2;0;2;10;0;10;5;0;5;11;0;11;1;0;1;12;0;12;2023
111000;Vergewaltigung und sexuelle Noetigung;6411000;Darmstadt;insg.;31;0;31;0;0;0;0;0;0;0;0;0;5;0;5;5;0;5;21;0;21;0;0;0;21;0;21;2023
111000;Vergewaltigung und sexuelle Noetigung;5913000;Dortmund;insg.;177;4;173;0;0;0;1;0;1;1;0;1;29;0;29;27;1;26;116;3;113;4;0;4;120;3;117;2023
111000;Vergewaltigung und sexuelle Noetigung;14612000;Dresden;insg.;66;4;62;0;0;0;0;0;0;0;0;0;18;2;16;11;1;10;35;1;34;2;0;2;37;1;36;2023
111000;Vergewaltigung und sexuelle Noetigung;5112000;Duisburg;insg.;105;14;91;4;2;2;3;2;1;7;4;3;21;0;21;21;3;18;51;7;44;5;0;5;56;7;49;2023
111000;Vergewaltigung und sexuelle Noetigung;5111000;Duesseldorf;insg.;169;15;154;2;0;2;2;0;2;4;0;4;35;4;31;26;1;25;101;9;92;3;1;2;104;10;94;2023
111000;Vergewaltigung und sexuelle Noetigung;16051000;Erfurt;insg.;12;0;12;0;0;0;0;0;0;0;0;0;1;0;1;0;0;0;11;0;11;0;0;0;11;0;11;2023
111000;Vergewaltigung und sexuelle Noetigung;9562000;Erlangen;insg.;10;1;9;0;0;0;0;0;0;0;0;0;1;0;1;3;1;2;6;0;6;0;0;0;6;0;6;2023
111000;Vergewaltigung und sexuelle Noetigung;5113000;Essen;insg.;137;8;129;0;0;0;0;0;0;0;0;0;38;2;36;28;1;27;69;5;64;2;0;2;71;5;66;2023
111000;Vergewaltigung und sexuelle Noetigung;6412000;Frankfurt am Main;insg.;184;8;176;0;0;0;4;1;3;4;1;3;23;2;21;27;1;26;126;4;122;4;0;4;130;4;126;2023
111000;Vergewaltigung und sexuelle Noetigung;8311000;Freiburg im Breisgau;insg.;33;2;31;0;0;0;0;0;0;0;0;0;7;0;7;4;0;4;20;2;18;2;0;2;22;2;20;2023
111000;Vergewaltigung und sexuelle Noetigung;9563000;Fuerth;insg.;19;0;19;0;0;0;0;0;0;0;0;0;4;0;4;2;0;2;13;0;13;0;0;0;13;0;13;2023
111000;Vergewaltigung und sexuelle Noetigung;5513000;Gelsenkirchen;insg.;56;1;55;0;0;0;0;0;0;0;0;0;11;0;11;7;1;6;37;0;37;1;0;1;38;0;38;2023
111000;Vergewaltigung und sexuelle Noetigung;3159016;Goettingen;insg.;26;0;26;0;0;0;0;0;0;0;0;0;3;0;3;8;0;8;15;0;15;0;0;0;15;0;15;2023
111000;Vergewaltigung und sexuelle Noetigung;5754008;Guetersloh;insg.;21;2;19;0;0;0;0;0;0;0;0;0;4;0;4;2;1;1;15;1;14;0;0;0;15;1;14;2023
111000;Vergewaltigung und sexuelle Noetigung;5914000;Hagen;insg.;52;3;49;0;0;0;6;0;6;6;0;6;10;1;9;5;1;4;30;1;29;1;0;1;31;1;30;2023
111000;Vergewaltigung und sexuelle Noetigung;15002000;Halle (Saale);insg.;55;6;49;0;0;0;0;0;0;0;0;0;16;2;14;5;1;4;33;3;30;1;0;1;34;3;31;2023
111000;Vergewaltigung und sexuelle Noetigung;2000000;Hamburg;insg.;267;12;255;1;0;1;4;0;4;5;0;5;55;4;51;38;1;37;163;7;156;6;0;6;169;7;162;2023
111000;Vergewaltigung und sexuelle Noetigung;5915000;Hamm;insg.;22;0;22;0;0;0;1;0;1;1;0;1;5;0;5;3;0;3;12;0;12;1;0;1;13;0;13;2023
111000;Vergewaltigung und sexuelle Noetigung;6435014;Hanau;insg.;19;1;18;0;0;0;1;0;1;1;0;1;3;1;2;2;0;2;11;0;11;2;0;2;13;0;13;2023
111000;Vergewaltigung und sexuelle Noetigung;3241001;Hannover;insg.;171;7;164;0;0;0;2;1;1;2;1;1;30;0;30;20;0;20;115;6;109;4;0;4;119;6;113;2023
111000;Vergewaltigung und sexuelle Noetigung;8221000;Heidelberg;insg.;22;1;21;0;0;0;0;0;0;0;0;0;7;0;7;4;0;4;11;1;10;0;0;0;11;1;10;2023
111000;Vergewaltigung und sexuelle Noetigung;8121000;Heilbronn;insg.;26;0;26;0;0;0;0;0;0;0;0;0;2;0;2;6;0;6;17;0;17;1;0;1;18;0;18;2023
111000;Vergewaltigung und sexuelle Noetigung;5916000;Herne;insg.;20;0;20;0;0;0;0;0;0;0;0;0;9;0;9;3;0;3;8;0;8;0;0;0;8;0;8;2023
111000;Vergewaltigung und sexuelle Noetigung;3254021;Hildesheim;insg.;28;1;27;0;0;0;2;1;1;2;1;1;12;0;12;1;0;1;13;0;13;0;0;0;13;0;13;2023
111000;Vergewaltigung und sexuelle Noetigung;9161000;Ingolstadt;insg.;23;2;21;0;0;0;0;0;0;0;0;0;5;0;5;6;1;5;10;1;9;2;0;2;12;1;11;2023
111000;Vergewaltigung und sexuelle Noetigung;16053000;Jena;insg.;4;0;4;0;0;0;0;0;0;0;0;0;0;0;0;2;0;2;2;0;2;0;0;0;2;0;2;2023
111000;Vergewaltigung und sexuelle Noetigung;7312000;Kaiserslautern;insg.;20;1;19;0;0;0;0;0;0;0;0;0;5;0;5;4;0;4;11;1;10;0;0;0;11;1;10;2023
111000;Vergewaltigung und sexuelle Noetigung;8212000;Karlsruhe;insg.;49;1;48;0;0;0;0;0;0;0;0;0;11;0;11;9;0;9;26;1;25;3;0;3;29;1;28;2023
111000;Vergewaltigung und sexuelle Noetigung;6611000;Kassel;insg.;56;2;54;0;0;0;1;0;1;1;0;1;11;0;11;8;0;8;33;2;31;3;0;3;36;2;34;2023
111000;Vergewaltigung und sexuelle Noetigung;1002000;Kiel;insg.;40;3;37;0;0;0;1;0;1;1;0;1;11;2;9;8;0;8;19;1;18;1;0;1;20;1;19;2023
111000;Vergewaltigung und sexuelle Noetigung;7111000;Koblenz;insg.;16;1;15;0;0;0;0;0;0;0;0;0;3;0;3;3;0;3;10;1;9;0;0;0;10;1;9;2023
111000;Vergewaltigung und sexuelle Noetigung;5315000;Koeln;insg.;348;24;324;1;0;1;4;0;4;5;0;5;51;2;49;60;3;57;216;16;200;16;3;13;232;19;213;2023
111000;Vergewaltigung und sexuelle Noetigung;5114000;Krefeld;insg.;34;2;32;0;0;0;0;0;0;0;0;0;8;1;7;9;0;9;16;0;16;1;1;0;17;1;16;2023
111000;Vergewaltigung und sexuelle Noetigung;14713000;Leipzig;insg.;49;1;48;0;0;0;1;0;1;1;0;1;14;1;13;10;0;10;24;0;24;0;0;0;24;0;24;2023
111000;Vergewaltigung und sexuelle Noetigung;5316000;Leverkusen;insg.;31;1;30;0;0;0;2;0;2;2;0;2;7;0;7;5;0;5;17;1;16;0;0;0;17;1;16;2023
111000;Vergewaltigung und sexuelle Noetigung;1003000;Luebeck;insg.;35;1;34;0;0;0;0;0;0;0;0;0;5;0;5;5;0;5;25;1;24;0;0;0;25;1;24;2023
111000;Vergewaltigung und sexuelle Noetigung;7314000;Ludwigshafen am Rhein;insg.;46;2;44;0;0;0;1;0;1;1;0;1;8;0;8;5;0;5;32;2;30;0;0;0;32;2;30;2023
111000;Vergewaltigung und sexuelle Noetigung;15003000;Magdeburg;insg.;55;2;53;1;0;1;0;0;0;1;0;1;10;0;10;7;0;7;35;2;33;2;0;2;37;2;35;2023
111000;Vergewaltigung und sexuelle Noetigung;7315000;Mainz;insg.;48;4;44;0;0;0;0;0;0;0;0;0;8;0;8;6;1;5;34;3;31;0;0;0;34;3;31;2023
111000;Vergewaltigung und sexuelle Noetigung;8222000;Mannheim;insg.;44;2;42;1;1;0;1;0;1;2;1;1;8;0;8;6;0;6;28;1;27;0;0;0;28;1;27;2023
111000;Vergewaltigung und sexuelle Noetigung;5170024;Moers;insg.;8;1;7;0;0;0;0;0;0;0;0;0;1;1;0;1;0;1;6;0;6;0;0;0;6;0;6;2023
111000;Vergewaltigung und sexuelle Noetigung;5116000;Moenchengladbach;insg.;60;5;55;0;0;0;1;0;1;1;0;1;13;2;11;11;1;10;35;2;33;0;0;0;35;2;33;2023
111000;Vergewaltigung und sexuelle Noetigung;5117000;Muelheim an der Ruhr;insg.;37;2;35;0;0;0;0;0;0;0;0;0;9;0;9;7;0;7;20;2;18;1;0;1;21;2;19;2023
111000;Vergewaltigung und sexuelle Noetigung;9162000;Muenchen;insg.;244;4;240;0;0;0;0;0;0;0;0;0;46;0;46;36;0;36;158;4;154;4;0;4;162;4;158;2023
111000;Vergewaltigung und sexuelle Noetigung;5515000;Muenster;insg.;59;5;54;0;0;0;2;0;2;2;0;2;9;0;9;11;1;10;36;4;32;1;0;1;37;4;33;2023
111000;Vergewaltigung und sexuelle Noetigung;5162024;Neuss;insg.;23;0;23;0;0;0;0;0;0;0;0;0;5;0;5;5;0;5;13;0;13;0;0;0;13;0;13;2023
111000;Vergewaltigung und sexuelle Noetigung;9564000;Nuernberg;insg.;88;9;79;0;0;0;0;0;0;0;0;0;15;1;14;19;1;18;54;7;47;0;0;0;54;7;47;2023
111000;Vergewaltigung und sexuelle Noetigung;5119000;Oberhausen;insg.;39;6;33;1;1;0;0;0;0;1;1;0;6;0;6;8;1;7;23;4;19;1;0;1;24;4;20;2023
111000;Vergewaltigung und sexuelle Noetigung;6413000;Offenbach am Main;insg.;23;1;22;0;0;0;1;0;1;1;0;1;1;0;1;1;0;1;20;1;19;0;0;0;20;1;19;2023
111000;Vergewaltigung und sexuelle Noetigung;3403000;Oldenburg (Oldenburg);insg.;32;2;30;0;0;0;3;2;1;3;2;1;7;0;7;6;0;6;16;0;16;0;0;0;16;0;16;2023
111000;Vergewaltigung und sexuelle Noetigung;3404000;Osnabrueck;insg.;49;1;48;0;0;0;2;0;2;2;0;2;11;1;10;5;0;5;31;0;31;0;0;0;31;0;31;2023
111000;Vergewaltigung und sexuelle Noetigung;5774032;Paderborn;insg.;35;1;34;0;0;0;0;0;0;0;0;0;14;0;14;3;1;2;18;0;18;0;0;0;18;0;18;2023
111000;Vergewaltigung und sexuelle Noetigung;8231000;Pforzheim;insg.;44;2;42;0;0;0;0;0;0;0;0;0;8;1;7;3;0;3;32;1;31;1;0;1;33;1;32;2023
111000;Vergewaltigung und sexuelle Noetigung;12054000;Potsdam;insg.;24;1;23;0;0;0;0;0;0;0;0;0;4;0;4;8;0;8;12;1;11;0;0;0;12;1;11;2023
111000;Vergewaltigung und sexuelle Noetigung;5562032;Recklinghausen;insg.;23;0;23;0;0;0;1;0;1;1;0;1;3;0;3;5;0;5;14;0;14;0;0;0;14;0;14;2023
111000;Vergewaltigung und sexuelle Noetigung;9362000;Regensburg;insg.;35;1;34;0;0;0;0;0;0;0;0;0;4;0;4;7;0;7;24;1;23;0;0;0;24;1;23;2023
111000;Vergewaltigung und sexuelle Noetigung;5120000;Remscheid;insg.;20;2;18;0;0;0;0;0;0;0;0;0;7;0;7;5;0;5;8;2;6;0;0;0;8;2;6;2023
111000;Vergewaltigung und sexuelle Noetigung;8415061;Reutlingen;insg.;13;1;12;0;0;0;0;0;0;0;0;0;4;0;4;1;0;1;8;1;7;0;0;0;8;1;7;2023
111000;Vergewaltigung und sexuelle Noetigung;13003000;Rostock, Hanse- und Universit tsstadt;insg.;17;2;15;0;0;0;0;0;0;0;0;0;5;0;5;2;0;2;10;2;8;0;0;0;10;2;8;2023
111000;Vergewaltigung und sexuelle Noetigung;10041100;Saarbruecken;insg.;36;3;33;0;0;0;2;0;2;2;0;2;8;1;7;6;0;6;20;2;18;0;0;0;20;2;18;2023
111000;Vergewaltigung und sexuelle Noetigung;3102000;Salzgitter;insg.;30;0;30;0;0;0;2;0;2;2;0;2;6;0;6;3;0;3;19;0;19;0;0;0;19;0;19;2023
111000;Vergewaltigung und sexuelle Noetigung;13004000;Schwerin;insg.;18;0;18;0;0;0;1;0;1;1;0;1;10;0;10;1;0;1;5;0;5;1;0;1;6;0;6;2023
111000;Vergewaltigung und sexuelle Noetigung;5970040;Siegen;insg.;28;2;26;0;0;0;1;1;0;1;1;0;6;0;6;6;0;6;15;1;14;0;0;0;15;1;14;2023
111000;Vergewaltigung und sexuelle Noetigung;5122000;Solingen;insg.;32;0;32;0;0;0;2;0;2;2;0;2;7;0;7;3;0;3;20;0;20;0;0;0;20;0;20;2023
111000;Vergewaltigung und sexuelle Noetigung;8111000;Stuttgart;insg.;107;3;104;0;0;0;2;0;2;2;0;2;16;0;16;24;2;22;64;1;63;1;0;1;65;1;64;2023
111000;Vergewaltigung und sexuelle Noetigung;7211000;Trier;insg.;20;0;20;0;0;0;0;0;0;0;0;0;4;0;4;5;0;5;11;0;11;0;0;0;11;0;11;2023
111000;Vergewaltigung und sexuelle Noetigung;8421000;Ulm;insg.;30;1;29;0;0;0;2;0;2;2;0;2;11;0;11;4;0;4;13;1;12;0;0;0;13;1;12;2023
111000;Vergewaltigung und sexuelle Noetigung;6414000;Wiesbaden;insg.;46;0;46;0;0;0;0;0;0;0;0;0;12;0;12;7;0;7;25;0;25;2;0;2;27;0;27;2023
111000;Vergewaltigung und sexuelle Noetigung;3103000;Wolfsburg;insg.;23;0;23;0;0;0;0;0;0;0;0;0;7;0;7;4;0;4;12;0;12;0;0;0;12;0;12;2023
111000;Vergewaltigung und sexuelle Noetigung;5124000;Wuppertal;insg.;92;3;89;1;1;0;1;0;1;2;1;1;22;0;22;14;0;14;51;1;50;3;1;2;54;2;52;2023
111000;Vergewaltigung und sexuelle Noetigung;9663000;Wuerzburg;insg.;39;2;37;0;0;0;0;0;0;0;0;0;6;0;6;8;1;7;25;1;24;0;0;0;25;1;24;2023
210000;Raub, raeuberische Erpressung und raeuberischer Angriff auf Kraftfahrer;5334002;Aachen;insg.;320;241;79;0;0;0;2;2;0;2;2;0;18;17;1;20;15;5;246;187;59;34;20;14;280;207;73;2023
210000;Raub, raeuberische Erpressung und raeuberischer Angriff auf Kraftfahrer;9761000;Augsburg;insg.;159;101;58;1;0;1;10;9;1;11;9;2;15;14;1;11;10;1;103;60;43;19;8;11;122;68;54;2023
210000;Raub, raeuberische Erpressung und raeuberischer Angriff auf Kraftfahrer;5378004;Bergisch Gladbach;insg.;89;67;22;0;0;0;13;12;1;13;12;1;28;22;6;4;2;2;34;24;10;10;7;3;44;31;13;2023
210000;Raub, raeuberische Erpressung und raeuberischer Angriff auf Kraftfahrer;11000000;Berlin;insg.;6356;5165;1191;2;1;1;531;494;37;533;495;38;1214;1136;78;594;520;74;3463;2740;723;552;274;278;4015;3014;1001;2023
210000;Raub, raeuberische Erpressung und raeuberischer Angriff auf Kraftfahrer;5711000;Bielefeld;insg.;374;293;81;1;1;0;20;13;7;21;14;7;40;32;8;44;36;8;236;190;46;33;21;12;269;211;58;2023
210000;Raub, raeuberische Erpressung und raeuberischer Angriff auf Kraftfahrer;5911000;Bochum;insg.;396;304;92;0;0;0;36;30;6;36;30;6;76;71;5;35;31;4;203;151;52;46;21;25;249;172;77;2023
210000;Raub, raeuberische Erpressung und raeuberischer Angriff auf Kraftfahrer;5314000;Bonn;insg.;385;304;81;1;0;1;19;12;7;20;12;8;56;51;5;42;40;2;229;178;51;38;23;15;267;201;66;2023
210000;Raub, raeuberische Erpressung und raeuberischer Angriff auf Kraftfahrer;5512000;Bottrop;insg.;89;69;20;0;0;0;12;9;3;12;9;3;22;20;2;7;7;0;42;31;11;6;2;4;48;33;15;2023
210000;Raub, raeuberische Erpressung und raeuberischer Angriff auf Kraftfahrer;3101000;Braunschweig;insg.;257;197;60;0;0;0;12;8;4;12;8;4;40;34;6;32;28;4;147;118;29;26;9;17;173;127;46;2023
210000;Raub, raeuberische Erpressung und raeuberischer Angriff auf Kraftfahrer;4011000;Bremen;insg.;1591;1224;367;0;0;0;47;41;6;47;41;6;166;151;15;108;89;19;1054;806;248;216;137;79;1270;943;327;2023
210000;Raub, raeuberische Erpressung und raeuberischer Angriff auf Kraftfahrer;4012000;Bremerhaven;insg.;263;178;85;0;0;0;7;6;1;7;6;1;13;10;3;15;9;6;200;138;62;28;15;13;228;153;75;2023
210000;Raub, raeuberische Erpressung und raeuberischer Angriff auf Kraftfahrer;14511000;Chemnitz;insg.;305;252;53;0;0;0;28;27;1;28;27;1;33;31;2;20;17;3;200;162;38;24;15;9;224;177;47;2023
210000;Raub, raeuberische Erpressung und raeuberischer Angriff auf Kraftfahrer;6411000;Darmstadt;insg.;146;112;34;0;0;0;7;5;2;7;5;2;17;14;3;12;12;0;104;78;26;6;3;3;110;81;29;2023
210000;Raub, raeuberische Erpressung und raeuberischer Angriff auf Kraftfahrer;5913000;Dortmund;insg.;942;752;190;0;0;0;45;40;5;45;40;5;118;106;12;82;69;13;616;492;124;81;45;36;697;537;160;2023
210000;Raub, raeuberische Erpressung und raeuberischer Angriff auf Kraftfahrer;14612000;Dresden;insg.;635;529;106;0;0;0;60;55;5;60;55;5;168;158;10;67;65;2;310;239;71;30;12;18;340;251;89;2023
210000;Raub, raeuberische Erpressung und raeuberischer Angriff auf Kraftfahrer;5112000;Duisburg;insg.;610;441;169;0;0;0;70;62;8;70;62;8;67;55;12;51;41;10;357;248;109;65;35;30;422;283;139;2023
210000;Raub, raeuberische Erpressung und raeuberischer Angriff auf Kraftfahrer;5111000;Duesseldorf;insg.;1031;798;233;1;0;1;56;52;4;57;52;5;170;154;16;108;84;24;610;471;139;86;37;49;696;508;188;2023
210000;Raub, raeuberische Erpressung und raeuberischer Angriff auf Kraftfahrer;16051000;Erfurt;insg.;281;222;59;1;1;0;32;25;7;33;26;7;67;61;6;25;21;4;128;92;36;28;22;6;156;114;42;2023
210000;Raub, raeuberische Erpressung und raeuberischer Angriff auf Kraftfahrer;9562000;Erlangen;insg.;39;31;8;0;0;0;0;0;0;0;0;0;4;2;2;3;3;0;26;23;3;6;3;3;32;26;6;2023
210000;Raub, raeuberische Erpressung und raeuberischer Angriff auf Kraftfahrer;5113000;Essen;insg.;622;469;153;3;3;0;38;34;4;41;37;4;68;64;4;45;36;9;396;299;97;72;33;39;468;332;136;2023
210000;Raub, raeuberische Erpressung und raeuberischer Angriff auf Kraftfahrer;6412000;Frankfurt am Main;insg.;1430;1180;250;1;1;0;40;34;6;41;35;6;86;76;10;106;91;15;1088;899;189;109;79;30;1197;978;219;2023
210000;Raub, raeuberische Erpressung und raeuberischer Angriff auf Kraftfahrer;8311000;Freiburg im Breisgau;insg.;230;177;53;0;0;0;4;2;2;4;2;2;19;18;1;23;19;4;164;128;36;20;10;10;184;138;46;2023
210000;Raub, raeuberische Erpressung und raeuberischer Angriff auf Kraftfahrer;9563000;Fuerth;insg.;44;27;17;0;0;0;2;2;0;2;2;0;1;0;1;7;6;1;33;19;14;1;0;1;34;19;15;2023
210000;Raub, raeuberische Erpressung und raeuberischer Angriff auf Kraftfahrer;5513000;Gelsenkirchen;insg.;560;448;112;1;1;0;149;144;5;150;145;5;122;110;12;32;23;9;214;148;66;42;22;20;256;170;86;2023
210000;Raub, raeuberische Erpressung und raeuberischer Angriff auf Kraftfahrer;3159016;Goettingen;insg.;123;98;25;0;0;0;11;8;3;11;8;3;11;7;4;11;10;1;75;60;15;15;13;2;90;73;17;2023
210000;Raub, raeuberische Erpressung und raeuberischer Angriff auf Kraftfahrer;5754008;Guetersloh;insg.;82;54;28;0;0;0;4;4;0;4;4;0;6;5;1;7;5;2;57;35;22;8;5;3;65;40;25;2023
210000;Raub, raeuberische Erpressung und raeuberischer Angriff auf Kraftfahrer;5914000;Hagen;insg.;198;145;53;0;0;0;18;12;6;18;12;6;30;29;1;11;7;4;126;89;37;13;8;5;139;97;42;2023
210000;Raub, raeuberische Erpressung und raeuberischer Angriff auf Kraftfahrer;15002000;Halle (Saale);insg.;375;296;79;0;0;0;52;41;11;52;41;11;82;76;6;41;35;6;182;136;46;18;8;10;200;144;56;2023
210000;Raub, raeuberische Erpressung und raeuberischer Angriff auf Kraftfahrer;2000000;Hamburg;insg.;2406;1955;451;1;0;1;145;128;17;146;128;18;256;234;22;204;175;29;1624;1319;305;176;99;77;1800;1418;382;2023
210000;Raub, raeuberische Erpressung und raeuberischer Angriff auf Kraftfahrer;5915000;Hamm;insg.;236;179;57;0;0;0;19;18;1;19;18;1;35;34;1;20;13;7;145;107;38;17;7;10;162;114;48;2023
210000;Raub, raeuberische Erpressung und raeuberischer Angriff auf Kraftfahrer;6435014;Hanau;insg.;59;39;20;0;0;0;1;1;0;1;1;0;2;2;0;6;5;1;44;28;16;6;3;3;50;31;19;2023
210000;Raub, raeuberische Erpressung und raeuberischer Angriff auf Kraftfahrer;3241001;Hannover;insg.;1184;953;231;0;0;0;41;37;4;41;37;4;153;142;11;93;75;18;800;656;144;97;43;54;897;699;198;2023
210000;Raub, raeuberische Erpressung und raeuberischer Angriff auf Kraftfahrer;8221000;Heidelberg;insg.;117;98;19;0;0;0;1;0;1;1;0;1;14;13;1;12;12;0;85;70;15;5;3;2;90;73;17;2023
210000;Raub, raeuberische Erpressung und raeuberischer Angriff auf Kraftfahrer;8121000;Heilbronn;insg.;76;51;25;0;0;0;4;3;1;4;3;1;11;9;2;7;4;3;49;34;15;5;1;4;54;35;19;2023
210000;Raub, raeuberische Erpressung und raeuberischer Angriff auf Kraftfahrer;5916000;Herne;insg.;146;106;40;0;0;0;22;18;4;22;18;4;18;18;0;9;7;2;75;54;21;22;9;13;97;63;34;2023
210000;Raub, raeuberische Erpressung und raeuberischer Angriff auf Kraftfahrer;3254021;Hildesheim;insg.;103;88;15;0;0;0;8;8;0;8;8;0;32;32;0;7;6;1;47;36;11;9;6;3;56;42;14;2023
210000;Raub, raeuberische Erpressung und raeuberischer Angriff auf Kraftfahrer;9161000;Ingolstadt;insg.;47;38;9;0;0;0;6;6;0;6;6;0;4;4;0;5;3;2;32;25;7;0;0;0;32;25;7;2023
210000;Raub, raeuberische Erpressung und raeuberischer Angriff auf Kraftfahrer;16053000;Jena;insg.;38;27;11;0;0;0;4;4;0;4;4;0;3;3;0;2;2;0;26;17;9;3;1;2;29;18;11;2023
210000;Raub, raeuberische Erpressung und raeuberischer Angriff auf Kraftfahrer;7312000;Kaiserslautern;insg.;97;80;17;0;0;0;3;3;0;3;3;0;9;9;0;16;15;1;60;48;12;9;5;4;69;53;16;2023
210000;Raub, raeuberische Erpressung und raeuberischer Angriff auf Kraftfahrer;8212000;Karlsruhe;insg.;274;213;61;0;0;0;15;15;0;15;15;0;34;29;5;37;29;8;169;133;36;19;7;12;188;140;48;2023
210000;Raub, raeuberische Erpressung und raeuberischer Angriff auf Kraftfahrer;6611000;Kassel;insg.;262;206;56;1;1;0;12;11;1;13;12;1;15;12;3;23;20;3;192;149;43;19;13;6;211;162;49;2023
210000;Raub, raeuberische Erpressung und raeuberischer Angriff auf Kraftfahrer;1002000;Kiel;insg.;265;222;43;0;0;0;7;6;1;7;6;1;44;43;1;31;27;4;168;135;33;15;11;4;183;146;37;2023
210000;Raub, raeuberische Erpressung und raeuberischer Angriff auf Kraftfahrer;7111000;Koblenz;insg.;103;85;18;0;0;0;4;4;0;4;4;0;34;33;1;13;13;0;42;27;15;10;8;2;52;35;17;2023
210000;Raub, raeuberische Erpressung und raeuberischer Angriff auf Kraftfahrer;5315000;Koeln;insg.;1574;1200;374;5;2;3;110;90;20;115;92;23;174;149;25;155;119;36;973;746;227;157;94;63;1130;840;290;2023
210000;Raub, raeuberische Erpressung und raeuberischer Angriff auf Kraftfahrer;5114000;Krefeld;insg.;322;262;60;0;0;0;36;32;4;36;32;4;62;60;2;33;27;6;165;128;37;26;15;11;191;143;48;2023
210000;Raub, raeuberische Erpressung und raeuberischer Angriff auf Kraftfahrer;14713000;Leipzig;insg.;615;504;111;0;0;0;49;47;2;49;47;2;101;89;12;68;62;6;368;289;79;29;17;12;397;306;91;2023
210000;Raub, raeuberische Erpressung und raeuberischer Angriff auf Kraftfahrer;5316000;Leverkusen;insg.;118;90;28;0;0;0;15;15;0;15;15;0;17;16;1;11;10;1;60;43;17;15;6;9;75;49;26;2023
210000;Raub, raeuberische Erpressung und raeuberischer Angriff auf Kraftfahrer;1003000;Luebeck;insg.;193;141;52;0;0;0;9;6;3;9;6;3;18;15;3;20;17;3;134;99;35;12;4;8;146;103;43;2023
210000;Raub, raeuberische Erpressung und raeuberischer Angriff auf Kraftfahrer;7314000;Ludwigshafen am Rhein;insg.;172;117;55;0;0;0;33;29;4;33;29;4;25;25;0;6;4;2;93;53;40;15;6;9;108;59;49;2023
210000;Raub, raeuberische Erpressung und raeuberischer Angriff auf Kraftfahrer;15003000;Magdeburg;insg.;329;260;69;0;0;0;13;12;1;13;12;1;48;41;7;39;35;4;213;164;49;16;8;8;229;172;57;2023
210000;Raub, raeuberische Erpressung und raeuberischer Angriff auf Kraftfahrer;7315000;Mainz;insg.;102;86;16;0;0;0;5;4;1;5;4;1;18;12;6;15;13;2;54;49;5;10;8;2;64;57;7;2023
210000;Raub, raeuberische Erpressung und raeuberischer Angriff auf Kraftfahrer;8222000;Mannheim;insg.;296;250;46;0;0;0;8;6;2;8;6;2;37;36;1;27;22;5;191;163;28;33;23;10;224;186;38;2023
210000;Raub, raeuberische Erpressung und raeuberischer Angriff auf Kraftfahrer;5170024;Moers;insg.;72;49;23;0;0;0;7;6;1;7;6;1;15;12;3;5;3;2;35;24;11;10;4;6;45;28;17;2023
210000;Raub, raeuberische Erpressung und raeuberischer Angriff auf Kraftfahrer;5116000;Moenchengladbach;insg.;366;279;87;0;0;0;34;22;12;34;22;12;60;56;4;28;26;2;206;157;49;38;18;20;244;175;69;2023
210000;Raub, raeuberische Erpressung und raeuberischer Angriff auf Kraftfahrer;5117000;Muelheim an der Ruhr;insg.;101;71;30;0;0;0;14;13;1;14;13;1;15;12;3;7;5;2;51;34;17;14;7;7;65;41;24;2023
210000;Raub, raeuberische Erpressung und raeuberischer Angriff auf Kraftfahrer;9162000;Muenchen;insg.;880;681;199;0;0;0;58;49;9;58;49;9;133;121;12;83;70;13;535;395;140;71;46;25;606;441;165;2023
210000;Raub, raeuberische Erpressung und raeuberischer Angriff auf Kraftfahrer;5515000;Muenster;insg.;377;286;91;0;0;0;13;11;2;13;11;2;48;39;9;38;30;8;250;191;59;28;15;13;278;206;72;2023
210000;Raub, raeuberische Erpressung und raeuberischer Angriff auf Kraftfahrer;5162024;Neuss;insg.;120;99;21;1;1;0;5;5;0;6;6;0;18;18;0;8;8;0;75;61;14;13;6;7;88;67;21;2023
210000;Raub, raeuberische Erpressung und raeuberischer Angriff auf Kraftfahrer;9564000;Nuernberg;insg.;324;248;76;0;0;0;22;19;3;22;19;3;28;23;5;21;15;6;228;180;48;25;11;14;253;191;62;2023
210000;Raub, raeuberische Erpressung und raeuberischer Angriff auf Kraftfahrer;5119000;Oberhausen;insg.;274;213;61;0;0;0;50;48;2;50;48;2;79;73;6;11;9;2;103;69;34;31;14;17;134;83;51;2023
210000;Raub, raeuberische Erpressung und raeuberischer Angriff auf Kraftfahrer;6413000;Offenbach am Main;insg.;112;87;25;0;0;0;4;4;0;4;4;0;14;14;0;8;5;3;67;53;14;19;11;8;86;64;22;2023
210000;Raub, raeuberische Erpressung und raeuberischer Angriff auf Kraftfahrer;3403000;Oldenburg (Oldenburg);insg.;171;124;47;0;0;0;3;3;0;3;3;0;20;19;1;13;12;1;119;81;38;16;9;7;135;90;45;2023
210000;Raub, raeuberische Erpressung und raeuberischer Angriff auf Kraftfahrer;3404000;Osnabrueck;insg.;202;148;54;0;0;0;9;5;4;9;5;4;22;17;5;25;18;7;137;103;34;9;5;4;146;108;38;2023
210000;Raub, raeuberische Erpressung und raeuberischer Angriff auf Kraftfahrer;5774032;Paderborn;insg.;147;113;34;0;0;0;3;0;3;3;0;3;18;12;6;17;15;2;99;80;19;10;6;4;109;86;23;2023
210000;Raub, raeuberische Erpressung und raeuberischer Angriff auf Kraftfahrer;8231000;Pforzheim;insg.;96;73;23;0;0;0;5;5;0;5;5;0;11;10;1;5;4;1;68;49;19;7;5;2;75;54;21;2023
210000;Raub, raeuberische Erpressung und raeuberischer Angriff auf Kraftfahrer;12054000;Potsdam;insg.;151;110;41;0;0;0;10;9;1;10;9;1;25;22;3;13;12;1;86;58;28;17;9;8;103;67;36;2023
210000;Raub, raeuberische Erpressung und raeuberischer Angriff auf Kraftfahrer;5562032;Recklinghausen;insg.;123;88;35;1;1;0;12;11;1;13;12;1;9;7;2;11;8;3;77;56;21;13;5;8;90;61;29;2023
210000;Raub, raeuberische Erpressung und raeuberischer Angriff auf Kraftfahrer;9362000;Regensburg;insg.;134;106;28;0;0;0;7;6;1;7;6;1;21;20;1;14;12;2;85;66;19;7;2;5;92;68;24;2023
210000;Raub, raeuberische Erpressung und raeuberischer Angriff auf Kraftfahrer;5120000;Remscheid;insg.;76;62;14;0;0;0;5;5;0;5;5;0;20;19;1;5;5;0;38;27;11;8;6;2;46;33;13;2023
210000;Raub, raeuberische Erpressung und raeuberischer Angriff auf Kraftfahrer;8415061;Reutlingen;insg.;81;63;18;0;0;0;6;4;2;6;4;2;13;12;1;5;5;0;50;38;12;7;4;3;57;42;15;2023
210000;Raub, raeuberische Erpressung und raeuberischer Angriff auf Kraftfahrer;13003000;Rostock, Hanse- und Universit tsstadt;insg.;218;175;43;0;0;0;35;32;3;35;32;3;34;25;9;30;28;2;106;86;20;13;4;9;119;90;29;2023
210000;Raub, raeuberische Erpressung und raeuberischer Angriff auf Kraftfahrer;10041100;Saarbruecken;insg.;232;186;46;0;0;0;12;10;2;12;10;2;18;16;2;24;19;5;157;127;30;21;14;7;178;141;37;2023
210000;Raub, raeuberische Erpressung und raeuberischer Angriff auf Kraftfahrer;3102000;Salzgitter;insg.;70;47;23;0;0;0;6;5;1;6;5;1;7;6;1;7;7;0;46;28;18;4;1;3;50;29;21;2023
210000;Raub, raeuberische Erpressung und raeuberischer Angriff auf Kraftfahrer;13004000;Schwerin;insg.;129;99;30;0;0;0;1;1;0;1;1;0;23;17;6;13;13;0;87;65;22;5;3;2;92;68;24;2023
210000;Raub, raeuberische Erpressung und raeuberischer Angriff auf Kraftfahrer;5970040;Siegen;insg.;97;74;23;0;0;0;4;3;1;4;3;1;20;16;4;7;5;2;62;48;14;4;2;2;66;50;16;2023
210000;Raub, raeuberische Erpressung und raeuberischer Angriff auf Kraftfahrer;5122000;Solingen;insg.;108;83;25;0;0;0;15;13;2;15;13;2;21;18;3;13;11;2;54;39;15;5;2;3;59;41;18;2023
210000;Raub, raeuberische Erpressung und raeuberischer Angriff auf Kraftfahrer;8111000;Stuttgart;insg.;744;567;177;0;0;0;20;17;3;20;17;3;43;34;9;49;41;8;561;424;137;71;51;20;632;475;157;2023
210000;Raub, raeuberische Erpressung und raeuberischer Angriff auf Kraftfahrer;7211000;Trier;insg.;81;66;15;0;0;0;1;1;0;1;1;0;8;7;1;8;7;1;58;47;11;6;4;2;64;51;13;2023
210000;Raub, raeuberische Erpressung und raeuberischer Angriff auf Kraftfahrer;8421000;Ulm;insg.;97;71;26;0;0;0;2;2;0;2;2;0;8;7;1;4;3;1;76;56;20;7;3;4;83;59;24;2023
210000;Raub, raeuberische Erpressung und raeuberischer Angriff auf Kraftfahrer;6414000;Wiesbaden;insg.;186;134;52;1;0;1;12;9;3;13;9;4;26;26;0;14;11;3;119;81;38;14;7;7;133;88;45;2023
210000;Raub, raeuberische Erpressung und raeuberischer Angriff auf Kraftfahrer;3103000;Wolfsburg;insg.;113;81;32;0;0;0;2;2;0;2;2;0;12;9;3;8;5;3;85;61;24;6;4;2;91;65;26;2023
210000;Raub, raeuberische Erpressung und raeuberischer Angriff auf Kraftfahrer;5124000;Wuppertal;insg.;453;331;122;4;3;1;37;32;5;41;35;6;61;49;12;36;29;7;272;194;78;43;24;19;315;218;97;2023
210000;Raub, raeuberische Erpressung und raeuberischer Angriff auf Kraftfahrer;9663000;Wuerzburg;insg.;79;64;15;0;0;0;1;0;1;1;0;1;13;12;1;15;14;1;46;35;11;4;3;1;50;38;12;2023
211000;Raub, raeuberische Erpressung auf/gegen Geldinstitute, Postfilialen und -agenturen;5334002;Aachen;insg.;0;0;0;0;0;0;0;0;0;0;0;0;0;0;0;0;0;0;0;0;0;0;0;0;0;0;0;2023
211000;Raub, raeuberische Erpressung auf/gegen Geldinstitute, Postfilialen und -agenturen;9761000;Augsburg;insg.;5;1;4;0;0;0;0;0;0;0;0;0;0;0;0;0;0;0;5;1;4;0;0;0;5;1;4;2023
211000;Raub, raeuberische Erpressung auf/gegen Geldinstitute, Postfilialen und -agenturen;5378004;Bergisch Gladbach;insg.;0;0;0;0;0;0;0;0;0;0;0;0;0;0;0;0;0;0;0;0;0;0;0;0;0;0;0;2023
211000;Raub, raeuberische Erpressung auf/gegen Geldinstitute, Postfilialen und -agenturen;11000000;Berlin;insg.;3;1;2;0;0;0;0;0;0;0;0;0;0;0;0;0;0;0;3;1;2;0;0;0;3;1;2;2023
211000;Raub, raeuberische Erpressung auf/gegen Geldinstitute, Postfilialen und -agenturen;5711000;Bielefeld;insg.;0;0;0;0;0;0;0;0;0;0;0;0;0;0;0;0;0;0;0;0;0;0;0;0;0;0;0;2023
211000;Raub, raeuberische Erpressung auf/gegen Geldinstitute, Postfilialen und -agenturen;5911000;Bochum;insg.;0;0;0;0;0;0;0;0;0;0;0;0;0;0;0;0;0;0;0;0;0;0;0;0;0;0;0;2023
211000;Raub, raeuberische Erpressung auf/gegen Geldinstitute, Postfilialen und -agenturen;5314000;Bonn;insg.;0;0;0;0;0;0;0;0;0;0;0;0;0;0;0;0;0;0;0;0;0;0;0;0;0;0;0;2023
211000;Raub, raeuberische Erpressung auf/gegen Geldinstitute, Postfilialen und -agenturen;5512000;Bottrop;insg.;0;0;0;0;0;0;0;0;0;0;0;0;0;0;0;0;0;0;0;0;0;0;0;0;0;0;0;2023
211000;Raub, raeuberische Erpressung auf/gegen Geldinstitute, Postfilialen und -agenturen;3101000;Braunschweig;insg.;0;0;0;0;0;0;0;0;0;0;0;0;0;0;0;0;0;0;0;0;0;0;0;0;0;0;0;2023
211000;Raub, raeuberische Erpressung auf/gegen Geldinstitute, Postfilialen und -agenturen;4011000;Bremen;insg.;2;1;1;0;0;0;0;0;0;0;0;0;0;0;0;0;0;0;2;1;1;0;0;0;2;1;1;2023
211000;Raub, raeuberische Erpressung auf/gegen Geldinstitute, Postfilialen und -agenturen;4012000;Bremerhaven;insg.;1;1;0;0;0;0;0;0;0;0;0;0;0;0;0;1;1;0;0;0;0;0;0;0;0;0;0;2023
211000;Raub, raeuberische Erpressung auf/gegen Geldinstitute, Postfilialen und -agenturen;14511000;Chemnitz;insg.;0;0;0;0;0;0;0;0;0;0;0;0;0;0;0;0;0;0;0;0;0;0;0;0;0;0;0;2023
211000;Raub, raeuberische Erpressung auf/gegen Geldinstitute, Postfilialen und -agenturen;6411000;Darmstadt;insg.;0;0;0;0;0;0;0;0;0;0;0;0;0;0;0;0;0;0;0;0;0;0;0;0;0;0;0;2023
211000;Raub, raeuberische Erpressung auf/gegen Geldinstitute, Postfilialen und -agenturen;5913000;Dortmund;insg.;1;0;1;0;0;0;0;0;0;0;0;0;0;0;0;0;0;0;1;0;1;0;0;0;1;0;1;2023
211000;Raub, raeuberische Erpressung auf/gegen Geldinstitute, Postfilialen und -agenturen;14612000;Dresden;insg.;1;0;1;0;0;0;0;0;0;0;0;0;0;0;0;0;0;0;1;0;1;0;0;0;1;0;1;2023
211000;Raub, raeuberische Erpressung auf/gegen Geldinstitute, Postfilialen und -agenturen;5112000;Duisburg;insg.;0;0;0;0;0;0;0;0;0;0;0;0;0;0;0;0;0;0;0;0;0;0;0;0;0;0;0;2023
211000;Raub, raeuberische Erpressung auf/gegen Geldinstitute, Postfilialen und -agenturen;5111000;Duesseldorf;insg.;0;0;0;0;0;0;0;0;0;0;0;0;0;0;0;0;0;0;0;0;0;0;0;0;0;0;0;2023
211000;Raub, raeuberische Erpressung auf/gegen Geldinstitute, Postfilialen und -agenturen;16051000;Erfurt;insg.;0;0;0;0;0;0;0;0;0;0;0;0;0;0;0;0;0;0;0;0;0;0;0;0;0;0;0;2023
211000;Raub, raeuberische Erpressung auf/gegen Geldinstitute, Postfilialen und -agenturen;9562000;Erlangen;insg.;0;0;0;0;0;0;0;0;0;0;0;0;0;0;0;0;0;0;0;0;0;0;0;0;0;0;0;2023
211000;Raub, raeuberische Erpressung auf/gegen Geldinstitute, Postfilialen und -agenturen;5113000;Essen;insg.;2;1;1;0;0;0;0;0;0;0;0;0;0;0;0;0;0;0;2;1;1;0;0;0;2;1;1;2023
211000;Raub, raeuberische Erpressung auf/gegen Geldinstitute, Postfilialen und -agenturen;6412000;Frankfurt am Main;insg.;0;0;0;0;0;0;0;0;0;0;0;0;0;0;0;0;0;0;0;0;0;0;0;0;0;0;0;2023
211000;Raub, raeuberische Erpressung auf/gegen Geldinstitute, Postfilialen und -agenturen;8311000;Freiburg im Breisgau;insg.;0;0;0;0;0;0;0;0;0;0;0;0;0;0;0;0;0;0;0;0;0;0;0;0;0;0;0;2023
211000;Raub, raeuberische Erpressung auf/gegen Geldinstitute, Postfilialen und -agenturen;9563000;Fuerth;insg.;0;0;0;0;0;0;0;0;0;0;0;0;0;0;0;0;0;0;0;0;0;0;0;0;0;0;0;2023
211000;Raub, raeuberische Erpressung auf/gegen Geldinstitute, Postfilialen und -agenturen;5513000;Gelsenkirchen;insg.;0;0;0;0;0;0;0;0;0;0;0;0;0;0;0;0;0;0;0;0;0;0;0;0;0;0;0;2023
211000;Raub, raeuberische Erpressung auf/gegen Geldinstitute, Postfilialen und -agenturen;3159016;Goettingen;insg.;0;0;0;0;0;0;0;0;0;0;0;0;0;0;0;0;0;0;0;0;0;0;0;0;0;0;0;2023
211000;Raub, raeuberische Erpressung auf/gegen Geldinstitute, Postfilialen und -agenturen;5754008;Guetersloh;insg.;0;0;0;0;0;0;0;0;0;0;0;0;0;0;0;0;0;0;0;0;0;0;0;0;0;0;0;2023
211000;Raub, raeuberische Erpressung auf/gegen Geldinstitute, Postfilialen und -agenturen;5914000;Hagen;insg.;0;0;0;0;0;0;0;0;0;0;0;0;0;0;0;0;0;0;0;0;0;0;0;0;0;0;0;2023
211000;Raub, raeuberische Erpressung auf/gegen Geldinstitute, Postfilialen und -agenturen;15002000;Halle (Saale);insg.;0;0;0;0;0;0;0;0;0;0;0;0;0;0;0;0;0;0;0;0;0;0;0;0;0;0;0;2023
211000;Raub, raeuberische Erpressung auf/gegen Geldinstitute, Postfilialen und -agenturen;2000000;Hamburg;insg.;0;0;0;0;0;0;0;0;0;0;0;0;0;0;0;0;0;0;0;0;0;0;0;0;0;0;0;2023
211000;Raub, raeuberische Erpressung auf/gegen Geldinstitute, Postfilialen und -agenturen;5915000;Hamm;insg.;0;0;0;0;0;0;0;0;0;0;0;0;0;0;0;0;0;0;0;0;0;0;0;0;0;0;0;2023
211000;Raub, raeuberische Erpressung auf/gegen Geldinstitute, Postfilialen und -agenturen;6435014;Hanau;insg.;0;0;0;0;0;0;0;0;0;0;0;0;0;0;0;0;0;0;0;0;0;0;0;0;0;0;0;2023
211000;Raub, raeuberische Erpressung auf/gegen Geldinstitute, Postfilialen und -agenturen;3241001;Hannover;insg.;1;1;0;0;0;0;0;0;0;0;0;0;0;0;0;0;0;0;1;1;0;0;0;0;1;1;0;2023
211000;Raub, raeuberische Erpressung auf/gegen Geldinstitute, Postfilialen und -agenturen;8221000;Heidelberg;insg.;0;0;0;0;0;0;0;0;0;0;0;0;0;0;0;0;0;0;0;0;0;0;0;0;0;0;0;2023
211000;Raub, raeuberische Erpressung auf/gegen Geldinstitute, Postfilialen und -agenturen;8121000;Heilbronn;insg.;0;0;0;0;0;0;0;0;0;0;0;0;0;0;0;0;0;0;0;0;0;0;0;0;0;0;0;2023
211000;Raub, raeuberische Erpressung auf/gegen Geldinstitute, Postfilialen und -agenturen;5916000;Herne;insg.;0;0;0;0;0;0;0;0;0;0;0;0;0;0;0;0;0;0;0;0;0;0;0;0;0;0;0;2023
211000;Raub, raeuberische Erpressung auf/gegen Geldinstitute, Postfilialen und -agenturen;3254021;Hildesheim;insg.;0;0;0;0;0;0;0;0;0;0;0;0;0;0;0;0;0;0;0;0;0;0;0;0;0;0;0;2023
211000;Raub, raeuberische Erpressung auf/gegen Geldinstitute, Postfilialen und -agenturen;9161000;Ingolstadt;insg.;0;0;0;0;0;0;0;0;0;0;0;0;0;0;0;0;0;0;0;0;0;0;0;0;0;0;0;2023
211000;Raub, raeuberische Erpressung auf/gegen Geldinstitute, Postfilialen und -agenturen;16053000;Jena;insg.;0;0;0;0;0;0;0;0;0;0;0;0;0;0;0;0;0;0;0;0;0;0;0;0;0;0;0;2023
211000;Raub, raeuberische Erpressung auf/gegen Geldinstitute, Postfilialen und -agenturen;7312000;Kaiserslautern;insg.;0;0;0;0;0;0;0;0;0;0;0;0;0;0;0;0;0;0;0;0;0;0;0;0;0;0;0;2023
211000;Raub, raeuberische Erpressung auf/gegen Geldinstitute, Postfilialen und -agenturen;8212000;Karlsruhe;insg.;0;0;0;0;0;0;0;0;0;0;0;0;0;0;0;0;0;0;0;0;0;0;0;0;0;0;0;2023
211000;Raub, raeuberische Erpressung auf/gegen Geldinstitute, Postfilialen und -agenturen;6611000;Kassel;insg.;0;0;0;0;0;0;0;0;0;0;0;0;0;0;0;0;0;0;0;0;0;0;0;0;0;0;0;2023
211000;Raub, raeuberische Erpressung auf/gegen Geldinstitute, Postfilialen und -agenturen;1002000;Kiel;insg.;0;0;0;0;0;0;0;0;0;0;0;0;0;0;0;0;0;0;0;0;0;0;0;0;0;0;0;2023
211000;Raub, raeuberische Erpressung auf/gegen Geldinstitute, Postfilialen und -agenturen;7111000;Koblenz;insg.;0;0;0;0;0;0;0;0;0;0;0;0;0;0;0;0;0;0;0;0;0;0;0;0;0;0;0;2023
211000;Raub, raeuberische Erpressung auf/gegen Geldinstitute, Postfilialen und -agenturen;5315000;Koeln;insg.;0;0;0;0;0;0;0;0;0;0;0;0;0;0;0;0;0;0;0;0;0;0;0;0;0;0;0;2023
211000;Raub, raeuberische Erpressung auf/gegen Geldinstitute, Postfilialen und -agenturen;5114000;Krefeld;insg.;1;0;1;0;0;0;0;0;0;0;0;0;0;0;0;1;0;1;0;0;0;0;0;0;0;0;0;2023
211000;Raub, raeuberische Erpressung auf/gegen Geldinstitute, Postfilialen und -agenturen;14713000;Leipzig;insg.;0;0;0;0;0;0;0;0;0;0;0;0;0;0;0;0;0;0;0;0;0;0;0;0;0;0;0;2023
211000;Raub, raeuberische Erpressung auf/gegen Geldinstitute, Postfilialen und -agenturen;5316000;Leverkusen;insg.;0;0;0;0;0;0;0;0;0;0;0;0;0;0;0;0;0;0;0;0;0;0;0;0;0;0;0;2023
211000;Raub, raeuberische Erpressung auf/gegen Geldinstitute, Postfilialen und -agenturen;1003000;Luebeck;insg.;0;0;0;0;0;0;0;0;0;0;0;0;0;0;0;0;0;0;0;0;0;0;0;0;0;0;0;2023
211000;Raub, raeuberische Erpressung auf/gegen Geldinstitute, Postfilialen und -agenturen;7314000;Ludwigshafen am Rhein;insg.;0;0;0;0;0;0;0;0;0;0;0;0;0;0;0;0;0;0;0;0;0;0;0;0;0;0;0;2023
211000;Raub, raeuberische Erpressung auf/gegen Geldinstitute, Postfilialen und -agenturen;15003000;Magdeburg;insg.;1;0;1;0;0;0;0;0;0;0;0;0;0;0;0;0;0;0;1;0;1;0;0;0;1;0;1;2023
211000;Raub, raeuberische Erpressung auf/gegen Geldinstitute, Postfilialen und -agenturen;7315000;Mainz;insg.;0;0;0;0;0;0;0;0;0;0;0;0;0;0;0;0;0;0;0;0;0;0;0;0;0;0;0;2023
211000;Raub, raeuberische Erpressung auf/gegen Geldinstitute, Postfilialen und -agenturen;8222000;Mannheim;insg.;0;0;0;0;0;0;0;0;0;0;0;0;0;0;0;0;0;0;0;0;0;0;0;0;0;0;0;2023
211000;Raub, raeuberische Erpressung auf/gegen Geldinstitute, Postfilialen und -agenturen;5170024;Moers;insg.;0;0;0;0;0;0;0;0;0;0;0;0;0;0;0;0;0;0;0;0;0;0;0;0;0;0;0;2023
211000;Raub, raeuberische Erpressung auf/gegen Geldinstitute, Postfilialen und -agenturen;5116000;Moenchengladbach;insg.;0;0;0;0;0;0;0;0;0;0;0;0;0;0;0;0;0;0;0;0;0;0;0;0;0;0;0;2023
211000;Raub, raeuberische Erpressung auf/gegen Geldinstitute, Postfilialen und -agenturen;5117000;Muelheim an der Ruhr;insg.;0;0;0;0;0;0;0;0;0;0;0;0;0;0;0;0;0;0;0;0;0;0;0;0;0;0;0;2023
211000;Raub, raeuberische Erpressung auf/gegen Geldinstitute, Postfilialen und -agenturen;9162000;Muenchen;insg.;0;0;0;0;0;0;0;0;0;0;0;0;0;0;0;0;0;0;0;0;0;0;0;0;0;0;0;2023
211000;Raub, raeuberische Erpressung auf/gegen Geldinstitute, Postfilialen und -agenturen;5515000;Muenster;insg.;0;0;0;0;0;0;0;0;0;0;0;0;0;0;0;0;0;0;0;0;0;0;0;0;0;0;0;2023
211000;Raub, raeuberische Erpressung auf/gegen Geldinstitute, Postfilialen und -agenturen;5162024;Neuss;insg.;1;1;0;0;0;0;0;0;0;0;0;0;0;0;0;0;0;0;1;1;0;0;0;0;1;1;0;2023
211000;Raub, raeuberische Erpressung auf/gegen Geldinstitute, Postfilialen und -agenturen;9564000;Nuernberg;insg.;0;0;0;0;0;0;0;0;0;0;0;0;0;0;0;0;0;0;0;0;0;0;0;0;0;0;0;2023
211000;Raub, raeuberische Erpressung auf/gegen Geldinstitute, Postfilialen und -agenturen;5119000;Oberhausen;insg.;0;0;0;0;0;0;0;0;0;0;0;0;0;0;0;0;0;0;0;0;0;0;0;0;0;0;0;2023
211000;Raub, raeuberische Erpressung auf/gegen Geldinstitute, Postfilialen und -agenturen;6413000;Offenbach am Main;insg.;0;0;0;0;0;0;0;0;0;0;0;0;0;0;0;0;0;0;0;0;0;0;0;0;0;0;0;2023
211000;Raub, raeuberische Erpressung auf/gegen Geldinstitute, Postfilialen und -agenturen;3403000;Oldenburg (Oldenburg);insg.;0;0;0;0;0;0;0;0;0;0;0;0;0;0;0;0;0;0;0;0;0;0;0;0;0;0;0;2023
211000;Raub, raeuberische Erpressung auf/gegen Geldinstitute, Postfilialen und -agenturen;3404000;Osnabrueck;insg.;0;0;0;0;0;0;0;0;0;0;0;0;0;0;0;0;0;0;0;0;0;0;0;0;0;0;0;2023
211000;Raub, raeuberische Erpressung auf/gegen Geldinstitute, Postfilialen und -agenturen;5774032;Paderborn;insg.;0;0;0;0;0;0;0;0;0;0;0;0;0;0;0;0;0;0;0;0;0;0;0;0;0;0;0;2023
211000;Raub, raeuberische Erpressung auf/gegen Geldinstitute, Postfilialen und -agenturen;8231000;Pforzheim;insg.;0;0;0;0;0;0;0;0;0;0;0;0;0;0;0;0;0;0;0;0;0;0;0;0;0;0;0;2023
211000;Raub, raeuberische Erpressung auf/gegen Geldinstitute, Postfilialen und -agenturen;12054000;Potsdam;insg.;1;1;0;0;0;0;0;0;0;0;0;0;0;0;0;0;0;0;1;1;0;0;0;0;1;1;0;2023
211000;Raub, raeuberische Erpressung auf/gegen Geldinstitute, Postfilialen und -agenturen;5562032;Recklinghausen;insg.;0;0;0;0;0;0;0;0;0;0;0;0;0;0;0;0;0;0;0;0;0;0;0;0;0;0;0;2023
211000;Raub, raeuberische Erpressung auf/gegen Geldinstitute, Postfilialen und -agenturen;9362000;Regensburg;insg.;0;0;0;0;0;0;0;0;0;0;0;0;0;0;0;0;0;0;0;0;0;0;0;0;0;0;0;2023
211000;Raub, raeuberische Erpressung auf/gegen Geldinstitute, Postfilialen und -agenturen;5120000;Remscheid;insg.;0;0;0;0;0;0;0;0;0;0;0;0;0;0;0;0;0;0;0;0;0;0;0;0;0;0;0;2023
211000;Raub, raeuberische Erpressung auf/gegen Geldinstitute, Postfilialen und -agenturen;8415061;Reutlingen;insg.;0;0;0;0;0;0;0;0;0;0;0;0;0;0;0;0;0;0;0;0;0;0;0;0;0;0;0;2023
211000;Raub, raeuberische Erpressung auf/gegen Geldinstitute, Postfilialen und -agenturen;13003000;Rostock, Hanse- und Universit tsstadt;insg.;0;0;0;0;0;0;0;0;0;0;0;0;0;0;0;0;0;0;0;0;0;0;0;0;0;0;0;2023
211000;Raub, raeuberische Erpressung auf/gegen Geldinstitute, Postfilialen und -agenturen;10041100;Saarbruecken;insg.;0;0;0;0;0;0;0;0;0;0;0;0;0;0;0;0;0;0;0;0;0;0;0;0;0;0;0;2023
211000;Raub, raeuberische Erpressung auf/gegen Geldinstitute, Postfilialen und -agenturen;3102000;Salzgitter;insg.;0;0;0;0;0;0;0;0;0;0;0;0;0;0;0;0;0;0;0;0;0;0;0;0;0;0;0;2023
211000;Raub, raeuberische Erpressung auf/gegen Geldinstitute, Postfilialen und -agenturen;13004000;Schwerin;insg.;1;1;0;0;0;0;0;0;0;0;0;0;0;0;0;0;0;0;1;1;0;0;0;0;1;1;0;2023
211000;Raub, raeuberische Erpressung auf/gegen Geldinstitute, Postfilialen und -agenturen;5970040;Siegen;insg.;0;0;0;0;0;0;0;0;0;0;0;0;0;0;0;0;0;0;0;0;0;0;0;0;0;0;0;2023
211000;Raub, raeuberische Erpressung auf/gegen Geldinstitute, Postfilialen und -agenturen;5122000;Solingen;insg.;0;0;0;0;0;0;0;0;0;0;0;0;0;0;0;0;0;0;0;0;0;0;0;0;0;0;0;2023
211000;Raub, raeuberische Erpressung auf/gegen Geldinstitute, Postfilialen und -agenturen;8111000;Stuttgart;insg.;0;0;0;0;0;0;0;0;0;0;0;0;0;0;0;0;0;0;0;0;0;0;0;0;0;0;0;2023
211000;Raub, raeuberische Erpressung auf/gegen Geldinstitute, Postfilialen und -agenturen;7211000;Trier;insg.;0;0;0;0;0;0;0;0;0;0;0;0;0;0;0;0;0;0;0;0;0;0;0;0;0;0;0;2023
211000;Raub, raeuberische Erpressung auf/gegen Geldinstitute, Postfilialen und -agenturen;8421000;Ulm;insg.;0;0;0;0;0;0;0;0;0;0;0;0;0;0;0;0;0;0;0;0;0;0;0;0;0;0;0;2023
211000;Raub, raeuberische Erpressung auf/gegen Geldinstitute, Postfilialen und -agenturen;6414000;Wiesbaden;insg.;0;0;0;0;0;0;0;0;0;0;0;0;0;0;0;0;0;0;0;0;0;0;0;0;0;0;0;2023
211000;Raub, raeuberische Erpressung auf/gegen Geldinstitute, Postfilialen und -agenturen;3103000;Wolfsburg;insg.;0;0;0;0;0;0;0;0;0;0;0;0;0;0;0;0;0;0;0;0;0;0;0;0;0;0;0;2023
211000;Raub, raeuberische Erpressung auf/gegen Geldinstitute, Postfilialen und -agenturen;5124000;Wuppertal;insg.;0;0;0;0;0;0;0;0;0;0;0;0;0;0;0;0;0;0;0;0;0;0;0;0;0;0;0;2023
211000;Raub, raeuberische Erpressung auf/gegen Geldinstitute, Postfilialen und -agenturen;9663000;Wuerzburg;insg.;0;0;0;0;0;0;0;0;0;0;0;0;0;0;0;0;0;0;0;0;0;0;0;0;0;0;0;2023
212000;Raub, raeuberische Erpressung auf/gegen sonstige Kassenraeume und Geschaefte;5334002;Aachen;insg.;13;7;6;0;0;0;0;0;0;0;0;0;0;0;0;0;0;0;8;5;3;5;2;3;13;7;6;2023
212000;Raub, raeuberische Erpressung auf/gegen sonstige Kassenraeume und Geschaefte;9761000;Augsburg;insg.;3;0;3;0;0;0;0;0;0;0;0;0;0;0;0;0;0;0;3;0;3;0;0;0;3;0;3;2023
212000;Raub, raeuberische Erpressung auf/gegen sonstige Kassenraeume und Geschaefte;5378004;Bergisch Gladbach;insg.;2;1;1;0;0;0;0;0;0;0;0;0;0;0;0;0;0;0;2;1;1;0;0;0;2;1;1;2023
212000;Raub, raeuberische Erpressung auf/gegen sonstige Kassenraeume und Geschaefte;11000000;Berlin;insg.;331;174;157;0;0;0;0;0;0;0;0;0;5;4;1;22;16;6;250;128;122;54;26;28;304;154;150;2023
212000;Raub, raeuberische Erpressung auf/gegen sonstige Kassenraeume und Geschaefte;5711000;Bielefeld;insg.;26;11;15;0;0;0;0;0;0;0;0;0;0;0;0;1;1;0;20;9;11;5;1;4;25;10;15;2023
212000;Raub, raeuberische Erpressung auf/gegen sonstige Kassenraeume und Geschaefte;5911000;Bochum;insg.;29;17;12;0;0;0;0;0;0;0;0;0;0;0;0;3;2;1;23;12;11;3;3;0;26;15;11;2023
212000;Raub, raeuberische Erpressung auf/gegen sonstige Kassenraeume und Geschaefte;5314000;Bonn;insg.;13;10;3;0;0;0;0;0;0;0;0;0;0;0;0;1;0;1;10;9;1;2;1;1;12;10;2;2023
212000;Raub, raeuberische Erpressung auf/gegen sonstige Kassenraeume und Geschaefte;5512000;Bottrop;insg.;8;4;4;0;0;0;0;0;0;0;0;0;0;0;0;1;1;0;6;3;3;1;0;1;7;3;4;2023
212000;Raub, raeuberische Erpressung auf/gegen sonstige Kassenraeume und Geschaefte;3101000;Braunschweig;insg.;12;8;4;0;0;0;0;0;0;0;0;0;0;0;0;1;1;0;11;7;4;0;0;0;11;7;4;2023
212000;Raub, raeuberische Erpressung auf/gegen sonstige Kassenraeume und Geschaefte;4011000;Bremen;insg.;67;23;44;0;0;0;0;0;0;0;0;0;1;0;1;6;3;3;53;18;35;7;2;5;60;20;40;2023
212000;Raub, raeuberische Erpressung auf/gegen sonstige Kassenraeume und Geschaefte;4012000;Bremerhaven;insg.;11;5;6;0;0;0;0;0;0;0;0;0;0;0;0;0;0;0;10;4;6;1;1;0;11;5;6;2023
212000;Raub, raeuberische Erpressung auf/gegen sonstige Kassenraeume und Geschaefte;14511000;Chemnitz;insg.;0;0;0;0;0;0;0;0;0;0;0;0;0;0;0;0;0;0;0;0;0;0;0;0;0;0;0;2023
212000;Raub, raeuberische Erpressung auf/gegen sonstige Kassenraeume und Geschaefte;6411000;Darmstadt;insg.;5;1;4;0;0;0;0;0;0;0;0;0;0;0;0;0;0;0;5;1;4;0;0;0;5;1;4;2023
212000;Raub, raeuberische Erpressung auf/gegen sonstige Kassenraeume und Geschaefte;5913000;Dortmund;insg.;52;26;26;0;0;0;0;0;0;0;0;0;0;0;0;5;3;2;39;21;18;8;2;6;47;23;24;2023
212000;Raub, raeuberische Erpressung auf/gegen sonstige Kassenraeume und Geschaefte;14612000;Dresden;insg.;28;13;15;0;0;0;0;0;0;0;0;0;0;0;0;3;2;1;24;11;13;1;0;1;25;11;14;2023
212000;Raub, raeuberische Erpressung auf/gegen sonstige Kassenraeume und Geschaefte;5112000;Duisburg;insg.;25;9;16;0;0;0;0;0;0;0;0;0;0;0;0;0;0;0;18;9;9;7;0;7;25;9;16;2023
212000;Raub, raeuberische Erpressung auf/gegen sonstige Kassenraeume und Geschaefte;5111000;Duesseldorf;insg.;14;5;9;0;0;0;0;0;0;0;0;0;0;0;0;1;0;1;11;4;7;2;1;1;13;5;8;2023
212000;Raub, raeuberische Erpressung auf/gegen sonstige Kassenraeume und Geschaefte;16051000;Erfurt;insg.;3;0;3;0;0;0;0;0;0;0;0;0;0;0;0;1;0;1;2;0;2;0;0;0;2;0;2;2023
212000;Raub, raeuberische Erpressung auf/gegen sonstige Kassenraeume und Geschaefte;9562000;Erlangen;insg.;2;1;1;0;0;0;0;0;0;0;0;0;0;0;0;0;0;0;1;1;0;1;0;1;2;1;1;2023
212000;Raub, raeuberische Erpressung auf/gegen sonstige Kassenraeume und Geschaefte;5113000;Essen;insg.;35;16;19;0;0;0;0;0;0;0;0;0;0;0;0;2;0;2;29;13;16;4;3;1;33;16;17;2023
212000;Raub, raeuberische Erpressung auf/gegen sonstige Kassenraeume und Geschaefte;6412000;Frankfurt am Main;insg.;30;18;12;0;0;0;0;0;0;0;0;0;0;0;0;1;0;1;24;15;9;5;3;2;29;18;11;2023
212000;Raub, raeuberische Erpressung auf/gegen sonstige Kassenraeume und Geschaefte;8311000;Freiburg im Breisgau;insg.;9;6;3;0;0;0;0;0;0;0;0;0;0;0;0;0;0;0;7;5;2;2;1;1;9;6;3;2023
212000;Raub, raeuberische Erpressung auf/gegen sonstige Kassenraeume und Geschaefte;9563000;Fuerth;insg.;1;1;0;0;0;0;0;0;0;0;0;0;0;0;0;0;0;0;1;1;0;0;0;0;1;1;0;2023
212000;Raub, raeuberische Erpressung auf/gegen sonstige Kassenraeume und Geschaefte;5513000;Gelsenkirchen;insg.;28;11;17;0;0;0;0;0;0;0;0;0;0;0;0;3;1;2;19;8;11;6;2;4;25;10;15;2023
212000;Raub, raeuberische Erpressung auf/gegen sonstige Kassenraeume und Geschaefte;3159016;Goettingen;insg.;4;1;3;0;0;0;0;0;0;0;0;0;2;0;2;1;1;0;1;0;1;0;0;0;1;0;1;2023
212000;Raub, raeuberische Erpressung auf/gegen sonstige Kassenraeume und Geschaefte;5754008;Guetersloh;insg.;2;0;2;0;0;0;0;0;0;0;0;0;0;0;0;0;0;0;2;0;2;0;0;0;2;0;2;2023
212000;Raub, raeuberische Erpressung auf/gegen sonstige Kassenraeume und Geschaefte;5914000;Hagen;insg.;7;2;5;0;0;0;0;0;0;0;0;0;0;0;0;1;0;1;5;2;3;1;0;1;6;2;4;2023
212000;Raub, raeuberische Erpressung auf/gegen sonstige Kassenraeume und Geschaefte;15002000;Halle (Saale);insg.;8;4;4;0;0;0;0;0;0;0;0;0;0;0;0;1;1;0;7;3;4;0;0;0;7;3;4;2023
212000;Raub, raeuberische Erpressung auf/gegen sonstige Kassenraeume und Geschaefte;2000000;Hamburg;insg.;55;37;18;0;0;0;0;0;0;0;0;0;0;0;0;4;2;2;47;33;14;4;2;2;51;35;16;2023
212000;Raub, raeuberische Erpressung auf/gegen sonstige Kassenraeume und Geschaefte;5915000;Hamm;insg.;11;4;7;0;0;0;0;0;0;0;0;0;0;0;0;3;0;3;5;2;3;3;2;1;8;4;4;2023
212000;Raub, raeuberische Erpressung auf/gegen sonstige Kassenraeume und Geschaefte;6435014;Hanau;insg.;5;3;2;0;0;0;0;0;0;0;0;0;0;0;0;0;0;0;4;2;2;1;1;0;5;3;2;2023
212000;Raub, raeuberische Erpressung auf/gegen sonstige Kassenraeume und Geschaefte;3241001;Hannover;insg.;57;24;33;0;0;0;0;0;0;0;0;0;0;0;0;3;2;1;46;20;26;8;2;6;54;22;32;2023
212000;Raub, raeuberische Erpressung auf/gegen sonstige Kassenraeume und Geschaefte;8221000;Heidelberg;insg.;6;3;3;0;0;0;0;0;0;0;0;0;0;0;0;0;0;0;6;3;3;0;0;0;6;3;3;2023
212000;Raub, raeuberische Erpressung auf/gegen sonstige Kassenraeume und Geschaefte;8121000;Heilbronn;insg.;5;3;2;0;0;0;0;0;0;0;0;0;0;0;0;0;0;0;5;3;2;0;0;0;5;3;2;2023
212000;Raub, raeuberische Erpressung auf/gegen sonstige Kassenraeume und Geschaefte;5916000;Herne;insg.;6;4;2;0;0;0;0;0;0;0;0;0;0;0;0;0;0;0;4;2;2;2;2;0;6;4;2;2023
212000;Raub, raeuberische Erpressung auf/gegen sonstige Kassenraeume und Geschaefte;3254021;Hildesheim;insg.;6;2;4;0;0;0;0;0;0;0;0;0;0;0;0;1;0;1;4;2;2;1;0;1;5;2;3;2023
212000;Raub, raeuberische Erpressung auf/gegen sonstige Kassenraeume und Geschaefte;9161000;Ingolstadt;insg.;2;1;1;0;0;0;0;0;0;0;0;0;0;0;0;0;0;0;2;1;1;0;0;0;2;1;1;2023
212000;Raub, raeuberische Erpressung auf/gegen sonstige Kassenraeume und Geschaefte;16053000;Jena;insg.;0;0;0;0;0;0;0;0;0;0;0;0;0;0;0;0;0;0;0;0;0;0;0;0;0;0;0;2023
212000;Raub, raeuberische Erpressung auf/gegen sonstige Kassenraeume und Geschaefte;7312000;Kaiserslautern;insg.;1;0;1;0;0;0;0;0;0;0;0;0;0;0;0;0;0;0;1;0;1;0;0;0;1;0;1;2023
212000;Raub, raeuberische Erpressung auf/gegen sonstige Kassenraeume und Geschaefte;8212000;Karlsruhe;insg.;10;4;6;0;0;0;0;0;0;0;0;0;0;0;0;2;1;1;6;3;3;2;0;2;8;3;5;2023
212000;Raub, raeuberische Erpressung auf/gegen sonstige Kassenraeume und Geschaefte;6611000;Kassel;insg.;13;6;7;0;0;0;0;0;0;0;0;0;0;0;0;2;1;1;11;5;6;0;0;0;11;5;6;2023
212000;Raub, raeuberische Erpressung auf/gegen sonstige Kassenraeume und Geschaefte;1002000;Kiel;insg.;5;4;1;0;0;0;0;0;0;0;0;0;0;0;0;0;0;0;5;4;1;0;0;0;5;4;1;2023
212000;Raub, raeuberische Erpressung auf/gegen sonstige Kassenraeume und Geschaefte;7111000;Koblenz;insg.;3;0;3;0;0;0;0;0;0;0;0;0;0;0;0;0;0;0;3;0;3;0;0;0;3;0;3;2023
212000;Raub, raeuberische Erpressung auf/gegen sonstige Kassenraeume und Geschaefte;5315000;Koeln;insg.;42;29;13;0;0;0;0;0;0;0;0;0;0;0;0;2;2;0;40;27;13;0;0;0;40;27;13;2023
212000;Raub, raeuberische Erpressung auf/gegen sonstige Kassenraeume und Geschaefte;5114000;Krefeld;insg.;6;4;2;0;0;0;0;0;0;0;0;0;0;0;0;1;1;0;4;3;1;1;0;1;5;3;2;2023
212000;Raub, raeuberische Erpressung auf/gegen sonstige Kassenraeume und Geschaefte;14713000;Leipzig;insg.;32;12;20;0;0;0;0;0;0;0;0;0;2;0;2;4;2;2;23;10;13;3;0;3;26;10;16;2023
212000;Raub, raeuberische Erpressung auf/gegen sonstige Kassenraeume und Geschaefte;5316000;Leverkusen;insg.;9;5;4;0;0;0;0;0;0;0;0;0;0;0;0;0;0;0;8;5;3;1;0;1;9;5;4;2023
212000;Raub, raeuberische Erpressung auf/gegen sonstige Kassenraeume und Geschaefte;1003000;Luebeck;insg.;11;3;8;0;0;0;0;0;0;0;0;0;0;0;0;1;0;1;8;3;5;2;0;2;10;3;7;2023
212000;Raub, raeuberische Erpressung auf/gegen sonstige Kassenraeume und Geschaefte;7314000;Ludwigshafen am Rhein;insg.;3;1;2;0;0;0;0;0;0;0;0;0;0;0;0;0;0;0;2;0;2;1;1;0;3;1;2;2023
212000;Raub, raeuberische Erpressung auf/gegen sonstige Kassenraeume und Geschaefte;15003000;Magdeburg;insg.;6;2;4;0;0;0;0;0;0;0;0;0;0;0;0;0;0;0;6;2;4;0;0;0;6;2;4;2023
212000;Raub, raeuberische Erpressung auf/gegen sonstige Kassenraeume und Geschaefte;7315000;Mainz;insg.;7;7;0;0;0;0;0;0;0;0;0;0;1;1;0;3;3;0;3;3;0;0;0;0;3;3;0;2023
212000;Raub, raeuberische Erpressung auf/gegen sonstige Kassenraeume und Geschaefte;8222000;Mannheim;insg.;11;6;5;0;0;0;0;0;0;0;0;0;0;0;0;1;1;0;9;4;5;1;1;0;10;5;5;2023
212000;Raub, raeuberische Erpressung auf/gegen sonstige Kassenraeume und Geschaefte;5170024;Moers;insg.;5;0;5;0;0;0;0;0;0;0;0;0;0;0;0;0;0;0;4;0;4;1;0;1;5;0;5;2023
212000;Raub, raeuberische Erpressung auf/gegen sonstige Kassenraeume und Geschaefte;5116000;Moenchengladbach;insg.;16;7;9;0;0;0;0;0;0;0;0;0;0;0;0;0;0;0;14;7;7;2;0;2;16;7;9;2023
212000;Raub, raeuberische Erpressung auf/gegen sonstige Kassenraeume und Geschaefte;5117000;Muelheim an der Ruhr;insg.;8;3;5;0;0;0;0;0;0;0;0;0;0;0;0;0;0;0;5;1;4;3;2;1;8;3;5;2023
212000;Raub, raeuberische Erpressung auf/gegen sonstige Kassenraeume und Geschaefte;9162000;Muenchen;insg.;24;15;9;0;0;0;0;0;0;0;0;0;0;0;0;1;0;1;19;13;6;4;2;2;23;15;8;2023
212000;Raub, raeuberische Erpressung auf/gegen sonstige Kassenraeume und Geschaefte;5515000;Muenster;insg.;15;9;6;0;0;0;0;0;0;0;0;0;1;1;0;3;3;0;8;3;5;3;2;1;11;5;6;2023
212000;Raub, raeuberische Erpressung auf/gegen sonstige Kassenraeume und Geschaefte;5162024;Neuss;insg.;3;1;2;0;0;0;0;0;0;0;0;0;0;0;0;0;0;0;1;0;1;2;1;1;3;1;2;2023
212000;Raub, raeuberische Erpressung auf/gegen sonstige Kassenraeume und Geschaefte;9564000;Nuernberg;insg.;8;1;7;0;0;0;0;0;0;0;0;0;0;0;0;0;0;0;6;1;5;2;0;2;8;1;7;2023
212000;Raub, raeuberische Erpressung auf/gegen sonstige Kassenraeume und Geschaefte;5119000;Oberhausen;insg.;10;6;4;0;0;0;0;0;0;0;0;0;0;0;0;1;1;0;7;3;4;2;2;0;9;5;4;2023
212000;Raub, raeuberische Erpressung auf/gegen sonstige Kassenraeume und Geschaefte;6413000;Offenbach am Main;insg.;6;4;2;0;0;0;0;0;0;0;0;0;0;0;0;0;0;0;6;4;2;0;0;0;6;4;2;2023
212000;Raub, raeuberische Erpressung auf/gegen sonstige Kassenraeume und Geschaefte;3403000;Oldenburg (Oldenburg);insg.;8;4;4;0;0;0;0;0;0;0;0;0;0;0;0;1;1;0;6;3;3;1;0;1;7;3;4;2023
212000;Raub, raeuberische Erpressung auf/gegen sonstige Kassenraeume und Geschaefte;3404000;Osnabrueck;insg.;7;3;4;0;0;0;0;0;0;0;0;0;0;0;0;1;1;0;5;1;4;1;1;0;6;2;4;2023
212000;Raub, raeuberische Erpressung auf/gegen sonstige Kassenraeume und Geschaefte;5774032;Paderborn;insg.;1;0;1;0;0;0;0;0;0;0;0;0;0;0;0;0;0;0;1;0;1;0;0;0;1;0;1;2023
212000;Raub, raeuberische Erpressung auf/gegen sonstige Kassenraeume und Geschaefte;8231000;Pforzheim;insg.;3;0;3;0;0;0;0;0;0;0;0;0;0;0;0;0;0;0;3;0;3;0;0;0;3;0;3;2023
212000;Raub, raeuberische Erpressung auf/gegen sonstige Kassenraeume und Geschaefte;12054000;Potsdam;insg.;14;10;4;0;0;0;0;0;0;0;0;0;0;0;0;0;0;0;11;8;3;3;2;1;14;10;4;2023
212000;Raub, raeuberische Erpressung auf/gegen sonstige Kassenraeume und Geschaefte;5562032;Recklinghausen;insg.;6;3;3;0;0;0;0;0;0;0;0;0;1;1;0;1;0;1;4;2;2;0;0;0;4;2;2;2023
212000;Raub, raeuberische Erpressung auf/gegen sonstige Kassenraeume und Geschaefte;9362000;Regensburg;insg.;1;0;1;0;0;0;0;0;0;0;0;0;0;0;0;0;0;0;1;0;1;0;0;0;1;0;1;2023
212000;Raub, raeuberische Erpressung auf/gegen sonstige Kassenraeume und Geschaefte;5120000;Remscheid;insg.;2;1;1;0;0;0;0;0;0;0;0;0;0;0;0;0;0;0;2;1;1;0;0;0;2;1;1;2023
212000;Raub, raeuberische Erpressung auf/gegen sonstige Kassenraeume und Geschaefte;8415061;Reutlingen;insg.;4;1;3;0;0;0;0;0;0;0;0;0;0;0;0;0;0;0;4;1;3;0;0;0;4;1;3;2023
212000;Raub, raeuberische Erpressung auf/gegen sonstige Kassenraeume und Geschaefte;13003000;Rostock, Hanse- und Universit tsstadt;insg.;3;1;2;0;0;0;0;0;0;0;0;0;0;0;0;0;0;0;3;1;2;0;0;0;3;1;2;2023
212000;Raub, raeuberische Erpressung auf/gegen sonstige Kassenraeume und Geschaefte;10041100;Saarbruecken;insg.;7;4;3;0;0;0;0;0;0;0;0;0;0;0;0;1;0;1;5;3;2;1;1;0;6;4;2;2023
212000;Raub, raeuberische Erpressung auf/gegen sonstige Kassenraeume und Geschaefte;3102000;Salzgitter;insg.;10;4;6;0;0;0;0;0;0;0;0;0;0;0;0;3;3;0;5;1;4;2;0;2;7;1;6;2023
212000;Raub, raeuberische Erpressung auf/gegen sonstige Kassenraeume und Geschaefte;13004000;Schwerin;insg.;6;4;2;0;0;0;0;0;0;0;0;0;0;0;0;0;0;0;5;3;2;1;1;0;6;4;2;2023
212000;Raub, raeuberische Erpressung auf/gegen sonstige Kassenraeume und Geschaefte;5970040;Siegen;insg.;2;1;1;0;0;0;0;0;0;0;0;0;0;0;0;0;0;0;2;1;1;0;0;0;2;1;1;2023
212000;Raub, raeuberische Erpressung auf/gegen sonstige Kassenraeume und Geschaefte;5122000;Solingen;insg.;6;6;0;0;0;0;0;0;0;0;0;0;1;1;0;0;0;0;4;4;0;1;1;0;5;5;0;2023
212000;Raub, raeuberische Erpressung auf/gegen sonstige Kassenraeume und Geschaefte;8111000;Stuttgart;insg.;6;3;3;0;0;0;0;0;0;0;0;0;0;0;0;0;0;0;5;2;3;1;1;0;6;3;3;2023
212000;Raub, raeuberische Erpressung auf/gegen sonstige Kassenraeume und Geschaefte;7211000;Trier;insg.;0;0;0;0;0;0;0;0;0;0;0;0;0;0;0;0;0;0;0;0;0;0;0;0;0;0;0;2023
212000;Raub, raeuberische Erpressung auf/gegen sonstige Kassenraeume und Geschaefte;8421000;Ulm;insg.;2;0;2;0;0;0;0;0;0;0;0;0;0;0;0;0;0;0;2;0;2;0;0;0;2;0;2;2023
212000;Raub, raeuberische Erpressung auf/gegen sonstige Kassenraeume und Geschaefte;6414000;Wiesbaden;insg.;15;8;7;0;0;0;0;0;0;0;0;0;0;0;0;3;2;1;11;5;6;1;1;0;12;6;6;2023
212000;Raub, raeuberische Erpressung auf/gegen sonstige Kassenraeume und Geschaefte;3103000;Wolfsburg;insg.;6;4;2;0;0;0;0;0;0;0;0;0;0;0;0;1;0;1;4;3;1;1;1;0;5;4;1;2023
212000;Raub, raeuberische Erpressung auf/gegen sonstige Kassenraeume und Geschaefte;5124000;Wuppertal;insg.;16;11;5;0;0;0;0;0;0;0;0;0;0;0;0;0;0;0;13;8;5;3;3;0;16;11;5;2023
212000;Raub, raeuberische Erpressung auf/gegen sonstige Kassenraeume und Geschaefte;9663000;Wuerzburg;insg.;8;3;5;0;0;0;0;0;0;0;0;0;0;0;0;1;1;0;6;1;5;1;1;0;7;2;5;2023
216000;Handtaschenraub;5334002;Aachen;insg.;4;0;4;0;0;0;0;0;0;0;0;0;0;0;0;0;0;0;4;0;4;0;0;0;4;0;4;2023
216000;Handtaschenraub;9761000;Augsburg;insg.;6;1;5;0;0;0;1;1;0;1;1;0;0;0;0;0;0;0;1;0;1;4;0;4;5;0;5;2023
216000;Handtaschenraub;5378004;Bergisch Gladbach;insg.;0;0;0;0;0;0;0;0;0;0;0;0;0;0;0;0;0;0;0;0;0;0;0;0;0;0;0;2023
216000;Handtaschenraub;11000000;Berlin;insg.;125;27;98;0;0;0;5;4;1;5;4;1;5;2;3;6;2;4;68;15;53;41;4;37;109;19;90;2023
216000;Handtaschenraub;5711000;Bielefeld;insg.;13;4;9;0;0;0;0;0;0;0;0;0;1;0;1;0;0;0;8;3;5;4;1;3;12;4;8;2023
216000;Handtaschenraub;5911000;Bochum;insg.;9;2;7;0;0;0;0;0;0;0;0;0;3;2;1;0;0;0;0;0;0;6;0;6;6;0;6;2023
216000;Handtaschenraub;5314000;Bonn;insg.;8;1;7;0;0;0;0;0;0;0;0;0;0;0;0;0;0;0;6;1;5;2;0;2;8;1;7;2023
216000;Handtaschenraub;5512000;Bottrop;insg.;2;0;2;0;0;0;1;0;1;1;0;1;0;0;0;0;0;0;0;0;0;1;0;1;1;0;1;2023
216000;Handtaschenraub;3101000;Braunschweig;insg.;15;4;11;0;0;0;0;0;0;0;0;0;3;1;2;0;0;0;5;3;2;7;0;7;12;3;9;2023
216000;Handtaschenraub;4011000;Bremen;insg.;11;1;10;0;0;0;0;0;0;0;0;0;0;0;0;0;0;0;6;1;5;5;0;5;11;1;10;2023
216000;Handtaschenraub;4012000;Bremerhaven;insg.;3;0;3;0;0;0;0;0;0;0;0;0;0;0;0;0;0;0;1;0;1;2;0;2;3;0;3;2023
216000;Handtaschenraub;14511000;Chemnitz;insg.;18;6;12;0;0;0;0;0;0;0;0;0;2;2;0;2;0;2;9;2;7;5;2;3;14;4;10;2023
216000;Handtaschenraub;6411000;Darmstadt;insg.;5;1;4;0;0;0;0;0;0;0;0;0;1;0;1;0;0;0;3;0;3;1;1;0;4;1;3;2023
216000;Handtaschenraub;5913000;Dortmund;insg.;18;4;14;0;0;0;1;1;0;1;1;0;0;0;0;2;0;2;11;3;8;4;0;4;15;3;12;2023
216000;Handtaschenraub;14612000;Dresden;insg.;26;9;17;0;0;0;2;2;0;2;2;0;3;3;0;1;0;1;7;4;3;13;0;13;20;4;16;2023
216000;Handtaschenraub;5112000;Duisburg;insg.;12;4;8;0;0;0;0;0;0;0;0;0;0;0;0;0;0;0;7;3;4;5;1;4;12;4;8;2023
216000;Handtaschenraub;5111000;Duesseldorf;insg.;24;4;20;0;0;0;0;0;0;0;0;0;1;1;0;4;0;4;10;2;8;9;1;8;19;3;16;2023
216000;Handtaschenraub;16051000;Erfurt;insg.;9;3;6;0;0;0;1;0;1;1;0;1;0;0;0;1;0;1;5;3;2;2;0;2;7;3;4;2023
216000;Handtaschenraub;9562000;Erlangen;insg.;1;1;0;0;0;0;0;0;0;0;0;0;0;0;0;0;0;0;1;1;0;0;0;0;1;1;0;2023
216000;Handtaschenraub;5113000;Essen;insg.;5;1;4;0;0;0;0;0;0;0;0;0;1;1;0;1;0;1;2;0;2;1;0;1;3;0;3;2023
216000;Handtaschenraub;6412000;Frankfurt am Main;insg.;29;6;23;0;0;0;0;0;0;0;0;0;0;0;0;0;0;0;27;6;21;2;0;2;29;6;23;2023
216000;Handtaschenraub;8311000;Freiburg im Breisgau;insg.;7;2;5;0;0;0;0;0;0;0;0;0;0;0;0;0;0;0;1;1;0;6;1;5;7;2;5;2023
216000;Handtaschenraub;9563000;Fuerth;insg.;0;0;0;0;0;0;0;0;0;0;0;0;0;0;0;0;0;0;0;0;0;0;0;0;0;0;0;2023
216000;Handtaschenraub;5513000;Gelsenkirchen;insg.;7;1;6;0;0;0;0;0;0;0;0;0;0;0;0;0;0;0;2;0;2;5;1;4;7;1;6;2023
216000;Handtaschenraub;3159016;Goettingen;insg.;1;0;1;0;0;0;0;0;0;0;0;0;0;0;0;0;0;0;0;0;0;1;0;1;1;0;1;2023
216000;Handtaschenraub;5754008;Guetersloh;insg.;3;1;2;0;0;0;0;0;0;0;0;0;0;0;0;0;0;0;2;1;1;1;0;1;3;1;2;2023
216000;Handtaschenraub;5914000;Hagen;insg.;0;0;0;0;0;0;0;0;0;0;0;0;0;0;0;0;0;0;0;0;0;0;0;0;0;0;0;2023
216000;Handtaschenraub;15002000;Halle (Saale);insg.;3;0;3;0;0;0;0;0;0;0;0;0;0;0;0;0;0;0;0;0;0;3;0;3;3;0;3;2023
216000;Handtaschenraub;2000000;Hamburg;insg.;70;27;43;0;0;0;2;1;1;2;1;1;7;4;3;7;3;4;38;16;22;16;3;13;54;19;35;2023
216000;Handtaschenraub;5915000;Hamm;insg.;4;1;3;0;0;0;0;0;0;0;0;0;0;0;0;1;0;1;2;1;1;1;0;1;3;1;2;2023
216000;Handtaschenraub;6435014;Hanau;insg.;2;0;2;0;0;0;0;0;0;0;0;0;0;0;0;0;0;0;1;0;1;1;0;1;2;0;2;2023
216000;Handtaschenraub;3241001;Hannover;insg.;40;16;24;0;0;0;0;0;0;0;0;0;6;6;0;2;2;0;20;7;13;12;1;11;32;8;24;2023
216000;Handtaschenraub;8221000;Heidelberg;insg.;2;0;2;0;0;0;0;0;0;0;0;0;0;0;0;0;0;0;1;0;1;1;0;1;2;0;2;2023
216000;Handtaschenraub;8121000;Heilbronn;insg.;0;0;0;0;0;0;0;0;0;0;0;0;0;0;0;0;0;0;0;0;0;0;0;0;0;0;0;2023
216000;Handtaschenraub;5916000;Herne;insg.;11;2;9;0;0;0;0;0;0;0;0;0;0;0;0;1;1;0;2;1;1;8;0;8;10;1;9;2023
216000;Handtaschenraub;3254021;Hildesheim;insg.;2;0;2;0;0;0;0;0;0;0;0;0;0;0;0;0;0;0;1;0;1;1;0;1;2;0;2;2023
216000;Handtaschenraub;9161000;Ingolstadt;insg.;2;0;2;0;0;0;0;0;0;0;0;0;0;0;0;1;0;1;1;0;1;0;0;0;1;0;1;2023
216000;Handtaschenraub;16053000;Jena;insg.;2;2;0;0;0;0;0;0;0;0;0;0;1;1;0;0;0;0;1;1;0;0;0;0;1;1;0;2023
216000;Handtaschenraub;7312000;Kaiserslautern;insg.;2;0;2;0;0;0;0;0;0;0;0;0;0;0;0;0;0;0;0;0;0;2;0;2;2;0;2;2023
216000;Handtaschenraub;8212000;Karlsruhe;insg.;4;1;3;0;0;0;0;0;0;0;0;0;1;1;0;0;0;0;0;0;0;3;0;3;3;0;3;2023
216000;Handtaschenraub;6611000;Kassel;insg.;7;0;7;0;0;0;0;0;0;0;0;0;0;0;0;0;0;0;6;0;6;1;0;1;7;0;7;2023
216000;Handtaschenraub;1002000;Kiel;insg.;3;1;2;0;0;0;0;0;0;0;0;0;0;0;0;0;0;0;2;1;1;1;0;1;3;1;2;2023
216000;Handtaschenraub;7111000;Koblenz;insg.;1;0;1;0;0;0;0;0;0;0;0;0;0;0;0;0;0;0;1;0;1;0;0;0;1;0;1;2023
216000;Handtaschenraub;5315000;Koeln;insg.;54;9;45;0;0;0;3;1;2;3;1;2;3;3;0;7;1;6;28;3;25;13;1;12;41;4;37;2023
216000;Handtaschenraub;5114000;Krefeld;insg.;5;1;4;0;0;0;0;0;0;0;0;0;0;0;0;0;0;0;4;1;3;1;0;1;5;1;4;2023
216000;Handtaschenraub;14713000;Leipzig;insg.;12;6;6;0;0;0;0;0;0;0;0;0;0;0;0;1;1;0;7;4;3;4;1;3;11;5;6;2023
216000;Handtaschenraub;5316000;Leverkusen;insg.;4;1;3;0;0;0;0;0;0;0;0;0;1;1;0;0;0;0;1;0;1;2;0;2;3;0;3;2023
216000;Handtaschenraub;1003000;Luebeck;insg.;0;0;0;0;0;0;0;0;0;0;0;0;0;0;0;0;0;0;0;0;0;0;0;0;0;0;0;2023
216000;Handtaschenraub;7314000;Ludwigshafen am Rhein;insg.;4;1;3;0;0;0;1;1;0;1;1;0;0;0;0;1;0;1;2;0;2;0;0;0;2;0;2;2023
216000;Handtaschenraub;15003000;Magdeburg;insg.;6;1;5;0;0;0;0;0;0;0;0;0;1;0;1;1;1;0;1;0;1;3;0;3;4;0;4;2023
216000;Handtaschenraub;7315000;Mainz;insg.;1;1;0;0;0;0;0;0;0;0;0;0;0;0;0;0;0;0;1;1;0;0;0;0;1;1;0;2023
216000;Handtaschenraub;8222000;Mannheim;insg.;4;2;2;0;0;0;0;0;0;0;0;0;0;0;0;1;1;0;2;1;1;1;0;1;3;1;2;2023
216000;Handtaschenraub;5170024;Moers;insg.;3;0;3;0;0;0;0;0;0;0;0;0;0;0;0;2;0;2;1;0;1;0;0;0;1;0;1;2023
216000;Handtaschenraub;5116000;Moenchengladbach;insg.;4;0;4;0;0;0;0;0;0;0;0;0;0;0;0;0;0;0;2;0;2;2;0;2;4;0;4;2023
216000;Handtaschenraub;5117000;Muelheim an der Ruhr;insg.;1;0;1;0;0;0;0;0;0;0;0;0;0;0;0;0;0;0;1;0;1;0;0;0;1;0;1;2023
216000;Handtaschenraub;9162000;Muenchen;insg.;41;18;23;0;0;0;1;1;0;1;1;0;9;5;4;4;3;1;18;8;10;9;1;8;27;9;18;2023
216000;Handtaschenraub;5515000;Muenster;insg.;7;0;7;0;0;0;0;0;0;0;0;0;0;0;0;1;0;1;3;0;3;3;0;3;6;0;6;2023
216000;Handtaschenraub;5162024;Neuss;insg.;3;0;3;0;0;0;0;0;0;0;0;0;0;0;0;0;0;0;2;0;2;1;0;1;3;0;3;2023
216000;Handtaschenraub;9564000;Nuernberg;insg.;9;3;6;0;0;0;0;0;0;0;0;0;1;1;0;0;0;0;5;1;4;3;1;2;8;2;6;2023
216000;Handtaschenraub;5119000;Oberhausen;insg.;6;0;6;0;0;0;0;0;0;0;0;0;0;0;0;0;0;0;2;0;2;4;0;4;6;0;6;2023
216000;Handtaschenraub;6413000;Offenbach am Main;insg.;6;1;5;0;0;0;0;0;0;0;0;0;0;0;0;1;0;1;3;1;2;2;0;2;5;1;4;2023
216000;Handtaschenraub;3403000;Oldenburg (Oldenburg);insg.;3;0;3;0;0;0;0;0;0;0;0;0;0;0;0;0;0;0;1;0;1;2;0;2;3;0;3;2023
216000;Handtaschenraub;3404000;Osnabrueck;insg.;9;1;8;0;0;0;0;0;0;0;0;0;0;0;0;1;0;1;7;1;6;1;0;1;8;1;7;2023
216000;Handtaschenraub;5774032;Paderborn;insg.;7;1;6;0;0;0;0;0;0;0;0;0;1;0;1;1;0;1;2;0;2;3;1;2;5;1;4;2023
216000;Handtaschenraub;8231000;Pforzheim;insg.;4;2;2;0;0;0;0;0;0;0;0;0;1;1;0;0;0;0;2;1;1;1;0;1;3;1;2;2023
216000;Handtaschenraub;12054000;Potsdam;insg.;5;2;3;0;0;0;0;0;0;0;0;0;1;0;1;2;1;1;1;0;1;1;1;0;2;1;1;2023
216000;Handtaschenraub;5562032;Recklinghausen;insg.;4;1;3;0;0;0;0;0;0;0;0;0;0;0;0;1;0;1;2;1;1;1;0;1;3;1;2;2023
216000;Handtaschenraub;9362000;Regensburg;insg.;5;0;5;0;0;0;0;0;0;0;0;0;0;0;0;0;0;0;1;0;1;4;0;4;5;0;5;2023
216000;Handtaschenraub;5120000;Remscheid;insg.;0;0;0;0;0;0;0;0;0;0;0;0;0;0;0;0;0;0;0;0;0;0;0;0;0;0;0;2023
216000;Handtaschenraub;8415061;Reutlingen;insg.;3;0;3;0;0;0;0;0;0;0;0;0;0;0;0;0;0;0;0;0;0;3;0;3;3;0;3;2023
216000;Handtaschenraub;13003000;Rostock, Hanse- und Universit tsstadt;insg.;4;2;2;0;0;0;1;1;0;1;1;0;0;0;0;1;1;0;0;0;0;2;0;2;2;0;2;2023
216000;Handtaschenraub;10041100;Saarbruecken;insg.;5;1;4;0;0;0;0;0;0;0;0;0;0;0;0;1;1;0;2;0;2;2;0;2;4;0;4;2023
216000;Handtaschenraub;3102000;Salzgitter;insg.;2;1;1;0;0;0;0;0;0;0;0;0;0;0;0;0;0;0;2;1;1;0;0;0;2;1;1;2023
216000;Handtaschenraub;13004000;Schwerin;insg.;5;1;4;0;0;0;0;0;0;0;0;0;0;0;0;0;0;0;3;1;2;2;0;2;5;1;4;2023
216000;Handtaschenraub;5970040;Siegen;insg.;0;0;0;0;0;0;0;0;0;0;0;0;0;0;0;0;0;0;0;0;0;0;0;0;0;0;0;2023
216000;Handtaschenraub;5122000;Solingen;insg.;0;0;0;0;0;0;0;0;0;0;0;0;0;0;0;0;0;0;0;0;0;0;0;0;0;0;0;2023
216000;Handtaschenraub;8111000;Stuttgart;insg.;20;4;16;0;0;0;0;0;0;0;0;0;1;0;1;0;0;0;13;3;10;6;1;5;19;4;15;2023
216000;Handtaschenraub;7211000;Trier;insg.;0;0;0;0;0;0;0;0;0;0;0;0;0;0;0;0;0;0;0;0;0;0;0;0;0;0;0;2023
216000;Handtaschenraub;8421000;Ulm;insg.;3;2;1;0;0;0;0;0;0;0;0;0;0;0;0;0;0;0;2;1;1;1;1;0;3;2;1;2023
216000;Handtaschenraub;6414000;Wiesbaden;insg.;1;0;1;0;0;0;0;0;0;0;0;0;0;0;0;0;0;0;1;0;1;0;0;0;1;0;1;2023
216000;Handtaschenraub;3103000;Wolfsburg;insg.;3;1;2;0;0;0;0;0;0;0;0;0;0;0;0;1;0;1;1;1;0;1;0;1;2;1;1;2023
216000;Handtaschenraub;5124000;Wuppertal;insg.;13;2;11;0;0;0;0;0;0;0;0;0;0;0;0;2;0;2;10;2;8;1;0;1;11;2;9;2023
216000;Handtaschenraub;9663000;Wuerzburg;insg.;0;0;0;0;0;0;0;0;0;0;0;0;0;0;0;0;0;0;0;0;0;0;0;0;0;0;0;2023
217000;Sonstige Raubueberfaelle auf Stra�en, Wegen oder Plaetzen;5334002;Aachen;insg.;143;119;24;0;0;0;2;2;0;2;2;0;15;14;1;15;14;1;99;82;17;12;7;5;111;89;22;2023
217000;Sonstige Raubueberfaelle auf Stra�en, Wegen oder Plaetzen;9761000;Augsburg;insg.;40;32;8;0;0;0;6;5;1;6;5;1;4;4;0;5;5;0;19;16;3;6;2;4;25;18;7;2023
217000;Sonstige Raubueberfaelle auf Stra�en, Wegen oder Plaetzen;5378004;Bergisch Gladbach;insg.;30;28;2;0;0;0;6;6;0;6;6;0;11;11;0;1;1;0;7;6;1;5;4;1;12;10;2;2023
217000;Sonstige Raubueberfaelle auf Stra�en, Wegen oder Plaetzen;11000000;Berlin;insg.;3737;3267;470;1;0;1;384;354;30;385;354;31;959;910;49;416;375;41;1722;1498;224;255;130;125;1977;1628;349;2023
217000;Sonstige Raubueberfaelle auf Stra�en, Wegen oder Plaetzen;5711000;Bielefeld;insg.;116;103;13;0;0;0;10;6;4;10;6;4;18;18;0;19;17;2;62;56;6;7;6;1;69;62;7;2023
217000;Sonstige Raubueberfaelle auf Stra�en, Wegen oder Plaetzen;5911000;Bochum;insg.;164;147;17;0;0;0;23;22;1;23;22;1;50;48;2;20;18;2;56;52;4;15;7;8;71;59;12;2023
217000;Sonstige Raubueberfaelle auf Stra�en, Wegen oder Plaetzen;5314000;Bonn;insg.;187;158;29;1;0;1;14;10;4;15;10;5;36;32;4;25;24;1;102;85;17;9;7;2;111;92;19;2023
217000;Sonstige Raubueberfaelle auf Stra�en, Wegen oder Plaetzen;5512000;Bottrop;insg.;38;33;5;0;0;0;9;8;1;9;8;1;13;13;0;3;3;0;12;9;3;1;0;1;13;9;4;2023
217000;Sonstige Raubueberfaelle auf Stra�en, Wegen oder Plaetzen;3101000;Braunschweig;insg.;91;80;11;0;0;0;5;3;2;5;3;2;20;20;0;17;15;2;42;38;4;7;4;3;49;42;7;2023
217000;Sonstige Raubueberfaelle auf Stra�en, Wegen oder Plaetzen;4011000;Bremen;insg.;638;517;121;0;0;0;23;21;2;23;21;2;93;87;6;40;32;8;386;313;73;96;64;32;482;377;105;2023
217000;Sonstige Raubueberfaelle auf Stra�en, Wegen oder Plaetzen;4012000;Bremerhaven;insg.;73;59;14;0;0;0;5;4;1;5;4;1;6;5;1;4;2;2;51;44;7;7;4;3;58;48;10;2023
217000;Sonstige Raubueberfaelle auf Stra�en, Wegen oder Plaetzen;14511000;Chemnitz;insg.;137;127;10;0;0;0;21;21;0;21;21;0;27;26;1;10;10;0;68;64;4;11;6;5;79;70;9;2023
217000;Sonstige Raubueberfaelle auf Stra�en, Wegen oder Plaetzen;6411000;Darmstadt;insg.;53;43;10;0;0;0;3;2;1;3;2;1;9;8;1;9;9;0;28;22;6;4;2;2;32;24;8;2023
217000;Sonstige Raubueberfaelle auf Stra�en, Wegen oder Plaetzen;5913000;Dortmund;insg.;446;393;53;0;0;0;29;25;4;29;25;4;70;64;6;42;39;3;275;245;30;30;20;10;305;265;40;2023
217000;Sonstige Raubueberfaelle auf Stra�en, Wegen oder Plaetzen;14612000;Dresden;insg.;356;321;35;0;0;0;44;39;5;44;39;5;146;137;9;45;45;0;112;93;19;9;7;2;121;100;21;2023
217000;Sonstige Raubueberfaelle auf Stra�en, Wegen oder Plaetzen;5112000;Duisburg;insg.;259;223;36;0;0;0;42;38;4;42;38;4;50;44;6;20;17;3;121;106;15;26;18;8;147;124;23;2023
217000;Sonstige Raubueberfaelle auf Stra�en, Wegen oder Plaetzen;5111000;Duesseldorf;insg.;431;370;61;0;0;0;28;25;3;28;25;3;98;90;8;52;45;7;225;195;30;28;15;13;253;210;43;2023
217000;Sonstige Raubueberfaelle auf Stra�en, Wegen oder Plaetzen;16051000;Erfurt;insg.;117;103;14;0;0;0;25;19;6;25;19;6;50;46;4;11;11;0;29;26;3;2;1;1;31;27;4;2023
217000;Sonstige Raubueberfaelle auf Stra�en, Wegen oder Plaetzen;9562000;Erlangen;insg.;3;2;1;0;0;0;0;0;0;0;0;0;1;1;0;1;1;0;1;0;1;0;0;0;1;0;1;2023
217000;Sonstige Raubueberfaelle auf Stra�en, Wegen oder Plaetzen;5113000;Essen;insg.;292;243;49;0;0;0;25;23;2;25;23;2;51;48;3;30;25;5;162;136;26;24;11;13;186;147;39;2023
217000;Sonstige Raubueberfaelle auf Stra�en, Wegen oder Plaetzen;6412000;Frankfurt am Main;insg.;770;684;86;0;0;0;23;20;3;23;20;3;59;52;7;73;65;8;564;504;60;51;43;8;615;547;68;2023
217000;Sonstige Raubueberfaelle auf Stra�en, Wegen oder Plaetzen;8311000;Freiburg im Breisgau;insg.;95;82;13;0;0;0;3;2;1;3;2;1;11;10;1;13;12;1;62;53;9;6;5;1;68;58;10;2023
217000;Sonstige Raubueberfaelle auf Stra�en, Wegen oder Plaetzen;9563000;Fuerth;insg.;2;1;1;0;0;0;0;0;0;0;0;0;0;0;0;1;1;0;1;0;1;0;0;0;1;0;1;2023
217000;Sonstige Raubueberfaelle auf Stra�en, Wegen oder Plaetzen;5513000;Gelsenkirchen;insg.;239;218;21;1;1;0;73;72;1;74;73;1;77;71;6;17;15;2;61;52;9;10;7;3;71;59;12;2023
217000;Sonstige Raubueberfaelle auf Stra�en, Wegen oder Plaetzen;3159016;Goettingen;insg.;34;29;5;0;0;0;4;3;1;4;3;1;4;3;1;7;7;0;17;14;3;2;2;0;19;16;3;2023
217000;Sonstige Raubueberfaelle auf Stra�en, Wegen oder Plaetzen;5754008;Guetersloh;insg.;32;25;7;0;0;0;1;1;0;1;1;0;4;3;1;4;4;0;18;14;4;5;3;2;23;17;6;2023
217000;Sonstige Raubueberfaelle auf Stra�en, Wegen oder Plaetzen;5914000;Hagen;insg.;71;61;10;0;0;0;9;7;2;9;7;2;19;18;1;7;4;3;31;28;3;5;4;1;36;32;4;2023
217000;Sonstige Raubueberfaelle auf Stra�en, Wegen oder Plaetzen;15002000;Halle (Saale);insg.;189;164;25;0;0;0;37;28;9;37;28;9;62;58;4;23;21;2;61;52;9;6;5;1;67;57;10;2023
217000;Sonstige Raubueberfaelle auf Stra�en, Wegen oder Plaetzen;2000000;Hamburg;insg.;1263;1103;160;1;0;1;74;67;7;75;67;8;159;152;7;117;108;9;825;724;101;87;52;35;912;776;136;2023
217000;Sonstige Raubueberfaelle auf Stra�en, Wegen oder Plaetzen;5915000;Hamm;insg.;87;77;10;0;0;0;14;13;1;14;13;1;21;21;0;10;9;1;36;31;5;6;3;3;42;34;8;2023
217000;Sonstige Raubueberfaelle auf Stra�en, Wegen oder Plaetzen;6435014;Hanau;insg.;22;19;3;0;0;0;1;1;0;1;1;0;1;1;0;3;3;0;16;13;3;1;1;0;17;14;3;2023
217000;Sonstige Raubueberfaelle auf Stra�en, Wegen oder Plaetzen;3241001;Hannover;insg.;559;502;57;0;0;0;20;18;2;20;18;2;96;91;5;51;43;8;357;328;29;35;22;13;392;350;42;2023
217000;Sonstige Raubueberfaelle auf Stra�en, Wegen oder Plaetzen;8221000;Heidelberg;insg.;33;29;4;0;0;0;1;0;1;1;0;1;12;11;1;5;5;0;15;13;2;0;0;0;15;13;2;2023
217000;Sonstige Raubueberfaelle auf Stra�en, Wegen oder Plaetzen;8121000;Heilbronn;insg.;19;15;4;0;0;0;1;1;0;1;1;0;7;6;1;1;0;1;10;8;2;0;0;0;10;8;2;2023
217000;Sonstige Raubueberfaelle auf Stra�en, Wegen oder Plaetzen;5916000;Herne;insg.;52;42;10;0;0;0;13;11;2;13;11;2;11;11;0;4;3;1;22;17;5;2;0;2;24;17;7;2023
217000;Sonstige Raubueberfaelle auf Stra�en, Wegen oder Plaetzen;3254021;Hildesheim;insg.;29;29;0;0;0;0;0;0;0;0;0;0;18;18;0;2;2;0;8;8;0;1;1;0;9;9;0;2023
217000;Sonstige Raubueberfaelle auf Stra�en, Wegen oder Plaetzen;9161000;Ingolstadt;insg.;6;6;0;0;0;0;1;1;0;1;1;0;0;0;0;2;2;0;3;3;0;0;0;0;3;3;0;2023
217000;Sonstige Raubueberfaelle auf Stra�en, Wegen oder Plaetzen;16053000;Jena;insg.;10;9;1;0;0;0;3;3;0;3;3;0;2;2;0;1;1;0;4;3;1;0;0;0;4;3;1;2023
217000;Sonstige Raubueberfaelle auf Stra�en, Wegen oder Plaetzen;7312000;Kaiserslautern;insg.;68;60;8;0;0;0;3;3;0;3;3;0;9;9;0;15;14;1;38;32;6;3;2;1;41;34;7;2023
217000;Sonstige Raubueberfaelle auf Stra�en, Wegen oder Plaetzen;8212000;Karlsruhe;insg.;129;111;18;0;0;0;12;12;0;12;12;0;25;21;4;24;20;4;61;54;7;7;4;3;68;58;10;2023
217000;Sonstige Raubueberfaelle auf Stra�en, Wegen oder Plaetzen;6611000;Kassel;insg.;85;74;11;0;0;0;4;3;1;4;3;1;6;6;0;9;9;0;63;53;10;3;3;0;66;56;10;2023
217000;Sonstige Raubueberfaelle auf Stra�en, Wegen oder Plaetzen;1002000;Kiel;insg.;142;126;16;0;0;0;6;5;1;6;5;1;37;36;1;22;19;3;71;61;10;6;5;1;77;66;11;2023
217000;Sonstige Raubueberfaelle auf Stra�en, Wegen oder Plaetzen;7111000;Koblenz;insg.;63;61;2;0;0;0;3;3;0;3;3;0;27;27;0;10;10;0;19;18;1;4;3;1;23;21;2;2023
217000;Sonstige Raubueberfaelle auf Stra�en, Wegen oder Plaetzen;5315000;Koeln;insg.;822;689;133;0;0;0;84;73;11;84;73;11;137;123;14;85;67;18;451;382;69;65;44;21;516;426;90;2023
217000;Sonstige Raubueberfaelle auf Stra�en, Wegen oder Plaetzen;5114000;Krefeld;insg.;141;130;11;0;0;0;16;16;0;16;16;0;37;37;0;12;12;0;67;58;9;9;7;2;76;65;11;2023
217000;Sonstige Raubueberfaelle auf Stra�en, Wegen oder Plaetzen;14713000;Leipzig;insg.;297;269;28;0;0;0;41;40;1;41;40;1;70;63;7;42;39;3;135;120;15;9;7;2;144;127;17;2023
217000;Sonstige Raubueberfaelle auf Stra�en, Wegen oder Plaetzen;5316000;Leverkusen;insg.;56;50;6;0;0;0;12;12;0;12;12;0;12;11;1;8;8;0;21;16;5;3;3;0;24;19;5;2023
217000;Sonstige Raubueberfaelle auf Stra�en, Wegen oder Plaetzen;1003000;Luebeck;insg.;84;68;16;0;0;0;8;6;2;8;6;2;14;12;2;6;6;0;51;42;9;5;2;3;56;44;12;2023
217000;Sonstige Raubueberfaelle auf Stra�en, Wegen oder Plaetzen;7314000;Ludwigshafen am Rhein;insg.;88;74;14;0;0;0;21;19;2;21;19;2;21;21;0;3;3;0;34;27;7;9;4;5;43;31;12;2023
217000;Sonstige Raubueberfaelle auf Stra�en, Wegen oder Plaetzen;15003000;Magdeburg;insg.;160;140;20;0;0;0;10;9;1;10;9;1;37;32;5;24;21;3;82;72;10;7;6;1;89;78;11;2023
217000;Sonstige Raubueberfaelle auf Stra�en, Wegen oder Plaetzen;7315000;Mainz;insg.;65;54;11;0;0;0;3;2;1;3;2;1;16;10;6;10;10;0;33;30;3;3;2;1;36;32;4;2023
217000;Sonstige Raubueberfaelle auf Stra�en, Wegen oder Plaetzen;8222000;Mannheim;insg.;156;141;15;0;0;0;6;5;1;6;5;1;30;30;0;21;17;4;77;73;4;22;16;6;99;89;10;2023
217000;Sonstige Raubueberfaelle auf Stra�en, Wegen oder Plaetzen;5170024;Moers;insg.;25;23;2;0;0;0;4;3;1;4;3;1;11;10;1;2;2;0;6;6;0;2;2;0;8;8;0;2023
217000;Sonstige Raubueberfaelle auf Stra�en, Wegen oder Plaetzen;5116000;Moenchengladbach;insg.;170;146;24;0;0;0;22;18;4;22;18;4;37;36;1;17;16;1;80;68;12;14;8;6;94;76;18;2023
217000;Sonstige Raubueberfaelle auf Stra�en, Wegen oder Plaetzen;5117000;Muelheim an der Ruhr;insg.;46;37;9;0;0;0;10;9;1;10;9;1;9;7;2;4;3;1;17;15;2;6;3;3;23;18;5;2023
217000;Sonstige Raubueberfaelle auf Stra�en, Wegen oder Plaetzen;9162000;Muenchen;insg.;319;280;39;0;0;0;36;30;6;36;30;6;87;82;5;36;33;3;145;124;21;15;11;4;160;135;25;2023
217000;Sonstige Raubueberfaelle auf Stra�en, Wegen oder Plaetzen;5515000;Muenster;insg.;167;132;35;0;0;0;5;5;0;5;5;0;34;26;8;18;15;3;100;81;19;10;5;5;110;86;24;2023
217000;Sonstige Raubueberfaelle auf Stra�en, Wegen oder Plaetzen;5162024;Neuss;insg.;38;35;3;1;1;0;1;1;0;2;2;0;9;9;0;6;6;0;19;17;2;2;1;1;21;18;3;2023
217000;Sonstige Raubueberfaelle auf Stra�en, Wegen oder Plaetzen;9564000;Nuernberg;insg.;74;64;10;0;0;0;7;6;1;7;6;1;10;9;1;8;6;2;45;40;5;4;3;1;49;43;6;2023
217000;Sonstige Raubueberfaelle auf Stra�en, Wegen oder Plaetzen;5119000;Oberhausen;insg.;123;108;15;0;0;0;30;28;2;30;28;2;48;45;3;5;5;0;34;28;6;6;2;4;40;30;10;2023
217000;Sonstige Raubueberfaelle auf Stra�en, Wegen oder Plaetzen;6413000;Offenbach am Main;insg.;51;44;7;0;0;0;3;3;0;3;3;0;9;9;0;5;4;1;25;23;2;9;5;4;34;28;6;2023
217000;Sonstige Raubueberfaelle auf Stra�en, Wegen oder Plaetzen;3403000;Oldenburg (Oldenburg);insg.;49;44;5;0;0;0;1;1;0;1;1;0;13;13;0;2;1;1;29;26;3;4;3;1;33;29;4;2023
217000;Sonstige Raubueberfaelle auf Stra�en, Wegen oder Plaetzen;3404000;Osnabrueck;insg.;66;57;9;0;0;0;6;3;3;6;3;3;14;12;2;11;9;2;33;31;2;2;2;0;35;33;2;2023
217000;Sonstige Raubueberfaelle auf Stra�en, Wegen oder Plaetzen;5774032;Paderborn;insg.;61;54;7;0;0;0;0;0;0;0;0;0;9;7;2;10;9;1;40;36;4;2;2;0;42;38;4;2023
217000;Sonstige Raubueberfaelle auf Stra�en, Wegen oder Plaetzen;8231000;Pforzheim;insg.;42;37;5;0;0;0;3;3;0;3;3;0;7;7;0;3;2;1;27;23;4;2;2;0;29;25;4;2023
217000;Sonstige Raubueberfaelle auf Stra�en, Wegen oder Plaetzen;12054000;Potsdam;insg.;58;49;9;0;0;0;9;8;1;9;8;1;17;16;1;6;6;0;19;15;4;7;4;3;26;19;7;2023
217000;Sonstige Raubueberfaelle auf Stra�en, Wegen oder Plaetzen;5562032;Recklinghausen;insg.;42;36;6;0;0;0;6;6;0;6;6;0;7;6;1;3;3;0;25;21;4;1;0;1;26;21;5;2023
217000;Sonstige Raubueberfaelle auf Stra�en, Wegen oder Plaetzen;9362000;Regensburg;insg.;9;8;1;0;0;0;0;0;0;0;0;0;4;4;0;0;0;0;4;3;1;1;1;0;5;4;1;2023
217000;Sonstige Raubueberfaelle auf Stra�en, Wegen oder Plaetzen;5120000;Remscheid;insg.;34;32;2;0;0;0;3;3;0;3;3;0;6;6;0;5;5;0;18;16;2;2;2;0;20;18;2;2023
217000;Sonstige Raubueberfaelle auf Stra�en, Wegen oder Plaetzen;8415061;Reutlingen;insg.;33;31;2;0;0;0;2;1;1;2;1;1;13;12;1;3;3;0;14;14;0;1;1;0;15;15;0;2023
217000;Sonstige Raubueberfaelle auf Stra�en, Wegen oder Plaetzen;13003000;Rostock, Hanse- und Universit tsstadt;insg.;129;114;15;0;0;0;23;23;0;23;23;0;29;24;5;20;19;1;52;45;7;5;3;2;57;48;9;2023
217000;Sonstige Raubueberfaelle auf Stra�en, Wegen oder Plaetzen;10041100;Saarbruecken;insg.;111;94;17;0;0;0;6;6;0;6;6;0;12;11;1;16;15;1;66;54;12;11;8;3;77;62;15;2023
217000;Sonstige Raubueberfaelle auf Stra�en, Wegen oder Plaetzen;3102000;Salzgitter;insg.;16;14;2;0;0;0;2;2;0;2;2;0;3;2;1;0;0;0;11;10;1;0;0;0;11;10;1;2023
217000;Sonstige Raubueberfaelle auf Stra�en, Wegen oder Plaetzen;13004000;Schwerin;insg.;58;49;9;0;0;0;1;1;0;1;1;0;16;13;3;8;8;0;33;27;6;0;0;0;33;27;6;2023
217000;Sonstige Raubueberfaelle auf Stra�en, Wegen oder Plaetzen;5970040;Siegen;insg.;43;36;7;0;0;0;2;2;0;2;2;0;18;15;3;4;2;2;17;16;1;2;1;1;19;17;2;2023
217000;Sonstige Raubueberfaelle auf Stra�en, Wegen oder Plaetzen;5122000;Solingen;insg.;42;39;3;0;0;0;4;4;0;4;4;0;16;15;1;11;10;1;11;10;1;0;0;0;11;10;1;2023
217000;Sonstige Raubueberfaelle auf Stra�en, Wegen oder Plaetzen;8111000;Stuttgart;insg.;295;261;34;0;0;0;10;10;0;10;10;0;22;18;4;25;24;1;209;185;24;29;24;5;238;209;29;2023
217000;Sonstige Raubueberfaelle auf Stra�en, Wegen oder Plaetzen;7211000;Trier;insg.;44;35;9;0;0;0;1;1;0;1;1;0;7;6;1;6;6;0;26;20;6;4;2;2;30;22;8;2023
217000;Sonstige Raubueberfaelle auf Stra�en, Wegen oder Plaetzen;8421000;Ulm;insg.;38;33;5;0;0;0;2;2;0;2;2;0;3;3;0;3;3;0;26;23;3;4;2;2;30;25;5;2023
217000;Sonstige Raubueberfaelle auf Stra�en, Wegen oder Plaetzen;6414000;Wiesbaden;insg.;72;64;8;0;0;0;6;5;1;6;5;1;16;16;0;5;5;0;41;36;5;4;2;2;45;38;7;2023
217000;Sonstige Raubueberfaelle auf Stra�en, Wegen oder Plaetzen;3103000;Wolfsburg;insg.;27;24;3;0;0;0;0;0;0;0;0;0;5;5;0;2;2;0;19;16;3;1;1;0;20;17;3;2023
217000;Sonstige Raubueberfaelle auf Stra�en, Wegen oder Plaetzen;5124000;Wuppertal;insg.;144;120;24;0;0;0;21;18;3;21;18;3;30;25;5;16;16;0;62;52;10;15;9;6;77;61;16;2023
217000;Sonstige Raubueberfaelle auf Stra�en, Wegen oder Plaetzen;9663000;Wuerzburg;insg.;10;10;0;0;0;0;0;0;0;0;0;0;1;1;0;0;0;0;9;9;0;0;0;0;9;9;0;2023
219000;Raubueberfaelle in Wohnungen;5334002;Aachen;insg.;21;14;7;0;0;0;0;0;0;0;0;0;0;0;0;1;0;1;17;12;5;3;2;1;20;14;6;2023
219000;Raubueberfaelle in Wohnungen;9761000;Augsburg;insg.;7;4;3;1;0;1;0;0;0;1;0;1;0;0;0;1;1;0;5;3;2;0;0;0;5;3;2;2023
219000;Raubueberfaelle in Wohnungen;5378004;Bergisch Gladbach;insg.;4;2;2;0;0;0;0;0;0;0;0;0;0;0;0;0;0;0;3;1;2;1;1;0;4;2;2;2023
219000;Raubueberfaelle in Wohnungen;11000000;Berlin;insg.;298;198;100;0;0;0;1;1;0;1;1;0;14;12;2;21;17;4;198;131;67;64;37;27;262;168;94;2023
219000;Raubueberfaelle in Wohnungen;5711000;Bielefeld;insg.;20;12;8;0;0;0;0;0;0;0;0;0;1;1;0;2;1;1;13;8;5;4;2;2;17;10;7;2023
219000;Raubueberfaelle in Wohnungen;5911000;Bochum;insg.;18;13;5;0;0;0;0;0;0;0;0;0;3;3;0;2;2;0;6;4;2;7;4;3;13;8;5;2023
219000;Raubueberfaelle in Wohnungen;5314000;Bonn;insg.;15;8;7;0;0;0;0;0;0;0;0;0;0;0;0;1;1;0;10;6;4;4;1;3;14;7;7;2023
219000;Raubueberfaelle in Wohnungen;5512000;Bottrop;insg.;9;7;2;0;0;0;0;0;0;0;0;0;0;0;0;1;1;0;5;4;1;3;2;1;8;6;2;2023
219000;Raubueberfaelle in Wohnungen;3101000;Braunschweig;insg.;22;16;6;0;0;0;0;0;0;0;0;0;4;1;3;3;3;0;9;9;0;6;3;3;15;12;3;2023
219000;Raubueberfaelle in Wohnungen;4011000;Bremen;insg.;50;32;18;0;0;0;1;1;0;1;1;0;5;3;2;4;2;2;24;17;7;16;9;7;40;26;14;2023
219000;Raubueberfaelle in Wohnungen;4012000;Bremerhaven;insg.;21;11;10;0;0;0;0;0;0;0;0;0;0;0;0;2;2;0;12;7;5;7;2;5;19;9;10;2023
219000;Raubueberfaelle in Wohnungen;14511000;Chemnitz;insg.;14;11;3;0;0;0;0;0;0;0;0;0;1;1;0;2;2;0;9;6;3;2;2;0;11;8;3;2023
219000;Raubueberfaelle in Wohnungen;6411000;Darmstadt;insg.;8;6;2;0;0;0;0;0;0;0;0;0;0;0;0;0;0;0;7;6;1;1;0;1;8;6;2;2023
219000;Raubueberfaelle in Wohnungen;5913000;Dortmund;insg.;40;28;12;0;0;0;0;0;0;0;0;0;3;2;1;4;3;1;25;18;7;8;5;3;33;23;10;2023
219000;Raubueberfaelle in Wohnungen;14612000;Dresden;insg.;14;10;4;0;0;0;0;0;0;0;0;0;1;1;0;2;2;0;11;7;4;0;0;0;11;7;4;2023
219000;Raubueberfaelle in Wohnungen;5112000;Duisburg;insg.;68;39;29;0;0;0;1;1;0;1;1;0;7;2;5;7;6;1;45;26;19;8;4;4;53;30;23;2023
219000;Raubueberfaelle in Wohnungen;5111000;Duesseldorf;insg.;43;18;25;0;0;0;0;0;0;0;0;0;2;1;1;0;0;0;28;13;15;13;4;9;41;17;24;2023
219000;Raubueberfaelle in Wohnungen;16051000;Erfurt;insg.;27;23;4;0;0;0;0;0;0;0;0;0;0;0;0;3;2;1;8;7;1;16;14;2;24;21;3;2023
219000;Raubueberfaelle in Wohnungen;9562000;Erlangen;insg.;0;0;0;0;0;0;0;0;0;0;0;0;0;0;0;0;0;0;0;0;0;0;0;0;0;0;0;2023
219000;Raubueberfaelle in Wohnungen;5113000;Essen;insg.;44;25;19;3;3;0;0;0;0;3;3;0;2;2;0;1;1;0;19;12;7;19;7;12;38;19;19;2023
219000;Raubueberfaelle in Wohnungen;6412000;Frankfurt am Main;insg.;35;17;18;0;0;0;2;1;1;2;1;1;1;1;0;1;1;0;21;12;9;10;2;8;31;14;17;2023
219000;Raubueberfaelle in Wohnungen;8311000;Freiburg im Breisgau;insg.;11;7;4;0;0;0;0;0;0;0;0;0;0;0;0;1;1;0;8;5;3;2;1;1;10;6;4;2023
219000;Raubueberfaelle in Wohnungen;9563000;Fuerth;insg.;0;0;0;0;0;0;0;0;0;0;0;0;0;0;0;0;0;0;0;0;0;0;0;0;0;0;0;2023
219000;Raubueberfaelle in Wohnungen;5513000;Gelsenkirchen;insg.;35;16;19;0;0;0;0;0;0;0;0;0;3;2;1;1;0;1;26;12;14;5;2;3;31;14;17;2023
219000;Raubueberfaelle in Wohnungen;3159016;Goettingen;insg.;9;7;2;0;0;0;0;0;0;0;0;0;0;0;0;1;1;0;8;6;2;0;0;0;8;6;2;2023
219000;Raubueberfaelle in Wohnungen;5754008;Guetersloh;insg.;7;3;4;0;0;0;0;0;0;0;0;0;0;0;0;1;0;1;6;3;3;0;0;0;6;3;3;2023
219000;Raubueberfaelle in Wohnungen;5914000;Hagen;insg.;6;3;3;0;0;0;0;0;0;0;0;0;0;0;0;0;0;0;5;3;2;1;0;1;6;3;3;2023
219000;Raubueberfaelle in Wohnungen;15002000;Halle (Saale);insg.;19;12;7;0;0;0;0;0;0;0;0;0;0;0;0;3;2;1;16;10;6;0;0;0;16;10;6;2023
219000;Raubueberfaelle in Wohnungen;2000000;Hamburg;insg.;80;43;37;0;0;0;0;0;0;0;0;0;2;2;0;1;0;1;61;31;30;16;10;6;77;41;36;2023
219000;Raubueberfaelle in Wohnungen;5915000;Hamm;insg.;14;10;4;0;0;0;1;1;0;1;1;0;0;0;0;2;1;1;10;7;3;1;1;0;11;8;3;2023
219000;Raubueberfaelle in Wohnungen;6435014;Hanau;insg.;1;0;1;0;0;0;0;0;0;0;0;0;0;0;0;0;0;0;1;0;1;0;0;0;1;0;1;2023
219000;Raubueberfaelle in Wohnungen;3241001;Hannover;insg.;52;27;25;0;0;0;2;2;0;2;2;0;2;1;1;3;1;2;31;19;12;14;4;10;45;23;22;2023
219000;Raubueberfaelle in Wohnungen;8221000;Heidelberg;insg.;3;3;0;0;0;0;0;0;0;0;0;0;0;0;0;1;1;0;2;2;0;0;0;0;2;2;0;2023
219000;Raubueberfaelle in Wohnungen;8121000;Heilbronn;insg.;4;2;2;0;0;0;0;0;0;0;0;0;0;0;0;0;0;0;2;2;0;2;0;2;4;2;2;2023
219000;Raubueberfaelle in Wohnungen;5916000;Herne;insg.;6;2;4;0;0;0;0;0;0;0;0;0;0;0;0;2;1;1;4;1;3;0;0;0;4;1;3;2023
219000;Raubueberfaelle in Wohnungen;3254021;Hildesheim;insg.;1;1;0;0;0;0;0;0;0;0;0;0;0;0;0;0;0;0;1;1;0;0;0;0;1;1;0;2023
219000;Raubueberfaelle in Wohnungen;9161000;Ingolstadt;insg.;0;0;0;0;0;0;0;0;0;0;0;0;0;0;0;0;0;0;0;0;0;0;0;0;0;0;0;2023
219000;Raubueberfaelle in Wohnungen;16053000;Jena;insg.;5;0;5;0;0;0;0;0;0;0;0;0;0;0;0;0;0;0;3;0;3;2;0;2;5;0;5;2023
219000;Raubueberfaelle in Wohnungen;7312000;Kaiserslautern;insg.;4;1;3;0;0;0;0;0;0;0;0;0;0;0;0;1;1;0;3;0;3;0;0;0;3;0;3;2023
219000;Raubueberfaelle in Wohnungen;8212000;Karlsruhe;insg.;8;2;6;0;0;0;0;0;0;0;0;0;0;0;0;1;1;0;3;1;2;4;0;4;7;1;6;2023
219000;Raubueberfaelle in Wohnungen;6611000;Kassel;insg.;14;12;2;0;0;0;0;0;0;0;0;0;1;1;0;0;0;0;12;10;2;1;1;0;13;11;2;2023
219000;Raubueberfaelle in Wohnungen;1002000;Kiel;insg.;19;16;3;0;0;0;0;0;0;0;0;0;0;0;0;1;1;0;15;12;3;3;3;0;18;15;3;2023
219000;Raubueberfaelle in Wohnungen;7111000;Koblenz;insg.;8;4;4;0;0;0;0;0;0;0;0;0;0;0;0;0;0;0;5;2;3;3;2;1;8;4;4;2023
219000;Raubueberfaelle in Wohnungen;5315000;Koeln;insg.;84;51;33;0;0;0;2;1;1;2;1;1;0;0;0;9;7;2;52;32;20;21;11;10;73;43;30;2023
219000;Raubueberfaelle in Wohnungen;5114000;Krefeld;insg.;16;7;9;0;0;0;0;0;0;0;0;0;0;0;0;1;1;0;8;4;4;7;2;5;15;6;9;2023
219000;Raubueberfaelle in Wohnungen;14713000;Leipzig;insg.;22;18;4;0;0;0;0;0;0;0;0;0;1;1;0;5;5;0;15;11;4;1;1;0;16;12;4;2023
219000;Raubueberfaelle in Wohnungen;5316000;Leverkusen;insg.;6;1;5;0;0;0;0;0;0;0;0;0;0;0;0;1;0;1;2;1;1;3;0;3;5;1;4;2023
219000;Raubueberfaelle in Wohnungen;1003000;Luebeck;insg.;17;15;2;0;0;0;0;0;0;0;0;0;1;1;0;5;4;1;9;9;0;2;1;1;11;10;1;2023
219000;Raubueberfaelle in Wohnungen;7314000;Ludwigshafen am Rhein;insg.;10;6;4;0;0;0;0;0;0;0;0;0;0;0;0;1;1;0;6;5;1;3;0;3;9;5;4;2023
219000;Raubueberfaelle in Wohnungen;15003000;Magdeburg;insg.;27;19;8;0;0;0;1;1;0;1;1;0;1;1;0;2;1;1;21;16;5;2;0;2;23;16;7;2023
219000;Raubueberfaelle in Wohnungen;7315000;Mainz;insg.;1;1;0;0;0;0;0;0;0;0;0;0;0;0;0;0;0;0;1;1;0;0;0;0;1;1;0;2023
219000;Raubueberfaelle in Wohnungen;8222000;Mannheim;insg.;2;1;1;0;0;0;0;0;0;0;0;0;0;0;0;0;0;0;2;1;1;0;0;0;2;1;1;2023
219000;Raubueberfaelle in Wohnungen;5170024;Moers;insg.;5;4;1;0;0;0;0;0;0;0;0;0;1;1;0;0;0;0;4;3;1;0;0;0;4;3;1;2023
219000;Raubueberfaelle in Wohnungen;5116000;Moenchengladbach;insg.;20;13;7;0;0;0;0;0;0;0;0;0;0;0;0;2;2;0;11;8;3;7;3;4;18;11;7;2023
219000;Raubueberfaelle in Wohnungen;5117000;Muelheim an der Ruhr;insg.;7;3;4;0;0;0;0;0;0;0;0;0;0;0;0;1;1;0;4;2;2;2;0;2;6;2;4;2023
219000;Raubueberfaelle in Wohnungen;9162000;Muenchen;insg.;27;14;13;0;0;0;1;0;1;1;0;1;0;0;0;2;0;2;18;12;6;6;2;4;24;14;10;2023
219000;Raubueberfaelle in Wohnungen;5515000;Muenster;insg.;7;6;1;0;0;0;0;0;0;0;0;0;0;0;0;0;0;0;6;5;1;1;1;0;7;6;1;2023
219000;Raubueberfaelle in Wohnungen;5162024;Neuss;insg.;7;5;2;0;0;0;0;0;0;0;0;0;0;0;0;0;0;0;5;4;1;2;1;1;7;5;2;2023
219000;Raubueberfaelle in Wohnungen;9564000;Nuernberg;insg.;4;1;3;0;0;0;0;0;0;0;0;0;0;0;0;0;0;0;3;1;2;1;0;1;4;1;3;2023
219000;Raubueberfaelle in Wohnungen;5119000;Oberhausen;insg.;10;3;7;0;0;0;0;0;0;0;0;0;0;0;0;0;0;0;4;2;2;6;1;5;10;3;7;2023
219000;Raubueberfaelle in Wohnungen;6413000;Offenbach am Main;insg.;8;3;5;0;0;0;0;0;0;0;0;0;0;0;0;1;0;1;6;2;4;1;1;0;7;3;4;2023
219000;Raubueberfaelle in Wohnungen;3403000;Oldenburg (Oldenburg);insg.;15;11;4;0;0;0;0;0;0;0;0;0;3;3;0;1;1;0;9;6;3;2;1;1;11;7;4;2023
219000;Raubueberfaelle in Wohnungen;3404000;Osnabrueck;insg.;14;9;5;0;0;0;1;1;0;1;1;0;1;0;1;2;0;2;9;8;1;1;0;1;10;8;2;2023
219000;Raubueberfaelle in Wohnungen;5774032;Paderborn;insg.;10;8;2;0;0;0;0;0;0;0;0;0;0;0;0;0;0;0;9;7;2;1;1;0;10;8;2;2023
219000;Raubueberfaelle in Wohnungen;8231000;Pforzheim;insg.;2;1;1;0;0;0;0;0;0;0;0;0;0;0;0;0;0;0;2;1;1;0;0;0;2;1;1;2023
219000;Raubueberfaelle in Wohnungen;12054000;Potsdam;insg.;14;8;6;0;0;0;0;0;0;0;0;0;1;0;1;2;2;0;10;5;5;1;1;0;11;6;5;2023
219000;Raubueberfaelle in Wohnungen;5562032;Recklinghausen;insg.;21;11;10;1;1;0;2;2;0;3;3;0;1;0;1;2;1;1;9;5;4;6;2;4;15;7;8;2023
219000;Raubueberfaelle in Wohnungen;9362000;Regensburg;insg.;2;1;1;0;0;0;0;0;0;0;0;0;0;0;0;1;1;0;0;0;0;1;0;1;1;0;1;2023
219000;Raubueberfaelle in Wohnungen;5120000;Remscheid;insg.;4;3;1;0;0;0;0;0;0;0;0;0;0;0;0;0;0;0;3;3;0;1;0;1;4;3;1;2023
219000;Raubueberfaelle in Wohnungen;8415061;Reutlingen;insg.;3;2;1;0;0;0;0;0;0;0;0;0;0;0;0;0;0;0;3;2;1;0;0;0;3;2;1;2023
219000;Raubueberfaelle in Wohnungen;13003000;Rostock, Hanse- und Universit tsstadt;insg.;11;9;2;0;0;0;0;0;0;0;0;0;0;0;0;4;3;1;5;5;0;2;1;1;7;6;1;2023
219000;Raubueberfaelle in Wohnungen;10041100;Saarbruecken;insg.;13;9;4;0;0;0;0;0;0;0;0;0;1;1;0;1;0;1;8;6;2;3;2;1;11;8;3;2023
219000;Raubueberfaelle in Wohnungen;3102000;Salzgitter;insg.;7;6;1;0;0;0;0;0;0;0;0;0;1;1;0;1;1;0;4;4;0;1;0;1;5;4;1;2023
219000;Raubueberfaelle in Wohnungen;13004000;Schwerin;insg.;20;14;6;0;0;0;0;0;0;0;0;0;2;0;2;4;4;0;13;9;4;1;1;0;14;10;4;2023
219000;Raubueberfaelle in Wohnungen;5970040;Siegen;insg.;7;4;3;0;0;0;1;0;1;1;0;1;0;0;0;1;1;0;4;3;1;1;0;1;5;3;2;2023
219000;Raubueberfaelle in Wohnungen;5122000;Solingen;insg.;3;3;0;0;0;0;0;0;0;0;0;0;0;0;0;0;0;0;3;3;0;0;0;0;3;3;0;2023
219000;Raubueberfaelle in Wohnungen;8111000;Stuttgart;insg.;35;17;18;0;0;0;1;0;1;1;0;1;1;1;0;2;1;1;24;10;14;7;5;2;31;15;16;2023
219000;Raubueberfaelle in Wohnungen;7211000;Trier;insg.;2;1;1;0;0;0;0;0;0;0;0;0;0;0;0;0;0;0;2;1;1;0;0;0;2;1;1;2023
219000;Raubueberfaelle in Wohnungen;8421000;Ulm;insg.;3;2;1;0;0;0;0;0;0;0;0;0;0;0;0;0;0;0;2;2;0;1;0;1;3;2;1;2023
219000;Raubueberfaelle in Wohnungen;6414000;Wiesbaden;insg.;9;1;8;0;0;0;0;0;0;0;0;0;0;0;0;0;0;0;9;1;8;0;0;0;9;1;8;2023
219000;Raubueberfaelle in Wohnungen;3103000;Wolfsburg;insg.;1;0;1;0;0;0;0;0;0;0;0;0;0;0;0;0;0;0;1;0;1;0;0;0;1;0;1;2023
219000;Raubueberfaelle in Wohnungen;5124000;Wuppertal;insg.;28;15;13;4;3;1;0;0;0;4;3;1;0;0;0;1;1;0;18;8;10;5;3;2;23;11;12;2023
219000;Raubueberfaelle in Wohnungen;9663000;Wuerzburg;insg.;1;1;0;0;0;0;0;0;0;0;0;0;0;0;0;1;1;0;0;0;0;0;0;0;0;0;0;2023
222000;Gefaehrliche und schwere Koerperverletzung, Verstuemmelung weiblicher Genitalien;5334002;Aachen;insg.;831;601;230;1;1;0;35;25;10;36;26;10;77;52;25;75;48;27;604;447;157;39;28;11;643;475;168;2023
222000;Gefaehrliche und schwere Koerperverletzung, Verstuemmelung weiblicher Genitalien;9761000;Augsburg;insg.;1011;755;256;5;4;1;94;66;28;99;70;29;130;85;45;65;56;9;678;518;160;39;26;13;717;544;173;2023
222000;Gefaehrliche und schwere Koerperverletzung, Verstuemmelung weiblicher Genitalien;5378004;Bergisch Gladbach;insg.;236;171;65;0;0;0;12;10;2;12;10;2;27;21;6;12;10;2;172;118;54;13;12;1;185;130;55;2023
222000;Gefaehrliche und schwere Koerperverletzung, Verstuemmelung weiblicher Genitalien;11000000;Berlin;insg.;15044;11343;3701;59;40;19;852;560;292;911;600;311;1453;1068;385;1069;762;307;10921;8446;2475;690;467;223;11611;8913;2698;2023
222000;Gefaehrliche und schwere Koerperverletzung, Verstuemmelung weiblicher Genitalien;5711000;Bielefeld;insg.;1045;787;258;2;0;2;38;24;14;40;24;16;111;77;34;99;79;20;710;540;170;85;67;18;795;607;188;2023
222000;Gefaehrliche und schwere Koerperverletzung, Verstuemmelung weiblicher Genitalien;5911000;Bochum;insg.;1130;826;304;3;2;1;52;30;22;55;32;23;164;119;45;115;79;36;740;556;184;56;40;16;796;596;200;2023
222000;Gefaehrliche und schwere Koerperverletzung, Verstuemmelung weiblicher Genitalien;5314000;Bonn;insg.;1757;1265;492;15;8;7;346;253;93;361;261;100;338;232;106;151;103;48;832;620;212;75;49;26;907;669;238;2023
222000;Gefaehrliche und schwere Koerperverletzung, Verstuemmelung weiblicher Genitalien;5512000;Bottrop;insg.;278;196;82;2;1;1;35;26;9;37;27;10;45;36;9;20;13;7;164;114;50;12;6;6;176;120;56;2023
222000;Gefaehrliche und schwere Koerperverletzung, Verstuemmelung weiblicher Genitalien;3101000;Braunschweig;insg.;789;591;198;0;0;0;34;25;9;34;25;9;98;72;26;84;55;29;535;412;123;38;27;11;573;439;134;2023
222000;Gefaehrliche und schwere Koerperverletzung, Verstuemmelung weiblicher Genitalien;4011000;Bremen;insg.;3099;2325;774;15;8;7;109;63;46;124;71;53;301;224;77;344;261;83;2185;1677;508;145;92;53;2330;1769;561;2023
222000;Gefaehrliche und schwere Koerperverletzung, Verstuemmelung weiblicher Genitalien;4012000;Bremerhaven;insg.;535;398;137;3;1;2;49;45;4;52;46;6;51;39;12;43;29;14;367;267;100;22;17;5;389;284;105;2023
222000;Gefaehrliche und schwere Koerperverletzung, Verstuemmelung weiblicher Genitalien;14511000;Chemnitz;insg.;778;575;203;4;3;1;50;30;20;54;33;21;86;54;32;87;67;20;526;407;119;25;14;11;551;421;130;2023
222000;Gefaehrliche und schwere Koerperverletzung, Verstuemmelung weiblicher Genitalien;6411000;Darmstadt;insg.;528;381;147;2;1;1;21;16;5;23;17;6;51;36;15;41;25;16;390;289;101;23;14;9;413;303;110;2023
222000;Gefaehrliche und schwere Koerperverletzung, Verstuemmelung weiblicher Genitalien;5913000;Dortmund;insg.;3135;2314;821;16;9;7;206;125;81;222;134;88;307;196;111;294;223;71;2150;1645;505;162;116;46;2312;1761;551;2023
222000;Gefaehrliche und schwere Koerperverletzung, Verstuemmelung weiblicher Genitalien;14612000;Dresden;insg.;1591;1215;376;14;6;8;70;57;13;84;63;21;175;128;47;140;109;31;1107;856;251;85;59;26;1192;915;277;2023
222000;Gefaehrliche und schwere Koerperverletzung, Verstuemmelung weiblicher Genitalien;5112000;Duisburg;insg.;1815;1236;579;13;8;5;153;101;52;166;109;57;227;153;74;143;107;36;1154;777;377;125;90;35;1279;867;412;2023
222000;Gefaehrliche und schwere Koerperverletzung, Verstuemmelung weiblicher Genitalien;5111000;Duesseldorf;insg.;2303;1720;583;12;7;5;94;58;36;106;65;41;196;135;61;213;165;48;1675;1275;400;113;80;33;1788;1355;433;2023
222000;Gefaehrliche und schwere Koerperverletzung, Verstuemmelung weiblicher Genitalien;16051000;Erfurt;insg.;628;468;160;4;4;0;38;23;15;42;27;15;47;34;13;78;55;23;444;344;100;17;8;9;461;352;109;2023
222000;Gefaehrliche und schwere Koerperverletzung, Verstuemmelung weiblicher Genitalien;9562000;Erlangen;insg.;181;127;54;1;1;0;3;2;1;4;3;1;21;16;5;24;16;8;126;88;38;6;4;2;132;92;40;2023
222000;Gefaehrliche und schwere Koerperverletzung, Verstuemmelung weiblicher Genitalien;5113000;Essen;insg.;2046;1385;661;20;14;6;167;100;67;187;114;73;262;180;82;167;102;65;1330;929;401;100;60;40;1430;989;441;2023
222000;Gefaehrliche und schwere Koerperverletzung, Verstuemmelung weiblicher Genitalien;6412000;Frankfurt am Main;insg.;3618;2779;839;10;6;4;127;85;42;137;91;46;248;168;80;321;241;80;2744;2163;581;168;116;52;2912;2279;633;2023
222000;Gefaehrliche und schwere Koerperverletzung, Verstuemmelung weiblicher Genitalien;8311000;Freiburg im Breisgau;insg.;686;562;124;2;2;0;15;8;7;17;10;7;28;23;5;84;71;13;533;444;89;24;14;10;557;458;99;2023
222000;Gefaehrliche und schwere Koerperverletzung, Verstuemmelung weiblicher Genitalien;9563000;Fuerth;insg.;208;147;61;3;0;3;15;11;4;18;11;7;20;15;5;22;15;7;140;101;39;8;5;3;148;106;42;2023
222000;Gefaehrliche und schwere Koerperverletzung, Verstuemmelung weiblicher Genitalien;5513000;Gelsenkirchen;insg.;1048;731;317;12;5;7;88;56;32;100;61;39;138;94;44;75;54;21;682;479;203;53;43;10;735;522;213;2023
222000;Gefaehrliche und schwere Koerperverletzung, Verstuemmelung weiblicher Genitalien;3159016;Goettingen;insg.;433;305;128;0;0;0;22;13;9;22;13;9;26;18;8;28;17;11;344;246;98;13;11;2;357;257;100;2023
222000;Gefaehrliche und schwere Koerperverletzung, Verstuemmelung weiblicher Genitalien;5754008;Guetersloh;insg.;244;167;77;1;1;0;14;11;3;15;12;3;20;15;5;16;14;2;180;115;65;13;11;2;193;126;67;2023
222000;Gefaehrliche und schwere Koerperverletzung, Verstuemmelung weiblicher Genitalien;5914000;Hagen;insg.;662;453;209;10;4;6;58;29;29;68;33;35;88;63;25;76;56;20;390;274;116;40;27;13;430;301;129;2023
222000;Gefaehrliche und schwere Koerperverletzung, Verstuemmelung weiblicher Genitalien;15002000;Halle (Saale);insg.;1043;795;248;1;0;1;86;61;25;87;61;26;116;80;36;111;88;23;693;541;152;36;25;11;729;566;163;2023
222000;Gefaehrliche und schwere Koerperverletzung, Verstuemmelung weiblicher Genitalien;2000000;Hamburg;insg.;6704;5034;1670;32;14;18;421;279;142;453;293;160;577;415;162;510;386;124;4887;3753;1134;277;187;90;5164;3940;1224;2023
222000;Gefaehrliche und schwere Koerperverletzung, Verstuemmelung weiblicher Genitalien;5915000;Hamm;insg.;637;467;170;2;1;1;33;22;11;35;23;12;80;57;23;54;38;16;429;321;108;39;28;11;468;349;119;2023
222000;Gefaehrliche und schwere Koerperverletzung, Verstuemmelung weiblicher Genitalien;6435014;Hanau;insg.;210;137;73;0;0;0;12;7;5;12;7;5;17;9;8;12;10;2;152;99;53;17;12;5;169;111;58;2023
222000;Gefaehrliche und schwere Koerperverletzung, Verstuemmelung weiblicher Genitalien;3241001;Hannover;insg.;2803;2196;607;14;4;10;155;119;36;169;123;46;299;209;90;236;187;49;1982;1588;394;117;89;28;2099;1677;422;2023
222000;Gefaehrliche und schwere Koerperverletzung, Verstuemmelung weiblicher Genitalien;8221000;Heidelberg;insg.;528;427;101;1;1;0;6;3;3;7;4;3;61;36;25;72;57;15;372;317;55;16;13;3;388;330;58;2023
222000;Gefaehrliche und schwere Koerperverletzung, Verstuemmelung weiblicher Genitalien;8121000;Heilbronn;insg.;467;331;136;1;1;0;18;5;13;19;6;13;36;22;14;51;38;13;353;260;93;8;5;3;361;265;96;2023
222000;Gefaehrliche und schwere Koerperverletzung, Verstuemmelung weiblicher Genitalien;5916000;Herne;insg.;395;261;134;3;2;1;24;13;11;27;15;12;53;35;18;45;35;10;256;168;88;14;8;6;270;176;94;2023
222000;Gefaehrliche und schwere Koerperverletzung, Verstuemmelung weiblicher Genitalien;3254021;Hildesheim;insg.;336;237;99;3;1;2;30;23;7;33;24;9;35;20;15;20;14;6;235;169;66;13;10;3;248;179;69;2023
222000;Gefaehrliche und schwere Koerperverletzung, Verstuemmelung weiblicher Genitalien;9161000;Ingolstadt;insg.;489;366;123;1;0;1;17;14;3;18;14;4;72;55;17;53;41;12;327;241;86;19;15;4;346;256;90;2023
222000;Gefaehrliche und schwere Koerperverletzung, Verstuemmelung weiblicher Genitalien;16053000;Jena;insg.;230;170;60;3;2;1;7;6;1;10;8;2;22;19;3;23;13;10;159;122;37;16;8;8;175;130;45;2023
222000;Gefaehrliche und schwere Koerperverletzung, Verstuemmelung weiblicher Genitalien;7312000;Kaiserslautern;insg.;437;307;130;3;2;1;23;13;10;26;15;11;38;29;9;56;42;14;295;204;91;22;17;5;317;221;96;2023
222000;Gefaehrliche und schwere Koerperverletzung, Verstuemmelung weiblicher Genitalien;8212000;Karlsruhe;insg.;788;555;233;8;6;2;33;24;9;41;30;11;50;29;21;75;57;18;582;412;170;40;27;13;622;439;183;2023
222000;Gefaehrliche und schwere Koerperverletzung, Verstuemmelung weiblicher Genitalien;6611000;Kassel;insg.;940;679;261;7;3;4;25;14;11;32;17;15;83;54;29;105;79;26;678;502;176;42;27;15;720;529;191;2023
222000;Gefaehrliche und schwere Koerperverletzung, Verstuemmelung weiblicher Genitalien;1002000;Kiel;insg.;781;607;174;2;0;2;34;24;10;36;24;12;113;95;18;66;43;23;545;428;117;21;17;4;566;445;121;2023
222000;Gefaehrliche und schwere Koerperverletzung, Verstuemmelung weiblicher Genitalien;7111000;Koblenz;insg.;442;313;129;0;0;0;21;17;4;21;17;4;59;44;15;39;24;15;298;214;84;25;14;11;323;228;95;2023
222000;Gefaehrliche und schwere Koerperverletzung, Verstuemmelung weiblicher Genitalien;5315000;Koeln;insg.;5146;3763;1383;30;18;12;223;130;93;253;148;105;464;320;144;509;377;132;3609;2691;918;311;227;84;3920;2918;1002;2023
222000;Gefaehrliche und schwere Koerperverletzung, Verstuemmelung weiblicher Genitalien;5114000;Krefeld;insg.;693;451;242;3;2;1;34;19;15;37;21;16;88;46;42;77;57;20;452;303;149;39;24;15;491;327;164;2023
222000;Gefaehrliche und schwere Koerperverletzung, Verstuemmelung weiblicher Genitalien;14713000;Leipzig;insg.;2294;1694;600;19;13;6;103;67;36;122;80;42;212;158;54;203;153;50;1661;1240;421;96;63;33;1757;1303;454;2023
222000;Gefaehrliche und schwere Koerperverletzung, Verstuemmelung weiblicher Genitalien;5316000;Leverkusen;insg.;422;301;121;2;2;0;38;17;21;40;19;21;59;42;17;39;28;11;229;166;63;55;46;9;284;212;72;2023
222000;Gefaehrliche und schwere Koerperverletzung, Verstuemmelung weiblicher Genitalien;1003000;Luebeck;insg.;759;565;194;3;3;0;31;22;9;34;25;9;78;53;25;73;56;17;528;397;131;46;34;12;574;431;143;2023
222000;Gefaehrliche und schwere Koerperverletzung, Verstuemmelung weiblicher Genitalien;7314000;Ludwigshafen am Rhein;insg.;706;492;214;5;3;2;61;35;26;66;38;28;77;52;25;61;45;16;474;336;138;28;21;7;502;357;145;2023
222000;Gefaehrliche und schwere Koerperverletzung, Verstuemmelung weiblicher Genitalien;15003000;Magdeburg;insg.;997;715;282;4;3;1;85;40;45;89;43;46;91;61;30;81;61;20;688;518;170;48;32;16;736;550;186;2023
222000;Gefaehrliche und schwere Koerperverletzung, Verstuemmelung weiblicher Genitalien;7315000;Mainz;insg.;675;520;155;1;1;0;28;17;11;29;18;11;82;61;21;54;45;9;480;379;101;30;17;13;510;396;114;2023
222000;Gefaehrliche und schwere Koerperverletzung, Verstuemmelung weiblicher Genitalien;8222000;Mannheim;insg.;858;624;234;4;2;2;27;20;7;31;22;9;93;67;26;78;54;24;615;452;163;41;29;12;656;481;175;2023
222000;Gefaehrliche und schwere Koerperverletzung, Verstuemmelung weiblicher Genitalien;5170024;Moers;insg.;249;157;92;3;1;2;15;6;9;18;7;11;45;36;9;24;16;8;143;87;56;19;11;8;162;98;64;2023
222000;Gefaehrliche und schwere Koerperverletzung, Verstuemmelung weiblicher Genitalien;5116000;Moenchengladbach;insg.;993;722;271;7;3;4;59;44;15;66;47;19;92;77;15;84;57;27;701;504;197;50;37;13;751;541;210;2023
222000;Gefaehrliche und schwere Koerperverletzung, Verstuemmelung weiblicher Genitalien;5117000;Muelheim an der Ruhr;insg.;394;253;141;5;2;3;30;18;12;35;20;15;52;40;12;35;23;12;247;153;94;25;17;8;272;170;102;2023
222000;Gefaehrliche und schwere Koerperverletzung, Verstuemmelung weiblicher Genitalien;9162000;Muenchen;insg.;4193;3084;1109;20;8;12;159;92;67;179;100;79;346;252;94;409;295;114;3070;2329;741;189;108;81;3259;2437;822;2023
222000;Gefaehrliche und schwere Koerperverletzung, Verstuemmelung weiblicher Genitalien;5515000;Muenster;insg.;1048;774;274;5;1;4;39;27;12;44;28;16;90;57;33;110;79;31;756;573;183;48;37;11;804;610;194;2023
222000;Gefaehrliche und schwere Koerperverletzung, Verstuemmelung weiblicher Genitalien;5162024;Neuss;insg.;414;300;114;3;2;1;24;15;9;27;17;10;34;25;9;28;18;10;295;217;78;30;23;7;325;240;85;2023
222000;Gefaehrliche und schwere Koerperverletzung, Verstuemmelung weiblicher Genitalien;9564000;Nuernberg;insg.;1506;1105;401;7;6;1;77;45;32;84;51;33;155;95;60;174;132;42;1027;782;245;66;45;21;1093;827;266;2023
222000;Gefaehrliche und schwere Koerperverletzung, Verstuemmelung weiblicher Genitalien;5119000;Oberhausen;insg.;684;459;225;5;3;2;51;29;22;56;32;24;74;49;25;71;49;22;447;300;147;36;29;7;483;329;154;2023
222000;Gefaehrliche und schwere Koerperverletzung, Verstuemmelung weiblicher Genitalien;6413000;Offenbach am Main;insg.;316;232;84;2;0;2;30;23;7;32;23;9;33;17;16;17;12;5;219;169;50;15;11;4;234;180;54;2023
222000;Gefaehrliche und schwere Koerperverletzung, Verstuemmelung weiblicher Genitalien;3403000;Oldenburg (Oldenburg);insg.;429;333;96;8;5;3;23;19;4;31;24;7;46;36;10;53;47;6;281;214;67;18;12;6;299;226;73;2023
222000;Gefaehrliche und schwere Koerperverletzung, Verstuemmelung weiblicher Genitalien;3404000;Osnabrueck;insg.;740;568;172;1;0;1;28;21;7;29;21;8;76;50;26;70;47;23;530;425;105;35;25;10;565;450;115;2023
222000;Gefaehrliche und schwere Koerperverletzung, Verstuemmelung weiblicher Genitalien;5774032;Paderborn;insg.;511;387;124;2;2;0;26;16;10;28;18;10;40;29;11;59;45;14;354;276;78;30;19;11;384;295;89;2023
222000;Gefaehrliche und schwere Koerperverletzung, Verstuemmelung weiblicher Genitalien;8231000;Pforzheim;insg.;462;323;139;6;5;1;16;8;8;22;13;9;39;27;12;56;39;17;324;232;92;21;12;9;345;244;101;2023
222000;Gefaehrliche und schwere Koerperverletzung, Verstuemmelung weiblicher Genitalien;12054000;Potsdam;insg.;327;238;89;2;1;1;27;14;13;29;15;14;30;19;11;26;20;6;228;177;51;14;7;7;242;184;58;2023
222000;Gefaehrliche und schwere Koerperverletzung, Verstuemmelung weiblicher Genitalien;5562032;Recklinghausen;insg.;305;207;98;3;2;1;16;12;4;19;14;5;37;20;17;24;21;3;209;140;69;16;12;4;225;152;73;2023
222000;Gefaehrliche und schwere Koerperverletzung, Verstuemmelung weiblicher Genitalien;9362000;Regensburg;insg.;477;371;106;0;0;0;16;6;10;16;6;10;29;20;9;52;35;17;366;302;64;14;8;6;380;310;70;2023
222000;Gefaehrliche und schwere Koerperverletzung, Verstuemmelung weiblicher Genitalien;5120000;Remscheid;insg.;263;165;98;4;3;1;14;7;7;18;10;8;32;21;11;30;18;12;170;107;63;13;9;4;183;116;67;2023
222000;Gefaehrliche und schwere Koerperverletzung, Verstuemmelung weiblicher Genitalien;8415061;Reutlingen;insg.;369;255;114;0;0;0;13;6;7;13;6;7;33;19;14;26;20;6;279;200;79;18;10;8;297;210;87;2023
222000;Gefaehrliche und schwere Koerperverletzung, Verstuemmelung weiblicher Genitalien;13003000;Rostock, Hanse- und Universit tsstadt;insg.;626;437;189;2;2;0;55;33;22;57;35;22;74;54;20;54;42;12;410;288;122;31;18;13;441;306;135;2023
222000;Gefaehrliche und schwere Koerperverletzung, Verstuemmelung weiblicher Genitalien;10041100;Saarbruecken;insg.;864;649;215;5;4;1;44;25;19;49;29;20;75;50;25;80;66;14;609;468;141;51;36;15;660;504;156;2023
222000;Gefaehrliche und schwere Koerperverletzung, Verstuemmelung weiblicher Genitalien;3102000;Salzgitter;insg.;284;191;93;2;1;1;29;21;8;31;22;9;40;25;15;23;15;8;172;116;56;18;13;5;190;129;61;2023
222000;Gefaehrliche und schwere Koerperverletzung, Verstuemmelung weiblicher Genitalien;13004000;Schwerin;insg.;483;353;130;4;3;1;54;39;15;58;42;16;35;26;9;52;38;14;323;241;82;15;6;9;338;247;91;2023
222000;Gefaehrliche und schwere Koerperverletzung, Verstuemmelung weiblicher Genitalien;5970040;Siegen;insg.;362;263;99;0;0;0;20;13;7;20;13;7;19;13;6;40;32;8;265;191;74;18;14;4;283;205;78;2023
222000;Gefaehrliche und schwere Koerperverletzung, Verstuemmelung weiblicher Genitalien;5122000;Solingen;insg.;451;310;141;7;3;4;50;33;17;57;36;21;53;42;11;29;25;4;274;184;90;38;23;15;312;207;105;2023
222000;Gefaehrliche und schwere Koerperverletzung, Verstuemmelung weiblicher Genitalien;8111000;Stuttgart;insg.;2228;1781;447;5;2;3;87;66;21;92;68;24;159;127;32;204;153;51;1717;1390;327;56;43;13;1773;1433;340;2023
222000;Gefaehrliche und schwere Koerperverletzung, Verstuemmelung weiblicher Genitalien;7211000;Trier;insg.;367;267;100;2;2;0;11;3;8;13;5;8;12;8;4;34;28;6;301;222;79;7;4;3;308;226;82;2023
222000;Gefaehrliche und schwere Koerperverletzung, Verstuemmelung weiblicher Genitalien;8421000;Ulm;insg.;392;283;109;0;0;0;11;6;5;11;6;5;44;28;16;34;24;10;292;218;74;11;7;4;303;225;78;2023
222000;Gefaehrliche und schwere Koerperverletzung, Verstuemmelung weiblicher Genitalien;6414000;Wiesbaden;insg.;904;628;276;4;4;0;67;43;24;71;47;24;126;87;39;69;47;22;596;417;179;42;30;12;638;447;191;2023
222000;Gefaehrliche und schwere Koerperverletzung, Verstuemmelung weiblicher Genitalien;3103000;Wolfsburg;insg.;273;175;98;2;0;2;11;7;4;13;7;6;19;15;4;21;12;9;198;125;73;22;16;6;220;141;79;2023
222000;Gefaehrliche und schwere Koerperverletzung, Verstuemmelung weiblicher Genitalien;5124000;Wuppertal;insg.;1216;797;419;7;2;5;95;65;30;102;67;35;132;85;47;124;65;59;776;524;252;82;56;26;858;580;278;2023
222000;Gefaehrliche und schwere Koerperverletzung, Verstuemmelung weiblicher Genitalien;9663000;Wuerzburg;insg.;368;286;82;0;0;0;19;13;6;19;13;6;42;31;11;52;38;14;244;194;50;11;10;1;255;204;51;2023
224000;Vorsaetzliche einfache Koerperverletzung;5334002;Aachen;insg.;2025;1203;822;10;6;4;99;64;35;109;70;39;146;95;51;157;95;62;1458;848;610;155;95;60;1613;943;670;2023
224000;Vorsaetzliche einfache Koerperverletzung;9761000;Augsburg;insg.;2577;1629;948;14;11;3;161;115;46;175;126;49;194;121;73;243;151;92;1808;1139;669;157;92;65;1965;1231;734;2023
224000;Vorsaetzliche einfache Koerperverletzung;5378004;Bergisch Gladbach;insg.;619;351;268;5;3;2;27;18;9;32;21;11;80;57;23;41;24;17;400;215;185;66;34;32;466;249;217;2023
224000;Vorsaetzliche einfache Koerperverletzung;11000000;Berlin;insg.;34874;20546;14328;264;151;113;2367;1587;780;2631;1738;893;2268;1371;897;1901;999;902;25628;15041;10587;2446;1397;1049;28074;16438;11636;2023
224000;Vorsaetzliche einfache Koerperverletzung;5711000;Bielefeld;insg.;1940;1054;886;11;6;5;92;63;29;103;69;34;157;89;68;147;94;53;1397;736;661;136;66;70;1533;802;731;2023
224000;Vorsaetzliche einfache Koerperverletzung;5911000;Bochum;insg.;2644;1540;1104;19;11;8;176;119;57;195;130;65;253;168;85;184;107;77;1822;1025;797;190;110;80;2012;1135;877;2023
224000;Vorsaetzliche einfache Koerperverletzung;5314000;Bonn;insg.;2842;1638;1204;23;10;13;180;126;54;203;136;67;228;139;89;167;83;84;2017;1156;861;227;124;103;2244;1280;964;2023
224000;Vorsaetzliche einfache Koerperverletzung;5512000;Bottrop;insg.;595;315;280;1;0;1;59;36;23;60;36;24;60;35;25;42;18;24;381;199;182;52;27;25;433;226;207;2023
224000;Vorsaetzliche einfache Koerperverletzung;3101000;Braunschweig;insg.;1939;1201;738;16;8;8;109;75;34;125;83;42;174;100;74;155;99;56;1365;849;516;120;70;50;1485;919;566;2023
224000;Vorsaetzliche einfache Koerperverletzung;4011000;Bremen;insg.;5723;3457;2266;21;13;8;160;110;50;181;123;58;359;221;138;455;252;203;4314;2627;1687;414;234;180;4728;2861;1867;2023
224000;Vorsaetzliche einfache Koerperverletzung;4012000;Bremerhaven;insg.;1279;673;606;4;3;1;89;56;33;93;59;34;109;68;41;105;51;54;911;461;450;61;34;27;972;495;477;2023
224000;Vorsaetzliche einfache Koerperverletzung;14511000;Chemnitz;insg.;1341;794;547;15;10;5;95;61;34;110;71;39;133;80;53;136;74;62;874;515;359;88;54;34;962;569;393;2023
224000;Vorsaetzliche einfache Koerperverletzung;6411000;Darmstadt;insg.;851;489;362;5;3;2;53;38;15;58;41;17;67;38;29;38;19;19;645;366;279;43;25;18;688;391;297;2023
224000;Vorsaetzliche einfache Koerperverletzung;5913000;Dortmund;insg.;5298;2977;2321;38;27;11;276;169;107;314;196;118;419;218;201;368;193;175;3844;2171;1673;353;199;154;4197;2370;1827;2023
224000;Vorsaetzliche einfache Koerperverletzung;14612000;Dresden;insg.;3150;1893;1257;44;23;21;211;131;80;255;154;101;294;186;108;202;126;76;2197;1318;879;202;109;93;2399;1427;972;2023
224000;Vorsaetzliche einfache Koerperverletzung;5112000;Duisburg;insg.;3665;1869;1796;39;21;18;342;214;128;381;235;146;337;195;142;234;117;117;2474;1179;1295;239;143;96;2713;1322;1391;2023
224000;Vorsaetzliche einfache Koerperverletzung;5111000;Duesseldorf;insg.;4911;3016;1895;31;17;14;183;117;66;214;134;80;327;187;140;359;213;146;3638;2252;1386;373;230;143;4011;2482;1529;2023
224000;Vorsaetzliche einfache Koerperverletzung;16051000;Erfurt;insg.;2046;1270;776;29;21;8;165;96;69;194;117;77;174;113;61;187;122;65;1385;861;524;106;57;49;1491;918;573;2023
224000;Vorsaetzliche einfache Koerperverletzung;9562000;Erlangen;insg.;471;289;182;2;0;2;27;18;9;29;18;11;39;23;16;43;27;16;326;200;126;34;21;13;360;221;139;2023
224000;Vorsaetzliche einfache Koerperverletzung;5113000;Essen;insg.;3710;1989;1721;44;24;20;257;160;97;301;184;117;351;189;162;263;129;134;2524;1332;1192;271;155;116;2795;1487;1308;2023
224000;Vorsaetzliche einfache Koerperverletzung;6412000;Frankfurt am Main;insg.;5267;3018;2249;29;16;13;199;134;65;228;150;78;231;134;97;329;163;166;4114;2337;1777;365;234;131;4479;2571;1908;2023
224000;Vorsaetzliche einfache Koerperverletzung;8311000;Freiburg im Breisgau;insg.;2080;1369;711;18;10;8;92;55;37;110;65;45;139;93;46;167;113;54;1538;1022;516;126;76;50;1664;1098;566;2023
224000;Vorsaetzliche einfache Koerperverletzung;9563000;Fuerth;insg.;585;326;259;6;5;1;37;22;15;43;27;16;85;56;29;38;22;16;388;201;187;31;20;11;419;221;198;2023
224000;Vorsaetzliche einfache Koerperverletzung;5513000;Gelsenkirchen;insg.;2467;1234;1233;18;10;8;221;148;73;239;158;81;251;124;127;172;69;103;1664;803;861;141;80;61;1805;883;922;2023
224000;Vorsaetzliche einfache Koerperverletzung;3159016;Goettingen;insg.;1029;617;412;7;5;2;31;22;9;38;27;11;70;33;37;82;29;53;769;492;277;70;36;34;839;528;311;2023
224000;Vorsaetzliche einfache Koerperverletzung;5754008;Guetersloh;insg.;542;276;266;2;0;2;31;19;12;33;19;14;50;27;23;37;22;15;379;184;195;43;24;19;422;208;214;2023
224000;Vorsaetzliche einfache Koerperverletzung;5914000;Hagen;insg.;1565;864;701;12;8;4;155;96;59;167;104;63;134;82;52;106;55;51;1069;566;503;89;57;32;1158;623;535;2023
224000;Vorsaetzliche einfache Koerperverletzung;15002000;Halle (Saale);insg.;2594;1555;1039;27;20;7;238;157;81;265;177;88;274;171;103;169;90;79;1749;1043;706;137;74;63;1886;1117;769;2023
224000;Vorsaetzliche einfache Koerperverletzung;2000000;Hamburg;insg.;17041;10410;6631;105;67;38;882;606;276;987;673;314;1090;645;445;1039;625;414;12860;7828;5032;1065;639;426;13925;8467;5458;2023
224000;Vorsaetzliche einfache Koerperverletzung;5915000;Hamm;insg.;1454;802;652;6;4;2;87;62;25;93;66;27;165;97;68;122;67;55;990;515;475;84;57;27;1074;572;502;2023
224000;Vorsaetzliche einfache Koerperverletzung;6435014;Hanau;insg.;483;211;272;3;0;3;26;19;7;29;19;10;24;15;9;27;12;15;372;147;225;31;18;13;403;165;238;2023
224000;Vorsaetzliche einfache Koerperverletzung;3241001;Hannover;insg.;5840;3609;2231;34;22;12;311;197;114;345;219;126;414;232;182;395;223;172;4329;2704;1625;357;231;126;4686;2935;1751;2023
224000;Vorsaetzliche einfache Koerperverletzung;8221000;Heidelberg;insg.;1062;746;316;6;3;3;30;20;10;36;23;13;73;43;30;99;76;23;784;553;231;70;51;19;854;604;250;2023
224000;Vorsaetzliche einfache Koerperverletzung;8121000;Heilbronn;insg.;996;551;445;3;2;1;64;39;25;67;41;26;58;28;30;80;35;45;731;406;325;60;41;19;791;447;344;2023
224000;Vorsaetzliche einfache Koerperverletzung;5916000;Herne;insg.;1398;775;623;2;1;1;105;56;49;107;57;50;127;75;52;102;58;44;973;538;435;89;47;42;1062;585;477;2023
224000;Vorsaetzliche einfache Koerperverletzung;3254021;Hildesheim;insg.;791;425;366;8;5;3;55;34;21;63;39;24;85;39;46;61;33;28;541;289;252;41;25;16;582;314;268;2023
224000;Vorsaetzliche einfache Koerperverletzung;9161000;Ingolstadt;insg.;1001;654;347;12;11;1;45;34;11;57;45;12;99;70;29;91;64;27;694;436;258;60;39;21;754;475;279;2023
224000;Vorsaetzliche einfache Koerperverletzung;16053000;Jena;insg.;525;336;189;5;4;1;48;31;17;53;35;18;33;23;10;35;23;12;369;235;134;35;20;15;404;255;149;2023
224000;Vorsaetzliche einfache Koerperverletzung;7312000;Kaiserslautern;insg.;1157;720;437;5;1;4;68;43;25;73;44;29;85;55;30;100;61;39;829;519;310;70;41;29;899;560;339;2023
224000;Vorsaetzliche einfache Koerperverletzung;8212000;Karlsruhe;insg.;1568;916;652;7;2;5;89;57;32;96;59;37;110;56;54;84;43;41;1139;679;460;139;79;60;1278;758;520;2023
224000;Vorsaetzliche einfache Koerperverletzung;6611000;Kassel;insg.;1617;873;744;21;8;13;59;39;20;80;47;33;96;54;42;126;65;61;1213;650;563;102;57;45;1315;707;608;2023
224000;Vorsaetzliche einfache Koerperverletzung;1002000;Kiel;insg.;1869;1141;728;7;4;3;92;67;25;99;71;28;164;92;72;187;119;68;1337;812;525;82;47;35;1419;859;560;2023
224000;Vorsaetzliche einfache Koerperverletzung;7111000;Koblenz;insg.;989;585;404;9;8;1;45;27;18;54;35;19;81;48;33;79;49;30;713;412;301;62;41;21;775;453;322;2023
224000;Vorsaetzliche einfache Koerperverletzung;5315000;Koeln;insg.;10527;6333;4194;77;52;25;494;320;174;571;372;199;708;403;305;794;487;307;7719;4634;3085;735;437;298;8454;5071;3383;2023
224000;Vorsaetzliche einfache Koerperverletzung;5114000;Krefeld;insg.;1588;809;779;9;6;3;127;80;47;136;86;50;113;55;58;116;53;63;1095;531;564;128;84;44;1223;615;608;2023
224000;Vorsaetzliche einfache Koerperverletzung;14713000;Leipzig;insg.;4140;2507;1633;38;20;18;233;148;85;271;168;103;289;172;117;282;161;121;2999;1841;1158;299;165;134;3298;2006;1292;2023
224000;Vorsaetzliche einfache Koerperverletzung;5316000;Leverkusen;insg.;1059;586;473;10;8;2;62;39;23;72;47;25;86;49;37;60;27;33;754;415;339;87;48;39;841;463;378;2023
224000;Vorsaetzliche einfache Koerperverletzung;1003000;Luebeck;insg.;2182;1356;826;19;16;3;117;72;45;136;88;48;147;86;61;163;102;61;1556;969;587;180;111;69;1736;1080;656;2023
224000;Vorsaetzliche einfache Koerperverletzung;7314000;Ludwigshafen am Rhein;insg.;1428;772;656;10;5;5;108;77;31;118;82;36;136;83;53;81;39;42;996;520;476;97;48;49;1093;568;525;2023
224000;Vorsaetzliche einfache Koerperverletzung;15003000;Magdeburg;insg.;2283;1385;898;12;9;3;154;106;48;166;115;51;178;96;82;191;108;83;1607;974;633;141;92;49;1748;1066;682;2023
224000;Vorsaetzliche einfache Koerperverletzung;7315000;Mainz;insg.;1404;941;463;14;6;8;59;41;18;73;47;26;84;60;24;127;89;38;1003;660;343;117;85;32;1120;745;375;2023
224000;Vorsaetzliche einfache Koerperverletzung;8222000;Mannheim;insg.;1553;842;711;6;1;5;75;50;25;81;51;30;120;68;52;101;43;58;1133;609;524;118;71;47;1251;680;571;2023
224000;Vorsaetzliche einfache Koerperverletzung;5170024;Moers;insg.;496;264;232;15;8;7;49;33;16;64;41;23;47;30;17;36;20;16;307;150;157;42;23;19;349;173;176;2023
224000;Vorsaetzliche einfache Koerperverletzung;5116000;Moenchengladbach;insg.;2207;1158;1049;10;5;5;140;80;60;150;85;65;210;120;90;154;95;59;1537;762;775;156;96;60;1693;858;835;2023
224000;Vorsaetzliche einfache Koerperverletzung;5117000;Muelheim an der Ruhr;insg.;985;524;461;13;8;5;65;35;30;78;43;35;78;50;28;68;36;32;694;362;332;67;33;34;761;395;366;2023
224000;Vorsaetzliche einfache Koerperverletzung;9162000;Muenchen;insg.;8415;5346;3069;55;39;16;351;224;127;406;263;143;467;307;160;507;308;199;6464;4122;2342;571;346;225;7035;4468;2567;2023
224000;Vorsaetzliche einfache Koerperverletzung;5515000;Muenster;insg.;2254;1368;886;15;8;7;122;70;52;137;78;59;158;101;57;178;114;64;1601;967;634;180;108;72;1781;1075;706;2023
224000;Vorsaetzliche einfache Koerperverletzung;5162024;Neuss;insg.;1191;650;541;6;5;1;77;55;22;83;60;23;111;60;51;78;50;28;841;436;405;78;44;34;919;480;439;2023
224000;Vorsaetzliche einfache Koerperverletzung;9564000;Nuernberg;insg.;3577;2275;1302;19;14;5;185;112;73;204;126;78;325;195;130;306;197;109;2567;1647;920;175;110;65;2742;1757;985;2023
224000;Vorsaetzliche einfache Koerperverletzung;5119000;Oberhausen;insg.;1494;838;656;16;9;7;120;74;46;136;83;53;147;83;64;136;83;53;980;532;448;95;57;38;1075;589;486;2023
224000;Vorsaetzliche einfache Koerperverletzung;6413000;Offenbach am Main;insg.;516;212;304;6;2;4;20;13;7;26;15;11;35;16;19;22;10;12;384;143;241;49;28;21;433;171;262;2023
224000;Vorsaetzliche einfache Koerperverletzung;3403000;Oldenburg (Oldenburg);insg.;1030;637;393;21;10;11;67;47;20;88;57;31;73;45;28;72;47;25;725;445;280;72;43;29;797;488;309;2023
224000;Vorsaetzliche einfache Koerperverletzung;3404000;Osnabrueck;insg.;1301;811;490;5;4;1;34;20;14;39;24;15;101;63;38;118;80;38;965;593;372;78;51;27;1043;644;399;2023
224000;Vorsaetzliche einfache Koerperverletzung;5774032;Paderborn;insg.;1196;747;449;10;4;6;56;36;20;66;40;26;72;44;28;119;65;54;867;553;314;72;45;27;939;598;341;2023
224000;Vorsaetzliche einfache Koerperverletzung;8231000;Pforzheim;insg.;967;500;467;6;6;0;55;34;21;61;40;21;74;46;28;99;48;51;666;333;333;67;33;34;733;366;367;2023
224000;Vorsaetzliche einfache Koerperverletzung;12054000;Potsdam;insg.;847;484;363;7;5;2;99;64;35;106;69;37;66;37;29;48;27;21;544;304;240;83;47;36;627;351;276;2023
224000;Vorsaetzliche einfache Koerperverletzung;5562032;Recklinghausen;insg.;889;512;377;4;2;2;63;43;20;67;45;22;92;65;27;67;36;31;596;324;272;67;42;25;663;366;297;2023
224000;Vorsaetzliche einfache Koerperverletzung;9362000;Regensburg;insg.;1038;679;359;3;3;0;37;24;13;40;27;13;77;46;31;105;57;48;762;515;247;54;34;20;816;549;267;2023
224000;Vorsaetzliche einfache Koerperverletzung;5120000;Remscheid;insg.;762;405;357;8;5;3;46;23;23;54;28;26;63;40;23;42;21;21;548;285;263;55;31;24;603;316;287;2023
224000;Vorsaetzliche einfache Koerperverletzung;8415061;Reutlingen;insg.;760;454;306;4;1;3;42;30;12;46;31;15;61;35;26;63;37;26;537;316;221;53;35;18;590;351;239;2023
224000;Vorsaetzliche einfache Koerperverletzung;13003000;Rostock, Hanse- und Universit tsstadt;insg.;1474;890;584;7;6;1;112;73;39;119;79;40;150;88;62;105;66;39;1005;599;406;95;58;37;1100;657;443;2023
224000;Vorsaetzliche einfache Koerperverletzung;10041100;Saarbruecken;insg.;2027;1210;817;19;15;4;141;92;49;160;107;53;185;123;62;167;105;62;1352;769;583;163;106;57;1515;875;640;2023
224000;Vorsaetzliche einfache Koerperverletzung;3102000;Salzgitter;insg.;730;398;332;7;4;3;80;56;24;87;60;27;76;52;24;46;22;24;474;233;241;47;31;16;521;264;257;2023
224000;Vorsaetzliche einfache Koerperverletzung;13004000;Schwerin;insg.;915;588;327;5;4;1;90;65;25;95;69;26;68;37;31;75;48;27;623;403;220;54;31;23;677;434;243;2023
224000;Vorsaetzliche einfache Koerperverletzung;5970040;Siegen;insg.;767;439;328;6;5;1;47;26;21;53;31;22;69;39;30;64;36;28;529;301;228;52;32;20;581;333;248;2023
224000;Vorsaetzliche einfache Koerperverletzung;5122000;Solingen;insg.;1189;632;557;14;8;6;98;57;41;112;65;47;112;73;39;87;51;36;787;386;401;91;57;34;878;443;435;2023
224000;Vorsaetzliche einfache Koerperverletzung;8111000;Stuttgart;insg.;4790;3120;1670;36;27;9;252;147;105;288;174;114;306;199;107;378;247;131;3554;2335;1219;264;165;99;3818;2500;1318;2023
224000;Vorsaetzliche einfache Koerperverletzung;7211000;Trier;insg.;1022;636;386;4;2;2;70;38;32;74;40;34;93;58;35;105;66;39;699;438;261;51;34;17;750;472;278;2023
224000;Vorsaetzliche einfache Koerperverletzung;8421000;Ulm;insg.;843;499;344;4;3;1;39;31;8;43;34;9;76;37;39;83;52;31;584;347;237;57;29;28;641;376;265;2023
224000;Vorsaetzliche einfache Koerperverletzung;6414000;Wiesbaden;insg.;1806;980;826;14;11;3;117;71;46;131;82;49;146;80;66;120;64;56;1273;671;602;136;83;53;1409;754;655;2023
224000;Vorsaetzliche einfache Koerperverletzung;3103000;Wolfsburg;insg.;759;420;339;6;3;3;47;33;14;53;36;17;53;28;25;43;20;23;560;308;252;50;28;22;610;336;274;2023
224000;Vorsaetzliche einfache Koerperverletzung;5124000;Wuppertal;insg.;2988;1687;1301;28;17;11;258;182;76;286;199;87;291;164;127;228;116;112;1970;1082;888;213;126;87;2183;1208;975;2023
224000;Vorsaetzliche einfache Koerperverletzung;9663000;Wuerzburg;insg.;805;549;256;6;3;3;32;19;13;38;22;16;73;46;27;103;76;27;540;371;169;51;34;17;591;405;186;2023
621100;Widerstand gegen und taetlicher Angriff auf Vollstreckungsbeamte und gleichstehende Personen;5334002;Aachen;insg.;397;296;101;0;0;0;0;0;0;0;0;0;0;0;0;5;5;0;392;291;101;0;0;0;392;291;101;2023
621100;Widerstand gegen und taetlicher Angriff auf Vollstreckungsbeamte und gleichstehende Personen;9761000;Augsburg;insg.;657;493;164;0;0;0;0;0;0;0;0;0;0;0;0;27;17;10;625;473;152;5;3;2;630;476;154;2023
621100;Widerstand gegen und taetlicher Angriff auf Vollstreckungsbeamte und gleichstehende Personen;5378004;Bergisch Gladbach;insg.;122;82;40;0;0;0;0;0;0;0;0;0;0;0;0;5;4;1;117;78;39;0;0;0;117;78;39;2023
621100;Widerstand gegen und taetlicher Angriff auf Vollstreckungsbeamte und gleichstehende Personen;11000000;Berlin;insg.;10405;8746;1659;0;0;0;0;0;0;0;0;0;4;4;0;131;111;20;10083;8488;1595;187;143;44;10270;8631;1639;2023
621100;Widerstand gegen und taetlicher Angriff auf Vollstreckungsbeamte und gleichstehende Personen;5711000;Bielefeld;insg.;348;266;82;0;0;0;0;0;0;0;0;0;0;0;0;2;1;1;343;263;80;3;2;1;346;265;81;2023
621100;Widerstand gegen und taetlicher Angriff auf Vollstreckungsbeamte und gleichstehende Personen;5911000;Bochum;insg.;600;451;149;0;0;0;0;0;0;0;0;0;0;0;0;7;3;4;590;445;145;3;3;0;593;448;145;2023
621100;Widerstand gegen und taetlicher Angriff auf Vollstreckungsbeamte und gleichstehende Personen;5314000;Bonn;insg.;728;520;208;0;0;0;0;0;0;0;0;0;0;0;0;5;3;2;723;517;206;0;0;0;723;517;206;2023
621100;Widerstand gegen und taetlicher Angriff auf Vollstreckungsbeamte und gleichstehende Personen;5512000;Bottrop;insg.;71;55;16;0;0;0;0;0;0;0;0;0;0;0;0;0;0;0;70;54;16;1;1;0;71;55;16;2023
621100;Widerstand gegen und taetlicher Angriff auf Vollstreckungsbeamte und gleichstehende Personen;3101000;Braunschweig;insg.;547;401;146;0;0;0;0;0;0;0;0;0;0;0;0;5;4;1;533;388;145;9;9;0;542;397;145;2023
621100;Widerstand gegen und taetlicher Angriff auf Vollstreckungsbeamte und gleichstehende Personen;4011000;Bremen;insg.;1018;754;264;0;0;0;0;0;0;0;0;0;0;0;0;5;2;3;1005;744;261;8;8;0;1013;752;261;2023
621100;Widerstand gegen und taetlicher Angriff auf Vollstreckungsbeamte und gleichstehende Personen;4012000;Bremerhaven;insg.;376;291;85;0;0;0;0;0;0;0;0;0;0;0;0;2;1;1;372;289;83;2;1;1;374;290;84;2023
621100;Widerstand gegen und taetlicher Angriff auf Vollstreckungsbeamte und gleichstehende Personen;14511000;Chemnitz;insg.;352;301;51;0;0;0;0;0;0;0;0;0;0;0;0;12;8;4;337;290;47;3;3;0;340;293;47;2023
621100;Widerstand gegen und taetlicher Angriff auf Vollstreckungsbeamte und gleichstehende Personen;6411000;Darmstadt;insg.;142;121;21;3;2;1;0;0;0;3;2;1;0;0;0;4;3;1;135;116;19;0;0;0;135;116;19;2023
621100;Widerstand gegen und taetlicher Angriff auf Vollstreckungsbeamte und gleichstehende Personen;5913000;Dortmund;insg.;1269;926;343;0;0;0;0;0;0;0;0;0;1;1;0;14;8;6;1243;907;336;11;10;1;1254;917;337;2023
621100;Widerstand gegen und taetlicher Angriff auf Vollstreckungsbeamte und gleichstehende Personen;14612000;Dresden;insg.;666;551;115;0;0;0;0;0;0;0;0;0;2;2;0;21;15;6;640;531;109;3;3;0;643;534;109;2023
621100;Widerstand gegen und taetlicher Angriff auf Vollstreckungsbeamte und gleichstehende Personen;5112000;Duisburg;insg.;580;483;97;0;0;0;0;0;0;0;0;0;0;0;0;10;9;1;560;466;94;10;8;2;570;474;96;2023
621100;Widerstand gegen und taetlicher Angriff auf Vollstreckungsbeamte und gleichstehende Personen;5111000;Duesseldorf;insg.;1563;1223;340;0;0;0;0;0;0;0;0;0;0;0;0;14;8;6;1533;1200;333;16;15;1;1549;1215;334;2023
621100;Widerstand gegen und taetlicher Angriff auf Vollstreckungsbeamte und gleichstehende Personen;16051000;Erfurt;insg.;601;525;76;0;0;0;0;0;0;0;0;0;0;0;0;36;30;6;565;495;70;0;0;0;565;495;70;2023
621100;Widerstand gegen und taetlicher Angriff auf Vollstreckungsbeamte und gleichstehende Personen;9562000;Erlangen;insg.;129;104;25;0;0;0;0;0;0;0;0;0;0;0;0;0;0;0;129;104;25;0;0;0;129;104;25;2023
621100;Widerstand gegen und taetlicher Angriff auf Vollstreckungsbeamte und gleichstehende Personen;5113000;Essen;insg.;846;663;183;0;0;0;0;0;0;0;0;0;1;1;0;10;8;2;834;653;181;1;1;0;835;654;181;2023
621100;Widerstand gegen und taetlicher Angriff auf Vollstreckungsbeamte und gleichstehende Personen;6412000;Frankfurt am Main;insg.;1876;1561;315;0;0;0;0;0;0;0;0;0;0;0;0;23;13;10;1849;1544;305;4;4;0;1853;1548;305;2023
621100;Widerstand gegen und taetlicher Angriff auf Vollstreckungsbeamte und gleichstehende Personen;8311000;Freiburg im Breisgau;insg.;601;487;114;0;0;0;0;0;0;0;0;0;0;0;0;21;12;9;578;473;105;2;2;0;580;475;105;2023
621100;Widerstand gegen und taetlicher Angriff auf Vollstreckungsbeamte und gleichstehende Personen;9563000;Fuerth;insg.;104;74;30;0;0;0;0;0;0;0;0;0;0;0;0;1;0;1;103;74;29;0;0;0;103;74;29;2023
621100;Widerstand gegen und taetlicher Angriff auf Vollstreckungsbeamte und gleichstehende Personen;5513000;Gelsenkirchen;insg.;534;365;169;0;0;0;0;0;0;0;0;0;0;0;0;7;2;5;526;362;164;1;1;0;527;363;164;2023
621100;Widerstand gegen und taetlicher Angriff auf Vollstreckungsbeamte und gleichstehende Personen;3159016;Goettingen;insg.;249;201;48;0;0;0;0;0;0;0;0;0;0;0;0;2;1;1;244;197;47;3;3;0;247;200;47;2023
621100;Widerstand gegen und taetlicher Angriff auf Vollstreckungsbeamte und gleichstehende Personen;5754008;Guetersloh;insg.;298;210;88;0;0;0;0;0;0;0;0;0;0;0;0;5;4;1;292;205;87;1;1;0;293;206;87;2023
621100;Widerstand gegen und taetlicher Angriff auf Vollstreckungsbeamte und gleichstehende Personen;5914000;Hagen;insg.;462;318;144;0;0;0;0;0;0;0;0;0;0;0;0;5;4;1;451;309;142;6;5;1;457;314;143;2023
621100;Widerstand gegen und taetlicher Angriff auf Vollstreckungsbeamte und gleichstehende Personen;15002000;Halle (Saale);insg.;378;318;60;0;0;0;0;0;0;0;0;0;0;0;0;25;24;1;340;284;56;13;10;3;353;294;59;2023
621100;Widerstand gegen und taetlicher Angriff auf Vollstreckungsbeamte und gleichstehende Personen;2000000;Hamburg;insg.;3290;2515;775;0;0;0;0;0;0;0;0;0;1;1;0;40;31;9;3247;2481;766;2;2;0;3249;2483;766;2023
621100;Widerstand gegen und taetlicher Angriff auf Vollstreckungsbeamte und gleichstehende Personen;5915000;Hamm;insg.;377;310;67;0;0;0;0;0;0;0;0;0;0;0;0;6;6;0;370;303;67;1;1;0;371;304;67;2023
621100;Widerstand gegen und taetlicher Angriff auf Vollstreckungsbeamte und gleichstehende Personen;6435014;Hanau;insg.;47;34;13;0;0;0;0;0;0;0;0;0;0;0;0;3;2;1;44;32;12;0;0;0;44;32;12;2023
621100;Widerstand gegen und taetlicher Angriff auf Vollstreckungsbeamte und gleichstehende Personen;3241001;Hannover;insg.;1698;1316;382;0;0;0;0;0;0;0;0;0;0;0;0;15;11;4;1678;1300;378;5;5;0;1683;1305;378;2023
621100;Widerstand gegen und taetlicher Angriff auf Vollstreckungsbeamte und gleichstehende Personen;8221000;Heidelberg;insg.;442;329;113;0;0;0;0;0;0;0;0;0;1;1;0;11;8;3;427;317;110;3;3;0;430;320;110;2023
621100;Widerstand gegen und taetlicher Angriff auf Vollstreckungsbeamte und gleichstehende Personen;8121000;Heilbronn;insg.;263;205;58;0;0;0;0;0;0;0;0;0;0;0;0;4;4;0;253;195;58;6;6;0;259;201;58;2023
621100;Widerstand gegen und taetlicher Angriff auf Vollstreckungsbeamte und gleichstehende Personen;5916000;Herne;insg.;241;188;53;0;0;0;0;0;0;0;0;0;0;0;0;2;0;2;238;187;51;1;1;0;239;188;51;2023
621100;Widerstand gegen und taetlicher Angriff auf Vollstreckungsbeamte und gleichstehende Personen;3254021;Hildesheim;insg.;165;111;54;0;0;0;0;0;0;0;0;0;0;0;0;1;0;1;159;106;53;5;5;0;164;111;53;2023
621100;Widerstand gegen und taetlicher Angriff auf Vollstreckungsbeamte und gleichstehende Personen;9161000;Ingolstadt;insg.;217;153;64;0;0;0;0;0;0;0;0;0;0;0;0;9;5;4;207;147;60;1;1;0;208;148;60;2023
621100;Widerstand gegen und taetlicher Angriff auf Vollstreckungsbeamte und gleichstehende Personen;16053000;Jena;insg.;132;112;20;0;0;0;0;0;0;0;0;0;0;0;0;4;4;0;128;108;20;0;0;0;128;108;20;2023
621100;Widerstand gegen und taetlicher Angriff auf Vollstreckungsbeamte und gleichstehende Personen;7312000;Kaiserslautern;insg.;252;205;47;0;0;0;0;0;0;0;0;0;0;0;0;0;0;0;251;204;47;1;1;0;252;205;47;2023
621100;Widerstand gegen und taetlicher Angriff auf Vollstreckungsbeamte und gleichstehende Personen;8212000;Karlsruhe;insg.;529;427;102;0;0;0;0;0;0;0;0;0;0;0;0;14;12;2;506;407;99;9;8;1;515;415;100;2023
621100;Widerstand gegen und taetlicher Angriff auf Vollstreckungsbeamte und gleichstehende Personen;6611000;Kassel;insg.;299;243;56;0;0;0;0;0;0;0;0;0;0;0;0;15;12;3;283;231;52;1;0;1;284;231;53;2023
621100;Widerstand gegen und taetlicher Angriff auf Vollstreckungsbeamte und gleichstehende Personen;1002000;Kiel;insg.;421;334;87;0;0;0;0;0;0;0;0;0;0;0;0;11;10;1;409;323;86;1;1;0;410;324;86;2023
621100;Widerstand gegen und taetlicher Angriff auf Vollstreckungsbeamte und gleichstehende Personen;7111000;Koblenz;insg.;284;236;48;0;0;0;0;0;0;0;0;0;0;0;0;2;2;0;279;231;48;3;3;0;282;234;48;2023
621100;Widerstand gegen und taetlicher Angriff auf Vollstreckungsbeamte und gleichstehende Personen;5315000;Koeln;insg.;2163;1577;586;0;0;0;0;0;0;0;0;0;0;0;0;14;7;7;2137;1559;578;12;11;1;2149;1570;579;2023
621100;Widerstand gegen und taetlicher Angriff auf Vollstreckungsbeamte und gleichstehende Personen;5114000;Krefeld;insg.;345;215;130;0;0;0;0;0;0;0;0;0;0;0;0;7;1;6;337;213;124;1;1;0;338;214;124;2023
621100;Widerstand gegen und taetlicher Angriff auf Vollstreckungsbeamte und gleichstehende Personen;14713000;Leipzig;insg.;1194;1009;185;0;0;0;0;0;0;0;0;0;2;2;0;41;38;3;1147;966;181;4;3;1;1151;969;182;2023
621100;Widerstand gegen und taetlicher Angriff auf Vollstreckungsbeamte und gleichstehende Personen;5316000;Leverkusen;insg.;202;131;71;0;0;0;0;0;0;0;0;0;0;0;0;1;1;0;201;130;71;0;0;0;201;130;71;2023
621100;Widerstand gegen und taetlicher Angriff auf Vollstreckungsbeamte und gleichstehende Personen;1003000;Luebeck;insg.;646;482;164;0;0;0;0;0;0;0;0;0;0;0;0;7;2;5;631;472;159;8;8;0;639;480;159;2023
621100;Widerstand gegen und taetlicher Angriff auf Vollstreckungsbeamte und gleichstehende Personen;7314000;Ludwigshafen am Rhein;insg.;163;128;35;0;0;0;0;0;0;0;0;0;0;0;0;1;1;0;162;127;35;0;0;0;162;127;35;2023
621100;Widerstand gegen und taetlicher Angriff auf Vollstreckungsbeamte und gleichstehende Personen;15003000;Magdeburg;insg.;538;418;120;0;0;0;0;0;0;0;0;0;1;1;0;33;26;7;497;384;113;7;7;0;504;391;113;2023
621100;Widerstand gegen und taetlicher Angriff auf Vollstreckungsbeamte und gleichstehende Personen;7315000;Mainz;insg.;250;186;64;0;0;0;0;0;0;0;0;0;0;0;0;4;2;2;244;182;62;2;2;0;246;184;62;2023
621100;Widerstand gegen und taetlicher Angriff auf Vollstreckungsbeamte und gleichstehende Personen;8222000;Mannheim;insg.;472;376;96;0;0;0;0;0;0;0;0;0;0;0;0;14;8;6;455;365;90;3;3;0;458;368;90;2023
621100;Widerstand gegen und taetlicher Angriff auf Vollstreckungsbeamte und gleichstehende Personen;5170024;Moers;insg.;132;93;39;0;0;0;0;0;0;0;0;0;0;0;0;4;2;2;128;91;37;0;0;0;128;91;37;2023
621100;Widerstand gegen und taetlicher Angriff auf Vollstreckungsbeamte und gleichstehende Personen;5116000;Moenchengladbach;insg.;487;353;134;0;0;0;0;0;0;0;0;0;0;0;0;5;2;3;479;348;131;3;3;0;482;351;131;2023
621100;Widerstand gegen und taetlicher Angriff auf Vollstreckungsbeamte und gleichstehende Personen;5117000;Muelheim an der Ruhr;insg.;191;131;60;0;0;0;0;0;0;0;0;0;0;0;0;1;1;0;190;130;60;0;0;0;190;130;60;2023
621100;Widerstand gegen und taetlicher Angriff auf Vollstreckungsbeamte und gleichstehende Personen;9162000;Muenchen;insg.;2249;1820;429;0;0;0;0;0;0;0;0;0;0;0;0;48;26;22;2197;1790;407;4;4;0;2201;1794;407;2023
621100;Widerstand gegen und taetlicher Angriff auf Vollstreckungsbeamte und gleichstehende Personen;5515000;Muenster;insg.;585;485;100;0;0;0;0;0;0;0;0;0;0;0;0;10;9;1;567;468;99;8;8;0;575;476;99;2023
621100;Widerstand gegen und taetlicher Angriff auf Vollstreckungsbeamte und gleichstehende Personen;5162024;Neuss;insg.;176;124;52;0;0;0;0;0;0;0;0;0;0;0;0;3;1;2;173;123;50;0;0;0;173;123;50;2023
621100;Widerstand gegen und taetlicher Angriff auf Vollstreckungsbeamte und gleichstehende Personen;9564000;Nuernberg;insg.;770;619;151;0;0;0;0;0;0;0;0;0;0;0;0;15;10;5;751;605;146;4;4;0;755;609;146;2023
621100;Widerstand gegen und taetlicher Angriff auf Vollstreckungsbeamte und gleichstehende Personen;5119000;Oberhausen;insg.;281;201;80;0;0;0;0;0;0;0;0;0;0;0;0;2;2;0;273;194;79;6;5;1;279;199;80;2023
621100;Widerstand gegen und taetlicher Angriff auf Vollstreckungsbeamte und gleichstehende Personen;6413000;Offenbach am Main;insg.;111;80;31;0;0;0;0;0;0;0;0;0;0;0;0;0;0;0;111;80;31;0;0;0;111;80;31;2023
621100;Widerstand gegen und taetlicher Angriff auf Vollstreckungsbeamte und gleichstehende Personen;3403000;Oldenburg (Oldenburg);insg.;179;147;32;0;0;0;0;0;0;0;0;0;0;0;0;2;1;1;173;142;31;4;4;0;177;146;31;2023
621100;Widerstand gegen und taetlicher Angriff auf Vollstreckungsbeamte und gleichstehende Personen;3404000;Osnabrueck;insg.;355;267;88;0;0;0;0;0;0;0;0;0;0;0;0;2;2;0;346;258;88;7;7;0;353;265;88;2023
621100;Widerstand gegen und taetlicher Angriff auf Vollstreckungsbeamte und gleichstehende Personen;5774032;Paderborn;insg.;231;196;35;0;0;0;0;0;0;0;0;0;0;0;0;3;3;0;228;193;35;0;0;0;228;193;35;2023
621100;Widerstand gegen und taetlicher Angriff auf Vollstreckungsbeamte und gleichstehende Personen;8231000;Pforzheim;insg.;145;108;37;0;0;0;0;0;0;0;0;0;0;0;0;2;2;0;142;105;37;1;1;0;143;106;37;2023
621100;Widerstand gegen und taetlicher Angriff auf Vollstreckungsbeamte und gleichstehende Personen;12054000;Potsdam;insg.;187;134;53;0;0;0;0;0;0;0;0;0;0;0;0;3;3;0;184;131;53;0;0;0;184;131;53;2023
621100;Widerstand gegen und taetlicher Angriff auf Vollstreckungsbeamte und gleichstehende Personen;5562032;Recklinghausen;insg.;185;150;35;0;0;0;0;0;0;0;0;0;0;0;0;1;0;1;180;147;33;4;3;1;184;150;34;2023
621100;Widerstand gegen und taetlicher Angriff auf Vollstreckungsbeamte und gleichstehende Personen;9362000;Regensburg;insg.;397;305;92;0;0;0;0;0;0;0;0;0;1;1;0;8;6;2;385;295;90;3;3;0;388;298;90;2023
621100;Widerstand gegen und taetlicher Angriff auf Vollstreckungsbeamte und gleichstehende Personen;5120000;Remscheid;insg.;225;129;96;0;0;0;0;0;0;0;0;0;0;0;0;2;2;0;223;127;96;0;0;0;223;127;96;2023
621100;Widerstand gegen und taetlicher Angriff auf Vollstreckungsbeamte und gleichstehende Personen;8415061;Reutlingen;insg.;178;123;55;0;0;0;0;0;0;0;0;0;0;0;0;4;2;2;173;120;53;1;1;0;174;121;53;2023
621100;Widerstand gegen und taetlicher Angriff auf Vollstreckungsbeamte und gleichstehende Personen;13003000;Rostock, Hanse- und Universit tsstadt;insg.;364;304;60;0;0;0;0;0;0;0;0;0;0;0;0;7;5;2;353;295;58;4;4;0;357;299;58;2023
621100;Widerstand gegen und taetlicher Angriff auf Vollstreckungsbeamte und gleichstehende Personen;10041100;Saarbruecken;insg.;585;453;132;0;0;0;0;0;0;0;0;0;0;0;0;15;10;5;569;442;127;1;1;0;570;443;127;2023
621100;Widerstand gegen und taetlicher Angriff auf Vollstreckungsbeamte und gleichstehende Personen;3102000;Salzgitter;insg.;96;80;16;0;0;0;0;0;0;0;0;0;0;0;0;3;3;0;93;77;16;0;0;0;93;77;16;2023
621100;Widerstand gegen und taetlicher Angriff auf Vollstreckungsbeamte und gleichstehende Personen;13004000;Schwerin;insg.;286;236;50;0;0;0;0;0;0;0;0;0;0;0;0;3;3;0;278;229;49;5;4;1;283;233;50;2023
621100;Widerstand gegen und taetlicher Angriff auf Vollstreckungsbeamte und gleichstehende Personen;5970040;Siegen;insg.;268;175;93;0;0;0;0;0;0;0;0;0;0;0;0;4;3;1;262;171;91;2;1;1;264;172;92;2023
621100;Widerstand gegen und taetlicher Angriff auf Vollstreckungsbeamte und gleichstehende Personen;5122000;Solingen;insg.;217;158;59;0;0;0;0;0;0;0;0;0;0;0;0;4;2;2;212;155;57;1;1;0;213;156;57;2023
621100;Widerstand gegen und taetlicher Angriff auf Vollstreckungsbeamte und gleichstehende Personen;8111000;Stuttgart;insg.;1827;1397;430;0;0;0;0;0;0;0;0;0;0;0;0;22;18;4;1798;1373;425;7;6;1;1805;1379;426;2023
621100;Widerstand gegen und taetlicher Angriff auf Vollstreckungsbeamte und gleichstehende Personen;7211000;Trier;insg.;248;196;52;0;0;0;0;0;0;0;0;0;0;0;0;4;3;1;244;193;51;0;0;0;244;193;51;2023
621100;Widerstand gegen und taetlicher Angriff auf Vollstreckungsbeamte und gleichstehende Personen;8421000;Ulm;insg.;163;123;40;0;0;0;0;0;0;0;0;0;0;0;0;6;6;0;155;116;39;2;1;1;157;117;40;2023
621100;Widerstand gegen und taetlicher Angriff auf Vollstreckungsbeamte und gleichstehende Personen;6414000;Wiesbaden;insg.;232;188;44;0;0;0;0;0;0;0;0;0;0;0;0;1;1;0;231;187;44;0;0;0;231;187;44;2023
621100;Widerstand gegen und taetlicher Angriff auf Vollstreckungsbeamte und gleichstehende Personen;3103000;Wolfsburg;insg.;163;117;46;0;0;0;0;0;0;0;0;0;0;0;0;1;1;0;160;114;46;2;2;0;162;116;46;2023
621100;Widerstand gegen und taetlicher Angriff auf Vollstreckungsbeamte und gleichstehende Personen;5124000;Wuppertal;insg.;649;449;200;0;0;0;0;0;0;0;0;0;0;0;0;6;2;4;637;442;195;6;5;1;643;447;196;2023
621100;Widerstand gegen und taetlicher Angriff auf Vollstreckungsbeamte und gleichstehende Personen;9663000;Wuerzburg;insg.;167;129;38;0;0;0;0;0;0;0;0;0;0;0;0;9;6;3;157;122;35;1;1;0;158;123;35;2023
621110;Widerstand gegen Vollstreckungsbeamte und gleichstehende Personen;5334002;Aachen;insg.;284;214;70;0;0;0;0;0;0;0;0;0;0;0;0;3;3;0;281;211;70;0;0;0;281;211;70;2023
621110;Widerstand gegen Vollstreckungsbeamte und gleichstehende Personen;9761000;Augsburg;insg.;324;246;78;0;0;0;0;0;0;0;0;0;0;0;0;9;7;2;314;238;76;1;1;0;315;239;76;2023
621110;Widerstand gegen Vollstreckungsbeamte und gleichstehende Personen;5378004;Bergisch Gladbach;insg.;102;72;30;0;0;0;0;0;0;0;0;0;0;0;0;5;4;1;97;68;29;0;0;0;97;68;29;2023
621110;Widerstand gegen Vollstreckungsbeamte und gleichstehende Personen;11000000;Berlin;insg.;7130;5995;1135;0;0;0;0;0;0;0;0;0;3;3;0;81;75;6;6882;5792;1090;164;125;39;7046;5917;1129;2023
621110;Widerstand gegen Vollstreckungsbeamte und gleichstehende Personen;5711000;Bielefeld;insg.;272;205;67;0;0;0;0;0;0;0;0;0;0;0;0;2;1;1;267;202;65;3;2;1;270;204;66;2023
621110;Widerstand gegen Vollstreckungsbeamte und gleichstehende Personen;5911000;Bochum;insg.;349;264;85;0;0;0;0;0;0;0;0;0;0;0;0;4;2;2;343;260;83;2;2;0;345;262;83;2023
621110;Widerstand gegen Vollstreckungsbeamte und gleichstehende Personen;5314000;Bonn;insg.;418;298;120;0;0;0;0;0;0;0;0;0;0;0;0;3;2;1;415;296;119;0;0;0;415;296;119;2023
621110;Widerstand gegen Vollstreckungsbeamte und gleichstehende Personen;5512000;Bottrop;insg.;42;32;10;0;0;0;0;0;0;0;0;0;0;0;0;0;0;0;41;31;10;1;1;0;42;32;10;2023
621110;Widerstand gegen Vollstreckungsbeamte und gleichstehende Personen;3101000;Braunschweig;insg.;269;200;69;0;0;0;0;0;0;0;0;0;0;0;0;1;1;0;263;194;69;5;5;0;268;199;69;2023
621110;Widerstand gegen Vollstreckungsbeamte und gleichstehende Personen;4011000;Bremen;insg.;626;470;156;0;0;0;0;0;0;0;0;0;0;0;0;2;1;1;616;461;155;8;8;0;624;469;155;2023
621110;Widerstand gegen Vollstreckungsbeamte und gleichstehende Personen;4012000;Bremerhaven;insg.;324;250;74;0;0;0;0;0;0;0;0;0;0;0;0;2;1;1;320;248;72;2;1;1;322;249;73;2023
621110;Widerstand gegen Vollstreckungsbeamte und gleichstehende Personen;14511000;Chemnitz;insg.;245;205;40;0;0;0;0;0;0;0;0;0;0;0;0;9;5;4;234;198;36;2;2;0;236;200;36;2023
621110;Widerstand gegen Vollstreckungsbeamte und gleichstehende Personen;6411000;Darmstadt;insg.;68;58;10;3;2;1;0;0;0;3;2;1;0;0;0;2;2;0;63;54;9;0;0;0;63;54;9;2023
621110;Widerstand gegen Vollstreckungsbeamte und gleichstehende Personen;5913000;Dortmund;insg.;765;569;196;0;0;0;0;0;0;0;0;0;0;0;0;10;5;5;747;557;190;8;7;1;755;564;191;2023
621110;Widerstand gegen Vollstreckungsbeamte und gleichstehende Personen;14612000;Dresden;insg.;358;302;56;0;0;0;0;0;0;0;0;0;0;0;0;11;7;4;345;293;52;2;2;0;347;295;52;2023
621110;Widerstand gegen Vollstreckungsbeamte und gleichstehende Personen;5112000;Duisburg;insg.;409;336;73;0;0;0;0;0;0;0;0;0;0;0;0;5;5;0;396;324;72;8;7;1;404;331;73;2023
621110;Widerstand gegen Vollstreckungsbeamte und gleichstehende Personen;5111000;Duesseldorf;insg.;1025;813;212;0;0;0;0;0;0;0;0;0;0;0;0;8;5;3;1002;794;208;15;14;1;1017;808;209;2023
621110;Widerstand gegen Vollstreckungsbeamte und gleichstehende Personen;16051000;Erfurt;insg.;310;282;28;0;0;0;0;0;0;0;0;0;0;0;0;15;13;2;295;269;26;0;0;0;295;269;26;2023
621110;Widerstand gegen Vollstreckungsbeamte und gleichstehende Personen;9562000;Erlangen;insg.;42;32;10;0;0;0;0;0;0;0;0;0;0;0;0;0;0;0;42;32;10;0;0;0;42;32;10;2023
621110;Widerstand gegen Vollstreckungsbeamte und gleichstehende Personen;5113000;Essen;insg.;654;517;137;0;0;0;0;0;0;0;0;0;1;1;0;9;8;1;643;507;136;1;1;0;644;508;136;2023
621110;Widerstand gegen Vollstreckungsbeamte und gleichstehende Personen;6412000;Frankfurt am Main;insg.;890;772;118;0;0;0;0;0;0;0;0;0;0;0;0;7;4;3;879;764;115;4;4;0;883;768;115;2023
621110;Widerstand gegen Vollstreckungsbeamte und gleichstehende Personen;8311000;Freiburg im Breisgau;insg.;317;254;63;0;0;0;0;0;0;0;0;0;0;0;0;10;6;4;306;247;59;1;1;0;307;248;59;2023
621110;Widerstand gegen Vollstreckungsbeamte und gleichstehende Personen;9563000;Fuerth;insg.;4;4;0;0;0;0;0;0;0;0;0;0;0;0;0;0;0;0;4;4;0;0;0;0;4;4;0;2023
621110;Widerstand gegen Vollstreckungsbeamte und gleichstehende Personen;5513000;Gelsenkirchen;insg.;408;289;119;0;0;0;0;0;0;0;0;0;0;0;0;3;1;2;404;287;117;1;1;0;405;288;117;2023
621110;Widerstand gegen Vollstreckungsbeamte und gleichstehende Personen;3159016;Goettingen;insg.;152;119;33;0;0;0;0;0;0;0;0;0;0;0;0;2;1;1;148;116;32;2;2;0;150;118;32;2023
621110;Widerstand gegen Vollstreckungsbeamte und gleichstehende Personen;5754008;Guetersloh;insg.;234;172;62;0;0;0;0;0;0;0;0;0;0;0;0;5;4;1;228;167;61;1;1;0;229;168;61;2023
621110;Widerstand gegen Vollstreckungsbeamte und gleichstehende Personen;5914000;Hagen;insg.;282;195;87;0;0;0;0;0;0;0;0;0;0;0;0;4;3;1;274;189;85;4;3;1;278;192;86;2023
621110;Widerstand gegen Vollstreckungsbeamte und gleichstehende Personen;15002000;Halle (Saale);insg.;202;173;29;0;0;0;0;0;0;0;0;0;0;0;0;17;17;0;178;149;29;7;7;0;185;156;29;2023
621110;Widerstand gegen Vollstreckungsbeamte und gleichstehende Personen;2000000;Hamburg;insg.;2020;1535;485;0;0;0;0;0;0;0;0;0;1;1;0;23;19;4;1996;1515;481;0;0;0;1996;1515;481;2023
621110;Widerstand gegen Vollstreckungsbeamte und gleichstehende Personen;5915000;Hamm;insg.;225;185;40;0;0;0;0;0;0;0;0;0;0;0;0;3;3;0;221;181;40;1;1;0;222;182;40;2023
621110;Widerstand gegen Vollstreckungsbeamte und gleichstehende Personen;6435014;Hanau;insg.;5;4;1;0;0;0;0;0;0;0;0;0;0;0;0;0;0;0;5;4;1;0;0;0;5;4;1;2023
621110;Widerstand gegen Vollstreckungsbeamte und gleichstehende Personen;3241001;Hannover;insg.;944;748;196;0;0;0;0;0;0;0;0;0;0;0;0;9;6;3;932;739;193;3;3;0;935;742;193;2023
621110;Widerstand gegen Vollstreckungsbeamte und gleichstehende Personen;8221000;Heidelberg;insg.;161;118;43;0;0;0;0;0;0;0;0;0;0;0;0;3;2;1;158;116;42;0;0;0;158;116;42;2023
621110;Widerstand gegen Vollstreckungsbeamte und gleichstehende Personen;8121000;Heilbronn;insg.;114;92;22;0;0;0;0;0;0;0;0;0;0;0;0;2;2;0;110;88;22;2;2;0;112;90;22;2023
621110;Widerstand gegen Vollstreckungsbeamte und gleichstehende Personen;5916000;Herne;insg.;125;98;27;0;0;0;0;0;0;0;0;0;0;0;0;1;0;1;123;97;26;1;1;0;124;98;26;2023
621110;Widerstand gegen Vollstreckungsbeamte und gleichstehende Personen;3254021;Hildesheim;insg.;103;71;32;0;0;0;0;0;0;0;0;0;0;0;0;0;0;0;98;66;32;5;5;0;103;71;32;2023
621110;Widerstand gegen Vollstreckungsbeamte und gleichstehende Personen;9161000;Ingolstadt;insg.;77;60;17;0;0;0;0;0;0;0;0;0;0;0;0;5;2;3;72;58;14;0;0;0;72;58;14;2023
621110;Widerstand gegen Vollstreckungsbeamte und gleichstehende Personen;16053000;Jena;insg.;86;74;12;0;0;0;0;0;0;0;0;0;0;0;0;2;2;0;84;72;12;0;0;0;84;72;12;2023
621110;Widerstand gegen Vollstreckungsbeamte und gleichstehende Personen;7312000;Kaiserslautern;insg.;127;98;29;0;0;0;0;0;0;0;0;0;0;0;0;0;0;0;127;98;29;0;0;0;127;98;29;2023
621110;Widerstand gegen Vollstreckungsbeamte und gleichstehende Personen;8212000;Karlsruhe;insg.;239;195;44;0;0;0;0;0;0;0;0;0;0;0;0;6;5;1;227;184;43;6;6;0;233;190;43;2023
621110;Widerstand gegen Vollstreckungsbeamte und gleichstehende Personen;6611000;Kassel;insg.;192;157;35;0;0;0;0;0;0;0;0;0;0;0;0;14;12;2;178;145;33;0;0;0;178;145;33;2023
621110;Widerstand gegen Vollstreckungsbeamte und gleichstehende Personen;1002000;Kiel;insg.;164;132;32;0;0;0;0;0;0;0;0;0;0;0;0;5;4;1;159;128;31;0;0;0;159;128;31;2023
621110;Widerstand gegen Vollstreckungsbeamte und gleichstehende Personen;7111000;Koblenz;insg.;206;171;35;0;0;0;0;0;0;0;0;0;0;0;0;2;2;0;202;167;35;2;2;0;204;169;35;2023
621110;Widerstand gegen Vollstreckungsbeamte und gleichstehende Personen;5315000;Koeln;insg.;1428;1086;342;0;0;0;0;0;0;0;0;0;0;0;0;8;5;3;1414;1076;338;6;5;1;1420;1081;339;2023
621110;Widerstand gegen Vollstreckungsbeamte und gleichstehende Personen;5114000;Krefeld;insg.;215;141;74;0;0;0;0;0;0;0;0;0;0;0;0;3;0;3;212;141;71;0;0;0;212;141;71;2023
621110;Widerstand gegen Vollstreckungsbeamte und gleichstehende Personen;14713000;Leipzig;insg.;724;614;110;0;0;0;0;0;0;0;0;0;0;0;0;29;27;2;693;585;108;2;2;0;695;587;108;2023
621110;Widerstand gegen Vollstreckungsbeamte und gleichstehende Personen;5316000;Leverkusen;insg.;109;73;36;0;0;0;0;0;0;0;0;0;0;0;0;0;0;0;109;73;36;0;0;0;109;73;36;2023
621110;Widerstand gegen Vollstreckungsbeamte und gleichstehende Personen;1003000;Luebeck;insg.;351;259;92;0;0;0;0;0;0;0;0;0;0;0;0;5;1;4;341;253;88;5;5;0;346;258;88;2023
621110;Widerstand gegen Vollstreckungsbeamte und gleichstehende Personen;7314000;Ludwigshafen am Rhein;insg.;90;72;18;0;0;0;0;0;0;0;0;0;0;0;0;1;1;0;89;71;18;0;0;0;89;71;18;2023
621110;Widerstand gegen Vollstreckungsbeamte und gleichstehende Personen;15003000;Magdeburg;insg.;345;262;83;0;0;0;0;0;0;0;0;0;1;1;0;21;15;6;318;241;77;5;5;0;323;246;77;2023
621110;Widerstand gegen Vollstreckungsbeamte und gleichstehende Personen;7315000;Mainz;insg.;140;99;41;0;0;0;0;0;0;0;0;0;0;0;0;3;1;2;137;98;39;0;0;0;137;98;39;2023
621110;Widerstand gegen Vollstreckungsbeamte und gleichstehende Personen;8222000;Mannheim;insg.;195;159;36;0;0;0;0;0;0;0;0;0;0;0;0;11;6;5;183;152;31;1;1;0;184;153;31;2023
621110;Widerstand gegen Vollstreckungsbeamte und gleichstehende Personen;5170024;Moers;insg.;107;76;31;0;0;0;0;0;0;0;0;0;0;0;0;4;2;2;103;74;29;0;0;0;103;74;29;2023
621110;Widerstand gegen Vollstreckungsbeamte und gleichstehende Personen;5116000;Moenchengladbach;insg.;313;231;82;0;0;0;0;0;0;0;0;0;0;0;0;4;2;2;309;229;80;0;0;0;309;229;80;2023
621110;Widerstand gegen Vollstreckungsbeamte und gleichstehende Personen;5117000;Muelheim an der Ruhr;insg.;164;109;55;0;0;0;0;0;0;0;0;0;0;0;0;0;0;0;164;109;55;0;0;0;164;109;55;2023
621110;Widerstand gegen Vollstreckungsbeamte und gleichstehende Personen;9162000;Muenchen;insg.;1032;853;179;0;0;0;0;0;0;0;0;0;0;0;0;23;16;7;1008;836;172;1;1;0;1009;837;172;2023
621110;Widerstand gegen Vollstreckungsbeamte und gleichstehende Personen;5515000;Muenster;insg.;453;373;80;0;0;0;0;0;0;0;0;0;0;0;0;6;5;1;442;363;79;5;5;0;447;368;79;2023
621110;Widerstand gegen Vollstreckungsbeamte und gleichstehende Personen;5162024;Neuss;insg.;158;110;48;0;0;0;0;0;0;0;0;0;0;0;0;2;1;1;156;109;47;0;0;0;156;109;47;2023
621110;Widerstand gegen Vollstreckungsbeamte und gleichstehende Personen;9564000;Nuernberg;insg.;297;249;48;0;0;0;0;0;0;0;0;0;0;0;0;6;4;2;288;242;46;3;3;0;291;245;46;2023
621110;Widerstand gegen Vollstreckungsbeamte und gleichstehende Personen;5119000;Oberhausen;insg.;183;133;50;0;0;0;0;0;0;0;0;0;0;0;0;1;1;0;176;127;49;6;5;1;182;132;50;2023
621110;Widerstand gegen Vollstreckungsbeamte und gleichstehende Personen;6413000;Offenbach am Main;insg.;38;31;7;0;0;0;0;0;0;0;0;0;0;0;0;0;0;0;38;31;7;0;0;0;38;31;7;2023
621110;Widerstand gegen Vollstreckungsbeamte und gleichstehende Personen;3403000;Oldenburg (Oldenburg);insg.;112;94;18;0;0;0;0;0;0;0;0;0;0;0;0;0;0;0;110;92;18;2;2;0;112;94;18;2023
621110;Widerstand gegen Vollstreckungsbeamte und gleichstehende Personen;3404000;Osnabrueck;insg.;163;127;36;0;0;0;0;0;0;0;0;0;0;0;0;0;0;0;159;123;36;4;4;0;163;127;36;2023
621110;Widerstand gegen Vollstreckungsbeamte und gleichstehende Personen;5774032;Paderborn;insg.;142;124;18;0;0;0;0;0;0;0;0;0;0;0;0;1;1;0;141;123;18;0;0;0;141;123;18;2023
621110;Widerstand gegen Vollstreckungsbeamte und gleichstehende Personen;8231000;Pforzheim;insg.;57;45;12;0;0;0;0;0;0;0;0;0;0;0;0;1;1;0;55;43;12;1;1;0;56;44;12;2023
621110;Widerstand gegen Vollstreckungsbeamte und gleichstehende Personen;12054000;Potsdam;insg.;72;55;17;0;0;0;0;0;0;0;0;0;0;0;0;2;2;0;70;53;17;0;0;0;70;53;17;2023
621110;Widerstand gegen Vollstreckungsbeamte und gleichstehende Personen;5562032;Recklinghausen;insg.;129;104;25;0;0;0;0;0;0;0;0;0;0;0;0;1;0;1;126;103;23;2;1;1;128;104;24;2023
621110;Widerstand gegen Vollstreckungsbeamte und gleichstehende Personen;9362000;Regensburg;insg.;131;102;29;0;0;0;0;0;0;0;0;0;0;0;0;2;2;0;127;98;29;2;2;0;129;100;29;2023
621110;Widerstand gegen Vollstreckungsbeamte und gleichstehende Personen;5120000;Remscheid;insg.;146;88;58;0;0;0;0;0;0;0;0;0;0;0;0;1;1;0;145;87;58;0;0;0;145;87;58;2023
621110;Widerstand gegen Vollstreckungsbeamte und gleichstehende Personen;8415061;Reutlingen;insg.;51;34;17;0;0;0;0;0;0;0;0;0;0;0;0;1;0;1;50;34;16;0;0;0;50;34;16;2023
621110;Widerstand gegen Vollstreckungsbeamte und gleichstehende Personen;13003000;Rostock, Hanse- und Universit tsstadt;insg.;137;114;23;0;0;0;0;0;0;0;0;0;0;0;0;2;2;0;134;111;23;1;1;0;135;112;23;2023
621110;Widerstand gegen Vollstreckungsbeamte und gleichstehende Personen;10041100;Saarbruecken;insg.;341;266;75;0;0;0;0;0;0;0;0;0;0;0;0;8;5;3;332;260;72;1;1;0;333;261;72;2023
621110;Widerstand gegen Vollstreckungsbeamte und gleichstehende Personen;3102000;Salzgitter;insg.;80;64;16;0;0;0;0;0;0;0;0;0;0;0;0;3;3;0;77;61;16;0;0;0;77;61;16;2023
621110;Widerstand gegen Vollstreckungsbeamte und gleichstehende Personen;13004000;Schwerin;insg.;167;137;30;0;0;0;0;0;0;0;0;0;0;0;0;1;1;0;163;133;30;3;3;0;166;136;30;2023
621110;Widerstand gegen Vollstreckungsbeamte und gleichstehende Personen;5970040;Siegen;insg.;168;110;58;0;0;0;0;0;0;0;0;0;0;0;0;3;2;1;164;107;57;1;1;0;165;108;57;2023
621110;Widerstand gegen Vollstreckungsbeamte und gleichstehende Personen;5122000;Solingen;insg.;106;75;31;0;0;0;0;0;0;0;0;0;0;0;0;3;1;2;103;74;29;0;0;0;103;74;29;2023
621110;Widerstand gegen Vollstreckungsbeamte und gleichstehende Personen;8111000;Stuttgart;insg.;953;747;206;0;0;0;0;0;0;0;0;0;0;0;0;13;12;1;934;730;204;6;5;1;940;735;205;2023
621110;Widerstand gegen Vollstreckungsbeamte und gleichstehende Personen;7211000;Trier;insg.;143;112;31;0;0;0;0;0;0;0;0;0;0;0;0;2;2;0;141;110;31;0;0;0;141;110;31;2023
621110;Widerstand gegen Vollstreckungsbeamte und gleichstehende Personen;8421000;Ulm;insg.;57;44;13;0;0;0;0;0;0;0;0;0;0;0;0;4;4;0;53;40;13;0;0;0;53;40;13;2023
621110;Widerstand gegen Vollstreckungsbeamte und gleichstehende Personen;6414000;Wiesbaden;insg.;126;107;19;0;0;0;0;0;0;0;0;0;0;0;0;1;1;0;125;106;19;0;0;0;125;106;19;2023
621110;Widerstand gegen Vollstreckungsbeamte und gleichstehende Personen;3103000;Wolfsburg;insg.;91;67;24;0;0;0;0;0;0;0;0;0;0;0;0;1;1;0;89;65;24;1;1;0;90;66;24;2023
621110;Widerstand gegen Vollstreckungsbeamte und gleichstehende Personen;5124000;Wuppertal;insg.;315;225;90;0;0;0;0;0;0;0;0;0;0;0;0;2;0;2;312;224;88;1;1;0;313;225;88;2023
621110;Widerstand gegen Vollstreckungsbeamte und gleichstehende Personen;9663000;Wuerzburg;insg.;62;50;12;0;0;0;0;0;0;0;0;0;0;0;0;6;3;3;56;47;9;0;0;0;56;47;9;2023
621120;Taetlicher Angriff auf Vollstreckungsbeamte;5334002;Aachen;insg.;113;82;31;0;0;0;0;0;0;0;0;0;0;0;0;2;2;0;111;80;31;0;0;0;111;80;31;2023
621120;Taetlicher Angriff auf Vollstreckungsbeamte;9761000;Augsburg;insg.;333;247;86;0;0;0;0;0;0;0;0;0;0;0;0;18;10;8;311;235;76;4;2;2;315;237;78;2023
621120;Taetlicher Angriff auf Vollstreckungsbeamte;5378004;Bergisch Gladbach;insg.;20;10;10;0;0;0;0;0;0;0;0;0;0;0;0;0;0;0;20;10;10;0;0;0;20;10;10;2023
621120;Taetlicher Angriff auf Vollstreckungsbeamte;11000000;Berlin;insg.;3275;2751;524;0;0;0;0;0;0;0;0;0;1;1;0;50;36;14;3201;2696;505;23;18;5;3224;2714;510;2023
621120;Taetlicher Angriff auf Vollstreckungsbeamte;5711000;Bielefeld;insg.;76;61;15;0;0;0;0;0;0;0;0;0;0;0;0;0;0;0;76;61;15;0;0;0;76;61;15;2023
621120;Taetlicher Angriff auf Vollstreckungsbeamte;5911000;Bochum;insg.;251;187;64;0;0;0;0;0;0;0;0;0;0;0;0;3;1;2;247;185;62;1;1;0;248;186;62;2023
621120;Taetlicher Angriff auf Vollstreckungsbeamte;5314000;Bonn;insg.;310;222;88;0;0;0;0;0;0;0;0;0;0;0;0;2;1;1;308;221;87;0;0;0;308;221;87;2023
621120;Taetlicher Angriff auf Vollstreckungsbeamte;5512000;Bottrop;insg.;29;23;6;0;0;0;0;0;0;0;0;0;0;0;0;0;0;0;29;23;6;0;0;0;29;23;6;2023
621120;Taetlicher Angriff auf Vollstreckungsbeamte;3101000;Braunschweig;insg.;278;201;77;0;0;0;0;0;0;0;0;0;0;0;0;4;3;1;270;194;76;4;4;0;274;198;76;2023
621120;Taetlicher Angriff auf Vollstreckungsbeamte;4011000;Bremen;insg.;392;284;108;0;0;0;0;0;0;0;0;0;0;0;0;3;1;2;389;283;106;0;0;0;389;283;106;2023
621120;Taetlicher Angriff auf Vollstreckungsbeamte;4012000;Bremerhaven;insg.;52;41;11;0;0;0;0;0;0;0;0;0;0;0;0;0;0;0;52;41;11;0;0;0;52;41;11;2023
621120;Taetlicher Angriff auf Vollstreckungsbeamte;14511000;Chemnitz;insg.;107;96;11;0;0;0;0;0;0;0;0;0;0;0;0;3;3;0;103;92;11;1;1;0;104;93;11;2023
621120;Taetlicher Angriff auf Vollstreckungsbeamte;6411000;Darmstadt;insg.;74;63;11;0;0;0;0;0;0;0;0;0;0;0;0;2;1;1;72;62;10;0;0;0;72;62;10;2023
621120;Taetlicher Angriff auf Vollstreckungsbeamte;5913000;Dortmund;insg.;504;357;147;0;0;0;0;0;0;0;0;0;1;1;0;4;3;1;496;350;146;3;3;0;499;353;146;2023
621120;Taetlicher Angriff auf Vollstreckungsbeamte;14612000;Dresden;insg.;308;249;59;0;0;0;0;0;0;0;0;0;2;2;0;10;8;2;295;238;57;1;1;0;296;239;57;2023
621120;Taetlicher Angriff auf Vollstreckungsbeamte;5112000;Duisburg;insg.;171;147;24;0;0;0;0;0;0;0;0;0;0;0;0;5;4;1;164;142;22;2;1;1;166;143;23;2023
621120;Taetlicher Angriff auf Vollstreckungsbeamte;5111000;Duesseldorf;insg.;538;410;128;0;0;0;0;0;0;0;0;0;0;0;0;6;3;3;531;406;125;1;1;0;532;407;125;2023
621120;Taetlicher Angriff auf Vollstreckungsbeamte;16051000;Erfurt;insg.;291;243;48;0;0;0;0;0;0;0;0;0;0;0;0;21;17;4;270;226;44;0;0;0;270;226;44;2023
621120;Taetlicher Angriff auf Vollstreckungsbeamte;9562000;Erlangen;insg.;87;72;15;0;0;0;0;0;0;0;0;0;0;0;0;0;0;0;87;72;15;0;0;0;87;72;15;2023
621120;Taetlicher Angriff auf Vollstreckungsbeamte;5113000;Essen;insg.;192;146;46;0;0;0;0;0;0;0;0;0;0;0;0;1;0;1;191;146;45;0;0;0;191;146;45;2023
621120;Taetlicher Angriff auf Vollstreckungsbeamte;6412000;Frankfurt am Main;insg.;986;789;197;0;0;0;0;0;0;0;0;0;0;0;0;16;9;7;970;780;190;0;0;0;970;780;190;2023
621120;Taetlicher Angriff auf Vollstreckungsbeamte;8311000;Freiburg im Breisgau;insg.;284;233;51;0;0;0;0;0;0;0;0;0;0;0;0;11;6;5;272;226;46;1;1;0;273;227;46;2023
621120;Taetlicher Angriff auf Vollstreckungsbeamte;9563000;Fuerth;insg.;100;70;30;0;0;0;0;0;0;0;0;0;0;0;0;1;0;1;99;70;29;0;0;0;99;70;29;2023
621120;Taetlicher Angriff auf Vollstreckungsbeamte;5513000;Gelsenkirchen;insg.;126;76;50;0;0;0;0;0;0;0;0;0;0;0;0;4;1;3;122;75;47;0;0;0;122;75;47;2023
621120;Taetlicher Angriff auf Vollstreckungsbeamte;3159016;Goettingen;insg.;97;82;15;0;0;0;0;0;0;0;0;0;0;0;0;0;0;0;96;81;15;1;1;0;97;82;15;2023
621120;Taetlicher Angriff auf Vollstreckungsbeamte;5754008;Guetersloh;insg.;64;38;26;0;0;0;0;0;0;0;0;0;0;0;0;0;0;0;64;38;26;0;0;0;64;38;26;2023
621120;Taetlicher Angriff auf Vollstreckungsbeamte;5914000;Hagen;insg.;180;123;57;0;0;0;0;0;0;0;0;0;0;0;0;1;1;0;177;120;57;2;2;0;179;122;57;2023
621120;Taetlicher Angriff auf Vollstreckungsbeamte;15002000;Halle (Saale);insg.;176;145;31;0;0;0;0;0;0;0;0;0;0;0;0;8;7;1;162;135;27;6;3;3;168;138;30;2023
621120;Taetlicher Angriff auf Vollstreckungsbeamte;2000000;Hamburg;insg.;1270;980;290;0;0;0;0;0;0;0;0;0;0;0;0;17;12;5;1251;966;285;2;2;0;1253;968;285;2023
621120;Taetlicher Angriff auf Vollstreckungsbeamte;5915000;Hamm;insg.;152;125;27;0;0;0;0;0;0;0;0;0;0;0;0;3;3;0;149;122;27;0;0;0;149;122;27;2023
621120;Taetlicher Angriff auf Vollstreckungsbeamte;6435014;Hanau;insg.;42;30;12;0;0;0;0;0;0;0;0;0;0;0;0;3;2;1;39;28;11;0;0;0;39;28;11;2023
621120;Taetlicher Angriff auf Vollstreckungsbeamte;3241001;Hannover;insg.;754;568;186;0;0;0;0;0;0;0;0;0;0;0;0;6;5;1;746;561;185;2;2;0;748;563;185;2023
621120;Taetlicher Angriff auf Vollstreckungsbeamte;8221000;Heidelberg;insg.;281;211;70;0;0;0;0;0;0;0;0;0;1;1;0;8;6;2;269;201;68;3;3;0;272;204;68;2023
621120;Taetlicher Angriff auf Vollstreckungsbeamte;8121000;Heilbronn;insg.;149;113;36;0;0;0;0;0;0;0;0;0;0;0;0;2;2;0;143;107;36;4;4;0;147;111;36;2023
621120;Taetlicher Angriff auf Vollstreckungsbeamte;5916000;Herne;insg.;116;90;26;0;0;0;0;0;0;0;0;0;0;0;0;1;0;1;115;90;25;0;0;0;115;90;25;2023
621120;Taetlicher Angriff auf Vollstreckungsbeamte;3254021;Hildesheim;insg.;62;40;22;0;0;0;0;0;0;0;0;0;0;0;0;1;0;1;61;40;21;0;0;0;61;40;21;2023
621120;Taetlicher Angriff auf Vollstreckungsbeamte;9161000;Ingolstadt;insg.;140;93;47;0;0;0;0;0;0;0;0;0;0;0;0;4;3;1;135;89;46;1;1;0;136;90;46;2023
621120;Taetlicher Angriff auf Vollstreckungsbeamte;16053000;Jena;insg.;46;38;8;0;0;0;0;0;0;0;0;0;0;0;0;2;2;0;44;36;8;0;0;0;44;36;8;2023
621120;Taetlicher Angriff auf Vollstreckungsbeamte;7312000;Kaiserslautern;insg.;125;107;18;0;0;0;0;0;0;0;0;0;0;0;0;0;0;0;124;106;18;1;1;0;125;107;18;2023
621120;Taetlicher Angriff auf Vollstreckungsbeamte;8212000;Karlsruhe;insg.;290;232;58;0;0;0;0;0;0;0;0;0;0;0;0;8;7;1;279;223;56;3;2;1;282;225;57;2023
621120;Taetlicher Angriff auf Vollstreckungsbeamte;6611000;Kassel;insg.;107;86;21;0;0;0;0;0;0;0;0;0;0;0;0;1;0;1;105;86;19;1;0;1;106;86;20;2023
621120;Taetlicher Angriff auf Vollstreckungsbeamte;1002000;Kiel;insg.;257;202;55;0;0;0;0;0;0;0;0;0;0;0;0;6;6;0;250;195;55;1;1;0;251;196;55;2023
621120;Taetlicher Angriff auf Vollstreckungsbeamte;7111000;Koblenz;insg.;78;65;13;0;0;0;0;0;0;0;0;0;0;0;0;0;0;0;77;64;13;1;1;0;78;65;13;2023
621120;Taetlicher Angriff auf Vollstreckungsbeamte;5315000;Koeln;insg.;735;491;244;0;0;0;0;0;0;0;0;0;0;0;0;6;2;4;723;483;240;6;6;0;729;489;240;2023
621120;Taetlicher Angriff auf Vollstreckungsbeamte;5114000;Krefeld;insg.;130;74;56;0;0;0;0;0;0;0;0;0;0;0;0;4;1;3;125;72;53;1;1;0;126;73;53;2023
621120;Taetlicher Angriff auf Vollstreckungsbeamte;14713000;Leipzig;insg.;470;395;75;0;0;0;0;0;0;0;0;0;2;2;0;12;11;1;454;381;73;2;1;1;456;382;74;2023
621120;Taetlicher Angriff auf Vollstreckungsbeamte;5316000;Leverkusen;insg.;93;58;35;0;0;0;0;0;0;0;0;0;0;0;0;1;1;0;92;57;35;0;0;0;92;57;35;2023
621120;Taetlicher Angriff auf Vollstreckungsbeamte;1003000;Luebeck;insg.;295;223;72;0;0;0;0;0;0;0;0;0;0;0;0;2;1;1;290;219;71;3;3;0;293;222;71;2023
621120;Taetlicher Angriff auf Vollstreckungsbeamte;7314000;Ludwigshafen am Rhein;insg.;73;56;17;0;0;0;0;0;0;0;0;0;0;0;0;0;0;0;73;56;17;0;0;0;73;56;17;2023
621120;Taetlicher Angriff auf Vollstreckungsbeamte;15003000;Magdeburg;insg.;193;156;37;0;0;0;0;0;0;0;0;0;0;0;0;12;11;1;179;143;36;2;2;0;181;145;36;2023
621120;Taetlicher Angriff auf Vollstreckungsbeamte;7315000;Mainz;insg.;110;87;23;0;0;0;0;0;0;0;0;0;0;0;0;1;1;0;107;84;23;2;2;0;109;86;23;2023
621120;Taetlicher Angriff auf Vollstreckungsbeamte;8222000;Mannheim;insg.;277;217;60;0;0;0;0;0;0;0;0;0;0;0;0;3;2;1;272;213;59;2;2;0;274;215;59;2023
621120;Taetlicher Angriff auf Vollstreckungsbeamte;5170024;Moers;insg.;25;17;8;0;0;0;0;0;0;0;0;0;0;0;0;0;0;0;25;17;8;0;0;0;25;17;8;2023
621120;Taetlicher Angriff auf Vollstreckungsbeamte;5116000;Moenchengladbach;insg.;174;122;52;0;0;0;0;0;0;0;0;0;0;0;0;1;0;1;170;119;51;3;3;0;173;122;51;2023
621120;Taetlicher Angriff auf Vollstreckungsbeamte;5117000;Muelheim an der Ruhr;insg.;27;22;5;0;0;0;0;0;0;0;0;0;0;0;0;1;1;0;26;21;5;0;0;0;26;21;5;2023
621120;Taetlicher Angriff auf Vollstreckungsbeamte;9162000;Muenchen;insg.;1217;967;250;0;0;0;0;0;0;0;0;0;0;0;0;25;10;15;1189;954;235;3;3;0;1192;957;235;2023
621120;Taetlicher Angriff auf Vollstreckungsbeamte;5515000;Muenster;insg.;132;112;20;0;0;0;0;0;0;0;0;0;0;0;0;4;4;0;125;105;20;3;3;0;128;108;20;2023
621120;Taetlicher Angriff auf Vollstreckungsbeamte;5162024;Neuss;insg.;18;14;4;0;0;0;0;0;0;0;0;0;0;0;0;1;0;1;17;14;3;0;0;0;17;14;3;2023
621120;Taetlicher Angriff auf Vollstreckungsbeamte;9564000;Nuernberg;insg.;473;370;103;0;0;0;0;0;0;0;0;0;0;0;0;9;6;3;463;363;100;1;1;0;464;364;100;2023
621120;Taetlicher Angriff auf Vollstreckungsbeamte;5119000;Oberhausen;insg.;98;68;30;0;0;0;0;0;0;0;0;0;0;0;0;1;1;0;97;67;30;0;0;0;97;67;30;2023
621120;Taetlicher Angriff auf Vollstreckungsbeamte;6413000;Offenbach am Main;insg.;73;49;24;0;0;0;0;0;0;0;0;0;0;0;0;0;0;0;73;49;24;0;0;0;73;49;24;2023
621120;Taetlicher Angriff auf Vollstreckungsbeamte;3403000;Oldenburg (Oldenburg);insg.;67;53;14;0;0;0;0;0;0;0;0;0;0;0;0;2;1;1;63;50;13;2;2;0;65;52;13;2023
621120;Taetlicher Angriff auf Vollstreckungsbeamte;3404000;Osnabrueck;insg.;192;140;52;0;0;0;0;0;0;0;0;0;0;0;0;2;2;0;187;135;52;3;3;0;190;138;52;2023
621120;Taetlicher Angriff auf Vollstreckungsbeamte;5774032;Paderborn;insg.;89;72;17;0;0;0;0;0;0;0;0;0;0;0;0;2;2;0;87;70;17;0;0;0;87;70;17;2023
621120;Taetlicher Angriff auf Vollstreckungsbeamte;8231000;Pforzheim;insg.;88;63;25;0;0;0;0;0;0;0;0;0;0;0;0;1;1;0;87;62;25;0;0;0;87;62;25;2023
621120;Taetlicher Angriff auf Vollstreckungsbeamte;12054000;Potsdam;insg.;115;79;36;0;0;0;0;0;0;0;0;0;0;0;0;1;1;0;114;78;36;0;0;0;114;78;36;2023
621120;Taetlicher Angriff auf Vollstreckungsbeamte;5562032;Recklinghausen;insg.;56;46;10;0;0;0;0;0;0;0;0;0;0;0;0;0;0;0;54;44;10;2;2;0;56;46;10;2023
621120;Taetlicher Angriff auf Vollstreckungsbeamte;9362000;Regensburg;insg.;266;203;63;0;0;0;0;0;0;0;0;0;1;1;0;6;4;2;258;197;61;1;1;0;259;198;61;2023
621120;Taetlicher Angriff auf Vollstreckungsbeamte;5120000;Remscheid;insg.;79;41;38;0;0;0;0;0;0;0;0;0;0;0;0;1;1;0;78;40;38;0;0;0;78;40;38;2023
621120;Taetlicher Angriff auf Vollstreckungsbeamte;8415061;Reutlingen;insg.;127;89;38;0;0;0;0;0;0;0;0;0;0;0;0;3;2;1;123;86;37;1;1;0;124;87;37;2023
621120;Taetlicher Angriff auf Vollstreckungsbeamte;13003000;Rostock, Hanse- und Universit tsstadt;insg.;227;190;37;0;0;0;0;0;0;0;0;0;0;0;0;5;3;2;219;184;35;3;3;0;222;187;35;2023
621120;Taetlicher Angriff auf Vollstreckungsbeamte;10041100;Saarbruecken;insg.;244;187;57;0;0;0;0;0;0;0;0;0;0;0;0;7;5;2;237;182;55;0;0;0;237;182;55;2023
621120;Taetlicher Angriff auf Vollstreckungsbeamte;3102000;Salzgitter;insg.;16;16;0;0;0;0;0;0;0;0;0;0;0;0;0;0;0;0;16;16;0;0;0;0;16;16;0;2023
621120;Taetlicher Angriff auf Vollstreckungsbeamte;13004000;Schwerin;insg.;119;99;20;0;0;0;0;0;0;0;0;0;0;0;0;2;2;0;115;96;19;2;1;1;117;97;20;2023
621120;Taetlicher Angriff auf Vollstreckungsbeamte;5970040;Siegen;insg.;100;65;35;0;0;0;0;0;0;0;0;0;0;0;0;1;1;0;98;64;34;1;0;1;99;64;35;2023
621120;Taetlicher Angriff auf Vollstreckungsbeamte;5122000;Solingen;insg.;111;83;28;0;0;0;0;0;0;0;0;0;0;0;0;1;1;0;109;81;28;1;1;0;110;82;28;2023
621120;Taetlicher Angriff auf Vollstreckungsbeamte;8111000;Stuttgart;insg.;874;650;224;0;0;0;0;0;0;0;0;0;0;0;0;9;6;3;864;643;221;1;1;0;865;644;221;2023
621120;Taetlicher Angriff auf Vollstreckungsbeamte;7211000;Trier;insg.;105;84;21;0;0;0;0;0;0;0;0;0;0;0;0;2;1;1;103;83;20;0;0;0;103;83;20;2023
621120;Taetlicher Angriff auf Vollstreckungsbeamte;8421000;Ulm;insg.;106;79;27;0;0;0;0;0;0;0;0;0;0;0;0;2;2;0;102;76;26;2;1;1;104;77;27;2023
621120;Taetlicher Angriff auf Vollstreckungsbeamte;6414000;Wiesbaden;insg.;106;81;25;0;0;0;0;0;0;0;0;0;0;0;0;0;0;0;106;81;25;0;0;0;106;81;25;2023
621120;Taetlicher Angriff auf Vollstreckungsbeamte;3103000;Wolfsburg;insg.;72;50;22;0;0;0;0;0;0;0;0;0;0;0;0;0;0;0;71;49;22;1;1;0;72;50;22;2023
621120;Taetlicher Angriff auf Vollstreckungsbeamte;5124000;Wuppertal;insg.;334;224;110;0;0;0;0;0;0;0;0;0;0;0;0;4;2;2;325;218;107;5;4;1;330;222;108;2023
621120;Taetlicher Angriff auf Vollstreckungsbeamte;9663000;Wuerzburg;insg.;105;79;26;0;0;0;0;0;0;0;0;0;0;0;0;3;3;0;101;75;26;1;1;0;102;76;26;2023
892000;Gewaltkriminalitaet;5334002;Aachen;insg.;1241;875;366;2;2;0;37;27;10;39;29;10;108;72;36;106;66;40;915;660;255;73;48;25;988;708;280;2023
892000;Gewaltkriminalitaet;9761000;Augsburg;insg.;1217;865;352;6;4;2;104;75;29;110;79;31;152;99;53;89;68;21;805;584;221;61;35;26;866;619;247;2023
892000;Gewaltkriminalitaet;5378004;Bergisch Gladbach;insg.;341;240;101;0;0;0;25;22;3;25;22;3;57;44;13;17;12;5;218;143;75;24;19;5;242;162;80;2023
892000;Gewaltkriminalitaet;11000000;Berlin;insg.;22690;16721;5969;68;47;21;1418;1059;359;1486;1106;380;2893;2222;671;1811;1294;517;15207;11341;3866;1293;758;535;16500;12099;4401;2023
892000;Gewaltkriminalitaet;5711000;Bielefeld;insg.;1517;1090;427;3;1;2;58;37;21;61;38;23;171;111;60;163;116;47;1000;735;265;122;90;32;1122;825;297;2023
892000;Gewaltkriminalitaet;5911000;Bochum;insg.;1593;1139;454;4;3;1;90;60;30;94;63;31;250;191;59;158;110;48;985;714;271;106;61;45;1091;775;316;2023
892000;Gewaltkriminalitaet;5314000;Bonn;insg.;2211;1577;634;16;8;8;365;265;100;381;273;108;408;285;123;200;143;57;1107;804;303;115;72;43;1222;876;346;2023
892000;Gewaltkriminalitaet;5512000;Bottrop;insg.;389;267;122;2;1;1;47;35;12;49;36;13;76;56;20;30;20;10;216;147;69;18;8;10;234;155;79;2023
892000;Gewaltkriminalitaet;3101000;Braunschweig;insg.;1128;802;326;0;0;0;47;33;14;47;33;14;146;106;40;135;87;48;732;539;193;68;37;31;800;576;224;2023
892000;Gewaltkriminalitaet;4011000;Bremen;insg.;4860;3572;1288;15;8;7;158;105;53;173;113;60;498;378;120;471;351;120;3350;2501;849;368;229;139;3718;2730;988;2023
892000;Gewaltkriminalitaet;4012000;Bremerhaven;insg.;847;580;267;3;1;2;56;51;5;59;52;7;70;49;21;69;38;31;598;409;189;51;32;19;649;441;208;2023
892000;Gewaltkriminalitaet;14511000;Chemnitz;insg.;1136;844;292;5;3;2;79;57;22;84;60;24;129;85;44;113;85;28;755;583;172;55;31;24;810;614;196;2023
892000;Gewaltkriminalitaet;6411000;Darmstadt;insg.;713;500;213;2;1;1;28;21;7;30;22;8;73;50;23;58;37;21;523;374;149;29;17;12;552;391;161;2023
892000;Gewaltkriminalitaet;5913000;Dortmund;insg.;4300;3108;1192;16;9;7;252;165;87;268;174;94;460;308;152;410;298;112;2913;2166;747;249;162;87;3162;2328;834;2023
892000;Gewaltkriminalitaet;14612000;Dresden;insg.;2317;1761;556;14;6;8;132;114;18;146;120;26;364;291;73;219;175;44;1467;1104;363;121;71;50;1588;1175;413;2023
892000;Gewaltkriminalitaet;5112000;Duisburg;insg.;2556;1709;847;17;10;7;226;165;61;243;175;68;315;208;107;217;153;64;1579;1045;534;202;128;74;1781;1173;608;2023
892000;Gewaltkriminalitaet;5111000;Duesseldorf;insg.;3548;2558;990;15;7;8;155;111;44;170;118;52;405;293;112;352;254;98;2415;1773;642;206;120;86;2621;1893;728;2023
892000;Gewaltkriminalitaet;16051000;Erfurt;insg.;929;696;233;5;5;0;70;48;22;75;53;22;115;95;20;104;77;27;590;441;149;45;30;15;635;471;164;2023
892000;Gewaltkriminalitaet;9562000;Erlangen;insg.;233;162;71;1;1;0;3;2;1;4;3;1;26;18;8;30;20;10;160;113;47;13;8;5;173;121;52;2023
892000;Gewaltkriminalitaet;5113000;Essen;insg.;2842;1887;955;24;18;6;206;134;72;230;152;78;370;248;122;242;139;103;1821;1253;568;179;95;84;2000;1348;652;2023
892000;Gewaltkriminalitaet;6412000;Frankfurt am Main;insg.;5310;4032;1278;12;8;4;171;120;51;183;128;55;363;252;111;457;336;121;4017;3115;902;290;201;89;4307;3316;991;2023
892000;Gewaltkriminalitaet;8311000;Freiburg im Breisgau;insg.;960;747;213;3;2;1;19;10;9;22;12;10;54;41;13;111;90;21;724;579;145;49;25;24;773;604;169;2023
892000;Gewaltkriminalitaet;9563000;Fuerth;insg.;276;177;99;3;0;3;17;13;4;20;13;7;25;15;10;31;21;10;190;123;67;10;5;5;200;128;72;2023
892000;Gewaltkriminalitaet;5513000;Gelsenkirchen;insg.;1678;1194;484;13;6;7;237;200;37;250;206;44;271;204;67;115;79;36;944;638;306;98;67;31;1042;705;337;2023
892000;Gewaltkriminalitaet;3159016;Goettingen;insg.;587;406;181;1;0;1;33;21;12;34;21;13;40;25;15;47;27;20;438;309;129;28;24;4;466;333;133;2023
892000;Gewaltkriminalitaet;5754008;Guetersloh;insg.;348;224;124;1;1;0;18;15;3;19;16;3;30;20;10;25;20;5;253;152;101;21;16;5;274;168;106;2023
892000;Gewaltkriminalitaet;5914000;Hagen;insg.;932;615;317;11;5;6;82;41;41;93;46;47;130;95;35;96;67;29;558;371;187;55;36;19;613;407;206;2023
892000;Gewaltkriminalitaet;15002000;Halle (Saale);insg.;1482;1102;380;3;0;3;138;102;36;141;102;39;214;158;56;158;124;34;914;685;229;55;33;22;969;718;251;2023
892000;Gewaltkriminalitaet;2000000;Hamburg;insg.;9476;7069;2407;37;17;20;570;407;163;607;424;183;889;654;235;756;564;192;6746;5133;1613;478;294;184;7224;5427;1797;2023
892000;Gewaltkriminalitaet;5915000;Hamm;insg.;907;653;254;2;1;1;53;40;13;55;41;14;120;91;29;80;53;27;594;432;162;58;36;22;652;468;184;2023
892000;Gewaltkriminalitaet;6435014;Hanau;insg.;297;183;114;0;0;0;16;9;7;16;9;7;22;12;10;20;15;5;214;132;82;25;15;10;239;147;92;2023
892000;Gewaltkriminalitaet;3241001;Hannover;insg.;4194;3188;1006;14;4;10;199;157;42;213;161;52;482;351;131;351;264;87;2929;2279;650;219;133;86;3148;2412;736;2023
892000;Gewaltkriminalitaet;8221000;Heidelberg;insg.;677;536;141;1;1;0;7;3;4;8;4;4;82;49;33;88;69;19;477;397;80;22;17;5;499;414;85;2023
892000;Gewaltkriminalitaet;8121000;Heilbronn;insg.;575;387;188;1;1;0;22;8;14;23;9;14;50;32;18;65;43;22;423;297;126;14;6;8;437;303;134;2023
892000;Gewaltkriminalitaet;5916000;Herne;insg.;567;370;197;4;3;1;46;31;15;50;34;16;80;53;27;58;43;15;341;223;118;38;17;21;379;240;139;2023
892000;Gewaltkriminalitaet;3254021;Hildesheim;insg.;480;339;141;3;1;2;40;32;8;43;33;10;79;52;27;28;20;8;307;217;90;23;17;6;330;234;96;2023
892000;Gewaltkriminalitaet;9161000;Ingolstadt;insg.;571;416;155;2;1;1;24;21;3;26;22;4;81;59;22;65;46;19;377;274;103;22;15;7;399;289;110;2023
892000;Gewaltkriminalitaet;16053000;Jena;insg.;274;199;75;3;2;1;11;10;1;14;12;2;25;22;3;27;15;12;188;140;48;20;10;10;208;150;58;2023
892000;Gewaltkriminalitaet;7312000;Kaiserslautern;insg.;557;391;166;3;2;1;26;16;10;29;18;11;53;39;14;76;57;19;368;255;113;31;22;9;399;277;122;2023
892000;Gewaltkriminalitaet;8212000;Karlsruhe;insg.;1124;776;348;8;6;2;48;39;9;56;45;11;95;58;37;122;87;35;785;551;234;66;35;31;851;586;265;2023
892000;Gewaltkriminalitaet;6611000;Kassel;insg.;1273;898;375;11;7;4;38;25;13;49;32;17;109;66;43;136;99;37;915;661;254;64;40;24;979;701;278;2023
892000;Gewaltkriminalitaet;1002000;Kiel;insg.;1096;838;258;2;0;2;42;30;12;44;30;14;171;142;29;105;70;35;738;567;171;38;29;9;776;596;180;2023
892000;Gewaltkriminalitaet;7111000;Koblenz;insg.;564;401;163;0;0;0;25;21;4;25;21;4;96;77;19;55;37;18;353;244;109;35;22;13;388;266;122;2023
892000;Gewaltkriminalitaet;5315000;Koeln;insg.;7102;5011;2091;38;20;18;337;220;117;375;240;135;690;472;218;726;501;225;4822;3470;1352;489;328;161;5311;3798;1513;2023
892000;Gewaltkriminalitaet;5114000;Krefeld;insg.;1058;720;338;3;2;1;70;51;19;73;53;20;159;107;52;119;84;35;638;434;204;69;42;27;707;476;231;2023
892000;Gewaltkriminalitaet;14713000;Leipzig;insg.;2989;2223;766;20;13;7;154;115;39;174;128;46;328;249;79;285;218;67;2075;1546;529;127;82;45;2202;1628;574;2023
892000;Gewaltkriminalitaet;5316000;Leverkusen;insg.;575;393;182;2;2;0;55;32;23;57;34;23;83;58;25;55;38;17;310;211;99;70;52;18;380;263;117;2023
892000;Gewaltkriminalitaet;1003000;Luebeck;insg.;992;709;283;3;3;0;40;28;12;43;31;12;101;68;33;98;73;25;691;499;192;59;38;21;750;537;213;2023
892000;Gewaltkriminalitaet;7314000;Ludwigshafen am Rhein;insg.;932;618;314;5;3;2;95;64;31;100;67;33;110;77;33;75;52;23;604;395;209;43;27;16;647;422;225;2023
892000;Gewaltkriminalitaet;15003000;Magdeburg;insg.;1394;987;407;5;3;2;98;52;46;103;55;48;150;103;47;129;97;32;945;692;253;67;40;27;1012;732;280;2023
892000;Gewaltkriminalitaet;7315000;Mainz;insg.;832;614;218;1;1;0;33;21;12;34;22;12;108;73;35;75;59;16;574;434;140;41;26;15;615;460;155;2023
892000;Gewaltkriminalitaet;8222000;Mannheim;insg.;1215;885;330;6;3;3;36;26;10;42;29;13;138;103;35;112;77;35;847;624;223;76;52;24;923;676;247;2023
892000;Gewaltkriminalitaet;5170024;Moers;insg.;330;208;122;3;1;2;22;12;10;25;13;12;61;49;12;30;19;11;185;112;73;29;15;14;214;127;87;2023
892000;Gewaltkriminalitaet;5116000;Moenchengladbach;insg.;1435;1018;417;7;3;4;94;66;28;101;69;32;167;137;30;124;85;39;954;671;283;89;56;33;1043;727;316;2023
892000;Gewaltkriminalitaet;5117000;Muelheim an der Ruhr;insg.;538;329;209;5;2;3;44;31;13;49;33;16;76;52;24;51;30;21;321;190;131;41;24;17;362;214;148;2023
892000;Gewaltkriminalitaet;9162000;Muenchen;insg.;5372;3809;1563;22;9;13;217;141;76;239;150;89;525;373;152;528;365;163;3802;2758;1044;278;163;115;4080;2921;1159;2023
892000;Gewaltkriminalitaet;5515000;Muenster;insg.;1497;1071;426;5;1;4;54;38;16;59;39;20;149;96;53;160;110;50;1052;774;278;77;52;25;1129;826;303;2023
892000;Gewaltkriminalitaet;5162024;Neuss;insg.;563;403;160;4;3;1;29;20;9;33;23;10;57;43;14;41;26;15;387;281;106;45;30;15;432;311;121;2023
892000;Gewaltkriminalitaet;9564000;Nuernberg;insg.;1953;1394;559;7;6;1;101;66;35;108;72;36;200;120;80;215;148;67;1338;997;341;92;57;35;1430;1054;376;2023
892000;Gewaltkriminalitaet;5119000;Oberhausen;insg.;1012;692;320;6;4;2;101;77;24;107;81;26;161;124;37;91;60;31;582;382;200;71;45;26;653;427;226;2023
892000;Gewaltkriminalitaet;6413000;Offenbach am Main;insg.;463;328;135;2;0;2;36;27;9;38;27;11;48;31;17;26;17;9;317;231;86;34;22;12;351;253;98;2023
892000;Gewaltkriminalitaet;3403000;Oldenburg (Oldenburg);insg.;639;465;174;8;5;3;29;24;5;37;29;8;73;55;18;72;59;13;422;301;121;35;21;14;457;322;135;2023
892000;Gewaltkriminalitaet;3404000;Osnabrueck;insg.;1000;724;276;1;0;1;39;26;13;40;26;14;109;68;41;102;66;36;704;533;171;45;31;14;749;564;185;2023
892000;Gewaltkriminalitaet;5774032;Paderborn;insg.;696;503;193;3;3;0;29;16;13;32;19;13;72;41;31;79;61;18;472;357;115;41;25;16;513;382;131;2023
892000;Gewaltkriminalitaet;8231000;Pforzheim;insg.;614;407;207;6;5;1;21;13;8;27;18;9;60;39;21;66;45;21;432;288;144;29;17;12;461;305;156;2023
892000;Gewaltkriminalitaet;12054000;Potsdam;insg.;507;352;155;3;2;1;37;23;14;40;25;15;59;41;18;47;32;15;329;237;92;32;17;15;361;254;107;2023
892000;Gewaltkriminalitaet;5562032;Recklinghausen;insg.;453;297;156;4;3;1;29;23;6;33;26;7;49;27;22;40;29;11;302;198;104;29;17;12;331;215;116;2023
892000;Gewaltkriminalitaet;9362000;Regensburg;insg.;655;481;174;0;0;0;23;12;11;23;12;11;54;40;14;75;47;28;481;372;109;22;10;12;503;382;121;2023
892000;Gewaltkriminalitaet;5120000;Remscheid;insg.;364;232;132;4;3;1;20;13;7;24;16;8;59;40;19;40;23;17;219;138;81;22;15;7;241;153;88;2023
892000;Gewaltkriminalitaet;8415061;Reutlingen;insg.;470;325;145;0;0;0;19;10;9;19;10;9;50;31;19;33;26;7;341;242;99;27;16;11;368;258;110;2023
892000;Gewaltkriminalitaet;13003000;Rostock, Hanse- und Universit tsstadt;insg.;861;614;247;2;2;0;90;65;25;92;67;25;113;79;34;86;70;16;526;376;150;44;22;22;570;398;172;2023
892000;Gewaltkriminalitaet;10041100;Saarbruecken;insg.;1157;853;304;5;4;1;61;37;24;66;41;25;101;67;34;110;85;25;802;605;197;78;55;23;880;660;220;2023
892000;Gewaltkriminalitaet;3102000;Salzgitter;insg.;389;240;149;2;1;1;37;26;11;39;27;12;53;31;22;33;22;11;240;145;95;24;15;9;264;160;104;2023
892000;Gewaltkriminalitaet;13004000;Schwerin;insg.;636;455;181;6;4;2;56;40;16;62;44;18;69;43;26;66;51;15;418;308;110;21;9;12;439;317;122;2023
892000;Gewaltkriminalitaet;5970040;Siegen;insg.;496;348;148;0;0;0;25;17;8;25;17;8;45;29;16;54;38;16;350;248;102;22;16;6;372;264;108;2023
892000;Gewaltkriminalitaet;5122000;Solingen;insg.;596;397;199;7;3;4;67;46;21;74;49;25;81;60;21;45;36;9;353;227;126;43;25;18;396;252;144;2023
892000;Gewaltkriminalitaet;8111000;Stuttgart;insg.;3111;2374;737;5;2;3;109;83;26;114;85;29;220;162;58;280;198;82;2366;1834;532;131;95;36;2497;1929;568;2023
892000;Gewaltkriminalitaet;7211000;Trier;insg.;470;335;135;2;2;0;12;4;8;14;6;8;24;15;9;48;36;12;370;269;101;14;9;5;384;278;106;2023
892000;Gewaltkriminalitaet;8421000;Ulm;insg.;537;370;167;0;0;0;16;8;8;16;8;8;65;37;28;43;28;15;394;286;108;19;11;8;413;297;116;2023
892000;Gewaltkriminalitaet;6414000;Wiesbaden;insg.;1159;774;385;5;4;1;79;52;27;84;56;28;164;113;51;90;58;32;760;510;250;61;37;24;821;547;274;2023
892000;Gewaltkriminalitaet;3103000;Wolfsburg;insg.;412;258;154;2;0;2;14;9;5;16;9;7;38;24;14;34;18;16;296;187;109;28;20;8;324;207;117;2023
892000;Gewaltkriminalitaet;5124000;Wuppertal;insg.;1769;1136;633;12;6;6;133;97;36;145;103;42;215;134;81;174;94;80;1105;723;382;130;82;48;1235;805;430;2023
892000;Gewaltkriminalitaet;9663000;Wuerzburg;insg.;490;356;134;0;0;0;20;13;7;20;13;7;61;43;18;75;53;22;319;234;85;15;13;2;334;247;87;2023
892500;Mord, Totschlag und Toetung auf Verlangen;5334002;Aachen;insg.;34;27;7;0;0;0;0;0;0;0;0;0;3;3;0;2;2;0;29;22;7;0;0;0;29;22;7;2023
892500;Mord, Totschlag und Toetung auf Verlangen;9761000;Augsburg;insg.;9;7;2;0;0;0;0;0;0;0;0;0;0;0;0;0;0;0;6;6;0;3;1;2;9;7;2;2023
892500;Mord, Totschlag und Toetung auf Verlangen;5378004;Bergisch Gladbach;insg.;2;0;2;0;0;0;0;0;0;0;0;0;0;0;0;0;0;0;1;0;1;1;0;1;2;0;2;2023
892500;Mord, Totschlag und Toetung auf Verlangen;11000000;Berlin;insg.;86;57;29;4;3;1;2;0;2;6;3;3;4;4;0;3;2;1;51;36;15;22;12;10;73;48;25;2023
892500;Mord, Totschlag und Toetung auf Verlangen;5711000;Bielefeld;insg.;11;7;4;0;0;0;0;0;0;0;0;0;2;2;0;1;1;0;6;4;2;2;0;2;8;4;4;2023
892500;Mord, Totschlag und Toetung auf Verlangen;5911000;Bochum;insg.;11;6;5;1;1;0;0;0;0;1;1;0;0;0;0;0;0;0;9;5;4;1;0;1;10;5;5;2023
892500;Mord, Totschlag und Toetung auf Verlangen;5314000;Bonn;insg.;5;3;2;0;0;0;0;0;0;0;0;0;0;0;0;0;0;0;4;3;1;1;0;1;5;3;2;2023
892500;Mord, Totschlag und Toetung auf Verlangen;5512000;Bottrop;insg.;1;1;0;0;0;0;0;0;0;0;0;0;0;0;0;0;0;0;1;1;0;0;0;0;1;1;0;2023
892500;Mord, Totschlag und Toetung auf Verlangen;3101000;Braunschweig;insg.;11;7;4;0;0;0;0;0;0;0;0;0;0;0;0;2;2;0;7;4;3;2;1;1;9;5;4;2023
892500;Mord, Totschlag und Toetung auf Verlangen;4011000;Bremen;insg.;21;15;6;0;0;0;1;1;0;1;1;0;1;1;0;1;1;0;17;12;5;1;0;1;18;12;6;2023
892500;Mord, Totschlag und Toetung auf Verlangen;4012000;Bremerhaven;insg.;6;3;3;0;0;0;0;0;0;0;0;0;0;0;0;0;0;0;5;3;2;1;0;1;6;3;3;2023
892500;Mord, Totschlag und Toetung auf Verlangen;14511000;Chemnitz;insg.;24;17;7;0;0;0;0;0;0;0;0;0;0;0;0;1;1;0;18;14;4;5;2;3;23;16;7;2023
892500;Mord, Totschlag und Toetung auf Verlangen;6411000;Darmstadt;insg.;6;5;1;0;0;0;0;0;0;0;0;0;0;0;0;0;0;0;6;5;1;0;0;0;6;5;1;2023
892500;Mord, Totschlag und Toetung auf Verlangen;5913000;Dortmund;insg.;41;35;6;0;0;0;0;0;0;0;0;0;6;6;0;5;4;1;28;24;4;2;1;1;30;25;5;2023
892500;Mord, Totschlag und Toetung auf Verlangen;14612000;Dresden;insg.;16;7;9;0;0;0;0;0;0;0;0;0;1;1;0;0;0;0;11;6;5;4;0;4;15;6;9;2023
892500;Mord, Totschlag und Toetung auf Verlangen;5112000;Duisburg;insg.;23;15;8;0;0;0;0;0;0;0;0;0;0;0;0;2;2;0;14;10;4;7;3;4;21;13;8;2023
892500;Mord, Totschlag und Toetung auf Verlangen;5111000;Duesseldorf;insg.;39;19;20;0;0;0;3;1;2;3;1;2;4;0;4;3;2;1;25;14;11;4;2;2;29;16;13;2023
892500;Mord, Totschlag und Toetung auf Verlangen;16051000;Erfurt;insg.;7;6;1;0;0;0;0;0;0;0;0;0;0;0;0;1;1;0;6;5;1;0;0;0;6;5;1;2023
892500;Mord, Totschlag und Toetung auf Verlangen;9562000;Erlangen;insg.;3;3;0;0;0;0;0;0;0;0;0;0;0;0;0;0;0;0;2;2;0;1;1;0;3;3;0;2023
892500;Mord, Totschlag und Toetung auf Verlangen;5113000;Essen;insg.;33;21;12;1;1;0;1;0;1;2;1;1;1;1;0;2;0;2;23;17;6;5;2;3;28;19;9;2023
892500;Mord, Totschlag und Toetung auf Verlangen;6412000;Frankfurt am Main;insg.;69;58;11;1;1;0;0;0;0;1;1;0;3;3;0;3;3;0;55;46;9;7;5;2;62;51;11;2023
892500;Mord, Totschlag und Toetung auf Verlangen;8311000;Freiburg im Breisgau;insg.;11;6;5;1;0;1;0;0;0;1;0;1;0;0;0;0;0;0;7;5;2;3;1;2;10;6;4;2023
892500;Mord, Totschlag und Toetung auf Verlangen;9563000;Fuerth;insg.;5;3;2;0;0;0;0;0;0;0;0;0;0;0;0;0;0;0;4;3;1;1;0;1;5;3;2;2023
892500;Mord, Totschlag und Toetung auf Verlangen;5513000;Gelsenkirchen;insg.;14;14;0;0;0;0;0;0;0;0;0;0;0;0;0;1;1;0;11;11;0;2;2;0;13;13;0;2023
892500;Mord, Totschlag und Toetung auf Verlangen;3159016;Goettingen;insg.;3;2;1;0;0;0;0;0;0;0;0;0;0;0;0;0;0;0;3;2;1;0;0;0;3;2;1;2023
892500;Mord, Totschlag und Toetung auf Verlangen;5754008;Guetersloh;insg.;1;1;0;0;0;0;0;0;0;0;0;0;0;0;0;0;0;0;1;1;0;0;0;0;1;1;0;2023
892500;Mord, Totschlag und Toetung auf Verlangen;5914000;Hagen;insg.;15;10;5;0;0;0;0;0;0;0;0;0;2;2;0;3;3;0;10;5;5;0;0;0;10;5;5;2023
892500;Mord, Totschlag und Toetung auf Verlangen;15002000;Halle (Saale);insg.;9;5;4;2;0;2;0;0;0;2;0;2;0;0;0;1;0;1;6;5;1;0;0;0;6;5;1;2023
892500;Mord, Totschlag und Toetung auf Verlangen;2000000;Hamburg;insg.;95;64;31;3;3;0;0;0;0;3;3;0;1;1;0;3;1;2;72;54;18;16;5;11;88;59;29;2023
892500;Mord, Totschlag und Toetung auf Verlangen;5915000;Hamm;insg.;12;7;5;0;0;0;0;0;0;0;0;0;0;0;0;3;2;1;8;4;4;1;1;0;9;5;4;2023
892500;Mord, Totschlag und Toetung auf Verlangen;6435014;Hanau;insg.;9;6;3;0;0;0;2;1;1;2;1;1;0;0;0;0;0;0;7;5;2;0;0;0;7;5;2;2023
892500;Mord, Totschlag und Toetung auf Verlangen;3241001;Hannover;insg.;35;31;4;0;0;0;1;0;1;1;0;1;0;0;0;2;2;0;32;29;3;0;0;0;32;29;3;2023
892500;Mord, Totschlag und Toetung auf Verlangen;8221000;Heidelberg;insg.;10;10;0;0;0;0;0;0;0;0;0;0;0;0;0;0;0;0;9;9;0;1;1;0;10;10;0;2023
892500;Mord, Totschlag und Toetung auf Verlangen;8121000;Heilbronn;insg.;5;5;0;0;0;0;0;0;0;0;0;0;1;1;0;1;1;0;3;3;0;0;0;0;3;3;0;2023
892500;Mord, Totschlag und Toetung auf Verlangen;5916000;Herne;insg.;5;2;3;1;1;0;0;0;0;1;1;0;0;0;0;1;1;0;1;0;1;2;0;2;3;0;3;2023
892500;Mord, Totschlag und Toetung auf Verlangen;3254021;Hildesheim;insg.;13;13;0;0;0;0;0;0;0;0;0;0;0;0;0;0;0;0;12;12;0;1;1;0;13;13;0;2023
892500;Mord, Totschlag und Toetung auf Verlangen;9161000;Ingolstadt;insg.;12;10;2;1;1;0;1;1;0;2;2;0;0;0;0;1;1;0;8;7;1;1;0;1;9;7;2;2023
892500;Mord, Totschlag und Toetung auf Verlangen;16053000;Jena;insg.;2;2;0;0;0;0;0;0;0;0;0;0;0;0;0;0;0;0;1;1;0;1;1;0;2;2;0;2023
892500;Mord, Totschlag und Toetung auf Verlangen;7312000;Kaiserslautern;insg.;3;3;0;0;0;0;0;0;0;0;0;0;1;1;0;0;0;0;2;2;0;0;0;0;2;2;0;2023
892500;Mord, Totschlag und Toetung auf Verlangen;8212000;Karlsruhe;insg.;8;6;2;0;0;0;0;0;0;0;0;0;0;0;0;1;1;0;6;5;1;1;0;1;7;5;2;2023
892500;Mord, Totschlag und Toetung auf Verlangen;6611000;Kassel;insg.;15;11;4;3;3;0;0;0;0;3;3;0;0;0;0;0;0;0;12;8;4;0;0;0;12;8;4;2023
892500;Mord, Totschlag und Toetung auf Verlangen;1002000;Kiel;insg.;10;6;4;0;0;0;0;0;0;0;0;0;3;2;1;0;0;0;6;3;3;1;1;0;7;4;3;2023
892500;Mord, Totschlag und Toetung auf Verlangen;7111000;Koblenz;insg.;3;2;1;0;0;0;0;0;0;0;0;0;0;0;0;0;0;0;3;2;1;0;0;0;3;2;1;2023
892500;Mord, Totschlag und Toetung auf Verlangen;5315000;Koeln;insg.;30;20;10;2;0;2;0;0;0;2;0;2;1;1;0;2;2;0;22;15;7;3;2;1;25;17;8;2023
892500;Mord, Totschlag und Toetung auf Verlangen;5114000;Krefeld;insg.;7;4;3;0;0;0;0;0;0;0;0;0;1;0;1;0;0;0;5;3;2;1;1;0;6;4;2;2023
892500;Mord, Totschlag und Toetung auf Verlangen;14713000;Leipzig;insg.;27;22;5;0;0;0;1;1;0;1;1;0;1;1;0;3;3;0;20;15;5;2;2;0;22;17;5;2023
892500;Mord, Totschlag und Toetung auf Verlangen;5316000;Leverkusen;insg.;3;0;3;0;0;0;0;0;0;0;0;0;0;0;0;0;0;0;3;0;3;0;0;0;3;0;3;2023
892500;Mord, Totschlag und Toetung auf Verlangen;1003000;Luebeck;insg.;5;2;3;0;0;0;0;0;0;0;0;0;0;0;0;0;0;0;4;2;2;1;0;1;5;2;3;2023
892500;Mord, Totschlag und Toetung auf Verlangen;7314000;Ludwigshafen am Rhein;insg.;5;5;0;0;0;0;0;0;0;0;0;0;0;0;0;1;1;0;4;4;0;0;0;0;4;4;0;2023
892500;Mord, Totschlag und Toetung auf Verlangen;15003000;Magdeburg;insg.;13;10;3;0;0;0;0;0;0;0;0;0;1;1;0;2;1;1;9;8;1;1;0;1;10;8;2;2023
892500;Mord, Totschlag und Toetung auf Verlangen;7315000;Mainz;insg.;3;0;3;0;0;0;0;0;0;0;0;0;0;0;0;0;0;0;3;0;3;0;0;0;3;0;3;2023
892500;Mord, Totschlag und Toetung auf Verlangen;8222000;Mannheim;insg.;13;6;7;1;0;1;0;0;0;1;0;1;0;0;0;1;1;0;9;5;4;2;0;2;11;5;6;2023
892500;Mord, Totschlag und Toetung auf Verlangen;5170024;Moers;insg.;1;1;0;0;0;0;0;0;0;0;0;0;0;0;0;0;0;0;1;1;0;0;0;0;1;1;0;2023
892500;Mord, Totschlag und Toetung auf Verlangen;5116000;Moenchengladbach;insg.;15;11;4;0;0;0;0;0;0;0;0;0;2;2;0;1;1;0;12;8;4;0;0;0;12;8;4;2023
892500;Mord, Totschlag und Toetung auf Verlangen;5117000;Muelheim an der Ruhr;insg.;4;1;3;0;0;0;0;0;0;0;0;0;0;0;0;0;0;0;3;1;2;1;0;1;4;1;3;2023
892500;Mord, Totschlag und Toetung auf Verlangen;9162000;Muenchen;insg.;51;40;11;1;1;0;0;0;0;1;1;0;0;0;0;0;0;0;36;30;6;14;9;5;50;39;11;2023
892500;Mord, Totschlag und Toetung auf Verlangen;5515000;Muenster;insg.;8;5;3;0;0;0;0;0;0;0;0;0;0;0;0;0;0;0;8;5;3;0;0;0;8;5;3;2023
892500;Mord, Totschlag und Toetung auf Verlangen;5162024;Neuss;insg.;6;4;2;0;0;0;0;0;0;0;0;0;0;0;0;0;0;0;4;3;1;2;1;1;6;4;2;2023
892500;Mord, Totschlag und Toetung auf Verlangen;9564000;Nuernberg;insg.;34;32;2;0;0;0;2;2;0;2;2;0;1;1;0;1;0;1;29;28;1;1;1;0;30;29;1;2023
892500;Mord, Totschlag und Toetung auf Verlangen;5119000;Oberhausen;insg.;15;14;1;0;0;0;0;0;0;0;0;0;2;2;0;1;1;0;9;9;0;3;2;1;12;11;1;2023
892500;Mord, Totschlag und Toetung auf Verlangen;6413000;Offenbach am Main;insg.;12;8;4;0;0;0;1;0;1;1;0;1;0;0;0;0;0;0;11;8;3;0;0;0;11;8;3;2023
892500;Mord, Totschlag und Toetung auf Verlangen;3403000;Oldenburg (Oldenburg);insg.;6;5;1;0;0;0;0;0;0;0;0;0;0;0;0;0;0;0;5;5;0;1;0;1;6;5;1;2023
892500;Mord, Totschlag und Toetung auf Verlangen;3404000;Osnabrueck;insg.;8;6;2;0;0;0;0;0;0;0;0;0;0;0;0;2;1;1;5;4;1;1;1;0;6;5;1;2023
892500;Mord, Totschlag und Toetung auf Verlangen;5774032;Paderborn;insg.;2;1;1;0;0;0;0;0;0;0;0;0;0;0;0;0;0;0;1;1;0;1;0;1;2;1;1;2023
892500;Mord, Totschlag und Toetung auf Verlangen;8231000;Pforzheim;insg.;9;6;3;0;0;0;0;0;0;0;0;0;1;0;1;1;1;0;7;5;2;0;0;0;7;5;2;2023
892500;Mord, Totschlag und Toetung auf Verlangen;12054000;Potsdam;insg.;5;3;2;1;1;0;0;0;0;1;1;0;0;0;0;0;0;0;3;1;2;1;1;0;4;2;2;2023
892500;Mord, Totschlag und Toetung auf Verlangen;5562032;Recklinghausen;insg.;2;2;0;0;0;0;0;0;0;0;0;0;0;0;0;0;0;0;2;2;0;0;0;0;2;2;0;2023
892500;Mord, Totschlag und Toetung auf Verlangen;9362000;Regensburg;insg.;9;3;6;0;0;0;0;0;0;0;0;0;0;0;0;2;0;2;6;3;3;1;0;1;7;3;4;2023
892500;Mord, Totschlag und Toetung auf Verlangen;5120000;Remscheid;insg.;5;3;2;0;0;0;1;1;0;1;1;0;0;0;0;0;0;0;3;2;1;1;0;1;4;2;2;2023
892500;Mord, Totschlag und Toetung auf Verlangen;8415061;Reutlingen;insg.;7;6;1;0;0;0;0;0;0;0;0;0;0;0;0;1;1;0;4;3;1;2;2;0;6;5;1;2023
892500;Mord, Totschlag und Toetung auf Verlangen;13003000;Rostock, Hanse- und Universit tsstadt;insg.;0;0;0;0;0;0;0;0;0;0;0;0;0;0;0;0;0;0;0;0;0;0;0;0;0;0;0;2023
892500;Mord, Totschlag und Toetung auf Verlangen;10041100;Saarbruecken;insg.;25;15;10;0;0;0;3;2;1;3;2;1;0;0;0;0;0;0;16;8;8;6;5;1;22;13;9;2023
892500;Mord, Totschlag und Toetung auf Verlangen;3102000;Salzgitter;insg.;5;2;3;0;0;0;0;0;0;0;0;0;0;0;0;0;0;0;3;1;2;2;1;1;5;2;3;2023
892500;Mord, Totschlag und Toetung auf Verlangen;13004000;Schwerin;insg.;6;3;3;2;1;1;0;0;0;2;1;1;1;0;1;0;0;0;3;2;1;0;0;0;3;2;1;2023
892500;Mord, Totschlag und Toetung auf Verlangen;5970040;Siegen;insg.;7;7;0;0;0;0;0;0;0;0;0;0;0;0;0;1;1;0;6;6;0;0;0;0;6;6;0;2023
892500;Mord, Totschlag und Toetung auf Verlangen;5122000;Solingen;insg.;5;4;1;0;0;0;0;0;0;0;0;0;0;0;0;0;0;0;5;4;1;0;0;0;5;4;1;2023
892500;Mord, Totschlag und Toetung auf Verlangen;8111000;Stuttgart;insg.;26;21;5;0;0;0;0;0;0;0;0;0;0;0;0;2;2;0;22;18;4;2;1;1;24;19;5;2023
892500;Mord, Totschlag und Toetung auf Verlangen;7211000;Trier;insg.;2;2;0;0;0;0;0;0;0;0;0;0;0;0;0;1;1;0;0;0;0;1;1;0;1;1;0;2023
892500;Mord, Totschlag und Toetung auf Verlangen;8421000;Ulm;insg.;16;14;2;0;0;0;1;0;1;1;0;1;2;2;0;1;1;0;11;10;1;1;1;0;12;11;1;2023
892500;Mord, Totschlag und Toetung auf Verlangen;6414000;Wiesbaden;insg.;21;11;10;0;0;0;0;0;0;0;0;0;0;0;0;0;0;0;18;11;7;3;0;3;21;11;10;2023
892500;Mord, Totschlag und Toetung auf Verlangen;3103000;Wolfsburg;insg.;3;2;1;0;0;0;1;0;1;1;0;1;0;0;0;1;1;0;1;1;0;0;0;0;1;1;0;2023
892500;Mord, Totschlag und Toetung auf Verlangen;5124000;Wuppertal;insg.;6;4;2;0;0;0;0;0;0;0;0;0;0;0;0;0;0;0;5;3;2;1;1;0;6;4;2;2023
892500;Mord, Totschlag und Toetung auf Verlangen;9663000;Wuerzburg;insg.;4;4;0;0;0;0;0;0;0;0;0;0;0;0;0;0;0;0;4;4;0;0;0;0;4;4;0;2023
