Schluessel,Straftat,Gemeindeschluessel,Stadt,Fallstatus,Oper insgesamt,Opfer maennlich,Opfer weiblich,Opfer - Kinder bis unter 6 Jahre - insgesamt,Opfer - Kinder bis unter 6 Jahre - maennlich,Opfer - Kinder bis unter 6 Jahre - weiblich,Opfer Kinder 6 bis unter 14 Jahre - insgesamt,Opfer Kinder 6 bis unter 14 Jahre - maennlich,Opfer Kinder 6 bis unter 14 Jahre - weiblich,Opfer Kinder bis 14 Jahre- insgesamt,Opfer Kinder bis 14 Jahre- maennlich,Opfer Kinder bis 14 Jahre- weiblich,Opfer Jugendliche 14 bis unter 18 Jahre - insgesamt,Opfer Jugendliche 14 bis unter 18 Jahre - maennlich,Opfer Jugendliche 14 bis unter 18 Jahre - weiblich,Opfer - Heranwachsende 18 bis unter 21 Jahre - insgesamt,Opfer - Heranwachsende 18 bis unter 21 Jahre - maennlich,Opfer - Heranwachsende 18 bis unter 21 Jahre - weiblich,Opfer Erwachsene 21 bis unter 60 Jahre - insgesamt,Opfer Erwachsene 21 bis unter 60 Jahre - maennlich,Opfer Erwachsene 21 bis unter 60 Jahre - weiblich,Opfer - Erwachsene 60 Jahre und aelter - insgesamt,Opfer - Erwachsene 60 Jahre und aelter - maennlich,Opfer - Erwachsene 60 Jahre und aelter - weiblich,Opfer Erwachsene - insgesamt,Opfer Erwachsene - maennlich,Opfer Erwachsene - weiblich,Jahr
------,Straftaten insgesamt,5334002,Aachen,voll.,4334,2672,1662,17,13,4,165,89,76,182,102,80,289,172,117,391,240,151,3198,1992,1206,274,166,108,3472,2158,1314,2016
------,Straftaten insgesamt,9761000,Augsburg,voll.,4601,2922,1679,29,11,18,200,112,88,229,123,106,320,194,126,454,288,166,3389,2196,1193,209,121,88,3598,2317,1281,2016
------,Straftaten insgesamt,5378004,Bergisch Gladbach,voll.,1228,670,558,7,1,6,53,28,25,60,29,31,99,58,41,86,49,37,875,476,399,108,58,50,983,534,449,2016
------,Straftaten insgesamt,11000000,Berlin,voll.,71286,43825,27461,794,419,375,4181,2571,1610,4975,2990,1985,4910,2905,2005,4489,2655,1834,52739,32944,19795,4173,2331,1842,56912,35275,21637,2016
------,Straftaten insgesamt,5711000,Bielefeld,voll.,4245,2412,1833,29,16,13,148,88,60,177,104,73,315,174,141,396,226,170,3143,1789,1354,214,119,95,3357,1908,1449,2016
------,Straftaten insgesamt,5911000,Bochum,voll.,6354,3722,2632,37,23,14,268,164,104,305,187,118,514,291,223,595,349,246,4586,2694,1892,354,201,153,4940,2895,2045,2016
------,Straftaten insgesamt,5314000,Bonn,voll.,5303,3113,2190,28,13,15,248,178,70,276,191,85,385,191,194,466,285,181,3875,2282,1593,301,164,137,4176,2446,1730,2016
------,Straftaten insgesamt,5512000,Bottrop,voll.,1352,732,620,11,7,4,73,32,41,84,39,45,149,83,66,135,84,51,889,474,415,95,52,43,984,526,458,2016
------,Straftaten insgesamt,3101000,Braunschweig,voll.,4170,2638,1532,46,16,30,172,91,81,218,107,111,310,163,147,412,275,137,3057,1988,1069,173,105,68,3230,2093,1137,2016
------,Straftaten insgesamt,4011000,Bremen,voll.,10663,6580,4083,72,41,31,364,211,153,436,252,184,863,584,279,1047,629,418,7748,4793,2955,569,322,247,8317,5115,3202,2016
------,Straftaten insgesamt,4012000,Bremerhaven,voll.,2361,1387,974,20,12,8,122,64,58,142,76,66,202,101,101,183,106,77,1706,1023,683,128,81,47,1834,1104,730,2016
------,Straftaten insgesamt,14511000,Chemnitz,voll.,2878,1764,1114,47,34,13,186,85,101,233,119,114,274,170,104,257,148,109,1957,1256,701,157,71,86,2114,1327,787,2016
------,Straftaten insgesamt,6411000,Darmstadt,voll.,1511,909,602,22,13,9,62,30,32,84,43,41,129,71,58,133,69,64,1086,675,411,79,51,28,1165,726,439,2016
------,Straftaten insgesamt,5913000,Dortmund,voll.,11545,7084,4461,69,39,30,493,303,190,562,342,220,842,484,358,1001,594,407,8607,5357,3250,533,307,226,9140,5664,3476,2016
------,Straftaten insgesamt,14612000,Dresden,voll.,6240,4095,2145,82,37,45,347,171,176,429,208,221,366,208,158,508,336,172,4598,3145,1453,339,198,141,4937,3343,1594,2016
------,Straftaten insgesamt,5112000,Duisburg,voll.,8156,4461,3695,58,31,27,495,306,189,553,337,216,666,369,297,622,333,289,5869,3190,2679,446,232,214,6315,3422,2893,2016
------,Straftaten insgesamt,5111000,Duesseldorf,voll.,9578,6023,3555,32,16,16,382,206,176,414,222,192,611,328,283,838,524,314,7188,4670,2518,527,279,248,7715,4949,2766,2016
------,Straftaten insgesamt,16051000,Erfurt,voll.,3978,2471,1507,55,24,31,257,146,111,312,170,142,310,187,123,353,250,103,2812,1768,1044,191,96,95,3003,1864,1139,2016
------,Straftaten insgesamt,9562000,Erlangen,voll.,1049,707,342,10,3,7,50,31,19,60,34,26,97,66,31,137,99,38,717,487,230,38,21,17,755,508,247,2016
------,Straftaten insgesamt,5113000,Essen,voll.,7121,3917,3204,55,33,22,403,224,179,458,257,201,580,297,283,601,318,283,5087,2830,2257,395,215,180,5482,3045,2437,2016
------,Straftaten insgesamt,6412000,Frankfurt am Main,voll.,10930,6936,3994,59,38,21,379,199,180,438,237,201,508,271,237,818,530,288,8553,5549,3004,613,349,264,9166,5898,3268,2016
------,Straftaten insgesamt,8311000,Freiburg im Breisgau,voll.,4250,2823,1427,41,25,16,196,105,91,237,130,107,330,209,121,476,317,159,3022,2054,968,185,113,72,3207,2167,1040,2016
------,Straftaten insgesamt,9563000,Fuerth,voll.,875,471,404,8,1,7,64,34,30,72,35,37,91,40,51,55,33,22,616,345,271,41,18,23,657,363,294,2016
------,Straftaten insgesamt,5513000,Gelsenkirchen,voll.,4486,2459,2027,35,25,10,252,159,93,287,184,103,393,224,169,345,176,169,3215,1744,1471,246,131,115,3461,1875,1586,2016
------,Straftaten insgesamt,3152012,Goettingen,voll.,2245,1430,815,18,10,8,91,58,33,109,68,41,178,126,52,242,171,71,1601,993,608,115,72,43,1716,1065,651,2016
------,Straftaten insgesamt,5914000,Hagen,voll.,2711,1541,1170,9,7,2,146,72,74,155,79,76,204,123,81,245,143,102,1980,1125,855,127,71,56,2107,1196,911,2016
------,Straftaten insgesamt,15002000,Halle (Saale),voll.,4126,2530,1596,44,20,24,305,144,161,349,164,185,336,213,123,310,194,116,2913,1841,1072,218,118,100,3131,1959,1172,2016
------,Straftaten insgesamt,2000000,Hamburg,voll.,33378,20844,12534,250,137,113,1857,1204,653,2107,1341,766,2515,1526,989,2758,1772,986,24241,15162,9079,1757,1043,714,25998,16205,9793,2016
------,Straftaten insgesamt,5915000,Hamm,voll.,2366,1366,1000,9,5,4,113,63,50,122,68,54,189,89,100,195,127,68,1737,1012,725,123,70,53,1860,1082,778,2016
------,Straftaten insgesamt,3241001,Hannover,voll.,11768,7542,4226,95,47,48,511,261,250,606,308,298,746,395,351,1105,709,396,8828,5845,2983,483,285,198,9311,6130,3181,2016
------,Straftaten insgesamt,8221000,Heidelberg,voll.,2067,1392,675,15,10,5,75,43,32,90,53,37,128,80,48,223,168,55,1503,1017,486,123,74,49,1626,1091,535,2016
------,Straftaten insgesamt,8121000,Heilbronn,voll.,1385,824,561,10,7,3,44,19,25,54,26,28,126,74,52,154,97,57,993,596,397,58,31,27,1051,627,424,2016
------,Straftaten insgesamt,5916000,Herne,voll.,2428,1292,1136,17,10,7,134,78,56,151,88,63,218,106,112,195,108,87,1727,923,804,137,67,70,1864,990,874,2016
------,Straftaten insgesamt,3254021,Hildesheim,voll.,2042,1163,879,17,10,7,98,46,52,115,56,59,167,82,85,182,91,91,1489,889,600,89,45,44,1578,934,644,2016
------,Straftaten insgesamt,9161000,Ingolstadt,voll.,2060,1397,663,14,6,8,86,49,37,100,55,45,205,127,78,229,171,58,1427,989,438,99,55,44,1526,1044,482,2016
------,Straftaten insgesamt,16053000,Jena,voll.,1330,868,462,21,11,10,74,45,29,95,56,39,84,46,38,96,65,31,980,658,322,75,43,32,1055,701,354,2016
------,Straftaten insgesamt,8212000,Karlsruhe,voll.,3573,2307,1266,27,11,16,134,71,63,161,82,79,239,142,97,330,217,113,2633,1738,895,210,128,82,2843,1866,977,2016
------,Straftaten insgesamt,6611000,Kassel,voll.,2720,1577,1143,18,8,10,125,74,51,143,82,61,157,77,80,263,146,117,2036,1213,823,121,59,62,2157,1272,885,2016
------,Straftaten insgesamt,1002000,Kiel,voll.,4294,2732,1562,27,15,12,177,100,77,204,115,89,318,194,124,412,267,145,3169,2027,1142,191,129,62,3360,2156,1204,2016
------,Straftaten insgesamt,7111000,Koblenz,voll.,2058,1320,738,12,7,5,68,33,35,80,40,40,151,99,52,202,127,75,1525,993,532,100,61,39,1625,1054,571,2016
------,Straftaten insgesamt,5315000,Koeln,voll.,23798,14323,9475,147,80,67,959,570,389,1106,650,456,1427,773,654,1973,1120,853,18201,11146,7055,1091,634,457,19292,11780,7512,2016
------,Straftaten insgesamt,5114000,Krefeld,voll.,3501,1893,1608,27,15,12,188,98,90,215,113,102,248,128,120,297,171,126,2523,1365,1158,218,116,102,2741,1481,1260,2016
------,Straftaten insgesamt,14713000,Leipzig,voll.,8744,5504,3240,100,58,42,431,215,216,531,273,258,590,303,287,573,357,216,6588,4310,2278,462,261,201,7050,4571,2479,2016
------,Straftaten insgesamt,5316000,Leverkusen,voll.,2691,1517,1174,13,6,7,136,77,59,149,83,66,212,115,97,216,112,104,1966,1123,843,148,84,64,2114,1207,907,2016
------,Straftaten insgesamt,1003000,Luebeck,voll.,4624,2919,1705,25,14,11,238,139,99,263,153,110,361,196,165,361,234,127,3404,2201,1203,235,135,100,3639,2336,1303,2016
------,Straftaten insgesamt,7314000,Ludwigshafen am Rhein,voll.,3523,2005,1518,43,20,23,274,153,121,317,173,144,293,162,131,309,187,122,2415,1379,1036,189,104,85,2604,1483,1121,2016
------,Straftaten insgesamt,15003000,Magdeburg,voll.,3613,2094,1519,47,24,23,192,97,95,239,121,118,249,140,109,269,143,126,2656,1569,1087,200,121,79,2856,1690,1166,2016
------,Straftaten insgesamt,7315000,Mainz,voll.,3629,2321,1308,28,21,7,137,80,57,165,101,64,272,174,98,353,256,97,2690,1695,995,149,95,54,2839,1790,1049,2016
------,Straftaten insgesamt,8222000,Mannheim,voll.,4545,2801,1744,50,33,17,189,114,75,239,147,92,246,153,93,377,234,143,3423,2130,1293,260,137,123,3683,2267,1416,2016
------,Straftaten insgesamt,5170024,Moers,voll.,1465,847,618,3,1,2,124,72,52,127,73,54,160,93,67,138,88,50,949,545,404,91,48,43,1040,593,447,2016
------,Straftaten insgesamt,5116000,Moenchengladbach,voll.,3515,1925,1590,24,14,10,162,91,71,186,105,81,312,170,142,353,189,164,2476,1360,1116,188,101,87,2664,1461,1203,2016
------,Straftaten insgesamt,5117000,Muelheim an der Ruhr,voll.,1723,892,831,13,5,8,114,73,41,127,78,49,134,69,65,118,65,53,1224,614,610,120,66,54,1344,680,664,2016
------,Straftaten insgesamt,9162000,Muenchen,voll.,16379,10749,5630,184,89,95,572,318,254,756,407,349,936,588,348,1380,948,432,12441,8296,4145,866,510,356,13307,8806,4501,2016
------,Straftaten insgesamt,5515000,Muenster,voll.,4214,2481,1733,28,13,15,203,123,80,231,136,95,292,168,124,375,221,154,3119,1851,1268,197,105,92,3316,1956,1360,2016
------,Straftaten insgesamt,5162024,Neuss,voll.,2053,1162,891,10,5,5,88,52,36,98,57,41,156,89,67,204,132,72,1481,825,656,114,59,55,1595,884,711,2016
------,Straftaten insgesamt,9564000,Nuernberg,voll.,7679,4879,2800,67,40,27,282,171,111,349,211,138,549,339,210,804,521,283,5636,3622,2014,341,186,155,5977,3808,2169,2016
------,Straftaten insgesamt,5119000,Oberhausen,voll.,2631,1454,1177,27,14,13,168,95,73,195,109,86,231,128,103,228,149,79,1824,986,838,153,82,71,1977,1068,909,2016
------,Straftaten insgesamt,6413000,Offenbach am Main,voll.,1298,664,634,17,7,10,62,37,25,79,44,35,90,50,40,98,39,59,973,499,474,58,32,26,1031,531,500,2016
------,Straftaten insgesamt,3403000,Oldenburg (Oldenburg),voll.,2051,1220,831,17,12,5,101,51,50,118,63,55,185,109,76,231,134,97,1410,851,559,107,63,44,1517,914,603,2016
------,Straftaten insgesamt,3404000,Osnabrueck,voll.,2921,1803,1118,33,17,16,96,40,56,129,57,72,196,108,88,288,181,107,2169,1372,797,139,85,54,2308,1457,851,2016
------,Straftaten insgesamt,5774032,Paderborn,voll.,1932,1122,810,5,5,0,77,38,39,82,43,39,113,69,44,208,115,93,1440,843,597,89,52,37,1529,895,634,2016
------,Straftaten insgesamt,8231000,Pforzheim,voll.,1712,1051,661,16,13,3,110,70,40,126,83,43,137,88,49,137,78,59,1198,748,450,114,54,60,1312,802,510,2016
------,Straftaten insgesamt,12054000,Potsdam,voll.,1864,1127,737,20,11,9,121,80,41,141,91,50,155,107,48,125,78,47,1318,779,539,125,72,53,1443,851,592,2016
------,Straftaten insgesamt,5562032,Recklinghausen,voll.,2301,1293,1008,20,12,8,94,56,38,114,68,46,246,149,97,192,112,80,1623,889,734,126,75,51,1749,964,785,2016
------,Straftaten insgesamt,9362000,Regensburg,voll.,2192,1473,719,14,4,10,75,40,35,89,44,45,155,102,53,266,193,73,1597,1084,513,85,50,35,1682,1134,548,2016
------,Straftaten insgesamt,5120000,Remscheid,voll.,1558,818,740,16,10,6,88,43,45,104,53,51,154,62,92,149,77,72,1071,580,491,80,46,34,1151,626,525,2016
------,Straftaten insgesamt,8415061,Reutlingen,voll.,1351,819,532,7,4,3,54,31,23,61,35,26,134,75,59,140,101,39,956,574,382,60,34,26,1016,608,408,2016
------,Straftaten insgesamt,13003000,Rostock,voll.,2579,1601,978,45,23,22,188,102,86,233,125,108,217,128,89,160,92,68,1825,1180,645,144,76,68,1969,1256,713,2016
------,Straftaten insgesamt,10041100,Saarbruecken,voll.,4268,2506,1762,29,16,13,197,114,83,226,130,96,285,150,135,430,261,169,3108,1842,1266,219,123,96,3327,1965,1362,2016
------,Straftaten insgesamt,3102000,Salzgitter,voll.,1344,732,612,25,11,14,93,55,38,118,66,52,126,68,58,118,67,51,905,491,414,77,40,37,982,531,451,2016
------,Straftaten insgesamt,13004000,Schwerin,voll.,1408,871,537,14,6,8,144,89,55,158,95,63,133,87,46,93,60,33,942,587,355,82,42,40,1024,629,395,2016
------,Straftaten insgesamt,5970040,Siegen,voll.,1803,1082,721,15,14,1,91,60,31,106,74,32,143,89,54,190,113,77,1266,752,514,98,54,44,1364,806,558,2016
------,Straftaten insgesamt,5122000,Solingen,voll.,1817,1019,798,13,5,8,101,60,41,114,65,49,151,85,66,175,108,67,1284,708,576,93,53,40,1377,761,616,2016
------,Straftaten insgesamt,8111000,Stuttgart,voll.,11033,7233,3800,96,56,40,481,263,218,577,319,258,685,384,301,998,677,321,8298,5586,2712,475,267,208,8773,5853,2920,2016
------,Straftaten insgesamt,7211000,Trier,voll.,2002,1305,697,15,11,4,84,43,41,99,54,45,216,141,75,230,155,75,1360,890,470,97,65,32,1457,955,502,2016
------,Straftaten insgesamt,8421000,Ulm,voll.,1669,1071,598,7,4,3,79,35,44,86,39,47,142,78,64,174,112,62,1194,797,397,73,45,28,1267,842,425,2016
------,Straftaten insgesamt,6414000,Wiesbaden,voll.,3899,2207,1692,40,19,21,159,83,76,199,102,97,346,204,142,384,218,166,2752,1570,1182,218,113,105,2970,1683,1287,2016
------,Straftaten insgesamt,3103000,Wolfsburg,voll.,1399,841,558,24,16,8,69,41,28,93,57,36,106,74,32,143,95,48,993,582,411,64,33,31,1057,615,442,2016
------,Straftaten insgesamt,5124000,Wuppertal,voll.,6447,3700,2747,32,18,14,336,198,138,368,216,152,535,295,240,565,304,261,4663,2710,1953,316,175,141,4979,2885,2094,2016
------,Straftaten insgesamt,9663000,Wuerzburg,voll.,1771,1182,589,17,12,5,43,25,18,60,37,23,168,104,64,227,138,89,1232,852,380,84,51,33,1316,903,413,2016
------,Straftaten insgesamt,5334002,Aachen,vers.,291,203,88,2,2,0,4,1,3,6,3,3,21,14,7,25,16,9,222,157,65,17,13,4,239,170,69,2016
------,Straftaten insgesamt,9761000,Augsburg,vers.,629,435,194,6,3,3,18,11,7,24,14,10,22,13,9,49,32,17,501,360,141,33,16,17,534,376,158,2016
------,Straftaten insgesamt,5378004,Bergisch Gladbach,vers.,87,50,37,0,0,0,5,3,2,5,3,2,8,8,0,3,3,0,60,34,26,11,2,9,71,36,35,2016
------,Straftaten insgesamt,11000000,Berlin,vers.,7010,4805,2205,74,33,41,302,187,115,376,220,156,415,272,143,339,211,128,5411,3815,1596,469,287,182,5880,4102,1778,2016
------,Straftaten insgesamt,5711000,Bielefeld,vers.,343,205,138,6,3,3,12,6,6,18,9,9,16,9,7,18,13,5,261,155,106,30,19,11,291,174,117,2016
------,Straftaten insgesamt,5911000,Bochum,vers.,496,329,167,2,0,2,13,7,6,15,7,8,33,19,14,34,18,16,392,276,116,22,9,13,414,285,129,2016
------,Straftaten insgesamt,5314000,Bonn,vers.,353,226,127,1,0,1,8,6,2,9,6,3,24,12,12,30,18,12,263,174,89,27,16,11,290,190,100,2016
------,Straftaten insgesamt,5512000,Bottrop,vers.,93,57,36,3,2,1,7,4,3,10,6,4,7,5,2,9,7,2,61,34,27,6,5,1,67,39,28,2016
------,Straftaten insgesamt,3101000,Braunschweig,vers.,352,248,104,3,2,1,5,4,1,8,6,2,13,7,6,19,8,11,295,216,79,17,11,6,312,227,85,2016
------,Straftaten insgesamt,4011000,Bremen,vers.,761,495,266,9,7,2,35,20,15,44,27,17,77,47,30,61,37,24,510,352,158,69,32,37,579,384,195,2016
------,Straftaten insgesamt,4012000,Bremerhaven,vers.,154,100,54,1,0,1,8,5,3,9,5,4,14,8,6,13,7,6,106,76,30,12,4,8,118,80,38,2016
------,Straftaten insgesamt,14511000,Chemnitz,vers.,220,138,82,3,2,1,12,5,7,15,7,8,17,9,8,6,4,2,158,106,52,24,12,12,182,118,64,2016
------,Straftaten insgesamt,6411000,Darmstadt,vers.,85,51,34,0,0,0,1,0,1,1,0,1,6,3,3,10,5,5,56,36,20,12,7,5,68,43,25,2016
------,Straftaten insgesamt,5913000,Dortmund,vers.,758,530,228,4,1,3,26,20,6,30,21,9,54,40,14,42,27,15,580,410,170,52,32,20,632,442,190,2016
------,Straftaten insgesamt,14612000,Dresden,vers.,471,352,119,3,3,0,9,5,4,12,8,4,28,18,10,31,23,8,384,294,90,16,9,7,400,303,97,2016
------,Straftaten insgesamt,5112000,Duisburg,vers.,676,437,239,4,1,3,42,25,17,46,26,20,45,29,16,43,26,17,492,331,161,50,25,25,542,356,186,2016
------,Straftaten insgesamt,5111000,Duesseldorf,vers.,641,398,243,2,2,0,21,10,11,23,12,11,27,14,13,48,26,22,495,322,173,48,24,24,543,346,197,2016
------,Straftaten insgesamt,16051000,Erfurt,vers.,350,254,96,1,0,1,17,7,10,18,7,11,35,23,12,30,25,5,238,182,56,29,17,12,267,199,68,2016
------,Straftaten insgesamt,9562000,Erlangen,vers.,117,86,31,1,0,1,2,1,1,3,1,2,5,3,2,9,5,4,92,72,20,8,5,3,100,77,23,2016
------,Straftaten insgesamt,5113000,Essen,vers.,437,285,152,4,3,1,29,18,11,33,21,12,27,14,13,37,22,15,310,214,96,30,14,16,340,228,112,2016
------,Straftaten insgesamt,6412000,Frankfurt am Main,vers.,951,641,310,7,5,2,22,13,9,29,18,11,46,29,17,67,40,27,743,516,227,66,38,28,809,554,255,2016
------,Straftaten insgesamt,8311000,Freiburg im Breisgau,vers.,434,318,116,2,2,0,19,10,9,21,12,9,25,18,7,47,36,11,312,234,78,29,18,11,341,252,89,2016
------,Straftaten insgesamt,9563000,Fuerth,vers.,122,89,33,1,0,1,5,1,4,6,1,5,8,3,5,5,4,1,90,69,21,13,12,1,103,81,22,2016
------,Straftaten insgesamt,5513000,Gelsenkirchen,vers.,315,198,117,3,1,2,17,10,7,20,11,9,28,15,13,33,22,11,208,137,71,26,13,13,234,150,84,2016
------,Straftaten insgesamt,3152012,Goettingen,vers.,235,152,83,2,1,1,8,5,3,10,6,4,10,10,0,25,18,7,178,111,67,12,7,5,190,118,72,2016
------,Straftaten insgesamt,5914000,Hagen,vers.,136,79,57,0,0,0,7,6,1,7,6,1,11,2,9,8,4,4,97,60,37,13,7,6,110,67,43,2016
------,Straftaten insgesamt,15002000,Halle (Saale),vers.,394,278,116,4,1,3,18,6,12,22,7,15,15,11,4,17,10,7,315,232,83,25,18,7,340,250,90,2016
------,Straftaten insgesamt,2000000,Hamburg,vers.,2246,1512,734,12,7,5,62,38,24,74,45,29,179,102,77,177,120,57,1689,1169,520,127,76,51,1816,1245,571,2016
------,Straftaten insgesamt,5915000,Hamm,vers.,144,92,52,2,2,0,9,6,3,11,8,3,14,9,5,13,7,6,98,61,37,8,7,1,106,68,38,2016
------,Straftaten insgesamt,3241001,Hannover,vers.,1223,889,334,7,1,6,26,11,15,33,12,21,49,28,21,85,56,29,1007,761,246,49,32,17,1056,793,263,2016
------,Straftaten insgesamt,8221000,Heidelberg,vers.,180,135,45,1,1,0,6,2,4,7,3,4,2,0,2,10,9,1,154,120,34,7,3,4,161,123,38,2016
------,Straftaten insgesamt,8121000,Heilbronn,vers.,83,60,23,0,0,0,5,2,3,5,2,3,3,1,2,6,4,2,64,48,16,5,5,0,69,53,16,2016
------,Straftaten insgesamt,5916000,Herne,vers.,198,119,79,1,1,0,8,7,1,9,8,1,16,10,6,17,8,9,138,84,54,18,9,9,156,93,63,2016
------,Straftaten insgesamt,3254021,Hildesheim,vers.,161,100,61,2,0,2,10,4,6,12,4,8,9,7,2,29,18,11,104,65,39,7,6,1,111,71,40,2016
------,Straftaten insgesamt,9161000,Ingolstadt,vers.,228,155,73,0,0,0,11,6,5,11,6,5,11,7,4,24,14,10,173,125,48,9,3,6,182,128,54,2016
------,Straftaten insgesamt,16053000,Jena,vers.,117,80,37,2,2,0,1,0,1,3,2,1,11,8,3,8,6,2,92,62,30,3,2,1,95,64,31,2016
------,Straftaten insgesamt,8212000,Karlsruhe,vers.,255,189,66,1,1,0,7,4,3,8,5,3,13,11,2,18,14,4,200,150,50,16,9,7,216,159,57,2016
------,Straftaten insgesamt,6611000,Kassel,vers.,196,129,67,1,1,0,10,3,7,11,4,7,15,11,4,15,10,5,141,99,42,14,5,9,155,104,51,2016
------,Straftaten insgesamt,1002000,Kiel,vers.,259,180,79,3,1,2,6,4,2,9,5,4,13,8,5,19,12,7,203,147,56,15,8,7,218,155,63,2016
------,Straftaten insgesamt,7111000,Koblenz,vers.,188,136,52,0,0,0,10,7,3,10,7,3,16,15,1,21,13,8,132,93,39,9,8,1,141,101,40,2016
------,Straftaten insgesamt,5315000,Koeln,vers.,1807,1180,627,8,5,3,76,54,22,84,59,25,113,70,43,143,76,67,1353,914,439,114,61,53,1467,975,492,2016
------,Straftaten insgesamt,5114000,Krefeld,vers.,196,121,75,3,2,1,6,4,2,9,6,3,13,7,6,17,11,6,132,82,50,25,15,10,157,97,60,2016
------,Straftaten insgesamt,14713000,Leipzig,vers.,629,447,182,7,2,5,28,16,12,35,18,17,27,16,11,47,31,16,490,370,120,30,12,18,520,382,138,2016
------,Straftaten insgesamt,5316000,Leverkusen,vers.,222,137,85,1,1,0,12,6,6,13,7,6,25,14,11,18,11,7,154,97,57,12,8,4,166,105,61,2016
------,Straftaten insgesamt,1003000,Luebeck,vers.,478,334,144,2,0,2,13,6,7,15,6,9,28,19,9,27,19,8,380,273,107,28,17,11,408,290,118,2016
------,Straftaten insgesamt,7314000,Ludwigshafen am Rhein,vers.,330,213,117,5,2,3,41,28,13,46,30,16,23,13,10,20,10,10,222,144,78,19,16,3,241,160,81,2016
------,Straftaten insgesamt,15003000,Magdeburg,vers.,294,196,98,3,1,2,14,8,6,17,9,8,24,15,9,20,14,6,210,141,69,23,17,6,233,158,75,2016
------,Straftaten insgesamt,7315000,Mainz,vers.,297,210,87,1,1,0,4,2,2,5,3,2,14,11,3,28,22,6,235,164,71,15,10,5,250,174,76,2016
------,Straftaten insgesamt,8222000,Mannheim,vers.,390,267,123,4,3,1,17,8,9,21,11,10,13,7,6,22,14,8,310,223,87,24,12,12,334,235,99,2016
------,Straftaten insgesamt,5170024,Moers,vers.,81,50,31,1,1,0,6,4,2,7,5,2,3,1,2,10,5,5,56,35,21,5,4,1,61,39,22,2016
------,Straftaten insgesamt,5116000,Moenchengladbach,vers.,202,116,86,1,0,1,14,5,9,15,5,10,24,20,4,13,7,6,136,75,61,14,9,5,150,84,66,2016
------,Straftaten insgesamt,5117000,Muelheim an der Ruhr,vers.,115,66,49,0,0,0,13,10,3,13,10,3,9,4,5,11,9,2,67,38,29,15,5,10,82,43,39,2016
------,Straftaten insgesamt,9162000,Muenchen,vers.,2114,1557,557,9,6,3,37,25,12,46,31,15,84,55,29,115,74,41,1756,1333,423,113,64,49,1869,1397,472,2016
------,Straftaten insgesamt,5515000,Muenster,vers.,254,148,106,1,1,0,6,2,4,7,3,4,12,5,7,18,9,9,196,119,77,21,12,9,217,131,86,2016
------,Straftaten insgesamt,5162024,Neuss,vers.,100,57,43,1,0,1,3,2,1,4,2,2,7,4,3,19,9,10,60,36,24,10,6,4,70,42,28,2016
------,Straftaten insgesamt,9564000,Nuernberg,vers.,914,673,241,4,4,0,21,11,10,25,15,10,56,36,20,70,46,24,731,551,180,32,25,7,763,576,187,2016
------,Straftaten insgesamt,5119000,Oberhausen,vers.,184,104,80,0,0,0,8,5,3,8,5,3,18,10,8,14,6,8,123,74,49,21,9,12,144,83,61,2016
------,Straftaten insgesamt,6413000,Offenbach am Main,vers.,75,53,22,1,0,1,5,4,1,6,4,2,8,6,2,4,2,2,52,36,16,5,5,0,57,41,16,2016
------,Straftaten insgesamt,3403000,Oldenburg (Oldenburg),vers.,164,117,47,0,0,0,8,6,2,8,6,2,13,9,4,16,9,7,118,86,32,9,7,2,127,93,34,2016
------,Straftaten insgesamt,3404000,Osnabrueck,vers.,187,134,53,0,0,0,3,1,2,3,1,2,9,7,2,15,12,3,152,111,41,8,3,5,160,114,46,2016
------,Straftaten insgesamt,5774032,Paderborn,vers.,169,107,62,0,0,0,8,5,3,8,5,3,11,8,3,12,9,3,126,79,47,12,6,6,138,85,53,2016
------,Straftaten insgesamt,8231000,Pforzheim,vers.,99,63,36,0,0,0,4,2,2,4,2,2,4,1,3,2,2,0,78,52,26,11,6,5,89,58,31,2016
------,Straftaten insgesamt,12054000,Potsdam,vers.,133,95,38,0,0,0,15,8,7,15,8,7,13,12,1,13,9,4,86,64,22,6,2,4,92,66,26,2016
------,Straftaten insgesamt,5562032,Recklinghausen,vers.,149,103,46,5,2,3,3,3,0,8,5,3,20,14,6,14,10,4,100,67,33,7,7,0,107,74,33,2016
------,Straftaten insgesamt,9362000,Regensburg,vers.,268,195,73,0,0,0,4,1,3,4,1,3,19,15,4,19,15,4,219,161,58,7,3,4,226,164,62,2016
------,Straftaten insgesamt,5120000,Remscheid,vers.,80,43,37,0,0,0,11,4,7,11,4,7,5,3,2,6,2,4,51,29,22,7,5,2,58,34,24,2016
------,Straftaten insgesamt,8415061,Reutlingen,vers.,95,64,31,3,2,1,1,1,0,4,3,1,13,9,4,12,8,4,63,41,22,3,3,0,66,44,22,2016
------,Straftaten insgesamt,13003000,Rostock,vers.,176,111,65,2,1,1,16,7,9,18,8,10,12,8,4,12,8,4,121,78,43,13,9,4,134,87,47,2016
------,Straftaten insgesamt,10041100,Saarbruecken,vers.,371,237,134,3,2,1,11,7,4,14,9,5,40,25,15,46,27,19,252,167,85,19,9,10,271,176,95,2016
------,Straftaten insgesamt,3102000,Salzgitter,vers.,99,63,36,2,1,1,9,4,5,11,5,6,5,5,0,3,1,2,74,48,26,6,4,2,80,52,28,2016
------,Straftaten insgesamt,13004000,Schwerin,vers.,112,70,42,1,0,1,15,8,7,16,8,8,14,11,3,4,3,1,67,42,25,11,6,5,78,48,30,2016
------,Straftaten insgesamt,5970040,Siegen,vers.,115,64,51,0,0,0,3,2,1,3,2,1,5,4,1,7,5,2,95,50,45,5,3,2,100,53,47,2016
------,Straftaten insgesamt,5122000,Solingen,vers.,116,73,43,2,1,1,7,5,2,9,6,3,12,9,3,12,7,5,76,47,29,7,4,3,83,51,32,2016
------,Straftaten insgesamt,8111000,Stuttgart,vers.,1267,924,343,9,7,2,17,7,10,26,14,12,52,31,21,64,46,18,1075,806,269,50,27,23,1125,833,292,2016
------,Straftaten insgesamt,7211000,Trier,vers.,129,93,36,2,1,1,12,5,7,14,6,8,7,6,1,16,14,2,87,64,23,5,3,2,92,67,25,2016
------,Straftaten insgesamt,8421000,Ulm,vers.,152,104,48,1,1,0,4,2,2,5,3,2,7,5,2,15,10,5,116,79,37,9,7,2,125,86,39,2016
------,Straftaten insgesamt,6414000,Wiesbaden,vers.,215,147,68,1,1,0,15,10,5,16,11,5,22,18,4,25,18,7,138,90,48,14,10,4,152,100,52,2016
------,Straftaten insgesamt,3103000,Wolfsburg,vers.,99,66,33,1,1,0,3,1,2,4,2,2,16,10,6,4,3,1,68,48,20,7,3,4,75,51,24,2016
------,Straftaten insgesamt,5124000,Wuppertal,vers.,424,255,169,4,3,1,27,16,11,31,19,12,29,18,11,34,23,11,304,183,121,26,12,14,330,195,135,2016
------,Straftaten insgesamt,9663000,Wuerzburg,vers.,156,117,39,1,0,1,2,1,1,3,1,2,8,7,1,7,5,2,130,99,31,8,5,3,138,104,34,2016
------,Straftaten insgesamt,5334002,Aachen,insg.,4625,2875,1750,19,15,4,169,90,79,188,105,83,310,186,124,416,256,160,3420,2149,1271,291,179,112,3711,2328,1383,2016
------,Straftaten insgesamt,9761000,Augsburg,insg.,5230,3357,1873,35,14,21,218,123,95,253,137,116,342,207,135,503,320,183,3890,2556,1334,242,137,105,4132,2693,1439,2016
------,Straftaten insgesamt,5378004,Bergisch Gladbach,insg.,1315,720,595,7,1,6,58,31,27,65,32,33,107,66,41,89,52,37,935,510,425,119,60,59,1054,570,484,2016
------,Straftaten insgesamt,11000000,Berlin,insg.,78296,48630,29666,868,452,416,4483,2758,1725,5351,3210,2141,5325,3177,2148,4828,2866,1962,58150,36759,21391,4642,2618,2024,62792,39377,23415,2016
------,Straftaten insgesamt,5711000,Bielefeld,insg.,4588,2617,1971,35,19,16,160,94,66,195,113,82,331,183,148,414,239,175,3404,1944,1460,244,138,106,3648,2082,1566,2016
------,Straftaten insgesamt,5911000,Bochum,insg.,6850,4051,2799,39,23,16,281,171,110,320,194,126,547,310,237,629,367,262,4978,2970,2008,376,210,166,5354,3180,2174,2016
------,Straftaten insgesamt,5314000,Bonn,insg.,5656,3339,2317,29,13,16,256,184,72,285,197,88,409,203,206,496,303,193,4138,2456,1682,328,180,148,4466,2636,1830,2016
------,Straftaten insgesamt,5512000,Bottrop,insg.,1445,789,656,14,9,5,80,36,44,94,45,49,156,88,68,144,91,53,950,508,442,101,57,44,1051,565,486,2016
------,Straftaten insgesamt,3101000,Braunschweig,insg.,4522,2886,1636,49,18,31,177,95,82,226,113,113,323,170,153,431,283,148,3352,2204,1148,190,116,74,3542,2320,1222,2016
------,Straftaten insgesamt,4011000,Bremen,insg.,11424,7075,4349,81,48,33,399,231,168,480,279,201,940,631,309,1108,666,442,8258,5145,3113,638,354,284,8896,5499,3397,2016
------,Straftaten insgesamt,4012000,Bremerhaven,insg.,2515,1487,1028,21,12,9,130,69,61,151,81,70,216,109,107,196,113,83,1812,1099,713,140,85,55,1952,1184,768,2016
------,Straftaten insgesamt,14511000,Chemnitz,insg.,3098,1902,1196,50,36,14,198,90,108,248,126,122,291,179,112,263,152,111,2115,1362,753,181,83,98,2296,1445,851,2016
------,Straftaten insgesamt,6411000,Darmstadt,insg.,1596,960,636,22,13,9,63,30,33,85,43,42,135,74,61,143,74,69,1142,711,431,91,58,33,1233,769,464,2016
------,Straftaten insgesamt,5913000,Dortmund,insg.,12303,7614,4689,73,40,33,519,323,196,592,363,229,896,524,372,1043,621,422,9187,5767,3420,585,339,246,9772,6106,3666,2016
------,Straftaten insgesamt,14612000,Dresden,insg.,6711,4447,2264,85,40,45,356,176,180,441,216,225,394,226,168,539,359,180,4982,3439,1543,355,207,148,5337,3646,1691,2016
------,Straftaten insgesamt,5112000,Duisburg,insg.,8832,4898,3934,62,32,30,537,331,206,599,363,236,711,398,313,665,359,306,6361,3521,2840,496,257,239,6857,3778,3079,2016
------,Straftaten insgesamt,5111000,Duesseldorf,insg.,10219,6421,3798,34,18,16,403,216,187,437,234,203,638,342,296,886,550,336,7683,4992,2691,575,303,272,8258,5295,2963,2016
------,Straftaten insgesamt,16051000,Erfurt,insg.,4328,2725,1603,56,24,32,274,153,121,330,177,153,345,210,135,383,275,108,3050,1950,1100,220,113,107,3270,2063,1207,2016
------,Straftaten insgesamt,9562000,Erlangen,insg.,1166,793,373,11,3,8,52,32,20,63,35,28,102,69,33,146,104,42,809,559,250,46,26,20,855,585,270,2016
------,Straftaten insgesamt,5113000,Essen,insg.,7558,4202,3356,59,36,23,432,242,190,491,278,213,607,311,296,638,340,298,5397,3044,2353,425,229,196,5822,3273,2549,2016
------,Straftaten insgesamt,6412000,Frankfurt am Main,insg.,11881,7577,4304,66,43,23,401,212,189,467,255,212,554,300,254,885,570,315,9296,6065,3231,679,387,292,9975,6452,3523,2016
------,Straftaten insgesamt,8311000,Freiburg im Breisgau,insg.,4684,3141,1543,43,27,16,215,115,100,258,142,116,355,227,128,523,353,170,3334,2288,1046,214,131,83,3548,2419,1129,2016
------,Straftaten insgesamt,9563000,Fuerth,insg.,997,560,437,9,1,8,69,35,34,78,36,42,99,43,56,60,37,23,706,414,292,54,30,24,760,444,316,2016
------,Straftaten insgesamt,5513000,Gelsenkirchen,insg.,4801,2657,2144,38,26,12,269,169,100,307,195,112,421,239,182,378,198,180,3423,1881,1542,272,144,128,3695,2025,1670,2016
------,Straftaten insgesamt,3152012,Goettingen,insg.,2480,1582,898,20,11,9,99,63,36,119,74,45,188,136,52,267,189,78,1779,1104,675,127,79,48,1906,1183,723,2016
------,Straftaten insgesamt,5914000,Hagen,insg.,2847,1620,1227,9,7,2,153,78,75,162,85,77,215,125,90,253,147,106,2077,1185,892,140,78,62,2217,1263,954,2016
------,Straftaten insgesamt,15002000,Halle (Saale),insg.,4520,2808,1712,48,21,27,323,150,173,371,171,200,351,224,127,327,204,123,3228,2073,1155,243,136,107,3471,2209,1262,2016
------,Straftaten insgesamt,2000000,Hamburg,insg.,35624,22356,13268,262,144,118,1919,1242,677,2181,1386,795,2694,1628,1066,2935,1892,1043,25930,16331,9599,1884,1119,765,27814,17450,10364,2016
------,Straftaten insgesamt,5915000,Hamm,insg.,2510,1458,1052,11,7,4,122,69,53,133,76,57,203,98,105,208,134,74,1835,1073,762,131,77,54,1966,1150,816,2016
------,Straftaten insgesamt,3241001,Hannover,insg.,12991,8431,4560,102,48,54,537,272,265,639,320,319,795,423,372,1190,765,425,9835,6606,3229,532,317,215,10367,6923,3444,2016
------,Straftaten insgesamt,8221000,Heidelberg,insg.,2247,1527,720,16,11,5,81,45,36,97,56,41,130,80,50,233,177,56,1657,1137,520,130,77,53,1787,1214,573,2016
------,Straftaten insgesamt,8121000,Heilbronn,insg.,1468,884,584,10,7,3,49,21,28,59,28,31,129,75,54,160,101,59,1057,644,413,63,36,27,1120,680,440,2016
------,Straftaten insgesamt,5916000,Herne,insg.,2626,1411,1215,18,11,7,142,85,57,160,96,64,234,116,118,212,116,96,1865,1007,858,155,76,79,2020,1083,937,2016
------,Straftaten insgesamt,3254021,Hildesheim,insg.,2203,1263,940,19,10,9,108,50,58,127,60,67,176,89,87,211,109,102,1593,954,639,96,51,45,1689,1005,684,2016
------,Straftaten insgesamt,9161000,Ingolstadt,insg.,2288,1552,736,14,6,8,97,55,42,111,61,50,216,134,82,253,185,68,1600,1114,486,108,58,50,1708,1172,536,2016
------,Straftaten insgesamt,16053000,Jena,insg.,1447,948,499,23,13,10,75,45,30,98,58,40,95,54,41,104,71,33,1072,720,352,78,45,33,1150,765,385,2016
------,Straftaten insgesamt,8212000,Karlsruhe,insg.,3828,2496,1332,28,12,16,141,75,66,169,87,82,252,153,99,348,231,117,2833,1888,945,226,137,89,3059,2025,1034,2016
------,Straftaten insgesamt,6611000,Kassel,insg.,2916,1706,1210,19,9,10,135,77,58,154,86,68,172,88,84,278,156,122,2177,1312,865,135,64,71,2312,1376,936,2016
------,Straftaten insgesamt,1002000,Kiel,insg.,4553,2912,1641,30,16,14,183,104,79,213,120,93,331,202,129,431,279,152,3372,2174,1198,206,137,69,3578,2311,1267,2016
------,Straftaten insgesamt,7111000,Koblenz,insg.,2246,1456,790,12,7,5,78,40,38,90,47,43,167,114,53,223,140,83,1657,1086,571,109,69,40,1766,1155,611,2016
------,Straftaten insgesamt,5315000,Koeln,insg.,25605,15503,10102,155,85,70,1035,624,411,1190,709,481,1540,843,697,2116,1196,920,19554,12060,7494,1205,695,510,20759,12755,8004,2016
------,Straftaten insgesamt,5114000,Krefeld,insg.,3697,2014,1683,30,17,13,194,102,92,224,119,105,261,135,126,314,182,132,2655,1447,1208,243,131,112,2898,1578,1320,2016
------,Straftaten insgesamt,14713000,Leipzig,insg.,9373,5951,3422,107,60,47,459,231,228,566,291,275,617,319,298,620,388,232,7078,4680,2398,492,273,219,7570,4953,2617,2016
------,Straftaten insgesamt,5316000,Leverkusen,insg.,2913,1654,1259,14,7,7,148,83,65,162,90,72,237,129,108,234,123,111,2120,1220,900,160,92,68,2280,1312,968,2016
------,Straftaten insgesamt,1003000,Luebeck,insg.,5102,3253,1849,27,14,13,251,145,106,278,159,119,389,215,174,388,253,135,3784,2474,1310,263,152,111,4047,2626,1421,2016
------,Straftaten insgesamt,7314000,Ludwigshafen am Rhein,insg.,3853,2218,1635,48,22,26,315,181,134,363,203,160,316,175,141,329,197,132,2637,1523,1114,208,120,88,2845,1643,1202,2016
------,Straftaten insgesamt,15003000,Magdeburg,insg.,3907,2290,1617,50,25,25,206,105,101,256,130,126,273,155,118,289,157,132,2866,1710,1156,223,138,85,3089,1848,1241,2016
------,Straftaten insgesamt,7315000,Mainz,insg.,3926,2531,1395,29,22,7,141,82,59,170,104,66,286,185,101,381,278,103,2925,1859,1066,164,105,59,3089,1964,1125,2016
------,Straftaten insgesamt,8222000,Mannheim,insg.,4935,3068,1867,54,36,18,206,122,84,260,158,102,259,160,99,399,248,151,3733,2353,1380,284,149,135,4017,2502,1515,2016
------,Straftaten insgesamt,5170024,Moers,insg.,1546,897,649,4,2,2,130,76,54,134,78,56,163,94,69,148,93,55,1005,580,425,96,52,44,1101,632,469,2016
------,Straftaten insgesamt,5116000,Moenchengladbach,insg.,3717,2041,1676,25,14,11,176,96,80,201,110,91,336,190,146,366,196,170,2612,1435,1177,202,110,92,2814,1545,1269,2016
------,Straftaten insgesamt,5117000,Muelheim an der Ruhr,insg.,1838,958,880,13,5,8,127,83,44,140,88,52,143,73,70,129,74,55,1291,652,639,135,71,64,1426,723,703,2016
------,Straftaten insgesamt,9162000,Muenchen,insg.,18493,12306,6187,193,95,98,609,343,266,802,438,364,1020,643,377,1495,1022,473,14197,9629,4568,979,574,405,15176,10203,4973,2016
------,Straftaten insgesamt,5515000,Muenster,insg.,4468,2629,1839,29,14,15,209,125,84,238,139,99,304,173,131,393,230,163,3315,1970,1345,218,117,101,3533,2087,1446,2016
------,Straftaten insgesamt,5162024,Neuss,insg.,2153,1219,934,11,5,6,91,54,37,102,59,43,163,93,70,223,141,82,1541,861,680,124,65,59,1665,926,739,2016
------,Straftaten insgesamt,9564000,Nuernberg,insg.,8593,5552,3041,71,44,27,303,182,121,374,226,148,605,375,230,874,567,307,6367,4173,2194,373,211,162,6740,4384,2356,2016
------,Straftaten insgesamt,5119000,Oberhausen,insg.,2815,1558,1257,27,14,13,176,100,76,203,114,89,249,138,111,242,155,87,1947,1060,887,174,91,83,2121,1151,970,2016
------,Straftaten insgesamt,6413000,Offenbach am Main,insg.,1373,717,656,18,7,11,67,41,26,85,48,37,98,56,42,102,41,61,1025,535,490,63,37,26,1088,572,516,2016
------,Straftaten insgesamt,3403000,Oldenburg (Oldenburg),insg.,2215,1337,878,17,12,5,109,57,52,126,69,57,198,118,80,247,143,104,1528,937,591,116,70,46,1644,1007,637,2016
------,Straftaten insgesamt,3404000,Osnabrueck,insg.,3108,1937,1171,33,17,16,99,41,58,132,58,74,205,115,90,303,193,110,2321,1483,838,147,88,59,2468,1571,897,2016
------,Straftaten insgesamt,5774032,Paderborn,insg.,2101,1229,872,5,5,0,85,43,42,90,48,42,124,77,47,220,124,96,1566,922,644,101,58,43,1667,980,687,2016
------,Straftaten insgesamt,8231000,Pforzheim,insg.,1811,1114,697,16,13,3,114,72,42,130,85,45,141,89,52,139,80,59,1276,800,476,125,60,65,1401,860,541,2016
------,Straftaten insgesamt,12054000,Potsdam,insg.,1997,1222,775,20,11,9,136,88,48,156,99,57,168,119,49,138,87,51,1404,843,561,131,74,57,1535,917,618,2016
------,Straftaten insgesamt,5562032,Recklinghausen,insg.,2450,1396,1054,25,14,11,97,59,38,122,73,49,266,163,103,206,122,84,1723,956,767,133,82,51,1856,1038,818,2016
------,Straftaten insgesamt,9362000,Regensburg,insg.,2460,1668,792,14,4,10,79,41,38,93,45,48,174,117,57,285,208,77,1816,1245,571,92,53,39,1908,1298,610,2016
------,Straftaten insgesamt,5120000,Remscheid,insg.,1638,861,777,16,10,6,99,47,52,115,57,58,159,65,94,155,79,76,1122,609,513,87,51,36,1209,660,549,2016
------,Straftaten insgesamt,8415061,Reutlingen,insg.,1446,883,563,10,6,4,55,32,23,65,38,27,147,84,63,152,109,43,1019,615,404,63,37,26,1082,652,430,2016
------,Straftaten insgesamt,13003000,Rostock,insg.,2755,1712,1043,47,24,23,204,109,95,251,133,118,229,136,93,172,100,72,1946,1258,688,157,85,72,2103,1343,760,2016
------,Straftaten insgesamt,10041100,Saarbruecken,insg.,4639,2743,1896,32,18,14,208,121,87,240,139,101,325,175,150,476,288,188,3360,2009,1351,238,132,106,3598,2141,1457,2016
------,Straftaten insgesamt,3102000,Salzgitter,insg.,1443,795,648,27,12,15,102,59,43,129,71,58,131,73,58,121,68,53,979,539,440,83,44,39,1062,583,479,2016
------,Straftaten insgesamt,13004000,Schwerin,insg.,1520,941,579,15,6,9,159,97,62,174,103,71,147,98,49,97,63,34,1009,629,380,93,48,45,1102,677,425,2016
------,Straftaten insgesamt,5970040,Siegen,insg.,1918,1146,772,15,14,1,94,62,32,109,76,33,148,93,55,197,118,79,1361,802,559,103,57,46,1464,859,605,2016
------,Straftaten insgesamt,5122000,Solingen,insg.,1933,1092,841,15,6,9,108,65,43,123,71,52,163,94,69,187,115,72,1360,755,605,100,57,43,1460,812,648,2016
------,Straftaten insgesamt,8111000,Stuttgart,insg.,12300,8157,4143,105,63,42,498,270,228,603,333,270,737,415,322,1062,723,339,9373,6392,2981,525,294,231,9898,6686,3212,2016
------,Straftaten insgesamt,7211000,Trier,insg.,2131,1398,733,17,12,5,96,48,48,113,60,53,223,147,76,246,169,77,1447,954,493,102,68,34,1549,1022,527,2016
------,Straftaten insgesamt,8421000,Ulm,insg.,1821,1175,646,8,5,3,83,37,46,91,42,49,149,83,66,189,122,67,1310,876,434,82,52,30,1392,928,464,2016
------,Straftaten insgesamt,6414000,Wiesbaden,insg.,4114,2354,1760,41,20,21,174,93,81,215,113,102,368,222,146,409,236,173,2890,1660,1230,232,123,109,3122,1783,1339,2016
------,Straftaten insgesamt,3103000,Wolfsburg,insg.,1498,907,591,25,17,8,72,42,30,97,59,38,122,84,38,147,98,49,1061,630,431,71,36,35,1132,666,466,2016
------,Straftaten insgesamt,5124000,Wuppertal,insg.,6871,3955,2916,36,21,15,363,214,149,399,235,164,564,313,251,599,327,272,4967,2893,2074,342,187,155,5309,3080,2229,2016
------,Straftaten insgesamt,9663000,Wuerzburg,insg.,1927,1299,628,18,12,6,45,26,19,63,38,25,176,111,65,234,143,91,1362,951,411,92,56,36,1454,1007,447,2016
111000,"Vergewaltigung und sexuelle Noetigung    177 Abs. 2, 3 und 4, 178 StGB",5334002,Aachen,voll.,29,2,27,0,0,0,0,0,0,0,0,0,8,0,8,2,0,2,18,2,16,1,0,1,19,2,17,2016
111000,"Vergewaltigung und sexuelle Noetigung    177 Abs. 2, 3 und 4, 178 StGB",9761000,Augsburg,voll.,21,1,20,0,0,0,1,0,1,1,0,1,3,0,3,3,0,3,13,1,12,1,0,1,14,1,13,2016
111000,"Vergewaltigung und sexuelle Noetigung    177 Abs. 2, 3 und 4, 178 StGB",5378004,Bergisch Gladbach,voll.,2,0,2,0,0,0,0,0,0,0,0,0,0,0,0,1,0,1,1,0,1,0,0,0,1,0,1,2016
111000,"Vergewaltigung und sexuelle Noetigung    177 Abs. 2, 3 und 4, 178 StGB",11000000,Berlin,voll.,495,51,444,0,0,0,10,2,8,10,2,8,83,4,79,73,2,71,323,43,280,6,0,6,329,43,286,2016
111000,"Vergewaltigung und sexuelle Noetigung    177 Abs. 2, 3 und 4, 178 StGB",5711000,Bielefeld,voll.,25,1,24,0,0,0,0,0,0,0,0,0,6,1,5,6,0,6,13,0,13,0,0,0,13,0,13,2016
111000,"Vergewaltigung und sexuelle Noetigung    177 Abs. 2, 3 und 4, 178 StGB",5911000,Bochum,voll.,39,2,37,0,0,0,0,0,0,0,0,0,6,1,5,6,1,5,27,0,27,0,0,0,27,0,27,2016
111000,"Vergewaltigung und sexuelle Noetigung    177 Abs. 2, 3 und 4, 178 StGB",5314000,Bonn,voll.,53,1,52,0,0,0,2,1,1,2,1,1,8,0,8,9,0,9,34,0,34,0,0,0,34,0,34,2016
111000,"Vergewaltigung und sexuelle Noetigung    177 Abs. 2, 3 und 4, 178 StGB",5512000,Bottrop,voll.,10,0,10,0,0,0,0,0,0,0,0,0,3,0,3,2,0,2,4,0,4,1,0,1,5,0,5,2016
111000,"Vergewaltigung und sexuelle Noetigung    177 Abs. 2, 3 und 4, 178 StGB",3101000,Braunschweig,voll.,42,0,42,0,0,0,0,0,0,0,0,0,8,0,8,6,0,6,28,0,28,0,0,0,28,0,28,2016
111000,"Vergewaltigung und sexuelle Noetigung    177 Abs. 2, 3 und 4, 178 StGB",4011000,Bremen,voll.,99,5,94,0,0,0,0,0,0,0,0,0,12,1,11,16,0,16,69,4,65,2,0,2,71,4,67,2016
111000,"Vergewaltigung und sexuelle Noetigung    177 Abs. 2, 3 und 4, 178 StGB",4012000,Bremerhaven,voll.,26,0,26,0,0,0,0,0,0,0,0,0,10,0,10,6,0,6,10,0,10,0,0,0,10,0,10,2016
111000,"Vergewaltigung und sexuelle Noetigung    177 Abs. 2, 3 und 4, 178 StGB",14511000,Chemnitz,voll.,11,0,11,0,0,0,0,0,0,0,0,0,3,0,3,0,0,0,8,0,8,0,0,0,8,0,8,2016
111000,"Vergewaltigung und sexuelle Noetigung    177 Abs. 2, 3 und 4, 178 StGB",6411000,Darmstadt,voll.,18,0,18,0,0,0,1,0,1,1,0,1,2,0,2,3,0,3,12,0,12,0,0,0,12,0,12,2016
111000,"Vergewaltigung und sexuelle Noetigung    177 Abs. 2, 3 und 4, 178 StGB",5913000,Dortmund,voll.,87,4,83,1,1,0,2,0,2,3,1,2,20,2,18,13,0,13,51,1,50,0,0,0,51,1,50,2016
111000,"Vergewaltigung und sexuelle Noetigung    177 Abs. 2, 3 und 4, 178 StGB",14612000,Dresden,voll.,12,1,11,0,0,0,0,0,0,0,0,0,2,1,1,2,0,2,8,0,8,0,0,0,8,0,8,2016
111000,"Vergewaltigung und sexuelle Noetigung    177 Abs. 2, 3 und 4, 178 StGB",5112000,Duisburg,voll.,52,2,50,0,0,0,1,0,1,1,0,1,16,0,16,8,2,6,27,0,27,0,0,0,27,0,27,2016
111000,"Vergewaltigung und sexuelle Noetigung    177 Abs. 2, 3 und 4, 178 StGB",5111000,Duesseldorf,voll.,71,2,69,1,1,0,4,0,4,5,1,4,12,0,12,19,0,19,34,1,33,1,0,1,35,1,34,2016
111000,"Vergewaltigung und sexuelle Noetigung    177 Abs. 2, 3 und 4, 178 StGB",16051000,Erfurt,voll.,22,2,20,0,0,0,0,0,0,0,0,0,6,0,6,3,0,3,13,2,11,0,0,0,13,2,11,2016
111000,"Vergewaltigung und sexuelle Noetigung    177 Abs. 2, 3 und 4, 178 StGB",9562000,Erlangen,voll.,12,0,12,0,0,0,2,0,2,2,0,2,0,0,0,3,0,3,7,0,7,0,0,0,7,0,7,2016
111000,"Vergewaltigung und sexuelle Noetigung    177 Abs. 2, 3 und 4, 178 StGB",5113000,Essen,voll.,92,9,83,0,0,0,4,1,3,4,1,3,22,2,20,18,3,15,44,2,42,4,1,3,48,3,45,2016
111000,"Vergewaltigung und sexuelle Noetigung    177 Abs. 2, 3 und 4, 178 StGB",6412000,Frankfurt am Main,voll.,58,1,57,0,0,0,2,0,2,2,0,2,9,0,9,6,0,6,41,1,40,0,0,0,41,1,40,2016
111000,"Vergewaltigung und sexuelle Noetigung    177 Abs. 2, 3 und 4, 178 StGB",8311000,Freiburg im Breisgau,voll.,17,1,16,0,0,0,1,0,1,1,0,1,2,0,2,3,0,3,9,1,8,2,0,2,11,1,10,2016
111000,"Vergewaltigung und sexuelle Noetigung    177 Abs. 2, 3 und 4, 178 StGB",9563000,Fuerth,voll.,10,0,10,0,0,0,0,0,0,0,0,0,3,0,3,0,0,0,7,0,7,0,0,0,7,0,7,2016
111000,"Vergewaltigung und sexuelle Noetigung    177 Abs. 2, 3 und 4, 178 StGB",5513000,Gelsenkirchen,voll.,35,1,34,0,0,0,0,0,0,0,0,0,6,1,5,7,0,7,21,0,21,1,0,1,22,0,22,2016
111000,"Vergewaltigung und sexuelle Noetigung    177 Abs. 2, 3 und 4, 178 StGB",3152012,Goettingen,voll.,13,2,11,0,0,0,0,0,0,0,0,0,1,1,0,0,0,0,12,1,11,0,0,0,12,1,11,2016
111000,"Vergewaltigung und sexuelle Noetigung    177 Abs. 2, 3 und 4, 178 StGB",5914000,Hagen,voll.,23,2,21,0,0,0,4,0,4,4,0,4,5,0,5,4,1,3,10,1,9,0,0,0,10,1,9,2016
111000,"Vergewaltigung und sexuelle Noetigung    177 Abs. 2, 3 und 4, 178 StGB",15002000,Halle (Saale),voll.,24,1,23,0,0,0,0,0,0,0,0,0,5,0,5,3,1,2,16,0,16,0,0,0,16,0,16,2016
111000,"Vergewaltigung und sexuelle Noetigung    177 Abs. 2, 3 und 4, 178 StGB",2000000,Hamburg,voll.,164,2,162,0,0,0,2,0,2,2,0,2,19,0,19,44,0,44,96,2,94,3,0,3,99,2,97,2016
111000,"Vergewaltigung und sexuelle Noetigung    177 Abs. 2, 3 und 4, 178 StGB",5915000,Hamm,voll.,18,1,17,0,0,0,3,1,2,3,1,2,3,0,3,3,0,3,9,0,9,0,0,0,9,0,9,2016
111000,"Vergewaltigung und sexuelle Noetigung    177 Abs. 2, 3 und 4, 178 StGB",3241001,Hannover,voll.,58,2,56,0,0,0,3,0,3,3,0,3,10,0,10,6,0,6,38,2,36,1,0,1,39,2,37,2016
111000,"Vergewaltigung und sexuelle Noetigung    177 Abs. 2, 3 und 4, 178 StGB",8221000,Heidelberg,voll.,13,0,13,0,0,0,0,0,0,0,0,0,1,0,1,5,0,5,6,0,6,1,0,1,7,0,7,2016
111000,"Vergewaltigung und sexuelle Noetigung    177 Abs. 2, 3 und 4, 178 StGB",8121000,Heilbronn,voll.,8,1,7,0,0,0,0,0,0,0,0,0,2,1,1,2,0,2,4,0,4,0,0,0,4,0,4,2016
111000,"Vergewaltigung und sexuelle Noetigung    177 Abs. 2, 3 und 4, 178 StGB",5916000,Herne,voll.,19,2,17,0,0,0,0,0,0,0,0,0,10,1,9,3,0,3,6,1,5,0,0,0,6,1,5,2016
111000,"Vergewaltigung und sexuelle Noetigung    177 Abs. 2, 3 und 4, 178 StGB",3254021,Hildesheim,voll.,19,4,15,0,0,0,0,0,0,0,0,0,7,2,5,5,2,3,7,0,7,0,0,0,7,0,7,2016
111000,"Vergewaltigung und sexuelle Noetigung    177 Abs. 2, 3 und 4, 178 StGB",9161000,Ingolstadt,voll.,18,2,16,0,0,0,1,0,1,1,0,1,5,1,4,4,0,4,8,1,7,0,0,0,8,1,7,2016
111000,"Vergewaltigung und sexuelle Noetigung    177 Abs. 2, 3 und 4, 178 StGB",16053000,Jena,voll.,7,0,7,0,0,0,0,0,0,0,0,0,0,0,0,0,0,0,7,0,7,0,0,0,7,0,7,2016
111000,"Vergewaltigung und sexuelle Noetigung    177 Abs. 2, 3 und 4, 178 StGB",8212000,Karlsruhe,voll.,21,1,20,0,0,0,1,0,1,1,0,1,4,0,4,2,1,1,14,0,14,0,0,0,14,0,14,2016
111000,"Vergewaltigung und sexuelle Noetigung    177 Abs. 2, 3 und 4, 178 StGB",6611000,Kassel,voll.,37,2,35,0,0,0,0,0,0,0,0,0,6,1,5,8,1,7,23,0,23,0,0,0,23,0,23,2016
111000,"Vergewaltigung und sexuelle Noetigung    177 Abs. 2, 3 und 4, 178 StGB",1002000,Kiel,voll.,36,2,34,0,0,0,0,0,0,0,0,0,4,1,3,7,0,7,24,1,23,1,0,1,25,1,24,2016
111000,"Vergewaltigung und sexuelle Noetigung    177 Abs. 2, 3 und 4, 178 StGB",7111000,Koblenz,voll.,13,0,13,0,0,0,0,0,0,0,0,0,3,0,3,1,0,1,9,0,9,0,0,0,9,0,9,2016
111000,"Vergewaltigung und sexuelle Noetigung    177 Abs. 2, 3 und 4, 178 StGB",5315000,Koeln,voll.,427,43,384,0,0,0,1,1,0,1,1,0,56,3,53,123,9,114,245,30,215,2,0,2,247,30,217,2016
111000,"Vergewaltigung und sexuelle Noetigung    177 Abs. 2, 3 und 4, 178 StGB",5114000,Krefeld,voll.,29,1,28,0,0,0,0,0,0,0,0,0,9,0,9,5,0,5,15,1,14,0,0,0,15,1,14,2016
111000,"Vergewaltigung und sexuelle Noetigung    177 Abs. 2, 3 und 4, 178 StGB",14713000,Leipzig,voll.,27,2,25,0,0,0,0,0,0,0,0,0,3,0,3,5,0,5,17,2,15,2,0,2,19,2,17,2016
111000,"Vergewaltigung und sexuelle Noetigung    177 Abs. 2, 3 und 4, 178 StGB",5316000,Leverkusen,voll.,21,1,20,1,0,1,0,0,0,1,0,1,3,0,3,4,0,4,13,1,12,0,0,0,13,1,12,2016
111000,"Vergewaltigung und sexuelle Noetigung    177 Abs. 2, 3 und 4, 178 StGB",1003000,Luebeck,voll.,26,1,25,0,0,0,1,0,1,1,0,1,0,0,0,6,0,6,19,1,18,0,0,0,19,1,18,2016
111000,"Vergewaltigung und sexuelle Noetigung    177 Abs. 2, 3 und 4, 178 StGB",7314000,Ludwigshafen am Rhein,voll.,33,0,33,0,0,0,0,0,0,0,0,0,7,0,7,5,0,5,21,0,21,0,0,0,21,0,21,2016
111000,"Vergewaltigung und sexuelle Noetigung    177 Abs. 2, 3 und 4, 178 StGB",15003000,Magdeburg,voll.,37,3,34,0,0,0,1,1,0,1,1,0,6,1,5,4,0,4,25,1,24,1,0,1,26,1,25,2016
111000,"Vergewaltigung und sexuelle Noetigung    177 Abs. 2, 3 und 4, 178 StGB",7315000,Mainz,voll.,25,1,24,0,0,0,0,0,0,0,0,0,3,0,3,1,0,1,21,1,20,0,0,0,21,1,20,2016
111000,"Vergewaltigung und sexuelle Noetigung    177 Abs. 2, 3 und 4, 178 StGB",8222000,Mannheim,voll.,37,1,36,0,0,0,1,0,1,1,0,1,5,1,4,4,0,4,27,0,27,0,0,0,27,0,27,2016
111000,"Vergewaltigung und sexuelle Noetigung    177 Abs. 2, 3 und 4, 178 StGB",5170024,Moers,voll.,4,0,4,0,0,0,0,0,0,0,0,0,1,0,1,2,0,2,1,0,1,0,0,0,1,0,1,2016
111000,"Vergewaltigung und sexuelle Noetigung    177 Abs. 2, 3 und 4, 178 StGB",5116000,Moenchengladbach,voll.,33,1,32,0,0,0,1,0,1,1,0,1,11,0,11,4,0,4,17,1,16,0,0,0,17,1,16,2016
111000,"Vergewaltigung und sexuelle Noetigung    177 Abs. 2, 3 und 4, 178 StGB",5117000,Muelheim an der Ruhr,voll.,21,1,20,0,0,0,1,0,1,1,0,1,4,0,4,2,0,2,14,1,13,0,0,0,14,1,13,2016
111000,"Vergewaltigung und sexuelle Noetigung    177 Abs. 2, 3 und 4, 178 StGB",9162000,Muenchen,voll.,139,6,133,1,0,1,2,0,2,3,0,3,22,4,18,20,1,19,91,1,90,3,0,3,94,1,93,2016
111000,"Vergewaltigung und sexuelle Noetigung    177 Abs. 2, 3 und 4, 178 StGB",5515000,Muenster,voll.,27,1,26,0,0,0,1,0,1,1,0,1,4,0,4,5,1,4,17,0,17,0,0,0,17,0,17,2016
111000,"Vergewaltigung und sexuelle Noetigung    177 Abs. 2, 3 und 4, 178 StGB",5162024,Neuss,voll.,8,1,7,0,0,0,1,0,1,1,0,1,2,0,2,0,0,0,5,1,4,0,0,0,5,1,4,2016
111000,"Vergewaltigung und sexuelle Noetigung    177 Abs. 2, 3 und 4, 178 StGB",9564000,Nuernberg,voll.,44,0,44,0,0,0,0,0,0,0,0,0,9,0,9,8,0,8,26,0,26,1,0,1,27,0,27,2016
111000,"Vergewaltigung und sexuelle Noetigung    177 Abs. 2, 3 und 4, 178 StGB",5119000,Oberhausen,voll.,26,0,26,0,0,0,2,0,2,2,0,2,7,0,7,5,0,5,12,0,12,0,0,0,12,0,12,2016
111000,"Vergewaltigung und sexuelle Noetigung    177 Abs. 2, 3 und 4, 178 StGB",6413000,Offenbach am Main,voll.,17,1,16,0,0,0,1,0,1,1,0,1,2,0,2,5,0,5,9,1,8,0,0,0,9,1,8,2016
111000,"Vergewaltigung und sexuelle Noetigung    177 Abs. 2, 3 und 4, 178 StGB",3403000,Oldenburg (Oldenburg),voll.,26,0,26,0,0,0,0,0,0,0,0,0,5,0,5,10,0,10,11,0,11,0,0,0,11,0,11,2016
111000,"Vergewaltigung und sexuelle Noetigung    177 Abs. 2, 3 und 4, 178 StGB",3404000,Osnabrueck,voll.,27,0,27,0,0,0,1,0,1,1,0,1,6,0,6,4,0,4,15,0,15,1,0,1,16,0,16,2016
111000,"Vergewaltigung und sexuelle Noetigung    177 Abs. 2, 3 und 4, 178 StGB",5774032,Paderborn,voll.,24,1,23,0,0,0,0,0,0,0,0,0,4,1,3,5,0,5,14,0,14,1,0,1,15,0,15,2016
111000,"Vergewaltigung und sexuelle Noetigung    177 Abs. 2, 3 und 4, 178 StGB",8231000,Pforzheim,voll.,13,2,11,0,0,0,0,0,0,0,0,0,4,1,3,3,0,3,6,1,5,0,0,0,6,1,5,2016
111000,"Vergewaltigung und sexuelle Noetigung    177 Abs. 2, 3 und 4, 178 StGB",12054000,Potsdam,voll.,12,1,11,0,0,0,0,0,0,0,0,0,1,0,1,1,0,1,10,1,9,0,0,0,10,1,9,2016
111000,"Vergewaltigung und sexuelle Noetigung    177 Abs. 2, 3 und 4, 178 StGB",5562032,Recklinghausen,voll.,11,0,11,0,0,0,0,0,0,0,0,0,6,0,6,2,0,2,3,0,3,0,0,0,3,0,3,2016
111000,"Vergewaltigung und sexuelle Noetigung    177 Abs. 2, 3 und 4, 178 StGB",9362000,Regensburg,voll.,10,1,9,0,0,0,2,0,2,2,0,2,1,0,1,1,0,1,6,1,5,0,0,0,6,1,5,2016
111000,"Vergewaltigung und sexuelle Noetigung    177 Abs. 2, 3 und 4, 178 StGB",5120000,Remscheid,voll.,9,1,8,0,0,0,0,0,0,0,0,0,3,1,2,1,0,1,3,0,3,2,0,2,5,0,5,2016
111000,"Vergewaltigung und sexuelle Noetigung    177 Abs. 2, 3 und 4, 178 StGB",8415061,Reutlingen,voll.,9,2,7,0,0,0,0,0,0,0,0,0,1,1,0,1,0,1,7,1,6,0,0,0,7,1,6,2016
111000,"Vergewaltigung und sexuelle Noetigung    177 Abs. 2, 3 und 4, 178 StGB",13003000,Rostock,voll.,10,1,9,0,0,0,0,0,0,0,0,0,2,0,2,1,0,1,6,1,5,1,0,1,7,1,6,2016
111000,"Vergewaltigung und sexuelle Noetigung    177 Abs. 2, 3 und 4, 178 StGB",10041100,Saarbruecken,voll.,17,1,16,0,0,0,0,0,0,0,0,0,0,0,0,3,0,3,14,1,13,0,0,0,14,1,13,2016
111000,"Vergewaltigung und sexuelle Noetigung    177 Abs. 2, 3 und 4, 178 StGB",3102000,Salzgitter,voll.,15,0,15,0,0,0,0,0,0,0,0,0,7,0,7,0,0,0,8,0,8,0,0,0,8,0,8,2016
111000,"Vergewaltigung und sexuelle Noetigung    177 Abs. 2, 3 und 4, 178 StGB",13004000,Schwerin,voll.,3,0,3,0,0,0,0,0,0,0,0,0,1,0,1,0,0,0,2,0,2,0,0,0,2,0,2,2016
111000,"Vergewaltigung und sexuelle Noetigung    177 Abs. 2, 3 und 4, 178 StGB",5970040,Siegen,voll.,6,0,6,0,0,0,0,0,0,0,0,0,1,0,1,0,0,0,5,0,5,0,0,0,5,0,5,2016
111000,"Vergewaltigung und sexuelle Noetigung    177 Abs. 2, 3 und 4, 178 StGB",5122000,Solingen,voll.,12,0,12,0,0,0,0,0,0,0,0,0,5,0,5,3,0,3,4,0,4,0,0,0,4,0,4,2016
111000,"Vergewaltigung und sexuelle Noetigung    177 Abs. 2, 3 und 4, 178 StGB",8111000,Stuttgart,voll.,93,7,86,2,0,2,0,0,0,2,0,2,12,0,12,18,1,17,56,6,50,5,0,5,61,6,55,2016
111000,"Vergewaltigung und sexuelle Noetigung    177 Abs. 2, 3 und 4, 178 StGB",7211000,Trier,voll.,10,0,10,0,0,0,0,0,0,0,0,0,1,0,1,2,0,2,7,0,7,0,0,0,7,0,7,2016
111000,"Vergewaltigung und sexuelle Noetigung    177 Abs. 2, 3 und 4, 178 StGB",8421000,Ulm,voll.,13,0,13,0,0,0,1,0,1,1,0,1,2,0,2,4,0,4,6,0,6,0,0,0,6,0,6,2016
111000,"Vergewaltigung und sexuelle Noetigung    177 Abs. 2, 3 und 4, 178 StGB",6414000,Wiesbaden,voll.,22,1,21,0,0,0,0,0,0,0,0,0,3,0,3,4,0,4,15,1,14,0,0,0,15,1,14,2016
111000,"Vergewaltigung und sexuelle Noetigung    177 Abs. 2, 3 und 4, 178 StGB",3103000,Wolfsburg,voll.,16,4,12,0,0,0,1,1,0,1,1,0,2,1,1,2,1,1,11,1,10,0,0,0,11,1,10,2016
111000,"Vergewaltigung und sexuelle Noetigung    177 Abs. 2, 3 und 4, 178 StGB",5124000,Wuppertal,voll.,43,1,42,0,0,0,2,0,2,2,0,2,10,1,9,7,0,7,22,0,22,2,0,2,24,0,24,2016
111000,"Vergewaltigung und sexuelle Noetigung    177 Abs. 2, 3 und 4, 178 StGB",9663000,Wuerzburg,voll.,11,1,10,0,0,0,0,0,0,0,0,0,3,1,2,0,0,0,8,0,8,0,0,0,8,0,8,2016
111000,"Vergewaltigung und sexuelle Noetigung    177 Abs. 2, 3 und 4, 178 StGB",5334002,Aachen,vers.,10,0,10,0,0,0,0,0,0,0,0,0,2,0,2,4,0,4,4,0,4,0,0,0,4,0,4,2016
111000,"Vergewaltigung und sexuelle Noetigung    177 Abs. 2, 3 und 4, 178 StGB",9761000,Augsburg,vers.,2,0,2,0,0,0,0,0,0,0,0,0,0,0,0,0,0,0,2,0,2,0,0,0,2,0,2,2016
111000,"Vergewaltigung und sexuelle Noetigung    177 Abs. 2, 3 und 4, 178 StGB",5378004,Bergisch Gladbach,vers.,0,0,0,0,0,0,0,0,0,0,0,0,0,0,0,0,0,0,0,0,0,0,0,0,0,0,0,2016
111000,"Vergewaltigung und sexuelle Noetigung    177 Abs. 2, 3 und 4, 178 StGB",11000000,Berlin,vers.,92,4,88,0,0,0,0,0,0,0,0,0,12,0,12,11,1,10,66,3,63,3,0,3,69,3,66,2016
111000,"Vergewaltigung und sexuelle Noetigung    177 Abs. 2, 3 und 4, 178 StGB",5711000,Bielefeld,vers.,12,0,12,0,0,0,0,0,0,0,0,0,2,0,2,0,0,0,10,0,10,0,0,0,10,0,10,2016
111000,"Vergewaltigung und sexuelle Noetigung    177 Abs. 2, 3 und 4, 178 StGB",5911000,Bochum,vers.,5,0,5,0,0,0,0,0,0,0,0,0,1,0,1,0,0,0,4,0,4,0,0,0,4,0,4,2016
111000,"Vergewaltigung und sexuelle Noetigung    177 Abs. 2, 3 und 4, 178 StGB",5314000,Bonn,vers.,9,0,9,0,0,0,0,0,0,0,0,0,1,0,1,1,0,1,7,0,7,0,0,0,7,0,7,2016
111000,"Vergewaltigung und sexuelle Noetigung    177 Abs. 2, 3 und 4, 178 StGB",5512000,Bottrop,vers.,1,0,1,0,0,0,0,0,0,0,0,0,1,0,1,0,0,0,0,0,0,0,0,0,0,0,0,2016
111000,"Vergewaltigung und sexuelle Noetigung    177 Abs. 2, 3 und 4, 178 StGB",3101000,Braunschweig,vers.,3,0,3,0,0,0,0,0,0,0,0,0,1,0,1,0,0,0,2,0,2,0,0,0,2,0,2,2016
111000,"Vergewaltigung und sexuelle Noetigung    177 Abs. 2, 3 und 4, 178 StGB",4011000,Bremen,vers.,20,0,20,0,0,0,1,0,1,1,0,1,3,0,3,3,0,3,11,0,11,2,0,2,13,0,13,2016
111000,"Vergewaltigung und sexuelle Noetigung    177 Abs. 2, 3 und 4, 178 StGB",4012000,Bremerhaven,vers.,6,0,6,0,0,0,0,0,0,0,0,0,2,0,2,0,0,0,4,0,4,0,0,0,4,0,4,2016
111000,"Vergewaltigung und sexuelle Noetigung    177 Abs. 2, 3 und 4, 178 StGB",14511000,Chemnitz,vers.,0,0,0,0,0,0,0,0,0,0,0,0,0,0,0,0,0,0,0,0,0,0,0,0,0,0,0,2016
111000,"Vergewaltigung und sexuelle Noetigung    177 Abs. 2, 3 und 4, 178 StGB",6411000,Darmstadt,vers.,3,0,3,0,0,0,0,0,0,0,0,0,0,0,0,1,0,1,1,0,1,1,0,1,2,0,2,2016
111000,"Vergewaltigung und sexuelle Noetigung    177 Abs. 2, 3 und 4, 178 StGB",5913000,Dortmund,vers.,21,0,21,0,0,0,0,0,0,0,0,0,3,0,3,4,0,4,14,0,14,0,0,0,14,0,14,2016
111000,"Vergewaltigung und sexuelle Noetigung    177 Abs. 2, 3 und 4, 178 StGB",14612000,Dresden,vers.,3,0,3,0,0,0,0,0,0,0,0,0,0,0,0,0,0,0,3,0,3,0,0,0,3,0,3,2016
111000,"Vergewaltigung und sexuelle Noetigung    177 Abs. 2, 3 und 4, 178 StGB",5112000,Duisburg,vers.,9,0,9,0,0,0,0,0,0,0,0,0,0,0,0,3,0,3,6,0,6,0,0,0,6,0,6,2016
111000,"Vergewaltigung und sexuelle Noetigung    177 Abs. 2, 3 und 4, 178 StGB",5111000,Duesseldorf,vers.,25,0,25,0,0,0,0,0,0,0,0,0,5,0,5,2,0,2,17,0,17,1,0,1,18,0,18,2016
111000,"Vergewaltigung und sexuelle Noetigung    177 Abs. 2, 3 und 4, 178 StGB",16051000,Erfurt,vers.,6,0,6,0,0,0,0,0,0,0,0,0,2,0,2,0,0,0,4,0,4,0,0,0,4,0,4,2016
111000,"Vergewaltigung und sexuelle Noetigung    177 Abs. 2, 3 und 4, 178 StGB",9562000,Erlangen,vers.,0,0,0,0,0,0,0,0,0,0,0,0,0,0,0,0,0,0,0,0,0,0,0,0,0,0,0,2016
111000,"Vergewaltigung und sexuelle Noetigung    177 Abs. 2, 3 und 4, 178 StGB",5113000,Essen,vers.,8,0,8,0,0,0,0,0,0,0,0,0,2,0,2,0,0,0,6,0,6,0,0,0,6,0,6,2016
111000,"Vergewaltigung und sexuelle Noetigung    177 Abs. 2, 3 und 4, 178 StGB",6412000,Frankfurt am Main,vers.,16,0,16,0,0,0,0,0,0,0,0,0,1,0,1,0,0,0,14,0,14,1,0,1,15,0,15,2016
111000,"Vergewaltigung und sexuelle Noetigung    177 Abs. 2, 3 und 4, 178 StGB",8311000,Freiburg im Breisgau,vers.,4,0,4,0,0,0,0,0,0,0,0,0,1,0,1,0,0,0,3,0,3,0,0,0,3,0,3,2016
111000,"Vergewaltigung und sexuelle Noetigung    177 Abs. 2, 3 und 4, 178 StGB",9563000,Fuerth,vers.,2,0,2,0,0,0,0,0,0,0,0,0,0,0,0,0,0,0,2,0,2,0,0,0,2,0,2,2016
111000,"Vergewaltigung und sexuelle Noetigung    177 Abs. 2, 3 und 4, 178 StGB",5513000,Gelsenkirchen,vers.,5,0,5,0,0,0,0,0,0,0,0,0,2,0,2,1,0,1,1,0,1,1,0,1,2,0,2,2016
111000,"Vergewaltigung und sexuelle Noetigung    177 Abs. 2, 3 und 4, 178 StGB",3152012,Goettingen,vers.,5,0,5,0,0,0,0,0,0,0,0,0,0,0,0,1,0,1,4,0,4,0,0,0,4,0,4,2016
111000,"Vergewaltigung und sexuelle Noetigung    177 Abs. 2, 3 und 4, 178 StGB",5914000,Hagen,vers.,3,0,3,0,0,0,0,0,0,0,0,0,1,0,1,0,0,0,2,0,2,0,0,0,2,0,2,2016
111000,"Vergewaltigung und sexuelle Noetigung    177 Abs. 2, 3 und 4, 178 StGB",15002000,Halle (Saale),vers.,6,0,6,0,0,0,0,0,0,0,0,0,0,0,0,2,0,2,4,0,4,0,0,0,4,0,4,2016
111000,"Vergewaltigung und sexuelle Noetigung    177 Abs. 2, 3 und 4, 178 StGB",2000000,Hamburg,vers.,47,4,43,0,0,0,2,1,1,2,1,1,10,1,9,5,0,5,29,2,27,1,0,1,30,2,28,2016
111000,"Vergewaltigung und sexuelle Noetigung    177 Abs. 2, 3 und 4, 178 StGB",5915000,Hamm,vers.,7,0,7,0,0,0,0,0,0,0,0,0,1,0,1,0,0,0,6,0,6,0,0,0,6,0,6,2016
111000,"Vergewaltigung und sexuelle Noetigung    177 Abs. 2, 3 und 4, 178 StGB",3241001,Hannover,vers.,19,0,19,0,0,0,0,0,0,0,0,0,0,0,0,3,0,3,16,0,16,0,0,0,16,0,16,2016
111000,"Vergewaltigung und sexuelle Noetigung    177 Abs. 2, 3 und 4, 178 StGB",8221000,Heidelberg,vers.,2,0,2,0,0,0,0,0,0,0,0,0,0,0,0,0,0,0,2,0,2,0,0,0,2,0,2,2016
111000,"Vergewaltigung und sexuelle Noetigung    177 Abs. 2, 3 und 4, 178 StGB",8121000,Heilbronn,vers.,0,0,0,0,0,0,0,0,0,0,0,0,0,0,0,0,0,0,0,0,0,0,0,0,0,0,0,2016
111000,"Vergewaltigung und sexuelle Noetigung    177 Abs. 2, 3 und 4, 178 StGB",5916000,Herne,vers.,3,1,2,0,0,0,0,0,0,0,0,0,0,0,0,2,1,1,1,0,1,0,0,0,1,0,1,2016
111000,"Vergewaltigung und sexuelle Noetigung    177 Abs. 2, 3 und 4, 178 StGB",3254021,Hildesheim,vers.,3,0,3,0,0,0,0,0,0,0,0,0,1,0,1,1,0,1,1,0,1,0,0,0,1,0,1,2016
111000,"Vergewaltigung und sexuelle Noetigung    177 Abs. 2, 3 und 4, 178 StGB",9161000,Ingolstadt,vers.,0,0,0,0,0,0,0,0,0,0,0,0,0,0,0,0,0,0,0,0,0,0,0,0,0,0,0,2016
111000,"Vergewaltigung und sexuelle Noetigung    177 Abs. 2, 3 und 4, 178 StGB",16053000,Jena,vers.,0,0,0,0,0,0,0,0,0,0,0,0,0,0,0,0,0,0,0,0,0,0,0,0,0,0,0,2016
111000,"Vergewaltigung und sexuelle Noetigung    177 Abs. 2, 3 und 4, 178 StGB",8212000,Karlsruhe,vers.,7,0,7,0,0,0,0,0,0,0,0,0,1,0,1,3,0,3,2,0,2,1,0,1,3,0,3,2016
111000,"Vergewaltigung und sexuelle Noetigung    177 Abs. 2, 3 und 4, 178 StGB",6611000,Kassel,vers.,6,1,5,0,0,0,0,0,0,0,0,0,0,0,0,2,0,2,3,1,2,1,0,1,4,1,3,2016
111000,"Vergewaltigung und sexuelle Noetigung    177 Abs. 2, 3 und 4, 178 StGB",1002000,Kiel,vers.,1,0,1,0,0,0,0,0,0,0,0,0,0,0,0,0,0,0,1,0,1,0,0,0,1,0,1,2016
111000,"Vergewaltigung und sexuelle Noetigung    177 Abs. 2, 3 und 4, 178 StGB",7111000,Koblenz,vers.,2,0,2,0,0,0,0,0,0,0,0,0,0,0,0,0,0,0,2,0,2,0,0,0,2,0,2,2016
111000,"Vergewaltigung und sexuelle Noetigung    177 Abs. 2, 3 und 4, 178 StGB",5315000,Koeln,vers.,36,2,34,0,0,0,0,0,0,0,0,0,0,0,0,12,0,12,23,2,21,1,0,1,24,2,22,2016
111000,"Vergewaltigung und sexuelle Noetigung    177 Abs. 2, 3 und 4, 178 StGB",5114000,Krefeld,vers.,3,0,3,0,0,0,0,0,0,0,0,0,1,0,1,0,0,0,2,0,2,0,0,0,2,0,2,2016
111000,"Vergewaltigung und sexuelle Noetigung    177 Abs. 2, 3 und 4, 178 StGB",14713000,Leipzig,vers.,3,0,3,0,0,0,0,0,0,0,0,0,0,0,0,0,0,0,3,0,3,0,0,0,3,0,3,2016
111000,"Vergewaltigung und sexuelle Noetigung    177 Abs. 2, 3 und 4, 178 StGB",5316000,Leverkusen,vers.,5,0,5,0,0,0,0,0,0,0,0,0,0,0,0,1,0,1,4,0,4,0,0,0,4,0,4,2016
111000,"Vergewaltigung und sexuelle Noetigung    177 Abs. 2, 3 und 4, 178 StGB",1003000,Luebeck,vers.,7,0,7,0,0,0,0,0,0,0,0,0,1,0,1,1,0,1,5,0,5,0,0,0,5,0,5,2016
111000,"Vergewaltigung und sexuelle Noetigung    177 Abs. 2, 3 und 4, 178 StGB",7314000,Ludwigshafen am Rhein,vers.,4,0,4,0,0,0,0,0,0,0,0,0,0,0,0,0,0,0,4,0,4,0,0,0,4,0,4,2016
111000,"Vergewaltigung und sexuelle Noetigung    177 Abs. 2, 3 und 4, 178 StGB",15003000,Magdeburg,vers.,12,1,11,0,0,0,0,0,0,0,0,0,1,0,1,2,0,2,9,1,8,0,0,0,9,1,8,2016
111000,"Vergewaltigung und sexuelle Noetigung    177 Abs. 2, 3 und 4, 178 StGB",7315000,Mainz,vers.,7,0,7,0,0,0,0,0,0,0,0,0,0,0,0,1,0,1,6,0,6,0,0,0,6,0,6,2016
111000,"Vergewaltigung und sexuelle Noetigung    177 Abs. 2, 3 und 4, 178 StGB",8222000,Mannheim,vers.,6,1,5,0,0,0,0,0,0,0,0,0,0,0,0,1,0,1,5,1,4,0,0,0,5,1,4,2016
111000,"Vergewaltigung und sexuelle Noetigung    177 Abs. 2, 3 und 4, 178 StGB",5170024,Moers,vers.,1,0,1,0,0,0,0,0,0,0,0,0,0,0,0,1,0,1,0,0,0,0,0,0,0,0,0,2016
111000,"Vergewaltigung und sexuelle Noetigung    177 Abs. 2, 3 und 4, 178 StGB",5116000,Moenchengladbach,vers.,4,0,4,0,0,0,0,0,0,0,0,0,0,0,0,1,0,1,3,0,3,0,0,0,3,0,3,2016
111000,"Vergewaltigung und sexuelle Noetigung    177 Abs. 2, 3 und 4, 178 StGB",5117000,Muelheim an der Ruhr,vers.,0,0,0,0,0,0,0,0,0,0,0,0,0,0,0,0,0,0,0,0,0,0,0,0,0,0,0,2016
111000,"Vergewaltigung und sexuelle Noetigung    177 Abs. 2, 3 und 4, 178 StGB",9162000,Muenchen,vers.,26,1,25,0,0,0,0,0,0,0,0,0,1,0,1,4,1,3,20,0,20,1,0,1,21,0,21,2016
111000,"Vergewaltigung und sexuelle Noetigung    177 Abs. 2, 3 und 4, 178 StGB",5515000,Muenster,vers.,6,0,6,0,0,0,0,0,0,0,0,0,1,0,1,2,0,2,3,0,3,0,0,0,3,0,3,2016
111000,"Vergewaltigung und sexuelle Noetigung    177 Abs. 2, 3 und 4, 178 StGB",5162024,Neuss,vers.,4,0,4,0,0,0,0,0,0,0,0,0,1,0,1,1,0,1,2,0,2,0,0,0,2,0,2,2016
111000,"Vergewaltigung und sexuelle Noetigung    177 Abs. 2, 3 und 4, 178 StGB",9564000,Nuernberg,vers.,6,2,4,0,0,0,1,1,0,1,1,0,0,0,0,0,0,0,5,1,4,0,0,0,5,1,4,2016
111000,"Vergewaltigung und sexuelle Noetigung    177 Abs. 2, 3 und 4, 178 StGB",5119000,Oberhausen,vers.,3,0,3,0,0,0,0,0,0,0,0,0,0,0,0,0,0,0,3,0,3,0,0,0,3,0,3,2016
111000,"Vergewaltigung und sexuelle Noetigung    177 Abs. 2, 3 und 4, 178 StGB",6413000,Offenbach am Main,vers.,1,0,1,0,0,0,0,0,0,0,0,0,0,0,0,1,0,1,0,0,0,0,0,0,0,0,0,2016
111000,"Vergewaltigung und sexuelle Noetigung    177 Abs. 2, 3 und 4, 178 StGB",3403000,Oldenburg (Oldenburg),vers.,4,0,4,0,0,0,0,0,0,0,0,0,0,0,0,1,0,1,3,0,3,0,0,0,3,0,3,2016
111000,"Vergewaltigung und sexuelle Noetigung    177 Abs. 2, 3 und 4, 178 StGB",3404000,Osnabrueck,vers.,3,0,3,0,0,0,0,0,0,0,0,0,1,0,1,0,0,0,2,0,2,0,0,0,2,0,2,2016
111000,"Vergewaltigung und sexuelle Noetigung    177 Abs. 2, 3 und 4, 178 StGB",5774032,Paderborn,vers.,2,0,2,0,0,0,0,0,0,0,0,0,0,0,0,0,0,0,2,0,2,0,0,0,2,0,2,2016
111000,"Vergewaltigung und sexuelle Noetigung    177 Abs. 2, 3 und 4, 178 StGB",8231000,Pforzheim,vers.,0,0,0,0,0,0,0,0,0,0,0,0,0,0,0,0,0,0,0,0,0,0,0,0,0,0,0,2016
111000,"Vergewaltigung und sexuelle Noetigung    177 Abs. 2, 3 und 4, 178 StGB",12054000,Potsdam,vers.,0,0,0,0,0,0,0,0,0,0,0,0,0,0,0,0,0,0,0,0,0,0,0,0,0,0,0,2016
111000,"Vergewaltigung und sexuelle Noetigung    177 Abs. 2, 3 und 4, 178 StGB",5562032,Recklinghausen,vers.,4,0,4,0,0,0,0,0,0,0,0,0,1,0,1,0,0,0,3,0,3,0,0,0,3,0,3,2016
111000,"Vergewaltigung und sexuelle Noetigung    177 Abs. 2, 3 und 4, 178 StGB",9362000,Regensburg,vers.,2,0,2,0,0,0,1,0,1,1,0,1,0,0,0,0,0,0,1,0,1,0,0,0,1,0,1,2016
111000,"Vergewaltigung und sexuelle Noetigung    177 Abs. 2, 3 und 4, 178 StGB",5120000,Remscheid,vers.,2,0,2,0,0,0,0,0,0,0,0,0,0,0,0,1,0,1,1,0,1,0,0,0,1,0,1,2016
111000,"Vergewaltigung und sexuelle Noetigung    177 Abs. 2, 3 und 4, 178 StGB",8415061,Reutlingen,vers.,1,0,1,0,0,0,0,0,0,0,0,0,0,0,0,1,0,1,0,0,0,0,0,0,0,0,0,2016
111000,"Vergewaltigung und sexuelle Noetigung    177 Abs. 2, 3 und 4, 178 StGB",13003000,Rostock,vers.,1,0,1,0,0,0,0,0,0,0,0,0,1,0,1,0,0,0,0,0,0,0,0,0,0,0,0,2016
111000,"Vergewaltigung und sexuelle Noetigung    177 Abs. 2, 3 und 4, 178 StGB",10041100,Saarbruecken,vers.,6,0,6,0,0,0,0,0,0,0,0,0,0,0,0,3,0,3,3,0,3,0,0,0,3,0,3,2016
111000,"Vergewaltigung und sexuelle Noetigung    177 Abs. 2, 3 und 4, 178 StGB",3102000,Salzgitter,vers.,0,0,0,0,0,0,0,0,0,0,0,0,0,0,0,0,0,0,0,0,0,0,0,0,0,0,0,2016
111000,"Vergewaltigung und sexuelle Noetigung    177 Abs. 2, 3 und 4, 178 StGB",13004000,Schwerin,vers.,0,0,0,0,0,0,0,0,0,0,0,0,0,0,0,0,0,0,0,0,0,0,0,0,0,0,0,2016
111000,"Vergewaltigung und sexuelle Noetigung    177 Abs. 2, 3 und 4, 178 StGB",5970040,Siegen,vers.,2,0,2,0,0,0,0,0,0,0,0,0,0,0,0,1,0,1,1,0,1,0,0,0,1,0,1,2016
111000,"Vergewaltigung und sexuelle Noetigung    177 Abs. 2, 3 und 4, 178 StGB",5122000,Solingen,vers.,5,1,4,0,0,0,1,1,0,1,1,0,2,0,2,1,0,1,1,0,1,0,0,0,1,0,1,2016
111000,"Vergewaltigung und sexuelle Noetigung    177 Abs. 2, 3 und 4, 178 StGB",8111000,Stuttgart,vers.,16,0,16,0,0,0,0,0,0,0,0,0,1,0,1,3,0,3,12,0,12,0,0,0,12,0,12,2016
111000,"Vergewaltigung und sexuelle Noetigung    177 Abs. 2, 3 und 4, 178 StGB",7211000,Trier,vers.,0,0,0,0,0,0,0,0,0,0,0,0,0,0,0,0,0,0,0,0,0,0,0,0,0,0,0,2016
111000,"Vergewaltigung und sexuelle Noetigung    177 Abs. 2, 3 und 4, 178 StGB",8421000,Ulm,vers.,6,0,6,0,0,0,0,0,0,0,0,0,0,0,0,2,0,2,3,0,3,1,0,1,4,0,4,2016
111000,"Vergewaltigung und sexuelle Noetigung    177 Abs. 2, 3 und 4, 178 StGB",6414000,Wiesbaden,vers.,4,0,4,0,0,0,0,0,0,0,0,0,0,0,0,2,0,2,2,0,2,0,0,0,2,0,2,2016
111000,"Vergewaltigung und sexuelle Noetigung    177 Abs. 2, 3 und 4, 178 StGB",3103000,Wolfsburg,vers.,3,0,3,0,0,0,0,0,0,0,0,0,1,0,1,0,0,0,2,0,2,0,0,0,2,0,2,2016
111000,"Vergewaltigung und sexuelle Noetigung    177 Abs. 2, 3 und 4, 178 StGB",5124000,Wuppertal,vers.,9,0,9,0,0,0,1,0,1,1,0,1,2,0,2,0,0,0,6,0,6,0,0,0,6,0,6,2016
111000,"Vergewaltigung und sexuelle Noetigung    177 Abs. 2, 3 und 4, 178 StGB",9663000,Wuerzburg,vers.,2,0,2,0,0,0,0,0,0,0,0,0,0,0,0,0,0,0,2,0,2,0,0,0,2,0,2,2016
111000,"Vergewaltigung und sexuelle Noetigung    177 Abs. 2, 3 und 4, 178 StGB",5334002,Aachen,insg.,39,2,37,0,0,0,0,0,0,0,0,0,10,0,10,6,0,6,22,2,20,1,0,1,23,2,21,2016
111000,"Vergewaltigung und sexuelle Noetigung    177 Abs. 2, 3 und 4, 178 StGB",9761000,Augsburg,insg.,23,1,22,0,0,0,1,0,1,1,0,1,3,0,3,3,0,3,15,1,14,1,0,1,16,1,15,2016
111000,"Vergewaltigung und sexuelle Noetigung    177 Abs. 2, 3 und 4, 178 StGB",5378004,Bergisch Gladbach,insg.,2,0,2,0,0,0,0,0,0,0,0,0,0,0,0,1,0,1,1,0,1,0,0,0,1,0,1,2016
111000,"Vergewaltigung und sexuelle Noetigung    177 Abs. 2, 3 und 4, 178 StGB",11000000,Berlin,insg.,587,55,532,0,0,0,10,2,8,10,2,8,95,4,91,84,3,81,389,46,343,9,0,9,398,46,352,2016
111000,"Vergewaltigung und sexuelle Noetigung    177 Abs. 2, 3 und 4, 178 StGB",5711000,Bielefeld,insg.,37,1,36,0,0,0,0,0,0,0,0,0,8,1,7,6,0,6,23,0,23,0,0,0,23,0,23,2016
111000,"Vergewaltigung und sexuelle Noetigung    177 Abs. 2, 3 und 4, 178 StGB",5911000,Bochum,insg.,44,2,42,0,0,0,0,0,0,0,0,0,7,1,6,6,1,5,31,0,31,0,0,0,31,0,31,2016
111000,"Vergewaltigung und sexuelle Noetigung    177 Abs. 2, 3 und 4, 178 StGB",5314000,Bonn,insg.,62,1,61,0,0,0,2,1,1,2,1,1,9,0,9,10,0,10,41,0,41,0,0,0,41,0,41,2016
111000,"Vergewaltigung und sexuelle Noetigung    177 Abs. 2, 3 und 4, 178 StGB",5512000,Bottrop,insg.,11,0,11,0,0,0,0,0,0,0,0,0,4,0,4,2,0,2,4,0,4,1,0,1,5,0,5,2016
111000,"Vergewaltigung und sexuelle Noetigung    177 Abs. 2, 3 und 4, 178 StGB",3101000,Braunschweig,insg.,45,0,45,0,0,0,0,0,0,0,0,0,9,0,9,6,0,6,30,0,30,0,0,0,30,0,30,2016
111000,"Vergewaltigung und sexuelle Noetigung    177 Abs. 2, 3 und 4, 178 StGB",4011000,Bremen,insg.,119,5,114,0,0,0,1,0,1,1,0,1,15,1,14,19,0,19,80,4,76,4,0,4,84,4,80,2016
111000,"Vergewaltigung und sexuelle Noetigung    177 Abs. 2, 3 und 4, 178 StGB",4012000,Bremerhaven,insg.,32,0,32,0,0,0,0,0,0,0,0,0,12,0,12,6,0,6,14,0,14,0,0,0,14,0,14,2016
111000,"Vergewaltigung und sexuelle Noetigung    177 Abs. 2, 3 und 4, 178 StGB",14511000,Chemnitz,insg.,11,0,11,0,0,0,0,0,0,0,0,0,3,0,3,0,0,0,8,0,8,0,0,0,8,0,8,2016
111000,"Vergewaltigung und sexuelle Noetigung    177 Abs. 2, 3 und 4, 178 StGB",6411000,Darmstadt,insg.,21,0,21,0,0,0,1,0,1,1,0,1,2,0,2,4,0,4,13,0,13,1,0,1,14,0,14,2016
111000,"Vergewaltigung und sexuelle Noetigung    177 Abs. 2, 3 und 4, 178 StGB",5913000,Dortmund,insg.,108,4,104,1,1,0,2,0,2,3,1,2,23,2,21,17,0,17,65,1,64,0,0,0,65,1,64,2016
111000,"Vergewaltigung und sexuelle Noetigung    177 Abs. 2, 3 und 4, 178 StGB",14612000,Dresden,insg.,15,1,14,0,0,0,0,0,0,0,0,0,2,1,1,2,0,2,11,0,11,0,0,0,11,0,11,2016
111000,"Vergewaltigung und sexuelle Noetigung    177 Abs. 2, 3 und 4, 178 StGB",5112000,Duisburg,insg.,61,2,59,0,0,0,1,0,1,1,0,1,16,0,16,11,2,9,33,0,33,0,0,0,33,0,33,2016
111000,"Vergewaltigung und sexuelle Noetigung    177 Abs. 2, 3 und 4, 178 StGB",5111000,Duesseldorf,insg.,96,2,94,1,1,0,4,0,4,5,1,4,17,0,17,21,0,21,51,1,50,2,0,2,53,1,52,2016
111000,"Vergewaltigung und sexuelle Noetigung    177 Abs. 2, 3 und 4, 178 StGB",16051000,Erfurt,insg.,28,2,26,0,0,0,0,0,0,0,0,0,8,0,8,3,0,3,17,2,15,0,0,0,17,2,15,2016
111000,"Vergewaltigung und sexuelle Noetigung    177 Abs. 2, 3 und 4, 178 StGB",9562000,Erlangen,insg.,12,0,12,0,0,0,2,0,2,2,0,2,0,0,0,3,0,3,7,0,7,0,0,0,7,0,7,2016
111000,"Vergewaltigung und sexuelle Noetigung    177 Abs. 2, 3 und 4, 178 StGB",5113000,Essen,insg.,100,9,91,0,0,0,4,1,3,4,1,3,24,2,22,18,3,15,50,2,48,4,1,3,54,3,51,2016
111000,"Vergewaltigung und sexuelle Noetigung    177 Abs. 2, 3 und 4, 178 StGB",6412000,Frankfurt am Main,insg.,74,1,73,0,0,0,2,0,2,2,0,2,10,0,10,6,0,6,55,1,54,1,0,1,56,1,55,2016
111000,"Vergewaltigung und sexuelle Noetigung    177 Abs. 2, 3 und 4, 178 StGB",8311000,Freiburg im Breisgau,insg.,21,1,20,0,0,0,1,0,1,1,0,1,3,0,3,3,0,3,12,1,11,2,0,2,14,1,13,2016
111000,"Vergewaltigung und sexuelle Noetigung    177 Abs. 2, 3 und 4, 178 StGB",9563000,Fuerth,insg.,12,0,12,0,0,0,0,0,0,0,0,0,3,0,3,0,0,0,9,0,9,0,0,0,9,0,9,2016
111000,"Vergewaltigung und sexuelle Noetigung    177 Abs. 2, 3 und 4, 178 StGB",5513000,Gelsenkirchen,insg.,40,1,39,0,0,0,0,0,0,0,0,0,8,1,7,8,0,8,22,0,22,2,0,2,24,0,24,2016
111000,"Vergewaltigung und sexuelle Noetigung    177 Abs. 2, 3 und 4, 178 StGB",3152012,Goettingen,insg.,18,2,16,0,0,0,0,0,0,0,0,0,1,1,0,1,0,1,16,1,15,0,0,0,16,1,15,2016
111000,"Vergewaltigung und sexuelle Noetigung    177 Abs. 2, 3 und 4, 178 StGB",5914000,Hagen,insg.,26,2,24,0,0,0,4,0,4,4,0,4,6,0,6,4,1,3,12,1,11,0,0,0,12,1,11,2016
111000,"Vergewaltigung und sexuelle Noetigung    177 Abs. 2, 3 und 4, 178 StGB",15002000,Halle (Saale),insg.,30,1,29,0,0,0,0,0,0,0,0,0,5,0,5,5,1,4,20,0,20,0,0,0,20,0,20,2016
111000,"Vergewaltigung und sexuelle Noetigung    177 Abs. 2, 3 und 4, 178 StGB",2000000,Hamburg,insg.,211,6,205,0,0,0,4,1,3,4,1,3,29,1,28,49,0,49,125,4,121,4,0,4,129,4,125,2016
111000,"Vergewaltigung und sexuelle Noetigung    177 Abs. 2, 3 und 4, 178 StGB",5915000,Hamm,insg.,25,1,24,0,0,0,3,1,2,3,1,2,4,0,4,3,0,3,15,0,15,0,0,0,15,0,15,2016
111000,"Vergewaltigung und sexuelle Noetigung    177 Abs. 2, 3 und 4, 178 StGB",3241001,Hannover,insg.,77,2,75,0,0,0,3,0,3,3,0,3,10,0,10,9,0,9,54,2,52,1,0,1,55,2,53,2016
111000,"Vergewaltigung und sexuelle Noetigung    177 Abs. 2, 3 und 4, 178 StGB",8221000,Heidelberg,insg.,15,0,15,0,0,0,0,0,0,0,0,0,1,0,1,5,0,5,8,0,8,1,0,1,9,0,9,2016
111000,"Vergewaltigung und sexuelle Noetigung    177 Abs. 2, 3 und 4, 178 StGB",8121000,Heilbronn,insg.,8,1,7,0,0,0,0,0,0,0,0,0,2,1,1,2,0,2,4,0,4,0,0,0,4,0,4,2016
111000,"Vergewaltigung und sexuelle Noetigung    177 Abs. 2, 3 und 4, 178 StGB",5916000,Herne,insg.,22,3,19,0,0,0,0,0,0,0,0,0,10,1,9,5,1,4,7,1,6,0,0,0,7,1,6,2016
111000,"Vergewaltigung und sexuelle Noetigung    177 Abs. 2, 3 und 4, 178 StGB",3254021,Hildesheim,insg.,22,4,18,0,0,0,0,0,0,0,0,0,8,2,6,6,2,4,8,0,8,0,0,0,8,0,8,2016
111000,"Vergewaltigung und sexuelle Noetigung    177 Abs. 2, 3 und 4, 178 StGB",9161000,Ingolstadt,insg.,18,2,16,0,0,0,1,0,1,1,0,1,5,1,4,4,0,4,8,1,7,0,0,0,8,1,7,2016
111000,"Vergewaltigung und sexuelle Noetigung    177 Abs. 2, 3 und 4, 178 StGB",16053000,Jena,insg.,7,0,7,0,0,0,0,0,0,0,0,0,0,0,0,0,0,0,7,0,7,0,0,0,7,0,7,2016
111000,"Vergewaltigung und sexuelle Noetigung    177 Abs. 2, 3 und 4, 178 StGB",8212000,Karlsruhe,insg.,28,1,27,0,0,0,1,0,1,1,0,1,5,0,5,5,1,4,16,0,16,1,0,1,17,0,17,2016
111000,"Vergewaltigung und sexuelle Noetigung    177 Abs. 2, 3 und 4, 178 StGB",6611000,Kassel,insg.,43,3,40,0,0,0,0,0,0,0,0,0,6,1,5,10,1,9,26,1,25,1,0,1,27,1,26,2016
111000,"Vergewaltigung und sexuelle Noetigung    177 Abs. 2, 3 und 4, 178 StGB",1002000,Kiel,insg.,37,2,35,0,0,0,0,0,0,0,0,0,4,1,3,7,0,7,25,1,24,1,0,1,26,1,25,2016
111000,"Vergewaltigung und sexuelle Noetigung    177 Abs. 2, 3 und 4, 178 StGB",7111000,Koblenz,insg.,15,0,15,0,0,0,0,0,0,0,0,0,3,0,3,1,0,1,11,0,11,0,0,0,11,0,11,2016
111000,"Vergewaltigung und sexuelle Noetigung    177 Abs. 2, 3 und 4, 178 StGB",5315000,Koeln,insg.,463,45,418,0,0,0,1,1,0,1,1,0,56,3,53,135,9,126,268,32,236,3,0,3,271,32,239,2016
111000,"Vergewaltigung und sexuelle Noetigung    177 Abs. 2, 3 und 4, 178 StGB",5114000,Krefeld,insg.,32,1,31,0,0,0,0,0,0,0,0,0,10,0,10,5,0,5,17,1,16,0,0,0,17,1,16,2016
111000,"Vergewaltigung und sexuelle Noetigung    177 Abs. 2, 3 und 4, 178 StGB",14713000,Leipzig,insg.,30,2,28,0,0,0,0,0,0,0,0,0,3,0,3,5,0,5,20,2,18,2,0,2,22,2,20,2016
111000,"Vergewaltigung und sexuelle Noetigung    177 Abs. 2, 3 und 4, 178 StGB",5316000,Leverkusen,insg.,26,1,25,1,0,1,0,0,0,1,0,1,3,0,3,5,0,5,17,1,16,0,0,0,17,1,16,2016
111000,"Vergewaltigung und sexuelle Noetigung    177 Abs. 2, 3 und 4, 178 StGB",1003000,Luebeck,insg.,33,1,32,0,0,0,1,0,1,1,0,1,1,0,1,7,0,7,24,1,23,0,0,0,24,1,23,2016
111000,"Vergewaltigung und sexuelle Noetigung    177 Abs. 2, 3 und 4, 178 StGB",7314000,Ludwigshafen am Rhein,insg.,37,0,37,0,0,0,0,0,0,0,0,0,7,0,7,5,0,5,25,0,25,0,0,0,25,0,25,2016
111000,"Vergewaltigung und sexuelle Noetigung    177 Abs. 2, 3 und 4, 178 StGB",15003000,Magdeburg,insg.,49,4,45,0,0,0,1,1,0,1,1,0,7,1,6,6,0,6,34,2,32,1,0,1,35,2,33,2016
111000,"Vergewaltigung und sexuelle Noetigung    177 Abs. 2, 3 und 4, 178 StGB",7315000,Mainz,insg.,32,1,31,0,0,0,0,0,0,0,0,0,3,0,3,2,0,2,27,1,26,0,0,0,27,1,26,2016
111000,"Vergewaltigung und sexuelle Noetigung    177 Abs. 2, 3 und 4, 178 StGB",8222000,Mannheim,insg.,43,2,41,0,0,0,1,0,1,1,0,1,5,1,4,5,0,5,32,1,31,0,0,0,32,1,31,2016
111000,"Vergewaltigung und sexuelle Noetigung    177 Abs. 2, 3 und 4, 178 StGB",5170024,Moers,insg.,5,0,5,0,0,0,0,0,0,0,0,0,1,0,1,3,0,3,1,0,1,0,0,0,1,0,1,2016
111000,"Vergewaltigung und sexuelle Noetigung    177 Abs. 2, 3 und 4, 178 StGB",5116000,Moenchengladbach,insg.,37,1,36,0,0,0,1,0,1,1,0,1,11,0,11,5,0,5,20,1,19,0,0,0,20,1,19,2016
111000,"Vergewaltigung und sexuelle Noetigung    177 Abs. 2, 3 und 4, 178 StGB",5117000,Muelheim an der Ruhr,insg.,21,1,20,0,0,0,1,0,1,1,0,1,4,0,4,2,0,2,14,1,13,0,0,0,14,1,13,2016
111000,"Vergewaltigung und sexuelle Noetigung    177 Abs. 2, 3 und 4, 178 StGB",9162000,Muenchen,insg.,165,7,158,1,0,1,2,0,2,3,0,3,23,4,19,24,2,22,111,1,110,4,0,4,115,1,114,2016
111000,"Vergewaltigung und sexuelle Noetigung    177 Abs. 2, 3 und 4, 178 StGB",5515000,Muenster,insg.,33,1,32,0,0,0,1,0,1,1,0,1,5,0,5,7,1,6,20,0,20,0,0,0,20,0,20,2016
111000,"Vergewaltigung und sexuelle Noetigung    177 Abs. 2, 3 und 4, 178 StGB",5162024,Neuss,insg.,12,1,11,0,0,0,1,0,1,1,0,1,3,0,3,1,0,1,7,1,6,0,0,0,7,1,6,2016
111000,"Vergewaltigung und sexuelle Noetigung    177 Abs. 2, 3 und 4, 178 StGB",9564000,Nuernberg,insg.,50,2,48,0,0,0,1,1,0,1,1,0,9,0,9,8,0,8,31,1,30,1,0,1,32,1,31,2016
111000,"Vergewaltigung und sexuelle Noetigung    177 Abs. 2, 3 und 4, 178 StGB",5119000,Oberhausen,insg.,29,0,29,0,0,0,2,0,2,2,0,2,7,0,7,5,0,5,15,0,15,0,0,0,15,0,15,2016
111000,"Vergewaltigung und sexuelle Noetigung    177 Abs. 2, 3 und 4, 178 StGB",6413000,Offenbach am Main,insg.,18,1,17,0,0,0,1,0,1,1,0,1,2,0,2,6,0,6,9,1,8,0,0,0,9,1,8,2016
111000,"Vergewaltigung und sexuelle Noetigung    177 Abs. 2, 3 und 4, 178 StGB",3403000,Oldenburg (Oldenburg),insg.,30,0,30,0,0,0,0,0,0,0,0,0,5,0,5,11,0,11,14,0,14,0,0,0,14,0,14,2016
111000,"Vergewaltigung und sexuelle Noetigung    177 Abs. 2, 3 und 4, 178 StGB",3404000,Osnabrueck,insg.,30,0,30,0,0,0,1,0,1,1,0,1,7,0,7,4,0,4,17,0,17,1,0,1,18,0,18,2016
111000,"Vergewaltigung und sexuelle Noetigung    177 Abs. 2, 3 und 4, 178 StGB",5774032,Paderborn,insg.,26,1,25,0,0,0,0,0,0,0,0,0,4,1,3,5,0,5,16,0,16,1,0,1,17,0,17,2016
111000,"Vergewaltigung und sexuelle Noetigung    177 Abs. 2, 3 und 4, 178 StGB",8231000,Pforzheim,insg.,13,2,11,0,0,0,0,0,0,0,0,0,4,1,3,3,0,3,6,1,5,0,0,0,6,1,5,2016
111000,"Vergewaltigung und sexuelle Noetigung    177 Abs. 2, 3 und 4, 178 StGB",12054000,Potsdam,insg.,12,1,11,0,0,0,0,0,0,0,0,0,1,0,1,1,0,1,10,1,9,0,0,0,10,1,9,2016
111000,"Vergewaltigung und sexuelle Noetigung    177 Abs. 2, 3 und 4, 178 StGB",5562032,Recklinghausen,insg.,15,0,15,0,0,0,0,0,0,0,0,0,7,0,7,2,0,2,6,0,6,0,0,0,6,0,6,2016
111000,"Vergewaltigung und sexuelle Noetigung    177 Abs. 2, 3 und 4, 178 StGB",9362000,Regensburg,insg.,12,1,11,0,0,0,3,0,3,3,0,3,1,0,1,1,0,1,7,1,6,0,0,0,7,1,6,2016
111000,"Vergewaltigung und sexuelle Noetigung    177 Abs. 2, 3 und 4, 178 StGB",5120000,Remscheid,insg.,11,1,10,0,0,0,0,0,0,0,0,0,3,1,2,2,0,2,4,0,4,2,0,2,6,0,6,2016
111000,"Vergewaltigung und sexuelle Noetigung    177 Abs. 2, 3 und 4, 178 StGB",8415061,Reutlingen,insg.,10,2,8,0,0,0,0,0,0,0,0,0,1,1,0,2,0,2,7,1,6,0,0,0,7,1,6,2016
111000,"Vergewaltigung und sexuelle Noetigung    177 Abs. 2, 3 und 4, 178 StGB",13003000,Rostock,insg.,11,1,10,0,0,0,0,0,0,0,0,0,3,0,3,1,0,1,6,1,5,1,0,1,7,1,6,2016
111000,"Vergewaltigung und sexuelle Noetigung    177 Abs. 2, 3 und 4, 178 StGB",10041100,Saarbruecken,insg.,23,1,22,0,0,0,0,0,0,0,0,0,0,0,0,6,0,6,17,1,16,0,0,0,17,1,16,2016
111000,"Vergewaltigung und sexuelle Noetigung    177 Abs. 2, 3 und 4, 178 StGB",3102000,Salzgitter,insg.,15,0,15,0,0,0,0,0,0,0,0,0,7,0,7,0,0,0,8,0,8,0,0,0,8,0,8,2016
111000,"Vergewaltigung und sexuelle Noetigung    177 Abs. 2, 3 und 4, 178 StGB",13004000,Schwerin,insg.,3,0,3,0,0,0,0,0,0,0,0,0,1,0,1,0,0,0,2,0,2,0,0,0,2,0,2,2016
111000,"Vergewaltigung und sexuelle Noetigung    177 Abs. 2, 3 und 4, 178 StGB",5970040,Siegen,insg.,8,0,8,0,0,0,0,0,0,0,0,0,1,0,1,1,0,1,6,0,6,0,0,0,6,0,6,2016
111000,"Vergewaltigung und sexuelle Noetigung    177 Abs. 2, 3 und 4, 178 StGB",5122000,Solingen,insg.,17,1,16,0,0,0,1,1,0,1,1,0,7,0,7,4,0,4,5,0,5,0,0,0,5,0,5,2016
111000,"Vergewaltigung und sexuelle Noetigung    177 Abs. 2, 3 und 4, 178 StGB",8111000,Stuttgart,insg.,109,7,102,2,0,2,0,0,0,2,0,2,13,0,13,21,1,20,68,6,62,5,0,5,73,6,67,2016
111000,"Vergewaltigung und sexuelle Noetigung    177 Abs. 2, 3 und 4, 178 StGB",7211000,Trier,insg.,10,0,10,0,0,0,0,0,0,0,0,0,1,0,1,2,0,2,7,0,7,0,0,0,7,0,7,2016
111000,"Vergewaltigung und sexuelle Noetigung    177 Abs. 2, 3 und 4, 178 StGB",8421000,Ulm,insg.,19,0,19,0,0,0,1,0,1,1,0,1,2,0,2,6,0,6,9,0,9,1,0,1,10,0,10,2016
111000,"Vergewaltigung und sexuelle Noetigung    177 Abs. 2, 3 und 4, 178 StGB",6414000,Wiesbaden,insg.,26,1,25,0,0,0,0,0,0,0,0,0,3,0,3,6,0,6,17,1,16,0,0,0,17,1,16,2016
111000,"Vergewaltigung und sexuelle Noetigung    177 Abs. 2, 3 und 4, 178 StGB",3103000,Wolfsburg,insg.,19,4,15,0,0,0,1,1,0,1,1,0,3,1,2,2,1,1,13,1,12,0,0,0,13,1,12,2016
111000,"Vergewaltigung und sexuelle Noetigung    177 Abs. 2, 3 und 4, 178 StGB",5124000,Wuppertal,insg.,52,1,51,0,0,0,3,0,3,3,0,3,12,1,11,7,0,7,28,0,28,2,0,2,30,0,30,2016
111000,"Vergewaltigung und sexuelle Noetigung    177 Abs. 2, 3 und 4, 178 StGB",9663000,Wuerzburg,insg.,13,1,12,0,0,0,0,0,0,0,0,0,3,1,2,0,0,0,10,0,10,0,0,0,10,0,10,2016
210000,"Raub, raeuberische Erpressung und raeuberischer Angriff auf Kraftfahrer    249-252, 255, 316a StGB",5334002,Aachen,voll.,378,262,116,0,0,0,9,8,1,9,8,1,32,27,5,36,29,7,252,177,75,49,21,28,301,198,103,2016
210000,"Raub, raeuberische Erpressung und raeuberischer Angriff auf Kraftfahrer    249-252, 255, 316a StGB",9761000,Augsburg,voll.,78,54,24,0,0,0,0,0,0,0,0,0,5,4,1,7,4,3,59,43,16,7,3,4,66,46,20,2016
210000,"Raub, raeuberische Erpressung und raeuberischer Angriff auf Kraftfahrer    249-252, 255, 316a StGB",5378004,Bergisch Gladbach,voll.,45,30,15,0,0,0,1,0,1,1,0,1,7,6,1,6,5,1,25,15,10,6,4,2,31,19,12,2016
210000,"Raub, raeuberische Erpressung und raeuberischer Angriff auf Kraftfahrer    249-252, 255, 316a StGB",11000000,Berlin,voll.,4906,3501,1405,3,1,2,139,120,19,142,121,21,529,452,77,433,337,96,3302,2356,946,500,235,265,3802,2591,1211,2016
210000,"Raub, raeuberische Erpressung und raeuberischer Angriff auf Kraftfahrer    249-252, 255, 316a StGB",5711000,Bielefeld,voll.,221,164,57,0,0,0,3,3,0,3,3,0,21,18,3,21,17,4,161,117,44,15,9,6,176,126,50,2016
210000,"Raub, raeuberische Erpressung und raeuberischer Angriff auf Kraftfahrer    249-252, 255, 316a StGB",5911000,Bochum,voll.,322,212,110,0,0,0,11,11,0,11,11,0,45,32,13,35,26,9,198,133,65,33,10,23,231,143,88,2016
210000,"Raub, raeuberische Erpressung und raeuberischer Angriff auf Kraftfahrer    249-252, 255, 316a StGB",5314000,Bonn,voll.,302,194,108,0,0,0,6,6,0,6,6,0,32,17,15,37,34,3,202,131,71,25,6,19,227,137,90,2016
210000,"Raub, raeuberische Erpressung und raeuberischer Angriff auf Kraftfahrer    249-252, 255, 316a StGB",5512000,Bottrop,voll.,42,29,13,0,0,0,4,3,1,4,3,1,10,9,1,4,3,1,16,12,4,8,2,6,24,14,10,2016
210000,"Raub, raeuberische Erpressung und raeuberischer Angriff auf Kraftfahrer    249-252, 255, 316a StGB",3101000,Braunschweig,voll.,154,111,43,0,0,0,3,3,0,3,3,0,11,9,2,16,15,1,119,82,37,5,2,3,124,84,40,2016
210000,"Raub, raeuberische Erpressung und raeuberischer Angriff auf Kraftfahrer    249-252, 255, 316a StGB",4011000,Bremen,voll.,858,558,300,0,0,0,10,7,3,10,7,3,73,62,11,94,64,30,574,376,198,107,49,58,681,425,256,2016
210000,"Raub, raeuberische Erpressung und raeuberischer Angriff auf Kraftfahrer    249-252, 255, 316a StGB",4012000,Bremerhaven,voll.,178,118,60,0,0,0,4,3,1,4,3,1,7,3,4,9,9,0,134,91,43,24,12,12,158,103,55,2016
210000,"Raub, raeuberische Erpressung und raeuberischer Angriff auf Kraftfahrer    249-252, 255, 316a StGB",14511000,Chemnitz,voll.,194,134,60,0,0,0,9,6,3,9,6,3,10,6,4,17,16,1,132,102,30,26,4,22,158,106,52,2016
210000,"Raub, raeuberische Erpressung und raeuberischer Angriff auf Kraftfahrer    249-252, 255, 316a StGB",6411000,Darmstadt,voll.,87,68,19,0,0,0,1,1,0,1,1,0,11,10,1,11,8,3,61,47,14,3,2,1,64,49,15,2016
210000,"Raub, raeuberische Erpressung und raeuberischer Angriff auf Kraftfahrer    249-252, 255, 316a StGB",5913000,Dortmund,voll.,800,564,236,0,0,0,17,12,5,17,12,5,63,50,13,77,55,22,578,418,160,65,29,36,643,447,196,2016
210000,"Raub, raeuberische Erpressung und raeuberischer Angriff auf Kraftfahrer    249-252, 255, 316a StGB",14612000,Dresden,voll.,410,322,88,0,0,0,13,10,3,13,10,3,37,30,7,45,35,10,286,235,51,29,12,17,315,247,68,2016
210000,"Raub, raeuberische Erpressung und raeuberischer Angriff auf Kraftfahrer    249-252, 255, 316a StGB",5112000,Duisburg,voll.,414,264,150,1,0,1,22,16,6,23,16,7,42,35,7,33,29,4,272,167,105,44,17,27,316,184,132,2016
210000,"Raub, raeuberische Erpressung und raeuberischer Angriff auf Kraftfahrer    249-252, 255, 316a StGB",5111000,Duesseldorf,voll.,614,426,188,0,0,0,10,9,1,10,9,1,42,35,7,62,53,9,395,293,102,105,36,69,500,329,171,2016
210000,"Raub, raeuberische Erpressung und raeuberischer Angriff auf Kraftfahrer    249-252, 255, 316a StGB",16051000,Erfurt,voll.,150,124,26,0,0,0,4,4,0,4,4,0,15,14,1,19,17,2,105,85,20,7,4,3,112,89,23,2016
210000,"Raub, raeuberische Erpressung und raeuberischer Angriff auf Kraftfahrer    249-252, 255, 316a StGB",9562000,Erlangen,voll.,22,15,7,0,0,0,1,1,0,1,1,0,0,0,0,2,2,0,19,12,7,0,0,0,19,12,7,2016
210000,"Raub, raeuberische Erpressung und raeuberischer Angriff auf Kraftfahrer    249-252, 255, 316a StGB",5113000,Essen,voll.,615,388,227,0,0,0,15,11,4,15,11,4,59,40,19,46,34,12,424,281,143,71,22,49,495,303,192,2016
210000,"Raub, raeuberische Erpressung und raeuberischer Angriff auf Kraftfahrer    249-252, 255, 316a StGB",6412000,Frankfurt am Main,voll.,912,689,223,0,0,0,6,5,1,6,5,1,60,50,10,81,66,15,658,518,140,107,50,57,765,568,197,2016
210000,"Raub, raeuberische Erpressung und raeuberischer Angriff auf Kraftfahrer    249-252, 255, 316a StGB",8311000,Freiburg im Breisgau,voll.,184,138,46,0,0,0,1,1,0,1,1,0,16,13,3,28,20,8,120,88,32,19,16,3,139,104,35,2016
210000,"Raub, raeuberische Erpressung und raeuberischer Angriff auf Kraftfahrer    249-252, 255, 316a StGB",9563000,Fuerth,voll.,31,20,11,0,0,0,1,1,0,1,1,0,3,0,3,0,0,0,27,19,8,0,0,0,27,19,8,2016
210000,"Raub, raeuberische Erpressung und raeuberischer Angriff auf Kraftfahrer    249-252, 255, 316a StGB",5513000,Gelsenkirchen,voll.,266,181,85,0,0,0,11,10,1,11,10,1,17,15,2,27,20,7,185,129,56,26,7,19,211,136,75,2016
210000,"Raub, raeuberische Erpressung und raeuberischer Angriff auf Kraftfahrer    249-252, 255, 316a StGB",3152012,Goettingen,voll.,131,105,26,0,0,0,1,1,0,1,1,0,28,26,2,14,11,3,79,65,14,9,2,7,88,67,21,2016
210000,"Raub, raeuberische Erpressung und raeuberischer Angriff auf Kraftfahrer    249-252, 255, 316a StGB",5914000,Hagen,voll.,135,97,38,0,0,0,3,2,1,3,2,1,15,13,2,9,6,3,96,71,25,12,5,7,108,76,32,2016
210000,"Raub, raeuberische Erpressung und raeuberischer Angriff auf Kraftfahrer    249-252, 255, 316a StGB",15002000,Halle (Saale),voll.,214,159,55,0,0,0,9,9,0,9,9,0,34,30,4,13,11,2,137,99,38,21,10,11,158,109,49,2016
210000,"Raub, raeuberische Erpressung und raeuberischer Angriff auf Kraftfahrer    249-252, 255, 316a StGB",2000000,Hamburg,voll.,2146,1551,595,2,1,1,42,30,12,44,31,13,148,123,25,244,187,57,1531,1123,408,179,87,92,1710,1210,500,2016
210000,"Raub, raeuberische Erpressung und raeuberischer Angriff auf Kraftfahrer    249-252, 255, 316a StGB",5915000,Hamm,voll.,135,93,42,0,0,0,4,4,0,4,4,0,10,5,5,13,8,5,94,71,23,14,5,9,108,76,32,2016
210000,"Raub, raeuberische Erpressung und raeuberischer Angriff auf Kraftfahrer    249-252, 255, 316a StGB",3241001,Hannover,voll.,597,446,151,0,0,0,4,4,0,4,4,0,35,31,4,65,51,14,453,340,113,40,20,20,493,360,133,2016
210000,"Raub, raeuberische Erpressung und raeuberischer Angriff auf Kraftfahrer    249-252, 255, 316a StGB",8221000,Heidelberg,voll.,85,66,19,2,2,0,3,3,0,5,5,0,7,6,1,9,7,2,56,42,14,8,6,2,64,48,16,2016
210000,"Raub, raeuberische Erpressung und raeuberischer Angriff auf Kraftfahrer    249-252, 255, 316a StGB",8121000,Heilbronn,voll.,53,29,24,0,0,0,0,0,0,0,0,0,2,2,0,6,4,2,39,20,19,6,3,3,45,23,22,2016
210000,"Raub, raeuberische Erpressung und raeuberischer Angriff auf Kraftfahrer    249-252, 255, 316a StGB",5916000,Herne,voll.,103,63,40,0,0,0,6,4,2,6,4,2,11,10,1,12,9,3,56,32,24,18,8,10,74,40,34,2016
210000,"Raub, raeuberische Erpressung und raeuberischer Angriff auf Kraftfahrer    249-252, 255, 316a StGB",3254021,Hildesheim,voll.,98,69,29,0,0,0,2,2,0,2,2,0,4,4,0,7,5,2,73,54,19,12,4,8,85,58,27,2016
210000,"Raub, raeuberische Erpressung und raeuberischer Angriff auf Kraftfahrer    249-252, 255, 316a StGB",9161000,Ingolstadt,voll.,52,42,10,0,0,0,4,4,0,4,4,0,7,7,0,5,5,0,32,24,8,4,2,2,36,26,10,2016
210000,"Raub, raeuberische Erpressung und raeuberischer Angriff auf Kraftfahrer    249-252, 255, 316a StGB",16053000,Jena,voll.,39,30,9,0,0,0,1,0,1,1,0,1,2,1,1,7,3,4,28,26,2,1,0,1,29,26,3,2016
210000,"Raub, raeuberische Erpressung und raeuberischer Angriff auf Kraftfahrer    249-252, 255, 316a StGB",8212000,Karlsruhe,voll.,189,146,43,1,0,1,6,6,0,7,6,1,9,7,2,16,14,2,144,111,33,13,8,5,157,119,38,2016
210000,"Raub, raeuberische Erpressung und raeuberischer Angriff auf Kraftfahrer    249-252, 255, 316a StGB",6611000,Kassel,voll.,149,110,39,0,0,0,4,4,0,4,4,0,2,2,0,15,11,4,120,89,31,8,4,4,128,93,35,2016
210000,"Raub, raeuberische Erpressung und raeuberischer Angriff auf Kraftfahrer    249-252, 255, 316a StGB",1002000,Kiel,voll.,282,212,70,0,0,0,2,1,1,2,1,1,17,15,2,33,25,8,215,164,51,15,7,8,230,171,59,2016
210000,"Raub, raeuberische Erpressung und raeuberischer Angriff auf Kraftfahrer    249-252, 255, 316a StGB",7111000,Koblenz,voll.,72,47,25,0,0,0,1,1,0,1,1,0,3,3,0,8,5,3,54,34,20,6,4,2,60,38,22,2016
210000,"Raub, raeuberische Erpressung und raeuberischer Angriff auf Kraftfahrer    249-252, 255, 316a StGB",5315000,Koeln,voll.,1202,829,373,1,1,0,33,30,3,34,31,3,110,84,26,154,99,55,787,562,225,117,53,64,904,615,289,2016
210000,"Raub, raeuberische Erpressung und raeuberischer Angriff auf Kraftfahrer    249-252, 255, 316a StGB",5114000,Krefeld,voll.,187,114,73,0,0,0,5,5,0,5,5,0,21,14,7,12,11,1,117,76,41,32,8,24,149,84,65,2016
210000,"Raub, raeuberische Erpressung und raeuberischer Angriff auf Kraftfahrer    249-252, 255, 316a StGB",14713000,Leipzig,voll.,667,471,196,1,1,0,17,11,6,18,12,6,33,26,7,51,38,13,518,375,143,47,20,27,565,395,170,2016
210000,"Raub, raeuberische Erpressung und raeuberischer Angriff auf Kraftfahrer    249-252, 255, 316a StGB",5316000,Leverkusen,voll.,108,72,36,0,0,0,4,4,0,4,4,0,13,10,3,13,11,2,63,40,23,15,7,8,78,47,31,2016
210000,"Raub, raeuberische Erpressung und raeuberischer Angriff auf Kraftfahrer    249-252, 255, 316a StGB",1003000,Luebeck,voll.,190,150,40,0,0,0,4,4,0,4,4,0,27,23,4,26,25,1,126,95,31,7,3,4,133,98,35,2016
210000,"Raub, raeuberische Erpressung und raeuberischer Angriff auf Kraftfahrer    249-252, 255, 316a StGB",7314000,Ludwigshafen am Rhein,voll.,134,91,43,0,0,0,9,6,3,9,6,3,12,11,1,13,11,2,92,60,32,8,3,5,100,63,37,2016
210000,"Raub, raeuberische Erpressung und raeuberischer Angriff auf Kraftfahrer    249-252, 255, 316a StGB",15003000,Magdeburg,voll.,206,152,54,0,0,0,14,12,2,14,12,2,17,15,2,15,14,1,148,106,42,12,5,7,160,111,49,2016
210000,"Raub, raeuberische Erpressung und raeuberischer Angriff auf Kraftfahrer    249-252, 255, 316a StGB",7315000,Mainz,voll.,100,71,29,0,0,0,1,1,0,1,1,0,17,15,2,8,7,1,67,45,22,7,3,4,74,48,26,2016
210000,"Raub, raeuberische Erpressung und raeuberischer Angriff auf Kraftfahrer    249-252, 255, 316a StGB",8222000,Mannheim,voll.,280,190,90,0,0,0,1,0,1,1,0,1,11,11,0,32,25,7,196,142,54,40,12,28,236,154,82,2016
210000,"Raub, raeuberische Erpressung und raeuberischer Angriff auf Kraftfahrer    249-252, 255, 316a StGB",5170024,Moers,voll.,69,45,24,0,0,0,5,5,0,5,5,0,10,8,2,7,6,1,38,22,16,9,4,5,47,26,21,2016
210000,"Raub, raeuberische Erpressung und raeuberischer Angriff auf Kraftfahrer    249-252, 255, 316a StGB",5116000,Moenchengladbach,voll.,249,167,82,0,0,0,5,5,0,5,5,0,26,20,6,30,28,2,162,103,59,26,11,15,188,114,74,2016
210000,"Raub, raeuberische Erpressung und raeuberischer Angriff auf Kraftfahrer    249-252, 255, 316a StGB",5117000,Muelheim an der Ruhr,voll.,88,57,31,0,0,0,4,4,0,4,4,0,7,5,2,8,7,1,60,37,23,9,4,5,69,41,28,2016
210000,"Raub, raeuberische Erpressung und raeuberischer Angriff auf Kraftfahrer    249-252, 255, 316a StGB",9162000,Muenchen,voll.,504,335,169,0,0,0,22,12,10,22,12,10,37,35,2,46,37,9,352,234,118,47,17,30,399,251,148,2016
210000,"Raub, raeuberische Erpressung und raeuberischer Angriff auf Kraftfahrer    249-252, 255, 316a StGB",5515000,Muenster,voll.,194,152,42,0,0,0,5,5,0,5,5,0,19,18,1,17,14,3,143,109,34,10,6,4,153,115,38,2016
210000,"Raub, raeuberische Erpressung und raeuberischer Angriff auf Kraftfahrer    249-252, 255, 316a StGB",5162024,Neuss,voll.,88,62,26,0,0,0,1,1,0,1,1,0,9,6,3,12,11,1,54,41,13,12,3,9,66,44,22,2016
210000,"Raub, raeuberische Erpressung und raeuberischer Angriff auf Kraftfahrer    249-252, 255, 316a StGB",9564000,Nuernberg,voll.,257,174,83,1,1,0,3,3,0,4,4,0,17,12,5,26,20,6,182,123,59,28,15,13,210,138,72,2016
210000,"Raub, raeuberische Erpressung und raeuberischer Angriff auf Kraftfahrer    249-252, 255, 316a StGB",5119000,Oberhausen,voll.,163,122,41,0,0,0,10,8,2,10,8,2,22,22,0,30,27,3,86,58,28,15,7,8,101,65,36,2016
210000,"Raub, raeuberische Erpressung und raeuberischer Angriff auf Kraftfahrer    249-252, 255, 316a StGB",6413000,Offenbach am Main,voll.,85,60,25,0,0,0,4,4,0,4,4,0,7,7,0,14,11,3,54,34,20,6,4,2,60,38,22,2016
210000,"Raub, raeuberische Erpressung und raeuberischer Angriff auf Kraftfahrer    249-252, 255, 316a StGB",3403000,Oldenburg (Oldenburg),voll.,107,72,35,0,0,0,1,1,0,1,1,0,20,19,1,19,14,5,59,33,26,8,5,3,67,38,29,2016
210000,"Raub, raeuberische Erpressung und raeuberischer Angriff auf Kraftfahrer    249-252, 255, 316a StGB",3404000,Osnabrueck,voll.,143,103,40,0,0,0,0,0,0,0,0,0,9,7,2,16,14,2,104,78,26,14,4,10,118,82,36,2016
210000,"Raub, raeuberische Erpressung und raeuberischer Angriff auf Kraftfahrer    249-252, 255, 316a StGB",5774032,Paderborn,voll.,92,61,31,0,0,0,1,1,0,1,1,0,9,5,4,10,10,0,64,41,23,8,4,4,72,45,27,2016
210000,"Raub, raeuberische Erpressung und raeuberischer Angriff auf Kraftfahrer    249-252, 255, 316a StGB",8231000,Pforzheim,voll.,56,40,16,0,0,0,5,4,1,5,4,1,8,8,0,6,3,3,30,22,8,7,3,4,37,25,12,2016
210000,"Raub, raeuberische Erpressung und raeuberischer Angriff auf Kraftfahrer    249-252, 255, 316a StGB",12054000,Potsdam,voll.,114,90,24,0,0,0,7,7,0,7,7,0,27,25,2,14,13,1,61,44,17,5,1,4,66,45,21,2016
210000,"Raub, raeuberische Erpressung und raeuberischer Angriff auf Kraftfahrer    249-252, 255, 316a StGB",5562032,Recklinghausen,voll.,120,93,27,0,0,0,1,1,0,1,1,0,17,16,1,12,11,1,74,57,17,16,8,8,90,65,25,2016
210000,"Raub, raeuberische Erpressung und raeuberischer Angriff auf Kraftfahrer    249-252, 255, 316a StGB",9362000,Regensburg,voll.,54,34,20,0,0,0,1,0,1,1,0,1,6,5,1,6,5,1,39,23,16,2,1,1,41,24,17,2016
210000,"Raub, raeuberische Erpressung und raeuberischer Angriff auf Kraftfahrer    249-252, 255, 316a StGB",5120000,Remscheid,voll.,47,31,16,0,0,0,0,0,0,0,0,0,8,7,1,6,4,2,27,17,10,6,3,3,33,20,13,2016
210000,"Raub, raeuberische Erpressung und raeuberischer Angriff auf Kraftfahrer    249-252, 255, 316a StGB",8415061,Reutlingen,voll.,25,17,8,0,0,0,0,0,0,0,0,0,1,1,0,3,3,0,19,12,7,2,1,1,21,13,8,2016
210000,"Raub, raeuberische Erpressung und raeuberischer Angriff auf Kraftfahrer    249-252, 255, 316a StGB",13003000,Rostock,voll.,154,106,48,0,0,0,5,5,0,5,5,0,8,6,2,11,8,3,115,81,34,15,6,9,130,87,43,2016
210000,"Raub, raeuberische Erpressung und raeuberischer Angriff auf Kraftfahrer    249-252, 255, 316a StGB",10041100,Saarbruecken,voll.,242,165,77,0,0,0,14,13,1,14,13,1,39,34,5,27,20,7,148,88,60,14,10,4,162,98,64,2016
210000,"Raub, raeuberische Erpressung und raeuberischer Angriff auf Kraftfahrer    249-252, 255, 316a StGB",3102000,Salzgitter,voll.,52,30,22,0,0,0,1,1,0,1,1,0,6,3,3,4,2,2,35,21,14,6,3,3,41,24,17,2016
210000,"Raub, raeuberische Erpressung und raeuberischer Angriff auf Kraftfahrer    249-252, 255, 316a StGB",13004000,Schwerin,voll.,40,30,10,0,0,0,2,2,0,2,2,0,2,1,1,4,2,2,24,21,3,8,4,4,32,25,7,2016
210000,"Raub, raeuberische Erpressung und raeuberischer Angriff auf Kraftfahrer    249-252, 255, 316a StGB",5970040,Siegen,voll.,55,30,25,0,0,0,3,1,2,3,1,2,5,4,1,6,2,4,38,22,16,3,1,2,41,23,18,2016
210000,"Raub, raeuberische Erpressung und raeuberischer Angriff auf Kraftfahrer    249-252, 255, 316a StGB",5122000,Solingen,voll.,92,66,26,0,0,0,5,4,1,5,4,1,16,16,0,8,8,0,52,33,19,11,5,6,63,38,25,2016
210000,"Raub, raeuberische Erpressung und raeuberischer Angriff auf Kraftfahrer    249-252, 255, 316a StGB",8111000,Stuttgart,voll.,554,396,158,0,0,0,10,9,1,10,9,1,51,39,12,70,53,17,387,276,111,36,19,17,423,295,128,2016
210000,"Raub, raeuberische Erpressung und raeuberischer Angriff auf Kraftfahrer    249-252, 255, 316a StGB",7211000,Trier,voll.,63,46,17,0,0,0,0,0,0,0,0,0,8,4,4,7,7,0,45,34,11,3,1,2,48,35,13,2016
210000,"Raub, raeuberische Erpressung und raeuberischer Angriff auf Kraftfahrer    249-252, 255, 316a StGB",8421000,Ulm,voll.,79,57,22,0,0,0,0,0,0,0,0,0,9,6,3,11,7,4,53,42,11,6,2,4,59,44,15,2016
210000,"Raub, raeuberische Erpressung und raeuberischer Angriff auf Kraftfahrer    249-252, 255, 316a StGB",6414000,Wiesbaden,voll.,191,145,46,0,0,0,1,0,1,1,0,1,26,24,2,23,17,6,122,95,27,19,9,10,141,104,37,2016
210000,"Raub, raeuberische Erpressung und raeuberischer Angriff auf Kraftfahrer    249-252, 255, 316a StGB",3103000,Wolfsburg,voll.,67,47,20,0,0,0,4,4,0,4,4,0,11,11,0,7,6,1,44,25,19,1,1,0,45,26,19,2016
210000,"Raub, raeuberische Erpressung und raeuberischer Angriff auf Kraftfahrer    249-252, 255, 316a StGB",5124000,Wuppertal,voll.,339,238,101,0,0,0,13,9,4,13,9,4,34,32,2,34,22,12,226,166,60,32,9,23,258,175,83,2016
210000,"Raub, raeuberische Erpressung und raeuberischer Angriff auf Kraftfahrer    249-252, 255, 316a StGB",9663000,Wuerzburg,voll.,36,28,8,0,0,0,0,0,0,0,0,0,4,4,0,2,2,0,30,22,8,0,0,0,30,22,8,2016
210000,"Raub, raeuberische Erpressung und raeuberischer Angriff auf Kraftfahrer    249-252, 255, 316a StGB",5334002,Aachen,vers.,73,55,18,0,0,0,0,0,0,0,0,0,9,7,2,11,8,3,50,37,13,3,3,0,53,40,13,2016
210000,"Raub, raeuberische Erpressung und raeuberischer Angriff auf Kraftfahrer    249-252, 255, 316a StGB",9761000,Augsburg,vers.,41,21,20,0,0,0,0,0,0,0,0,0,3,3,0,8,6,2,26,12,14,4,0,4,30,12,18,2016
210000,"Raub, raeuberische Erpressung und raeuberischer Angriff auf Kraftfahrer    249-252, 255, 316a StGB",5378004,Bergisch Gladbach,vers.,13,9,4,0,0,0,1,1,0,1,1,0,3,3,0,0,0,0,6,4,2,3,1,2,9,5,4,2016
210000,"Raub, raeuberische Erpressung und raeuberischer Angriff auf Kraftfahrer    249-252, 255, 316a StGB",11000000,Berlin,vers.,1029,702,327,0,0,0,63,51,12,63,51,12,128,111,17,84,63,21,639,422,217,115,55,60,754,477,277,2016
210000,"Raub, raeuberische Erpressung und raeuberischer Angriff auf Kraftfahrer    249-252, 255, 316a StGB",5711000,Bielefeld,vers.,77,54,23,0,0,0,3,2,1,3,2,1,5,3,2,7,7,0,54,37,17,8,5,3,62,42,20,2016
210000,"Raub, raeuberische Erpressung und raeuberischer Angriff auf Kraftfahrer    249-252, 255, 316a StGB",5911000,Bochum,vers.,77,49,28,0,0,0,3,2,1,3,2,1,10,8,2,9,6,3,48,31,17,7,2,5,55,33,22,2016
210000,"Raub, raeuberische Erpressung und raeuberischer Angriff auf Kraftfahrer    249-252, 255, 316a StGB",5314000,Bonn,vers.,79,53,26,0,0,0,4,4,0,4,4,0,3,2,1,9,9,0,56,35,21,7,3,4,63,38,25,2016
210000,"Raub, raeuberische Erpressung und raeuberischer Angriff auf Kraftfahrer    249-252, 255, 316a StGB",5512000,Bottrop,vers.,23,13,10,0,0,0,2,2,0,2,2,0,1,1,0,4,2,2,14,6,8,2,2,0,16,8,8,2016
210000,"Raub, raeuberische Erpressung und raeuberischer Angriff auf Kraftfahrer    249-252, 255, 316a StGB",3101000,Braunschweig,vers.,38,22,16,0,0,0,2,2,0,2,2,0,4,3,1,4,2,2,22,12,10,6,3,3,28,15,13,2016
210000,"Raub, raeuberische Erpressung und raeuberischer Angriff auf Kraftfahrer    249-252, 255, 316a StGB",4011000,Bremen,vers.,198,109,89,0,0,0,6,6,0,6,6,0,22,17,5,19,11,8,120,65,55,31,10,21,151,75,76,2016
210000,"Raub, raeuberische Erpressung und raeuberischer Angriff auf Kraftfahrer    249-252, 255, 316a StGB",4012000,Bremerhaven,vers.,51,29,22,0,0,0,1,0,1,1,0,1,5,3,2,3,3,0,34,21,13,8,2,6,42,23,19,2016
210000,"Raub, raeuberische Erpressung und raeuberischer Angriff auf Kraftfahrer    249-252, 255, 316a StGB",14511000,Chemnitz,vers.,30,17,13,0,0,0,0,0,0,0,0,0,2,2,0,1,1,0,23,13,10,4,1,3,27,14,13,2016
210000,"Raub, raeuberische Erpressung und raeuberischer Angriff auf Kraftfahrer    249-252, 255, 316a StGB",6411000,Darmstadt,vers.,23,11,12,0,0,0,0,0,0,0,0,0,2,1,1,5,2,3,13,6,7,3,2,1,16,8,8,2016
210000,"Raub, raeuberische Erpressung und raeuberischer Angriff auf Kraftfahrer    249-252, 255, 316a StGB",5913000,Dortmund,vers.,165,121,44,0,0,0,5,5,0,5,5,0,15,12,3,14,10,4,115,87,28,16,7,9,131,94,37,2016
210000,"Raub, raeuberische Erpressung und raeuberischer Angriff auf Kraftfahrer    249-252, 255, 316a StGB",14612000,Dresden,vers.,71,50,21,0,0,0,0,0,0,0,0,0,14,11,3,6,6,0,49,32,17,2,1,1,51,33,18,2016
210000,"Raub, raeuberische Erpressung und raeuberischer Angriff auf Kraftfahrer    249-252, 255, 316a StGB",5112000,Duisburg,vers.,170,110,60,0,0,0,20,14,6,20,14,6,21,15,6,7,5,2,92,63,29,30,13,17,122,76,46,2016
210000,"Raub, raeuberische Erpressung und raeuberischer Angriff auf Kraftfahrer    249-252, 255, 316a StGB",5111000,Duesseldorf,vers.,126,73,53,0,0,0,4,3,1,4,3,1,7,5,2,11,9,2,83,52,31,21,4,17,104,56,48,2016
210000,"Raub, raeuberische Erpressung und raeuberischer Angriff auf Kraftfahrer    249-252, 255, 316a StGB",16051000,Erfurt,vers.,37,25,12,0,0,0,2,1,1,2,1,1,4,4,0,6,5,1,23,14,9,2,1,1,25,15,10,2016
210000,"Raub, raeuberische Erpressung und raeuberischer Angriff auf Kraftfahrer    249-252, 255, 316a StGB",9562000,Erlangen,vers.,5,3,2,0,0,0,0,0,0,0,0,0,0,0,0,0,0,0,3,2,1,2,1,1,5,3,2,2016
210000,"Raub, raeuberische Erpressung und raeuberischer Angriff auf Kraftfahrer    249-252, 255, 316a StGB",5113000,Essen,vers.,141,79,62,0,0,0,10,9,1,10,9,1,15,9,6,9,6,3,89,49,40,18,6,12,107,55,52,2016
210000,"Raub, raeuberische Erpressung und raeuberischer Angriff auf Kraftfahrer    249-252, 255, 316a StGB",6412000,Frankfurt am Main,vers.,205,137,68,2,2,0,1,1,0,3,3,0,14,10,4,17,10,7,143,99,44,28,15,13,171,114,57,2016
210000,"Raub, raeuberische Erpressung und raeuberischer Angriff auf Kraftfahrer    249-252, 255, 316a StGB",8311000,Freiburg im Breisgau,vers.,35,22,13,0,0,0,0,0,0,0,0,0,3,2,1,4,4,0,21,15,6,7,1,6,28,16,12,2016
210000,"Raub, raeuberische Erpressung und raeuberischer Angriff auf Kraftfahrer    249-252, 255, 316a StGB",9563000,Fuerth,vers.,10,7,3,0,0,0,0,0,0,0,0,0,2,2,0,0,0,0,8,5,3,0,0,0,8,5,3,2016
210000,"Raub, raeuberische Erpressung und raeuberischer Angriff auf Kraftfahrer    249-252, 255, 316a StGB",5513000,Gelsenkirchen,vers.,77,51,26,0,0,0,2,0,2,2,0,2,16,13,3,8,7,1,37,26,11,14,5,9,51,31,20,2016
210000,"Raub, raeuberische Erpressung und raeuberischer Angriff auf Kraftfahrer    249-252, 255, 316a StGB",3152012,Goettingen,vers.,35,24,11,0,0,0,0,0,0,0,0,0,2,2,0,7,6,1,22,15,7,4,1,3,26,16,10,2016
210000,"Raub, raeuberische Erpressung und raeuberischer Angriff auf Kraftfahrer    249-252, 255, 316a StGB",5914000,Hagen,vers.,33,17,16,0,0,0,4,4,0,4,4,0,3,0,3,0,0,0,19,10,9,7,3,4,26,13,13,2016
210000,"Raub, raeuberische Erpressung und raeuberischer Angriff auf Kraftfahrer    249-252, 255, 316a StGB",15002000,Halle (Saale),vers.,63,45,18,0,0,0,3,2,1,3,2,1,6,6,0,5,4,1,42,29,13,7,4,3,49,33,16,2016
210000,"Raub, raeuberische Erpressung und raeuberischer Angriff auf Kraftfahrer    249-252, 255, 316a StGB",2000000,Hamburg,vers.,498,338,160,1,1,0,14,9,5,15,10,5,63,45,18,58,43,15,315,213,102,47,27,20,362,240,122,2016
210000,"Raub, raeuberische Erpressung und raeuberischer Angriff auf Kraftfahrer    249-252, 255, 316a StGB",5915000,Hamm,vers.,36,28,8,0,0,0,4,4,0,4,4,0,3,2,1,4,3,1,23,17,6,2,2,0,25,19,6,2016
210000,"Raub, raeuberische Erpressung und raeuberischer Angriff auf Kraftfahrer    249-252, 255, 316a StGB",3241001,Hannover,vers.,141,92,49,0,0,0,4,2,2,4,2,2,7,6,1,13,7,6,103,71,32,14,6,8,117,77,40,2016
210000,"Raub, raeuberische Erpressung und raeuberischer Angriff auf Kraftfahrer    249-252, 255, 316a StGB",8221000,Heidelberg,vers.,14,8,6,0,0,0,0,0,0,0,0,0,0,0,0,0,0,0,12,7,5,2,1,1,14,8,6,2016
210000,"Raub, raeuberische Erpressung und raeuberischer Angriff auf Kraftfahrer    249-252, 255, 316a StGB",8121000,Heilbronn,vers.,8,6,2,0,0,0,2,2,0,2,2,0,0,0,0,0,0,0,6,4,2,0,0,0,6,4,2,2016
210000,"Raub, raeuberische Erpressung und raeuberischer Angriff auf Kraftfahrer    249-252, 255, 316a StGB",5916000,Herne,vers.,42,25,17,0,0,0,2,2,0,2,2,0,10,8,2,4,1,3,20,13,7,6,1,5,26,14,12,2016
210000,"Raub, raeuberische Erpressung und raeuberischer Angriff auf Kraftfahrer    249-252, 255, 316a StGB",3254021,Hildesheim,vers.,30,17,13,0,0,0,3,1,2,3,1,2,1,1,0,6,6,0,18,7,11,2,2,0,20,9,11,2016
210000,"Raub, raeuberische Erpressung und raeuberischer Angriff auf Kraftfahrer    249-252, 255, 316a StGB",9161000,Ingolstadt,vers.,12,9,3,0,0,0,0,0,0,0,0,0,1,1,0,3,2,1,8,6,2,0,0,0,8,6,2,2016
210000,"Raub, raeuberische Erpressung und raeuberischer Angriff auf Kraftfahrer    249-252, 255, 316a StGB",16053000,Jena,vers.,9,6,3,0,0,0,0,0,0,0,0,0,2,2,0,1,1,0,6,3,3,0,0,0,6,3,3,2016
210000,"Raub, raeuberische Erpressung und raeuberischer Angriff auf Kraftfahrer    249-252, 255, 316a StGB",8212000,Karlsruhe,vers.,48,31,17,0,0,0,2,2,0,2,2,0,5,5,0,4,3,1,34,20,14,3,1,2,37,21,16,2016
210000,"Raub, raeuberische Erpressung und raeuberischer Angriff auf Kraftfahrer    249-252, 255, 316a StGB",6611000,Kassel,vers.,37,26,11,0,0,0,1,0,1,1,0,1,4,4,0,5,3,2,23,18,5,4,1,3,27,19,8,2016
210000,"Raub, raeuberische Erpressung und raeuberischer Angriff auf Kraftfahrer    249-252, 255, 316a StGB",1002000,Kiel,vers.,70,45,25,0,0,0,0,0,0,0,0,0,5,5,0,5,2,3,53,36,17,7,2,5,60,38,22,2016
210000,"Raub, raeuberische Erpressung und raeuberischer Angriff auf Kraftfahrer    249-252, 255, 316a StGB",7111000,Koblenz,vers.,21,14,7,0,0,0,0,0,0,0,0,0,3,3,0,3,1,2,13,9,4,2,1,1,15,10,5,2016
210000,"Raub, raeuberische Erpressung und raeuberischer Angriff auf Kraftfahrer    249-252, 255, 316a StGB",5315000,Koeln,vers.,336,231,105,0,0,0,27,24,3,27,24,3,35,25,10,45,28,17,201,144,57,28,10,18,229,154,75,2016
210000,"Raub, raeuberische Erpressung und raeuberischer Angriff auf Kraftfahrer    249-252, 255, 316a StGB",5114000,Krefeld,vers.,47,33,14,0,0,0,0,0,0,0,0,0,4,4,0,6,4,2,27,20,7,10,5,5,37,25,12,2016
210000,"Raub, raeuberische Erpressung und raeuberischer Angriff auf Kraftfahrer    249-252, 255, 316a StGB",14713000,Leipzig,vers.,87,54,33,0,0,0,2,2,0,2,2,0,5,2,3,7,5,2,65,44,21,8,1,7,73,45,28,2016
210000,"Raub, raeuberische Erpressung und raeuberischer Angriff auf Kraftfahrer    249-252, 255, 316a StGB",5316000,Leverkusen,vers.,25,16,9,0,0,0,2,1,1,2,1,1,5,4,1,3,2,1,14,8,6,1,1,0,15,9,6,2016
210000,"Raub, raeuberische Erpressung und raeuberischer Angriff auf Kraftfahrer    249-252, 255, 316a StGB",1003000,Luebeck,vers.,47,35,12,0,0,0,3,1,2,3,1,2,8,7,1,4,4,0,27,19,8,5,4,1,32,23,9,2016
210000,"Raub, raeuberische Erpressung und raeuberischer Angriff auf Kraftfahrer    249-252, 255, 316a StGB",7314000,Ludwigshafen am Rhein,vers.,42,26,16,0,0,0,6,5,1,6,5,1,3,3,0,4,2,2,26,14,12,3,2,1,29,16,13,2016
210000,"Raub, raeuberische Erpressung und raeuberischer Angriff auf Kraftfahrer    249-252, 255, 316a StGB",15003000,Magdeburg,vers.,55,39,16,0,0,0,6,5,1,6,5,1,12,11,1,4,3,1,29,17,12,4,3,1,33,20,13,2016
210000,"Raub, raeuberische Erpressung und raeuberischer Angriff auf Kraftfahrer    249-252, 255, 316a StGB",7315000,Mainz,vers.,29,19,10,1,1,0,0,0,0,1,1,0,4,4,0,4,4,0,19,10,9,1,0,1,20,10,10,2016
210000,"Raub, raeuberische Erpressung und raeuberischer Angriff auf Kraftfahrer    249-252, 255, 316a StGB",8222000,Mannheim,vers.,65,38,27,0,0,0,5,2,3,5,2,3,5,4,1,4,2,2,40,26,14,11,4,7,51,30,21,2016
210000,"Raub, raeuberische Erpressung und raeuberischer Angriff auf Kraftfahrer    249-252, 255, 316a StGB",5170024,Moers,vers.,24,14,10,0,0,0,3,2,1,3,2,1,1,1,0,2,1,1,17,10,7,1,0,1,18,10,8,2016
210000,"Raub, raeuberische Erpressung und raeuberischer Angriff auf Kraftfahrer    249-252, 255, 316a StGB",5116000,Moenchengladbach,vers.,55,32,23,0,0,0,5,3,2,5,3,2,5,4,1,5,4,1,34,18,16,6,3,3,40,21,19,2016
210000,"Raub, raeuberische Erpressung und raeuberischer Angriff auf Kraftfahrer    249-252, 255, 316a StGB",5117000,Muelheim an der Ruhr,vers.,21,14,7,0,0,0,5,4,1,5,4,1,6,4,2,1,1,0,7,5,2,2,0,2,9,5,4,2016
210000,"Raub, raeuberische Erpressung und raeuberischer Angriff auf Kraftfahrer    249-252, 255, 316a StGB",9162000,Muenchen,vers.,177,106,71,0,0,0,6,4,2,6,4,2,15,12,3,17,9,8,115,67,48,24,14,10,139,81,58,2016
210000,"Raub, raeuberische Erpressung und raeuberischer Angriff auf Kraftfahrer    249-252, 255, 316a StGB",5515000,Muenster,vers.,43,21,22,0,0,0,4,2,2,4,2,2,4,2,2,3,2,1,27,12,15,5,3,2,32,15,17,2016
210000,"Raub, raeuberische Erpressung und raeuberischer Angriff auf Kraftfahrer    249-252, 255, 316a StGB",5162024,Neuss,vers.,33,22,11,0,0,0,1,0,1,1,0,1,2,2,0,7,5,2,18,12,6,5,3,2,23,15,8,2016
210000,"Raub, raeuberische Erpressung und raeuberischer Angriff auf Kraftfahrer    249-252, 255, 316a StGB",9564000,Nuernberg,vers.,70,49,21,0,0,0,0,0,0,0,0,0,7,5,2,6,6,0,50,33,17,7,5,2,57,38,19,2016
210000,"Raub, raeuberische Erpressung und raeuberischer Angriff auf Kraftfahrer    249-252, 255, 316a StGB",5119000,Oberhausen,vers.,55,31,24,0,0,0,4,4,0,4,4,0,13,9,4,4,3,1,22,11,11,12,4,8,34,15,19,2016
210000,"Raub, raeuberische Erpressung und raeuberischer Angriff auf Kraftfahrer    249-252, 255, 316a StGB",6413000,Offenbach am Main,vers.,18,14,4,0,0,0,3,3,0,3,3,0,1,1,0,2,1,1,8,5,3,4,4,0,12,9,3,2016
210000,"Raub, raeuberische Erpressung und raeuberischer Angriff auf Kraftfahrer    249-252, 255, 316a StGB",3403000,Oldenburg (Oldenburg),vers.,26,19,7,0,0,0,3,3,0,3,3,0,4,4,0,3,1,2,14,10,4,2,1,1,16,11,5,2016
210000,"Raub, raeuberische Erpressung und raeuberischer Angriff auf Kraftfahrer    249-252, 255, 316a StGB",3404000,Osnabrueck,vers.,29,18,11,0,0,0,0,0,0,0,0,0,1,1,0,2,1,1,22,15,7,4,1,3,26,16,10,2016
210000,"Raub, raeuberische Erpressung und raeuberischer Angriff auf Kraftfahrer    249-252, 255, 316a StGB",5774032,Paderborn,vers.,37,21,16,0,0,0,3,2,1,3,2,1,4,2,2,3,3,0,25,13,12,2,1,1,27,14,13,2016
210000,"Raub, raeuberische Erpressung und raeuberischer Angriff auf Kraftfahrer    249-252, 255, 316a StGB",8231000,Pforzheim,vers.,15,10,5,0,0,0,1,1,0,1,1,0,0,0,0,1,1,0,11,7,4,2,1,1,13,8,5,2016
210000,"Raub, raeuberische Erpressung und raeuberischer Angriff auf Kraftfahrer    249-252, 255, 316a StGB",12054000,Potsdam,vers.,20,14,6,0,0,0,2,2,0,2,2,0,2,2,0,2,1,1,12,9,3,2,0,2,14,9,5,2016
210000,"Raub, raeuberische Erpressung und raeuberischer Angriff auf Kraftfahrer    249-252, 255, 316a StGB",5562032,Recklinghausen,vers.,28,22,6,0,0,0,0,0,0,0,0,0,5,4,1,4,4,0,17,12,5,2,2,0,19,14,5,2016
210000,"Raub, raeuberische Erpressung und raeuberischer Angriff auf Kraftfahrer    249-252, 255, 316a StGB",9362000,Regensburg,vers.,20,14,6,0,0,0,1,0,1,1,0,1,4,4,0,3,3,0,9,5,4,3,2,1,12,7,5,2016
210000,"Raub, raeuberische Erpressung und raeuberischer Angriff auf Kraftfahrer    249-252, 255, 316a StGB",5120000,Remscheid,vers.,7,4,3,0,0,0,0,0,0,0,0,0,1,1,0,1,1,0,2,1,1,3,1,2,5,2,3,2016
210000,"Raub, raeuberische Erpressung und raeuberischer Angriff auf Kraftfahrer    249-252, 255, 316a StGB",8415061,Reutlingen,vers.,9,5,4,0,0,0,1,1,0,1,1,0,2,1,1,1,1,0,5,2,3,0,0,0,5,2,3,2016
210000,"Raub, raeuberische Erpressung und raeuberischer Angriff auf Kraftfahrer    249-252, 255, 316a StGB",13003000,Rostock,vers.,30,21,9,0,0,0,1,1,0,1,1,0,4,2,2,2,2,0,22,15,7,1,1,0,23,16,7,2016
210000,"Raub, raeuberische Erpressung und raeuberischer Angriff auf Kraftfahrer    249-252, 255, 316a StGB",10041100,Saarbruecken,vers.,77,44,33,0,0,0,0,0,0,0,0,0,14,11,3,15,11,4,40,20,20,8,2,6,48,22,26,2016
210000,"Raub, raeuberische Erpressung und raeuberischer Angriff auf Kraftfahrer    249-252, 255, 316a StGB",3102000,Salzgitter,vers.,16,9,7,0,0,0,0,0,0,0,0,0,2,2,0,1,0,1,12,6,6,1,1,0,13,7,6,2016
210000,"Raub, raeuberische Erpressung und raeuberischer Angriff auf Kraftfahrer    249-252, 255, 316a StGB",13004000,Schwerin,vers.,6,5,1,0,0,0,0,0,0,0,0,0,1,1,0,1,1,0,4,3,1,0,0,0,4,3,1,2016
210000,"Raub, raeuberische Erpressung und raeuberischer Angriff auf Kraftfahrer    249-252, 255, 316a StGB",5970040,Siegen,vers.,6,3,3,0,0,0,0,0,0,0,0,0,0,0,0,3,2,1,3,1,2,0,0,0,3,1,2,2016
210000,"Raub, raeuberische Erpressung und raeuberischer Angriff auf Kraftfahrer    249-252, 255, 316a StGB",5122000,Solingen,vers.,17,13,4,0,0,0,2,2,0,2,2,0,4,4,0,2,1,1,7,4,3,2,2,0,9,6,3,2016
210000,"Raub, raeuberische Erpressung und raeuberischer Angriff auf Kraftfahrer    249-252, 255, 316a StGB",8111000,Stuttgart,vers.,139,88,51,0,0,0,2,2,0,2,2,0,16,9,7,14,10,4,99,64,35,8,3,5,107,67,40,2016
210000,"Raub, raeuberische Erpressung und raeuberischer Angriff auf Kraftfahrer    249-252, 255, 316a StGB",7211000,Trier,vers.,18,16,2,0,0,0,3,3,0,3,3,0,2,2,0,3,3,0,10,8,2,0,0,0,10,8,2,2016
210000,"Raub, raeuberische Erpressung und raeuberischer Angriff auf Kraftfahrer    249-252, 255, 316a StGB",8421000,Ulm,vers.,13,8,5,0,0,0,1,1,0,1,1,0,0,0,0,2,1,1,10,6,4,0,0,0,10,6,4,2016
210000,"Raub, raeuberische Erpressung und raeuberischer Angriff auf Kraftfahrer    249-252, 255, 316a StGB",6414000,Wiesbaden,vers.,39,30,9,0,0,0,5,5,0,5,5,0,8,7,1,6,6,0,16,11,5,4,1,3,20,12,8,2016
210000,"Raub, raeuberische Erpressung und raeuberischer Angriff auf Kraftfahrer    249-252, 255, 316a StGB",3103000,Wolfsburg,vers.,20,13,7,0,0,0,0,0,0,0,0,0,3,3,0,1,1,0,12,7,5,4,2,2,16,9,7,2016
210000,"Raub, raeuberische Erpressung und raeuberischer Angriff auf Kraftfahrer    249-252, 255, 316a StGB",5124000,Wuppertal,vers.,65,41,24,0,0,0,4,3,1,4,3,1,9,8,1,6,5,1,33,20,13,13,5,8,46,25,21,2016
210000,"Raub, raeuberische Erpressung und raeuberischer Angriff auf Kraftfahrer    249-252, 255, 316a StGB",9663000,Wuerzburg,vers.,8,7,1,0,0,0,0,0,0,0,0,0,4,4,0,1,0,1,3,3,0,0,0,0,3,3,0,2016
210000,"Raub, raeuberische Erpressung und raeuberischer Angriff auf Kraftfahrer    249-252, 255, 316a StGB",5334002,Aachen,insg.,451,317,134,0,0,0,9,8,1,9,8,1,41,34,7,47,37,10,302,214,88,52,24,28,354,238,116,2016
210000,"Raub, raeuberische Erpressung und raeuberischer Angriff auf Kraftfahrer    249-252, 255, 316a StGB",9761000,Augsburg,insg.,119,75,44,0,0,0,0,0,0,0,0,0,8,7,1,15,10,5,85,55,30,11,3,8,96,58,38,2016
210000,"Raub, raeuberische Erpressung und raeuberischer Angriff auf Kraftfahrer    249-252, 255, 316a StGB",5378004,Bergisch Gladbach,insg.,58,39,19,0,0,0,2,1,1,2,1,1,10,9,1,6,5,1,31,19,12,9,5,4,40,24,16,2016
210000,"Raub, raeuberische Erpressung und raeuberischer Angriff auf Kraftfahrer    249-252, 255, 316a StGB",11000000,Berlin,insg.,5935,4203,1732,3,1,2,202,171,31,205,172,33,657,563,94,517,400,117,3941,2778,1163,615,290,325,4556,3068,1488,2016
210000,"Raub, raeuberische Erpressung und raeuberischer Angriff auf Kraftfahrer    249-252, 255, 316a StGB",5711000,Bielefeld,insg.,298,218,80,0,0,0,6,5,1,6,5,1,26,21,5,28,24,4,215,154,61,23,14,9,238,168,70,2016
210000,"Raub, raeuberische Erpressung und raeuberischer Angriff auf Kraftfahrer    249-252, 255, 316a StGB",5911000,Bochum,insg.,399,261,138,0,0,0,14,13,1,14,13,1,55,40,15,44,32,12,246,164,82,40,12,28,286,176,110,2016
210000,"Raub, raeuberische Erpressung und raeuberischer Angriff auf Kraftfahrer    249-252, 255, 316a StGB",5314000,Bonn,insg.,381,247,134,0,0,0,10,10,0,10,10,0,35,19,16,46,43,3,258,166,92,32,9,23,290,175,115,2016
210000,"Raub, raeuberische Erpressung und raeuberischer Angriff auf Kraftfahrer    249-252, 255, 316a StGB",5512000,Bottrop,insg.,65,42,23,0,0,0,6,5,1,6,5,1,11,10,1,8,5,3,30,18,12,10,4,6,40,22,18,2016
210000,"Raub, raeuberische Erpressung und raeuberischer Angriff auf Kraftfahrer    249-252, 255, 316a StGB",3101000,Braunschweig,insg.,192,133,59,0,0,0,5,5,0,5,5,0,15,12,3,20,17,3,141,94,47,11,5,6,152,99,53,2016
210000,"Raub, raeuberische Erpressung und raeuberischer Angriff auf Kraftfahrer    249-252, 255, 316a StGB",4011000,Bremen,insg.,1056,667,389,0,0,0,16,13,3,16,13,3,95,79,16,113,75,38,694,441,253,138,59,79,832,500,332,2016
210000,"Raub, raeuberische Erpressung und raeuberischer Angriff auf Kraftfahrer    249-252, 255, 316a StGB",4012000,Bremerhaven,insg.,229,147,82,0,0,0,5,3,2,5,3,2,12,6,6,12,12,0,168,112,56,32,14,18,200,126,74,2016
210000,"Raub, raeuberische Erpressung und raeuberischer Angriff auf Kraftfahrer    249-252, 255, 316a StGB",14511000,Chemnitz,insg.,224,151,73,0,0,0,9,6,3,9,6,3,12,8,4,18,17,1,155,115,40,30,5,25,185,120,65,2016
210000,"Raub, raeuberische Erpressung und raeuberischer Angriff auf Kraftfahrer    249-252, 255, 316a StGB",6411000,Darmstadt,insg.,110,79,31,0,0,0,1,1,0,1,1,0,13,11,2,16,10,6,74,53,21,6,4,2,80,57,23,2016
210000,"Raub, raeuberische Erpressung und raeuberischer Angriff auf Kraftfahrer    249-252, 255, 316a StGB",5913000,Dortmund,insg.,965,685,280,0,0,0,22,17,5,22,17,5,78,62,16,91,65,26,693,505,188,81,36,45,774,541,233,2016
210000,"Raub, raeuberische Erpressung und raeuberischer Angriff auf Kraftfahrer    249-252, 255, 316a StGB",14612000,Dresden,insg.,481,372,109,0,0,0,13,10,3,13,10,3,51,41,10,51,41,10,335,267,68,31,13,18,366,280,86,2016
210000,"Raub, raeuberische Erpressung und raeuberischer Angriff auf Kraftfahrer    249-252, 255, 316a StGB",5112000,Duisburg,insg.,584,374,210,1,0,1,42,30,12,43,30,13,63,50,13,40,34,6,364,230,134,74,30,44,438,260,178,2016
210000,"Raub, raeuberische Erpressung und raeuberischer Angriff auf Kraftfahrer    249-252, 255, 316a StGB",5111000,Duesseldorf,insg.,740,499,241,0,0,0,14,12,2,14,12,2,49,40,9,73,62,11,478,345,133,126,40,86,604,385,219,2016
210000,"Raub, raeuberische Erpressung und raeuberischer Angriff auf Kraftfahrer    249-252, 255, 316a StGB",16051000,Erfurt,insg.,187,149,38,0,0,0,6,5,1,6,5,1,19,18,1,25,22,3,128,99,29,9,5,4,137,104,33,2016
210000,"Raub, raeuberische Erpressung und raeuberischer Angriff auf Kraftfahrer    249-252, 255, 316a StGB",9562000,Erlangen,insg.,27,18,9,0,0,0,1,1,0,1,1,0,0,0,0,2,2,0,22,14,8,2,1,1,24,15,9,2016
210000,"Raub, raeuberische Erpressung und raeuberischer Angriff auf Kraftfahrer    249-252, 255, 316a StGB",5113000,Essen,insg.,756,467,289,0,0,0,25,20,5,25,20,5,74,49,25,55,40,15,513,330,183,89,28,61,602,358,244,2016
210000,"Raub, raeuberische Erpressung und raeuberischer Angriff auf Kraftfahrer    249-252, 255, 316a StGB",6412000,Frankfurt am Main,insg.,1117,826,291,2,2,0,7,6,1,9,8,1,74,60,14,98,76,22,801,617,184,135,65,70,936,682,254,2016
210000,"Raub, raeuberische Erpressung und raeuberischer Angriff auf Kraftfahrer    249-252, 255, 316a StGB",8311000,Freiburg im Breisgau,insg.,219,160,59,0,0,0,1,1,0,1,1,0,19,15,4,32,24,8,141,103,38,26,17,9,167,120,47,2016
210000,"Raub, raeuberische Erpressung und raeuberischer Angriff auf Kraftfahrer    249-252, 255, 316a StGB",9563000,Fuerth,insg.,41,27,14,0,0,0,1,1,0,1,1,0,5,2,3,0,0,0,35,24,11,0,0,0,35,24,11,2016
210000,"Raub, raeuberische Erpressung und raeuberischer Angriff auf Kraftfahrer    249-252, 255, 316a StGB",5513000,Gelsenkirchen,insg.,343,232,111,0,0,0,13,10,3,13,10,3,33,28,5,35,27,8,222,155,67,40,12,28,262,167,95,2016
210000,"Raub, raeuberische Erpressung und raeuberischer Angriff auf Kraftfahrer    249-252, 255, 316a StGB",3152012,Goettingen,insg.,166,129,37,0,0,0,1,1,0,1,1,0,30,28,2,21,17,4,101,80,21,13,3,10,114,83,31,2016
210000,"Raub, raeuberische Erpressung und raeuberischer Angriff auf Kraftfahrer    249-252, 255, 316a StGB",5914000,Hagen,insg.,168,114,54,0,0,0,7,6,1,7,6,1,18,13,5,9,6,3,115,81,34,19,8,11,134,89,45,2016
210000,"Raub, raeuberische Erpressung und raeuberischer Angriff auf Kraftfahrer    249-252, 255, 316a StGB",15002000,Halle (Saale),insg.,277,204,73,0,0,0,12,11,1,12,11,1,40,36,4,18,15,3,179,128,51,28,14,14,207,142,65,2016
210000,"Raub, raeuberische Erpressung und raeuberischer Angriff auf Kraftfahrer    249-252, 255, 316a StGB",2000000,Hamburg,insg.,2644,1889,755,3,2,1,56,39,17,59,41,18,211,168,43,302,230,72,1846,1336,510,226,114,112,2072,1450,622,2016
210000,"Raub, raeuberische Erpressung und raeuberischer Angriff auf Kraftfahrer    249-252, 255, 316a StGB",5915000,Hamm,insg.,171,121,50,0,0,0,8,8,0,8,8,0,13,7,6,17,11,6,117,88,29,16,7,9,133,95,38,2016
210000,"Raub, raeuberische Erpressung und raeuberischer Angriff auf Kraftfahrer    249-252, 255, 316a StGB",3241001,Hannover,insg.,738,538,200,0,0,0,8,6,2,8,6,2,42,37,5,78,58,20,556,411,145,54,26,28,610,437,173,2016
210000,"Raub, raeuberische Erpressung und raeuberischer Angriff auf Kraftfahrer    249-252, 255, 316a StGB",8221000,Heidelberg,insg.,99,74,25,2,2,0,3,3,0,5,5,0,7,6,1,9,7,2,68,49,19,10,7,3,78,56,22,2016
210000,"Raub, raeuberische Erpressung und raeuberischer Angriff auf Kraftfahrer    249-252, 255, 316a StGB",8121000,Heilbronn,insg.,61,35,26,0,0,0,2,2,0,2,2,0,2,2,0,6,4,2,45,24,21,6,3,3,51,27,24,2016
210000,"Raub, raeuberische Erpressung und raeuberischer Angriff auf Kraftfahrer    249-252, 255, 316a StGB",5916000,Herne,insg.,145,88,57,0,0,0,8,6,2,8,6,2,21,18,3,16,10,6,76,45,31,24,9,15,100,54,46,2016
210000,"Raub, raeuberische Erpressung und raeuberischer Angriff auf Kraftfahrer    249-252, 255, 316a StGB",3254021,Hildesheim,insg.,128,86,42,0,0,0,5,3,2,5,3,2,5,5,0,13,11,2,91,61,30,14,6,8,105,67,38,2016
210000,"Raub, raeuberische Erpressung und raeuberischer Angriff auf Kraftfahrer    249-252, 255, 316a StGB",9161000,Ingolstadt,insg.,64,51,13,0,0,0,4,4,0,4,4,0,8,8,0,8,7,1,40,30,10,4,2,2,44,32,12,2016
210000,"Raub, raeuberische Erpressung und raeuberischer Angriff auf Kraftfahrer    249-252, 255, 316a StGB",16053000,Jena,insg.,48,36,12,0,0,0,1,0,1,1,0,1,4,3,1,8,4,4,34,29,5,1,0,1,35,29,6,2016
210000,"Raub, raeuberische Erpressung und raeuberischer Angriff auf Kraftfahrer    249-252, 255, 316a StGB",8212000,Karlsruhe,insg.,237,177,60,1,0,1,8,8,0,9,8,1,14,12,2,20,17,3,178,131,47,16,9,7,194,140,54,2016
210000,"Raub, raeuberische Erpressung und raeuberischer Angriff auf Kraftfahrer    249-252, 255, 316a StGB",6611000,Kassel,insg.,186,136,50,0,0,0,5,4,1,5,4,1,6,6,0,20,14,6,143,107,36,12,5,7,155,112,43,2016
210000,"Raub, raeuberische Erpressung und raeuberischer Angriff auf Kraftfahrer    249-252, 255, 316a StGB",1002000,Kiel,insg.,352,257,95,0,0,0,2,1,1,2,1,1,22,20,2,38,27,11,268,200,68,22,9,13,290,209,81,2016
210000,"Raub, raeuberische Erpressung und raeuberischer Angriff auf Kraftfahrer    249-252, 255, 316a StGB",7111000,Koblenz,insg.,93,61,32,0,0,0,1,1,0,1,1,0,6,6,0,11,6,5,67,43,24,8,5,3,75,48,27,2016
210000,"Raub, raeuberische Erpressung und raeuberischer Angriff auf Kraftfahrer    249-252, 255, 316a StGB",5315000,Koeln,insg.,1538,1060,478,1,1,0,60,54,6,61,55,6,145,109,36,199,127,72,988,706,282,145,63,82,1133,769,364,2016
210000,"Raub, raeuberische Erpressung und raeuberischer Angriff auf Kraftfahrer    249-252, 255, 316a StGB",5114000,Krefeld,insg.,234,147,87,0,0,0,5,5,0,5,5,0,25,18,7,18,15,3,144,96,48,42,13,29,186,109,77,2016
210000,"Raub, raeuberische Erpressung und raeuberischer Angriff auf Kraftfahrer    249-252, 255, 316a StGB",14713000,Leipzig,insg.,754,525,229,1,1,0,19,13,6,20,14,6,38,28,10,58,43,15,583,419,164,55,21,34,638,440,198,2016
210000,"Raub, raeuberische Erpressung und raeuberischer Angriff auf Kraftfahrer    249-252, 255, 316a StGB",5316000,Leverkusen,insg.,133,88,45,0,0,0,6,5,1,6,5,1,18,14,4,16,13,3,77,48,29,16,8,8,93,56,37,2016
210000,"Raub, raeuberische Erpressung und raeuberischer Angriff auf Kraftfahrer    249-252, 255, 316a StGB",1003000,Luebeck,insg.,237,185,52,0,0,0,7,5,2,7,5,2,35,30,5,30,29,1,153,114,39,12,7,5,165,121,44,2016
210000,"Raub, raeuberische Erpressung und raeuberischer Angriff auf Kraftfahrer    249-252, 255, 316a StGB",7314000,Ludwigshafen am Rhein,insg.,176,117,59,0,0,0,15,11,4,15,11,4,15,14,1,17,13,4,118,74,44,11,5,6,129,79,50,2016
210000,"Raub, raeuberische Erpressung und raeuberischer Angriff auf Kraftfahrer    249-252, 255, 316a StGB",15003000,Magdeburg,insg.,261,191,70,0,0,0,20,17,3,20,17,3,29,26,3,19,17,2,177,123,54,16,8,8,193,131,62,2016
210000,"Raub, raeuberische Erpressung und raeuberischer Angriff auf Kraftfahrer    249-252, 255, 316a StGB",7315000,Mainz,insg.,129,90,39,1,1,0,1,1,0,2,2,0,21,19,2,12,11,1,86,55,31,8,3,5,94,58,36,2016
210000,"Raub, raeuberische Erpressung und raeuberischer Angriff auf Kraftfahrer    249-252, 255, 316a StGB",8222000,Mannheim,insg.,345,228,117,0,0,0,6,2,4,6,2,4,16,15,1,36,27,9,236,168,68,51,16,35,287,184,103,2016
210000,"Raub, raeuberische Erpressung und raeuberischer Angriff auf Kraftfahrer    249-252, 255, 316a StGB",5170024,Moers,insg.,93,59,34,0,0,0,8,7,1,8,7,1,11,9,2,9,7,2,55,32,23,10,4,6,65,36,29,2016
210000,"Raub, raeuberische Erpressung und raeuberischer Angriff auf Kraftfahrer    249-252, 255, 316a StGB",5116000,Moenchengladbach,insg.,304,199,105,0,0,0,10,8,2,10,8,2,31,24,7,35,32,3,196,121,75,32,14,18,228,135,93,2016
210000,"Raub, raeuberische Erpressung und raeuberischer Angriff auf Kraftfahrer    249-252, 255, 316a StGB",5117000,Muelheim an der Ruhr,insg.,109,71,38,0,0,0,9,8,1,9,8,1,13,9,4,9,8,1,67,42,25,11,4,7,78,46,32,2016
210000,"Raub, raeuberische Erpressung und raeuberischer Angriff auf Kraftfahrer    249-252, 255, 316a StGB",9162000,Muenchen,insg.,681,441,240,0,0,0,28,16,12,28,16,12,52,47,5,63,46,17,467,301,166,71,31,40,538,332,206,2016
210000,"Raub, raeuberische Erpressung und raeuberischer Angriff auf Kraftfahrer    249-252, 255, 316a StGB",5515000,Muenster,insg.,237,173,64,0,0,0,9,7,2,9,7,2,23,20,3,20,16,4,170,121,49,15,9,6,185,130,55,2016
210000,"Raub, raeuberische Erpressung und raeuberischer Angriff auf Kraftfahrer    249-252, 255, 316a StGB",5162024,Neuss,insg.,121,84,37,0,0,0,2,1,1,2,1,1,11,8,3,19,16,3,72,53,19,17,6,11,89,59,30,2016
210000,"Raub, raeuberische Erpressung und raeuberischer Angriff auf Kraftfahrer    249-252, 255, 316a StGB",9564000,Nuernberg,insg.,327,223,104,1,1,0,3,3,0,4,4,0,24,17,7,32,26,6,232,156,76,35,20,15,267,176,91,2016
210000,"Raub, raeuberische Erpressung und raeuberischer Angriff auf Kraftfahrer    249-252, 255, 316a StGB",5119000,Oberhausen,insg.,218,153,65,0,0,0,14,12,2,14,12,2,35,31,4,34,30,4,108,69,39,27,11,16,135,80,55,2016
210000,"Raub, raeuberische Erpressung und raeuberischer Angriff auf Kraftfahrer    249-252, 255, 316a StGB",6413000,Offenbach am Main,insg.,103,74,29,0,0,0,7,7,0,7,7,0,8,8,0,16,12,4,62,39,23,10,8,2,72,47,25,2016
210000,"Raub, raeuberische Erpressung und raeuberischer Angriff auf Kraftfahrer    249-252, 255, 316a StGB",3403000,Oldenburg (Oldenburg),insg.,133,91,42,0,0,0,4,4,0,4,4,0,24,23,1,22,15,7,73,43,30,10,6,4,83,49,34,2016
210000,"Raub, raeuberische Erpressung und raeuberischer Angriff auf Kraftfahrer    249-252, 255, 316a StGB",3404000,Osnabrueck,insg.,172,121,51,0,0,0,0,0,0,0,0,0,10,8,2,18,15,3,126,93,33,18,5,13,144,98,46,2016
210000,"Raub, raeuberische Erpressung und raeuberischer Angriff auf Kraftfahrer    249-252, 255, 316a StGB",5774032,Paderborn,insg.,129,82,47,0,0,0,4,3,1,4,3,1,13,7,6,13,13,0,89,54,35,10,5,5,99,59,40,2016
210000,"Raub, raeuberische Erpressung und raeuberischer Angriff auf Kraftfahrer    249-252, 255, 316a StGB",8231000,Pforzheim,insg.,71,50,21,0,0,0,6,5,1,6,5,1,8,8,0,7,4,3,41,29,12,9,4,5,50,33,17,2016
210000,"Raub, raeuberische Erpressung und raeuberischer Angriff auf Kraftfahrer    249-252, 255, 316a StGB",12054000,Potsdam,insg.,134,104,30,0,0,0,9,9,0,9,9,0,29,27,2,16,14,2,73,53,20,7,1,6,80,54,26,2016
210000,"Raub, raeuberische Erpressung und raeuberischer Angriff auf Kraftfahrer    249-252, 255, 316a StGB",5562032,Recklinghausen,insg.,148,115,33,0,0,0,1,1,0,1,1,0,22,20,2,16,15,1,91,69,22,18,10,8,109,79,30,2016
210000,"Raub, raeuberische Erpressung und raeuberischer Angriff auf Kraftfahrer    249-252, 255, 316a StGB",9362000,Regensburg,insg.,74,48,26,0,0,0,2,0,2,2,0,2,10,9,1,9,8,1,48,28,20,5,3,2,53,31,22,2016
210000,"Raub, raeuberische Erpressung und raeuberischer Angriff auf Kraftfahrer    249-252, 255, 316a StGB",5120000,Remscheid,insg.,54,35,19,0,0,0,0,0,0,0,0,0,9,8,1,7,5,2,29,18,11,9,4,5,38,22,16,2016
210000,"Raub, raeuberische Erpressung und raeuberischer Angriff auf Kraftfahrer    249-252, 255, 316a StGB",8415061,Reutlingen,insg.,34,22,12,0,0,0,1,1,0,1,1,0,3,2,1,4,4,0,24,14,10,2,1,1,26,15,11,2016
210000,"Raub, raeuberische Erpressung und raeuberischer Angriff auf Kraftfahrer    249-252, 255, 316a StGB",13003000,Rostock,insg.,184,127,57,0,0,0,6,6,0,6,6,0,12,8,4,13,10,3,137,96,41,16,7,9,153,103,50,2016
210000,"Raub, raeuberische Erpressung und raeuberischer Angriff auf Kraftfahrer    249-252, 255, 316a StGB",10041100,Saarbruecken,insg.,319,209,110,0,0,0,14,13,1,14,13,1,53,45,8,42,31,11,188,108,80,22,12,10,210,120,90,2016
210000,"Raub, raeuberische Erpressung und raeuberischer Angriff auf Kraftfahrer    249-252, 255, 316a StGB",3102000,Salzgitter,insg.,68,39,29,0,0,0,1,1,0,1,1,0,8,5,3,5,2,3,47,27,20,7,4,3,54,31,23,2016
210000,"Raub, raeuberische Erpressung und raeuberischer Angriff auf Kraftfahrer    249-252, 255, 316a StGB",13004000,Schwerin,insg.,46,35,11,0,0,0,2,2,0,2,2,0,3,2,1,5,3,2,28,24,4,8,4,4,36,28,8,2016
210000,"Raub, raeuberische Erpressung und raeuberischer Angriff auf Kraftfahrer    249-252, 255, 316a StGB",5970040,Siegen,insg.,61,33,28,0,0,0,3,1,2,3,1,2,5,4,1,9,4,5,41,23,18,3,1,2,44,24,20,2016
210000,"Raub, raeuberische Erpressung und raeuberischer Angriff auf Kraftfahrer    249-252, 255, 316a StGB",5122000,Solingen,insg.,109,79,30,0,0,0,7,6,1,7,6,1,20,20,0,10,9,1,59,37,22,13,7,6,72,44,28,2016
210000,"Raub, raeuberische Erpressung und raeuberischer Angriff auf Kraftfahrer    249-252, 255, 316a StGB",8111000,Stuttgart,insg.,693,484,209,0,0,0,12,11,1,12,11,1,67,48,19,84,63,21,486,340,146,44,22,22,530,362,168,2016
210000,"Raub, raeuberische Erpressung und raeuberischer Angriff auf Kraftfahrer    249-252, 255, 316a StGB",7211000,Trier,insg.,81,62,19,0,0,0,3,3,0,3,3,0,10,6,4,10,10,0,55,42,13,3,1,2,58,43,15,2016
210000,"Raub, raeuberische Erpressung und raeuberischer Angriff auf Kraftfahrer    249-252, 255, 316a StGB",8421000,Ulm,insg.,92,65,27,0,0,0,1,1,0,1,1,0,9,6,3,13,8,5,63,48,15,6,2,4,69,50,19,2016
210000,"Raub, raeuberische Erpressung und raeuberischer Angriff auf Kraftfahrer    249-252, 255, 316a StGB",6414000,Wiesbaden,insg.,230,175,55,0,0,0,6,5,1,6,5,1,34,31,3,29,23,6,138,106,32,23,10,13,161,116,45,2016
210000,"Raub, raeuberische Erpressung und raeuberischer Angriff auf Kraftfahrer    249-252, 255, 316a StGB",3103000,Wolfsburg,insg.,87,60,27,0,0,0,4,4,0,4,4,0,14,14,0,8,7,1,56,32,24,5,3,2,61,35,26,2016
210000,"Raub, raeuberische Erpressung und raeuberischer Angriff auf Kraftfahrer    249-252, 255, 316a StGB",5124000,Wuppertal,insg.,404,279,125,0,0,0,17,12,5,17,12,5,43,40,3,40,27,13,259,186,73,45,14,31,304,200,104,2016
210000,"Raub, raeuberische Erpressung und raeuberischer Angriff auf Kraftfahrer    249-252, 255, 316a StGB",9663000,Wuerzburg,insg.,44,35,9,0,0,0,0,0,0,0,0,0,8,8,0,3,2,1,33,25,8,0,0,0,33,25,8,2016
211000,"Raub, raeuberische Erpressung auf/gegen Geldinstitute, Postfilialen und -agenturen",5334002,Aachen,voll.,5,2,3,0,0,0,0,0,0,0,0,0,0,0,0,0,0,0,5,2,3,0,0,0,5,2,3,2016
211000,"Raub, raeuberische Erpressung auf/gegen Geldinstitute, Postfilialen und -agenturen",9761000,Augsburg,voll.,5,3,2,0,0,0,0,0,0,0,0,0,1,1,0,1,0,1,3,2,1,0,0,0,3,2,1,2016
211000,"Raub, raeuberische Erpressung auf/gegen Geldinstitute, Postfilialen und -agenturen",5378004,Bergisch Gladbach,voll.,3,1,2,0,0,0,0,0,0,0,0,0,0,0,0,0,0,0,3,1,2,0,0,0,3,1,2,2016
211000,"Raub, raeuberische Erpressung auf/gegen Geldinstitute, Postfilialen und -agenturen",11000000,Berlin,voll.,8,3,5,0,0,0,0,0,0,0,0,0,0,0,0,0,0,0,8,3,5,0,0,0,8,3,5,2016
211000,"Raub, raeuberische Erpressung auf/gegen Geldinstitute, Postfilialen und -agenturen",5711000,Bielefeld,voll.,0,0,0,0,0,0,0,0,0,0,0,0,0,0,0,0,0,0,0,0,0,0,0,0,0,0,0,2016
211000,"Raub, raeuberische Erpressung auf/gegen Geldinstitute, Postfilialen und -agenturen",5911000,Bochum,voll.,2,1,1,0,0,0,0,0,0,0,0,0,0,0,0,0,0,0,2,1,1,0,0,0,2,1,1,2016
211000,"Raub, raeuberische Erpressung auf/gegen Geldinstitute, Postfilialen und -agenturen",5314000,Bonn,voll.,4,2,2,0,0,0,0,0,0,0,0,0,0,0,0,0,0,0,4,2,2,0,0,0,4,2,2,2016
211000,"Raub, raeuberische Erpressung auf/gegen Geldinstitute, Postfilialen und -agenturen",5512000,Bottrop,voll.,0,0,0,0,0,0,0,0,0,0,0,0,0,0,0,0,0,0,0,0,0,0,0,0,0,0,0,2016
211000,"Raub, raeuberische Erpressung auf/gegen Geldinstitute, Postfilialen und -agenturen",3101000,Braunschweig,voll.,0,0,0,0,0,0,0,0,0,0,0,0,0,0,0,0,0,0,0,0,0,0,0,0,0,0,0,2016
211000,"Raub, raeuberische Erpressung auf/gegen Geldinstitute, Postfilialen und -agenturen",4011000,Bremen,voll.,0,0,0,0,0,0,0,0,0,0,0,0,0,0,0,0,0,0,0,0,0,0,0,0,0,0,0,2016
211000,"Raub, raeuberische Erpressung auf/gegen Geldinstitute, Postfilialen und -agenturen",4012000,Bremerhaven,voll.,0,0,0,0,0,0,0,0,0,0,0,0,0,0,0,0,0,0,0,0,0,0,0,0,0,0,0,2016
211000,"Raub, raeuberische Erpressung auf/gegen Geldinstitute, Postfilialen und -agenturen",14511000,Chemnitz,voll.,2,1,1,0,0,0,0,0,0,0,0,0,0,0,0,0,0,0,2,1,1,0,0,0,2,1,1,2016
211000,"Raub, raeuberische Erpressung auf/gegen Geldinstitute, Postfilialen und -agenturen",6411000,Darmstadt,voll.,0,0,0,0,0,0,0,0,0,0,0,0,0,0,0,0,0,0,0,0,0,0,0,0,0,0,0,2016
211000,"Raub, raeuberische Erpressung auf/gegen Geldinstitute, Postfilialen und -agenturen",5913000,Dortmund,voll.,0,0,0,0,0,0,0,0,0,0,0,0,0,0,0,0,0,0,0,0,0,0,0,0,0,0,0,2016
211000,"Raub, raeuberische Erpressung auf/gegen Geldinstitute, Postfilialen und -agenturen",14612000,Dresden,voll.,0,0,0,0,0,0,0,0,0,0,0,0,0,0,0,0,0,0,0,0,0,0,0,0,0,0,0,2016
211000,"Raub, raeuberische Erpressung auf/gegen Geldinstitute, Postfilialen und -agenturen",5112000,Duisburg,voll.,0,0,0,0,0,0,0,0,0,0,0,0,0,0,0,0,0,0,0,0,0,0,0,0,0,0,0,2016
211000,"Raub, raeuberische Erpressung auf/gegen Geldinstitute, Postfilialen und -agenturen",5111000,Duesseldorf,voll.,2,0,2,0,0,0,0,0,0,0,0,0,0,0,0,0,0,0,0,0,0,2,0,2,2,0,2,2016
211000,"Raub, raeuberische Erpressung auf/gegen Geldinstitute, Postfilialen und -agenturen",16051000,Erfurt,voll.,0,0,0,0,0,0,0,0,0,0,0,0,0,0,0,0,0,0,0,0,0,0,0,0,0,0,0,2016
211000,"Raub, raeuberische Erpressung auf/gegen Geldinstitute, Postfilialen und -agenturen",9562000,Erlangen,voll.,0,0,0,0,0,0,0,0,0,0,0,0,0,0,0,0,0,0,0,0,0,0,0,0,0,0,0,2016
211000,"Raub, raeuberische Erpressung auf/gegen Geldinstitute, Postfilialen und -agenturen",5113000,Essen,voll.,1,0,1,0,0,0,0,0,0,0,0,0,0,0,0,0,0,0,0,0,0,1,0,1,1,0,1,2016
211000,"Raub, raeuberische Erpressung auf/gegen Geldinstitute, Postfilialen und -agenturen",6412000,Frankfurt am Main,voll.,5,2,3,0,0,0,0,0,0,0,0,0,0,0,0,0,0,0,4,1,3,1,1,0,5,2,3,2016
211000,"Raub, raeuberische Erpressung auf/gegen Geldinstitute, Postfilialen und -agenturen",8311000,Freiburg im Breisgau,voll.,0,0,0,0,0,0,0,0,0,0,0,0,0,0,0,0,0,0,0,0,0,0,0,0,0,0,0,2016
211000,"Raub, raeuberische Erpressung auf/gegen Geldinstitute, Postfilialen und -agenturen",9563000,Fuerth,voll.,0,0,0,0,0,0,0,0,0,0,0,0,0,0,0,0,0,0,0,0,0,0,0,0,0,0,0,2016
211000,"Raub, raeuberische Erpressung auf/gegen Geldinstitute, Postfilialen und -agenturen",5513000,Gelsenkirchen,voll.,0,0,0,0,0,0,0,0,0,0,0,0,0,0,0,0,0,0,0,0,0,0,0,0,0,0,0,2016
211000,"Raub, raeuberische Erpressung auf/gegen Geldinstitute, Postfilialen und -agenturen",3152012,Goettingen,voll.,0,0,0,0,0,0,0,0,0,0,0,0,0,0,0,0,0,0,0,0,0,0,0,0,0,0,0,2016
211000,"Raub, raeuberische Erpressung auf/gegen Geldinstitute, Postfilialen und -agenturen",5914000,Hagen,voll.,2,0,2,0,0,0,0,0,0,0,0,0,0,0,0,0,0,0,2,0,2,0,0,0,2,0,2,2016
211000,"Raub, raeuberische Erpressung auf/gegen Geldinstitute, Postfilialen und -agenturen",15002000,Halle (Saale),voll.,0,0,0,0,0,0,0,0,0,0,0,0,0,0,0,0,0,0,0,0,0,0,0,0,0,0,0,2016
211000,"Raub, raeuberische Erpressung auf/gegen Geldinstitute, Postfilialen und -agenturen",2000000,Hamburg,voll.,8,3,5,0,0,0,0,0,0,0,0,0,0,0,0,0,0,0,7,3,4,1,0,1,8,3,5,2016
211000,"Raub, raeuberische Erpressung auf/gegen Geldinstitute, Postfilialen und -agenturen",5915000,Hamm,voll.,0,0,0,0,0,0,0,0,0,0,0,0,0,0,0,0,0,0,0,0,0,0,0,0,0,0,0,2016
211000,"Raub, raeuberische Erpressung auf/gegen Geldinstitute, Postfilialen und -agenturen",3241001,Hannover,voll.,1,1,0,0,0,0,0,0,0,0,0,0,0,0,0,0,0,0,1,1,0,0,0,0,1,1,0,2016
211000,"Raub, raeuberische Erpressung auf/gegen Geldinstitute, Postfilialen und -agenturen",8221000,Heidelberg,voll.,0,0,0,0,0,0,0,0,0,0,0,0,0,0,0,0,0,0,0,0,0,0,0,0,0,0,0,2016
211000,"Raub, raeuberische Erpressung auf/gegen Geldinstitute, Postfilialen und -agenturen",8121000,Heilbronn,voll.,0,0,0,0,0,0,0,0,0,0,0,0,0,0,0,0,0,0,0,0,0,0,0,0,0,0,0,2016
211000,"Raub, raeuberische Erpressung auf/gegen Geldinstitute, Postfilialen und -agenturen",5916000,Herne,voll.,0,0,0,0,0,0,0,0,0,0,0,0,0,0,0,0,0,0,0,0,0,0,0,0,0,0,0,2016
211000,"Raub, raeuberische Erpressung auf/gegen Geldinstitute, Postfilialen und -agenturen",3254021,Hildesheim,voll.,0,0,0,0,0,0,0,0,0,0,0,0,0,0,0,0,0,0,0,0,0,0,0,0,0,0,0,2016
211000,"Raub, raeuberische Erpressung auf/gegen Geldinstitute, Postfilialen und -agenturen",9161000,Ingolstadt,voll.,0,0,0,0,0,0,0,0,0,0,0,0,0,0,0,0,0,0,0,0,0,0,0,0,0,0,0,2016
211000,"Raub, raeuberische Erpressung auf/gegen Geldinstitute, Postfilialen und -agenturen",16053000,Jena,voll.,0,0,0,0,0,0,0,0,0,0,0,0,0,0,0,0,0,0,0,0,0,0,0,0,0,0,0,2016
211000,"Raub, raeuberische Erpressung auf/gegen Geldinstitute, Postfilialen und -agenturen",8212000,Karlsruhe,voll.,0,0,0,0,0,0,0,0,0,0,0,0,0,0,0,0,0,0,0,0,0,0,0,0,0,0,0,2016
211000,"Raub, raeuberische Erpressung auf/gegen Geldinstitute, Postfilialen und -agenturen",6611000,Kassel,voll.,0,0,0,0,0,0,0,0,0,0,0,0,0,0,0,0,0,0,0,0,0,0,0,0,0,0,0,2016
211000,"Raub, raeuberische Erpressung auf/gegen Geldinstitute, Postfilialen und -agenturen",1002000,Kiel,voll.,0,0,0,0,0,0,0,0,0,0,0,0,0,0,0,0,0,0,0,0,0,0,0,0,0,0,0,2016
211000,"Raub, raeuberische Erpressung auf/gegen Geldinstitute, Postfilialen und -agenturen",7111000,Koblenz,voll.,0,0,0,0,0,0,0,0,0,0,0,0,0,0,0,0,0,0,0,0,0,0,0,0,0,0,0,2016
211000,"Raub, raeuberische Erpressung auf/gegen Geldinstitute, Postfilialen und -agenturen",5315000,Koeln,voll.,2,0,2,0,0,0,0,0,0,0,0,0,0,0,0,0,0,0,2,0,2,0,0,0,2,0,2,2016
211000,"Raub, raeuberische Erpressung auf/gegen Geldinstitute, Postfilialen und -agenturen",5114000,Krefeld,voll.,0,0,0,0,0,0,0,0,0,0,0,0,0,0,0,0,0,0,0,0,0,0,0,0,0,0,0,2016
211000,"Raub, raeuberische Erpressung auf/gegen Geldinstitute, Postfilialen und -agenturen",14713000,Leipzig,voll.,25,7,18,0,0,0,0,0,0,0,0,0,0,0,0,1,1,0,24,6,18,0,0,0,24,6,18,2016
211000,"Raub, raeuberische Erpressung auf/gegen Geldinstitute, Postfilialen und -agenturen",5316000,Leverkusen,voll.,0,0,0,0,0,0,0,0,0,0,0,0,0,0,0,0,0,0,0,0,0,0,0,0,0,0,0,2016
211000,"Raub, raeuberische Erpressung auf/gegen Geldinstitute, Postfilialen und -agenturen",1003000,Luebeck,voll.,0,0,0,0,0,0,0,0,0,0,0,0,0,0,0,0,0,0,0,0,0,0,0,0,0,0,0,2016
211000,"Raub, raeuberische Erpressung auf/gegen Geldinstitute, Postfilialen und -agenturen",7314000,Ludwigshafen am Rhein,voll.,0,0,0,0,0,0,0,0,0,0,0,0,0,0,0,0,0,0,0,0,0,0,0,0,0,0,0,2016
211000,"Raub, raeuberische Erpressung auf/gegen Geldinstitute, Postfilialen und -agenturen",15003000,Magdeburg,voll.,1,0,1,0,0,0,0,0,0,0,0,0,0,0,0,0,0,0,1,0,1,0,0,0,1,0,1,2016
211000,"Raub, raeuberische Erpressung auf/gegen Geldinstitute, Postfilialen und -agenturen",7315000,Mainz,voll.,7,4,3,0,0,0,0,0,0,0,0,0,0,0,0,0,0,0,7,4,3,0,0,0,7,4,3,2016
211000,"Raub, raeuberische Erpressung auf/gegen Geldinstitute, Postfilialen und -agenturen",8222000,Mannheim,voll.,2,1,1,0,0,0,0,0,0,0,0,0,0,0,0,0,0,0,2,1,1,0,0,0,2,1,1,2016
211000,"Raub, raeuberische Erpressung auf/gegen Geldinstitute, Postfilialen und -agenturen",5170024,Moers,voll.,0,0,0,0,0,0,0,0,0,0,0,0,0,0,0,0,0,0,0,0,0,0,0,0,0,0,0,2016
211000,"Raub, raeuberische Erpressung auf/gegen Geldinstitute, Postfilialen und -agenturen",5116000,Moenchengladbach,voll.,0,0,0,0,0,0,0,0,0,0,0,0,0,0,0,0,0,0,0,0,0,0,0,0,0,0,0,2016
211000,"Raub, raeuberische Erpressung auf/gegen Geldinstitute, Postfilialen und -agenturen",5117000,Muelheim an der Ruhr,voll.,0,0,0,0,0,0,0,0,0,0,0,0,0,0,0,0,0,0,0,0,0,0,0,0,0,0,0,2016
211000,"Raub, raeuberische Erpressung auf/gegen Geldinstitute, Postfilialen und -agenturen",9162000,Muenchen,voll.,6,0,6,0,0,0,0,0,0,0,0,0,0,0,0,1,0,1,5,0,5,0,0,0,5,0,5,2016
211000,"Raub, raeuberische Erpressung auf/gegen Geldinstitute, Postfilialen und -agenturen",5515000,Muenster,voll.,0,0,0,0,0,0,0,0,0,0,0,0,0,0,0,0,0,0,0,0,0,0,0,0,0,0,0,2016
211000,"Raub, raeuberische Erpressung auf/gegen Geldinstitute, Postfilialen und -agenturen",5162024,Neuss,voll.,0,0,0,0,0,0,0,0,0,0,0,0,0,0,0,0,0,0,0,0,0,0,0,0,0,0,0,2016
211000,"Raub, raeuberische Erpressung auf/gegen Geldinstitute, Postfilialen und -agenturen",9564000,Nuernberg,voll.,0,0,0,0,0,0,0,0,0,0,0,0,0,0,0,0,0,0,0,0,0,0,0,0,0,0,0,2016
211000,"Raub, raeuberische Erpressung auf/gegen Geldinstitute, Postfilialen und -agenturen",5119000,Oberhausen,voll.,0,0,0,0,0,0,0,0,0,0,0,0,0,0,0,0,0,0,0,0,0,0,0,0,0,0,0,2016
211000,"Raub, raeuberische Erpressung auf/gegen Geldinstitute, Postfilialen und -agenturen",6413000,Offenbach am Main,voll.,0,0,0,0,0,0,0,0,0,0,0,0,0,0,0,0,0,0,0,0,0,0,0,0,0,0,0,2016
211000,"Raub, raeuberische Erpressung auf/gegen Geldinstitute, Postfilialen und -agenturen",3403000,Oldenburg (Oldenburg),voll.,0,0,0,0,0,0,0,0,0,0,0,0,0,0,0,0,0,0,0,0,0,0,0,0,0,0,0,2016
211000,"Raub, raeuberische Erpressung auf/gegen Geldinstitute, Postfilialen und -agenturen",3404000,Osnabrueck,voll.,0,0,0,0,0,0,0,0,0,0,0,0,0,0,0,0,0,0,0,0,0,0,0,0,0,0,0,2016
211000,"Raub, raeuberische Erpressung auf/gegen Geldinstitute, Postfilialen und -agenturen",5774032,Paderborn,voll.,0,0,0,0,0,0,0,0,0,0,0,0,0,0,0,0,0,0,0,0,0,0,0,0,0,0,0,2016
211000,"Raub, raeuberische Erpressung auf/gegen Geldinstitute, Postfilialen und -agenturen",8231000,Pforzheim,voll.,0,0,0,0,0,0,0,0,0,0,0,0,0,0,0,0,0,0,0,0,0,0,0,0,0,0,0,2016
211000,"Raub, raeuberische Erpressung auf/gegen Geldinstitute, Postfilialen und -agenturen",12054000,Potsdam,voll.,0,0,0,0,0,0,0,0,0,0,0,0,0,0,0,0,0,0,0,0,0,0,0,0,0,0,0,2016
211000,"Raub, raeuberische Erpressung auf/gegen Geldinstitute, Postfilialen und -agenturen",5562032,Recklinghausen,voll.,0,0,0,0,0,0,0,0,0,0,0,0,0,0,0,0,0,0,0,0,0,0,0,0,0,0,0,2016
211000,"Raub, raeuberische Erpressung auf/gegen Geldinstitute, Postfilialen und -agenturen",9362000,Regensburg,voll.,0,0,0,0,0,0,0,0,0,0,0,0,0,0,0,0,0,0,0,0,0,0,0,0,0,0,0,2016
211000,"Raub, raeuberische Erpressung auf/gegen Geldinstitute, Postfilialen und -agenturen",5120000,Remscheid,voll.,0,0,0,0,0,0,0,0,0,0,0,0,0,0,0,0,0,0,0,0,0,0,0,0,0,0,0,2016
211000,"Raub, raeuberische Erpressung auf/gegen Geldinstitute, Postfilialen und -agenturen",8415061,Reutlingen,voll.,0,0,0,0,0,0,0,0,0,0,0,0,0,0,0,0,0,0,0,0,0,0,0,0,0,0,0,2016
211000,"Raub, raeuberische Erpressung auf/gegen Geldinstitute, Postfilialen und -agenturen",13003000,Rostock,voll.,0,0,0,0,0,0,0,0,0,0,0,0,0,0,0,0,0,0,0,0,0,0,0,0,0,0,0,2016
211000,"Raub, raeuberische Erpressung auf/gegen Geldinstitute, Postfilialen und -agenturen",10041100,Saarbruecken,voll.,0,0,0,0,0,0,0,0,0,0,0,0,0,0,0,0,0,0,0,0,0,0,0,0,0,0,0,2016
211000,"Raub, raeuberische Erpressung auf/gegen Geldinstitute, Postfilialen und -agenturen",3102000,Salzgitter,voll.,0,0,0,0,0,0,0,0,0,0,0,0,0,0,0,0,0,0,0,0,0,0,0,0,0,0,0,2016
211000,"Raub, raeuberische Erpressung auf/gegen Geldinstitute, Postfilialen und -agenturen",13004000,Schwerin,voll.,0,0,0,0,0,0,0,0,0,0,0,0,0,0,0,0,0,0,0,0,0,0,0,0,0,0,0,2016
211000,"Raub, raeuberische Erpressung auf/gegen Geldinstitute, Postfilialen und -agenturen",5970040,Siegen,voll.,0,0,0,0,0,0,0,0,0,0,0,0,0,0,0,0,0,0,0,0,0,0,0,0,0,0,0,2016
211000,"Raub, raeuberische Erpressung auf/gegen Geldinstitute, Postfilialen und -agenturen",5122000,Solingen,voll.,0,0,0,0,0,0,0,0,0,0,0,0,0,0,0,0,0,0,0,0,0,0,0,0,0,0,0,2016
211000,"Raub, raeuberische Erpressung auf/gegen Geldinstitute, Postfilialen und -agenturen",8111000,Stuttgart,voll.,0,0,0,0,0,0,0,0,0,0,0,0,0,0,0,0,0,0,0,0,0,0,0,0,0,0,0,2016
211000,"Raub, raeuberische Erpressung auf/gegen Geldinstitute, Postfilialen und -agenturen",7211000,Trier,voll.,0,0,0,0,0,0,0,0,0,0,0,0,0,0,0,0,0,0,0,0,0,0,0,0,0,0,0,2016
211000,"Raub, raeuberische Erpressung auf/gegen Geldinstitute, Postfilialen und -agenturen",8421000,Ulm,voll.,0,0,0,0,0,0,0,0,0,0,0,0,0,0,0,0,0,0,0,0,0,0,0,0,0,0,0,2016
211000,"Raub, raeuberische Erpressung auf/gegen Geldinstitute, Postfilialen und -agenturen",6414000,Wiesbaden,voll.,0,0,0,0,0,0,0,0,0,0,0,0,0,0,0,0,0,0,0,0,0,0,0,0,0,0,0,2016
211000,"Raub, raeuberische Erpressung auf/gegen Geldinstitute, Postfilialen und -agenturen",3103000,Wolfsburg,voll.,0,0,0,0,0,0,0,0,0,0,0,0,0,0,0,0,0,0,0,0,0,0,0,0,0,0,0,2016
211000,"Raub, raeuberische Erpressung auf/gegen Geldinstitute, Postfilialen und -agenturen",5124000,Wuppertal,voll.,0,0,0,0,0,0,0,0,0,0,0,0,0,0,0,0,0,0,0,0,0,0,0,0,0,0,0,2016
211000,"Raub, raeuberische Erpressung auf/gegen Geldinstitute, Postfilialen und -agenturen",9663000,Wuerzburg,voll.,0,0,0,0,0,0,0,0,0,0,0,0,0,0,0,0,0,0,0,0,0,0,0,0,0,0,0,2016
211000,"Raub, raeuberische Erpressung auf/gegen Geldinstitute, Postfilialen und -agenturen",5334002,Aachen,vers.,0,0,0,0,0,0,0,0,0,0,0,0,0,0,0,0,0,0,0,0,0,0,0,0,0,0,0,2016
211000,"Raub, raeuberische Erpressung auf/gegen Geldinstitute, Postfilialen und -agenturen",9761000,Augsburg,vers.,1,0,1,0,0,0,0,0,0,0,0,0,0,0,0,0,0,0,1,0,1,0,0,0,1,0,1,2016
211000,"Raub, raeuberische Erpressung auf/gegen Geldinstitute, Postfilialen und -agenturen",5378004,Bergisch Gladbach,vers.,0,0,0,0,0,0,0,0,0,0,0,0,0,0,0,0,0,0,0,0,0,0,0,0,0,0,0,2016
211000,"Raub, raeuberische Erpressung auf/gegen Geldinstitute, Postfilialen und -agenturen",11000000,Berlin,vers.,1,1,0,0,0,0,0,0,0,0,0,0,0,0,0,0,0,0,1,1,0,0,0,0,1,1,0,2016
211000,"Raub, raeuberische Erpressung auf/gegen Geldinstitute, Postfilialen und -agenturen",5711000,Bielefeld,vers.,0,0,0,0,0,0,0,0,0,0,0,0,0,0,0,0,0,0,0,0,0,0,0,0,0,0,0,2016
211000,"Raub, raeuberische Erpressung auf/gegen Geldinstitute, Postfilialen und -agenturen",5911000,Bochum,vers.,0,0,0,0,0,0,0,0,0,0,0,0,0,0,0,0,0,0,0,0,0,0,0,0,0,0,0,2016
211000,"Raub, raeuberische Erpressung auf/gegen Geldinstitute, Postfilialen und -agenturen",5314000,Bonn,vers.,0,0,0,0,0,0,0,0,0,0,0,0,0,0,0,0,0,0,0,0,0,0,0,0,0,0,0,2016
211000,"Raub, raeuberische Erpressung auf/gegen Geldinstitute, Postfilialen und -agenturen",5512000,Bottrop,vers.,0,0,0,0,0,0,0,0,0,0,0,0,0,0,0,0,0,0,0,0,0,0,0,0,0,0,0,2016
211000,"Raub, raeuberische Erpressung auf/gegen Geldinstitute, Postfilialen und -agenturen",3101000,Braunschweig,vers.,0,0,0,0,0,0,0,0,0,0,0,0,0,0,0,0,0,0,0,0,0,0,0,0,0,0,0,2016
211000,"Raub, raeuberische Erpressung auf/gegen Geldinstitute, Postfilialen und -agenturen",4011000,Bremen,vers.,0,0,0,0,0,0,0,0,0,0,0,0,0,0,0,0,0,0,0,0,0,0,0,0,0,0,0,2016
211000,"Raub, raeuberische Erpressung auf/gegen Geldinstitute, Postfilialen und -agenturen",4012000,Bremerhaven,vers.,0,0,0,0,0,0,0,0,0,0,0,0,0,0,0,0,0,0,0,0,0,0,0,0,0,0,0,2016
211000,"Raub, raeuberische Erpressung auf/gegen Geldinstitute, Postfilialen und -agenturen",14511000,Chemnitz,vers.,0,0,0,0,0,0,0,0,0,0,0,0,0,0,0,0,0,0,0,0,0,0,0,0,0,0,0,2016
211000,"Raub, raeuberische Erpressung auf/gegen Geldinstitute, Postfilialen und -agenturen",6411000,Darmstadt,vers.,0,0,0,0,0,0,0,0,0,0,0,0,0,0,0,0,0,0,0,0,0,0,0,0,0,0,0,2016
211000,"Raub, raeuberische Erpressung auf/gegen Geldinstitute, Postfilialen und -agenturen",5913000,Dortmund,vers.,0,0,0,0,0,0,0,0,0,0,0,0,0,0,0,0,0,0,0,0,0,0,0,0,0,0,0,2016
211000,"Raub, raeuberische Erpressung auf/gegen Geldinstitute, Postfilialen und -agenturen",14612000,Dresden,vers.,0,0,0,0,0,0,0,0,0,0,0,0,0,0,0,0,0,0,0,0,0,0,0,0,0,0,0,2016
211000,"Raub, raeuberische Erpressung auf/gegen Geldinstitute, Postfilialen und -agenturen",5112000,Duisburg,vers.,0,0,0,0,0,0,0,0,0,0,0,0,0,0,0,0,0,0,0,0,0,0,0,0,0,0,0,2016
211000,"Raub, raeuberische Erpressung auf/gegen Geldinstitute, Postfilialen und -agenturen",5111000,Duesseldorf,vers.,0,0,0,0,0,0,0,0,0,0,0,0,0,0,0,0,0,0,0,0,0,0,0,0,0,0,0,2016
211000,"Raub, raeuberische Erpressung auf/gegen Geldinstitute, Postfilialen und -agenturen",16051000,Erfurt,vers.,0,0,0,0,0,0,0,0,0,0,0,0,0,0,0,0,0,0,0,0,0,0,0,0,0,0,0,2016
211000,"Raub, raeuberische Erpressung auf/gegen Geldinstitute, Postfilialen und -agenturen",9562000,Erlangen,vers.,0,0,0,0,0,0,0,0,0,0,0,0,0,0,0,0,0,0,0,0,0,0,0,0,0,0,0,2016
211000,"Raub, raeuberische Erpressung auf/gegen Geldinstitute, Postfilialen und -agenturen",5113000,Essen,vers.,0,0,0,0,0,0,0,0,0,0,0,0,0,0,0,0,0,0,0,0,0,0,0,0,0,0,0,2016
211000,"Raub, raeuberische Erpressung auf/gegen Geldinstitute, Postfilialen und -agenturen",6412000,Frankfurt am Main,vers.,1,1,0,0,0,0,0,0,0,0,0,0,0,0,0,1,1,0,0,0,0,0,0,0,0,0,0,2016
211000,"Raub, raeuberische Erpressung auf/gegen Geldinstitute, Postfilialen und -agenturen",8311000,Freiburg im Breisgau,vers.,0,0,0,0,0,0,0,0,0,0,0,0,0,0,0,0,0,0,0,0,0,0,0,0,0,0,0,2016
211000,"Raub, raeuberische Erpressung auf/gegen Geldinstitute, Postfilialen und -agenturen",9563000,Fuerth,vers.,0,0,0,0,0,0,0,0,0,0,0,0,0,0,0,0,0,0,0,0,0,0,0,0,0,0,0,2016
211000,"Raub, raeuberische Erpressung auf/gegen Geldinstitute, Postfilialen und -agenturen",5513000,Gelsenkirchen,vers.,1,1,0,0,0,0,0,0,0,0,0,0,0,0,0,0,0,0,1,1,0,0,0,0,1,1,0,2016
211000,"Raub, raeuberische Erpressung auf/gegen Geldinstitute, Postfilialen und -agenturen",3152012,Goettingen,vers.,0,0,0,0,0,0,0,0,0,0,0,0,0,0,0,0,0,0,0,0,0,0,0,0,0,0,0,2016
211000,"Raub, raeuberische Erpressung auf/gegen Geldinstitute, Postfilialen und -agenturen",5914000,Hagen,vers.,0,0,0,0,0,0,0,0,0,0,0,0,0,0,0,0,0,0,0,0,0,0,0,0,0,0,0,2016
211000,"Raub, raeuberische Erpressung auf/gegen Geldinstitute, Postfilialen und -agenturen",15002000,Halle (Saale),vers.,0,0,0,0,0,0,0,0,0,0,0,0,0,0,0,0,0,0,0,0,0,0,0,0,0,0,0,2016
211000,"Raub, raeuberische Erpressung auf/gegen Geldinstitute, Postfilialen und -agenturen",2000000,Hamburg,vers.,0,0,0,0,0,0,0,0,0,0,0,0,0,0,0,0,0,0,0,0,0,0,0,0,0,0,0,2016
211000,"Raub, raeuberische Erpressung auf/gegen Geldinstitute, Postfilialen und -agenturen",5915000,Hamm,vers.,0,0,0,0,0,0,0,0,0,0,0,0,0,0,0,0,0,0,0,0,0,0,0,0,0,0,0,2016
211000,"Raub, raeuberische Erpressung auf/gegen Geldinstitute, Postfilialen und -agenturen",3241001,Hannover,vers.,0,0,0,0,0,0,0,0,0,0,0,0,0,0,0,0,0,0,0,0,0,0,0,0,0,0,0,2016
211000,"Raub, raeuberische Erpressung auf/gegen Geldinstitute, Postfilialen und -agenturen",8221000,Heidelberg,vers.,0,0,0,0,0,0,0,0,0,0,0,0,0,0,0,0,0,0,0,0,0,0,0,0,0,0,0,2016
211000,"Raub, raeuberische Erpressung auf/gegen Geldinstitute, Postfilialen und -agenturen",8121000,Heilbronn,vers.,0,0,0,0,0,0,0,0,0,0,0,0,0,0,0,0,0,0,0,0,0,0,0,0,0,0,0,2016
211000,"Raub, raeuberische Erpressung auf/gegen Geldinstitute, Postfilialen und -agenturen",5916000,Herne,vers.,0,0,0,0,0,0,0,0,0,0,0,0,0,0,0,0,0,0,0,0,0,0,0,0,0,0,0,2016
211000,"Raub, raeuberische Erpressung auf/gegen Geldinstitute, Postfilialen und -agenturen",3254021,Hildesheim,vers.,0,0,0,0,0,0,0,0,0,0,0,0,0,0,0,0,0,0,0,0,0,0,0,0,0,0,0,2016
211000,"Raub, raeuberische Erpressung auf/gegen Geldinstitute, Postfilialen und -agenturen",9161000,Ingolstadt,vers.,0,0,0,0,0,0,0,0,0,0,0,0,0,0,0,0,0,0,0,0,0,0,0,0,0,0,0,2016
211000,"Raub, raeuberische Erpressung auf/gegen Geldinstitute, Postfilialen und -agenturen",16053000,Jena,vers.,0,0,0,0,0,0,0,0,0,0,0,0,0,0,0,0,0,0,0,0,0,0,0,0,0,0,0,2016
211000,"Raub, raeuberische Erpressung auf/gegen Geldinstitute, Postfilialen und -agenturen",8212000,Karlsruhe,vers.,0,0,0,0,0,0,0,0,0,0,0,0,0,0,0,0,0,0,0,0,0,0,0,0,0,0,0,2016
211000,"Raub, raeuberische Erpressung auf/gegen Geldinstitute, Postfilialen und -agenturen",6611000,Kassel,vers.,0,0,0,0,0,0,0,0,0,0,0,0,0,0,0,0,0,0,0,0,0,0,0,0,0,0,0,2016
211000,"Raub, raeuberische Erpressung auf/gegen Geldinstitute, Postfilialen und -agenturen",1002000,Kiel,vers.,0,0,0,0,0,0,0,0,0,0,0,0,0,0,0,0,0,0,0,0,0,0,0,0,0,0,0,2016
211000,"Raub, raeuberische Erpressung auf/gegen Geldinstitute, Postfilialen und -agenturen",7111000,Koblenz,vers.,0,0,0,0,0,0,0,0,0,0,0,0,0,0,0,0,0,0,0,0,0,0,0,0,0,0,0,2016
211000,"Raub, raeuberische Erpressung auf/gegen Geldinstitute, Postfilialen und -agenturen",5315000,Koeln,vers.,1,0,1,0,0,0,0,0,0,0,0,0,0,0,0,0,0,0,1,0,1,0,0,0,1,0,1,2016
211000,"Raub, raeuberische Erpressung auf/gegen Geldinstitute, Postfilialen und -agenturen",5114000,Krefeld,vers.,0,0,0,0,0,0,0,0,0,0,0,0,0,0,0,0,0,0,0,0,0,0,0,0,0,0,0,2016
211000,"Raub, raeuberische Erpressung auf/gegen Geldinstitute, Postfilialen und -agenturen",14713000,Leipzig,vers.,0,0,0,0,0,0,0,0,0,0,0,0,0,0,0,0,0,0,0,0,0,0,0,0,0,0,0,2016
211000,"Raub, raeuberische Erpressung auf/gegen Geldinstitute, Postfilialen und -agenturen",5316000,Leverkusen,vers.,1,0,1,0,0,0,0,0,0,0,0,0,0,0,0,0,0,0,1,0,1,0,0,0,1,0,1,2016
211000,"Raub, raeuberische Erpressung auf/gegen Geldinstitute, Postfilialen und -agenturen",1003000,Luebeck,vers.,0,0,0,0,0,0,0,0,0,0,0,0,0,0,0,0,0,0,0,0,0,0,0,0,0,0,0,2016
211000,"Raub, raeuberische Erpressung auf/gegen Geldinstitute, Postfilialen und -agenturen",7314000,Ludwigshafen am Rhein,vers.,1,0,1,0,0,0,0,0,0,0,0,0,0,0,0,0,0,0,1,0,1,0,0,0,1,0,1,2016
211000,"Raub, raeuberische Erpressung auf/gegen Geldinstitute, Postfilialen und -agenturen",15003000,Magdeburg,vers.,0,0,0,0,0,0,0,0,0,0,0,0,0,0,0,0,0,0,0,0,0,0,0,0,0,0,0,2016
211000,"Raub, raeuberische Erpressung auf/gegen Geldinstitute, Postfilialen und -agenturen",7315000,Mainz,vers.,1,0,1,0,0,0,0,0,0,0,0,0,0,0,0,0,0,0,1,0,1,0,0,0,1,0,1,2016
211000,"Raub, raeuberische Erpressung auf/gegen Geldinstitute, Postfilialen und -agenturen",8222000,Mannheim,vers.,0,0,0,0,0,0,0,0,0,0,0,0,0,0,0,0,0,0,0,0,0,0,0,0,0,0,0,2016
211000,"Raub, raeuberische Erpressung auf/gegen Geldinstitute, Postfilialen und -agenturen",5170024,Moers,vers.,0,0,0,0,0,0,0,0,0,0,0,0,0,0,0,0,0,0,0,0,0,0,0,0,0,0,0,2016
211000,"Raub, raeuberische Erpressung auf/gegen Geldinstitute, Postfilialen und -agenturen",5116000,Moenchengladbach,vers.,1,0,1,0,0,0,0,0,0,0,0,0,0,0,0,0,0,0,1,0,1,0,0,0,1,0,1,2016
211000,"Raub, raeuberische Erpressung auf/gegen Geldinstitute, Postfilialen und -agenturen",5117000,Muelheim an der Ruhr,vers.,0,0,0,0,0,0,0,0,0,0,0,0,0,0,0,0,0,0,0,0,0,0,0,0,0,0,0,2016
211000,"Raub, raeuberische Erpressung auf/gegen Geldinstitute, Postfilialen und -agenturen",9162000,Muenchen,vers.,0,0,0,0,0,0,0,0,0,0,0,0,0,0,0,0,0,0,0,0,0,0,0,0,0,0,0,2016
211000,"Raub, raeuberische Erpressung auf/gegen Geldinstitute, Postfilialen und -agenturen",5515000,Muenster,vers.,0,0,0,0,0,0,0,0,0,0,0,0,0,0,0,0,0,0,0,0,0,0,0,0,0,0,0,2016
211000,"Raub, raeuberische Erpressung auf/gegen Geldinstitute, Postfilialen und -agenturen",5162024,Neuss,vers.,0,0,0,0,0,0,0,0,0,0,0,0,0,0,0,0,0,0,0,0,0,0,0,0,0,0,0,2016
211000,"Raub, raeuberische Erpressung auf/gegen Geldinstitute, Postfilialen und -agenturen",9564000,Nuernberg,vers.,0,0,0,0,0,0,0,0,0,0,0,0,0,0,0,0,0,0,0,0,0,0,0,0,0,0,0,2016
211000,"Raub, raeuberische Erpressung auf/gegen Geldinstitute, Postfilialen und -agenturen",5119000,Oberhausen,vers.,0,0,0,0,0,0,0,0,0,0,0,0,0,0,0,0,0,0,0,0,0,0,0,0,0,0,0,2016
211000,"Raub, raeuberische Erpressung auf/gegen Geldinstitute, Postfilialen und -agenturen",6413000,Offenbach am Main,vers.,0,0,0,0,0,0,0,0,0,0,0,0,0,0,0,0,0,0,0,0,0,0,0,0,0,0,0,2016
211000,"Raub, raeuberische Erpressung auf/gegen Geldinstitute, Postfilialen und -agenturen",3403000,Oldenburg (Oldenburg),vers.,0,0,0,0,0,0,0,0,0,0,0,0,0,0,0,0,0,0,0,0,0,0,0,0,0,0,0,2016
211000,"Raub, raeuberische Erpressung auf/gegen Geldinstitute, Postfilialen und -agenturen",3404000,Osnabrueck,vers.,0,0,0,0,0,0,0,0,0,0,0,0,0,0,0,0,0,0,0,0,0,0,0,0,0,0,0,2016
211000,"Raub, raeuberische Erpressung auf/gegen Geldinstitute, Postfilialen und -agenturen",5774032,Paderborn,vers.,0,0,0,0,0,0,0,0,0,0,0,0,0,0,0,0,0,0,0,0,0,0,0,0,0,0,0,2016
211000,"Raub, raeuberische Erpressung auf/gegen Geldinstitute, Postfilialen und -agenturen",8231000,Pforzheim,vers.,0,0,0,0,0,0,0,0,0,0,0,0,0,0,0,0,0,0,0,0,0,0,0,0,0,0,0,2016
211000,"Raub, raeuberische Erpressung auf/gegen Geldinstitute, Postfilialen und -agenturen",12054000,Potsdam,vers.,0,0,0,0,0,0,0,0,0,0,0,0,0,0,0,0,0,0,0,0,0,0,0,0,0,0,0,2016
211000,"Raub, raeuberische Erpressung auf/gegen Geldinstitute, Postfilialen und -agenturen",5562032,Recklinghausen,vers.,0,0,0,0,0,0,0,0,0,0,0,0,0,0,0,0,0,0,0,0,0,0,0,0,0,0,0,2016
211000,"Raub, raeuberische Erpressung auf/gegen Geldinstitute, Postfilialen und -agenturen",9362000,Regensburg,vers.,0,0,0,0,0,0,0,0,0,0,0,0,0,0,0,0,0,0,0,0,0,0,0,0,0,0,0,2016
211000,"Raub, raeuberische Erpressung auf/gegen Geldinstitute, Postfilialen und -agenturen",5120000,Remscheid,vers.,0,0,0,0,0,0,0,0,0,0,0,0,0,0,0,0,0,0,0,0,0,0,0,0,0,0,0,2016
211000,"Raub, raeuberische Erpressung auf/gegen Geldinstitute, Postfilialen und -agenturen",8415061,Reutlingen,vers.,0,0,0,0,0,0,0,0,0,0,0,0,0,0,0,0,0,0,0,0,0,0,0,0,0,0,0,2016
211000,"Raub, raeuberische Erpressung auf/gegen Geldinstitute, Postfilialen und -agenturen",13003000,Rostock,vers.,0,0,0,0,0,0,0,0,0,0,0,0,0,0,0,0,0,0,0,0,0,0,0,0,0,0,0,2016
211000,"Raub, raeuberische Erpressung auf/gegen Geldinstitute, Postfilialen und -agenturen",10041100,Saarbruecken,vers.,3,1,2,0,0,0,0,0,0,0,0,0,0,0,0,0,0,0,2,1,1,1,0,1,3,1,2,2016
211000,"Raub, raeuberische Erpressung auf/gegen Geldinstitute, Postfilialen und -agenturen",3102000,Salzgitter,vers.,0,0,0,0,0,0,0,0,0,0,0,0,0,0,0,0,0,0,0,0,0,0,0,0,0,0,0,2016
211000,"Raub, raeuberische Erpressung auf/gegen Geldinstitute, Postfilialen und -agenturen",13004000,Schwerin,vers.,0,0,0,0,0,0,0,0,0,0,0,0,0,0,0,0,0,0,0,0,0,0,0,0,0,0,0,2016
211000,"Raub, raeuberische Erpressung auf/gegen Geldinstitute, Postfilialen und -agenturen",5970040,Siegen,vers.,0,0,0,0,0,0,0,0,0,0,0,0,0,0,0,0,0,0,0,0,0,0,0,0,0,0,0,2016
211000,"Raub, raeuberische Erpressung auf/gegen Geldinstitute, Postfilialen und -agenturen",5122000,Solingen,vers.,0,0,0,0,0,0,0,0,0,0,0,0,0,0,0,0,0,0,0,0,0,0,0,0,0,0,0,2016
211000,"Raub, raeuberische Erpressung auf/gegen Geldinstitute, Postfilialen und -agenturen",8111000,Stuttgart,vers.,1,1,0,0,0,0,0,0,0,0,0,0,0,0,0,0,0,0,1,1,0,0,0,0,1,1,0,2016
211000,"Raub, raeuberische Erpressung auf/gegen Geldinstitute, Postfilialen und -agenturen",7211000,Trier,vers.,0,0,0,0,0,0,0,0,0,0,0,0,0,0,0,0,0,0,0,0,0,0,0,0,0,0,0,2016
211000,"Raub, raeuberische Erpressung auf/gegen Geldinstitute, Postfilialen und -agenturen",8421000,Ulm,vers.,0,0,0,0,0,0,0,0,0,0,0,0,0,0,0,0,0,0,0,0,0,0,0,0,0,0,0,2016
211000,"Raub, raeuberische Erpressung auf/gegen Geldinstitute, Postfilialen und -agenturen",6414000,Wiesbaden,vers.,0,0,0,0,0,0,0,0,0,0,0,0,0,0,0,0,0,0,0,0,0,0,0,0,0,0,0,2016
211000,"Raub, raeuberische Erpressung auf/gegen Geldinstitute, Postfilialen und -agenturen",3103000,Wolfsburg,vers.,0,0,0,0,0,0,0,0,0,0,0,0,0,0,0,0,0,0,0,0,0,0,0,0,0,0,0,2016
211000,"Raub, raeuberische Erpressung auf/gegen Geldinstitute, Postfilialen und -agenturen",5124000,Wuppertal,vers.,0,0,0,0,0,0,0,0,0,0,0,0,0,0,0,0,0,0,0,0,0,0,0,0,0,0,0,2016
211000,"Raub, raeuberische Erpressung auf/gegen Geldinstitute, Postfilialen und -agenturen",9663000,Wuerzburg,vers.,0,0,0,0,0,0,0,0,0,0,0,0,0,0,0,0,0,0,0,0,0,0,0,0,0,0,0,2016
211000,"Raub, raeuberische Erpressung auf/gegen Geldinstitute, Postfilialen und -agenturen",5334002,Aachen,insg.,5,2,3,0,0,0,0,0,0,0,0,0,0,0,0,0,0,0,5,2,3,0,0,0,5,2,3,2016
211000,"Raub, raeuberische Erpressung auf/gegen Geldinstitute, Postfilialen und -agenturen",9761000,Augsburg,insg.,6,3,3,0,0,0,0,0,0,0,0,0,1,1,0,1,0,1,4,2,2,0,0,0,4,2,2,2016
211000,"Raub, raeuberische Erpressung auf/gegen Geldinstitute, Postfilialen und -agenturen",5378004,Bergisch Gladbach,insg.,3,1,2,0,0,0,0,0,0,0,0,0,0,0,0,0,0,0,3,1,2,0,0,0,3,1,2,2016
211000,"Raub, raeuberische Erpressung auf/gegen Geldinstitute, Postfilialen und -agenturen",11000000,Berlin,insg.,9,4,5,0,0,0,0,0,0,0,0,0,0,0,0,0,0,0,9,4,5,0,0,0,9,4,5,2016
211000,"Raub, raeuberische Erpressung auf/gegen Geldinstitute, Postfilialen und -agenturen",5711000,Bielefeld,insg.,0,0,0,0,0,0,0,0,0,0,0,0,0,0,0,0,0,0,0,0,0,0,0,0,0,0,0,2016
211000,"Raub, raeuberische Erpressung auf/gegen Geldinstitute, Postfilialen und -agenturen",5911000,Bochum,insg.,2,1,1,0,0,0,0,0,0,0,0,0,0,0,0,0,0,0,2,1,1,0,0,0,2,1,1,2016
211000,"Raub, raeuberische Erpressung auf/gegen Geldinstitute, Postfilialen und -agenturen",5314000,Bonn,insg.,4,2,2,0,0,0,0,0,0,0,0,0,0,0,0,0,0,0,4,2,2,0,0,0,4,2,2,2016
211000,"Raub, raeuberische Erpressung auf/gegen Geldinstitute, Postfilialen und -agenturen",5512000,Bottrop,insg.,0,0,0,0,0,0,0,0,0,0,0,0,0,0,0,0,0,0,0,0,0,0,0,0,0,0,0,2016
211000,"Raub, raeuberische Erpressung auf/gegen Geldinstitute, Postfilialen und -agenturen",3101000,Braunschweig,insg.,0,0,0,0,0,0,0,0,0,0,0,0,0,0,0,0,0,0,0,0,0,0,0,0,0,0,0,2016
211000,"Raub, raeuberische Erpressung auf/gegen Geldinstitute, Postfilialen und -agenturen",4011000,Bremen,insg.,0,0,0,0,0,0,0,0,0,0,0,0,0,0,0,0,0,0,0,0,0,0,0,0,0,0,0,2016
211000,"Raub, raeuberische Erpressung auf/gegen Geldinstitute, Postfilialen und -agenturen",4012000,Bremerhaven,insg.,0,0,0,0,0,0,0,0,0,0,0,0,0,0,0,0,0,0,0,0,0,0,0,0,0,0,0,2016
211000,"Raub, raeuberische Erpressung auf/gegen Geldinstitute, Postfilialen und -agenturen",14511000,Chemnitz,insg.,2,1,1,0,0,0,0,0,0,0,0,0,0,0,0,0,0,0,2,1,1,0,0,0,2,1,1,2016
211000,"Raub, raeuberische Erpressung auf/gegen Geldinstitute, Postfilialen und -agenturen",6411000,Darmstadt,insg.,0,0,0,0,0,0,0,0,0,0,0,0,0,0,0,0,0,0,0,0,0,0,0,0,0,0,0,2016
211000,"Raub, raeuberische Erpressung auf/gegen Geldinstitute, Postfilialen und -agenturen",5913000,Dortmund,insg.,0,0,0,0,0,0,0,0,0,0,0,0,0,0,0,0,0,0,0,0,0,0,0,0,0,0,0,2016
211000,"Raub, raeuberische Erpressung auf/gegen Geldinstitute, Postfilialen und -agenturen",14612000,Dresden,insg.,0,0,0,0,0,0,0,0,0,0,0,0,0,0,0,0,0,0,0,0,0,0,0,0,0,0,0,2016
211000,"Raub, raeuberische Erpressung auf/gegen Geldinstitute, Postfilialen und -agenturen",5112000,Duisburg,insg.,0,0,0,0,0,0,0,0,0,0,0,0,0,0,0,0,0,0,0,0,0,0,0,0,0,0,0,2016
211000,"Raub, raeuberische Erpressung auf/gegen Geldinstitute, Postfilialen und -agenturen",5111000,Duesseldorf,insg.,2,0,2,0,0,0,0,0,0,0,0,0,0,0,0,0,0,0,0,0,0,2,0,2,2,0,2,2016
211000,"Raub, raeuberische Erpressung auf/gegen Geldinstitute, Postfilialen und -agenturen",16051000,Erfurt,insg.,0,0,0,0,0,0,0,0,0,0,0,0,0,0,0,0,0,0,0,0,0,0,0,0,0,0,0,2016
211000,"Raub, raeuberische Erpressung auf/gegen Geldinstitute, Postfilialen und -agenturen",9562000,Erlangen,insg.,0,0,0,0,0,0,0,0,0,0,0,0,0,0,0,0,0,0,0,0,0,0,0,0,0,0,0,2016
211000,"Raub, raeuberische Erpressung auf/gegen Geldinstitute, Postfilialen und -agenturen",5113000,Essen,insg.,1,0,1,0,0,0,0,0,0,0,0,0,0,0,0,0,0,0,0,0,0,1,0,1,1,0,1,2016
211000,"Raub, raeuberische Erpressung auf/gegen Geldinstitute, Postfilialen und -agenturen",6412000,Frankfurt am Main,insg.,6,3,3,0,0,0,0,0,0,0,0,0,0,0,0,1,1,0,4,1,3,1,1,0,5,2,3,2016
211000,"Raub, raeuberische Erpressung auf/gegen Geldinstitute, Postfilialen und -agenturen",8311000,Freiburg im Breisgau,insg.,0,0,0,0,0,0,0,0,0,0,0,0,0,0,0,0,0,0,0,0,0,0,0,0,0,0,0,2016
211000,"Raub, raeuberische Erpressung auf/gegen Geldinstitute, Postfilialen und -agenturen",9563000,Fuerth,insg.,0,0,0,0,0,0,0,0,0,0,0,0,0,0,0,0,0,0,0,0,0,0,0,0,0,0,0,2016
211000,"Raub, raeuberische Erpressung auf/gegen Geldinstitute, Postfilialen und -agenturen",5513000,Gelsenkirchen,insg.,1,1,0,0,0,0,0,0,0,0,0,0,0,0,0,0,0,0,1,1,0,0,0,0,1,1,0,2016
211000,"Raub, raeuberische Erpressung auf/gegen Geldinstitute, Postfilialen und -agenturen",3152012,Goettingen,insg.,0,0,0,0,0,0,0,0,0,0,0,0,0,0,0,0,0,0,0,0,0,0,0,0,0,0,0,2016
211000,"Raub, raeuberische Erpressung auf/gegen Geldinstitute, Postfilialen und -agenturen",5914000,Hagen,insg.,2,0,2,0,0,0,0,0,0,0,0,0,0,0,0,0,0,0,2,0,2,0,0,0,2,0,2,2016
211000,"Raub, raeuberische Erpressung auf/gegen Geldinstitute, Postfilialen und -agenturen",15002000,Halle (Saale),insg.,0,0,0,0,0,0,0,0,0,0,0,0,0,0,0,0,0,0,0,0,0,0,0,0,0,0,0,2016
211000,"Raub, raeuberische Erpressung auf/gegen Geldinstitute, Postfilialen und -agenturen",2000000,Hamburg,insg.,8,3,5,0,0,0,0,0,0,0,0,0,0,0,0,0,0,0,7,3,4,1,0,1,8,3,5,2016
211000,"Raub, raeuberische Erpressung auf/gegen Geldinstitute, Postfilialen und -agenturen",5915000,Hamm,insg.,0,0,0,0,0,0,0,0,0,0,0,0,0,0,0,0,0,0,0,0,0,0,0,0,0,0,0,2016
211000,"Raub, raeuberische Erpressung auf/gegen Geldinstitute, Postfilialen und -agenturen",3241001,Hannover,insg.,1,1,0,0,0,0,0,0,0,0,0,0,0,0,0,0,0,0,1,1,0,0,0,0,1,1,0,2016
211000,"Raub, raeuberische Erpressung auf/gegen Geldinstitute, Postfilialen und -agenturen",8221000,Heidelberg,insg.,0,0,0,0,0,0,0,0,0,0,0,0,0,0,0,0,0,0,0,0,0,0,0,0,0,0,0,2016
211000,"Raub, raeuberische Erpressung auf/gegen Geldinstitute, Postfilialen und -agenturen",8121000,Heilbronn,insg.,0,0,0,0,0,0,0,0,0,0,0,0,0,0,0,0,0,0,0,0,0,0,0,0,0,0,0,2016
211000,"Raub, raeuberische Erpressung auf/gegen Geldinstitute, Postfilialen und -agenturen",5916000,Herne,insg.,0,0,0,0,0,0,0,0,0,0,0,0,0,0,0,0,0,0,0,0,0,0,0,0,0,0,0,2016
211000,"Raub, raeuberische Erpressung auf/gegen Geldinstitute, Postfilialen und -agenturen",3254021,Hildesheim,insg.,0,0,0,0,0,0,0,0,0,0,0,0,0,0,0,0,0,0,0,0,0,0,0,0,0,0,0,2016
211000,"Raub, raeuberische Erpressung auf/gegen Geldinstitute, Postfilialen und -agenturen",9161000,Ingolstadt,insg.,0,0,0,0,0,0,0,0,0,0,0,0,0,0,0,0,0,0,0,0,0,0,0,0,0,0,0,2016
211000,"Raub, raeuberische Erpressung auf/gegen Geldinstitute, Postfilialen und -agenturen",16053000,Jena,insg.,0,0,0,0,0,0,0,0,0,0,0,0,0,0,0,0,0,0,0,0,0,0,0,0,0,0,0,2016
211000,"Raub, raeuberische Erpressung auf/gegen Geldinstitute, Postfilialen und -agenturen",8212000,Karlsruhe,insg.,0,0,0,0,0,0,0,0,0,0,0,0,0,0,0,0,0,0,0,0,0,0,0,0,0,0,0,2016
211000,"Raub, raeuberische Erpressung auf/gegen Geldinstitute, Postfilialen und -agenturen",6611000,Kassel,insg.,0,0,0,0,0,0,0,0,0,0,0,0,0,0,0,0,0,0,0,0,0,0,0,0,0,0,0,2016
211000,"Raub, raeuberische Erpressung auf/gegen Geldinstitute, Postfilialen und -agenturen",1002000,Kiel,insg.,0,0,0,0,0,0,0,0,0,0,0,0,0,0,0,0,0,0,0,0,0,0,0,0,0,0,0,2016
211000,"Raub, raeuberische Erpressung auf/gegen Geldinstitute, Postfilialen und -agenturen",7111000,Koblenz,insg.,0,0,0,0,0,0,0,0,0,0,0,0,0,0,0,0,0,0,0,0,0,0,0,0,0,0,0,2016
211000,"Raub, raeuberische Erpressung auf/gegen Geldinstitute, Postfilialen und -agenturen",5315000,Koeln,insg.,3,0,3,0,0,0,0,0,0,0,0,0,0,0,0,0,0,0,3,0,3,0,0,0,3,0,3,2016
211000,"Raub, raeuberische Erpressung auf/gegen Geldinstitute, Postfilialen und -agenturen",5114000,Krefeld,insg.,0,0,0,0,0,0,0,0,0,0,0,0,0,0,0,0,0,0,0,0,0,0,0,0,0,0,0,2016
211000,"Raub, raeuberische Erpressung auf/gegen Geldinstitute, Postfilialen und -agenturen",14713000,Leipzig,insg.,25,7,18,0,0,0,0,0,0,0,0,0,0,0,0,1,1,0,24,6,18,0,0,0,24,6,18,2016
211000,"Raub, raeuberische Erpressung auf/gegen Geldinstitute, Postfilialen und -agenturen",5316000,Leverkusen,insg.,1,0,1,0,0,0,0,0,0,0,0,0,0,0,0,0,0,0,1,0,1,0,0,0,1,0,1,2016
211000,"Raub, raeuberische Erpressung auf/gegen Geldinstitute, Postfilialen und -agenturen",1003000,Luebeck,insg.,0,0,0,0,0,0,0,0,0,0,0,0,0,0,0,0,0,0,0,0,0,0,0,0,0,0,0,2016
211000,"Raub, raeuberische Erpressung auf/gegen Geldinstitute, Postfilialen und -agenturen",7314000,Ludwigshafen am Rhein,insg.,1,0,1,0,0,0,0,0,0,0,0,0,0,0,0,0,0,0,1,0,1,0,0,0,1,0,1,2016
211000,"Raub, raeuberische Erpressung auf/gegen Geldinstitute, Postfilialen und -agenturen",15003000,Magdeburg,insg.,1,0,1,0,0,0,0,0,0,0,0,0,0,0,0,0,0,0,1,0,1,0,0,0,1,0,1,2016
211000,"Raub, raeuberische Erpressung auf/gegen Geldinstitute, Postfilialen und -agenturen",7315000,Mainz,insg.,8,4,4,0,0,0,0,0,0,0,0,0,0,0,0,0,0,0,8,4,4,0,0,0,8,4,4,2016
211000,"Raub, raeuberische Erpressung auf/gegen Geldinstitute, Postfilialen und -agenturen",8222000,Mannheim,insg.,2,1,1,0,0,0,0,0,0,0,0,0,0,0,0,0,0,0,2,1,1,0,0,0,2,1,1,2016
211000,"Raub, raeuberische Erpressung auf/gegen Geldinstitute, Postfilialen und -agenturen",5170024,Moers,insg.,0,0,0,0,0,0,0,0,0,0,0,0,0,0,0,0,0,0,0,0,0,0,0,0,0,0,0,2016
211000,"Raub, raeuberische Erpressung auf/gegen Geldinstitute, Postfilialen und -agenturen",5116000,Moenchengladbach,insg.,1,0,1,0,0,0,0,0,0,0,0,0,0,0,0,0,0,0,1,0,1,0,0,0,1,0,1,2016
211000,"Raub, raeuberische Erpressung auf/gegen Geldinstitute, Postfilialen und -agenturen",5117000,Muelheim an der Ruhr,insg.,0,0,0,0,0,0,0,0,0,0,0,0,0,0,0,0,0,0,0,0,0,0,0,0,0,0,0,2016
211000,"Raub, raeuberische Erpressung auf/gegen Geldinstitute, Postfilialen und -agenturen",9162000,Muenchen,insg.,6,0,6,0,0,0,0,0,0,0,0,0,0,0,0,1,0,1,5,0,5,0,0,0,5,0,5,2016
211000,"Raub, raeuberische Erpressung auf/gegen Geldinstitute, Postfilialen und -agenturen",5515000,Muenster,insg.,0,0,0,0,0,0,0,0,0,0,0,0,0,0,0,0,0,0,0,0,0,0,0,0,0,0,0,2016
211000,"Raub, raeuberische Erpressung auf/gegen Geldinstitute, Postfilialen und -agenturen",5162024,Neuss,insg.,0,0,0,0,0,0,0,0,0,0,0,0,0,0,0,0,0,0,0,0,0,0,0,0,0,0,0,2016
211000,"Raub, raeuberische Erpressung auf/gegen Geldinstitute, Postfilialen und -agenturen",9564000,Nuernberg,insg.,0,0,0,0,0,0,0,0,0,0,0,0,0,0,0,0,0,0,0,0,0,0,0,0,0,0,0,2016
211000,"Raub, raeuberische Erpressung auf/gegen Geldinstitute, Postfilialen und -agenturen",5119000,Oberhausen,insg.,0,0,0,0,0,0,0,0,0,0,0,0,0,0,0,0,0,0,0,0,0,0,0,0,0,0,0,2016
211000,"Raub, raeuberische Erpressung auf/gegen Geldinstitute, Postfilialen und -agenturen",6413000,Offenbach am Main,insg.,0,0,0,0,0,0,0,0,0,0,0,0,0,0,0,0,0,0,0,0,0,0,0,0,0,0,0,2016
211000,"Raub, raeuberische Erpressung auf/gegen Geldinstitute, Postfilialen und -agenturen",3403000,Oldenburg (Oldenburg),insg.,0,0,0,0,0,0,0,0,0,0,0,0,0,0,0,0,0,0,0,0,0,0,0,0,0,0,0,2016
211000,"Raub, raeuberische Erpressung auf/gegen Geldinstitute, Postfilialen und -agenturen",3404000,Osnabrueck,insg.,0,0,0,0,0,0,0,0,0,0,0,0,0,0,0,0,0,0,0,0,0,0,0,0,0,0,0,2016
211000,"Raub, raeuberische Erpressung auf/gegen Geldinstitute, Postfilialen und -agenturen",5774032,Paderborn,insg.,0,0,0,0,0,0,0,0,0,0,0,0,0,0,0,0,0,0,0,0,0,0,0,0,0,0,0,2016
211000,"Raub, raeuberische Erpressung auf/gegen Geldinstitute, Postfilialen und -agenturen",8231000,Pforzheim,insg.,0,0,0,0,0,0,0,0,0,0,0,0,0,0,0,0,0,0,0,0,0,0,0,0,0,0,0,2016
211000,"Raub, raeuberische Erpressung auf/gegen Geldinstitute, Postfilialen und -agenturen",12054000,Potsdam,insg.,0,0,0,0,0,0,0,0,0,0,0,0,0,0,0,0,0,0,0,0,0,0,0,0,0,0,0,2016
211000,"Raub, raeuberische Erpressung auf/gegen Geldinstitute, Postfilialen und -agenturen",5562032,Recklinghausen,insg.,0,0,0,0,0,0,0,0,0,0,0,0,0,0,0,0,0,0,0,0,0,0,0,0,0,0,0,2016
211000,"Raub, raeuberische Erpressung auf/gegen Geldinstitute, Postfilialen und -agenturen",9362000,Regensburg,insg.,0,0,0,0,0,0,0,0,0,0,0,0,0,0,0,0,0,0,0,0,0,0,0,0,0,0,0,2016
211000,"Raub, raeuberische Erpressung auf/gegen Geldinstitute, Postfilialen und -agenturen",5120000,Remscheid,insg.,0,0,0,0,0,0,0,0,0,0,0,0,0,0,0,0,0,0,0,0,0,0,0,0,0,0,0,2016
211000,"Raub, raeuberische Erpressung auf/gegen Geldinstitute, Postfilialen und -agenturen",8415061,Reutlingen,insg.,0,0,0,0,0,0,0,0,0,0,0,0,0,0,0,0,0,0,0,0,0,0,0,0,0,0,0,2016
211000,"Raub, raeuberische Erpressung auf/gegen Geldinstitute, Postfilialen und -agenturen",13003000,Rostock,insg.,0,0,0,0,0,0,0,0,0,0,0,0,0,0,0,0,0,0,0,0,0,0,0,0,0,0,0,2016
211000,"Raub, raeuberische Erpressung auf/gegen Geldinstitute, Postfilialen und -agenturen",10041100,Saarbruecken,insg.,3,1,2,0,0,0,0,0,0,0,0,0,0,0,0,0,0,0,2,1,1,1,0,1,3,1,2,2016
211000,"Raub, raeuberische Erpressung auf/gegen Geldinstitute, Postfilialen und -agenturen",3102000,Salzgitter,insg.,0,0,0,0,0,0,0,0,0,0,0,0,0,0,0,0,0,0,0,0,0,0,0,0,0,0,0,2016
211000,"Raub, raeuberische Erpressung auf/gegen Geldinstitute, Postfilialen und -agenturen",13004000,Schwerin,insg.,0,0,0,0,0,0,0,0,0,0,0,0,0,0,0,0,0,0,0,0,0,0,0,0,0,0,0,2016
211000,"Raub, raeuberische Erpressung auf/gegen Geldinstitute, Postfilialen und -agenturen",5970040,Siegen,insg.,0,0,0,0,0,0,0,0,0,0,0,0,0,0,0,0,0,0,0,0,0,0,0,0,0,0,0,2016
211000,"Raub, raeuberische Erpressung auf/gegen Geldinstitute, Postfilialen und -agenturen",5122000,Solingen,insg.,0,0,0,0,0,0,0,0,0,0,0,0,0,0,0,0,0,0,0,0,0,0,0,0,0,0,0,2016
211000,"Raub, raeuberische Erpressung auf/gegen Geldinstitute, Postfilialen und -agenturen",8111000,Stuttgart,insg.,1,1,0,0,0,0,0,0,0,0,0,0,0,0,0,0,0,0,1,1,0,0,0,0,1,1,0,2016
211000,"Raub, raeuberische Erpressung auf/gegen Geldinstitute, Postfilialen und -agenturen",7211000,Trier,insg.,0,0,0,0,0,0,0,0,0,0,0,0,0,0,0,0,0,0,0,0,0,0,0,0,0,0,0,2016
211000,"Raub, raeuberische Erpressung auf/gegen Geldinstitute, Postfilialen und -agenturen",8421000,Ulm,insg.,0,0,0,0,0,0,0,0,0,0,0,0,0,0,0,0,0,0,0,0,0,0,0,0,0,0,0,2016
211000,"Raub, raeuberische Erpressung auf/gegen Geldinstitute, Postfilialen und -agenturen",6414000,Wiesbaden,insg.,0,0,0,0,0,0,0,0,0,0,0,0,0,0,0,0,0,0,0,0,0,0,0,0,0,0,0,2016
211000,"Raub, raeuberische Erpressung auf/gegen Geldinstitute, Postfilialen und -agenturen",3103000,Wolfsburg,insg.,0,0,0,0,0,0,0,0,0,0,0,0,0,0,0,0,0,0,0,0,0,0,0,0,0,0,0,2016
211000,"Raub, raeuberische Erpressung auf/gegen Geldinstitute, Postfilialen und -agenturen",5124000,Wuppertal,insg.,0,0,0,0,0,0,0,0,0,0,0,0,0,0,0,0,0,0,0,0,0,0,0,0,0,0,0,2016
211000,"Raub, raeuberische Erpressung auf/gegen Geldinstitute, Postfilialen und -agenturen",9663000,Wuerzburg,insg.,0,0,0,0,0,0,0,0,0,0,0,0,0,0,0,0,0,0,0,0,0,0,0,0,0,0,0,2016
212000,"Raub, raeuberische Erpressung auf/gegen sonstige Zahlstellen und Geschaefte",5334002,Aachen,voll.,8,3,5,0,0,0,0,0,0,0,0,0,0,0,0,1,1,0,6,2,4,1,0,1,7,2,5,2016
212000,"Raub, raeuberische Erpressung auf/gegen sonstige Zahlstellen und Geschaefte",9761000,Augsburg,voll.,0,0,0,0,0,0,0,0,0,0,0,0,0,0,0,0,0,0,0,0,0,0,0,0,0,0,0,2016
212000,"Raub, raeuberische Erpressung auf/gegen sonstige Zahlstellen und Geschaefte",5378004,Bergisch Gladbach,voll.,2,1,1,0,0,0,0,0,0,0,0,0,0,0,0,1,1,0,1,0,1,0,0,0,1,0,1,2016
212000,"Raub, raeuberische Erpressung auf/gegen sonstige Zahlstellen und Geschaefte",11000000,Berlin,voll.,486,241,245,0,0,0,0,0,0,0,0,0,1,0,1,29,15,14,421,212,209,35,14,21,456,226,230,2016
212000,"Raub, raeuberische Erpressung auf/gegen sonstige Zahlstellen und Geschaefte",5711000,Bielefeld,voll.,20,9,11,0,0,0,0,0,0,0,0,0,0,0,0,2,0,2,18,9,9,0,0,0,18,9,9,2016
212000,"Raub, raeuberische Erpressung auf/gegen sonstige Zahlstellen und Geschaefte",5911000,Bochum,voll.,15,7,8,0,0,0,0,0,0,0,0,0,0,0,0,0,0,0,11,5,6,4,2,2,15,7,8,2016
212000,"Raub, raeuberische Erpressung auf/gegen sonstige Zahlstellen und Geschaefte",5314000,Bonn,voll.,24,11,13,0,0,0,0,0,0,0,0,0,0,0,0,1,1,0,21,10,11,2,0,2,23,10,13,2016
212000,"Raub, raeuberische Erpressung auf/gegen sonstige Zahlstellen und Geschaefte",5512000,Bottrop,voll.,2,2,0,0,0,0,0,0,0,0,0,0,0,0,0,0,0,0,2,2,0,0,0,0,2,2,0,2016
212000,"Raub, raeuberische Erpressung auf/gegen sonstige Zahlstellen und Geschaefte",3101000,Braunschweig,voll.,9,3,6,0,0,0,0,0,0,0,0,0,0,0,0,0,0,0,9,3,6,0,0,0,9,3,6,2016
212000,"Raub, raeuberische Erpressung auf/gegen sonstige Zahlstellen und Geschaefte",4011000,Bremen,voll.,54,19,35,0,0,0,0,0,0,0,0,0,1,1,0,6,4,2,37,11,26,10,3,7,47,14,33,2016
212000,"Raub, raeuberische Erpressung auf/gegen sonstige Zahlstellen und Geschaefte",4012000,Bremerhaven,voll.,28,14,14,0,0,0,0,0,0,0,0,0,0,0,0,1,1,0,23,12,11,4,1,3,27,13,14,2016
212000,"Raub, raeuberische Erpressung auf/gegen sonstige Zahlstellen und Geschaefte",14511000,Chemnitz,voll.,5,2,3,0,0,0,0,0,0,0,0,0,0,0,0,0,0,0,5,2,3,0,0,0,5,2,3,2016
212000,"Raub, raeuberische Erpressung auf/gegen sonstige Zahlstellen und Geschaefte",6411000,Darmstadt,voll.,3,2,1,0,0,0,0,0,0,0,0,0,0,0,0,1,1,0,2,1,1,0,0,0,2,1,1,2016
212000,"Raub, raeuberische Erpressung auf/gegen sonstige Zahlstellen und Geschaefte",5913000,Dortmund,voll.,44,18,26,0,0,0,0,0,0,0,0,0,0,0,0,4,1,3,40,17,23,0,0,0,40,17,23,2016
212000,"Raub, raeuberische Erpressung auf/gegen sonstige Zahlstellen und Geschaefte",14612000,Dresden,voll.,9,5,4,0,0,0,0,0,0,0,0,0,0,0,0,0,0,0,7,4,3,2,1,1,9,5,4,2016
212000,"Raub, raeuberische Erpressung auf/gegen sonstige Zahlstellen und Geschaefte",5112000,Duisburg,voll.,25,2,23,0,0,0,0,0,0,0,0,0,0,0,0,0,0,0,19,1,18,6,1,5,25,2,23,2016
212000,"Raub, raeuberische Erpressung auf/gegen sonstige Zahlstellen und Geschaefte",5111000,Duesseldorf,voll.,8,5,3,0,0,0,0,0,0,0,0,0,0,0,0,0,0,0,7,5,2,1,0,1,8,5,3,2016
212000,"Raub, raeuberische Erpressung auf/gegen sonstige Zahlstellen und Geschaefte",16051000,Erfurt,voll.,6,3,3,0,0,0,0,0,0,0,0,0,0,0,0,1,1,0,4,2,2,1,0,1,5,2,3,2016
212000,"Raub, raeuberische Erpressung auf/gegen sonstige Zahlstellen und Geschaefte",9562000,Erlangen,voll.,1,1,0,0,0,0,0,0,0,0,0,0,0,0,0,0,0,0,1,1,0,0,0,0,1,1,0,2016
212000,"Raub, raeuberische Erpressung auf/gegen sonstige Zahlstellen und Geschaefte",5113000,Essen,voll.,43,18,25,0,0,0,0,0,0,0,0,0,0,0,0,1,0,1,38,18,20,4,0,4,42,18,24,2016
212000,"Raub, raeuberische Erpressung auf/gegen sonstige Zahlstellen und Geschaefte",6412000,Frankfurt am Main,voll.,43,24,19,0,0,0,0,0,0,0,0,0,1,1,0,2,2,0,37,19,18,3,2,1,40,21,19,2016
212000,"Raub, raeuberische Erpressung auf/gegen sonstige Zahlstellen und Geschaefte",8311000,Freiburg im Breisgau,voll.,13,4,9,0,0,0,0,0,0,0,0,0,1,0,1,3,1,2,7,3,4,2,0,2,9,3,6,2016
212000,"Raub, raeuberische Erpressung auf/gegen sonstige Zahlstellen und Geschaefte",9563000,Fuerth,voll.,4,0,4,0,0,0,0,0,0,0,0,0,0,0,0,0,0,0,4,0,4,0,0,0,4,0,4,2016
212000,"Raub, raeuberische Erpressung auf/gegen sonstige Zahlstellen und Geschaefte",5513000,Gelsenkirchen,voll.,21,5,16,0,0,0,1,1,0,1,1,0,0,0,0,0,0,0,19,4,15,1,0,1,20,4,16,2016
212000,"Raub, raeuberische Erpressung auf/gegen sonstige Zahlstellen und Geschaefte",3152012,Goettingen,voll.,9,6,3,0,0,0,0,0,0,0,0,0,0,0,0,1,0,1,8,6,2,0,0,0,8,6,2,2016
212000,"Raub, raeuberische Erpressung auf/gegen sonstige Zahlstellen und Geschaefte",5914000,Hagen,voll.,7,1,6,0,0,0,0,0,0,0,0,0,0,0,0,0,0,0,6,1,5,1,0,1,7,1,6,2016
212000,"Raub, raeuberische Erpressung auf/gegen sonstige Zahlstellen und Geschaefte",15002000,Halle (Saale),voll.,4,1,3,0,0,0,0,0,0,0,0,0,0,0,0,0,0,0,4,1,3,0,0,0,4,1,3,2016
212000,"Raub, raeuberische Erpressung auf/gegen sonstige Zahlstellen und Geschaefte",2000000,Hamburg,voll.,98,39,59,0,0,0,0,0,0,0,0,0,1,0,1,9,6,3,81,32,49,7,1,6,88,33,55,2016
212000,"Raub, raeuberische Erpressung auf/gegen sonstige Zahlstellen und Geschaefte",5915000,Hamm,voll.,6,2,4,0,0,0,0,0,0,0,0,0,0,0,0,1,0,1,5,2,3,0,0,0,5,2,3,2016
212000,"Raub, raeuberische Erpressung auf/gegen sonstige Zahlstellen und Geschaefte",3241001,Hannover,voll.,44,22,22,0,0,0,0,0,0,0,0,0,1,1,0,7,3,4,34,17,17,2,1,1,36,18,18,2016
212000,"Raub, raeuberische Erpressung auf/gegen sonstige Zahlstellen und Geschaefte",8221000,Heidelberg,voll.,1,0,1,0,0,0,0,0,0,0,0,0,0,0,0,0,0,0,1,0,1,0,0,0,1,0,1,2016
212000,"Raub, raeuberische Erpressung auf/gegen sonstige Zahlstellen und Geschaefte",8121000,Heilbronn,voll.,8,4,4,0,0,0,0,0,0,0,0,0,0,0,0,2,2,0,3,1,2,3,1,2,6,2,4,2016
212000,"Raub, raeuberische Erpressung auf/gegen sonstige Zahlstellen und Geschaefte",5916000,Herne,voll.,7,2,5,0,0,0,0,0,0,0,0,0,0,0,0,0,0,0,6,2,4,1,0,1,7,2,5,2016
212000,"Raub, raeuberische Erpressung auf/gegen sonstige Zahlstellen und Geschaefte",3254021,Hildesheim,voll.,8,6,2,0,0,0,0,0,0,0,0,0,0,0,0,0,0,0,8,6,2,0,0,0,8,6,2,2016
212000,"Raub, raeuberische Erpressung auf/gegen sonstige Zahlstellen und Geschaefte",9161000,Ingolstadt,voll.,0,0,0,0,0,0,0,0,0,0,0,0,0,0,0,0,0,0,0,0,0,0,0,0,0,0,0,2016
212000,"Raub, raeuberische Erpressung auf/gegen sonstige Zahlstellen und Geschaefte",16053000,Jena,voll.,0,0,0,0,0,0,0,0,0,0,0,0,0,0,0,0,0,0,0,0,0,0,0,0,0,0,0,2016
212000,"Raub, raeuberische Erpressung auf/gegen sonstige Zahlstellen und Geschaefte",8212000,Karlsruhe,voll.,12,6,6,0,0,0,0,0,0,0,0,0,0,0,0,0,0,0,12,6,6,0,0,0,12,6,6,2016
212000,"Raub, raeuberische Erpressung auf/gegen sonstige Zahlstellen und Geschaefte",6611000,Kassel,voll.,10,6,4,0,0,0,0,0,0,0,0,0,0,0,0,2,1,1,8,5,3,0,0,0,8,5,3,2016
212000,"Raub, raeuberische Erpressung auf/gegen sonstige Zahlstellen und Geschaefte",1002000,Kiel,voll.,26,13,13,0,0,0,0,0,0,0,0,0,0,0,0,1,1,0,23,10,13,2,2,0,25,12,13,2016
212000,"Raub, raeuberische Erpressung auf/gegen sonstige Zahlstellen und Geschaefte",7111000,Koblenz,voll.,8,1,7,0,0,0,0,0,0,0,0,0,0,0,0,1,0,1,7,1,6,0,0,0,7,1,6,2016
212000,"Raub, raeuberische Erpressung auf/gegen sonstige Zahlstellen und Geschaefte",5315000,Koeln,voll.,32,20,12,0,0,0,0,0,0,0,0,0,0,0,0,2,0,2,28,18,10,2,2,0,30,20,10,2016
212000,"Raub, raeuberische Erpressung auf/gegen sonstige Zahlstellen und Geschaefte",5114000,Krefeld,voll.,15,5,10,0,0,0,0,0,0,0,0,0,0,0,0,1,0,1,13,4,9,1,1,0,14,5,9,2016
212000,"Raub, raeuberische Erpressung auf/gegen sonstige Zahlstellen und Geschaefte",14713000,Leipzig,voll.,9,1,8,0,0,0,0,0,0,0,0,0,0,0,0,1,0,1,6,1,5,2,0,2,8,1,7,2016
212000,"Raub, raeuberische Erpressung auf/gegen sonstige Zahlstellen und Geschaefte",5316000,Leverkusen,voll.,5,2,3,0,0,0,0,0,0,0,0,0,0,0,0,1,1,0,4,1,3,0,0,0,4,1,3,2016
212000,"Raub, raeuberische Erpressung auf/gegen sonstige Zahlstellen und Geschaefte",1003000,Luebeck,voll.,4,1,3,0,0,0,0,0,0,0,0,0,0,0,0,0,0,0,4,1,3,0,0,0,4,1,3,2016
212000,"Raub, raeuberische Erpressung auf/gegen sonstige Zahlstellen und Geschaefte",7314000,Ludwigshafen am Rhein,voll.,2,1,1,0,0,0,0,0,0,0,0,0,0,0,0,0,0,0,2,1,1,0,0,0,2,1,1,2016
212000,"Raub, raeuberische Erpressung auf/gegen sonstige Zahlstellen und Geschaefte",15003000,Magdeburg,voll.,28,11,17,0,0,0,0,0,0,0,0,0,0,0,0,1,1,0,24,9,15,3,1,2,27,10,17,2016
212000,"Raub, raeuberische Erpressung auf/gegen sonstige Zahlstellen und Geschaefte",7315000,Mainz,voll.,2,0,2,0,0,0,0,0,0,0,0,0,0,0,0,0,0,0,2,0,2,0,0,0,2,0,2,2016
212000,"Raub, raeuberische Erpressung auf/gegen sonstige Zahlstellen und Geschaefte",8222000,Mannheim,voll.,11,3,8,0,0,0,0,0,0,0,0,0,0,0,0,1,0,1,9,3,6,1,0,1,10,3,7,2016
212000,"Raub, raeuberische Erpressung auf/gegen sonstige Zahlstellen und Geschaefte",5170024,Moers,voll.,8,2,6,0,0,0,0,0,0,0,0,0,0,0,0,0,0,0,5,0,5,3,2,1,8,2,6,2016
212000,"Raub, raeuberische Erpressung auf/gegen sonstige Zahlstellen und Geschaefte",5116000,Moenchengladbach,voll.,26,6,20,0,0,0,0,0,0,0,0,0,0,0,0,1,0,1,24,6,18,1,0,1,25,6,19,2016
212000,"Raub, raeuberische Erpressung auf/gegen sonstige Zahlstellen und Geschaefte",5117000,Muelheim an der Ruhr,voll.,11,5,6,0,0,0,0,0,0,0,0,0,0,0,0,1,1,0,10,4,6,0,0,0,10,4,6,2016
212000,"Raub, raeuberische Erpressung auf/gegen sonstige Zahlstellen und Geschaefte",9162000,Muenchen,voll.,25,10,15,0,0,0,0,0,0,0,0,0,1,1,0,0,0,0,23,9,14,1,0,1,24,9,15,2016
212000,"Raub, raeuberische Erpressung auf/gegen sonstige Zahlstellen und Geschaefte",5515000,Muenster,voll.,12,3,9,0,0,0,0,0,0,0,0,0,0,0,0,2,0,2,10,3,7,0,0,0,10,3,7,2016
212000,"Raub, raeuberische Erpressung auf/gegen sonstige Zahlstellen und Geschaefte",5162024,Neuss,voll.,4,3,1,0,0,0,0,0,0,0,0,0,0,0,0,0,0,0,3,2,1,1,1,0,4,3,1,2016
212000,"Raub, raeuberische Erpressung auf/gegen sonstige Zahlstellen und Geschaefte",9564000,Nuernberg,voll.,9,4,5,0,0,0,0,0,0,0,0,0,0,0,0,0,0,0,8,3,5,1,1,0,9,4,5,2016
212000,"Raub, raeuberische Erpressung auf/gegen sonstige Zahlstellen und Geschaefte",5119000,Oberhausen,voll.,12,1,11,0,0,0,0,0,0,0,0,0,0,0,0,0,0,0,12,1,11,0,0,0,12,1,11,2016
212000,"Raub, raeuberische Erpressung auf/gegen sonstige Zahlstellen und Geschaefte",6413000,Offenbach am Main,voll.,1,1,0,0,0,0,0,0,0,0,0,0,0,0,0,0,0,0,1,1,0,0,0,0,1,1,0,2016
212000,"Raub, raeuberische Erpressung auf/gegen sonstige Zahlstellen und Geschaefte",3403000,Oldenburg (Oldenburg),voll.,3,1,2,0,0,0,0,0,0,0,0,0,0,0,0,0,0,0,3,1,2,0,0,0,3,1,2,2016
212000,"Raub, raeuberische Erpressung auf/gegen sonstige Zahlstellen und Geschaefte",3404000,Osnabrueck,voll.,14,6,8,0,0,0,0,0,0,0,0,0,0,0,0,1,1,0,13,5,8,0,0,0,13,5,8,2016
212000,"Raub, raeuberische Erpressung auf/gegen sonstige Zahlstellen und Geschaefte",5774032,Paderborn,voll.,3,0,3,0,0,0,0,0,0,0,0,0,0,0,0,0,0,0,3,0,3,0,0,0,3,0,3,2016
212000,"Raub, raeuberische Erpressung auf/gegen sonstige Zahlstellen und Geschaefte",8231000,Pforzheim,voll.,5,0,5,0,0,0,0,0,0,0,0,0,0,0,0,2,0,2,3,0,3,0,0,0,3,0,3,2016
212000,"Raub, raeuberische Erpressung auf/gegen sonstige Zahlstellen und Geschaefte",12054000,Potsdam,voll.,13,3,10,0,0,0,0,0,0,0,0,0,0,0,0,1,0,1,11,3,8,1,0,1,12,3,9,2016
212000,"Raub, raeuberische Erpressung auf/gegen sonstige Zahlstellen und Geschaefte",5562032,Recklinghausen,voll.,7,0,7,0,0,0,0,0,0,0,0,0,0,0,0,0,0,0,6,0,6,1,0,1,7,0,7,2016
212000,"Raub, raeuberische Erpressung auf/gegen sonstige Zahlstellen und Geschaefte",9362000,Regensburg,voll.,8,3,5,0,0,0,0,0,0,0,0,0,0,0,0,0,0,0,7,3,4,1,0,1,8,3,5,2016
212000,"Raub, raeuberische Erpressung auf/gegen sonstige Zahlstellen und Geschaefte",5120000,Remscheid,voll.,3,0,3,0,0,0,0,0,0,0,0,0,0,0,0,1,0,1,2,0,2,0,0,0,2,0,2,2016
212000,"Raub, raeuberische Erpressung auf/gegen sonstige Zahlstellen und Geschaefte",8415061,Reutlingen,voll.,0,0,0,0,0,0,0,0,0,0,0,0,0,0,0,0,0,0,0,0,0,0,0,0,0,0,0,2016
212000,"Raub, raeuberische Erpressung auf/gegen sonstige Zahlstellen und Geschaefte",13003000,Rostock,voll.,11,3,8,0,0,0,0,0,0,0,0,0,0,0,0,0,0,0,10,3,7,1,0,1,11,3,8,2016
212000,"Raub, raeuberische Erpressung auf/gegen sonstige Zahlstellen und Geschaefte",10041100,Saarbruecken,voll.,17,7,10,0,0,0,0,0,0,0,0,0,0,0,0,2,1,1,13,4,9,2,2,0,15,6,9,2016
212000,"Raub, raeuberische Erpressung auf/gegen sonstige Zahlstellen und Geschaefte",3102000,Salzgitter,voll.,4,0,4,0,0,0,0,0,0,0,0,0,0,0,0,2,0,2,2,0,2,0,0,0,2,0,2,2016
212000,"Raub, raeuberische Erpressung auf/gegen sonstige Zahlstellen und Geschaefte",13004000,Schwerin,voll.,0,0,0,0,0,0,0,0,0,0,0,0,0,0,0,0,0,0,0,0,0,0,0,0,0,0,0,2016
212000,"Raub, raeuberische Erpressung auf/gegen sonstige Zahlstellen und Geschaefte",5970040,Siegen,voll.,5,1,4,0,0,0,0,0,0,0,0,0,0,0,0,1,0,1,4,1,3,0,0,0,4,1,3,2016
212000,"Raub, raeuberische Erpressung auf/gegen sonstige Zahlstellen und Geschaefte",5122000,Solingen,voll.,3,1,2,0,0,0,0,0,0,0,0,0,0,0,0,0,0,0,3,1,2,0,0,0,3,1,2,2016
212000,"Raub, raeuberische Erpressung auf/gegen sonstige Zahlstellen und Geschaefte",8111000,Stuttgart,voll.,15,4,11,0,0,0,0,0,0,0,0,0,0,0,0,2,1,1,8,0,8,5,3,2,13,3,10,2016
212000,"Raub, raeuberische Erpressung auf/gegen sonstige Zahlstellen und Geschaefte",7211000,Trier,voll.,1,0,1,0,0,0,0,0,0,0,0,0,0,0,0,0,0,0,1,0,1,0,0,0,1,0,1,2016
212000,"Raub, raeuberische Erpressung auf/gegen sonstige Zahlstellen und Geschaefte",8421000,Ulm,voll.,1,0,1,0,0,0,0,0,0,0,0,0,0,0,0,0,0,0,1,0,1,0,0,0,1,0,1,2016
212000,"Raub, raeuberische Erpressung auf/gegen sonstige Zahlstellen und Geschaefte",6414000,Wiesbaden,voll.,9,5,4,0,0,0,0,0,0,0,0,0,0,0,0,0,0,0,8,4,4,1,1,0,9,5,4,2016
212000,"Raub, raeuberische Erpressung auf/gegen sonstige Zahlstellen und Geschaefte",3103000,Wolfsburg,voll.,5,0,5,0,0,0,0,0,0,0,0,0,0,0,0,0,0,0,5,0,5,0,0,0,5,0,5,2016
212000,"Raub, raeuberische Erpressung auf/gegen sonstige Zahlstellen und Geschaefte",5124000,Wuppertal,voll.,31,14,17,0,0,0,0,0,0,0,0,0,0,0,0,1,0,1,27,14,13,3,0,3,30,14,16,2016
212000,"Raub, raeuberische Erpressung auf/gegen sonstige Zahlstellen und Geschaefte",9663000,Wuerzburg,voll.,0,0,0,0,0,0,0,0,0,0,0,0,0,0,0,0,0,0,0,0,0,0,0,0,0,0,0,2016
212000,"Raub, raeuberische Erpressung auf/gegen sonstige Zahlstellen und Geschaefte",5334002,Aachen,vers.,6,4,2,0,0,0,0,0,0,0,0,0,0,0,0,0,0,0,5,3,2,1,1,0,6,4,2,2016
212000,"Raub, raeuberische Erpressung auf/gegen sonstige Zahlstellen und Geschaefte",9761000,Augsburg,vers.,0,0,0,0,0,0,0,0,0,0,0,0,0,0,0,0,0,0,0,0,0,0,0,0,0,0,0,2016
212000,"Raub, raeuberische Erpressung auf/gegen sonstige Zahlstellen und Geschaefte",5378004,Bergisch Gladbach,vers.,1,0,1,0,0,0,0,0,0,0,0,0,0,0,0,0,0,0,1,0,1,0,0,0,1,0,1,2016
212000,"Raub, raeuberische Erpressung auf/gegen sonstige Zahlstellen und Geschaefte",11000000,Berlin,vers.,118,71,47,0,0,0,1,1,0,1,1,0,1,1,0,5,3,2,94,56,38,17,10,7,111,66,45,2016
212000,"Raub, raeuberische Erpressung auf/gegen sonstige Zahlstellen und Geschaefte",5711000,Bielefeld,vers.,12,7,5,0,0,0,0,0,0,0,0,0,0,0,0,1,1,0,9,4,5,2,2,0,11,6,5,2016
212000,"Raub, raeuberische Erpressung auf/gegen sonstige Zahlstellen und Geschaefte",5911000,Bochum,vers.,8,4,4,0,0,0,0,0,0,0,0,0,0,0,0,0,0,0,8,4,4,0,0,0,8,4,4,2016
212000,"Raub, raeuberische Erpressung auf/gegen sonstige Zahlstellen und Geschaefte",5314000,Bonn,vers.,6,2,4,0,0,0,0,0,0,0,0,0,0,0,0,1,1,0,4,1,3,1,0,1,5,1,4,2016
212000,"Raub, raeuberische Erpressung auf/gegen sonstige Zahlstellen und Geschaefte",5512000,Bottrop,vers.,0,0,0,0,0,0,0,0,0,0,0,0,0,0,0,0,0,0,0,0,0,0,0,0,0,0,0,2016
212000,"Raub, raeuberische Erpressung auf/gegen sonstige Zahlstellen und Geschaefte",3101000,Braunschweig,vers.,5,3,2,0,0,0,0,0,0,0,0,0,0,0,0,0,0,0,3,1,2,2,2,0,5,3,2,2016
212000,"Raub, raeuberische Erpressung auf/gegen sonstige Zahlstellen und Geschaefte",4011000,Bremen,vers.,18,6,12,0,0,0,0,0,0,0,0,0,0,0,0,1,0,1,12,4,8,5,2,3,17,6,11,2016
212000,"Raub, raeuberische Erpressung auf/gegen sonstige Zahlstellen und Geschaefte",4012000,Bremerhaven,vers.,11,5,6,0,0,0,0,0,0,0,0,0,0,0,0,0,0,0,8,4,4,3,1,2,11,5,6,2016
212000,"Raub, raeuberische Erpressung auf/gegen sonstige Zahlstellen und Geschaefte",14511000,Chemnitz,vers.,1,0,1,0,0,0,0,0,0,0,0,0,0,0,0,0,0,0,1,0,1,0,0,0,1,0,1,2016
212000,"Raub, raeuberische Erpressung auf/gegen sonstige Zahlstellen und Geschaefte",6411000,Darmstadt,vers.,4,2,2,0,0,0,0,0,0,0,0,0,0,0,0,0,0,0,4,2,2,0,0,0,4,2,2,2016
212000,"Raub, raeuberische Erpressung auf/gegen sonstige Zahlstellen und Geschaefte",5913000,Dortmund,vers.,11,8,3,0,0,0,0,0,0,0,0,0,0,0,0,0,0,0,9,7,2,2,1,1,11,8,3,2016
212000,"Raub, raeuberische Erpressung auf/gegen sonstige Zahlstellen und Geschaefte",14612000,Dresden,vers.,5,0,5,0,0,0,0,0,0,0,0,0,0,0,0,0,0,0,5,0,5,0,0,0,5,0,5,2016
212000,"Raub, raeuberische Erpressung auf/gegen sonstige Zahlstellen und Geschaefte",5112000,Duisburg,vers.,11,2,9,0,0,0,0,0,0,0,0,0,0,0,0,0,0,0,9,1,8,2,1,1,11,2,9,2016
212000,"Raub, raeuberische Erpressung auf/gegen sonstige Zahlstellen und Geschaefte",5111000,Duesseldorf,vers.,6,3,3,0,0,0,0,0,0,0,0,0,0,0,0,0,0,0,5,2,3,1,1,0,6,3,3,2016
212000,"Raub, raeuberische Erpressung auf/gegen sonstige Zahlstellen und Geschaefte",16051000,Erfurt,vers.,0,0,0,0,0,0,0,0,0,0,0,0,0,0,0,0,0,0,0,0,0,0,0,0,0,0,0,2016
212000,"Raub, raeuberische Erpressung auf/gegen sonstige Zahlstellen und Geschaefte",9562000,Erlangen,vers.,1,1,0,0,0,0,0,0,0,0,0,0,0,0,0,0,0,0,1,1,0,0,0,0,1,1,0,2016
212000,"Raub, raeuberische Erpressung auf/gegen sonstige Zahlstellen und Geschaefte",5113000,Essen,vers.,17,7,10,0,0,0,0,0,0,0,0,0,0,0,0,0,0,0,14,6,8,3,1,2,17,7,10,2016
212000,"Raub, raeuberische Erpressung auf/gegen sonstige Zahlstellen und Geschaefte",6412000,Frankfurt am Main,vers.,15,10,5,0,0,0,0,0,0,0,0,0,0,0,0,1,1,0,12,7,5,2,2,0,14,9,5,2016
212000,"Raub, raeuberische Erpressung auf/gegen sonstige Zahlstellen und Geschaefte",8311000,Freiburg im Breisgau,vers.,5,3,2,0,0,0,0,0,0,0,0,0,0,0,0,1,1,0,4,2,2,0,0,0,4,2,2,2016
212000,"Raub, raeuberische Erpressung auf/gegen sonstige Zahlstellen und Geschaefte",9563000,Fuerth,vers.,0,0,0,0,0,0,0,0,0,0,0,0,0,0,0,0,0,0,0,0,0,0,0,0,0,0,0,2016
212000,"Raub, raeuberische Erpressung auf/gegen sonstige Zahlstellen und Geschaefte",5513000,Gelsenkirchen,vers.,5,1,4,0,0,0,0,0,0,0,0,0,0,0,0,0,0,0,4,1,3,1,0,1,5,1,4,2016
212000,"Raub, raeuberische Erpressung auf/gegen sonstige Zahlstellen und Geschaefte",3152012,Goettingen,vers.,1,1,0,0,0,0,0,0,0,0,0,0,0,0,0,0,0,0,1,1,0,0,0,0,1,1,0,2016
212000,"Raub, raeuberische Erpressung auf/gegen sonstige Zahlstellen und Geschaefte",5914000,Hagen,vers.,2,1,1,0,0,0,0,0,0,0,0,0,0,0,0,0,0,0,1,1,0,1,0,1,2,1,1,2016
212000,"Raub, raeuberische Erpressung auf/gegen sonstige Zahlstellen und Geschaefte",15002000,Halle (Saale),vers.,0,0,0,0,0,0,0,0,0,0,0,0,0,0,0,0,0,0,0,0,0,0,0,0,0,0,0,2016
212000,"Raub, raeuberische Erpressung auf/gegen sonstige Zahlstellen und Geschaefte",2000000,Hamburg,vers.,32,16,16,0,0,0,0,0,0,0,0,0,0,0,0,0,0,0,30,16,14,2,0,2,32,16,16,2016
212000,"Raub, raeuberische Erpressung auf/gegen sonstige Zahlstellen und Geschaefte",5915000,Hamm,vers.,3,2,1,0,0,0,0,0,0,0,0,0,0,0,0,0,0,0,3,2,1,0,0,0,3,2,1,2016
212000,"Raub, raeuberische Erpressung auf/gegen sonstige Zahlstellen und Geschaefte",3241001,Hannover,vers.,7,4,3,0,0,0,0,0,0,0,0,0,1,1,0,2,1,1,3,1,2,1,1,0,4,2,2,2016
212000,"Raub, raeuberische Erpressung auf/gegen sonstige Zahlstellen und Geschaefte",8221000,Heidelberg,vers.,1,1,0,0,0,0,0,0,0,0,0,0,0,0,0,0,0,0,1,1,0,0,0,0,1,1,0,2016
212000,"Raub, raeuberische Erpressung auf/gegen sonstige Zahlstellen und Geschaefte",8121000,Heilbronn,vers.,0,0,0,0,0,0,0,0,0,0,0,0,0,0,0,0,0,0,0,0,0,0,0,0,0,0,0,2016
212000,"Raub, raeuberische Erpressung auf/gegen sonstige Zahlstellen und Geschaefte",5916000,Herne,vers.,2,1,1,0,0,0,0,0,0,0,0,0,0,0,0,0,0,0,2,1,1,0,0,0,2,1,1,2016
212000,"Raub, raeuberische Erpressung auf/gegen sonstige Zahlstellen und Geschaefte",3254021,Hildesheim,vers.,3,1,2,0,0,0,0,0,0,0,0,0,0,0,0,0,0,0,3,1,2,0,0,0,3,1,2,2016
212000,"Raub, raeuberische Erpressung auf/gegen sonstige Zahlstellen und Geschaefte",9161000,Ingolstadt,vers.,0,0,0,0,0,0,0,0,0,0,0,0,0,0,0,0,0,0,0,0,0,0,0,0,0,0,0,2016
212000,"Raub, raeuberische Erpressung auf/gegen sonstige Zahlstellen und Geschaefte",16053000,Jena,vers.,0,0,0,0,0,0,0,0,0,0,0,0,0,0,0,0,0,0,0,0,0,0,0,0,0,0,0,2016
212000,"Raub, raeuberische Erpressung auf/gegen sonstige Zahlstellen und Geschaefte",8212000,Karlsruhe,vers.,5,1,4,0,0,0,0,0,0,0,0,0,0,0,0,0,0,0,4,1,3,1,0,1,5,1,4,2016
212000,"Raub, raeuberische Erpressung auf/gegen sonstige Zahlstellen und Geschaefte",6611000,Kassel,vers.,4,4,0,0,0,0,0,0,0,0,0,0,0,0,0,0,0,0,4,4,0,0,0,0,4,4,0,2016
212000,"Raub, raeuberische Erpressung auf/gegen sonstige Zahlstellen und Geschaefte",1002000,Kiel,vers.,9,5,4,0,0,0,0,0,0,0,0,0,0,0,0,1,0,1,7,4,3,1,1,0,8,5,3,2016
212000,"Raub, raeuberische Erpressung auf/gegen sonstige Zahlstellen und Geschaefte",7111000,Koblenz,vers.,4,2,2,0,0,0,0,0,0,0,0,0,0,0,0,0,0,0,3,1,2,1,1,0,4,2,2,2016
212000,"Raub, raeuberische Erpressung auf/gegen sonstige Zahlstellen und Geschaefte",5315000,Koeln,vers.,12,7,5,0,0,0,0,0,0,0,0,0,0,0,0,0,0,0,10,6,4,2,1,1,12,7,5,2016
212000,"Raub, raeuberische Erpressung auf/gegen sonstige Zahlstellen und Geschaefte",5114000,Krefeld,vers.,7,4,3,0,0,0,0,0,0,0,0,0,0,0,0,0,0,0,4,2,2,3,2,1,7,4,3,2016
212000,"Raub, raeuberische Erpressung auf/gegen sonstige Zahlstellen und Geschaefte",14713000,Leipzig,vers.,3,2,1,0,0,0,0,0,0,0,0,0,0,0,0,0,0,0,3,2,1,0,0,0,3,2,1,2016
212000,"Raub, raeuberische Erpressung auf/gegen sonstige Zahlstellen und Geschaefte",5316000,Leverkusen,vers.,2,1,1,0,0,0,0,0,0,0,0,0,0,0,0,0,0,0,2,1,1,0,0,0,2,1,1,2016
212000,"Raub, raeuberische Erpressung auf/gegen sonstige Zahlstellen und Geschaefte",1003000,Luebeck,vers.,1,1,0,0,0,0,0,0,0,0,0,0,0,0,0,0,0,0,0,0,0,1,1,0,1,1,0,2016
212000,"Raub, raeuberische Erpressung auf/gegen sonstige Zahlstellen und Geschaefte",7314000,Ludwigshafen am Rhein,vers.,4,1,3,0,0,0,0,0,0,0,0,0,0,0,0,0,0,0,4,1,3,0,0,0,4,1,3,2016
212000,"Raub, raeuberische Erpressung auf/gegen sonstige Zahlstellen und Geschaefte",15003000,Magdeburg,vers.,7,2,5,0,0,0,0,0,0,0,0,0,0,0,0,1,1,0,6,1,5,0,0,0,6,1,5,2016
212000,"Raub, raeuberische Erpressung auf/gegen sonstige Zahlstellen und Geschaefte",7315000,Mainz,vers.,6,2,4,0,0,0,0,0,0,0,0,0,0,0,0,0,0,0,6,2,4,0,0,0,6,2,4,2016
212000,"Raub, raeuberische Erpressung auf/gegen sonstige Zahlstellen und Geschaefte",8222000,Mannheim,vers.,4,2,2,0,0,0,0,0,0,0,0,0,0,0,0,0,0,0,4,2,2,0,0,0,4,2,2,2016
212000,"Raub, raeuberische Erpressung auf/gegen sonstige Zahlstellen und Geschaefte",5170024,Moers,vers.,0,0,0,0,0,0,0,0,0,0,0,0,0,0,0,0,0,0,0,0,0,0,0,0,0,0,0,2016
212000,"Raub, raeuberische Erpressung auf/gegen sonstige Zahlstellen und Geschaefte",5116000,Moenchengladbach,vers.,6,1,5,0,0,0,0,0,0,0,0,0,0,0,0,1,0,1,5,1,4,0,0,0,5,1,4,2016
212000,"Raub, raeuberische Erpressung auf/gegen sonstige Zahlstellen und Geschaefte",5117000,Muelheim an der Ruhr,vers.,1,0,1,0,0,0,0,0,0,0,0,0,0,0,0,0,0,0,0,0,0,1,0,1,1,0,1,2016
212000,"Raub, raeuberische Erpressung auf/gegen sonstige Zahlstellen und Geschaefte",9162000,Muenchen,vers.,16,9,7,0,0,0,0,0,0,0,0,0,0,0,0,4,1,3,7,4,3,5,4,1,12,8,4,2016
212000,"Raub, raeuberische Erpressung auf/gegen sonstige Zahlstellen und Geschaefte",5515000,Muenster,vers.,3,0,3,0,0,0,0,0,0,0,0,0,0,0,0,0,0,0,3,0,3,0,0,0,3,0,3,2016
212000,"Raub, raeuberische Erpressung auf/gegen sonstige Zahlstellen und Geschaefte",5162024,Neuss,vers.,6,3,3,0,0,0,0,0,0,0,0,0,0,0,0,0,0,0,3,1,2,3,2,1,6,3,3,2016
212000,"Raub, raeuberische Erpressung auf/gegen sonstige Zahlstellen und Geschaefte",9564000,Nuernberg,vers.,3,2,1,0,0,0,0,0,0,0,0,0,0,0,0,1,1,0,2,1,1,0,0,0,2,1,1,2016
212000,"Raub, raeuberische Erpressung auf/gegen sonstige Zahlstellen und Geschaefte",5119000,Oberhausen,vers.,10,5,5,0,0,0,1,1,0,1,1,0,0,0,0,0,0,0,6,3,3,3,1,2,9,4,5,2016
212000,"Raub, raeuberische Erpressung auf/gegen sonstige Zahlstellen und Geschaefte",6413000,Offenbach am Main,vers.,1,1,0,0,0,0,0,0,0,0,0,0,0,0,0,1,1,0,0,0,0,0,0,0,0,0,0,2016
212000,"Raub, raeuberische Erpressung auf/gegen sonstige Zahlstellen und Geschaefte",3403000,Oldenburg (Oldenburg),vers.,0,0,0,0,0,0,0,0,0,0,0,0,0,0,0,0,0,0,0,0,0,0,0,0,0,0,0,2016
212000,"Raub, raeuberische Erpressung auf/gegen sonstige Zahlstellen und Geschaefte",3404000,Osnabrueck,vers.,5,3,2,0,0,0,0,0,0,0,0,0,0,0,0,0,0,0,5,3,2,0,0,0,5,3,2,2016
212000,"Raub, raeuberische Erpressung auf/gegen sonstige Zahlstellen und Geschaefte",5774032,Paderborn,vers.,0,0,0,0,0,0,0,0,0,0,0,0,0,0,0,0,0,0,0,0,0,0,0,0,0,0,0,2016
212000,"Raub, raeuberische Erpressung auf/gegen sonstige Zahlstellen und Geschaefte",8231000,Pforzheim,vers.,0,0,0,0,0,0,0,0,0,0,0,0,0,0,0,0,0,0,0,0,0,0,0,0,0,0,0,2016
212000,"Raub, raeuberische Erpressung auf/gegen sonstige Zahlstellen und Geschaefte",12054000,Potsdam,vers.,1,1,0,0,0,0,0,0,0,0,0,0,0,0,0,0,0,0,1,1,0,0,0,0,1,1,0,2016
212000,"Raub, raeuberische Erpressung auf/gegen sonstige Zahlstellen und Geschaefte",5562032,Recklinghausen,vers.,2,0,2,0,0,0,0,0,0,0,0,0,0,0,0,0,0,0,2,0,2,0,0,0,2,0,2,2016
212000,"Raub, raeuberische Erpressung auf/gegen sonstige Zahlstellen und Geschaefte",9362000,Regensburg,vers.,0,0,0,0,0,0,0,0,0,0,0,0,0,0,0,0,0,0,0,0,0,0,0,0,0,0,0,2016
212000,"Raub, raeuberische Erpressung auf/gegen sonstige Zahlstellen und Geschaefte",5120000,Remscheid,vers.,1,1,0,0,0,0,0,0,0,0,0,0,0,0,0,0,0,0,1,1,0,0,0,0,1,1,0,2016
212000,"Raub, raeuberische Erpressung auf/gegen sonstige Zahlstellen und Geschaefte",8415061,Reutlingen,vers.,0,0,0,0,0,0,0,0,0,0,0,0,0,0,0,0,0,0,0,0,0,0,0,0,0,0,0,2016
212000,"Raub, raeuberische Erpressung auf/gegen sonstige Zahlstellen und Geschaefte",13003000,Rostock,vers.,3,2,1,0,0,0,0,0,0,0,0,0,0,0,0,0,0,0,3,2,1,0,0,0,3,2,1,2016
212000,"Raub, raeuberische Erpressung auf/gegen sonstige Zahlstellen und Geschaefte",10041100,Saarbruecken,vers.,6,2,4,0,0,0,0,0,0,0,0,0,0,0,0,0,0,0,5,2,3,1,0,1,6,2,4,2016
212000,"Raub, raeuberische Erpressung auf/gegen sonstige Zahlstellen und Geschaefte",3102000,Salzgitter,vers.,1,0,1,0,0,0,0,0,0,0,0,0,0,0,0,0,0,0,1,0,1,0,0,0,1,0,1,2016
212000,"Raub, raeuberische Erpressung auf/gegen sonstige Zahlstellen und Geschaefte",13004000,Schwerin,vers.,0,0,0,0,0,0,0,0,0,0,0,0,0,0,0,0,0,0,0,0,0,0,0,0,0,0,0,2016
212000,"Raub, raeuberische Erpressung auf/gegen sonstige Zahlstellen und Geschaefte",5970040,Siegen,vers.,0,0,0,0,0,0,0,0,0,0,0,0,0,0,0,0,0,0,0,0,0,0,0,0,0,0,0,2016
212000,"Raub, raeuberische Erpressung auf/gegen sonstige Zahlstellen und Geschaefte",5122000,Solingen,vers.,2,2,0,0,0,0,0,0,0,0,0,0,0,0,0,0,0,0,1,1,0,1,1,0,2,2,0,2016
212000,"Raub, raeuberische Erpressung auf/gegen sonstige Zahlstellen und Geschaefte",8111000,Stuttgart,vers.,7,5,2,0,0,0,0,0,0,0,0,0,0,0,0,0,0,0,5,4,1,2,1,1,7,5,2,2016
212000,"Raub, raeuberische Erpressung auf/gegen sonstige Zahlstellen und Geschaefte",7211000,Trier,vers.,2,1,1,0,0,0,0,0,0,0,0,0,0,0,0,0,0,0,2,1,1,0,0,0,2,1,1,2016
212000,"Raub, raeuberische Erpressung auf/gegen sonstige Zahlstellen und Geschaefte",8421000,Ulm,vers.,0,0,0,0,0,0,0,0,0,0,0,0,0,0,0,0,0,0,0,0,0,0,0,0,0,0,0,2016
212000,"Raub, raeuberische Erpressung auf/gegen sonstige Zahlstellen und Geschaefte",6414000,Wiesbaden,vers.,3,1,2,0,0,0,0,0,0,0,0,0,0,0,0,0,0,0,3,1,2,0,0,0,3,1,2,2016
212000,"Raub, raeuberische Erpressung auf/gegen sonstige Zahlstellen und Geschaefte",3103000,Wolfsburg,vers.,1,1,0,0,0,0,0,0,0,0,0,0,0,0,0,0,0,0,1,1,0,0,0,0,1,1,0,2016
212000,"Raub, raeuberische Erpressung auf/gegen sonstige Zahlstellen und Geschaefte",5124000,Wuppertal,vers.,6,5,1,0,0,0,0,0,0,0,0,0,0,0,0,0,0,0,5,5,0,1,0,1,6,5,1,2016
212000,"Raub, raeuberische Erpressung auf/gegen sonstige Zahlstellen und Geschaefte",9663000,Wuerzburg,vers.,0,0,0,0,0,0,0,0,0,0,0,0,0,0,0,0,0,0,0,0,0,0,0,0,0,0,0,2016
212000,"Raub, raeuberische Erpressung auf/gegen sonstige Zahlstellen und Geschaefte",5334002,Aachen,insg.,14,7,7,0,0,0,0,0,0,0,0,0,0,0,0,1,1,0,11,5,6,2,1,1,13,6,7,2016
212000,"Raub, raeuberische Erpressung auf/gegen sonstige Zahlstellen und Geschaefte",9761000,Augsburg,insg.,0,0,0,0,0,0,0,0,0,0,0,0,0,0,0,0,0,0,0,0,0,0,0,0,0,0,0,2016
212000,"Raub, raeuberische Erpressung auf/gegen sonstige Zahlstellen und Geschaefte",5378004,Bergisch Gladbach,insg.,3,1,2,0,0,0,0,0,0,0,0,0,0,0,0,1,1,0,2,0,2,0,0,0,2,0,2,2016
212000,"Raub, raeuberische Erpressung auf/gegen sonstige Zahlstellen und Geschaefte",11000000,Berlin,insg.,604,312,292,0,0,0,1,1,0,1,1,0,2,1,1,34,18,16,515,268,247,52,24,28,567,292,275,2016
212000,"Raub, raeuberische Erpressung auf/gegen sonstige Zahlstellen und Geschaefte",5711000,Bielefeld,insg.,32,16,16,0,0,0,0,0,0,0,0,0,0,0,0,3,1,2,27,13,14,2,2,0,29,15,14,2016
212000,"Raub, raeuberische Erpressung auf/gegen sonstige Zahlstellen und Geschaefte",5911000,Bochum,insg.,23,11,12,0,0,0,0,0,0,0,0,0,0,0,0,0,0,0,19,9,10,4,2,2,23,11,12,2016
212000,"Raub, raeuberische Erpressung auf/gegen sonstige Zahlstellen und Geschaefte",5314000,Bonn,insg.,30,13,17,0,0,0,0,0,0,0,0,0,0,0,0,2,2,0,25,11,14,3,0,3,28,11,17,2016
212000,"Raub, raeuberische Erpressung auf/gegen sonstige Zahlstellen und Geschaefte",5512000,Bottrop,insg.,2,2,0,0,0,0,0,0,0,0,0,0,0,0,0,0,0,0,2,2,0,0,0,0,2,2,0,2016
212000,"Raub, raeuberische Erpressung auf/gegen sonstige Zahlstellen und Geschaefte",3101000,Braunschweig,insg.,14,6,8,0,0,0,0,0,0,0,0,0,0,0,0,0,0,0,12,4,8,2,2,0,14,6,8,2016
212000,"Raub, raeuberische Erpressung auf/gegen sonstige Zahlstellen und Geschaefte",4011000,Bremen,insg.,72,25,47,0,0,0,0,0,0,0,0,0,1,1,0,7,4,3,49,15,34,15,5,10,64,20,44,2016
212000,"Raub, raeuberische Erpressung auf/gegen sonstige Zahlstellen und Geschaefte",4012000,Bremerhaven,insg.,39,19,20,0,0,0,0,0,0,0,0,0,0,0,0,1,1,0,31,16,15,7,2,5,38,18,20,2016
212000,"Raub, raeuberische Erpressung auf/gegen sonstige Zahlstellen und Geschaefte",14511000,Chemnitz,insg.,6,2,4,0,0,0,0,0,0,0,0,0,0,0,0,0,0,0,6,2,4,0,0,0,6,2,4,2016
212000,"Raub, raeuberische Erpressung auf/gegen sonstige Zahlstellen und Geschaefte",6411000,Darmstadt,insg.,7,4,3,0,0,0,0,0,0,0,0,0,0,0,0,1,1,0,6,3,3,0,0,0,6,3,3,2016
212000,"Raub, raeuberische Erpressung auf/gegen sonstige Zahlstellen und Geschaefte",5913000,Dortmund,insg.,55,26,29,0,0,0,0,0,0,0,0,0,0,0,0,4,1,3,49,24,25,2,1,1,51,25,26,2016
212000,"Raub, raeuberische Erpressung auf/gegen sonstige Zahlstellen und Geschaefte",14612000,Dresden,insg.,14,5,9,0,0,0,0,0,0,0,0,0,0,0,0,0,0,0,12,4,8,2,1,1,14,5,9,2016
212000,"Raub, raeuberische Erpressung auf/gegen sonstige Zahlstellen und Geschaefte",5112000,Duisburg,insg.,36,4,32,0,0,0,0,0,0,0,0,0,0,0,0,0,0,0,28,2,26,8,2,6,36,4,32,2016
212000,"Raub, raeuberische Erpressung auf/gegen sonstige Zahlstellen und Geschaefte",5111000,Duesseldorf,insg.,14,8,6,0,0,0,0,0,0,0,0,0,0,0,0,0,0,0,12,7,5,2,1,1,14,8,6,2016
212000,"Raub, raeuberische Erpressung auf/gegen sonstige Zahlstellen und Geschaefte",16051000,Erfurt,insg.,6,3,3,0,0,0,0,0,0,0,0,0,0,0,0,1,1,0,4,2,2,1,0,1,5,2,3,2016
212000,"Raub, raeuberische Erpressung auf/gegen sonstige Zahlstellen und Geschaefte",9562000,Erlangen,insg.,2,2,0,0,0,0,0,0,0,0,0,0,0,0,0,0,0,0,2,2,0,0,0,0,2,2,0,2016
212000,"Raub, raeuberische Erpressung auf/gegen sonstige Zahlstellen und Geschaefte",5113000,Essen,insg.,60,25,35,0,0,0,0,0,0,0,0,0,0,0,0,1,0,1,52,24,28,7,1,6,59,25,34,2016
212000,"Raub, raeuberische Erpressung auf/gegen sonstige Zahlstellen und Geschaefte",6412000,Frankfurt am Main,insg.,58,34,24,0,0,0,0,0,0,0,0,0,1,1,0,3,3,0,49,26,23,5,4,1,54,30,24,2016
212000,"Raub, raeuberische Erpressung auf/gegen sonstige Zahlstellen und Geschaefte",8311000,Freiburg im Breisgau,insg.,18,7,11,0,0,0,0,0,0,0,0,0,1,0,1,4,2,2,11,5,6,2,0,2,13,5,8,2016
212000,"Raub, raeuberische Erpressung auf/gegen sonstige Zahlstellen und Geschaefte",9563000,Fuerth,insg.,4,0,4,0,0,0,0,0,0,0,0,0,0,0,0,0,0,0,4,0,4,0,0,0,4,0,4,2016
212000,"Raub, raeuberische Erpressung auf/gegen sonstige Zahlstellen und Geschaefte",5513000,Gelsenkirchen,insg.,26,6,20,0,0,0,1,1,0,1,1,0,0,0,0,0,0,0,23,5,18,2,0,2,25,5,20,2016
212000,"Raub, raeuberische Erpressung auf/gegen sonstige Zahlstellen und Geschaefte",3152012,Goettingen,insg.,10,7,3,0,0,0,0,0,0,0,0,0,0,0,0,1,0,1,9,7,2,0,0,0,9,7,2,2016
212000,"Raub, raeuberische Erpressung auf/gegen sonstige Zahlstellen und Geschaefte",5914000,Hagen,insg.,9,2,7,0,0,0,0,0,0,0,0,0,0,0,0,0,0,0,7,2,5,2,0,2,9,2,7,2016
212000,"Raub, raeuberische Erpressung auf/gegen sonstige Zahlstellen und Geschaefte",15002000,Halle (Saale),insg.,4,1,3,0,0,0,0,0,0,0,0,0,0,0,0,0,0,0,4,1,3,0,0,0,4,1,3,2016
212000,"Raub, raeuberische Erpressung auf/gegen sonstige Zahlstellen und Geschaefte",2000000,Hamburg,insg.,130,55,75,0,0,0,0,0,0,0,0,0,1,0,1,9,6,3,111,48,63,9,1,8,120,49,71,2016
212000,"Raub, raeuberische Erpressung auf/gegen sonstige Zahlstellen und Geschaefte",5915000,Hamm,insg.,9,4,5,0,0,0,0,0,0,0,0,0,0,0,0,1,0,1,8,4,4,0,0,0,8,4,4,2016
212000,"Raub, raeuberische Erpressung auf/gegen sonstige Zahlstellen und Geschaefte",3241001,Hannover,insg.,51,26,25,0,0,0,0,0,0,0,0,0,2,2,0,9,4,5,37,18,19,3,2,1,40,20,20,2016
212000,"Raub, raeuberische Erpressung auf/gegen sonstige Zahlstellen und Geschaefte",8221000,Heidelberg,insg.,2,1,1,0,0,0,0,0,0,0,0,0,0,0,0,0,0,0,2,1,1,0,0,0,2,1,1,2016
212000,"Raub, raeuberische Erpressung auf/gegen sonstige Zahlstellen und Geschaefte",8121000,Heilbronn,insg.,8,4,4,0,0,0,0,0,0,0,0,0,0,0,0,2,2,0,3,1,2,3,1,2,6,2,4,2016
212000,"Raub, raeuberische Erpressung auf/gegen sonstige Zahlstellen und Geschaefte",5916000,Herne,insg.,9,3,6,0,0,0,0,0,0,0,0,0,0,0,0,0,0,0,8,3,5,1,0,1,9,3,6,2016
212000,"Raub, raeuberische Erpressung auf/gegen sonstige Zahlstellen und Geschaefte",3254021,Hildesheim,insg.,11,7,4,0,0,0,0,0,0,0,0,0,0,0,0,0,0,0,11,7,4,0,0,0,11,7,4,2016
212000,"Raub, raeuberische Erpressung auf/gegen sonstige Zahlstellen und Geschaefte",9161000,Ingolstadt,insg.,0,0,0,0,0,0,0,0,0,0,0,0,0,0,0,0,0,0,0,0,0,0,0,0,0,0,0,2016
212000,"Raub, raeuberische Erpressung auf/gegen sonstige Zahlstellen und Geschaefte",16053000,Jena,insg.,0,0,0,0,0,0,0,0,0,0,0,0,0,0,0,0,0,0,0,0,0,0,0,0,0,0,0,2016
212000,"Raub, raeuberische Erpressung auf/gegen sonstige Zahlstellen und Geschaefte",8212000,Karlsruhe,insg.,17,7,10,0,0,0,0,0,0,0,0,0,0,0,0,0,0,0,16,7,9,1,0,1,17,7,10,2016
212000,"Raub, raeuberische Erpressung auf/gegen sonstige Zahlstellen und Geschaefte",6611000,Kassel,insg.,14,10,4,0,0,0,0,0,0,0,0,0,0,0,0,2,1,1,12,9,3,0,0,0,12,9,3,2016
212000,"Raub, raeuberische Erpressung auf/gegen sonstige Zahlstellen und Geschaefte",1002000,Kiel,insg.,35,18,17,0,0,0,0,0,0,0,0,0,0,0,0,2,1,1,30,14,16,3,3,0,33,17,16,2016
212000,"Raub, raeuberische Erpressung auf/gegen sonstige Zahlstellen und Geschaefte",7111000,Koblenz,insg.,12,3,9,0,0,0,0,0,0,0,0,0,0,0,0,1,0,1,10,2,8,1,1,0,11,3,8,2016
212000,"Raub, raeuberische Erpressung auf/gegen sonstige Zahlstellen und Geschaefte",5315000,Koeln,insg.,44,27,17,0,0,0,0,0,0,0,0,0,0,0,0,2,0,2,38,24,14,4,3,1,42,27,15,2016
212000,"Raub, raeuberische Erpressung auf/gegen sonstige Zahlstellen und Geschaefte",5114000,Krefeld,insg.,22,9,13,0,0,0,0,0,0,0,0,0,0,0,0,1,0,1,17,6,11,4,3,1,21,9,12,2016
212000,"Raub, raeuberische Erpressung auf/gegen sonstige Zahlstellen und Geschaefte",14713000,Leipzig,insg.,12,3,9,0,0,0,0,0,0,0,0,0,0,0,0,1,0,1,9,3,6,2,0,2,11,3,8,2016
212000,"Raub, raeuberische Erpressung auf/gegen sonstige Zahlstellen und Geschaefte",5316000,Leverkusen,insg.,7,3,4,0,0,0,0,0,0,0,0,0,0,0,0,1,1,0,6,2,4,0,0,0,6,2,4,2016
212000,"Raub, raeuberische Erpressung auf/gegen sonstige Zahlstellen und Geschaefte",1003000,Luebeck,insg.,5,2,3,0,0,0,0,0,0,0,0,0,0,0,0,0,0,0,4,1,3,1,1,0,5,2,3,2016
212000,"Raub, raeuberische Erpressung auf/gegen sonstige Zahlstellen und Geschaefte",7314000,Ludwigshafen am Rhein,insg.,6,2,4,0,0,0,0,0,0,0,0,0,0,0,0,0,0,0,6,2,4,0,0,0,6,2,4,2016
212000,"Raub, raeuberische Erpressung auf/gegen sonstige Zahlstellen und Geschaefte",15003000,Magdeburg,insg.,35,13,22,0,0,0,0,0,0,0,0,0,0,0,0,2,2,0,30,10,20,3,1,2,33,11,22,2016
212000,"Raub, raeuberische Erpressung auf/gegen sonstige Zahlstellen und Geschaefte",7315000,Mainz,insg.,8,2,6,0,0,0,0,0,0,0,0,0,0,0,0,0,0,0,8,2,6,0,0,0,8,2,6,2016
212000,"Raub, raeuberische Erpressung auf/gegen sonstige Zahlstellen und Geschaefte",8222000,Mannheim,insg.,15,5,10,0,0,0,0,0,0,0,0,0,0,0,0,1,0,1,13,5,8,1,0,1,14,5,9,2016
212000,"Raub, raeuberische Erpressung auf/gegen sonstige Zahlstellen und Geschaefte",5170024,Moers,insg.,8,2,6,0,0,0,0,0,0,0,0,0,0,0,0,0,0,0,5,0,5,3,2,1,8,2,6,2016
212000,"Raub, raeuberische Erpressung auf/gegen sonstige Zahlstellen und Geschaefte",5116000,Moenchengladbach,insg.,32,7,25,0,0,0,0,0,0,0,0,0,0,0,0,2,0,2,29,7,22,1,0,1,30,7,23,2016
212000,"Raub, raeuberische Erpressung auf/gegen sonstige Zahlstellen und Geschaefte",5117000,Muelheim an der Ruhr,insg.,12,5,7,0,0,0,0,0,0,0,0,0,0,0,0,1,1,0,10,4,6,1,0,1,11,4,7,2016
212000,"Raub, raeuberische Erpressung auf/gegen sonstige Zahlstellen und Geschaefte",9162000,Muenchen,insg.,41,19,22,0,0,0,0,0,0,0,0,0,1,1,0,4,1,3,30,13,17,6,4,2,36,17,19,2016
212000,"Raub, raeuberische Erpressung auf/gegen sonstige Zahlstellen und Geschaefte",5515000,Muenster,insg.,15,3,12,0,0,0,0,0,0,0,0,0,0,0,0,2,0,2,13,3,10,0,0,0,13,3,10,2016
212000,"Raub, raeuberische Erpressung auf/gegen sonstige Zahlstellen und Geschaefte",5162024,Neuss,insg.,10,6,4,0,0,0,0,0,0,0,0,0,0,0,0,0,0,0,6,3,3,4,3,1,10,6,4,2016
212000,"Raub, raeuberische Erpressung auf/gegen sonstige Zahlstellen und Geschaefte",9564000,Nuernberg,insg.,12,6,6,0,0,0,0,0,0,0,0,0,0,0,0,1,1,0,10,4,6,1,1,0,11,5,6,2016
212000,"Raub, raeuberische Erpressung auf/gegen sonstige Zahlstellen und Geschaefte",5119000,Oberhausen,insg.,22,6,16,0,0,0,1,1,0,1,1,0,0,0,0,0,0,0,18,4,14,3,1,2,21,5,16,2016
212000,"Raub, raeuberische Erpressung auf/gegen sonstige Zahlstellen und Geschaefte",6413000,Offenbach am Main,insg.,2,2,0,0,0,0,0,0,0,0,0,0,0,0,0,1,1,0,1,1,0,0,0,0,1,1,0,2016
212000,"Raub, raeuberische Erpressung auf/gegen sonstige Zahlstellen und Geschaefte",3403000,Oldenburg (Oldenburg),insg.,3,1,2,0,0,0,0,0,0,0,0,0,0,0,0,0,0,0,3,1,2,0,0,0,3,1,2,2016
212000,"Raub, raeuberische Erpressung auf/gegen sonstige Zahlstellen und Geschaefte",3404000,Osnabrueck,insg.,19,9,10,0,0,0,0,0,0,0,0,0,0,0,0,1,1,0,18,8,10,0,0,0,18,8,10,2016
212000,"Raub, raeuberische Erpressung auf/gegen sonstige Zahlstellen und Geschaefte",5774032,Paderborn,insg.,3,0,3,0,0,0,0,0,0,0,0,0,0,0,0,0,0,0,3,0,3,0,0,0,3,0,3,2016
212000,"Raub, raeuberische Erpressung auf/gegen sonstige Zahlstellen und Geschaefte",8231000,Pforzheim,insg.,5,0,5,0,0,0,0,0,0,0,0,0,0,0,0,2,0,2,3,0,3,0,0,0,3,0,3,2016
212000,"Raub, raeuberische Erpressung auf/gegen sonstige Zahlstellen und Geschaefte",12054000,Potsdam,insg.,14,4,10,0,0,0,0,0,0,0,0,0,0,0,0,1,0,1,12,4,8,1,0,1,13,4,9,2016
212000,"Raub, raeuberische Erpressung auf/gegen sonstige Zahlstellen und Geschaefte",5562032,Recklinghausen,insg.,9,0,9,0,0,0,0,0,0,0,0,0,0,0,0,0,0,0,8,0,8,1,0,1,9,0,9,2016
212000,"Raub, raeuberische Erpressung auf/gegen sonstige Zahlstellen und Geschaefte",9362000,Regensburg,insg.,8,3,5,0,0,0,0,0,0,0,0,0,0,0,0,0,0,0,7,3,4,1,0,1,8,3,5,2016
212000,"Raub, raeuberische Erpressung auf/gegen sonstige Zahlstellen und Geschaefte",5120000,Remscheid,insg.,4,1,3,0,0,0,0,0,0,0,0,0,0,0,0,1,0,1,3,1,2,0,0,0,3,1,2,2016
212000,"Raub, raeuberische Erpressung auf/gegen sonstige Zahlstellen und Geschaefte",8415061,Reutlingen,insg.,0,0,0,0,0,0,0,0,0,0,0,0,0,0,0,0,0,0,0,0,0,0,0,0,0,0,0,2016
212000,"Raub, raeuberische Erpressung auf/gegen sonstige Zahlstellen und Geschaefte",13003000,Rostock,insg.,14,5,9,0,0,0,0,0,0,0,0,0,0,0,0,0,0,0,13,5,8,1,0,1,14,5,9,2016
212000,"Raub, raeuberische Erpressung auf/gegen sonstige Zahlstellen und Geschaefte",10041100,Saarbruecken,insg.,23,9,14,0,0,0,0,0,0,0,0,0,0,0,0,2,1,1,18,6,12,3,2,1,21,8,13,2016
212000,"Raub, raeuberische Erpressung auf/gegen sonstige Zahlstellen und Geschaefte",3102000,Salzgitter,insg.,5,0,5,0,0,0,0,0,0,0,0,0,0,0,0,2,0,2,3,0,3,0,0,0,3,0,3,2016
212000,"Raub, raeuberische Erpressung auf/gegen sonstige Zahlstellen und Geschaefte",13004000,Schwerin,insg.,0,0,0,0,0,0,0,0,0,0,0,0,0,0,0,0,0,0,0,0,0,0,0,0,0,0,0,2016
212000,"Raub, raeuberische Erpressung auf/gegen sonstige Zahlstellen und Geschaefte",5970040,Siegen,insg.,5,1,4,0,0,0,0,0,0,0,0,0,0,0,0,1,0,1,4,1,3,0,0,0,4,1,3,2016
212000,"Raub, raeuberische Erpressung auf/gegen sonstige Zahlstellen und Geschaefte",5122000,Solingen,insg.,5,3,2,0,0,0,0,0,0,0,0,0,0,0,0,0,0,0,4,2,2,1,1,0,5,3,2,2016
212000,"Raub, raeuberische Erpressung auf/gegen sonstige Zahlstellen und Geschaefte",8111000,Stuttgart,insg.,22,9,13,0,0,0,0,0,0,0,0,0,0,0,0,2,1,1,13,4,9,7,4,3,20,8,12,2016
212000,"Raub, raeuberische Erpressung auf/gegen sonstige Zahlstellen und Geschaefte",7211000,Trier,insg.,3,1,2,0,0,0,0,0,0,0,0,0,0,0,0,0,0,0,3,1,2,0,0,0,3,1,2,2016
212000,"Raub, raeuberische Erpressung auf/gegen sonstige Zahlstellen und Geschaefte",8421000,Ulm,insg.,1,0,1,0,0,0,0,0,0,0,0,0,0,0,0,0,0,0,1,0,1,0,0,0,1,0,1,2016
212000,"Raub, raeuberische Erpressung auf/gegen sonstige Zahlstellen und Geschaefte",6414000,Wiesbaden,insg.,12,6,6,0,0,0,0,0,0,0,0,0,0,0,0,0,0,0,11,5,6,1,1,0,12,6,6,2016
212000,"Raub, raeuberische Erpressung auf/gegen sonstige Zahlstellen und Geschaefte",3103000,Wolfsburg,insg.,6,1,5,0,0,0,0,0,0,0,0,0,0,0,0,0,0,0,6,1,5,0,0,0,6,1,5,2016
212000,"Raub, raeuberische Erpressung auf/gegen sonstige Zahlstellen und Geschaefte",5124000,Wuppertal,insg.,37,19,18,0,0,0,0,0,0,0,0,0,0,0,0,1,0,1,32,19,13,4,0,4,36,19,17,2016
212000,"Raub, raeuberische Erpressung auf/gegen sonstige Zahlstellen und Geschaefte",9663000,Wuerzburg,insg.,0,0,0,0,0,0,0,0,0,0,0,0,0,0,0,0,0,0,0,0,0,0,0,0,0,0,0,2016
216000,Handtaschenraub,5334002,Aachen,voll.,15,1,14,0,0,0,0,0,0,0,0,0,2,1,1,2,0,2,7,0,7,4,0,4,11,0,11,2016
216000,Handtaschenraub,9761000,Augsburg,voll.,2,0,2,0,0,0,0,0,0,0,0,0,0,0,0,0,0,0,1,0,1,1,0,1,2,0,2,2016
216000,Handtaschenraub,5378004,Bergisch Gladbach,voll.,0,0,0,0,0,0,0,0,0,0,0,0,0,0,0,0,0,0,0,0,0,0,0,0,0,0,0,2016
216000,Handtaschenraub,11000000,Berlin,voll.,278,27,251,0,0,0,1,1,0,1,1,0,5,0,5,8,0,8,154,17,137,110,9,101,264,26,238,2016
216000,Handtaschenraub,5711000,Bielefeld,voll.,6,0,6,0,0,0,0,0,0,0,0,0,0,0,0,0,0,0,4,0,4,2,0,2,6,0,6,2016
216000,Handtaschenraub,5911000,Bochum,voll.,7,0,7,0,0,0,0,0,0,0,0,0,2,0,2,0,0,0,4,0,4,1,0,1,5,0,5,2016
216000,Handtaschenraub,5314000,Bonn,voll.,20,1,19,0,0,0,0,0,0,0,0,0,2,0,2,0,0,0,11,1,10,7,0,7,18,1,17,2016
216000,Handtaschenraub,5512000,Bottrop,voll.,0,0,0,0,0,0,0,0,0,0,0,0,0,0,0,0,0,0,0,0,0,0,0,0,0,0,0,2016
216000,Handtaschenraub,3101000,Braunschweig,voll.,10,1,9,0,0,0,0,0,0,0,0,0,0,0,0,0,0,0,9,1,8,1,0,1,10,1,9,2016
216000,Handtaschenraub,4011000,Bremen,voll.,25,3,22,0,0,0,0,0,0,0,0,0,0,0,0,1,0,1,16,1,15,8,2,6,24,3,21,2016
216000,Handtaschenraub,4012000,Bremerhaven,voll.,5,0,5,0,0,0,0,0,0,0,0,0,0,0,0,0,0,0,4,0,4,1,0,1,5,0,5,2016
216000,Handtaschenraub,14511000,Chemnitz,voll.,20,3,17,0,0,0,0,0,0,0,0,0,0,0,0,0,0,0,3,1,2,17,2,15,20,3,17,2016
216000,Handtaschenraub,6411000,Darmstadt,voll.,2,0,2,0,0,0,0,0,0,0,0,0,0,0,0,0,0,0,2,0,2,0,0,0,2,0,2,2016
216000,Handtaschenraub,5913000,Dortmund,voll.,34,0,34,0,0,0,0,0,0,0,0,0,0,0,0,1,0,1,20,0,20,13,0,13,33,0,33,2016
216000,Handtaschenraub,14612000,Dresden,voll.,20,3,17,0,0,0,0,0,0,0,0,0,1,0,1,1,0,1,10,3,7,8,0,8,18,3,15,2016
216000,Handtaschenraub,5112000,Duisburg,voll.,21,0,21,0,0,0,0,0,0,0,0,0,0,0,0,2,0,2,8,0,8,11,0,11,19,0,19,2016
216000,Handtaschenraub,5111000,Duesseldorf,voll.,24,1,23,0,0,0,0,0,0,0,0,0,0,0,0,0,0,0,14,1,13,10,0,10,24,1,23,2016
216000,Handtaschenraub,16051000,Erfurt,voll.,1,0,1,0,0,0,0,0,0,0,0,0,0,0,0,0,0,0,0,0,0,1,0,1,1,0,1,2016
216000,Handtaschenraub,9562000,Erlangen,voll.,0,0,0,0,0,0,0,0,0,0,0,0,0,0,0,0,0,0,0,0,0,0,0,0,0,0,0,2016
216000,Handtaschenraub,5113000,Essen,voll.,33,1,32,0,0,0,0,0,0,0,0,0,0,0,0,2,0,2,12,0,12,19,1,18,31,1,30,2016
216000,Handtaschenraub,6412000,Frankfurt am Main,voll.,44,3,41,0,0,0,0,0,0,0,0,0,1,1,0,4,1,3,24,1,23,15,0,15,39,1,38,2016
216000,Handtaschenraub,8311000,Freiburg im Breisgau,voll.,3,0,3,0,0,0,0,0,0,0,0,0,0,0,0,1,0,1,1,0,1,1,0,1,2,0,2,2016
216000,Handtaschenraub,9563000,Fuerth,voll.,0,0,0,0,0,0,0,0,0,0,0,0,0,0,0,0,0,0,0,0,0,0,0,0,0,0,0,2016
216000,Handtaschenraub,5513000,Gelsenkirchen,voll.,5,0,5,0,0,0,0,0,0,0,0,0,0,0,0,0,0,0,0,0,0,5,0,5,5,0,5,2016
216000,Handtaschenraub,3152012,Goettingen,voll.,9,1,8,0,0,0,0,0,0,0,0,0,0,0,0,0,0,0,3,1,2,6,0,6,9,1,8,2016
216000,Handtaschenraub,5914000,Hagen,voll.,5,1,4,0,0,0,0,0,0,0,0,0,0,0,0,1,0,1,2,1,1,2,0,2,4,1,3,2016
216000,Handtaschenraub,15002000,Halle (Saale),voll.,8,1,7,0,0,0,0,0,0,0,0,0,0,0,0,0,0,0,3,1,2,5,0,5,8,1,7,2016
216000,Handtaschenraub,2000000,Hamburg,voll.,60,6,54,0,0,0,0,0,0,0,0,0,0,0,0,2,0,2,45,5,40,13,1,12,58,6,52,2016
216000,Handtaschenraub,5915000,Hamm,voll.,12,0,12,0,0,0,0,0,0,0,0,0,0,0,0,0,0,0,5,0,5,7,0,7,12,0,12,2016
216000,Handtaschenraub,3241001,Hannover,voll.,27,2,25,0,0,0,0,0,0,0,0,0,0,0,0,0,0,0,18,2,16,9,0,9,27,2,25,2016
216000,Handtaschenraub,8221000,Heidelberg,voll.,2,0,2,0,0,0,0,0,0,0,0,0,0,0,0,0,0,0,1,0,1,1,0,1,2,0,2,2016
216000,Handtaschenraub,8121000,Heilbronn,voll.,0,0,0,0,0,0,0,0,0,0,0,0,0,0,0,0,0,0,0,0,0,0,0,0,0,0,0,2016
216000,Handtaschenraub,5916000,Herne,voll.,1,0,1,0,0,0,0,0,0,0,0,0,0,0,0,0,0,0,0,0,0,1,0,1,1,0,1,2016
216000,Handtaschenraub,3254021,Hildesheim,voll.,13,1,12,0,0,0,0,0,0,0,0,0,0,0,0,0,0,0,7,0,7,6,1,5,13,1,12,2016
216000,Handtaschenraub,9161000,Ingolstadt,voll.,1,0,1,0,0,0,0,0,0,0,0,0,0,0,0,0,0,0,1,0,1,0,0,0,1,0,1,2016
216000,Handtaschenraub,16053000,Jena,voll.,0,0,0,0,0,0,0,0,0,0,0,0,0,0,0,0,0,0,0,0,0,0,0,0,0,0,0,2016
216000,Handtaschenraub,8212000,Karlsruhe,voll.,7,0,7,0,0,0,0,0,0,0,0,0,0,0,0,0,0,0,6,0,6,1,0,1,7,0,7,2016
216000,Handtaschenraub,6611000,Kassel,voll.,3,0,3,0,0,0,0,0,0,0,0,0,0,0,0,0,0,0,3,0,3,0,0,0,3,0,3,2016
216000,Handtaschenraub,1002000,Kiel,voll.,5,0,5,0,0,0,0,0,0,0,0,0,0,0,0,0,0,0,2,0,2,3,0,3,5,0,5,2016
216000,Handtaschenraub,7111000,Koblenz,voll.,1,0,1,0,0,0,0,0,0,0,0,0,0,0,0,1,0,1,0,0,0,0,0,0,0,0,0,2016
216000,Handtaschenraub,5315000,Koeln,voll.,122,26,96,0,0,0,0,0,0,0,0,0,4,2,2,8,1,7,76,18,58,34,5,29,110,23,87,2016
216000,Handtaschenraub,5114000,Krefeld,voll.,23,1,22,0,0,0,0,0,0,0,0,0,1,0,1,0,0,0,11,0,11,11,1,10,22,1,21,2016
216000,Handtaschenraub,14713000,Leipzig,voll.,33,3,30,0,0,0,0,0,0,0,0,0,1,0,1,2,0,2,17,2,15,13,1,12,30,3,27,2016
216000,Handtaschenraub,5316000,Leverkusen,voll.,9,0,9,0,0,0,0,0,0,0,0,0,0,0,0,0,0,0,4,0,4,5,0,5,9,0,9,2016
216000,Handtaschenraub,1003000,Luebeck,voll.,4,1,3,0,0,0,0,0,0,0,0,0,1,0,1,0,0,0,1,0,1,2,1,1,3,1,2,2016
216000,Handtaschenraub,7314000,Ludwigshafen am Rhein,voll.,9,0,9,0,0,0,0,0,0,0,0,0,0,0,0,1,0,1,6,0,6,2,0,2,8,0,8,2016
216000,Handtaschenraub,15003000,Magdeburg,voll.,5,0,5,0,0,0,0,0,0,0,0,0,0,0,0,0,0,0,4,0,4,1,0,1,5,0,5,2016
216000,Handtaschenraub,7315000,Mainz,voll.,5,0,5,0,0,0,0,0,0,0,0,0,0,0,0,0,0,0,1,0,1,4,0,4,5,0,5,2016
216000,Handtaschenraub,8222000,Mannheim,voll.,18,3,15,0,0,0,0,0,0,0,0,0,0,0,0,1,0,1,8,2,6,9,1,8,17,3,14,2016
216000,Handtaschenraub,5170024,Moers,voll.,4,1,3,0,0,0,0,0,0,0,0,0,1,0,1,0,0,0,2,1,1,1,0,1,3,1,2,2016
216000,Handtaschenraub,5116000,Moenchengladbach,voll.,6,0,6,0,0,0,0,0,0,0,0,0,0,0,0,0,0,0,2,0,2,4,0,4,6,0,6,2016
216000,Handtaschenraub,5117000,Muelheim an der Ruhr,voll.,0,0,0,0,0,0,0,0,0,0,0,0,0,0,0,0,0,0,0,0,0,0,0,0,0,0,0,2016
216000,Handtaschenraub,9162000,Muenchen,voll.,42,10,32,0,0,0,2,0,2,2,0,2,1,0,1,3,2,1,24,7,17,12,1,11,36,8,28,2016
216000,Handtaschenraub,5515000,Muenster,voll.,1,1,0,0,0,0,0,0,0,0,0,0,0,0,0,0,0,0,1,1,0,0,0,0,1,1,0,2016
216000,Handtaschenraub,5162024,Neuss,voll.,1,0,1,0,0,0,0,0,0,0,0,0,0,0,0,0,0,0,0,0,0,1,0,1,1,0,1,2016
216000,Handtaschenraub,9564000,Nuernberg,voll.,11,0,11,0,0,0,0,0,0,0,0,0,0,0,0,2,0,2,1,0,1,8,0,8,9,0,9,2016
216000,Handtaschenraub,5119000,Oberhausen,voll.,7,1,6,0,0,0,0,0,0,0,0,0,0,0,0,1,0,1,2,0,2,4,1,3,6,1,5,2016
216000,Handtaschenraub,6413000,Offenbach am Main,voll.,6,0,6,0,0,0,0,0,0,0,0,0,0,0,0,2,0,2,4,0,4,0,0,0,4,0,4,2016
216000,Handtaschenraub,3403000,Oldenburg (Oldenburg),voll.,3,0,3,0,0,0,0,0,0,0,0,0,0,0,0,0,0,0,2,0,2,1,0,1,3,0,3,2016
216000,Handtaschenraub,3404000,Osnabrueck,voll.,10,1,9,0,0,0,0,0,0,0,0,0,0,0,0,0,0,0,5,1,4,5,0,5,10,1,9,2016
216000,Handtaschenraub,5774032,Paderborn,voll.,2,0,2,0,0,0,0,0,0,0,0,0,0,0,0,0,0,0,1,0,1,1,0,1,2,0,2,2016
216000,Handtaschenraub,8231000,Pforzheim,voll.,4,0,4,0,0,0,0,0,0,0,0,0,0,0,0,0,0,0,1,0,1,3,0,3,4,0,4,2016
216000,Handtaschenraub,12054000,Potsdam,voll.,3,0,3,0,0,0,0,0,0,0,0,0,0,0,0,0,0,0,2,0,2,1,0,1,3,0,3,2016
216000,Handtaschenraub,5562032,Recklinghausen,voll.,2,0,2,0,0,0,0,0,0,0,0,0,0,0,0,0,0,0,0,0,0,2,0,2,2,0,2,2016
216000,Handtaschenraub,9362000,Regensburg,voll.,0,0,0,0,0,0,0,0,0,0,0,0,0,0,0,0,0,0,0,0,0,0,0,0,0,0,0,2016
216000,Handtaschenraub,5120000,Remscheid,voll.,1,0,1,0,0,0,0,0,0,0,0,0,0,0,0,0,0,0,0,0,0,1,0,1,1,0,1,2016
216000,Handtaschenraub,8415061,Reutlingen,voll.,0,0,0,0,0,0,0,0,0,0,0,0,0,0,0,0,0,0,0,0,0,0,0,0,0,0,0,2016
216000,Handtaschenraub,13003000,Rostock,voll.,11,1,10,0,0,0,0,0,0,0,0,0,0,0,0,0,0,0,3,0,3,8,1,7,11,1,10,2016
216000,Handtaschenraub,10041100,Saarbruecken,voll.,11,2,9,0,0,0,0,0,0,0,0,0,0,0,0,1,1,0,6,0,6,4,1,3,10,1,9,2016
216000,Handtaschenraub,3102000,Salzgitter,voll.,0,0,0,0,0,0,0,0,0,0,0,0,0,0,0,0,0,0,0,0,0,0,0,0,0,0,0,2016
216000,Handtaschenraub,13004000,Schwerin,voll.,1,0,1,0,0,0,0,0,0,0,0,0,0,0,0,1,0,1,0,0,0,0,0,0,0,0,0,2016
216000,Handtaschenraub,5970040,Siegen,voll.,1,0,1,0,0,0,0,0,0,0,0,0,0,0,0,0,0,0,1,0,1,0,0,0,1,0,1,2016
216000,Handtaschenraub,5122000,Solingen,voll.,2,0,2,0,0,0,0,0,0,0,0,0,0,0,0,0,0,0,2,0,2,0,0,0,2,0,2,2016
216000,Handtaschenraub,8111000,Stuttgart,voll.,18,1,17,0,0,0,0,0,0,0,0,0,0,0,0,1,0,1,10,1,9,7,0,7,17,1,16,2016
216000,Handtaschenraub,7211000,Trier,voll.,2,0,2,0,0,0,0,0,0,0,0,0,1,0,1,0,0,0,0,0,0,1,0,1,1,0,1,2016
216000,Handtaschenraub,8421000,Ulm,voll.,4,0,4,0,0,0,0,0,0,0,0,0,0,0,0,0,0,0,2,0,2,2,0,2,4,0,4,2016
216000,Handtaschenraub,6414000,Wiesbaden,voll.,14,4,10,0,0,0,0,0,0,0,0,0,0,0,0,0,0,0,8,3,5,6,1,5,14,4,10,2016
216000,Handtaschenraub,3103000,Wolfsburg,voll.,3,0,3,0,0,0,0,0,0,0,0,0,0,0,0,0,0,0,3,0,3,0,0,0,3,0,3,2016
216000,Handtaschenraub,5124000,Wuppertal,voll.,15,1,14,0,0,0,0,0,0,0,0,0,0,0,0,1,0,1,3,0,3,11,1,10,14,1,13,2016
216000,Handtaschenraub,9663000,Wuerzburg,voll.,0,0,0,0,0,0,0,0,0,0,0,0,0,0,0,0,0,0,0,0,0,0,0,0,0,0,0,2016
216000,Handtaschenraub,5334002,Aachen,vers.,0,0,0,0,0,0,0,0,0,0,0,0,0,0,0,0,0,0,0,0,0,0,0,0,0,0,0,2016
216000,Handtaschenraub,9761000,Augsburg,vers.,4,0,4,0,0,0,0,0,0,0,0,0,0,0,0,0,0,0,2,0,2,2,0,2,4,0,4,2016
216000,Handtaschenraub,5378004,Bergisch Gladbach,vers.,0,0,0,0,0,0,0,0,0,0,0,0,0,0,0,0,0,0,0,0,0,0,0,0,0,0,0,2016
216000,Handtaschenraub,11000000,Berlin,vers.,80,6,74,0,0,0,0,0,0,0,0,0,0,0,0,4,0,4,53,5,48,23,1,22,76,6,70,2016
216000,Handtaschenraub,5711000,Bielefeld,vers.,1,0,1,0,0,0,0,0,0,0,0,0,0,0,0,0,0,0,0,0,0,1,0,1,1,0,1,2016
216000,Handtaschenraub,5911000,Bochum,vers.,4,1,3,0,0,0,0,0,0,0,0,0,0,0,0,0,0,0,4,1,3,0,0,0,4,1,3,2016
216000,Handtaschenraub,5314000,Bonn,vers.,7,2,5,0,0,0,0,0,0,0,0,0,0,0,0,0,0,0,5,1,4,2,1,1,7,2,5,2016
216000,Handtaschenraub,5512000,Bottrop,vers.,0,0,0,0,0,0,0,0,0,0,0,0,0,0,0,0,0,0,0,0,0,0,0,0,0,0,0,2016
216000,Handtaschenraub,3101000,Braunschweig,vers.,5,0,5,0,0,0,0,0,0,0,0,0,0,0,0,2,0,2,2,0,2,1,0,1,3,0,3,2016
216000,Handtaschenraub,4011000,Bremen,vers.,8,0,8,0,0,0,0,0,0,0,0,0,0,0,0,0,0,0,6,0,6,2,0,2,8,0,8,2016
216000,Handtaschenraub,4012000,Bremerhaven,vers.,0,0,0,0,0,0,0,0,0,0,0,0,0,0,0,0,0,0,0,0,0,0,0,0,0,0,0,2016
216000,Handtaschenraub,14511000,Chemnitz,vers.,7,1,6,0,0,0,0,0,0,0,0,0,1,1,0,0,0,0,4,0,4,2,0,2,6,0,6,2016
216000,Handtaschenraub,6411000,Darmstadt,vers.,1,0,1,0,0,0,0,0,0,0,0,0,0,0,0,1,0,1,0,0,0,0,0,0,0,0,0,2016
216000,Handtaschenraub,5913000,Dortmund,vers.,6,0,6,0,0,0,0,0,0,0,0,0,0,0,0,1,0,1,3,0,3,2,0,2,5,0,5,2016
216000,Handtaschenraub,14612000,Dresden,vers.,6,1,5,0,0,0,0,0,0,0,0,0,0,0,0,0,0,0,5,1,4,1,0,1,6,1,5,2016
216000,Handtaschenraub,5112000,Duisburg,vers.,2,0,2,0,0,0,0,0,0,0,0,0,0,0,0,0,0,0,0,0,0,2,0,2,2,0,2,2016
216000,Handtaschenraub,5111000,Duesseldorf,vers.,8,0,8,0,0,0,0,0,0,0,0,0,0,0,0,1,0,1,2,0,2,5,0,5,7,0,7,2016
216000,Handtaschenraub,16051000,Erfurt,vers.,2,0,2,0,0,0,0,0,0,0,0,0,0,0,0,0,0,0,1,0,1,1,0,1,2,0,2,2016
216000,Handtaschenraub,9562000,Erlangen,vers.,0,0,0,0,0,0,0,0,0,0,0,0,0,0,0,0,0,0,0,0,0,0,0,0,0,0,0,2016
216000,Handtaschenraub,5113000,Essen,vers.,6,0,6,0,0,0,0,0,0,0,0,0,0,0,0,0,0,0,3,0,3,3,0,3,6,0,6,2016
216000,Handtaschenraub,6412000,Frankfurt am Main,vers.,12,0,12,0,0,0,0,0,0,0,0,0,2,0,2,1,0,1,7,0,7,2,0,2,9,0,9,2016
216000,Handtaschenraub,8311000,Freiburg im Breisgau,vers.,4,1,3,0,0,0,0,0,0,0,0,0,0,0,0,0,0,0,2,1,1,2,0,2,4,1,3,2016
216000,Handtaschenraub,9563000,Fuerth,vers.,0,0,0,0,0,0,0,0,0,0,0,0,0,0,0,0,0,0,0,0,0,0,0,0,0,0,0,2016
216000,Handtaschenraub,5513000,Gelsenkirchen,vers.,1,0,1,0,0,0,0,0,0,0,0,0,1,0,1,0,0,0,0,0,0,0,0,0,0,0,0,2016
216000,Handtaschenraub,3152012,Goettingen,vers.,4,0,4,0,0,0,0,0,0,0,0,0,0,0,0,0,0,0,2,0,2,2,0,2,4,0,4,2016
216000,Handtaschenraub,5914000,Hagen,vers.,3,0,3,0,0,0,0,0,0,0,0,0,0,0,0,0,0,0,2,0,2,1,0,1,3,0,3,2016
216000,Handtaschenraub,15002000,Halle (Saale),vers.,2,1,1,0,0,0,0,0,0,0,0,0,0,0,0,0,0,0,2,1,1,0,0,0,2,1,1,2016
216000,Handtaschenraub,2000000,Hamburg,vers.,27,1,26,0,0,0,0,0,0,0,0,0,1,0,1,1,0,1,22,1,21,3,0,3,25,1,24,2016
216000,Handtaschenraub,5915000,Hamm,vers.,2,0,2,0,0,0,0,0,0,0,0,0,0,0,0,0,0,0,2,0,2,0,0,0,2,0,2,2016
216000,Handtaschenraub,3241001,Hannover,vers.,14,2,12,0,0,0,0,0,0,0,0,0,0,0,0,2,0,2,8,1,7,4,1,3,12,2,10,2016
216000,Handtaschenraub,8221000,Heidelberg,vers.,0,0,0,0,0,0,0,0,0,0,0,0,0,0,0,0,0,0,0,0,0,0,0,0,0,0,0,2016
216000,Handtaschenraub,8121000,Heilbronn,vers.,0,0,0,0,0,0,0,0,0,0,0,0,0,0,0,0,0,0,0,0,0,0,0,0,0,0,0,2016
216000,Handtaschenraub,5916000,Herne,vers.,2,0,2,0,0,0,0,0,0,0,0,0,0,0,0,0,0,0,2,0,2,0,0,0,2,0,2,2016
216000,Handtaschenraub,3254021,Hildesheim,vers.,5,0,5,0,0,0,2,0,2,2,0,2,0,0,0,0,0,0,3,0,3,0,0,0,3,0,3,2016
216000,Handtaschenraub,9161000,Ingolstadt,vers.,3,0,3,0,0,0,0,0,0,0,0,0,0,0,0,1,0,1,2,0,2,0,0,0,2,0,2,2016
216000,Handtaschenraub,16053000,Jena,vers.,0,0,0,0,0,0,0,0,0,0,0,0,0,0,0,0,0,0,0,0,0,0,0,0,0,0,0,2016
216000,Handtaschenraub,8212000,Karlsruhe,vers.,3,0,3,0,0,0,0,0,0,0,0,0,0,0,0,0,0,0,3,0,3,0,0,0,3,0,3,2016
216000,Handtaschenraub,6611000,Kassel,vers.,3,0,3,0,0,0,0,0,0,0,0,0,0,0,0,0,0,0,1,0,1,2,0,2,3,0,3,2016
216000,Handtaschenraub,1002000,Kiel,vers.,0,0,0,0,0,0,0,0,0,0,0,0,0,0,0,0,0,0,0,0,0,0,0,0,0,0,0,2016
216000,Handtaschenraub,7111000,Koblenz,vers.,2,0,2,0,0,0,0,0,0,0,0,0,0,0,0,0,0,0,1,0,1,1,0,1,2,0,2,2016
216000,Handtaschenraub,5315000,Koeln,vers.,32,8,24,0,0,0,0,0,0,0,0,0,1,0,1,6,0,6,19,8,11,6,0,6,25,8,17,2016
216000,Handtaschenraub,5114000,Krefeld,vers.,3,0,3,0,0,0,0,0,0,0,0,0,0,0,0,1,0,1,0,0,0,2,0,2,2,0,2,2016
216000,Handtaschenraub,14713000,Leipzig,vers.,6,0,6,0,0,0,0,0,0,0,0,0,0,0,0,1,0,1,2,0,2,3,0,3,5,0,5,2016
216000,Handtaschenraub,5316000,Leverkusen,vers.,2,0,2,0,0,0,0,0,0,0,0,0,0,0,0,0,0,0,2,0,2,0,0,0,2,0,2,2016
216000,Handtaschenraub,1003000,Luebeck,vers.,1,0,1,0,0,0,0,0,0,0,0,0,0,0,0,0,0,0,1,0,1,0,0,0,1,0,1,2016
216000,Handtaschenraub,7314000,Ludwigshafen am Rhein,vers.,1,0,1,0,0,0,0,0,0,0,0,0,0,0,0,0,0,0,1,0,1,0,0,0,1,0,1,2016
216000,Handtaschenraub,15003000,Magdeburg,vers.,3,0,3,0,0,0,0,0,0,0,0,0,0,0,0,0,0,0,2,0,2,1,0,1,3,0,3,2016
216000,Handtaschenraub,7315000,Mainz,vers.,1,0,1,0,0,0,0,0,0,0,0,0,0,0,0,0,0,0,0,0,0,1,0,1,1,0,1,2016
216000,Handtaschenraub,8222000,Mannheim,vers.,5,0,5,0,0,0,0,0,0,0,0,0,0,0,0,0,0,0,4,0,4,1,0,1,5,0,5,2016
216000,Handtaschenraub,5170024,Moers,vers.,2,0,2,0,0,0,0,0,0,0,0,0,0,0,0,1,0,1,1,0,1,0,0,0,1,0,1,2016
216000,Handtaschenraub,5116000,Moenchengladbach,vers.,0,0,0,0,0,0,0,0,0,0,0,0,0,0,0,0,0,0,0,0,0,0,0,0,0,0,0,2016
216000,Handtaschenraub,5117000,Muelheim an der Ruhr,vers.,0,0,0,0,0,0,0,0,0,0,0,0,0,0,0,0,0,0,0,0,0,0,0,0,0,0,0,2016
216000,Handtaschenraub,9162000,Muenchen,vers.,15,0,15,0,0,0,0,0,0,0,0,0,1,0,1,2,0,2,9,0,9,3,0,3,12,0,12,2016
216000,Handtaschenraub,5515000,Muenster,vers.,4,0,4,0,0,0,0,0,0,0,0,0,1,0,1,0,0,0,2,0,2,1,0,1,3,0,3,2016
216000,Handtaschenraub,5162024,Neuss,vers.,1,0,1,0,0,0,0,0,0,0,0,0,0,0,0,0,0,0,1,0,1,0,0,0,1,0,1,2016
216000,Handtaschenraub,9564000,Nuernberg,vers.,5,1,4,0,0,0,0,0,0,0,0,0,0,0,0,0,0,0,3,1,2,2,0,2,5,1,4,2016
216000,Handtaschenraub,5119000,Oberhausen,vers.,2,0,2,0,0,0,0,0,0,0,0,0,0,0,0,0,0,0,0,0,0,2,0,2,2,0,2,2016
216000,Handtaschenraub,6413000,Offenbach am Main,vers.,0,0,0,0,0,0,0,0,0,0,0,0,0,0,0,0,0,0,0,0,0,0,0,0,0,0,0,2016
216000,Handtaschenraub,3403000,Oldenburg (Oldenburg),vers.,3,0,3,0,0,0,0,0,0,0,0,0,0,0,0,2,0,2,1,0,1,0,0,0,1,0,1,2016
216000,Handtaschenraub,3404000,Osnabrueck,vers.,4,0,4,0,0,0,0,0,0,0,0,0,0,0,0,1,0,1,1,0,1,2,0,2,3,0,3,2016
216000,Handtaschenraub,5774032,Paderborn,vers.,3,0,3,0,0,0,0,0,0,0,0,0,0,0,0,0,0,0,2,0,2,1,0,1,3,0,3,2016
216000,Handtaschenraub,8231000,Pforzheim,vers.,2,0,2,0,0,0,0,0,0,0,0,0,0,0,0,0,0,0,1,0,1,1,0,1,2,0,2,2016
216000,Handtaschenraub,12054000,Potsdam,vers.,4,1,3,0,0,0,0,0,0,0,0,0,0,0,0,0,0,0,2,1,1,2,0,2,4,1,3,2016
216000,Handtaschenraub,5562032,Recklinghausen,vers.,1,0,1,0,0,0,0,0,0,0,0,0,0,0,0,0,0,0,1,0,1,0,0,0,1,0,1,2016
216000,Handtaschenraub,9362000,Regensburg,vers.,2,0,2,0,0,0,1,0,1,1,0,1,0,0,0,0,0,0,0,0,0,1,0,1,1,0,1,2016
216000,Handtaschenraub,5120000,Remscheid,vers.,0,0,0,0,0,0,0,0,0,0,0,0,0,0,0,0,0,0,0,0,0,0,0,0,0,0,0,2016
216000,Handtaschenraub,8415061,Reutlingen,vers.,0,0,0,0,0,0,0,0,0,0,0,0,0,0,0,0,0,0,0,0,0,0,0,0,0,0,0,2016
216000,Handtaschenraub,13003000,Rostock,vers.,1,1,0,0,0,0,0,0,0,0,0,0,1,1,0,0,0,0,0,0,0,0,0,0,0,0,0,2016
216000,Handtaschenraub,10041100,Saarbruecken,vers.,6,0,6,0,0,0,0,0,0,0,0,0,0,0,0,1,0,1,4,0,4,1,0,1,5,0,5,2016
216000,Handtaschenraub,3102000,Salzgitter,vers.,2,0,2,0,0,0,0,0,0,0,0,0,0,0,0,0,0,0,2,0,2,0,0,0,2,0,2,2016
216000,Handtaschenraub,13004000,Schwerin,vers.,1,0,1,0,0,0,0,0,0,0,0,0,0,0,0,0,0,0,1,0,1,0,0,0,1,0,1,2016
216000,Handtaschenraub,5970040,Siegen,vers.,0,0,0,0,0,0,0,0,0,0,0,0,0,0,0,0,0,0,0,0,0,0,0,0,0,0,0,2016
216000,Handtaschenraub,5122000,Solingen,vers.,0,0,0,0,0,0,0,0,0,0,0,0,0,0,0,0,0,0,0,0,0,0,0,0,0,0,0,2016
216000,Handtaschenraub,8111000,Stuttgart,vers.,13,2,11,0,0,0,0,0,0,0,0,0,0,0,0,2,0,2,9,2,7,2,0,2,11,2,9,2016
216000,Handtaschenraub,7211000,Trier,vers.,1,0,1,0,0,0,0,0,0,0,0,0,0,0,0,0,0,0,1,0,1,0,0,0,1,0,1,2016
216000,Handtaschenraub,8421000,Ulm,vers.,1,0,1,0,0,0,0,0,0,0,0,0,0,0,0,0,0,0,1,0,1,0,0,0,1,0,1,2016
216000,Handtaschenraub,6414000,Wiesbaden,vers.,1,0,1,0,0,0,0,0,0,0,0,0,0,0,0,0,0,0,1,0,1,0,0,0,1,0,1,2016
216000,Handtaschenraub,3103000,Wolfsburg,vers.,2,1,1,0,0,0,0,0,0,0,0,0,0,0,0,1,1,0,1,0,1,0,0,0,1,0,1,2016
216000,Handtaschenraub,5124000,Wuppertal,vers.,5,0,5,0,0,0,0,0,0,0,0,0,0,0,0,0,0,0,2,0,2,3,0,3,5,0,5,2016
216000,Handtaschenraub,9663000,Wuerzburg,vers.,1,0,1,0,0,0,0,0,0,0,0,0,0,0,0,1,0,1,0,0,0,0,0,0,0,0,0,2016
216000,Handtaschenraub,5334002,Aachen,insg.,15,1,14,0,0,0,0,0,0,0,0,0,2,1,1,2,0,2,7,0,7,4,0,4,11,0,11,2016
216000,Handtaschenraub,9761000,Augsburg,insg.,6,0,6,0,0,0,0,0,0,0,0,0,0,0,0,0,0,0,3,0,3,3,0,3,6,0,6,2016
216000,Handtaschenraub,5378004,Bergisch Gladbach,insg.,0,0,0,0,0,0,0,0,0,0,0,0,0,0,0,0,0,0,0,0,0,0,0,0,0,0,0,2016
216000,Handtaschenraub,11000000,Berlin,insg.,358,33,325,0,0,0,1,1,0,1,1,0,5,0,5,12,0,12,207,22,185,133,10,123,340,32,308,2016
216000,Handtaschenraub,5711000,Bielefeld,insg.,7,0,7,0,0,0,0,0,0,0,0,0,0,0,0,0,0,0,4,0,4,3,0,3,7,0,7,2016
216000,Handtaschenraub,5911000,Bochum,insg.,11,1,10,0,0,0,0,0,0,0,0,0,2,0,2,0,0,0,8,1,7,1,0,1,9,1,8,2016
216000,Handtaschenraub,5314000,Bonn,insg.,27,3,24,0,0,0,0,0,0,0,0,0,2,0,2,0,0,0,16,2,14,9,1,8,25,3,22,2016
216000,Handtaschenraub,5512000,Bottrop,insg.,0,0,0,0,0,0,0,0,0,0,0,0,0,0,0,0,0,0,0,0,0,0,0,0,0,0,0,2016
216000,Handtaschenraub,3101000,Braunschweig,insg.,15,1,14,0,0,0,0,0,0,0,0,0,0,0,0,2,0,2,11,1,10,2,0,2,13,1,12,2016
216000,Handtaschenraub,4011000,Bremen,insg.,33,3,30,0,0,0,0,0,0,0,0,0,0,0,0,1,0,1,22,1,21,10,2,8,32,3,29,2016
216000,Handtaschenraub,4012000,Bremerhaven,insg.,5,0,5,0,0,0,0,0,0,0,0,0,0,0,0,0,0,0,4,0,4,1,0,1,5,0,5,2016
216000,Handtaschenraub,14511000,Chemnitz,insg.,27,4,23,0,0,0,0,0,0,0,0,0,1,1,0,0,0,0,7,1,6,19,2,17,26,3,23,2016
216000,Handtaschenraub,6411000,Darmstadt,insg.,3,0,3,0,0,0,0,0,0,0,0,0,0,0,0,1,0,1,2,0,2,0,0,0,2,0,2,2016
216000,Handtaschenraub,5913000,Dortmund,insg.,40,0,40,0,0,0,0,0,0,0,0,0,0,0,0,2,0,2,23,0,23,15,0,15,38,0,38,2016
216000,Handtaschenraub,14612000,Dresden,insg.,26,4,22,0,0,0,0,0,0,0,0,0,1,0,1,1,0,1,15,4,11,9,0,9,24,4,20,2016
216000,Handtaschenraub,5112000,Duisburg,insg.,23,0,23,0,0,0,0,0,0,0,0,0,0,0,0,2,0,2,8,0,8,13,0,13,21,0,21,2016
216000,Handtaschenraub,5111000,Duesseldorf,insg.,32,1,31,0,0,0,0,0,0,0,0,0,0,0,0,1,0,1,16,1,15,15,0,15,31,1,30,2016
216000,Handtaschenraub,16051000,Erfurt,insg.,3,0,3,0,0,0,0,0,0,0,0,0,0,0,0,0,0,0,1,0,1,2,0,2,3,0,3,2016
216000,Handtaschenraub,9562000,Erlangen,insg.,0,0,0,0,0,0,0,0,0,0,0,0,0,0,0,0,0,0,0,0,0,0,0,0,0,0,0,2016
216000,Handtaschenraub,5113000,Essen,insg.,39,1,38,0,0,0,0,0,0,0,0,0,0,0,0,2,0,2,15,0,15,22,1,21,37,1,36,2016
216000,Handtaschenraub,6412000,Frankfurt am Main,insg.,56,3,53,0,0,0,0,0,0,0,0,0,3,1,2,5,1,4,31,1,30,17,0,17,48,1,47,2016
216000,Handtaschenraub,8311000,Freiburg im Breisgau,insg.,7,1,6,0,0,0,0,0,0,0,0,0,0,0,0,1,0,1,3,1,2,3,0,3,6,1,5,2016
216000,Handtaschenraub,9563000,Fuerth,insg.,0,0,0,0,0,0,0,0,0,0,0,0,0,0,0,0,0,0,0,0,0,0,0,0,0,0,0,2016
216000,Handtaschenraub,5513000,Gelsenkirchen,insg.,6,0,6,0,0,0,0,0,0,0,0,0,1,0,1,0,0,0,0,0,0,5,0,5,5,0,5,2016
216000,Handtaschenraub,3152012,Goettingen,insg.,13,1,12,0,0,0,0,0,0,0,0,0,0,0,0,0,0,0,5,1,4,8,0,8,13,1,12,2016
216000,Handtaschenraub,5914000,Hagen,insg.,8,1,7,0,0,0,0,0,0,0,0,0,0,0,0,1,0,1,4,1,3,3,0,3,7,1,6,2016
216000,Handtaschenraub,15002000,Halle (Saale),insg.,10,2,8,0,0,0,0,0,0,0,0,0,0,0,0,0,0,0,5,2,3,5,0,5,10,2,8,2016
216000,Handtaschenraub,2000000,Hamburg,insg.,87,7,80,0,0,0,0,0,0,0,0,0,1,0,1,3,0,3,67,6,61,16,1,15,83,7,76,2016
216000,Handtaschenraub,5915000,Hamm,insg.,14,0,14,0,0,0,0,0,0,0,0,0,0,0,0,0,0,0,7,0,7,7,0,7,14,0,14,2016
216000,Handtaschenraub,3241001,Hannover,insg.,41,4,37,0,0,0,0,0,0,0,0,0,0,0,0,2,0,2,26,3,23,13,1,12,39,4,35,2016
216000,Handtaschenraub,8221000,Heidelberg,insg.,2,0,2,0,0,0,0,0,0,0,0,0,0,0,0,0,0,0,1,0,1,1,0,1,2,0,2,2016
216000,Handtaschenraub,8121000,Heilbronn,insg.,0,0,0,0,0,0,0,0,0,0,0,0,0,0,0,0,0,0,0,0,0,0,0,0,0,0,0,2016
216000,Handtaschenraub,5916000,Herne,insg.,3,0,3,0,0,0,0,0,0,0,0,0,0,0,0,0,0,0,2,0,2,1,0,1,3,0,3,2016
216000,Handtaschenraub,3254021,Hildesheim,insg.,18,1,17,0,0,0,2,0,2,2,0,2,0,0,0,0,0,0,10,0,10,6,1,5,16,1,15,2016
216000,Handtaschenraub,9161000,Ingolstadt,insg.,4,0,4,0,0,0,0,0,0,0,0,0,0,0,0,1,0,1,3,0,3,0,0,0,3,0,3,2016
216000,Handtaschenraub,16053000,Jena,insg.,0,0,0,0,0,0,0,0,0,0,0,0,0,0,0,0,0,0,0,0,0,0,0,0,0,0,0,2016
216000,Handtaschenraub,8212000,Karlsruhe,insg.,10,0,10,0,0,0,0,0,0,0,0,0,0,0,0,0,0,0,9,0,9,1,0,1,10,0,10,2016
216000,Handtaschenraub,6611000,Kassel,insg.,6,0,6,0,0,0,0,0,0,0,0,0,0,0,0,0,0,0,4,0,4,2,0,2,6,0,6,2016
216000,Handtaschenraub,1002000,Kiel,insg.,5,0,5,0,0,0,0,0,0,0,0,0,0,0,0,0,0,0,2,0,2,3,0,3,5,0,5,2016
216000,Handtaschenraub,7111000,Koblenz,insg.,3,0,3,0,0,0,0,0,0,0,0,0,0,0,0,1,0,1,1,0,1,1,0,1,2,0,2,2016
216000,Handtaschenraub,5315000,Koeln,insg.,154,34,120,0,0,0,0,0,0,0,0,0,5,2,3,14,1,13,95,26,69,40,5,35,135,31,104,2016
216000,Handtaschenraub,5114000,Krefeld,insg.,26,1,25,0,0,0,0,0,0,0,0,0,1,0,1,1,0,1,11,0,11,13,1,12,24,1,23,2016
216000,Handtaschenraub,14713000,Leipzig,insg.,39,3,36,0,0,0,0,0,0,0,0,0,1,0,1,3,0,3,19,2,17,16,1,15,35,3,32,2016
216000,Handtaschenraub,5316000,Leverkusen,insg.,11,0,11,0,0,0,0,0,0,0,0,0,0,0,0,0,0,0,6,0,6,5,0,5,11,0,11,2016
216000,Handtaschenraub,1003000,Luebeck,insg.,5,1,4,0,0,0,0,0,0,0,0,0,1,0,1,0,0,0,2,0,2,2,1,1,4,1,3,2016
216000,Handtaschenraub,7314000,Ludwigshafen am Rhein,insg.,10,0,10,0,0,0,0,0,0,0,0,0,0,0,0,1,0,1,7,0,7,2,0,2,9,0,9,2016
216000,Handtaschenraub,15003000,Magdeburg,insg.,8,0,8,0,0,0,0,0,0,0,0,0,0,0,0,0,0,0,6,0,6,2,0,2,8,0,8,2016
216000,Handtaschenraub,7315000,Mainz,insg.,6,0,6,0,0,0,0,0,0,0,0,0,0,0,0,0,0,0,1,0,1,5,0,5,6,0,6,2016
216000,Handtaschenraub,8222000,Mannheim,insg.,23,3,20,0,0,0,0,0,0,0,0,0,0,0,0,1,0,1,12,2,10,10,1,9,22,3,19,2016
216000,Handtaschenraub,5170024,Moers,insg.,6,1,5,0,0,0,0,0,0,0,0,0,1,0,1,1,0,1,3,1,2,1,0,1,4,1,3,2016
216000,Handtaschenraub,5116000,Moenchengladbach,insg.,6,0,6,0,0,0,0,0,0,0,0,0,0,0,0,0,0,0,2,0,2,4,0,4,6,0,6,2016
216000,Handtaschenraub,5117000,Muelheim an der Ruhr,insg.,0,0,0,0,0,0,0,0,0,0,0,0,0,0,0,0,0,0,0,0,0,0,0,0,0,0,0,2016
216000,Handtaschenraub,9162000,Muenchen,insg.,57,10,47,0,0,0,2,0,2,2,0,2,2,0,2,5,2,3,33,7,26,15,1,14,48,8,40,2016
216000,Handtaschenraub,5515000,Muenster,insg.,5,1,4,0,0,0,0,0,0,0,0,0,1,0,1,0,0,0,3,1,2,1,0,1,4,1,3,2016
216000,Handtaschenraub,5162024,Neuss,insg.,2,0,2,0,0,0,0,0,0,0,0,0,0,0,0,0,0,0,1,0,1,1,0,1,2,0,2,2016
216000,Handtaschenraub,9564000,Nuernberg,insg.,16,1,15,0,0,0,0,0,0,0,0,0,0,0,0,2,0,2,4,1,3,10,0,10,14,1,13,2016
216000,Handtaschenraub,5119000,Oberhausen,insg.,9,1,8,0,0,0,0,0,0,0,0,0,0,0,0,1,0,1,2,0,2,6,1,5,8,1,7,2016
216000,Handtaschenraub,6413000,Offenbach am Main,insg.,6,0,6,0,0,0,0,0,0,0,0,0,0,0,0,2,0,2,4,0,4,0,0,0,4,0,4,2016
216000,Handtaschenraub,3403000,Oldenburg (Oldenburg),insg.,6,0,6,0,0,0,0,0,0,0,0,0,0,0,0,2,0,2,3,0,3,1,0,1,4,0,4,2016
216000,Handtaschenraub,3404000,Osnabrueck,insg.,14,1,13,0,0,0,0,0,0,0,0,0,0,0,0,1,0,1,6,1,5,7,0,7,13,1,12,2016
216000,Handtaschenraub,5774032,Paderborn,insg.,5,0,5,0,0,0,0,0,0,0,0,0,0,0,0,0,0,0,3,0,3,2,0,2,5,0,5,2016
216000,Handtaschenraub,8231000,Pforzheim,insg.,6,0,6,0,0,0,0,0,0,0,0,0,0,0,0,0,0,0,2,0,2,4,0,4,6,0,6,2016
216000,Handtaschenraub,12054000,Potsdam,insg.,7,1,6,0,0,0,0,0,0,0,0,0,0,0,0,0,0,0,4,1,3,3,0,3,7,1,6,2016
216000,Handtaschenraub,5562032,Recklinghausen,insg.,3,0,3,0,0,0,0,0,0,0,0,0,0,0,0,0,0,0,1,0,1,2,0,2,3,0,3,2016
216000,Handtaschenraub,9362000,Regensburg,insg.,2,0,2,0,0,0,1,0,1,1,0,1,0,0,0,0,0,0,0,0,0,1,0,1,1,0,1,2016
216000,Handtaschenraub,5120000,Remscheid,insg.,1,0,1,0,0,0,0,0,0,0,0,0,0,0,0,0,0,0,0,0,0,1,0,1,1,0,1,2016
216000,Handtaschenraub,8415061,Reutlingen,insg.,0,0,0,0,0,0,0,0,0,0,0,0,0,0,0,0,0,0,0,0,0,0,0,0,0,0,0,2016
216000,Handtaschenraub,13003000,Rostock,insg.,12,2,10,0,0,0,0,0,0,0,0,0,1,1,0,0,0,0,3,0,3,8,1,7,11,1,10,2016
216000,Handtaschenraub,10041100,Saarbruecken,insg.,17,2,15,0,0,0,0,0,0,0,0,0,0,0,0,2,1,1,10,0,10,5,1,4,15,1,14,2016
216000,Handtaschenraub,3102000,Salzgitter,insg.,2,0,2,0,0,0,0,0,0,0,0,0,0,0,0,0,0,0,2,0,2,0,0,0,2,0,2,2016
216000,Handtaschenraub,13004000,Schwerin,insg.,2,0,2,0,0,0,0,0,0,0,0,0,0,0,0,1,0,1,1,0,1,0,0,0,1,0,1,2016
216000,Handtaschenraub,5970040,Siegen,insg.,1,0,1,0,0,0,0,0,0,0,0,0,0,0,0,0,0,0,1,0,1,0,0,0,1,0,1,2016
216000,Handtaschenraub,5122000,Solingen,insg.,2,0,2,0,0,0,0,0,0,0,0,0,0,0,0,0,0,0,2,0,2,0,0,0,2,0,2,2016
216000,Handtaschenraub,8111000,Stuttgart,insg.,31,3,28,0,0,0,0,0,0,0,0,0,0,0,0,3,0,3,19,3,16,9,0,9,28,3,25,2016
216000,Handtaschenraub,7211000,Trier,insg.,3,0,3,0,0,0,0,0,0,0,0,0,1,0,1,0,0,0,1,0,1,1,0,1,2,0,2,2016
216000,Handtaschenraub,8421000,Ulm,insg.,5,0,5,0,0,0,0,0,0,0,0,0,0,0,0,0,0,0,3,0,3,2,0,2,5,0,5,2016
216000,Handtaschenraub,6414000,Wiesbaden,insg.,15,4,11,0,0,0,0,0,0,0,0,0,0,0,0,0,0,0,9,3,6,6,1,5,15,4,11,2016
216000,Handtaschenraub,3103000,Wolfsburg,insg.,5,1,4,0,0,0,0,0,0,0,0,0,0,0,0,1,1,0,4,0,4,0,0,0,4,0,4,2016
216000,Handtaschenraub,5124000,Wuppertal,insg.,20,1,19,0,0,0,0,0,0,0,0,0,0,0,0,1,0,1,5,0,5,14,1,13,19,1,18,2016
216000,Handtaschenraub,9663000,Wuerzburg,insg.,1,0,1,0,0,0,0,0,0,0,0,0,0,0,0,1,0,1,0,0,0,0,0,0,0,0,0,2016
217000,"Sonstige Raubueberfaelle auf Stra en, Wegen oder Plaetzen",5334002,Aachen,voll.,199,153,46,0,0,0,8,7,1,8,7,1,25,23,2,24,21,3,121,96,25,21,6,15,142,102,40,2016
217000,"Sonstige Raubueberfaelle auf Stra en, Wegen oder Plaetzen",9761000,Augsburg,voll.,12,10,2,0,0,0,0,0,0,0,0,0,1,1,0,0,0,0,11,9,2,0,0,0,11,9,2,2016
217000,"Sonstige Raubueberfaelle auf Stra en, Wegen oder Plaetzen",5378004,Bergisch Gladbach,voll.,18,14,4,0,0,0,0,0,0,0,0,0,6,6,0,2,2,0,8,5,3,2,1,1,10,6,4,2016
217000,"Sonstige Raubueberfaelle auf Stra en, Wegen oder Plaetzen",11000000,Berlin,voll.,2464,2014,450,1,1,0,93,80,13,94,81,13,401,351,50,260,223,37,1518,1229,289,191,130,61,1709,1359,350,2016
217000,"Sonstige Raubueberfaelle auf Stra en, Wegen oder Plaetzen",5711000,Bielefeld,voll.,106,88,18,0,0,0,2,2,0,2,2,0,13,12,1,16,15,1,69,54,15,6,5,1,75,59,16,2016
217000,"Sonstige Raubueberfaelle auf Stra en, Wegen oder Plaetzen",5911000,Bochum,voll.,162,124,38,0,0,0,7,7,0,7,7,0,31,24,7,21,19,2,89,71,18,14,3,11,103,74,29,2016
217000,"Sonstige Raubueberfaelle auf Stra en, Wegen oder Plaetzen",5314000,Bonn,voll.,158,115,43,0,0,0,4,4,0,4,4,0,26,14,12,29,27,2,91,67,24,8,3,5,99,70,29,2016
217000,"Sonstige Raubueberfaelle auf Stra en, Wegen oder Plaetzen",5512000,Bottrop,voll.,28,21,7,0,0,0,4,3,1,4,3,1,10,9,1,4,3,1,7,5,2,3,1,2,10,6,4,2016
217000,"Sonstige Raubueberfaelle auf Stra en, Wegen oder Plaetzen",3101000,Braunschweig,voll.,68,59,9,0,0,0,2,2,0,2,2,0,8,7,1,11,10,1,47,40,7,0,0,0,47,40,7,2016
217000,"Sonstige Raubueberfaelle auf Stra en, Wegen oder Plaetzen",4011000,Bremen,voll.,356,259,97,0,0,0,6,5,1,6,5,1,42,35,7,40,29,11,224,166,58,44,24,20,268,190,78,2016
217000,"Sonstige Raubueberfaelle auf Stra en, Wegen oder Plaetzen",4012000,Bremerhaven,voll.,71,59,12,0,0,0,4,3,1,4,3,1,4,2,2,6,6,0,48,43,5,9,5,4,57,48,9,2016
217000,"Sonstige Raubueberfaelle auf Stra en, Wegen oder Plaetzen",14511000,Chemnitz,voll.,74,63,11,0,0,0,7,5,2,7,5,2,8,6,2,15,14,1,42,38,4,2,0,2,44,38,6,2016
217000,"Sonstige Raubueberfaelle auf Stra en, Wegen oder Plaetzen",6411000,Darmstadt,voll.,40,34,6,0,0,0,1,1,0,1,1,0,6,5,1,5,2,3,28,26,2,0,0,0,28,26,2,2016
217000,"Sonstige Raubueberfaelle auf Stra en, Wegen oder Plaetzen",5913000,Dortmund,voll.,418,338,80,0,0,0,11,9,2,11,9,2,48,39,9,50,39,11,284,236,48,25,15,10,309,251,58,2016
217000,"Sonstige Raubueberfaelle auf Stra en, Wegen oder Plaetzen",14612000,Dresden,voll.,184,164,20,0,0,0,12,9,3,12,9,3,28,24,4,23,21,2,111,103,8,10,7,3,121,110,11,2016
217000,"Sonstige Raubueberfaelle auf Stra en, Wegen oder Plaetzen",5112000,Duisburg,voll.,228,171,57,1,0,1,19,13,6,20,13,7,34,29,5,23,22,1,134,98,36,17,9,8,151,107,44,2016
217000,"Sonstige Raubueberfaelle auf Stra en, Wegen oder Plaetzen",5111000,Duesseldorf,voll.,375,293,82,0,0,0,9,8,1,9,8,1,31,26,5,42,35,7,244,199,45,49,25,24,293,224,69,2016
217000,"Sonstige Raubueberfaelle auf Stra en, Wegen oder Plaetzen",16051000,Erfurt,voll.,33,30,3,0,0,0,0,0,0,0,0,0,8,7,1,7,7,0,18,16,2,0,0,0,18,16,2,2016
217000,"Sonstige Raubueberfaelle auf Stra en, Wegen oder Plaetzen",9562000,Erlangen,voll.,0,0,0,0,0,0,0,0,0,0,0,0,0,0,0,0,0,0,0,0,0,0,0,0,0,0,0,2016
217000,"Sonstige Raubueberfaelle auf Stra en, Wegen oder Plaetzen",5113000,Essen,voll.,317,218,99,0,0,0,10,7,3,10,7,3,49,32,17,30,24,6,203,145,58,25,10,15,228,155,73,2016
217000,"Sonstige Raubueberfaelle auf Stra en, Wegen oder Plaetzen",6412000,Frankfurt am Main,voll.,455,378,77,0,0,0,5,4,1,5,4,1,42,39,3,43,36,7,316,274,42,49,25,24,365,299,66,2016
217000,"Sonstige Raubueberfaelle auf Stra en, Wegen oder Plaetzen",8311000,Freiburg im Breisgau,voll.,105,89,16,0,0,0,1,1,0,1,1,0,13,11,2,22,17,5,63,54,9,6,6,0,69,60,9,2016
217000,"Sonstige Raubueberfaelle auf Stra en, Wegen oder Plaetzen",9563000,Fuerth,voll.,4,1,3,0,0,0,0,0,0,0,0,0,2,0,2,0,0,0,2,1,1,0,0,0,2,1,1,2016
217000,"Sonstige Raubueberfaelle auf Stra en, Wegen oder Plaetzen",5513000,Gelsenkirchen,voll.,146,113,33,0,0,0,7,7,0,7,7,0,14,13,1,17,13,4,98,78,20,10,2,8,108,80,28,2016
217000,"Sonstige Raubueberfaelle auf Stra en, Wegen oder Plaetzen",3152012,Goettingen,voll.,48,44,4,0,0,0,1,1,0,1,1,0,15,14,1,5,4,1,25,24,1,2,1,1,27,25,2,2016
217000,"Sonstige Raubueberfaelle auf Stra en, Wegen oder Plaetzen",5914000,Hagen,voll.,72,57,15,0,0,0,2,1,1,2,1,1,13,11,2,6,4,2,45,38,7,6,3,3,51,41,10,2016
217000,"Sonstige Raubueberfaelle auf Stra en, Wegen oder Plaetzen",15002000,Halle (Saale),voll.,113,95,18,0,0,0,6,6,0,6,6,0,28,25,3,7,5,2,63,54,9,9,5,4,72,59,13,2016
217000,"Sonstige Raubueberfaelle auf Stra en, Wegen oder Plaetzen",2000000,Hamburg,voll.,1202,943,259,0,0,0,34,24,10,34,24,10,102,84,18,163,133,30,804,650,154,99,52,47,903,702,201,2016
217000,"Sonstige Raubueberfaelle auf Stra en, Wegen oder Plaetzen",5915000,Hamm,voll.,67,55,12,0,0,0,4,4,0,4,4,0,6,3,3,8,6,2,46,40,6,3,2,1,49,42,7,2016
217000,"Sonstige Raubueberfaelle auf Stra en, Wegen oder Plaetzen",3241001,Hannover,voll.,261,228,33,0,0,0,3,3,0,3,3,0,25,21,4,40,34,6,179,160,19,14,10,4,193,170,23,2016
217000,"Sonstige Raubueberfaelle auf Stra en, Wegen oder Plaetzen",8221000,Heidelberg,voll.,22,18,4,0,0,0,2,2,0,2,2,0,1,1,0,2,2,0,16,12,4,1,1,0,17,13,4,2016
217000,"Sonstige Raubueberfaelle auf Stra en, Wegen oder Plaetzen",8121000,Heilbronn,voll.,20,15,5,0,0,0,0,0,0,0,0,0,1,1,0,2,2,0,16,11,5,1,1,0,17,12,5,2016
217000,"Sonstige Raubueberfaelle auf Stra en, Wegen oder Plaetzen",5916000,Herne,voll.,56,40,16,0,0,0,4,3,1,4,3,1,10,9,1,7,5,2,26,17,9,9,6,3,35,23,12,2016
217000,"Sonstige Raubueberfaelle auf Stra en, Wegen oder Plaetzen",3254021,Hildesheim,voll.,18,16,2,0,0,0,2,2,0,2,2,0,3,3,0,2,0,2,9,9,0,2,2,0,11,11,0,2016
217000,"Sonstige Raubueberfaelle auf Stra en, Wegen oder Plaetzen",9161000,Ingolstadt,voll.,9,9,0,0,0,0,0,0,0,0,0,0,0,0,0,3,3,0,5,5,0,1,1,0,6,6,0,2016
217000,"Sonstige Raubueberfaelle auf Stra en, Wegen oder Plaetzen",16053000,Jena,voll.,8,7,1,0,0,0,0,0,0,0,0,0,1,0,1,1,1,0,6,6,0,0,0,0,6,6,0,2016
217000,"Sonstige Raubueberfaelle auf Stra en, Wegen oder Plaetzen",8212000,Karlsruhe,voll.,93,80,13,1,0,1,3,3,0,4,3,1,6,4,2,10,9,1,65,58,7,8,6,2,73,64,9,2016
217000,"Sonstige Raubueberfaelle auf Stra en, Wegen oder Plaetzen",6611000,Kassel,voll.,51,41,10,0,0,0,1,1,0,1,1,0,1,1,0,6,6,0,39,31,8,4,2,2,43,33,10,2016
217000,"Sonstige Raubueberfaelle auf Stra en, Wegen oder Plaetzen",1002000,Kiel,voll.,122,99,23,0,0,0,2,1,1,2,1,1,14,12,2,24,18,6,75,64,11,7,4,3,82,68,14,2016
217000,"Sonstige Raubueberfaelle auf Stra en, Wegen oder Plaetzen",7111000,Koblenz,voll.,38,26,12,0,0,0,1,1,0,1,1,0,2,2,0,4,3,1,27,17,10,4,3,1,31,20,11,2016
217000,"Sonstige Raubueberfaelle auf Stra en, Wegen oder Plaetzen",5315000,Koeln,voll.,673,529,144,0,0,0,24,22,2,24,22,2,92,73,19,110,80,30,389,318,71,58,36,22,447,354,93,2016
217000,"Sonstige Raubueberfaelle auf Stra en, Wegen oder Plaetzen",5114000,Krefeld,voll.,70,53,17,0,0,0,3,3,0,3,3,0,9,6,3,6,6,0,45,37,8,7,1,6,52,38,14,2016
217000,"Sonstige Raubueberfaelle auf Stra en, Wegen oder Plaetzen",14713000,Leipzig,voll.,296,245,51,0,0,0,15,9,6,15,9,6,24,22,2,26,22,4,211,181,30,20,11,9,231,192,39,2016
217000,"Sonstige Raubueberfaelle auf Stra en, Wegen oder Plaetzen",5316000,Leverkusen,voll.,52,43,9,0,0,0,3,3,0,3,3,0,13,10,3,12,10,2,20,17,3,4,3,1,24,20,4,2016
217000,"Sonstige Raubueberfaelle auf Stra en, Wegen oder Plaetzen",1003000,Luebeck,voll.,88,80,8,0,0,0,4,4,0,4,4,0,19,18,1,18,18,0,44,39,5,3,1,2,47,40,7,2016
217000,"Sonstige Raubueberfaelle auf Stra en, Wegen oder Plaetzen",7314000,Ludwigshafen am Rhein,voll.,53,42,11,0,0,0,6,4,2,6,4,2,6,6,0,10,10,0,27,21,6,4,1,3,31,22,9,2016
217000,"Sonstige Raubueberfaelle auf Stra en, Wegen oder Plaetzen",15003000,Magdeburg,voll.,84,76,8,0,0,0,10,8,2,10,8,2,10,9,1,8,8,0,52,49,3,4,2,2,56,51,5,2016
217000,"Sonstige Raubueberfaelle auf Stra en, Wegen oder Plaetzen",7315000,Mainz,voll.,46,40,6,0,0,0,1,1,0,1,1,0,12,11,1,4,4,0,28,23,5,1,1,0,29,24,5,2016
217000,"Sonstige Raubueberfaelle auf Stra en, Wegen oder Plaetzen",8222000,Mannheim,voll.,106,83,23,0,0,0,1,0,1,1,0,1,4,4,0,10,10,0,78,65,13,13,4,9,91,69,22,2016
217000,"Sonstige Raubueberfaelle auf Stra en, Wegen oder Plaetzen",5170024,Moers,voll.,37,31,6,0,0,0,5,5,0,5,5,0,7,7,0,6,6,0,16,12,4,3,1,2,19,13,6,2016
217000,"Sonstige Raubueberfaelle auf Stra en, Wegen oder Plaetzen",5116000,Moenchengladbach,voll.,123,93,30,0,0,0,4,4,0,4,4,0,21,16,5,22,21,1,66,47,19,10,5,5,76,52,24,2016
217000,"Sonstige Raubueberfaelle auf Stra en, Wegen oder Plaetzen",5117000,Muelheim an der Ruhr,voll.,35,24,11,0,0,0,1,1,0,1,1,0,5,4,1,4,3,1,22,15,7,3,1,2,25,16,9,2016
217000,"Sonstige Raubueberfaelle auf Stra en, Wegen oder Plaetzen",9162000,Muenchen,voll.,126,109,17,0,0,0,11,8,3,11,8,3,15,15,0,22,20,2,72,63,9,6,3,3,78,66,12,2016
217000,"Sonstige Raubueberfaelle auf Stra en, Wegen oder Plaetzen",5515000,Muenster,voll.,80,68,12,0,0,0,3,3,0,3,3,0,12,11,1,10,10,0,53,43,10,2,1,1,55,44,11,2016
217000,"Sonstige Raubueberfaelle auf Stra en, Wegen oder Plaetzen",5162024,Neuss,voll.,41,27,14,0,0,0,1,1,0,1,1,0,7,5,2,8,7,1,20,13,7,5,1,4,25,14,11,2016
217000,"Sonstige Raubueberfaelle auf Stra en, Wegen oder Plaetzen",9564000,Nuernberg,voll.,73,60,13,1,1,0,3,3,0,4,4,0,9,7,2,13,10,3,43,37,6,4,2,2,47,39,8,2016
217000,"Sonstige Raubueberfaelle auf Stra en, Wegen oder Plaetzen",5119000,Oberhausen,voll.,95,86,9,0,0,0,8,8,0,8,8,0,18,18,0,21,19,2,44,38,6,4,3,1,48,41,7,2016
217000,"Sonstige Raubueberfaelle auf Stra en, Wegen oder Plaetzen",6413000,Offenbach am Main,voll.,40,36,4,0,0,0,3,3,0,3,3,0,7,7,0,10,9,1,17,15,2,3,2,1,20,17,3,2016
217000,"Sonstige Raubueberfaelle auf Stra en, Wegen oder Plaetzen",3403000,Oldenburg (Oldenburg),voll.,32,23,9,0,0,0,0,0,0,0,0,0,9,9,0,8,6,2,12,7,5,3,1,2,15,8,7,2016
217000,"Sonstige Raubueberfaelle auf Stra en, Wegen oder Plaetzen",3404000,Osnabrueck,voll.,50,47,3,0,0,0,0,0,0,0,0,0,4,3,1,8,8,0,35,33,2,3,3,0,38,36,2,2016
217000,"Sonstige Raubueberfaelle auf Stra en, Wegen oder Plaetzen",5774032,Paderborn,voll.,32,26,6,0,0,0,0,0,0,0,0,0,6,4,2,4,4,0,20,17,3,2,1,1,22,18,4,2016
217000,"Sonstige Raubueberfaelle auf Stra en, Wegen oder Plaetzen",8231000,Pforzheim,voll.,25,23,2,0,0,0,2,2,0,2,2,0,3,3,0,3,3,0,15,13,2,2,2,0,17,15,2,2016
217000,"Sonstige Raubueberfaelle auf Stra en, Wegen oder Plaetzen",12054000,Potsdam,voll.,52,48,4,0,0,0,5,5,0,5,5,0,22,20,2,7,7,0,17,16,1,1,0,1,18,16,2,2016
217000,"Sonstige Raubueberfaelle auf Stra en, Wegen oder Plaetzen",5562032,Recklinghausen,voll.,56,47,9,0,0,0,1,1,0,1,1,0,14,13,1,10,9,1,25,21,4,6,3,3,31,24,7,2016
217000,"Sonstige Raubueberfaelle auf Stra en, Wegen oder Plaetzen",9362000,Regensburg,voll.,13,10,3,0,0,0,1,0,1,1,0,1,2,1,1,1,1,0,8,7,1,1,1,0,9,8,1,2016
217000,"Sonstige Raubueberfaelle auf Stra en, Wegen oder Plaetzen",5120000,Remscheid,voll.,21,15,6,0,0,0,0,0,0,0,0,0,4,3,1,4,4,0,10,6,4,3,2,1,13,8,5,2016
217000,"Sonstige Raubueberfaelle auf Stra en, Wegen oder Plaetzen",8415061,Reutlingen,voll.,10,7,3,0,0,0,0,0,0,0,0,0,0,0,0,2,2,0,6,4,2,2,1,1,8,5,3,2016
217000,"Sonstige Raubueberfaelle auf Stra en, Wegen oder Plaetzen",13003000,Rostock,voll.,65,56,9,0,0,0,5,5,0,5,5,0,7,6,1,7,5,2,43,38,5,3,2,1,46,40,6,2016
217000,"Sonstige Raubueberfaelle auf Stra en, Wegen oder Plaetzen",10041100,Saarbruecken,voll.,96,75,21,0,0,0,6,6,0,6,6,0,24,22,2,14,12,2,48,31,17,4,4,0,52,35,17,2016
217000,"Sonstige Raubueberfaelle auf Stra en, Wegen oder Plaetzen",3102000,Salzgitter,voll.,19,11,8,0,0,0,0,0,0,0,0,0,4,2,2,0,0,0,11,8,3,4,1,3,15,9,6,2016
217000,"Sonstige Raubueberfaelle auf Stra en, Wegen oder Plaetzen",13004000,Schwerin,voll.,15,11,4,0,0,0,2,2,0,2,2,0,1,0,1,2,2,0,8,7,1,2,0,2,10,7,3,2016
217000,"Sonstige Raubueberfaelle auf Stra en, Wegen oder Plaetzen",5970040,Siegen,voll.,23,16,7,0,0,0,2,1,1,2,1,1,4,3,1,4,2,2,13,10,3,0,0,0,13,10,3,2016
217000,"Sonstige Raubueberfaelle auf Stra en, Wegen oder Plaetzen",5122000,Solingen,voll.,50,41,9,0,0,0,4,3,1,4,3,1,13,13,0,4,4,0,24,19,5,5,2,3,29,21,8,2016
217000,"Sonstige Raubueberfaelle auf Stra en, Wegen oder Plaetzen",8111000,Stuttgart,voll.,212,175,37,0,0,0,7,6,1,7,6,1,32,24,8,40,31,9,122,108,14,11,6,5,133,114,19,2016
217000,"Sonstige Raubueberfaelle auf Stra en, Wegen oder Plaetzen",7211000,Trier,voll.,31,27,4,0,0,0,0,0,0,0,0,0,5,4,1,5,5,0,20,18,2,1,0,1,21,18,3,2016
217000,"Sonstige Raubueberfaelle auf Stra en, Wegen oder Plaetzen",8421000,Ulm,voll.,30,27,3,0,0,0,0,0,0,0,0,0,7,5,2,4,3,1,19,19,0,0,0,0,19,19,0,2016
217000,"Sonstige Raubueberfaelle auf Stra en, Wegen oder Plaetzen",6414000,Wiesbaden,voll.,68,61,7,0,0,0,1,0,1,1,0,1,19,19,0,12,10,2,32,30,2,4,2,2,36,32,4,2016
217000,"Sonstige Raubueberfaelle auf Stra en, Wegen oder Plaetzen",3103000,Wolfsburg,voll.,24,21,3,0,0,0,3,3,0,3,3,0,9,9,0,2,2,0,10,7,3,0,0,0,10,7,3,2016
217000,"Sonstige Raubueberfaelle auf Stra en, Wegen oder Plaetzen",5124000,Wuppertal,voll.,185,148,37,0,0,0,11,9,2,11,9,2,29,28,1,24,17,7,110,88,22,11,6,5,121,94,27,2016
217000,"Sonstige Raubueberfaelle auf Stra en, Wegen oder Plaetzen",9663000,Wuerzburg,voll.,3,3,0,0,0,0,0,0,0,0,0,0,1,1,0,0,0,0,2,2,0,0,0,0,2,2,0,2016
217000,"Sonstige Raubueberfaelle auf Stra en, Wegen oder Plaetzen",5334002,Aachen,vers.,33,26,7,0,0,0,0,0,0,0,0,0,4,2,2,7,7,0,20,15,5,2,2,0,22,17,5,2016
217000,"Sonstige Raubueberfaelle auf Stra en, Wegen oder Plaetzen",9761000,Augsburg,vers.,10,7,3,0,0,0,0,0,0,0,0,0,1,1,0,1,1,0,8,5,3,0,0,0,8,5,3,2016
217000,"Sonstige Raubueberfaelle auf Stra en, Wegen oder Plaetzen",5378004,Bergisch Gladbach,vers.,5,5,0,0,0,0,1,1,0,1,1,0,2,2,0,0,0,0,2,2,0,0,0,0,2,2,0,2016
217000,"Sonstige Raubueberfaelle auf Stra en, Wegen oder Plaetzen",11000000,Berlin,vers.,526,421,105,0,0,0,42,32,10,42,32,10,101,87,14,56,48,8,289,231,58,38,23,15,327,254,73,2016
217000,"Sonstige Raubueberfaelle auf Stra en, Wegen oder Plaetzen",5711000,Bielefeld,vers.,50,38,12,0,0,0,3,2,1,3,2,1,3,2,1,5,5,0,35,26,9,4,3,1,39,29,10,2016
217000,"Sonstige Raubueberfaelle auf Stra en, Wegen oder Plaetzen",5911000,Bochum,vers.,45,29,16,0,0,0,2,1,1,2,1,1,8,7,1,7,5,2,22,14,8,6,2,4,28,16,12,2016
217000,"Sonstige Raubueberfaelle auf Stra en, Wegen oder Plaetzen",5314000,Bonn,vers.,44,36,8,0,0,0,4,4,0,4,4,0,3,2,1,5,5,0,30,24,6,2,1,1,32,25,7,2016
217000,"Sonstige Raubueberfaelle auf Stra en, Wegen oder Plaetzen",5512000,Bottrop,vers.,12,8,4,0,0,0,2,2,0,2,2,0,1,1,0,3,2,1,4,1,3,2,2,0,6,3,3,2016
217000,"Sonstige Raubueberfaelle auf Stra en, Wegen oder Plaetzen",3101000,Braunschweig,vers.,13,11,2,0,0,0,1,1,0,1,1,0,1,1,0,1,1,0,9,7,2,1,1,0,10,8,2,2016
217000,"Sonstige Raubueberfaelle auf Stra en, Wegen oder Plaetzen",4011000,Bremen,vers.,80,49,31,0,0,0,2,2,0,2,2,0,10,9,1,12,7,5,47,29,18,9,2,7,56,31,25,2016
217000,"Sonstige Raubueberfaelle auf Stra en, Wegen oder Plaetzen",4012000,Bremerhaven,vers.,20,14,6,0,0,0,0,0,0,0,0,0,4,2,2,3,3,0,11,8,3,2,1,1,13,9,4,2016
217000,"Sonstige Raubueberfaelle auf Stra en, Wegen oder Plaetzen",14511000,Chemnitz,vers.,13,9,4,0,0,0,0,0,0,0,0,0,1,1,0,1,1,0,9,6,3,2,1,1,11,7,4,2016
217000,"Sonstige Raubueberfaelle auf Stra en, Wegen oder Plaetzen",6411000,Darmstadt,vers.,9,6,3,0,0,0,0,0,0,0,0,0,2,1,1,2,2,0,5,3,2,0,0,0,5,3,2,2016
217000,"Sonstige Raubueberfaelle auf Stra en, Wegen oder Plaetzen",5913000,Dortmund,vers.,86,70,16,0,0,0,1,1,0,1,1,0,12,9,3,10,8,2,57,49,8,6,3,3,63,52,11,2016
217000,"Sonstige Raubueberfaelle auf Stra en, Wegen oder Plaetzen",14612000,Dresden,vers.,33,29,4,0,0,0,0,0,0,0,0,0,12,11,1,3,3,0,17,14,3,1,1,0,18,15,3,2016
217000,"Sonstige Raubueberfaelle auf Stra en, Wegen oder Plaetzen",5112000,Duisburg,vers.,102,72,30,0,0,0,18,12,6,18,12,6,18,12,6,4,4,0,45,35,10,17,9,8,62,44,18,2016
217000,"Sonstige Raubueberfaelle auf Stra en, Wegen oder Plaetzen",5111000,Duesseldorf,vers.,78,50,28,0,0,0,4,3,1,4,3,1,4,2,2,8,7,1,49,35,14,13,3,10,62,38,24,2016
217000,"Sonstige Raubueberfaelle auf Stra en, Wegen oder Plaetzen",16051000,Erfurt,vers.,9,8,1,0,0,0,1,0,1,1,0,1,1,1,0,4,4,0,2,2,0,1,1,0,3,3,0,2016
217000,"Sonstige Raubueberfaelle auf Stra en, Wegen oder Plaetzen",9562000,Erlangen,vers.,0,0,0,0,0,0,0,0,0,0,0,0,0,0,0,0,0,0,0,0,0,0,0,0,0,0,0,2016
217000,"Sonstige Raubueberfaelle auf Stra en, Wegen oder Plaetzen",5113000,Essen,vers.,83,52,31,0,0,0,9,8,1,9,8,1,15,9,6,7,4,3,45,28,17,7,3,4,52,31,21,2016
217000,"Sonstige Raubueberfaelle auf Stra en, Wegen oder Plaetzen",6412000,Frankfurt am Main,vers.,99,73,26,0,0,0,1,1,0,1,1,0,4,3,1,7,5,2,69,56,13,18,8,10,87,64,23,2016
217000,"Sonstige Raubueberfaelle auf Stra en, Wegen oder Plaetzen",8311000,Freiburg im Breisgau,vers.,16,11,5,0,0,0,0,0,0,0,0,0,2,1,1,1,1,0,11,9,2,2,0,2,13,9,4,2016
217000,"Sonstige Raubueberfaelle auf Stra en, Wegen oder Plaetzen",9563000,Fuerth,vers.,0,0,0,0,0,0,0,0,0,0,0,0,0,0,0,0,0,0,0,0,0,0,0,0,0,0,0,2016
217000,"Sonstige Raubueberfaelle auf Stra en, Wegen oder Plaetzen",5513000,Gelsenkirchen,vers.,39,32,7,0,0,0,1,0,1,1,0,1,12,12,0,6,6,0,13,11,2,7,3,4,20,14,6,2016
217000,"Sonstige Raubueberfaelle auf Stra en, Wegen oder Plaetzen",3152012,Goettingen,vers.,13,10,3,0,0,0,0,0,0,0,0,0,0,0,0,4,4,0,7,5,2,2,1,1,9,6,3,2016
217000,"Sonstige Raubueberfaelle auf Stra en, Wegen oder Plaetzen",5914000,Hagen,vers.,14,8,6,0,0,0,3,3,0,3,3,0,2,0,2,0,0,0,8,4,4,1,1,0,9,5,4,2016
217000,"Sonstige Raubueberfaelle auf Stra en, Wegen oder Plaetzen",15002000,Halle (Saale),vers.,25,18,7,0,0,0,3,2,1,3,2,1,2,2,0,3,2,1,17,12,5,0,0,0,17,12,5,2016
217000,"Sonstige Raubueberfaelle auf Stra en, Wegen oder Plaetzen",2000000,Hamburg,vers.,298,220,78,1,1,0,11,8,3,12,9,3,53,38,15,43,33,10,162,123,39,28,17,11,190,140,50,2016
217000,"Sonstige Raubueberfaelle auf Stra en, Wegen oder Plaetzen",5915000,Hamm,vers.,17,14,3,0,0,0,3,3,0,3,3,0,3,2,1,2,1,1,8,7,1,1,1,0,9,8,1,2016
217000,"Sonstige Raubueberfaelle auf Stra en, Wegen oder Plaetzen",3241001,Hannover,vers.,67,51,16,0,0,0,3,2,1,3,2,1,4,4,0,7,5,2,48,38,10,5,2,3,53,40,13,2016
217000,"Sonstige Raubueberfaelle auf Stra en, Wegen oder Plaetzen",8221000,Heidelberg,vers.,4,3,1,0,0,0,0,0,0,0,0,0,0,0,0,0,0,0,4,3,1,0,0,0,4,3,1,2016
217000,"Sonstige Raubueberfaelle auf Stra en, Wegen oder Plaetzen",8121000,Heilbronn,vers.,2,2,0,0,0,0,0,0,0,0,0,0,0,0,0,0,0,0,2,2,0,0,0,0,2,2,0,2016
217000,"Sonstige Raubueberfaelle auf Stra en, Wegen oder Plaetzen",5916000,Herne,vers.,27,18,9,0,0,0,1,1,0,1,1,0,9,8,1,3,0,3,11,9,2,3,0,3,14,9,5,2016
217000,"Sonstige Raubueberfaelle auf Stra en, Wegen oder Plaetzen",3254021,Hildesheim,vers.,8,7,1,0,0,0,0,0,0,0,0,0,0,0,0,2,2,0,5,4,1,1,1,0,6,5,1,2016
217000,"Sonstige Raubueberfaelle auf Stra en, Wegen oder Plaetzen",9161000,Ingolstadt,vers.,1,1,0,0,0,0,0,0,0,0,0,0,0,0,0,0,0,0,1,1,0,0,0,0,1,1,0,2016
217000,"Sonstige Raubueberfaelle auf Stra en, Wegen oder Plaetzen",16053000,Jena,vers.,0,0,0,0,0,0,0,0,0,0,0,0,0,0,0,0,0,0,0,0,0,0,0,0,0,0,0,2016
217000,"Sonstige Raubueberfaelle auf Stra en, Wegen oder Plaetzen",8212000,Karlsruhe,vers.,26,19,7,0,0,0,0,0,0,0,0,0,4,4,0,3,2,1,18,12,6,1,1,0,19,13,6,2016
217000,"Sonstige Raubueberfaelle auf Stra en, Wegen oder Plaetzen",6611000,Kassel,vers.,17,14,3,0,0,0,1,0,1,1,0,1,3,3,0,4,2,2,9,9,0,0,0,0,9,9,0,2016
217000,"Sonstige Raubueberfaelle auf Stra en, Wegen oder Plaetzen",1002000,Kiel,vers.,27,17,10,0,0,0,0,0,0,0,0,0,3,3,0,3,1,2,18,12,6,3,1,2,21,13,8,2016
217000,"Sonstige Raubueberfaelle auf Stra en, Wegen oder Plaetzen",7111000,Koblenz,vers.,10,10,0,0,0,0,0,0,0,0,0,0,2,2,0,1,1,0,7,7,0,0,0,0,7,7,0,2016
217000,"Sonstige Raubueberfaelle auf Stra en, Wegen oder Plaetzen",5315000,Koeln,vers.,190,152,38,0,0,0,22,21,1,22,21,1,28,22,6,36,27,9,96,77,19,8,5,3,104,82,22,2016
217000,"Sonstige Raubueberfaelle auf Stra en, Wegen oder Plaetzen",5114000,Krefeld,vers.,16,14,2,0,0,0,0,0,0,0,0,0,2,2,0,4,3,1,9,8,1,1,1,0,10,9,1,2016
217000,"Sonstige Raubueberfaelle auf Stra en, Wegen oder Plaetzen",14713000,Leipzig,vers.,47,35,12,0,0,0,2,2,0,2,2,0,4,2,2,4,3,1,33,27,6,4,1,3,37,28,9,2016
217000,"Sonstige Raubueberfaelle auf Stra en, Wegen oder Plaetzen",5316000,Leverkusen,vers.,15,12,3,0,0,0,2,1,1,2,1,1,5,4,1,2,1,1,5,5,0,1,1,0,6,6,0,2016
217000,"Sonstige Raubueberfaelle auf Stra en, Wegen oder Plaetzen",1003000,Luebeck,vers.,35,26,9,0,0,0,3,1,2,3,1,2,6,5,1,4,4,0,19,14,5,3,2,1,22,16,6,2016
217000,"Sonstige Raubueberfaelle auf Stra en, Wegen oder Plaetzen",7314000,Ludwigshafen am Rhein,vers.,22,17,5,0,0,0,6,5,1,6,5,1,1,1,0,3,2,1,10,8,2,2,1,1,12,9,3,2016
217000,"Sonstige Raubueberfaelle auf Stra en, Wegen oder Plaetzen",15003000,Magdeburg,vers.,29,24,5,0,0,0,5,5,0,5,5,0,10,9,1,1,0,1,12,9,3,1,1,0,13,10,3,2016
217000,"Sonstige Raubueberfaelle auf Stra en, Wegen oder Plaetzen",7315000,Mainz,vers.,13,12,1,1,1,0,0,0,0,1,1,0,2,2,0,4,4,0,6,5,1,0,0,0,6,5,1,2016
217000,"Sonstige Raubueberfaelle auf Stra en, Wegen oder Plaetzen",8222000,Mannheim,vers.,26,18,8,0,0,0,4,2,2,4,2,2,3,3,0,3,1,2,12,11,1,4,1,3,16,12,4,2016
217000,"Sonstige Raubueberfaelle auf Stra en, Wegen oder Plaetzen",5170024,Moers,vers.,13,8,5,0,0,0,3,2,1,3,2,1,1,1,0,1,1,0,8,4,4,0,0,0,8,4,4,2016
217000,"Sonstige Raubueberfaelle auf Stra en, Wegen oder Plaetzen",5116000,Moenchengladbach,vers.,26,18,8,0,0,0,4,2,2,4,2,2,5,4,1,4,4,0,12,7,5,1,1,0,13,8,5,2016
217000,"Sonstige Raubueberfaelle auf Stra en, Wegen oder Plaetzen",5117000,Muelheim an der Ruhr,vers.,13,10,3,0,0,0,4,3,1,4,3,1,3,3,0,1,1,0,5,3,2,0,0,0,5,3,2,2016
217000,"Sonstige Raubueberfaelle auf Stra en, Wegen oder Plaetzen",9162000,Muenchen,vers.,51,36,15,0,0,0,2,1,1,2,1,1,9,7,2,5,5,0,31,20,11,4,3,1,35,23,12,2016
217000,"Sonstige Raubueberfaelle auf Stra en, Wegen oder Plaetzen",5515000,Muenster,vers.,15,11,4,0,0,0,2,1,1,2,1,1,3,2,1,1,1,0,7,6,1,2,1,1,9,7,2,2016
217000,"Sonstige Raubueberfaelle auf Stra en, Wegen oder Plaetzen",5162024,Neuss,vers.,13,10,3,0,0,0,0,0,0,0,0,0,2,2,0,6,4,2,5,4,1,0,0,0,5,4,1,2016
217000,"Sonstige Raubueberfaelle auf Stra en, Wegen oder Plaetzen",9564000,Nuernberg,vers.,16,13,3,0,0,0,0,0,0,0,0,0,4,3,1,2,2,0,10,8,2,0,0,0,10,8,2,2016
217000,"Sonstige Raubueberfaelle auf Stra en, Wegen oder Plaetzen",5119000,Oberhausen,vers.,32,21,11,0,0,0,3,3,0,3,3,0,12,8,4,4,3,1,9,6,3,4,1,3,13,7,6,2016
217000,"Sonstige Raubueberfaelle auf Stra en, Wegen oder Plaetzen",6413000,Offenbach am Main,vers.,12,10,2,0,0,0,3,3,0,3,3,0,1,1,0,0,0,0,6,4,2,2,2,0,8,6,2,2016
217000,"Sonstige Raubueberfaelle auf Stra en, Wegen oder Plaetzen",3403000,Oldenburg (Oldenburg),vers.,12,11,1,0,0,0,3,3,0,3,3,0,3,3,0,1,1,0,3,3,0,2,1,1,5,4,1,2016
217000,"Sonstige Raubueberfaelle auf Stra en, Wegen oder Plaetzen",3404000,Osnabrueck,vers.,6,4,2,0,0,0,0,0,0,0,0,0,0,0,0,1,1,0,4,3,1,1,0,1,5,3,2,2016
217000,"Sonstige Raubueberfaelle auf Stra en, Wegen oder Plaetzen",5774032,Paderborn,vers.,14,7,7,0,0,0,1,0,1,1,0,1,4,2,2,2,2,0,7,3,4,0,0,0,7,3,4,2016
217000,"Sonstige Raubueberfaelle auf Stra en, Wegen oder Plaetzen",8231000,Pforzheim,vers.,6,4,2,0,0,0,1,1,0,1,1,0,0,0,0,1,1,0,4,2,2,0,0,0,4,2,2,2016
217000,"Sonstige Raubueberfaelle auf Stra en, Wegen oder Plaetzen",12054000,Potsdam,vers.,10,9,1,0,0,0,2,2,0,2,2,0,1,1,0,1,1,0,6,5,1,0,0,0,6,5,1,2016
217000,"Sonstige Raubueberfaelle auf Stra en, Wegen oder Plaetzen",5562032,Recklinghausen,vers.,15,12,3,0,0,0,0,0,0,0,0,0,4,3,1,2,2,0,8,6,2,1,1,0,9,7,2,2016
217000,"Sonstige Raubueberfaelle auf Stra en, Wegen oder Plaetzen",9362000,Regensburg,vers.,9,9,0,0,0,0,0,0,0,0,0,0,3,3,0,3,3,0,3,3,0,0,0,0,3,3,0,2016
217000,"Sonstige Raubueberfaelle auf Stra en, Wegen oder Plaetzen",5120000,Remscheid,vers.,3,1,2,0,0,0,0,0,0,0,0,0,1,1,0,0,0,0,1,0,1,1,0,1,2,0,2,2016
217000,"Sonstige Raubueberfaelle auf Stra en, Wegen oder Plaetzen",8415061,Reutlingen,vers.,5,3,2,0,0,0,1,1,0,1,1,0,2,1,1,0,0,0,2,1,1,0,0,0,2,1,1,2016
217000,"Sonstige Raubueberfaelle auf Stra en, Wegen oder Plaetzen",13003000,Rostock,vers.,10,7,3,0,0,0,1,1,0,1,1,0,0,0,0,1,1,0,8,5,3,0,0,0,8,5,3,2016
217000,"Sonstige Raubueberfaelle auf Stra en, Wegen oder Plaetzen",10041100,Saarbruecken,vers.,29,22,7,0,0,0,0,0,0,0,0,0,6,6,0,10,9,1,11,6,5,2,1,1,13,7,6,2016
217000,"Sonstige Raubueberfaelle auf Stra en, Wegen oder Plaetzen",3102000,Salzgitter,vers.,6,4,2,0,0,0,0,0,0,0,0,0,2,2,0,1,0,1,3,2,1,0,0,0,3,2,1,2016
217000,"Sonstige Raubueberfaelle auf Stra en, Wegen oder Plaetzen",13004000,Schwerin,vers.,5,5,0,0,0,0,0,0,0,0,0,0,1,1,0,1,1,0,3,3,0,0,0,0,3,3,0,2016
217000,"Sonstige Raubueberfaelle auf Stra en, Wegen oder Plaetzen",5970040,Siegen,vers.,2,0,2,0,0,0,0,0,0,0,0,0,0,0,0,1,0,1,1,0,1,0,0,0,1,0,1,2016
217000,"Sonstige Raubueberfaelle auf Stra en, Wegen oder Plaetzen",5122000,Solingen,vers.,11,10,1,0,0,0,2,2,0,2,2,0,4,4,0,2,1,1,3,3,0,0,0,0,3,3,0,2016
217000,"Sonstige Raubueberfaelle auf Stra en, Wegen oder Plaetzen",8111000,Stuttgart,vers.,51,38,13,0,0,0,1,1,0,1,1,0,11,5,6,5,4,1,34,28,6,0,0,0,34,28,6,2016
217000,"Sonstige Raubueberfaelle auf Stra en, Wegen oder Plaetzen",7211000,Trier,vers.,10,10,0,0,0,0,2,2,0,2,2,0,2,2,0,1,1,0,5,5,0,0,0,0,5,5,0,2016
217000,"Sonstige Raubueberfaelle auf Stra en, Wegen oder Plaetzen",8421000,Ulm,vers.,4,3,1,0,0,0,1,1,0,1,1,0,0,0,0,2,1,1,1,1,0,0,0,0,1,1,0,2016
217000,"Sonstige Raubueberfaelle auf Stra en, Wegen oder Plaetzen",6414000,Wiesbaden,vers.,18,15,3,0,0,0,1,1,0,1,1,0,8,7,1,4,4,0,5,3,2,0,0,0,5,3,2,2016
217000,"Sonstige Raubueberfaelle auf Stra en, Wegen oder Plaetzen",3103000,Wolfsburg,vers.,6,5,1,0,0,0,0,0,0,0,0,0,2,2,0,0,0,0,2,2,0,2,1,1,4,3,1,2016
217000,"Sonstige Raubueberfaelle auf Stra en, Wegen oder Plaetzen",5124000,Wuppertal,vers.,43,28,15,0,0,0,4,3,1,4,3,1,8,7,1,4,4,0,19,9,10,8,5,3,27,14,13,2016
217000,"Sonstige Raubueberfaelle auf Stra en, Wegen oder Plaetzen",9663000,Wuerzburg,vers.,0,0,0,0,0,0,0,0,0,0,0,0,0,0,0,0,0,0,0,0,0,0,0,0,0,0,0,2016
217000,"Sonstige Raubueberfaelle auf Stra en, Wegen oder Plaetzen",5334002,Aachen,insg.,232,179,53,0,0,0,8,7,1,8,7,1,29,25,4,31,28,3,141,111,30,23,8,15,164,119,45,2016
217000,"Sonstige Raubueberfaelle auf Stra en, Wegen oder Plaetzen",9761000,Augsburg,insg.,22,17,5,0,0,0,0,0,0,0,0,0,2,2,0,1,1,0,19,14,5,0,0,0,19,14,5,2016
217000,"Sonstige Raubueberfaelle auf Stra en, Wegen oder Plaetzen",5378004,Bergisch Gladbach,insg.,23,19,4,0,0,0,1,1,0,1,1,0,8,8,0,2,2,0,10,7,3,2,1,1,12,8,4,2016
217000,"Sonstige Raubueberfaelle auf Stra en, Wegen oder Plaetzen",11000000,Berlin,insg.,2990,2435,555,1,1,0,135,112,23,136,113,23,502,438,64,316,271,45,1807,1460,347,229,153,76,2036,1613,423,2016
217000,"Sonstige Raubueberfaelle auf Stra en, Wegen oder Plaetzen",5711000,Bielefeld,insg.,156,126,30,0,0,0,5,4,1,5,4,1,16,14,2,21,20,1,104,80,24,10,8,2,114,88,26,2016
217000,"Sonstige Raubueberfaelle auf Stra en, Wegen oder Plaetzen",5911000,Bochum,insg.,207,153,54,0,0,0,9,8,1,9,8,1,39,31,8,28,24,4,111,85,26,20,5,15,131,90,41,2016
217000,"Sonstige Raubueberfaelle auf Stra en, Wegen oder Plaetzen",5314000,Bonn,insg.,202,151,51,0,0,0,8,8,0,8,8,0,29,16,13,34,32,2,121,91,30,10,4,6,131,95,36,2016
217000,"Sonstige Raubueberfaelle auf Stra en, Wegen oder Plaetzen",5512000,Bottrop,insg.,40,29,11,0,0,0,6,5,1,6,5,1,11,10,1,7,5,2,11,6,5,5,3,2,16,9,7,2016
217000,"Sonstige Raubueberfaelle auf Stra en, Wegen oder Plaetzen",3101000,Braunschweig,insg.,81,70,11,0,0,0,3,3,0,3,3,0,9,8,1,12,11,1,56,47,9,1,1,0,57,48,9,2016
217000,"Sonstige Raubueberfaelle auf Stra en, Wegen oder Plaetzen",4011000,Bremen,insg.,436,308,128,0,0,0,8,7,1,8,7,1,52,44,8,52,36,16,271,195,76,53,26,27,324,221,103,2016
217000,"Sonstige Raubueberfaelle auf Stra en, Wegen oder Plaetzen",4012000,Bremerhaven,insg.,91,73,18,0,0,0,4,3,1,4,3,1,8,4,4,9,9,0,59,51,8,11,6,5,70,57,13,2016
217000,"Sonstige Raubueberfaelle auf Stra en, Wegen oder Plaetzen",14511000,Chemnitz,insg.,87,72,15,0,0,0,7,5,2,7,5,2,9,7,2,16,15,1,51,44,7,4,1,3,55,45,10,2016
217000,"Sonstige Raubueberfaelle auf Stra en, Wegen oder Plaetzen",6411000,Darmstadt,insg.,49,40,9,0,0,0,1,1,0,1,1,0,8,6,2,7,4,3,33,29,4,0,0,0,33,29,4,2016
217000,"Sonstige Raubueberfaelle auf Stra en, Wegen oder Plaetzen",5913000,Dortmund,insg.,504,408,96,0,0,0,12,10,2,12,10,2,60,48,12,60,47,13,341,285,56,31,18,13,372,303,69,2016
217000,"Sonstige Raubueberfaelle auf Stra en, Wegen oder Plaetzen",14612000,Dresden,insg.,217,193,24,0,0,0,12,9,3,12,9,3,40,35,5,26,24,2,128,117,11,11,8,3,139,125,14,2016
217000,"Sonstige Raubueberfaelle auf Stra en, Wegen oder Plaetzen",5112000,Duisburg,insg.,330,243,87,1,0,1,37,25,12,38,25,13,52,41,11,27,26,1,179,133,46,34,18,16,213,151,62,2016
217000,"Sonstige Raubueberfaelle auf Stra en, Wegen oder Plaetzen",5111000,Duesseldorf,insg.,453,343,110,0,0,0,13,11,2,13,11,2,35,28,7,50,42,8,293,234,59,62,28,34,355,262,93,2016
217000,"Sonstige Raubueberfaelle auf Stra en, Wegen oder Plaetzen",16051000,Erfurt,insg.,42,38,4,0,0,0,1,0,1,1,0,1,9,8,1,11,11,0,20,18,2,1,1,0,21,19,2,2016
217000,"Sonstige Raubueberfaelle auf Stra en, Wegen oder Plaetzen",9562000,Erlangen,insg.,0,0,0,0,0,0,0,0,0,0,0,0,0,0,0,0,0,0,0,0,0,0,0,0,0,0,0,2016
217000,"Sonstige Raubueberfaelle auf Stra en, Wegen oder Plaetzen",5113000,Essen,insg.,400,270,130,0,0,0,19,15,4,19,15,4,64,41,23,37,28,9,248,173,75,32,13,19,280,186,94,2016
217000,"Sonstige Raubueberfaelle auf Stra en, Wegen oder Plaetzen",6412000,Frankfurt am Main,insg.,554,451,103,0,0,0,6,5,1,6,5,1,46,42,4,50,41,9,385,330,55,67,33,34,452,363,89,2016
217000,"Sonstige Raubueberfaelle auf Stra en, Wegen oder Plaetzen",8311000,Freiburg im Breisgau,insg.,121,100,21,0,0,0,1,1,0,1,1,0,15,12,3,23,18,5,74,63,11,8,6,2,82,69,13,2016
217000,"Sonstige Raubueberfaelle auf Stra en, Wegen oder Plaetzen",9563000,Fuerth,insg.,4,1,3,0,0,0,0,0,0,0,0,0,2,0,2,0,0,0,2,1,1,0,0,0,2,1,1,2016
217000,"Sonstige Raubueberfaelle auf Stra en, Wegen oder Plaetzen",5513000,Gelsenkirchen,insg.,185,145,40,0,0,0,8,7,1,8,7,1,26,25,1,23,19,4,111,89,22,17,5,12,128,94,34,2016
217000,"Sonstige Raubueberfaelle auf Stra en, Wegen oder Plaetzen",3152012,Goettingen,insg.,61,54,7,0,0,0,1,1,0,1,1,0,15,14,1,9,8,1,32,29,3,4,2,2,36,31,5,2016
217000,"Sonstige Raubueberfaelle auf Stra en, Wegen oder Plaetzen",5914000,Hagen,insg.,86,65,21,0,0,0,5,4,1,5,4,1,15,11,4,6,4,2,53,42,11,7,4,3,60,46,14,2016
217000,"Sonstige Raubueberfaelle auf Stra en, Wegen oder Plaetzen",15002000,Halle (Saale),insg.,138,113,25,0,0,0,9,8,1,9,8,1,30,27,3,10,7,3,80,66,14,9,5,4,89,71,18,2016
217000,"Sonstige Raubueberfaelle auf Stra en, Wegen oder Plaetzen",2000000,Hamburg,insg.,1500,1163,337,1,1,0,45,32,13,46,33,13,155,122,33,206,166,40,966,773,193,127,69,58,1093,842,251,2016
217000,"Sonstige Raubueberfaelle auf Stra en, Wegen oder Plaetzen",5915000,Hamm,insg.,84,69,15,0,0,0,7,7,0,7,7,0,9,5,4,10,7,3,54,47,7,4,3,1,58,50,8,2016
217000,"Sonstige Raubueberfaelle auf Stra en, Wegen oder Plaetzen",3241001,Hannover,insg.,328,279,49,0,0,0,6,5,1,6,5,1,29,25,4,47,39,8,227,198,29,19,12,7,246,210,36,2016
217000,"Sonstige Raubueberfaelle auf Stra en, Wegen oder Plaetzen",8221000,Heidelberg,insg.,26,21,5,0,0,0,2,2,0,2,2,0,1,1,0,2,2,0,20,15,5,1,1,0,21,16,5,2016
217000,"Sonstige Raubueberfaelle auf Stra en, Wegen oder Plaetzen",8121000,Heilbronn,insg.,22,17,5,0,0,0,0,0,0,0,0,0,1,1,0,2,2,0,18,13,5,1,1,0,19,14,5,2016
217000,"Sonstige Raubueberfaelle auf Stra en, Wegen oder Plaetzen",5916000,Herne,insg.,83,58,25,0,0,0,5,4,1,5,4,1,19,17,2,10,5,5,37,26,11,12,6,6,49,32,17,2016
217000,"Sonstige Raubueberfaelle auf Stra en, Wegen oder Plaetzen",3254021,Hildesheim,insg.,26,23,3,0,0,0,2,2,0,2,2,0,3,3,0,4,2,2,14,13,1,3,3,0,17,16,1,2016
217000,"Sonstige Raubueberfaelle auf Stra en, Wegen oder Plaetzen",9161000,Ingolstadt,insg.,10,10,0,0,0,0,0,0,0,0,0,0,0,0,0,3,3,0,6,6,0,1,1,0,7,7,0,2016
217000,"Sonstige Raubueberfaelle auf Stra en, Wegen oder Plaetzen",16053000,Jena,insg.,8,7,1,0,0,0,0,0,0,0,0,0,1,0,1,1,1,0,6,6,0,0,0,0,6,6,0,2016
217000,"Sonstige Raubueberfaelle auf Stra en, Wegen oder Plaetzen",8212000,Karlsruhe,insg.,119,99,20,1,0,1,3,3,0,4,3,1,10,8,2,13,11,2,83,70,13,9,7,2,92,77,15,2016
217000,"Sonstige Raubueberfaelle auf Stra en, Wegen oder Plaetzen",6611000,Kassel,insg.,68,55,13,0,0,0,2,1,1,2,1,1,4,4,0,10,8,2,48,40,8,4,2,2,52,42,10,2016
217000,"Sonstige Raubueberfaelle auf Stra en, Wegen oder Plaetzen",1002000,Kiel,insg.,149,116,33,0,0,0,2,1,1,2,1,1,17,15,2,27,19,8,93,76,17,10,5,5,103,81,22,2016
217000,"Sonstige Raubueberfaelle auf Stra en, Wegen oder Plaetzen",7111000,Koblenz,insg.,48,36,12,0,0,0,1,1,0,1,1,0,4,4,0,5,4,1,34,24,10,4,3,1,38,27,11,2016
217000,"Sonstige Raubueberfaelle auf Stra en, Wegen oder Plaetzen",5315000,Koeln,insg.,863,681,182,0,0,0,46,43,3,46,43,3,120,95,25,146,107,39,485,395,90,66,41,25,551,436,115,2016
217000,"Sonstige Raubueberfaelle auf Stra en, Wegen oder Plaetzen",5114000,Krefeld,insg.,86,67,19,0,0,0,3,3,0,3,3,0,11,8,3,10,9,1,54,45,9,8,2,6,62,47,15,2016
217000,"Sonstige Raubueberfaelle auf Stra en, Wegen oder Plaetzen",14713000,Leipzig,insg.,343,280,63,0,0,0,17,11,6,17,11,6,28,24,4,30,25,5,244,208,36,24,12,12,268,220,48,2016
217000,"Sonstige Raubueberfaelle auf Stra en, Wegen oder Plaetzen",5316000,Leverkusen,insg.,67,55,12,0,0,0,5,4,1,5,4,1,18,14,4,14,11,3,25,22,3,5,4,1,30,26,4,2016
217000,"Sonstige Raubueberfaelle auf Stra en, Wegen oder Plaetzen",1003000,Luebeck,insg.,123,106,17,0,0,0,7,5,2,7,5,2,25,23,2,22,22,0,63,53,10,6,3,3,69,56,13,2016
217000,"Sonstige Raubueberfaelle auf Stra en, Wegen oder Plaetzen",7314000,Ludwigshafen am Rhein,insg.,75,59,16,0,0,0,12,9,3,12,9,3,7,7,0,13,12,1,37,29,8,6,2,4,43,31,12,2016
217000,"Sonstige Raubueberfaelle auf Stra en, Wegen oder Plaetzen",15003000,Magdeburg,insg.,113,100,13,0,0,0,15,13,2,15,13,2,20,18,2,9,8,1,64,58,6,5,3,2,69,61,8,2016
217000,"Sonstige Raubueberfaelle auf Stra en, Wegen oder Plaetzen",7315000,Mainz,insg.,59,52,7,1,1,0,1,1,0,2,2,0,14,13,1,8,8,0,34,28,6,1,1,0,35,29,6,2016
217000,"Sonstige Raubueberfaelle auf Stra en, Wegen oder Plaetzen",8222000,Mannheim,insg.,132,101,31,0,0,0,5,2,3,5,2,3,7,7,0,13,11,2,90,76,14,17,5,12,107,81,26,2016
217000,"Sonstige Raubueberfaelle auf Stra en, Wegen oder Plaetzen",5170024,Moers,insg.,50,39,11,0,0,0,8,7,1,8,7,1,8,8,0,7,7,0,24,16,8,3,1,2,27,17,10,2016
217000,"Sonstige Raubueberfaelle auf Stra en, Wegen oder Plaetzen",5116000,Moenchengladbach,insg.,149,111,38,0,0,0,8,6,2,8,6,2,26,20,6,26,25,1,78,54,24,11,6,5,89,60,29,2016
217000,"Sonstige Raubueberfaelle auf Stra en, Wegen oder Plaetzen",5117000,Muelheim an der Ruhr,insg.,48,34,14,0,0,0,5,4,1,5,4,1,8,7,1,5,4,1,27,18,9,3,1,2,30,19,11,2016
217000,"Sonstige Raubueberfaelle auf Stra en, Wegen oder Plaetzen",9162000,Muenchen,insg.,177,145,32,0,0,0,13,9,4,13,9,4,24,22,2,27,25,2,103,83,20,10,6,4,113,89,24,2016
217000,"Sonstige Raubueberfaelle auf Stra en, Wegen oder Plaetzen",5515000,Muenster,insg.,95,79,16,0,0,0,5,4,1,5,4,1,15,13,2,11,11,0,60,49,11,4,2,2,64,51,13,2016
217000,"Sonstige Raubueberfaelle auf Stra en, Wegen oder Plaetzen",5162024,Neuss,insg.,54,37,17,0,0,0,1,1,0,1,1,0,9,7,2,14,11,3,25,17,8,5,1,4,30,18,12,2016
217000,"Sonstige Raubueberfaelle auf Stra en, Wegen oder Plaetzen",9564000,Nuernberg,insg.,89,73,16,1,1,0,3,3,0,4,4,0,13,10,3,15,12,3,53,45,8,4,2,2,57,47,10,2016
217000,"Sonstige Raubueberfaelle auf Stra en, Wegen oder Plaetzen",5119000,Oberhausen,insg.,127,107,20,0,0,0,11,11,0,11,11,0,30,26,4,25,22,3,53,44,9,8,4,4,61,48,13,2016
217000,"Sonstige Raubueberfaelle auf Stra en, Wegen oder Plaetzen",6413000,Offenbach am Main,insg.,52,46,6,0,0,0,6,6,0,6,6,0,8,8,0,10,9,1,23,19,4,5,4,1,28,23,5,2016
217000,"Sonstige Raubueberfaelle auf Stra en, Wegen oder Plaetzen",3403000,Oldenburg (Oldenburg),insg.,44,34,10,0,0,0,3,3,0,3,3,0,12,12,0,9,7,2,15,10,5,5,2,3,20,12,8,2016
217000,"Sonstige Raubueberfaelle auf Stra en, Wegen oder Plaetzen",3404000,Osnabrueck,insg.,56,51,5,0,0,0,0,0,0,0,0,0,4,3,1,9,9,0,39,36,3,4,3,1,43,39,4,2016
217000,"Sonstige Raubueberfaelle auf Stra en, Wegen oder Plaetzen",5774032,Paderborn,insg.,46,33,13,0,0,0,1,0,1,1,0,1,10,6,4,6,6,0,27,20,7,2,1,1,29,21,8,2016
217000,"Sonstige Raubueberfaelle auf Stra en, Wegen oder Plaetzen",8231000,Pforzheim,insg.,31,27,4,0,0,0,3,3,0,3,3,0,3,3,0,4,4,0,19,15,4,2,2,0,21,17,4,2016
217000,"Sonstige Raubueberfaelle auf Stra en, Wegen oder Plaetzen",12054000,Potsdam,insg.,62,57,5,0,0,0,7,7,0,7,7,0,23,21,2,8,8,0,23,21,2,1,0,1,24,21,3,2016
217000,"Sonstige Raubueberfaelle auf Stra en, Wegen oder Plaetzen",5562032,Recklinghausen,insg.,71,59,12,0,0,0,1,1,0,1,1,0,18,16,2,12,11,1,33,27,6,7,4,3,40,31,9,2016
217000,"Sonstige Raubueberfaelle auf Stra en, Wegen oder Plaetzen",9362000,Regensburg,insg.,22,19,3,0,0,0,1,0,1,1,0,1,5,4,1,4,4,0,11,10,1,1,1,0,12,11,1,2016
217000,"Sonstige Raubueberfaelle auf Stra en, Wegen oder Plaetzen",5120000,Remscheid,insg.,24,16,8,0,0,0,0,0,0,0,0,0,5,4,1,4,4,0,11,6,5,4,2,2,15,8,7,2016
217000,"Sonstige Raubueberfaelle auf Stra en, Wegen oder Plaetzen",8415061,Reutlingen,insg.,15,10,5,0,0,0,1,1,0,1,1,0,2,1,1,2,2,0,8,5,3,2,1,1,10,6,4,2016
217000,"Sonstige Raubueberfaelle auf Stra en, Wegen oder Plaetzen",13003000,Rostock,insg.,75,63,12,0,0,0,6,6,0,6,6,0,7,6,1,8,6,2,51,43,8,3,2,1,54,45,9,2016
217000,"Sonstige Raubueberfaelle auf Stra en, Wegen oder Plaetzen",10041100,Saarbruecken,insg.,125,97,28,0,0,0,6,6,0,6,6,0,30,28,2,24,21,3,59,37,22,6,5,1,65,42,23,2016
217000,"Sonstige Raubueberfaelle auf Stra en, Wegen oder Plaetzen",3102000,Salzgitter,insg.,25,15,10,0,0,0,0,0,0,0,0,0,6,4,2,1,0,1,14,10,4,4,1,3,18,11,7,2016
217000,"Sonstige Raubueberfaelle auf Stra en, Wegen oder Plaetzen",13004000,Schwerin,insg.,20,16,4,0,0,0,2,2,0,2,2,0,2,1,1,3,3,0,11,10,1,2,0,2,13,10,3,2016
217000,"Sonstige Raubueberfaelle auf Stra en, Wegen oder Plaetzen",5970040,Siegen,insg.,25,16,9,0,0,0,2,1,1,2,1,1,4,3,1,5,2,3,14,10,4,0,0,0,14,10,4,2016
217000,"Sonstige Raubueberfaelle auf Stra en, Wegen oder Plaetzen",5122000,Solingen,insg.,61,51,10,0,0,0,6,5,1,6,5,1,17,17,0,6,5,1,27,22,5,5,2,3,32,24,8,2016
217000,"Sonstige Raubueberfaelle auf Stra en, Wegen oder Plaetzen",8111000,Stuttgart,insg.,263,213,50,0,0,0,8,7,1,8,7,1,43,29,14,45,35,10,156,136,20,11,6,5,167,142,25,2016
217000,"Sonstige Raubueberfaelle auf Stra en, Wegen oder Plaetzen",7211000,Trier,insg.,41,37,4,0,0,0,2,2,0,2,2,0,7,6,1,6,6,0,25,23,2,1,0,1,26,23,3,2016
217000,"Sonstige Raubueberfaelle auf Stra en, Wegen oder Plaetzen",8421000,Ulm,insg.,34,30,4,0,0,0,1,1,0,1,1,0,7,5,2,6,4,2,20,20,0,0,0,0,20,20,0,2016
217000,"Sonstige Raubueberfaelle auf Stra en, Wegen oder Plaetzen",6414000,Wiesbaden,insg.,86,76,10,0,0,0,2,1,1,2,1,1,27,26,1,16,14,2,37,33,4,4,2,2,41,35,6,2016
217000,"Sonstige Raubueberfaelle auf Stra en, Wegen oder Plaetzen",3103000,Wolfsburg,insg.,30,26,4,0,0,0,3,3,0,3,3,0,11,11,0,2,2,0,12,9,3,2,1,1,14,10,4,2016
217000,"Sonstige Raubueberfaelle auf Stra en, Wegen oder Plaetzen",5124000,Wuppertal,insg.,228,176,52,0,0,0,15,12,3,15,12,3,37,35,2,28,21,7,129,97,32,19,11,8,148,108,40,2016
217000,"Sonstige Raubueberfaelle auf Stra en, Wegen oder Plaetzen",9663000,Wuerzburg,insg.,3,3,0,0,0,0,0,0,0,0,0,0,1,1,0,0,0,0,2,2,0,0,0,0,2,2,0,2016
219000,Raubueberfaelle in Wohnungen,5334002,Aachen,voll.,22,17,5,0,0,0,0,0,0,0,0,0,1,1,0,1,1,0,9,6,3,11,9,2,20,15,5,2016
219000,Raubueberfaelle in Wohnungen,9761000,Augsburg,voll.,7,6,1,0,0,0,0,0,0,0,0,0,0,0,0,0,0,0,7,6,1,0,0,0,7,6,1,2016
219000,Raubueberfaelle in Wohnungen,5378004,Bergisch Gladbach,voll.,6,2,4,0,0,0,1,0,1,1,0,1,0,0,0,1,0,1,3,2,1,1,0,1,4,2,2,2016
219000,Raubueberfaelle in Wohnungen,11000000,Berlin,voll.,235,147,88,1,0,1,4,1,3,5,1,4,11,8,3,23,16,7,145,99,46,51,23,28,196,122,74,2016
219000,Raubueberfaelle in Wohnungen,5711000,Bielefeld,voll.,10,8,2,0,0,0,0,0,0,0,0,0,4,4,0,1,1,0,4,3,1,1,0,1,5,3,2,2016
219000,Raubueberfaelle in Wohnungen,5911000,Bochum,voll.,25,13,12,0,0,0,0,0,0,0,0,0,1,1,0,2,2,0,16,9,7,6,1,5,22,10,12,2016
219000,Raubueberfaelle in Wohnungen,5314000,Bonn,voll.,23,13,10,0,0,0,1,1,0,1,1,0,0,0,0,1,1,0,17,10,7,4,1,3,21,11,10,2016
219000,Raubueberfaelle in Wohnungen,5512000,Bottrop,voll.,5,3,2,0,0,0,0,0,0,0,0,0,0,0,0,0,0,0,2,2,0,3,1,2,5,3,2,2016
219000,Raubueberfaelle in Wohnungen,3101000,Braunschweig,voll.,10,8,2,0,0,0,1,1,0,1,1,0,1,1,0,1,1,0,7,5,2,0,0,0,7,5,2,2016
219000,Raubueberfaelle in Wohnungen,4011000,Bremen,voll.,37,22,15,0,0,0,0,0,0,0,0,0,4,3,1,7,4,3,16,9,7,10,6,4,26,15,11,2016
219000,Raubueberfaelle in Wohnungen,4012000,Bremerhaven,voll.,8,4,4,0,0,0,0,0,0,0,0,0,0,0,0,0,0,0,5,3,2,3,1,2,8,4,4,2016
219000,Raubueberfaelle in Wohnungen,14511000,Chemnitz,voll.,16,11,5,0,0,0,0,0,0,0,0,0,1,0,1,1,1,0,12,10,2,2,0,2,14,10,4,2016
219000,Raubueberfaelle in Wohnungen,6411000,Darmstadt,voll.,3,2,1,0,0,0,0,0,0,0,0,0,0,0,0,0,0,0,2,1,1,1,1,0,3,2,1,2016
219000,Raubueberfaelle in Wohnungen,5913000,Dortmund,voll.,67,38,29,0,0,0,0,0,0,0,0,0,5,3,2,5,3,2,46,29,17,11,3,8,57,32,25,2016
219000,Raubueberfaelle in Wohnungen,14612000,Dresden,voll.,40,30,10,0,0,0,0,0,0,0,0,0,1,0,1,6,2,4,31,27,4,2,1,1,33,28,5,2016
219000,Raubueberfaelle in Wohnungen,5112000,Duisburg,voll.,32,24,8,0,0,0,0,0,0,0,0,0,2,1,1,1,1,0,26,19,7,3,3,0,29,22,7,2016
219000,Raubueberfaelle in Wohnungen,5111000,Duesseldorf,voll.,53,25,28,0,0,0,0,0,0,0,0,0,1,1,0,7,7,0,19,12,7,26,5,21,45,17,28,2016
219000,Raubueberfaelle in Wohnungen,16051000,Erfurt,voll.,14,13,1,0,0,0,1,1,0,1,1,0,0,0,0,4,4,0,9,8,1,0,0,0,9,8,1,2016
219000,Raubueberfaelle in Wohnungen,9562000,Erlangen,voll.,0,0,0,0,0,0,0,0,0,0,0,0,0,0,0,0,0,0,0,0,0,0,0,0,0,0,0,2016
219000,Raubueberfaelle in Wohnungen,5113000,Essen,voll.,44,30,14,0,0,0,0,0,0,0,0,0,2,1,1,3,3,0,29,22,7,10,4,6,39,26,13,2016
219000,Raubueberfaelle in Wohnungen,6412000,Frankfurt am Main,voll.,34,17,17,0,0,0,0,0,0,0,0,0,4,2,2,4,2,2,15,10,5,11,3,8,26,13,13,2016
219000,Raubueberfaelle in Wohnungen,8311000,Freiburg im Breisgau,voll.,8,4,4,0,0,0,0,0,0,0,0,0,0,0,0,1,1,0,7,3,4,0,0,0,7,3,4,2016
219000,Raubueberfaelle in Wohnungen,9563000,Fuerth,voll.,4,4,0,0,0,0,0,0,0,0,0,0,0,0,0,0,0,0,4,4,0,0,0,0,4,4,0,2016
219000,Raubueberfaelle in Wohnungen,5513000,Gelsenkirchen,voll.,17,10,7,0,0,0,0,0,0,0,0,0,0,0,0,0,0,0,14,10,4,3,0,3,17,10,7,2016
219000,Raubueberfaelle in Wohnungen,3152012,Goettingen,voll.,12,10,2,0,0,0,0,0,0,0,0,0,0,0,0,2,2,0,9,7,2,1,1,0,10,8,2,2016
219000,Raubueberfaelle in Wohnungen,5914000,Hagen,voll.,4,4,0,0,0,0,0,0,0,0,0,0,0,0,0,1,1,0,2,2,0,1,1,0,3,3,0,2016
219000,Raubueberfaelle in Wohnungen,15002000,Halle (Saale),voll.,9,7,2,0,0,0,0,0,0,0,0,0,0,0,0,1,1,0,5,4,1,3,2,1,8,6,2,2016
219000,Raubueberfaelle in Wohnungen,2000000,Hamburg,voll.,83,53,30,0,0,0,1,1,0,1,1,0,5,3,2,3,3,0,58,38,20,16,8,8,74,46,28,2016
219000,Raubueberfaelle in Wohnungen,5915000,Hamm,voll.,17,14,3,0,0,0,0,0,0,0,0,0,2,1,1,3,2,1,12,11,1,0,0,0,12,11,1,2016
219000,Raubueberfaelle in Wohnungen,3241001,Hannover,voll.,39,25,14,0,0,0,0,0,0,0,0,0,1,1,0,5,3,2,29,19,10,4,2,2,33,21,12,2016
219000,Raubueberfaelle in Wohnungen,8221000,Heidelberg,voll.,1,1,0,0,0,0,0,0,0,0,0,0,0,0,0,0,0,0,0,0,0,1,1,0,1,1,0,2016
219000,Raubueberfaelle in Wohnungen,8121000,Heilbronn,voll.,0,0,0,0,0,0,0,0,0,0,0,0,0,0,0,0,0,0,0,0,0,0,0,0,0,0,0,2016
219000,Raubueberfaelle in Wohnungen,5916000,Herne,voll.,5,2,3,0,0,0,0,0,0,0,0,0,0,0,0,1,1,0,1,1,0,3,0,3,4,1,3,2016
219000,Raubueberfaelle in Wohnungen,3254021,Hildesheim,voll.,6,5,1,0,0,0,0,0,0,0,0,0,1,1,0,1,1,0,3,3,0,1,0,1,4,3,1,2016
219000,Raubueberfaelle in Wohnungen,9161000,Ingolstadt,voll.,2,1,1,0,0,0,0,0,0,0,0,0,0,0,0,0,0,0,0,0,0,2,1,1,2,1,1,2016
219000,Raubueberfaelle in Wohnungen,16053000,Jena,voll.,5,5,0,0,0,0,0,0,0,0,0,0,1,1,0,1,1,0,3,3,0,0,0,0,3,3,0,2016
219000,Raubueberfaelle in Wohnungen,8212000,Karlsruhe,voll.,4,4,0,0,0,0,0,0,0,0,0,0,1,1,0,1,1,0,2,2,0,0,0,0,2,2,0,2016
219000,Raubueberfaelle in Wohnungen,6611000,Kassel,voll.,14,9,5,0,0,0,0,0,0,0,0,0,1,1,0,1,1,0,8,5,3,4,2,2,12,7,5,2016
219000,Raubueberfaelle in Wohnungen,1002000,Kiel,voll.,26,18,8,0,0,0,0,0,0,0,0,0,2,2,0,3,2,1,19,14,5,2,0,2,21,14,7,2016
219000,Raubueberfaelle in Wohnungen,7111000,Koblenz,voll.,6,4,2,0,0,0,0,0,0,0,0,0,0,0,0,0,0,0,5,4,1,1,0,1,6,4,2,2016
219000,Raubueberfaelle in Wohnungen,5315000,Koeln,voll.,55,31,24,0,0,0,0,0,0,0,0,0,1,1,0,1,0,1,45,27,18,8,3,5,53,30,23,2016
219000,Raubueberfaelle in Wohnungen,5114000,Krefeld,voll.,14,7,7,0,0,0,0,0,0,0,0,0,2,1,1,0,0,0,7,4,3,5,2,3,12,6,6,2016
219000,Raubueberfaelle in Wohnungen,14713000,Leipzig,voll.,47,39,8,0,0,0,0,0,0,0,0,0,1,0,1,6,5,1,38,32,6,2,2,0,40,34,6,2016
219000,Raubueberfaelle in Wohnungen,5316000,Leverkusen,voll.,7,3,4,0,0,0,0,0,0,0,0,0,0,0,0,0,0,0,6,3,3,1,0,1,7,3,4,2016
219000,Raubueberfaelle in Wohnungen,1003000,Luebeck,voll.,18,14,4,0,0,0,0,0,0,0,0,0,2,2,0,5,4,1,11,8,3,0,0,0,11,8,3,2016
219000,Raubueberfaelle in Wohnungen,7314000,Ludwigshafen am Rhein,voll.,7,6,1,0,0,0,0,0,0,0,0,0,0,0,0,0,0,0,7,6,1,0,0,0,7,6,1,2016
219000,Raubueberfaelle in Wohnungen,15003000,Magdeburg,voll.,11,8,3,0,0,0,0,0,0,0,0,0,0,0,0,0,0,0,10,8,2,1,0,1,11,8,3,2016
219000,Raubueberfaelle in Wohnungen,7315000,Mainz,voll.,4,2,2,0,0,0,0,0,0,0,0,0,0,0,0,2,1,1,1,0,1,1,1,0,2,1,1,2016
219000,Raubueberfaelle in Wohnungen,8222000,Mannheim,voll.,5,4,1,0,0,0,0,0,0,0,0,0,0,0,0,1,1,0,2,1,1,2,2,0,4,3,1,2016
219000,Raubueberfaelle in Wohnungen,5170024,Moers,voll.,4,4,0,0,0,0,0,0,0,0,0,0,1,1,0,0,0,0,3,3,0,0,0,0,3,3,0,2016
219000,Raubueberfaelle in Wohnungen,5116000,Moenchengladbach,voll.,23,15,8,0,0,0,0,0,0,0,0,0,1,1,0,4,4,0,13,8,5,5,2,3,18,10,8,2016
219000,Raubueberfaelle in Wohnungen,5117000,Muelheim an der Ruhr,voll.,13,8,5,0,0,0,0,0,0,0,0,0,1,0,1,2,2,0,6,4,2,4,2,2,10,6,4,2016
219000,Raubueberfaelle in Wohnungen,9162000,Muenchen,voll.,23,13,10,0,0,0,0,0,0,0,0,0,0,0,0,1,1,0,12,7,5,10,5,5,22,12,10,2016
219000,Raubueberfaelle in Wohnungen,5515000,Muenster,voll.,9,7,2,0,0,0,0,0,0,0,0,0,0,0,0,0,0,0,5,5,0,4,2,2,9,7,2,2016
219000,Raubueberfaelle in Wohnungen,5162024,Neuss,voll.,5,3,2,0,0,0,0,0,0,0,0,0,2,1,1,1,1,0,2,1,1,0,0,0,2,1,1,2016
219000,Raubueberfaelle in Wohnungen,9564000,Nuernberg,voll.,14,7,7,0,0,0,0,0,0,0,0,0,0,0,0,0,0,0,10,4,6,4,3,1,14,7,7,2016
219000,Raubueberfaelle in Wohnungen,5119000,Oberhausen,voll.,11,9,2,0,0,0,0,0,0,0,0,0,1,1,0,4,4,0,4,4,0,2,0,2,6,4,2,2016
219000,Raubueberfaelle in Wohnungen,6413000,Offenbach am Main,voll.,9,6,3,0,0,0,1,1,0,1,1,0,0,0,0,1,1,0,5,2,3,2,2,0,7,4,3,2016
219000,Raubueberfaelle in Wohnungen,3403000,Oldenburg (Oldenburg),voll.,4,3,1,0,0,0,0,0,0,0,0,0,0,0,0,1,0,1,2,2,0,1,1,0,3,3,0,2016
219000,Raubueberfaelle in Wohnungen,3404000,Osnabrueck,voll.,9,7,2,0,0,0,0,0,0,0,0,0,0,0,0,0,0,0,8,7,1,1,0,1,9,7,2,2016
219000,Raubueberfaelle in Wohnungen,5774032,Paderborn,voll.,0,0,0,0,0,0,0,0,0,0,0,0,0,0,0,0,0,0,0,0,0,0,0,0,0,0,0,2016
219000,Raubueberfaelle in Wohnungen,8231000,Pforzheim,voll.,0,0,0,0,0,0,0,0,0,0,0,0,0,0,0,0,0,0,0,0,0,0,0,0,0,0,0,2016
219000,Raubueberfaelle in Wohnungen,12054000,Potsdam,voll.,5,5,0,0,0,0,0,0,0,0,0,0,0,0,0,1,1,0,4,4,0,0,0,0,4,4,0,2016
219000,Raubueberfaelle in Wohnungen,5562032,Recklinghausen,voll.,7,7,0,0,0,0,0,0,0,0,0,0,0,0,0,2,2,0,3,3,0,2,2,0,5,5,0,2016
219000,Raubueberfaelle in Wohnungen,9362000,Regensburg,voll.,6,6,0,0,0,0,0,0,0,0,0,0,3,3,0,0,0,0,3,3,0,0,0,0,3,3,0,2016
219000,Raubueberfaelle in Wohnungen,5120000,Remscheid,voll.,7,5,2,0,0,0,0,0,0,0,0,0,3,3,0,0,0,0,3,2,1,1,0,1,4,2,2,2016
219000,Raubueberfaelle in Wohnungen,8415061,Reutlingen,voll.,1,1,0,0,0,0,0,0,0,0,0,0,0,0,0,0,0,0,1,1,0,0,0,0,1,1,0,2016
219000,Raubueberfaelle in Wohnungen,13003000,Rostock,voll.,15,13,2,0,0,0,0,0,0,0,0,0,0,0,0,2,2,0,12,10,2,1,1,0,13,11,2,2016
219000,Raubueberfaelle in Wohnungen,10041100,Saarbruecken,voll.,10,6,4,0,0,0,0,0,0,0,0,0,0,0,0,3,3,0,7,3,4,0,0,0,7,3,4,2016
219000,Raubueberfaelle in Wohnungen,3102000,Salzgitter,voll.,10,8,2,0,0,0,0,0,0,0,0,0,1,1,0,0,0,0,7,5,2,2,2,0,9,7,2,2016
219000,Raubueberfaelle in Wohnungen,13004000,Schwerin,voll.,5,5,0,0,0,0,0,0,0,0,0,0,0,0,0,0,0,0,4,4,0,1,1,0,5,5,0,2016
219000,Raubueberfaelle in Wohnungen,5970040,Siegen,voll.,1,0,1,0,0,0,0,0,0,0,0,0,0,0,0,0,0,0,1,0,1,0,0,0,1,0,1,2016
219000,Raubueberfaelle in Wohnungen,5122000,Solingen,voll.,9,5,4,0,0,0,0,0,0,0,0,0,1,1,0,1,1,0,3,2,1,4,1,3,7,3,4,2016
219000,Raubueberfaelle in Wohnungen,8111000,Stuttgart,voll.,17,12,5,0,0,0,0,0,0,0,0,0,1,1,0,0,0,0,14,9,5,2,2,0,16,11,5,2016
219000,Raubueberfaelle in Wohnungen,7211000,Trier,voll.,4,2,2,0,0,0,0,0,0,0,0,0,1,0,1,0,0,0,3,2,1,0,0,0,3,2,1,2016
219000,Raubueberfaelle in Wohnungen,8421000,Ulm,voll.,3,2,1,0,0,0,0,0,0,0,0,0,0,0,0,1,1,0,1,1,0,1,0,1,2,1,1,2016
219000,Raubueberfaelle in Wohnungen,6414000,Wiesbaden,voll.,6,5,1,0,0,0,0,0,0,0,0,0,1,1,0,0,0,0,4,3,1,1,1,0,5,4,1,2016
219000,Raubueberfaelle in Wohnungen,3103000,Wolfsburg,voll.,0,0,0,0,0,0,0,0,0,0,0,0,0,0,0,0,0,0,0,0,0,0,0,0,0,0,0,2016
219000,Raubueberfaelle in Wohnungen,5124000,Wuppertal,voll.,20,12,8,0,0,0,0,0,0,0,0,0,1,0,1,1,0,1,16,11,5,2,1,1,18,12,6,2016
219000,Raubueberfaelle in Wohnungen,9663000,Wuerzburg,voll.,1,1,0,0,0,0,0,0,0,0,0,0,0,0,0,0,0,0,1,1,0,0,0,0,1,1,0,2016
219000,Raubueberfaelle in Wohnungen,5334002,Aachen,vers.,4,3,1,0,0,0,0,0,0,0,0,0,1,1,0,0,0,0,3,2,1,0,0,0,3,2,1,2016
219000,Raubueberfaelle in Wohnungen,9761000,Augsburg,vers.,8,3,5,0,0,0,0,0,0,0,0,0,1,1,0,1,1,0,5,1,4,1,0,1,6,1,5,2016
219000,Raubueberfaelle in Wohnungen,5378004,Bergisch Gladbach,vers.,3,2,1,0,0,0,0,0,0,0,0,0,0,0,0,0,0,0,1,1,0,2,1,1,3,2,1,2016
219000,Raubueberfaelle in Wohnungen,11000000,Berlin,vers.,53,30,23,0,0,0,0,0,0,0,0,0,0,0,0,2,1,1,34,24,10,17,5,12,51,29,22,2016
219000,Raubueberfaelle in Wohnungen,5711000,Bielefeld,vers.,2,1,1,0,0,0,0,0,0,0,0,0,0,0,0,0,0,0,2,1,1,0,0,0,2,1,1,2016
219000,Raubueberfaelle in Wohnungen,5911000,Bochum,vers.,4,3,1,0,0,0,0,0,0,0,0,0,1,1,0,0,0,0,3,2,1,0,0,0,3,2,1,2016
219000,Raubueberfaelle in Wohnungen,5314000,Bonn,vers.,4,4,0,0,0,0,0,0,0,0,0,0,0,0,0,2,2,0,2,2,0,0,0,0,2,2,0,2016
219000,Raubueberfaelle in Wohnungen,5512000,Bottrop,vers.,1,0,1,0,0,0,0,0,0,0,0,0,0,0,0,1,0,1,0,0,0,0,0,0,0,0,0,2016
219000,Raubueberfaelle in Wohnungen,3101000,Braunschweig,vers.,2,0,2,0,0,0,0,0,0,0,0,0,0,0,0,0,0,0,1,0,1,1,0,1,2,0,2,2016
219000,Raubueberfaelle in Wohnungen,4011000,Bremen,vers.,11,6,5,0,0,0,0,0,0,0,0,0,1,1,0,2,1,1,6,3,3,2,1,1,8,4,4,2016
219000,Raubueberfaelle in Wohnungen,4012000,Bremerhaven,vers.,0,0,0,0,0,0,0,0,0,0,0,0,0,0,0,0,0,0,0,0,0,0,0,0,0,0,0,2016
219000,Raubueberfaelle in Wohnungen,14511000,Chemnitz,vers.,4,3,1,0,0,0,0,0,0,0,0,0,0,0,0,0,0,0,4,3,1,0,0,0,4,3,1,2016
219000,Raubueberfaelle in Wohnungen,6411000,Darmstadt,vers.,0,0,0,0,0,0,0,0,0,0,0,0,0,0,0,0,0,0,0,0,0,0,0,0,0,0,0,2016
219000,Raubueberfaelle in Wohnungen,5913000,Dortmund,vers.,6,4,2,0,0,0,0,0,0,0,0,0,0,0,0,1,1,0,2,1,1,3,2,1,5,3,2,2016
219000,Raubueberfaelle in Wohnungen,14612000,Dresden,vers.,6,6,0,0,0,0,0,0,0,0,0,0,0,0,0,1,1,0,5,5,0,0,0,0,5,5,0,2016
219000,Raubueberfaelle in Wohnungen,5112000,Duisburg,vers.,9,7,2,0,0,0,0,0,0,0,0,0,0,0,0,1,1,0,6,5,1,2,1,1,8,6,2,2016
219000,Raubueberfaelle in Wohnungen,5111000,Duesseldorf,vers.,7,3,4,0,0,0,0,0,0,0,0,0,0,0,0,2,2,0,3,1,2,2,0,2,5,1,4,2016
219000,Raubueberfaelle in Wohnungen,16051000,Erfurt,vers.,7,5,2,0,0,0,0,0,0,0,0,0,0,0,0,1,1,0,6,4,2,0,0,0,6,4,2,2016
219000,Raubueberfaelle in Wohnungen,9562000,Erlangen,vers.,0,0,0,0,0,0,0,0,0,0,0,0,0,0,0,0,0,0,0,0,0,0,0,0,0,0,0,2016
219000,Raubueberfaelle in Wohnungen,5113000,Essen,vers.,8,3,5,0,0,0,0,0,0,0,0,0,0,0,0,0,0,0,7,2,5,1,1,0,8,3,5,2016
219000,Raubueberfaelle in Wohnungen,6412000,Frankfurt am Main,vers.,12,7,5,0,0,0,0,0,0,0,0,0,1,0,1,1,0,1,8,5,3,2,2,0,10,7,3,2016
219000,Raubueberfaelle in Wohnungen,8311000,Freiburg im Breisgau,vers.,2,2,0,0,0,0,0,0,0,0,0,0,0,0,0,1,1,0,1,1,0,0,0,0,1,1,0,2016
219000,Raubueberfaelle in Wohnungen,9563000,Fuerth,vers.,1,1,0,0,0,0,0,0,0,0,0,0,0,0,0,0,0,0,1,1,0,0,0,0,1,1,0,2016
219000,Raubueberfaelle in Wohnungen,5513000,Gelsenkirchen,vers.,5,2,3,0,0,0,0,0,0,0,0,0,1,0,1,0,0,0,2,1,1,2,1,1,4,2,2,2016
219000,Raubueberfaelle in Wohnungen,3152012,Goettingen,vers.,1,0,1,0,0,0,0,0,0,0,0,0,0,0,0,0,0,0,1,0,1,0,0,0,1,0,1,2016
219000,Raubueberfaelle in Wohnungen,5914000,Hagen,vers.,2,1,1,0,0,0,0,0,0,0,0,0,0,0,0,0,0,0,1,1,0,1,0,1,2,1,1,2016
219000,Raubueberfaelle in Wohnungen,15002000,Halle (Saale),vers.,3,2,1,0,0,0,0,0,0,0,0,0,0,0,0,0,0,0,2,1,1,1,1,0,3,2,1,2016
219000,Raubueberfaelle in Wohnungen,2000000,Hamburg,vers.,20,12,8,0,0,0,0,0,0,0,0,0,0,0,0,3,1,2,15,9,6,2,2,0,17,11,6,2016
219000,Raubueberfaelle in Wohnungen,5915000,Hamm,vers.,0,0,0,0,0,0,0,0,0,0,0,0,0,0,0,0,0,0,0,0,0,0,0,0,0,0,0,2016
219000,Raubueberfaelle in Wohnungen,3241001,Hannover,vers.,5,1,4,0,0,0,0,0,0,0,0,0,0,0,0,0,0,0,5,1,4,0,0,0,5,1,4,2016
219000,Raubueberfaelle in Wohnungen,8221000,Heidelberg,vers.,1,1,0,0,0,0,0,0,0,0,0,0,0,0,0,0,0,0,1,1,0,0,0,0,1,1,0,2016
219000,Raubueberfaelle in Wohnungen,8121000,Heilbronn,vers.,0,0,0,0,0,0,0,0,0,0,0,0,0,0,0,0,0,0,0,0,0,0,0,0,0,0,0,2016
219000,Raubueberfaelle in Wohnungen,5916000,Herne,vers.,2,2,0,0,0,0,0,0,0,0,0,0,0,0,0,1,1,0,1,1,0,0,0,0,1,1,0,2016
219000,Raubueberfaelle in Wohnungen,3254021,Hildesheim,vers.,0,0,0,0,0,0,0,0,0,0,0,0,0,0,0,0,0,0,0,0,0,0,0,0,0,0,0,2016
219000,Raubueberfaelle in Wohnungen,9161000,Ingolstadt,vers.,0,0,0,0,0,0,0,0,0,0,0,0,0,0,0,0,0,0,0,0,0,0,0,0,0,0,0,2016
219000,Raubueberfaelle in Wohnungen,16053000,Jena,vers.,1,1,0,0,0,0,0,0,0,0,0,0,0,0,0,0,0,0,1,1,0,0,0,0,1,1,0,2016
219000,Raubueberfaelle in Wohnungen,8212000,Karlsruhe,vers.,1,0,1,0,0,0,0,0,0,0,0,0,0,0,0,0,0,0,1,0,1,0,0,0,1,0,1,2016
219000,Raubueberfaelle in Wohnungen,6611000,Kassel,vers.,2,1,1,0,0,0,0,0,0,0,0,0,0,0,0,0,0,0,1,1,0,1,0,1,2,1,1,2016
219000,Raubueberfaelle in Wohnungen,1002000,Kiel,vers.,5,1,4,0,0,0,0,0,0,0,0,0,0,0,0,0,0,0,4,1,3,1,0,1,5,1,4,2016
219000,Raubueberfaelle in Wohnungen,7111000,Koblenz,vers.,1,0,1,0,0,0,0,0,0,0,0,0,0,0,0,1,0,1,0,0,0,0,0,0,0,0,0,2016
219000,Raubueberfaelle in Wohnungen,5315000,Koeln,vers.,15,8,7,0,0,0,0,0,0,0,0,0,0,0,0,1,0,1,9,7,2,5,1,4,14,8,6,2016
219000,Raubueberfaelle in Wohnungen,5114000,Krefeld,vers.,7,3,4,0,0,0,0,0,0,0,0,0,0,0,0,0,0,0,4,1,3,3,2,1,7,3,4,2016
219000,Raubueberfaelle in Wohnungen,14713000,Leipzig,vers.,4,2,2,0,0,0,0,0,0,0,0,0,0,0,0,0,0,0,4,2,2,0,0,0,4,2,2,2016
219000,Raubueberfaelle in Wohnungen,5316000,Leverkusen,vers.,1,0,1,0,0,0,0,0,0,0,0,0,0,0,0,0,0,0,1,0,1,0,0,0,1,0,1,2016
219000,Raubueberfaelle in Wohnungen,1003000,Luebeck,vers.,2,2,0,0,0,0,0,0,0,0,0,0,1,1,0,0,0,0,1,1,0,0,0,0,1,1,0,2016
219000,Raubueberfaelle in Wohnungen,7314000,Ludwigshafen am Rhein,vers.,2,2,0,0,0,0,0,0,0,0,0,0,2,2,0,0,0,0,0,0,0,0,0,0,0,0,0,2016
219000,Raubueberfaelle in Wohnungen,15003000,Magdeburg,vers.,1,1,0,0,0,0,0,0,0,0,0,0,0,0,0,0,0,0,1,1,0,0,0,0,1,1,0,2016
219000,Raubueberfaelle in Wohnungen,7315000,Mainz,vers.,1,1,0,0,0,0,0,0,0,0,0,0,0,0,0,0,0,0,1,1,0,0,0,0,1,1,0,2016
219000,Raubueberfaelle in Wohnungen,8222000,Mannheim,vers.,1,1,0,0,0,0,0,0,0,0,0,0,0,0,0,0,0,0,1,1,0,0,0,0,1,1,0,2016
219000,Raubueberfaelle in Wohnungen,5170024,Moers,vers.,6,4,2,0,0,0,0,0,0,0,0,0,0,0,0,0,0,0,5,4,1,1,0,1,6,4,2,2016
219000,Raubueberfaelle in Wohnungen,5116000,Moenchengladbach,vers.,4,2,2,0,0,0,0,0,0,0,0,0,0,0,0,0,0,0,2,1,1,2,1,1,4,2,2,2016
219000,Raubueberfaelle in Wohnungen,5117000,Muelheim an der Ruhr,vers.,2,1,1,0,0,0,0,0,0,0,0,0,0,0,0,0,0,0,1,1,0,1,0,1,2,1,1,2016
219000,Raubueberfaelle in Wohnungen,9162000,Muenchen,vers.,8,2,6,0,0,0,0,0,0,0,0,0,0,0,0,0,0,0,5,2,3,3,0,3,8,2,6,2016
219000,Raubueberfaelle in Wohnungen,5515000,Muenster,vers.,0,0,0,0,0,0,0,0,0,0,0,0,0,0,0,0,0,0,0,0,0,0,0,0,0,0,0,2016
219000,Raubueberfaelle in Wohnungen,5162024,Neuss,vers.,2,0,2,0,0,0,0,0,0,0,0,0,0,0,0,0,0,0,1,0,1,1,0,1,2,0,2,2016
219000,Raubueberfaelle in Wohnungen,9564000,Nuernberg,vers.,1,1,0,0,0,0,0,0,0,0,0,0,0,0,0,0,0,0,1,1,0,0,0,0,1,1,0,2016
219000,Raubueberfaelle in Wohnungen,5119000,Oberhausen,vers.,3,2,1,0,0,0,0,0,0,0,0,0,1,1,0,0,0,0,1,0,1,1,1,0,2,1,1,2016
219000,Raubueberfaelle in Wohnungen,6413000,Offenbach am Main,vers.,2,2,0,0,0,0,0,0,0,0,0,0,0,0,0,0,0,0,1,1,0,1,1,0,2,2,0,2016
219000,Raubueberfaelle in Wohnungen,3403000,Oldenburg (Oldenburg),vers.,3,3,0,0,0,0,0,0,0,0,0,0,0,0,0,0,0,0,3,3,0,0,0,0,3,3,0,2016
219000,Raubueberfaelle in Wohnungen,3404000,Osnabrueck,vers.,0,0,0,0,0,0,0,0,0,0,0,0,0,0,0,0,0,0,0,0,0,0,0,0,0,0,0,2016
219000,Raubueberfaelle in Wohnungen,5774032,Paderborn,vers.,2,0,2,0,0,0,0,0,0,0,0,0,0,0,0,0,0,0,2,0,2,0,0,0,2,0,2,2016
219000,Raubueberfaelle in Wohnungen,8231000,Pforzheim,vers.,2,1,1,0,0,0,0,0,0,0,0,0,0,0,0,0,0,0,2,1,1,0,0,0,2,1,1,2016
219000,Raubueberfaelle in Wohnungen,12054000,Potsdam,vers.,0,0,0,0,0,0,0,0,0,0,0,0,0,0,0,0,0,0,0,0,0,0,0,0,0,0,0,2016
219000,Raubueberfaelle in Wohnungen,5562032,Recklinghausen,vers.,1,1,0,0,0,0,0,0,0,0,0,0,0,0,0,0,0,0,0,0,0,1,1,0,1,1,0,2016
219000,Raubueberfaelle in Wohnungen,9362000,Regensburg,vers.,3,1,2,0,0,0,0,0,0,0,0,0,0,0,0,0,0,0,2,0,2,1,1,0,3,1,2,2016
219000,Raubueberfaelle in Wohnungen,5120000,Remscheid,vers.,2,1,1,0,0,0,0,0,0,0,0,0,0,0,0,0,0,0,0,0,0,2,1,1,2,1,1,2016
219000,Raubueberfaelle in Wohnungen,8415061,Reutlingen,vers.,0,0,0,0,0,0,0,0,0,0,0,0,0,0,0,0,0,0,0,0,0,0,0,0,0,0,0,2016
219000,Raubueberfaelle in Wohnungen,13003000,Rostock,vers.,2,1,1,0,0,0,0,0,0,0,0,0,0,0,0,1,1,0,1,0,1,0,0,0,1,0,1,2016
219000,Raubueberfaelle in Wohnungen,10041100,Saarbruecken,vers.,6,0,6,0,0,0,0,0,0,0,0,0,1,0,1,2,0,2,2,0,2,1,0,1,3,0,3,2016
219000,Raubueberfaelle in Wohnungen,3102000,Salzgitter,vers.,0,0,0,0,0,0,0,0,0,0,0,0,0,0,0,0,0,0,0,0,0,0,0,0,0,0,0,2016
219000,Raubueberfaelle in Wohnungen,13004000,Schwerin,vers.,0,0,0,0,0,0,0,0,0,0,0,0,0,0,0,0,0,0,0,0,0,0,0,0,0,0,0,2016
219000,Raubueberfaelle in Wohnungen,5970040,Siegen,vers.,2,2,0,0,0,0,0,0,0,0,0,0,0,0,0,1,1,0,1,1,0,0,0,0,1,1,0,2016
219000,Raubueberfaelle in Wohnungen,5122000,Solingen,vers.,1,0,1,0,0,0,0,0,0,0,0,0,0,0,0,0,0,0,1,0,1,0,0,0,1,0,1,2016
219000,Raubueberfaelle in Wohnungen,8111000,Stuttgart,vers.,10,7,3,0,0,0,0,0,0,0,0,0,0,0,0,0,0,0,10,7,3,0,0,0,10,7,3,2016
219000,Raubueberfaelle in Wohnungen,7211000,Trier,vers.,1,1,0,0,0,0,0,0,0,0,0,0,0,0,0,0,0,0,1,1,0,0,0,0,1,1,0,2016
219000,Raubueberfaelle in Wohnungen,8421000,Ulm,vers.,0,0,0,0,0,0,0,0,0,0,0,0,0,0,0,0,0,0,0,0,0,0,0,0,0,0,0,2016
219000,Raubueberfaelle in Wohnungen,6414000,Wiesbaden,vers.,2,2,0,0,0,0,0,0,0,0,0,0,0,0,0,0,0,0,1,1,0,1,1,0,2,2,0,2016
219000,Raubueberfaelle in Wohnungen,3103000,Wolfsburg,vers.,5,2,3,0,0,0,0,0,0,0,0,0,0,0,0,0,0,0,3,1,2,2,1,1,5,2,3,2016
219000,Raubueberfaelle in Wohnungen,5124000,Wuppertal,vers.,1,0,1,0,0,0,0,0,0,0,0,0,0,0,0,0,0,0,0,0,0,1,0,1,1,0,1,2016
219000,Raubueberfaelle in Wohnungen,9663000,Wuerzburg,vers.,0,0,0,0,0,0,0,0,0,0,0,0,0,0,0,0,0,0,0,0,0,0,0,0,0,0,0,2016
219000,Raubueberfaelle in Wohnungen,5334002,Aachen,insg.,26,20,6,0,0,0,0,0,0,0,0,0,2,2,0,1,1,0,12,8,4,11,9,2,23,17,6,2016
219000,Raubueberfaelle in Wohnungen,9761000,Augsburg,insg.,15,9,6,0,0,0,0,0,0,0,0,0,1,1,0,1,1,0,12,7,5,1,0,1,13,7,6,2016
219000,Raubueberfaelle in Wohnungen,5378004,Bergisch Gladbach,insg.,9,4,5,0,0,0,1,0,1,1,0,1,0,0,0,1,0,1,4,3,1,3,1,2,7,4,3,2016
219000,Raubueberfaelle in Wohnungen,11000000,Berlin,insg.,288,177,111,1,0,1,4,1,3,5,1,4,11,8,3,25,17,8,179,123,56,68,28,40,247,151,96,2016
219000,Raubueberfaelle in Wohnungen,5711000,Bielefeld,insg.,12,9,3,0,0,0,0,0,0,0,0,0,4,4,0,1,1,0,6,4,2,1,0,1,7,4,3,2016
219000,Raubueberfaelle in Wohnungen,5911000,Bochum,insg.,29,16,13,0,0,0,0,0,0,0,0,0,2,2,0,2,2,0,19,11,8,6,1,5,25,12,13,2016
219000,Raubueberfaelle in Wohnungen,5314000,Bonn,insg.,27,17,10,0,0,0,1,1,0,1,1,0,0,0,0,3,3,0,19,12,7,4,1,3,23,13,10,2016
219000,Raubueberfaelle in Wohnungen,5512000,Bottrop,insg.,6,3,3,0,0,0,0,0,0,0,0,0,0,0,0,1,0,1,2,2,0,3,1,2,5,3,2,2016
219000,Raubueberfaelle in Wohnungen,3101000,Braunschweig,insg.,12,8,4,0,0,0,1,1,0,1,1,0,1,1,0,1,1,0,8,5,3,1,0,1,9,5,4,2016
219000,Raubueberfaelle in Wohnungen,4011000,Bremen,insg.,48,28,20,0,0,0,0,0,0,0,0,0,5,4,1,9,5,4,22,12,10,12,7,5,34,19,15,2016
219000,Raubueberfaelle in Wohnungen,4012000,Bremerhaven,insg.,8,4,4,0,0,0,0,0,0,0,0,0,0,0,0,0,0,0,5,3,2,3,1,2,8,4,4,2016
219000,Raubueberfaelle in Wohnungen,14511000,Chemnitz,insg.,20,14,6,0,0,0,0,0,0,0,0,0,1,0,1,1,1,0,16,13,3,2,0,2,18,13,5,2016
219000,Raubueberfaelle in Wohnungen,6411000,Darmstadt,insg.,3,2,1,0,0,0,0,0,0,0,0,0,0,0,0,0,0,0,2,1,1,1,1,0,3,2,1,2016
219000,Raubueberfaelle in Wohnungen,5913000,Dortmund,insg.,73,42,31,0,0,0,0,0,0,0,0,0,5,3,2,6,4,2,48,30,18,14,5,9,62,35,27,2016
219000,Raubueberfaelle in Wohnungen,14612000,Dresden,insg.,46,36,10,0,0,0,0,0,0,0,0,0,1,0,1,7,3,4,36,32,4,2,1,1,38,33,5,2016
219000,Raubueberfaelle in Wohnungen,5112000,Duisburg,insg.,41,31,10,0,0,0,0,0,0,0,0,0,2,1,1,2,2,0,32,24,8,5,4,1,37,28,9,2016
219000,Raubueberfaelle in Wohnungen,5111000,Duesseldorf,insg.,60,28,32,0,0,0,0,0,0,0,0,0,1,1,0,9,9,0,22,13,9,28,5,23,50,18,32,2016
219000,Raubueberfaelle in Wohnungen,16051000,Erfurt,insg.,21,18,3,0,0,0,1,1,0,1,1,0,0,0,0,5,5,0,15,12,3,0,0,0,15,12,3,2016
219000,Raubueberfaelle in Wohnungen,9562000,Erlangen,insg.,0,0,0,0,0,0,0,0,0,0,0,0,0,0,0,0,0,0,0,0,0,0,0,0,0,0,0,2016
219000,Raubueberfaelle in Wohnungen,5113000,Essen,insg.,52,33,19,0,0,0,0,0,0,0,0,0,2,1,1,3,3,0,36,24,12,11,5,6,47,29,18,2016
219000,Raubueberfaelle in Wohnungen,6412000,Frankfurt am Main,insg.,46,24,22,0,0,0,0,0,0,0,0,0,5,2,3,5,2,3,23,15,8,13,5,8,36,20,16,2016
219000,Raubueberfaelle in Wohnungen,8311000,Freiburg im Breisgau,insg.,10,6,4,0,0,0,0,0,0,0,0,0,0,0,0,2,2,0,8,4,4,0,0,0,8,4,4,2016
219000,Raubueberfaelle in Wohnungen,9563000,Fuerth,insg.,5,5,0,0,0,0,0,0,0,0,0,0,0,0,0,0,0,0,5,5,0,0,0,0,5,5,0,2016
219000,Raubueberfaelle in Wohnungen,5513000,Gelsenkirchen,insg.,22,12,10,0,0,0,0,0,0,0,0,0,1,0,1,0,0,0,16,11,5,5,1,4,21,12,9,2016
219000,Raubueberfaelle in Wohnungen,3152012,Goettingen,insg.,13,10,3,0,0,0,0,0,0,0,0,0,0,0,0,2,2,0,10,7,3,1,1,0,11,8,3,2016
219000,Raubueberfaelle in Wohnungen,5914000,Hagen,insg.,6,5,1,0,0,0,0,0,0,0,0,0,0,0,0,1,1,0,3,3,0,2,1,1,5,4,1,2016
219000,Raubueberfaelle in Wohnungen,15002000,Halle (Saale),insg.,12,9,3,0,0,0,0,0,0,0,0,0,0,0,0,1,1,0,7,5,2,4,3,1,11,8,3,2016
219000,Raubueberfaelle in Wohnungen,2000000,Hamburg,insg.,103,65,38,0,0,0,1,1,0,1,1,0,5,3,2,6,4,2,73,47,26,18,10,8,91,57,34,2016
219000,Raubueberfaelle in Wohnungen,5915000,Hamm,insg.,17,14,3,0,0,0,0,0,0,0,0,0,2,1,1,3,2,1,12,11,1,0,0,0,12,11,1,2016
219000,Raubueberfaelle in Wohnungen,3241001,Hannover,insg.,44,26,18,0,0,0,0,0,0,0,0,0,1,1,0,5,3,2,34,20,14,4,2,2,38,22,16,2016
219000,Raubueberfaelle in Wohnungen,8221000,Heidelberg,insg.,2,2,0,0,0,0,0,0,0,0,0,0,0,0,0,0,0,0,1,1,0,1,1,0,2,2,0,2016
219000,Raubueberfaelle in Wohnungen,8121000,Heilbronn,insg.,0,0,0,0,0,0,0,0,0,0,0,0,0,0,0,0,0,0,0,0,0,0,0,0,0,0,0,2016
219000,Raubueberfaelle in Wohnungen,5916000,Herne,insg.,7,4,3,0,0,0,0,0,0,0,0,0,0,0,0,2,2,0,2,2,0,3,0,3,5,2,3,2016
219000,Raubueberfaelle in Wohnungen,3254021,Hildesheim,insg.,6,5,1,0,0,0,0,0,0,0,0,0,1,1,0,1,1,0,3,3,0,1,0,1,4,3,1,2016
219000,Raubueberfaelle in Wohnungen,9161000,Ingolstadt,insg.,2,1,1,0,0,0,0,0,0,0,0,0,0,0,0,0,0,0,0,0,0,2,1,1,2,1,1,2016
219000,Raubueberfaelle in Wohnungen,16053000,Jena,insg.,6,6,0,0,0,0,0,0,0,0,0,0,1,1,0,1,1,0,4,4,0,0,0,0,4,4,0,2016
219000,Raubueberfaelle in Wohnungen,8212000,Karlsruhe,insg.,5,4,1,0,0,0,0,0,0,0,0,0,1,1,0,1,1,0,3,2,1,0,0,0,3,2,1,2016
219000,Raubueberfaelle in Wohnungen,6611000,Kassel,insg.,16,10,6,0,0,0,0,0,0,0,0,0,1,1,0,1,1,0,9,6,3,5,2,3,14,8,6,2016
219000,Raubueberfaelle in Wohnungen,1002000,Kiel,insg.,31,19,12,0,0,0,0,0,0,0,0,0,2,2,0,3,2,1,23,15,8,3,0,3,26,15,11,2016
219000,Raubueberfaelle in Wohnungen,7111000,Koblenz,insg.,7,4,3,0,0,0,0,0,0,0,0,0,0,0,0,1,0,1,5,4,1,1,0,1,6,4,2,2016
219000,Raubueberfaelle in Wohnungen,5315000,Koeln,insg.,70,39,31,0,0,0,0,0,0,0,0,0,1,1,0,2,0,2,54,34,20,13,4,9,67,38,29,2016
219000,Raubueberfaelle in Wohnungen,5114000,Krefeld,insg.,21,10,11,0,0,0,0,0,0,0,0,0,2,1,1,0,0,0,11,5,6,8,4,4,19,9,10,2016
219000,Raubueberfaelle in Wohnungen,14713000,Leipzig,insg.,51,41,10,0,0,0,0,0,0,0,0,0,1,0,1,6,5,1,42,34,8,2,2,0,44,36,8,2016
219000,Raubueberfaelle in Wohnungen,5316000,Leverkusen,insg.,8,3,5,0,0,0,0,0,0,0,0,0,0,0,0,0,0,0,7,3,4,1,0,1,8,3,5,2016
219000,Raubueberfaelle in Wohnungen,1003000,Luebeck,insg.,20,16,4,0,0,0,0,0,0,0,0,0,3,3,0,5,4,1,12,9,3,0,0,0,12,9,3,2016
219000,Raubueberfaelle in Wohnungen,7314000,Ludwigshafen am Rhein,insg.,9,8,1,0,0,0,0,0,0,0,0,0,2,2,0,0,0,0,7,6,1,0,0,0,7,6,1,2016
219000,Raubueberfaelle in Wohnungen,15003000,Magdeburg,insg.,12,9,3,0,0,0,0,0,0,0,0,0,0,0,0,0,0,0,11,9,2,1,0,1,12,9,3,2016
219000,Raubueberfaelle in Wohnungen,7315000,Mainz,insg.,5,3,2,0,0,0,0,0,0,0,0,0,0,0,0,2,1,1,2,1,1,1,1,0,3,2,1,2016
219000,Raubueberfaelle in Wohnungen,8222000,Mannheim,insg.,6,5,1,0,0,0,0,0,0,0,0,0,0,0,0,1,1,0,3,2,1,2,2,0,5,4,1,2016
219000,Raubueberfaelle in Wohnungen,5170024,Moers,insg.,10,8,2,0,0,0,0,0,0,0,0,0,1,1,0,0,0,0,8,7,1,1,0,1,9,7,2,2016
219000,Raubueberfaelle in Wohnungen,5116000,Moenchengladbach,insg.,27,17,10,0,0,0,0,0,0,0,0,0,1,1,0,4,4,0,15,9,6,7,3,4,22,12,10,2016
219000,Raubueberfaelle in Wohnungen,5117000,Muelheim an der Ruhr,insg.,15,9,6,0,0,0,0,0,0,0,0,0,1,0,1,2,2,0,7,5,2,5,2,3,12,7,5,2016
219000,Raubueberfaelle in Wohnungen,9162000,Muenchen,insg.,31,15,16,0,0,0,0,0,0,0,0,0,0,0,0,1,1,0,17,9,8,13,5,8,30,14,16,2016
219000,Raubueberfaelle in Wohnungen,5515000,Muenster,insg.,9,7,2,0,0,0,0,0,0,0,0,0,0,0,0,0,0,0,5,5,0,4,2,2,9,7,2,2016
219000,Raubueberfaelle in Wohnungen,5162024,Neuss,insg.,7,3,4,0,0,0,0,0,0,0,0,0,2,1,1,1,1,0,3,1,2,1,0,1,4,1,3,2016
219000,Raubueberfaelle in Wohnungen,9564000,Nuernberg,insg.,15,8,7,0,0,0,0,0,0,0,0,0,0,0,0,0,0,0,11,5,6,4,3,1,15,8,7,2016
219000,Raubueberfaelle in Wohnungen,5119000,Oberhausen,insg.,14,11,3,0,0,0,0,0,0,0,0,0,2,2,0,4,4,0,5,4,1,3,1,2,8,5,3,2016
219000,Raubueberfaelle in Wohnungen,6413000,Offenbach am Main,insg.,11,8,3,0,0,0,1,1,0,1,1,0,0,0,0,1,1,0,6,3,3,3,3,0,9,6,3,2016
219000,Raubueberfaelle in Wohnungen,3403000,Oldenburg (Oldenburg),insg.,7,6,1,0,0,0,0,0,0,0,0,0,0,0,0,1,0,1,5,5,0,1,1,0,6,6,0,2016
219000,Raubueberfaelle in Wohnungen,3404000,Osnabrueck,insg.,9,7,2,0,0,0,0,0,0,0,0,0,0,0,0,0,0,0,8,7,1,1,0,1,9,7,2,2016
219000,Raubueberfaelle in Wohnungen,5774032,Paderborn,insg.,2,0,2,0,0,0,0,0,0,0,0,0,0,0,0,0,0,0,2,0,2,0,0,0,2,0,2,2016
219000,Raubueberfaelle in Wohnungen,8231000,Pforzheim,insg.,2,1,1,0,0,0,0,0,0,0,0,0,0,0,0,0,0,0,2,1,1,0,0,0,2,1,1,2016
219000,Raubueberfaelle in Wohnungen,12054000,Potsdam,insg.,5,5,0,0,0,0,0,0,0,0,0,0,0,0,0,1,1,0,4,4,0,0,0,0,4,4,0,2016
219000,Raubueberfaelle in Wohnungen,5562032,Recklinghausen,insg.,8,8,0,0,0,0,0,0,0,0,0,0,0,0,0,2,2,0,3,3,0,3,3,0,6,6,0,2016
219000,Raubueberfaelle in Wohnungen,9362000,Regensburg,insg.,9,7,2,0,0,0,0,0,0,0,0,0,3,3,0,0,0,0,5,3,2,1,1,0,6,4,2,2016
219000,Raubueberfaelle in Wohnungen,5120000,Remscheid,insg.,9,6,3,0,0,0,0,0,0,0,0,0,3,3,0,0,0,0,3,2,1,3,1,2,6,3,3,2016
219000,Raubueberfaelle in Wohnungen,8415061,Reutlingen,insg.,1,1,0,0,0,0,0,0,0,0,0,0,0,0,0,0,0,0,1,1,0,0,0,0,1,1,0,2016
219000,Raubueberfaelle in Wohnungen,13003000,Rostock,insg.,17,14,3,0,0,0,0,0,0,0,0,0,0,0,0,3,3,0,13,10,3,1,1,0,14,11,3,2016
219000,Raubueberfaelle in Wohnungen,10041100,Saarbruecken,insg.,16,6,10,0,0,0,0,0,0,0,0,0,1,0,1,5,3,2,9,3,6,1,0,1,10,3,7,2016
219000,Raubueberfaelle in Wohnungen,3102000,Salzgitter,insg.,10,8,2,0,0,0,0,0,0,0,0,0,1,1,0,0,0,0,7,5,2,2,2,0,9,7,2,2016
219000,Raubueberfaelle in Wohnungen,13004000,Schwerin,insg.,5,5,0,0,0,0,0,0,0,0,0,0,0,0,0,0,0,0,4,4,0,1,1,0,5,5,0,2016
219000,Raubueberfaelle in Wohnungen,5970040,Siegen,insg.,3,2,1,0,0,0,0,0,0,0,0,0,0,0,0,1,1,0,2,1,1,0,0,0,2,1,1,2016
219000,Raubueberfaelle in Wohnungen,5122000,Solingen,insg.,10,5,5,0,0,0,0,0,0,0,0,0,1,1,0,1,1,0,4,2,2,4,1,3,8,3,5,2016
219000,Raubueberfaelle in Wohnungen,8111000,Stuttgart,insg.,27,19,8,0,0,0,0,0,0,0,0,0,1,1,0,0,0,0,24,16,8,2,2,0,26,18,8,2016
219000,Raubueberfaelle in Wohnungen,7211000,Trier,insg.,5,3,2,0,0,0,0,0,0,0,0,0,1,0,1,0,0,0,4,3,1,0,0,0,4,3,1,2016
219000,Raubueberfaelle in Wohnungen,8421000,Ulm,insg.,3,2,1,0,0,0,0,0,0,0,0,0,0,0,0,1,1,0,1,1,0,1,0,1,2,1,1,2016
219000,Raubueberfaelle in Wohnungen,6414000,Wiesbaden,insg.,8,7,1,0,0,0,0,0,0,0,0,0,1,1,0,0,0,0,5,4,1,2,2,0,7,6,1,2016
219000,Raubueberfaelle in Wohnungen,3103000,Wolfsburg,insg.,5,2,3,0,0,0,0,0,0,0,0,0,0,0,0,0,0,0,3,1,2,2,1,1,5,2,3,2016
219000,Raubueberfaelle in Wohnungen,5124000,Wuppertal,insg.,21,12,9,0,0,0,0,0,0,0,0,0,1,0,1,1,0,1,16,11,5,3,1,2,19,12,7,2016
219000,Raubueberfaelle in Wohnungen,9663000,Wuerzburg,insg.,1,1,0,0,0,0,0,0,0,0,0,0,0,0,0,0,0,0,1,1,0,0,0,0,1,1,0,2016
222000,"Gefaehrliche und schwere Koerperverletzung, Verstuemmelung weiblicher Genitalien    224, 226, 226a, 231 StGB",5334002,Aachen,voll.,704,531,173,1,1,0,25,12,13,26,13,13,52,44,8,77,61,16,518,389,129,31,24,7,549,413,136,2016
222000,"Gefaehrliche und schwere Koerperverletzung, Verstuemmelung weiblicher Genitalien    224, 226, 226a, 231 StGB",9761000,Augsburg,voll.,713,540,173,2,0,2,39,27,12,41,27,14,63,43,20,92,71,21,498,388,110,19,11,8,517,399,118,2016
222000,"Gefaehrliche und schwere Koerperverletzung, Verstuemmelung weiblicher Genitalien    224, 226, 226a, 231 StGB",5378004,Bergisch Gladbach,voll.,160,120,40,0,0,0,9,7,2,9,7,2,18,13,5,20,16,4,107,80,27,6,4,2,113,84,29,2016
222000,"Gefaehrliche und schwere Koerperverletzung, Verstuemmelung weiblicher Genitalien    224, 226, 226a, 231 StGB",11000000,Berlin,voll.,10509,7997,2512,37,20,17,507,335,172,544,355,189,967,681,286,953,747,206,7660,5965,1695,385,249,136,8045,6214,1831,2016
222000,"Gefaehrliche und schwere Koerperverletzung, Verstuemmelung weiblicher Genitalien    224, 226, 226a, 231 StGB",5711000,Bielefeld,voll.,644,473,171,2,2,0,30,22,8,32,24,8,65,45,20,73,56,17,456,337,119,18,11,7,474,348,126,2016
222000,"Gefaehrliche und schwere Koerperverletzung, Verstuemmelung weiblicher Genitalien    224, 226, 226a, 231 StGB",5911000,Bochum,voll.,1036,749,287,4,3,1,50,35,15,54,38,16,108,81,27,137,97,40,705,510,195,32,23,9,737,533,204,2016
222000,"Gefaehrliche und schwere Koerperverletzung, Verstuemmelung weiblicher Genitalien    224, 226, 226a, 231 StGB",5314000,Bonn,voll.,829,598,231,2,2,0,38,29,9,40,31,9,73,42,31,102,78,24,585,431,154,29,16,13,614,447,167,2016
222000,"Gefaehrliche und schwere Koerperverletzung, Verstuemmelung weiblicher Genitalien    224, 226, 226a, 231 StGB",5512000,Bottrop,voll.,230,167,63,1,1,0,9,4,5,10,5,5,28,22,6,32,24,8,151,110,41,9,6,3,160,116,44,2016
222000,"Gefaehrliche und schwere Koerperverletzung, Verstuemmelung weiblicher Genitalien    224, 226, 226a, 231 StGB",3101000,Braunschweig,voll.,765,604,161,3,2,1,21,15,6,24,17,7,64,46,18,92,70,22,568,458,110,17,13,4,585,471,114,2016
222000,"Gefaehrliche und schwere Koerperverletzung, Verstuemmelung weiblicher Genitalien    224, 226, 226a, 231 StGB",4011000,Bremen,voll.,2056,1569,487,7,5,2,42,26,16,49,31,18,242,201,41,290,214,76,1425,1090,335,50,33,17,1475,1123,352,2016
222000,"Gefaehrliche und schwere Koerperverletzung, Verstuemmelung weiblicher Genitalien    224, 226, 226a, 231 StGB",4012000,Bremerhaven,voll.,484,362,122,0,0,0,11,7,4,11,7,4,43,27,16,49,38,11,362,272,90,19,18,1,381,290,91,2016
222000,"Gefaehrliche und schwere Koerperverletzung, Verstuemmelung weiblicher Genitalien    224, 226, 226a, 231 StGB",14511000,Chemnitz,voll.,488,382,106,1,0,1,26,11,15,27,11,16,65,51,14,56,47,9,329,269,60,11,4,7,340,273,67,2016
222000,"Gefaehrliche und schwere Koerperverletzung, Verstuemmelung weiblicher Genitalien    224, 226, 226a, 231 StGB",6411000,Darmstadt,voll.,334,270,64,1,1,0,9,5,4,10,6,4,36,28,8,36,27,9,238,196,42,14,13,1,252,209,43,2016
222000,"Gefaehrliche und schwere Koerperverletzung, Verstuemmelung weiblicher Genitalien    224, 226, 226a, 231 StGB",5913000,Dortmund,voll.,2289,1675,614,6,2,4,92,60,32,98,62,36,197,130,67,243,176,67,1700,1273,427,51,34,17,1751,1307,444,2016
222000,"Gefaehrliche und schwere Koerperverletzung, Verstuemmelung weiblicher Genitalien    224, 226, 226a, 231 StGB",14612000,Dresden,voll.,1137,910,227,10,6,4,29,17,12,39,23,16,74,48,26,131,107,24,857,708,149,36,24,12,893,732,161,2016
222000,"Gefaehrliche und schwere Koerperverletzung, Verstuemmelung weiblicher Genitalien    224, 226, 226a, 231 StGB",5112000,Duisburg,voll.,1379,910,469,7,5,2,95,67,28,102,72,30,142,97,45,130,90,40,955,627,328,50,24,26,1005,651,354,2016
222000,"Gefaehrliche und schwere Koerperverletzung, Verstuemmelung weiblicher Genitalien    224, 226, 226a, 231 StGB",5111000,Duesseldorf,voll.,1664,1272,392,3,2,1,66,40,26,69,42,27,128,89,39,203,162,41,1201,932,269,63,47,16,1264,979,285,2016
222000,"Gefaehrliche und schwere Koerperverletzung, Verstuemmelung weiblicher Genitalien    224, 226, 226a, 231 StGB",16051000,Erfurt,voll.,551,434,117,0,0,0,28,17,11,28,17,11,43,30,13,65,55,10,401,326,75,14,6,8,415,332,83,2016
222000,"Gefaehrliche und schwere Koerperverletzung, Verstuemmelung weiblicher Genitalien    224, 226, 226a, 231 StGB",9562000,Erlangen,voll.,155,125,30,0,0,0,3,3,0,3,3,0,14,12,2,25,19,6,112,91,21,1,0,1,113,91,22,2016
222000,"Gefaehrliche und schwere Koerperverletzung, Verstuemmelung weiblicher Genitalien    224, 226, 226a, 231 StGB",5113000,Essen,voll.,1175,791,384,5,3,2,62,36,26,67,39,28,131,86,45,128,95,33,806,540,266,43,31,12,849,571,278,2016
222000,"Gefaehrliche und schwere Koerperverletzung, Verstuemmelung weiblicher Genitalien    224, 226, 226a, 231 StGB",6412000,Frankfurt am Main,voll.,2454,1847,607,11,4,7,103,63,40,114,67,47,158,99,59,288,232,56,1796,1391,405,98,58,40,1894,1449,445,2016
222000,"Gefaehrliche und schwere Koerperverletzung, Verstuemmelung weiblicher Genitalien    224, 226, 226a, 231 StGB",8311000,Freiburg im Breisgau,voll.,748,583,165,10,8,2,19,11,8,29,19,10,73,55,18,123,100,23,509,400,109,14,9,5,523,409,114,2016
222000,"Gefaehrliche und schwere Koerperverletzung, Verstuemmelung weiblicher Genitalien    224, 226, 226a, 231 StGB",9563000,Fuerth,voll.,154,117,37,0,0,0,11,6,5,11,6,5,13,9,4,12,10,2,113,89,24,5,3,2,118,92,26,2016
222000,"Gefaehrliche und schwere Koerperverletzung, Verstuemmelung weiblicher Genitalien    224, 226, 226a, 231 StGB",5513000,Gelsenkirchen,voll.,731,512,219,4,3,1,34,21,13,38,24,14,102,74,28,77,53,24,496,348,148,18,13,5,514,361,153,2016
222000,"Gefaehrliche und schwere Koerperverletzung, Verstuemmelung weiblicher Genitalien    224, 226, 226a, 231 StGB",3152012,Goettingen,voll.,413,319,94,4,3,1,14,11,3,18,14,4,34,27,7,45,38,7,307,236,71,9,4,5,316,240,76,2016
222000,"Gefaehrliche und schwere Koerperverletzung, Verstuemmelung weiblicher Genitalien    224, 226, 226a, 231 StGB",5914000,Hagen,voll.,357,242,115,0,0,0,21,11,10,21,11,10,36,27,9,45,34,11,248,163,85,7,7,0,255,170,85,2016
222000,"Gefaehrliche und schwere Koerperverletzung, Verstuemmelung weiblicher Genitalien    224, 226, 226a, 231 StGB",15002000,Halle (Saale),voll.,608,458,150,4,2,2,34,22,12,38,24,14,65,45,20,59,43,16,427,332,95,19,14,5,446,346,100,2016
222000,"Gefaehrliche und schwere Koerperverletzung, Verstuemmelung weiblicher Genitalien    224, 226, 226a, 231 StGB",2000000,Hamburg,voll.,6171,4720,1451,16,8,8,313,231,82,329,239,90,565,418,147,649,519,130,4417,3395,1022,211,149,62,4628,3544,1084,2016
222000,"Gefaehrliche und schwere Koerperverletzung, Verstuemmelung weiblicher Genitalien    224, 226, 226a, 231 StGB",5915000,Hamm,voll.,406,285,121,1,0,1,6,5,1,7,5,2,33,20,13,46,36,10,303,216,87,17,8,9,320,224,96,2016
222000,"Gefaehrliche und schwere Koerperverletzung, Verstuemmelung weiblicher Genitalien    224, 226, 226a, 231 StGB",3241001,Hannover,voll.,2433,1891,542,6,3,3,118,57,61,124,60,64,172,103,69,268,211,57,1817,1477,340,52,40,12,1869,1517,352,2016
222000,"Gefaehrliche und schwere Koerperverletzung, Verstuemmelung weiblicher Genitalien    224, 226, 226a, 231 StGB",8221000,Heidelberg,voll.,461,379,82,1,1,0,9,4,5,10,5,5,38,30,8,72,63,9,327,271,56,14,10,4,341,281,60,2016
222000,"Gefaehrliche und schwere Koerperverletzung, Verstuemmelung weiblicher Genitalien    224, 226, 226a, 231 StGB",8121000,Heilbronn,voll.,248,189,59,0,0,0,7,4,3,7,4,3,31,22,9,44,36,8,162,125,37,4,2,2,166,127,39,2016
222000,"Gefaehrliche und schwere Koerperverletzung, Verstuemmelung weiblicher Genitalien    224, 226, 226a, 231 StGB",5916000,Herne,voll.,276,191,85,2,2,0,15,11,4,17,13,4,30,20,10,26,19,7,197,134,63,6,5,1,203,139,64,2016
222000,"Gefaehrliche und schwere Koerperverletzung, Verstuemmelung weiblicher Genitalien    224, 226, 226a, 231 StGB",3254021,Hildesheim,voll.,387,274,113,4,3,1,15,6,9,19,9,10,47,34,13,41,29,12,274,199,75,6,3,3,280,202,78,2016
222000,"Gefaehrliche und schwere Koerperverletzung, Verstuemmelung weiblicher Genitalien    224, 226, 226a, 231 StGB",9161000,Ingolstadt,voll.,342,273,69,0,0,0,8,5,3,8,5,3,60,35,25,50,41,9,215,186,29,9,6,3,224,192,32,2016
222000,"Gefaehrliche und schwere Koerperverletzung, Verstuemmelung weiblicher Genitalien    224, 226, 226a, 231 StGB",16053000,Jena,voll.,174,127,47,0,0,0,8,5,3,8,5,3,13,9,4,11,8,3,136,100,36,6,5,1,142,105,37,2016
222000,"Gefaehrliche und schwere Koerperverletzung, Verstuemmelung weiblicher Genitalien    224, 226, 226a, 231 StGB",8212000,Karlsruhe,voll.,742,575,167,2,0,2,11,10,1,13,10,3,57,45,12,86,71,15,555,427,128,31,22,9,586,449,137,2016
222000,"Gefaehrliche und schwere Koerperverletzung, Verstuemmelung weiblicher Genitalien    224, 226, 226a, 231 StGB",6611000,Kassel,voll.,533,386,147,1,1,0,22,13,9,23,14,9,38,23,15,66,47,19,383,284,99,23,18,5,406,302,104,2016
222000,"Gefaehrliche und schwere Koerperverletzung, Verstuemmelung weiblicher Genitalien    224, 226, 226a, 231 StGB",1002000,Kiel,voll.,794,610,184,1,0,1,13,10,3,14,10,4,71,58,13,97,79,18,588,443,145,24,20,4,612,463,149,2016
222000,"Gefaehrliche und schwere Koerperverletzung, Verstuemmelung weiblicher Genitalien    224, 226, 226a, 231 StGB",7111000,Koblenz,voll.,327,260,67,1,1,0,8,5,3,9,6,3,32,27,5,36,34,2,234,185,49,16,8,8,250,193,57,2016
222000,"Gefaehrliche und schwere Koerperverletzung, Verstuemmelung weiblicher Genitalien    224, 226, 226a, 231 StGB",5315000,Koeln,voll.,4171,3023,1148,9,7,2,156,105,51,165,112,53,300,192,108,476,354,122,3099,2280,819,131,85,46,3230,2365,865,2016
222000,"Gefaehrliche und schwere Koerperverletzung, Verstuemmelung weiblicher Genitalien    224, 226, 226a, 231 StGB",5114000,Krefeld,voll.,495,338,157,3,2,1,25,17,8,28,19,9,37,24,13,58,45,13,348,233,115,24,17,7,372,250,122,2016
222000,"Gefaehrliche und schwere Koerperverletzung, Verstuemmelung weiblicher Genitalien    224, 226, 226a, 231 StGB",14713000,Leipzig,voll.,1549,1219,330,8,5,3,62,41,21,70,46,24,149,96,53,157,129,28,1122,918,204,51,30,21,1173,948,225,2016
222000,"Gefaehrliche und schwere Koerperverletzung, Verstuemmelung weiblicher Genitalien    224, 226, 226a, 231 StGB",5316000,Leverkusen,voll.,475,313,162,1,0,1,28,14,14,29,14,15,47,32,15,46,30,16,330,217,113,23,20,3,353,237,116,2016
222000,"Gefaehrliche und schwere Koerperverletzung, Verstuemmelung weiblicher Genitalien    224, 226, 226a, 231 StGB",1003000,Luebeck,voll.,718,520,198,1,0,1,22,15,7,23,15,8,73,45,28,63,41,22,532,401,131,27,18,9,559,419,140,2016
222000,"Gefaehrliche und schwere Koerperverletzung, Verstuemmelung weiblicher Genitalien    224, 226, 226a, 231 StGB",7314000,Ludwigshafen am Rhein,voll.,617,442,175,6,4,2,43,28,15,49,32,17,72,43,29,78,57,21,395,293,102,23,17,6,418,310,108,2016
222000,"Gefaehrliche und schwere Koerperverletzung, Verstuemmelung weiblicher Genitalien    224, 226, 226a, 231 StGB",15003000,Magdeburg,voll.,567,417,150,2,2,0,19,9,10,21,11,10,46,27,19,48,38,10,425,322,103,27,19,8,452,341,111,2016
222000,"Gefaehrliche und schwere Koerperverletzung, Verstuemmelung weiblicher Genitalien    224, 226, 226a, 231 StGB",7315000,Mainz,voll.,586,461,125,4,4,0,13,9,4,17,13,4,54,44,10,82,70,12,421,326,95,12,8,4,433,334,99,2016
222000,"Gefaehrliche und schwere Koerperverletzung, Verstuemmelung weiblicher Genitalien    224, 226, 226a, 231 StGB",8222000,Mannheim,voll.,1013,751,262,8,4,4,36,22,14,44,26,18,69,53,16,99,73,26,768,577,191,33,22,11,801,599,202,2016
222000,"Gefaehrliche und schwere Koerperverletzung, Verstuemmelung weiblicher Genitalien    224, 226, 226a, 231 StGB",5170024,Moers,voll.,223,155,68,0,0,0,28,12,16,28,12,16,32,15,17,28,23,5,130,101,29,5,4,1,135,105,30,2016
222000,"Gefaehrliche und schwere Koerperverletzung, Verstuemmelung weiblicher Genitalien    224, 226, 226a, 231 StGB",5116000,Moenchengladbach,voll.,546,380,166,2,1,1,28,22,6,30,23,7,57,40,17,78,52,26,363,252,111,18,13,5,381,265,116,2016
222000,"Gefaehrliche und schwere Koerperverletzung, Verstuemmelung weiblicher Genitalien    224, 226, 226a, 231 StGB",5117000,Muelheim an der Ruhr,voll.,278,168,110,2,0,2,15,11,4,17,11,6,29,16,13,20,11,9,195,122,73,17,8,9,212,130,82,2016
222000,"Gefaehrliche und schwere Koerperverletzung, Verstuemmelung weiblicher Genitalien    224, 226, 226a, 231 StGB",9162000,Muenchen,voll.,3174,2461,713,11,6,5,73,47,26,84,53,31,215,172,43,411,330,81,2373,1847,526,91,59,32,2464,1906,558,2016
222000,"Gefaehrliche und schwere Koerperverletzung, Verstuemmelung weiblicher Genitalien    224, 226, 226a, 231 StGB",5515000,Muenster,voll.,677,504,173,2,1,1,26,18,8,28,19,9,63,52,11,87,71,16,480,347,133,19,15,4,499,362,137,2016
222000,"Gefaehrliche und schwere Koerperverletzung, Verstuemmelung weiblicher Genitalien    224, 226, 226a, 231 StGB",5162024,Neuss,voll.,286,198,88,0,0,0,10,10,0,10,10,0,26,20,6,39,31,8,199,132,67,12,5,7,211,137,74,2016
222000,"Gefaehrliche und schwere Koerperverletzung, Verstuemmelung weiblicher Genitalien    224, 226, 226a, 231 StGB",9564000,Nuernberg,voll.,1440,1094,346,15,13,2,37,28,9,52,41,11,109,85,24,173,139,34,1051,798,253,55,31,24,1106,829,277,2016
222000,"Gefaehrliche und schwere Koerperverletzung, Verstuemmelung weiblicher Genitalien    224, 226, 226a, 231 StGB",5119000,Oberhausen,voll.,383,274,109,0,0,0,9,5,4,9,5,4,37,29,8,39,34,5,272,196,76,26,10,16,298,206,92,2016
222000,"Gefaehrliche und schwere Koerperverletzung, Verstuemmelung weiblicher Genitalien    224, 226, 226a, 231 StGB",6413000,Offenbach am Main,voll.,256,176,80,1,0,1,8,5,3,9,5,4,23,17,6,14,9,5,201,141,60,9,4,5,210,145,65,2016
222000,"Gefaehrliche und schwere Koerperverletzung, Verstuemmelung weiblicher Genitalien    224, 226, 226a, 231 StGB",3403000,Oldenburg (Oldenburg),voll.,399,297,102,0,0,0,9,8,1,9,8,1,41,28,13,58,38,20,285,218,67,6,5,1,291,223,68,2016
222000,"Gefaehrliche und schwere Koerperverletzung, Verstuemmelung weiblicher Genitalien    224, 226, 226a, 231 StGB",3404000,Osnabrueck,voll.,694,524,170,6,2,4,10,6,4,16,8,8,48,33,15,77,62,15,534,407,127,19,14,5,553,421,132,2016
222000,"Gefaehrliche und schwere Koerperverletzung, Verstuemmelung weiblicher Genitalien    224, 226, 226a, 231 StGB",5774032,Paderborn,voll.,305,216,89,0,0,0,7,5,2,7,5,2,21,16,5,43,35,8,221,152,69,13,8,5,234,160,74,2016
222000,"Gefaehrliche und schwere Koerperverletzung, Verstuemmelung weiblicher Genitalien    224, 226, 226a, 231 StGB",8231000,Pforzheim,voll.,284,223,61,2,1,1,18,13,5,20,14,6,17,10,7,24,16,8,212,177,35,11,6,5,223,183,40,2016
222000,"Gefaehrliche und schwere Koerperverletzung, Verstuemmelung weiblicher Genitalien    224, 226, 226a, 231 StGB",12054000,Potsdam,voll.,209,165,44,0,0,0,8,7,1,8,7,1,21,18,3,18,16,2,149,114,35,13,10,3,162,124,38,2016
222000,"Gefaehrliche und schwere Koerperverletzung, Verstuemmelung weiblicher Genitalien    224, 226, 226a, 231 StGB",5562032,Recklinghausen,voll.,307,208,99,0,0,0,12,11,1,12,11,1,39,24,15,36,25,11,209,142,67,11,6,5,220,148,72,2016
222000,"Gefaehrliche und schwere Koerperverletzung, Verstuemmelung weiblicher Genitalien    224, 226, 226a, 231 StGB",9362000,Regensburg,voll.,397,321,76,0,0,0,10,7,3,10,7,3,34,27,7,51,43,8,295,239,56,7,5,2,302,244,58,2016
222000,"Gefaehrliche und schwere Koerperverletzung, Verstuemmelung weiblicher Genitalien    224, 226, 226a, 231 StGB",5120000,Remscheid,voll.,216,135,81,2,2,0,11,5,6,13,7,6,25,10,15,26,17,9,147,97,50,5,4,1,152,101,51,2016
222000,"Gefaehrliche und schwere Koerperverletzung, Verstuemmelung weiblicher Genitalien    224, 226, 226a, 231 StGB",8415061,Reutlingen,voll.,276,195,81,1,1,0,6,3,3,7,4,3,31,21,10,36,31,5,197,136,61,5,3,2,202,139,63,2016
222000,"Gefaehrliche und schwere Koerperverletzung, Verstuemmelung weiblicher Genitalien    224, 226, 226a, 231 StGB",13003000,Rostock,voll.,403,311,92,3,3,0,24,16,8,27,19,8,44,33,11,33,22,11,283,225,58,16,12,4,299,237,62,2016
222000,"Gefaehrliche und schwere Koerperverletzung, Verstuemmelung weiblicher Genitalien    224, 226, 226a, 231 StGB",10041100,Saarbruecken,voll.,734,508,226,3,1,2,19,12,7,22,13,9,51,25,26,108,82,26,534,376,158,19,12,7,553,388,165,2016
222000,"Gefaehrliche und schwere Koerperverletzung, Verstuemmelung weiblicher Genitalien    224, 226, 226a, 231 StGB",3102000,Salzgitter,voll.,239,171,68,1,1,0,13,10,3,14,11,3,20,15,5,30,25,5,165,113,52,10,7,3,175,120,55,2016
222000,"Gefaehrliche und schwere Koerperverletzung, Verstuemmelung weiblicher Genitalien    224, 226, 226a, 231 StGB",13004000,Schwerin,voll.,188,147,41,0,0,0,17,12,5,17,12,5,31,25,6,20,19,1,114,86,28,6,5,1,120,91,29,2016
222000,"Gefaehrliche und schwere Koerperverletzung, Verstuemmelung weiblicher Genitalien    224, 226, 226a, 231 StGB",5970040,Siegen,voll.,257,194,63,0,0,0,10,8,2,10,8,2,26,19,7,38,31,7,176,131,45,7,5,2,183,136,47,2016
222000,"Gefaehrliche und schwere Koerperverletzung, Verstuemmelung weiblicher Genitalien    224, 226, 226a, 231 StGB",5122000,Solingen,voll.,272,194,78,0,0,0,12,8,4,12,8,4,27,18,9,33,29,4,190,130,60,10,9,1,200,139,61,2016
222000,"Gefaehrliche und schwere Koerperverletzung, Verstuemmelung weiblicher Genitalien    224, 226, 226a, 231 StGB",8111000,Stuttgart,voll.,2039,1629,410,13,13,0,50,38,12,63,51,12,166,116,50,295,237,58,1479,1201,278,36,24,12,1515,1225,290,2016
222000,"Gefaehrliche und schwere Koerperverletzung, Verstuemmelung weiblicher Genitalien    224, 226, 226a, 231 StGB",7211000,Trier,voll.,321,252,69,0,0,0,11,8,3,11,8,3,31,24,7,46,39,7,222,173,49,11,8,3,233,181,52,2016
222000,"Gefaehrliche und schwere Koerperverletzung, Verstuemmelung weiblicher Genitalien    224, 226, 226a, 231 StGB",8421000,Ulm,voll.,322,249,73,4,3,1,8,5,3,12,8,4,21,16,5,37,26,11,245,193,52,7,6,1,252,199,53,2016
222000,"Gefaehrliche und schwere Koerperverletzung, Verstuemmelung weiblicher Genitalien    224, 226, 226a, 231 StGB",6414000,Wiesbaden,voll.,831,586,245,4,2,2,37,24,13,41,26,15,112,76,36,87,63,24,568,410,158,23,11,12,591,421,170,2016
222000,"Gefaehrliche und schwere Koerperverletzung, Verstuemmelung weiblicher Genitalien    224, 226, 226a, 231 StGB",3103000,Wolfsburg,voll.,232,174,58,1,0,1,5,4,1,6,4,2,20,17,3,28,22,6,170,128,42,8,3,5,178,131,47,2016
222000,"Gefaehrliche und schwere Koerperverletzung, Verstuemmelung weiblicher Genitalien    224, 226, 226a, 231 StGB",5124000,Wuppertal,voll.,816,598,218,1,1,0,43,31,12,44,32,12,66,44,22,96,64,32,590,441,149,20,17,3,610,458,152,2016
222000,"Gefaehrliche und schwere Koerperverletzung, Verstuemmelung weiblicher Genitalien    224, 226, 226a, 231 StGB",9663000,Wuerzburg,voll.,304,237,67,0,0,0,9,7,2,9,7,2,42,32,10,47,29,18,197,162,35,9,7,2,206,169,37,2016
222000,"Gefaehrliche und schwere Koerperverletzung, Verstuemmelung weiblicher Genitalien    224, 226, 226a, 231 StGB",5334002,Aachen,vers.,95,72,23,1,1,0,2,1,1,3,2,1,5,4,1,5,4,1,78,58,20,4,4,0,82,62,20,2016
222000,"Gefaehrliche und schwere Koerperverletzung, Verstuemmelung weiblicher Genitalien    224, 226, 226a, 231 StGB",9761000,Augsburg,vers.,171,110,61,4,1,3,6,4,2,10,5,5,4,2,2,12,5,7,134,93,41,11,5,6,145,98,47,2016
222000,"Gefaehrliche und schwere Koerperverletzung, Verstuemmelung weiblicher Genitalien    224, 226, 226a, 231 StGB",5378004,Bergisch Gladbach,vers.,38,22,16,0,0,0,3,2,1,3,2,1,1,1,0,0,0,0,31,18,13,3,1,2,34,19,15,2016
222000,"Gefaehrliche und schwere Koerperverletzung, Verstuemmelung weiblicher Genitalien    224, 226, 226a, 231 StGB",11000000,Berlin,vers.,2464,1757,707,39,17,22,83,51,32,122,68,54,101,68,33,109,74,35,1997,1462,535,135,85,50,2132,1547,585,2016
222000,"Gefaehrliche und schwere Koerperverletzung, Verstuemmelung weiblicher Genitalien    224, 226, 226a, 231 StGB",5711000,Bielefeld,vers.,97,60,37,2,1,1,5,3,2,7,4,3,2,1,1,4,1,3,79,51,28,5,3,2,84,54,30,2016
222000,"Gefaehrliche und schwere Koerperverletzung, Verstuemmelung weiblicher Genitalien    224, 226, 226a, 231 StGB",5911000,Bochum,vers.,210,161,49,0,0,0,5,4,1,5,4,1,9,5,4,8,4,4,183,147,36,5,1,4,188,148,40,2016
222000,"Gefaehrliche und schwere Koerperverletzung, Verstuemmelung weiblicher Genitalien    224, 226, 226a, 231 StGB",5314000,Bonn,vers.,130,90,40,0,0,0,3,2,1,3,2,1,9,4,5,9,6,3,97,70,27,12,8,4,109,78,31,2016
222000,"Gefaehrliche und schwere Koerperverletzung, Verstuemmelung weiblicher Genitalien    224, 226, 226a, 231 StGB",5512000,Bottrop,vers.,40,30,10,3,2,1,3,1,2,6,3,3,2,1,1,4,4,0,25,19,6,3,3,0,28,22,6,2016
222000,"Gefaehrliche und schwere Koerperverletzung, Verstuemmelung weiblicher Genitalien    224, 226, 226a, 231 StGB",3101000,Braunschweig,vers.,134,93,41,0,0,0,1,1,0,1,1,0,2,0,2,9,4,5,118,86,32,4,2,2,122,88,34,2016
222000,"Gefaehrliche und schwere Koerperverletzung, Verstuemmelung weiblicher Genitalien    224, 226, 226a, 231 StGB",4011000,Bremen,vers.,260,211,49,2,2,0,6,5,1,8,7,1,20,18,2,20,17,3,195,158,37,17,11,6,212,169,43,2016
222000,"Gefaehrliche und schwere Koerperverletzung, Verstuemmelung weiblicher Genitalien    224, 226, 226a, 231 StGB",4012000,Bremerhaven,vers.,39,31,8,1,0,1,1,1,0,2,1,1,3,3,0,6,3,3,27,24,3,1,0,1,28,24,4,2016
222000,"Gefaehrliche und schwere Koerperverletzung, Verstuemmelung weiblicher Genitalien    224, 226, 226a, 231 StGB",14511000,Chemnitz,vers.,77,64,13,0,0,0,2,1,1,2,1,1,7,5,2,2,2,0,59,51,8,7,5,2,66,56,10,2016
222000,"Gefaehrliche und schwere Koerperverletzung, Verstuemmelung weiblicher Genitalien    224, 226, 226a, 231 StGB",6411000,Darmstadt,vers.,26,22,4,0,0,0,0,0,0,0,0,0,1,1,0,0,0,0,21,17,4,4,4,0,25,21,4,2016
222000,"Gefaehrliche und schwere Koerperverletzung, Verstuemmelung weiblicher Genitalien    224, 226, 226a, 231 StGB",5913000,Dortmund,vers.,328,252,76,1,0,1,8,5,3,9,5,4,22,18,4,14,12,2,265,204,61,18,13,5,283,217,66,2016
222000,"Gefaehrliche und schwere Koerperverletzung, Verstuemmelung weiblicher Genitalien    224, 226, 226a, 231 StGB",14612000,Dresden,vers.,175,149,26,0,0,0,3,2,1,3,2,1,8,7,1,10,8,2,150,129,21,4,3,1,154,132,22,2016
222000,"Gefaehrliche und schwere Koerperverletzung, Verstuemmelung weiblicher Genitalien    224, 226, 226a, 231 StGB",5112000,Duisburg,vers.,317,232,85,0,0,0,12,8,4,12,8,4,15,12,3,21,14,7,259,192,67,10,6,4,269,198,71,2016
222000,"Gefaehrliche und schwere Koerperverletzung, Verstuemmelung weiblicher Genitalien    224, 226, 226a, 231 StGB",5111000,Duesseldorf,vers.,265,191,74,1,1,0,6,4,2,7,5,2,5,4,1,28,16,12,215,158,57,10,8,2,225,166,59,2016
222000,"Gefaehrliche und schwere Koerperverletzung, Verstuemmelung weiblicher Genitalien    224, 226, 226a, 231 StGB",16051000,Erfurt,vers.,128,107,21,0,0,0,2,0,2,2,0,2,11,9,2,7,6,1,100,87,13,8,5,3,108,92,16,2016
222000,"Gefaehrliche und schwere Koerperverletzung, Verstuemmelung weiblicher Genitalien    224, 226, 226a, 231 StGB",9562000,Erlangen,vers.,28,23,5,0,0,0,0,0,0,0,0,0,0,0,0,3,2,1,23,20,3,2,1,1,25,21,4,2016
222000,"Gefaehrliche und schwere Koerperverletzung, Verstuemmelung weiblicher Genitalien    224, 226, 226a, 231 StGB",5113000,Essen,vers.,159,125,34,1,1,0,5,4,1,6,5,1,5,5,0,18,11,7,123,101,22,7,3,4,130,104,26,2016
222000,"Gefaehrliche und schwere Koerperverletzung, Verstuemmelung weiblicher Genitalien    224, 226, 226a, 231 StGB",6412000,Frankfurt am Main,vers.,375,272,103,4,2,2,10,8,2,14,10,4,16,9,7,23,16,7,305,225,80,17,12,5,322,237,85,2016
222000,"Gefaehrliche und schwere Koerperverletzung, Verstuemmelung weiblicher Genitalien    224, 226, 226a, 231 StGB",8311000,Freiburg im Breisgau,vers.,140,109,31,0,0,0,7,3,4,7,3,4,9,6,3,14,12,2,100,81,19,10,7,3,110,88,22,2016
222000,"Gefaehrliche und schwere Koerperverletzung, Verstuemmelung weiblicher Genitalien    224, 226, 226a, 231 StGB",9563000,Fuerth,vers.,31,24,7,1,0,1,1,1,0,2,1,1,2,1,1,3,3,0,23,18,5,1,1,0,24,19,5,2016
222000,"Gefaehrliche und schwere Koerperverletzung, Verstuemmelung weiblicher Genitalien    224, 226, 226a, 231 StGB",5513000,Gelsenkirchen,vers.,130,94,36,1,0,1,6,5,1,7,5,2,2,0,2,19,13,6,94,70,24,8,6,2,102,76,26,2016
222000,"Gefaehrliche und schwere Koerperverletzung, Verstuemmelung weiblicher Genitalien    224, 226, 226a, 231 StGB",3152012,Goettingen,vers.,74,53,21,1,1,0,3,2,1,4,3,1,1,1,0,9,8,1,58,39,19,2,2,0,60,41,19,2016
222000,"Gefaehrliche und schwere Koerperverletzung, Verstuemmelung weiblicher Genitalien    224, 226, 226a, 231 StGB",5914000,Hagen,vers.,53,30,23,0,0,0,1,0,1,1,0,1,3,1,2,4,1,3,43,28,15,2,0,2,45,28,17,2016
222000,"Gefaehrliche und schwere Koerperverletzung, Verstuemmelung weiblicher Genitalien    224, 226, 226a, 231 StGB",15002000,Halle (Saale),vers.,151,115,36,2,1,1,4,2,2,6,3,3,5,3,2,6,4,2,127,99,28,7,6,1,134,105,29,2016
222000,"Gefaehrliche und schwere Koerperverletzung, Verstuemmelung weiblicher Genitalien    224, 226, 226a, 231 StGB",2000000,Hamburg,vers.,791,602,189,3,3,0,13,10,3,16,13,3,40,31,9,53,43,10,647,491,156,35,24,11,682,515,167,2016
222000,"Gefaehrliche und schwere Koerperverletzung, Verstuemmelung weiblicher Genitalien    224, 226, 226a, 231 StGB",5915000,Hamm,vers.,37,29,8,2,2,0,2,2,0,4,4,0,2,2,0,5,3,2,23,18,5,3,2,1,26,20,6,2016
222000,"Gefaehrliche und schwere Koerperverletzung, Verstuemmelung weiblicher Genitalien    224, 226, 226a, 231 StGB",3241001,Hannover,vers.,456,351,105,1,0,1,9,3,6,10,3,7,19,12,7,32,24,8,383,303,80,12,9,3,395,312,83,2016
222000,"Gefaehrliche und schwere Koerperverletzung, Verstuemmelung weiblicher Genitalien    224, 226, 226a, 231 StGB",8221000,Heidelberg,vers.,76,60,16,0,0,0,2,2,0,2,2,0,2,0,2,7,7,0,63,50,13,2,1,1,65,51,14,2016
222000,"Gefaehrliche und schwere Koerperverletzung, Verstuemmelung weiblicher Genitalien    224, 226, 226a, 231 StGB",8121000,Heilbronn,vers.,29,23,6,0,0,0,0,0,0,0,0,0,2,1,1,4,2,2,23,20,3,0,0,0,23,20,3,2016
222000,"Gefaehrliche und schwere Koerperverletzung, Verstuemmelung weiblicher Genitalien    224, 226, 226a, 231 StGB",5916000,Herne,vers.,46,29,17,0,0,0,2,2,0,2,2,0,2,0,2,2,1,1,39,25,14,1,1,0,40,26,14,2016
222000,"Gefaehrliche und schwere Koerperverletzung, Verstuemmelung weiblicher Genitalien    224, 226, 226a, 231 StGB",3254021,Hildesheim,vers.,60,46,14,1,0,1,3,2,1,4,2,2,3,3,0,8,7,1,42,31,11,3,3,0,45,34,11,2016
222000,"Gefaehrliche und schwere Koerperverletzung, Verstuemmelung weiblicher Genitalien    224, 226, 226a, 231 StGB",9161000,Ingolstadt,vers.,72,53,19,0,0,0,5,4,1,5,4,1,2,1,1,7,3,4,54,44,10,4,1,3,58,45,13,2016
222000,"Gefaehrliche und schwere Koerperverletzung, Verstuemmelung weiblicher Genitalien    224, 226, 226a, 231 StGB",16053000,Jena,vers.,52,35,17,2,2,0,0,0,0,2,2,0,4,1,3,3,2,1,40,28,12,3,2,1,43,30,13,2016
222000,"Gefaehrliche und schwere Koerperverletzung, Verstuemmelung weiblicher Genitalien    224, 226, 226a, 231 StGB",8212000,Karlsruhe,vers.,86,70,16,0,0,0,0,0,0,0,0,0,3,3,0,5,5,0,73,58,15,5,4,1,78,62,16,2016
222000,"Gefaehrliche und schwere Koerperverletzung, Verstuemmelung weiblicher Genitalien    224, 226, 226a, 231 StGB",6611000,Kassel,vers.,80,63,17,0,0,0,1,1,0,1,1,0,9,7,2,6,6,0,60,46,14,4,3,1,64,49,15,2016
222000,"Gefaehrliche und schwere Koerperverletzung, Verstuemmelung weiblicher Genitalien    224, 226, 226a, 231 StGB",1002000,Kiel,vers.,99,76,23,2,1,1,4,3,1,6,4,2,2,1,1,6,6,0,81,63,18,4,2,2,85,65,20,2016
222000,"Gefaehrliche und schwere Koerperverletzung, Verstuemmelung weiblicher Genitalien    224, 226, 226a, 231 StGB",7111000,Koblenz,vers.,86,68,18,0,0,0,6,5,1,6,5,1,9,9,0,12,10,2,56,41,15,3,3,0,59,44,15,2016
222000,"Gefaehrliche und schwere Koerperverletzung, Verstuemmelung weiblicher Genitalien    224, 226, 226a, 231 StGB",5315000,Koeln,vers.,791,564,227,6,5,1,17,12,5,23,17,6,42,29,13,47,33,14,634,459,175,45,26,19,679,485,194,2016
222000,"Gefaehrliche und schwere Koerperverletzung, Verstuemmelung weiblicher Genitalien    224, 226, 226a, 231 StGB",5114000,Krefeld,vers.,71,45,26,1,0,1,2,2,0,3,2,1,1,0,1,5,3,2,55,35,20,7,5,2,62,40,22,2016
222000,"Gefaehrliche und schwere Koerperverletzung, Verstuemmelung weiblicher Genitalien    224, 226, 226a, 231 StGB",14713000,Leipzig,vers.,300,239,61,6,2,4,11,10,1,17,12,5,7,6,1,19,15,4,248,200,48,9,6,3,257,206,51,2016
222000,"Gefaehrliche und schwere Koerperverletzung, Verstuemmelung weiblicher Genitalien    224, 226, 226a, 231 StGB",5316000,Leverkusen,vers.,103,73,30,1,1,0,4,4,0,5,5,0,11,6,5,9,8,1,75,51,24,3,3,0,78,54,24,2016
222000,"Gefaehrliche und schwere Koerperverletzung, Verstuemmelung weiblicher Genitalien    224, 226, 226a, 231 StGB",1003000,Luebeck,vers.,153,114,39,1,0,1,3,1,2,4,1,3,8,7,1,11,8,3,125,95,30,5,3,2,130,98,32,2016
222000,"Gefaehrliche und schwere Koerperverletzung, Verstuemmelung weiblicher Genitalien    224, 226, 226a, 231 StGB",7314000,Ludwigshafen am Rhein,vers.,123,85,38,5,2,3,19,14,5,24,16,8,3,2,1,3,1,2,84,58,26,9,8,1,93,66,27,2016
222000,"Gefaehrliche und schwere Koerperverletzung, Verstuemmelung weiblicher Genitalien    224, 226, 226a, 231 StGB",15003000,Magdeburg,vers.,130,95,35,0,0,0,1,0,1,1,0,1,7,3,4,7,6,1,100,75,25,15,11,4,115,86,29,2016
222000,"Gefaehrliche und schwere Koerperverletzung, Verstuemmelung weiblicher Genitalien    224, 226, 226a, 231 StGB",7315000,Mainz,vers.,86,65,21,0,0,0,0,0,0,0,0,0,4,3,1,5,5,0,72,53,19,5,4,1,77,57,20,2016
222000,"Gefaehrliche und schwere Koerperverletzung, Verstuemmelung weiblicher Genitalien    224, 226, 226a, 231 StGB",8222000,Mannheim,vers.,133,98,35,2,1,1,7,3,4,9,4,5,2,1,1,7,5,2,109,85,24,6,3,3,115,88,27,2016
222000,"Gefaehrliche und schwere Koerperverletzung, Verstuemmelung weiblicher Genitalien    224, 226, 226a, 231 StGB",5170024,Moers,vers.,22,15,7,1,1,0,0,0,0,1,1,0,1,0,1,3,1,2,16,12,4,1,1,0,17,13,4,2016
222000,"Gefaehrliche und schwere Koerperverletzung, Verstuemmelung weiblicher Genitalien    224, 226, 226a, 231 StGB",5116000,Moenchengladbach,vers.,57,35,22,1,0,1,1,1,0,2,1,1,14,13,1,2,2,0,38,18,20,1,1,0,39,19,20,2016
222000,"Gefaehrliche und schwere Koerperverletzung, Verstuemmelung weiblicher Genitalien    224, 226, 226a, 231 StGB",5117000,Muelheim an der Ruhr,vers.,47,28,19,0,0,0,4,4,0,4,4,0,1,0,1,5,4,1,31,18,13,6,2,4,37,20,17,2016
222000,"Gefaehrliche und schwere Koerperverletzung, Verstuemmelung weiblicher Genitalien    224, 226, 226a, 231 StGB",9162000,Muenchen,vers.,691,520,171,4,3,1,10,10,0,14,13,1,24,17,7,39,27,12,573,436,137,41,27,14,614,463,151,2016
222000,"Gefaehrliche und schwere Koerperverletzung, Verstuemmelung weiblicher Genitalien    224, 226, 226a, 231 StGB",5515000,Muenster,vers.,117,81,36,0,0,0,0,0,0,0,0,0,6,2,4,9,4,5,97,72,25,5,3,2,102,75,27,2016
222000,"Gefaehrliche und schwere Koerperverletzung, Verstuemmelung weiblicher Genitalien    224, 226, 226a, 231 StGB",5162024,Neuss,vers.,33,16,17,0,0,0,2,2,0,2,2,0,2,0,2,7,1,6,20,12,8,2,1,1,22,13,9,2016
222000,"Gefaehrliche und schwere Koerperverletzung, Verstuemmelung weiblicher Genitalien    224, 226, 226a, 231 StGB",9564000,Nuernberg,vers.,254,193,61,3,3,0,6,4,2,9,7,2,18,12,6,19,15,4,200,153,47,8,6,2,208,159,49,2016
222000,"Gefaehrliche und schwere Koerperverletzung, Verstuemmelung weiblicher Genitalien    224, 226, 226a, 231 StGB",5119000,Oberhausen,vers.,49,27,22,0,0,0,0,0,0,0,0,0,2,1,1,3,1,2,40,23,17,4,2,2,44,25,19,2016
222000,"Gefaehrliche und schwere Koerperverletzung, Verstuemmelung weiblicher Genitalien    224, 226, 226a, 231 StGB",6413000,Offenbach am Main,vers.,28,25,3,0,0,0,1,0,1,1,0,1,5,5,0,0,0,0,22,20,2,0,0,0,22,20,2,2016
222000,"Gefaehrliche und schwere Koerperverletzung, Verstuemmelung weiblicher Genitalien    224, 226, 226a, 231 StGB",3403000,Oldenburg (Oldenburg),vers.,54,49,5,0,0,0,1,1,0,1,1,0,1,1,0,3,3,0,47,42,5,2,2,0,49,44,5,2016
222000,"Gefaehrliche und schwere Koerperverletzung, Verstuemmelung weiblicher Genitalien    224, 226, 226a, 231 StGB",3404000,Osnabrueck,vers.,60,48,12,0,0,0,0,0,0,0,0,0,4,4,0,7,5,2,47,37,10,2,2,0,49,39,10,2016
222000,"Gefaehrliche und schwere Koerperverletzung, Verstuemmelung weiblicher Genitalien    224, 226, 226a, 231 StGB",5774032,Paderborn,vers.,70,52,18,0,0,0,1,1,0,1,1,0,3,3,0,5,5,0,56,41,15,5,2,3,61,43,18,2016
222000,"Gefaehrliche und schwere Koerperverletzung, Verstuemmelung weiblicher Genitalien    224, 226, 226a, 231 StGB",8231000,Pforzheim,vers.,32,24,8,0,0,0,1,1,0,1,1,0,2,1,1,1,1,0,27,20,7,1,1,0,28,21,7,2016
222000,"Gefaehrliche und schwere Koerperverletzung, Verstuemmelung weiblicher Genitalien    224, 226, 226a, 231 StGB",12054000,Potsdam,vers.,58,48,10,0,0,0,7,4,3,7,4,3,7,7,0,6,5,1,36,30,6,2,2,0,38,32,6,2016
222000,"Gefaehrliche und schwere Koerperverletzung, Verstuemmelung weiblicher Genitalien    224, 226, 226a, 231 StGB",5562032,Recklinghausen,vers.,53,40,13,1,0,1,0,0,0,1,0,1,8,7,1,7,5,2,35,26,9,2,2,0,37,28,9,2016
222000,"Gefaehrliche und schwere Koerperverletzung, Verstuemmelung weiblicher Genitalien    224, 226, 226a, 231 StGB",9362000,Regensburg,vers.,70,51,19,0,0,0,0,0,0,0,0,0,7,6,1,4,4,0,58,41,17,1,0,1,59,41,18,2016
222000,"Gefaehrliche und schwere Koerperverletzung, Verstuemmelung weiblicher Genitalien    224, 226, 226a, 231 StGB",5120000,Remscheid,vers.,30,23,7,0,0,0,5,4,1,5,4,1,2,2,0,2,1,1,20,15,5,1,1,0,21,16,5,2016
222000,"Gefaehrliche und schwere Koerperverletzung, Verstuemmelung weiblicher Genitalien    224, 226, 226a, 231 StGB",8415061,Reutlingen,vers.,32,25,7,0,0,0,0,0,0,0,0,0,3,1,2,4,4,0,22,17,5,3,3,0,25,20,5,2016
222000,"Gefaehrliche und schwere Koerperverletzung, Verstuemmelung weiblicher Genitalien    224, 226, 226a, 231 StGB",13003000,Rostock,vers.,72,47,25,1,0,1,5,3,2,6,3,3,5,4,1,6,4,2,51,35,16,4,1,3,55,36,19,2016
222000,"Gefaehrliche und schwere Koerperverletzung, Verstuemmelung weiblicher Genitalien    224, 226, 226a, 231 StGB",10041100,Saarbruecken,vers.,119,79,40,0,0,0,2,1,1,2,1,1,8,4,4,14,9,5,88,61,27,7,4,3,95,65,30,2016
222000,"Gefaehrliche und schwere Koerperverletzung, Verstuemmelung weiblicher Genitalien    224, 226, 226a, 231 StGB",3102000,Salzgitter,vers.,22,14,8,0,0,0,1,1,0,1,1,0,2,2,0,1,1,0,17,9,8,1,1,0,18,10,8,2016
222000,"Gefaehrliche und schwere Koerperverletzung, Verstuemmelung weiblicher Genitalien    224, 226, 226a, 231 StGB",13004000,Schwerin,vers.,39,30,9,0,0,0,5,5,0,5,5,0,10,9,1,1,1,0,19,13,6,4,2,2,23,15,8,2016
222000,"Gefaehrliche und schwere Koerperverletzung, Verstuemmelung weiblicher Genitalien    224, 226, 226a, 231 StGB",5970040,Siegen,vers.,55,36,19,0,0,0,0,0,0,0,0,0,1,0,1,2,2,0,51,33,18,1,1,0,52,34,18,2016
222000,"Gefaehrliche und schwere Koerperverletzung, Verstuemmelung weiblicher Genitalien    224, 226, 226a, 231 StGB",5122000,Solingen,vers.,43,29,14,1,1,0,0,0,0,1,1,0,6,5,1,5,4,1,28,18,10,3,1,2,31,19,12,2016
222000,"Gefaehrliche und schwere Koerperverletzung, Verstuemmelung weiblicher Genitalien    224, 226, 226a, 231 StGB",8111000,Stuttgart,vers.,431,341,90,9,7,2,3,0,3,12,7,5,15,13,2,21,16,5,366,295,71,17,10,7,383,305,78,2016
222000,"Gefaehrliche und schwere Koerperverletzung, Verstuemmelung weiblicher Genitalien    224, 226, 226a, 231 StGB",7211000,Trier,vers.,45,36,9,1,1,0,2,1,1,3,2,1,3,3,0,10,9,1,27,21,6,2,1,1,29,22,7,2016
222000,"Gefaehrliche und schwere Koerperverletzung, Verstuemmelung weiblicher Genitalien    224, 226, 226a, 231 StGB",8421000,Ulm,vers.,42,28,14,1,1,0,2,0,2,3,1,2,4,4,0,4,3,1,30,19,11,1,1,0,31,20,11,2016
222000,"Gefaehrliche und schwere Koerperverletzung, Verstuemmelung weiblicher Genitalien    224, 226, 226a, 231 StGB",6414000,Wiesbaden,vers.,74,54,20,0,0,0,5,3,2,5,3,2,8,8,0,6,4,2,48,33,15,7,6,1,55,39,16,2016
222000,"Gefaehrliche und schwere Koerperverletzung, Verstuemmelung weiblicher Genitalien    224, 226, 226a, 231 StGB",3103000,Wolfsburg,vers.,36,28,8,0,0,0,1,1,0,1,1,0,5,5,0,3,2,1,25,19,6,2,1,1,27,20,7,2016
222000,"Gefaehrliche und schwere Koerperverletzung, Verstuemmelung weiblicher Genitalien    224, 226, 226a, 231 StGB",5124000,Wuppertal,vers.,175,112,63,0,0,0,8,5,3,8,5,3,10,6,4,22,14,8,129,85,44,6,2,4,135,87,48,2016
222000,"Gefaehrliche und schwere Koerperverletzung, Verstuemmelung weiblicher Genitalien    224, 226, 226a, 231 StGB",9663000,Wuerzburg,vers.,71,52,19,1,0,1,0,0,0,1,0,1,0,0,0,3,3,0,63,47,16,4,2,2,67,49,18,2016
222000,"Gefaehrliche und schwere Koerperverletzung, Verstuemmelung weiblicher Genitalien    224, 226, 226a, 231 StGB",5334002,Aachen,insg.,799,603,196,2,2,0,27,13,14,29,15,14,57,48,9,82,65,17,596,447,149,35,28,7,631,475,156,2016
222000,"Gefaehrliche und schwere Koerperverletzung, Verstuemmelung weiblicher Genitalien    224, 226, 226a, 231 StGB",9761000,Augsburg,insg.,884,650,234,6,1,5,45,31,14,51,32,19,67,45,22,104,76,28,632,481,151,30,16,14,662,497,165,2016
222000,"Gefaehrliche und schwere Koerperverletzung, Verstuemmelung weiblicher Genitalien    224, 226, 226a, 231 StGB",5378004,Bergisch Gladbach,insg.,198,142,56,0,0,0,12,9,3,12,9,3,19,14,5,20,16,4,138,98,40,9,5,4,147,103,44,2016
222000,"Gefaehrliche und schwere Koerperverletzung, Verstuemmelung weiblicher Genitalien    224, 226, 226a, 231 StGB",11000000,Berlin,insg.,12973,9754,3219,76,37,39,590,386,204,666,423,243,1068,749,319,1062,821,241,9657,7427,2230,520,334,186,10177,7761,2416,2016
222000,"Gefaehrliche und schwere Koerperverletzung, Verstuemmelung weiblicher Genitalien    224, 226, 226a, 231 StGB",5711000,Bielefeld,insg.,741,533,208,4,3,1,35,25,10,39,28,11,67,46,21,77,57,20,535,388,147,23,14,9,558,402,156,2016
222000,"Gefaehrliche und schwere Koerperverletzung, Verstuemmelung weiblicher Genitalien    224, 226, 226a, 231 StGB",5911000,Bochum,insg.,1246,910,336,4,3,1,55,39,16,59,42,17,117,86,31,145,101,44,888,657,231,37,24,13,925,681,244,2016
222000,"Gefaehrliche und schwere Koerperverletzung, Verstuemmelung weiblicher Genitalien    224, 226, 226a, 231 StGB",5314000,Bonn,insg.,959,688,271,2,2,0,41,31,10,43,33,10,82,46,36,111,84,27,682,501,181,41,24,17,723,525,198,2016
222000,"Gefaehrliche und schwere Koerperverletzung, Verstuemmelung weiblicher Genitalien    224, 226, 226a, 231 StGB",5512000,Bottrop,insg.,270,197,73,4,3,1,12,5,7,16,8,8,30,23,7,36,28,8,176,129,47,12,9,3,188,138,50,2016
222000,"Gefaehrliche und schwere Koerperverletzung, Verstuemmelung weiblicher Genitalien    224, 226, 226a, 231 StGB",3101000,Braunschweig,insg.,899,697,202,3,2,1,22,16,6,25,18,7,66,46,20,101,74,27,686,544,142,21,15,6,707,559,148,2016
222000,"Gefaehrliche und schwere Koerperverletzung, Verstuemmelung weiblicher Genitalien    224, 226, 226a, 231 StGB",4011000,Bremen,insg.,2316,1780,536,9,7,2,48,31,17,57,38,19,262,219,43,310,231,79,1620,1248,372,67,44,23,1687,1292,395,2016
222000,"Gefaehrliche und schwere Koerperverletzung, Verstuemmelung weiblicher Genitalien    224, 226, 226a, 231 StGB",4012000,Bremerhaven,insg.,523,393,130,1,0,1,12,8,4,13,8,5,46,30,16,55,41,14,389,296,93,20,18,2,409,314,95,2016
222000,"Gefaehrliche und schwere Koerperverletzung, Verstuemmelung weiblicher Genitalien    224, 226, 226a, 231 StGB",14511000,Chemnitz,insg.,565,446,119,1,0,1,28,12,16,29,12,17,72,56,16,58,49,9,388,320,68,18,9,9,406,329,77,2016
222000,"Gefaehrliche und schwere Koerperverletzung, Verstuemmelung weiblicher Genitalien    224, 226, 226a, 231 StGB",6411000,Darmstadt,insg.,360,292,68,1,1,0,9,5,4,10,6,4,37,29,8,36,27,9,259,213,46,18,17,1,277,230,47,2016
222000,"Gefaehrliche und schwere Koerperverletzung, Verstuemmelung weiblicher Genitalien    224, 226, 226a, 231 StGB",5913000,Dortmund,insg.,2617,1927,690,7,2,5,100,65,35,107,67,40,219,148,71,257,188,69,1965,1477,488,69,47,22,2034,1524,510,2016
222000,"Gefaehrliche und schwere Koerperverletzung, Verstuemmelung weiblicher Genitalien    224, 226, 226a, 231 StGB",14612000,Dresden,insg.,1312,1059,253,10,6,4,32,19,13,42,25,17,82,55,27,141,115,26,1007,837,170,40,27,13,1047,864,183,2016
222000,"Gefaehrliche und schwere Koerperverletzung, Verstuemmelung weiblicher Genitalien    224, 226, 226a, 231 StGB",5112000,Duisburg,insg.,1696,1142,554,7,5,2,107,75,32,114,80,34,157,109,48,151,104,47,1214,819,395,60,30,30,1274,849,425,2016
222000,"Gefaehrliche und schwere Koerperverletzung, Verstuemmelung weiblicher Genitalien    224, 226, 226a, 231 StGB",5111000,Duesseldorf,insg.,1929,1463,466,4,3,1,72,44,28,76,47,29,133,93,40,231,178,53,1416,1090,326,73,55,18,1489,1145,344,2016
222000,"Gefaehrliche und schwere Koerperverletzung, Verstuemmelung weiblicher Genitalien    224, 226, 226a, 231 StGB",16051000,Erfurt,insg.,679,541,138,0,0,0,30,17,13,30,17,13,54,39,15,72,61,11,501,413,88,22,11,11,523,424,99,2016
222000,"Gefaehrliche und schwere Koerperverletzung, Verstuemmelung weiblicher Genitalien    224, 226, 226a, 231 StGB",9562000,Erlangen,insg.,183,148,35,0,0,0,3,3,0,3,3,0,14,12,2,28,21,7,135,111,24,3,1,2,138,112,26,2016
222000,"Gefaehrliche und schwere Koerperverletzung, Verstuemmelung weiblicher Genitalien    224, 226, 226a, 231 StGB",5113000,Essen,insg.,1334,916,418,6,4,2,67,40,27,73,44,29,136,91,45,146,106,40,929,641,288,50,34,16,979,675,304,2016
222000,"Gefaehrliche und schwere Koerperverletzung, Verstuemmelung weiblicher Genitalien    224, 226, 226a, 231 StGB",6412000,Frankfurt am Main,insg.,2829,2119,710,15,6,9,113,71,42,128,77,51,174,108,66,311,248,63,2101,1616,485,115,70,45,2216,1686,530,2016
222000,"Gefaehrliche und schwere Koerperverletzung, Verstuemmelung weiblicher Genitalien    224, 226, 226a, 231 StGB",8311000,Freiburg im Breisgau,insg.,888,692,196,10,8,2,26,14,12,36,22,14,82,61,21,137,112,25,609,481,128,24,16,8,633,497,136,2016
222000,"Gefaehrliche und schwere Koerperverletzung, Verstuemmelung weiblicher Genitalien    224, 226, 226a, 231 StGB",9563000,Fuerth,insg.,185,141,44,1,0,1,12,7,5,13,7,6,15,10,5,15,13,2,136,107,29,6,4,2,142,111,31,2016
222000,"Gefaehrliche und schwere Koerperverletzung, Verstuemmelung weiblicher Genitalien    224, 226, 226a, 231 StGB",5513000,Gelsenkirchen,insg.,861,606,255,5,3,2,40,26,14,45,29,16,104,74,30,96,66,30,590,418,172,26,19,7,616,437,179,2016
222000,"Gefaehrliche und schwere Koerperverletzung, Verstuemmelung weiblicher Genitalien    224, 226, 226a, 231 StGB",3152012,Goettingen,insg.,487,372,115,5,4,1,17,13,4,22,17,5,35,28,7,54,46,8,365,275,90,11,6,5,376,281,95,2016
222000,"Gefaehrliche und schwere Koerperverletzung, Verstuemmelung weiblicher Genitalien    224, 226, 226a, 231 StGB",5914000,Hagen,insg.,410,272,138,0,0,0,22,11,11,22,11,11,39,28,11,49,35,14,291,191,100,9,7,2,300,198,102,2016
222000,"Gefaehrliche und schwere Koerperverletzung, Verstuemmelung weiblicher Genitalien    224, 226, 226a, 231 StGB",15002000,Halle (Saale),insg.,759,573,186,6,3,3,38,24,14,44,27,17,70,48,22,65,47,18,554,431,123,26,20,6,580,451,129,2016
222000,"Gefaehrliche und schwere Koerperverletzung, Verstuemmelung weiblicher Genitalien    224, 226, 226a, 231 StGB",2000000,Hamburg,insg.,6962,5322,1640,19,11,8,326,241,85,345,252,93,605,449,156,702,562,140,5064,3886,1178,246,173,73,5310,4059,1251,2016
222000,"Gefaehrliche und schwere Koerperverletzung, Verstuemmelung weiblicher Genitalien    224, 226, 226a, 231 StGB",5915000,Hamm,insg.,443,314,129,3,2,1,8,7,1,11,9,2,35,22,13,51,39,12,326,234,92,20,10,10,346,244,102,2016
222000,"Gefaehrliche und schwere Koerperverletzung, Verstuemmelung weiblicher Genitalien    224, 226, 226a, 231 StGB",3241001,Hannover,insg.,2889,2242,647,7,3,4,127,60,67,134,63,71,191,115,76,300,235,65,2200,1780,420,64,49,15,2264,1829,435,2016
222000,"Gefaehrliche und schwere Koerperverletzung, Verstuemmelung weiblicher Genitalien    224, 226, 226a, 231 StGB",8221000,Heidelberg,insg.,537,439,98,1,1,0,11,6,5,12,7,5,40,30,10,79,70,9,390,321,69,16,11,5,406,332,74,2016
222000,"Gefaehrliche und schwere Koerperverletzung, Verstuemmelung weiblicher Genitalien    224, 226, 226a, 231 StGB",8121000,Heilbronn,insg.,277,212,65,0,0,0,7,4,3,7,4,3,33,23,10,48,38,10,185,145,40,4,2,2,189,147,42,2016
222000,"Gefaehrliche und schwere Koerperverletzung, Verstuemmelung weiblicher Genitalien    224, 226, 226a, 231 StGB",5916000,Herne,insg.,322,220,102,2,2,0,17,13,4,19,15,4,32,20,12,28,20,8,236,159,77,7,6,1,243,165,78,2016
222000,"Gefaehrliche und schwere Koerperverletzung, Verstuemmelung weiblicher Genitalien    224, 226, 226a, 231 StGB",3254021,Hildesheim,insg.,447,320,127,5,3,2,18,8,10,23,11,12,50,37,13,49,36,13,316,230,86,9,6,3,325,236,89,2016
222000,"Gefaehrliche und schwere Koerperverletzung, Verstuemmelung weiblicher Genitalien    224, 226, 226a, 231 StGB",9161000,Ingolstadt,insg.,414,326,88,0,0,0,13,9,4,13,9,4,62,36,26,57,44,13,269,230,39,13,7,6,282,237,45,2016
222000,"Gefaehrliche und schwere Koerperverletzung, Verstuemmelung weiblicher Genitalien    224, 226, 226a, 231 StGB",16053000,Jena,insg.,226,162,64,2,2,0,8,5,3,10,7,3,17,10,7,14,10,4,176,128,48,9,7,2,185,135,50,2016
222000,"Gefaehrliche und schwere Koerperverletzung, Verstuemmelung weiblicher Genitalien    224, 226, 226a, 231 StGB",8212000,Karlsruhe,insg.,828,645,183,2,0,2,11,10,1,13,10,3,60,48,12,91,76,15,628,485,143,36,26,10,664,511,153,2016
222000,"Gefaehrliche und schwere Koerperverletzung, Verstuemmelung weiblicher Genitalien    224, 226, 226a, 231 StGB",6611000,Kassel,insg.,613,449,164,1,1,0,23,14,9,24,15,9,47,30,17,72,53,19,443,330,113,27,21,6,470,351,119,2016
222000,"Gefaehrliche und schwere Koerperverletzung, Verstuemmelung weiblicher Genitalien    224, 226, 226a, 231 StGB",1002000,Kiel,insg.,893,686,207,3,1,2,17,13,4,20,14,6,73,59,14,103,85,18,669,506,163,28,22,6,697,528,169,2016
222000,"Gefaehrliche und schwere Koerperverletzung, Verstuemmelung weiblicher Genitalien    224, 226, 226a, 231 StGB",7111000,Koblenz,insg.,413,328,85,1,1,0,14,10,4,15,11,4,41,36,5,48,44,4,290,226,64,19,11,8,309,237,72,2016
222000,"Gefaehrliche und schwere Koerperverletzung, Verstuemmelung weiblicher Genitalien    224, 226, 226a, 231 StGB",5315000,Koeln,insg.,4962,3587,1375,15,12,3,173,117,56,188,129,59,342,221,121,523,387,136,3733,2739,994,176,111,65,3909,2850,1059,2016
222000,"Gefaehrliche und schwere Koerperverletzung, Verstuemmelung weiblicher Genitalien    224, 226, 226a, 231 StGB",5114000,Krefeld,insg.,566,383,183,4,2,2,27,19,8,31,21,10,38,24,14,63,48,15,403,268,135,31,22,9,434,290,144,2016
222000,"Gefaehrliche und schwere Koerperverletzung, Verstuemmelung weiblicher Genitalien    224, 226, 226a, 231 StGB",14713000,Leipzig,insg.,1849,1458,391,14,7,7,73,51,22,87,58,29,156,102,54,176,144,32,1370,1118,252,60,36,24,1430,1154,276,2016
222000,"Gefaehrliche und schwere Koerperverletzung, Verstuemmelung weiblicher Genitalien    224, 226, 226a, 231 StGB",5316000,Leverkusen,insg.,578,386,192,2,1,1,32,18,14,34,19,15,58,38,20,55,38,17,405,268,137,26,23,3,431,291,140,2016
222000,"Gefaehrliche und schwere Koerperverletzung, Verstuemmelung weiblicher Genitalien    224, 226, 226a, 231 StGB",1003000,Luebeck,insg.,871,634,237,2,0,2,25,16,9,27,16,11,81,52,29,74,49,25,657,496,161,32,21,11,689,517,172,2016
222000,"Gefaehrliche und schwere Koerperverletzung, Verstuemmelung weiblicher Genitalien    224, 226, 226a, 231 StGB",7314000,Ludwigshafen am Rhein,insg.,740,527,213,11,6,5,62,42,20,73,48,25,75,45,30,81,58,23,479,351,128,32,25,7,511,376,135,2016
222000,"Gefaehrliche und schwere Koerperverletzung, Verstuemmelung weiblicher Genitalien    224, 226, 226a, 231 StGB",15003000,Magdeburg,insg.,697,512,185,2,2,0,20,9,11,22,11,11,53,30,23,55,44,11,525,397,128,42,30,12,567,427,140,2016
222000,"Gefaehrliche und schwere Koerperverletzung, Verstuemmelung weiblicher Genitalien    224, 226, 226a, 231 StGB",7315000,Mainz,insg.,672,526,146,4,4,0,13,9,4,17,13,4,58,47,11,87,75,12,493,379,114,17,12,5,510,391,119,2016
222000,"Gefaehrliche und schwere Koerperverletzung, Verstuemmelung weiblicher Genitalien    224, 226, 226a, 231 StGB",8222000,Mannheim,insg.,1146,849,297,10,5,5,43,25,18,53,30,23,71,54,17,106,78,28,877,662,215,39,25,14,916,687,229,2016
222000,"Gefaehrliche und schwere Koerperverletzung, Verstuemmelung weiblicher Genitalien    224, 226, 226a, 231 StGB",5170024,Moers,insg.,245,170,75,1,1,0,28,12,16,29,13,16,33,15,18,31,24,7,146,113,33,6,5,1,152,118,34,2016
222000,"Gefaehrliche und schwere Koerperverletzung, Verstuemmelung weiblicher Genitalien    224, 226, 226a, 231 StGB",5116000,Moenchengladbach,insg.,603,415,188,3,1,2,29,23,6,32,24,8,71,53,18,80,54,26,401,270,131,19,14,5,420,284,136,2016
222000,"Gefaehrliche und schwere Koerperverletzung, Verstuemmelung weiblicher Genitalien    224, 226, 226a, 231 StGB",5117000,Muelheim an der Ruhr,insg.,325,196,129,2,0,2,19,15,4,21,15,6,30,16,14,25,15,10,226,140,86,23,10,13,249,150,99,2016
222000,"Gefaehrliche und schwere Koerperverletzung, Verstuemmelung weiblicher Genitalien    224, 226, 226a, 231 StGB",9162000,Muenchen,insg.,3865,2981,884,15,9,6,83,57,26,98,66,32,239,189,50,450,357,93,2946,2283,663,132,86,46,3078,2369,709,2016
222000,"Gefaehrliche und schwere Koerperverletzung, Verstuemmelung weiblicher Genitalien    224, 226, 226a, 231 StGB",5515000,Muenster,insg.,794,585,209,2,1,1,26,18,8,28,19,9,69,54,15,96,75,21,577,419,158,24,18,6,601,437,164,2016
222000,"Gefaehrliche und schwere Koerperverletzung, Verstuemmelung weiblicher Genitalien    224, 226, 226a, 231 StGB",5162024,Neuss,insg.,319,214,105,0,0,0,12,12,0,12,12,0,28,20,8,46,32,14,219,144,75,14,6,8,233,150,83,2016
222000,"Gefaehrliche und schwere Koerperverletzung, Verstuemmelung weiblicher Genitalien    224, 226, 226a, 231 StGB",9564000,Nuernberg,insg.,1694,1287,407,18,16,2,43,32,11,61,48,13,127,97,30,192,154,38,1251,951,300,63,37,26,1314,988,326,2016
222000,"Gefaehrliche und schwere Koerperverletzung, Verstuemmelung weiblicher Genitalien    224, 226, 226a, 231 StGB",5119000,Oberhausen,insg.,432,301,131,0,0,0,9,5,4,9,5,4,39,30,9,42,35,7,312,219,93,30,12,18,342,231,111,2016
222000,"Gefaehrliche und schwere Koerperverletzung, Verstuemmelung weiblicher Genitalien    224, 226, 226a, 231 StGB",6413000,Offenbach am Main,insg.,284,201,83,1,0,1,9,5,4,10,5,5,28,22,6,14,9,5,223,161,62,9,4,5,232,165,67,2016
222000,"Gefaehrliche und schwere Koerperverletzung, Verstuemmelung weiblicher Genitalien    224, 226, 226a, 231 StGB",3403000,Oldenburg (Oldenburg),insg.,453,346,107,0,0,0,10,9,1,10,9,1,42,29,13,61,41,20,332,260,72,8,7,1,340,267,73,2016
222000,"Gefaehrliche und schwere Koerperverletzung, Verstuemmelung weiblicher Genitalien    224, 226, 226a, 231 StGB",3404000,Osnabrueck,insg.,754,572,182,6,2,4,10,6,4,16,8,8,52,37,15,84,67,17,581,444,137,21,16,5,602,460,142,2016
222000,"Gefaehrliche und schwere Koerperverletzung, Verstuemmelung weiblicher Genitalien    224, 226, 226a, 231 StGB",5774032,Paderborn,insg.,375,268,107,0,0,0,8,6,2,8,6,2,24,19,5,48,40,8,277,193,84,18,10,8,295,203,92,2016
222000,"Gefaehrliche und schwere Koerperverletzung, Verstuemmelung weiblicher Genitalien    224, 226, 226a, 231 StGB",8231000,Pforzheim,insg.,316,247,69,2,1,1,19,14,5,21,15,6,19,11,8,25,17,8,239,197,42,12,7,5,251,204,47,2016
222000,"Gefaehrliche und schwere Koerperverletzung, Verstuemmelung weiblicher Genitalien    224, 226, 226a, 231 StGB",12054000,Potsdam,insg.,267,213,54,0,0,0,15,11,4,15,11,4,28,25,3,24,21,3,185,144,41,15,12,3,200,156,44,2016
222000,"Gefaehrliche und schwere Koerperverletzung, Verstuemmelung weiblicher Genitalien    224, 226, 226a, 231 StGB",5562032,Recklinghausen,insg.,360,248,112,1,0,1,12,11,1,13,11,2,47,31,16,43,30,13,244,168,76,13,8,5,257,176,81,2016
222000,"Gefaehrliche und schwere Koerperverletzung, Verstuemmelung weiblicher Genitalien    224, 226, 226a, 231 StGB",9362000,Regensburg,insg.,467,372,95,0,0,0,10,7,3,10,7,3,41,33,8,55,47,8,353,280,73,8,5,3,361,285,76,2016
222000,"Gefaehrliche und schwere Koerperverletzung, Verstuemmelung weiblicher Genitalien    224, 226, 226a, 231 StGB",5120000,Remscheid,insg.,246,158,88,2,2,0,16,9,7,18,11,7,27,12,15,28,18,10,167,112,55,6,5,1,173,117,56,2016
222000,"Gefaehrliche und schwere Koerperverletzung, Verstuemmelung weiblicher Genitalien    224, 226, 226a, 231 StGB",8415061,Reutlingen,insg.,308,220,88,1,1,0,6,3,3,7,4,3,34,22,12,40,35,5,219,153,66,8,6,2,227,159,68,2016
222000,"Gefaehrliche und schwere Koerperverletzung, Verstuemmelung weiblicher Genitalien    224, 226, 226a, 231 StGB",13003000,Rostock,insg.,475,358,117,4,3,1,29,19,10,33,22,11,49,37,12,39,26,13,334,260,74,20,13,7,354,273,81,2016
222000,"Gefaehrliche und schwere Koerperverletzung, Verstuemmelung weiblicher Genitalien    224, 226, 226a, 231 StGB",10041100,Saarbruecken,insg.,853,587,266,3,1,2,21,13,8,24,14,10,59,29,30,122,91,31,622,437,185,26,16,10,648,453,195,2016
222000,"Gefaehrliche und schwere Koerperverletzung, Verstuemmelung weiblicher Genitalien    224, 226, 226a, 231 StGB",3102000,Salzgitter,insg.,261,185,76,1,1,0,14,11,3,15,12,3,22,17,5,31,26,5,182,122,60,11,8,3,193,130,63,2016
222000,"Gefaehrliche und schwere Koerperverletzung, Verstuemmelung weiblicher Genitalien    224, 226, 226a, 231 StGB",13004000,Schwerin,insg.,227,177,50,0,0,0,22,17,5,22,17,5,41,34,7,21,20,1,133,99,34,10,7,3,143,106,37,2016
222000,"Gefaehrliche und schwere Koerperverletzung, Verstuemmelung weiblicher Genitalien    224, 226, 226a, 231 StGB",5970040,Siegen,insg.,312,230,82,0,0,0,10,8,2,10,8,2,27,19,8,40,33,7,227,164,63,8,6,2,235,170,65,2016
222000,"Gefaehrliche und schwere Koerperverletzung, Verstuemmelung weiblicher Genitalien    224, 226, 226a, 231 StGB",5122000,Solingen,insg.,315,223,92,1,1,0,12,8,4,13,9,4,33,23,10,38,33,5,218,148,70,13,10,3,231,158,73,2016
222000,"Gefaehrliche und schwere Koerperverletzung, Verstuemmelung weiblicher Genitalien    224, 226, 226a, 231 StGB",8111000,Stuttgart,insg.,2470,1970,500,22,20,2,53,38,15,75,58,17,181,129,52,316,253,63,1845,1496,349,53,34,19,1898,1530,368,2016
222000,"Gefaehrliche und schwere Koerperverletzung, Verstuemmelung weiblicher Genitalien    224, 226, 226a, 231 StGB",7211000,Trier,insg.,366,288,78,1,1,0,13,9,4,14,10,4,34,27,7,56,48,8,249,194,55,13,9,4,262,203,59,2016
222000,"Gefaehrliche und schwere Koerperverletzung, Verstuemmelung weiblicher Genitalien    224, 226, 226a, 231 StGB",8421000,Ulm,insg.,364,277,87,5,4,1,10,5,5,15,9,6,25,20,5,41,29,12,275,212,63,8,7,1,283,219,64,2016
222000,"Gefaehrliche und schwere Koerperverletzung, Verstuemmelung weiblicher Genitalien    224, 226, 226a, 231 StGB",6414000,Wiesbaden,insg.,905,640,265,4,2,2,42,27,15,46,29,17,120,84,36,93,67,26,616,443,173,30,17,13,646,460,186,2016
222000,"Gefaehrliche und schwere Koerperverletzung, Verstuemmelung weiblicher Genitalien    224, 226, 226a, 231 StGB",3103000,Wolfsburg,insg.,268,202,66,1,0,1,6,5,1,7,5,2,25,22,3,31,24,7,195,147,48,10,4,6,205,151,54,2016
222000,"Gefaehrliche und schwere Koerperverletzung, Verstuemmelung weiblicher Genitalien    224, 226, 226a, 231 StGB",5124000,Wuppertal,insg.,991,710,281,1,1,0,51,36,15,52,37,15,76,50,26,118,78,40,719,526,193,26,19,7,745,545,200,2016
222000,"Gefaehrliche und schwere Koerperverletzung, Verstuemmelung weiblicher Genitalien    224, 226, 226a, 231 StGB",9663000,Wuerzburg,insg.,375,289,86,1,0,1,9,7,2,10,7,3,42,32,10,50,32,18,260,209,51,13,9,4,273,218,55,2016
224000,Vorsaetzliche einfache Koerperverletzung   223 StGB,5334002,Aachen,voll.,1687,973,714,6,4,2,68,43,25,74,47,27,140,78,62,195,116,79,1192,680,512,86,52,34,1278,732,546,2016
224000,Vorsaetzliche einfache Koerperverletzung   223 StGB,9761000,Augsburg,voll.,2503,1587,916,12,6,6,95,63,32,107,69,38,183,117,66,270,176,94,1858,1171,687,85,54,31,1943,1225,718,2016
224000,Vorsaetzliche einfache Koerperverletzung   223 StGB,5378004,Bergisch Gladbach,voll.,544,274,270,5,1,4,25,15,10,30,16,14,43,22,21,43,20,23,383,194,189,45,22,23,428,216,212,2016
224000,Vorsaetzliche einfache Koerperverletzung   223 StGB,11000000,Berlin,voll.,29779,17568,12211,202,125,77,1700,1159,541,1902,1284,618,1969,1183,786,1972,1122,850,22311,13048,9263,1625,931,694,23936,13979,9957,2016
224000,Vorsaetzliche einfache Koerperverletzung   223 StGB,5711000,Bielefeld,voll.,1878,1058,820,4,1,3,44,38,6,48,39,9,143,78,65,200,118,82,1391,773,618,96,50,46,1487,823,664,2016
224000,Vorsaetzliche einfache Koerperverletzung   223 StGB,5911000,Bochum,voll.,2818,1624,1194,16,12,4,116,77,39,132,89,43,232,122,110,288,169,119,2018,1165,853,148,79,69,2166,1244,922,2016
224000,Vorsaetzliche einfache Koerperverletzung   223 StGB,5314000,Bonn,voll.,2125,1228,897,10,4,6,111,94,17,121,98,23,185,94,91,206,123,83,1485,832,653,128,81,47,1613,913,700,2016
224000,Vorsaetzliche einfache Koerperverletzung   223 StGB,5512000,Bottrop,voll.,584,318,266,1,1,0,27,17,10,28,18,10,66,44,22,70,42,28,380,192,188,40,22,18,420,214,206,2016
224000,Vorsaetzliche einfache Koerperverletzung   223 StGB,3101000,Braunschweig,voll.,2008,1287,721,17,4,13,60,29,31,77,33,44,139,73,66,235,165,70,1470,962,508,87,54,33,1557,1016,541,2016
224000,Vorsaetzliche einfache Koerperverletzung   223 StGB,4011000,Bremen,voll.,4473,2744,1729,27,13,14,147,102,45,174,115,59,376,249,127,441,273,168,3264,1963,1301,218,144,74,3482,2107,1375,2016
224000,Vorsaetzliche einfache Koerperverletzung   223 StGB,4012000,Bremerhaven,voll.,915,502,413,8,4,4,47,30,17,55,34,21,90,48,42,72,40,32,661,358,303,37,22,15,698,380,318,2016
224000,Vorsaetzliche einfache Koerperverletzung   223 StGB,14511000,Chemnitz,voll.,1103,644,459,9,7,2,58,30,28,67,37,30,111,70,41,110,59,51,756,446,310,59,32,27,815,478,337,2016
224000,Vorsaetzliche einfache Koerperverletzung   223 StGB,6411000,Darmstadt,voll.,572,313,259,6,4,2,22,16,6,28,20,8,43,25,18,55,28,27,411,219,192,35,21,14,446,240,206,2016
224000,Vorsaetzliche einfache Koerperverletzung   223 StGB,5913000,Dortmund,voll.,4641,2624,2017,25,18,7,217,145,72,242,163,79,368,200,168,465,264,201,3357,1879,1478,209,118,91,3566,1997,1569,2016
224000,Vorsaetzliche einfache Koerperverletzung   223 StGB,14612000,Dresden,voll.,2379,1575,804,23,13,10,117,81,36,140,94,46,150,90,60,228,162,66,1724,1150,574,137,79,58,1861,1229,632,2016
224000,Vorsaetzliche einfache Koerperverletzung   223 StGB,5112000,Duisburg,voll.,3606,1877,1729,26,14,12,210,143,67,236,157,79,324,180,144,296,152,144,2555,1282,1273,195,106,89,2750,1388,1362,2016
224000,Vorsaetzliche einfache Koerperverletzung   223 StGB,5111000,Duesseldorf,voll.,4175,2597,1578,12,5,7,150,103,47,162,108,54,291,161,130,414,260,154,3123,1973,1150,185,95,90,3308,2068,1240,2016
224000,Vorsaetzliche einfache Koerperverletzung   223 StGB,16051000,Erfurt,voll.,1851,1152,699,19,9,10,128,93,35,147,102,45,155,99,56,197,141,56,1275,766,509,77,44,33,1352,810,542,2016
224000,Vorsaetzliche einfache Koerperverletzung   223 StGB,9562000,Erlangen,voll.,599,419,180,6,3,3,22,18,4,28,21,7,68,47,21,87,67,20,394,272,122,22,12,10,416,284,132,2016
224000,Vorsaetzliche einfache Koerperverletzung   223 StGB,5113000,Essen,voll.,2714,1430,1284,15,10,5,147,101,46,162,111,51,240,132,108,247,125,122,1915,976,939,150,86,64,2065,1062,1003,2016
224000,Vorsaetzliche einfache Koerperverletzung   223 StGB,6412000,Frankfurt am Main,voll.,4143,2349,1794,21,15,6,127,81,46,148,96,52,171,85,86,309,183,126,3259,1836,1423,256,149,107,3515,1985,1530,2016
224000,Vorsaetzliche einfache Koerperverletzung   223 StGB,8311000,Freiburg im Breisgau,voll.,2326,1542,784,23,16,7,121,75,46,144,91,53,195,123,72,262,172,90,1635,1104,531,90,52,38,1725,1156,569,2016
224000,Vorsaetzliche einfache Koerperverletzung   223 StGB,9563000,Fuerth,voll.,474,257,217,6,1,5,33,23,10,39,24,15,50,25,25,34,20,14,331,179,152,20,9,11,351,188,163,2016
224000,Vorsaetzliche einfache Koerperverletzung   223 StGB,5513000,Gelsenkirchen,voll.,1977,994,983,11,8,3,105,79,26,116,87,29,178,101,77,163,70,93,1404,675,729,116,61,55,1520,736,784,2016
224000,Vorsaetzliche einfache Koerperverletzung   223 StGB,3152012,Goettingen,voll.,1030,653,377,5,2,3,57,38,19,62,40,22,75,51,24,131,97,34,713,432,281,49,33,16,762,465,297,2016
224000,Vorsaetzliche einfache Koerperverletzung   223 StGB,5914000,Hagen,voll.,1220,659,561,1,1,0,72,47,25,73,48,25,97,56,41,135,74,61,861,452,409,54,29,25,915,481,434,2016
224000,Vorsaetzliche einfache Koerperverletzung   223 StGB,15002000,Halle (Saale),voll.,1868,1126,742,17,10,7,129,77,52,146,87,59,146,98,48,174,112,62,1305,779,526,97,50,47,1402,829,573,2016
224000,Vorsaetzliche einfache Koerperverletzung   223 StGB,2000000,Hamburg,voll.,16362,9932,6430,103,69,34,891,651,240,994,720,274,1267,764,503,1374,884,490,11904,7064,4840,823,500,323,12727,7564,5163,2016
224000,Vorsaetzliche einfache Koerperverletzung   223 StGB,5915000,Hamm,voll.,1019,562,457,4,3,1,55,34,21,59,37,22,100,52,48,87,57,30,724,383,341,49,33,16,773,416,357,2016
224000,Vorsaetzliche einfache Koerperverletzung   223 StGB,3241001,Hannover,voll.,5442,3337,2105,18,10,8,190,115,75,208,125,83,365,184,181,558,350,208,4082,2540,1542,229,138,91,4311,2678,1633,2016
224000,Vorsaetzliche einfache Koerperverletzung   223 StGB,8221000,Heidelberg,voll.,961,638,323,5,3,2,43,27,16,48,30,18,66,37,29,107,78,29,678,459,219,62,34,28,740,493,247,2016
224000,Vorsaetzliche einfache Koerperverletzung   223 StGB,8121000,Heilbronn,voll.,734,434,300,6,4,2,18,10,8,24,14,10,70,41,29,73,47,26,542,320,222,25,12,13,567,332,235,2016
224000,Vorsaetzliche einfache Koerperverletzung   223 StGB,5916000,Herne,voll.,1225,645,580,4,3,1,73,49,24,77,52,25,113,52,61,111,63,48,867,451,416,57,27,30,924,478,446,2016
224000,Vorsaetzliche einfache Koerperverletzung   223 StGB,3254021,Hildesheim,voll.,892,492,400,5,2,3,39,22,17,44,24,20,72,35,37,84,42,42,651,370,281,41,21,20,692,391,301,2016
224000,Vorsaetzliche einfache Koerperverletzung   223 StGB,9161000,Ingolstadt,voll.,1100,777,323,4,2,2,43,33,10,47,35,12,99,67,32,128,100,28,785,556,229,41,19,22,826,575,251,2016
224000,Vorsaetzliche einfache Koerperverletzung   223 StGB,16053000,Jena,voll.,605,417,188,8,5,3,33,23,10,41,28,13,47,29,18,58,45,13,437,297,140,22,18,4,459,315,144,2016
224000,Vorsaetzliche einfache Koerperverletzung   223 StGB,8212000,Karlsruhe,voll.,1688,1081,607,8,6,2,51,29,22,59,35,24,122,70,52,179,115,64,1230,799,431,98,62,36,1328,861,467,2016
224000,Vorsaetzliche einfache Koerperverletzung   223 StGB,6611000,Kassel,voll.,1095,564,531,4,3,1,47,35,12,51,38,13,75,37,38,107,51,56,816,417,399,46,21,25,862,438,424,2016
224000,Vorsaetzliche einfache Koerperverletzung   223 StGB,1002000,Kiel,voll.,2029,1294,735,8,6,2,94,66,28,102,72,30,154,97,57,211,134,77,1484,937,547,78,54,24,1562,991,571,2016
224000,Vorsaetzliche einfache Koerperverletzung   223 StGB,7111000,Koblenz,voll.,1027,634,393,6,4,2,33,19,14,39,23,16,92,59,33,118,76,42,741,453,288,37,23,14,778,476,302,2016
224000,Vorsaetzliche einfache Koerperverletzung   223 StGB,5315000,Koeln,voll.,9801,5910,3891,57,35,22,439,294,145,496,329,167,677,389,288,867,530,337,7317,4390,2927,444,272,172,7761,4662,3099,2016
224000,Vorsaetzliche einfache Koerperverletzung   223 StGB,5114000,Krefeld,voll.,1599,850,749,11,8,3,90,55,35,101,63,38,129,72,57,160,91,69,1111,566,545,98,58,40,1209,624,585,2016
224000,Vorsaetzliche einfache Koerperverletzung   223 StGB,14713000,Leipzig,voll.,3216,1954,1262,39,23,16,152,91,61,191,114,77,250,138,112,216,137,79,2380,1462,918,179,103,76,2559,1565,994,2016
224000,Vorsaetzliche einfache Koerperverletzung   223 StGB,5316000,Leverkusen,voll.,1123,622,501,2,2,0,65,46,19,67,48,19,113,62,51,106,54,52,783,424,359,54,34,20,837,458,379,2016
224000,Vorsaetzliche einfache Koerperverletzung   223 StGB,1003000,Luebeck,voll.,2230,1378,852,7,3,4,120,84,36,127,87,40,176,99,77,208,140,68,1615,995,620,104,57,47,1719,1052,667,2016
224000,Vorsaetzliche einfache Koerperverletzung   223 StGB,7314000,Ludwigshafen am Rhein,voll.,1618,894,724,20,9,11,124,80,44,144,89,55,149,83,66,149,88,61,1096,590,506,80,44,36,1176,634,542,2016
224000,Vorsaetzliche einfache Koerperverletzung   223 StGB,15003000,Magdeburg,voll.,1465,826,639,11,6,5,71,46,25,82,52,30,114,71,43,125,56,69,1067,601,466,77,46,31,1144,647,497,2016
224000,Vorsaetzliche einfache Koerperverletzung   223 StGB,7315000,Mainz,voll.,1763,1133,630,13,9,4,62,42,20,75,51,24,141,97,44,205,151,54,1267,785,482,75,49,26,1342,834,508,2016
224000,Vorsaetzliche einfache Koerperverletzung   223 StGB,8222000,Mannheim,voll.,2035,1242,793,21,18,3,91,65,26,112,83,29,123,76,47,180,105,75,1515,915,600,105,63,42,1620,978,642,2016
224000,Vorsaetzliche einfache Koerperverletzung   223 StGB,5170024,Moers,voll.,608,346,262,1,1,0,49,33,16,50,34,16,71,42,29,70,43,27,381,205,176,36,22,14,417,227,190,2016
224000,Vorsaetzliche einfache Koerperverletzung   223 StGB,5116000,Moenchengladbach,voll.,1530,788,742,11,7,4,80,47,33,91,54,37,140,75,65,179,84,95,1041,527,514,79,48,31,1120,575,545,2016
224000,Vorsaetzliche einfache Koerperverletzung   223 StGB,5117000,Muelheim an der Ruhr,voll.,639,330,309,3,2,1,42,31,11,45,33,12,57,30,27,52,28,24,447,216,231,38,23,15,485,239,246,2016
224000,Vorsaetzliche einfache Koerperverletzung   223 StGB,9162000,Muenchen,voll.,8095,5358,2737,65,32,33,239,146,93,304,178,126,478,297,181,701,483,218,6209,4157,2052,403,243,160,6612,4400,2212,2016
224000,Vorsaetzliche einfache Koerperverletzung   223 StGB,5515000,Muenster,voll.,1838,1063,775,12,5,7,95,60,35,107,65,42,150,79,71,179,103,76,1323,776,547,79,40,39,1402,816,586,2016
224000,Vorsaetzliche einfache Koerperverletzung   223 StGB,5162024,Neuss,voll.,934,501,433,6,2,4,30,14,16,36,16,20,87,48,39,109,66,43,656,343,313,46,28,18,702,371,331,2016
224000,Vorsaetzliche einfache Koerperverletzung   223 StGB,9564000,Nuernberg,voll.,4039,2596,1443,21,14,7,138,90,48,159,104,55,302,197,105,468,303,165,2964,1904,1060,146,88,58,3110,1992,1118,2016
224000,Vorsaetzliche einfache Koerperverletzung   223 StGB,5119000,Oberhausen,voll.,1198,660,538,8,6,2,86,63,23,94,69,25,108,55,53,110,73,37,829,431,398,57,32,25,886,463,423,2016
224000,Vorsaetzliche einfache Koerperverletzung   223 StGB,6413000,Offenbach am Main,voll.,542,224,318,3,2,1,20,15,5,23,17,6,41,22,19,40,14,26,413,158,255,25,13,12,438,171,267,2016
224000,Vorsaetzliche einfache Koerperverletzung   223 StGB,3403000,Oldenburg (Oldenburg),voll.,846,526,320,7,6,1,36,23,13,43,29,14,73,48,25,98,65,33,590,361,229,42,23,19,632,384,248,2016
224000,Vorsaetzliche einfache Koerperverletzung   223 StGB,3404000,Osnabrueck,voll.,1080,647,433,7,4,3,29,15,14,36,19,17,81,46,35,126,78,48,791,474,317,46,30,16,837,504,333,2016
224000,Vorsaetzliche einfache Koerperverletzung   223 StGB,5774032,Paderborn,voll.,858,499,359,2,2,0,32,26,6,34,28,6,54,37,17,104,59,45,641,359,282,25,16,9,666,375,291,2016
224000,Vorsaetzliche einfache Koerperverletzung   223 StGB,8231000,Pforzheim,voll.,971,585,386,9,8,1,42,33,9,51,41,10,85,58,27,84,53,31,682,404,278,69,29,40,751,433,318,2016
224000,Vorsaetzliche einfache Koerperverletzung   223 StGB,12054000,Potsdam,voll.,774,475,299,5,3,2,57,40,17,62,43,19,58,41,17,59,38,21,560,335,225,35,18,17,595,353,242,2016
224000,Vorsaetzliche einfache Koerperverletzung   223 StGB,5562032,Recklinghausen,voll.,946,550,396,6,6,0,38,25,13,44,31,13,118,78,40,84,59,25,655,354,301,45,28,17,700,382,318,2016
224000,Vorsaetzliche einfache Koerperverletzung   223 StGB,9362000,Regensburg,voll.,1214,834,380,3,2,1,32,22,10,35,24,11,95,62,33,168,126,42,880,599,281,36,23,13,916,622,294,2016
224000,Vorsaetzliche einfache Koerperverletzung   223 StGB,5120000,Remscheid,voll.,737,381,356,8,4,4,47,26,21,55,30,25,76,29,47,64,36,28,505,265,240,37,21,16,542,286,256,2016
224000,Vorsaetzliche einfache Koerperverletzung   223 StGB,8415061,Reutlingen,voll.,673,403,270,2,1,1,27,19,8,29,20,9,62,40,22,75,53,22,479,274,205,28,16,12,507,290,217,2016
224000,Vorsaetzliche einfache Koerperverletzung   223 StGB,13003000,Rostock,voll.,1004,607,397,7,4,3,67,42,25,74,46,28,102,68,34,62,40,22,720,428,292,46,25,21,766,453,313,2016
224000,Vorsaetzliche einfache Koerperverletzung   223 StGB,10041100,Saarbruecken,voll.,1794,985,809,5,3,2,92,46,46,97,49,48,138,67,71,201,116,85,1269,705,564,89,48,41,1358,753,605,2016
224000,Vorsaetzliche einfache Koerperverletzung   223 StGB,3102000,Salzgitter,voll.,568,296,272,10,3,7,35,28,7,45,31,14,64,36,28,54,28,26,381,191,190,24,10,14,405,201,204,2016
224000,Vorsaetzliche einfache Koerperverletzung   223 StGB,13004000,Schwerin,voll.,591,362,229,3,2,1,58,38,20,61,40,21,55,40,15,45,28,17,392,234,158,38,20,18,430,254,176,2016
224000,Vorsaetzliche einfache Koerperverletzung   223 StGB,5970040,Siegen,voll.,806,493,313,8,7,1,45,34,11,53,41,12,81,50,31,95,60,35,538,321,217,39,21,18,577,342,235,2016
224000,Vorsaetzliche einfache Koerperverletzung   223 StGB,5122000,Solingen,voll.,824,433,391,2,1,1,50,34,16,52,35,17,66,35,31,99,55,44,568,282,286,39,26,13,607,308,299,2016
224000,Vorsaetzliche einfache Koerperverletzung   223 StGB,8111000,Stuttgart,voll.,5499,3570,1929,38,23,15,220,148,72,258,171,87,333,190,143,484,331,153,4174,2735,1439,250,143,107,4424,2878,1546,2016
224000,Vorsaetzliche einfache Koerperverletzung   223 StGB,7211000,Trier,voll.,977,638,339,2,2,0,31,20,11,33,22,11,140,97,43,133,92,41,624,396,228,47,31,16,671,427,244,2016
224000,Vorsaetzliche einfache Koerperverletzung   223 StGB,8421000,Ulm,voll.,778,499,279,0,0,0,24,15,9,24,15,9,67,39,28,90,62,28,561,358,203,36,25,11,597,383,214,2016
224000,Vorsaetzliche einfache Koerperverletzung   223 StGB,6414000,Wiesbaden,voll.,1720,906,814,12,7,5,53,36,17,65,43,22,150,85,65,202,118,84,1205,613,592,98,47,51,1303,660,643,2016
224000,Vorsaetzliche einfache Koerperverletzung   223 StGB,3103000,Wolfsburg,voll.,673,403,270,9,7,2,31,21,10,40,28,12,47,31,16,69,45,24,485,282,203,32,17,15,517,299,218,2016
224000,Vorsaetzliche einfache Koerperverletzung   223 StGB,5124000,Wuppertal,voll.,3020,1690,1330,12,5,7,171,113,58,183,118,65,306,177,129,307,170,137,2100,1150,950,124,75,49,2224,1225,999,2016
224000,Vorsaetzliche einfache Koerperverletzung   223 StGB,9663000,Wuerzburg,voll.,939,655,284,6,4,2,15,9,6,21,13,8,78,50,28,146,91,55,655,480,175,39,21,18,694,501,193,2016
224000,Vorsaetzliche einfache Koerperverletzung   223 StGB,5334002,Aachen,vers.,73,51,22,0,0,0,0,0,0,0,0,0,4,2,2,3,3,0,60,42,18,6,4,2,66,46,20,2016
224000,Vorsaetzliche einfache Koerperverletzung   223 StGB,9761000,Augsburg,vers.,331,266,65,2,2,0,8,7,1,10,9,1,12,8,4,18,16,2,280,226,54,11,7,4,291,233,58,2016
224000,Vorsaetzliche einfache Koerperverletzung   223 StGB,5378004,Bergisch Gladbach,vers.,25,14,11,0,0,0,0,0,0,0,0,0,2,2,0,3,3,0,15,9,6,5,0,5,20,9,11,2016
224000,Vorsaetzliche einfache Koerperverletzung   223 StGB,11000000,Berlin,vers.,2573,1897,676,17,8,9,54,39,15,71,47,24,85,54,31,92,58,34,2163,1621,542,162,117,45,2325,1738,587,2016
224000,Vorsaetzliche einfache Koerperverletzung   223 StGB,5711000,Bielefeld,vers.,91,66,25,1,1,0,1,1,0,2,2,0,5,5,0,5,4,1,70,48,22,9,7,2,79,55,24,2016
224000,Vorsaetzliche einfache Koerperverletzung   223 StGB,5911000,Bochum,vers.,140,95,45,2,0,2,1,1,0,3,1,2,5,4,1,8,5,3,116,79,37,8,6,2,124,85,39,2016
224000,Vorsaetzliche einfache Koerperverletzung   223 StGB,5314000,Bonn,vers.,88,62,26,0,0,0,0,0,0,0,0,0,7,5,2,5,2,3,72,52,20,4,3,1,76,55,21,2016
224000,Vorsaetzliche einfache Koerperverletzung   223 StGB,5512000,Bottrop,vers.,13,5,8,0,0,0,0,0,0,0,0,0,1,1,0,1,1,0,11,3,8,0,0,0,11,3,8,2016
224000,Vorsaetzliche einfache Koerperverletzung   223 StGB,3101000,Braunschweig,vers.,151,120,31,1,1,0,2,1,1,3,2,1,5,4,1,4,2,2,134,108,26,5,4,1,139,112,27,2016
224000,Vorsaetzliche einfache Koerperverletzung   223 StGB,4011000,Bremen,vers.,151,114,37,0,0,0,3,2,1,3,2,1,13,8,5,5,3,2,123,96,27,7,5,2,130,101,29,2016
224000,Vorsaetzliche einfache Koerperverletzung   223 StGB,4012000,Bremerhaven,vers.,34,25,9,0,0,0,0,0,0,0,0,0,3,2,1,2,1,1,26,20,6,3,2,1,29,22,7,2016
224000,Vorsaetzliche einfache Koerperverletzung   223 StGB,14511000,Chemnitz,vers.,37,24,13,0,0,0,1,0,1,1,0,1,1,0,1,2,0,2,29,22,7,4,2,2,33,24,9,2016
224000,Vorsaetzliche einfache Koerperverletzung   223 StGB,6411000,Darmstadt,vers.,16,10,6,0,0,0,0,0,0,0,0,0,0,0,0,2,2,0,11,7,4,3,1,2,14,8,6,2016
224000,Vorsaetzliche einfache Koerperverletzung   223 StGB,5913000,Dortmund,vers.,173,117,56,1,0,1,7,6,1,8,6,2,10,8,2,6,4,2,136,90,46,13,9,4,149,99,50,2016
224000,Vorsaetzliche einfache Koerperverletzung   223 StGB,14612000,Dresden,vers.,148,109,39,2,2,0,3,2,1,5,4,1,2,0,2,9,6,3,125,95,30,7,4,3,132,99,33,2016
224000,Vorsaetzliche einfache Koerperverletzung   223 StGB,5112000,Duisburg,vers.,118,67,51,2,1,1,2,0,2,4,1,3,4,1,3,8,5,3,95,55,40,7,5,2,102,60,42,2016
224000,Vorsaetzliche einfache Koerperverletzung   223 StGB,5111000,Duesseldorf,vers.,164,114,50,0,0,0,3,2,1,3,2,1,4,1,3,3,1,2,143,101,42,11,9,2,154,110,44,2016
224000,Vorsaetzliche einfache Koerperverletzung   223 StGB,16051000,Erfurt,vers.,144,109,35,1,0,1,7,2,5,8,2,6,9,8,1,14,13,1,96,75,21,17,11,6,113,86,27,2016
224000,Vorsaetzliche einfache Koerperverletzung   223 StGB,9562000,Erlangen,vers.,72,57,15,0,0,0,1,1,0,1,1,0,4,3,1,4,3,1,60,48,12,3,2,1,63,50,13,2016
224000,Vorsaetzliche einfache Koerperverletzung   223 StGB,5113000,Essen,vers.,78,58,20,0,0,0,1,1,0,1,1,0,0,0,0,5,3,2,68,50,18,4,4,0,72,54,18,2016
224000,Vorsaetzliche einfache Koerperverletzung   223 StGB,6412000,Frankfurt am Main,vers.,245,175,70,0,0,0,2,0,2,2,0,2,6,5,1,13,8,5,209,153,56,15,9,6,224,162,62,2016
224000,Vorsaetzliche einfache Koerperverletzung   223 StGB,8311000,Freiburg im Breisgau,vers.,201,160,41,1,1,0,9,7,2,10,8,2,11,9,2,17,13,4,154,122,32,9,8,1,163,130,33,2016
224000,Vorsaetzliche einfache Koerperverletzung   223 StGB,9563000,Fuerth,vers.,46,40,6,0,0,0,1,0,1,1,0,1,0,0,0,2,1,1,40,37,3,3,2,1,43,39,4,2016
224000,Vorsaetzliche einfache Koerperverletzung   223 StGB,5513000,Gelsenkirchen,vers.,51,29,22,0,0,0,2,2,0,2,2,0,3,1,2,3,1,2,42,25,17,1,0,1,43,25,18,2016
224000,Vorsaetzliche einfache Koerperverletzung   223 StGB,3152012,Goettingen,vers.,77,51,26,0,0,0,1,1,0,1,1,0,4,4,0,6,4,2,65,42,23,1,0,1,66,42,24,2016
224000,Vorsaetzliche einfache Koerperverletzung   223 StGB,5914000,Hagen,vers.,36,25,11,0,0,0,1,1,0,1,1,0,1,1,0,3,2,1,29,19,10,2,2,0,31,21,10,2016
224000,Vorsaetzliche einfache Koerperverletzung   223 StGB,15002000,Halle (Saale),vers.,130,101,29,1,0,1,0,0,0,1,0,1,1,1,0,3,2,1,118,92,26,7,6,1,125,98,27,2016
224000,Vorsaetzliche einfache Koerperverletzung   223 StGB,2000000,Hamburg,vers.,627,435,192,1,1,0,9,6,3,10,7,3,25,16,9,34,24,10,526,369,157,32,19,13,558,388,170,2016
224000,Vorsaetzliche einfache Koerperverletzung   223 StGB,5915000,Hamm,vers.,47,28,19,0,0,0,0,0,0,0,0,0,4,3,1,4,1,3,37,22,15,2,2,0,39,24,15,2016
224000,Vorsaetzliche einfache Koerperverletzung   223 StGB,3241001,Hannover,vers.,491,381,110,3,1,2,8,4,4,11,5,6,11,7,4,29,21,8,421,332,89,19,16,3,440,348,92,2016
224000,Vorsaetzliche einfache Koerperverletzung   223 StGB,8221000,Heidelberg,vers.,67,51,16,0,0,0,2,0,2,2,0,2,0,0,0,2,1,1,60,49,11,3,1,2,63,50,13,2016
224000,Vorsaetzliche einfache Koerperverletzung   223 StGB,8121000,Heilbronn,vers.,32,22,10,0,0,0,0,0,0,0,0,0,1,0,1,2,2,0,26,17,9,3,3,0,29,20,9,2016
224000,Vorsaetzliche einfache Koerperverletzung   223 StGB,5916000,Herne,vers.,69,44,25,0,0,0,1,1,0,1,1,0,1,0,1,5,4,1,54,34,20,8,5,3,62,39,23,2016
224000,Vorsaetzliche einfache Koerperverletzung   223 StGB,3254021,Hildesheim,vers.,43,25,18,1,0,1,1,1,0,2,1,1,1,1,0,11,4,7,29,19,10,0,0,0,29,19,10,2016
224000,Vorsaetzliche einfache Koerperverletzung   223 StGB,9161000,Ingolstadt,vers.,98,73,25,0,0,0,4,1,3,4,1,3,5,4,1,7,6,1,79,60,19,3,2,1,82,62,20,2016
224000,Vorsaetzliche einfache Koerperverletzung   223 StGB,16053000,Jena,vers.,40,31,9,0,0,0,1,0,1,1,0,1,3,3,0,3,3,0,33,25,8,0,0,0,33,25,8,2016
224000,Vorsaetzliche einfache Koerperverletzung   223 StGB,8212000,Karlsruhe,vers.,88,69,19,1,1,0,0,0,0,1,1,0,3,2,1,6,6,0,73,57,16,5,3,2,78,60,18,2016
224000,Vorsaetzliche einfache Koerperverletzung   223 StGB,6611000,Kassel,vers.,43,30,13,0,0,0,2,1,1,2,1,1,1,0,1,1,1,0,35,27,8,4,1,3,39,28,11,2016
224000,Vorsaetzliche einfache Koerperverletzung   223 StGB,1002000,Kiel,vers.,60,47,13,0,0,0,0,0,0,0,0,0,2,2,0,4,2,2,51,40,11,3,3,0,54,43,11,2016
224000,Vorsaetzliche einfache Koerperverletzung   223 StGB,7111000,Koblenz,vers.,72,52,20,0,0,0,3,2,1,3,2,1,3,2,1,6,2,4,56,42,14,4,4,0,60,46,14,2016
224000,Vorsaetzliche einfache Koerperverletzung   223 StGB,5315000,Koeln,vers.,488,313,175,0,0,0,9,8,1,9,8,1,19,12,7,26,10,16,401,261,140,33,22,11,434,283,151,2016
224000,Vorsaetzliche einfache Koerperverletzung   223 StGB,5114000,Krefeld,vers.,55,32,23,0,0,0,1,1,0,1,1,0,4,2,2,5,4,1,37,20,17,8,5,3,45,25,20,2016
224000,Vorsaetzliche einfache Koerperverletzung   223 StGB,14713000,Leipzig,vers.,128,103,25,1,0,1,2,1,1,3,1,2,6,4,2,4,3,1,111,92,19,4,3,1,115,95,20,2016
224000,Vorsaetzliche einfache Koerperverletzung   223 StGB,5316000,Leverkusen,vers.,69,40,29,0,0,0,2,1,1,2,1,1,5,3,2,5,1,4,51,31,20,6,4,2,57,35,22,2016
224000,Vorsaetzliche einfache Koerperverletzung   223 StGB,1003000,Luebeck,vers.,235,172,63,0,0,0,4,3,1,4,3,1,6,4,2,10,7,3,202,150,52,13,8,5,215,158,57,2016
224000,Vorsaetzliche einfache Koerperverletzung   223 StGB,7314000,Ludwigshafen am Rhein,vers.,123,87,36,0,0,0,10,6,4,10,6,4,10,7,3,11,7,4,85,61,24,7,6,1,92,67,25,2016
224000,Vorsaetzliche einfache Koerperverletzung   223 StGB,15003000,Magdeburg,vers.,61,47,14,1,0,1,1,1,0,2,1,1,3,1,2,6,4,2,49,40,9,1,1,0,50,41,9,2016
224000,Vorsaetzliche einfache Koerperverletzung   223 StGB,7315000,Mainz,vers.,163,120,43,0,0,0,2,1,1,2,1,1,6,4,2,15,12,3,132,98,34,8,5,3,140,103,37,2016
224000,Vorsaetzliche einfache Koerperverletzung   223 StGB,8222000,Mannheim,vers.,136,103,33,2,2,0,4,3,1,6,5,1,1,0,1,5,4,1,119,91,28,5,3,2,124,94,30,2016
224000,Vorsaetzliche einfache Koerperverletzung   223 StGB,5170024,Moers,vers.,25,15,10,0,0,0,3,2,1,3,2,1,0,0,0,1,1,0,18,9,9,3,3,0,21,12,9,2016
224000,Vorsaetzliche einfache Koerperverletzung   223 StGB,5116000,Moenchengladbach,vers.,52,35,17,0,0,0,0,0,0,0,0,0,1,1,0,1,0,1,47,31,16,3,3,0,50,34,16,2016
224000,Vorsaetzliche einfache Koerperverletzung   223 StGB,5117000,Muelheim an der Ruhr,vers.,30,18,12,0,0,0,0,0,0,0,0,0,0,0,0,3,3,0,21,12,9,6,3,3,27,15,12,2016
224000,Vorsaetzliche einfache Koerperverletzung   223 StGB,9162000,Muenchen,vers.,1011,821,190,3,2,1,10,8,2,13,10,3,22,17,5,42,33,9,901,744,157,33,17,16,934,761,173,2016
224000,Vorsaetzliche einfache Koerperverletzung   223 StGB,5515000,Muenster,vers.,73,40,33,0,0,0,1,0,1,1,0,1,1,1,0,4,3,1,57,30,27,10,6,4,67,36,31,2016
224000,Vorsaetzliche einfache Koerperverletzung   223 StGB,5162024,Neuss,vers.,21,15,6,0,0,0,0,0,0,0,0,0,2,2,0,2,2,0,14,9,5,3,2,1,17,11,6,2016
224000,Vorsaetzliche einfache Koerperverletzung   223 StGB,9564000,Nuernberg,vers.,425,346,79,1,1,0,9,3,6,10,4,6,14,11,3,30,19,11,361,303,58,10,9,1,371,312,59,2016
224000,Vorsaetzliche einfache Koerperverletzung   223 StGB,5119000,Oberhausen,vers.,48,31,17,0,0,0,0,0,0,0,0,0,0,0,0,2,0,2,42,28,14,4,3,1,46,31,15,2016
224000,Vorsaetzliche einfache Koerperverletzung   223 StGB,6413000,Offenbach am Main,vers.,15,5,10,0,0,0,0,0,0,0,0,0,1,0,1,0,0,0,13,4,9,1,1,0,14,5,9,2016
224000,Vorsaetzliche einfache Koerperverletzung   223 StGB,3403000,Oldenburg (Oldenburg),vers.,64,43,21,0,0,0,3,2,1,3,2,1,6,4,2,5,4,1,47,31,16,3,2,1,50,33,17,2016
224000,Vorsaetzliche einfache Koerperverletzung   223 StGB,3404000,Osnabrueck,vers.,63,51,12,0,0,0,0,0,0,0,0,0,2,2,0,4,4,0,57,45,12,0,0,0,57,45,12,2016
224000,Vorsaetzliche einfache Koerperverletzung   223 StGB,5774032,Paderborn,vers.,43,28,15,0,0,0,0,0,0,0,0,0,4,3,1,3,1,2,31,21,10,5,3,2,36,24,12,2016
224000,Vorsaetzliche einfache Koerperverletzung   223 StGB,8231000,Pforzheim,vers.,39,24,15,0,0,0,1,0,1,1,0,1,0,0,0,0,0,0,30,20,10,8,4,4,38,24,14,2016
224000,Vorsaetzliche einfache Koerperverletzung   223 StGB,12054000,Potsdam,vers.,39,28,11,0,0,0,2,1,1,2,1,1,3,3,0,3,2,1,29,22,7,2,0,2,31,22,9,2016
224000,Vorsaetzliche einfache Koerperverletzung   223 StGB,5562032,Recklinghausen,vers.,39,26,13,1,1,0,2,2,0,3,3,0,2,1,1,3,1,2,29,19,10,2,2,0,31,21,10,2016
224000,Vorsaetzliche einfache Koerperverletzung   223 StGB,9362000,Regensburg,vers.,153,119,34,0,0,0,1,1,0,1,1,0,5,5,0,10,7,3,136,105,31,1,1,0,137,106,31,2016
224000,Vorsaetzliche einfache Koerperverletzung   223 StGB,5120000,Remscheid,vers.,25,13,12,0,0,0,1,0,1,1,0,1,1,0,1,0,0,0,21,11,10,2,2,0,23,13,10,2016
224000,Vorsaetzliche einfache Koerperverletzung   223 StGB,8415061,Reutlingen,vers.,31,21,10,3,2,1,0,0,0,3,2,1,0,0,0,4,2,2,24,17,7,0,0,0,24,17,7,2016
224000,Vorsaetzliche einfache Koerperverletzung   223 StGB,13003000,Rostock,vers.,56,39,17,1,1,0,7,3,4,8,4,4,2,2,0,2,1,1,37,25,12,7,7,0,44,32,12,2016
224000,Vorsaetzliche einfache Koerperverletzung   223 StGB,10041100,Saarbruecken,vers.,141,99,42,3,2,1,7,5,2,10,7,3,12,7,5,11,6,5,104,76,28,4,3,1,108,79,29,2016
224000,Vorsaetzliche einfache Koerperverletzung   223 StGB,3102000,Salzgitter,vers.,21,14,7,0,0,0,0,0,0,0,0,0,1,1,0,0,0,0,18,12,6,2,1,1,20,13,7,2016
224000,Vorsaetzliche einfache Koerperverletzung   223 StGB,13004000,Schwerin,vers.,50,29,21,0,0,0,5,2,3,5,2,3,1,1,0,1,1,0,37,22,15,6,3,3,43,25,18,2016
224000,Vorsaetzliche einfache Koerperverletzung   223 StGB,5970040,Siegen,vers.,26,13,13,0,0,0,1,1,0,1,1,0,2,2,0,0,0,0,20,9,11,3,1,2,23,10,13,2016
224000,Vorsaetzliche einfache Koerperverletzung   223 StGB,5122000,Solingen,vers.,29,20,9,0,0,0,1,1,0,1,1,0,0,0,0,2,0,2,24,18,6,2,1,1,26,19,7,2016
224000,Vorsaetzliche einfache Koerperverletzung   223 StGB,8111000,Stuttgart,vers.,598,454,144,0,0,0,6,5,1,6,5,1,10,5,5,19,16,3,541,415,126,22,13,9,563,428,135,2016
224000,Vorsaetzliche einfache Koerperverletzung   223 StGB,7211000,Trier,vers.,55,39,16,1,0,1,2,1,1,3,1,2,2,1,1,3,2,1,45,33,12,2,2,0,47,35,12,2016
224000,Vorsaetzliche einfache Koerperverletzung   223 StGB,8421000,Ulm,vers.,32,26,6,0,0,0,0,0,0,0,0,0,0,0,0,2,1,1,29,24,5,1,1,0,30,25,5,2016
224000,Vorsaetzliche einfache Koerperverletzung   223 StGB,6414000,Wiesbaden,vers.,65,46,19,0,0,0,1,1,0,1,1,0,3,3,0,6,5,1,52,34,18,3,3,0,55,37,18,2016
224000,Vorsaetzliche einfache Koerperverletzung   223 StGB,3103000,Wolfsburg,vers.,22,16,6,0,0,0,0,0,0,0,0,0,3,1,2,0,0,0,18,15,3,1,0,1,19,15,4,2016
224000,Vorsaetzliche einfache Koerperverletzung   223 StGB,5124000,Wuppertal,vers.,118,75,43,3,3,0,5,2,3,8,5,3,3,3,0,2,2,0,98,60,38,7,5,2,105,65,40,2016
224000,Vorsaetzliche einfache Koerperverletzung   223 StGB,9663000,Wuerzburg,vers.,47,37,10,0,0,0,0,0,0,0,0,0,2,1,1,3,2,1,40,32,8,2,2,0,42,34,8,2016
224000,Vorsaetzliche einfache Koerperverletzung   223 StGB,5334002,Aachen,insg.,1760,1024,736,6,4,2,68,43,25,74,47,27,144,80,64,198,119,79,1252,722,530,92,56,36,1344,778,566,2016
224000,Vorsaetzliche einfache Koerperverletzung   223 StGB,9761000,Augsburg,insg.,2834,1853,981,14,8,6,103,70,33,117,78,39,195,125,70,288,192,96,2138,1397,741,96,61,35,2234,1458,776,2016
224000,Vorsaetzliche einfache Koerperverletzung   223 StGB,5378004,Bergisch Gladbach,insg.,569,288,281,5,1,4,25,15,10,30,16,14,45,24,21,46,23,23,398,203,195,50,22,28,448,225,223,2016
224000,Vorsaetzliche einfache Koerperverletzung   223 StGB,11000000,Berlin,insg.,32352,19465,12887,219,133,86,1754,1198,556,1973,1331,642,2054,1237,817,2064,1180,884,24474,14669,9805,1787,1048,739,26261,15717,10544,2016
224000,Vorsaetzliche einfache Koerperverletzung   223 StGB,5711000,Bielefeld,insg.,1969,1124,845,5,2,3,45,39,6,50,41,9,148,83,65,205,122,83,1461,821,640,105,57,48,1566,878,688,2016
224000,Vorsaetzliche einfache Koerperverletzung   223 StGB,5911000,Bochum,insg.,2958,1719,1239,18,12,6,117,78,39,135,90,45,237,126,111,296,174,122,2134,1244,890,156,85,71,2290,1329,961,2016
224000,Vorsaetzliche einfache Koerperverletzung   223 StGB,5314000,Bonn,insg.,2213,1290,923,10,4,6,111,94,17,121,98,23,192,99,93,211,125,86,1557,884,673,132,84,48,1689,968,721,2016
224000,Vorsaetzliche einfache Koerperverletzung   223 StGB,5512000,Bottrop,insg.,597,323,274,1,1,0,27,17,10,28,18,10,67,45,22,71,43,28,391,195,196,40,22,18,431,217,214,2016
224000,Vorsaetzliche einfache Koerperverletzung   223 StGB,3101000,Braunschweig,insg.,2159,1407,752,18,5,13,62,30,32,80,35,45,144,77,67,239,167,72,1604,1070,534,92,58,34,1696,1128,568,2016
224000,Vorsaetzliche einfache Koerperverletzung   223 StGB,4011000,Bremen,insg.,4624,2858,1766,27,13,14,150,104,46,177,117,60,389,257,132,446,276,170,3387,2059,1328,225,149,76,3612,2208,1404,2016
224000,Vorsaetzliche einfache Koerperverletzung   223 StGB,4012000,Bremerhaven,insg.,949,527,422,8,4,4,47,30,17,55,34,21,93,50,43,74,41,33,687,378,309,40,24,16,727,402,325,2016
224000,Vorsaetzliche einfache Koerperverletzung   223 StGB,14511000,Chemnitz,insg.,1140,668,472,9,7,2,59,30,29,68,37,31,112,70,42,112,59,53,785,468,317,63,34,29,848,502,346,2016
224000,Vorsaetzliche einfache Koerperverletzung   223 StGB,6411000,Darmstadt,insg.,588,323,265,6,4,2,22,16,6,28,20,8,43,25,18,57,30,27,422,226,196,38,22,16,460,248,212,2016
224000,Vorsaetzliche einfache Koerperverletzung   223 StGB,5913000,Dortmund,insg.,4814,2741,2073,26,18,8,224,151,73,250,169,81,378,208,170,471,268,203,3493,1969,1524,222,127,95,3715,2096,1619,2016
224000,Vorsaetzliche einfache Koerperverletzung   223 StGB,14612000,Dresden,insg.,2527,1684,843,25,15,10,120,83,37,145,98,47,152,90,62,237,168,69,1849,1245,604,144,83,61,1993,1328,665,2016
224000,Vorsaetzliche einfache Koerperverletzung   223 StGB,5112000,Duisburg,insg.,3724,1944,1780,28,15,13,212,143,69,240,158,82,328,181,147,304,157,147,2650,1337,1313,202,111,91,2852,1448,1404,2016
224000,Vorsaetzliche einfache Koerperverletzung   223 StGB,5111000,Duesseldorf,insg.,4339,2711,1628,12,5,7,153,105,48,165,110,55,295,162,133,417,261,156,3266,2074,1192,196,104,92,3462,2178,1284,2016
224000,Vorsaetzliche einfache Koerperverletzung   223 StGB,16051000,Erfurt,insg.,1995,1261,734,20,9,11,135,95,40,155,104,51,164,107,57,211,154,57,1371,841,530,94,55,39,1465,896,569,2016
224000,Vorsaetzliche einfache Koerperverletzung   223 StGB,9562000,Erlangen,insg.,671,476,195,6,3,3,23,19,4,29,22,7,72,50,22,91,70,21,454,320,134,25,14,11,479,334,145,2016
224000,Vorsaetzliche einfache Koerperverletzung   223 StGB,5113000,Essen,insg.,2792,1488,1304,15,10,5,148,102,46,163,112,51,240,132,108,252,128,124,1983,1026,957,154,90,64,2137,1116,1021,2016
224000,Vorsaetzliche einfache Koerperverletzung   223 StGB,6412000,Frankfurt am Main,insg.,4388,2524,1864,21,15,6,129,81,48,150,96,54,177,90,87,322,191,131,3468,1989,1479,271,158,113,3739,2147,1592,2016
224000,Vorsaetzliche einfache Koerperverletzung   223 StGB,8311000,Freiburg im Breisgau,insg.,2527,1702,825,24,17,7,130,82,48,154,99,55,206,132,74,279,185,94,1789,1226,563,99,60,39,1888,1286,602,2016
224000,Vorsaetzliche einfache Koerperverletzung   223 StGB,9563000,Fuerth,insg.,520,297,223,6,1,5,34,23,11,40,24,16,50,25,25,36,21,15,371,216,155,23,11,12,394,227,167,2016
224000,Vorsaetzliche einfache Koerperverletzung   223 StGB,5513000,Gelsenkirchen,insg.,2028,1023,1005,11,8,3,107,81,26,118,89,29,181,102,79,166,71,95,1446,700,746,117,61,56,1563,761,802,2016
224000,Vorsaetzliche einfache Koerperverletzung   223 StGB,3152012,Goettingen,insg.,1107,704,403,5,2,3,58,39,19,63,41,22,79,55,24,137,101,36,778,474,304,50,33,17,828,507,321,2016
224000,Vorsaetzliche einfache Koerperverletzung   223 StGB,5914000,Hagen,insg.,1256,684,572,1,1,0,73,48,25,74,49,25,98,57,41,138,76,62,890,471,419,56,31,25,946,502,444,2016
224000,Vorsaetzliche einfache Koerperverletzung   223 StGB,15002000,Halle (Saale),insg.,1998,1227,771,18,10,8,129,77,52,147,87,60,147,99,48,177,114,63,1423,871,552,104,56,48,1527,927,600,2016
224000,Vorsaetzliche einfache Koerperverletzung   223 StGB,2000000,Hamburg,insg.,16989,10367,6622,104,70,34,900,657,243,1004,727,277,1292,780,512,1408,908,500,12430,7433,4997,855,519,336,13285,7952,5333,2016
224000,Vorsaetzliche einfache Koerperverletzung   223 StGB,5915000,Hamm,insg.,1066,590,476,4,3,1,55,34,21,59,37,22,104,55,49,91,58,33,761,405,356,51,35,16,812,440,372,2016
224000,Vorsaetzliche einfache Koerperverletzung   223 StGB,3241001,Hannover,insg.,5933,3718,2215,21,11,10,198,119,79,219,130,89,376,191,185,587,371,216,4503,2872,1631,248,154,94,4751,3026,1725,2016
224000,Vorsaetzliche einfache Koerperverletzung   223 StGB,8221000,Heidelberg,insg.,1028,689,339,5,3,2,45,27,18,50,30,20,66,37,29,109,79,30,738,508,230,65,35,30,803,543,260,2016
224000,Vorsaetzliche einfache Koerperverletzung   223 StGB,8121000,Heilbronn,insg.,766,456,310,6,4,2,18,10,8,24,14,10,71,41,30,75,49,26,568,337,231,28,15,13,596,352,244,2016
224000,Vorsaetzliche einfache Koerperverletzung   223 StGB,5916000,Herne,insg.,1294,689,605,4,3,1,74,50,24,78,53,25,114,52,62,116,67,49,921,485,436,65,32,33,986,517,469,2016
224000,Vorsaetzliche einfache Koerperverletzung   223 StGB,3254021,Hildesheim,insg.,935,517,418,6,2,4,40,23,17,46,25,21,73,36,37,95,46,49,680,389,291,41,21,20,721,410,311,2016
224000,Vorsaetzliche einfache Koerperverletzung   223 StGB,9161000,Ingolstadt,insg.,1198,850,348,4,2,2,47,34,13,51,36,15,104,71,33,135,106,29,864,616,248,44,21,23,908,637,271,2016
224000,Vorsaetzliche einfache Koerperverletzung   223 StGB,16053000,Jena,insg.,645,448,197,8,5,3,34,23,11,42,28,14,50,32,18,61,48,13,470,322,148,22,18,4,492,340,152,2016
224000,Vorsaetzliche einfache Koerperverletzung   223 StGB,8212000,Karlsruhe,insg.,1776,1150,626,9,7,2,51,29,22,60,36,24,125,72,53,185,121,64,1303,856,447,103,65,38,1406,921,485,2016
224000,Vorsaetzliche einfache Koerperverletzung   223 StGB,6611000,Kassel,insg.,1138,594,544,4,3,1,49,36,13,53,39,14,76,37,39,108,52,56,851,444,407,50,22,28,901,466,435,2016
224000,Vorsaetzliche einfache Koerperverletzung   223 StGB,1002000,Kiel,insg.,2089,1341,748,8,6,2,94,66,28,102,72,30,156,99,57,215,136,79,1535,977,558,81,57,24,1616,1034,582,2016
224000,Vorsaetzliche einfache Koerperverletzung   223 StGB,7111000,Koblenz,insg.,1099,686,413,6,4,2,36,21,15,42,25,17,95,61,34,124,78,46,797,495,302,41,27,14,838,522,316,2016
224000,Vorsaetzliche einfache Koerperverletzung   223 StGB,5315000,Koeln,insg.,10289,6223,4066,57,35,22,448,302,146,505,337,168,696,401,295,893,540,353,7718,4651,3067,477,294,183,8195,4945,3250,2016
224000,Vorsaetzliche einfache Koerperverletzung   223 StGB,5114000,Krefeld,insg.,1654,882,772,11,8,3,91,56,35,102,64,38,133,74,59,165,95,70,1148,586,562,106,63,43,1254,649,605,2016
224000,Vorsaetzliche einfache Koerperverletzung   223 StGB,14713000,Leipzig,insg.,3344,2057,1287,40,23,17,154,92,62,194,115,79,256,142,114,220,140,80,2491,1554,937,183,106,77,2674,1660,1014,2016
224000,Vorsaetzliche einfache Koerperverletzung   223 StGB,5316000,Leverkusen,insg.,1192,662,530,2,2,0,67,47,20,69,49,20,118,65,53,111,55,56,834,455,379,60,38,22,894,493,401,2016
224000,Vorsaetzliche einfache Koerperverletzung   223 StGB,1003000,Luebeck,insg.,2465,1550,915,7,3,4,124,87,37,131,90,41,182,103,79,218,147,71,1817,1145,672,117,65,52,1934,1210,724,2016
224000,Vorsaetzliche einfache Koerperverletzung   223 StGB,7314000,Ludwigshafen am Rhein,insg.,1741,981,760,20,9,11,134,86,48,154,95,59,159,90,69,160,95,65,1181,651,530,87,50,37,1268,701,567,2016
224000,Vorsaetzliche einfache Koerperverletzung   223 StGB,15003000,Magdeburg,insg.,1526,873,653,12,6,6,72,47,25,84,53,31,117,72,45,131,60,71,1116,641,475,78,47,31,1194,688,506,2016
224000,Vorsaetzliche einfache Koerperverletzung   223 StGB,7315000,Mainz,insg.,1926,1253,673,13,9,4,64,43,21,77,52,25,147,101,46,220,163,57,1399,883,516,83,54,29,1482,937,545,2016
224000,Vorsaetzliche einfache Koerperverletzung   223 StGB,8222000,Mannheim,insg.,2171,1345,826,23,20,3,95,68,27,118,88,30,124,76,48,185,109,76,1634,1006,628,110,66,44,1744,1072,672,2016
224000,Vorsaetzliche einfache Koerperverletzung   223 StGB,5170024,Moers,insg.,633,361,272,1,1,0,52,35,17,53,36,17,71,42,29,71,44,27,399,214,185,39,25,14,438,239,199,2016
224000,Vorsaetzliche einfache Koerperverletzung   223 StGB,5116000,Moenchengladbach,insg.,1582,823,759,11,7,4,80,47,33,91,54,37,141,76,65,180,84,96,1088,558,530,82,51,31,1170,609,561,2016
224000,Vorsaetzliche einfache Koerperverletzung   223 StGB,5117000,Muelheim an der Ruhr,insg.,669,348,321,3,2,1,42,31,11,45,33,12,57,30,27,55,31,24,468,228,240,44,26,18,512,254,258,2016
224000,Vorsaetzliche einfache Koerperverletzung   223 StGB,9162000,Muenchen,insg.,9106,6179,2927,68,34,34,249,154,95,317,188,129,500,314,186,743,516,227,7110,4901,2209,436,260,176,7546,5161,2385,2016
224000,Vorsaetzliche einfache Koerperverletzung   223 StGB,5515000,Muenster,insg.,1911,1103,808,12,5,7,96,60,36,108,65,43,151,80,71,183,106,77,1380,806,574,89,46,43,1469,852,617,2016
224000,Vorsaetzliche einfache Koerperverletzung   223 StGB,5162024,Neuss,insg.,955,516,439,6,2,4,30,14,16,36,16,20,89,50,39,111,68,43,670,352,318,49,30,19,719,382,337,2016
224000,Vorsaetzliche einfache Koerperverletzung   223 StGB,9564000,Nuernberg,insg.,4464,2942,1522,22,15,7,147,93,54,169,108,61,316,208,108,498,322,176,3325,2207,1118,156,97,59,3481,2304,1177,2016
224000,Vorsaetzliche einfache Koerperverletzung   223 StGB,5119000,Oberhausen,insg.,1246,691,555,8,6,2,86,63,23,94,69,25,108,55,53,112,73,39,871,459,412,61,35,26,932,494,438,2016
224000,Vorsaetzliche einfache Koerperverletzung   223 StGB,6413000,Offenbach am Main,insg.,557,229,328,3,2,1,20,15,5,23,17,6,42,22,20,40,14,26,426,162,264,26,14,12,452,176,276,2016
224000,Vorsaetzliche einfache Koerperverletzung   223 StGB,3403000,Oldenburg (Oldenburg),insg.,910,569,341,7,6,1,39,25,14,46,31,15,79,52,27,103,69,34,637,392,245,45,25,20,682,417,265,2016
224000,Vorsaetzliche einfache Koerperverletzung   223 StGB,3404000,Osnabrueck,insg.,1143,698,445,7,4,3,29,15,14,36,19,17,83,48,35,130,82,48,848,519,329,46,30,16,894,549,345,2016
224000,Vorsaetzliche einfache Koerperverletzung   223 StGB,5774032,Paderborn,insg.,901,527,374,2,2,0,32,26,6,34,28,6,58,40,18,107,60,47,672,380,292,30,19,11,702,399,303,2016
224000,Vorsaetzliche einfache Koerperverletzung   223 StGB,8231000,Pforzheim,insg.,1010,609,401,9,8,1,43,33,10,52,41,11,85,58,27,84,53,31,712,424,288,77,33,44,789,457,332,2016
224000,Vorsaetzliche einfache Koerperverletzung   223 StGB,12054000,Potsdam,insg.,813,503,310,5,3,2,59,41,18,64,44,20,61,44,17,62,40,22,589,357,232,37,18,19,626,375,251,2016
224000,Vorsaetzliche einfache Koerperverletzung   223 StGB,5562032,Recklinghausen,insg.,985,576,409,7,7,0,40,27,13,47,34,13,120,79,41,87,60,27,684,373,311,47,30,17,731,403,328,2016
224000,Vorsaetzliche einfache Koerperverletzung   223 StGB,9362000,Regensburg,insg.,1367,953,414,3,2,1,33,23,10,36,25,11,100,67,33,178,133,45,1016,704,312,37,24,13,1053,728,325,2016
224000,Vorsaetzliche einfache Koerperverletzung   223 StGB,5120000,Remscheid,insg.,762,394,368,8,4,4,48,26,22,56,30,26,77,29,48,64,36,28,526,276,250,39,23,16,565,299,266,2016
224000,Vorsaetzliche einfache Koerperverletzung   223 StGB,8415061,Reutlingen,insg.,704,424,280,5,3,2,27,19,8,32,22,10,62,40,22,79,55,24,503,291,212,28,16,12,531,307,224,2016
224000,Vorsaetzliche einfache Koerperverletzung   223 StGB,13003000,Rostock,insg.,1060,646,414,8,5,3,74,45,29,82,50,32,104,70,34,64,41,23,757,453,304,53,32,21,810,485,325,2016
224000,Vorsaetzliche einfache Koerperverletzung   223 StGB,10041100,Saarbruecken,insg.,1935,1084,851,8,5,3,99,51,48,107,56,51,150,74,76,212,122,90,1373,781,592,93,51,42,1466,832,634,2016
224000,Vorsaetzliche einfache Koerperverletzung   223 StGB,3102000,Salzgitter,insg.,589,310,279,10,3,7,35,28,7,45,31,14,65,37,28,54,28,26,399,203,196,26,11,15,425,214,211,2016
224000,Vorsaetzliche einfache Koerperverletzung   223 StGB,13004000,Schwerin,insg.,641,391,250,3,2,1,63,40,23,66,42,24,56,41,15,46,29,17,429,256,173,44,23,21,473,279,194,2016
224000,Vorsaetzliche einfache Koerperverletzung   223 StGB,5970040,Siegen,insg.,832,506,326,8,7,1,46,35,11,54,42,12,83,52,31,95,60,35,558,330,228,42,22,20,600,352,248,2016
224000,Vorsaetzliche einfache Koerperverletzung   223 StGB,5122000,Solingen,insg.,853,453,400,2,1,1,51,35,16,53,36,17,66,35,31,101,55,46,592,300,292,41,27,14,633,327,306,2016
224000,Vorsaetzliche einfache Koerperverletzung   223 StGB,8111000,Stuttgart,insg.,6097,4024,2073,38,23,15,226,153,73,264,176,88,343,195,148,503,347,156,4715,3150,1565,272,156,116,4987,3306,1681,2016
224000,Vorsaetzliche einfache Koerperverletzung   223 StGB,7211000,Trier,insg.,1032,677,355,3,2,1,33,21,12,36,23,13,142,98,44,136,94,42,669,429,240,49,33,16,718,462,256,2016
224000,Vorsaetzliche einfache Koerperverletzung   223 StGB,8421000,Ulm,insg.,810,525,285,0,0,0,24,15,9,24,15,9,67,39,28,92,63,29,590,382,208,37,26,11,627,408,219,2016
224000,Vorsaetzliche einfache Koerperverletzung   223 StGB,6414000,Wiesbaden,insg.,1785,952,833,12,7,5,54,37,17,66,44,22,153,88,65,208,123,85,1257,647,610,101,50,51,1358,697,661,2016
224000,Vorsaetzliche einfache Koerperverletzung   223 StGB,3103000,Wolfsburg,insg.,695,419,276,9,7,2,31,21,10,40,28,12,50,32,18,69,45,24,503,297,206,33,17,16,536,314,222,2016
224000,Vorsaetzliche einfache Koerperverletzung   223 StGB,5124000,Wuppertal,insg.,3138,1765,1373,15,8,7,176,115,61,191,123,68,309,180,129,309,172,137,2198,1210,988,131,80,51,2329,1290,1039,2016
224000,Vorsaetzliche einfache Koerperverletzung   223 StGB,9663000,Wuerzburg,insg.,986,692,294,6,4,2,15,9,6,21,13,8,80,51,29,149,93,56,695,512,183,41,23,18,736,535,201,2016
621021,Widerstand gegen Polizeivollzugsbeamte,5334002,Aachen,voll.,426,334,92,0,0,0,0,0,0,0,0,0,3,1,2,2,0,2,417,329,88,4,4,0,421,333,88,2016
621021,Widerstand gegen Polizeivollzugsbeamte,9761000,Augsburg,voll.,265,224,41,0,0,0,0,0,0,0,0,0,0,0,0,4,3,1,261,221,40,0,0,0,261,221,40,2016
621021,Widerstand gegen Polizeivollzugsbeamte,5378004,Bergisch Gladbach,voll.,54,33,21,0,0,0,0,0,0,0,0,0,0,0,0,0,0,0,52,32,20,2,1,1,54,33,21,2016
621021,Widerstand gegen Polizeivollzugsbeamte,11000000,Berlin,voll.,4213,3606,607,0,0,0,0,0,0,0,0,0,2,2,0,12,9,3,4182,3578,604,17,17,0,4199,3595,604,2016
621021,Widerstand gegen Polizeivollzugsbeamte,5711000,Bielefeld,voll.,213,176,37,0,0,0,0,0,0,0,0,0,1,1,0,5,3,2,206,171,35,1,1,0,207,172,35,2016
621021,Widerstand gegen Polizeivollzugsbeamte,5911000,Bochum,voll.,345,271,74,0,0,0,0,0,0,0,0,0,0,0,0,1,1,0,339,266,73,5,4,1,344,270,74,2016
621021,Widerstand gegen Polizeivollzugsbeamte,5314000,Bonn,voll.,363,287,76,0,0,0,0,0,0,0,0,0,0,0,0,4,2,2,358,284,74,1,1,0,359,285,74,2016
621021,Widerstand gegen Polizeivollzugsbeamte,5512000,Bottrop,voll.,54,42,12,0,0,0,0,0,0,0,0,0,0,0,0,0,0,0,49,39,10,5,3,2,54,42,12,2016
621021,Widerstand gegen Polizeivollzugsbeamte,3101000,Braunschweig,voll.,161,145,16,0,0,0,0,0,0,0,0,0,0,0,0,1,1,0,158,142,16,2,2,0,160,144,16,2016
621021,Widerstand gegen Polizeivollzugsbeamte,4011000,Bremen,voll.,636,499,137,0,0,0,0,0,0,0,0,0,0,0,0,2,1,1,629,494,135,5,4,1,634,498,136,2016
621021,Widerstand gegen Polizeivollzugsbeamte,4012000,Bremerhaven,voll.,158,122,36,0,0,0,0,0,0,0,0,0,0,0,0,0,0,0,155,119,36,3,3,0,158,122,36,2016
621021,Widerstand gegen Polizeivollzugsbeamte,14511000,Chemnitz,voll.,142,129,13,0,0,0,0,0,0,0,0,0,0,0,0,0,0,0,142,129,13,0,0,0,142,129,13,2016
621021,Widerstand gegen Polizeivollzugsbeamte,6411000,Darmstadt,voll.,76,65,11,0,0,0,0,0,0,0,0,0,0,0,0,0,0,0,76,65,11,0,0,0,76,65,11,2016
621021,Widerstand gegen Polizeivollzugsbeamte,5913000,Dortmund,voll.,983,795,188,0,0,0,1,0,1,1,0,1,0,0,0,11,9,2,964,781,183,7,5,2,971,786,185,2016
621021,Widerstand gegen Polizeivollzugsbeamte,14612000,Dresden,voll.,362,317,45,0,0,0,0,0,0,0,0,0,0,0,0,2,2,0,360,315,45,0,0,0,360,315,45,2016
621021,Widerstand gegen Polizeivollzugsbeamte,5112000,Duisburg,voll.,462,356,106,0,0,0,0,0,0,0,0,0,0,0,0,4,2,2,454,350,104,4,4,0,458,354,104,2016
621021,Widerstand gegen Polizeivollzugsbeamte,5111000,Duesseldorf,voll.,725,589,136,0,0,0,0,0,0,0,0,0,1,1,0,11,6,5,709,579,130,4,3,1,713,582,131,2016
621021,Widerstand gegen Polizeivollzugsbeamte,16051000,Erfurt,voll.,243,219,24,0,0,0,0,0,0,0,0,0,0,0,0,3,2,1,240,217,23,0,0,0,240,217,23,2016
621021,Widerstand gegen Polizeivollzugsbeamte,9562000,Erlangen,voll.,17,16,1,0,0,0,0,0,0,0,0,0,0,0,0,0,0,0,17,16,1,0,0,0,17,16,1,2016
621021,Widerstand gegen Polizeivollzugsbeamte,5113000,Essen,voll.,397,320,77,0,0,0,0,0,0,0,0,0,0,0,0,3,2,1,392,317,75,2,1,1,394,318,76,2016
621021,Widerstand gegen Polizeivollzugsbeamte,6412000,Frankfurt am Main,voll.,1068,921,147,0,0,0,0,0,0,0,0,0,0,0,0,8,5,3,1060,916,144,0,0,0,1060,916,144,2016
621021,Widerstand gegen Polizeivollzugsbeamte,8311000,Freiburg im Breisgau,voll.,163,137,26,0,0,0,0,0,0,0,0,0,0,0,0,6,4,2,157,133,24,0,0,0,157,133,24,2016
621021,Widerstand gegen Polizeivollzugsbeamte,9563000,Fuerth,voll.,11,7,4,0,0,0,0,0,0,0,0,0,0,0,0,0,0,0,11,7,4,0,0,0,11,7,4,2016
621021,Widerstand gegen Polizeivollzugsbeamte,5513000,Gelsenkirchen,voll.,258,201,57,0,0,0,0,0,0,0,0,0,1,1,0,0,0,0,257,200,57,0,0,0,257,200,57,2016
621021,Widerstand gegen Polizeivollzugsbeamte,3152012,Goettingen,voll.,96,68,28,0,0,0,0,0,0,0,0,0,0,0,0,0,0,0,96,68,28,0,0,0,96,68,28,2016
621021,Widerstand gegen Polizeivollzugsbeamte,5914000,Hagen,voll.,227,159,68,0,0,0,0,0,0,0,0,0,0,0,0,1,1,0,226,158,68,0,0,0,226,158,68,2016
621021,Widerstand gegen Polizeivollzugsbeamte,15002000,Halle (Saale),voll.,238,201,37,0,0,0,0,0,0,0,0,0,0,0,0,0,0,0,238,201,37,0,0,0,238,201,37,2016
621021,Widerstand gegen Polizeivollzugsbeamte,2000000,Hamburg,voll.,1055,890,165,0,0,0,0,0,0,0,0,0,0,0,0,10,7,3,1043,881,162,2,2,0,1045,883,162,2016
621021,Widerstand gegen Polizeivollzugsbeamte,5915000,Hamm,voll.,131,105,26,0,0,0,0,0,0,0,0,0,0,0,0,2,2,0,129,103,26,0,0,0,129,103,26,2016
621021,Widerstand gegen Polizeivollzugsbeamte,3241001,Hannover,voll.,423,353,70,0,0,0,0,0,0,0,0,0,0,0,0,0,0,0,423,353,70,0,0,0,423,353,70,2016
621021,Widerstand gegen Polizeivollzugsbeamte,8221000,Heidelberg,voll.,65,51,14,0,0,0,0,0,0,0,0,0,0,0,0,0,0,0,65,51,14,0,0,0,65,51,14,2016
621021,Widerstand gegen Polizeivollzugsbeamte,8121000,Heilbronn,voll.,22,17,5,0,0,0,0,0,0,0,0,0,0,0,0,0,0,0,22,17,5,0,0,0,22,17,5,2016
621021,Widerstand gegen Polizeivollzugsbeamte,5916000,Herne,voll.,126,89,37,0,0,0,0,0,0,0,0,0,0,0,0,2,1,1,124,88,36,0,0,0,124,88,36,2016
621021,Widerstand gegen Polizeivollzugsbeamte,3254021,Hildesheim,voll.,76,70,6,0,0,0,0,0,0,0,0,0,0,0,0,2,2,0,74,68,6,0,0,0,74,68,6,2016
621021,Widerstand gegen Polizeivollzugsbeamte,9161000,Ingolstadt,voll.,37,29,8,0,0,0,0,0,0,0,0,0,0,0,0,0,0,0,37,29,8,0,0,0,37,29,8,2016
621021,Widerstand gegen Polizeivollzugsbeamte,16053000,Jena,voll.,78,71,7,0,0,0,0,0,0,0,0,0,0,0,0,1,1,0,77,70,7,0,0,0,77,70,7,2016
621021,Widerstand gegen Polizeivollzugsbeamte,8212000,Karlsruhe,voll.,124,111,13,0,0,0,0,0,0,0,0,0,0,0,0,1,1,0,123,110,13,0,0,0,123,110,13,2016
621021,Widerstand gegen Polizeivollzugsbeamte,6611000,Kassel,voll.,195,177,18,0,0,0,0,0,0,0,0,0,0,0,0,11,7,4,184,170,14,0,0,0,184,170,14,2016
621021,Widerstand gegen Polizeivollzugsbeamte,1002000,Kiel,voll.,199,163,36,0,0,0,0,0,0,0,0,0,0,0,0,5,5,0,194,158,36,0,0,0,194,158,36,2016
621021,Widerstand gegen Polizeivollzugsbeamte,7111000,Koblenz,voll.,173,141,32,0,0,0,0,0,0,0,0,0,0,0,0,1,0,1,171,140,31,1,1,0,172,141,31,2016
621021,Widerstand gegen Polizeivollzugsbeamte,5315000,Koeln,voll.,2187,1598,589,0,0,0,0,0,0,0,0,0,0,0,0,13,6,7,2174,1592,582,0,0,0,2174,1592,582,2016
621021,Widerstand gegen Polizeivollzugsbeamte,5114000,Krefeld,voll.,278,175,103,0,0,0,1,0,1,1,0,1,0,0,0,3,3,0,274,172,102,0,0,0,274,172,102,2016
621021,Widerstand gegen Polizeivollzugsbeamte,14713000,Leipzig,voll.,661,570,91,0,0,0,0,0,0,0,0,0,0,0,0,3,3,0,658,567,91,0,0,0,658,567,91,2016
621021,Widerstand gegen Polizeivollzugsbeamte,5316000,Leverkusen,voll.,256,192,64,0,0,0,0,0,0,0,0,0,0,0,0,2,2,0,253,189,64,1,1,0,254,190,64,2016
621021,Widerstand gegen Polizeivollzugsbeamte,1003000,Luebeck,voll.,318,258,60,0,0,0,0,0,0,0,0,0,0,0,0,10,7,3,305,248,57,3,3,0,308,251,57,2016
621021,Widerstand gegen Polizeivollzugsbeamte,7314000,Ludwigshafen am Rhein,voll.,77,55,22,0,0,0,0,0,0,0,0,0,0,0,0,0,0,0,77,55,22,0,0,0,77,55,22,2016
621021,Widerstand gegen Polizeivollzugsbeamte,15003000,Magdeburg,voll.,159,130,29,0,0,0,0,0,0,0,0,0,0,0,0,1,0,1,155,127,28,3,3,0,158,130,28,2016
621021,Widerstand gegen Polizeivollzugsbeamte,7315000,Mainz,voll.,279,215,64,0,0,0,0,0,0,0,0,0,0,0,0,2,1,1,277,214,63,0,0,0,277,214,63,2016
621021,Widerstand gegen Polizeivollzugsbeamte,8222000,Mannheim,voll.,112,99,13,0,0,0,0,0,0,0,0,0,0,0,0,3,2,1,109,97,12,0,0,0,109,97,12,2016
621021,Widerstand gegen Polizeivollzugsbeamte,5170024,Moers,voll.,70,38,32,0,0,0,0,0,0,0,0,0,0,0,0,0,0,0,70,38,32,0,0,0,70,38,32,2016
621021,Widerstand gegen Polizeivollzugsbeamte,5116000,Moenchengladbach,voll.,274,199,75,0,0,0,1,1,0,1,1,0,1,1,0,3,1,2,269,196,73,0,0,0,269,196,73,2016
621021,Widerstand gegen Polizeivollzugsbeamte,5117000,Muelheim an der Ruhr,voll.,91,70,21,0,0,0,0,0,0,0,0,0,0,0,0,1,1,0,90,69,21,0,0,0,90,69,21,2016
621021,Widerstand gegen Polizeivollzugsbeamte,9162000,Muenchen,voll.,663,594,69,0,0,0,0,0,0,0,0,0,0,0,0,14,10,4,649,584,65,0,0,0,649,584,65,2016
621021,Widerstand gegen Polizeivollzugsbeamte,5515000,Muenster,voll.,265,198,67,0,0,0,0,0,0,0,0,0,5,3,2,2,2,0,256,193,63,2,0,2,258,193,65,2016
621021,Widerstand gegen Polizeivollzugsbeamte,5162024,Neuss,voll.,120,81,39,0,0,0,0,0,0,0,0,0,0,0,0,1,1,0,118,79,39,1,1,0,119,80,39,2016
621021,Widerstand gegen Polizeivollzugsbeamte,9564000,Nuernberg,voll.,265,235,30,0,0,0,0,0,0,0,0,0,0,0,0,11,11,0,254,224,30,0,0,0,254,224,30,2016
621021,Widerstand gegen Polizeivollzugsbeamte,5119000,Oberhausen,voll.,113,78,35,0,0,0,0,0,0,0,0,0,0,0,0,0,0,0,112,77,35,1,1,0,113,78,35,2016
621021,Widerstand gegen Polizeivollzugsbeamte,6413000,Offenbach am Main,voll.,94,73,21,0,0,0,0,0,0,0,0,0,0,0,0,1,1,0,93,72,21,0,0,0,93,72,21,2016
621021,Widerstand gegen Polizeivollzugsbeamte,3403000,Oldenburg (Oldenburg),voll.,99,73,26,0,0,0,0,0,0,0,0,0,0,0,0,2,0,2,97,73,24,0,0,0,97,73,24,2016
621021,Widerstand gegen Polizeivollzugsbeamte,3404000,Osnabrueck,voll.,130,113,17,0,0,0,0,0,0,0,0,0,0,0,0,0,0,0,129,112,17,1,1,0,130,113,17,2016
621021,Widerstand gegen Polizeivollzugsbeamte,5774032,Paderborn,voll.,136,120,16,0,0,0,0,0,0,0,0,0,0,0,0,0,0,0,135,119,16,1,1,0,136,120,16,2016
621021,Widerstand gegen Polizeivollzugsbeamte,8231000,Pforzheim,voll.,33,26,7,0,0,0,0,0,0,0,0,0,0,0,0,0,0,0,33,26,7,0,0,0,33,26,7,2016
621021,Widerstand gegen Polizeivollzugsbeamte,12054000,Potsdam,voll.,85,69,16,0,0,0,0,0,0,0,0,0,0,0,0,0,0,0,84,68,16,1,1,0,85,69,16,2016
621021,Widerstand gegen Polizeivollzugsbeamte,5562032,Recklinghausen,voll.,173,121,52,0,0,0,0,0,0,0,0,0,1,1,0,0,0,0,170,118,52,2,2,0,172,120,52,2016
621021,Widerstand gegen Polizeivollzugsbeamte,9362000,Regensburg,voll.,71,62,9,0,0,0,0,0,0,0,0,0,0,0,0,0,0,0,69,60,9,2,2,0,71,62,9,2016
621021,Widerstand gegen Polizeivollzugsbeamte,5120000,Remscheid,voll.,68,50,18,0,0,0,0,0,0,0,0,0,0,0,0,0,0,0,67,49,18,1,1,0,68,50,18,2016
621021,Widerstand gegen Polizeivollzugsbeamte,8415061,Reutlingen,voll.,33,28,5,0,0,0,0,0,0,0,0,0,0,0,0,0,0,0,33,28,5,0,0,0,33,28,5,2016
621021,Widerstand gegen Polizeivollzugsbeamte,13003000,Rostock,voll.,216,175,41,0,0,0,0,0,0,0,0,0,0,0,0,0,0,0,216,175,41,0,0,0,216,175,41,2016
621021,Widerstand gegen Polizeivollzugsbeamte,10041100,Saarbruecken,voll.,354,286,68,0,0,0,0,0,0,0,0,0,0,0,0,1,1,0,353,285,68,0,0,0,353,285,68,2016
621021,Widerstand gegen Polizeivollzugsbeamte,3102000,Salzgitter,voll.,47,41,6,0,0,0,0,0,0,0,0,0,0,0,0,1,1,0,46,40,6,0,0,0,46,40,6,2016
621021,Widerstand gegen Polizeivollzugsbeamte,13004000,Schwerin,voll.,91,78,13,0,0,0,0,0,0,0,0,0,0,0,0,0,0,0,91,78,13,0,0,0,91,78,13,2016
621021,Widerstand gegen Polizeivollzugsbeamte,5970040,Siegen,voll.,127,100,27,0,0,0,0,0,0,0,0,0,0,0,0,0,0,0,124,98,26,3,2,1,127,100,27,2016
621021,Widerstand gegen Polizeivollzugsbeamte,5122000,Solingen,voll.,110,90,20,0,0,0,0,0,0,0,0,0,1,0,1,1,1,0,107,88,19,1,1,0,108,89,19,2016
621021,Widerstand gegen Polizeivollzugsbeamte,8111000,Stuttgart,voll.,775,635,140,0,0,0,0,0,0,0,0,0,0,0,0,3,2,1,769,630,139,3,3,0,772,633,139,2016
621021,Widerstand gegen Polizeivollzugsbeamte,7211000,Trier,voll.,163,129,34,0,0,0,0,0,0,0,0,0,0,0,0,0,0,0,159,125,34,4,4,0,163,129,34,2016
621021,Widerstand gegen Polizeivollzugsbeamte,8421000,Ulm,voll.,67,59,8,0,0,0,0,0,0,0,0,0,0,0,0,1,1,0,66,58,8,0,0,0,66,58,8,2016
621021,Widerstand gegen Polizeivollzugsbeamte,6414000,Wiesbaden,voll.,131,104,27,0,0,0,0,0,0,0,0,0,0,0,0,0,0,0,131,104,27,0,0,0,131,104,27,2016
621021,Widerstand gegen Polizeivollzugsbeamte,3103000,Wolfsburg,voll.,73,58,15,0,0,0,0,0,0,0,0,0,0,0,0,5,5,0,68,53,15,0,0,0,68,53,15,2016
621021,Widerstand gegen Polizeivollzugsbeamte,5124000,Wuppertal,voll.,502,328,174,0,0,0,0,0,0,0,0,0,0,0,0,5,1,4,495,326,169,2,1,1,497,327,170,2016
621021,Widerstand gegen Polizeivollzugsbeamte,9663000,Wuerzburg,voll.,51,44,7,0,0,0,0,0,0,0,0,0,0,0,0,0,0,0,51,44,7,0,0,0,51,44,7,2016
621021,Widerstand gegen Polizeivollzugsbeamte,5334002,Aachen,vers.,0,0,0,0,0,0,0,0,0,0,0,0,0,0,0,0,0,0,0,0,0,0,0,0,0,0,0,2016
621021,Widerstand gegen Polizeivollzugsbeamte,9761000,Augsburg,vers.,0,0,0,0,0,0,0,0,0,0,0,0,0,0,0,0,0,0,0,0,0,0,0,0,0,0,0,2016
621021,Widerstand gegen Polizeivollzugsbeamte,5378004,Bergisch Gladbach,vers.,0,0,0,0,0,0,0,0,0,0,0,0,0,0,0,0,0,0,0,0,0,0,0,0,0,0,0,2016
621021,Widerstand gegen Polizeivollzugsbeamte,11000000,Berlin,vers.,0,0,0,0,0,0,0,0,0,0,0,0,0,0,0,0,0,0,0,0,0,0,0,0,0,0,0,2016
621021,Widerstand gegen Polizeivollzugsbeamte,5711000,Bielefeld,vers.,0,0,0,0,0,0,0,0,0,0,0,0,0,0,0,0,0,0,0,0,0,0,0,0,0,0,0,2016
621021,Widerstand gegen Polizeivollzugsbeamte,5911000,Bochum,vers.,0,0,0,0,0,0,0,0,0,0,0,0,0,0,0,0,0,0,0,0,0,0,0,0,0,0,0,2016
621021,Widerstand gegen Polizeivollzugsbeamte,5314000,Bonn,vers.,0,0,0,0,0,0,0,0,0,0,0,0,0,0,0,0,0,0,0,0,0,0,0,0,0,0,0,2016
621021,Widerstand gegen Polizeivollzugsbeamte,5512000,Bottrop,vers.,0,0,0,0,0,0,0,0,0,0,0,0,0,0,0,0,0,0,0,0,0,0,0,0,0,0,0,2016
621021,Widerstand gegen Polizeivollzugsbeamte,3101000,Braunschweig,vers.,0,0,0,0,0,0,0,0,0,0,0,0,0,0,0,0,0,0,0,0,0,0,0,0,0,0,0,2016
621021,Widerstand gegen Polizeivollzugsbeamte,4011000,Bremen,vers.,0,0,0,0,0,0,0,0,0,0,0,0,0,0,0,0,0,0,0,0,0,0,0,0,0,0,0,2016
621021,Widerstand gegen Polizeivollzugsbeamte,4012000,Bremerhaven,vers.,0,0,0,0,0,0,0,0,0,0,0,0,0,0,0,0,0,0,0,0,0,0,0,0,0,0,0,2016
621021,Widerstand gegen Polizeivollzugsbeamte,14511000,Chemnitz,vers.,0,0,0,0,0,0,0,0,0,0,0,0,0,0,0,0,0,0,0,0,0,0,0,0,0,0,0,2016
621021,Widerstand gegen Polizeivollzugsbeamte,6411000,Darmstadt,vers.,0,0,0,0,0,0,0,0,0,0,0,0,0,0,0,0,0,0,0,0,0,0,0,0,0,0,0,2016
621021,Widerstand gegen Polizeivollzugsbeamte,5913000,Dortmund,vers.,0,0,0,0,0,0,0,0,0,0,0,0,0,0,0,0,0,0,0,0,0,0,0,0,0,0,0,2016
621021,Widerstand gegen Polizeivollzugsbeamte,14612000,Dresden,vers.,0,0,0,0,0,0,0,0,0,0,0,0,0,0,0,0,0,0,0,0,0,0,0,0,0,0,0,2016
621021,Widerstand gegen Polizeivollzugsbeamte,5112000,Duisburg,vers.,0,0,0,0,0,0,0,0,0,0,0,0,0,0,0,0,0,0,0,0,0,0,0,0,0,0,0,2016
621021,Widerstand gegen Polizeivollzugsbeamte,5111000,Duesseldorf,vers.,0,0,0,0,0,0,0,0,0,0,0,0,0,0,0,0,0,0,0,0,0,0,0,0,0,0,0,2016
621021,Widerstand gegen Polizeivollzugsbeamte,16051000,Erfurt,vers.,0,0,0,0,0,0,0,0,0,0,0,0,0,0,0,0,0,0,0,0,0,0,0,0,0,0,0,2016
621021,Widerstand gegen Polizeivollzugsbeamte,9562000,Erlangen,vers.,0,0,0,0,0,0,0,0,0,0,0,0,0,0,0,0,0,0,0,0,0,0,0,0,0,0,0,2016
621021,Widerstand gegen Polizeivollzugsbeamte,5113000,Essen,vers.,0,0,0,0,0,0,0,0,0,0,0,0,0,0,0,0,0,0,0,0,0,0,0,0,0,0,0,2016
621021,Widerstand gegen Polizeivollzugsbeamte,6412000,Frankfurt am Main,vers.,0,0,0,0,0,0,0,0,0,0,0,0,0,0,0,0,0,0,0,0,0,0,0,0,0,0,0,2016
621021,Widerstand gegen Polizeivollzugsbeamte,8311000,Freiburg im Breisgau,vers.,0,0,0,0,0,0,0,0,0,0,0,0,0,0,0,0,0,0,0,0,0,0,0,0,0,0,0,2016
621021,Widerstand gegen Polizeivollzugsbeamte,9563000,Fuerth,vers.,0,0,0,0,0,0,0,0,0,0,0,0,0,0,0,0,0,0,0,0,0,0,0,0,0,0,0,2016
621021,Widerstand gegen Polizeivollzugsbeamte,5513000,Gelsenkirchen,vers.,0,0,0,0,0,0,0,0,0,0,0,0,0,0,0,0,0,0,0,0,0,0,0,0,0,0,0,2016
621021,Widerstand gegen Polizeivollzugsbeamte,3152012,Goettingen,vers.,0,0,0,0,0,0,0,0,0,0,0,0,0,0,0,0,0,0,0,0,0,0,0,0,0,0,0,2016
621021,Widerstand gegen Polizeivollzugsbeamte,5914000,Hagen,vers.,0,0,0,0,0,0,0,0,0,0,0,0,0,0,0,0,0,0,0,0,0,0,0,0,0,0,0,2016
621021,Widerstand gegen Polizeivollzugsbeamte,15002000,Halle (Saale),vers.,0,0,0,0,0,0,0,0,0,0,0,0,0,0,0,0,0,0,0,0,0,0,0,0,0,0,0,2016
621021,Widerstand gegen Polizeivollzugsbeamte,2000000,Hamburg,vers.,0,0,0,0,0,0,0,0,0,0,0,0,0,0,0,0,0,0,0,0,0,0,0,0,0,0,0,2016
621021,Widerstand gegen Polizeivollzugsbeamte,5915000,Hamm,vers.,0,0,0,0,0,0,0,0,0,0,0,0,0,0,0,0,0,0,0,0,0,0,0,0,0,0,0,2016
621021,Widerstand gegen Polizeivollzugsbeamte,3241001,Hannover,vers.,0,0,0,0,0,0,0,0,0,0,0,0,0,0,0,0,0,0,0,0,0,0,0,0,0,0,0,2016
621021,Widerstand gegen Polizeivollzugsbeamte,8221000,Heidelberg,vers.,0,0,0,0,0,0,0,0,0,0,0,0,0,0,0,0,0,0,0,0,0,0,0,0,0,0,0,2016
621021,Widerstand gegen Polizeivollzugsbeamte,8121000,Heilbronn,vers.,0,0,0,0,0,0,0,0,0,0,0,0,0,0,0,0,0,0,0,0,0,0,0,0,0,0,0,2016
621021,Widerstand gegen Polizeivollzugsbeamte,5916000,Herne,vers.,0,0,0,0,0,0,0,0,0,0,0,0,0,0,0,0,0,0,0,0,0,0,0,0,0,0,0,2016
621021,Widerstand gegen Polizeivollzugsbeamte,3254021,Hildesheim,vers.,0,0,0,0,0,0,0,0,0,0,0,0,0,0,0,0,0,0,0,0,0,0,0,0,0,0,0,2016
621021,Widerstand gegen Polizeivollzugsbeamte,9161000,Ingolstadt,vers.,0,0,0,0,0,0,0,0,0,0,0,0,0,0,0,0,0,0,0,0,0,0,0,0,0,0,0,2016
621021,Widerstand gegen Polizeivollzugsbeamte,16053000,Jena,vers.,0,0,0,0,0,0,0,0,0,0,0,0,0,0,0,0,0,0,0,0,0,0,0,0,0,0,0,2016
621021,Widerstand gegen Polizeivollzugsbeamte,8212000,Karlsruhe,vers.,0,0,0,0,0,0,0,0,0,0,0,0,0,0,0,0,0,0,0,0,0,0,0,0,0,0,0,2016
621021,Widerstand gegen Polizeivollzugsbeamte,6611000,Kassel,vers.,0,0,0,0,0,0,0,0,0,0,0,0,0,0,0,0,0,0,0,0,0,0,0,0,0,0,0,2016
621021,Widerstand gegen Polizeivollzugsbeamte,1002000,Kiel,vers.,0,0,0,0,0,0,0,0,0,0,0,0,0,0,0,0,0,0,0,0,0,0,0,0,0,0,0,2016
621021,Widerstand gegen Polizeivollzugsbeamte,7111000,Koblenz,vers.,0,0,0,0,0,0,0,0,0,0,0,0,0,0,0,0,0,0,0,0,0,0,0,0,0,0,0,2016
621021,Widerstand gegen Polizeivollzugsbeamte,5315000,Koeln,vers.,0,0,0,0,0,0,0,0,0,0,0,0,0,0,0,0,0,0,0,0,0,0,0,0,0,0,0,2016
621021,Widerstand gegen Polizeivollzugsbeamte,5114000,Krefeld,vers.,0,0,0,0,0,0,0,0,0,0,0,0,0,0,0,0,0,0,0,0,0,0,0,0,0,0,0,2016
621021,Widerstand gegen Polizeivollzugsbeamte,14713000,Leipzig,vers.,0,0,0,0,0,0,0,0,0,0,0,0,0,0,0,0,0,0,0,0,0,0,0,0,0,0,0,2016
621021,Widerstand gegen Polizeivollzugsbeamte,5316000,Leverkusen,vers.,0,0,0,0,0,0,0,0,0,0,0,0,0,0,0,0,0,0,0,0,0,0,0,0,0,0,0,2016
621021,Widerstand gegen Polizeivollzugsbeamte,1003000,Luebeck,vers.,0,0,0,0,0,0,0,0,0,0,0,0,0,0,0,0,0,0,0,0,0,0,0,0,0,0,0,2016
621021,Widerstand gegen Polizeivollzugsbeamte,7314000,Ludwigshafen am Rhein,vers.,0,0,0,0,0,0,0,0,0,0,0,0,0,0,0,0,0,0,0,0,0,0,0,0,0,0,0,2016
621021,Widerstand gegen Polizeivollzugsbeamte,15003000,Magdeburg,vers.,0,0,0,0,0,0,0,0,0,0,0,0,0,0,0,0,0,0,0,0,0,0,0,0,0,0,0,2016
621021,Widerstand gegen Polizeivollzugsbeamte,7315000,Mainz,vers.,0,0,0,0,0,0,0,0,0,0,0,0,0,0,0,0,0,0,0,0,0,0,0,0,0,0,0,2016
621021,Widerstand gegen Polizeivollzugsbeamte,8222000,Mannheim,vers.,0,0,0,0,0,0,0,0,0,0,0,0,0,0,0,0,0,0,0,0,0,0,0,0,0,0,0,2016
621021,Widerstand gegen Polizeivollzugsbeamte,5170024,Moers,vers.,0,0,0,0,0,0,0,0,0,0,0,0,0,0,0,0,0,0,0,0,0,0,0,0,0,0,0,2016
621021,Widerstand gegen Polizeivollzugsbeamte,5116000,Moenchengladbach,vers.,0,0,0,0,0,0,0,0,0,0,0,0,0,0,0,0,0,0,0,0,0,0,0,0,0,0,0,2016
621021,Widerstand gegen Polizeivollzugsbeamte,5117000,Muelheim an der Ruhr,vers.,0,0,0,0,0,0,0,0,0,0,0,0,0,0,0,0,0,0,0,0,0,0,0,0,0,0,0,2016
621021,Widerstand gegen Polizeivollzugsbeamte,9162000,Muenchen,vers.,0,0,0,0,0,0,0,0,0,0,0,0,0,0,0,0,0,0,0,0,0,0,0,0,0,0,0,2016
621021,Widerstand gegen Polizeivollzugsbeamte,5515000,Muenster,vers.,0,0,0,0,0,0,0,0,0,0,0,0,0,0,0,0,0,0,0,0,0,0,0,0,0,0,0,2016
621021,Widerstand gegen Polizeivollzugsbeamte,5162024,Neuss,vers.,0,0,0,0,0,0,0,0,0,0,0,0,0,0,0,0,0,0,0,0,0,0,0,0,0,0,0,2016
621021,Widerstand gegen Polizeivollzugsbeamte,9564000,Nuernberg,vers.,0,0,0,0,0,0,0,0,0,0,0,0,0,0,0,0,0,0,0,0,0,0,0,0,0,0,0,2016
621021,Widerstand gegen Polizeivollzugsbeamte,5119000,Oberhausen,vers.,0,0,0,0,0,0,0,0,0,0,0,0,0,0,0,0,0,0,0,0,0,0,0,0,0,0,0,2016
621021,Widerstand gegen Polizeivollzugsbeamte,6413000,Offenbach am Main,vers.,0,0,0,0,0,0,0,0,0,0,0,0,0,0,0,0,0,0,0,0,0,0,0,0,0,0,0,2016
621021,Widerstand gegen Polizeivollzugsbeamte,3403000,Oldenburg (Oldenburg),vers.,0,0,0,0,0,0,0,0,0,0,0,0,0,0,0,0,0,0,0,0,0,0,0,0,0,0,0,2016
621021,Widerstand gegen Polizeivollzugsbeamte,3404000,Osnabrueck,vers.,0,0,0,0,0,0,0,0,0,0,0,0,0,0,0,0,0,0,0,0,0,0,0,0,0,0,0,2016
621021,Widerstand gegen Polizeivollzugsbeamte,5774032,Paderborn,vers.,0,0,0,0,0,0,0,0,0,0,0,0,0,0,0,0,0,0,0,0,0,0,0,0,0,0,0,2016
621021,Widerstand gegen Polizeivollzugsbeamte,8231000,Pforzheim,vers.,0,0,0,0,0,0,0,0,0,0,0,0,0,0,0,0,0,0,0,0,0,0,0,0,0,0,0,2016
621021,Widerstand gegen Polizeivollzugsbeamte,12054000,Potsdam,vers.,0,0,0,0,0,0,0,0,0,0,0,0,0,0,0,0,0,0,0,0,0,0,0,0,0,0,0,2016
621021,Widerstand gegen Polizeivollzugsbeamte,5562032,Recklinghausen,vers.,0,0,0,0,0,0,0,0,0,0,0,0,0,0,0,0,0,0,0,0,0,0,0,0,0,0,0,2016
621021,Widerstand gegen Polizeivollzugsbeamte,9362000,Regensburg,vers.,0,0,0,0,0,0,0,0,0,0,0,0,0,0,0,0,0,0,0,0,0,0,0,0,0,0,0,2016
621021,Widerstand gegen Polizeivollzugsbeamte,5120000,Remscheid,vers.,0,0,0,0,0,0,0,0,0,0,0,0,0,0,0,0,0,0,0,0,0,0,0,0,0,0,0,2016
621021,Widerstand gegen Polizeivollzugsbeamte,8415061,Reutlingen,vers.,0,0,0,0,0,0,0,0,0,0,0,0,0,0,0,0,0,0,0,0,0,0,0,0,0,0,0,2016
621021,Widerstand gegen Polizeivollzugsbeamte,13003000,Rostock,vers.,0,0,0,0,0,0,0,0,0,0,0,0,0,0,0,0,0,0,0,0,0,0,0,0,0,0,0,2016
621021,Widerstand gegen Polizeivollzugsbeamte,10041100,Saarbruecken,vers.,0,0,0,0,0,0,0,0,0,0,0,0,0,0,0,0,0,0,0,0,0,0,0,0,0,0,0,2016
621021,Widerstand gegen Polizeivollzugsbeamte,3102000,Salzgitter,vers.,0,0,0,0,0,0,0,0,0,0,0,0,0,0,0,0,0,0,0,0,0,0,0,0,0,0,0,2016
621021,Widerstand gegen Polizeivollzugsbeamte,13004000,Schwerin,vers.,0,0,0,0,0,0,0,0,0,0,0,0,0,0,0,0,0,0,0,0,0,0,0,0,0,0,0,2016
621021,Widerstand gegen Polizeivollzugsbeamte,5970040,Siegen,vers.,0,0,0,0,0,0,0,0,0,0,0,0,0,0,0,0,0,0,0,0,0,0,0,0,0,0,0,2016
621021,Widerstand gegen Polizeivollzugsbeamte,5122000,Solingen,vers.,0,0,0,0,0,0,0,0,0,0,0,0,0,0,0,0,0,0,0,0,0,0,0,0,0,0,0,2016
621021,Widerstand gegen Polizeivollzugsbeamte,8111000,Stuttgart,vers.,0,0,0,0,0,0,0,0,0,0,0,0,0,0,0,0,0,0,0,0,0,0,0,0,0,0,0,2016
621021,Widerstand gegen Polizeivollzugsbeamte,7211000,Trier,vers.,0,0,0,0,0,0,0,0,0,0,0,0,0,0,0,0,0,0,0,0,0,0,0,0,0,0,0,2016
621021,Widerstand gegen Polizeivollzugsbeamte,8421000,Ulm,vers.,0,0,0,0,0,0,0,0,0,0,0,0,0,0,0,0,0,0,0,0,0,0,0,0,0,0,0,2016
621021,Widerstand gegen Polizeivollzugsbeamte,6414000,Wiesbaden,vers.,0,0,0,0,0,0,0,0,0,0,0,0,0,0,0,0,0,0,0,0,0,0,0,0,0,0,0,2016
621021,Widerstand gegen Polizeivollzugsbeamte,3103000,Wolfsburg,vers.,0,0,0,0,0,0,0,0,0,0,0,0,0,0,0,0,0,0,0,0,0,0,0,0,0,0,0,2016
621021,Widerstand gegen Polizeivollzugsbeamte,5124000,Wuppertal,vers.,0,0,0,0,0,0,0,0,0,0,0,0,0,0,0,0,0,0,0,0,0,0,0,0,0,0,0,2016
621021,Widerstand gegen Polizeivollzugsbeamte,9663000,Wuerzburg,vers.,0,0,0,0,0,0,0,0,0,0,0,0,0,0,0,0,0,0,0,0,0,0,0,0,0,0,0,2016
621021,Widerstand gegen Polizeivollzugsbeamte,5334002,Aachen,insg.,426,334,92,0,0,0,0,0,0,0,0,0,3,1,2,2,0,2,417,329,88,4,4,0,421,333,88,2016
621021,Widerstand gegen Polizeivollzugsbeamte,9761000,Augsburg,insg.,265,224,41,0,0,0,0,0,0,0,0,0,0,0,0,4,3,1,261,221,40,0,0,0,261,221,40,2016
621021,Widerstand gegen Polizeivollzugsbeamte,5378004,Bergisch Gladbach,insg.,54,33,21,0,0,0,0,0,0,0,0,0,0,0,0,0,0,0,52,32,20,2,1,1,54,33,21,2016
621021,Widerstand gegen Polizeivollzugsbeamte,11000000,Berlin,insg.,4213,3606,607,0,0,0,0,0,0,0,0,0,2,2,0,12,9,3,4182,3578,604,17,17,0,4199,3595,604,2016
621021,Widerstand gegen Polizeivollzugsbeamte,5711000,Bielefeld,insg.,213,176,37,0,0,0,0,0,0,0,0,0,1,1,0,5,3,2,206,171,35,1,1,0,207,172,35,2016
621021,Widerstand gegen Polizeivollzugsbeamte,5911000,Bochum,insg.,345,271,74,0,0,0,0,0,0,0,0,0,0,0,0,1,1,0,339,266,73,5,4,1,344,270,74,2016
621021,Widerstand gegen Polizeivollzugsbeamte,5314000,Bonn,insg.,363,287,76,0,0,0,0,0,0,0,0,0,0,0,0,4,2,2,358,284,74,1,1,0,359,285,74,2016
621021,Widerstand gegen Polizeivollzugsbeamte,5512000,Bottrop,insg.,54,42,12,0,0,0,0,0,0,0,0,0,0,0,0,0,0,0,49,39,10,5,3,2,54,42,12,2016
621021,Widerstand gegen Polizeivollzugsbeamte,3101000,Braunschweig,insg.,161,145,16,0,0,0,0,0,0,0,0,0,0,0,0,1,1,0,158,142,16,2,2,0,160,144,16,2016
621021,Widerstand gegen Polizeivollzugsbeamte,4011000,Bremen,insg.,636,499,137,0,0,0,0,0,0,0,0,0,0,0,0,2,1,1,629,494,135,5,4,1,634,498,136,2016
621021,Widerstand gegen Polizeivollzugsbeamte,4012000,Bremerhaven,insg.,158,122,36,0,0,0,0,0,0,0,0,0,0,0,0,0,0,0,155,119,36,3,3,0,158,122,36,2016
621021,Widerstand gegen Polizeivollzugsbeamte,14511000,Chemnitz,insg.,142,129,13,0,0,0,0,0,0,0,0,0,0,0,0,0,0,0,142,129,13,0,0,0,142,129,13,2016
621021,Widerstand gegen Polizeivollzugsbeamte,6411000,Darmstadt,insg.,76,65,11,0,0,0,0,0,0,0,0,0,0,0,0,0,0,0,76,65,11,0,0,0,76,65,11,2016
621021,Widerstand gegen Polizeivollzugsbeamte,5913000,Dortmund,insg.,983,795,188,0,0,0,1,0,1,1,0,1,0,0,0,11,9,2,964,781,183,7,5,2,971,786,185,2016
621021,Widerstand gegen Polizeivollzugsbeamte,14612000,Dresden,insg.,362,317,45,0,0,0,0,0,0,0,0,0,0,0,0,2,2,0,360,315,45,0,0,0,360,315,45,2016
621021,Widerstand gegen Polizeivollzugsbeamte,5112000,Duisburg,insg.,462,356,106,0,0,0,0,0,0,0,0,0,0,0,0,4,2,2,454,350,104,4,4,0,458,354,104,2016
621021,Widerstand gegen Polizeivollzugsbeamte,5111000,Duesseldorf,insg.,725,589,136,0,0,0,0,0,0,0,0,0,1,1,0,11,6,5,709,579,130,4,3,1,713,582,131,2016
621021,Widerstand gegen Polizeivollzugsbeamte,16051000,Erfurt,insg.,243,219,24,0,0,0,0,0,0,0,0,0,0,0,0,3,2,1,240,217,23,0,0,0,240,217,23,2016
621021,Widerstand gegen Polizeivollzugsbeamte,9562000,Erlangen,insg.,17,16,1,0,0,0,0,0,0,0,0,0,0,0,0,0,0,0,17,16,1,0,0,0,17,16,1,2016
621021,Widerstand gegen Polizeivollzugsbeamte,5113000,Essen,insg.,397,320,77,0,0,0,0,0,0,0,0,0,0,0,0,3,2,1,392,317,75,2,1,1,394,318,76,2016
621021,Widerstand gegen Polizeivollzugsbeamte,6412000,Frankfurt am Main,insg.,1068,921,147,0,0,0,0,0,0,0,0,0,0,0,0,8,5,3,1060,916,144,0,0,0,1060,916,144,2016
621021,Widerstand gegen Polizeivollzugsbeamte,8311000,Freiburg im Breisgau,insg.,163,137,26,0,0,0,0,0,0,0,0,0,0,0,0,6,4,2,157,133,24,0,0,0,157,133,24,2016
621021,Widerstand gegen Polizeivollzugsbeamte,9563000,Fuerth,insg.,11,7,4,0,0,0,0,0,0,0,0,0,0,0,0,0,0,0,11,7,4,0,0,0,11,7,4,2016
621021,Widerstand gegen Polizeivollzugsbeamte,5513000,Gelsenkirchen,insg.,258,201,57,0,0,0,0,0,0,0,0,0,1,1,0,0,0,0,257,200,57,0,0,0,257,200,57,2016
621021,Widerstand gegen Polizeivollzugsbeamte,3152012,Goettingen,insg.,96,68,28,0,0,0,0,0,0,0,0,0,0,0,0,0,0,0,96,68,28,0,0,0,96,68,28,2016
621021,Widerstand gegen Polizeivollzugsbeamte,5914000,Hagen,insg.,227,159,68,0,0,0,0,0,0,0,0,0,0,0,0,1,1,0,226,158,68,0,0,0,226,158,68,2016
621021,Widerstand gegen Polizeivollzugsbeamte,15002000,Halle (Saale),insg.,238,201,37,0,0,0,0,0,0,0,0,0,0,0,0,0,0,0,238,201,37,0,0,0,238,201,37,2016
621021,Widerstand gegen Polizeivollzugsbeamte,2000000,Hamburg,insg.,1055,890,165,0,0,0,0,0,0,0,0,0,0,0,0,10,7,3,1043,881,162,2,2,0,1045,883,162,2016
621021,Widerstand gegen Polizeivollzugsbeamte,5915000,Hamm,insg.,131,105,26,0,0,0,0,0,0,0,0,0,0,0,0,2,2,0,129,103,26,0,0,0,129,103,26,2016
621021,Widerstand gegen Polizeivollzugsbeamte,3241001,Hannover,insg.,423,353,70,0,0,0,0,0,0,0,0,0,0,0,0,0,0,0,423,353,70,0,0,0,423,353,70,2016
621021,Widerstand gegen Polizeivollzugsbeamte,8221000,Heidelberg,insg.,65,51,14,0,0,0,0,0,0,0,0,0,0,0,0,0,0,0,65,51,14,0,0,0,65,51,14,2016
621021,Widerstand gegen Polizeivollzugsbeamte,8121000,Heilbronn,insg.,22,17,5,0,0,0,0,0,0,0,0,0,0,0,0,0,0,0,22,17,5,0,0,0,22,17,5,2016
621021,Widerstand gegen Polizeivollzugsbeamte,5916000,Herne,insg.,126,89,37,0,0,0,0,0,0,0,0,0,0,0,0,2,1,1,124,88,36,0,0,0,124,88,36,2016
621021,Widerstand gegen Polizeivollzugsbeamte,3254021,Hildesheim,insg.,76,70,6,0,0,0,0,0,0,0,0,0,0,0,0,2,2,0,74,68,6,0,0,0,74,68,6,2016
621021,Widerstand gegen Polizeivollzugsbeamte,9161000,Ingolstadt,insg.,37,29,8,0,0,0,0,0,0,0,0,0,0,0,0,0,0,0,37,29,8,0,0,0,37,29,8,2016
621021,Widerstand gegen Polizeivollzugsbeamte,16053000,Jena,insg.,78,71,7,0,0,0,0,0,0,0,0,0,0,0,0,1,1,0,77,70,7,0,0,0,77,70,7,2016
621021,Widerstand gegen Polizeivollzugsbeamte,8212000,Karlsruhe,insg.,124,111,13,0,0,0,0,0,0,0,0,0,0,0,0,1,1,0,123,110,13,0,0,0,123,110,13,2016
621021,Widerstand gegen Polizeivollzugsbeamte,6611000,Kassel,insg.,195,177,18,0,0,0,0,0,0,0,0,0,0,0,0,11,7,4,184,170,14,0,0,0,184,170,14,2016
621021,Widerstand gegen Polizeivollzugsbeamte,1002000,Kiel,insg.,199,163,36,0,0,0,0,0,0,0,0,0,0,0,0,5,5,0,194,158,36,0,0,0,194,158,36,2016
621021,Widerstand gegen Polizeivollzugsbeamte,7111000,Koblenz,insg.,173,141,32,0,0,0,0,0,0,0,0,0,0,0,0,1,0,1,171,140,31,1,1,0,172,141,31,2016
621021,Widerstand gegen Polizeivollzugsbeamte,5315000,Koeln,insg.,2187,1598,589,0,0,0,0,0,0,0,0,0,0,0,0,13,6,7,2174,1592,582,0,0,0,2174,1592,582,2016
621021,Widerstand gegen Polizeivollzugsbeamte,5114000,Krefeld,insg.,278,175,103,0,0,0,1,0,1,1,0,1,0,0,0,3,3,0,274,172,102,0,0,0,274,172,102,2016
621021,Widerstand gegen Polizeivollzugsbeamte,14713000,Leipzig,insg.,661,570,91,0,0,0,0,0,0,0,0,0,0,0,0,3,3,0,658,567,91,0,0,0,658,567,91,2016
621021,Widerstand gegen Polizeivollzugsbeamte,5316000,Leverkusen,insg.,256,192,64,0,0,0,0,0,0,0,0,0,0,0,0,2,2,0,253,189,64,1,1,0,254,190,64,2016
621021,Widerstand gegen Polizeivollzugsbeamte,1003000,Luebeck,insg.,318,258,60,0,0,0,0,0,0,0,0,0,0,0,0,10,7,3,305,248,57,3,3,0,308,251,57,2016
621021,Widerstand gegen Polizeivollzugsbeamte,7314000,Ludwigshafen am Rhein,insg.,77,55,22,0,0,0,0,0,0,0,0,0,0,0,0,0,0,0,77,55,22,0,0,0,77,55,22,2016
621021,Widerstand gegen Polizeivollzugsbeamte,15003000,Magdeburg,insg.,159,130,29,0,0,0,0,0,0,0,0,0,0,0,0,1,0,1,155,127,28,3,3,0,158,130,28,2016
621021,Widerstand gegen Polizeivollzugsbeamte,7315000,Mainz,insg.,279,215,64,0,0,0,0,0,0,0,0,0,0,0,0,2,1,1,277,214,63,0,0,0,277,214,63,2016
621021,Widerstand gegen Polizeivollzugsbeamte,8222000,Mannheim,insg.,112,99,13,0,0,0,0,0,0,0,0,0,0,0,0,3,2,1,109,97,12,0,0,0,109,97,12,2016
621021,Widerstand gegen Polizeivollzugsbeamte,5170024,Moers,insg.,70,38,32,0,0,0,0,0,0,0,0,0,0,0,0,0,0,0,70,38,32,0,0,0,70,38,32,2016
621021,Widerstand gegen Polizeivollzugsbeamte,5116000,Moenchengladbach,insg.,274,199,75,0,0,0,1,1,0,1,1,0,1,1,0,3,1,2,269,196,73,0,0,0,269,196,73,2016
621021,Widerstand gegen Polizeivollzugsbeamte,5117000,Muelheim an der Ruhr,insg.,91,70,21,0,0,0,0,0,0,0,0,0,0,0,0,1,1,0,90,69,21,0,0,0,90,69,21,2016
621021,Widerstand gegen Polizeivollzugsbeamte,9162000,Muenchen,insg.,663,594,69,0,0,0,0,0,0,0,0,0,0,0,0,14,10,4,649,584,65,0,0,0,649,584,65,2016
621021,Widerstand gegen Polizeivollzugsbeamte,5515000,Muenster,insg.,265,198,67,0,0,0,0,0,0,0,0,0,5,3,2,2,2,0,256,193,63,2,0,2,258,193,65,2016
621021,Widerstand gegen Polizeivollzugsbeamte,5162024,Neuss,insg.,120,81,39,0,0,0,0,0,0,0,0,0,0,0,0,1,1,0,118,79,39,1,1,0,119,80,39,2016
621021,Widerstand gegen Polizeivollzugsbeamte,9564000,Nuernberg,insg.,265,235,30,0,0,0,0,0,0,0,0,0,0,0,0,11,11,0,254,224,30,0,0,0,254,224,30,2016
621021,Widerstand gegen Polizeivollzugsbeamte,5119000,Oberhausen,insg.,113,78,35,0,0,0,0,0,0,0,0,0,0,0,0,0,0,0,112,77,35,1,1,0,113,78,35,2016
621021,Widerstand gegen Polizeivollzugsbeamte,6413000,Offenbach am Main,insg.,94,73,21,0,0,0,0,0,0,0,0,0,0,0,0,1,1,0,93,72,21,0,0,0,93,72,21,2016
621021,Widerstand gegen Polizeivollzugsbeamte,3403000,Oldenburg (Oldenburg),insg.,99,73,26,0,0,0,0,0,0,0,0,0,0,0,0,2,0,2,97,73,24,0,0,0,97,73,24,2016
621021,Widerstand gegen Polizeivollzugsbeamte,3404000,Osnabrueck,insg.,130,113,17,0,0,0,0,0,0,0,0,0,0,0,0,0,0,0,129,112,17,1,1,0,130,113,17,2016
621021,Widerstand gegen Polizeivollzugsbeamte,5774032,Paderborn,insg.,136,120,16,0,0,0,0,0,0,0,0,0,0,0,0,0,0,0,135,119,16,1,1,0,136,120,16,2016
621021,Widerstand gegen Polizeivollzugsbeamte,8231000,Pforzheim,insg.,33,26,7,0,0,0,0,0,0,0,0,0,0,0,0,0,0,0,33,26,7,0,0,0,33,26,7,2016
621021,Widerstand gegen Polizeivollzugsbeamte,12054000,Potsdam,insg.,85,69,16,0,0,0,0,0,0,0,0,0,0,0,0,0,0,0,84,68,16,1,1,0,85,69,16,2016
621021,Widerstand gegen Polizeivollzugsbeamte,5562032,Recklinghausen,insg.,173,121,52,0,0,0,0,0,0,0,0,0,1,1,0,0,0,0,170,118,52,2,2,0,172,120,52,2016
621021,Widerstand gegen Polizeivollzugsbeamte,9362000,Regensburg,insg.,71,62,9,0,0,0,0,0,0,0,0,0,0,0,0,0,0,0,69,60,9,2,2,0,71,62,9,2016
621021,Widerstand gegen Polizeivollzugsbeamte,5120000,Remscheid,insg.,68,50,18,0,0,0,0,0,0,0,0,0,0,0,0,0,0,0,67,49,18,1,1,0,68,50,18,2016
621021,Widerstand gegen Polizeivollzugsbeamte,8415061,Reutlingen,insg.,33,28,5,0,0,0,0,0,0,0,0,0,0,0,0,0,0,0,33,28,5,0,0,0,33,28,5,2016
621021,Widerstand gegen Polizeivollzugsbeamte,13003000,Rostock,insg.,216,175,41,0,0,0,0,0,0,0,0,0,0,0,0,0,0,0,216,175,41,0,0,0,216,175,41,2016
621021,Widerstand gegen Polizeivollzugsbeamte,10041100,Saarbruecken,insg.,354,286,68,0,0,0,0,0,0,0,0,0,0,0,0,1,1,0,353,285,68,0,0,0,353,285,68,2016
621021,Widerstand gegen Polizeivollzugsbeamte,3102000,Salzgitter,insg.,47,41,6,0,0,0,0,0,0,0,0,0,0,0,0,1,1,0,46,40,6,0,0,0,46,40,6,2016
621021,Widerstand gegen Polizeivollzugsbeamte,13004000,Schwerin,insg.,91,78,13,0,0,0,0,0,0,0,0,0,0,0,0,0,0,0,91,78,13,0,0,0,91,78,13,2016
621021,Widerstand gegen Polizeivollzugsbeamte,5970040,Siegen,insg.,127,100,27,0,0,0,0,0,0,0,0,0,0,0,0,0,0,0,124,98,26,3,2,1,127,100,27,2016
621021,Widerstand gegen Polizeivollzugsbeamte,5122000,Solingen,insg.,110,90,20,0,0,0,0,0,0,0,0,0,1,0,1,1,1,0,107,88,19,1,1,0,108,89,19,2016
621021,Widerstand gegen Polizeivollzugsbeamte,8111000,Stuttgart,insg.,775,635,140,0,0,0,0,0,0,0,0,0,0,0,0,3,2,1,769,630,139,3,3,0,772,633,139,2016
621021,Widerstand gegen Polizeivollzugsbeamte,7211000,Trier,insg.,163,129,34,0,0,0,0,0,0,0,0,0,0,0,0,0,0,0,159,125,34,4,4,0,163,129,34,2016
621021,Widerstand gegen Polizeivollzugsbeamte,8421000,Ulm,insg.,67,59,8,0,0,0,0,0,0,0,0,0,0,0,0,1,1,0,66,58,8,0,0,0,66,58,8,2016
621021,Widerstand gegen Polizeivollzugsbeamte,6414000,Wiesbaden,insg.,131,104,27,0,0,0,0,0,0,0,0,0,0,0,0,0,0,0,131,104,27,0,0,0,131,104,27,2016
621021,Widerstand gegen Polizeivollzugsbeamte,3103000,Wolfsburg,insg.,73,58,15,0,0,0,0,0,0,0,0,0,0,0,0,5,5,0,68,53,15,0,0,0,68,53,15,2016
621021,Widerstand gegen Polizeivollzugsbeamte,5124000,Wuppertal,insg.,502,328,174,0,0,0,0,0,0,0,0,0,0,0,0,5,1,4,495,326,169,2,1,1,497,327,170,2016
621021,Widerstand gegen Polizeivollzugsbeamte,9663000,Wuerzburg,insg.,51,44,7,0,0,0,0,0,0,0,0,0,0,0,0,0,0,0,51,44,7,0,0,0,51,44,7,2016
892000,Gewaltkriminalitaet,5334002,Aachen,voll.,1127,802,325,1,1,0,34,20,14,35,21,14,92,71,21,115,90,25,804,575,229,81,45,36,885,620,265,2016
892000,Gewaltkriminalitaet,9761000,Augsburg,voll.,813,596,217,2,0,2,40,27,13,42,27,15,71,47,24,102,75,27,570,432,138,28,15,13,598,447,151,2016
892000,Gewaltkriminalitaet,5378004,Bergisch Gladbach,voll.,208,150,58,0,0,0,10,7,3,10,7,3,25,19,6,27,21,6,134,95,39,12,8,4,146,103,43,2016
892000,Gewaltkriminalitaet,11000000,Berlin,voll.,15966,11587,4379,41,22,19,656,457,199,697,479,218,1581,1138,443,1463,1088,375,11324,8392,2932,901,490,411,12225,8882,3343,2016
892000,Gewaltkriminalitaet,5711000,Bielefeld,voll.,894,640,254,4,3,1,33,25,8,37,28,9,92,64,28,100,73,27,632,455,177,33,20,13,665,475,190,2016
892000,Gewaltkriminalitaet,5911000,Bochum,voll.,1400,964,436,5,3,2,61,46,15,66,49,17,159,114,45,179,125,54,931,643,288,65,33,32,996,676,320,2016
892000,Gewaltkriminalitaet,5314000,Bonn,voll.,1191,799,392,2,2,0,47,37,10,49,39,10,113,59,54,149,113,36,825,565,260,55,23,32,880,588,292,2016
892000,Gewaltkriminalitaet,5512000,Bottrop,voll.,283,196,87,1,1,0,13,7,6,14,8,6,41,31,10,38,27,11,172,122,50,18,8,10,190,130,60,2016
892000,Gewaltkriminalitaet,3101000,Braunschweig,voll.,966,717,249,3,2,1,24,18,6,27,20,7,83,55,28,114,85,29,716,540,176,26,17,9,742,557,185,2016
892000,Gewaltkriminalitaet,4011000,Bremen,voll.,3024,2140,884,7,5,2,52,33,19,59,38,21,328,265,63,401,279,122,2075,1475,600,161,83,78,2236,1558,678,2016
892000,Gewaltkriminalitaet,4012000,Bremerhaven,voll.,692,482,210,0,0,0,15,10,5,15,10,5,60,30,30,64,47,17,509,364,145,44,31,13,553,395,158,2016
892000,Gewaltkriminalitaet,14511000,Chemnitz,voll.,693,516,177,1,0,1,35,17,18,36,17,19,78,57,21,73,63,10,469,371,98,37,8,29,506,379,127,2016
892000,Gewaltkriminalitaet,6411000,Darmstadt,voll.,442,339,103,1,1,0,11,6,5,12,7,5,50,39,11,51,35,16,312,243,69,17,15,2,329,258,71,2016
892000,Gewaltkriminalitaet,5913000,Dortmund,voll.,3188,2251,937,7,3,4,111,72,39,118,75,43,280,182,98,333,231,102,2337,1699,638,120,64,56,2457,1763,694,2016
892000,Gewaltkriminalitaet,14612000,Dresden,voll.,1563,1234,329,11,6,5,42,27,15,53,33,20,113,79,34,178,142,36,1153,943,210,66,37,29,1219,980,239,2016
892000,Gewaltkriminalitaet,5112000,Duisburg,voll.,1848,1178,670,8,5,3,118,83,35,126,88,38,200,132,68,171,121,50,1257,796,461,94,41,53,1351,837,514,2016
892000,Gewaltkriminalitaet,5111000,Duesseldorf,voll.,2356,1703,653,4,3,1,80,49,31,84,52,32,182,124,58,284,215,69,1633,1227,406,173,85,88,1806,1312,494,2016
892000,Gewaltkriminalitaet,16051000,Erfurt,voll.,723,560,163,0,0,0,32,21,11,32,21,11,64,44,20,87,72,15,519,413,106,21,10,11,540,423,117,2016
892000,Gewaltkriminalitaet,9562000,Erlangen,voll.,189,140,49,0,0,0,6,4,2,6,4,2,14,12,2,30,21,9,138,103,35,1,0,1,139,103,36,2016
892000,Gewaltkriminalitaet,5113000,Essen,voll.,1891,1192,699,5,3,2,81,48,33,86,51,35,212,128,84,192,132,60,1280,826,454,121,55,66,1401,881,520,2016
892000,Gewaltkriminalitaet,6412000,Frankfurt am Main,voll.,3436,2545,891,11,4,7,112,69,43,123,73,50,228,149,79,375,298,77,2505,1917,588,205,108,97,2710,2025,685,2016
892000,Gewaltkriminalitaet,8311000,Freiburg im Breisgau,voll.,954,725,229,10,8,2,21,12,9,31,20,11,91,68,23,155,120,35,641,491,150,36,26,10,677,517,160,2016
892000,Gewaltkriminalitaet,9563000,Fuerth,voll.,197,139,58,0,0,0,12,7,5,12,7,5,19,9,10,12,10,2,149,110,39,5,3,2,154,113,41,2016
892000,Gewaltkriminalitaet,5513000,Gelsenkirchen,voll.,1036,695,341,4,3,1,45,31,14,49,34,15,125,90,35,111,73,38,703,477,226,48,21,27,751,498,253,2016
892000,Gewaltkriminalitaet,3152012,Goettingen,voll.,557,426,131,4,3,1,15,12,3,19,15,4,63,54,9,59,49,10,398,302,96,18,6,12,416,308,108,2016
892000,Gewaltkriminalitaet,5914000,Hagen,voll.,516,341,175,0,0,0,28,13,15,28,13,15,56,40,16,58,41,17,354,235,119,20,12,8,374,247,127,2016
892000,Gewaltkriminalitaet,15002000,Halle (Saale),voll.,849,618,231,4,2,2,43,31,12,47,33,14,104,75,29,75,55,20,582,431,151,41,24,17,623,455,168,2016
892000,Gewaltkriminalitaet,2000000,Hamburg,voll.,8496,6282,2214,18,9,9,357,261,96,375,270,105,732,541,191,937,706,231,6055,4528,1527,397,237,160,6452,4765,1687,2016
892000,Gewaltkriminalitaet,5915000,Hamm,voll.,563,382,181,1,0,1,13,10,3,14,10,4,46,25,21,62,44,18,409,289,120,32,14,18,441,303,138,2016
892000,Gewaltkriminalitaet,3241001,Hannover,voll.,3098,2345,753,6,3,3,125,61,64,131,64,67,217,134,83,340,263,77,2316,1824,492,94,60,34,2410,1884,526,2016
892000,Gewaltkriminalitaet,8221000,Heidelberg,voll.,560,445,115,3,3,0,12,7,5,15,10,5,46,36,10,86,70,16,390,313,77,23,16,7,413,329,84,2016
892000,Gewaltkriminalitaet,8121000,Heilbronn,voll.,310,220,90,0,0,0,7,4,3,7,4,3,35,25,10,52,40,12,206,146,60,10,5,5,216,151,65,2016
892000,Gewaltkriminalitaet,5916000,Herne,voll.,400,256,144,2,2,0,21,15,6,23,17,6,51,31,20,41,28,13,261,167,94,24,13,11,285,180,105,2016
892000,Gewaltkriminalitaet,3254021,Hildesheim,voll.,505,347,158,4,3,1,17,8,9,21,11,10,58,40,18,53,36,17,354,253,101,19,7,12,373,260,113,2016
892000,Gewaltkriminalitaet,9161000,Ingolstadt,voll.,413,318,95,0,0,0,13,9,4,13,9,4,72,43,29,59,46,13,256,212,44,13,8,5,269,220,49,2016
892000,Gewaltkriminalitaet,16053000,Jena,voll.,220,157,63,0,0,0,9,5,4,9,5,4,15,10,5,18,11,7,171,126,45,7,5,2,178,131,47,2016
892000,Gewaltkriminalitaet,8212000,Karlsruhe,voll.,953,723,230,3,0,3,18,16,2,21,16,5,70,52,18,104,86,18,714,539,175,44,30,14,758,569,189,2016
892000,Gewaltkriminalitaet,6611000,Kassel,voll.,722,499,223,1,1,0,26,17,9,27,18,9,46,26,20,89,59,30,528,374,154,32,22,10,560,396,164,2016
892000,Gewaltkriminalitaet,1002000,Kiel,voll.,1114,825,289,1,0,1,15,11,4,16,11,5,92,74,18,137,104,33,829,609,220,40,27,13,869,636,233,2016
892000,Gewaltkriminalitaet,7111000,Koblenz,voll.,414,309,105,1,1,0,9,6,3,10,7,3,38,30,8,45,39,6,299,221,78,22,12,10,321,233,88,2016
892000,Gewaltkriminalitaet,5315000,Koeln,voll.,5816,3903,1913,11,9,2,190,136,54,201,145,56,466,279,187,754,462,292,4142,2877,1265,253,140,113,4395,3017,1378,2016
892000,Gewaltkriminalitaet,5114000,Krefeld,voll.,714,455,259,4,2,2,30,22,8,34,24,10,67,38,29,75,56,19,482,312,170,56,25,31,538,337,201,2016
892000,Gewaltkriminalitaet,14713000,Leipzig,voll.,2248,1696,552,9,6,3,79,52,27,88,58,30,185,122,63,214,168,46,1658,1296,362,103,52,51,1761,1348,413,2016
892000,Gewaltkriminalitaet,5316000,Leverkusen,voll.,605,386,219,2,0,2,32,18,14,34,18,16,63,42,21,63,41,22,406,258,148,39,27,12,445,285,160,2016
892000,Gewaltkriminalitaet,1003000,Luebeck,voll.,935,671,264,1,0,1,27,19,8,28,19,9,100,68,32,95,66,29,677,497,180,35,21,14,712,518,194,2016
892000,Gewaltkriminalitaet,7314000,Ludwigshafen am Rhein,voll.,787,536,251,6,4,2,52,34,18,58,38,20,91,54,37,98,70,28,509,354,155,31,20,11,540,374,166,2016
892000,Gewaltkriminalitaet,15003000,Magdeburg,voll.,814,575,239,3,2,1,34,22,12,37,24,13,69,43,26,67,52,15,599,430,169,42,26,16,641,456,185,2016
892000,Gewaltkriminalitaet,7315000,Mainz,voll.,712,534,178,4,4,0,14,10,4,18,14,4,74,59,15,91,77,14,510,373,137,19,11,8,529,384,145,2016
892000,Gewaltkriminalitaet,8222000,Mannheim,voll.,1338,945,393,8,4,4,39,22,17,47,26,21,85,65,20,136,99,37,995,720,275,75,35,40,1070,755,315,2016
892000,Gewaltkriminalitaet,5170024,Moers,voll.,296,200,96,0,0,0,33,17,16,33,17,16,43,23,20,37,29,8,169,123,46,14,8,6,183,131,52,2016
892000,Gewaltkriminalitaet,5116000,Moenchengladbach,voll.,833,548,285,2,1,1,34,27,7,36,28,8,94,60,34,112,80,32,545,356,189,46,24,22,591,380,211,2016
892000,Gewaltkriminalitaet,5117000,Muelheim an der Ruhr,voll.,389,227,162,3,0,3,20,15,5,23,15,8,40,21,19,30,18,12,270,161,109,26,12,14,296,173,123,2016
892000,Gewaltkriminalitaet,9162000,Muenchen,voll.,3832,2811,1021,12,6,6,98,60,38,110,66,44,280,215,65,480,371,109,2820,2083,737,142,76,66,2962,2159,803,2016
892000,Gewaltkriminalitaet,5515000,Muenster,voll.,899,657,242,3,1,2,32,23,9,35,24,11,86,70,16,109,86,23,640,456,184,29,21,8,669,477,192,2016
892000,Gewaltkriminalitaet,5162024,Neuss,voll.,382,261,121,0,0,0,12,11,1,12,11,1,37,26,11,51,42,9,258,174,84,24,8,16,282,182,100,2016
892000,Gewaltkriminalitaet,9564000,Nuernberg,voll.,1745,1270,475,16,14,2,40,31,9,56,45,11,135,97,38,207,159,48,1262,923,339,85,46,39,1347,969,378,2016
892000,Gewaltkriminalitaet,5119000,Oberhausen,voll.,574,397,177,0,0,0,21,13,8,21,13,8,66,51,15,74,61,13,372,255,117,41,17,24,413,272,141,2016
892000,Gewaltkriminalitaet,6413000,Offenbach am Main,voll.,359,237,122,1,0,1,13,9,4,14,9,5,32,24,8,33,20,13,265,176,89,15,8,7,280,184,96,2016
892000,Gewaltkriminalitaet,3403000,Oldenburg (Oldenburg),voll.,541,373,168,0,0,0,10,9,1,10,9,1,66,47,19,87,52,35,359,253,106,19,12,7,378,265,113,2016
892000,Gewaltkriminalitaet,3404000,Osnabrueck,voll.,865,628,237,6,2,4,11,6,5,17,8,9,63,40,23,97,76,21,654,486,168,34,18,16,688,504,184,2016
892000,Gewaltkriminalitaet,5774032,Paderborn,voll.,422,279,143,0,0,0,8,6,2,8,6,2,34,22,12,58,45,13,299,193,106,23,13,10,322,206,116,2016
892000,Gewaltkriminalitaet,8231000,Pforzheim,voll.,353,265,88,2,1,1,23,17,6,25,18,7,29,19,10,33,19,14,248,200,48,18,9,9,266,209,57,2016
892000,Gewaltkriminalitaet,12054000,Potsdam,voll.,337,258,79,1,1,0,16,15,1,17,16,1,49,43,6,33,29,4,220,159,61,18,11,7,238,170,68,2016
892000,Gewaltkriminalitaet,5562032,Recklinghausen,voll.,439,302,137,0,0,0,13,12,1,13,12,1,62,40,22,50,36,14,287,200,87,27,14,13,314,214,100,2016
892000,Gewaltkriminalitaet,9362000,Regensburg,voll.,464,356,108,0,0,0,13,7,6,13,7,6,41,32,9,58,48,10,342,263,79,10,6,4,352,269,83,2016
892000,Gewaltkriminalitaet,5120000,Remscheid,voll.,272,167,105,2,2,0,11,5,6,13,7,6,36,18,18,33,21,12,177,114,63,13,7,6,190,121,69,2016
892000,Gewaltkriminalitaet,8415061,Reutlingen,voll.,311,214,97,1,1,0,6,3,3,7,4,3,33,23,10,40,34,6,224,149,75,7,4,3,231,153,78,2016
892000,Gewaltkriminalitaet,13003000,Rostock,voll.,567,418,149,3,3,0,29,21,8,32,24,8,54,39,15,45,30,15,404,307,97,32,18,14,436,325,111,2016
892000,Gewaltkriminalitaet,10041100,Saarbruecken,voll.,994,675,319,3,1,2,33,25,8,36,26,10,90,59,31,138,102,36,697,466,231,33,22,11,730,488,242,2016
892000,Gewaltkriminalitaet,3102000,Salzgitter,voll.,309,203,106,1,1,0,14,11,3,15,12,3,33,18,15,35,27,8,210,136,74,16,10,6,226,146,80,2016
892000,Gewaltkriminalitaet,13004000,Schwerin,voll.,231,177,54,0,0,0,19,14,5,19,14,5,34,26,8,24,21,3,140,107,33,14,9,5,154,116,38,2016
892000,Gewaltkriminalitaet,5970040,Siegen,voll.,320,225,95,0,0,0,13,9,4,13,9,4,32,23,9,44,33,11,221,154,67,10,6,4,231,160,71,2016
892000,Gewaltkriminalitaet,5122000,Solingen,voll.,376,260,116,0,0,0,17,12,5,17,12,5,48,34,14,44,37,7,246,163,83,21,14,7,267,177,90,2016
892000,Gewaltkriminalitaet,8111000,Stuttgart,voll.,2695,2035,660,15,13,2,60,47,13,75,60,15,230,156,74,383,291,92,1926,1484,442,81,44,37,2007,1528,479,2016
892000,Gewaltkriminalitaet,7211000,Trier,voll.,397,298,99,0,0,0,11,8,3,11,8,3,41,28,13,55,46,9,276,207,69,14,9,5,290,216,74,2016
892000,Gewaltkriminalitaet,8421000,Ulm,voll.,414,306,108,4,3,1,9,5,4,13,8,5,32,22,10,52,33,19,304,235,69,13,8,5,317,243,74,2016
892000,Gewaltkriminalitaet,6414000,Wiesbaden,voll.,1045,732,313,4,2,2,38,24,14,42,26,16,141,100,41,114,80,34,706,506,200,42,20,22,748,526,222,2016
892000,Gewaltkriminalitaet,3103000,Wolfsburg,voll.,318,227,91,1,0,1,11,10,1,12,10,2,33,29,4,37,29,8,226,154,72,10,5,5,236,159,77,2016
892000,Gewaltkriminalitaet,5124000,Wuppertal,voll.,1204,838,366,1,1,0,58,40,18,59,41,18,110,77,33,138,87,51,841,607,234,56,26,30,897,633,264,2016
892000,Gewaltkriminalitaet,9663000,Wuerzburg,voll.,352,266,86,0,0,0,9,7,2,9,7,2,50,37,13,49,31,18,235,184,51,9,7,2,244,191,53,2016
892000,Gewaltkriminalitaet,5334002,Aachen,vers.,191,136,55,1,1,0,2,1,1,3,2,1,16,11,5,21,13,8,144,103,41,7,7,0,151,110,41,2016
892000,Gewaltkriminalitaet,9761000,Augsburg,vers.,220,136,84,4,1,3,6,4,2,10,5,5,7,5,2,22,13,9,166,108,58,15,5,10,181,113,68,2016
892000,Gewaltkriminalitaet,5378004,Bergisch Gladbach,vers.,51,31,20,0,0,0,4,3,1,4,3,1,4,4,0,0,0,0,37,22,15,6,2,4,43,24,19,2016
892000,Gewaltkriminalitaet,11000000,Berlin,vers.,3646,2509,1137,39,17,22,146,102,44,185,119,66,244,180,64,207,141,66,2750,1924,826,260,145,115,3010,2069,941,2016
892000,Gewaltkriminalitaet,5711000,Bielefeld,vers.,196,119,77,2,1,1,8,5,3,10,6,4,9,4,5,11,8,3,151,92,59,15,9,6,166,101,65,2016
892000,Gewaltkriminalitaet,5911000,Bochum,vers.,297,213,84,0,0,0,8,6,2,8,6,2,20,13,7,19,12,7,238,179,59,12,3,9,250,182,68,2016
892000,Gewaltkriminalitaet,5314000,Bonn,vers.,230,152,78,0,0,0,7,6,1,7,6,1,14,7,7,19,15,4,170,113,57,20,11,9,190,124,66,2016
892000,Gewaltkriminalitaet,5512000,Bottrop,vers.,67,45,22,3,2,1,5,3,2,8,5,3,5,3,2,8,6,2,41,26,15,5,5,0,46,31,15,2016
892000,Gewaltkriminalitaet,3101000,Braunschweig,vers.,177,117,60,0,0,0,3,3,0,3,3,0,7,3,4,13,6,7,143,99,44,11,6,5,154,105,49,2016
892000,Gewaltkriminalitaet,4011000,Bremen,vers.,507,339,168,3,3,0,14,12,2,17,15,2,47,36,11,44,30,14,345,236,109,54,22,32,399,258,141,2016
892000,Gewaltkriminalitaet,4012000,Bremerhaven,vers.,102,65,37,1,0,1,2,1,1,3,1,2,10,6,4,10,6,4,70,50,20,9,2,7,79,52,27,2016
892000,Gewaltkriminalitaet,14511000,Chemnitz,vers.,138,101,37,0,0,0,2,1,1,2,1,1,10,7,3,4,4,0,104,79,25,18,10,8,122,89,33,2016
892000,Gewaltkriminalitaet,6411000,Darmstadt,vers.,56,36,20,0,0,0,0,0,0,0,0,0,3,2,1,6,2,4,38,26,12,9,6,3,47,32,15,2016
892000,Gewaltkriminalitaet,5913000,Dortmund,vers.,536,389,147,2,1,1,13,10,3,15,11,4,40,30,10,32,22,10,415,306,109,34,20,14,449,326,123,2016
892000,Gewaltkriminalitaet,14612000,Dresden,vers.,259,208,51,0,0,0,3,2,1,3,2,1,22,18,4,16,14,2,211,170,41,7,4,3,218,174,44,2016
892000,Gewaltkriminalitaet,5112000,Duisburg,vers.,505,350,155,0,0,0,32,22,10,32,22,10,36,27,9,31,19,12,364,262,102,42,20,22,406,282,124,2016
892000,Gewaltkriminalitaet,5111000,Duesseldorf,vers.,424,267,157,1,1,0,11,7,4,12,8,4,19,11,8,41,25,16,319,211,108,33,12,21,352,223,129,2016
892000,Gewaltkriminalitaet,16051000,Erfurt,vers.,172,133,39,0,0,0,4,1,3,4,1,3,17,13,4,13,11,2,128,102,26,10,6,4,138,108,30,2016
892000,Gewaltkriminalitaet,9562000,Erlangen,vers.,35,26,9,0,0,0,0,0,0,0,0,0,0,0,0,3,2,1,28,22,6,4,2,2,32,24,8,2016
892000,Gewaltkriminalitaet,5113000,Essen,vers.,322,216,106,2,1,1,15,13,2,17,14,3,22,14,8,27,17,10,230,161,69,26,10,16,256,171,85,2016
892000,Gewaltkriminalitaet,6412000,Frankfurt am Main,vers.,638,445,193,6,4,2,13,11,2,19,15,4,36,23,13,45,31,14,488,347,141,50,29,21,538,376,162,2016
892000,Gewaltkriminalitaet,8311000,Freiburg im Breisgau,vers.,192,143,49,0,0,0,7,3,4,7,3,4,14,9,5,23,21,2,131,102,29,17,8,9,148,110,38,2016
892000,Gewaltkriminalitaet,9563000,Fuerth,vers.,46,33,13,1,0,1,1,1,0,2,1,1,4,3,1,3,3,0,36,25,11,1,1,0,37,26,11,2016
892000,Gewaltkriminalitaet,5513000,Gelsenkirchen,vers.,221,152,69,1,0,1,8,5,3,9,5,4,21,14,7,28,20,8,139,101,38,24,12,12,163,113,50,2016
892000,Gewaltkriminalitaet,3152012,Goettingen,vers.,119,79,40,1,1,0,3,2,1,4,3,1,3,3,0,18,14,4,87,55,32,7,4,3,94,59,35,2016
892000,Gewaltkriminalitaet,5914000,Hagen,vers.,91,49,42,0,0,0,5,4,1,5,4,1,7,1,6,4,1,3,64,38,26,11,5,6,75,43,32,2016
892000,Gewaltkriminalitaet,15002000,Halle (Saale),vers.,222,160,62,2,1,1,7,4,3,9,5,4,11,9,2,13,8,5,174,128,46,15,10,5,189,138,51,2016
892000,Gewaltkriminalitaet,2000000,Hamburg,vers.,1403,997,406,6,4,2,33,22,11,39,26,13,116,80,36,124,93,31,1040,746,294,84,52,32,1124,798,326,2016
892000,Gewaltkriminalitaet,5915000,Hamm,vers.,81,58,23,2,2,0,6,6,0,8,8,0,6,4,2,9,6,3,53,36,17,5,4,1,58,40,18,2016
892000,Gewaltkriminalitaet,3241001,Hannover,vers.,652,470,182,2,0,2,15,6,9,17,6,11,26,18,8,50,32,18,533,399,134,26,15,11,559,414,145,2016
892000,Gewaltkriminalitaet,8221000,Heidelberg,vers.,96,72,24,0,0,0,2,2,0,2,2,0,2,0,2,7,7,0,81,61,20,4,2,2,85,63,22,2016
892000,Gewaltkriminalitaet,8121000,Heilbronn,vers.,46,36,10,0,0,0,2,2,0,2,2,0,2,1,1,4,2,2,37,30,7,1,1,0,38,31,7,2016
892000,Gewaltkriminalitaet,5916000,Herne,vers.,96,60,36,0,0,0,4,4,0,4,4,0,13,9,4,8,3,5,64,42,22,7,2,5,71,44,27,2016
892000,Gewaltkriminalitaet,3254021,Hildesheim,vers.,104,71,33,1,0,1,7,3,4,8,3,5,7,6,1,15,13,2,68,43,25,6,6,0,74,49,25,2016
892000,Gewaltkriminalitaet,9161000,Ingolstadt,vers.,91,68,23,0,0,0,5,4,1,5,4,1,3,2,1,11,6,5,67,55,12,5,1,4,72,56,16,2016
892000,Gewaltkriminalitaet,16053000,Jena,vers.,61,41,20,2,2,0,0,0,0,2,2,0,6,3,3,4,3,1,46,31,15,3,2,1,49,33,16,2016
892000,Gewaltkriminalitaet,8212000,Karlsruhe,vers.,152,112,40,0,0,0,2,2,0,2,2,0,10,9,1,12,8,4,119,88,31,9,5,4,128,93,35,2016
892000,Gewaltkriminalitaet,6611000,Kassel,vers.,131,94,37,0,0,0,2,1,1,2,1,1,13,11,2,13,9,4,94,69,25,9,4,5,103,73,30,2016
892000,Gewaltkriminalitaet,1002000,Kiel,vers.,182,130,52,2,1,1,4,3,1,6,4,2,7,6,1,12,9,3,145,106,39,12,5,7,157,111,46,2016
892000,Gewaltkriminalitaet,7111000,Koblenz,vers.,110,83,27,0,0,0,6,5,1,6,5,1,12,12,0,15,11,4,72,51,21,5,4,1,77,55,22,2016
892000,Gewaltkriminalitaet,5315000,Koeln,vers.,1184,814,370,6,5,1,44,36,8,50,41,9,77,54,23,107,64,43,875,619,256,75,36,39,950,655,295,2016
892000,Gewaltkriminalitaet,5114000,Krefeld,vers.,127,83,44,3,2,1,3,2,1,6,4,2,7,5,2,11,7,4,86,57,29,17,10,7,103,67,36,2016
892000,Gewaltkriminalitaet,14713000,Leipzig,vers.,419,310,109,6,2,4,15,13,2,21,15,6,13,8,5,31,24,7,333,256,77,21,7,14,354,263,91,2016
892000,Gewaltkriminalitaet,5316000,Leverkusen,vers.,136,91,45,1,1,0,6,5,1,7,6,1,16,10,6,13,10,3,95,61,34,5,4,1,100,65,35,2016
892000,Gewaltkriminalitaet,1003000,Luebeck,vers.,210,151,59,1,0,1,6,2,4,7,2,5,17,14,3,16,12,4,159,115,44,11,8,3,170,123,47,2016
892000,Gewaltkriminalitaet,7314000,Ludwigshafen am Rhein,vers.,172,114,58,5,2,3,25,19,6,30,21,9,6,5,1,7,3,4,117,75,42,12,10,2,129,85,44,2016
892000,Gewaltkriminalitaet,15003000,Magdeburg,vers.,203,138,65,1,1,0,7,5,2,8,6,2,20,14,6,13,9,4,142,95,47,20,14,6,162,109,53,2016
892000,Gewaltkriminalitaet,7315000,Mainz,vers.,124,84,40,1,1,0,0,0,0,1,1,0,8,7,1,11,9,2,98,63,35,6,4,2,104,67,37,2016
892000,Gewaltkriminalitaet,8222000,Mannheim,vers.,217,149,68,2,1,1,12,5,7,14,6,8,7,5,2,15,10,5,163,120,43,18,8,10,181,128,53,2016
892000,Gewaltkriminalitaet,5170024,Moers,vers.,50,31,19,1,1,0,3,2,1,4,3,1,2,1,1,7,3,4,35,23,12,2,1,1,37,24,13,2016
892000,Gewaltkriminalitaet,5116000,Moenchengladbach,vers.,120,71,49,1,0,1,6,4,2,7,4,3,19,17,2,9,7,2,78,39,39,7,4,3,85,43,42,2016
892000,Gewaltkriminalitaet,5117000,Muelheim an der Ruhr,vers.,69,43,26,0,0,0,9,8,1,9,8,1,7,4,3,6,5,1,39,24,15,8,2,6,47,26,21,2016
892000,Gewaltkriminalitaet,9162000,Muenchen,vers.,924,647,277,5,3,2,17,15,2,22,18,4,43,31,12,61,38,23,728,518,210,70,42,28,798,560,238,2016
892000,Gewaltkriminalitaet,5515000,Muenster,vers.,168,103,65,0,0,0,4,2,2,4,2,2,11,4,7,14,6,8,129,85,44,10,6,4,139,91,48,2016
892000,Gewaltkriminalitaet,5162024,Neuss,vers.,72,38,34,1,0,1,3,2,1,4,2,2,5,2,3,15,6,9,41,24,17,7,4,3,48,28,20,2016
892000,Gewaltkriminalitaet,9564000,Nuernberg,vers.,364,270,94,3,3,0,8,5,3,11,8,3,25,17,8,30,25,5,283,209,74,15,11,4,298,220,78,2016
892000,Gewaltkriminalitaet,5119000,Oberhausen,vers.,114,64,50,0,0,0,4,4,0,4,4,0,15,10,5,8,5,3,70,39,31,17,6,11,87,45,42,2016
892000,Gewaltkriminalitaet,6413000,Offenbach am Main,vers.,53,45,8,0,0,0,4,3,1,4,3,1,6,6,0,4,2,2,35,30,5,4,4,0,39,34,5,2016
892000,Gewaltkriminalitaet,3403000,Oldenburg (Oldenburg),vers.,89,71,18,0,0,0,4,4,0,4,4,0,5,5,0,8,5,3,68,54,14,4,3,1,72,57,15,2016
892000,Gewaltkriminalitaet,3404000,Osnabrueck,vers.,103,75,28,0,0,0,0,0,0,0,0,0,6,5,1,11,8,3,80,59,21,6,3,3,86,62,24,2016
892000,Gewaltkriminalitaet,5774032,Paderborn,vers.,111,75,36,0,0,0,4,3,1,4,3,1,7,5,2,8,8,0,85,56,29,7,3,4,92,59,33,2016
892000,Gewaltkriminalitaet,8231000,Pforzheim,vers.,52,37,15,0,0,0,2,2,0,2,2,0,3,1,2,2,2,0,42,30,12,3,2,1,45,32,13,2016
892000,Gewaltkriminalitaet,12054000,Potsdam,vers.,81,65,16,0,0,0,9,6,3,9,6,3,9,9,0,9,7,2,50,41,9,4,2,2,54,43,11,2016
892000,Gewaltkriminalitaet,5562032,Recklinghausen,vers.,87,64,23,1,0,1,0,0,0,1,0,1,14,11,3,11,9,2,57,40,17,4,4,0,61,44,17,2016
892000,Gewaltkriminalitaet,9362000,Regensburg,vers.,95,68,27,0,0,0,2,0,2,2,0,2,11,10,1,7,7,0,71,49,22,4,2,2,75,51,24,2016
892000,Gewaltkriminalitaet,5120000,Remscheid,vers.,42,29,13,0,0,0,5,4,1,5,4,1,3,3,0,5,2,3,25,18,7,4,2,2,29,20,9,2016
892000,Gewaltkriminalitaet,8415061,Reutlingen,vers.,47,33,14,0,0,0,1,1,0,1,1,0,5,2,3,6,5,1,32,22,10,3,3,0,35,25,10,2016
892000,Gewaltkriminalitaet,13003000,Rostock,vers.,107,70,37,1,0,1,6,4,2,7,4,3,10,6,4,8,6,2,77,52,25,5,2,3,82,54,28,2016
892000,Gewaltkriminalitaet,10041100,Saarbruecken,vers.,208,128,80,0,0,0,2,1,1,2,1,1,24,17,7,33,21,12,134,83,51,15,6,9,149,89,60,2016
892000,Gewaltkriminalitaet,3102000,Salzgitter,vers.,60,40,20,2,1,1,1,1,0,3,2,1,4,4,0,2,1,1,48,30,18,3,3,0,51,33,18,2016
892000,Gewaltkriminalitaet,13004000,Schwerin,vers.,47,37,10,0,0,0,5,5,0,5,5,0,11,10,1,2,2,0,24,17,7,5,3,2,29,20,9,2016
892000,Gewaltkriminalitaet,5970040,Siegen,vers.,63,39,24,0,0,0,0,0,0,0,0,0,1,0,1,6,4,2,55,34,21,1,1,0,56,35,21,2016
892000,Gewaltkriminalitaet,5122000,Solingen,vers.,67,44,23,1,1,0,3,3,0,4,4,0,12,9,3,9,6,3,37,22,15,5,3,2,42,25,17,2016
892000,Gewaltkriminalitaet,8111000,Stuttgart,vers.,617,455,162,9,7,2,5,2,3,14,9,5,36,25,11,42,30,12,499,378,121,26,13,13,525,391,134,2016
892000,Gewaltkriminalitaet,7211000,Trier,vers.,64,53,11,1,1,0,5,4,1,6,5,1,5,5,0,13,12,1,38,30,8,2,1,1,40,31,9,2016
892000,Gewaltkriminalitaet,8421000,Ulm,vers.,110,74,36,1,1,0,3,1,2,4,2,2,6,5,1,13,9,4,79,52,27,8,6,2,87,58,29,2016
892000,Gewaltkriminalitaet,6414000,Wiesbaden,vers.,129,94,35,0,0,0,10,8,2,10,8,2,16,15,1,15,11,4,77,53,24,11,7,4,88,60,28,2016
892000,Gewaltkriminalitaet,3103000,Wolfsburg,vers.,65,46,19,0,0,0,1,1,0,1,1,0,9,8,1,4,3,1,45,31,14,6,3,3,51,34,17,2016
892000,Gewaltkriminalitaet,5124000,Wuppertal,vers.,254,156,98,0,0,0,13,8,5,13,8,5,21,14,7,28,19,9,173,108,65,19,7,12,192,115,77,2016
892000,Gewaltkriminalitaet,9663000,Wuerzburg,vers.,92,69,23,1,0,1,0,0,0,1,0,1,6,6,0,4,3,1,77,58,19,4,2,2,81,60,21,2016
892000,Gewaltkriminalitaet,5334002,Aachen,insg.,1318,938,380,2,2,0,36,21,15,38,23,15,108,82,26,136,103,33,948,678,270,88,52,36,1036,730,306,2016
892000,Gewaltkriminalitaet,9761000,Augsburg,insg.,1033,732,301,6,1,5,46,31,15,52,32,20,78,52,26,124,88,36,736,540,196,43,20,23,779,560,219,2016
892000,Gewaltkriminalitaet,5378004,Bergisch Gladbach,insg.,259,181,78,0,0,0,14,10,4,14,10,4,29,23,6,27,21,6,171,117,54,18,10,8,189,127,62,2016
892000,Gewaltkriminalitaet,11000000,Berlin,insg.,19612,14096,5516,80,39,41,802,559,243,882,598,284,1825,1318,507,1670,1229,441,14074,10316,3758,1161,635,526,15235,10951,4284,2016
892000,Gewaltkriminalitaet,5711000,Bielefeld,insg.,1090,759,331,6,4,2,41,30,11,47,34,13,101,68,33,111,81,30,783,547,236,48,29,19,831,576,255,2016
892000,Gewaltkriminalitaet,5911000,Bochum,insg.,1697,1177,520,5,3,2,69,52,17,74,55,19,179,127,52,198,137,61,1169,822,347,77,36,41,1246,858,388,2016
892000,Gewaltkriminalitaet,5314000,Bonn,insg.,1421,951,470,2,2,0,54,43,11,56,45,11,127,66,61,168,128,40,995,678,317,75,34,41,1070,712,358,2016
892000,Gewaltkriminalitaet,5512000,Bottrop,insg.,350,241,109,4,3,1,18,10,8,22,13,9,46,34,12,46,33,13,213,148,65,23,13,10,236,161,75,2016
892000,Gewaltkriminalitaet,3101000,Braunschweig,insg.,1143,834,309,3,2,1,27,21,6,30,23,7,90,58,32,127,91,36,859,639,220,37,23,14,896,662,234,2016
892000,Gewaltkriminalitaet,4011000,Bremen,insg.,3531,2479,1052,10,8,2,66,45,21,76,53,23,375,301,74,445,309,136,2420,1711,709,215,105,110,2635,1816,819,2016
892000,Gewaltkriminalitaet,4012000,Bremerhaven,insg.,794,547,247,1,0,1,17,11,6,18,11,7,70,36,34,74,53,21,579,414,165,53,33,20,632,447,185,2016
892000,Gewaltkriminalitaet,14511000,Chemnitz,insg.,831,617,214,1,0,1,37,18,19,38,18,20,88,64,24,77,67,10,573,450,123,55,18,37,628,468,160,2016
892000,Gewaltkriminalitaet,6411000,Darmstadt,insg.,498,375,123,1,1,0,11,6,5,12,7,5,53,41,12,57,37,20,350,269,81,26,21,5,376,290,86,2016
892000,Gewaltkriminalitaet,5913000,Dortmund,insg.,3724,2640,1084,9,4,5,124,82,42,133,86,47,320,212,108,365,253,112,2752,2005,747,154,84,70,2906,2089,817,2016
892000,Gewaltkriminalitaet,14612000,Dresden,insg.,1822,1442,380,11,6,5,45,29,16,56,35,21,135,97,38,194,156,38,1364,1113,251,73,41,32,1437,1154,283,2016
892000,Gewaltkriminalitaet,5112000,Duisburg,insg.,2353,1528,825,8,5,3,150,105,45,158,110,48,236,159,77,202,140,62,1621,1058,563,136,61,75,1757,1119,638,2016
892000,Gewaltkriminalitaet,5111000,Duesseldorf,insg.,2780,1970,810,5,4,1,91,56,35,96,60,36,201,135,66,325,240,85,1952,1438,514,206,97,109,2158,1535,623,2016
892000,Gewaltkriminalitaet,16051000,Erfurt,insg.,895,693,202,0,0,0,36,22,14,36,22,14,81,57,24,100,83,17,647,515,132,31,16,15,678,531,147,2016
892000,Gewaltkriminalitaet,9562000,Erlangen,insg.,224,166,58,0,0,0,6,4,2,6,4,2,14,12,2,33,23,10,166,125,41,5,2,3,171,127,44,2016
892000,Gewaltkriminalitaet,5113000,Essen,insg.,2213,1408,805,7,4,3,96,61,35,103,65,38,234,142,92,219,149,70,1510,987,523,147,65,82,1657,1052,605,2016
892000,Gewaltkriminalitaet,6412000,Frankfurt am Main,insg.,4074,2990,1084,17,8,9,125,80,45,142,88,54,264,172,92,420,329,91,2993,2264,729,255,137,118,3248,2401,847,2016
892000,Gewaltkriminalitaet,8311000,Freiburg im Breisgau,insg.,1146,868,278,10,8,2,28,15,13,38,23,15,105,77,28,178,141,37,772,593,179,53,34,19,825,627,198,2016
892000,Gewaltkriminalitaet,9563000,Fuerth,insg.,243,172,71,1,0,1,13,8,5,14,8,6,23,12,11,15,13,2,185,135,50,6,4,2,191,139,52,2016
892000,Gewaltkriminalitaet,5513000,Gelsenkirchen,insg.,1257,847,410,5,3,2,53,36,17,58,39,19,146,104,42,139,93,46,842,578,264,72,33,39,914,611,303,2016
892000,Gewaltkriminalitaet,3152012,Goettingen,insg.,676,505,171,5,4,1,18,14,4,23,18,5,66,57,9,77,63,14,485,357,128,25,10,15,510,367,143,2016
892000,Gewaltkriminalitaet,5914000,Hagen,insg.,607,390,217,0,0,0,33,17,16,33,17,16,63,41,22,62,42,20,418,273,145,31,17,14,449,290,159,2016
892000,Gewaltkriminalitaet,15002000,Halle (Saale),insg.,1071,778,293,6,3,3,50,35,15,56,38,18,115,84,31,88,63,25,756,559,197,56,34,22,812,593,219,2016
892000,Gewaltkriminalitaet,2000000,Hamburg,insg.,9899,7279,2620,24,13,11,390,283,107,414,296,118,848,621,227,1061,799,262,7095,5274,1821,481,289,192,7576,5563,2013,2016
892000,Gewaltkriminalitaet,5915000,Hamm,insg.,644,440,204,3,2,1,19,16,3,22,18,4,52,29,23,71,50,21,462,325,137,37,18,19,499,343,156,2016
892000,Gewaltkriminalitaet,3241001,Hannover,insg.,3750,2815,935,8,3,5,140,67,73,148,70,78,243,152,91,390,295,95,2849,2223,626,120,75,45,2969,2298,671,2016
892000,Gewaltkriminalitaet,8221000,Heidelberg,insg.,656,517,139,3,3,0,14,9,5,17,12,5,48,36,12,93,77,16,471,374,97,27,18,9,498,392,106,2016
892000,Gewaltkriminalitaet,8121000,Heilbronn,insg.,356,256,100,0,0,0,9,6,3,9,6,3,37,26,11,56,42,14,243,176,67,11,6,5,254,182,72,2016
892000,Gewaltkriminalitaet,5916000,Herne,insg.,496,316,180,2,2,0,25,19,6,27,21,6,64,40,24,49,31,18,325,209,116,31,15,16,356,224,132,2016
892000,Gewaltkriminalitaet,3254021,Hildesheim,insg.,609,418,191,5,3,2,24,11,13,29,14,15,65,46,19,68,49,19,422,296,126,25,13,12,447,309,138,2016
892000,Gewaltkriminalitaet,9161000,Ingolstadt,insg.,504,386,118,0,0,0,18,13,5,18,13,5,75,45,30,70,52,18,323,267,56,18,9,9,341,276,65,2016
892000,Gewaltkriminalitaet,16053000,Jena,insg.,281,198,83,2,2,0,9,5,4,11,7,4,21,13,8,22,14,8,217,157,60,10,7,3,227,164,63,2016
892000,Gewaltkriminalitaet,8212000,Karlsruhe,insg.,1105,835,270,3,0,3,20,18,2,23,18,5,80,61,19,116,94,22,833,627,206,53,35,18,886,662,224,2016
892000,Gewaltkriminalitaet,6611000,Kassel,insg.,853,593,260,1,1,0,28,18,10,29,19,10,59,37,22,102,68,34,622,443,179,41,26,15,663,469,194,2016
892000,Gewaltkriminalitaet,1002000,Kiel,insg.,1296,955,341,3,1,2,19,14,5,22,15,7,99,80,19,149,113,36,974,715,259,52,32,20,1026,747,279,2016
892000,Gewaltkriminalitaet,7111000,Koblenz,insg.,524,392,132,1,1,0,15,11,4,16,12,4,50,42,8,60,50,10,371,272,99,27,16,11,398,288,110,2016
892000,Gewaltkriminalitaet,5315000,Koeln,insg.,7000,4717,2283,17,14,3,234,172,62,251,186,65,543,333,210,861,526,335,5017,3496,1521,328,176,152,5345,3672,1673,2016
892000,Gewaltkriminalitaet,5114000,Krefeld,insg.,841,538,303,7,4,3,33,24,9,40,28,12,74,43,31,86,63,23,568,369,199,73,35,38,641,404,237,2016
892000,Gewaltkriminalitaet,14713000,Leipzig,insg.,2667,2006,661,15,8,7,94,65,29,109,73,36,198,130,68,245,192,53,1991,1552,439,124,59,65,2115,1611,504,2016
892000,Gewaltkriminalitaet,5316000,Leverkusen,insg.,741,477,264,3,1,2,38,23,15,41,24,17,79,52,27,76,51,25,501,319,182,44,31,13,545,350,195,2016
892000,Gewaltkriminalitaet,1003000,Luebeck,insg.,1145,822,323,2,0,2,33,21,12,35,21,14,117,82,35,111,78,33,836,612,224,46,29,17,882,641,241,2016
892000,Gewaltkriminalitaet,7314000,Ludwigshafen am Rhein,insg.,959,650,309,11,6,5,77,53,24,88,59,29,97,59,38,105,73,32,626,429,197,43,30,13,669,459,210,2016
892000,Gewaltkriminalitaet,15003000,Magdeburg,insg.,1017,713,304,4,3,1,41,27,14,45,30,15,89,57,32,80,61,19,741,525,216,62,40,22,803,565,238,2016
892000,Gewaltkriminalitaet,7315000,Mainz,insg.,836,618,218,5,5,0,14,10,4,19,15,4,82,66,16,102,86,16,608,436,172,25,15,10,633,451,182,2016
892000,Gewaltkriminalitaet,8222000,Mannheim,insg.,1555,1094,461,10,5,5,51,27,24,61,32,29,92,70,22,151,109,42,1158,840,318,93,43,50,1251,883,368,2016
892000,Gewaltkriminalitaet,5170024,Moers,insg.,346,231,115,1,1,0,36,19,17,37,20,17,45,24,21,44,32,12,204,146,58,16,9,7,220,155,65,2016
892000,Gewaltkriminalitaet,5116000,Moenchengladbach,insg.,953,619,334,3,1,2,40,31,9,43,32,11,113,77,36,121,87,34,623,395,228,53,28,25,676,423,253,2016
892000,Gewaltkriminalitaet,5117000,Muelheim an der Ruhr,insg.,458,270,188,3,0,3,29,23,6,32,23,9,47,25,22,36,23,13,309,185,124,34,14,20,343,199,144,2016
892000,Gewaltkriminalitaet,9162000,Muenchen,insg.,4756,3458,1298,17,9,8,115,75,40,132,84,48,323,246,77,541,409,132,3548,2601,947,212,118,94,3760,2719,1041,2016
892000,Gewaltkriminalitaet,5515000,Muenster,insg.,1067,760,307,3,1,2,36,25,11,39,26,13,97,74,23,123,92,31,769,541,228,39,27,12,808,568,240,2016
892000,Gewaltkriminalitaet,5162024,Neuss,insg.,454,299,155,1,0,1,15,13,2,16,13,3,42,28,14,66,48,18,299,198,101,31,12,19,330,210,120,2016
892000,Gewaltkriminalitaet,9564000,Nuernberg,insg.,2109,1540,569,19,17,2,48,36,12,67,53,14,160,114,46,237,184,53,1545,1132,413,100,57,43,1645,1189,456,2016
892000,Gewaltkriminalitaet,5119000,Oberhausen,insg.,688,461,227,0,0,0,25,17,8,25,17,8,81,61,20,82,66,16,442,294,148,58,23,35,500,317,183,2016
892000,Gewaltkriminalitaet,6413000,Offenbach am Main,insg.,412,282,130,1,0,1,17,12,5,18,12,6,38,30,8,37,22,15,300,206,94,19,12,7,319,218,101,2016
892000,Gewaltkriminalitaet,3403000,Oldenburg (Oldenburg),insg.,630,444,186,0,0,0,14,13,1,14,13,1,71,52,19,95,57,38,427,307,120,23,15,8,450,322,128,2016
892000,Gewaltkriminalitaet,3404000,Osnabrueck,insg.,968,703,265,6,2,4,11,6,5,17,8,9,69,45,24,108,84,24,734,545,189,40,21,19,774,566,208,2016
892000,Gewaltkriminalitaet,5774032,Paderborn,insg.,533,354,179,0,0,0,12,9,3,12,9,3,41,27,14,66,53,13,384,249,135,30,16,14,414,265,149,2016
892000,Gewaltkriminalitaet,8231000,Pforzheim,insg.,405,302,103,2,1,1,25,19,6,27,20,7,32,20,12,35,21,14,290,230,60,21,11,10,311,241,70,2016
892000,Gewaltkriminalitaet,12054000,Potsdam,insg.,418,323,95,1,1,0,25,21,4,26,22,4,58,52,6,42,36,6,270,200,70,22,13,9,292,213,79,2016
892000,Gewaltkriminalitaet,5562032,Recklinghausen,insg.,526,366,160,1,0,1,13,12,1,14,12,2,76,51,25,61,45,16,344,240,104,31,18,13,375,258,117,2016
892000,Gewaltkriminalitaet,9362000,Regensburg,insg.,559,424,135,0,0,0,15,7,8,15,7,8,52,42,10,65,55,10,413,312,101,14,8,6,427,320,107,2016
892000,Gewaltkriminalitaet,5120000,Remscheid,insg.,314,196,118,2,2,0,16,9,7,18,11,7,39,21,18,38,23,15,202,132,70,17,9,8,219,141,78,2016
892000,Gewaltkriminalitaet,8415061,Reutlingen,insg.,358,247,111,1,1,0,7,4,3,8,5,3,38,25,13,46,39,7,256,171,85,10,7,3,266,178,88,2016
892000,Gewaltkriminalitaet,13003000,Rostock,insg.,674,488,186,4,3,1,35,25,10,39,28,11,64,45,19,53,36,17,481,359,122,37,20,17,518,379,139,2016
892000,Gewaltkriminalitaet,10041100,Saarbruecken,insg.,1202,803,399,3,1,2,35,26,9,38,27,11,114,76,38,171,123,48,831,549,282,48,28,20,879,577,302,2016
892000,Gewaltkriminalitaet,3102000,Salzgitter,insg.,369,243,126,3,2,1,15,12,3,18,14,4,37,22,15,37,28,9,258,166,92,19,13,6,277,179,98,2016
892000,Gewaltkriminalitaet,13004000,Schwerin,insg.,278,214,64,0,0,0,24,19,5,24,19,5,45,36,9,26,23,3,164,124,40,19,12,7,183,136,47,2016
892000,Gewaltkriminalitaet,5970040,Siegen,insg.,383,264,119,0,0,0,13,9,4,13,9,4,33,23,10,50,37,13,276,188,88,11,7,4,287,195,92,2016
892000,Gewaltkriminalitaet,5122000,Solingen,insg.,443,304,139,1,1,0,20,15,5,21,16,5,60,43,17,53,43,10,283,185,98,26,17,9,309,202,107,2016
892000,Gewaltkriminalitaet,8111000,Stuttgart,insg.,3312,2490,822,24,20,4,65,49,16,89,69,20,266,181,85,425,321,104,2425,1862,563,107,57,50,2532,1919,613,2016
892000,Gewaltkriminalitaet,7211000,Trier,insg.,461,351,110,1,1,0,16,12,4,17,13,4,46,33,13,68,58,10,314,237,77,16,10,6,330,247,83,2016
892000,Gewaltkriminalitaet,8421000,Ulm,insg.,524,380,144,5,4,1,12,6,6,17,10,7,38,27,11,65,42,23,383,287,96,21,14,7,404,301,103,2016
892000,Gewaltkriminalitaet,6414000,Wiesbaden,insg.,1174,826,348,4,2,2,48,32,16,52,34,18,157,115,42,129,91,38,783,559,224,53,27,26,836,586,250,2016
892000,Gewaltkriminalitaet,3103000,Wolfsburg,insg.,383,273,110,1,0,1,12,11,1,13,11,2,42,37,5,41,32,9,271,185,86,16,8,8,287,193,94,2016
892000,Gewaltkriminalitaet,5124000,Wuppertal,insg.,1458,994,464,1,1,0,71,48,23,72,49,23,131,91,40,166,106,60,1014,715,299,75,33,42,1089,748,341,2016
892000,Gewaltkriminalitaet,9663000,Wuerzburg,insg.,444,335,109,1,0,1,9,7,2,10,7,3,56,43,13,53,34,19,312,242,70,13,9,4,325,251,74,2016
892500,"Mord, Totschlag und Toetung auf Verlangen",5334002,Aachen,voll.,0,0,0,0,0,0,0,0,0,0,0,0,0,0,0,0,0,0,0,0,0,0,0,0,0,0,0,2016
892500,"Mord, Totschlag und Toetung auf Verlangen",9761000,Augsburg,voll.,0,0,0,0,0,0,0,0,0,0,0,0,0,0,0,0,0,0,0,0,0,0,0,0,0,0,0,2016
892500,"Mord, Totschlag und Toetung auf Verlangen",5378004,Bergisch Gladbach,voll.,1,0,1,0,0,0,0,0,0,0,0,0,0,0,0,0,0,0,1,0,1,0,0,0,1,0,1,2016
892500,"Mord, Totschlag und Toetung auf Verlangen",11000000,Berlin,voll.,38,26,12,0,0,0,0,0,0,0,0,0,0,0,0,2,0,2,32,23,9,4,3,1,36,26,10,2016
892500,"Mord, Totschlag und Toetung auf Verlangen",5711000,Bielefeld,voll.,4,2,2,2,1,1,0,0,0,2,1,1,0,0,0,0,0,0,2,1,1,0,0,0,2,1,1,2016
892500,"Mord, Totschlag und Toetung auf Verlangen",5911000,Bochum,voll.,2,0,2,1,0,1,0,0,0,1,0,1,0,0,0,0,0,0,1,0,1,0,0,0,1,0,1,2016
892500,"Mord, Totschlag und Toetung auf Verlangen",5314000,Bonn,voll.,7,6,1,0,0,0,1,1,0,1,1,0,0,0,0,1,1,0,4,3,1,1,1,0,5,4,1,2016
892500,"Mord, Totschlag und Toetung auf Verlangen",5512000,Bottrop,voll.,1,0,1,0,0,0,0,0,0,0,0,0,0,0,0,0,0,0,1,0,1,0,0,0,1,0,1,2016
892500,"Mord, Totschlag und Toetung auf Verlangen",3101000,Braunschweig,voll.,3,0,3,0,0,0,0,0,0,0,0,0,0,0,0,0,0,0,1,0,1,2,0,2,3,0,3,2016
892500,"Mord, Totschlag und Toetung auf Verlangen",4011000,Bremen,voll.,10,7,3,0,0,0,0,0,0,0,0,0,1,1,0,1,1,0,6,4,2,2,1,1,8,5,3,2016
892500,"Mord, Totschlag und Toetung auf Verlangen",4012000,Bremerhaven,voll.,3,1,2,0,0,0,0,0,0,0,0,0,0,0,0,0,0,0,2,0,2,1,1,0,3,1,2,2016
892500,"Mord, Totschlag und Toetung auf Verlangen",14511000,Chemnitz,voll.,0,0,0,0,0,0,0,0,0,0,0,0,0,0,0,0,0,0,0,0,0,0,0,0,0,0,0,2016
892500,"Mord, Totschlag und Toetung auf Verlangen",6411000,Darmstadt,voll.,3,1,2,0,0,0,0,0,0,0,0,0,1,1,0,1,0,1,1,0,1,0,0,0,1,0,1,2016
892500,"Mord, Totschlag und Toetung auf Verlangen",5913000,Dortmund,voll.,8,5,3,0,0,0,0,0,0,0,0,0,0,0,0,0,0,0,5,4,1,3,1,2,8,5,3,2016
892500,"Mord, Totschlag und Toetung auf Verlangen",14612000,Dresden,voll.,4,1,3,1,0,1,0,0,0,1,0,1,0,0,0,0,0,0,2,0,2,1,1,0,3,1,2,2016
892500,"Mord, Totschlag und Toetung auf Verlangen",5112000,Duisburg,voll.,1,0,1,0,0,0,0,0,0,0,0,0,0,0,0,0,0,0,1,0,1,0,0,0,1,0,1,2016
892500,"Mord, Totschlag und Toetung auf Verlangen",5111000,Duesseldorf,voll.,6,2,4,0,0,0,0,0,0,0,0,0,0,0,0,0,0,0,2,0,2,4,2,2,6,2,4,2016
892500,"Mord, Totschlag und Toetung auf Verlangen",16051000,Erfurt,voll.,0,0,0,0,0,0,0,0,0,0,0,0,0,0,0,0,0,0,0,0,0,0,0,0,0,0,0,2016
892500,"Mord, Totschlag und Toetung auf Verlangen",9562000,Erlangen,voll.,0,0,0,0,0,0,0,0,0,0,0,0,0,0,0,0,0,0,0,0,0,0,0,0,0,0,0,2016
892500,"Mord, Totschlag und Toetung auf Verlangen",5113000,Essen,voll.,8,4,4,0,0,0,0,0,0,0,0,0,0,0,0,0,0,0,6,3,3,2,1,1,8,4,4,2016
892500,"Mord, Totschlag und Toetung auf Verlangen",6412000,Frankfurt am Main,voll.,9,6,3,0,0,0,1,1,0,1,1,0,0,0,0,0,0,0,8,5,3,0,0,0,8,5,3,2016
892500,"Mord, Totschlag und Toetung auf Verlangen",8311000,Freiburg im Breisgau,voll.,3,1,2,0,0,0,0,0,0,0,0,0,0,0,0,1,0,1,2,1,1,0,0,0,2,1,1,2016
892500,"Mord, Totschlag und Toetung auf Verlangen",9563000,Fuerth,voll.,2,2,0,0,0,0,0,0,0,0,0,0,0,0,0,0,0,0,2,2,0,0,0,0,2,2,0,2016
892500,"Mord, Totschlag und Toetung auf Verlangen",5513000,Gelsenkirchen,voll.,3,0,3,0,0,0,0,0,0,0,0,0,0,0,0,0,0,0,1,0,1,2,0,2,3,0,3,2016
892500,"Mord, Totschlag und Toetung auf Verlangen",3152012,Goettingen,voll.,0,0,0,0,0,0,0,0,0,0,0,0,0,0,0,0,0,0,0,0,0,0,0,0,0,0,0,2016
892500,"Mord, Totschlag und Toetung auf Verlangen",5914000,Hagen,voll.,1,0,1,0,0,0,0,0,0,0,0,0,0,0,0,0,0,0,0,0,0,1,0,1,1,0,1,2016
892500,"Mord, Totschlag und Toetung auf Verlangen",15002000,Halle (Saale),voll.,2,0,2,0,0,0,0,0,0,0,0,0,0,0,0,0,0,0,2,0,2,0,0,0,2,0,2,2016
892500,"Mord, Totschlag und Toetung auf Verlangen",2000000,Hamburg,voll.,11,5,6,0,0,0,0,0,0,0,0,0,0,0,0,0,0,0,7,4,3,4,1,3,11,5,6,2016
892500,"Mord, Totschlag und Toetung auf Verlangen",5915000,Hamm,voll.,4,3,1,0,0,0,0,0,0,0,0,0,0,0,0,0,0,0,3,2,1,1,1,0,4,3,1,2016
892500,"Mord, Totschlag und Toetung auf Verlangen",3241001,Hannover,voll.,7,4,3,0,0,0,0,0,0,0,0,0,0,0,0,1,1,0,5,3,2,1,0,1,6,3,3,2016
892500,"Mord, Totschlag und Toetung auf Verlangen",8221000,Heidelberg,voll.,1,0,1,0,0,0,0,0,0,0,0,0,0,0,0,0,0,0,1,0,1,0,0,0,1,0,1,2016
892500,"Mord, Totschlag und Toetung auf Verlangen",8121000,Heilbronn,voll.,0,0,0,0,0,0,0,0,0,0,0,0,0,0,0,0,0,0,0,0,0,0,0,0,0,0,0,2016
892500,"Mord, Totschlag und Toetung auf Verlangen",5916000,Herne,voll.,2,0,2,0,0,0,0,0,0,0,0,0,0,0,0,0,0,0,2,0,2,0,0,0,2,0,2,2016
892500,"Mord, Totschlag und Toetung auf Verlangen",3254021,Hildesheim,voll.,1,0,1,0,0,0,0,0,0,0,0,0,0,0,0,0,0,0,0,0,0,1,0,1,1,0,1,2016
892500,"Mord, Totschlag und Toetung auf Verlangen",9161000,Ingolstadt,voll.,0,0,0,0,0,0,0,0,0,0,0,0,0,0,0,0,0,0,0,0,0,0,0,0,0,0,0,2016
892500,"Mord, Totschlag und Toetung auf Verlangen",16053000,Jena,voll.,0,0,0,0,0,0,0,0,0,0,0,0,0,0,0,0,0,0,0,0,0,0,0,0,0,0,0,2016
892500,"Mord, Totschlag und Toetung auf Verlangen",8212000,Karlsruhe,voll.,1,1,0,0,0,0,0,0,0,0,0,0,0,0,0,0,0,0,1,1,0,0,0,0,1,1,0,2016
892500,"Mord, Totschlag und Toetung auf Verlangen",6611000,Kassel,voll.,3,1,2,0,0,0,0,0,0,0,0,0,0,0,0,0,0,0,2,1,1,1,0,1,3,1,2,2016
892500,"Mord, Totschlag und Toetung auf Verlangen",1002000,Kiel,voll.,1,1,0,0,0,0,0,0,0,0,0,0,0,0,0,0,0,0,1,1,0,0,0,0,1,1,0,2016
892500,"Mord, Totschlag und Toetung auf Verlangen",7111000,Koblenz,voll.,2,2,0,0,0,0,0,0,0,0,0,0,0,0,0,0,0,0,2,2,0,0,0,0,2,2,0,2016
892500,"Mord, Totschlag und Toetung auf Verlangen",5315000,Koeln,voll.,13,7,6,1,1,0,0,0,0,1,1,0,0,0,0,1,0,1,8,4,4,3,2,1,11,6,5,2016
892500,"Mord, Totschlag und Toetung auf Verlangen",5114000,Krefeld,voll.,2,2,0,0,0,0,0,0,0,0,0,0,0,0,0,0,0,0,2,2,0,0,0,0,2,2,0,2016
892500,"Mord, Totschlag und Toetung auf Verlangen",14713000,Leipzig,voll.,4,3,1,0,0,0,0,0,0,0,0,0,0,0,0,1,1,0,1,1,0,2,1,1,3,2,1,2016
892500,"Mord, Totschlag und Toetung auf Verlangen",5316000,Leverkusen,voll.,1,0,1,0,0,0,0,0,0,0,0,0,0,0,0,0,0,0,0,0,0,1,0,1,1,0,1,2016
892500,"Mord, Totschlag und Toetung auf Verlangen",1003000,Luebeck,voll.,1,0,1,0,0,0,0,0,0,0,0,0,0,0,0,0,0,0,0,0,0,1,0,1,1,0,1,2016
892500,"Mord, Totschlag und Toetung auf Verlangen",7314000,Ludwigshafen am Rhein,voll.,2,2,0,0,0,0,0,0,0,0,0,0,0,0,0,1,1,0,1,1,0,0,0,0,1,1,0,2016
892500,"Mord, Totschlag und Toetung auf Verlangen",15003000,Magdeburg,voll.,4,3,1,1,0,1,0,0,0,1,0,1,0,0,0,0,0,0,1,1,0,2,2,0,3,3,0,2016
892500,"Mord, Totschlag und Toetung auf Verlangen",7315000,Mainz,voll.,1,1,0,0,0,0,0,0,0,0,0,0,0,0,0,0,0,0,1,1,0,0,0,0,1,1,0,2016
892500,"Mord, Totschlag und Toetung auf Verlangen",8222000,Mannheim,voll.,5,1,4,0,0,0,1,0,1,1,0,1,0,0,0,0,0,0,2,0,2,2,1,1,4,1,3,2016
892500,"Mord, Totschlag und Toetung auf Verlangen",5170024,Moers,voll.,0,0,0,0,0,0,0,0,0,0,0,0,0,0,0,0,0,0,0,0,0,0,0,0,0,0,0,2016
892500,"Mord, Totschlag und Toetung auf Verlangen",5116000,Moenchengladbach,voll.,1,0,1,0,0,0,0,0,0,0,0,0,0,0,0,0,0,0,0,0,0,1,0,1,1,0,1,2016
892500,"Mord, Totschlag und Toetung auf Verlangen",5117000,Muelheim an der Ruhr,voll.,2,1,1,1,0,1,0,0,0,1,0,1,0,0,0,0,0,0,1,1,0,0,0,0,1,1,0,2016
892500,"Mord, Totschlag und Toetung auf Verlangen",9162000,Muenchen,voll.,13,7,6,0,0,0,0,0,0,0,0,0,6,4,2,3,3,0,3,0,3,1,0,1,4,0,4,2016
892500,"Mord, Totschlag und Toetung auf Verlangen",5515000,Muenster,voll.,1,0,1,1,0,1,0,0,0,1,0,1,0,0,0,0,0,0,0,0,0,0,0,0,0,0,0,2016
892500,"Mord, Totschlag und Toetung auf Verlangen",5162024,Neuss,voll.,0,0,0,0,0,0,0,0,0,0,0,0,0,0,0,0,0,0,0,0,0,0,0,0,0,0,0,2016
892500,"Mord, Totschlag und Toetung auf Verlangen",9564000,Nuernberg,voll.,4,2,2,0,0,0,0,0,0,0,0,0,0,0,0,0,0,0,3,2,1,1,0,1,4,2,2,2016
892500,"Mord, Totschlag und Toetung auf Verlangen",5119000,Oberhausen,voll.,2,1,1,0,0,0,0,0,0,0,0,0,0,0,0,0,0,0,2,1,1,0,0,0,2,1,1,2016
892500,"Mord, Totschlag und Toetung auf Verlangen",6413000,Offenbach am Main,voll.,0,0,0,0,0,0,0,0,0,0,0,0,0,0,0,0,0,0,0,0,0,0,0,0,0,0,0,2016
892500,"Mord, Totschlag und Toetung auf Verlangen",3403000,Oldenburg (Oldenburg),voll.,9,4,5,0,0,0,0,0,0,0,0,0,0,0,0,0,0,0,4,2,2,5,2,3,9,4,5,2016
892500,"Mord, Totschlag und Toetung auf Verlangen",3404000,Osnabrueck,voll.,1,1,0,0,0,0,0,0,0,0,0,0,0,0,0,0,0,0,1,1,0,0,0,0,1,1,0,2016
892500,"Mord, Totschlag und Toetung auf Verlangen",5774032,Paderborn,voll.,1,1,0,0,0,0,0,0,0,0,0,0,0,0,0,0,0,0,0,0,0,1,1,0,1,1,0,2016
892500,"Mord, Totschlag und Toetung auf Verlangen",8231000,Pforzheim,voll.,0,0,0,0,0,0,0,0,0,0,0,0,0,0,0,0,0,0,0,0,0,0,0,0,0,0,0,2016
892500,"Mord, Totschlag und Toetung auf Verlangen",12054000,Potsdam,voll.,2,2,0,1,1,0,1,1,0,2,2,0,0,0,0,0,0,0,0,0,0,0,0,0,0,0,0,2016
892500,"Mord, Totschlag und Toetung auf Verlangen",5562032,Recklinghausen,voll.,1,1,0,0,0,0,0,0,0,0,0,0,0,0,0,0,0,0,1,1,0,0,0,0,1,1,0,2016
892500,"Mord, Totschlag und Toetung auf Verlangen",9362000,Regensburg,voll.,3,0,3,0,0,0,0,0,0,0,0,0,0,0,0,0,0,0,2,0,2,1,0,1,3,0,3,2016
892500,"Mord, Totschlag und Toetung auf Verlangen",5120000,Remscheid,voll.,0,0,0,0,0,0,0,0,0,0,0,0,0,0,0,0,0,0,0,0,0,0,0,0,0,0,0,2016
892500,"Mord, Totschlag und Toetung auf Verlangen",8415061,Reutlingen,voll.,1,0,1,0,0,0,0,0,0,0,0,0,0,0,0,0,0,0,1,0,1,0,0,0,1,0,1,2016
892500,"Mord, Totschlag und Toetung auf Verlangen",13003000,Rostock,voll.,0,0,0,0,0,0,0,0,0,0,0,0,0,0,0,0,0,0,0,0,0,0,0,0,0,0,0,2016
892500,"Mord, Totschlag und Toetung auf Verlangen",10041100,Saarbruecken,voll.,1,1,0,0,0,0,0,0,0,0,0,0,0,0,0,0,0,0,1,1,0,0,0,0,1,1,0,2016
892500,"Mord, Totschlag und Toetung auf Verlangen",3102000,Salzgitter,voll.,3,2,1,0,0,0,0,0,0,0,0,0,0,0,0,1,0,1,2,2,0,0,0,0,2,2,0,2016
892500,"Mord, Totschlag und Toetung auf Verlangen",13004000,Schwerin,voll.,0,0,0,0,0,0,0,0,0,0,0,0,0,0,0,0,0,0,0,0,0,0,0,0,0,0,0,2016
892500,"Mord, Totschlag und Toetung auf Verlangen",5970040,Siegen,voll.,2,1,1,0,0,0,0,0,0,0,0,0,0,0,0,0,0,0,2,1,1,0,0,0,2,1,1,2016
892500,"Mord, Totschlag und Toetung auf Verlangen",5122000,Solingen,voll.,0,0,0,0,0,0,0,0,0,0,0,0,0,0,0,0,0,0,0,0,0,0,0,0,0,0,0,2016
892500,"Mord, Totschlag und Toetung auf Verlangen",8111000,Stuttgart,voll.,7,3,4,0,0,0,0,0,0,0,0,0,1,1,0,0,0,0,3,1,2,3,1,2,6,2,4,2016
892500,"Mord, Totschlag und Toetung auf Verlangen",7211000,Trier,voll.,3,0,3,0,0,0,0,0,0,0,0,0,1,0,1,0,0,0,2,0,2,0,0,0,2,0,2,2016
892500,"Mord, Totschlag und Toetung auf Verlangen",8421000,Ulm,voll.,0,0,0,0,0,0,0,0,0,0,0,0,0,0,0,0,0,0,0,0,0,0,0,0,0,0,0,2016
892500,"Mord, Totschlag und Toetung auf Verlangen",6414000,Wiesbaden,voll.,0,0,0,0,0,0,0,0,0,0,0,0,0,0,0,0,0,0,0,0,0,0,0,0,0,0,0,2016
892500,"Mord, Totschlag und Toetung auf Verlangen",3103000,Wolfsburg,voll.,3,2,1,0,0,0,1,1,0,1,1,0,0,0,0,0,0,0,1,0,1,1,1,0,2,1,1,2016
892500,"Mord, Totschlag und Toetung auf Verlangen",5124000,Wuppertal,voll.,5,1,4,0,0,0,0,0,0,0,0,0,0,0,0,1,1,0,3,0,3,1,0,1,4,0,4,2016
892500,"Mord, Totschlag und Toetung auf Verlangen",9663000,Wuerzburg,voll.,0,0,0,0,0,0,0,0,0,0,0,0,0,0,0,0,0,0,0,0,0,0,0,0,0,0,0,2016
892500,"Mord, Totschlag und Toetung auf Verlangen",5334002,Aachen,vers.,13,9,4,0,0,0,0,0,0,0,0,0,0,0,0,1,1,0,12,8,4,0,0,0,12,8,4,2016
892500,"Mord, Totschlag und Toetung auf Verlangen",9761000,Augsburg,vers.,6,5,1,0,0,0,0,0,0,0,0,0,0,0,0,2,2,0,4,3,1,0,0,0,4,3,1,2016
892500,"Mord, Totschlag und Toetung auf Verlangen",5378004,Bergisch Gladbach,vers.,0,0,0,0,0,0,0,0,0,0,0,0,0,0,0,0,0,0,0,0,0,0,0,0,0,0,0,2016
892500,"Mord, Totschlag und Toetung auf Verlangen",11000000,Berlin,vers.,60,45,15,0,0,0,0,0,0,0,0,0,3,1,2,2,2,0,48,37,11,7,5,2,55,42,13,2016
892500,"Mord, Totschlag und Toetung auf Verlangen",5711000,Bielefeld,vers.,10,5,5,0,0,0,0,0,0,0,0,0,0,0,0,0,0,0,8,4,4,2,1,1,10,5,5,2016
892500,"Mord, Totschlag und Toetung auf Verlangen",5911000,Bochum,vers.,3,1,2,0,0,0,0,0,0,0,0,0,0,0,0,0,0,0,3,1,2,0,0,0,3,1,2,2016
892500,"Mord, Totschlag und Toetung auf Verlangen",5314000,Bonn,vers.,12,9,3,0,0,0,0,0,0,0,0,0,1,1,0,0,0,0,10,8,2,1,0,1,11,8,3,2016
892500,"Mord, Totschlag und Toetung auf Verlangen",5512000,Bottrop,vers.,3,2,1,0,0,0,0,0,0,0,0,0,1,1,0,0,0,0,2,1,1,0,0,0,2,1,1,2016
892500,"Mord, Totschlag und Toetung auf Verlangen",3101000,Braunschweig,vers.,2,2,0,0,0,0,0,0,0,0,0,0,0,0,0,0,0,0,1,1,0,1,1,0,2,2,0,2016
892500,"Mord, Totschlag und Toetung auf Verlangen",4011000,Bremen,vers.,29,19,10,1,1,0,1,1,0,2,2,0,2,1,1,2,2,0,19,13,6,4,1,3,23,14,9,2016
892500,"Mord, Totschlag und Toetung auf Verlangen",4012000,Bremerhaven,vers.,6,5,1,0,0,0,0,0,0,0,0,0,0,0,0,1,0,1,5,5,0,0,0,0,5,5,0,2016
892500,"Mord, Totschlag und Toetung auf Verlangen",14511000,Chemnitz,vers.,31,20,11,0,0,0,0,0,0,0,0,0,1,0,1,1,1,0,22,15,7,7,4,3,29,19,10,2016
892500,"Mord, Totschlag und Toetung auf Verlangen",6411000,Darmstadt,vers.,4,3,1,0,0,0,0,0,0,0,0,0,0,0,0,0,0,0,3,3,0,1,0,1,4,3,1,2016
892500,"Mord, Totschlag und Toetung auf Verlangen",5913000,Dortmund,vers.,22,16,6,1,1,0,0,0,0,1,1,0,0,0,0,0,0,0,21,15,6,0,0,0,21,15,6,2016
892500,"Mord, Totschlag und Toetung auf Verlangen",14612000,Dresden,vers.,10,9,1,0,0,0,0,0,0,0,0,0,0,0,0,0,0,0,9,9,0,1,0,1,10,9,1,2016
892500,"Mord, Totschlag und Toetung auf Verlangen",5112000,Duisburg,vers.,9,8,1,0,0,0,0,0,0,0,0,0,0,0,0,0,0,0,7,7,0,2,1,1,9,8,1,2016
892500,"Mord, Totschlag und Toetung auf Verlangen",5111000,Duesseldorf,vers.,8,3,5,0,0,0,1,0,1,1,0,1,2,2,0,0,0,0,4,1,3,1,0,1,5,1,4,2016
892500,"Mord, Totschlag und Toetung auf Verlangen",16051000,Erfurt,vers.,1,1,0,0,0,0,0,0,0,0,0,0,0,0,0,0,0,0,1,1,0,0,0,0,1,1,0,2016
892500,"Mord, Totschlag und Toetung auf Verlangen",9562000,Erlangen,vers.,2,0,2,0,0,0,0,0,0,0,0,0,0,0,0,0,0,0,2,0,2,0,0,0,2,0,2,2016
892500,"Mord, Totschlag und Toetung auf Verlangen",5113000,Essen,vers.,14,12,2,1,0,1,0,0,0,1,0,1,0,0,0,0,0,0,12,11,1,1,1,0,13,12,1,2016
892500,"Mord, Totschlag und Toetung auf Verlangen",6412000,Frankfurt am Main,vers.,41,35,6,0,0,0,2,2,0,2,2,0,5,4,1,4,4,0,26,23,3,4,2,2,30,25,5,2016
892500,"Mord, Totschlag und Toetung auf Verlangen",8311000,Freiburg im Breisgau,vers.,13,12,1,0,0,0,0,0,0,0,0,0,1,1,0,5,5,0,7,6,1,0,0,0,7,6,1,2016
892500,"Mord, Totschlag und Toetung auf Verlangen",9563000,Fuerth,vers.,3,2,1,0,0,0,0,0,0,0,0,0,0,0,0,0,0,0,3,2,1,0,0,0,3,2,1,2016
892500,"Mord, Totschlag und Toetung auf Verlangen",5513000,Gelsenkirchen,vers.,9,7,2,0,0,0,0,0,0,0,0,0,1,1,0,0,0,0,7,5,2,1,1,0,8,6,2,2016
892500,"Mord, Totschlag und Toetung auf Verlangen",3152012,Goettingen,vers.,5,2,3,0,0,0,0,0,0,0,0,0,0,0,0,1,0,1,3,1,2,1,1,0,4,2,2,2016
892500,"Mord, Totschlag und Toetung auf Verlangen",5914000,Hagen,vers.,2,2,0,0,0,0,0,0,0,0,0,0,0,0,0,0,0,0,0,0,0,2,2,0,2,2,0,2016
892500,"Mord, Totschlag und Toetung auf Verlangen",15002000,Halle (Saale),vers.,2,0,2,0,0,0,0,0,0,0,0,0,0,0,0,0,0,0,1,0,1,1,0,1,2,0,2,2016
892500,"Mord, Totschlag und Toetung auf Verlangen",2000000,Hamburg,vers.,64,51,13,2,0,2,4,2,2,6,2,4,3,3,0,8,7,1,46,38,8,1,1,0,47,39,8,2016
892500,"Mord, Totschlag und Toetung auf Verlangen",5915000,Hamm,vers.,1,1,0,0,0,0,0,0,0,0,0,0,0,0,0,0,0,0,1,1,0,0,0,0,1,1,0,2016
892500,"Mord, Totschlag und Toetung auf Verlangen",3241001,Hannover,vers.,35,26,9,1,0,1,2,1,1,3,1,2,0,0,0,2,1,1,30,24,6,0,0,0,30,24,6,2016
892500,"Mord, Totschlag und Toetung auf Verlangen",8221000,Heidelberg,vers.,4,4,0,0,0,0,0,0,0,0,0,0,0,0,0,0,0,0,4,4,0,0,0,0,4,4,0,2016
892500,"Mord, Totschlag und Toetung auf Verlangen",8121000,Heilbronn,vers.,9,7,2,0,0,0,0,0,0,0,0,0,0,0,0,0,0,0,8,6,2,1,1,0,9,7,2,2016
892500,"Mord, Totschlag und Toetung auf Verlangen",5916000,Herne,vers.,5,5,0,0,0,0,0,0,0,0,0,0,1,1,0,0,0,0,4,4,0,0,0,0,4,4,0,2016
892500,"Mord, Totschlag und Toetung auf Verlangen",3254021,Hildesheim,vers.,11,8,3,0,0,0,1,0,1,1,0,1,2,2,0,0,0,0,7,5,2,1,1,0,8,6,2,2016
892500,"Mord, Totschlag und Toetung auf Verlangen",9161000,Ingolstadt,vers.,7,6,1,0,0,0,0,0,0,0,0,0,0,0,0,1,1,0,5,5,0,1,0,1,6,5,1,2016
892500,"Mord, Totschlag und Toetung auf Verlangen",16053000,Jena,vers.,0,0,0,0,0,0,0,0,0,0,0,0,0,0,0,0,0,0,0,0,0,0,0,0,0,0,0,2016
892500,"Mord, Totschlag und Toetung auf Verlangen",8212000,Karlsruhe,vers.,11,11,0,0,0,0,0,0,0,0,0,0,1,1,0,0,0,0,10,10,0,0,0,0,10,10,0,2016
892500,"Mord, Totschlag und Toetung auf Verlangen",6611000,Kassel,vers.,8,4,4,0,0,0,0,0,0,0,0,0,0,0,0,0,0,0,8,4,4,0,0,0,8,4,4,2016
892500,"Mord, Totschlag und Toetung auf Verlangen",1002000,Kiel,vers.,12,9,3,0,0,0,0,0,0,0,0,0,0,0,0,1,1,0,10,7,3,1,1,0,11,8,3,2016
892500,"Mord, Totschlag und Toetung auf Verlangen",7111000,Koblenz,vers.,1,1,0,0,0,0,0,0,0,0,0,0,0,0,0,0,0,0,1,1,0,0,0,0,1,1,0,2016
892500,"Mord, Totschlag und Toetung auf Verlangen",5315000,Koeln,vers.,21,17,4,0,0,0,0,0,0,0,0,0,0,0,0,3,3,0,17,14,3,1,0,1,18,14,4,2016
892500,"Mord, Totschlag und Toetung auf Verlangen",5114000,Krefeld,vers.,6,5,1,2,2,0,1,0,1,3,2,1,1,1,0,0,0,0,2,2,0,0,0,0,2,2,0,2016
892500,"Mord, Totschlag und Toetung auf Verlangen",14713000,Leipzig,vers.,29,17,12,0,0,0,2,1,1,2,1,1,1,0,1,5,4,1,17,12,5,4,0,4,21,12,9,2016
892500,"Mord, Totschlag und Toetung auf Verlangen",5316000,Leverkusen,vers.,3,2,1,0,0,0,0,0,0,0,0,0,0,0,0,0,0,0,2,2,0,1,0,1,3,2,1,2016
892500,"Mord, Totschlag und Toetung auf Verlangen",1003000,Luebeck,vers.,3,2,1,0,0,0,0,0,0,0,0,0,0,0,0,0,0,0,2,1,1,1,1,0,3,2,1,2016
892500,"Mord, Totschlag und Toetung auf Verlangen",7314000,Ludwigshafen am Rhein,vers.,3,3,0,0,0,0,0,0,0,0,0,0,0,0,0,0,0,0,3,3,0,0,0,0,3,3,0,2016
892500,"Mord, Totschlag und Toetung auf Verlangen",15003000,Magdeburg,vers.,6,3,3,1,1,0,0,0,0,1,1,0,0,0,0,0,0,0,4,2,2,1,0,1,5,2,3,2016
892500,"Mord, Totschlag und Toetung auf Verlangen",7315000,Mainz,vers.,2,0,2,0,0,0,0,0,0,0,0,0,0,0,0,1,0,1,1,0,1,0,0,0,1,0,1,2016
892500,"Mord, Totschlag und Toetung auf Verlangen",8222000,Mannheim,vers.,13,12,1,0,0,0,0,0,0,0,0,0,0,0,0,3,3,0,9,8,1,1,1,0,10,9,1,2016
892500,"Mord, Totschlag und Toetung auf Verlangen",5170024,Moers,vers.,3,2,1,0,0,0,0,0,0,0,0,0,0,0,0,1,1,0,2,1,1,0,0,0,2,1,1,2016
892500,"Mord, Totschlag und Toetung auf Verlangen",5116000,Moenchengladbach,vers.,4,4,0,0,0,0,0,0,0,0,0,0,0,0,0,1,1,0,3,3,0,0,0,0,3,3,0,2016
892500,"Mord, Totschlag und Toetung auf Verlangen",5117000,Muelheim an der Ruhr,vers.,1,1,0,0,0,0,0,0,0,0,0,0,0,0,0,0,0,0,1,1,0,0,0,0,1,1,0,2016
892500,"Mord, Totschlag und Toetung auf Verlangen",9162000,Muenchen,vers.,30,20,10,1,0,1,1,1,0,2,1,1,3,2,1,1,1,0,20,15,5,4,1,3,24,16,8,2016
892500,"Mord, Totschlag und Toetung auf Verlangen",5515000,Muenster,vers.,2,1,1,0,0,0,0,0,0,0,0,0,0,0,0,0,0,0,2,1,1,0,0,0,2,1,1,2016
892500,"Mord, Totschlag und Toetung auf Verlangen",5162024,Neuss,vers.,2,0,2,1,0,1,0,0,0,1,0,1,0,0,0,0,0,0,1,0,1,0,0,0,1,0,1,2016
892500,"Mord, Totschlag und Toetung auf Verlangen",9564000,Nuernberg,vers.,34,26,8,0,0,0,1,0,1,1,0,1,0,0,0,5,4,1,28,22,6,0,0,0,28,22,6,2016
892500,"Mord, Totschlag und Toetung auf Verlangen",5119000,Oberhausen,vers.,7,6,1,0,0,0,0,0,0,0,0,0,0,0,0,1,1,0,5,5,0,1,0,1,6,5,1,2016
892500,"Mord, Totschlag und Toetung auf Verlangen",6413000,Offenbach am Main,vers.,6,6,0,0,0,0,0,0,0,0,0,0,0,0,0,1,1,0,5,5,0,0,0,0,5,5,0,2016
892500,"Mord, Totschlag und Toetung auf Verlangen",3403000,Oldenburg (Oldenburg),vers.,5,3,2,0,0,0,0,0,0,0,0,0,0,0,0,1,1,0,4,2,2,0,0,0,4,2,2,2016
892500,"Mord, Totschlag und Toetung auf Verlangen",3404000,Osnabrueck,vers.,11,9,2,0,0,0,0,0,0,0,0,0,0,0,0,2,2,0,9,7,2,0,0,0,9,7,2,2016
892500,"Mord, Totschlag und Toetung auf Verlangen",5774032,Paderborn,vers.,2,2,0,0,0,0,0,0,0,0,0,0,0,0,0,0,0,0,2,2,0,0,0,0,2,2,0,2016
892500,"Mord, Totschlag und Toetung auf Verlangen",8231000,Pforzheim,vers.,4,3,1,0,0,0,0,0,0,0,0,0,1,0,1,0,0,0,3,3,0,0,0,0,3,3,0,2016
892500,"Mord, Totschlag und Toetung auf Verlangen",12054000,Potsdam,vers.,3,3,0,0,0,0,0,0,0,0,0,0,0,0,0,1,1,0,2,2,0,0,0,0,2,2,0,2016
892500,"Mord, Totschlag und Toetung auf Verlangen",5562032,Recklinghausen,vers.,2,2,0,0,0,0,0,0,0,0,0,0,0,0,0,0,0,0,2,2,0,0,0,0,2,2,0,2016
892500,"Mord, Totschlag und Toetung auf Verlangen",9362000,Regensburg,vers.,3,3,0,0,0,0,0,0,0,0,0,0,0,0,0,0,0,0,3,3,0,0,0,0,3,3,0,2016
892500,"Mord, Totschlag und Toetung auf Verlangen",5120000,Remscheid,vers.,3,2,1,0,0,0,0,0,0,0,0,0,0,0,0,1,0,1,2,2,0,0,0,0,2,2,0,2016
892500,"Mord, Totschlag und Toetung auf Verlangen",8415061,Reutlingen,vers.,5,3,2,0,0,0,0,0,0,0,0,0,0,0,0,0,0,0,5,3,2,0,0,0,5,3,2,2016
892500,"Mord, Totschlag und Toetung auf Verlangen",13003000,Rostock,vers.,4,2,2,0,0,0,0,0,0,0,0,0,0,0,0,0,0,0,4,2,2,0,0,0,4,2,2,2016
892500,"Mord, Totschlag und Toetung auf Verlangen",10041100,Saarbruecken,vers.,6,5,1,0,0,0,0,0,0,0,0,0,2,2,0,1,1,0,3,2,1,0,0,0,3,2,1,2016
892500,"Mord, Totschlag und Toetung auf Verlangen",3102000,Salzgitter,vers.,22,17,5,2,1,1,0,0,0,2,1,1,0,0,0,0,0,0,19,15,4,1,1,0,20,16,4,2016
892500,"Mord, Totschlag und Toetung auf Verlangen",13004000,Schwerin,vers.,2,2,0,0,0,0,0,0,0,0,0,0,0,0,0,0,0,0,1,1,0,1,1,0,2,2,0,2016
892500,"Mord, Totschlag und Toetung auf Verlangen",5970040,Siegen,vers.,0,0,0,0,0,0,0,0,0,0,0,0,0,0,0,0,0,0,0,0,0,0,0,0,0,0,0,2016
892500,"Mord, Totschlag und Toetung auf Verlangen",5122000,Solingen,vers.,2,1,1,0,0,0,0,0,0,0,0,0,0,0,0,1,1,0,1,0,1,0,0,0,1,0,1,2016
892500,"Mord, Totschlag und Toetung auf Verlangen",8111000,Stuttgart,vers.,31,26,5,0,0,0,0,0,0,0,0,0,4,3,1,4,4,0,22,19,3,1,0,1,23,19,4,2016
892500,"Mord, Totschlag und Toetung auf Verlangen",7211000,Trier,vers.,1,1,0,0,0,0,0,0,0,0,0,0,0,0,0,0,0,0,1,1,0,0,0,0,1,1,0,2016
892500,"Mord, Totschlag und Toetung auf Verlangen",8421000,Ulm,vers.,49,38,11,0,0,0,0,0,0,0,0,0,2,1,1,5,5,0,36,27,9,6,5,1,42,32,10,2016
892500,"Mord, Totschlag und Toetung auf Verlangen",6414000,Wiesbaden,vers.,12,10,2,0,0,0,0,0,0,0,0,0,0,0,0,1,1,0,11,9,2,0,0,0,11,9,2,2016
892500,"Mord, Totschlag und Toetung auf Verlangen",3103000,Wolfsburg,vers.,6,5,1,0,0,0,0,0,0,0,0,0,0,0,0,0,0,0,6,5,1,0,0,0,6,5,1,2016
892500,"Mord, Totschlag und Toetung auf Verlangen",5124000,Wuppertal,vers.,5,3,2,0,0,0,0,0,0,0,0,0,0,0,0,0,0,0,5,3,2,0,0,0,5,3,2,2016
892500,"Mord, Totschlag und Toetung auf Verlangen",9663000,Wuerzburg,vers.,11,10,1,0,0,0,0,0,0,0,0,0,2,2,0,0,0,0,9,8,1,0,0,0,9,8,1,2016
892500,"Mord, Totschlag und Toetung auf Verlangen",5334002,Aachen,insg.,13,9,4,0,0,0,0,0,0,0,0,0,0,0,0,1,1,0,12,8,4,0,0,0,12,8,4,2016
892500,"Mord, Totschlag und Toetung auf Verlangen",9761000,Augsburg,insg.,6,5,1,0,0,0,0,0,0,0,0,0,0,0,0,2,2,0,4,3,1,0,0,0,4,3,1,2016
892500,"Mord, Totschlag und Toetung auf Verlangen",5378004,Bergisch Gladbach,insg.,1,0,1,0,0,0,0,0,0,0,0,0,0,0,0,0,0,0,1,0,1,0,0,0,1,0,1,2016
892500,"Mord, Totschlag und Toetung auf Verlangen",11000000,Berlin,insg.,98,71,27,0,0,0,0,0,0,0,0,0,3,1,2,4,2,2,80,60,20,11,8,3,91,68,23,2016
892500,"Mord, Totschlag und Toetung auf Verlangen",5711000,Bielefeld,insg.,14,7,7,2,1,1,0,0,0,2,1,1,0,0,0,0,0,0,10,5,5,2,1,1,12,6,6,2016
892500,"Mord, Totschlag und Toetung auf Verlangen",5911000,Bochum,insg.,5,1,4,1,0,1,0,0,0,1,0,1,0,0,0,0,0,0,4,1,3,0,0,0,4,1,3,2016
892500,"Mord, Totschlag und Toetung auf Verlangen",5314000,Bonn,insg.,19,15,4,0,0,0,1,1,0,1,1,0,1,1,0,1,1,0,14,11,3,2,1,1,16,12,4,2016
892500,"Mord, Totschlag und Toetung auf Verlangen",5512000,Bottrop,insg.,4,2,2,0,0,0,0,0,0,0,0,0,1,1,0,0,0,0,3,1,2,0,0,0,3,1,2,2016
892500,"Mord, Totschlag und Toetung auf Verlangen",3101000,Braunschweig,insg.,5,2,3,0,0,0,0,0,0,0,0,0,0,0,0,0,0,0,2,1,1,3,1,2,5,2,3,2016
892500,"Mord, Totschlag und Toetung auf Verlangen",4011000,Bremen,insg.,39,26,13,1,1,0,1,1,0,2,2,0,3,2,1,3,3,0,25,17,8,6,2,4,31,19,12,2016
892500,"Mord, Totschlag und Toetung auf Verlangen",4012000,Bremerhaven,insg.,9,6,3,0,0,0,0,0,0,0,0,0,0,0,0,1,0,1,7,5,2,1,1,0,8,6,2,2016
892500,"Mord, Totschlag und Toetung auf Verlangen",14511000,Chemnitz,insg.,31,20,11,0,0,0,0,0,0,0,0,0,1,0,1,1,1,0,22,15,7,7,4,3,29,19,10,2016
892500,"Mord, Totschlag und Toetung auf Verlangen",6411000,Darmstadt,insg.,7,4,3,0,0,0,0,0,0,0,0,0,1,1,0,1,0,1,4,3,1,1,0,1,5,3,2,2016
892500,"Mord, Totschlag und Toetung auf Verlangen",5913000,Dortmund,insg.,30,21,9,1,1,0,0,0,0,1,1,0,0,0,0,0,0,0,26,19,7,3,1,2,29,20,9,2016
892500,"Mord, Totschlag und Toetung auf Verlangen",14612000,Dresden,insg.,14,10,4,1,0,1,0,0,0,1,0,1,0,0,0,0,0,0,11,9,2,2,1,1,13,10,3,2016
892500,"Mord, Totschlag und Toetung auf Verlangen",5112000,Duisburg,insg.,10,8,2,0,0,0,0,0,0,0,0,0,0,0,0,0,0,0,8,7,1,2,1,1,10,8,2,2016
892500,"Mord, Totschlag und Toetung auf Verlangen",5111000,Duesseldorf,insg.,14,5,9,0,0,0,1,0,1,1,0,1,2,2,0,0,0,0,6,1,5,5,2,3,11,3,8,2016
892500,"Mord, Totschlag und Toetung auf Verlangen",16051000,Erfurt,insg.,1,1,0,0,0,0,0,0,0,0,0,0,0,0,0,0,0,0,1,1,0,0,0,0,1,1,0,2016
892500,"Mord, Totschlag und Toetung auf Verlangen",9562000,Erlangen,insg.,2,0,2,0,0,0,0,0,0,0,0,0,0,0,0,0,0,0,2,0,2,0,0,0,2,0,2,2016
892500,"Mord, Totschlag und Toetung auf Verlangen",5113000,Essen,insg.,22,16,6,1,0,1,0,0,0,1,0,1,0,0,0,0,0,0,18,14,4,3,2,1,21,16,5,2016
892500,"Mord, Totschlag und Toetung auf Verlangen",6412000,Frankfurt am Main,insg.,50,41,9,0,0,0,3,3,0,3,3,0,5,4,1,4,4,0,34,28,6,4,2,2,38,30,8,2016
892500,"Mord, Totschlag und Toetung auf Verlangen",8311000,Freiburg im Breisgau,insg.,16,13,3,0,0,0,0,0,0,0,0,0,1,1,0,6,5,1,9,7,2,0,0,0,9,7,2,2016
892500,"Mord, Totschlag und Toetung auf Verlangen",9563000,Fuerth,insg.,5,4,1,0,0,0,0,0,0,0,0,0,0,0,0,0,0,0,5,4,1,0,0,0,5,4,1,2016
892500,"Mord, Totschlag und Toetung auf Verlangen",5513000,Gelsenkirchen,insg.,12,7,5,0,0,0,0,0,0,0,0,0,1,1,0,0,0,0,8,5,3,3,1,2,11,6,5,2016
892500,"Mord, Totschlag und Toetung auf Verlangen",3152012,Goettingen,insg.,5,2,3,0,0,0,0,0,0,0,0,0,0,0,0,1,0,1,3,1,2,1,1,0,4,2,2,2016
892500,"Mord, Totschlag und Toetung auf Verlangen",5914000,Hagen,insg.,3,2,1,0,0,0,0,0,0,0,0,0,0,0,0,0,0,0,0,0,0,3,2,1,3,2,1,2016
892500,"Mord, Totschlag und Toetung auf Verlangen",15002000,Halle (Saale),insg.,4,0,4,0,0,0,0,0,0,0,0,0,0,0,0,0,0,0,3,0,3,1,0,1,4,0,4,2016
892500,"Mord, Totschlag und Toetung auf Verlangen",2000000,Hamburg,insg.,75,56,19,2,0,2,4,2,2,6,2,4,3,3,0,8,7,1,53,42,11,5,2,3,58,44,14,2016
892500,"Mord, Totschlag und Toetung auf Verlangen",5915000,Hamm,insg.,5,4,1,0,0,0,0,0,0,0,0,0,0,0,0,0,0,0,4,3,1,1,1,0,5,4,1,2016
892500,"Mord, Totschlag und Toetung auf Verlangen",3241001,Hannover,insg.,42,30,12,1,0,1,2,1,1,3,1,2,0,0,0,3,2,1,35,27,8,1,0,1,36,27,9,2016
892500,"Mord, Totschlag und Toetung auf Verlangen",8221000,Heidelberg,insg.,5,4,1,0,0,0,0,0,0,0,0,0,0,0,0,0,0,0,5,4,1,0,0,0,5,4,1,2016
892500,"Mord, Totschlag und Toetung auf Verlangen",8121000,Heilbronn,insg.,9,7,2,0,0,0,0,0,0,0,0,0,0,0,0,0,0,0,8,6,2,1,1,0,9,7,2,2016
892500,"Mord, Totschlag und Toetung auf Verlangen",5916000,Herne,insg.,7,5,2,0,0,0,0,0,0,0,0,0,1,1,0,0,0,0,6,4,2,0,0,0,6,4,2,2016
892500,"Mord, Totschlag und Toetung auf Verlangen",3254021,Hildesheim,insg.,12,8,4,0,0,0,1,0,1,1,0,1,2,2,0,0,0,0,7,5,2,2,1,1,9,6,3,2016
892500,"Mord, Totschlag und Toetung auf Verlangen",9161000,Ingolstadt,insg.,7,6,1,0,0,0,0,0,0,0,0,0,0,0,0,1,1,0,5,5,0,1,0,1,6,5,1,2016
892500,"Mord, Totschlag und Toetung auf Verlangen",16053000,Jena,insg.,0,0,0,0,0,0,0,0,0,0,0,0,0,0,0,0,0,0,0,0,0,0,0,0,0,0,0,2016
892500,"Mord, Totschlag und Toetung auf Verlangen",8212000,Karlsruhe,insg.,12,12,0,0,0,0,0,0,0,0,0,0,1,1,0,0,0,0,11,11,0,0,0,0,11,11,0,2016
892500,"Mord, Totschlag und Toetung auf Verlangen",6611000,Kassel,insg.,11,5,6,0,0,0,0,0,0,0,0,0,0,0,0,0,0,0,10,5,5,1,0,1,11,5,6,2016
892500,"Mord, Totschlag und Toetung auf Verlangen",1002000,Kiel,insg.,13,10,3,0,0,0,0,0,0,0,0,0,0,0,0,1,1,0,11,8,3,1,1,0,12,9,3,2016
892500,"Mord, Totschlag und Toetung auf Verlangen",7111000,Koblenz,insg.,3,3,0,0,0,0,0,0,0,0,0,0,0,0,0,0,0,0,3,3,0,0,0,0,3,3,0,2016
892500,"Mord, Totschlag und Toetung auf Verlangen",5315000,Koeln,insg.,34,24,10,1,1,0,0,0,0,1,1,0,0,0,0,4,3,1,25,18,7,4,2,2,29,20,9,2016
892500,"Mord, Totschlag und Toetung auf Verlangen",5114000,Krefeld,insg.,8,7,1,2,2,0,1,0,1,3,2,1,1,1,0,0,0,0,4,4,0,0,0,0,4,4,0,2016
892500,"Mord, Totschlag und Toetung auf Verlangen",14713000,Leipzig,insg.,33,20,13,0,0,0,2,1,1,2,1,1,1,0,1,6,5,1,18,13,5,6,1,5,24,14,10,2016
892500,"Mord, Totschlag und Toetung auf Verlangen",5316000,Leverkusen,insg.,4,2,2,0,0,0,0,0,0,0,0,0,0,0,0,0,0,0,2,2,0,2,0,2,4,2,2,2016
892500,"Mord, Totschlag und Toetung auf Verlangen",1003000,Luebeck,insg.,4,2,2,0,0,0,0,0,0,0,0,0,0,0,0,0,0,0,2,1,1,2,1,1,4,2,2,2016
892500,"Mord, Totschlag und Toetung auf Verlangen",7314000,Ludwigshafen am Rhein,insg.,5,5,0,0,0,0,0,0,0,0,0,0,0,0,0,1,1,0,4,4,0,0,0,0,4,4,0,2016
892500,"Mord, Totschlag und Toetung auf Verlangen",15003000,Magdeburg,insg.,10,6,4,2,1,1,0,0,0,2,1,1,0,0,0,0,0,0,5,3,2,3,2,1,8,5,3,2016
892500,"Mord, Totschlag und Toetung auf Verlangen",7315000,Mainz,insg.,3,1,2,0,0,0,0,0,0,0,0,0,0,0,0,1,0,1,2,1,1,0,0,0,2,1,1,2016
892500,"Mord, Totschlag und Toetung auf Verlangen",8222000,Mannheim,insg.,18,13,5,0,0,0,1,0,1,1,0,1,0,0,0,3,3,0,11,8,3,3,2,1,14,10,4,2016
892500,"Mord, Totschlag und Toetung auf Verlangen",5170024,Moers,insg.,3,2,1,0,0,0,0,0,0,0,0,0,0,0,0,1,1,0,2,1,1,0,0,0,2,1,1,2016
892500,"Mord, Totschlag und Toetung auf Verlangen",5116000,Moenchengladbach,insg.,5,4,1,0,0,0,0,0,0,0,0,0,0,0,0,1,1,0,3,3,0,1,0,1,4,3,1,2016
892500,"Mord, Totschlag und Toetung auf Verlangen",5117000,Muelheim an der Ruhr,insg.,3,2,1,1,0,1,0,0,0,1,0,1,0,0,0,0,0,0,2,2,0,0,0,0,2,2,0,2016
892500,"Mord, Totschlag und Toetung auf Verlangen",9162000,Muenchen,insg.,43,27,16,1,0,1,1,1,0,2,1,1,9,6,3,4,4,0,23,15,8,5,1,4,28,16,12,2016
892500,"Mord, Totschlag und Toetung auf Verlangen",5515000,Muenster,insg.,3,1,2,1,0,1,0,0,0,1,0,1,0,0,0,0,0,0,2,1,1,0,0,0,2,1,1,2016
892500,"Mord, Totschlag und Toetung auf Verlangen",5162024,Neuss,insg.,2,0,2,1,0,1,0,0,0,1,0,1,0,0,0,0,0,0,1,0,1,0,0,0,1,0,1,2016
892500,"Mord, Totschlag und Toetung auf Verlangen",9564000,Nuernberg,insg.,38,28,10,0,0,0,1,0,1,1,0,1,0,0,0,5,4,1,31,24,7,1,0,1,32,24,8,2016
892500,"Mord, Totschlag und Toetung auf Verlangen",5119000,Oberhausen,insg.,9,7,2,0,0,0,0,0,0,0,0,0,0,0,0,1,1,0,7,6,1,1,0,1,8,6,2,2016
892500,"Mord, Totschlag und Toetung auf Verlangen",6413000,Offenbach am Main,insg.,6,6,0,0,0,0,0,0,0,0,0,0,0,0,0,1,1,0,5,5,0,0,0,0,5,5,0,2016
892500,"Mord, Totschlag und Toetung auf Verlangen",3403000,Oldenburg (Oldenburg),insg.,14,7,7,0,0,0,0,0,0,0,0,0,0,0,0,1,1,0,8,4,4,5,2,3,13,6,7,2016
892500,"Mord, Totschlag und Toetung auf Verlangen",3404000,Osnabrueck,insg.,12,10,2,0,0,0,0,0,0,0,0,0,0,0,0,2,2,0,10,8,2,0,0,0,10,8,2,2016
892500,"Mord, Totschlag und Toetung auf Verlangen",5774032,Paderborn,insg.,3,3,0,0,0,0,0,0,0,0,0,0,0,0,0,0,0,0,2,2,0,1,1,0,3,3,0,2016
892500,"Mord, Totschlag und Toetung auf Verlangen",8231000,Pforzheim,insg.,4,3,1,0,0,0,0,0,0,0,0,0,1,0,1,0,0,0,3,3,0,0,0,0,3,3,0,2016
892500,"Mord, Totschlag und Toetung auf Verlangen",12054000,Potsdam,insg.,5,5,0,1,1,0,1,1,0,2,2,0,0,0,0,1,1,0,2,2,0,0,0,0,2,2,0,2016
892500,"Mord, Totschlag und Toetung auf Verlangen",5562032,Recklinghausen,insg.,3,3,0,0,0,0,0,0,0,0,0,0,0,0,0,0,0,0,3,3,0,0,0,0,3,3,0,2016
892500,"Mord, Totschlag und Toetung auf Verlangen",9362000,Regensburg,insg.,6,3,3,0,0,0,0,0,0,0,0,0,0,0,0,0,0,0,5,3,2,1,0,1,6,3,3,2016
892500,"Mord, Totschlag und Toetung auf Verlangen",5120000,Remscheid,insg.,3,2,1,0,0,0,0,0,0,0,0,0,0,0,0,1,0,1,2,2,0,0,0,0,2,2,0,2016
892500,"Mord, Totschlag und Toetung auf Verlangen",8415061,Reutlingen,insg.,6,3,3,0,0,0,0,0,0,0,0,0,0,0,0,0,0,0,6,3,3,0,0,0,6,3,3,2016
892500,"Mord, Totschlag und Toetung auf Verlangen",13003000,Rostock,insg.,4,2,2,0,0,0,0,0,0,0,0,0,0,0,0,0,0,0,4,2,2,0,0,0,4,2,2,2016
892500,"Mord, Totschlag und Toetung auf Verlangen",10041100,Saarbruecken,insg.,7,6,1,0,0,0,0,0,0,0,0,0,2,2,0,1,1,0,4,3,1,0,0,0,4,3,1,2016
892500,"Mord, Totschlag und Toetung auf Verlangen",3102000,Salzgitter,insg.,25,19,6,2,1,1,0,0,0,2,1,1,0,0,0,1,0,1,21,17,4,1,1,0,22,18,4,2016
892500,"Mord, Totschlag und Toetung auf Verlangen",13004000,Schwerin,insg.,2,2,0,0,0,0,0,0,0,0,0,0,0,0,0,0,0,0,1,1,0,1,1,0,2,2,0,2016
892500,"Mord, Totschlag und Toetung auf Verlangen",5970040,Siegen,insg.,2,1,1,0,0,0,0,0,0,0,0,0,0,0,0,0,0,0,2,1,1,0,0,0,2,1,1,2016
892500,"Mord, Totschlag und Toetung auf Verlangen",5122000,Solingen,insg.,2,1,1,0,0,0,0,0,0,0,0,0,0,0,0,1,1,0,1,0,1,0,0,0,1,0,1,2016
892500,"Mord, Totschlag und Toetung auf Verlangen",8111000,Stuttgart,insg.,38,29,9,0,0,0,0,0,0,0,0,0,5,4,1,4,4,0,25,20,5,4,1,3,29,21,8,2016
892500,"Mord, Totschlag und Toetung auf Verlangen",7211000,Trier,insg.,4,1,3,0,0,0,0,0,0,0,0,0,1,0,1,0,0,0,3,1,2,0,0,0,3,1,2,2016
892500,"Mord, Totschlag und Toetung auf Verlangen",8421000,Ulm,insg.,49,38,11,0,0,0,0,0,0,0,0,0,2,1,1,5,5,0,36,27,9,6,5,1,42,32,10,2016
892500,"Mord, Totschlag und Toetung auf Verlangen",6414000,Wiesbaden,insg.,12,10,2,0,0,0,0,0,0,0,0,0,0,0,0,1,1,0,11,9,2,0,0,0,11,9,2,2016
892500,"Mord, Totschlag und Toetung auf Verlangen",3103000,Wolfsburg,insg.,9,7,2,0,0,0,1,1,0,1,1,0,0,0,0,0,0,0,7,5,2,1,1,0,8,6,2,2016
892500,"Mord, Totschlag und Toetung auf Verlangen",5124000,Wuppertal,insg.,10,4,6,0,0,0,0,0,0,0,0,0,0,0,0,1,1,0,8,3,5,1,0,1,9,3,6,2016
892500,"Mord, Totschlag und Toetung auf Verlangen",9663000,Wuerzburg,insg.,11,10,1,0,0,0,0,0,0,0,0,0,2,2,0,0,0,0,9,8,1,0,0,0,9,8,1,2016
------,Straftaten insgesamt,5334002,Aachen,voll.,4191,2534,1657,20,13,7,151,85,66,171,98,73,285,170,115,391,252,139,3114,1885,1229,230,129,101,3344,2014,1330,2017
------,Straftaten insgesamt,9761000,Augsburg,voll.,4475,2797,1678,50,31,19,258,153,105,308,184,124,349,193,156,414,252,162,3188,2046,1142,216,122,94,3404,2168,1236,2017
------,Straftaten insgesamt,5378004,Bergisch Gladbach,voll.,1168,627,541,10,8,2,65,31,34,75,39,36,123,76,47,86,44,42,811,427,384,73,41,32,884,468,416,2017
------,Straftaten insgesamt,11000000,Berlin,voll.,71397,43330,28067,815,407,408,4504,2620,1884,5319,3027,2292,5081,2941,2140,4608,2760,1848,52223,32360,19863,4166,2242,1924,56389,34602,21787,2017
------,Straftaten insgesamt,5711000,Bielefeld,voll.,4113,2218,1895,39,26,13,161,97,64,200,123,77,305,156,149,368,206,162,3049,1624,1425,191,109,82,3240,1733,1507,2017
------,Straftaten insgesamt,5911000,Bochum,voll.,6297,3684,2613,40,23,17,302,173,129,342,196,146,477,275,202,584,332,252,4564,2691,1873,330,190,140,4894,2881,2013,2017
------,Straftaten insgesamt,5314000,Bonn,voll.,5344,3097,2247,35,18,17,257,171,86,292,189,103,385,219,166,486,288,198,3886,2243,1643,295,158,137,4181,2401,1780,2017
------,Straftaten insgesamt,5512000,Bottrop,voll.,1496,802,694,8,3,5,67,36,31,75,39,36,149,91,58,134,72,62,995,534,461,143,66,77,1138,600,538,2017
------,Straftaten insgesamt,3101000,Braunschweig,voll.,3681,2266,1415,29,15,14,198,97,101,227,112,115,260,132,128,388,234,154,2638,1693,945,168,95,73,2806,1788,1018,2017
------,Straftaten insgesamt,4011000,Bremen,voll.,10647,6484,4163,67,37,30,414,227,187,481,264,217,736,448,288,1007,661,346,7841,4817,3024,582,294,288,8423,5111,3312,2017
------,Straftaten insgesamt,4012000,Bremerhaven,voll.,2477,1405,1072,29,14,15,152,88,64,181,102,79,205,107,98,215,100,115,1770,1035,735,106,61,45,1876,1096,780,2017
------,Straftaten insgesamt,14511000,Chemnitz,voll.,3020,1836,1184,26,14,12,187,99,88,213,113,100,324,187,137,270,177,93,2014,1260,754,199,99,100,2213,1359,854,2017
------,Straftaten insgesamt,12052000,Cottbus,voll.,1499,962,537,9,5,4,93,65,28,102,70,32,149,92,57,137,97,40,1033,659,374,78,44,34,1111,703,408,2017
------,Straftaten insgesamt,6411000,Darmstadt,voll.,1582,933,649,10,4,6,71,41,30,81,45,36,138,87,51,179,103,76,1117,662,455,67,36,31,1184,698,486,2017
------,Straftaten insgesamt,5913000,Dortmund,voll.,11838,7180,4658,62,25,37,619,391,228,681,416,265,903,498,405,977,564,413,8714,5374,3340,563,328,235,9277,5702,3575,2017
------,Straftaten insgesamt,14612000,Dresden,voll.,6072,3927,2145,69,31,38,355,181,174,424,212,212,396,231,165,479,302,177,4438,2987,1451,335,195,140,4773,3182,1591,2017
------,Straftaten insgesamt,5112000,Duisburg,voll.,8144,4421,3723,72,50,22,541,333,208,613,383,230,690,387,303,615,344,271,5740,3050,2690,486,257,229,6226,3307,2919,2017
------,Straftaten insgesamt,5111000,D sseldorf,voll.,9886,6213,3673,39,23,16,374,233,141,413,256,157,586,354,232,900,528,372,7483,4796,2687,504,279,225,7987,5075,2912,2017
------,Straftaten insgesamt,16051000,Erfurt,voll.,3743,2355,1388,51,23,28,281,144,137,332,167,165,334,202,132,319,196,123,2573,1697,876,185,93,92,2758,1790,968,2017
------,Straftaten insgesamt,9562000,Erlangen,voll.,1050,639,411,6,4,2,57,35,22,63,39,24,97,53,44,106,64,42,731,454,277,53,29,24,784,483,301,2017
------,Straftaten insgesamt,5113000,Essen,voll.,7123,3947,3176,56,26,30,390,221,169,446,247,199,546,284,262,539,287,252,5156,2886,2270,436,243,193,5592,3129,2463,2017
------,Straftaten insgesamt,6412000,Frankfurt am Main,voll.,11513,7439,4074,96,52,44,335,211,124,431,263,168,558,319,239,891,566,325,9068,5955,3113,565,336,229,9633,6291,3342,2017
------,Straftaten insgesamt,8311000,Freiburg im Breisgau,voll.,4206,2819,1387,59,39,20,183,102,81,242,141,101,310,186,124,421,301,120,3028,2061,967,205,130,75,3233,2191,1042,2017
------,Straftaten insgesamt,9563000,F rth,voll.,1032,634,398,7,3,4,63,42,21,70,45,25,99,62,37,87,48,39,721,448,273,55,31,24,776,479,297,2017
------,Straftaten insgesamt,5513000,Gelsenkirchen,voll.,4379,2319,2060,39,23,16,303,190,113,342,213,129,390,209,181,334,180,154,3038,1569,1469,275,148,127,3313,1717,1596,2017
------,Straftaten insgesamt,3159016,G ttingen,voll.,2110,1324,786,18,9,9,80,42,38,98,51,47,139,77,62,224,151,73,1546,983,563,103,62,41,1649,1045,604,2017
------,Straftaten insgesamt,5914000,Hagen,voll.,2854,1622,1232,16,12,4,175,95,80,191,107,84,223,121,102,272,161,111,2007,1138,869,161,95,66,2168,1233,935,2017
------,Straftaten insgesamt,15002000,Halle (Saale),voll.,4736,2927,1809,46,27,19,328,200,128,374,227,147,417,238,179,364,210,154,3341,2120,1221,240,132,108,3581,2252,1329,2017
------,Straftaten insgesamt,2000000,Hamburg,voll.,31776,19457,12319,269,156,113,1740,1094,646,2009,1250,759,2103,1155,948,2698,1663,1035,23325,14446,8879,1641,943,698,24966,15389,9577,2017
------,Straftaten insgesamt,5915000,Hamm,voll.,2754,1516,1238,17,6,11,175,99,76,192,105,87,255,144,111,411,146,265,1784,1055,729,112,66,46,1896,1121,775,2017
------,Straftaten insgesamt,3241001,Hannover,voll.,10852,6786,4066,70,36,34,477,281,196,547,317,230,715,407,308,1017,637,380,8037,5148,2889,536,277,259,8573,5425,3148,2017
------,Straftaten insgesamt,8221000,Heidelberg,voll.,2047,1386,661,22,11,11,51,25,26,73,36,37,107,67,40,219,160,59,1532,1059,473,116,64,52,1648,1123,525,2017
------,Straftaten insgesamt,8121000,Heilbronn,voll.,1497,865,632,10,8,2,64,29,35,74,37,37,118,50,68,129,74,55,1095,656,439,81,48,33,1176,704,472,2017
------,Straftaten insgesamt,5916000,Herne,voll.,2629,1415,1214,17,6,11,161,85,76,178,91,87,303,143,160,225,118,107,1760,976,784,163,87,76,1923,1063,860,2017
------,Straftaten insgesamt,3254021,Hildesheim,voll.,1787,981,806,18,8,10,106,48,58,124,56,68,168,89,79,185,119,66,1220,672,548,90,45,45,1310,717,593,2017
------,Straftaten insgesamt,9161000,Ingolstadt,voll.,2017,1283,734,32,15,17,71,45,26,103,60,43,140,82,58,216,139,77,1483,957,526,75,45,30,1558,1002,556,2017
------,Straftaten insgesamt,16053000,Jena,voll.,1329,867,462,18,12,6,78,46,32,96,58,38,111,78,33,114,77,37,952,616,336,56,38,18,1008,654,354,2017
------,Straftaten insgesamt,8212000,Karlsruhe,voll.,3133,1975,1158,22,14,8,122,70,52,144,84,60,221,130,91,325,205,120,2269,1463,806,174,93,81,2443,1556,887,2017
------,Straftaten insgesamt,6611000,Kassel,voll.,2643,1495,1148,34,21,13,132,75,57,166,96,70,185,90,95,240,125,115,1904,1089,815,148,95,53,2052,1184,868,2017
------,Straftaten insgesamt,1002000,Kiel,voll.,4112,2499,1613,35,21,14,217,118,99,252,139,113,338,199,139,381,229,152,2956,1833,1123,185,99,86,3141,1932,1209,2017
------,Straftaten insgesamt,7111000,Koblenz,voll.,2079,1331,748,14,10,4,85,49,36,99,59,40,149,90,59,243,158,85,1501,967,534,87,57,30,1588,1024,564,2017
------,Straftaten insgesamt,5315000,K ln,voll.,23358,13770,9588,150,86,64,1051,588,463,1201,674,527,1481,819,662,1829,1054,775,17602,10542,7060,1245,681,564,18847,11223,7624,2017
------,Straftaten insgesamt,5114000,Krefeld,voll.,3576,1895,1681,30,19,11,209,105,104,239,124,115,257,128,129,307,152,155,2535,1366,1169,238,125,113,2773,1491,1282,2017
------,Straftaten insgesamt,14713000,Leipzig,voll.,7955,4817,3138,94,44,50,481,251,230,575,295,280,591,336,255,534,305,229,5774,3660,2114,481,221,260,6255,3881,2374,2017
------,Straftaten insgesamt,5316000,Leverkusen,voll.,2665,1466,1199,11,5,6,143,84,59,154,89,65,226,128,98,244,137,107,1897,1028,869,144,84,60,2041,1112,929,2017
------,Straftaten insgesamt,1003000,L beck,voll.,4524,2770,1754,58,18,40,199,107,92,257,125,132,381,222,159,418,253,165,3205,2033,1172,263,137,126,3468,2170,1298,2017
------,Straftaten insgesamt,7314000,Ludwigshafen am Rhein,voll.,3604,2058,1546,50,27,23,219,132,87,269,159,110,374,214,160,296,145,151,2454,1421,1033,211,119,92,2665,1540,1125,2017
------,Straftaten insgesamt,15003000,Magdeburg,voll.,3494,2058,1436,51,25,26,221,120,101,272,145,127,332,183,149,283,169,114,2392,1438,954,215,123,92,2607,1561,1046,2017
------,Straftaten insgesamt,7315000,Mainz,voll.,3242,2085,1157,21,11,10,122,80,42,143,91,52,263,177,86,360,239,121,2320,1484,836,156,94,62,2476,1578,898,2017
------,Straftaten insgesamt,8222000,Mannheim,voll.,4560,2833,1727,37,24,13,192,114,78,229,138,91,312,182,130,382,258,124,3366,2103,1263,271,152,119,3637,2255,1382,2017
------,Straftaten insgesamt,5170024,Moers,voll.,1377,749,628,7,3,4,104,57,47,111,60,51,143,82,61,136,72,64,892,481,411,95,54,41,987,535,452,2017
------,Straftaten insgesamt,5116000,M nchengladbach,voll.,3321,1748,1573,29,16,13,166,93,73,195,109,86,295,162,133,305,140,165,2327,1239,1088,199,98,101,2526,1337,1189,2017
------,Straftaten insgesamt,5117000,M lheim an der Ruhr,voll.,1570,836,734,12,6,6,117,64,53,129,70,59,137,89,48,125,60,65,1057,565,492,122,52,70,1179,617,562,2017
------,Straftaten insgesamt,9162000,M nchen,voll.,15611,9938,5673,188,109,79,591,329,262,779,438,341,909,534,375,1401,906,495,11678,7578,4100,844,482,362,12522,8060,4462,2017
------,Straftaten insgesamt,5515000,M nster,voll.,4451,2720,1731,28,18,10,207,124,83,235,142,93,318,193,125,385,234,151,3255,2022,1233,258,129,129,3513,2151,1362,2017
------,Straftaten insgesamt,5162024,Neuss,voll.,2179,1199,980,15,8,7,127,70,57,142,78,64,172,95,77,203,121,82,1525,821,704,137,84,53,1662,905,757,2017
------,Straftaten insgesamt,9564000,N rnberg,voll.,7266,4622,2644,60,30,30,323,181,142,383,211,172,539,311,228,710,473,237,5310,3436,1874,324,191,133,5634,3627,2007,2017
------,Straftaten insgesamt,5119000,Oberhausen,voll.,2785,1550,1235,19,10,9,173,95,78,192,105,87,290,173,117,276,151,125,1887,1038,849,140,83,57,2027,1121,906,2017
------,Straftaten insgesamt,6413000,Offenbach am Main,voll.,1389,753,636,19,5,14,66,32,34,85,37,48,124,70,54,94,38,56,1028,572,456,58,36,22,1086,608,478,2017
------,Straftaten insgesamt,3403000,Oldenburg (Oldenburg),voll.,2164,1271,893,17,6,11,81,42,39,98,48,50,147,89,58,241,141,100,1544,905,639,134,88,46,1678,993,685,2017
------,Straftaten insgesamt,3404000,Osnabr ck,voll.,2806,1693,1113,23,10,13,128,76,52,151,86,65,201,94,107,254,169,85,2058,1264,794,142,80,62,2200,1344,856,2017
------,Straftaten insgesamt,5774032,Paderborn,voll.,1845,1098,747,11,6,5,86,45,41,97,51,46,147,85,62,203,108,95,1323,808,515,75,46,29,1398,854,544,2017
------,Straftaten insgesamt,8231000,Pforzheim,voll.,1588,969,619,11,10,1,85,55,30,96,65,31,138,76,62,174,105,69,1100,668,432,80,55,25,1180,723,457,2017
------,Straftaten insgesamt,12054000,Potsdam,voll.,1991,1227,764,20,8,12,125,85,40,145,93,52,172,107,65,138,97,41,1404,864,540,132,66,66,1536,930,606,2017
------,Straftaten insgesamt,5562032,Recklinghausen,voll.,2227,1301,926,16,9,7,131,69,62,147,78,69,218,129,89,169,95,74,1581,928,653,112,71,41,1693,999,694,2017
------,Straftaten insgesamt,9362000,Regensburg,voll.,2038,1366,672,15,13,2,71,39,32,86,52,34,149,102,47,256,171,85,1465,983,482,82,58,24,1547,1041,506,2017
------,Straftaten insgesamt,5120000,Remscheid,voll.,1522,778,744,9,3,6,91,54,37,100,57,43,120,69,51,132,68,64,1096,546,550,74,38,36,1170,584,586,2017
------,Straftaten insgesamt,8415061,Reutlingen,voll.,1303,839,464,16,9,7,67,43,24,83,52,31,122,82,40,177,124,53,856,546,310,65,35,30,921,581,340,2017
------,Straftaten insgesamt,13003000,Rostock,voll.,2561,1527,1034,30,12,18,257,151,106,287,163,124,227,130,97,174,106,68,1742,1054,688,131,74,57,1873,1128,745,2017
------,Straftaten insgesamt,10041100,Saarbr cken,voll.,4283,2603,1680,29,17,12,184,102,82,213,119,94,361,192,169,418,234,184,3049,1907,1142,242,151,91,3291,2058,1233,2017
------,Straftaten insgesamt,3102000,Salzgitter,voll.,1376,729,647,17,11,6,103,56,47,120,67,53,155,81,74,114,59,55,910,475,435,77,47,30,987,522,465,2017
------,Straftaten insgesamt,13004000,Schwerin,voll.,1867,1178,689,12,7,5,130,80,50,142,87,55,222,144,78,165,114,51,1231,783,448,107,50,57,1338,833,505,2017
------,Straftaten insgesamt,5970040,Siegen,voll.,1688,1010,678,8,5,3,64,45,19,72,50,22,146,99,47,182,112,70,1186,691,495,102,58,44,1288,749,539,2017
------,Straftaten insgesamt,5122000,Solingen,voll.,1801,991,810,17,10,7,100,61,39,117,71,46,176,92,84,177,103,74,1228,661,567,103,64,39,1331,725,606,2017
------,Straftaten insgesamt,8111000,Stuttgart,voll.,10922,7124,3798,97,59,38,542,287,255,639,346,293,653,379,274,996,663,333,8170,5479,2691,464,257,207,8634,5736,2898,2017
------,Straftaten insgesamt,7211000,Trier,voll.,1908,1194,714,15,5,10,71,46,25,86,51,35,148,82,66,214,137,77,1364,874,490,96,50,46,1460,924,536,2017
------,Straftaten insgesamt,8421000,Ulm,voll.,1512,992,520,12,8,4,69,42,27,81,50,31,128,72,56,165,106,59,1068,727,341,70,37,33,1138,764,374,2017
------,Straftaten insgesamt,6414000,Wiesbaden,voll.,4175,2284,1891,27,12,15,218,121,97,245,133,112,361,206,155,391,237,154,2920,1576,1344,258,132,126,3178,1708,1470,2017
------,Straftaten insgesamt,3103000,Wolfsburg,voll.,1318,832,486,6,4,2,64,40,24,70,44,26,120,82,38,111,72,39,951,590,361,66,44,22,1017,634,383,2017
------,Straftaten insgesamt,5124000,Wuppertal,voll.,6431,3713,2718,53,30,23,397,244,153,450,274,176,514,291,223,597,347,250,4542,2617,1925,328,184,144,4870,2801,2069,2017
------,Straftaten insgesamt,9663000,W rzburg,voll.,1588,1065,523,8,5,3,68,44,24,76,49,27,135,85,50,215,147,68,1084,739,345,78,45,33,1162,784,378,2017
------,Straftaten insgesamt,5334002,Aachen,vers.,311,192,119,4,2,2,8,6,2,12,8,4,19,10,9,35,23,12,223,141,82,22,10,12,245,151,94,2017
------,Straftaten insgesamt,9761000,Augsburg,vers.,596,428,168,4,3,1,19,16,3,23,19,4,33,23,10,52,39,13,459,331,128,29,16,13,488,347,141,2017
------,Straftaten insgesamt,5378004,Bergisch Gladbach,vers.,53,29,24,0,0,0,1,0,1,1,0,1,7,6,1,2,1,1,34,17,17,9,5,4,43,22,21,2017
------,Straftaten insgesamt,11000000,Berlin,vers.,6926,4817,2109,63,32,31,272,174,98,335,206,129,414,267,147,355,243,112,5357,3822,1535,465,279,186,5822,4101,1721,2017
------,Straftaten insgesamt,5711000,Bielefeld,vers.,264,153,111,2,2,0,13,8,5,15,10,5,12,6,6,14,10,4,207,117,90,16,10,6,223,127,96,2017
------,Straftaten insgesamt,5911000,Bochum,vers.,464,322,142,1,1,0,24,18,6,25,19,6,47,33,14,33,25,8,331,229,102,28,16,12,359,245,114,2017
------,Straftaten insgesamt,5314000,Bonn,vers.,356,238,118,1,1,0,14,7,7,15,8,7,19,13,6,37,30,7,259,170,89,26,17,9,285,187,98,2017
------,Straftaten insgesamt,5512000,Bottrop,vers.,67,46,21,1,1,0,4,1,3,5,2,3,8,6,2,7,5,2,43,31,12,4,2,2,47,33,14,2017
------,Straftaten insgesamt,3101000,Braunschweig,vers.,395,284,111,0,0,0,13,6,7,13,6,7,20,13,7,24,15,9,325,243,82,13,7,6,338,250,88,2017
------,Straftaten insgesamt,4011000,Bremen,vers.,708,455,253,4,2,2,24,11,13,28,13,15,51,32,19,49,29,20,525,355,170,55,26,29,580,381,199,2017
------,Straftaten insgesamt,4012000,Bremerhaven,vers.,134,89,45,1,0,1,6,4,2,7,4,3,9,5,4,9,4,5,102,72,30,7,4,3,109,76,33,2017
------,Straftaten insgesamt,14511000,Chemnitz,vers.,181,122,59,3,1,2,6,3,3,9,4,5,14,12,2,11,8,3,138,93,45,9,5,4,147,98,49,2017
------,Straftaten insgesamt,12052000,Cottbus,vers.,120,72,48,1,1,0,5,2,3,6,3,3,12,8,4,11,8,3,82,47,35,9,6,3,91,53,38,2017
------,Straftaten insgesamt,6411000,Darmstadt,vers.,86,61,25,0,0,0,6,4,2,6,4,2,6,3,3,7,7,0,60,43,17,7,4,3,67,47,20,2017
------,Straftaten insgesamt,5913000,Dortmund,vers.,837,567,270,4,1,3,51,31,20,55,32,23,58,35,23,61,40,21,620,436,184,43,24,19,663,460,203,2017
------,Straftaten insgesamt,14612000,Dresden,vers.,495,345,150,2,1,1,11,8,3,13,9,4,29,15,14,27,20,7,399,285,114,27,16,11,426,301,125,2017
------,Straftaten insgesamt,5112000,Duisburg,vers.,545,358,187,4,2,2,40,26,14,44,28,16,46,37,9,42,22,20,376,251,125,37,20,17,413,271,142,2017
------,Straftaten insgesamt,5111000,D sseldorf,vers.,666,446,220,1,0,1,19,8,11,20,8,12,45,23,22,39,25,14,531,372,159,31,18,13,562,390,172,2017
------,Straftaten insgesamt,16051000,Erfurt,vers.,453,316,137,6,5,1,26,18,8,32,23,9,30,22,8,36,26,10,329,231,98,26,14,12,355,245,110,2017
------,Straftaten insgesamt,9562000,Erlangen,vers.,106,73,33,3,0,3,1,1,0,4,1,3,6,4,2,17,13,4,69,50,19,10,5,5,79,55,24,2017
------,Straftaten insgesamt,5113000,Essen,vers.,425,251,174,7,3,4,17,8,9,24,11,13,37,17,20,35,20,15,305,189,116,24,14,10,329,203,126,2017
------,Straftaten insgesamt,6412000,Frankfurt am Main,vers.,900,626,274,6,2,4,27,19,8,33,21,12,40,25,15,50,39,11,718,505,213,59,36,23,777,541,236,2017
------,Straftaten insgesamt,8311000,Freiburg im Breisgau,vers.,390,293,97,6,4,2,9,4,5,15,8,7,19,16,3,36,24,12,305,234,71,15,11,4,320,245,75,2017
------,Straftaten insgesamt,9563000,F rth,vers.,104,72,32,0,0,0,1,1,0,1,1,0,12,10,2,9,4,5,74,52,22,8,5,3,82,57,25,2017
------,Straftaten insgesamt,5513000,Gelsenkirchen,vers.,291,183,108,0,0,0,24,20,4,24,20,4,24,10,14,30,22,8,198,126,72,15,5,10,213,131,82,2017
------,Straftaten insgesamt,3159016,G ttingen,vers.,203,149,54,0,0,0,6,6,0,6,6,0,6,4,2,19,12,7,164,122,42,8,5,3,172,127,45,2017
------,Straftaten insgesamt,5914000,Hagen,vers.,156,101,55,1,0,1,3,1,2,4,1,3,21,14,7,14,5,9,107,78,29,10,3,7,117,81,36,2017
------,Straftaten insgesamt,15002000,Halle (Saale),vers.,410,266,144,4,1,3,25,18,7,29,19,10,28,19,9,32,22,10,301,196,105,20,10,10,321,206,115,2017
------,Straftaten insgesamt,2000000,Hamburg,vers.,1988,1396,592,9,4,5,92,58,34,101,62,39,96,63,33,126,88,38,1555,1114,441,110,69,41,1665,1183,482,2017
------,Straftaten insgesamt,5915000,Hamm,vers.,174,115,59,1,0,1,4,3,1,5,3,2,12,5,7,16,14,2,131,86,45,10,7,3,141,93,48,2017
------,Straftaten insgesamt,3241001,Hannover,vers.,997,690,307,9,4,5,21,10,11,30,14,16,54,32,22,70,42,28,801,580,221,42,22,20,843,602,241,2017
------,Straftaten insgesamt,8221000,Heidelberg,vers.,150,112,38,0,0,0,4,4,0,4,4,0,7,5,2,12,8,4,121,94,27,6,1,5,127,95,32,2017
------,Straftaten insgesamt,8121000,Heilbronn,vers.,74,50,24,0,0,0,1,1,0,1,1,0,2,1,1,5,3,2,58,39,19,8,6,2,66,45,21,2017
------,Straftaten insgesamt,5916000,Herne,vers.,125,78,47,1,1,0,11,7,4,12,8,4,11,8,3,7,5,2,90,55,35,5,2,3,95,57,38,2017
------,Straftaten insgesamt,3254021,Hildesheim,vers.,143,98,45,1,1,0,11,10,1,12,11,1,9,8,1,8,8,0,104,65,39,10,6,4,114,71,43,2017
------,Straftaten insgesamt,9161000,Ingolstadt,vers.,223,171,52,0,0,0,3,2,1,3,2,1,7,4,3,16,10,6,185,146,39,12,9,3,197,155,42,2017
------,Straftaten insgesamt,16053000,Jena,vers.,120,98,22,1,0,1,5,2,3,6,2,4,13,11,2,14,11,3,77,66,11,10,8,2,87,74,13,2017
------,Straftaten insgesamt,8212000,Karlsruhe,vers.,291,195,96,3,1,2,6,5,1,9,6,3,22,16,6,21,14,7,219,147,72,20,12,8,239,159,80,2017
------,Straftaten insgesamt,6611000,Kassel,vers.,168,107,61,2,0,2,2,2,0,4,2,2,6,5,1,15,7,8,134,87,47,9,6,3,143,93,50,2017
------,Straftaten insgesamt,1002000,Kiel,vers.,292,188,104,2,0,2,32,18,14,34,18,16,17,13,4,23,17,6,200,132,68,18,8,10,218,140,78,2017
------,Straftaten insgesamt,7111000,Koblenz,vers.,165,109,56,1,1,0,5,3,2,6,4,2,9,8,1,13,9,4,123,82,41,14,6,8,137,88,49,2017
------,Straftaten insgesamt,5315000,K ln,vers.,1624,1020,604,16,12,4,67,42,25,83,54,29,106,67,39,108,67,41,1200,762,438,127,70,57,1327,832,495,2017
------,Straftaten insgesamt,5114000,Krefeld,vers.,236,140,96,3,1,2,13,4,9,16,5,11,20,15,5,12,7,5,169,104,65,19,9,10,188,113,75,2017
------,Straftaten insgesamt,14713000,Leipzig,vers.,541,364,177,4,0,4,34,19,15,38,19,19,24,15,9,29,15,14,421,299,122,29,16,13,450,315,135,2017
------,Straftaten insgesamt,5316000,Leverkusen,vers.,260,181,79,2,1,1,10,8,2,12,9,3,29,18,11,13,7,6,190,137,53,16,10,6,206,147,59,2017
------,Straftaten insgesamt,1003000,L beck,vers.,457,326,131,5,3,2,8,3,5,13,6,7,24,14,10,28,15,13,365,277,88,27,14,13,392,291,101,2017
------,Straftaten insgesamt,7314000,Ludwigshafen am Rhein,vers.,359,241,118,1,0,1,40,30,10,41,30,11,47,41,6,23,14,9,232,146,86,16,10,6,248,156,92,2017
------,Straftaten insgesamt,15003000,Magdeburg,vers.,251,164,87,6,3,3,17,12,5,23,15,8,18,12,6,19,14,5,179,116,63,12,7,5,191,123,68,2017
------,Straftaten insgesamt,7315000,Mainz,vers.,294,232,62,1,1,0,5,4,1,6,5,1,28,22,6,23,16,7,219,176,43,18,13,5,237,189,48,2017
------,Straftaten insgesamt,8222000,Mannheim,vers.,358,245,113,3,1,2,22,17,5,25,18,7,6,3,3,27,23,4,272,183,89,28,18,10,300,201,99,2017
------,Straftaten insgesamt,5170024,Moers,vers.,70,33,37,0,0,0,4,0,4,4,0,4,8,4,4,4,1,3,47,25,22,7,3,4,54,28,26,2017
------,Straftaten insgesamt,5116000,M nchengladbach,vers.,160,96,64,0,0,0,8,4,4,8,4,4,12,8,4,9,5,4,117,71,46,14,8,6,131,79,52,2017
------,Straftaten insgesamt,5117000,M lheim an der Ruhr,vers.,107,58,49,0,0,0,7,2,5,7,2,5,14,7,7,5,1,4,69,40,29,12,8,4,81,48,33,2017
------,Straftaten insgesamt,9162000,M nchen,vers.,1831,1333,498,18,8,10,39,22,17,57,30,27,85,56,29,109,63,46,1477,1115,362,103,69,34,1580,1184,396,2017
------,Straftaten insgesamt,5515000,M nster,vers.,248,167,81,1,1,0,7,1,6,8,2,6,23,18,5,19,10,9,179,125,54,19,12,7,198,137,61,2017
------,Straftaten insgesamt,5162024,Neuss,vers.,124,79,45,2,1,1,8,6,2,10,7,3,10,6,4,6,2,4,92,60,32,6,4,2,98,64,34,2017
------,Straftaten insgesamt,9564000,N rnberg,vers.,842,600,242,5,2,3,10,7,3,15,9,6,53,31,22,57,43,14,668,487,181,49,30,19,717,517,200,2017
------,Straftaten insgesamt,5119000,Oberhausen,vers.,158,99,59,4,1,3,9,4,5,13,5,8,10,5,5,14,9,5,109,72,37,12,8,4,121,80,41,2017
------,Straftaten insgesamt,6413000,Offenbach am Main,vers.,104,71,33,0,0,0,3,1,2,3,1,2,11,7,4,8,5,3,72,53,19,10,5,5,82,58,24,2017
------,Straftaten insgesamt,3403000,Oldenburg (Oldenburg),vers.,187,133,54,0,0,0,6,4,2,6,4,2,11,8,3,12,9,3,148,104,44,10,8,2,158,112,46,2017
------,Straftaten insgesamt,3404000,Osnabr ck,vers.,200,131,69,1,0,1,1,0,1,2,0,2,8,5,3,22,15,7,156,105,51,12,6,6,168,111,57,2017
------,Straftaten insgesamt,5774032,Paderborn,vers.,165,112,53,1,0,1,5,5,0,6,5,1,19,16,3,19,15,4,115,73,42,6,3,3,121,76,45,2017
------,Straftaten insgesamt,8231000,Pforzheim,vers.,99,63,36,4,3,1,3,3,0,7,6,1,4,1,3,10,6,4,71,46,25,7,4,3,78,50,28,2017
------,Straftaten insgesamt,12054000,Potsdam,vers.,151,97,54,2,1,1,10,8,2,12,9,3,10,6,4,11,7,4,108,70,38,10,5,5,118,75,43,2017
------,Straftaten insgesamt,5562032,Recklinghausen,vers.,157,100,57,3,3,0,19,14,5,22,17,5,18,9,9,18,12,6,85,52,33,14,10,4,99,62,37,2017
------,Straftaten insgesamt,9362000,Regensburg,vers.,224,150,74,0,0,0,6,4,2,6,4,2,13,5,8,26,15,11,171,121,50,8,5,3,179,126,53,2017
------,Straftaten insgesamt,5120000,Remscheid,vers.,102,64,38,0,0,0,5,3,2,5,3,2,6,2,4,8,6,2,73,46,27,10,7,3,83,53,30,2017
------,Straftaten insgesamt,8415061,Reutlingen,vers.,106,86,20,1,0,1,1,0,1,2,0,2,12,9,3,19,15,4,70,60,10,3,2,1,73,62,11,2017
------,Straftaten insgesamt,13003000,Rostock,vers.,203,130,73,3,2,1,12,5,7,15,7,8,16,8,8,16,10,6,140,93,47,16,12,4,156,105,51,2017
------,Straftaten insgesamt,10041100,Saarbr cken,vers.,377,248,129,2,1,1,12,9,3,14,10,4,15,7,8,22,14,8,300,198,102,26,19,7,326,217,109,2017
------,Straftaten insgesamt,3102000,Salzgitter,vers.,79,47,32,1,0,1,6,5,1,7,5,2,10,5,5,4,3,1,54,32,22,4,2,2,58,34,24,2017
------,Straftaten insgesamt,13004000,Schwerin,vers.,136,84,52,2,1,1,0,0,0,2,1,1,11,6,5,17,9,8,99,64,35,7,4,3,106,68,38,2017
------,Straftaten insgesamt,5970040,Siegen,vers.,131,71,60,0,0,0,3,2,1,3,2,1,11,5,6,6,2,4,104,58,46,7,4,3,111,62,49,2017
------,Straftaten insgesamt,5122000,Solingen,vers.,137,80,57,0,0,0,7,6,1,7,6,1,9,6,3,17,12,5,88,46,42,16,10,6,104,56,48,2017
------,Straftaten insgesamt,8111000,Stuttgart,vers.,1068,782,286,7,5,2,24,12,12,31,17,14,53,43,10,59,36,23,882,657,225,43,29,14,925,686,239,2017
------,Straftaten insgesamt,7211000,Trier,vers.,194,135,59,0,0,0,5,1,4,5,1,4,9,8,1,13,9,4,159,112,47,8,5,3,167,117,50,2017
------,Straftaten insgesamt,8421000,Ulm,vers.,99,74,25,1,1,0,6,4,2,7,5,2,4,3,1,6,5,1,79,59,20,3,2,1,82,61,21,2017
------,Straftaten insgesamt,6414000,Wiesbaden,vers.,239,151,88,1,1,0,9,6,3,10,7,3,17,11,6,17,10,7,178,111,67,17,12,5,195,123,72,2017
------,Straftaten insgesamt,3103000,Wolfsburg,vers.,106,69,37,0,0,0,3,1,2,3,1,2,2,1,1,11,10,1,84,54,30,6,3,3,90,57,33,2017
------,Straftaten insgesamt,5124000,Wuppertal,vers.,432,267,165,1,0,1,29,15,14,30,15,15,30,18,12,32,16,16,310,203,107,30,15,15,340,218,122,2017
------,Straftaten insgesamt,9663000,W rzburg,vers.,200,154,46,0,0,0,5,2,3,5,2,3,14,8,6,17,10,7,150,126,24,14,8,6,164,134,30,2017
------,Straftaten insgesamt,5334002,Aachen,insg.,4502,2726,1776,24,15,9,159,91,68,183,106,77,304,180,124,426,275,151,3337,2026,1311,252,139,113,3589,2165,1424,2017
------,Straftaten insgesamt,9761000,Augsburg,insg.,5071,3225,1846,54,34,20,277,169,108,331,203,128,382,216,166,466,291,175,3647,2377,1270,245,138,107,3892,2515,1377,2017
------,Straftaten insgesamt,5378004,Bergisch Gladbach,insg.,1221,656,565,10,8,2,66,31,35,76,39,37,130,82,48,88,45,43,845,444,401,82,46,36,927,490,437,2017
------,Straftaten insgesamt,11000000,Berlin,insg.,78323,48147,30176,878,439,439,4776,2794,1982,5654,3233,2421,5495,3208,2287,4963,3003,1960,57580,36182,21398,4631,2521,2110,62211,38703,23508,2017
------,Straftaten insgesamt,5711000,Bielefeld,insg.,4377,2371,2006,41,28,13,174,105,69,215,133,82,317,162,155,382,216,166,3256,1741,1515,207,119,88,3463,1860,1603,2017
------,Straftaten insgesamt,5911000,Bochum,insg.,6761,4006,2755,41,24,17,326,191,135,367,215,152,524,308,216,617,357,260,4895,2920,1975,358,206,152,5253,3126,2127,2017
------,Straftaten insgesamt,5314000,Bonn,insg.,5700,3335,2365,36,19,17,271,178,93,307,197,110,404,232,172,523,318,205,4145,2413,1732,321,175,146,4466,2588,1878,2017
------,Straftaten insgesamt,5512000,Bottrop,insg.,1563,848,715,9,4,5,71,37,34,80,41,39,157,97,60,141,77,64,1038,565,473,147,68,79,1185,633,552,2017
------,Straftaten insgesamt,3101000,Braunschweig,insg.,4076,2550,1526,29,15,14,211,103,108,240,118,122,280,145,135,412,249,163,2963,1936,1027,181,102,79,3144,2038,1106,2017
------,Straftaten insgesamt,4011000,Bremen,insg.,11355,6939,4416,71,39,32,438,238,200,509,277,232,787,480,307,1056,690,366,8366,5172,3194,637,320,317,9003,5492,3511,2017
------,Straftaten insgesamt,4012000,Bremerhaven,insg.,2611,1494,1117,30,14,16,158,92,66,188,106,82,214,112,102,224,104,120,1872,1107,765,113,65,48,1985,1172,813,2017
------,Straftaten insgesamt,14511000,Chemnitz,insg.,3201,1958,1243,29,15,14,193,102,91,222,117,105,338,199,139,281,185,96,2152,1353,799,208,104,104,2360,1457,903,2017
------,Straftaten insgesamt,12052000,Cottbus,insg.,1619,1034,585,10,6,4,98,67,31,108,73,35,161,100,61,148,105,43,1115,706,409,87,50,37,1202,756,446,2017
------,Straftaten insgesamt,6411000,Darmstadt,insg.,1668,994,674,10,4,6,77,45,32,87,49,38,144,90,54,186,110,76,1177,705,472,74,40,34,1251,745,506,2017
------,Straftaten insgesamt,5913000,Dortmund,insg.,12675,7747,4928,66,26,40,670,422,248,736,448,288,961,533,428,1038,604,434,9334,5810,3524,606,352,254,9940,6162,3778,2017
------,Straftaten insgesamt,14612000,Dresden,insg.,6567,4272,2295,71,32,39,366,189,177,437,221,216,425,246,179,506,322,184,4837,3272,1565,362,211,151,5199,3483,1716,2017
------,Straftaten insgesamt,5112000,Duisburg,insg.,8689,4779,3910,76,52,24,581,359,222,657,411,246,736,424,312,657,366,291,6116,3301,2815,523,277,246,6639,3578,3061,2017
------,Straftaten insgesamt,5111000,D sseldorf,insg.,10552,6659,3893,40,23,17,393,241,152,433,264,169,631,377,254,939,553,386,8014,5168,2846,535,297,238,8549,5465,3084,2017
------,Straftaten insgesamt,16051000,Erfurt,insg.,4196,2671,1525,57,28,29,307,162,145,364,190,174,364,224,140,355,222,133,2902,1928,974,211,107,104,3113,2035,1078,2017
------,Straftaten insgesamt,9562000,Erlangen,insg.,1156,712,444,9,4,5,58,36,22,67,40,27,103,57,46,123,77,46,800,504,296,63,34,29,863,538,325,2017
------,Straftaten insgesamt,5113000,Essen,insg.,7548,4198,3350,63,29,34,407,229,178,470,258,212,583,301,282,574,307,267,5461,3075,2386,460,257,203,5921,3332,2589,2017
------,Straftaten insgesamt,6412000,Frankfurt am Main,insg.,12413,8065,4348,102,54,48,362,230,132,464,284,180,598,344,254,941,605,336,9786,6460,3326,624,372,252,10410,6832,3578,2017
------,Straftaten insgesamt,8311000,Freiburg im Breisgau,insg.,4596,3112,1484,65,43,22,192,106,86,257,149,108,329,202,127,457,325,132,3333,2295,1038,220,141,79,3553,2436,1117,2017
------,Straftaten insgesamt,9563000,F rth,insg.,1136,706,430,7,3,4,64,43,21,71,46,25,111,72,39,96,52,44,795,500,295,63,36,27,858,536,322,2017
------,Straftaten insgesamt,5513000,Gelsenkirchen,insg.,4670,2502,2168,39,23,16,327,210,117,366,233,133,414,219,195,364,202,162,3236,1695,1541,290,153,137,3526,1848,1678,2017
------,Straftaten insgesamt,3159016,G ttingen,insg.,2313,1473,840,18,9,9,86,48,38,104,57,47,145,81,64,243,163,80,1710,1105,605,111,67,44,1821,1172,649,2017
------,Straftaten insgesamt,5914000,Hagen,insg.,3010,1723,1287,17,12,5,178,96,82,195,108,87,244,135,109,286,166,120,2114,1216,898,171,98,73,2285,1314,971,2017
------,Straftaten insgesamt,15002000,Halle (Saale),insg.,5146,3193,1953,50,28,22,353,218,135,403,246,157,445,257,188,396,232,164,3642,2316,1326,260,142,118,3902,2458,1444,2017
------,Straftaten insgesamt,2000000,Hamburg,insg.,33764,20853,12911,278,160,118,1832,1152,680,2110,1312,798,2199,1218,981,2824,1751,1073,24880,15560,9320,1751,1012,739,26631,16572,10059,2017
------,Straftaten insgesamt,5915000,Hamm,insg.,2928,1631,1297,18,6,12,179,102,77,197,108,89,267,149,118,427,160,267,1915,1141,774,122,73,49,2037,1214,823,2017
------,Straftaten insgesamt,3241001,Hannover,insg.,11849,7476,4373,79,40,39,498,291,207,577,331,246,769,439,330,1087,679,408,8838,5728,3110,578,299,279,9416,6027,3389,2017
------,Straftaten insgesamt,8221000,Heidelberg,insg.,2197,1498,699,22,11,11,55,29,26,77,40,37,114,72,42,231,168,63,1653,1153,500,122,65,57,1775,1218,557,2017
------,Straftaten insgesamt,8121000,Heilbronn,insg.,1571,915,656,10,8,2,65,30,35,75,38,37,120,51,69,134,77,57,1153,695,458,89,54,35,1242,749,493,2017
------,Straftaten insgesamt,5916000,Herne,insg.,2754,1493,1261,18,7,11,172,92,80,190,99,91,314,151,163,232,123,109,1850,1031,819,168,89,79,2018,1120,898,2017
------,Straftaten insgesamt,3254021,Hildesheim,insg.,1930,1079,851,19,9,10,117,58,59,136,67,69,177,97,80,193,127,66,1324,737,587,100,51,49,1424,788,636,2017
------,Straftaten insgesamt,9161000,Ingolstadt,insg.,2240,1454,786,32,15,17,74,47,27,106,62,44,147,86,61,232,149,83,1668,1103,565,87,54,33,1755,1157,598,2017
------,Straftaten insgesamt,16053000,Jena,insg.,1449,965,484,19,12,7,83,48,35,102,60,42,124,89,35,128,88,40,1029,682,347,66,46,20,1095,728,367,2017
------,Straftaten insgesamt,8212000,Karlsruhe,insg.,3424,2170,1254,25,15,10,128,75,53,153,90,63,243,146,97,346,219,127,2488,1610,878,194,105,89,2682,1715,967,2017
------,Straftaten insgesamt,6611000,Kassel,insg.,2811,1602,1209,36,21,15,134,77,57,170,98,72,191,95,96,255,132,123,2038,1176,862,157,101,56,2195,1277,918,2017
------,Straftaten insgesamt,1002000,Kiel,insg.,4404,2687,1717,37,21,16,249,136,113,286,157,129,355,212,143,404,246,158,3156,1965,1191,203,107,96,3359,2072,1287,2017
------,Straftaten insgesamt,7111000,Koblenz,insg.,2244,1440,804,15,11,4,90,52,38,105,63,42,158,98,60,256,167,89,1624,1049,575,101,63,38,1725,1112,613,2017
------,Straftaten insgesamt,5315000,K ln,insg.,24982,14790,10192,166,98,68,1118,630,488,1284,728,556,1587,886,701,1937,1121,816,18802,11304,7498,1372,751,621,20174,12055,8119,2017
------,Straftaten insgesamt,5114000,Krefeld,insg.,3812,2035,1777,33,20,13,222,109,113,255,129,126,277,143,134,319,159,160,2704,1470,1234,257,134,123,2961,1604,1357,2017
------,Straftaten insgesamt,14713000,Leipzig,insg.,8496,5181,3315,98,44,54,515,270,245,613,314,299,615,351,264,563,320,243,6195,3959,2236,510,237,273,6705,4196,2509,2017
------,Straftaten insgesamt,5316000,Leverkusen,insg.,2925,1647,1278,13,6,7,153,92,61,166,98,68,255,146,109,257,144,113,2087,1165,922,160,94,66,2247,1259,988,2017
------,Straftaten insgesamt,1003000,L beck,insg.,4981,3096,1885,63,21,42,207,110,97,270,131,139,405,236,169,446,268,178,3570,2310,1260,290,151,139,3860,2461,1399,2017
------,Straftaten insgesamt,7314000,Ludwigshafen am Rhein,insg.,3963,2299,1664,51,27,24,259,162,97,310,189,121,421,255,166,319,159,160,2686,1567,1119,227,129,98,2913,1696,1217,2017
------,Straftaten insgesamt,15003000,Magdeburg,insg.,3745,2222,1523,57,28,29,238,132,106,295,160,135,350,195,155,302,183,119,2571,1554,1017,227,130,97,2798,1684,1114,2017
------,Straftaten insgesamt,7315000,Mainz,insg.,3536,2317,1219,22,12,10,127,84,43,149,96,53,291,199,92,383,255,128,2539,1660,879,174,107,67,2713,1767,946,2017
------,Straftaten insgesamt,8222000,Mannheim,insg.,4918,3078,1840,40,25,15,214,131,83,254,156,98,318,185,133,409,281,128,3638,2286,1352,299,170,129,3937,2456,1481,2017
------,Straftaten insgesamt,5170024,Moers,insg.,1447,782,665,7,3,4,108,57,51,115,60,55,151,86,65,140,73,67,939,506,433,102,57,45,1041,563,478,2017
------,Straftaten insgesamt,5116000,M nchengladbach,insg.,3481,1844,1637,29,16,13,174,97,77,203,113,90,307,170,137,314,145,169,2444,1310,1134,213,106,107,2657,1416,1241,2017
------,Straftaten insgesamt,5117000,M lheim an der Ruhr,insg.,1677,894,783,12,6,6,124,66,58,136,72,64,151,96,55,130,61,69,1126,605,521,134,60,74,1260,665,595,2017
------,Straftaten insgesamt,9162000,M nchen,insg.,17442,11271,6171,206,117,89,630,351,279,836,468,368,994,590,404,1510,969,541,13155,8693,4462,947,551,396,14102,9244,4858,2017
------,Straftaten insgesamt,5515000,M nster,insg.,4699,2887,1812,29,19,10,214,125,89,243,144,99,341,211,130,404,244,160,3434,2147,1287,277,141,136,3711,2288,1423,2017
------,Straftaten insgesamt,5162024,Neuss,insg.,2303,1278,1025,17,9,8,135,76,59,152,85,67,182,101,81,209,123,86,1617,881,736,143,88,55,1760,969,791,2017
------,Straftaten insgesamt,9564000,N rnberg,insg.,8108,5222,2886,65,32,33,333,188,145,398,220,178,592,342,250,767,516,251,5978,3923,2055,373,221,152,6351,4144,2207,2017
------,Straftaten insgesamt,5119000,Oberhausen,insg.,2943,1649,1294,23,11,12,182,99,83,205,110,95,300,178,122,290,160,130,1996,1110,886,152,91,61,2148,1201,947,2017
------,Straftaten insgesamt,6413000,Offenbach am Main,insg.,1493,824,669,19,5,14,69,33,36,88,38,50,135,77,58,102,43,59,1100,625,475,68,41,27,1168,666,502,2017
------,Straftaten insgesamt,3403000,Oldenburg (Oldenburg),insg.,2351,1404,947,17,6,11,87,46,41,104,52,52,158,97,61,253,150,103,1692,1009,683,144,96,48,1836,1105,731,2017
------,Straftaten insgesamt,3404000,Osnabr ck,insg.,3006,1824,1182,24,10,14,129,76,53,153,86,67,209,99,110,276,184,92,2214,1369,845,154,86,68,2368,1455,913,2017
------,Straftaten insgesamt,5774032,Paderborn,insg.,2010,1210,800,12,6,6,91,50,41,103,56,47,166,101,65,222,123,99,1438,881,557,81,49,32,1519,930,589,2017
------,Straftaten insgesamt,8231000,Pforzheim,insg.,1687,1032,655,15,13,2,88,58,30,103,71,32,142,77,65,184,111,73,1171,714,457,87,59,28,1258,773,485,2017
------,Straftaten insgesamt,12054000,Potsdam,insg.,2142,1324,818,22,9,13,135,93,42,157,102,55,182,113,69,149,104,45,1512,934,578,142,71,71,1654,1005,649,2017
------,Straftaten insgesamt,5562032,Recklinghausen,insg.,2384,1401,983,19,12,7,150,83,67,169,95,74,236,138,98,187,107,80,1666,980,686,126,81,45,1792,1061,731,2017
------,Straftaten insgesamt,9362000,Regensburg,insg.,2262,1516,746,15,13,2,77,43,34,92,56,36,162,107,55,282,186,96,1636,1104,532,90,63,27,1726,1167,559,2017
------,Straftaten insgesamt,5120000,Remscheid,insg.,1624,842,782,9,3,6,96,57,39,105,60,45,126,71,55,140,74,66,1169,592,577,84,45,39,1253,637,616,2017
------,Straftaten insgesamt,8415061,Reutlingen,insg.,1409,925,484,17,9,8,68,43,25,85,52,33,134,91,43,196,139,57,926,606,320,68,37,31,994,643,351,2017
------,Straftaten insgesamt,13003000,Rostock,insg.,2764,1657,1107,33,14,19,269,156,113,302,170,132,243,138,105,190,116,74,1882,1147,735,147,86,61,2029,1233,796,2017
------,Straftaten insgesamt,10041100,Saarbr cken,insg.,4660,2851,1809,31,18,13,196,111,85,227,129,98,376,199,177,440,248,192,3349,2105,1244,268,170,98,3617,2275,1342,2017
------,Straftaten insgesamt,3102000,Salzgitter,insg.,1455,776,679,18,11,7,109,61,48,127,72,55,165,86,79,118,62,56,964,507,457,81,49,32,1045,556,489,2017
------,Straftaten insgesamt,13004000,Schwerin,insg.,2003,1262,741,14,8,6,130,80,50,144,88,56,233,150,83,182,123,59,1330,847,483,114,54,60,1444,901,543,2017
------,Straftaten insgesamt,5970040,Siegen,insg.,1819,1081,738,8,5,3,67,47,20,75,52,23,157,104,53,188,114,74,1290,749,541,109,62,47,1399,811,588,2017
------,Straftaten insgesamt,5122000,Solingen,insg.,1938,1071,867,17,10,7,107,67,40,124,77,47,185,98,87,194,115,79,1316,707,609,119,74,45,1435,781,654,2017
------,Straftaten insgesamt,8111000,Stuttgart,insg.,11990,7906,4084,104,64,40,566,299,267,670,363,307,706,422,284,1055,699,356,9052,6136,2916,507,286,221,9559,6422,3137,2017
------,Straftaten insgesamt,7211000,Trier,insg.,2102,1329,773,15,5,10,76,47,29,91,52,39,157,90,67,227,146,81,1523,986,537,104,55,49,1627,1041,586,2017
------,Straftaten insgesamt,8421000,Ulm,insg.,1611,1066,545,13,9,4,75,46,29,88,55,33,132,75,57,171,111,60,1147,786,361,73,39,34,1220,825,395,2017
------,Straftaten insgesamt,6414000,Wiesbaden,insg.,4414,2435,1979,28,13,15,227,127,100,255,140,115,378,217,161,408,247,161,3098,1687,1411,275,144,131,3373,1831,1542,2017
------,Straftaten insgesamt,3103000,Wolfsburg,insg.,1424,901,523,6,4,2,67,41,26,73,45,28,122,83,39,122,82,40,1035,644,391,72,47,25,1107,691,416,2017
------,Straftaten insgesamt,5124000,Wuppertal,insg.,6863,3980,2883,54,30,24,426,259,167,480,289,191,544,309,235,629,363,266,4852,2820,2032,358,199,159,5210,3019,2191,2017
------,Straftaten insgesamt,9663000,W rzburg,insg.,1788,1219,569,8,5,3,73,46,27,81,51,30,149,93,56,232,157,75,1234,865,369,92,53,39,1326,918,408,2017
111000,"Vergewaltigung und sexuelle N tigung/ bergriffe    177 Abs. 1, 2, 3, 4, 6, 7, 8 und 9, 178 StGB",5334002,Aachen,voll.,45,5,40,0,0,0,0,0,0,0,0,0,8,1,7,8,0,8,29,4,25,0,0,0,29,4,25,2017
111000,"Vergewaltigung und sexuelle N tigung/ bergriffe    177 Abs. 1, 2, 3, 4, 6, 7, 8 und 9, 178 StGB",9761000,Augsburg,voll.,37,0,37,0,0,0,3,0,3,3,0,3,9,0,9,5,0,5,19,0,19,1,0,1,20,0,20,2017
111000,"Vergewaltigung und sexuelle N tigung/ bergriffe    177 Abs. 1, 2, 3, 4, 6, 7, 8 und 9, 178 StGB",5378004,Bergisch Gladbach,voll.,14,2,12,0,0,0,0,0,0,0,0,0,3,0,3,5,1,4,6,1,5,0,0,0,6,1,5,2017
111000,"Vergewaltigung und sexuelle N tigung/ bergriffe    177 Abs. 1, 2, 3, 4, 6, 7, 8 und 9, 178 StGB",11000000,Berlin,voll.,895,91,804,1,1,0,12,3,9,13,4,9,165,6,159,119,10,109,588,70,518,10,1,9,598,71,527,2017
111000,"Vergewaltigung und sexuelle N tigung/ bergriffe    177 Abs. 1, 2, 3, 4, 6, 7, 8 und 9, 178 StGB",5711000,Bielefeld,voll.,48,7,41,0,0,0,0,0,0,0,0,0,15,2,13,5,1,4,24,2,22,4,2,2,28,4,24,2017
111000,"Vergewaltigung und sexuelle N tigung/ bergriffe    177 Abs. 1, 2, 3, 4, 6, 7, 8 und 9, 178 StGB",5911000,Bochum,voll.,52,3,49,0,0,0,0,0,0,0,0,0,10,1,9,11,1,10,30,1,29,1,0,1,31,1,30,2017
111000,"Vergewaltigung und sexuelle N tigung/ bergriffe    177 Abs. 1, 2, 3, 4, 6, 7, 8 und 9, 178 StGB",5314000,Bonn,voll.,62,1,61,0,0,0,1,0,1,1,0,1,11,0,11,12,0,12,38,1,37,0,0,0,38,1,37,2017
111000,"Vergewaltigung und sexuelle N tigung/ bergriffe    177 Abs. 1, 2, 3, 4, 6, 7, 8 und 9, 178 StGB",5512000,Bottrop,voll.,11,0,11,0,0,0,0,0,0,0,0,0,1,0,1,5,0,5,5,0,5,0,0,0,5,0,5,2017
111000,"Vergewaltigung und sexuelle N tigung/ bergriffe    177 Abs. 1, 2, 3, 4, 6, 7, 8 und 9, 178 StGB",3101000,Braunschweig,voll.,40,2,38,0,0,0,1,0,1,1,0,1,6,0,6,6,0,6,27,2,25,0,0,0,27,2,25,2017
111000,"Vergewaltigung und sexuelle N tigung/ bergriffe    177 Abs. 1, 2, 3, 4, 6, 7, 8 und 9, 178 StGB",4011000,Bremen,voll.,113,7,106,0,0,0,0,0,0,0,0,0,28,2,26,8,1,7,75,4,71,2,0,2,77,4,73,2017
111000,"Vergewaltigung und sexuelle N tigung/ bergriffe    177 Abs. 1, 2, 3, 4, 6, 7, 8 und 9, 178 StGB",4012000,Bremerhaven,voll.,31,2,29,0,0,0,0,0,0,0,0,0,11,1,10,7,1,6,12,0,12,1,0,1,13,0,13,2017
111000,"Vergewaltigung und sexuelle N tigung/ bergriffe    177 Abs. 1, 2, 3, 4, 6, 7, 8 und 9, 178 StGB",14511000,Chemnitz,voll.,50,5,45,0,0,0,1,1,0,1,1,0,11,1,10,6,0,6,28,3,25,4,0,4,32,3,29,2017
111000,"Vergewaltigung und sexuelle N tigung/ bergriffe    177 Abs. 1, 2, 3, 4, 6, 7, 8 und 9, 178 StGB",12052000,Cottbus,voll.,7,0,7,0,0,0,0,0,0,0,0,0,0,0,0,0,0,0,6,0,6,1,0,1,7,0,7,2017
111000,"Vergewaltigung und sexuelle N tigung/ bergriffe    177 Abs. 1, 2, 3, 4, 6, 7, 8 und 9, 178 StGB",6411000,Darmstadt,voll.,20,0,20,0,0,0,0,0,0,0,0,0,0,0,0,4,0,4,16,0,16,0,0,0,16,0,16,2017
111000,"Vergewaltigung und sexuelle N tigung/ bergriffe    177 Abs. 1, 2, 3, 4, 6, 7, 8 und 9, 178 StGB",5913000,Dortmund,voll.,106,4,102,0,0,0,1,0,1,1,0,1,24,1,23,24,1,23,56,2,54,1,0,1,57,2,55,2017
111000,"Vergewaltigung und sexuelle N tigung/ bergriffe    177 Abs. 1, 2, 3, 4, 6, 7, 8 und 9, 178 StGB",14612000,Dresden,voll.,56,6,50,0,0,0,0,0,0,0,0,0,12,2,10,13,1,12,29,3,26,2,0,2,31,3,28,2017
111000,"Vergewaltigung und sexuelle N tigung/ bergriffe    177 Abs. 1, 2, 3, 4, 6, 7, 8 und 9, 178 StGB",5112000,Duisburg,voll.,36,3,33,0,0,0,1,1,0,1,1,0,6,1,5,2,0,2,27,1,26,0,0,0,27,1,26,2017
111000,"Vergewaltigung und sexuelle N tigung/ bergriffe    177 Abs. 1, 2, 3, 4, 6, 7, 8 und 9, 178 StGB",5111000,D sseldorf,voll.,102,8,94,0,0,0,1,0,1,1,0,1,20,4,16,15,1,14,66,3,63,0,0,0,66,3,63,2017
111000,"Vergewaltigung und sexuelle N tigung/ bergriffe    177 Abs. 1, 2, 3, 4, 6, 7, 8 und 9, 178 StGB",16051000,Erfurt,voll.,51,2,49,0,0,0,1,0,1,1,0,1,13,0,13,7,1,6,26,1,25,4,0,4,30,1,29,2017
111000,"Vergewaltigung und sexuelle N tigung/ bergriffe    177 Abs. 1, 2, 3, 4, 6, 7, 8 und 9, 178 StGB",9562000,Erlangen,voll.,20,4,16,0,0,0,0,0,0,0,0,0,3,1,2,3,0,3,12,2,10,2,1,1,14,3,11,2017
111000,"Vergewaltigung und sexuelle N tigung/ bergriffe    177 Abs. 1, 2, 3, 4, 6, 7, 8 und 9, 178 StGB",5113000,Essen,voll.,77,5,72,0,0,0,0,0,0,0,0,0,22,0,22,18,0,18,37,5,32,0,0,0,37,5,32,2017
111000,"Vergewaltigung und sexuelle N tigung/ bergriffe    177 Abs. 1, 2, 3, 4, 6, 7, 8 und 9, 178 StGB",6412000,Frankfurt am Main,voll.,99,4,95,0,0,0,0,0,0,0,0,0,18,1,17,19,1,18,60,2,58,2,0,2,62,2,60,2017
111000,"Vergewaltigung und sexuelle N tigung/ bergriffe    177 Abs. 1, 2, 3, 4, 6, 7, 8 und 9, 178 StGB",8311000,Freiburg im Breisgau,voll.,32,4,28,0,0,0,0,0,0,0,0,0,6,0,6,6,1,5,20,3,17,0,0,0,20,3,17,2017
111000,"Vergewaltigung und sexuelle N tigung/ bergriffe    177 Abs. 1, 2, 3, 4, 6, 7, 8 und 9, 178 StGB",9563000,F rth,voll.,17,2,15,0,0,0,0,0,0,0,0,0,4,1,3,1,0,1,12,1,11,0,0,0,12,1,11,2017
111000,"Vergewaltigung und sexuelle N tigung/ bergriffe    177 Abs. 1, 2, 3, 4, 6, 7, 8 und 9, 178 StGB",5513000,Gelsenkirchen,voll.,92,3,89,0,0,0,0,0,0,0,0,0,10,1,9,9,0,9,72,2,70,1,0,1,73,2,71,2017
111000,"Vergewaltigung und sexuelle N tigung/ bergriffe    177 Abs. 1, 2, 3, 4, 6, 7, 8 und 9, 178 StGB",3159016,G ttingen,voll.,19,3,16,0,0,0,0,0,0,0,0,0,7,0,7,1,0,1,11,3,8,0,0,0,11,3,8,2017
111000,"Vergewaltigung und sexuelle N tigung/ bergriffe    177 Abs. 1, 2, 3, 4, 6, 7, 8 und 9, 178 StGB",5914000,Hagen,voll.,20,2,18,0,0,0,2,0,2,2,0,2,7,2,5,7,0,7,4,0,4,0,0,0,4,0,4,2017
111000,"Vergewaltigung und sexuelle N tigung/ bergriffe    177 Abs. 1, 2, 3, 4, 6, 7, 8 und 9, 178 StGB",15002000,Halle (Saale),voll.,47,4,43,0,0,0,2,0,2,2,0,2,10,1,9,8,1,7,25,2,23,2,0,2,27,2,25,2017
111000,"Vergewaltigung und sexuelle N tigung/ bergriffe    177 Abs. 1, 2, 3, 4, 6, 7, 8 und 9, 178 StGB",2000000,Hamburg,voll.,217,16,201,0,0,0,4,0,4,4,0,4,55,3,52,32,2,30,122,11,111,4,0,4,126,11,115,2017
111000,"Vergewaltigung und sexuelle N tigung/ bergriffe    177 Abs. 1, 2, 3, 4, 6, 7, 8 und 9, 178 StGB",5915000,Hamm,voll.,25,0,25,0,0,0,0,0,0,0,0,0,7,0,7,3,0,3,15,0,15,0,0,0,15,0,15,2017
111000,"Vergewaltigung und sexuelle N tigung/ bergriffe    177 Abs. 1, 2, 3, 4, 6, 7, 8 und 9, 178 StGB",3241001,Hannover,voll.,87,7,80,0,0,0,1,1,0,1,1,0,17,2,15,16,2,14,51,2,49,2,0,2,53,2,51,2017
111000,"Vergewaltigung und sexuelle N tigung/ bergriffe    177 Abs. 1, 2, 3, 4, 6, 7, 8 und 9, 178 StGB",8221000,Heidelberg,voll.,20,1,19,0,0,0,0,0,0,0,0,0,5,1,4,1,0,1,13,0,13,1,0,1,14,0,14,2017
111000,"Vergewaltigung und sexuelle N tigung/ bergriffe    177 Abs. 1, 2, 3, 4, 6, 7, 8 und 9, 178 StGB",8121000,Heilbronn,voll.,22,0,22,0,0,0,1,0,1,1,0,1,4,0,4,8,0,8,8,0,8,1,0,1,9,0,9,2017
111000,"Vergewaltigung und sexuelle N tigung/ bergriffe    177 Abs. 1, 2, 3, 4, 6, 7, 8 und 9, 178 StGB",5916000,Herne,voll.,36,0,36,0,0,0,1,0,1,1,0,1,14,0,14,8,0,8,12,0,12,1,0,1,13,0,13,2017
111000,"Vergewaltigung und sexuelle N tigung/ bergriffe    177 Abs. 1, 2, 3, 4, 6, 7, 8 und 9, 178 StGB",3254021,Hildesheim,voll.,19,1,18,0,0,0,1,0,1,1,0,1,4,0,4,2,0,2,10,1,9,2,0,2,12,1,11,2017
111000,"Vergewaltigung und sexuelle N tigung/ bergriffe    177 Abs. 1, 2, 3, 4, 6, 7, 8 und 9, 178 StGB",9161000,Ingolstadt,voll.,21,0,21,0,0,0,0,0,0,0,0,0,5,0,5,4,0,4,11,0,11,1,0,1,12,0,12,2017
111000,"Vergewaltigung und sexuelle N tigung/ bergriffe    177 Abs. 1, 2, 3, 4, 6, 7, 8 und 9, 178 StGB",16053000,Jena,voll.,10,0,10,0,0,0,0,0,0,0,0,0,0,0,0,0,0,0,8,0,8,2,0,2,10,0,10,2017
111000,"Vergewaltigung und sexuelle N tigung/ bergriffe    177 Abs. 1, 2, 3, 4, 6, 7, 8 und 9, 178 StGB",8212000,Karlsruhe,voll.,27,1,26,0,0,0,0,0,0,0,0,0,9,0,9,3,1,2,13,0,13,2,0,2,15,0,15,2017
111000,"Vergewaltigung und sexuelle N tigung/ bergriffe    177 Abs. 1, 2, 3, 4, 6, 7, 8 und 9, 178 StGB",6611000,Kassel,voll.,36,3,33,0,0,0,0,0,0,0,0,0,6,0,6,8,0,8,21,3,18,1,0,1,22,3,19,2017
111000,"Vergewaltigung und sexuelle N tigung/ bergriffe    177 Abs. 1, 2, 3, 4, 6, 7, 8 und 9, 178 StGB",1002000,Kiel,voll.,69,9,60,0,0,0,1,1,0,1,1,0,18,2,16,13,1,12,37,5,32,0,0,0,37,5,32,2017
111000,"Vergewaltigung und sexuelle N tigung/ bergriffe    177 Abs. 1, 2, 3, 4, 6, 7, 8 und 9, 178 StGB",7111000,Koblenz,voll.,9,0,9,0,0,0,0,0,0,0,0,0,2,0,2,1,0,1,6,0,6,0,0,0,6,0,6,2017
111000,"Vergewaltigung und sexuelle N tigung/ bergriffe    177 Abs. 1, 2, 3, 4, 6, 7, 8 und 9, 178 StGB",5315000,K ln,voll.,234,14,220,0,0,0,6,1,5,6,1,5,38,2,36,34,5,29,153,6,147,3,0,3,156,6,150,2017
111000,"Vergewaltigung und sexuelle N tigung/ bergriffe    177 Abs. 1, 2, 3, 4, 6, 7, 8 und 9, 178 StGB",5114000,Krefeld,voll.,29,3,26,0,0,0,2,1,1,2,1,1,4,0,4,6,1,5,17,1,16,0,0,0,17,1,16,2017
111000,"Vergewaltigung und sexuelle N tigung/ bergriffe    177 Abs. 1, 2, 3, 4, 6, 7, 8 und 9, 178 StGB",14713000,Leipzig,voll.,108,7,101,0,0,0,3,1,2,3,1,2,29,1,28,12,0,12,62,5,57,2,0,2,64,5,59,2017
111000,"Vergewaltigung und sexuelle N tigung/ bergriffe    177 Abs. 1, 2, 3, 4, 6, 7, 8 und 9, 178 StGB",5316000,Leverkusen,voll.,19,0,19,0,0,0,0,0,0,0,0,0,4,0,4,5,0,5,10,0,10,0,0,0,10,0,10,2017
111000,"Vergewaltigung und sexuelle N tigung/ bergriffe    177 Abs. 1, 2, 3, 4, 6, 7, 8 und 9, 178 StGB",1003000,L beck,voll.,51,0,51,0,0,0,1,0,1,1,0,1,11,0,11,9,0,9,28,0,28,2,0,2,30,0,30,2017
111000,"Vergewaltigung und sexuelle N tigung/ bergriffe    177 Abs. 1, 2, 3, 4, 6, 7, 8 und 9, 178 StGB",7314000,Ludwigshafen am Rhein,voll.,41,3,38,0,0,0,1,0,1,1,0,1,9,0,9,7,1,6,24,2,22,0,0,0,24,2,22,2017
111000,"Vergewaltigung und sexuelle N tigung/ bergriffe    177 Abs. 1, 2, 3, 4, 6, 7, 8 und 9, 178 StGB",15003000,Magdeburg,voll.,42,5,37,0,0,0,1,0,1,1,0,1,15,2,13,6,1,5,20,2,18,0,0,0,20,2,18,2017
111000,"Vergewaltigung und sexuelle N tigung/ bergriffe    177 Abs. 1, 2, 3, 4, 6, 7, 8 und 9, 178 StGB",7315000,Mainz,voll.,33,0,33,0,0,0,1,0,1,1,0,1,4,0,4,2,0,2,24,0,24,2,0,2,26,0,26,2017
111000,"Vergewaltigung und sexuelle N tigung/ bergriffe    177 Abs. 1, 2, 3, 4, 6, 7, 8 und 9, 178 StGB",8222000,Mannheim,voll.,48,2,46,0,0,0,0,0,0,0,0,0,9,0,9,5,2,3,34,0,34,0,0,0,34,0,34,2017
111000,"Vergewaltigung und sexuelle N tigung/ bergriffe    177 Abs. 1, 2, 3, 4, 6, 7, 8 und 9, 178 StGB",5170024,Moers,voll.,9,1,8,0,0,0,0,0,0,0,0,0,2,1,1,3,0,3,3,0,3,1,0,1,4,0,4,2017
111000,"Vergewaltigung und sexuelle N tigung/ bergriffe    177 Abs. 1, 2, 3, 4, 6, 7, 8 und 9, 178 StGB",5116000,M nchengladbach,voll.,37,3,34,0,0,0,0,0,0,0,0,0,12,1,11,5,1,4,20,1,19,0,0,0,20,1,19,2017
111000,"Vergewaltigung und sexuelle N tigung/ bergriffe    177 Abs. 1, 2, 3, 4, 6, 7, 8 und 9, 178 StGB",5117000,M lheim an der Ruhr,voll.,12,0,12,0,0,0,0,0,0,0,0,0,4,0,4,1,0,1,6,0,6,1,0,1,7,0,7,2017
111000,"Vergewaltigung und sexuelle N tigung/ bergriffe    177 Abs. 1, 2, 3, 4, 6, 7, 8 und 9, 178 StGB",9162000,M nchen,voll.,220,17,203,0,0,0,3,0,3,3,0,3,26,3,23,44,6,38,142,8,134,5,0,5,147,8,139,2017
111000,"Vergewaltigung und sexuelle N tigung/ bergriffe    177 Abs. 1, 2, 3, 4, 6, 7, 8 und 9, 178 StGB",5515000,M nster,voll.,57,3,54,0,0,0,1,0,1,1,0,1,13,0,13,7,0,7,35,3,32,1,0,1,36,3,33,2017
111000,"Vergewaltigung und sexuelle N tigung/ bergriffe    177 Abs. 1, 2, 3, 4, 6, 7, 8 und 9, 178 StGB",5162024,Neuss,voll.,13,0,13,0,0,0,1,0,1,1,0,1,3,0,3,2,0,2,7,0,7,0,0,0,7,0,7,2017
111000,"Vergewaltigung und sexuelle N tigung/ bergriffe    177 Abs. 1, 2, 3, 4, 6, 7, 8 und 9, 178 StGB",9564000,N rnberg,voll.,87,8,79,0,0,0,3,1,2,3,1,2,17,0,17,22,4,18,44,3,41,1,0,1,45,3,42,2017
111000,"Vergewaltigung und sexuelle N tigung/ bergriffe    177 Abs. 1, 2, 3, 4, 6, 7, 8 und 9, 178 StGB",5119000,Oberhausen,voll.,22,0,22,0,0,0,0,0,0,0,0,0,8,0,8,5,0,5,9,0,9,0,0,0,9,0,9,2017
111000,"Vergewaltigung und sexuelle N tigung/ bergriffe    177 Abs. 1, 2, 3, 4, 6, 7, 8 und 9, 178 StGB",6413000,Offenbach am Main,voll.,28,1,27,0,0,0,0,0,0,0,0,0,6,0,6,7,0,7,15,1,14,0,0,0,15,1,14,2017
111000,"Vergewaltigung und sexuelle N tigung/ bergriffe    177 Abs. 1, 2, 3, 4, 6, 7, 8 und 9, 178 StGB",3403000,Oldenburg (Oldenburg),voll.,24,1,23,0,0,0,0,0,0,0,0,0,5,0,5,7,0,7,11,1,10,1,0,1,12,1,11,2017
111000,"Vergewaltigung und sexuelle N tigung/ bergriffe    177 Abs. 1, 2, 3, 4, 6, 7, 8 und 9, 178 StGB",3404000,Osnabr ck,voll.,35,3,32,0,0,0,0,0,0,0,0,0,7,1,6,5,0,5,22,2,20,1,0,1,23,2,21,2017
111000,"Vergewaltigung und sexuelle N tigung/ bergriffe    177 Abs. 1, 2, 3, 4, 6, 7, 8 und 9, 178 StGB",5774032,Paderborn,voll.,23,3,20,0,0,0,1,0,1,1,0,1,7,2,5,6,1,5,9,0,9,0,0,0,9,0,9,2017
111000,"Vergewaltigung und sexuelle N tigung/ bergriffe    177 Abs. 1, 2, 3, 4, 6, 7, 8 und 9, 178 StGB",8231000,Pforzheim,voll.,11,1,10,0,0,0,0,0,0,0,0,0,3,1,2,2,0,2,6,0,6,0,0,0,6,0,6,2017
111000,"Vergewaltigung und sexuelle N tigung/ bergriffe    177 Abs. 1, 2, 3, 4, 6, 7, 8 und 9, 178 StGB",12054000,Potsdam,voll.,16,1,15,0,0,0,0,0,0,0,0,0,8,0,8,3,0,3,4,1,3,1,0,1,5,1,4,2017
111000,"Vergewaltigung und sexuelle N tigung/ bergriffe    177 Abs. 1, 2, 3, 4, 6, 7, 8 und 9, 178 StGB",5562032,Recklinghausen,voll.,20,3,17,0,0,0,3,2,1,3,2,1,6,0,6,3,1,2,8,0,8,0,0,0,8,0,8,2017
111000,"Vergewaltigung und sexuelle N tigung/ bergriffe    177 Abs. 1, 2, 3, 4, 6, 7, 8 und 9, 178 StGB",9362000,Regensburg,voll.,20,3,17,0,0,0,0,0,0,0,0,0,3,2,1,1,0,1,15,1,14,1,0,1,16,1,15,2017
111000,"Vergewaltigung und sexuelle N tigung/ bergriffe    177 Abs. 1, 2, 3, 4, 6, 7, 8 und 9, 178 StGB",5120000,Remscheid,voll.,8,0,8,0,0,0,0,0,0,0,0,0,2,0,2,0,0,0,6,0,6,0,0,0,6,0,6,2017
111000,"Vergewaltigung und sexuelle N tigung/ bergriffe    177 Abs. 1, 2, 3, 4, 6, 7, 8 und 9, 178 StGB",8415061,Reutlingen,voll.,13,0,13,0,0,0,0,0,0,0,0,0,2,0,2,2,0,2,9,0,9,0,0,0,9,0,9,2017
111000,"Vergewaltigung und sexuelle N tigung/ bergriffe    177 Abs. 1, 2, 3, 4, 6, 7, 8 und 9, 178 StGB",13003000,Rostock,voll.,30,4,26,0,0,0,1,1,0,1,1,0,6,1,5,3,0,3,19,2,17,1,0,1,20,2,18,2017
111000,"Vergewaltigung und sexuelle N tigung/ bergriffe    177 Abs. 1, 2, 3, 4, 6, 7, 8 und 9, 178 StGB",10041100,Saarbr cken,voll.,20,2,18,0,0,0,0,0,0,0,0,0,6,1,5,6,0,6,8,1,7,0,0,0,8,1,7,2017
111000,"Vergewaltigung und sexuelle N tigung/ bergriffe    177 Abs. 1, 2, 3, 4, 6, 7, 8 und 9, 178 StGB",3102000,Salzgitter,voll.,17,1,16,0,0,0,0,0,0,0,0,0,9,1,8,0,0,0,8,0,8,0,0,0,8,0,8,2017
111000,"Vergewaltigung und sexuelle N tigung/ bergriffe    177 Abs. 1, 2, 3, 4, 6, 7, 8 und 9, 178 StGB",13004000,Schwerin,voll.,19,3,16,0,0,0,0,0,0,0,0,0,7,1,6,4,0,4,7,2,5,1,0,1,8,2,6,2017
111000,"Vergewaltigung und sexuelle N tigung/ bergriffe    177 Abs. 1, 2, 3, 4, 6, 7, 8 und 9, 178 StGB",5970040,Siegen,voll.,9,0,9,0,0,0,0,0,0,0,0,0,4,0,4,0,0,0,5,0,5,0,0,0,5,0,5,2017
111000,"Vergewaltigung und sexuelle N tigung/ bergriffe    177 Abs. 1, 2, 3, 4, 6, 7, 8 und 9, 178 StGB",5122000,Solingen,voll.,23,0,23,0,0,0,1,0,1,1,0,1,7,0,7,1,0,1,14,0,14,0,0,0,14,0,14,2017
111000,"Vergewaltigung und sexuelle N tigung/ bergriffe    177 Abs. 1, 2, 3, 4, 6, 7, 8 und 9, 178 StGB",8111000,Stuttgart,voll.,122,7,115,0,0,0,4,1,3,4,1,3,18,1,17,21,0,21,78,5,73,1,0,1,79,5,74,2017
111000,"Vergewaltigung und sexuelle N tigung/ bergriffe    177 Abs. 1, 2, 3, 4, 6, 7, 8 und 9, 178 StGB",7211000,Trier,voll.,14,0,14,0,0,0,0,0,0,0,0,0,3,0,3,2,0,2,9,0,9,0,0,0,9,0,9,2017
111000,"Vergewaltigung und sexuelle N tigung/ bergriffe    177 Abs. 1, 2, 3, 4, 6, 7, 8 und 9, 178 StGB",8421000,Ulm,voll.,14,1,13,0,0,0,0,0,0,0,0,0,1,0,1,1,0,1,10,0,10,2,1,1,12,1,11,2017
111000,"Vergewaltigung und sexuelle N tigung/ bergriffe    177 Abs. 1, 2, 3, 4, 6, 7, 8 und 9, 178 StGB",6414000,Wiesbaden,voll.,58,3,55,0,0,0,1,0,1,1,0,1,10,2,8,13,0,13,34,1,33,0,0,0,34,1,33,2017
111000,"Vergewaltigung und sexuelle N tigung/ bergriffe    177 Abs. 1, 2, 3, 4, 6, 7, 8 und 9, 178 StGB",3103000,Wolfsburg,voll.,8,0,8,0,0,0,0,0,0,0,0,0,3,0,3,2,0,2,3,0,3,0,0,0,3,0,3,2017
111000,"Vergewaltigung und sexuelle N tigung/ bergriffe    177 Abs. 1, 2, 3, 4, 6, 7, 8 und 9, 178 StGB",5124000,Wuppertal,voll.,45,4,41,0,0,0,3,0,3,3,0,3,8,1,7,9,1,8,24,2,22,1,0,1,25,2,23,2017
111000,"Vergewaltigung und sexuelle N tigung/ bergriffe    177 Abs. 1, 2, 3, 4, 6, 7, 8 und 9, 178 StGB",9663000,W rzburg,voll.,24,3,21,0,0,0,0,0,0,0,0,0,10,2,8,4,1,3,10,0,10,0,0,0,10,0,10,2017
111000,"Vergewaltigung und sexuelle N tigung/ bergriffe    177 Abs. 1, 2, 3, 4, 6, 7, 8 und 9, 178 StGB",5334002,Aachen,vers.,11,0,11,0,0,0,1,0,1,1,0,1,0,0,0,3,0,3,7,0,7,0,0,0,7,0,7,2017
111000,"Vergewaltigung und sexuelle N tigung/ bergriffe    177 Abs. 1, 2, 3, 4, 6, 7, 8 und 9, 178 StGB",9761000,Augsburg,vers.,11,2,9,0,0,0,1,1,0,1,1,0,3,1,2,0,0,0,6,0,6,1,0,1,7,0,7,2017
111000,"Vergewaltigung und sexuelle N tigung/ bergriffe    177 Abs. 1, 2, 3, 4, 6, 7, 8 und 9, 178 StGB",5378004,Bergisch Gladbach,vers.,0,0,0,0,0,0,0,0,0,0,0,0,0,0,0,0,0,0,0,0,0,0,0,0,0,0,0,2017
111000,"Vergewaltigung und sexuelle N tigung/ bergriffe    177 Abs. 1, 2, 3, 4, 6, 7, 8 und 9, 178 StGB",11000000,Berlin,vers.,115,8,107,0,0,0,1,0,1,1,0,1,13,0,13,17,3,14,80,5,75,4,0,4,84,5,79,2017
111000,"Vergewaltigung und sexuelle N tigung/ bergriffe    177 Abs. 1, 2, 3, 4, 6, 7, 8 und 9, 178 StGB",5711000,Bielefeld,vers.,6,0,6,0,0,0,0,0,0,0,0,0,2,0,2,0,0,0,3,0,3,1,0,1,4,0,4,2017
111000,"Vergewaltigung und sexuelle N tigung/ bergriffe    177 Abs. 1, 2, 3, 4, 6, 7, 8 und 9, 178 StGB",5911000,Bochum,vers.,5,1,4,0,0,0,0,0,0,0,0,0,1,1,0,0,0,0,3,0,3,1,0,1,4,0,4,2017
111000,"Vergewaltigung und sexuelle N tigung/ bergriffe    177 Abs. 1, 2, 3, 4, 6, 7, 8 und 9, 178 StGB",5314000,Bonn,vers.,13,1,12,0,0,0,0,0,0,0,0,0,3,1,2,0,0,0,10,0,10,0,0,0,10,0,10,2017
111000,"Vergewaltigung und sexuelle N tigung/ bergriffe    177 Abs. 1, 2, 3, 4, 6, 7, 8 und 9, 178 StGB",5512000,Bottrop,vers.,3,0,3,0,0,0,0,0,0,0,0,0,0,0,0,1,0,1,2,0,2,0,0,0,2,0,2,2017
111000,"Vergewaltigung und sexuelle N tigung/ bergriffe    177 Abs. 1, 2, 3, 4, 6, 7, 8 und 9, 178 StGB",3101000,Braunschweig,vers.,4,0,4,0,0,0,0,0,0,0,0,0,1,0,1,0,0,0,3,0,3,0,0,0,3,0,3,2017
111000,"Vergewaltigung und sexuelle N tigung/ bergriffe    177 Abs. 1, 2, 3, 4, 6, 7, 8 und 9, 178 StGB",4011000,Bremen,vers.,16,2,14,0,0,0,0,0,0,0,0,0,3,0,3,4,2,2,8,0,8,1,0,1,9,0,9,2017
111000,"Vergewaltigung und sexuelle N tigung/ bergriffe    177 Abs. 1, 2, 3, 4, 6, 7, 8 und 9, 178 StGB",4012000,Bremerhaven,vers.,2,0,2,0,0,0,0,0,0,0,0,0,1,0,1,0,0,0,1,0,1,0,0,0,1,0,1,2017
111000,"Vergewaltigung und sexuelle N tigung/ bergriffe    177 Abs. 1, 2, 3, 4, 6, 7, 8 und 9, 178 StGB",14511000,Chemnitz,vers.,0,0,0,0,0,0,0,0,0,0,0,0,0,0,0,0,0,0,0,0,0,0,0,0,0,0,0,2017
111000,"Vergewaltigung und sexuelle N tigung/ bergriffe    177 Abs. 1, 2, 3, 4, 6, 7, 8 und 9, 178 StGB",12052000,Cottbus,vers.,0,0,0,0,0,0,0,0,0,0,0,0,0,0,0,0,0,0,0,0,0,0,0,0,0,0,0,2017
111000,"Vergewaltigung und sexuelle N tigung/ bergriffe    177 Abs. 1, 2, 3, 4, 6, 7, 8 und 9, 178 StGB",6411000,Darmstadt,vers.,4,0,4,0,0,0,0,0,0,0,0,0,1,0,1,0,0,0,2,0,2,1,0,1,3,0,3,2017
111000,"Vergewaltigung und sexuelle N tigung/ bergriffe    177 Abs. 1, 2, 3, 4, 6, 7, 8 und 9, 178 StGB",5913000,Dortmund,vers.,22,1,21,0,0,0,1,0,1,1,0,1,6,0,6,3,0,3,12,1,11,0,0,0,12,1,11,2017
111000,"Vergewaltigung und sexuelle N tigung/ bergriffe    177 Abs. 1, 2, 3, 4, 6, 7, 8 und 9, 178 StGB",14612000,Dresden,vers.,16,1,15,0,0,0,0,0,0,0,0,0,2,0,2,0,0,0,12,0,12,2,1,1,14,1,13,2017
111000,"Vergewaltigung und sexuelle N tigung/ bergriffe    177 Abs. 1, 2, 3, 4, 6, 7, 8 und 9, 178 StGB",5112000,Duisburg,vers.,10,0,10,0,0,0,0,0,0,0,0,0,0,0,0,4,0,4,6,0,6,0,0,0,6,0,6,2017
111000,"Vergewaltigung und sexuelle N tigung/ bergriffe    177 Abs. 1, 2, 3, 4, 6, 7, 8 und 9, 178 StGB",5111000,D sseldorf,vers.,20,0,20,0,0,0,0,0,0,0,0,0,2,0,2,1,0,1,17,0,17,0,0,0,17,0,17,2017
111000,"Vergewaltigung und sexuelle N tigung/ bergriffe    177 Abs. 1, 2, 3, 4, 6, 7, 8 und 9, 178 StGB",16051000,Erfurt,vers.,3,1,2,0,0,0,0,0,0,0,0,0,1,0,1,1,0,1,1,1,0,0,0,0,1,1,0,2017
111000,"Vergewaltigung und sexuelle N tigung/ bergriffe    177 Abs. 1, 2, 3, 4, 6, 7, 8 und 9, 178 StGB",9562000,Erlangen,vers.,2,0,2,0,0,0,0,0,0,0,0,0,1,0,1,0,0,0,1,0,1,0,0,0,1,0,1,2017
111000,"Vergewaltigung und sexuelle N tigung/ bergriffe    177 Abs. 1, 2, 3, 4, 6, 7, 8 und 9, 178 StGB",5113000,Essen,vers.,24,0,24,0,0,0,1,0,1,1,0,1,7,0,7,1,0,1,14,0,14,1,0,1,15,0,15,2017
111000,"Vergewaltigung und sexuelle N tigung/ bergriffe    177 Abs. 1, 2, 3, 4, 6, 7, 8 und 9, 178 StGB",6412000,Frankfurt am Main,vers.,21,1,20,0,0,0,1,1,0,1,1,0,4,0,4,0,0,0,16,0,16,0,0,0,16,0,16,2017
111000,"Vergewaltigung und sexuelle N tigung/ bergriffe    177 Abs. 1, 2, 3, 4, 6, 7, 8 und 9, 178 StGB",8311000,Freiburg im Breisgau,vers.,4,0,4,0,0,0,1,0,1,1,0,1,0,0,0,0,0,0,3,0,3,0,0,0,3,0,3,2017
111000,"Vergewaltigung und sexuelle N tigung/ bergriffe    177 Abs. 1, 2, 3, 4, 6, 7, 8 und 9, 178 StGB",9563000,F rth,vers.,2,0,2,0,0,0,0,0,0,0,0,0,0,0,0,0,0,0,2,0,2,0,0,0,2,0,2,2017
111000,"Vergewaltigung und sexuelle N tigung/ bergriffe    177 Abs. 1, 2, 3, 4, 6, 7, 8 und 9, 178 StGB",5513000,Gelsenkirchen,vers.,11,0,11,0,0,0,0,0,0,0,0,0,3,0,3,1,0,1,6,0,6,1,0,1,7,0,7,2017
111000,"Vergewaltigung und sexuelle N tigung/ bergriffe    177 Abs. 1, 2, 3, 4, 6, 7, 8 und 9, 178 StGB",3159016,G ttingen,vers.,5,0,5,0,0,0,0,0,0,0,0,0,0,0,0,2,0,2,3,0,3,0,0,0,3,0,3,2017
111000,"Vergewaltigung und sexuelle N tigung/ bergriffe    177 Abs. 1, 2, 3, 4, 6, 7, 8 und 9, 178 StGB",5914000,Hagen,vers.,3,0,3,0,0,0,0,0,0,0,0,0,0,0,0,2,0,2,1,0,1,0,0,0,1,0,1,2017
111000,"Vergewaltigung und sexuelle N tigung/ bergriffe    177 Abs. 1, 2, 3, 4, 6, 7, 8 und 9, 178 StGB",15002000,Halle (Saale),vers.,9,0,9,0,0,0,0,0,0,0,0,0,2,0,2,0,0,0,6,0,6,1,0,1,7,0,7,2017
111000,"Vergewaltigung und sexuelle N tigung/ bergriffe    177 Abs. 1, 2, 3, 4, 6, 7, 8 und 9, 178 StGB",2000000,Hamburg,vers.,39,2,37,0,0,0,0,0,0,0,0,0,3,0,3,11,1,10,25,1,24,0,0,0,25,1,24,2017
111000,"Vergewaltigung und sexuelle N tigung/ bergriffe    177 Abs. 1, 2, 3, 4, 6, 7, 8 und 9, 178 StGB",5915000,Hamm,vers.,3,1,2,0,0,0,0,0,0,0,0,0,0,0,0,1,1,0,2,0,2,0,0,0,2,0,2,2017
111000,"Vergewaltigung und sexuelle N tigung/ bergriffe    177 Abs. 1, 2, 3, 4, 6, 7, 8 und 9, 178 StGB",3241001,Hannover,vers.,10,1,9,0,0,0,0,0,0,0,0,0,2,1,1,1,0,1,7,0,7,0,0,0,7,0,7,2017
111000,"Vergewaltigung und sexuelle N tigung/ bergriffe    177 Abs. 1, 2, 3, 4, 6, 7, 8 und 9, 178 StGB",8221000,Heidelberg,vers.,4,0,4,0,0,0,0,0,0,0,0,0,1,0,1,0,0,0,2,0,2,1,0,1,3,0,3,2017
111000,"Vergewaltigung und sexuelle N tigung/ bergriffe    177 Abs. 1, 2, 3, 4, 6, 7, 8 und 9, 178 StGB",8121000,Heilbronn,vers.,2,0,2,0,0,0,0,0,0,0,0,0,0,0,0,0,0,0,2,0,2,0,0,0,2,0,2,2017
111000,"Vergewaltigung und sexuelle N tigung/ bergriffe    177 Abs. 1, 2, 3, 4, 6, 7, 8 und 9, 178 StGB",5916000,Herne,vers.,3,1,2,0,0,0,0,0,0,0,0,0,1,0,1,0,0,0,2,1,1,0,0,0,2,1,1,2017
111000,"Vergewaltigung und sexuelle N tigung/ bergriffe    177 Abs. 1, 2, 3, 4, 6, 7, 8 und 9, 178 StGB",3254021,Hildesheim,vers.,1,0,1,0,0,0,0,0,0,0,0,0,0,0,0,0,0,0,1,0,1,0,0,0,1,0,1,2017
111000,"Vergewaltigung und sexuelle N tigung/ bergriffe    177 Abs. 1, 2, 3, 4, 6, 7, 8 und 9, 178 StGB",9161000,Ingolstadt,vers.,4,0,4,0,0,0,0,0,0,0,0,0,2,0,2,0,0,0,2,0,2,0,0,0,2,0,2,2017
111000,"Vergewaltigung und sexuelle N tigung/ bergriffe    177 Abs. 1, 2, 3, 4, 6, 7, 8 und 9, 178 StGB",16053000,Jena,vers.,1,0,1,0,0,0,0,0,0,0,0,0,0,0,0,0,0,0,0,0,0,1,0,1,1,0,1,2017
111000,"Vergewaltigung und sexuelle N tigung/ bergriffe    177 Abs. 1, 2, 3, 4, 6, 7, 8 und 9, 178 StGB",8212000,Karlsruhe,vers.,3,0,3,0,0,0,0,0,0,0,0,0,2,0,2,0,0,0,1,0,1,0,0,0,1,0,1,2017
111000,"Vergewaltigung und sexuelle N tigung/ bergriffe    177 Abs. 1, 2, 3, 4, 6, 7, 8 und 9, 178 StGB",6611000,Kassel,vers.,5,1,4,0,0,0,0,0,0,0,0,0,1,1,0,1,0,1,3,0,3,0,0,0,3,0,3,2017
111000,"Vergewaltigung und sexuelle N tigung/ bergriffe    177 Abs. 1, 2, 3, 4, 6, 7, 8 und 9, 178 StGB",1002000,Kiel,vers.,7,0,7,0,0,0,0,0,0,0,0,0,0,0,0,1,0,1,6,0,6,0,0,0,6,0,6,2017
111000,"Vergewaltigung und sexuelle N tigung/ bergriffe    177 Abs. 1, 2, 3, 4, 6, 7, 8 und 9, 178 StGB",7111000,Koblenz,vers.,1,0,1,0,0,0,0,0,0,0,0,0,0,0,0,1,0,1,0,0,0,0,0,0,0,0,0,2017
111000,"Vergewaltigung und sexuelle N tigung/ bergriffe    177 Abs. 1, 2, 3, 4, 6, 7, 8 und 9, 178 StGB",5315000,K ln,vers.,29,2,27,0,0,0,0,0,0,0,0,0,5,1,4,5,0,5,19,1,18,0,0,0,19,1,18,2017
111000,"Vergewaltigung und sexuelle N tigung/ bergriffe    177 Abs. 1, 2, 3, 4, 6, 7, 8 und 9, 178 StGB",5114000,Krefeld,vers.,1,0,1,0,0,0,0,0,0,0,0,0,0,0,0,0,0,0,1,0,1,0,0,0,1,0,1,2017
111000,"Vergewaltigung und sexuelle N tigung/ bergriffe    177 Abs. 1, 2, 3, 4, 6, 7, 8 und 9, 178 StGB",14713000,Leipzig,vers.,8,0,8,0,0,0,0,0,0,0,0,0,0,0,0,2,0,2,6,0,6,0,0,0,6,0,6,2017
111000,"Vergewaltigung und sexuelle N tigung/ bergriffe    177 Abs. 1, 2, 3, 4, 6, 7, 8 und 9, 178 StGB",5316000,Leverkusen,vers.,3,0,3,0,0,0,0,0,0,0,0,0,1,0,1,0,0,0,2,0,2,0,0,0,2,0,2,2017
111000,"Vergewaltigung und sexuelle N tigung/ bergriffe    177 Abs. 1, 2, 3, 4, 6, 7, 8 und 9, 178 StGB",1003000,L beck,vers.,5,0,5,0,0,0,0,0,0,0,0,0,2,0,2,2,0,2,1,0,1,0,0,0,1,0,1,2017
111000,"Vergewaltigung und sexuelle N tigung/ bergriffe    177 Abs. 1, 2, 3, 4, 6, 7, 8 und 9, 178 StGB",7314000,Ludwigshafen am Rhein,vers.,7,0,7,0,0,0,0,0,0,0,0,0,1,0,1,1,0,1,5,0,5,0,0,0,5,0,5,2017
111000,"Vergewaltigung und sexuelle N tigung/ bergriffe    177 Abs. 1, 2, 3, 4, 6, 7, 8 und 9, 178 StGB",15003000,Magdeburg,vers.,5,0,5,0,0,0,0,0,0,0,0,0,1,0,1,1,0,1,2,0,2,1,0,1,3,0,3,2017
111000,"Vergewaltigung und sexuelle N tigung/ bergriffe    177 Abs. 1, 2, 3, 4, 6, 7, 8 und 9, 178 StGB",7315000,Mainz,vers.,0,0,0,0,0,0,0,0,0,0,0,0,0,0,0,0,0,0,0,0,0,0,0,0,0,0,0,2017
111000,"Vergewaltigung und sexuelle N tigung/ bergriffe    177 Abs. 1, 2, 3, 4, 6, 7, 8 und 9, 178 StGB",8222000,Mannheim,vers.,2,0,2,0,0,0,0,0,0,0,0,0,0,0,0,0,0,0,2,0,2,0,0,0,2,0,2,2017
111000,"Vergewaltigung und sexuelle N tigung/ bergriffe    177 Abs. 1, 2, 3, 4, 6, 7, 8 und 9, 178 StGB",5170024,Moers,vers.,1,1,0,0,0,0,0,0,0,0,0,0,1,1,0,0,0,0,0,0,0,0,0,0,0,0,0,2017
111000,"Vergewaltigung und sexuelle N tigung/ bergriffe    177 Abs. 1, 2, 3, 4, 6, 7, 8 und 9, 178 StGB",5116000,M nchengladbach,vers.,6,0,6,0,0,0,0,0,0,0,0,0,0,0,0,2,0,2,4,0,4,0,0,0,4,0,4,2017
111000,"Vergewaltigung und sexuelle N tigung/ bergriffe    177 Abs. 1, 2, 3, 4, 6, 7, 8 und 9, 178 StGB",5117000,M lheim an der Ruhr,vers.,7,0,7,0,0,0,0,0,0,0,0,0,2,0,2,0,0,0,5,0,5,0,0,0,5,0,5,2017
111000,"Vergewaltigung und sexuelle N tigung/ bergriffe    177 Abs. 1, 2, 3, 4, 6, 7, 8 und 9, 178 StGB",9162000,M nchen,vers.,43,1,42,0,0,0,0,0,0,0,0,0,9,1,8,6,0,6,26,0,26,2,0,2,28,0,28,2017
111000,"Vergewaltigung und sexuelle N tigung/ bergriffe    177 Abs. 1, 2, 3, 4, 6, 7, 8 und 9, 178 StGB",5515000,M nster,vers.,9,0,9,0,0,0,0,0,0,0,0,0,0,0,0,3,0,3,5,0,5,1,0,1,6,0,6,2017
111000,"Vergewaltigung und sexuelle N tigung/ bergriffe    177 Abs. 1, 2, 3, 4, 6, 7, 8 und 9, 178 StGB",5162024,Neuss,vers.,3,0,3,0,0,0,0,0,0,0,0,0,1,0,1,0,0,0,2,0,2,0,0,0,2,0,2,2017
111000,"Vergewaltigung und sexuelle N tigung/ bergriffe    177 Abs. 1, 2, 3, 4, 6, 7, 8 und 9, 178 StGB",9564000,N rnberg,vers.,13,1,12,0,0,0,0,0,0,0,0,0,2,0,2,3,0,3,8,1,7,0,0,0,8,1,7,2017
111000,"Vergewaltigung und sexuelle N tigung/ bergriffe    177 Abs. 1, 2, 3, 4, 6, 7, 8 und 9, 178 StGB",5119000,Oberhausen,vers.,2,0,2,0,0,0,0,0,0,0,0,0,0,0,0,1,0,1,1,0,1,0,0,0,1,0,1,2017
111000,"Vergewaltigung und sexuelle N tigung/ bergriffe    177 Abs. 1, 2, 3, 4, 6, 7, 8 und 9, 178 StGB",6413000,Offenbach am Main,vers.,4,0,4,0,0,0,0,0,0,0,0,0,1,0,1,0,0,0,2,0,2,1,0,1,3,0,3,2017
111000,"Vergewaltigung und sexuelle N tigung/ bergriffe    177 Abs. 1, 2, 3, 4, 6, 7, 8 und 9, 178 StGB",3403000,Oldenburg (Oldenburg),vers.,2,0,2,0,0,0,0,0,0,0,0,0,0,0,0,0,0,0,2,0,2,0,0,0,2,0,2,2017
111000,"Vergewaltigung und sexuelle N tigung/ bergriffe    177 Abs. 1, 2, 3, 4, 6, 7, 8 und 9, 178 StGB",3404000,Osnabr ck,vers.,3,1,2,0,0,0,0,0,0,0,0,0,3,1,2,0,0,0,0,0,0,0,0,0,0,0,0,2017
111000,"Vergewaltigung und sexuelle N tigung/ bergriffe    177 Abs. 1, 2, 3, 4, 6, 7, 8 und 9, 178 StGB",5774032,Paderborn,vers.,4,0,4,0,0,0,0,0,0,0,0,0,0,0,0,1,0,1,3,0,3,0,0,0,3,0,3,2017
111000,"Vergewaltigung und sexuelle N tigung/ bergriffe    177 Abs. 1, 2, 3, 4, 6, 7, 8 und 9, 178 StGB",8231000,Pforzheim,vers.,1,0,1,0,0,0,0,0,0,0,0,0,0,0,0,0,0,0,1,0,1,0,0,0,1,0,1,2017
111000,"Vergewaltigung und sexuelle N tigung/ bergriffe    177 Abs. 1, 2, 3, 4, 6, 7, 8 und 9, 178 StGB",12054000,Potsdam,vers.,7,0,7,0,0,0,0,0,0,0,0,0,1,0,1,0,0,0,6,0,6,0,0,0,6,0,6,2017
111000,"Vergewaltigung und sexuelle N tigung/ bergriffe    177 Abs. 1, 2, 3, 4, 6, 7, 8 und 9, 178 StGB",5562032,Recklinghausen,vers.,4,1,3,0,0,0,0,0,0,0,0,0,0,0,0,0,0,0,4,1,3,0,0,0,4,1,3,2017
111000,"Vergewaltigung und sexuelle N tigung/ bergriffe    177 Abs. 1, 2, 3, 4, 6, 7, 8 und 9, 178 StGB",9362000,Regensburg,vers.,2,0,2,0,0,0,0,0,0,0,0,0,1,0,1,1,0,1,0,0,0,0,0,0,0,0,0,2017
111000,"Vergewaltigung und sexuelle N tigung/ bergriffe    177 Abs. 1, 2, 3, 4, 6, 7, 8 und 9, 178 StGB",5120000,Remscheid,vers.,0,0,0,0,0,0,0,0,0,0,0,0,0,0,0,0,0,0,0,0,0,0,0,0,0,0,0,2017
111000,"Vergewaltigung und sexuelle N tigung/ bergriffe    177 Abs. 1, 2, 3, 4, 6, 7, 8 und 9, 178 StGB",8415061,Reutlingen,vers.,1,0,1,0,0,0,0,0,0,0,0,0,0,0,0,0,0,0,1,0,1,0,0,0,1,0,1,2017
111000,"Vergewaltigung und sexuelle N tigung/ bergriffe    177 Abs. 1, 2, 3, 4, 6, 7, 8 und 9, 178 StGB",13003000,Rostock,vers.,5,1,4,0,0,0,0,0,0,0,0,0,1,0,1,0,0,0,3,1,2,1,0,1,4,1,3,2017
111000,"Vergewaltigung und sexuelle N tigung/ bergriffe    177 Abs. 1, 2, 3, 4, 6, 7, 8 und 9, 178 StGB",10041100,Saarbr cken,vers.,5,0,5,0,0,0,0,0,0,0,0,0,0,0,0,0,0,0,5,0,5,0,0,0,5,0,5,2017
111000,"Vergewaltigung und sexuelle N tigung/ bergriffe    177 Abs. 1, 2, 3, 4, 6, 7, 8 und 9, 178 StGB",3102000,Salzgitter,vers.,2,1,1,0,0,0,0,0,0,0,0,0,1,1,0,0,0,0,1,0,1,0,0,0,1,0,1,2017
111000,"Vergewaltigung und sexuelle N tigung/ bergriffe    177 Abs. 1, 2, 3, 4, 6, 7, 8 und 9, 178 StGB",13004000,Schwerin,vers.,4,0,4,0,0,0,0,0,0,0,0,0,1,0,1,1,0,1,2,0,2,0,0,0,2,0,2,2017
111000,"Vergewaltigung und sexuelle N tigung/ bergriffe    177 Abs. 1, 2, 3, 4, 6, 7, 8 und 9, 178 StGB",5970040,Siegen,vers.,3,0,3,0,0,0,0,0,0,0,0,0,0,0,0,1,0,1,2,0,2,0,0,0,2,0,2,2017
111000,"Vergewaltigung und sexuelle N tigung/ bergriffe    177 Abs. 1, 2, 3, 4, 6, 7, 8 und 9, 178 StGB",5122000,Solingen,vers.,1,0,1,0,0,0,0,0,0,0,0,0,0,0,0,0,0,0,1,0,1,0,0,0,1,0,1,2017
111000,"Vergewaltigung und sexuelle N tigung/ bergriffe    177 Abs. 1, 2, 3, 4, 6, 7, 8 und 9, 178 StGB",8111000,Stuttgart,vers.,19,0,19,0,0,0,0,0,0,0,0,0,1,0,1,2,0,2,16,0,16,0,0,0,16,0,16,2017
111000,"Vergewaltigung und sexuelle N tigung/ bergriffe    177 Abs. 1, 2, 3, 4, 6, 7, 8 und 9, 178 StGB",7211000,Trier,vers.,2,0,2,0,0,0,0,0,0,0,0,0,0,0,0,1,0,1,1,0,1,0,0,0,1,0,1,2017
111000,"Vergewaltigung und sexuelle N tigung/ bergriffe    177 Abs. 1, 2, 3, 4, 6, 7, 8 und 9, 178 StGB",8421000,Ulm,vers.,0,0,0,0,0,0,0,0,0,0,0,0,0,0,0,0,0,0,0,0,0,0,0,0,0,0,0,2017
111000,"Vergewaltigung und sexuelle N tigung/ bergriffe    177 Abs. 1, 2, 3, 4, 6, 7, 8 und 9, 178 StGB",6414000,Wiesbaden,vers.,11,1,10,0,0,0,0,0,0,0,0,0,2,0,2,2,0,2,7,1,6,0,0,0,7,1,6,2017
111000,"Vergewaltigung und sexuelle N tigung/ bergriffe    177 Abs. 1, 2, 3, 4, 6, 7, 8 und 9, 178 StGB",3103000,Wolfsburg,vers.,1,0,1,0,0,0,0,0,0,0,0,0,0,0,0,0,0,0,1,0,1,0,0,0,1,0,1,2017
111000,"Vergewaltigung und sexuelle N tigung/ bergriffe    177 Abs. 1, 2, 3, 4, 6, 7, 8 und 9, 178 StGB",5124000,Wuppertal,vers.,9,1,8,0,0,0,1,1,0,1,1,0,3,0,3,1,0,1,4,0,4,0,0,0,4,0,4,2017
111000,"Vergewaltigung und sexuelle N tigung/ bergriffe    177 Abs. 1, 2, 3, 4, 6, 7, 8 und 9, 178 StGB",9663000,W rzburg,vers.,4,0,4,0,0,0,0,0,0,0,0,0,0,0,0,1,0,1,3,0,3,0,0,0,3,0,3,2017
111000,"Vergewaltigung und sexuelle N tigung/ bergriffe    177 Abs. 1, 2, 3, 4, 6, 7, 8 und 9, 178 StGB",5334002,Aachen,insg.,56,5,51,0,0,0,1,0,1,1,0,1,8,1,7,11,0,11,36,4,32,0,0,0,36,4,32,2017
111000,"Vergewaltigung und sexuelle N tigung/ bergriffe    177 Abs. 1, 2, 3, 4, 6, 7, 8 und 9, 178 StGB",9761000,Augsburg,insg.,48,2,46,0,0,0,4,1,3,4,1,3,12,1,11,5,0,5,25,0,25,2,0,2,27,0,27,2017
111000,"Vergewaltigung und sexuelle N tigung/ bergriffe    177 Abs. 1, 2, 3, 4, 6, 7, 8 und 9, 178 StGB",5378004,Bergisch Gladbach,insg.,14,2,12,0,0,0,0,0,0,0,0,0,3,0,3,5,1,4,6,1,5,0,0,0,6,1,5,2017
111000,"Vergewaltigung und sexuelle N tigung/ bergriffe    177 Abs. 1, 2, 3, 4, 6, 7, 8 und 9, 178 StGB",11000000,Berlin,insg.,1010,99,911,1,1,0,13,3,10,14,4,10,178,6,172,136,13,123,668,75,593,14,1,13,682,76,606,2017
111000,"Vergewaltigung und sexuelle N tigung/ bergriffe    177 Abs. 1, 2, 3, 4, 6, 7, 8 und 9, 178 StGB",5711000,Bielefeld,insg.,54,7,47,0,0,0,0,0,0,0,0,0,17,2,15,5,1,4,27,2,25,5,2,3,32,4,28,2017
111000,"Vergewaltigung und sexuelle N tigung/ bergriffe    177 Abs. 1, 2, 3, 4, 6, 7, 8 und 9, 178 StGB",5911000,Bochum,insg.,57,4,53,0,0,0,0,0,0,0,0,0,11,2,9,11,1,10,33,1,32,2,0,2,35,1,34,2017
111000,"Vergewaltigung und sexuelle N tigung/ bergriffe    177 Abs. 1, 2, 3, 4, 6, 7, 8 und 9, 178 StGB",5314000,Bonn,insg.,75,2,73,0,0,0,1,0,1,1,0,1,14,1,13,12,0,12,48,1,47,0,0,0,48,1,47,2017
111000,"Vergewaltigung und sexuelle N tigung/ bergriffe    177 Abs. 1, 2, 3, 4, 6, 7, 8 und 9, 178 StGB",5512000,Bottrop,insg.,14,0,14,0,0,0,0,0,0,0,0,0,1,0,1,6,0,6,7,0,7,0,0,0,7,0,7,2017
111000,"Vergewaltigung und sexuelle N tigung/ bergriffe    177 Abs. 1, 2, 3, 4, 6, 7, 8 und 9, 178 StGB",3101000,Braunschweig,insg.,44,2,42,0,0,0,1,0,1,1,0,1,7,0,7,6,0,6,30,2,28,0,0,0,30,2,28,2017
111000,"Vergewaltigung und sexuelle N tigung/ bergriffe    177 Abs. 1, 2, 3, 4, 6, 7, 8 und 9, 178 StGB",4011000,Bremen,insg.,129,9,120,0,0,0,0,0,0,0,0,0,31,2,29,12,3,9,83,4,79,3,0,3,86,4,82,2017
111000,"Vergewaltigung und sexuelle N tigung/ bergriffe    177 Abs. 1, 2, 3, 4, 6, 7, 8 und 9, 178 StGB",4012000,Bremerhaven,insg.,33,2,31,0,0,0,0,0,0,0,0,0,12,1,11,7,1,6,13,0,13,1,0,1,14,0,14,2017
111000,"Vergewaltigung und sexuelle N tigung/ bergriffe    177 Abs. 1, 2, 3, 4, 6, 7, 8 und 9, 178 StGB",14511000,Chemnitz,insg.,50,5,45,0,0,0,1,1,0,1,1,0,11,1,10,6,0,6,28,3,25,4,0,4,32,3,29,2017
111000,"Vergewaltigung und sexuelle N tigung/ bergriffe    177 Abs. 1, 2, 3, 4, 6, 7, 8 und 9, 178 StGB",12052000,Cottbus,insg.,7,0,7,0,0,0,0,0,0,0,0,0,0,0,0,0,0,0,6,0,6,1,0,1,7,0,7,2017
111000,"Vergewaltigung und sexuelle N tigung/ bergriffe    177 Abs. 1, 2, 3, 4, 6, 7, 8 und 9, 178 StGB",6411000,Darmstadt,insg.,24,0,24,0,0,0,0,0,0,0,0,0,1,0,1,4,0,4,18,0,18,1,0,1,19,0,19,2017
111000,"Vergewaltigung und sexuelle N tigung/ bergriffe    177 Abs. 1, 2, 3, 4, 6, 7, 8 und 9, 178 StGB",5913000,Dortmund,insg.,128,5,123,0,0,0,2,0,2,2,0,2,30,1,29,27,1,26,68,3,65,1,0,1,69,3,66,2017
111000,"Vergewaltigung und sexuelle N tigung/ bergriffe    177 Abs. 1, 2, 3, 4, 6, 7, 8 und 9, 178 StGB",14612000,Dresden,insg.,72,7,65,0,0,0,0,0,0,0,0,0,14,2,12,13,1,12,41,3,38,4,1,3,45,4,41,2017
111000,"Vergewaltigung und sexuelle N tigung/ bergriffe    177 Abs. 1, 2, 3, 4, 6, 7, 8 und 9, 178 StGB",5112000,Duisburg,insg.,46,3,43,0,0,0,1,1,0,1,1,0,6,1,5,6,0,6,33,1,32,0,0,0,33,1,32,2017
111000,"Vergewaltigung und sexuelle N tigung/ bergriffe    177 Abs. 1, 2, 3, 4, 6, 7, 8 und 9, 178 StGB",5111000,D sseldorf,insg.,122,8,114,0,0,0,1,0,1,1,0,1,22,4,18,16,1,15,83,3,80,0,0,0,83,3,80,2017
111000,"Vergewaltigung und sexuelle N tigung/ bergriffe    177 Abs. 1, 2, 3, 4, 6, 7, 8 und 9, 178 StGB",16051000,Erfurt,insg.,54,3,51,0,0,0,1,0,1,1,0,1,14,0,14,8,1,7,27,2,25,4,0,4,31,2,29,2017
111000,"Vergewaltigung und sexuelle N tigung/ bergriffe    177 Abs. 1, 2, 3, 4, 6, 7, 8 und 9, 178 StGB",9562000,Erlangen,insg.,22,4,18,0,0,0,0,0,0,0,0,0,4,1,3,3,0,3,13,2,11,2,1,1,15,3,12,2017
111000,"Vergewaltigung und sexuelle N tigung/ bergriffe    177 Abs. 1, 2, 3, 4, 6, 7, 8 und 9, 178 StGB",5113000,Essen,insg.,101,5,96,0,0,0,1,0,1,1,0,1,29,0,29,19,0,19,51,5,46,1,0,1,52,5,47,2017
111000,"Vergewaltigung und sexuelle N tigung/ bergriffe    177 Abs. 1, 2, 3, 4, 6, 7, 8 und 9, 178 StGB",6412000,Frankfurt am Main,insg.,120,5,115,0,0,0,1,1,0,1,1,0,22,1,21,19,1,18,76,2,74,2,0,2,78,2,76,2017
111000,"Vergewaltigung und sexuelle N tigung/ bergriffe    177 Abs. 1, 2, 3, 4, 6, 7, 8 und 9, 178 StGB",8311000,Freiburg im Breisgau,insg.,36,4,32,0,0,0,1,0,1,1,0,1,6,0,6,6,1,5,23,3,20,0,0,0,23,3,20,2017
111000,"Vergewaltigung und sexuelle N tigung/ bergriffe    177 Abs. 1, 2, 3, 4, 6, 7, 8 und 9, 178 StGB",9563000,F rth,insg.,19,2,17,0,0,0,0,0,0,0,0,0,4,1,3,1,0,1,14,1,13,0,0,0,14,1,13,2017
111000,"Vergewaltigung und sexuelle N tigung/ bergriffe    177 Abs. 1, 2, 3, 4, 6, 7, 8 und 9, 178 StGB",5513000,Gelsenkirchen,insg.,103,3,100,0,0,0,0,0,0,0,0,0,13,1,12,10,0,10,78,2,76,2,0,2,80,2,78,2017
111000,"Vergewaltigung und sexuelle N tigung/ bergriffe    177 Abs. 1, 2, 3, 4, 6, 7, 8 und 9, 178 StGB",3159016,G ttingen,insg.,24,3,21,0,0,0,0,0,0,0,0,0,7,0,7,3,0,3,14,3,11,0,0,0,14,3,11,2017
111000,"Vergewaltigung und sexuelle N tigung/ bergriffe    177 Abs. 1, 2, 3, 4, 6, 7, 8 und 9, 178 StGB",5914000,Hagen,insg.,23,2,21,0,0,0,2,0,2,2,0,2,7,2,5,9,0,9,5,0,5,0,0,0,5,0,5,2017
111000,"Vergewaltigung und sexuelle N tigung/ bergriffe    177 Abs. 1, 2, 3, 4, 6, 7, 8 und 9, 178 StGB",15002000,Halle (Saale),insg.,56,4,52,0,0,0,2,0,2,2,0,2,12,1,11,8,1,7,31,2,29,3,0,3,34,2,32,2017
111000,"Vergewaltigung und sexuelle N tigung/ bergriffe    177 Abs. 1, 2, 3, 4, 6, 7, 8 und 9, 178 StGB",2000000,Hamburg,insg.,256,18,238,0,0,0,4,0,4,4,0,4,58,3,55,43,3,40,147,12,135,4,0,4,151,12,139,2017
111000,"Vergewaltigung und sexuelle N tigung/ bergriffe    177 Abs. 1, 2, 3, 4, 6, 7, 8 und 9, 178 StGB",5915000,Hamm,insg.,28,1,27,0,0,0,0,0,0,0,0,0,7,0,7,4,1,3,17,0,17,0,0,0,17,0,17,2017
111000,"Vergewaltigung und sexuelle N tigung/ bergriffe    177 Abs. 1, 2, 3, 4, 6, 7, 8 und 9, 178 StGB",3241001,Hannover,insg.,97,8,89,0,0,0,1,1,0,1,1,0,19,3,16,17,2,15,58,2,56,2,0,2,60,2,58,2017
111000,"Vergewaltigung und sexuelle N tigung/ bergriffe    177 Abs. 1, 2, 3, 4, 6, 7, 8 und 9, 178 StGB",8221000,Heidelberg,insg.,24,1,23,0,0,0,0,0,0,0,0,0,6,1,5,1,0,1,15,0,15,2,0,2,17,0,17,2017
111000,"Vergewaltigung und sexuelle N tigung/ bergriffe    177 Abs. 1, 2, 3, 4, 6, 7, 8 und 9, 178 StGB",8121000,Heilbronn,insg.,24,0,24,0,0,0,1,0,1,1,0,1,4,0,4,8,0,8,10,0,10,1,0,1,11,0,11,2017
111000,"Vergewaltigung und sexuelle N tigung/ bergriffe    177 Abs. 1, 2, 3, 4, 6, 7, 8 und 9, 178 StGB",5916000,Herne,insg.,39,1,38,0,0,0,1,0,1,1,0,1,15,0,15,8,0,8,14,1,13,1,0,1,15,1,14,2017
111000,"Vergewaltigung und sexuelle N tigung/ bergriffe    177 Abs. 1, 2, 3, 4, 6, 7, 8 und 9, 178 StGB",3254021,Hildesheim,insg.,20,1,19,0,0,0,1,0,1,1,0,1,4,0,4,2,0,2,11,1,10,2,0,2,13,1,12,2017
111000,"Vergewaltigung und sexuelle N tigung/ bergriffe    177 Abs. 1, 2, 3, 4, 6, 7, 8 und 9, 178 StGB",9161000,Ingolstadt,insg.,25,0,25,0,0,0,0,0,0,0,0,0,7,0,7,4,0,4,13,0,13,1,0,1,14,0,14,2017
111000,"Vergewaltigung und sexuelle N tigung/ bergriffe    177 Abs. 1, 2, 3, 4, 6, 7, 8 und 9, 178 StGB",16053000,Jena,insg.,11,0,11,0,0,0,0,0,0,0,0,0,0,0,0,0,0,0,8,0,8,3,0,3,11,0,11,2017
111000,"Vergewaltigung und sexuelle N tigung/ bergriffe    177 Abs. 1, 2, 3, 4, 6, 7, 8 und 9, 178 StGB",8212000,Karlsruhe,insg.,30,1,29,0,0,0,0,0,0,0,0,0,11,0,11,3,1,2,14,0,14,2,0,2,16,0,16,2017
111000,"Vergewaltigung und sexuelle N tigung/ bergriffe    177 Abs. 1, 2, 3, 4, 6, 7, 8 und 9, 178 StGB",6611000,Kassel,insg.,41,4,37,0,0,0,0,0,0,0,0,0,7,1,6,9,0,9,24,3,21,1,0,1,25,3,22,2017
111000,"Vergewaltigung und sexuelle N tigung/ bergriffe    177 Abs. 1, 2, 3, 4, 6, 7, 8 und 9, 178 StGB",1002000,Kiel,insg.,76,9,67,0,0,0,1,1,0,1,1,0,18,2,16,14,1,13,43,5,38,0,0,0,43,5,38,2017
111000,"Vergewaltigung und sexuelle N tigung/ bergriffe    177 Abs. 1, 2, 3, 4, 6, 7, 8 und 9, 178 StGB",7111000,Koblenz,insg.,10,0,10,0,0,0,0,0,0,0,0,0,2,0,2,2,0,2,6,0,6,0,0,0,6,0,6,2017
111000,"Vergewaltigung und sexuelle N tigung/ bergriffe    177 Abs. 1, 2, 3, 4, 6, 7, 8 und 9, 178 StGB",5315000,K ln,insg.,263,16,247,0,0,0,6,1,5,6,1,5,43,3,40,39,5,34,172,7,165,3,0,3,175,7,168,2017
111000,"Vergewaltigung und sexuelle N tigung/ bergriffe    177 Abs. 1, 2, 3, 4, 6, 7, 8 und 9, 178 StGB",5114000,Krefeld,insg.,30,3,27,0,0,0,2,1,1,2,1,1,4,0,4,6,1,5,18,1,17,0,0,0,18,1,17,2017
111000,"Vergewaltigung und sexuelle N tigung/ bergriffe    177 Abs. 1, 2, 3, 4, 6, 7, 8 und 9, 178 StGB",14713000,Leipzig,insg.,116,7,109,0,0,0,3,1,2,3,1,2,29,1,28,14,0,14,68,5,63,2,0,2,70,5,65,2017
111000,"Vergewaltigung und sexuelle N tigung/ bergriffe    177 Abs. 1, 2, 3, 4, 6, 7, 8 und 9, 178 StGB",5316000,Leverkusen,insg.,22,0,22,0,0,0,0,0,0,0,0,0,5,0,5,5,0,5,12,0,12,0,0,0,12,0,12,2017
111000,"Vergewaltigung und sexuelle N tigung/ bergriffe    177 Abs. 1, 2, 3, 4, 6, 7, 8 und 9, 178 StGB",1003000,L beck,insg.,56,0,56,0,0,0,1,0,1,1,0,1,13,0,13,11,0,11,29,0,29,2,0,2,31,0,31,2017
111000,"Vergewaltigung und sexuelle N tigung/ bergriffe    177 Abs. 1, 2, 3, 4, 6, 7, 8 und 9, 178 StGB",7314000,Ludwigshafen am Rhein,insg.,48,3,45,0,0,0,1,0,1,1,0,1,10,0,10,8,1,7,29,2,27,0,0,0,29,2,27,2017
111000,"Vergewaltigung und sexuelle N tigung/ bergriffe    177 Abs. 1, 2, 3, 4, 6, 7, 8 und 9, 178 StGB",15003000,Magdeburg,insg.,47,5,42,0,0,0,1,0,1,1,0,1,16,2,14,7,1,6,22,2,20,1,0,1,23,2,21,2017
111000,"Vergewaltigung und sexuelle N tigung/ bergriffe    177 Abs. 1, 2, 3, 4, 6, 7, 8 und 9, 178 StGB",7315000,Mainz,insg.,33,0,33,0,0,0,1,0,1,1,0,1,4,0,4,2,0,2,24,0,24,2,0,2,26,0,26,2017
111000,"Vergewaltigung und sexuelle N tigung/ bergriffe    177 Abs. 1, 2, 3, 4, 6, 7, 8 und 9, 178 StGB",8222000,Mannheim,insg.,50,2,48,0,0,0,0,0,0,0,0,0,9,0,9,5,2,3,36,0,36,0,0,0,36,0,36,2017
111000,"Vergewaltigung und sexuelle N tigung/ bergriffe    177 Abs. 1, 2, 3, 4, 6, 7, 8 und 9, 178 StGB",5170024,Moers,insg.,10,2,8,0,0,0,0,0,0,0,0,0,3,2,1,3,0,3,3,0,3,1,0,1,4,0,4,2017
111000,"Vergewaltigung und sexuelle N tigung/ bergriffe    177 Abs. 1, 2, 3, 4, 6, 7, 8 und 9, 178 StGB",5116000,M nchengladbach,insg.,43,3,40,0,0,0,0,0,0,0,0,0,12,1,11,7,1,6,24,1,23,0,0,0,24,1,23,2017
111000,"Vergewaltigung und sexuelle N tigung/ bergriffe    177 Abs. 1, 2, 3, 4, 6, 7, 8 und 9, 178 StGB",5117000,M lheim an der Ruhr,insg.,19,0,19,0,0,0,0,0,0,0,0,0,6,0,6,1,0,1,11,0,11,1,0,1,12,0,12,2017
111000,"Vergewaltigung und sexuelle N tigung/ bergriffe    177 Abs. 1, 2, 3, 4, 6, 7, 8 und 9, 178 StGB",9162000,M nchen,insg.,263,18,245,0,0,0,3,0,3,3,0,3,35,4,31,50,6,44,168,8,160,7,0,7,175,8,167,2017
111000,"Vergewaltigung und sexuelle N tigung/ bergriffe    177 Abs. 1, 2, 3, 4, 6, 7, 8 und 9, 178 StGB",5515000,M nster,insg.,66,3,63,0,0,0,1,0,1,1,0,1,13,0,13,10,0,10,40,3,37,2,0,2,42,3,39,2017
111000,"Vergewaltigung und sexuelle N tigung/ bergriffe    177 Abs. 1, 2, 3, 4, 6, 7, 8 und 9, 178 StGB",5162024,Neuss,insg.,16,0,16,0,0,0,1,0,1,1,0,1,4,0,4,2,0,2,9,0,9,0,0,0,9,0,9,2017
111000,"Vergewaltigung und sexuelle N tigung/ bergriffe    177 Abs. 1, 2, 3, 4, 6, 7, 8 und 9, 178 StGB",9564000,N rnberg,insg.,100,9,91,0,0,0,3,1,2,3,1,2,19,0,19,25,4,21,52,4,48,1,0,1,53,4,49,2017
111000,"Vergewaltigung und sexuelle N tigung/ bergriffe    177 Abs. 1, 2, 3, 4, 6, 7, 8 und 9, 178 StGB",5119000,Oberhausen,insg.,24,0,24,0,0,0,0,0,0,0,0,0,8,0,8,6,0,6,10,0,10,0,0,0,10,0,10,2017
111000,"Vergewaltigung und sexuelle N tigung/ bergriffe    177 Abs. 1, 2, 3, 4, 6, 7, 8 und 9, 178 StGB",6413000,Offenbach am Main,insg.,32,1,31,0,0,0,0,0,0,0,0,0,7,0,7,7,0,7,17,1,16,1,0,1,18,1,17,2017
111000,"Vergewaltigung und sexuelle N tigung/ bergriffe    177 Abs. 1, 2, 3, 4, 6, 7, 8 und 9, 178 StGB",3403000,Oldenburg (Oldenburg),insg.,26,1,25,0,0,0,0,0,0,0,0,0,5,0,5,7,0,7,13,1,12,1,0,1,14,1,13,2017
111000,"Vergewaltigung und sexuelle N tigung/ bergriffe    177 Abs. 1, 2, 3, 4, 6, 7, 8 und 9, 178 StGB",3404000,Osnabr ck,insg.,38,4,34,0,0,0,0,0,0,0,0,0,10,2,8,5,0,5,22,2,20,1,0,1,23,2,21,2017
111000,"Vergewaltigung und sexuelle N tigung/ bergriffe    177 Abs. 1, 2, 3, 4, 6, 7, 8 und 9, 178 StGB",5774032,Paderborn,insg.,27,3,24,0,0,0,1,0,1,1,0,1,7,2,5,7,1,6,12,0,12,0,0,0,12,0,12,2017
111000,"Vergewaltigung und sexuelle N tigung/ bergriffe    177 Abs. 1, 2, 3, 4, 6, 7, 8 und 9, 178 StGB",8231000,Pforzheim,insg.,12,1,11,0,0,0,0,0,0,0,0,0,3,1,2,2,0,2,7,0,7,0,0,0,7,0,7,2017
111000,"Vergewaltigung und sexuelle N tigung/ bergriffe    177 Abs. 1, 2, 3, 4, 6, 7, 8 und 9, 178 StGB",12054000,Potsdam,insg.,23,1,22,0,0,0,0,0,0,0,0,0,9,0,9,3,0,3,10,1,9,1,0,1,11,1,10,2017
111000,"Vergewaltigung und sexuelle N tigung/ bergriffe    177 Abs. 1, 2, 3, 4, 6, 7, 8 und 9, 178 StGB",5562032,Recklinghausen,insg.,24,4,20,0,0,0,3,2,1,3,2,1,6,0,6,3,1,2,12,1,11,0,0,0,12,1,11,2017
111000,"Vergewaltigung und sexuelle N tigung/ bergriffe    177 Abs. 1, 2, 3, 4, 6, 7, 8 und 9, 178 StGB",9362000,Regensburg,insg.,22,3,19,0,0,0,0,0,0,0,0,0,4,2,2,2,0,2,15,1,14,1,0,1,16,1,15,2017
111000,"Vergewaltigung und sexuelle N tigung/ bergriffe    177 Abs. 1, 2, 3, 4, 6, 7, 8 und 9, 178 StGB",5120000,Remscheid,insg.,8,0,8,0,0,0,0,0,0,0,0,0,2,0,2,0,0,0,6,0,6,0,0,0,6,0,6,2017
111000,"Vergewaltigung und sexuelle N tigung/ bergriffe    177 Abs. 1, 2, 3, 4, 6, 7, 8 und 9, 178 StGB",8415061,Reutlingen,insg.,14,0,14,0,0,0,0,0,0,0,0,0,2,0,2,2,0,2,10,0,10,0,0,0,10,0,10,2017
111000,"Vergewaltigung und sexuelle N tigung/ bergriffe    177 Abs. 1, 2, 3, 4, 6, 7, 8 und 9, 178 StGB",13003000,Rostock,insg.,35,5,30,0,0,0,1,1,0,1,1,0,7,1,6,3,0,3,22,3,19,2,0,2,24,3,21,2017
111000,"Vergewaltigung und sexuelle N tigung/ bergriffe    177 Abs. 1, 2, 3, 4, 6, 7, 8 und 9, 178 StGB",10041100,Saarbr cken,insg.,25,2,23,0,0,0,0,0,0,0,0,0,6,1,5,6,0,6,13,1,12,0,0,0,13,1,12,2017
111000,"Vergewaltigung und sexuelle N tigung/ bergriffe    177 Abs. 1, 2, 3, 4, 6, 7, 8 und 9, 178 StGB",3102000,Salzgitter,insg.,19,2,17,0,0,0,0,0,0,0,0,0,10,2,8,0,0,0,9,0,9,0,0,0,9,0,9,2017
111000,"Vergewaltigung und sexuelle N tigung/ bergriffe    177 Abs. 1, 2, 3, 4, 6, 7, 8 und 9, 178 StGB",13004000,Schwerin,insg.,23,3,20,0,0,0,0,0,0,0,0,0,8,1,7,5,0,5,9,2,7,1,0,1,10,2,8,2017
111000,"Vergewaltigung und sexuelle N tigung/ bergriffe    177 Abs. 1, 2, 3, 4, 6, 7, 8 und 9, 178 StGB",5970040,Siegen,insg.,12,0,12,0,0,0,0,0,0,0,0,0,4,0,4,1,0,1,7,0,7,0,0,0,7,0,7,2017
111000,"Vergewaltigung und sexuelle N tigung/ bergriffe    177 Abs. 1, 2, 3, 4, 6, 7, 8 und 9, 178 StGB",5122000,Solingen,insg.,24,0,24,0,0,0,1,0,1,1,0,1,7,0,7,1,0,1,15,0,15,0,0,0,15,0,15,2017
111000,"Vergewaltigung und sexuelle N tigung/ bergriffe    177 Abs. 1, 2, 3, 4, 6, 7, 8 und 9, 178 StGB",8111000,Stuttgart,insg.,141,7,134,0,0,0,4,1,3,4,1,3,19,1,18,23,0,23,94,5,89,1,0,1,95,5,90,2017
111000,"Vergewaltigung und sexuelle N tigung/ bergriffe    177 Abs. 1, 2, 3, 4, 6, 7, 8 und 9, 178 StGB",7211000,Trier,insg.,16,0,16,0,0,0,0,0,0,0,0,0,3,0,3,3,0,3,10,0,10,0,0,0,10,0,10,2017
111000,"Vergewaltigung und sexuelle N tigung/ bergriffe    177 Abs. 1, 2, 3, 4, 6, 7, 8 und 9, 178 StGB",8421000,Ulm,insg.,14,1,13,0,0,0,0,0,0,0,0,0,1,0,1,1,0,1,10,0,10,2,1,1,12,1,11,2017
111000,"Vergewaltigung und sexuelle N tigung/ bergriffe    177 Abs. 1, 2, 3, 4, 6, 7, 8 und 9, 178 StGB",6414000,Wiesbaden,insg.,69,4,65,0,0,0,1,0,1,1,0,1,12,2,10,15,0,15,41,2,39,0,0,0,41,2,39,2017
111000,"Vergewaltigung und sexuelle N tigung/ bergriffe    177 Abs. 1, 2, 3, 4, 6, 7, 8 und 9, 178 StGB",3103000,Wolfsburg,insg.,9,0,9,0,0,0,0,0,0,0,0,0,3,0,3,2,0,2,4,0,4,0,0,0,4,0,4,2017
111000,"Vergewaltigung und sexuelle N tigung/ bergriffe    177 Abs. 1, 2, 3, 4, 6, 7, 8 und 9, 178 StGB",5124000,Wuppertal,insg.,54,5,49,0,0,0,4,1,3,4,1,3,11,1,10,10,1,9,28,2,26,1,0,1,29,2,27,2017
111000,"Vergewaltigung und sexuelle N tigung/ bergriffe    177 Abs. 1, 2, 3, 4, 6, 7, 8 und 9, 178 StGB",9663000,W rzburg,insg.,28,3,25,0,0,0,0,0,0,0,0,0,10,2,8,5,1,4,13,0,13,0,0,0,13,0,13,2017
210000,"Raub, r uberische Erpressung und r uberischer Angriff auf Kraftfahrer    249-252, 255, 316a StGB",5334002,Aachen,voll.,241,180,61,0,0,0,8,7,1,8,7,1,13,11,2,31,28,3,160,123,37,29,11,18,189,134,55,2017
210000,"Raub, r uberische Erpressung und r uberischer Angriff auf Kraftfahrer    249-252, 255, 316a StGB",9761000,Augsburg,voll.,105,71,34,0,0,0,2,1,1,2,1,1,4,3,1,9,8,1,84,58,26,6,1,5,90,59,31,2017
210000,"Raub, r uberische Erpressung und r uberischer Angriff auf Kraftfahrer    249-252, 255, 316a StGB",5378004,Bergisch Gladbach,voll.,37,30,7,0,0,0,1,1,0,1,1,0,9,9,0,6,6,0,16,12,4,5,2,3,21,14,7,2017
210000,"Raub, r uberische Erpressung und r uberischer Angriff auf Kraftfahrer    249-252, 255, 316a StGB",11000000,Berlin,voll.,4019,2894,1125,2,1,1,150,133,17,152,134,18,454,388,66,373,302,71,2639,1906,733,401,164,237,3040,2070,970,2017
210000,"Raub, r uberische Erpressung und r uberischer Angriff auf Kraftfahrer    249-252, 255, 316a StGB",5711000,Bielefeld,voll.,172,140,32,1,1,0,6,5,1,7,6,1,16,14,2,17,15,2,127,100,27,5,5,0,132,105,27,2017
210000,"Raub, r uberische Erpressung und r uberischer Angriff auf Kraftfahrer    249-252, 255, 316a StGB",5911000,Bochum,voll.,314,223,91,0,0,0,9,7,2,9,7,2,25,23,2,27,19,8,219,162,57,34,12,22,253,174,79,2017
210000,"Raub, r uberische Erpressung und r uberischer Angriff auf Kraftfahrer    249-252, 255, 316a StGB",5314000,Bonn,voll.,322,229,93,1,1,0,20,18,2,21,19,2,36,35,1,41,32,9,200,131,69,24,12,12,224,143,81,2017
210000,"Raub, r uberische Erpressung und r uberischer Angriff auf Kraftfahrer    249-252, 255, 316a StGB",5512000,Bottrop,voll.,65,43,22,0,0,0,3,2,1,3,2,1,12,10,2,6,5,1,33,24,9,11,2,9,44,26,18,2017
210000,"Raub, r uberische Erpressung und r uberischer Angriff auf Kraftfahrer    249-252, 255, 316a StGB",3101000,Braunschweig,voll.,128,86,42,0,0,0,1,1,0,1,1,0,12,11,1,14,12,2,90,60,30,11,2,9,101,62,39,2017
210000,"Raub, r uberische Erpressung und r uberischer Angriff auf Kraftfahrer    249-252, 255, 316a StGB",4011000,Bremen,voll.,846,581,265,0,0,0,20,16,4,20,16,4,69,53,16,76,67,9,566,409,157,115,36,79,681,445,236,2017
210000,"Raub, r uberische Erpressung und r uberischer Angriff auf Kraftfahrer    249-252, 255, 316a StGB",4012000,Bremerhaven,voll.,165,99,66,0,0,0,3,2,1,3,2,1,9,8,1,10,4,6,122,74,48,21,11,10,143,85,58,2017
210000,"Raub, r uberische Erpressung und r uberischer Angriff auf Kraftfahrer    249-252, 255, 316a StGB",14511000,Chemnitz,voll.,200,157,43,0,0,0,6,6,0,6,6,0,17,16,1,17,12,5,145,117,28,15,6,9,160,123,37,2017
210000,"Raub, r uberische Erpressung und r uberischer Angriff auf Kraftfahrer    249-252, 255, 316a StGB",12052000,Cottbus,voll.,69,48,21,0,0,0,0,0,0,0,0,0,3,3,0,6,5,1,57,39,18,3,1,2,60,40,20,2017
210000,"Raub, r uberische Erpressung und r uberischer Angriff auf Kraftfahrer    249-252, 255, 316a StGB",6411000,Darmstadt,voll.,87,66,21,0,0,0,5,5,0,5,5,0,11,9,2,7,5,2,61,45,16,3,2,1,64,47,17,2017
210000,"Raub, r uberische Erpressung und r uberischer Angriff auf Kraftfahrer    249-252, 255, 316a StGB",5913000,Dortmund,voll.,685,502,183,1,0,1,51,42,9,52,42,10,64,51,13,82,62,20,430,320,110,57,27,30,487,347,140,2017
210000,"Raub, r uberische Erpressung und r uberischer Angriff auf Kraftfahrer    249-252, 255, 316a StGB",14612000,Dresden,voll.,324,255,69,0,0,0,4,3,1,4,3,1,14,13,1,36,31,5,246,196,50,24,12,12,270,208,62,2017
210000,"Raub, r uberische Erpressung und r uberischer Angriff auf Kraftfahrer    249-252, 255, 316a StGB",5112000,Duisburg,voll.,402,255,147,0,0,0,21,18,3,21,18,3,48,43,5,30,21,9,255,151,104,48,22,26,303,173,130,2017
210000,"Raub, r uberische Erpressung und r uberischer Angriff auf Kraftfahrer    249-252, 255, 316a StGB",5111000,D sseldorf,voll.,464,330,134,0,0,0,11,9,2,11,9,2,42,36,6,50,39,11,298,217,81,63,29,34,361,246,115,2017
210000,"Raub, r uberische Erpressung und r uberischer Angriff auf Kraftfahrer    249-252, 255, 316a StGB",16051000,Erfurt,voll.,118,90,28,0,0,0,4,3,1,4,3,1,9,8,1,12,11,1,82,62,20,11,6,5,93,68,25,2017
210000,"Raub, r uberische Erpressung und r uberischer Angriff auf Kraftfahrer    249-252, 255, 316a StGB",9562000,Erlangen,voll.,17,9,8,0,0,0,0,0,0,0,0,0,2,1,1,0,0,0,15,8,7,0,0,0,15,8,7,2017
210000,"Raub, r uberische Erpressung und r uberischer Angriff auf Kraftfahrer    249-252, 255, 316a StGB",5113000,Essen,voll.,475,317,158,0,0,0,16,13,3,16,13,3,42,29,13,56,45,11,306,210,96,55,20,35,361,230,131,2017
210000,"Raub, r uberische Erpressung und r uberischer Angriff auf Kraftfahrer    249-252, 255, 316a StGB",6412000,Frankfurt am Main,voll.,907,735,172,3,2,1,16,14,2,19,16,3,62,59,3,99,87,12,666,540,126,61,33,28,727,573,154,2017
210000,"Raub, r uberische Erpressung und r uberischer Angriff auf Kraftfahrer    249-252, 255, 316a StGB",8311000,Freiburg im Breisgau,voll.,170,125,45,0,0,0,4,2,2,4,2,2,5,4,1,12,11,1,139,102,37,10,6,4,149,108,41,2017
210000,"Raub, r uberische Erpressung und r uberischer Angriff auf Kraftfahrer    249-252, 255, 316a StGB",9563000,F rth,voll.,34,21,13,0,0,0,1,1,0,1,1,0,2,1,1,2,2,0,24,16,8,5,1,4,29,17,12,2017
210000,"Raub, r uberische Erpressung und r uberischer Angriff auf Kraftfahrer    249-252, 255, 316a StGB",5513000,Gelsenkirchen,voll.,227,169,58,0,0,0,11,11,0,11,11,0,35,33,2,25,18,7,134,94,40,22,13,9,156,107,49,2017
210000,"Raub, r uberische Erpressung und r uberischer Angriff auf Kraftfahrer    249-252, 255, 316a StGB",3159016,G ttingen,voll.,138,106,32,0,0,0,4,4,0,4,4,0,13,12,1,16,14,2,99,73,26,6,3,3,105,76,29,2017
210000,"Raub, r uberische Erpressung und r uberischer Angriff auf Kraftfahrer    249-252, 255, 316a StGB",5914000,Hagen,voll.,171,130,41,0,0,0,9,8,1,9,8,1,17,15,2,19,19,0,104,75,29,22,13,9,126,88,38,2017
210000,"Raub, r uberische Erpressung und r uberischer Angriff auf Kraftfahrer    249-252, 255, 316a StGB",15002000,Halle (Saale),voll.,259,195,64,1,0,1,11,11,0,12,11,1,27,24,3,23,18,5,172,128,44,25,14,11,197,142,55,2017
210000,"Raub, r uberische Erpressung und r uberischer Angriff auf Kraftfahrer    249-252, 255, 316a StGB",2000000,Hamburg,voll.,1950,1501,449,2,2,0,27,24,3,29,26,3,121,105,16,222,187,35,1423,1108,315,155,75,80,1578,1183,395,2017
210000,"Raub, r uberische Erpressung und r uberischer Angriff auf Kraftfahrer    249-252, 255, 316a StGB",5915000,Hamm,voll.,147,109,38,0,0,0,5,4,1,5,4,1,13,13,0,19,18,1,98,67,31,12,7,5,110,74,36,2017
210000,"Raub, r uberische Erpressung und r uberischer Angriff auf Kraftfahrer    249-252, 255, 316a StGB",3241001,Hannover,voll.,505,369,136,0,0,0,12,11,1,12,11,1,27,23,4,45,33,12,382,284,98,39,18,21,421,302,119,2017
210000,"Raub, r uberische Erpressung und r uberischer Angriff auf Kraftfahrer    249-252, 255, 316a StGB",8221000,Heidelberg,voll.,62,46,16,1,1,0,3,1,2,4,2,2,6,5,1,7,5,2,40,31,9,5,3,2,45,34,11,2017
210000,"Raub, r uberische Erpressung und r uberischer Angriff auf Kraftfahrer    249-252, 255, 316a StGB",8121000,Heilbronn,voll.,53,32,21,0,0,0,0,0,0,0,0,0,2,1,1,1,1,0,46,27,19,4,3,1,50,30,20,2017
210000,"Raub, r uberische Erpressung und r uberischer Angriff auf Kraftfahrer    249-252, 255, 316a StGB",5916000,Herne,voll.,84,55,29,0,0,0,5,3,2,5,3,2,12,12,0,7,7,0,40,28,12,20,5,15,60,33,27,2017
210000,"Raub, r uberische Erpressung und r uberischer Angriff auf Kraftfahrer    249-252, 255, 316a StGB",3254021,Hildesheim,voll.,75,49,26,0,0,0,3,3,0,3,3,0,3,2,1,9,8,1,50,34,16,10,2,8,60,36,24,2017
210000,"Raub, r uberische Erpressung und r uberischer Angriff auf Kraftfahrer    249-252, 255, 316a StGB",9161000,Ingolstadt,voll.,36,26,10,0,0,0,0,0,0,0,0,0,2,2,0,3,3,0,27,18,9,4,3,1,31,21,10,2017
210000,"Raub, r uberische Erpressung und r uberischer Angriff auf Kraftfahrer    249-252, 255, 316a StGB",16053000,Jena,voll.,34,26,8,0,0,0,0,0,0,0,0,0,2,2,0,4,2,2,26,20,6,2,2,0,28,22,6,2017
210000,"Raub, r uberische Erpressung und r uberischer Angriff auf Kraftfahrer    249-252, 255, 316a StGB",8212000,Karlsruhe,voll.,172,129,43,0,0,0,1,1,0,1,1,0,10,9,1,21,15,6,128,97,31,12,7,5,140,104,36,2017
210000,"Raub, r uberische Erpressung und r uberischer Angriff auf Kraftfahrer    249-252, 255, 316a StGB",6611000,Kassel,voll.,168,117,51,2,2,0,0,0,0,2,2,0,16,13,3,14,9,5,123,87,36,13,6,7,136,93,43,2017
210000,"Raub, r uberische Erpressung und r uberischer Angriff auf Kraftfahrer    249-252, 255, 316a StGB",1002000,Kiel,voll.,249,203,46,0,0,0,10,9,1,10,9,1,26,24,2,20,17,3,181,147,34,12,6,6,193,153,40,2017
210000,"Raub, r uberische Erpressung und r uberischer Angriff auf Kraftfahrer    249-252, 255, 316a StGB",7111000,Koblenz,voll.,68,47,21,0,0,0,0,0,0,0,0,0,7,7,0,9,8,1,43,27,16,9,5,4,52,32,20,2017
210000,"Raub, r uberische Erpressung und r uberischer Angriff auf Kraftfahrer    249-252, 255, 316a StGB",5315000,K ln,voll.,1154,817,337,0,0,0,31,24,7,31,24,7,108,91,17,110,87,23,776,564,212,129,51,78,905,615,290,2017
210000,"Raub, r uberische Erpressung und r uberischer Angriff auf Kraftfahrer    249-252, 255, 316a StGB",5114000,Krefeld,voll.,151,100,51,0,0,0,4,4,0,4,4,0,14,13,1,16,11,5,101,64,37,16,8,8,117,72,45,2017
210000,"Raub, r uberische Erpressung und r uberischer Angriff auf Kraftfahrer    249-252, 255, 316a StGB",14713000,Leipzig,voll.,540,353,187,0,0,0,12,10,2,12,10,2,42,34,8,43,35,8,362,261,101,81,13,68,443,274,169,2017
210000,"Raub, r uberische Erpressung und r uberischer Angriff auf Kraftfahrer    249-252, 255, 316a StGB",5316000,Leverkusen,voll.,111,83,28,0,0,0,7,6,1,7,6,1,25,23,2,10,8,2,58,43,15,11,3,8,69,46,23,2017
210000,"Raub, r uberische Erpressung und r uberischer Angriff auf Kraftfahrer    249-252, 255, 316a StGB",1003000,L beck,voll.,175,129,46,0,0,0,3,3,0,3,3,0,20,16,4,13,11,2,129,94,35,10,5,5,139,99,40,2017
210000,"Raub, r uberische Erpressung und r uberischer Angriff auf Kraftfahrer    249-252, 255, 316a StGB",7314000,Ludwigshafen am Rhein,voll.,158,120,38,0,0,0,12,7,5,12,7,5,47,44,3,13,10,3,72,50,22,14,9,5,86,59,27,2017
210000,"Raub, r uberische Erpressung und r uberischer Angriff auf Kraftfahrer    249-252, 255, 316a StGB",15003000,Magdeburg,voll.,220,155,65,0,0,0,8,8,0,8,8,0,34,30,4,31,26,5,131,86,45,16,5,11,147,91,56,2017
210000,"Raub, r uberische Erpressung und r uberischer Angriff auf Kraftfahrer    249-252, 255, 316a StGB",7315000,Mainz,voll.,99,76,23,0,0,0,2,2,0,2,2,0,19,17,2,14,13,1,58,41,17,6,3,3,64,44,20,2017
210000,"Raub, r uberische Erpressung und r uberischer Angriff auf Kraftfahrer    249-252, 255, 316a StGB",8222000,Mannheim,voll.,257,181,76,0,0,0,7,5,2,7,5,2,17,13,4,26,21,5,177,129,48,30,13,17,207,142,65,2017
210000,"Raub, r uberische Erpressung und r uberischer Angriff auf Kraftfahrer    249-252, 255, 316a StGB",5170024,Moers,voll.,47,34,13,0,0,0,2,2,0,2,2,0,5,5,0,4,3,1,35,23,12,1,1,0,36,24,12,2017
210000,"Raub, r uberische Erpressung und r uberischer Angriff auf Kraftfahrer    249-252, 255, 316a StGB",5116000,M nchengladbach,voll.,203,133,70,1,1,0,9,6,3,10,7,3,13,13,0,20,16,4,132,84,48,28,13,15,160,97,63,2017
210000,"Raub, r uberische Erpressung und r uberischer Angriff auf Kraftfahrer    249-252, 255, 316a StGB",5117000,M lheim an der Ruhr,voll.,77,43,34,0,0,0,4,3,1,4,3,1,9,6,3,7,5,2,44,23,21,13,6,7,57,29,28,2017
210000,"Raub, r uberische Erpressung und r uberischer Angriff auf Kraftfahrer    249-252, 255, 316a StGB",9162000,M nchen,voll.,463,306,157,0,0,0,12,8,4,12,8,4,32,23,9,44,27,17,338,229,109,37,19,18,375,248,127,2017
210000,"Raub, r uberische Erpressung und r uberischer Angriff auf Kraftfahrer    249-252, 255, 316a StGB",5515000,M nster,voll.,194,132,62,0,0,0,9,7,2,9,7,2,19,15,4,20,17,3,120,87,33,26,6,20,146,93,53,2017
210000,"Raub, r uberische Erpressung und r uberischer Angriff auf Kraftfahrer    249-252, 255, 316a StGB",5162024,Neuss,voll.,95,75,20,0,0,0,5,5,0,5,5,0,13,11,2,12,10,2,57,43,14,8,6,2,65,49,16,2017
210000,"Raub, r uberische Erpressung und r uberischer Angriff auf Kraftfahrer    249-252, 255, 316a StGB",9564000,N rnberg,voll.,250,176,74,0,0,0,3,3,0,3,3,0,21,16,5,21,18,3,184,127,57,21,12,9,205,139,66,2017
210000,"Raub, r uberische Erpressung und r uberischer Angriff auf Kraftfahrer    249-252, 255, 316a StGB",5119000,Oberhausen,voll.,173,131,42,0,0,0,8,6,2,8,6,2,42,36,6,16,13,3,88,63,25,19,13,6,107,76,31,2017
210000,"Raub, r uberische Erpressung und r uberischer Angriff auf Kraftfahrer    249-252, 255, 316a StGB",6413000,Offenbach am Main,voll.,110,83,27,0,0,0,3,1,2,3,1,2,28,23,5,8,5,3,67,52,15,4,2,2,71,54,17,2017
210000,"Raub, r uberische Erpressung und r uberischer Angriff auf Kraftfahrer    249-252, 255, 316a StGB",3403000,Oldenburg (Oldenburg),voll.,122,84,38,0,0,0,0,0,0,0,0,0,6,6,0,19,13,6,90,61,29,7,4,3,97,65,32,2017
210000,"Raub, r uberische Erpressung und r uberischer Angriff auf Kraftfahrer    249-252, 255, 316a StGB",3404000,Osnabr ck,voll.,171,128,43,0,0,0,5,4,1,5,4,1,11,9,2,17,13,4,125,95,30,13,7,6,138,102,36,2017
210000,"Raub, r uberische Erpressung und r uberischer Angriff auf Kraftfahrer    249-252, 255, 316a StGB",5774032,Paderborn,voll.,84,65,19,0,0,0,1,1,0,1,1,0,8,8,0,14,12,2,54,40,14,7,4,3,61,44,17,2017
210000,"Raub, r uberische Erpressung und r uberischer Angriff auf Kraftfahrer    249-252, 255, 316a StGB",8231000,Pforzheim,voll.,54,45,9,0,0,0,1,1,0,1,1,0,11,10,1,11,9,2,28,25,3,3,0,3,31,25,6,2017
210000,"Raub, r uberische Erpressung und r uberischer Angriff auf Kraftfahrer    249-252, 255, 316a StGB",12054000,Potsdam,voll.,100,74,26,0,0,0,4,3,1,4,3,1,20,15,5,7,7,0,58,47,11,11,2,9,69,49,20,2017
210000,"Raub, r uberische Erpressung und r uberischer Angriff auf Kraftfahrer    249-252, 255, 316a StGB",5562032,Recklinghausen,voll.,97,71,26,0,0,0,4,3,1,4,3,1,9,8,1,4,2,2,69,52,17,11,6,5,80,58,22,2017
210000,"Raub, r uberische Erpressung und r uberischer Angriff auf Kraftfahrer    249-252, 255, 316a StGB",9362000,Regensburg,voll.,72,49,23,0,0,0,0,0,0,0,0,0,7,7,0,7,7,0,55,32,23,3,3,0,58,35,23,2017
210000,"Raub, r uberische Erpressung und r uberischer Angriff auf Kraftfahrer    249-252, 255, 316a StGB",5120000,Remscheid,voll.,46,25,21,0,0,0,0,0,0,0,0,0,2,2,0,7,6,1,32,16,16,5,1,4,37,17,20,2017
210000,"Raub, r uberische Erpressung und r uberischer Angriff auf Kraftfahrer    249-252, 255, 316a StGB",8415061,Reutlingen,voll.,39,27,12,0,0,0,3,3,0,3,3,0,4,4,0,4,4,0,28,16,12,0,0,0,28,16,12,2017
210000,"Raub, r uberische Erpressung und r uberischer Angriff auf Kraftfahrer    249-252, 255, 316a StGB",13003000,Rostock,voll.,131,87,44,0,0,0,9,6,3,9,6,3,11,10,1,8,6,2,91,60,31,12,5,7,103,65,38,2017
210000,"Raub, r uberische Erpressung und r uberischer Angriff auf Kraftfahrer    249-252, 255, 316a StGB",10041100,Saarbr cken,voll.,245,172,73,0,0,0,5,5,0,5,5,0,28,23,5,25,20,5,170,117,53,17,7,10,187,124,63,2017
210000,"Raub, r uberische Erpressung und r uberischer Angriff auf Kraftfahrer    249-252, 255, 316a StGB",3102000,Salzgitter,voll.,38,23,15,0,0,0,0,0,0,0,0,0,3,3,0,2,2,0,30,16,14,3,2,1,33,18,15,2017
210000,"Raub, r uberische Erpressung und r uberischer Angriff auf Kraftfahrer    249-252, 255, 316a StGB",13004000,Schwerin,voll.,61,46,15,0,0,0,4,3,1,4,3,1,7,7,0,5,5,0,39,28,11,6,3,3,45,31,14,2017
210000,"Raub, r uberische Erpressung und r uberischer Angriff auf Kraftfahrer    249-252, 255, 316a StGB",5970040,Siegen,voll.,50,39,11,0,0,0,1,1,0,1,1,0,5,5,0,4,3,1,39,29,10,1,1,0,40,30,10,2017
210000,"Raub, r uberische Erpressung und r uberischer Angriff auf Kraftfahrer    249-252, 255, 316a StGB",5122000,Solingen,voll.,102,79,23,0,0,0,7,5,2,7,5,2,14,11,3,12,10,2,59,47,12,10,6,4,69,53,16,2017
210000,"Raub, r uberische Erpressung und r uberischer Angriff auf Kraftfahrer    249-252, 255, 316a StGB",8111000,Stuttgart,voll.,459,335,124,0,0,0,14,13,1,14,13,1,34,27,7,51,40,11,318,241,77,42,14,28,360,255,105,2017
210000,"Raub, r uberische Erpressung und r uberischer Angriff auf Kraftfahrer    249-252, 255, 316a StGB",7211000,Trier,voll.,65,46,19,0,0,0,0,0,0,0,0,0,3,3,0,7,6,1,47,32,15,8,5,3,55,37,18,2017
210000,"Raub, r uberische Erpressung und r uberischer Angriff auf Kraftfahrer    249-252, 255, 316a StGB",8421000,Ulm,voll.,65,46,19,0,0,0,0,0,0,0,0,0,2,1,1,10,8,2,51,36,15,2,1,1,53,37,16,2017
210000,"Raub, r uberische Erpressung und r uberischer Angriff auf Kraftfahrer    249-252, 255, 316a StGB",6414000,Wiesbaden,voll.,187,141,46,1,1,0,2,1,1,3,2,1,31,26,5,31,30,1,111,76,35,11,7,4,122,83,39,2017
210000,"Raub, r uberische Erpressung und r uberischer Angriff auf Kraftfahrer    249-252, 255, 316a StGB",3103000,Wolfsburg,voll.,41,25,16,0,0,0,0,0,0,0,0,0,6,5,1,6,4,2,25,14,11,4,2,2,29,16,13,2017
210000,"Raub, r uberische Erpressung und r uberischer Angriff auf Kraftfahrer    249-252, 255, 316a StGB",5124000,Wuppertal,voll.,316,218,98,0,0,0,19,14,5,19,14,5,25,18,7,32,26,6,202,146,56,38,14,24,240,160,80,2017
210000,"Raub, r uberische Erpressung und r uberischer Angriff auf Kraftfahrer    249-252, 255, 316a StGB",9663000,W rzburg,voll.,29,25,4,0,0,0,0,0,0,0,0,0,3,3,0,5,5,0,19,16,3,2,1,1,21,17,4,2017
210000,"Raub, r uberische Erpressung und r uberischer Angriff auf Kraftfahrer    249-252, 255, 316a StGB",5334002,Aachen,vers.,72,44,28,0,0,0,0,0,0,0,0,0,3,2,1,8,5,3,53,32,21,8,5,3,61,37,24,2017
210000,"Raub, r uberische Erpressung und r uberischer Angriff auf Kraftfahrer    249-252, 255, 316a StGB",9761000,Augsburg,vers.,36,25,11,0,0,0,2,1,1,2,1,1,3,1,2,2,2,0,28,21,7,1,0,1,29,21,8,2017
210000,"Raub, r uberische Erpressung und r uberischer Angriff auf Kraftfahrer    249-252, 255, 316a StGB",5378004,Bergisch Gladbach,vers.,6,5,1,0,0,0,0,0,0,0,0,0,2,2,0,1,1,0,3,2,1,0,0,0,3,2,1,2017
210000,"Raub, r uberische Erpressung und r uberischer Angriff auf Kraftfahrer    249-252, 255, 316a StGB",11000000,Berlin,vers.,947,652,295,0,0,0,52,42,10,52,42,10,118,101,17,78,64,14,581,392,189,118,53,65,699,445,254,2017
210000,"Raub, r uberische Erpressung und r uberischer Angriff auf Kraftfahrer    249-252, 255, 316a StGB",5711000,Bielefeld,vers.,42,33,9,0,0,0,4,4,0,4,4,0,3,1,2,2,1,1,32,27,5,1,0,1,33,27,6,2017
210000,"Raub, r uberische Erpressung und r uberischer Angriff auf Kraftfahrer    249-252, 255, 316a StGB",5911000,Bochum,vers.,72,51,21,1,1,0,3,3,0,4,4,0,10,9,1,8,7,1,39,25,14,11,6,5,50,31,19,2017
210000,"Raub, r uberische Erpressung und r uberischer Angriff auf Kraftfahrer    249-252, 255, 316a StGB",5314000,Bonn,vers.,113,81,32,0,0,0,2,2,0,2,2,0,7,6,1,21,17,4,75,52,23,8,4,4,83,56,27,2017
210000,"Raub, r uberische Erpressung und r uberischer Angriff auf Kraftfahrer    249-252, 255, 316a StGB",5512000,Bottrop,vers.,12,8,4,0,0,0,0,0,0,0,0,0,1,0,1,2,2,0,8,5,3,1,1,0,9,6,3,2017
210000,"Raub, r uberische Erpressung und r uberischer Angriff auf Kraftfahrer    249-252, 255, 316a StGB",3101000,Braunschweig,vers.,32,21,11,0,0,0,0,0,0,0,0,0,3,3,0,5,3,2,21,14,7,3,1,2,24,15,9,2017
210000,"Raub, r uberische Erpressung und r uberischer Angriff auf Kraftfahrer    249-252, 255, 316a StGB",4011000,Bremen,vers.,151,89,62,0,0,0,2,0,2,2,0,2,19,16,3,17,9,8,92,58,34,21,6,15,113,64,49,2017
210000,"Raub, r uberische Erpressung und r uberischer Angriff auf Kraftfahrer    249-252, 255, 316a StGB",4012000,Bremerhaven,vers.,39,27,12,0,0,0,1,1,0,1,1,0,2,2,0,2,1,1,30,21,9,4,2,2,34,23,11,2017
210000,"Raub, r uberische Erpressung und r uberischer Angriff auf Kraftfahrer    249-252, 255, 316a StGB",14511000,Chemnitz,vers.,33,23,10,0,0,0,1,1,0,1,1,0,3,3,0,6,4,2,19,14,5,4,1,3,23,15,8,2017
210000,"Raub, r uberische Erpressung und r uberischer Angriff auf Kraftfahrer    249-252, 255, 316a StGB",12052000,Cottbus,vers.,13,9,4,0,0,0,0,0,0,0,0,0,2,2,0,1,1,0,8,5,3,2,1,1,10,6,4,2017
210000,"Raub, r uberische Erpressung und r uberischer Angriff auf Kraftfahrer    249-252, 255, 316a StGB",6411000,Darmstadt,vers.,20,15,5,0,0,0,5,4,1,5,4,1,1,0,1,4,4,0,10,7,3,0,0,0,10,7,3,2017
210000,"Raub, r uberische Erpressung und r uberischer Angriff auf Kraftfahrer    249-252, 255, 316a StGB",5913000,Dortmund,vers.,137,96,41,0,0,0,17,13,4,17,13,4,13,10,3,15,12,3,78,57,21,14,4,10,92,61,31,2017
210000,"Raub, r uberische Erpressung und r uberischer Angriff auf Kraftfahrer    249-252, 255, 316a StGB",14612000,Dresden,vers.,52,37,15,0,0,0,1,0,1,1,0,1,6,6,0,2,2,0,40,29,11,3,0,3,43,29,14,2017
210000,"Raub, r uberische Erpressung und r uberischer Angriff auf Kraftfahrer    249-252, 255, 316a StGB",5112000,Duisburg,vers.,127,86,41,0,0,0,14,12,2,14,12,2,20,20,0,17,11,6,60,35,25,16,8,8,76,43,33,2017
210000,"Raub, r uberische Erpressung und r uberischer Angriff auf Kraftfahrer    249-252, 255, 316a StGB",5111000,D sseldorf,vers.,98,63,35,1,0,1,2,1,1,3,1,2,5,4,1,11,8,3,72,48,24,7,2,5,79,50,29,2017
210000,"Raub, r uberische Erpressung und r uberischer Angriff auf Kraftfahrer    249-252, 255, 316a StGB",16051000,Erfurt,vers.,36,24,12,0,0,0,1,1,0,1,1,0,6,5,1,2,2,0,23,15,8,4,1,3,27,16,11,2017
210000,"Raub, r uberische Erpressung und r uberischer Angriff auf Kraftfahrer    249-252, 255, 316a StGB",9562000,Erlangen,vers.,8,3,5,0,0,0,0,0,0,0,0,0,1,1,0,0,0,0,2,0,2,5,2,3,7,2,5,2017
210000,"Raub, r uberische Erpressung und r uberischer Angriff auf Kraftfahrer    249-252, 255, 316a StGB",5113000,Essen,vers.,92,51,41,0,0,0,7,3,4,7,3,4,8,5,3,14,9,5,58,32,26,5,2,3,63,34,29,2017
210000,"Raub, r uberische Erpressung und r uberischer Angriff auf Kraftfahrer    249-252, 255, 316a StGB",6412000,Frankfurt am Main,vers.,183,125,58,0,0,0,7,7,0,7,7,0,9,6,3,15,13,2,140,93,47,12,6,6,152,99,53,2017
210000,"Raub, r uberische Erpressung und r uberischer Angriff auf Kraftfahrer    249-252, 255, 316a StGB",8311000,Freiburg im Breisgau,vers.,48,35,13,0,0,0,0,0,0,0,0,0,6,6,0,3,2,1,35,24,11,4,3,1,39,27,12,2017
210000,"Raub, r uberische Erpressung und r uberischer Angriff auf Kraftfahrer    249-252, 255, 316a StGB",9563000,F rth,vers.,11,8,3,0,0,0,0,0,0,0,0,0,1,1,0,0,0,0,10,7,3,0,0,0,10,7,3,2017
210000,"Raub, r uberische Erpressung und r uberischer Angriff auf Kraftfahrer    249-252, 255, 316a StGB",5513000,Gelsenkirchen,vers.,66,45,21,0,0,0,10,10,0,10,10,0,11,7,4,5,5,0,34,21,13,6,2,4,40,23,17,2017
210000,"Raub, r uberische Erpressung und r uberischer Angriff auf Kraftfahrer    249-252, 255, 316a StGB",3159016,G ttingen,vers.,28,21,7,0,0,0,0,0,0,0,0,0,2,2,0,4,3,1,19,13,6,3,3,0,22,16,6,2017
210000,"Raub, r uberische Erpressung und r uberischer Angriff auf Kraftfahrer    249-252, 255, 316a StGB",5914000,Hagen,vers.,39,28,11,0,0,0,0,0,0,0,0,0,7,5,2,3,3,0,26,19,7,3,1,2,29,20,9,2017
210000,"Raub, r uberische Erpressung und r uberischer Angriff auf Kraftfahrer    249-252, 255, 316a StGB",15002000,Halle (Saale),vers.,72,50,22,0,0,0,10,8,2,10,8,2,5,4,1,12,7,5,39,28,11,6,3,3,45,31,14,2017
210000,"Raub, r uberische Erpressung und r uberischer Angriff auf Kraftfahrer    249-252, 255, 316a StGB",2000000,Hamburg,vers.,420,312,108,0,0,0,24,19,5,24,19,5,33,30,3,34,31,3,291,210,81,38,22,16,329,232,97,2017
210000,"Raub, r uberische Erpressung und r uberischer Angriff auf Kraftfahrer    249-252, 255, 316a StGB",5915000,Hamm,vers.,39,21,18,0,0,0,1,1,0,1,1,0,3,3,0,2,2,0,29,13,16,4,2,2,33,15,18,2017
210000,"Raub, r uberische Erpressung und r uberischer Angriff auf Kraftfahrer    249-252, 255, 316a StGB",3241001,Hannover,vers.,105,71,34,0,0,0,3,3,0,3,3,0,8,7,1,10,9,1,73,48,25,11,4,7,84,52,32,2017
210000,"Raub, r uberische Erpressung und r uberischer Angriff auf Kraftfahrer    249-252, 255, 316a StGB",8221000,Heidelberg,vers.,18,14,4,0,0,0,2,2,0,2,2,0,2,2,0,4,3,1,9,7,2,1,0,1,10,7,3,2017
210000,"Raub, r uberische Erpressung und r uberischer Angriff auf Kraftfahrer    249-252, 255, 316a StGB",8121000,Heilbronn,vers.,11,7,4,0,0,0,1,1,0,1,1,0,1,1,0,1,1,0,6,3,3,2,1,1,8,4,4,2017
210000,"Raub, r uberische Erpressung und r uberischer Angriff auf Kraftfahrer    249-252, 255, 316a StGB",5916000,Herne,vers.,21,14,7,0,0,0,2,2,0,2,2,0,4,4,0,3,3,0,10,5,5,2,0,2,12,5,7,2017
210000,"Raub, r uberische Erpressung und r uberischer Angriff auf Kraftfahrer    249-252, 255, 316a StGB",3254021,Hildesheim,vers.,26,15,11,0,0,0,1,1,0,1,1,0,1,1,0,1,1,0,17,9,8,6,3,3,23,12,11,2017
210000,"Raub, r uberische Erpressung und r uberischer Angriff auf Kraftfahrer    249-252, 255, 316a StGB",9161000,Ingolstadt,vers.,9,8,1,0,0,0,0,0,0,0,0,0,0,0,0,0,0,0,9,8,1,0,0,0,9,8,1,2017
210000,"Raub, r uberische Erpressung und r uberischer Angriff auf Kraftfahrer    249-252, 255, 316a StGB",16053000,Jena,vers.,5,4,1,0,0,0,0,0,0,0,0,0,0,0,0,1,1,0,3,3,0,1,0,1,4,3,1,2017
210000,"Raub, r uberische Erpressung und r uberischer Angriff auf Kraftfahrer    249-252, 255, 316a StGB",8212000,Karlsruhe,vers.,60,45,15,0,0,0,1,0,1,1,0,1,7,6,1,4,3,1,41,32,9,7,4,3,48,36,12,2017
210000,"Raub, r uberische Erpressung und r uberischer Angriff auf Kraftfahrer    249-252, 255, 316a StGB",6611000,Kassel,vers.,30,24,6,0,0,0,0,0,0,0,0,0,2,2,0,5,4,1,19,15,4,4,3,1,23,18,5,2017
210000,"Raub, r uberische Erpressung und r uberischer Angriff auf Kraftfahrer    249-252, 255, 316a StGB",1002000,Kiel,vers.,75,58,17,0,0,0,2,2,0,2,2,0,5,5,0,10,8,2,48,36,12,10,7,3,58,43,15,2017
210000,"Raub, r uberische Erpressung und r uberischer Angriff auf Kraftfahrer    249-252, 255, 316a StGB",7111000,Koblenz,vers.,17,6,11,0,0,0,0,0,0,0,0,0,1,0,1,1,1,0,8,2,6,7,3,4,15,5,10,2017
210000,"Raub, r uberische Erpressung und r uberischer Angriff auf Kraftfahrer    249-252, 255, 316a StGB",5315000,K ln,vers.,307,211,96,1,1,0,17,14,3,18,15,3,31,26,5,22,19,3,197,134,63,39,17,22,236,151,85,2017
210000,"Raub, r uberische Erpressung und r uberischer Angriff auf Kraftfahrer    249-252, 255, 316a StGB",5114000,Krefeld,vers.,41,31,10,0,0,0,4,3,1,4,3,1,7,7,0,2,1,1,25,19,6,3,1,2,28,20,8,2017
210000,"Raub, r uberische Erpressung und r uberischer Angriff auf Kraftfahrer    249-252, 255, 316a StGB",14713000,Leipzig,vers.,54,33,21,0,0,0,3,3,0,3,3,0,4,2,2,5,4,1,39,24,15,3,0,3,42,24,18,2017
210000,"Raub, r uberische Erpressung und r uberischer Angriff auf Kraftfahrer    249-252, 255, 316a StGB",5316000,Leverkusen,vers.,33,25,8,0,0,0,4,4,0,4,4,0,8,7,1,2,1,1,13,10,3,6,3,3,19,13,6,2017
210000,"Raub, r uberische Erpressung und r uberischer Angriff auf Kraftfahrer    249-252, 255, 316a StGB",1003000,L beck,vers.,41,32,9,0,0,0,1,1,0,1,1,0,7,5,2,5,5,0,27,20,7,1,1,0,28,21,7,2017
210000,"Raub, r uberische Erpressung und r uberischer Angriff auf Kraftfahrer    249-252, 255, 316a StGB",7314000,Ludwigshafen am Rhein,vers.,65,53,12,0,0,0,9,9,0,9,9,0,26,25,1,4,3,1,26,16,10,0,0,0,26,16,10,2017
210000,"Raub, r uberische Erpressung und r uberischer Angriff auf Kraftfahrer    249-252, 255, 316a StGB",15003000,Magdeburg,vers.,44,30,14,0,0,0,0,0,0,0,0,0,4,3,1,8,6,2,31,21,10,1,0,1,32,21,11,2017
210000,"Raub, r uberische Erpressung und r uberischer Angriff auf Kraftfahrer    249-252, 255, 316a StGB",7315000,Mainz,vers.,20,14,6,0,0,0,0,0,0,0,0,0,2,1,1,3,3,0,10,7,3,5,3,2,15,10,5,2017
210000,"Raub, r uberische Erpressung und r uberischer Angriff auf Kraftfahrer    249-252, 255, 316a StGB",8222000,Mannheim,vers.,44,29,15,0,0,0,4,4,0,4,4,0,1,1,0,9,8,1,23,12,11,7,4,3,30,16,14,2017
210000,"Raub, r uberische Erpressung und r uberischer Angriff auf Kraftfahrer    249-252, 255, 316a StGB",5170024,Moers,vers.,16,7,9,0,0,0,0,0,0,0,0,0,2,1,1,1,0,1,11,5,6,2,1,1,13,6,7,2017
210000,"Raub, r uberische Erpressung und r uberischer Angriff auf Kraftfahrer    249-252, 255, 316a StGB",5116000,M nchengladbach,vers.,41,27,14,0,0,0,1,1,0,1,1,0,6,4,2,1,1,0,27,17,10,6,4,2,33,21,12,2017
210000,"Raub, r uberische Erpressung und r uberischer Angriff auf Kraftfahrer    249-252, 255, 316a StGB",5117000,M lheim an der Ruhr,vers.,18,12,6,0,0,0,3,2,1,3,2,1,5,5,0,0,0,0,7,4,3,3,1,2,10,5,5,2017
210000,"Raub, r uberische Erpressung und r uberischer Angriff auf Kraftfahrer    249-252, 255, 316a StGB",9162000,M nchen,vers.,165,110,55,0,0,0,4,4,0,4,4,0,20,17,3,16,11,5,110,71,39,15,7,8,125,78,47,2017
210000,"Raub, r uberische Erpressung und r uberischer Angriff auf Kraftfahrer    249-252, 255, 316a StGB",5515000,M nster,vers.,38,25,13,0,0,0,0,0,0,0,0,0,6,5,1,5,4,1,24,15,9,3,1,2,27,16,11,2017
210000,"Raub, r uberische Erpressung und r uberischer Angriff auf Kraftfahrer    249-252, 255, 316a StGB",5162024,Neuss,vers.,38,32,6,0,0,0,5,5,0,5,5,0,5,4,1,2,2,0,22,18,4,4,3,1,26,21,5,2017
210000,"Raub, r uberische Erpressung und r uberischer Angriff auf Kraftfahrer    249-252, 255, 316a StGB",9564000,N rnberg,vers.,72,41,31,0,0,0,3,2,1,3,2,1,4,3,1,8,6,2,49,28,21,8,2,6,57,30,27,2017
210000,"Raub, r uberische Erpressung und r uberischer Angriff auf Kraftfahrer    249-252, 255, 316a StGB",5119000,Oberhausen,vers.,34,28,6,0,0,0,5,4,1,5,4,1,5,4,1,1,1,0,19,16,3,4,3,1,23,19,4,2017
210000,"Raub, r uberische Erpressung und r uberischer Angriff auf Kraftfahrer    249-252, 255, 316a StGB",6413000,Offenbach am Main,vers.,28,19,9,0,0,0,1,1,0,1,1,0,5,4,1,4,2,2,14,11,3,4,1,3,18,12,6,2017
210000,"Raub, r uberische Erpressung und r uberischer Angriff auf Kraftfahrer    249-252, 255, 316a StGB",3403000,Oldenburg (Oldenburg),vers.,23,15,8,0,0,0,1,1,0,1,1,0,2,2,0,3,3,0,15,8,7,2,1,1,17,9,8,2017
210000,"Raub, r uberische Erpressung und r uberischer Angriff auf Kraftfahrer    249-252, 255, 316a StGB",3404000,Osnabr ck,vers.,23,15,8,0,0,0,0,0,0,0,0,0,0,0,0,4,2,2,17,13,4,2,0,2,19,13,6,2017
210000,"Raub, r uberische Erpressung und r uberischer Angriff auf Kraftfahrer    249-252, 255, 316a StGB",5774032,Paderborn,vers.,29,25,4,0,0,0,2,2,0,2,2,0,3,3,0,6,6,0,18,14,4,0,0,0,18,14,4,2017
210000,"Raub, r uberische Erpressung und r uberischer Angriff auf Kraftfahrer    249-252, 255, 316a StGB",8231000,Pforzheim,vers.,11,8,3,0,0,0,0,0,0,0,0,0,1,1,0,4,3,1,6,4,2,0,0,0,6,4,2,2017
210000,"Raub, r uberische Erpressung und r uberischer Angriff auf Kraftfahrer    249-252, 255, 316a StGB",12054000,Potsdam,vers.,34,23,11,0,0,0,3,3,0,3,3,0,5,4,1,3,2,1,20,13,7,3,1,2,23,14,9,2017
210000,"Raub, r uberische Erpressung und r uberischer Angriff auf Kraftfahrer    249-252, 255, 316a StGB",5562032,Recklinghausen,vers.,46,37,9,0,0,0,8,8,0,8,8,0,8,7,1,7,5,2,17,13,4,6,4,2,23,17,6,2017
210000,"Raub, r uberische Erpressung und r uberischer Angriff auf Kraftfahrer    249-252, 255, 316a StGB",9362000,Regensburg,vers.,19,10,9,0,0,0,0,0,0,0,0,0,2,2,0,5,2,3,8,4,4,4,2,2,12,6,6,2017
210000,"Raub, r uberische Erpressung und r uberischer Angriff auf Kraftfahrer    249-252, 255, 316a StGB",5120000,Remscheid,vers.,20,16,4,0,0,0,2,2,0,2,2,0,1,1,0,3,3,0,10,8,2,4,2,2,14,10,4,2017
210000,"Raub, r uberische Erpressung und r uberischer Angriff auf Kraftfahrer    249-252, 255, 316a StGB",8415061,Reutlingen,vers.,12,8,4,0,0,0,0,0,0,0,0,0,2,1,1,4,2,2,5,4,1,1,1,0,6,5,1,2017
210000,"Raub, r uberische Erpressung und r uberischer Angriff auf Kraftfahrer    249-252, 255, 316a StGB",13003000,Rostock,vers.,29,23,6,0,0,0,0,0,0,0,0,0,2,2,0,3,2,1,23,19,4,1,0,1,24,19,5,2017
210000,"Raub, r uberische Erpressung und r uberischer Angriff auf Kraftfahrer    249-252, 255, 316a StGB",10041100,Saarbr cken,vers.,48,28,20,0,0,0,1,1,0,1,1,0,6,4,2,3,2,1,36,19,17,2,2,0,38,21,17,2017
210000,"Raub, r uberische Erpressung und r uberischer Angriff auf Kraftfahrer    249-252, 255, 316a StGB",3102000,Salzgitter,vers.,13,5,8,0,0,0,1,0,1,1,0,1,1,1,0,2,2,0,8,2,6,1,0,1,9,2,7,2017
210000,"Raub, r uberische Erpressung und r uberischer Angriff auf Kraftfahrer    249-252, 255, 316a StGB",13004000,Schwerin,vers.,22,11,11,0,0,0,0,0,0,0,0,0,0,0,0,1,0,1,18,10,8,3,1,2,21,11,10,2017
210000,"Raub, r uberische Erpressung und r uberischer Angriff auf Kraftfahrer    249-252, 255, 316a StGB",5970040,Siegen,vers.,11,10,1,0,0,0,2,1,1,2,1,1,2,2,0,0,0,0,6,6,0,1,1,0,7,7,0,2017
210000,"Raub, r uberische Erpressung und r uberischer Angriff auf Kraftfahrer    249-252, 255, 316a StGB",5122000,Solingen,vers.,35,21,14,0,0,0,3,3,0,3,3,0,5,4,1,7,6,1,15,5,10,5,3,2,20,8,12,2017
210000,"Raub, r uberische Erpressung und r uberischer Angriff auf Kraftfahrer    249-252, 255, 316a StGB",8111000,Stuttgart,vers.,128,80,48,0,0,0,3,2,1,3,2,1,10,8,2,14,6,8,90,58,32,11,6,5,101,64,37,2017
210000,"Raub, r uberische Erpressung und r uberischer Angriff auf Kraftfahrer    249-252, 255, 316a StGB",7211000,Trier,vers.,17,12,5,0,0,0,0,0,0,0,0,0,1,1,0,0,0,0,15,10,5,1,1,0,16,11,5,2017
210000,"Raub, r uberische Erpressung und r uberischer Angriff auf Kraftfahrer    249-252, 255, 316a StGB",8421000,Ulm,vers.,14,7,7,0,0,0,0,0,0,0,0,0,0,0,0,0,0,0,13,7,6,1,0,1,14,7,7,2017
210000,"Raub, r uberische Erpressung und r uberischer Angriff auf Kraftfahrer    249-252, 255, 316a StGB",6414000,Wiesbaden,vers.,40,33,7,0,0,0,3,3,0,3,3,0,3,3,0,4,4,0,29,23,6,1,0,1,30,23,7,2017
210000,"Raub, r uberische Erpressung und r uberischer Angriff auf Kraftfahrer    249-252, 255, 316a StGB",3103000,Wolfsburg,vers.,18,9,9,0,0,0,2,1,1,2,1,1,0,0,0,5,4,1,7,2,5,4,2,2,11,4,7,2017
210000,"Raub, r uberische Erpressung und r uberischer Angriff auf Kraftfahrer    249-252, 255, 316a StGB",5124000,Wuppertal,vers.,79,52,27,0,0,0,15,9,6,15,9,6,6,4,2,4,3,1,42,34,8,12,2,10,54,36,18,2017
210000,"Raub, r uberische Erpressung und r uberischer Angriff auf Kraftfahrer    249-252, 255, 316a StGB",9663000,W rzburg,vers.,10,7,3,0,0,0,0,0,0,0,0,0,1,1,0,2,2,0,6,3,3,1,1,0,7,4,3,2017
210000,"Raub, r uberische Erpressung und r uberischer Angriff auf Kraftfahrer    249-252, 255, 316a StGB",5334002,Aachen,insg.,313,224,89,0,0,0,8,7,1,8,7,1,16,13,3,39,33,6,213,155,58,37,16,21,250,171,79,2017
210000,"Raub, r uberische Erpressung und r uberischer Angriff auf Kraftfahrer    249-252, 255, 316a StGB",9761000,Augsburg,insg.,141,96,45,0,0,0,4,2,2,4,2,2,7,4,3,11,10,1,112,79,33,7,1,6,119,80,39,2017
210000,"Raub, r uberische Erpressung und r uberischer Angriff auf Kraftfahrer    249-252, 255, 316a StGB",5378004,Bergisch Gladbach,insg.,43,35,8,0,0,0,1,1,0,1,1,0,11,11,0,7,7,0,19,14,5,5,2,3,24,16,8,2017
210000,"Raub, r uberische Erpressung und r uberischer Angriff auf Kraftfahrer    249-252, 255, 316a StGB",11000000,Berlin,insg.,4966,3546,1420,2,1,1,202,175,27,204,176,28,572,489,83,451,366,85,3220,2298,922,519,217,302,3739,2515,1224,2017
210000,"Raub, r uberische Erpressung und r uberischer Angriff auf Kraftfahrer    249-252, 255, 316a StGB",5711000,Bielefeld,insg.,214,173,41,1,1,0,10,9,1,11,10,1,19,15,4,19,16,3,159,127,32,6,5,1,165,132,33,2017
210000,"Raub, r uberische Erpressung und r uberischer Angriff auf Kraftfahrer    249-252, 255, 316a StGB",5911000,Bochum,insg.,386,274,112,1,1,0,12,10,2,13,11,2,35,32,3,35,26,9,258,187,71,45,18,27,303,205,98,2017
210000,"Raub, r uberische Erpressung und r uberischer Angriff auf Kraftfahrer    249-252, 255, 316a StGB",5314000,Bonn,insg.,435,310,125,1,1,0,22,20,2,23,21,2,43,41,2,62,49,13,275,183,92,32,16,16,307,199,108,2017
210000,"Raub, r uberische Erpressung und r uberischer Angriff auf Kraftfahrer    249-252, 255, 316a StGB",5512000,Bottrop,insg.,77,51,26,0,0,0,3,2,1,3,2,1,13,10,3,8,7,1,41,29,12,12,3,9,53,32,21,2017
210000,"Raub, r uberische Erpressung und r uberischer Angriff auf Kraftfahrer    249-252, 255, 316a StGB",3101000,Braunschweig,insg.,160,107,53,0,0,0,1,1,0,1,1,0,15,14,1,19,15,4,111,74,37,14,3,11,125,77,48,2017
210000,"Raub, r uberische Erpressung und r uberischer Angriff auf Kraftfahrer    249-252, 255, 316a StGB",4011000,Bremen,insg.,997,670,327,0,0,0,22,16,6,22,16,6,88,69,19,93,76,17,658,467,191,136,42,94,794,509,285,2017
210000,"Raub, r uberische Erpressung und r uberischer Angriff auf Kraftfahrer    249-252, 255, 316a StGB",4012000,Bremerhaven,insg.,204,126,78,0,0,0,4,3,1,4,3,1,11,10,1,12,5,7,152,95,57,25,13,12,177,108,69,2017
210000,"Raub, r uberische Erpressung und r uberischer Angriff auf Kraftfahrer    249-252, 255, 316a StGB",14511000,Chemnitz,insg.,233,180,53,0,0,0,7,7,0,7,7,0,20,19,1,23,16,7,164,131,33,19,7,12,183,138,45,2017
210000,"Raub, r uberische Erpressung und r uberischer Angriff auf Kraftfahrer    249-252, 255, 316a StGB",12052000,Cottbus,insg.,82,57,25,0,0,0,0,0,0,0,0,0,5,5,0,7,6,1,65,44,21,5,2,3,70,46,24,2017
210000,"Raub, r uberische Erpressung und r uberischer Angriff auf Kraftfahrer    249-252, 255, 316a StGB",6411000,Darmstadt,insg.,107,81,26,0,0,0,10,9,1,10,9,1,12,9,3,11,9,2,71,52,19,3,2,1,74,54,20,2017
210000,"Raub, r uberische Erpressung und r uberischer Angriff auf Kraftfahrer    249-252, 255, 316a StGB",5913000,Dortmund,insg.,822,598,224,1,0,1,68,55,13,69,55,14,77,61,16,97,74,23,508,377,131,71,31,40,579,408,171,2017
210000,"Raub, r uberische Erpressung und r uberischer Angriff auf Kraftfahrer    249-252, 255, 316a StGB",14612000,Dresden,insg.,376,292,84,0,0,0,5,3,2,5,3,2,20,19,1,38,33,5,286,225,61,27,12,15,313,237,76,2017
210000,"Raub, r uberische Erpressung und r uberischer Angriff auf Kraftfahrer    249-252, 255, 316a StGB",5112000,Duisburg,insg.,529,341,188,0,0,0,35,30,5,35,30,5,68,63,5,47,32,15,315,186,129,64,30,34,379,216,163,2017
210000,"Raub, r uberische Erpressung und r uberischer Angriff auf Kraftfahrer    249-252, 255, 316a StGB",5111000,D sseldorf,insg.,562,393,169,1,0,1,13,10,3,14,10,4,47,40,7,61,47,14,370,265,105,70,31,39,440,296,144,2017
210000,"Raub, r uberische Erpressung und r uberischer Angriff auf Kraftfahrer    249-252, 255, 316a StGB",16051000,Erfurt,insg.,154,114,40,0,0,0,5,4,1,5,4,1,15,13,2,14,13,1,105,77,28,15,7,8,120,84,36,2017
210000,"Raub, r uberische Erpressung und r uberischer Angriff auf Kraftfahrer    249-252, 255, 316a StGB",9562000,Erlangen,insg.,25,12,13,0,0,0,0,0,0,0,0,0,3,2,1,0,0,0,17,8,9,5,2,3,22,10,12,2017
210000,"Raub, r uberische Erpressung und r uberischer Angriff auf Kraftfahrer    249-252, 255, 316a StGB",5113000,Essen,insg.,567,368,199,0,0,0,23,16,7,23,16,7,50,34,16,70,54,16,364,242,122,60,22,38,424,264,160,2017
210000,"Raub, r uberische Erpressung und r uberischer Angriff auf Kraftfahrer    249-252, 255, 316a StGB",6412000,Frankfurt am Main,insg.,1090,860,230,3,2,1,23,21,2,26,23,3,71,65,6,114,100,14,806,633,173,73,39,34,879,672,207,2017
210000,"Raub, r uberische Erpressung und r uberischer Angriff auf Kraftfahrer    249-252, 255, 316a StGB",8311000,Freiburg im Breisgau,insg.,218,160,58,0,0,0,4,2,2,4,2,2,11,10,1,15,13,2,174,126,48,14,9,5,188,135,53,2017
210000,"Raub, r uberische Erpressung und r uberischer Angriff auf Kraftfahrer    249-252, 255, 316a StGB",9563000,F rth,insg.,45,29,16,0,0,0,1,1,0,1,1,0,3,2,1,2,2,0,34,23,11,5,1,4,39,24,15,2017
210000,"Raub, r uberische Erpressung und r uberischer Angriff auf Kraftfahrer    249-252, 255, 316a StGB",5513000,Gelsenkirchen,insg.,293,214,79,0,0,0,21,21,0,21,21,0,46,40,6,30,23,7,168,115,53,28,15,13,196,130,66,2017
210000,"Raub, r uberische Erpressung und r uberischer Angriff auf Kraftfahrer    249-252, 255, 316a StGB",3159016,G ttingen,insg.,166,127,39,0,0,0,4,4,0,4,4,0,15,14,1,20,17,3,118,86,32,9,6,3,127,92,35,2017
210000,"Raub, r uberische Erpressung und r uberischer Angriff auf Kraftfahrer    249-252, 255, 316a StGB",5914000,Hagen,insg.,210,158,52,0,0,0,9,8,1,9,8,1,24,20,4,22,22,0,130,94,36,25,14,11,155,108,47,2017
210000,"Raub, r uberische Erpressung und r uberischer Angriff auf Kraftfahrer    249-252, 255, 316a StGB",15002000,Halle (Saale),insg.,331,245,86,1,0,1,21,19,2,22,19,3,32,28,4,35,25,10,211,156,55,31,17,14,242,173,69,2017
210000,"Raub, r uberische Erpressung und r uberischer Angriff auf Kraftfahrer    249-252, 255, 316a StGB",2000000,Hamburg,insg.,2370,1813,557,2,2,0,51,43,8,53,45,8,154,135,19,256,218,38,1714,1318,396,193,97,96,1907,1415,492,2017
210000,"Raub, r uberische Erpressung und r uberischer Angriff auf Kraftfahrer    249-252, 255, 316a StGB",5915000,Hamm,insg.,186,130,56,0,0,0,6,5,1,6,5,1,16,16,0,21,20,1,127,80,47,16,9,7,143,89,54,2017
210000,"Raub, r uberische Erpressung und r uberischer Angriff auf Kraftfahrer    249-252, 255, 316a StGB",3241001,Hannover,insg.,610,440,170,0,0,0,15,14,1,15,14,1,35,30,5,55,42,13,455,332,123,50,22,28,505,354,151,2017
210000,"Raub, r uberische Erpressung und r uberischer Angriff auf Kraftfahrer    249-252, 255, 316a StGB",8221000,Heidelberg,insg.,80,60,20,1,1,0,5,3,2,6,4,2,8,7,1,11,8,3,49,38,11,6,3,3,55,41,14,2017
210000,"Raub, r uberische Erpressung und r uberischer Angriff auf Kraftfahrer    249-252, 255, 316a StGB",8121000,Heilbronn,insg.,64,39,25,0,0,0,1,1,0,1,1,0,3,2,1,2,2,0,52,30,22,6,4,2,58,34,24,2017
210000,"Raub, r uberische Erpressung und r uberischer Angriff auf Kraftfahrer    249-252, 255, 316a StGB",5916000,Herne,insg.,105,69,36,0,0,0,7,5,2,7,5,2,16,16,0,10,10,0,50,33,17,22,5,17,72,38,34,2017
210000,"Raub, r uberische Erpressung und r uberischer Angriff auf Kraftfahrer    249-252, 255, 316a StGB",3254021,Hildesheim,insg.,101,64,37,0,0,0,4,4,0,4,4,0,4,3,1,10,9,1,67,43,24,16,5,11,83,48,35,2017
210000,"Raub, r uberische Erpressung und r uberischer Angriff auf Kraftfahrer    249-252, 255, 316a StGB",9161000,Ingolstadt,insg.,45,34,11,0,0,0,0,0,0,0,0,0,2,2,0,3,3,0,36,26,10,4,3,1,40,29,11,2017
210000,"Raub, r uberische Erpressung und r uberischer Angriff auf Kraftfahrer    249-252, 255, 316a StGB",16053000,Jena,insg.,39,30,9,0,0,0,0,0,0,0,0,0,2,2,0,5,3,2,29,23,6,3,2,1,32,25,7,2017
210000,"Raub, r uberische Erpressung und r uberischer Angriff auf Kraftfahrer    249-252, 255, 316a StGB",8212000,Karlsruhe,insg.,232,174,58,0,0,0,2,1,1,2,1,1,17,15,2,25,18,7,169,129,40,19,11,8,188,140,48,2017
210000,"Raub, r uberische Erpressung und r uberischer Angriff auf Kraftfahrer    249-252, 255, 316a StGB",6611000,Kassel,insg.,198,141,57,2,2,0,0,0,0,2,2,0,18,15,3,19,13,6,142,102,40,17,9,8,159,111,48,2017
210000,"Raub, r uberische Erpressung und r uberischer Angriff auf Kraftfahrer    249-252, 255, 316a StGB",1002000,Kiel,insg.,324,261,63,0,0,0,12,11,1,12,11,1,31,29,2,30,25,5,229,183,46,22,13,9,251,196,55,2017
210000,"Raub, r uberische Erpressung und r uberischer Angriff auf Kraftfahrer    249-252, 255, 316a StGB",7111000,Koblenz,insg.,85,53,32,0,0,0,0,0,0,0,0,0,8,7,1,10,9,1,51,29,22,16,8,8,67,37,30,2017
210000,"Raub, r uberische Erpressung und r uberischer Angriff auf Kraftfahrer    249-252, 255, 316a StGB",5315000,K ln,insg.,1461,1028,433,1,1,0,48,38,10,49,39,10,139,117,22,132,106,26,973,698,275,168,68,100,1141,766,375,2017
210000,"Raub, r uberische Erpressung und r uberischer Angriff auf Kraftfahrer    249-252, 255, 316a StGB",5114000,Krefeld,insg.,192,131,61,0,0,0,8,7,1,8,7,1,21,20,1,18,12,6,126,83,43,19,9,10,145,92,53,2017
210000,"Raub, r uberische Erpressung und r uberischer Angriff auf Kraftfahrer    249-252, 255, 316a StGB",14713000,Leipzig,insg.,594,386,208,0,0,0,15,13,2,15,13,2,46,36,10,48,39,9,401,285,116,84,13,71,485,298,187,2017
210000,"Raub, r uberische Erpressung und r uberischer Angriff auf Kraftfahrer    249-252, 255, 316a StGB",5316000,Leverkusen,insg.,144,108,36,0,0,0,11,10,1,11,10,1,33,30,3,12,9,3,71,53,18,17,6,11,88,59,29,2017
210000,"Raub, r uberische Erpressung und r uberischer Angriff auf Kraftfahrer    249-252, 255, 316a StGB",1003000,L beck,insg.,216,161,55,0,0,0,4,4,0,4,4,0,27,21,6,18,16,2,156,114,42,11,6,5,167,120,47,2017
210000,"Raub, r uberische Erpressung und r uberischer Angriff auf Kraftfahrer    249-252, 255, 316a StGB",7314000,Ludwigshafen am Rhein,insg.,223,173,50,0,0,0,21,16,5,21,16,5,73,69,4,17,13,4,98,66,32,14,9,5,112,75,37,2017
210000,"Raub, r uberische Erpressung und r uberischer Angriff auf Kraftfahrer    249-252, 255, 316a StGB",15003000,Magdeburg,insg.,264,185,79,0,0,0,8,8,0,8,8,0,38,33,5,39,32,7,162,107,55,17,5,12,179,112,67,2017
210000,"Raub, r uberische Erpressung und r uberischer Angriff auf Kraftfahrer    249-252, 255, 316a StGB",7315000,Mainz,insg.,119,90,29,0,0,0,2,2,0,2,2,0,21,18,3,17,16,1,68,48,20,11,6,5,79,54,25,2017
210000,"Raub, r uberische Erpressung und r uberischer Angriff auf Kraftfahrer    249-252, 255, 316a StGB",8222000,Mannheim,insg.,301,210,91,0,0,0,11,9,2,11,9,2,18,14,4,35,29,6,200,141,59,37,17,20,237,158,79,2017
210000,"Raub, r uberische Erpressung und r uberischer Angriff auf Kraftfahrer    249-252, 255, 316a StGB",5170024,Moers,insg.,63,41,22,0,0,0,2,2,0,2,2,0,7,6,1,5,3,2,46,28,18,3,2,1,49,30,19,2017
210000,"Raub, r uberische Erpressung und r uberischer Angriff auf Kraftfahrer    249-252, 255, 316a StGB",5116000,M nchengladbach,insg.,244,160,84,1,1,0,10,7,3,11,8,3,19,17,2,21,17,4,159,101,58,34,17,17,193,118,75,2017
210000,"Raub, r uberische Erpressung und r uberischer Angriff auf Kraftfahrer    249-252, 255, 316a StGB",5117000,M lheim an der Ruhr,insg.,95,55,40,0,0,0,7,5,2,7,5,2,14,11,3,7,5,2,51,27,24,16,7,9,67,34,33,2017
210000,"Raub, r uberische Erpressung und r uberischer Angriff auf Kraftfahrer    249-252, 255, 316a StGB",9162000,M nchen,insg.,628,416,212,0,0,0,16,12,4,16,12,4,52,40,12,60,38,22,448,300,148,52,26,26,500,326,174,2017
210000,"Raub, r uberische Erpressung und r uberischer Angriff auf Kraftfahrer    249-252, 255, 316a StGB",5515000,M nster,insg.,232,157,75,0,0,0,9,7,2,9,7,2,25,20,5,25,21,4,144,102,42,29,7,22,173,109,64,2017
210000,"Raub, r uberische Erpressung und r uberischer Angriff auf Kraftfahrer    249-252, 255, 316a StGB",5162024,Neuss,insg.,133,107,26,0,0,0,10,10,0,10,10,0,18,15,3,14,12,2,79,61,18,12,9,3,91,70,21,2017
210000,"Raub, r uberische Erpressung und r uberischer Angriff auf Kraftfahrer    249-252, 255, 316a StGB",9564000,N rnberg,insg.,322,217,105,0,0,0,6,5,1,6,5,1,25,19,6,29,24,5,233,155,78,29,14,15,262,169,93,2017
210000,"Raub, r uberische Erpressung und r uberischer Angriff auf Kraftfahrer    249-252, 255, 316a StGB",5119000,Oberhausen,insg.,207,159,48,0,0,0,13,10,3,13,10,3,47,40,7,17,14,3,107,79,28,23,16,7,130,95,35,2017
210000,"Raub, r uberische Erpressung und r uberischer Angriff auf Kraftfahrer    249-252, 255, 316a StGB",6413000,Offenbach am Main,insg.,138,102,36,0,0,0,4,2,2,4,2,2,33,27,6,12,7,5,81,63,18,8,3,5,89,66,23,2017
210000,"Raub, r uberische Erpressung und r uberischer Angriff auf Kraftfahrer    249-252, 255, 316a StGB",3403000,Oldenburg (Oldenburg),insg.,145,99,46,0,0,0,1,1,0,1,1,0,8,8,0,22,16,6,105,69,36,9,5,4,114,74,40,2017
210000,"Raub, r uberische Erpressung und r uberischer Angriff auf Kraftfahrer    249-252, 255, 316a StGB",3404000,Osnabr ck,insg.,194,143,51,0,0,0,5,4,1,5,4,1,11,9,2,21,15,6,142,108,34,15,7,8,157,115,42,2017
210000,"Raub, r uberische Erpressung und r uberischer Angriff auf Kraftfahrer    249-252, 255, 316a StGB",5774032,Paderborn,insg.,113,90,23,0,0,0,3,3,0,3,3,0,11,11,0,20,18,2,72,54,18,7,4,3,79,58,21,2017
210000,"Raub, r uberische Erpressung und r uberischer Angriff auf Kraftfahrer    249-252, 255, 316a StGB",8231000,Pforzheim,insg.,65,53,12,0,0,0,1,1,0,1,1,0,12,11,1,15,12,3,34,29,5,3,0,3,37,29,8,2017
210000,"Raub, r uberische Erpressung und r uberischer Angriff auf Kraftfahrer    249-252, 255, 316a StGB",12054000,Potsdam,insg.,134,97,37,0,0,0,7,6,1,7,6,1,25,19,6,10,9,1,78,60,18,14,3,11,92,63,29,2017
210000,"Raub, r uberische Erpressung und r uberischer Angriff auf Kraftfahrer    249-252, 255, 316a StGB",5562032,Recklinghausen,insg.,143,108,35,0,0,0,12,11,1,12,11,1,17,15,2,11,7,4,86,65,21,17,10,7,103,75,28,2017
210000,"Raub, r uberische Erpressung und r uberischer Angriff auf Kraftfahrer    249-252, 255, 316a StGB",9362000,Regensburg,insg.,91,59,32,0,0,0,0,0,0,0,0,0,9,9,0,12,9,3,63,36,27,7,5,2,70,41,29,2017
210000,"Raub, r uberische Erpressung und r uberischer Angriff auf Kraftfahrer    249-252, 255, 316a StGB",5120000,Remscheid,insg.,66,41,25,0,0,0,2,2,0,2,2,0,3,3,0,10,9,1,42,24,18,9,3,6,51,27,24,2017
210000,"Raub, r uberische Erpressung und r uberischer Angriff auf Kraftfahrer    249-252, 255, 316a StGB",8415061,Reutlingen,insg.,51,35,16,0,0,0,3,3,0,3,3,0,6,5,1,8,6,2,33,20,13,1,1,0,34,21,13,2017
210000,"Raub, r uberische Erpressung und r uberischer Angriff auf Kraftfahrer    249-252, 255, 316a StGB",13003000,Rostock,insg.,160,110,50,0,0,0,9,6,3,9,6,3,13,12,1,11,8,3,114,79,35,13,5,8,127,84,43,2017
210000,"Raub, r uberische Erpressung und r uberischer Angriff auf Kraftfahrer    249-252, 255, 316a StGB",10041100,Saarbr cken,insg.,293,200,93,0,0,0,6,6,0,6,6,0,34,27,7,28,22,6,206,136,70,19,9,10,225,145,80,2017
210000,"Raub, r uberische Erpressung und r uberischer Angriff auf Kraftfahrer    249-252, 255, 316a StGB",3102000,Salzgitter,insg.,51,28,23,0,0,0,1,0,1,1,0,1,4,4,0,4,4,0,38,18,20,4,2,2,42,20,22,2017
210000,"Raub, r uberische Erpressung und r uberischer Angriff auf Kraftfahrer    249-252, 255, 316a StGB",13004000,Schwerin,insg.,83,57,26,0,0,0,4,3,1,4,3,1,7,7,0,6,5,1,57,38,19,9,4,5,66,42,24,2017
210000,"Raub, r uberische Erpressung und r uberischer Angriff auf Kraftfahrer    249-252, 255, 316a StGB",5970040,Siegen,insg.,61,49,12,0,0,0,3,2,1,3,2,1,7,7,0,4,3,1,45,35,10,2,2,0,47,37,10,2017
210000,"Raub, r uberische Erpressung und r uberischer Angriff auf Kraftfahrer    249-252, 255, 316a StGB",5122000,Solingen,insg.,137,100,37,0,0,0,10,8,2,10,8,2,19,15,4,19,16,3,74,52,22,15,9,6,89,61,28,2017
210000,"Raub, r uberische Erpressung und r uberischer Angriff auf Kraftfahrer    249-252, 255, 316a StGB",8111000,Stuttgart,insg.,587,415,172,0,0,0,17,15,2,17,15,2,44,35,9,65,46,19,408,299,109,53,20,33,461,319,142,2017
210000,"Raub, r uberische Erpressung und r uberischer Angriff auf Kraftfahrer    249-252, 255, 316a StGB",7211000,Trier,insg.,82,58,24,0,0,0,0,0,0,0,0,0,4,4,0,7,6,1,62,42,20,9,6,3,71,48,23,2017
210000,"Raub, r uberische Erpressung und r uberischer Angriff auf Kraftfahrer    249-252, 255, 316a StGB",8421000,Ulm,insg.,79,53,26,0,0,0,0,0,0,0,0,0,2,1,1,10,8,2,64,43,21,3,1,2,67,44,23,2017
210000,"Raub, r uberische Erpressung und r uberischer Angriff auf Kraftfahrer    249-252, 255, 316a StGB",6414000,Wiesbaden,insg.,227,174,53,1,1,0,5,4,1,6,5,1,34,29,5,35,34,1,140,99,41,12,7,5,152,106,46,2017
210000,"Raub, r uberische Erpressung und r uberischer Angriff auf Kraftfahrer    249-252, 255, 316a StGB",3103000,Wolfsburg,insg.,59,34,25,0,0,0,2,1,1,2,1,1,6,5,1,11,8,3,32,16,16,8,4,4,40,20,20,2017
210000,"Raub, r uberische Erpressung und r uberischer Angriff auf Kraftfahrer    249-252, 255, 316a StGB",5124000,Wuppertal,insg.,395,270,125,0,0,0,34,23,11,34,23,11,31,22,9,36,29,7,244,180,64,50,16,34,294,196,98,2017
210000,"Raub, r uberische Erpressung und r uberischer Angriff auf Kraftfahrer    249-252, 255, 316a StGB",9663000,W rzburg,insg.,39,32,7,0,0,0,0,0,0,0,0,0,4,4,0,7,7,0,25,19,6,3,2,1,28,21,7,2017
211000,"Raub, r uberische Erpressung auf/gegen Geldinstitute, Postfilialen und -agenturen",5334002,Aachen,voll.,0,0,0,0,0,0,0,0,0,0,0,0,0,0,0,0,0,0,0,0,0,0,0,0,0,0,0,2017
211000,"Raub, r uberische Erpressung auf/gegen Geldinstitute, Postfilialen und -agenturen",9761000,Augsburg,voll.,4,2,2,0,0,0,0,0,0,0,0,0,0,0,0,0,0,0,4,2,2,0,0,0,4,2,2,2017
211000,"Raub, r uberische Erpressung auf/gegen Geldinstitute, Postfilialen und -agenturen",5378004,Bergisch Gladbach,voll.,0,0,0,0,0,0,0,0,0,0,0,0,0,0,0,0,0,0,0,0,0,0,0,0,0,0,0,2017
211000,"Raub, r uberische Erpressung auf/gegen Geldinstitute, Postfilialen und -agenturen",11000000,Berlin,voll.,12,5,7,0,0,0,0,0,0,0,0,0,0,0,0,1,1,0,10,4,6,1,0,1,11,4,7,2017
211000,"Raub, r uberische Erpressung auf/gegen Geldinstitute, Postfilialen und -agenturen",5711000,Bielefeld,voll.,0,0,0,0,0,0,0,0,0,0,0,0,0,0,0,0,0,0,0,0,0,0,0,0,0,0,0,2017
211000,"Raub, r uberische Erpressung auf/gegen Geldinstitute, Postfilialen und -agenturen",5911000,Bochum,voll.,1,1,0,0,0,0,0,0,0,0,0,0,0,0,0,0,0,0,1,1,0,0,0,0,1,1,0,2017
211000,"Raub, r uberische Erpressung auf/gegen Geldinstitute, Postfilialen und -agenturen",5314000,Bonn,voll.,0,0,0,0,0,0,0,0,0,0,0,0,0,0,0,0,0,0,0,0,0,0,0,0,0,0,0,2017
211000,"Raub, r uberische Erpressung auf/gegen Geldinstitute, Postfilialen und -agenturen",5512000,Bottrop,voll.,0,0,0,0,0,0,0,0,0,0,0,0,0,0,0,0,0,0,0,0,0,0,0,0,0,0,0,2017
211000,"Raub, r uberische Erpressung auf/gegen Geldinstitute, Postfilialen und -agenturen",3101000,Braunschweig,voll.,0,0,0,0,0,0,0,0,0,0,0,0,0,0,0,0,0,0,0,0,0,0,0,0,0,0,0,2017
211000,"Raub, r uberische Erpressung auf/gegen Geldinstitute, Postfilialen und -agenturen",4011000,Bremen,voll.,4,0,4,0,0,0,0,0,0,0,0,0,0,0,0,0,0,0,3,0,3,1,0,1,4,0,4,2017
211000,"Raub, r uberische Erpressung auf/gegen Geldinstitute, Postfilialen und -agenturen",4012000,Bremerhaven,voll.,0,0,0,0,0,0,0,0,0,0,0,0,0,0,0,0,0,0,0,0,0,0,0,0,0,0,0,2017
211000,"Raub, r uberische Erpressung auf/gegen Geldinstitute, Postfilialen und -agenturen",14511000,Chemnitz,voll.,0,0,0,0,0,0,0,0,0,0,0,0,0,0,0,0,0,0,0,0,0,0,0,0,0,0,0,2017
211000,"Raub, r uberische Erpressung auf/gegen Geldinstitute, Postfilialen und -agenturen",12052000,Cottbus,voll.,0,0,0,0,0,0,0,0,0,0,0,0,0,0,0,0,0,0,0,0,0,0,0,0,0,0,0,2017
211000,"Raub, r uberische Erpressung auf/gegen Geldinstitute, Postfilialen und -agenturen",6411000,Darmstadt,voll.,1,0,1,0,0,0,0,0,0,0,0,0,0,0,0,0,0,0,1,0,1,0,0,0,1,0,1,2017
211000,"Raub, r uberische Erpressung auf/gegen Geldinstitute, Postfilialen und -agenturen",5913000,Dortmund,voll.,2,1,1,0,0,0,0,0,0,0,0,0,0,0,0,0,0,0,1,1,0,1,0,1,2,1,1,2017
211000,"Raub, r uberische Erpressung auf/gegen Geldinstitute, Postfilialen und -agenturen",14612000,Dresden,voll.,3,1,2,0,0,0,0,0,0,0,0,0,0,0,0,0,0,0,3,1,2,0,0,0,3,1,2,2017
211000,"Raub, r uberische Erpressung auf/gegen Geldinstitute, Postfilialen und -agenturen",5112000,Duisburg,voll.,2,1,1,0,0,0,0,0,0,0,0,0,0,0,0,0,0,0,2,1,1,0,0,0,2,1,1,2017
211000,"Raub, r uberische Erpressung auf/gegen Geldinstitute, Postfilialen und -agenturen",5111000,D sseldorf,voll.,0,0,0,0,0,0,0,0,0,0,0,0,0,0,0,0,0,0,0,0,0,0,0,0,0,0,0,2017
211000,"Raub, r uberische Erpressung auf/gegen Geldinstitute, Postfilialen und -agenturen",16051000,Erfurt,voll.,0,0,0,0,0,0,0,0,0,0,0,0,0,0,0,0,0,0,0,0,0,0,0,0,0,0,0,2017
211000,"Raub, r uberische Erpressung auf/gegen Geldinstitute, Postfilialen und -agenturen",9562000,Erlangen,voll.,0,0,0,0,0,0,0,0,0,0,0,0,0,0,0,0,0,0,0,0,0,0,0,0,0,0,0,2017
211000,"Raub, r uberische Erpressung auf/gegen Geldinstitute, Postfilialen und -agenturen",5113000,Essen,voll.,0,0,0,0,0,0,0,0,0,0,0,0,0,0,0,0,0,0,0,0,0,0,0,0,0,0,0,2017
211000,"Raub, r uberische Erpressung auf/gegen Geldinstitute, Postfilialen und -agenturen",6412000,Frankfurt am Main,voll.,0,0,0,0,0,0,0,0,0,0,0,0,0,0,0,0,0,0,0,0,0,0,0,0,0,0,0,2017
211000,"Raub, r uberische Erpressung auf/gegen Geldinstitute, Postfilialen und -agenturen",8311000,Freiburg im Breisgau,voll.,1,1,0,0,0,0,0,0,0,0,0,0,0,0,0,0,0,0,1,1,0,0,0,0,1,1,0,2017
211000,"Raub, r uberische Erpressung auf/gegen Geldinstitute, Postfilialen und -agenturen",9563000,F rth,voll.,0,0,0,0,0,0,0,0,0,0,0,0,0,0,0,0,0,0,0,0,0,0,0,0,0,0,0,2017
211000,"Raub, r uberische Erpressung auf/gegen Geldinstitute, Postfilialen und -agenturen",5513000,Gelsenkirchen,voll.,0,0,0,0,0,0,0,0,0,0,0,0,0,0,0,0,0,0,0,0,0,0,0,0,0,0,0,2017
211000,"Raub, r uberische Erpressung auf/gegen Geldinstitute, Postfilialen und -agenturen",3159016,G ttingen,voll.,0,0,0,0,0,0,0,0,0,0,0,0,0,0,0,0,0,0,0,0,0,0,0,0,0,0,0,2017
211000,"Raub, r uberische Erpressung auf/gegen Geldinstitute, Postfilialen und -agenturen",5914000,Hagen,voll.,1,1,0,0,0,0,0,0,0,0,0,0,0,0,0,0,0,0,1,1,0,0,0,0,1,1,0,2017
211000,"Raub, r uberische Erpressung auf/gegen Geldinstitute, Postfilialen und -agenturen",15002000,Halle (Saale),voll.,0,0,0,0,0,0,0,0,0,0,0,0,0,0,0,0,0,0,0,0,0,0,0,0,0,0,0,2017
211000,"Raub, r uberische Erpressung auf/gegen Geldinstitute, Postfilialen und -agenturen",2000000,Hamburg,voll.,6,3,3,0,0,0,0,0,0,0,0,0,0,0,0,0,0,0,4,2,2,2,1,1,6,3,3,2017
211000,"Raub, r uberische Erpressung auf/gegen Geldinstitute, Postfilialen und -agenturen",5915000,Hamm,voll.,0,0,0,0,0,0,0,0,0,0,0,0,0,0,0,0,0,0,0,0,0,0,0,0,0,0,0,2017
211000,"Raub, r uberische Erpressung auf/gegen Geldinstitute, Postfilialen und -agenturen",3241001,Hannover,voll.,4,3,1,0,0,0,0,0,0,0,0,0,0,0,0,0,0,0,4,3,1,0,0,0,4,3,1,2017
211000,"Raub, r uberische Erpressung auf/gegen Geldinstitute, Postfilialen und -agenturen",8221000,Heidelberg,voll.,0,0,0,0,0,0,0,0,0,0,0,0,0,0,0,0,0,0,0,0,0,0,0,0,0,0,0,2017
211000,"Raub, r uberische Erpressung auf/gegen Geldinstitute, Postfilialen und -agenturen",8121000,Heilbronn,voll.,0,0,0,0,0,0,0,0,0,0,0,0,0,0,0,0,0,0,0,0,0,0,0,0,0,0,0,2017
211000,"Raub, r uberische Erpressung auf/gegen Geldinstitute, Postfilialen und -agenturen",5916000,Herne,voll.,0,0,0,0,0,0,0,0,0,0,0,0,0,0,0,0,0,0,0,0,0,0,0,0,0,0,0,2017
211000,"Raub, r uberische Erpressung auf/gegen Geldinstitute, Postfilialen und -agenturen",3254021,Hildesheim,voll.,0,0,0,0,0,0,0,0,0,0,0,0,0,0,0,0,0,0,0,0,0,0,0,0,0,0,0,2017
211000,"Raub, r uberische Erpressung auf/gegen Geldinstitute, Postfilialen und -agenturen",9161000,Ingolstadt,voll.,0,0,0,0,0,0,0,0,0,0,0,0,0,0,0,0,0,0,0,0,0,0,0,0,0,0,0,2017
211000,"Raub, r uberische Erpressung auf/gegen Geldinstitute, Postfilialen und -agenturen",16053000,Jena,voll.,0,0,0,0,0,0,0,0,0,0,0,0,0,0,0,0,0,0,0,0,0,0,0,0,0,0,0,2017
211000,"Raub, r uberische Erpressung auf/gegen Geldinstitute, Postfilialen und -agenturen",8212000,Karlsruhe,voll.,0,0,0,0,0,0,0,0,0,0,0,0,0,0,0,0,0,0,0,0,0,0,0,0,0,0,0,2017
211000,"Raub, r uberische Erpressung auf/gegen Geldinstitute, Postfilialen und -agenturen",6611000,Kassel,voll.,3,1,2,0,0,0,0,0,0,0,0,0,0,0,0,0,0,0,3,1,2,0,0,0,3,1,2,2017
211000,"Raub, r uberische Erpressung auf/gegen Geldinstitute, Postfilialen und -agenturen",1002000,Kiel,voll.,0,0,0,0,0,0,0,0,0,0,0,0,0,0,0,0,0,0,0,0,0,0,0,0,0,0,0,2017
211000,"Raub, r uberische Erpressung auf/gegen Geldinstitute, Postfilialen und -agenturen",7111000,Koblenz,voll.,0,0,0,0,0,0,0,0,0,0,0,0,0,0,0,0,0,0,0,0,0,0,0,0,0,0,0,2017
211000,"Raub, r uberische Erpressung auf/gegen Geldinstitute, Postfilialen und -agenturen",5315000,K ln,voll.,1,0,1,0,0,0,0,0,0,0,0,0,0,0,0,0,0,0,1,0,1,0,0,0,1,0,1,2017
211000,"Raub, r uberische Erpressung auf/gegen Geldinstitute, Postfilialen und -agenturen",5114000,Krefeld,voll.,0,0,0,0,0,0,0,0,0,0,0,0,0,0,0,0,0,0,0,0,0,0,0,0,0,0,0,2017
211000,"Raub, r uberische Erpressung auf/gegen Geldinstitute, Postfilialen und -agenturen",14713000,Leipzig,voll.,1,0,1,0,0,0,0,0,0,0,0,0,0,0,0,0,0,0,1,0,1,0,0,0,1,0,1,2017
211000,"Raub, r uberische Erpressung auf/gegen Geldinstitute, Postfilialen und -agenturen",5316000,Leverkusen,voll.,0,0,0,0,0,0,0,0,0,0,0,0,0,0,0,0,0,0,0,0,0,0,0,0,0,0,0,2017
211000,"Raub, r uberische Erpressung auf/gegen Geldinstitute, Postfilialen und -agenturen",1003000,L beck,voll.,0,0,0,0,0,0,0,0,0,0,0,0,0,0,0,0,0,0,0,0,0,0,0,0,0,0,0,2017
211000,"Raub, r uberische Erpressung auf/gegen Geldinstitute, Postfilialen und -agenturen",7314000,Ludwigshafen am Rhein,voll.,0,0,0,0,0,0,0,0,0,0,0,0,0,0,0,0,0,0,0,0,0,0,0,0,0,0,0,2017
211000,"Raub, r uberische Erpressung auf/gegen Geldinstitute, Postfilialen und -agenturen",15003000,Magdeburg,voll.,4,2,2,0,0,0,0,0,0,0,0,0,1,1,0,1,0,1,2,1,1,0,0,0,2,1,1,2017
211000,"Raub, r uberische Erpressung auf/gegen Geldinstitute, Postfilialen und -agenturen",7315000,Mainz,voll.,0,0,0,0,0,0,0,0,0,0,0,0,0,0,0,0,0,0,0,0,0,0,0,0,0,0,0,2017
211000,"Raub, r uberische Erpressung auf/gegen Geldinstitute, Postfilialen und -agenturen",8222000,Mannheim,voll.,2,1,1,0,0,0,0,0,0,0,0,0,0,0,0,0,0,0,2,1,1,0,0,0,2,1,1,2017
211000,"Raub, r uberische Erpressung auf/gegen Geldinstitute, Postfilialen und -agenturen",5170024,Moers,voll.,0,0,0,0,0,0,0,0,0,0,0,0,0,0,0,0,0,0,0,0,0,0,0,0,0,0,0,2017
211000,"Raub, r uberische Erpressung auf/gegen Geldinstitute, Postfilialen und -agenturen",5116000,M nchengladbach,voll.,4,2,2,0,0,0,0,0,0,0,0,0,0,0,0,1,0,1,2,1,1,1,1,0,3,2,1,2017
211000,"Raub, r uberische Erpressung auf/gegen Geldinstitute, Postfilialen und -agenturen",5117000,M lheim an der Ruhr,voll.,0,0,0,0,0,0,0,0,0,0,0,0,0,0,0,0,0,0,0,0,0,0,0,0,0,0,0,2017
211000,"Raub, r uberische Erpressung auf/gegen Geldinstitute, Postfilialen und -agenturen",9162000,M nchen,voll.,2,0,2,0,0,0,0,0,0,0,0,0,1,0,1,0,0,0,1,0,1,0,0,0,1,0,1,2017
211000,"Raub, r uberische Erpressung auf/gegen Geldinstitute, Postfilialen und -agenturen",5515000,M nster,voll.,1,1,0,0,0,0,0,0,0,0,0,0,0,0,0,0,0,0,1,1,0,0,0,0,1,1,0,2017
211000,"Raub, r uberische Erpressung auf/gegen Geldinstitute, Postfilialen und -agenturen",5162024,Neuss,voll.,0,0,0,0,0,0,0,0,0,0,0,0,0,0,0,0,0,0,0,0,0,0,0,0,0,0,0,2017
211000,"Raub, r uberische Erpressung auf/gegen Geldinstitute, Postfilialen und -agenturen",9564000,N rnberg,voll.,2,0,2,0,0,0,0,0,0,0,0,0,0,0,0,0,0,0,2,0,2,0,0,0,2,0,2,2017
211000,"Raub, r uberische Erpressung auf/gegen Geldinstitute, Postfilialen und -agenturen",5119000,Oberhausen,voll.,0,0,0,0,0,0,0,0,0,0,0,0,0,0,0,0,0,0,0,0,0,0,0,0,0,0,0,2017
211000,"Raub, r uberische Erpressung auf/gegen Geldinstitute, Postfilialen und -agenturen",6413000,Offenbach am Main,voll.,0,0,0,0,0,0,0,0,0,0,0,0,0,0,0,0,0,0,0,0,0,0,0,0,0,0,0,2017
211000,"Raub, r uberische Erpressung auf/gegen Geldinstitute, Postfilialen und -agenturen",3403000,Oldenburg (Oldenburg),voll.,0,0,0,0,0,0,0,0,0,0,0,0,0,0,0,0,0,0,0,0,0,0,0,0,0,0,0,2017
211000,"Raub, r uberische Erpressung auf/gegen Geldinstitute, Postfilialen und -agenturen",3404000,Osnabr ck,voll.,0,0,0,0,0,0,0,0,0,0,0,0,0,0,0,0,0,0,0,0,0,0,0,0,0,0,0,2017
211000,"Raub, r uberische Erpressung auf/gegen Geldinstitute, Postfilialen und -agenturen",5774032,Paderborn,voll.,0,0,0,0,0,0,0,0,0,0,0,0,0,0,0,0,0,0,0,0,0,0,0,0,0,0,0,2017
211000,"Raub, r uberische Erpressung auf/gegen Geldinstitute, Postfilialen und -agenturen",8231000,Pforzheim,voll.,0,0,0,0,0,0,0,0,0,0,0,0,0,0,0,0,0,0,0,0,0,0,0,0,0,0,0,2017
211000,"Raub, r uberische Erpressung auf/gegen Geldinstitute, Postfilialen und -agenturen",12054000,Potsdam,voll.,0,0,0,0,0,0,0,0,0,0,0,0,0,0,0,0,0,0,0,0,0,0,0,0,0,0,0,2017
211000,"Raub, r uberische Erpressung auf/gegen Geldinstitute, Postfilialen und -agenturen",5562032,Recklinghausen,voll.,0,0,0,0,0,0,0,0,0,0,0,0,0,0,0,0,0,0,0,0,0,0,0,0,0,0,0,2017
211000,"Raub, r uberische Erpressung auf/gegen Geldinstitute, Postfilialen und -agenturen",9362000,Regensburg,voll.,0,0,0,0,0,0,0,0,0,0,0,0,0,0,0,0,0,0,0,0,0,0,0,0,0,0,0,2017
211000,"Raub, r uberische Erpressung auf/gegen Geldinstitute, Postfilialen und -agenturen",5120000,Remscheid,voll.,0,0,0,0,0,0,0,0,0,0,0,0,0,0,0,0,0,0,0,0,0,0,0,0,0,0,0,2017
211000,"Raub, r uberische Erpressung auf/gegen Geldinstitute, Postfilialen und -agenturen",8415061,Reutlingen,voll.,0,0,0,0,0,0,0,0,0,0,0,0,0,0,0,0,0,0,0,0,0,0,0,0,0,0,0,2017
211000,"Raub, r uberische Erpressung auf/gegen Geldinstitute, Postfilialen und -agenturen",13003000,Rostock,voll.,0,0,0,0,0,0,0,0,0,0,0,0,0,0,0,0,0,0,0,0,0,0,0,0,0,0,0,2017
211000,"Raub, r uberische Erpressung auf/gegen Geldinstitute, Postfilialen und -agenturen",10041100,Saarbr cken,voll.,0,0,0,0,0,0,0,0,0,0,0,0,0,0,0,0,0,0,0,0,0,0,0,0,0,0,0,2017
211000,"Raub, r uberische Erpressung auf/gegen Geldinstitute, Postfilialen und -agenturen",3102000,Salzgitter,voll.,0,0,0,0,0,0,0,0,0,0,0,0,0,0,0,0,0,0,0,0,0,0,0,0,0,0,0,2017
211000,"Raub, r uberische Erpressung auf/gegen Geldinstitute, Postfilialen und -agenturen",13004000,Schwerin,voll.,0,0,0,0,0,0,0,0,0,0,0,0,0,0,0,0,0,0,0,0,0,0,0,0,0,0,0,2017
211000,"Raub, r uberische Erpressung auf/gegen Geldinstitute, Postfilialen und -agenturen",5970040,Siegen,voll.,0,0,0,0,0,0,0,0,0,0,0,0,0,0,0,0,0,0,0,0,0,0,0,0,0,0,0,2017
211000,"Raub, r uberische Erpressung auf/gegen Geldinstitute, Postfilialen und -agenturen",5122000,Solingen,voll.,0,0,0,0,0,0,0,0,0,0,0,0,0,0,0,0,0,0,0,0,0,0,0,0,0,0,0,2017
211000,"Raub, r uberische Erpressung auf/gegen Geldinstitute, Postfilialen und -agenturen",8111000,Stuttgart,voll.,1,0,1,0,0,0,0,0,0,0,0,0,0,0,0,0,0,0,1,0,1,0,0,0,1,0,1,2017
211000,"Raub, r uberische Erpressung auf/gegen Geldinstitute, Postfilialen und -agenturen",7211000,Trier,voll.,0,0,0,0,0,0,0,0,0,0,0,0,0,0,0,0,0,0,0,0,0,0,0,0,0,0,0,2017
211000,"Raub, r uberische Erpressung auf/gegen Geldinstitute, Postfilialen und -agenturen",8421000,Ulm,voll.,0,0,0,0,0,0,0,0,0,0,0,0,0,0,0,0,0,0,0,0,0,0,0,0,0,0,0,2017
211000,"Raub, r uberische Erpressung auf/gegen Geldinstitute, Postfilialen und -agenturen",6414000,Wiesbaden,voll.,2,2,0,0,0,0,0,0,0,0,0,0,0,0,0,2,2,0,0,0,0,0,0,0,0,0,0,2017
211000,"Raub, r uberische Erpressung auf/gegen Geldinstitute, Postfilialen und -agenturen",3103000,Wolfsburg,voll.,0,0,0,0,0,0,0,0,0,0,0,0,0,0,0,0,0,0,0,0,0,0,0,0,0,0,0,2017
211000,"Raub, r uberische Erpressung auf/gegen Geldinstitute, Postfilialen und -agenturen",5124000,Wuppertal,voll.,3,1,2,0,0,0,0,0,0,0,0,0,0,0,0,0,0,0,2,1,1,1,0,1,3,1,2,2017
211000,"Raub, r uberische Erpressung auf/gegen Geldinstitute, Postfilialen und -agenturen",9663000,W rzburg,voll.,0,0,0,0,0,0,0,0,0,0,0,0,0,0,0,0,0,0,0,0,0,0,0,0,0,0,0,2017
211000,"Raub, r uberische Erpressung auf/gegen Geldinstitute, Postfilialen und -agenturen",5334002,Aachen,vers.,3,2,1,0,0,0,0,0,0,0,0,0,0,0,0,0,0,0,3,2,1,0,0,0,3,2,1,2017
211000,"Raub, r uberische Erpressung auf/gegen Geldinstitute, Postfilialen und -agenturen",9761000,Augsburg,vers.,2,1,1,0,0,0,0,0,0,0,0,0,0,0,0,0,0,0,2,1,1,0,0,0,2,1,1,2017
211000,"Raub, r uberische Erpressung auf/gegen Geldinstitute, Postfilialen und -agenturen",5378004,Bergisch Gladbach,vers.,0,0,0,0,0,0,0,0,0,0,0,0,0,0,0,0,0,0,0,0,0,0,0,0,0,0,0,2017
211000,"Raub, r uberische Erpressung auf/gegen Geldinstitute, Postfilialen und -agenturen",11000000,Berlin,vers.,3,2,1,0,0,0,0,0,0,0,0,0,0,0,0,0,0,0,3,2,1,0,0,0,3,2,1,2017
211000,"Raub, r uberische Erpressung auf/gegen Geldinstitute, Postfilialen und -agenturen",5711000,Bielefeld,vers.,0,0,0,0,0,0,0,0,0,0,0,0,0,0,0,0,0,0,0,0,0,0,0,0,0,0,0,2017
211000,"Raub, r uberische Erpressung auf/gegen Geldinstitute, Postfilialen und -agenturen",5911000,Bochum,vers.,0,0,0,0,0,0,0,0,0,0,0,0,0,0,0,0,0,0,0,0,0,0,0,0,0,0,0,2017
211000,"Raub, r uberische Erpressung auf/gegen Geldinstitute, Postfilialen und -agenturen",5314000,Bonn,vers.,0,0,0,0,0,0,0,0,0,0,0,0,0,0,0,0,0,0,0,0,0,0,0,0,0,0,0,2017
211000,"Raub, r uberische Erpressung auf/gegen Geldinstitute, Postfilialen und -agenturen",5512000,Bottrop,vers.,0,0,0,0,0,0,0,0,0,0,0,0,0,0,0,0,0,0,0,0,0,0,0,0,0,0,0,2017
211000,"Raub, r uberische Erpressung auf/gegen Geldinstitute, Postfilialen und -agenturen",3101000,Braunschweig,vers.,0,0,0,0,0,0,0,0,0,0,0,0,0,0,0,0,0,0,0,0,0,0,0,0,0,0,0,2017
211000,"Raub, r uberische Erpressung auf/gegen Geldinstitute, Postfilialen und -agenturen",4011000,Bremen,vers.,0,0,0,0,0,0,0,0,0,0,0,0,0,0,0,0,0,0,0,0,0,0,0,0,0,0,0,2017
211000,"Raub, r uberische Erpressung auf/gegen Geldinstitute, Postfilialen und -agenturen",4012000,Bremerhaven,vers.,1,0,1,0,0,0,0,0,0,0,0,0,0,0,0,0,0,0,1,0,1,0,0,0,1,0,1,2017
211000,"Raub, r uberische Erpressung auf/gegen Geldinstitute, Postfilialen und -agenturen",14511000,Chemnitz,vers.,0,0,0,0,0,0,0,0,0,0,0,0,0,0,0,0,0,0,0,0,0,0,0,0,0,0,0,2017
211000,"Raub, r uberische Erpressung auf/gegen Geldinstitute, Postfilialen und -agenturen",12052000,Cottbus,vers.,0,0,0,0,0,0,0,0,0,0,0,0,0,0,0,0,0,0,0,0,0,0,0,0,0,0,0,2017
211000,"Raub, r uberische Erpressung auf/gegen Geldinstitute, Postfilialen und -agenturen",6411000,Darmstadt,vers.,0,0,0,0,0,0,0,0,0,0,0,0,0,0,0,0,0,0,0,0,0,0,0,0,0,0,0,2017
211000,"Raub, r uberische Erpressung auf/gegen Geldinstitute, Postfilialen und -agenturen",5913000,Dortmund,vers.,0,0,0,0,0,0,0,0,0,0,0,0,0,0,0,0,0,0,0,0,0,0,0,0,0,0,0,2017
211000,"Raub, r uberische Erpressung auf/gegen Geldinstitute, Postfilialen und -agenturen",14612000,Dresden,vers.,0,0,0,0,0,0,0,0,0,0,0,0,0,0,0,0,0,0,0,0,0,0,0,0,0,0,0,2017
211000,"Raub, r uberische Erpressung auf/gegen Geldinstitute, Postfilialen und -agenturen",5112000,Duisburg,vers.,0,0,0,0,0,0,0,0,0,0,0,0,0,0,0,0,0,0,0,0,0,0,0,0,0,0,0,2017
211000,"Raub, r uberische Erpressung auf/gegen Geldinstitute, Postfilialen und -agenturen",5111000,D sseldorf,vers.,1,0,1,0,0,0,0,0,0,0,0,0,0,0,0,1,0,1,0,0,0,0,0,0,0,0,0,2017
211000,"Raub, r uberische Erpressung auf/gegen Geldinstitute, Postfilialen und -agenturen",16051000,Erfurt,vers.,0,0,0,0,0,0,0,0,0,0,0,0,0,0,0,0,0,0,0,0,0,0,0,0,0,0,0,2017
211000,"Raub, r uberische Erpressung auf/gegen Geldinstitute, Postfilialen und -agenturen",9562000,Erlangen,vers.,0,0,0,0,0,0,0,0,0,0,0,0,0,0,0,0,0,0,0,0,0,0,0,0,0,0,0,2017
211000,"Raub, r uberische Erpressung auf/gegen Geldinstitute, Postfilialen und -agenturen",5113000,Essen,vers.,1,1,0,0,0,0,0,0,0,0,0,0,0,0,0,0,0,0,1,1,0,0,0,0,1,1,0,2017
211000,"Raub, r uberische Erpressung auf/gegen Geldinstitute, Postfilialen und -agenturen",6412000,Frankfurt am Main,vers.,0,0,0,0,0,0,0,0,0,0,0,0,0,0,0,0,0,0,0,0,0,0,0,0,0,0,0,2017
211000,"Raub, r uberische Erpressung auf/gegen Geldinstitute, Postfilialen und -agenturen",8311000,Freiburg im Breisgau,vers.,0,0,0,0,0,0,0,0,0,0,0,0,0,0,0,0,0,0,0,0,0,0,0,0,0,0,0,2017
211000,"Raub, r uberische Erpressung auf/gegen Geldinstitute, Postfilialen und -agenturen",9563000,F rth,vers.,0,0,0,0,0,0,0,0,0,0,0,0,0,0,0,0,0,0,0,0,0,0,0,0,0,0,0,2017
211000,"Raub, r uberische Erpressung auf/gegen Geldinstitute, Postfilialen und -agenturen",5513000,Gelsenkirchen,vers.,0,0,0,0,0,0,0,0,0,0,0,0,0,0,0,0,0,0,0,0,0,0,0,0,0,0,0,2017
211000,"Raub, r uberische Erpressung auf/gegen Geldinstitute, Postfilialen und -agenturen",3159016,G ttingen,vers.,1,1,0,0,0,0,0,0,0,0,0,0,0,0,0,0,0,0,1,1,0,0,0,0,1,1,0,2017
211000,"Raub, r uberische Erpressung auf/gegen Geldinstitute, Postfilialen und -agenturen",5914000,Hagen,vers.,0,0,0,0,0,0,0,0,0,0,0,0,0,0,0,0,0,0,0,0,0,0,0,0,0,0,0,2017
211000,"Raub, r uberische Erpressung auf/gegen Geldinstitute, Postfilialen und -agenturen",15002000,Halle (Saale),vers.,0,0,0,0,0,0,0,0,0,0,0,0,0,0,0,0,0,0,0,0,0,0,0,0,0,0,0,2017
211000,"Raub, r uberische Erpressung auf/gegen Geldinstitute, Postfilialen und -agenturen",2000000,Hamburg,vers.,0,0,0,0,0,0,0,0,0,0,0,0,0,0,0,0,0,0,0,0,0,0,0,0,0,0,0,2017
211000,"Raub, r uberische Erpressung auf/gegen Geldinstitute, Postfilialen und -agenturen",5915000,Hamm,vers.,0,0,0,0,0,0,0,0,0,0,0,0,0,0,0,0,0,0,0,0,0,0,0,0,0,0,0,2017
211000,"Raub, r uberische Erpressung auf/gegen Geldinstitute, Postfilialen und -agenturen",3241001,Hannover,vers.,0,0,0,0,0,0,0,0,0,0,0,0,0,0,0,0,0,0,0,0,0,0,0,0,0,0,0,2017
211000,"Raub, r uberische Erpressung auf/gegen Geldinstitute, Postfilialen und -agenturen",8221000,Heidelberg,vers.,0,0,0,0,0,0,0,0,0,0,0,0,0,0,0,0,0,0,0,0,0,0,0,0,0,0,0,2017
211000,"Raub, r uberische Erpressung auf/gegen Geldinstitute, Postfilialen und -agenturen",8121000,Heilbronn,vers.,0,0,0,0,0,0,0,0,0,0,0,0,0,0,0,0,0,0,0,0,0,0,0,0,0,0,0,2017
211000,"Raub, r uberische Erpressung auf/gegen Geldinstitute, Postfilialen und -agenturen",5916000,Herne,vers.,0,0,0,0,0,0,0,0,0,0,0,0,0,0,0,0,0,0,0,0,0,0,0,0,0,0,0,2017
211000,"Raub, r uberische Erpressung auf/gegen Geldinstitute, Postfilialen und -agenturen",3254021,Hildesheim,vers.,1,0,1,0,0,0,0,0,0,0,0,0,0,0,0,0,0,0,1,0,1,0,0,0,1,0,1,2017
211000,"Raub, r uberische Erpressung auf/gegen Geldinstitute, Postfilialen und -agenturen",9161000,Ingolstadt,vers.,0,0,0,0,0,0,0,0,0,0,0,0,0,0,0,0,0,0,0,0,0,0,0,0,0,0,0,2017
211000,"Raub, r uberische Erpressung auf/gegen Geldinstitute, Postfilialen und -agenturen",16053000,Jena,vers.,0,0,0,0,0,0,0,0,0,0,0,0,0,0,0,0,0,0,0,0,0,0,0,0,0,0,0,2017
211000,"Raub, r uberische Erpressung auf/gegen Geldinstitute, Postfilialen und -agenturen",8212000,Karlsruhe,vers.,0,0,0,0,0,0,0,0,0,0,0,0,0,0,0,0,0,0,0,0,0,0,0,0,0,0,0,2017
211000,"Raub, r uberische Erpressung auf/gegen Geldinstitute, Postfilialen und -agenturen",6611000,Kassel,vers.,0,0,0,0,0,0,0,0,0,0,0,0,0,0,0,0,0,0,0,0,0,0,0,0,0,0,0,2017
211000,"Raub, r uberische Erpressung auf/gegen Geldinstitute, Postfilialen und -agenturen",1002000,Kiel,vers.,1,0,1,0,0,0,0,0,0,0,0,0,0,0,0,0,0,0,1,0,1,0,0,0,1,0,1,2017
211000,"Raub, r uberische Erpressung auf/gegen Geldinstitute, Postfilialen und -agenturen",7111000,Koblenz,vers.,1,1,0,0,0,0,0,0,0,0,0,0,0,0,0,0,0,0,0,0,0,1,1,0,1,1,0,2017
211000,"Raub, r uberische Erpressung auf/gegen Geldinstitute, Postfilialen und -agenturen",5315000,K ln,vers.,1,1,0,0,0,0,0,0,0,0,0,0,0,0,0,1,1,0,0,0,0,0,0,0,0,0,0,2017
211000,"Raub, r uberische Erpressung auf/gegen Geldinstitute, Postfilialen und -agenturen",5114000,Krefeld,vers.,0,0,0,0,0,0,0,0,0,0,0,0,0,0,0,0,0,0,0,0,0,0,0,0,0,0,0,2017
211000,"Raub, r uberische Erpressung auf/gegen Geldinstitute, Postfilialen und -agenturen",14713000,Leipzig,vers.,1,0,1,0,0,0,0,0,0,0,0,0,0,0,0,0,0,0,1,0,1,0,0,0,1,0,1,2017
211000,"Raub, r uberische Erpressung auf/gegen Geldinstitute, Postfilialen und -agenturen",5316000,Leverkusen,vers.,0,0,0,0,0,0,0,0,0,0,0,0,0,0,0,0,0,0,0,0,0,0,0,0,0,0,0,2017
211000,"Raub, r uberische Erpressung auf/gegen Geldinstitute, Postfilialen und -agenturen",1003000,L beck,vers.,0,0,0,0,0,0,0,0,0,0,0,0,0,0,0,0,0,0,0,0,0,0,0,0,0,0,0,2017
211000,"Raub, r uberische Erpressung auf/gegen Geldinstitute, Postfilialen und -agenturen",7314000,Ludwigshafen am Rhein,vers.,0,0,0,0,0,0,0,0,0,0,0,0,0,0,0,0,0,0,0,0,0,0,0,0,0,0,0,2017
211000,"Raub, r uberische Erpressung auf/gegen Geldinstitute, Postfilialen und -agenturen",15003000,Magdeburg,vers.,1,0,1,0,0,0,0,0,0,0,0,0,0,0,0,0,0,0,1,0,1,0,0,0,1,0,1,2017
211000,"Raub, r uberische Erpressung auf/gegen Geldinstitute, Postfilialen und -agenturen",7315000,Mainz,vers.,0,0,0,0,0,0,0,0,0,0,0,0,0,0,0,0,0,0,0,0,0,0,0,0,0,0,0,2017
211000,"Raub, r uberische Erpressung auf/gegen Geldinstitute, Postfilialen und -agenturen",8222000,Mannheim,vers.,0,0,0,0,0,0,0,0,0,0,0,0,0,0,0,0,0,0,0,0,0,0,0,0,0,0,0,2017
211000,"Raub, r uberische Erpressung auf/gegen Geldinstitute, Postfilialen und -agenturen",5170024,Moers,vers.,0,0,0,0,0,0,0,0,0,0,0,0,0,0,0,0,0,0,0,0,0,0,0,0,0,0,0,2017
211000,"Raub, r uberische Erpressung auf/gegen Geldinstitute, Postfilialen und -agenturen",5116000,M nchengladbach,vers.,0,0,0,0,0,0,0,0,0,0,0,0,0,0,0,0,0,0,0,0,0,0,0,0,0,0,0,2017
211000,"Raub, r uberische Erpressung auf/gegen Geldinstitute, Postfilialen und -agenturen",5117000,M lheim an der Ruhr,vers.,0,0,0,0,0,0,0,0,0,0,0,0,0,0,0,0,0,0,0,0,0,0,0,0,0,0,0,2017
211000,"Raub, r uberische Erpressung auf/gegen Geldinstitute, Postfilialen und -agenturen",9162000,M nchen,vers.,10,4,6,0,0,0,0,0,0,0,0,0,1,0,1,1,0,1,8,4,4,0,0,0,8,4,4,2017
211000,"Raub, r uberische Erpressung auf/gegen Geldinstitute, Postfilialen und -agenturen",5515000,M nster,vers.,0,0,0,0,0,0,0,0,0,0,0,0,0,0,0,0,0,0,0,0,0,0,0,0,0,0,0,2017
211000,"Raub, r uberische Erpressung auf/gegen Geldinstitute, Postfilialen und -agenturen",5162024,Neuss,vers.,0,0,0,0,0,0,0,0,0,0,0,0,0,0,0,0,0,0,0,0,0,0,0,0,0,0,0,2017
211000,"Raub, r uberische Erpressung auf/gegen Geldinstitute, Postfilialen und -agenturen",9564000,N rnberg,vers.,0,0,0,0,0,0,0,0,0,0,0,0,0,0,0,0,0,0,0,0,0,0,0,0,0,0,0,2017
211000,"Raub, r uberische Erpressung auf/gegen Geldinstitute, Postfilialen und -agenturen",5119000,Oberhausen,vers.,1,1,0,0,0,0,0,0,0,0,0,0,0,0,0,0,0,0,1,1,0,0,0,0,1,1,0,2017
211000,"Raub, r uberische Erpressung auf/gegen Geldinstitute, Postfilialen und -agenturen",6413000,Offenbach am Main,vers.,0,0,0,0,0,0,0,0,0,0,0,0,0,0,0,0,0,0,0,0,0,0,0,0,0,0,0,2017
211000,"Raub, r uberische Erpressung auf/gegen Geldinstitute, Postfilialen und -agenturen",3403000,Oldenburg (Oldenburg),vers.,0,0,0,0,0,0,0,0,0,0,0,0,0,0,0,0,0,0,0,0,0,0,0,0,0,0,0,2017
211000,"Raub, r uberische Erpressung auf/gegen Geldinstitute, Postfilialen und -agenturen",3404000,Osnabr ck,vers.,0,0,0,0,0,0,0,0,0,0,0,0,0,0,0,0,0,0,0,0,0,0,0,0,0,0,0,2017
211000,"Raub, r uberische Erpressung auf/gegen Geldinstitute, Postfilialen und -agenturen",5774032,Paderborn,vers.,0,0,0,0,0,0,0,0,0,0,0,0,0,0,0,0,0,0,0,0,0,0,0,0,0,0,0,2017
211000,"Raub, r uberische Erpressung auf/gegen Geldinstitute, Postfilialen und -agenturen",8231000,Pforzheim,vers.,0,0,0,0,0,0,0,0,0,0,0,0,0,0,0,0,0,0,0,0,0,0,0,0,0,0,0,2017
211000,"Raub, r uberische Erpressung auf/gegen Geldinstitute, Postfilialen und -agenturen",12054000,Potsdam,vers.,0,0,0,0,0,0,0,0,0,0,0,0,0,0,0,0,0,0,0,0,0,0,0,0,0,0,0,2017
211000,"Raub, r uberische Erpressung auf/gegen Geldinstitute, Postfilialen und -agenturen",5562032,Recklinghausen,vers.,0,0,0,0,0,0,0,0,0,0,0,0,0,0,0,0,0,0,0,0,0,0,0,0,0,0,0,2017
211000,"Raub, r uberische Erpressung auf/gegen Geldinstitute, Postfilialen und -agenturen",9362000,Regensburg,vers.,0,0,0,0,0,0,0,0,0,0,0,0,0,0,0,0,0,0,0,0,0,0,0,0,0,0,0,2017
211000,"Raub, r uberische Erpressung auf/gegen Geldinstitute, Postfilialen und -agenturen",5120000,Remscheid,vers.,0,0,0,0,0,0,0,0,0,0,0,0,0,0,0,0,0,0,0,0,0,0,0,0,0,0,0,2017
211000,"Raub, r uberische Erpressung auf/gegen Geldinstitute, Postfilialen und -agenturen",8415061,Reutlingen,vers.,0,0,0,0,0,0,0,0,0,0,0,0,0,0,0,0,0,0,0,0,0,0,0,0,0,0,0,2017
211000,"Raub, r uberische Erpressung auf/gegen Geldinstitute, Postfilialen und -agenturen",13003000,Rostock,vers.,0,0,0,0,0,0,0,0,0,0,0,0,0,0,0,0,0,0,0,0,0,0,0,0,0,0,0,2017
211000,"Raub, r uberische Erpressung auf/gegen Geldinstitute, Postfilialen und -agenturen",10041100,Saarbr cken,vers.,0,0,0,0,0,0,0,0,0,0,0,0,0,0,0,0,0,0,0,0,0,0,0,0,0,0,0,2017
211000,"Raub, r uberische Erpressung auf/gegen Geldinstitute, Postfilialen und -agenturen",3102000,Salzgitter,vers.,0,0,0,0,0,0,0,0,0,0,0,0,0,0,0,0,0,0,0,0,0,0,0,0,0,0,0,2017
211000,"Raub, r uberische Erpressung auf/gegen Geldinstitute, Postfilialen und -agenturen",13004000,Schwerin,vers.,0,0,0,0,0,0,0,0,0,0,0,0,0,0,0,0,0,0,0,0,0,0,0,0,0,0,0,2017
211000,"Raub, r uberische Erpressung auf/gegen Geldinstitute, Postfilialen und -agenturen",5970040,Siegen,vers.,0,0,0,0,0,0,0,0,0,0,0,0,0,0,0,0,0,0,0,0,0,0,0,0,0,0,0,2017
211000,"Raub, r uberische Erpressung auf/gegen Geldinstitute, Postfilialen und -agenturen",5122000,Solingen,vers.,0,0,0,0,0,0,0,0,0,0,0,0,0,0,0,0,0,0,0,0,0,0,0,0,0,0,0,2017
211000,"Raub, r uberische Erpressung auf/gegen Geldinstitute, Postfilialen und -agenturen",8111000,Stuttgart,vers.,1,0,1,0,0,0,0,0,0,0,0,0,0,0,0,0,0,0,0,0,0,1,0,1,1,0,1,2017
211000,"Raub, r uberische Erpressung auf/gegen Geldinstitute, Postfilialen und -agenturen",7211000,Trier,vers.,0,0,0,0,0,0,0,0,0,0,0,0,0,0,0,0,0,0,0,0,0,0,0,0,0,0,0,2017
211000,"Raub, r uberische Erpressung auf/gegen Geldinstitute, Postfilialen und -agenturen",8421000,Ulm,vers.,0,0,0,0,0,0,0,0,0,0,0,0,0,0,0,0,0,0,0,0,0,0,0,0,0,0,0,2017
211000,"Raub, r uberische Erpressung auf/gegen Geldinstitute, Postfilialen und -agenturen",6414000,Wiesbaden,vers.,1,1,0,0,0,0,0,0,0,0,0,0,0,0,0,0,0,0,1,1,0,0,0,0,1,1,0,2017
211000,"Raub, r uberische Erpressung auf/gegen Geldinstitute, Postfilialen und -agenturen",3103000,Wolfsburg,vers.,0,0,0,0,0,0,0,0,0,0,0,0,0,0,0,0,0,0,0,0,0,0,0,0,0,0,0,2017
211000,"Raub, r uberische Erpressung auf/gegen Geldinstitute, Postfilialen und -agenturen",5124000,Wuppertal,vers.,0,0,0,0,0,0,0,0,0,0,0,0,0,0,0,0,0,0,0,0,0,0,0,0,0,0,0,2017
211000,"Raub, r uberische Erpressung auf/gegen Geldinstitute, Postfilialen und -agenturen",9663000,W rzburg,vers.,0,0,0,0,0,0,0,0,0,0,0,0,0,0,0,0,0,0,0,0,0,0,0,0,0,0,0,2017
211000,"Raub, r uberische Erpressung auf/gegen Geldinstitute, Postfilialen und -agenturen",5334002,Aachen,insg.,3,2,1,0,0,0,0,0,0,0,0,0,0,0,0,0,0,0,3,2,1,0,0,0,3,2,1,2017
211000,"Raub, r uberische Erpressung auf/gegen Geldinstitute, Postfilialen und -agenturen",9761000,Augsburg,insg.,6,3,3,0,0,0,0,0,0,0,0,0,0,0,0,0,0,0,6,3,3,0,0,0,6,3,3,2017
211000,"Raub, r uberische Erpressung auf/gegen Geldinstitute, Postfilialen und -agenturen",5378004,Bergisch Gladbach,insg.,0,0,0,0,0,0,0,0,0,0,0,0,0,0,0,0,0,0,0,0,0,0,0,0,0,0,0,2017
211000,"Raub, r uberische Erpressung auf/gegen Geldinstitute, Postfilialen und -agenturen",11000000,Berlin,insg.,15,7,8,0,0,0,0,0,0,0,0,0,0,0,0,1,1,0,13,6,7,1,0,1,14,6,8,2017
211000,"Raub, r uberische Erpressung auf/gegen Geldinstitute, Postfilialen und -agenturen",5711000,Bielefeld,insg.,0,0,0,0,0,0,0,0,0,0,0,0,0,0,0,0,0,0,0,0,0,0,0,0,0,0,0,2017
211000,"Raub, r uberische Erpressung auf/gegen Geldinstitute, Postfilialen und -agenturen",5911000,Bochum,insg.,1,1,0,0,0,0,0,0,0,0,0,0,0,0,0,0,0,0,1,1,0,0,0,0,1,1,0,2017
211000,"Raub, r uberische Erpressung auf/gegen Geldinstitute, Postfilialen und -agenturen",5314000,Bonn,insg.,0,0,0,0,0,0,0,0,0,0,0,0,0,0,0,0,0,0,0,0,0,0,0,0,0,0,0,2017
211000,"Raub, r uberische Erpressung auf/gegen Geldinstitute, Postfilialen und -agenturen",5512000,Bottrop,insg.,0,0,0,0,0,0,0,0,0,0,0,0,0,0,0,0,0,0,0,0,0,0,0,0,0,0,0,2017
211000,"Raub, r uberische Erpressung auf/gegen Geldinstitute, Postfilialen und -agenturen",3101000,Braunschweig,insg.,0,0,0,0,0,0,0,0,0,0,0,0,0,0,0,0,0,0,0,0,0,0,0,0,0,0,0,2017
211000,"Raub, r uberische Erpressung auf/gegen Geldinstitute, Postfilialen und -agenturen",4011000,Bremen,insg.,4,0,4,0,0,0,0,0,0,0,0,0,0,0,0,0,0,0,3,0,3,1,0,1,4,0,4,2017
211000,"Raub, r uberische Erpressung auf/gegen Geldinstitute, Postfilialen und -agenturen",4012000,Bremerhaven,insg.,1,0,1,0,0,0,0,0,0,0,0,0,0,0,0,0,0,0,1,0,1,0,0,0,1,0,1,2017
211000,"Raub, r uberische Erpressung auf/gegen Geldinstitute, Postfilialen und -agenturen",14511000,Chemnitz,insg.,0,0,0,0,0,0,0,0,0,0,0,0,0,0,0,0,0,0,0,0,0,0,0,0,0,0,0,2017
211000,"Raub, r uberische Erpressung auf/gegen Geldinstitute, Postfilialen und -agenturen",12052000,Cottbus,insg.,0,0,0,0,0,0,0,0,0,0,0,0,0,0,0,0,0,0,0,0,0,0,0,0,0,0,0,2017
211000,"Raub, r uberische Erpressung auf/gegen Geldinstitute, Postfilialen und -agenturen",6411000,Darmstadt,insg.,1,0,1,0,0,0,0,0,0,0,0,0,0,0,0,0,0,0,1,0,1,0,0,0,1,0,1,2017
211000,"Raub, r uberische Erpressung auf/gegen Geldinstitute, Postfilialen und -agenturen",5913000,Dortmund,insg.,2,1,1,0,0,0,0,0,0,0,0,0,0,0,0,0,0,0,1,1,0,1,0,1,2,1,1,2017
211000,"Raub, r uberische Erpressung auf/gegen Geldinstitute, Postfilialen und -agenturen",14612000,Dresden,insg.,3,1,2,0,0,0,0,0,0,0,0,0,0,0,0,0,0,0,3,1,2,0,0,0,3,1,2,2017
211000,"Raub, r uberische Erpressung auf/gegen Geldinstitute, Postfilialen und -agenturen",5112000,Duisburg,insg.,2,1,1,0,0,0,0,0,0,0,0,0,0,0,0,0,0,0,2,1,1,0,0,0,2,1,1,2017
211000,"Raub, r uberische Erpressung auf/gegen Geldinstitute, Postfilialen und -agenturen",5111000,D sseldorf,insg.,1,0,1,0,0,0,0,0,0,0,0,0,0,0,0,1,0,1,0,0,0,0,0,0,0,0,0,2017
211000,"Raub, r uberische Erpressung auf/gegen Geldinstitute, Postfilialen und -agenturen",16051000,Erfurt,insg.,0,0,0,0,0,0,0,0,0,0,0,0,0,0,0,0,0,0,0,0,0,0,0,0,0,0,0,2017
211000,"Raub, r uberische Erpressung auf/gegen Geldinstitute, Postfilialen und -agenturen",9562000,Erlangen,insg.,0,0,0,0,0,0,0,0,0,0,0,0,0,0,0,0,0,0,0,0,0,0,0,0,0,0,0,2017
211000,"Raub, r uberische Erpressung auf/gegen Geldinstitute, Postfilialen und -agenturen",5113000,Essen,insg.,1,1,0,0,0,0,0,0,0,0,0,0,0,0,0,0,0,0,1,1,0,0,0,0,1,1,0,2017
211000,"Raub, r uberische Erpressung auf/gegen Geldinstitute, Postfilialen und -agenturen",6412000,Frankfurt am Main,insg.,0,0,0,0,0,0,0,0,0,0,0,0,0,0,0,0,0,0,0,0,0,0,0,0,0,0,0,2017
211000,"Raub, r uberische Erpressung auf/gegen Geldinstitute, Postfilialen und -agenturen",8311000,Freiburg im Breisgau,insg.,1,1,0,0,0,0,0,0,0,0,0,0,0,0,0,0,0,0,1,1,0,0,0,0,1,1,0,2017
211000,"Raub, r uberische Erpressung auf/gegen Geldinstitute, Postfilialen und -agenturen",9563000,F rth,insg.,0,0,0,0,0,0,0,0,0,0,0,0,0,0,0,0,0,0,0,0,0,0,0,0,0,0,0,2017
211000,"Raub, r uberische Erpressung auf/gegen Geldinstitute, Postfilialen und -agenturen",5513000,Gelsenkirchen,insg.,0,0,0,0,0,0,0,0,0,0,0,0,0,0,0,0,0,0,0,0,0,0,0,0,0,0,0,2017
211000,"Raub, r uberische Erpressung auf/gegen Geldinstitute, Postfilialen und -agenturen",3159016,G ttingen,insg.,1,1,0,0,0,0,0,0,0,0,0,0,0,0,0,0,0,0,1,1,0,0,0,0,1,1,0,2017
211000,"Raub, r uberische Erpressung auf/gegen Geldinstitute, Postfilialen und -agenturen",5914000,Hagen,insg.,1,1,0,0,0,0,0,0,0,0,0,0,0,0,0,0,0,0,1,1,0,0,0,0,1,1,0,2017
211000,"Raub, r uberische Erpressung auf/gegen Geldinstitute, Postfilialen und -agenturen",15002000,Halle (Saale),insg.,0,0,0,0,0,0,0,0,0,0,0,0,0,0,0,0,0,0,0,0,0,0,0,0,0,0,0,2017
211000,"Raub, r uberische Erpressung auf/gegen Geldinstitute, Postfilialen und -agenturen",2000000,Hamburg,insg.,6,3,3,0,0,0,0,0,0,0,0,0,0,0,0,0,0,0,4,2,2,2,1,1,6,3,3,2017
211000,"Raub, r uberische Erpressung auf/gegen Geldinstitute, Postfilialen und -agenturen",5915000,Hamm,insg.,0,0,0,0,0,0,0,0,0,0,0,0,0,0,0,0,0,0,0,0,0,0,0,0,0,0,0,2017
211000,"Raub, r uberische Erpressung auf/gegen Geldinstitute, Postfilialen und -agenturen",3241001,Hannover,insg.,4,3,1,0,0,0,0,0,0,0,0,0,0,0,0,0,0,0,4,3,1,0,0,0,4,3,1,2017
211000,"Raub, r uberische Erpressung auf/gegen Geldinstitute, Postfilialen und -agenturen",8221000,Heidelberg,insg.,0,0,0,0,0,0,0,0,0,0,0,0,0,0,0,0,0,0,0,0,0,0,0,0,0,0,0,2017
211000,"Raub, r uberische Erpressung auf/gegen Geldinstitute, Postfilialen und -agenturen",8121000,Heilbronn,insg.,0,0,0,0,0,0,0,0,0,0,0,0,0,0,0,0,0,0,0,0,0,0,0,0,0,0,0,2017
211000,"Raub, r uberische Erpressung auf/gegen Geldinstitute, Postfilialen und -agenturen",5916000,Herne,insg.,0,0,0,0,0,0,0,0,0,0,0,0,0,0,0,0,0,0,0,0,0,0,0,0,0,0,0,2017
211000,"Raub, r uberische Erpressung auf/gegen Geldinstitute, Postfilialen und -agenturen",3254021,Hildesheim,insg.,1,0,1,0,0,0,0,0,0,0,0,0,0,0,0,0,0,0,1,0,1,0,0,0,1,0,1,2017
211000,"Raub, r uberische Erpressung auf/gegen Geldinstitute, Postfilialen und -agenturen",9161000,Ingolstadt,insg.,0,0,0,0,0,0,0,0,0,0,0,0,0,0,0,0,0,0,0,0,0,0,0,0,0,0,0,2017
211000,"Raub, r uberische Erpressung auf/gegen Geldinstitute, Postfilialen und -agenturen",16053000,Jena,insg.,0,0,0,0,0,0,0,0,0,0,0,0,0,0,0,0,0,0,0,0,0,0,0,0,0,0,0,2017
211000,"Raub, r uberische Erpressung auf/gegen Geldinstitute, Postfilialen und -agenturen",8212000,Karlsruhe,insg.,0,0,0,0,0,0,0,0,0,0,0,0,0,0,0,0,0,0,0,0,0,0,0,0,0,0,0,2017
211000,"Raub, r uberische Erpressung auf/gegen Geldinstitute, Postfilialen und -agenturen",6611000,Kassel,insg.,3,1,2,0,0,0,0,0,0,0,0,0,0,0,0,0,0,0,3,1,2,0,0,0,3,1,2,2017
211000,"Raub, r uberische Erpressung auf/gegen Geldinstitute, Postfilialen und -agenturen",1002000,Kiel,insg.,1,0,1,0,0,0,0,0,0,0,0,0,0,0,0,0,0,0,1,0,1,0,0,0,1,0,1,2017
211000,"Raub, r uberische Erpressung auf/gegen Geldinstitute, Postfilialen und -agenturen",7111000,Koblenz,insg.,1,1,0,0,0,0,0,0,0,0,0,0,0,0,0,0,0,0,0,0,0,1,1,0,1,1,0,2017
211000,"Raub, r uberische Erpressung auf/gegen Geldinstitute, Postfilialen und -agenturen",5315000,K ln,insg.,2,1,1,0,0,0,0,0,0,0,0,0,0,0,0,1,1,0,1,0,1,0,0,0,1,0,1,2017
211000,"Raub, r uberische Erpressung auf/gegen Geldinstitute, Postfilialen und -agenturen",5114000,Krefeld,insg.,0,0,0,0,0,0,0,0,0,0,0,0,0,0,0,0,0,0,0,0,0,0,0,0,0,0,0,2017
211000,"Raub, r uberische Erpressung auf/gegen Geldinstitute, Postfilialen und -agenturen",14713000,Leipzig,insg.,2,0,2,0,0,0,0,0,0,0,0,0,0,0,0,0,0,0,2,0,2,0,0,0,2,0,2,2017
211000,"Raub, r uberische Erpressung auf/gegen Geldinstitute, Postfilialen und -agenturen",5316000,Leverkusen,insg.,0,0,0,0,0,0,0,0,0,0,0,0,0,0,0,0,0,0,0,0,0,0,0,0,0,0,0,2017
211000,"Raub, r uberische Erpressung auf/gegen Geldinstitute, Postfilialen und -agenturen",1003000,L beck,insg.,0,0,0,0,0,0,0,0,0,0,0,0,0,0,0,0,0,0,0,0,0,0,0,0,0,0,0,2017
211000,"Raub, r uberische Erpressung auf/gegen Geldinstitute, Postfilialen und -agenturen",7314000,Ludwigshafen am Rhein,insg.,0,0,0,0,0,0,0,0,0,0,0,0,0,0,0,0,0,0,0,0,0,0,0,0,0,0,0,2017
211000,"Raub, r uberische Erpressung auf/gegen Geldinstitute, Postfilialen und -agenturen",15003000,Magdeburg,insg.,5,2,3,0,0,0,0,0,0,0,0,0,1,1,0,1,0,1,3,1,2,0,0,0,3,1,2,2017
211000,"Raub, r uberische Erpressung auf/gegen Geldinstitute, Postfilialen und -agenturen",7315000,Mainz,insg.,0,0,0,0,0,0,0,0,0,0,0,0,0,0,0,0,0,0,0,0,0,0,0,0,0,0,0,2017
211000,"Raub, r uberische Erpressung auf/gegen Geldinstitute, Postfilialen und -agenturen",8222000,Mannheim,insg.,2,1,1,0,0,0,0,0,0,0,0,0,0,0,0,0,0,0,2,1,1,0,0,0,2,1,1,2017
211000,"Raub, r uberische Erpressung auf/gegen Geldinstitute, Postfilialen und -agenturen",5170024,Moers,insg.,0,0,0,0,0,0,0,0,0,0,0,0,0,0,0,0,0,0,0,0,0,0,0,0,0,0,0,2017
211000,"Raub, r uberische Erpressung auf/gegen Geldinstitute, Postfilialen und -agenturen",5116000,M nchengladbach,insg.,4,2,2,0,0,0,0,0,0,0,0,0,0,0,0,1,0,1,2,1,1,1,1,0,3,2,1,2017
211000,"Raub, r uberische Erpressung auf/gegen Geldinstitute, Postfilialen und -agenturen",5117000,M lheim an der Ruhr,insg.,0,0,0,0,0,0,0,0,0,0,0,0,0,0,0,0,0,0,0,0,0,0,0,0,0,0,0,2017
211000,"Raub, r uberische Erpressung auf/gegen Geldinstitute, Postfilialen und -agenturen",9162000,M nchen,insg.,12,4,8,0,0,0,0,0,0,0,0,0,2,0,2,1,0,1,9,4,5,0,0,0,9,4,5,2017
211000,"Raub, r uberische Erpressung auf/gegen Geldinstitute, Postfilialen und -agenturen",5515000,M nster,insg.,1,1,0,0,0,0,0,0,0,0,0,0,0,0,0,0,0,0,1,1,0,0,0,0,1,1,0,2017
211000,"Raub, r uberische Erpressung auf/gegen Geldinstitute, Postfilialen und -agenturen",5162024,Neuss,insg.,0,0,0,0,0,0,0,0,0,0,0,0,0,0,0,0,0,0,0,0,0,0,0,0,0,0,0,2017
211000,"Raub, r uberische Erpressung auf/gegen Geldinstitute, Postfilialen und -agenturen",9564000,N rnberg,insg.,2,0,2,0,0,0,0,0,0,0,0,0,0,0,0,0,0,0,2,0,2,0,0,0,2,0,2,2017
211000,"Raub, r uberische Erpressung auf/gegen Geldinstitute, Postfilialen und -agenturen",5119000,Oberhausen,insg.,1,1,0,0,0,0,0,0,0,0,0,0,0,0,0,0,0,0,1,1,0,0,0,0,1,1,0,2017
211000,"Raub, r uberische Erpressung auf/gegen Geldinstitute, Postfilialen und -agenturen",6413000,Offenbach am Main,insg.,0,0,0,0,0,0,0,0,0,0,0,0,0,0,0,0,0,0,0,0,0,0,0,0,0,0,0,2017
211000,"Raub, r uberische Erpressung auf/gegen Geldinstitute, Postfilialen und -agenturen",3403000,Oldenburg (Oldenburg),insg.,0,0,0,0,0,0,0,0,0,0,0,0,0,0,0,0,0,0,0,0,0,0,0,0,0,0,0,2017
211000,"Raub, r uberische Erpressung auf/gegen Geldinstitute, Postfilialen und -agenturen",3404000,Osnabr ck,insg.,0,0,0,0,0,0,0,0,0,0,0,0,0,0,0,0,0,0,0,0,0,0,0,0,0,0,0,2017
211000,"Raub, r uberische Erpressung auf/gegen Geldinstitute, Postfilialen und -agenturen",5774032,Paderborn,insg.,0,0,0,0,0,0,0,0,0,0,0,0,0,0,0,0,0,0,0,0,0,0,0,0,0,0,0,2017
211000,"Raub, r uberische Erpressung auf/gegen Geldinstitute, Postfilialen und -agenturen",8231000,Pforzheim,insg.,0,0,0,0,0,0,0,0,0,0,0,0,0,0,0,0,0,0,0,0,0,0,0,0,0,0,0,2017
211000,"Raub, r uberische Erpressung auf/gegen Geldinstitute, Postfilialen und -agenturen",12054000,Potsdam,insg.,0,0,0,0,0,0,0,0,0,0,0,0,0,0,0,0,0,0,0,0,0,0,0,0,0,0,0,2017
211000,"Raub, r uberische Erpressung auf/gegen Geldinstitute, Postfilialen und -agenturen",5562032,Recklinghausen,insg.,0,0,0,0,0,0,0,0,0,0,0,0,0,0,0,0,0,0,0,0,0,0,0,0,0,0,0,2017
211000,"Raub, r uberische Erpressung auf/gegen Geldinstitute, Postfilialen und -agenturen",9362000,Regensburg,insg.,0,0,0,0,0,0,0,0,0,0,0,0,0,0,0,0,0,0,0,0,0,0,0,0,0,0,0,2017
211000,"Raub, r uberische Erpressung auf/gegen Geldinstitute, Postfilialen und -agenturen",5120000,Remscheid,insg.,0,0,0,0,0,0,0,0,0,0,0,0,0,0,0,0,0,0,0,0,0,0,0,0,0,0,0,2017
211000,"Raub, r uberische Erpressung auf/gegen Geldinstitute, Postfilialen und -agenturen",8415061,Reutlingen,insg.,0,0,0,0,0,0,0,0,0,0,0,0,0,0,0,0,0,0,0,0,0,0,0,0,0,0,0,2017
211000,"Raub, r uberische Erpressung auf/gegen Geldinstitute, Postfilialen und -agenturen",13003000,Rostock,insg.,0,0,0,0,0,0,0,0,0,0,0,0,0,0,0,0,0,0,0,0,0,0,0,0,0,0,0,2017
211000,"Raub, r uberische Erpressung auf/gegen Geldinstitute, Postfilialen und -agenturen",10041100,Saarbr cken,insg.,0,0,0,0,0,0,0,0,0,0,0,0,0,0,0,0,0,0,0,0,0,0,0,0,0,0,0,2017
211000,"Raub, r uberische Erpressung auf/gegen Geldinstitute, Postfilialen und -agenturen",3102000,Salzgitter,insg.,0,0,0,0,0,0,0,0,0,0,0,0,0,0,0,0,0,0,0,0,0,0,0,0,0,0,0,2017
211000,"Raub, r uberische Erpressung auf/gegen Geldinstitute, Postfilialen und -agenturen",13004000,Schwerin,insg.,0,0,0,0,0,0,0,0,0,0,0,0,0,0,0,0,0,0,0,0,0,0,0,0,0,0,0,2017
211000,"Raub, r uberische Erpressung auf/gegen Geldinstitute, Postfilialen und -agenturen",5970040,Siegen,insg.,0,0,0,0,0,0,0,0,0,0,0,0,0,0,0,0,0,0,0,0,0,0,0,0,0,0,0,2017
211000,"Raub, r uberische Erpressung auf/gegen Geldinstitute, Postfilialen und -agenturen",5122000,Solingen,insg.,0,0,0,0,0,0,0,0,0,0,0,0,0,0,0,0,0,0,0,0,0,0,0,0,0,0,0,2017
211000,"Raub, r uberische Erpressung auf/gegen Geldinstitute, Postfilialen und -agenturen",8111000,Stuttgart,insg.,2,0,2,0,0,0,0,0,0,0,0,0,0,0,0,0,0,0,1,0,1,1,0,1,2,0,2,2017
211000,"Raub, r uberische Erpressung auf/gegen Geldinstitute, Postfilialen und -agenturen",7211000,Trier,insg.,0,0,0,0,0,0,0,0,0,0,0,0,0,0,0,0,0,0,0,0,0,0,0,0,0,0,0,2017
211000,"Raub, r uberische Erpressung auf/gegen Geldinstitute, Postfilialen und -agenturen",8421000,Ulm,insg.,0,0,0,0,0,0,0,0,0,0,0,0,0,0,0,0,0,0,0,0,0,0,0,0,0,0,0,2017
211000,"Raub, r uberische Erpressung auf/gegen Geldinstitute, Postfilialen und -agenturen",6414000,Wiesbaden,insg.,3,3,0,0,0,0,0,0,0,0,0,0,0,0,0,2,2,0,1,1,0,0,0,0,1,1,0,2017
211000,"Raub, r uberische Erpressung auf/gegen Geldinstitute, Postfilialen und -agenturen",3103000,Wolfsburg,insg.,0,0,0,0,0,0,0,0,0,0,0,0,0,0,0,0,0,0,0,0,0,0,0,0,0,0,0,2017
211000,"Raub, r uberische Erpressung auf/gegen Geldinstitute, Postfilialen und -agenturen",5124000,Wuppertal,insg.,3,1,2,0,0,0,0,0,0,0,0,0,0,0,0,0,0,0,2,1,1,1,0,1,3,1,2,2017
211000,"Raub, r uberische Erpressung auf/gegen Geldinstitute, Postfilialen und -agenturen",9663000,W rzburg,insg.,0,0,0,0,0,0,0,0,0,0,0,0,0,0,0,0,0,0,0,0,0,0,0,0,0,0,0,2017
212000,"Raub, r uberische Erpressung auf/gegen sonstige Zahlstellen und Gesch fte",5334002,Aachen,voll.,17,8,9,0,0,0,0,0,0,0,0,0,0,0,0,1,1,0,15,7,8,1,0,1,16,7,9,2017
212000,"Raub, r uberische Erpressung auf/gegen sonstige Zahlstellen und Gesch fte",9761000,Augsburg,voll.,2,1,1,0,0,0,0,0,0,0,0,0,0,0,0,0,0,0,1,1,0,1,0,1,2,1,1,2017
212000,"Raub, r uberische Erpressung auf/gegen sonstige Zahlstellen und Gesch fte",5378004,Bergisch Gladbach,voll.,0,0,0,0,0,0,0,0,0,0,0,0,0,0,0,0,0,0,0,0,0,0,0,0,0,0,0,2017
212000,"Raub, r uberische Erpressung auf/gegen sonstige Zahlstellen und Gesch fte",11000000,Berlin,voll.,501,275,226,0,0,0,2,0,2,2,0,2,6,5,1,27,17,10,425,229,196,41,24,17,466,253,213,2017
212000,"Raub, r uberische Erpressung auf/gegen sonstige Zahlstellen und Gesch fte",5711000,Bielefeld,voll.,4,4,0,0,0,0,0,0,0,0,0,0,0,0,0,2,2,0,2,2,0,0,0,0,2,2,0,2017
212000,"Raub, r uberische Erpressung auf/gegen sonstige Zahlstellen und Gesch fte",5911000,Bochum,voll.,12,5,7,0,0,0,0,0,0,0,0,0,0,0,0,1,1,0,11,4,7,0,0,0,11,4,7,2017
212000,"Raub, r uberische Erpressung auf/gegen sonstige Zahlstellen und Gesch fte",5314000,Bonn,voll.,24,14,10,0,0,0,0,0,0,0,0,0,0,0,0,1,1,0,22,13,9,1,0,1,23,13,10,2017
212000,"Raub, r uberische Erpressung auf/gegen sonstige Zahlstellen und Gesch fte",5512000,Bottrop,voll.,6,2,4,0,0,0,0,0,0,0,0,0,0,0,0,0,0,0,3,2,1,3,0,3,6,2,4,2017
212000,"Raub, r uberische Erpressung auf/gegen sonstige Zahlstellen und Gesch fte",3101000,Braunschweig,voll.,17,4,13,0,0,0,0,0,0,0,0,0,0,0,0,3,1,2,11,3,8,3,0,3,14,3,11,2017
212000,"Raub, r uberische Erpressung auf/gegen sonstige Zahlstellen und Gesch fte",4011000,Bremen,voll.,54,25,29,0,0,0,0,0,0,0,0,0,0,0,0,5,4,1,48,20,28,1,1,0,49,21,28,2017
212000,"Raub, r uberische Erpressung auf/gegen sonstige Zahlstellen und Gesch fte",4012000,Bremerhaven,voll.,21,10,11,0,0,0,0,0,0,0,0,0,0,0,0,3,2,1,17,8,9,1,0,1,18,8,10,2017
212000,"Raub, r uberische Erpressung auf/gegen sonstige Zahlstellen und Gesch fte",14511000,Chemnitz,voll.,2,1,1,0,0,0,0,0,0,0,0,0,0,0,0,0,0,0,2,1,1,0,0,0,2,1,1,2017
212000,"Raub, r uberische Erpressung auf/gegen sonstige Zahlstellen und Gesch fte",12052000,Cottbus,voll.,0,0,0,0,0,0,0,0,0,0,0,0,0,0,0,0,0,0,0,0,0,0,0,0,0,0,0,2017
212000,"Raub, r uberische Erpressung auf/gegen sonstige Zahlstellen und Gesch fte",6411000,Darmstadt,voll.,4,0,4,0,0,0,0,0,0,0,0,0,0,0,0,0,0,0,4,0,4,0,0,0,4,0,4,2017
212000,"Raub, r uberische Erpressung auf/gegen sonstige Zahlstellen und Gesch fte",5913000,Dortmund,voll.,24,11,13,0,0,0,0,0,0,0,0,0,0,0,0,2,1,1,18,8,10,4,2,2,22,10,12,2017
212000,"Raub, r uberische Erpressung auf/gegen sonstige Zahlstellen und Gesch fte",14612000,Dresden,voll.,6,2,4,0,0,0,0,0,0,0,0,0,1,1,0,1,0,1,4,1,3,0,0,0,4,1,3,2017
212000,"Raub, r uberische Erpressung auf/gegen sonstige Zahlstellen und Gesch fte",5112000,Duisburg,voll.,43,15,28,0,0,0,0,0,0,0,0,0,0,0,0,1,0,1,36,13,23,6,2,4,42,15,27,2017
212000,"Raub, r uberische Erpressung auf/gegen sonstige Zahlstellen und Gesch fte",5111000,D sseldorf,voll.,13,5,8,0,0,0,0,0,0,0,0,0,1,0,1,2,1,1,8,3,5,2,1,1,10,4,6,2017
212000,"Raub, r uberische Erpressung auf/gegen sonstige Zahlstellen und Gesch fte",16051000,Erfurt,voll.,3,2,1,0,0,0,0,0,0,0,0,0,0,0,0,0,0,0,2,1,1,1,1,0,3,2,1,2017
212000,"Raub, r uberische Erpressung auf/gegen sonstige Zahlstellen und Gesch fte",9562000,Erlangen,voll.,0,0,0,0,0,0,0,0,0,0,0,0,0,0,0,0,0,0,0,0,0,0,0,0,0,0,0,2017
212000,"Raub, r uberische Erpressung auf/gegen sonstige Zahlstellen und Gesch fte",5113000,Essen,voll.,31,13,18,0,0,0,0,0,0,0,0,0,0,0,0,1,1,0,27,12,15,3,0,3,30,12,18,2017
212000,"Raub, r uberische Erpressung auf/gegen sonstige Zahlstellen und Gesch fte",6412000,Frankfurt am Main,voll.,43,29,14,0,0,0,0,0,0,0,0,0,1,1,0,2,2,0,38,25,13,2,1,1,40,26,14,2017
212000,"Raub, r uberische Erpressung auf/gegen sonstige Zahlstellen und Gesch fte",8311000,Freiburg im Breisgau,voll.,24,11,13,0,0,0,0,0,0,0,0,0,0,0,0,1,1,0,21,10,11,2,0,2,23,10,13,2017
212000,"Raub, r uberische Erpressung auf/gegen sonstige Zahlstellen und Gesch fte",9563000,F rth,voll.,0,0,0,0,0,0,0,0,0,0,0,0,0,0,0,0,0,0,0,0,0,0,0,0,0,0,0,2017
212000,"Raub, r uberische Erpressung auf/gegen sonstige Zahlstellen und Gesch fte",5513000,Gelsenkirchen,voll.,19,9,10,0,0,0,0,0,0,0,0,0,0,0,0,0,0,0,18,8,10,1,1,0,19,9,10,2017
212000,"Raub, r uberische Erpressung auf/gegen sonstige Zahlstellen und Gesch fte",3159016,G ttingen,voll.,19,12,7,0,0,0,0,0,0,0,0,0,0,0,0,0,0,0,19,12,7,0,0,0,19,12,7,2017
212000,"Raub, r uberische Erpressung auf/gegen sonstige Zahlstellen und Gesch fte",5914000,Hagen,voll.,7,4,3,0,0,0,0,0,0,0,0,0,0,0,0,1,1,0,5,2,3,1,1,0,6,3,3,2017
212000,"Raub, r uberische Erpressung auf/gegen sonstige Zahlstellen und Gesch fte",15002000,Halle (Saale),voll.,6,2,4,0,0,0,0,0,0,0,0,0,0,0,0,1,0,1,5,2,3,0,0,0,5,2,3,2017
212000,"Raub, r uberische Erpressung auf/gegen sonstige Zahlstellen und Gesch fte",2000000,Hamburg,voll.,68,37,31,0,0,0,0,0,0,0,0,0,1,1,0,6,1,5,55,31,24,6,4,2,61,35,26,2017
212000,"Raub, r uberische Erpressung auf/gegen sonstige Zahlstellen und Gesch fte",5915000,Hamm,voll.,12,6,6,0,0,0,0,0,0,0,0,0,0,0,0,1,1,0,11,5,6,0,0,0,11,5,6,2017
212000,"Raub, r uberische Erpressung auf/gegen sonstige Zahlstellen und Gesch fte",3241001,Hannover,voll.,36,17,19,0,0,0,0,0,0,0,0,0,0,0,0,2,1,1,31,15,16,3,1,2,34,16,18,2017
212000,"Raub, r uberische Erpressung auf/gegen sonstige Zahlstellen und Gesch fte",8221000,Heidelberg,voll.,1,1,0,0,0,0,0,0,0,0,0,0,0,0,0,0,0,0,1,1,0,0,0,0,1,1,0,2017
212000,"Raub, r uberische Erpressung auf/gegen sonstige Zahlstellen und Gesch fte",8121000,Heilbronn,voll.,2,0,2,0,0,0,0,0,0,0,0,0,0,0,0,0,0,0,2,0,2,0,0,0,2,0,2,2017
212000,"Raub, r uberische Erpressung auf/gegen sonstige Zahlstellen und Gesch fte",5916000,Herne,voll.,13,5,8,0,0,0,0,0,0,0,0,0,0,0,0,2,2,0,7,2,5,4,1,3,11,3,8,2017
212000,"Raub, r uberische Erpressung auf/gegen sonstige Zahlstellen und Gesch fte",3254021,Hildesheim,voll.,5,3,2,0,0,0,0,0,0,0,0,0,0,0,0,0,0,0,5,3,2,0,0,0,5,3,2,2017
212000,"Raub, r uberische Erpressung auf/gegen sonstige Zahlstellen und Gesch fte",9161000,Ingolstadt,voll.,2,1,1,0,0,0,0,0,0,0,0,0,0,0,0,0,0,0,2,1,1,0,0,0,2,1,1,2017
212000,"Raub, r uberische Erpressung auf/gegen sonstige Zahlstellen und Gesch fte",16053000,Jena,voll.,0,0,0,0,0,0,0,0,0,0,0,0,0,0,0,0,0,0,0,0,0,0,0,0,0,0,0,2017
212000,"Raub, r uberische Erpressung auf/gegen sonstige Zahlstellen und Gesch fte",8212000,Karlsruhe,voll.,20,10,10,0,0,0,0,0,0,0,0,0,0,0,0,2,1,1,17,9,8,1,0,1,18,9,9,2017
212000,"Raub, r uberische Erpressung auf/gegen sonstige Zahlstellen und Gesch fte",6611000,Kassel,voll.,12,2,10,0,0,0,0,0,0,0,0,0,0,0,0,4,2,2,7,0,7,1,0,1,8,0,8,2017
212000,"Raub, r uberische Erpressung auf/gegen sonstige Zahlstellen und Gesch fte",1002000,Kiel,voll.,13,10,3,0,0,0,0,0,0,0,0,0,0,0,0,0,0,0,13,10,3,0,0,0,13,10,3,2017
212000,"Raub, r uberische Erpressung auf/gegen sonstige Zahlstellen und Gesch fte",7111000,Koblenz,voll.,8,1,7,0,0,0,0,0,0,0,0,0,0,0,0,0,0,0,6,1,5,2,0,2,8,1,7,2017
212000,"Raub, r uberische Erpressung auf/gegen sonstige Zahlstellen und Gesch fte",5315000,K ln,voll.,75,36,39,0,0,0,0,0,0,0,0,0,0,0,0,5,3,2,56,27,29,14,6,8,70,33,37,2017
212000,"Raub, r uberische Erpressung auf/gegen sonstige Zahlstellen und Gesch fte",5114000,Krefeld,voll.,12,2,10,0,0,0,0,0,0,0,0,0,0,0,0,0,0,0,9,1,8,3,1,2,12,2,10,2017
212000,"Raub, r uberische Erpressung auf/gegen sonstige Zahlstellen und Gesch fte",14713000,Leipzig,voll.,18,5,13,0,0,0,0,0,0,0,0,0,0,0,0,1,0,1,12,5,7,5,0,5,17,5,12,2017
212000,"Raub, r uberische Erpressung auf/gegen sonstige Zahlstellen und Gesch fte",5316000,Leverkusen,voll.,11,8,3,0,0,0,0,0,0,0,0,0,0,0,0,2,2,0,8,5,3,1,1,0,9,6,3,2017
212000,"Raub, r uberische Erpressung auf/gegen sonstige Zahlstellen und Gesch fte",1003000,L beck,voll.,4,3,1,0,0,0,0,0,0,0,0,0,0,0,0,0,0,0,4,3,1,0,0,0,4,3,1,2017
212000,"Raub, r uberische Erpressung auf/gegen sonstige Zahlstellen und Gesch fte",7314000,Ludwigshafen am Rhein,voll.,11,3,8,0,0,0,0,0,0,0,0,0,0,0,0,0,0,0,11,3,8,0,0,0,11,3,8,2017
212000,"Raub, r uberische Erpressung auf/gegen sonstige Zahlstellen und Gesch fte",15003000,Magdeburg,voll.,21,4,17,0,0,0,0,0,0,0,0,0,0,0,0,0,0,0,20,3,17,1,1,0,21,4,17,2017
212000,"Raub, r uberische Erpressung auf/gegen sonstige Zahlstellen und Gesch fte",7315000,Mainz,voll.,2,1,1,0,0,0,0,0,0,0,0,0,0,0,0,0,0,0,2,1,1,0,0,0,2,1,1,2017
212000,"Raub, r uberische Erpressung auf/gegen sonstige Zahlstellen und Gesch fte",8222000,Mannheim,voll.,12,4,8,0,0,0,0,0,0,0,0,0,0,0,0,1,1,0,10,3,7,1,0,1,11,3,8,2017
212000,"Raub, r uberische Erpressung auf/gegen sonstige Zahlstellen und Gesch fte",5170024,Moers,voll.,7,3,4,0,0,0,0,0,0,0,0,0,0,0,0,1,1,0,6,2,4,0,0,0,6,2,4,2017
212000,"Raub, r uberische Erpressung auf/gegen sonstige Zahlstellen und Gesch fte",5116000,M nchengladbach,voll.,27,8,19,0,0,0,0,0,0,0,0,0,1,1,0,2,2,0,22,5,17,2,0,2,24,5,19,2017
212000,"Raub, r uberische Erpressung auf/gegen sonstige Zahlstellen und Gesch fte",5117000,M lheim an der Ruhr,voll.,4,2,2,0,0,0,0,0,0,0,0,0,0,0,0,0,0,0,3,2,1,1,0,1,4,2,2,2017
212000,"Raub, r uberische Erpressung auf/gegen sonstige Zahlstellen und Gesch fte",9162000,M nchen,voll.,42,19,23,0,0,0,0,0,0,0,0,0,3,2,1,1,0,1,33,16,17,5,1,4,38,17,21,2017
212000,"Raub, r uberische Erpressung auf/gegen sonstige Zahlstellen und Gesch fte",5515000,M nster,voll.,14,10,4,0,0,0,0,0,0,0,0,0,0,0,0,2,1,1,11,8,3,1,1,0,12,9,3,2017
212000,"Raub, r uberische Erpressung auf/gegen sonstige Zahlstellen und Gesch fte",5162024,Neuss,voll.,14,10,4,0,0,0,0,0,0,0,0,0,0,0,0,4,2,2,8,6,2,2,2,0,10,8,2,2017
212000,"Raub, r uberische Erpressung auf/gegen sonstige Zahlstellen und Gesch fte",9564000,N rnberg,voll.,12,1,11,0,0,0,0,0,0,0,0,0,1,0,1,0,0,0,10,1,9,1,0,1,11,1,10,2017
212000,"Raub, r uberische Erpressung auf/gegen sonstige Zahlstellen und Gesch fte",5119000,Oberhausen,voll.,4,2,2,0,0,0,0,0,0,0,0,0,0,0,0,1,1,0,2,1,1,1,0,1,3,1,2,2017
212000,"Raub, r uberische Erpressung auf/gegen sonstige Zahlstellen und Gesch fte",6413000,Offenbach am Main,voll.,12,8,4,0,0,0,0,0,0,0,0,0,2,0,2,1,0,1,9,8,1,0,0,0,9,8,1,2017
212000,"Raub, r uberische Erpressung auf/gegen sonstige Zahlstellen und Gesch fte",3403000,Oldenburg (Oldenburg),voll.,7,2,5,0,0,0,0,0,0,0,0,0,0,0,0,1,0,1,6,2,4,0,0,0,6,2,4,2017
212000,"Raub, r uberische Erpressung auf/gegen sonstige Zahlstellen und Gesch fte",3404000,Osnabr ck,voll.,2,0,2,0,0,0,0,0,0,0,0,0,0,0,0,0,0,0,2,0,2,0,0,0,2,0,2,2017
212000,"Raub, r uberische Erpressung auf/gegen sonstige Zahlstellen und Gesch fte",5774032,Paderborn,voll.,6,4,2,0,0,0,0,0,0,0,0,0,0,0,0,0,0,0,6,4,2,0,0,0,6,4,2,2017
212000,"Raub, r uberische Erpressung auf/gegen sonstige Zahlstellen und Gesch fte",8231000,Pforzheim,voll.,1,1,0,0,0,0,0,0,0,0,0,0,1,1,0,0,0,0,0,0,0,0,0,0,0,0,0,2017
212000,"Raub, r uberische Erpressung auf/gegen sonstige Zahlstellen und Gesch fte",12054000,Potsdam,voll.,5,4,1,0,0,0,0,0,0,0,0,0,0,0,0,1,1,0,3,2,1,1,1,0,4,3,1,2017
212000,"Raub, r uberische Erpressung auf/gegen sonstige Zahlstellen und Gesch fte",5562032,Recklinghausen,voll.,5,1,4,0,0,0,0,0,0,0,0,0,0,0,0,0,0,0,4,1,3,1,0,1,5,1,4,2017
212000,"Raub, r uberische Erpressung auf/gegen sonstige Zahlstellen und Gesch fte",9362000,Regensburg,voll.,2,1,1,0,0,0,0,0,0,0,0,0,0,0,0,0,0,0,2,1,1,0,0,0,2,1,1,2017
212000,"Raub, r uberische Erpressung auf/gegen sonstige Zahlstellen und Gesch fte",5120000,Remscheid,voll.,2,1,1,0,0,0,0,0,0,0,0,0,0,0,0,0,0,0,2,1,1,0,0,0,2,1,1,2017
212000,"Raub, r uberische Erpressung auf/gegen sonstige Zahlstellen und Gesch fte",8415061,Reutlingen,voll.,1,1,0,0,0,0,0,0,0,0,0,0,0,0,0,0,0,0,1,1,0,0,0,0,1,1,0,2017
212000,"Raub, r uberische Erpressung auf/gegen sonstige Zahlstellen und Gesch fte",13003000,Rostock,voll.,2,0,2,0,0,0,0,0,0,0,0,0,0,0,0,0,0,0,2,0,2,0,0,0,2,0,2,2017
212000,"Raub, r uberische Erpressung auf/gegen sonstige Zahlstellen und Gesch fte",10041100,Saarbr cken,voll.,29,9,20,0,0,0,0,0,0,0,0,0,0,0,0,3,2,1,24,6,18,2,1,1,26,7,19,2017
212000,"Raub, r uberische Erpressung auf/gegen sonstige Zahlstellen und Gesch fte",3102000,Salzgitter,voll.,2,1,1,0,0,0,0,0,0,0,0,0,0,0,0,0,0,0,2,1,1,0,0,0,2,1,1,2017
212000,"Raub, r uberische Erpressung auf/gegen sonstige Zahlstellen und Gesch fte",13004000,Schwerin,voll.,3,1,2,0,0,0,0,0,0,0,0,0,0,0,0,0,0,0,2,0,2,1,1,0,3,1,2,2017
212000,"Raub, r uberische Erpressung auf/gegen sonstige Zahlstellen und Gesch fte",5970040,Siegen,voll.,0,0,0,0,0,0,0,0,0,0,0,0,0,0,0,0,0,0,0,0,0,0,0,0,0,0,0,2017
212000,"Raub, r uberische Erpressung auf/gegen sonstige Zahlstellen und Gesch fte",5122000,Solingen,voll.,3,1,2,0,0,0,0,0,0,0,0,0,0,0,0,0,0,0,3,1,2,0,0,0,3,1,2,2017
212000,"Raub, r uberische Erpressung auf/gegen sonstige Zahlstellen und Gesch fte",8111000,Stuttgart,voll.,13,10,3,0,0,0,0,0,0,0,0,0,0,0,0,0,0,0,12,9,3,1,1,0,13,10,3,2017
212000,"Raub, r uberische Erpressung auf/gegen sonstige Zahlstellen und Gesch fte",7211000,Trier,voll.,0,0,0,0,0,0,0,0,0,0,0,0,0,0,0,0,0,0,0,0,0,0,0,0,0,0,0,2017
212000,"Raub, r uberische Erpressung auf/gegen sonstige Zahlstellen und Gesch fte",8421000,Ulm,voll.,3,0,3,0,0,0,0,0,0,0,0,0,0,0,0,0,0,0,3,0,3,0,0,0,3,0,3,2017
212000,"Raub, r uberische Erpressung auf/gegen sonstige Zahlstellen und Gesch fte",6414000,Wiesbaden,voll.,13,8,5,0,0,0,0,0,0,0,0,0,0,0,0,1,1,0,11,6,5,1,1,0,12,7,5,2017
212000,"Raub, r uberische Erpressung auf/gegen sonstige Zahlstellen und Gesch fte",3103000,Wolfsburg,voll.,6,1,5,0,0,0,0,0,0,0,0,0,0,0,0,2,1,1,3,0,3,1,0,1,4,0,4,2017
212000,"Raub, r uberische Erpressung auf/gegen sonstige Zahlstellen und Gesch fte",5124000,Wuppertal,voll.,28,13,15,0,0,0,0,0,0,0,0,0,0,0,0,0,0,0,23,11,12,5,2,3,28,13,15,2017
212000,"Raub, r uberische Erpressung auf/gegen sonstige Zahlstellen und Gesch fte",9663000,W rzburg,voll.,0,0,0,0,0,0,0,0,0,0,0,0,0,0,0,0,0,0,0,0,0,0,0,0,0,0,0,2017
212000,"Raub, r uberische Erpressung auf/gegen sonstige Zahlstellen und Gesch fte",5334002,Aachen,vers.,11,4,7,0,0,0,0,0,0,0,0,0,1,0,1,0,0,0,9,3,6,1,1,0,10,4,6,2017
212000,"Raub, r uberische Erpressung auf/gegen sonstige Zahlstellen und Gesch fte",9761000,Augsburg,vers.,5,3,2,0,0,0,0,0,0,0,0,0,0,0,0,1,1,0,4,2,2,0,0,0,4,2,2,2017
212000,"Raub, r uberische Erpressung auf/gegen sonstige Zahlstellen und Gesch fte",5378004,Bergisch Gladbach,vers.,0,0,0,0,0,0,0,0,0,0,0,0,0,0,0,0,0,0,0,0,0,0,0,0,0,0,0,2017
212000,"Raub, r uberische Erpressung auf/gegen sonstige Zahlstellen und Gesch fte",11000000,Berlin,vers.,156,88,68,0,0,0,0,0,0,0,0,0,1,0,1,2,1,1,137,78,59,16,9,7,153,87,66,2017
212000,"Raub, r uberische Erpressung auf/gegen sonstige Zahlstellen und Gesch fte",5711000,Bielefeld,vers.,2,1,1,0,0,0,0,0,0,0,0,0,0,0,0,1,0,1,1,1,0,0,0,0,1,1,0,2017
212000,"Raub, r uberische Erpressung auf/gegen sonstige Zahlstellen und Gesch fte",5911000,Bochum,vers.,5,3,2,0,0,0,0,0,0,0,0,0,0,0,0,0,0,0,5,3,2,0,0,0,5,3,2,2017
212000,"Raub, r uberische Erpressung auf/gegen sonstige Zahlstellen und Gesch fte",5314000,Bonn,vers.,11,6,5,0,0,0,0,0,0,0,0,0,0,0,0,1,0,1,10,6,4,0,0,0,10,6,4,2017
212000,"Raub, r uberische Erpressung auf/gegen sonstige Zahlstellen und Gesch fte",5512000,Bottrop,vers.,3,2,1,0,0,0,0,0,0,0,0,0,0,0,0,0,0,0,2,1,1,1,1,0,3,2,1,2017
212000,"Raub, r uberische Erpressung auf/gegen sonstige Zahlstellen und Gesch fte",3101000,Braunschweig,vers.,4,2,2,0,0,0,0,0,0,0,0,0,0,0,0,0,0,0,3,1,2,1,1,0,4,2,2,2017
212000,"Raub, r uberische Erpressung auf/gegen sonstige Zahlstellen und Gesch fte",4011000,Bremen,vers.,10,5,5,0,0,0,0,0,0,0,0,0,0,0,0,1,0,1,9,5,4,0,0,0,9,5,4,2017
212000,"Raub, r uberische Erpressung auf/gegen sonstige Zahlstellen und Gesch fte",4012000,Bremerhaven,vers.,8,4,4,0,0,0,0,0,0,0,0,0,0,0,0,0,0,0,8,4,4,0,0,0,8,4,4,2017
212000,"Raub, r uberische Erpressung auf/gegen sonstige Zahlstellen und Gesch fte",14511000,Chemnitz,vers.,0,0,0,0,0,0,0,0,0,0,0,0,0,0,0,0,0,0,0,0,0,0,0,0,0,0,0,2017
212000,"Raub, r uberische Erpressung auf/gegen sonstige Zahlstellen und Gesch fte",12052000,Cottbus,vers.,1,1,0,0,0,0,0,0,0,0,0,0,0,0,0,0,0,0,0,0,0,1,1,0,1,1,0,2017
212000,"Raub, r uberische Erpressung auf/gegen sonstige Zahlstellen und Gesch fte",6411000,Darmstadt,vers.,1,1,0,0,0,0,0,0,0,0,0,0,0,0,0,0,0,0,1,1,0,0,0,0,1,1,0,2017
212000,"Raub, r uberische Erpressung auf/gegen sonstige Zahlstellen und Gesch fte",5913000,Dortmund,vers.,8,1,7,0,0,0,0,0,0,0,0,0,0,0,0,1,0,1,7,1,6,0,0,0,7,1,6,2017
212000,"Raub, r uberische Erpressung auf/gegen sonstige Zahlstellen und Gesch fte",14612000,Dresden,vers.,1,0,1,0,0,0,0,0,0,0,0,0,0,0,0,0,0,0,1,0,1,0,0,0,1,0,1,2017
212000,"Raub, r uberische Erpressung auf/gegen sonstige Zahlstellen und Gesch fte",5112000,Duisburg,vers.,28,7,21,0,0,0,0,0,0,0,0,0,0,0,0,4,1,3,18,2,16,6,4,2,24,6,18,2017
212000,"Raub, r uberische Erpressung auf/gegen sonstige Zahlstellen und Gesch fte",5111000,D sseldorf,vers.,7,4,3,0,0,0,0,0,0,0,0,0,0,0,0,0,0,0,7,4,3,0,0,0,7,4,3,2017
212000,"Raub, r uberische Erpressung auf/gegen sonstige Zahlstellen und Gesch fte",16051000,Erfurt,vers.,2,0,2,0,0,0,0,0,0,0,0,0,1,0,1,0,0,0,1,0,1,0,0,0,1,0,1,2017
212000,"Raub, r uberische Erpressung auf/gegen sonstige Zahlstellen und Gesch fte",9562000,Erlangen,vers.,1,1,0,0,0,0,0,0,0,0,0,0,0,0,0,0,0,0,0,0,0,1,1,0,1,1,0,2017
212000,"Raub, r uberische Erpressung auf/gegen sonstige Zahlstellen und Gesch fte",5113000,Essen,vers.,14,4,10,0,0,0,0,0,0,0,0,0,1,1,0,1,0,1,12,3,9,0,0,0,12,3,9,2017
212000,"Raub, r uberische Erpressung auf/gegen sonstige Zahlstellen und Gesch fte",6412000,Frankfurt am Main,vers.,8,7,1,0,0,0,0,0,0,0,0,0,0,0,0,0,0,0,7,6,1,1,1,0,8,7,1,2017
212000,"Raub, r uberische Erpressung auf/gegen sonstige Zahlstellen und Gesch fte",8311000,Freiburg im Breisgau,vers.,12,5,7,0,0,0,0,0,0,0,0,0,0,0,0,1,0,1,9,4,5,2,1,1,11,5,6,2017
212000,"Raub, r uberische Erpressung auf/gegen sonstige Zahlstellen und Gesch fte",9563000,F rth,vers.,3,2,1,0,0,0,0,0,0,0,0,0,0,0,0,0,0,0,3,2,1,0,0,0,3,2,1,2017
212000,"Raub, r uberische Erpressung auf/gegen sonstige Zahlstellen und Gesch fte",5513000,Gelsenkirchen,vers.,2,1,1,0,0,0,0,0,0,0,0,0,0,0,0,0,0,0,2,1,1,0,0,0,2,1,1,2017
212000,"Raub, r uberische Erpressung auf/gegen sonstige Zahlstellen und Gesch fte",3159016,G ttingen,vers.,4,2,2,0,0,0,0,0,0,0,0,0,1,1,0,0,0,0,3,1,2,0,0,0,3,1,2,2017
212000,"Raub, r uberische Erpressung auf/gegen sonstige Zahlstellen und Gesch fte",5914000,Hagen,vers.,4,2,2,0,0,0,0,0,0,0,0,0,0,0,0,0,0,0,4,2,2,0,0,0,4,2,2,2017
212000,"Raub, r uberische Erpressung auf/gegen sonstige Zahlstellen und Gesch fte",15002000,Halle (Saale),vers.,2,0,2,0,0,0,0,0,0,0,0,0,0,0,0,0,0,0,1,0,1,1,0,1,2,0,2,2017
212000,"Raub, r uberische Erpressung auf/gegen sonstige Zahlstellen und Gesch fte",2000000,Hamburg,vers.,23,13,10,0,0,0,0,0,0,0,0,0,0,0,0,1,1,0,19,9,10,3,3,0,22,12,10,2017
212000,"Raub, r uberische Erpressung auf/gegen sonstige Zahlstellen und Gesch fte",5915000,Hamm,vers.,6,0,6,0,0,0,0,0,0,0,0,0,0,0,0,0,0,0,5,0,5,1,0,1,6,0,6,2017
212000,"Raub, r uberische Erpressung auf/gegen sonstige Zahlstellen und Gesch fte",3241001,Hannover,vers.,6,4,2,0,0,0,0,0,0,0,0,0,0,0,0,1,1,0,3,2,1,2,1,1,5,3,2,2017
212000,"Raub, r uberische Erpressung auf/gegen sonstige Zahlstellen und Gesch fte",8221000,Heidelberg,vers.,5,4,1,0,0,0,0,0,0,0,0,0,0,0,0,2,2,0,3,2,1,0,0,0,3,2,1,2017
212000,"Raub, r uberische Erpressung auf/gegen sonstige Zahlstellen und Gesch fte",8121000,Heilbronn,vers.,1,0,1,0,0,0,0,0,0,0,0,0,0,0,0,0,0,0,1,0,1,0,0,0,1,0,1,2017
212000,"Raub, r uberische Erpressung auf/gegen sonstige Zahlstellen und Gesch fte",5916000,Herne,vers.,3,0,3,0,0,0,0,0,0,0,0,0,0,0,0,0,0,0,3,0,3,0,0,0,3,0,3,2017
212000,"Raub, r uberische Erpressung auf/gegen sonstige Zahlstellen und Gesch fte",3254021,Hildesheim,vers.,1,1,0,0,0,0,0,0,0,0,0,0,0,0,0,1,1,0,0,0,0,0,0,0,0,0,0,2017
212000,"Raub, r uberische Erpressung auf/gegen sonstige Zahlstellen und Gesch fte",9161000,Ingolstadt,vers.,0,0,0,0,0,0,0,0,0,0,0,0,0,0,0,0,0,0,0,0,0,0,0,0,0,0,0,2017
212000,"Raub, r uberische Erpressung auf/gegen sonstige Zahlstellen und Gesch fte",16053000,Jena,vers.,0,0,0,0,0,0,0,0,0,0,0,0,0,0,0,0,0,0,0,0,0,0,0,0,0,0,0,2017
212000,"Raub, r uberische Erpressung auf/gegen sonstige Zahlstellen und Gesch fte",8212000,Karlsruhe,vers.,9,8,1,0,0,0,0,0,0,0,0,0,0,0,0,1,1,0,6,5,1,2,2,0,8,7,1,2017
212000,"Raub, r uberische Erpressung auf/gegen sonstige Zahlstellen und Gesch fte",6611000,Kassel,vers.,0,0,0,0,0,0,0,0,0,0,0,0,0,0,0,0,0,0,0,0,0,0,0,0,0,0,0,2017
212000,"Raub, r uberische Erpressung auf/gegen sonstige Zahlstellen und Gesch fte",1002000,Kiel,vers.,8,3,5,0,0,0,0,0,0,0,0,0,0,0,0,0,0,0,5,2,3,3,1,2,8,3,5,2017
212000,"Raub, r uberische Erpressung auf/gegen sonstige Zahlstellen und Gesch fte",7111000,Koblenz,vers.,3,0,3,0,0,0,0,0,0,0,0,0,0,0,0,0,0,0,1,0,1,2,0,2,3,0,3,2017
212000,"Raub, r uberische Erpressung auf/gegen sonstige Zahlstellen und Gesch fte",5315000,K ln,vers.,32,13,19,0,0,0,0,0,0,0,0,0,0,0,0,0,0,0,27,12,15,5,1,4,32,13,19,2017
212000,"Raub, r uberische Erpressung auf/gegen sonstige Zahlstellen und Gesch fte",5114000,Krefeld,vers.,4,3,1,0,0,0,0,0,0,0,0,0,0,0,0,1,1,0,3,2,1,0,0,0,3,2,1,2017
212000,"Raub, r uberische Erpressung auf/gegen sonstige Zahlstellen und Gesch fte",14713000,Leipzig,vers.,5,3,2,0,0,0,0,0,0,0,0,0,0,0,0,0,0,0,5,3,2,0,0,0,5,3,2,2017
212000,"Raub, r uberische Erpressung auf/gegen sonstige Zahlstellen und Gesch fte",5316000,Leverkusen,vers.,3,2,1,0,0,0,0,0,0,0,0,0,0,0,0,1,0,1,2,2,0,0,0,0,2,2,0,2017
212000,"Raub, r uberische Erpressung auf/gegen sonstige Zahlstellen und Gesch fte",1003000,L beck,vers.,0,0,0,0,0,0,0,0,0,0,0,0,0,0,0,0,0,0,0,0,0,0,0,0,0,0,0,2017
212000,"Raub, r uberische Erpressung auf/gegen sonstige Zahlstellen und Gesch fte",7314000,Ludwigshafen am Rhein,vers.,4,1,3,0,0,0,0,0,0,0,0,0,0,0,0,0,0,0,4,1,3,0,0,0,4,1,3,2017
212000,"Raub, r uberische Erpressung auf/gegen sonstige Zahlstellen und Gesch fte",15003000,Magdeburg,vers.,2,0,2,0,0,0,0,0,0,0,0,0,0,0,0,0,0,0,1,0,1,1,0,1,2,0,2,2017
212000,"Raub, r uberische Erpressung auf/gegen sonstige Zahlstellen und Gesch fte",7315000,Mainz,vers.,3,2,1,0,0,0,0,0,0,0,0,0,0,0,0,0,0,0,2,1,1,1,1,0,3,2,1,2017
212000,"Raub, r uberische Erpressung auf/gegen sonstige Zahlstellen und Gesch fte",8222000,Mannheim,vers.,3,0,3,0,0,0,0,0,0,0,0,0,0,0,0,0,0,0,3,0,3,0,0,0,3,0,3,2017
212000,"Raub, r uberische Erpressung auf/gegen sonstige Zahlstellen und Gesch fte",5170024,Moers,vers.,1,0,1,0,0,0,0,0,0,0,0,0,0,0,0,0,0,0,1,0,1,0,0,0,1,0,1,2017
212000,"Raub, r uberische Erpressung auf/gegen sonstige Zahlstellen und Gesch fte",5116000,M nchengladbach,vers.,10,7,3,0,0,0,0,0,0,0,0,0,0,0,0,0,0,0,9,6,3,1,1,0,10,7,3,2017
212000,"Raub, r uberische Erpressung auf/gegen sonstige Zahlstellen und Gesch fte",5117000,M lheim an der Ruhr,vers.,1,1,0,0,0,0,0,0,0,0,0,0,0,0,0,0,0,0,1,1,0,0,0,0,1,1,0,2017
212000,"Raub, r uberische Erpressung auf/gegen sonstige Zahlstellen und Gesch fte",9162000,M nchen,vers.,20,12,8,0,0,0,0,0,0,0,0,0,0,0,0,0,0,0,18,12,6,2,0,2,20,12,8,2017
212000,"Raub, r uberische Erpressung auf/gegen sonstige Zahlstellen und Gesch fte",5515000,M nster,vers.,3,0,3,0,0,0,0,0,0,0,0,0,0,0,0,0,0,0,3,0,3,0,0,0,3,0,3,2017
212000,"Raub, r uberische Erpressung auf/gegen sonstige Zahlstellen und Gesch fte",5162024,Neuss,vers.,6,5,1,0,0,0,0,0,0,0,0,0,0,0,0,0,0,0,4,3,1,2,2,0,6,5,1,2017
212000,"Raub, r uberische Erpressung auf/gegen sonstige Zahlstellen und Gesch fte",9564000,N rnberg,vers.,5,2,3,0,0,0,0,0,0,0,0,0,0,0,0,0,0,0,4,2,2,1,0,1,5,2,3,2017
212000,"Raub, r uberische Erpressung auf/gegen sonstige Zahlstellen und Gesch fte",5119000,Oberhausen,vers.,0,0,0,0,0,0,0,0,0,0,0,0,0,0,0,0,0,0,0,0,0,0,0,0,0,0,0,2017
212000,"Raub, r uberische Erpressung auf/gegen sonstige Zahlstellen und Gesch fte",6413000,Offenbach am Main,vers.,6,2,4,0,0,0,0,0,0,0,0,0,0,0,0,0,0,0,4,2,2,2,0,2,6,2,4,2017
212000,"Raub, r uberische Erpressung auf/gegen sonstige Zahlstellen und Gesch fte",3403000,Oldenburg (Oldenburg),vers.,1,0,1,0,0,0,0,0,0,0,0,0,0,0,0,0,0,0,1,0,1,0,0,0,1,0,1,2017
212000,"Raub, r uberische Erpressung auf/gegen sonstige Zahlstellen und Gesch fte",3404000,Osnabr ck,vers.,1,1,0,0,0,0,0,0,0,0,0,0,0,0,0,0,0,0,1,1,0,0,0,0,1,1,0,2017
212000,"Raub, r uberische Erpressung auf/gegen sonstige Zahlstellen und Gesch fte",5774032,Paderborn,vers.,0,0,0,0,0,0,0,0,0,0,0,0,0,0,0,0,0,0,0,0,0,0,0,0,0,0,0,2017
212000,"Raub, r uberische Erpressung auf/gegen sonstige Zahlstellen und Gesch fte",8231000,Pforzheim,vers.,1,0,1,0,0,0,0,0,0,0,0,0,0,0,0,1,0,1,0,0,0,0,0,0,0,0,0,2017
212000,"Raub, r uberische Erpressung auf/gegen sonstige Zahlstellen und Gesch fte",12054000,Potsdam,vers.,3,3,0,0,0,0,0,0,0,0,0,0,0,0,0,0,0,0,2,2,0,1,1,0,3,3,0,2017
212000,"Raub, r uberische Erpressung auf/gegen sonstige Zahlstellen und Gesch fte",5562032,Recklinghausen,vers.,4,4,0,0,0,0,0,0,0,0,0,0,0,0,0,1,1,0,3,3,0,0,0,0,3,3,0,2017
212000,"Raub, r uberische Erpressung auf/gegen sonstige Zahlstellen und Gesch fte",9362000,Regensburg,vers.,0,0,0,0,0,0,0,0,0,0,0,0,0,0,0,0,0,0,0,0,0,0,0,0,0,0,0,2017
212000,"Raub, r uberische Erpressung auf/gegen sonstige Zahlstellen und Gesch fte",5120000,Remscheid,vers.,0,0,0,0,0,0,0,0,0,0,0,0,0,0,0,0,0,0,0,0,0,0,0,0,0,0,0,2017
212000,"Raub, r uberische Erpressung auf/gegen sonstige Zahlstellen und Gesch fte",8415061,Reutlingen,vers.,0,0,0,0,0,0,0,0,0,0,0,0,0,0,0,0,0,0,0,0,0,0,0,0,0,0,0,2017
212000,"Raub, r uberische Erpressung auf/gegen sonstige Zahlstellen und Gesch fte",13003000,Rostock,vers.,0,0,0,0,0,0,0,0,0,0,0,0,0,0,0,0,0,0,0,0,0,0,0,0,0,0,0,2017
212000,"Raub, r uberische Erpressung auf/gegen sonstige Zahlstellen und Gesch fte",10041100,Saarbr cken,vers.,3,1,2,0,0,0,0,0,0,0,0,0,0,0,0,0,0,0,3,1,2,0,0,0,3,1,2,2017
212000,"Raub, r uberische Erpressung auf/gegen sonstige Zahlstellen und Gesch fte",3102000,Salzgitter,vers.,0,0,0,0,0,0,0,0,0,0,0,0,0,0,0,0,0,0,0,0,0,0,0,0,0,0,0,2017
212000,"Raub, r uberische Erpressung auf/gegen sonstige Zahlstellen und Gesch fte",13004000,Schwerin,vers.,0,0,0,0,0,0,0,0,0,0,0,0,0,0,0,0,0,0,0,0,0,0,0,0,0,0,0,2017
212000,"Raub, r uberische Erpressung auf/gegen sonstige Zahlstellen und Gesch fte",5970040,Siegen,vers.,0,0,0,0,0,0,0,0,0,0,0,0,0,0,0,0,0,0,0,0,0,0,0,0,0,0,0,2017
212000,"Raub, r uberische Erpressung auf/gegen sonstige Zahlstellen und Gesch fte",5122000,Solingen,vers.,0,0,0,0,0,0,0,0,0,0,0,0,0,0,0,0,0,0,0,0,0,0,0,0,0,0,0,2017
212000,"Raub, r uberische Erpressung auf/gegen sonstige Zahlstellen und Gesch fte",8111000,Stuttgart,vers.,11,7,4,0,0,0,0,0,0,0,0,0,0,0,0,2,1,1,5,3,2,4,3,1,9,6,3,2017
212000,"Raub, r uberische Erpressung auf/gegen sonstige Zahlstellen und Gesch fte",7211000,Trier,vers.,0,0,0,0,0,0,0,0,0,0,0,0,0,0,0,0,0,0,0,0,0,0,0,0,0,0,0,2017
212000,"Raub, r uberische Erpressung auf/gegen sonstige Zahlstellen und Gesch fte",8421000,Ulm,vers.,4,1,3,0,0,0,0,0,0,0,0,0,0,0,0,0,0,0,4,1,3,0,0,0,4,1,3,2017
212000,"Raub, r uberische Erpressung auf/gegen sonstige Zahlstellen und Gesch fte",6414000,Wiesbaden,vers.,4,3,1,0,0,0,0,0,0,0,0,0,0,0,0,0,0,0,4,3,1,0,0,0,4,3,1,2017
212000,"Raub, r uberische Erpressung auf/gegen sonstige Zahlstellen und Gesch fte",3103000,Wolfsburg,vers.,0,0,0,0,0,0,0,0,0,0,0,0,0,0,0,0,0,0,0,0,0,0,0,0,0,0,0,2017
212000,"Raub, r uberische Erpressung auf/gegen sonstige Zahlstellen und Gesch fte",5124000,Wuppertal,vers.,5,3,2,0,0,0,0,0,0,0,0,0,0,0,0,0,0,0,4,3,1,1,0,1,5,3,2,2017
212000,"Raub, r uberische Erpressung auf/gegen sonstige Zahlstellen und Gesch fte",9663000,W rzburg,vers.,0,0,0,0,0,0,0,0,0,0,0,0,0,0,0,0,0,0,0,0,0,0,0,0,0,0,0,2017
212000,"Raub, r uberische Erpressung auf/gegen sonstige Zahlstellen und Gesch fte",5334002,Aachen,insg.,28,12,16,0,0,0,0,0,0,0,0,0,1,0,1,1,1,0,24,10,14,2,1,1,26,11,15,2017
212000,"Raub, r uberische Erpressung auf/gegen sonstige Zahlstellen und Gesch fte",9761000,Augsburg,insg.,7,4,3,0,0,0,0,0,0,0,0,0,0,0,0,1,1,0,5,3,2,1,0,1,6,3,3,2017
212000,"Raub, r uberische Erpressung auf/gegen sonstige Zahlstellen und Gesch fte",5378004,Bergisch Gladbach,insg.,0,0,0,0,0,0,0,0,0,0,0,0,0,0,0,0,0,0,0,0,0,0,0,0,0,0,0,2017
212000,"Raub, r uberische Erpressung auf/gegen sonstige Zahlstellen und Gesch fte",11000000,Berlin,insg.,657,363,294,0,0,0,2,0,2,2,0,2,7,5,2,29,18,11,562,307,255,57,33,24,619,340,279,2017
212000,"Raub, r uberische Erpressung auf/gegen sonstige Zahlstellen und Gesch fte",5711000,Bielefeld,insg.,6,5,1,0,0,0,0,0,0,0,0,0,0,0,0,3,2,1,3,3,0,0,0,0,3,3,0,2017
212000,"Raub, r uberische Erpressung auf/gegen sonstige Zahlstellen und Gesch fte",5911000,Bochum,insg.,17,8,9,0,0,0,0,0,0,0,0,0,0,0,0,1,1,0,16,7,9,0,0,0,16,7,9,2017
212000,"Raub, r uberische Erpressung auf/gegen sonstige Zahlstellen und Gesch fte",5314000,Bonn,insg.,35,20,15,0,0,0,0,0,0,0,0,0,0,0,0,2,1,1,32,19,13,1,0,1,33,19,14,2017
212000,"Raub, r uberische Erpressung auf/gegen sonstige Zahlstellen und Gesch fte",5512000,Bottrop,insg.,9,4,5,0,0,0,0,0,0,0,0,0,0,0,0,0,0,0,5,3,2,4,1,3,9,4,5,2017
212000,"Raub, r uberische Erpressung auf/gegen sonstige Zahlstellen und Gesch fte",3101000,Braunschweig,insg.,21,6,15,0,0,0,0,0,0,0,0,0,0,0,0,3,1,2,14,4,10,4,1,3,18,5,13,2017
212000,"Raub, r uberische Erpressung auf/gegen sonstige Zahlstellen und Gesch fte",4011000,Bremen,insg.,64,30,34,0,0,0,0,0,0,0,0,0,0,0,0,6,4,2,57,25,32,1,1,0,58,26,32,2017
212000,"Raub, r uberische Erpressung auf/gegen sonstige Zahlstellen und Gesch fte",4012000,Bremerhaven,insg.,29,14,15,0,0,0,0,0,0,0,0,0,0,0,0,3,2,1,25,12,13,1,0,1,26,12,14,2017
212000,"Raub, r uberische Erpressung auf/gegen sonstige Zahlstellen und Gesch fte",14511000,Chemnitz,insg.,2,1,1,0,0,0,0,0,0,0,0,0,0,0,0,0,0,0,2,1,1,0,0,0,2,1,1,2017
212000,"Raub, r uberische Erpressung auf/gegen sonstige Zahlstellen und Gesch fte",12052000,Cottbus,insg.,1,1,0,0,0,0,0,0,0,0,0,0,0,0,0,0,0,0,0,0,0,1,1,0,1,1,0,2017
212000,"Raub, r uberische Erpressung auf/gegen sonstige Zahlstellen und Gesch fte",6411000,Darmstadt,insg.,5,1,4,0,0,0,0,0,0,0,0,0,0,0,0,0,0,0,5,1,4,0,0,0,5,1,4,2017
212000,"Raub, r uberische Erpressung auf/gegen sonstige Zahlstellen und Gesch fte",5913000,Dortmund,insg.,32,12,20,0,0,0,0,0,0,0,0,0,0,0,0,3,1,2,25,9,16,4,2,2,29,11,18,2017
212000,"Raub, r uberische Erpressung auf/gegen sonstige Zahlstellen und Gesch fte",14612000,Dresden,insg.,7,2,5,0,0,0,0,0,0,0,0,0,1,1,0,1,0,1,5,1,4,0,0,0,5,1,4,2017
212000,"Raub, r uberische Erpressung auf/gegen sonstige Zahlstellen und Gesch fte",5112000,Duisburg,insg.,71,22,49,0,0,0,0,0,0,0,0,0,0,0,0,5,1,4,54,15,39,12,6,6,66,21,45,2017
212000,"Raub, r uberische Erpressung auf/gegen sonstige Zahlstellen und Gesch fte",5111000,D sseldorf,insg.,20,9,11,0,0,0,0,0,0,0,0,0,1,0,1,2,1,1,15,7,8,2,1,1,17,8,9,2017
212000,"Raub, r uberische Erpressung auf/gegen sonstige Zahlstellen und Gesch fte",16051000,Erfurt,insg.,5,2,3,0,0,0,0,0,0,0,0,0,1,0,1,0,0,0,3,1,2,1,1,0,4,2,2,2017
212000,"Raub, r uberische Erpressung auf/gegen sonstige Zahlstellen und Gesch fte",9562000,Erlangen,insg.,1,1,0,0,0,0,0,0,0,0,0,0,0,0,0,0,0,0,0,0,0,1,1,0,1,1,0,2017
212000,"Raub, r uberische Erpressung auf/gegen sonstige Zahlstellen und Gesch fte",5113000,Essen,insg.,45,17,28,0,0,0,0,0,0,0,0,0,1,1,0,2,1,1,39,15,24,3,0,3,42,15,27,2017
212000,"Raub, r uberische Erpressung auf/gegen sonstige Zahlstellen und Gesch fte",6412000,Frankfurt am Main,insg.,51,36,15,0,0,0,0,0,0,0,0,0,1,1,0,2,2,0,45,31,14,3,2,1,48,33,15,2017
212000,"Raub, r uberische Erpressung auf/gegen sonstige Zahlstellen und Gesch fte",8311000,Freiburg im Breisgau,insg.,36,16,20,0,0,0,0,0,0,0,0,0,0,0,0,2,1,1,30,14,16,4,1,3,34,15,19,2017
212000,"Raub, r uberische Erpressung auf/gegen sonstige Zahlstellen und Gesch fte",9563000,F rth,insg.,3,2,1,0,0,0,0,0,0,0,0,0,0,0,0,0,0,0,3,2,1,0,0,0,3,2,1,2017
212000,"Raub, r uberische Erpressung auf/gegen sonstige Zahlstellen und Gesch fte",5513000,Gelsenkirchen,insg.,21,10,11,0,0,0,0,0,0,0,0,0,0,0,0,0,0,0,20,9,11,1,1,0,21,10,11,2017
212000,"Raub, r uberische Erpressung auf/gegen sonstige Zahlstellen und Gesch fte",3159016,G ttingen,insg.,23,14,9,0,0,0,0,0,0,0,0,0,1,1,0,0,0,0,22,13,9,0,0,0,22,13,9,2017
212000,"Raub, r uberische Erpressung auf/gegen sonstige Zahlstellen und Gesch fte",5914000,Hagen,insg.,11,6,5,0,0,0,0,0,0,0,0,0,0,0,0,1,1,0,9,4,5,1,1,0,10,5,5,2017
212000,"Raub, r uberische Erpressung auf/gegen sonstige Zahlstellen und Gesch fte",15002000,Halle (Saale),insg.,8,2,6,0,0,0,0,0,0,0,0,0,0,0,0,1,0,1,6,2,4,1,0,1,7,2,5,2017
212000,"Raub, r uberische Erpressung auf/gegen sonstige Zahlstellen und Gesch fte",2000000,Hamburg,insg.,91,50,41,0,0,0,0,0,0,0,0,0,1,1,0,7,2,5,74,40,34,9,7,2,83,47,36,2017
212000,"Raub, r uberische Erpressung auf/gegen sonstige Zahlstellen und Gesch fte",5915000,Hamm,insg.,18,6,12,0,0,0,0,0,0,0,0,0,0,0,0,1,1,0,16,5,11,1,0,1,17,5,12,2017
212000,"Raub, r uberische Erpressung auf/gegen sonstige Zahlstellen und Gesch fte",3241001,Hannover,insg.,42,21,21,0,0,0,0,0,0,0,0,0,0,0,0,3,2,1,34,17,17,5,2,3,39,19,20,2017
212000,"Raub, r uberische Erpressung auf/gegen sonstige Zahlstellen und Gesch fte",8221000,Heidelberg,insg.,6,5,1,0,0,0,0,0,0,0,0,0,0,0,0,2,2,0,4,3,1,0,0,0,4,3,1,2017
212000,"Raub, r uberische Erpressung auf/gegen sonstige Zahlstellen und Gesch fte",8121000,Heilbronn,insg.,3,0,3,0,0,0,0,0,0,0,0,0,0,0,0,0,0,0,3,0,3,0,0,0,3,0,3,2017
212000,"Raub, r uberische Erpressung auf/gegen sonstige Zahlstellen und Gesch fte",5916000,Herne,insg.,16,5,11,0,0,0,0,0,0,0,0,0,0,0,0,2,2,0,10,2,8,4,1,3,14,3,11,2017
212000,"Raub, r uberische Erpressung auf/gegen sonstige Zahlstellen und Gesch fte",3254021,Hildesheim,insg.,6,4,2,0,0,0,0,0,0,0,0,0,0,0,0,1,1,0,5,3,2,0,0,0,5,3,2,2017
212000,"Raub, r uberische Erpressung auf/gegen sonstige Zahlstellen und Gesch fte",9161000,Ingolstadt,insg.,2,1,1,0,0,0,0,0,0,0,0,0,0,0,0,0,0,0,2,1,1,0,0,0,2,1,1,2017
212000,"Raub, r uberische Erpressung auf/gegen sonstige Zahlstellen und Gesch fte",16053000,Jena,insg.,0,0,0,0,0,0,0,0,0,0,0,0,0,0,0,0,0,0,0,0,0,0,0,0,0,0,0,2017
212000,"Raub, r uberische Erpressung auf/gegen sonstige Zahlstellen und Gesch fte",8212000,Karlsruhe,insg.,29,18,11,0,0,0,0,0,0,0,0,0,0,0,0,3,2,1,23,14,9,3,2,1,26,16,10,2017
212000,"Raub, r uberische Erpressung auf/gegen sonstige Zahlstellen und Gesch fte",6611000,Kassel,insg.,12,2,10,0,0,0,0,0,0,0,0,0,0,0,0,4,2,2,7,0,7,1,0,1,8,0,8,2017
212000,"Raub, r uberische Erpressung auf/gegen sonstige Zahlstellen und Gesch fte",1002000,Kiel,insg.,21,13,8,0,0,0,0,0,0,0,0,0,0,0,0,0,0,0,18,12,6,3,1,2,21,13,8,2017
212000,"Raub, r uberische Erpressung auf/gegen sonstige Zahlstellen und Gesch fte",7111000,Koblenz,insg.,11,1,10,0,0,0,0,0,0,0,0,0,0,0,0,0,0,0,7,1,6,4,0,4,11,1,10,2017
212000,"Raub, r uberische Erpressung auf/gegen sonstige Zahlstellen und Gesch fte",5315000,K ln,insg.,107,49,58,0,0,0,0,0,0,0,0,0,0,0,0,5,3,2,83,39,44,19,7,12,102,46,56,2017
212000,"Raub, r uberische Erpressung auf/gegen sonstige Zahlstellen und Gesch fte",5114000,Krefeld,insg.,16,5,11,0,0,0,0,0,0,0,0,0,0,0,0,1,1,0,12,3,9,3,1,2,15,4,11,2017
212000,"Raub, r uberische Erpressung auf/gegen sonstige Zahlstellen und Gesch fte",14713000,Leipzig,insg.,23,8,15,0,0,0,0,0,0,0,0,0,0,0,0,1,0,1,17,8,9,5,0,5,22,8,14,2017
212000,"Raub, r uberische Erpressung auf/gegen sonstige Zahlstellen und Gesch fte",5316000,Leverkusen,insg.,14,10,4,0,0,0,0,0,0,0,0,0,0,0,0,3,2,1,10,7,3,1,1,0,11,8,3,2017
212000,"Raub, r uberische Erpressung auf/gegen sonstige Zahlstellen und Gesch fte",1003000,L beck,insg.,4,3,1,0,0,0,0,0,0,0,0,0,0,0,0,0,0,0,4,3,1,0,0,0,4,3,1,2017
212000,"Raub, r uberische Erpressung auf/gegen sonstige Zahlstellen und Gesch fte",7314000,Ludwigshafen am Rhein,insg.,15,4,11,0,0,0,0,0,0,0,0,0,0,0,0,0,0,0,15,4,11,0,0,0,15,4,11,2017
212000,"Raub, r uberische Erpressung auf/gegen sonstige Zahlstellen und Gesch fte",15003000,Magdeburg,insg.,23,4,19,0,0,0,0,0,0,0,0,0,0,0,0,0,0,0,21,3,18,2,1,1,23,4,19,2017
212000,"Raub, r uberische Erpressung auf/gegen sonstige Zahlstellen und Gesch fte",7315000,Mainz,insg.,5,3,2,0,0,0,0,0,0,0,0,0,0,0,0,0,0,0,4,2,2,1,1,0,5,3,2,2017
212000,"Raub, r uberische Erpressung auf/gegen sonstige Zahlstellen und Gesch fte",8222000,Mannheim,insg.,15,4,11,0,0,0,0,0,0,0,0,0,0,0,0,1,1,0,13,3,10,1,0,1,14,3,11,2017
212000,"Raub, r uberische Erpressung auf/gegen sonstige Zahlstellen und Gesch fte",5170024,Moers,insg.,8,3,5,0,0,0,0,0,0,0,0,0,0,0,0,1,1,0,7,2,5,0,0,0,7,2,5,2017
212000,"Raub, r uberische Erpressung auf/gegen sonstige Zahlstellen und Gesch fte",5116000,M nchengladbach,insg.,37,15,22,0,0,0,0,0,0,0,0,0,1,1,0,2,2,0,31,11,20,3,1,2,34,12,22,2017
212000,"Raub, r uberische Erpressung auf/gegen sonstige Zahlstellen und Gesch fte",5117000,M lheim an der Ruhr,insg.,5,3,2,0,0,0,0,0,0,0,0,0,0,0,0,0,0,0,4,3,1,1,0,1,5,3,2,2017
212000,"Raub, r uberische Erpressung auf/gegen sonstige Zahlstellen und Gesch fte",9162000,M nchen,insg.,62,31,31,0,0,0,0,0,0,0,0,0,3,2,1,1,0,1,51,28,23,7,1,6,58,29,29,2017
212000,"Raub, r uberische Erpressung auf/gegen sonstige Zahlstellen und Gesch fte",5515000,M nster,insg.,17,10,7,0,0,0,0,0,0,0,0,0,0,0,0,2,1,1,14,8,6,1,1,0,15,9,6,2017
212000,"Raub, r uberische Erpressung auf/gegen sonstige Zahlstellen und Gesch fte",5162024,Neuss,insg.,20,15,5,0,0,0,0,0,0,0,0,0,0,0,0,4,2,2,12,9,3,4,4,0,16,13,3,2017
212000,"Raub, r uberische Erpressung auf/gegen sonstige Zahlstellen und Gesch fte",9564000,N rnberg,insg.,17,3,14,0,0,0,0,0,0,0,0,0,1,0,1,0,0,0,14,3,11,2,0,2,16,3,13,2017
212000,"Raub, r uberische Erpressung auf/gegen sonstige Zahlstellen und Gesch fte",5119000,Oberhausen,insg.,4,2,2,0,0,0,0,0,0,0,0,0,0,0,0,1,1,0,2,1,1,1,0,1,3,1,2,2017
212000,"Raub, r uberische Erpressung auf/gegen sonstige Zahlstellen und Gesch fte",6413000,Offenbach am Main,insg.,18,10,8,0,0,0,0,0,0,0,0,0,2,0,2,1,0,1,13,10,3,2,0,2,15,10,5,2017
212000,"Raub, r uberische Erpressung auf/gegen sonstige Zahlstellen und Gesch fte",3403000,Oldenburg (Oldenburg),insg.,8,2,6,0,0,0,0,0,0,0,0,0,0,0,0,1,0,1,7,2,5,0,0,0,7,2,5,2017
212000,"Raub, r uberische Erpressung auf/gegen sonstige Zahlstellen und Gesch fte",3404000,Osnabr ck,insg.,3,1,2,0,0,0,0,0,0,0,0,0,0,0,0,0,0,0,3,1,2,0,0,0,3,1,2,2017
212000,"Raub, r uberische Erpressung auf/gegen sonstige Zahlstellen und Gesch fte",5774032,Paderborn,insg.,6,4,2,0,0,0,0,0,0,0,0,0,0,0,0,0,0,0,6,4,2,0,0,0,6,4,2,2017
212000,"Raub, r uberische Erpressung auf/gegen sonstige Zahlstellen und Gesch fte",8231000,Pforzheim,insg.,2,1,1,0,0,0,0,0,0,0,0,0,1,1,0,1,0,1,0,0,0,0,0,0,0,0,0,2017
212000,"Raub, r uberische Erpressung auf/gegen sonstige Zahlstellen und Gesch fte",12054000,Potsdam,insg.,8,7,1,0,0,0,0,0,0,0,0,0,0,0,0,1,1,0,5,4,1,2,2,0,7,6,1,2017
212000,"Raub, r uberische Erpressung auf/gegen sonstige Zahlstellen und Gesch fte",5562032,Recklinghausen,insg.,9,5,4,0,0,0,0,0,0,0,0,0,0,0,0,1,1,0,7,4,3,1,0,1,8,4,4,2017
212000,"Raub, r uberische Erpressung auf/gegen sonstige Zahlstellen und Gesch fte",9362000,Regensburg,insg.,2,1,1,0,0,0,0,0,0,0,0,0,0,0,0,0,0,0,2,1,1,0,0,0,2,1,1,2017
212000,"Raub, r uberische Erpressung auf/gegen sonstige Zahlstellen und Gesch fte",5120000,Remscheid,insg.,2,1,1,0,0,0,0,0,0,0,0,0,0,0,0,0,0,0,2,1,1,0,0,0,2,1,1,2017
212000,"Raub, r uberische Erpressung auf/gegen sonstige Zahlstellen und Gesch fte",8415061,Reutlingen,insg.,1,1,0,0,0,0,0,0,0,0,0,0,0,0,0,0,0,0,1,1,0,0,0,0,1,1,0,2017
212000,"Raub, r uberische Erpressung auf/gegen sonstige Zahlstellen und Gesch fte",13003000,Rostock,insg.,2,0,2,0,0,0,0,0,0,0,0,0,0,0,0,0,0,0,2,0,2,0,0,0,2,0,2,2017
212000,"Raub, r uberische Erpressung auf/gegen sonstige Zahlstellen und Gesch fte",10041100,Saarbr cken,insg.,32,10,22,0,0,0,0,0,0,0,0,0,0,0,0,3,2,1,27,7,20,2,1,1,29,8,21,2017
212000,"Raub, r uberische Erpressung auf/gegen sonstige Zahlstellen und Gesch fte",3102000,Salzgitter,insg.,2,1,1,0,0,0,0,0,0,0,0,0,0,0,0,0,0,0,2,1,1,0,0,0,2,1,1,2017
212000,"Raub, r uberische Erpressung auf/gegen sonstige Zahlstellen und Gesch fte",13004000,Schwerin,insg.,3,1,2,0,0,0,0,0,0,0,0,0,0,0,0,0,0,0,2,0,2,1,1,0,3,1,2,2017
212000,"Raub, r uberische Erpressung auf/gegen sonstige Zahlstellen und Gesch fte",5970040,Siegen,insg.,0,0,0,0,0,0,0,0,0,0,0,0,0,0,0,0,0,0,0,0,0,0,0,0,0,0,0,2017
212000,"Raub, r uberische Erpressung auf/gegen sonstige Zahlstellen und Gesch fte",5122000,Solingen,insg.,3,1,2,0,0,0,0,0,0,0,0,0,0,0,0,0,0,0,3,1,2,0,0,0,3,1,2,2017
212000,"Raub, r uberische Erpressung auf/gegen sonstige Zahlstellen und Gesch fte",8111000,Stuttgart,insg.,24,17,7,0,0,0,0,0,0,0,0,0,0,0,0,2,1,1,17,12,5,5,4,1,22,16,6,2017
212000,"Raub, r uberische Erpressung auf/gegen sonstige Zahlstellen und Gesch fte",7211000,Trier,insg.,0,0,0,0,0,0,0,0,0,0,0,0,0,0,0,0,0,0,0,0,0,0,0,0,0,0,0,2017
212000,"Raub, r uberische Erpressung auf/gegen sonstige Zahlstellen und Gesch fte",8421000,Ulm,insg.,7,1,6,0,0,0,0,0,0,0,0,0,0,0,0,0,0,0,7,1,6,0,0,0,7,1,6,2017
212000,"Raub, r uberische Erpressung auf/gegen sonstige Zahlstellen und Gesch fte",6414000,Wiesbaden,insg.,17,11,6,0,0,0,0,0,0,0,0,0,0,0,0,1,1,0,15,9,6,1,1,0,16,10,6,2017
212000,"Raub, r uberische Erpressung auf/gegen sonstige Zahlstellen und Gesch fte",3103000,Wolfsburg,insg.,6,1,5,0,0,0,0,0,0,0,0,0,0,0,0,2,1,1,3,0,3,1,0,1,4,0,4,2017
212000,"Raub, r uberische Erpressung auf/gegen sonstige Zahlstellen und Gesch fte",5124000,Wuppertal,insg.,33,16,17,0,0,0,0,0,0,0,0,0,0,0,0,0,0,0,27,14,13,6,2,4,33,16,17,2017
212000,"Raub, r uberische Erpressung auf/gegen sonstige Zahlstellen und Gesch fte",9663000,W rzburg,insg.,0,0,0,0,0,0,0,0,0,0,0,0,0,0,0,0,0,0,0,0,0,0,0,0,0,0,0,2017
216000,Handtaschenraub,5334002,Aachen,voll.,19,2,17,0,0,0,0,0,0,0,0,0,0,0,0,1,0,1,9,2,7,9,0,9,18,2,16,2017
216000,Handtaschenraub,9761000,Augsburg,voll.,3,0,3,0,0,0,0,0,0,0,0,0,0,0,0,0,0,0,1,0,1,2,0,2,3,0,3,2017
216000,Handtaschenraub,5378004,Bergisch Gladbach,voll.,2,1,1,0,0,0,0,0,0,0,0,0,0,0,0,0,0,0,0,0,0,2,1,1,2,1,1,2017
216000,Handtaschenraub,11000000,Berlin,voll.,213,16,197,1,0,1,0,0,0,1,0,1,3,0,3,5,1,4,115,11,104,89,4,85,204,15,189,2017
216000,Handtaschenraub,5711000,Bielefeld,voll.,2,0,2,0,0,0,0,0,0,0,0,0,0,0,0,0,0,0,2,0,2,0,0,0,2,0,2,2017
216000,Handtaschenraub,5911000,Bochum,voll.,2,0,2,0,0,0,0,0,0,0,0,0,0,0,0,0,0,0,1,0,1,1,0,1,2,0,2,2017
216000,Handtaschenraub,5314000,Bonn,voll.,7,1,6,0,0,0,0,0,0,0,0,0,0,0,0,1,1,0,4,0,4,2,0,2,6,0,6,2017
216000,Handtaschenraub,5512000,Bottrop,voll.,2,0,2,0,0,0,0,0,0,0,0,0,0,0,0,0,0,0,0,0,0,2,0,2,2,0,2,2017
216000,Handtaschenraub,3101000,Braunschweig,voll.,2,0,2,0,0,0,0,0,0,0,0,0,0,0,0,0,0,0,0,0,0,2,0,2,2,0,2,2017
216000,Handtaschenraub,4011000,Bremen,voll.,16,2,14,0,0,0,0,0,0,0,0,0,1,0,1,0,0,0,6,2,4,9,0,9,15,2,13,2017
216000,Handtaschenraub,4012000,Bremerhaven,voll.,7,2,5,0,0,0,0,0,0,0,0,0,0,0,0,1,0,1,2,0,2,4,2,2,6,2,4,2017
216000,Handtaschenraub,14511000,Chemnitz,voll.,11,2,9,0,0,0,0,0,0,0,0,0,1,0,1,0,0,0,4,1,3,6,1,5,10,2,8,2017
216000,Handtaschenraub,12052000,Cottbus,voll.,1,0,1,0,0,0,0,0,0,0,0,0,0,0,0,0,0,0,1,0,1,0,0,0,1,0,1,2017
216000,Handtaschenraub,6411000,Darmstadt,voll.,0,0,0,0,0,0,0,0,0,0,0,0,0,0,0,0,0,0,0,0,0,0,0,0,0,0,0,2017
216000,Handtaschenraub,5913000,Dortmund,voll.,15,0,15,0,0,0,0,0,0,0,0,0,0,0,0,1,0,1,4,0,4,10,0,10,14,0,14,2017
216000,Handtaschenraub,14612000,Dresden,voll.,15,4,11,0,0,0,0,0,0,0,0,0,1,1,0,1,0,1,6,2,4,7,1,6,13,3,10,2017
216000,Handtaschenraub,5112000,Duisburg,voll.,14,1,13,0,0,0,0,0,0,0,0,0,0,0,0,0,0,0,5,0,5,9,1,8,14,1,13,2017
216000,Handtaschenraub,5111000,D sseldorf,voll.,16,3,13,0,0,0,0,0,0,0,0,0,0,0,0,2,2,0,10,1,9,4,0,4,14,1,13,2017
216000,Handtaschenraub,16051000,Erfurt,voll.,3,0,3,0,0,0,0,0,0,0,0,0,0,0,0,0,0,0,2,0,2,1,0,1,3,0,3,2017
216000,Handtaschenraub,9562000,Erlangen,voll.,0,0,0,0,0,0,0,0,0,0,0,0,0,0,0,0,0,0,0,0,0,0,0,0,0,0,0,2017
216000,Handtaschenraub,5113000,Essen,voll.,22,0,22,0,0,0,0,0,0,0,0,0,1,0,1,1,0,1,9,0,9,11,0,11,20,0,20,2017
216000,Handtaschenraub,6412000,Frankfurt am Main,voll.,54,9,45,0,0,0,0,0,0,0,0,0,1,0,1,6,2,4,35,5,30,12,2,10,47,7,40,2017
216000,Handtaschenraub,8311000,Freiburg im Breisgau,voll.,6,2,4,0,0,0,0,0,0,0,0,0,0,0,0,0,0,0,5,1,4,1,1,0,6,2,4,2017
216000,Handtaschenraub,9563000,F rth,voll.,1,0,1,0,0,0,0,0,0,0,0,0,0,0,0,0,0,0,1,0,1,0,0,0,1,0,1,2017
216000,Handtaschenraub,5513000,Gelsenkirchen,voll.,8,0,8,0,0,0,0,0,0,0,0,0,0,0,0,1,0,1,4,0,4,3,0,3,7,0,7,2017
216000,Handtaschenraub,3159016,G ttingen,voll.,7,1,6,0,0,0,0,0,0,0,0,0,0,0,0,2,1,1,4,0,4,1,0,1,5,0,5,2017
216000,Handtaschenraub,5914000,Hagen,voll.,2,0,2,0,0,0,0,0,0,0,0,0,0,0,0,0,0,0,1,0,1,1,0,1,2,0,2,2017
216000,Handtaschenraub,15002000,Halle (Saale),voll.,7,1,6,0,0,0,0,0,0,0,0,0,0,0,0,0,0,0,2,0,2,5,1,4,7,1,6,2017
216000,Handtaschenraub,2000000,Hamburg,voll.,52,2,50,0,0,0,0,0,0,0,0,0,1,0,1,2,0,2,36,2,34,13,0,13,49,2,47,2017
216000,Handtaschenraub,5915000,Hamm,voll.,7,1,6,0,0,0,0,0,0,0,0,0,0,0,0,0,0,0,3,1,2,4,0,4,7,1,6,2017
216000,Handtaschenraub,3241001,Hannover,voll.,23,1,22,0,0,0,2,1,1,2,1,1,1,0,1,1,0,1,8,0,8,11,0,11,19,0,19,2017
216000,Handtaschenraub,8221000,Heidelberg,voll.,0,0,0,0,0,0,0,0,0,0,0,0,0,0,0,0,0,0,0,0,0,0,0,0,0,0,0,2017
216000,Handtaschenraub,8121000,Heilbronn,voll.,5,1,4,0,0,0,0,0,0,0,0,0,0,0,0,0,0,0,4,1,3,1,0,1,5,1,4,2017
216000,Handtaschenraub,5916000,Herne,voll.,2,0,2,0,0,0,0,0,0,0,0,0,0,0,0,0,0,0,0,0,0,2,0,2,2,0,2,2017
216000,Handtaschenraub,3254021,Hildesheim,voll.,4,1,3,0,0,0,0,0,0,0,0,0,0,0,0,1,1,0,0,0,0,3,0,3,3,0,3,2017
216000,Handtaschenraub,9161000,Ingolstadt,voll.,0,0,0,0,0,0,0,0,0,0,0,0,0,0,0,0,0,0,0,0,0,0,0,0,0,0,0,2017
216000,Handtaschenraub,16053000,Jena,voll.,0,0,0,0,0,0,0,0,0,0,0,0,0,0,0,0,0,0,0,0,0,0,0,0,0,0,0,2017
216000,Handtaschenraub,8212000,Karlsruhe,voll.,9,0,9,0,0,0,0,0,0,0,0,0,0,0,0,0,0,0,7,0,7,2,0,2,9,0,9,2017
216000,Handtaschenraub,6611000,Kassel,voll.,4,1,3,0,0,0,0,0,0,0,0,0,0,0,0,0,0,0,2,0,2,2,1,1,4,1,3,2017
216000,Handtaschenraub,1002000,Kiel,voll.,1,0,1,0,0,0,0,0,0,0,0,0,0,0,0,0,0,0,1,0,1,0,0,0,1,0,1,2017
216000,Handtaschenraub,7111000,Koblenz,voll.,1,0,1,0,0,0,0,0,0,0,0,0,0,0,0,0,0,0,1,0,1,0,0,0,1,0,1,2017
216000,Handtaschenraub,5315000,K ln,voll.,94,21,73,0,0,0,0,0,0,0,0,0,2,1,1,4,1,3,58,17,41,30,2,28,88,19,69,2017
216000,Handtaschenraub,5114000,Krefeld,voll.,12,1,11,0,0,0,0,0,0,0,0,0,0,0,0,2,0,2,7,1,6,3,0,3,10,1,9,2017
216000,Handtaschenraub,14713000,Leipzig,voll.,60,8,52,0,0,0,1,0,1,1,0,1,2,1,1,1,0,1,11,3,8,45,4,41,56,7,49,2017
216000,Handtaschenraub,5316000,Leverkusen,voll.,10,0,10,0,0,0,0,0,0,0,0,0,0,0,0,0,0,0,4,0,4,6,0,6,10,0,10,2017
216000,Handtaschenraub,1003000,L beck,voll.,0,0,0,0,0,0,0,0,0,0,0,0,0,0,0,0,0,0,0,0,0,0,0,0,0,0,0,2017
216000,Handtaschenraub,7314000,Ludwigshafen am Rhein,voll.,0,0,0,0,0,0,0,0,0,0,0,0,0,0,0,0,0,0,0,0,0,0,0,0,0,0,0,2017
216000,Handtaschenraub,15003000,Magdeburg,voll.,11,1,10,0,0,0,0,0,0,0,0,0,0,0,0,0,0,0,2,0,2,9,1,8,11,1,10,2017
216000,Handtaschenraub,7315000,Mainz,voll.,2,0,2,0,0,0,0,0,0,0,0,0,0,0,0,0,0,0,0,0,0,2,0,2,2,0,2,2017
216000,Handtaschenraub,8222000,Mannheim,voll.,8,1,7,0,0,0,0,0,0,0,0,0,0,0,0,0,0,0,4,0,4,4,1,3,8,1,7,2017
216000,Handtaschenraub,5170024,Moers,voll.,2,0,2,0,0,0,0,0,0,0,0,0,0,0,0,0,0,0,2,0,2,0,0,0,2,0,2,2017
216000,Handtaschenraub,5116000,M nchengladbach,voll.,5,0,5,0,0,0,0,0,0,0,0,0,0,0,0,0,0,0,1,0,1,4,0,4,5,0,5,2017
216000,Handtaschenraub,5117000,M lheim an der Ruhr,voll.,2,0,2,0,0,0,0,0,0,0,0,0,0,0,0,0,0,0,1,0,1,1,0,1,2,0,2,2017
216000,Handtaschenraub,9162000,M nchen,voll.,34,14,20,0,0,0,2,2,0,2,2,0,2,2,0,1,1,0,22,8,14,7,1,6,29,9,20,2017
216000,Handtaschenraub,5515000,M nster,voll.,14,0,14,0,0,0,0,0,0,0,0,0,0,0,0,0,0,0,2,0,2,12,0,12,14,0,14,2017
216000,Handtaschenraub,5162024,Neuss,voll.,2,0,2,0,0,0,0,0,0,0,0,0,0,0,0,0,0,0,2,0,2,0,0,0,2,0,2,2017
216000,Handtaschenraub,9564000,N rnberg,voll.,7,1,6,0,0,0,0,0,0,0,0,0,1,0,1,0,0,0,4,0,4,2,1,1,6,1,5,2017
216000,Handtaschenraub,5119000,Oberhausen,voll.,6,2,4,0,0,0,0,0,0,0,0,0,1,1,0,0,0,0,4,1,3,1,0,1,5,1,4,2017
216000,Handtaschenraub,6413000,Offenbach am Main,voll.,5,0,5,0,0,0,0,0,0,0,0,0,0,0,0,1,0,1,3,0,3,1,0,1,4,0,4,2017
216000,Handtaschenraub,3403000,Oldenburg (Oldenburg),voll.,3,1,2,0,0,0,0,0,0,0,0,0,0,0,0,0,0,0,1,1,0,2,0,2,3,1,2,2017
216000,Handtaschenraub,3404000,Osnabr ck,voll.,4,0,4,0,0,0,0,0,0,0,0,0,0,0,0,0,0,0,3,0,3,1,0,1,4,0,4,2017
216000,Handtaschenraub,5774032,Paderborn,voll.,2,0,2,0,0,0,0,0,0,0,0,0,0,0,0,0,0,0,1,0,1,1,0,1,2,0,2,2017
216000,Handtaschenraub,8231000,Pforzheim,voll.,2,0,2,0,0,0,0,0,0,0,0,0,0,0,0,1,0,1,0,0,0,1,0,1,1,0,1,2017
216000,Handtaschenraub,12054000,Potsdam,voll.,8,1,7,0,0,0,0,0,0,0,0,0,0,0,0,0,0,0,1,0,1,7,1,6,8,1,7,2017
216000,Handtaschenraub,5562032,Recklinghausen,voll.,1,0,1,0,0,0,0,0,0,0,0,0,0,0,0,0,0,0,0,0,0,1,0,1,1,0,1,2017
216000,Handtaschenraub,9362000,Regensburg,voll.,1,0,1,0,0,0,0,0,0,0,0,0,0,0,0,0,0,0,1,0,1,0,0,0,1,0,1,2017
216000,Handtaschenraub,5120000,Remscheid,voll.,5,0,5,0,0,0,0,0,0,0,0,0,0,0,0,0,0,0,2,0,2,3,0,3,5,0,5,2017
216000,Handtaschenraub,8415061,Reutlingen,voll.,0,0,0,0,0,0,0,0,0,0,0,0,0,0,0,0,0,0,0,0,0,0,0,0,0,0,0,2017
216000,Handtaschenraub,13003000,Rostock,voll.,7,1,6,0,0,0,0,0,0,0,0,0,0,0,0,0,0,0,3,0,3,4,1,3,7,1,6,2017
216000,Handtaschenraub,10041100,Saarbr cken,voll.,13,1,12,0,0,0,0,0,0,0,0,0,0,0,0,1,0,1,8,1,7,4,0,4,12,1,11,2017
216000,Handtaschenraub,3102000,Salzgitter,voll.,6,0,6,0,0,0,0,0,0,0,0,0,0,0,0,0,0,0,5,0,5,1,0,1,6,0,6,2017
216000,Handtaschenraub,13004000,Schwerin,voll.,1,0,1,0,0,0,0,0,0,0,0,0,0,0,0,0,0,0,0,0,0,1,0,1,1,0,1,2017
216000,Handtaschenraub,5970040,Siegen,voll.,1,0,1,0,0,0,0,0,0,0,0,0,0,0,0,0,0,0,1,0,1,0,0,0,1,0,1,2017
216000,Handtaschenraub,5122000,Solingen,voll.,2,0,2,0,0,0,0,0,0,0,0,0,0,0,0,0,0,0,1,0,1,1,0,1,2,0,2,2017
216000,Handtaschenraub,8111000,Stuttgart,voll.,32,4,28,0,0,0,0,0,0,0,0,0,2,1,1,3,0,3,16,2,14,11,1,10,27,3,24,2017
216000,Handtaschenraub,7211000,Trier,voll.,1,0,1,0,0,0,0,0,0,0,0,0,0,0,0,0,0,0,1,0,1,0,0,0,1,0,1,2017
216000,Handtaschenraub,8421000,Ulm,voll.,5,1,4,0,0,0,0,0,0,0,0,0,1,1,0,0,0,0,3,0,3,1,0,1,4,0,4,2017
216000,Handtaschenraub,6414000,Wiesbaden,voll.,8,2,6,0,0,0,0,0,0,0,0,0,0,0,0,1,0,1,4,2,2,3,0,3,7,2,5,2017
216000,Handtaschenraub,3103000,Wolfsburg,voll.,1,0,1,0,0,0,0,0,0,0,0,0,0,0,0,0,0,0,0,0,0,1,0,1,1,0,1,2017
216000,Handtaschenraub,5124000,Wuppertal,voll.,17,2,15,0,0,0,0,0,0,0,0,0,1,1,0,0,0,0,8,1,7,8,0,8,16,1,15,2017
216000,Handtaschenraub,9663000,W rzburg,voll.,1,0,1,0,0,0,0,0,0,0,0,0,0,0,0,0,0,0,0,0,0,1,0,1,1,0,1,2017
216000,Handtaschenraub,5334002,Aachen,vers.,6,2,4,0,0,0,0,0,0,0,0,0,0,0,0,1,1,0,2,0,2,3,1,2,5,1,4,2017
216000,Handtaschenraub,9761000,Augsburg,vers.,0,0,0,0,0,0,0,0,0,0,0,0,0,0,0,0,0,0,0,0,0,0,0,0,0,0,0,2017
216000,Handtaschenraub,5378004,Bergisch Gladbach,vers.,0,0,0,0,0,0,0,0,0,0,0,0,0,0,0,0,0,0,0,0,0,0,0,0,0,0,0,2017
216000,Handtaschenraub,11000000,Berlin,vers.,50,3,47,0,0,0,0,0,0,0,0,0,3,0,3,2,0,2,22,1,21,23,2,21,45,3,42,2017
216000,Handtaschenraub,5711000,Bielefeld,vers.,0,0,0,0,0,0,0,0,0,0,0,0,0,0,0,0,0,0,0,0,0,0,0,0,0,0,0,2017
216000,Handtaschenraub,5911000,Bochum,vers.,3,0,3,0,0,0,0,0,0,0,0,0,0,0,0,0,0,0,2,0,2,1,0,1,3,0,3,2017
216000,Handtaschenraub,5314000,Bonn,vers.,6,1,5,0,0,0,0,0,0,0,0,0,0,0,0,1,1,0,3,0,3,2,0,2,5,0,5,2017
216000,Handtaschenraub,5512000,Bottrop,vers.,0,0,0,0,0,0,0,0,0,0,0,0,0,0,0,0,0,0,0,0,0,0,0,0,0,0,0,2017
216000,Handtaschenraub,3101000,Braunschweig,vers.,4,0,4,0,0,0,0,0,0,0,0,0,0,0,0,0,0,0,4,0,4,0,0,0,4,0,4,2017
216000,Handtaschenraub,4011000,Bremen,vers.,4,1,3,0,0,0,0,0,0,0,0,0,0,0,0,1,0,1,3,1,2,0,0,0,3,1,2,2017
216000,Handtaschenraub,4012000,Bremerhaven,vers.,2,0,2,0,0,0,0,0,0,0,0,0,0,0,0,0,0,0,1,0,1,1,0,1,2,0,2,2017
216000,Handtaschenraub,14511000,Chemnitz,vers.,6,1,5,0,0,0,0,0,0,0,0,0,0,0,0,1,0,1,2,0,2,3,1,2,5,1,4,2017
216000,Handtaschenraub,12052000,Cottbus,vers.,1,0,1,0,0,0,0,0,0,0,0,0,0,0,0,0,0,0,0,0,0,1,0,1,1,0,1,2017
216000,Handtaschenraub,6411000,Darmstadt,vers.,2,0,2,0,0,0,0,0,0,0,0,0,0,0,0,0,0,0,2,0,2,0,0,0,2,0,2,2017
216000,Handtaschenraub,5913000,Dortmund,vers.,6,2,4,0,0,0,2,2,0,2,2,0,0,0,0,1,0,1,1,0,1,2,0,2,3,0,3,2017
216000,Handtaschenraub,14612000,Dresden,vers.,8,0,8,0,0,0,0,0,0,0,0,0,0,0,0,0,0,0,5,0,5,3,0,3,8,0,8,2017
216000,Handtaschenraub,5112000,Duisburg,vers.,5,0,5,0,0,0,0,0,0,0,0,0,0,0,0,0,0,0,2,0,2,3,0,3,5,0,5,2017
216000,Handtaschenraub,5111000,D sseldorf,vers.,1,0,1,0,0,0,0,0,0,0,0,0,0,0,0,0,0,0,0,0,0,1,0,1,1,0,1,2017
216000,Handtaschenraub,16051000,Erfurt,vers.,0,0,0,0,0,0,0,0,0,0,0,0,0,0,0,0,0,0,0,0,0,0,0,0,0,0,0,2017
216000,Handtaschenraub,9562000,Erlangen,vers.,1,0,1,0,0,0,0,0,0,0,0,0,0,0,0,0,0,0,0,0,0,1,0,1,1,0,1,2017
216000,Handtaschenraub,5113000,Essen,vers.,3,0,3,0,0,0,0,0,0,0,0,0,0,0,0,0,0,0,2,0,2,1,0,1,3,0,3,2017
216000,Handtaschenraub,6412000,Frankfurt am Main,vers.,22,4,18,0,0,0,0,0,0,0,0,0,0,0,0,0,0,0,19,4,15,3,0,3,22,4,18,2017
216000,Handtaschenraub,8311000,Freiburg im Breisgau,vers.,0,0,0,0,0,0,0,0,0,0,0,0,0,0,0,0,0,0,0,0,0,0,0,0,0,0,0,2017
216000,Handtaschenraub,9563000,F rth,vers.,0,0,0,0,0,0,0,0,0,0,0,0,0,0,0,0,0,0,0,0,0,0,0,0,0,0,0,2017
216000,Handtaschenraub,5513000,Gelsenkirchen,vers.,2,0,2,0,0,0,0,0,0,0,0,0,0,0,0,0,0,0,1,0,1,1,0,1,2,0,2,2017
216000,Handtaschenraub,3159016,G ttingen,vers.,1,0,1,0,0,0,0,0,0,0,0,0,0,0,0,0,0,0,1,0,1,0,0,0,1,0,1,2017
216000,Handtaschenraub,5914000,Hagen,vers.,0,0,0,0,0,0,0,0,0,0,0,0,0,0,0,0,0,0,0,0,0,0,0,0,0,0,0,2017
216000,Handtaschenraub,15002000,Halle (Saale),vers.,3,1,2,0,0,0,0,0,0,0,0,0,0,0,0,0,0,0,2,1,1,1,0,1,3,1,2,2017
216000,Handtaschenraub,2000000,Hamburg,vers.,15,3,12,0,0,0,0,0,0,0,0,0,0,0,0,3,1,2,7,0,7,5,2,3,12,2,10,2017
216000,Handtaschenraub,5915000,Hamm,vers.,2,0,2,0,0,0,0,0,0,0,0,0,0,0,0,0,0,0,2,0,2,0,0,0,2,0,2,2017
216000,Handtaschenraub,3241001,Hannover,vers.,4,0,4,0,0,0,0,0,0,0,0,0,0,0,0,0,0,0,4,0,4,0,0,0,4,0,4,2017
216000,Handtaschenraub,8221000,Heidelberg,vers.,2,0,2,0,0,0,0,0,0,0,0,0,0,0,0,0,0,0,1,0,1,1,0,1,2,0,2,2017
216000,Handtaschenraub,8121000,Heilbronn,vers.,1,0,1,0,0,0,0,0,0,0,0,0,0,0,0,0,0,0,0,0,0,1,0,1,1,0,1,2017
216000,Handtaschenraub,5916000,Herne,vers.,0,0,0,0,0,0,0,0,0,0,0,0,0,0,0,0,0,0,0,0,0,0,0,0,0,0,0,2017
216000,Handtaschenraub,3254021,Hildesheim,vers.,2,0,2,0,0,0,0,0,0,0,0,0,0,0,0,0,0,0,1,0,1,1,0,1,2,0,2,2017
216000,Handtaschenraub,9161000,Ingolstadt,vers.,0,0,0,0,0,0,0,0,0,0,0,0,0,0,0,0,0,0,0,0,0,0,0,0,0,0,0,2017
216000,Handtaschenraub,16053000,Jena,vers.,0,0,0,0,0,0,0,0,0,0,0,0,0,0,0,0,0,0,0,0,0,0,0,0,0,0,0,2017
216000,Handtaschenraub,8212000,Karlsruhe,vers.,4,1,3,0,0,0,0,0,0,0,0,0,0,0,0,1,1,0,3,0,3,0,0,0,3,0,3,2017
216000,Handtaschenraub,6611000,Kassel,vers.,2,1,1,0,0,0,0,0,0,0,0,0,0,0,0,0,0,0,2,1,1,0,0,0,2,1,1,2017
216000,Handtaschenraub,1002000,Kiel,vers.,1,0,1,0,0,0,0,0,0,0,0,0,0,0,0,0,0,0,1,0,1,0,0,0,1,0,1,2017
216000,Handtaschenraub,7111000,Koblenz,vers.,3,0,3,0,0,0,0,0,0,0,0,0,0,0,0,0,0,0,2,0,2,1,0,1,3,0,3,2017
216000,Handtaschenraub,5315000,K ln,vers.,28,3,25,0,0,0,0,0,0,0,0,0,1,0,1,1,0,1,18,3,15,8,0,8,26,3,23,2017
216000,Handtaschenraub,5114000,Krefeld,vers.,3,0,3,0,0,0,0,0,0,0,0,0,0,0,0,1,0,1,1,0,1,1,0,1,2,0,2,2017
216000,Handtaschenraub,14713000,Leipzig,vers.,7,1,6,0,0,0,0,0,0,0,0,0,0,0,0,0,0,0,5,1,4,2,0,2,7,1,6,2017
216000,Handtaschenraub,5316000,Leverkusen,vers.,4,1,3,0,0,0,0,0,0,0,0,0,0,0,0,0,0,0,3,1,2,1,0,1,4,1,3,2017
216000,Handtaschenraub,1003000,L beck,vers.,2,1,1,0,0,0,0,0,0,0,0,0,0,0,0,0,0,0,2,1,1,0,0,0,2,1,1,2017
216000,Handtaschenraub,7314000,Ludwigshafen am Rhein,vers.,0,0,0,0,0,0,0,0,0,0,0,0,0,0,0,0,0,0,0,0,0,0,0,0,0,0,0,2017
216000,Handtaschenraub,15003000,Magdeburg,vers.,1,0,1,0,0,0,0,0,0,0,0,0,0,0,0,1,0,1,0,0,0,0,0,0,0,0,0,2017
216000,Handtaschenraub,7315000,Mainz,vers.,1,0,1,0,0,0,0,0,0,0,0,0,0,0,0,0,0,0,1,0,1,0,0,0,1,0,1,2017
216000,Handtaschenraub,8222000,Mannheim,vers.,2,0,2,0,0,0,0,0,0,0,0,0,0,0,0,1,0,1,1,0,1,0,0,0,1,0,1,2017
216000,Handtaschenraub,5170024,Moers,vers.,0,0,0,0,0,0,0,0,0,0,0,0,0,0,0,0,0,0,0,0,0,0,0,0,0,0,0,2017
216000,Handtaschenraub,5116000,M nchengladbach,vers.,2,0,2,0,0,0,0,0,0,0,0,0,0,0,0,0,0,0,2,0,2,0,0,0,2,0,2,2017
216000,Handtaschenraub,5117000,M lheim an der Ruhr,vers.,0,0,0,0,0,0,0,0,0,0,0,0,0,0,0,0,0,0,0,0,0,0,0,0,0,0,0,2017
216000,Handtaschenraub,9162000,M nchen,vers.,12,0,12,0,0,0,0,0,0,0,0,0,0,0,0,2,0,2,6,0,6,4,0,4,10,0,10,2017
216000,Handtaschenraub,5515000,M nster,vers.,3,0,3,0,0,0,0,0,0,0,0,0,0,0,0,0,0,0,2,0,2,1,0,1,3,0,3,2017
216000,Handtaschenraub,5162024,Neuss,vers.,0,0,0,0,0,0,0,0,0,0,0,0,0,0,0,0,0,0,0,0,0,0,0,0,0,0,0,2017
216000,Handtaschenraub,9564000,N rnberg,vers.,4,2,2,0,0,0,0,0,0,0,0,0,0,0,0,0,0,0,3,2,1,1,0,1,4,2,2,2017
216000,Handtaschenraub,5119000,Oberhausen,vers.,2,0,2,0,0,0,0,0,0,0,0,0,0,0,0,0,0,0,1,0,1,1,0,1,2,0,2,2017
216000,Handtaschenraub,6413000,Offenbach am Main,vers.,4,1,3,0,0,0,0,0,0,0,0,0,0,0,0,2,1,1,1,0,1,1,0,1,2,0,2,2017
216000,Handtaschenraub,3403000,Oldenburg (Oldenburg),vers.,3,0,3,0,0,0,0,0,0,0,0,0,0,0,0,0,0,0,3,0,3,0,0,0,3,0,3,2017
216000,Handtaschenraub,3404000,Osnabr ck,vers.,4,0,4,0,0,0,0,0,0,0,0,0,0,0,0,1,0,1,3,0,3,0,0,0,3,0,3,2017
216000,Handtaschenraub,5774032,Paderborn,vers.,0,0,0,0,0,0,0,0,0,0,0,0,0,0,0,0,0,0,0,0,0,0,0,0,0,0,0,2017
216000,Handtaschenraub,8231000,Pforzheim,vers.,0,0,0,0,0,0,0,0,0,0,0,0,0,0,0,0,0,0,0,0,0,0,0,0,0,0,0,2017
216000,Handtaschenraub,12054000,Potsdam,vers.,3,0,3,0,0,0,0,0,0,0,0,0,1,0,1,0,0,0,2,0,2,0,0,0,2,0,2,2017
216000,Handtaschenraub,5562032,Recklinghausen,vers.,0,0,0,0,0,0,0,0,0,0,0,0,0,0,0,0,0,0,0,0,0,0,0,0,0,0,0,2017
216000,Handtaschenraub,9362000,Regensburg,vers.,3,0,3,0,0,0,0,0,0,0,0,0,0,0,0,1,0,1,2,0,2,0,0,0,2,0,2,2017
216000,Handtaschenraub,5120000,Remscheid,vers.,0,0,0,0,0,0,0,0,0,0,0,0,0,0,0,0,0,0,0,0,0,0,0,0,0,0,0,2017
216000,Handtaschenraub,8415061,Reutlingen,vers.,0,0,0,0,0,0,0,0,0,0,0,0,0,0,0,0,0,0,0,0,0,0,0,0,0,0,0,2017
216000,Handtaschenraub,13003000,Rostock,vers.,0,0,0,0,0,0,0,0,0,0,0,0,0,0,0,0,0,0,0,0,0,0,0,0,0,0,0,2017
216000,Handtaschenraub,10041100,Saarbr cken,vers.,0,0,0,0,0,0,0,0,0,0,0,0,0,0,0,0,0,0,0,0,0,0,0,0,0,0,0,2017
216000,Handtaschenraub,3102000,Salzgitter,vers.,6,0,6,0,0,0,1,0,1,1,0,1,0,0,0,0,0,0,4,0,4,1,0,1,5,0,5,2017
216000,Handtaschenraub,13004000,Schwerin,vers.,2,0,2,0,0,0,0,0,0,0,0,0,0,0,0,0,0,0,1,0,1,1,0,1,2,0,2,2017
216000,Handtaschenraub,5970040,Siegen,vers.,0,0,0,0,0,0,0,0,0,0,0,0,0,0,0,0,0,0,0,0,0,0,0,0,0,0,0,2017
216000,Handtaschenraub,5122000,Solingen,vers.,0,0,0,0,0,0,0,0,0,0,0,0,0,0,0,0,0,0,0,0,0,0,0,0,0,0,0,2017
216000,Handtaschenraub,8111000,Stuttgart,vers.,9,0,9,0,0,0,0,0,0,0,0,0,0,0,0,2,0,2,7,0,7,0,0,0,7,0,7,2017
216000,Handtaschenraub,7211000,Trier,vers.,0,0,0,0,0,0,0,0,0,0,0,0,0,0,0,0,0,0,0,0,0,0,0,0,0,0,0,2017
216000,Handtaschenraub,8421000,Ulm,vers.,1,0,1,0,0,0,0,0,0,0,0,0,0,0,0,0,0,0,1,0,1,0,0,0,1,0,1,2017
216000,Handtaschenraub,6414000,Wiesbaden,vers.,4,1,3,0,0,0,0,0,0,0,0,0,0,0,0,1,1,0,2,0,2,1,0,1,3,0,3,2017
216000,Handtaschenraub,3103000,Wolfsburg,vers.,5,0,5,0,0,0,0,0,0,0,0,0,0,0,0,1,0,1,2,0,2,2,0,2,4,0,4,2017
216000,Handtaschenraub,5124000,Wuppertal,vers.,4,0,4,0,0,0,0,0,0,0,0,0,0,0,0,0,0,0,2,0,2,2,0,2,4,0,4,2017
216000,Handtaschenraub,9663000,W rzburg,vers.,0,0,0,0,0,0,0,0,0,0,0,0,0,0,0,0,0,0,0,0,0,0,0,0,0,0,0,2017
216000,Handtaschenraub,5334002,Aachen,insg.,25,4,21,0,0,0,0,0,0,0,0,0,0,0,0,2,1,1,11,2,9,12,1,11,23,3,20,2017
216000,Handtaschenraub,9761000,Augsburg,insg.,3,0,3,0,0,0,0,0,0,0,0,0,0,0,0,0,0,0,1,0,1,2,0,2,3,0,3,2017
216000,Handtaschenraub,5378004,Bergisch Gladbach,insg.,2,1,1,0,0,0,0,0,0,0,0,0,0,0,0,0,0,0,0,0,0,2,1,1,2,1,1,2017
216000,Handtaschenraub,11000000,Berlin,insg.,263,19,244,1,0,1,0,0,0,1,0,1,6,0,6,7,1,6,137,12,125,112,6,106,249,18,231,2017
216000,Handtaschenraub,5711000,Bielefeld,insg.,2,0,2,0,0,0,0,0,0,0,0,0,0,0,0,0,0,0,2,0,2,0,0,0,2,0,2,2017
216000,Handtaschenraub,5911000,Bochum,insg.,5,0,5,0,0,0,0,0,0,0,0,0,0,0,0,0,0,0,3,0,3,2,0,2,5,0,5,2017
216000,Handtaschenraub,5314000,Bonn,insg.,13,2,11,0,0,0,0,0,0,0,0,0,0,0,0,2,2,0,7,0,7,4,0,4,11,0,11,2017
216000,Handtaschenraub,5512000,Bottrop,insg.,2,0,2,0,0,0,0,0,0,0,0,0,0,0,0,0,0,0,0,0,0,2,0,2,2,0,2,2017
216000,Handtaschenraub,3101000,Braunschweig,insg.,6,0,6,0,0,0,0,0,0,0,0,0,0,0,0,0,0,0,4,0,4,2,0,2,6,0,6,2017
216000,Handtaschenraub,4011000,Bremen,insg.,20,3,17,0,0,0,0,0,0,0,0,0,1,0,1,1,0,1,9,3,6,9,0,9,18,3,15,2017
216000,Handtaschenraub,4012000,Bremerhaven,insg.,9,2,7,0,0,0,0,0,0,0,0,0,0,0,0,1,0,1,3,0,3,5,2,3,8,2,6,2017
216000,Handtaschenraub,14511000,Chemnitz,insg.,17,3,14,0,0,0,0,0,0,0,0,0,1,0,1,1,0,1,6,1,5,9,2,7,15,3,12,2017
216000,Handtaschenraub,12052000,Cottbus,insg.,2,0,2,0,0,0,0,0,0,0,0,0,0,0,0,0,0,0,1,0,1,1,0,1,2,0,2,2017
216000,Handtaschenraub,6411000,Darmstadt,insg.,2,0,2,0,0,0,0,0,0,0,0,0,0,0,0,0,0,0,2,0,2,0,0,0,2,0,2,2017
216000,Handtaschenraub,5913000,Dortmund,insg.,21,2,19,0,0,0,2,2,0,2,2,0,0,0,0,2,0,2,5,0,5,12,0,12,17,0,17,2017
216000,Handtaschenraub,14612000,Dresden,insg.,23,4,19,0,0,0,0,0,0,0,0,0,1,1,0,1,0,1,11,2,9,10,1,9,21,3,18,2017
216000,Handtaschenraub,5112000,Duisburg,insg.,19,1,18,0,0,0,0,0,0,0,0,0,0,0,0,0,0,0,7,0,7,12,1,11,19,1,18,2017
216000,Handtaschenraub,5111000,D sseldorf,insg.,17,3,14,0,0,0,0,0,0,0,0,0,0,0,0,2,2,0,10,1,9,5,0,5,15,1,14,2017
216000,Handtaschenraub,16051000,Erfurt,insg.,3,0,3,0,0,0,0,0,0,0,0,0,0,0,0,0,0,0,2,0,2,1,0,1,3,0,3,2017
216000,Handtaschenraub,9562000,Erlangen,insg.,1,0,1,0,0,0,0,0,0,0,0,0,0,0,0,0,0,0,0,0,0,1,0,1,1,0,1,2017
216000,Handtaschenraub,5113000,Essen,insg.,25,0,25,0,0,0,0,0,0,0,0,0,1,0,1,1,0,1,11,0,11,12,0,12,23,0,23,2017
216000,Handtaschenraub,6412000,Frankfurt am Main,insg.,76,13,63,0,0,0,0,0,0,0,0,0,1,0,1,6,2,4,54,9,45,15,2,13,69,11,58,2017
216000,Handtaschenraub,8311000,Freiburg im Breisgau,insg.,6,2,4,0,0,0,0,0,0,0,0,0,0,0,0,0,0,0,5,1,4,1,1,0,6,2,4,2017
216000,Handtaschenraub,9563000,F rth,insg.,1,0,1,0,0,0,0,0,0,0,0,0,0,0,0,0,0,0,1,0,1,0,0,0,1,0,1,2017
216000,Handtaschenraub,5513000,Gelsenkirchen,insg.,10,0,10,0,0,0,0,0,0,0,0,0,0,0,0,1,0,1,5,0,5,4,0,4,9,0,9,2017
216000,Handtaschenraub,3159016,G ttingen,insg.,8,1,7,0,0,0,0,0,0,0,0,0,0,0,0,2,1,1,5,0,5,1,0,1,6,0,6,2017
216000,Handtaschenraub,5914000,Hagen,insg.,2,0,2,0,0,0,0,0,0,0,0,0,0,0,0,0,0,0,1,0,1,1,0,1,2,0,2,2017
216000,Handtaschenraub,15002000,Halle (Saale),insg.,10,2,8,0,0,0,0,0,0,0,0,0,0,0,0,0,0,0,4,1,3,6,1,5,10,2,8,2017
216000,Handtaschenraub,2000000,Hamburg,insg.,67,5,62,0,0,0,0,0,0,0,0,0,1,0,1,5,1,4,43,2,41,18,2,16,61,4,57,2017
216000,Handtaschenraub,5915000,Hamm,insg.,9,1,8,0,0,0,0,0,0,0,0,0,0,0,0,0,0,0,5,1,4,4,0,4,9,1,8,2017
216000,Handtaschenraub,3241001,Hannover,insg.,27,1,26,0,0,0,2,1,1,2,1,1,1,0,1,1,0,1,12,0,12,11,0,11,23,0,23,2017
216000,Handtaschenraub,8221000,Heidelberg,insg.,2,0,2,0,0,0,0,0,0,0,0,0,0,0,0,0,0,0,1,0,1,1,0,1,2,0,2,2017
216000,Handtaschenraub,8121000,Heilbronn,insg.,6,1,5,0,0,0,0,0,0,0,0,0,0,0,0,0,0,0,4,1,3,2,0,2,6,1,5,2017
216000,Handtaschenraub,5916000,Herne,insg.,2,0,2,0,0,0,0,0,0,0,0,0,0,0,0,0,0,0,0,0,0,2,0,2,2,0,2,2017
216000,Handtaschenraub,3254021,Hildesheim,insg.,6,1,5,0,0,0,0,0,0,0,0,0,0,0,0,1,1,0,1,0,1,4,0,4,5,0,5,2017
216000,Handtaschenraub,9161000,Ingolstadt,insg.,0,0,0,0,0,0,0,0,0,0,0,0,0,0,0,0,0,0,0,0,0,0,0,0,0,0,0,2017
216000,Handtaschenraub,16053000,Jena,insg.,0,0,0,0,0,0,0,0,0,0,0,0,0,0,0,0,0,0,0,0,0,0,0,0,0,0,0,2017
216000,Handtaschenraub,8212000,Karlsruhe,insg.,13,1,12,0,0,0,0,0,0,0,0,0,0,0,0,1,1,0,10,0,10,2,0,2,12,0,12,2017
216000,Handtaschenraub,6611000,Kassel,insg.,6,2,4,0,0,0,0,0,0,0,0,0,0,0,0,0,0,0,4,1,3,2,1,1,6,2,4,2017
216000,Handtaschenraub,1002000,Kiel,insg.,2,0,2,0,0,0,0,0,0,0,0,0,0,0,0,0,0,0,2,0,2,0,0,0,2,0,2,2017
216000,Handtaschenraub,7111000,Koblenz,insg.,4,0,4,0,0,0,0,0,0,0,0,0,0,0,0,0,0,0,3,0,3,1,0,1,4,0,4,2017
216000,Handtaschenraub,5315000,K ln,insg.,122,24,98,0,0,0,0,0,0,0,0,0,3,1,2,5,1,4,76,20,56,38,2,36,114,22,92,2017
216000,Handtaschenraub,5114000,Krefeld,insg.,15,1,14,0,0,0,0,0,0,0,0,0,0,0,0,3,0,3,8,1,7,4,0,4,12,1,11,2017
216000,Handtaschenraub,14713000,Leipzig,insg.,67,9,58,0,0,0,1,0,1,1,0,1,2,1,1,1,0,1,16,4,12,47,4,43,63,8,55,2017
216000,Handtaschenraub,5316000,Leverkusen,insg.,14,1,13,0,0,0,0,0,0,0,0,0,0,0,0,0,0,0,7,1,6,7,0,7,14,1,13,2017
216000,Handtaschenraub,1003000,L beck,insg.,2,1,1,0,0,0,0,0,0,0,0,0,0,0,0,0,0,0,2,1,1,0,0,0,2,1,1,2017
216000,Handtaschenraub,7314000,Ludwigshafen am Rhein,insg.,0,0,0,0,0,0,0,0,0,0,0,0,0,0,0,0,0,0,0,0,0,0,0,0,0,0,0,2017
216000,Handtaschenraub,15003000,Magdeburg,insg.,12,1,11,0,0,0,0,0,0,0,0,0,0,0,0,1,0,1,2,0,2,9,1,8,11,1,10,2017
216000,Handtaschenraub,7315000,Mainz,insg.,3,0,3,0,0,0,0,0,0,0,0,0,0,0,0,0,0,0,1,0,1,2,0,2,3,0,3,2017
216000,Handtaschenraub,8222000,Mannheim,insg.,10,1,9,0,0,0,0,0,0,0,0,0,0,0,0,1,0,1,5,0,5,4,1,3,9,1,8,2017
216000,Handtaschenraub,5170024,Moers,insg.,2,0,2,0,0,0,0,0,0,0,0,0,0,0,0,0,0,0,2,0,2,0,0,0,2,0,2,2017
216000,Handtaschenraub,5116000,M nchengladbach,insg.,7,0,7,0,0,0,0,0,0,0,0,0,0,0,0,0,0,0,3,0,3,4,0,4,7,0,7,2017
216000,Handtaschenraub,5117000,M lheim an der Ruhr,insg.,2,0,2,0,0,0,0,0,0,0,0,0,0,0,0,0,0,0,1,0,1,1,0,1,2,0,2,2017
216000,Handtaschenraub,9162000,M nchen,insg.,46,14,32,0,0,0,2,2,0,2,2,0,2,2,0,3,1,2,28,8,20,11,1,10,39,9,30,2017
216000,Handtaschenraub,5515000,M nster,insg.,17,0,17,0,0,0,0,0,0,0,0,0,0,0,0,0,0,0,4,0,4,13,0,13,17,0,17,2017
216000,Handtaschenraub,5162024,Neuss,insg.,2,0,2,0,0,0,0,0,0,0,0,0,0,0,0,0,0,0,2,0,2,0,0,0,2,0,2,2017
216000,Handtaschenraub,9564000,N rnberg,insg.,11,3,8,0,0,0,0,0,0,0,0,0,1,0,1,0,0,0,7,2,5,3,1,2,10,3,7,2017
216000,Handtaschenraub,5119000,Oberhausen,insg.,8,2,6,0,0,0,0,0,0,0,0,0,1,1,0,0,0,0,5,1,4,2,0,2,7,1,6,2017
216000,Handtaschenraub,6413000,Offenbach am Main,insg.,9,1,8,0,0,0,0,0,0,0,0,0,0,0,0,3,1,2,4,0,4,2,0,2,6,0,6,2017
216000,Handtaschenraub,3403000,Oldenburg (Oldenburg),insg.,6,1,5,0,0,0,0,0,0,0,0,0,0,0,0,0,0,0,4,1,3,2,0,2,6,1,5,2017
216000,Handtaschenraub,3404000,Osnabr ck,insg.,8,0,8,0,0,0,0,0,0,0,0,0,0,0,0,1,0,1,6,0,6,1,0,1,7,0,7,2017
216000,Handtaschenraub,5774032,Paderborn,insg.,2,0,2,0,0,0,0,0,0,0,0,0,0,0,0,0,0,0,1,0,1,1,0,1,2,0,2,2017
216000,Handtaschenraub,8231000,Pforzheim,insg.,2,0,2,0,0,0,0,0,0,0,0,0,0,0,0,1,0,1,0,0,0,1,0,1,1,0,1,2017
216000,Handtaschenraub,12054000,Potsdam,insg.,11,1,10,0,0,0,0,0,0,0,0,0,1,0,1,0,0,0,3,0,3,7,1,6,10,1,9,2017
216000,Handtaschenraub,5562032,Recklinghausen,insg.,1,0,1,0,0,0,0,0,0,0,0,0,0,0,0,0,0,0,0,0,0,1,0,1,1,0,1,2017
216000,Handtaschenraub,9362000,Regensburg,insg.,4,0,4,0,0,0,0,0,0,0,0,0,0,0,0,1,0,1,3,0,3,0,0,0,3,0,3,2017
216000,Handtaschenraub,5120000,Remscheid,insg.,5,0,5,0,0,0,0,0,0,0,0,0,0,0,0,0,0,0,2,0,2,3,0,3,5,0,5,2017
216000,Handtaschenraub,8415061,Reutlingen,insg.,0,0,0,0,0,0,0,0,0,0,0,0,0,0,0,0,0,0,0,0,0,0,0,0,0,0,0,2017
216000,Handtaschenraub,13003000,Rostock,insg.,7,1,6,0,0,0,0,0,0,0,0,0,0,0,0,0,0,0,3,0,3,4,1,3,7,1,6,2017
216000,Handtaschenraub,10041100,Saarbr cken,insg.,13,1,12,0,0,0,0,0,0,0,0,0,0,0,0,1,0,1,8,1,7,4,0,4,12,1,11,2017
216000,Handtaschenraub,3102000,Salzgitter,insg.,12,0,12,0,0,0,1,0,1,1,0,1,0,0,0,0,0,0,9,0,9,2,0,2,11,0,11,2017
216000,Handtaschenraub,13004000,Schwerin,insg.,3,0,3,0,0,0,0,0,0,0,0,0,0,0,0,0,0,0,1,0,1,2,0,2,3,0,3,2017
216000,Handtaschenraub,5970040,Siegen,insg.,1,0,1,0,0,0,0,0,0,0,0,0,0,0,0,0,0,0,1,0,1,0,0,0,1,0,1,2017
216000,Handtaschenraub,5122000,Solingen,insg.,2,0,2,0,0,0,0,0,0,0,0,0,0,0,0,0,0,0,1,0,1,1,0,1,2,0,2,2017
216000,Handtaschenraub,8111000,Stuttgart,insg.,41,4,37,0,0,0,0,0,0,0,0,0,2,1,1,5,0,5,23,2,21,11,1,10,34,3,31,2017
216000,Handtaschenraub,7211000,Trier,insg.,1,0,1,0,0,0,0,0,0,0,0,0,0,0,0,0,0,0,1,0,1,0,0,0,1,0,1,2017
216000,Handtaschenraub,8421000,Ulm,insg.,6,1,5,0,0,0,0,0,0,0,0,0,1,1,0,0,0,0,4,0,4,1,0,1,5,0,5,2017
216000,Handtaschenraub,6414000,Wiesbaden,insg.,12,3,9,0,0,0,0,0,0,0,0,0,0,0,0,2,1,1,6,2,4,4,0,4,10,2,8,2017
216000,Handtaschenraub,3103000,Wolfsburg,insg.,6,0,6,0,0,0,0,0,0,0,0,0,0,0,0,1,0,1,2,0,2,3,0,3,5,0,5,2017
216000,Handtaschenraub,5124000,Wuppertal,insg.,21,2,19,0,0,0,0,0,0,0,0,0,1,1,0,0,0,0,10,1,9,10,0,10,20,1,19,2017
216000,Handtaschenraub,9663000,W rzburg,insg.,1,0,1,0,0,0,0,0,0,0,0,0,0,0,0,0,0,0,0,0,0,1,0,1,1,0,1,2017
217000,"Sonstige Raub berf lle auf Stra en, Wegen oder Pl tzen",5334002,Aachen,voll.,121,97,24,0,0,0,6,6,0,6,6,0,11,9,2,19,17,2,69,56,13,16,9,7,85,65,20,2017
217000,"Sonstige Raub berf lle auf Stra en, Wegen oder Pl tzen",9761000,Augsburg,voll.,18,17,1,0,0,0,0,0,0,0,0,0,0,0,0,2,2,0,16,15,1,0,0,0,16,15,1,2017
217000,"Sonstige Raub berf lle auf Stra en, Wegen oder Pl tzen",5378004,Bergisch Gladbach,voll.,18,18,0,0,0,0,1,1,0,1,1,0,8,8,0,3,3,0,5,5,0,1,1,0,6,6,0,2017
217000,"Sonstige Raub berf lle auf Stra en, Wegen oder Pl tzen",11000000,Berlin,voll.,1910,1563,347,0,0,0,89,83,6,89,83,6,346,306,40,229,193,36,1119,906,213,127,75,52,1246,981,265,2017
217000,"Sonstige Raub berf lle auf Stra en, Wegen oder Pl tzen",5711000,Bielefeld,voll.,100,84,16,0,0,0,5,4,1,5,4,1,15,13,2,12,10,2,67,56,11,1,1,0,68,57,11,2017
217000,"Sonstige Raub berf lle auf Stra en, Wegen oder Pl tzen",5911000,Bochum,voll.,129,92,37,0,0,0,7,5,2,7,5,2,19,17,2,13,9,4,71,56,15,19,5,14,90,61,29,2017
217000,"Sonstige Raub berf lle auf Stra en, Wegen oder Pl tzen",5314000,Bonn,voll.,183,142,41,0,0,0,15,13,2,15,13,2,29,28,1,32,24,8,94,69,25,13,8,5,107,77,30,2017
217000,"Sonstige Raub berf lle auf Stra en, Wegen oder Pl tzen",5512000,Bottrop,voll.,47,36,11,0,0,0,3,2,1,3,2,1,12,10,2,6,5,1,22,17,5,4,2,2,26,19,7,2017
217000,"Sonstige Raub berf lle auf Stra en, Wegen oder Pl tzen",3101000,Braunschweig,voll.,49,40,9,0,0,0,0,0,0,0,0,0,8,7,1,7,7,0,32,25,7,2,1,1,34,26,8,2017
217000,"Sonstige Raub berf lle auf Stra en, Wegen oder Pl tzen",4011000,Bremen,voll.,361,259,102,0,0,0,14,10,4,14,10,4,32,26,6,40,36,4,210,170,40,65,17,48,275,187,88,2017
217000,"Sonstige Raub berf lle auf Stra en, Wegen oder Pl tzen",4012000,Bremerhaven,voll.,61,45,16,0,0,0,2,1,1,2,1,1,8,7,1,2,0,2,43,32,11,6,5,1,49,37,12,2017
217000,"Sonstige Raub berf lle auf Stra en, Wegen oder Pl tzen",14511000,Chemnitz,voll.,96,85,11,0,0,0,6,6,0,6,6,0,14,14,0,11,7,4,58,55,3,7,3,4,65,58,7,2017
217000,"Sonstige Raub berf lle auf Stra en, Wegen oder Pl tzen",12052000,Cottbus,voll.,21,17,4,0,0,0,0,0,0,0,0,0,3,3,0,5,4,1,12,10,2,1,0,1,13,10,3,2017
217000,"Sonstige Raub berf lle auf Stra en, Wegen oder Pl tzen",6411000,Darmstadt,voll.,25,20,5,0,0,0,1,1,0,1,1,0,6,4,2,3,2,1,14,13,1,1,0,1,15,13,2,2017
217000,"Sonstige Raub berf lle auf Stra en, Wegen oder Pl tzen",5913000,Dortmund,voll.,394,311,83,0,0,0,33,28,5,33,28,5,54,41,13,60,48,12,223,181,42,24,13,11,247,194,53,2017
217000,"Sonstige Raub berf lle auf Stra en, Wegen oder Pl tzen",14612000,Dresden,voll.,137,116,21,0,0,0,4,3,1,4,3,1,11,10,1,24,22,2,88,73,15,10,8,2,98,81,17,2017
217000,"Sonstige Raub berf lle auf Stra en, Wegen oder Pl tzen",5112000,Duisburg,voll.,205,151,54,0,0,0,18,15,3,18,15,3,34,30,4,21,16,5,109,76,33,23,14,9,132,90,42,2017
217000,"Sonstige Raub berf lle auf Stra en, Wegen oder Pl tzen",5111000,D sseldorf,voll.,280,212,68,0,0,0,7,6,1,7,6,1,34,29,5,32,28,4,173,132,41,34,17,17,207,149,58,2017
217000,"Sonstige Raub berf lle auf Stra en, Wegen oder Pl tzen",16051000,Erfurt,voll.,12,11,1,0,0,0,1,1,0,1,1,0,4,4,0,2,2,0,4,4,0,1,0,1,5,4,1,2017
217000,"Sonstige Raub berf lle auf Stra en, Wegen oder Pl tzen",9562000,Erlangen,voll.,1,1,0,0,0,0,0,0,0,0,0,0,0,0,0,0,0,0,1,1,0,0,0,0,1,1,0,2017
217000,"Sonstige Raub berf lle auf Stra en, Wegen oder Pl tzen",5113000,Essen,voll.,235,178,57,0,0,0,16,13,3,16,13,3,26,20,6,39,33,6,131,100,31,23,12,11,154,112,42,2017
217000,"Sonstige Raub berf lle auf Stra en, Wegen oder Pl tzen",6412000,Frankfurt am Main,voll.,497,449,48,0,0,0,15,13,2,15,13,2,45,44,1,63,59,4,348,316,32,26,17,9,374,333,41,2017
217000,"Sonstige Raub berf lle auf Stra en, Wegen oder Pl tzen",8311000,Freiburg im Breisgau,voll.,70,59,11,0,0,0,2,1,1,2,1,1,4,3,1,8,8,0,54,46,8,2,1,1,56,47,9,2017
217000,"Sonstige Raub berf lle auf Stra en, Wegen oder Pl tzen",9563000,F rth,voll.,1,1,0,0,0,0,1,1,0,1,1,0,0,0,0,0,0,0,0,0,0,0,0,0,0,0,0,2017
217000,"Sonstige Raub berf lle auf Stra en, Wegen oder Pl tzen",5513000,Gelsenkirchen,voll.,117,101,16,0,0,0,9,9,0,9,9,0,24,23,1,13,10,3,61,52,9,10,7,3,71,59,12,2017
217000,"Sonstige Raub berf lle auf Stra en, Wegen oder Pl tzen",3159016,G ttingen,voll.,35,28,7,0,0,0,3,3,0,3,3,0,8,8,0,4,4,0,18,12,6,2,1,1,20,13,7,2017
217000,"Sonstige Raub berf lle auf Stra en, Wegen oder Pl tzen",5914000,Hagen,voll.,98,80,18,0,0,0,6,5,1,6,5,1,15,13,2,11,11,0,55,45,10,11,6,5,66,51,15,2017
217000,"Sonstige Raub berf lle auf Stra en, Wegen oder Pl tzen",15002000,Halle (Saale),voll.,120,106,14,0,0,0,9,9,0,9,9,0,20,18,2,13,13,0,71,62,9,7,4,3,78,66,12,2017
217000,"Sonstige Raub berf lle auf Stra en, Wegen oder Pl tzen",2000000,Hamburg,voll.,987,813,174,0,0,0,20,18,2,20,18,2,78,71,7,142,125,17,675,565,110,72,34,38,747,599,148,2017
217000,"Sonstige Raub berf lle auf Stra en, Wegen oder Pl tzen",5915000,Hamm,voll.,61,56,5,0,0,0,3,3,0,3,3,0,10,10,0,10,10,0,37,32,5,1,1,0,38,33,5,2017
217000,"Sonstige Raub berf lle auf Stra en, Wegen oder Pl tzen",3241001,Hannover,voll.,193,163,30,0,0,0,6,6,0,6,6,0,14,12,2,23,21,2,137,113,24,13,11,2,150,124,26,2017
217000,"Sonstige Raub berf lle auf Stra en, Wegen oder Pl tzen",8221000,Heidelberg,voll.,19,15,4,0,0,0,2,1,1,2,1,1,3,3,0,4,3,1,9,8,1,1,0,1,10,8,2,2017
217000,"Sonstige Raub berf lle auf Stra en, Wegen oder Pl tzen",8121000,Heilbronn,voll.,16,14,2,0,0,0,0,0,0,0,0,0,1,1,0,0,0,0,14,12,2,1,1,0,15,13,2,2017
217000,"Sonstige Raub berf lle auf Stra en, Wegen oder Pl tzen",5916000,Herne,voll.,46,33,13,0,0,0,5,3,2,5,3,2,9,9,0,4,4,0,19,14,5,9,3,6,28,17,11,2017
217000,"Sonstige Raub berf lle auf Stra en, Wegen oder Pl tzen",3254021,Hildesheim,voll.,24,21,3,0,0,0,3,3,0,3,3,0,0,0,0,7,6,1,14,12,2,0,0,0,14,12,2,2017
217000,"Sonstige Raub berf lle auf Stra en, Wegen oder Pl tzen",9161000,Ingolstadt,voll.,4,4,0,0,0,0,0,0,0,0,0,0,1,1,0,0,0,0,3,3,0,0,0,0,3,3,0,2017
217000,"Sonstige Raub berf lle auf Stra en, Wegen oder Pl tzen",16053000,Jena,voll.,3,3,0,0,0,0,0,0,0,0,0,0,0,0,0,0,0,0,3,3,0,0,0,0,3,3,0,2017
217000,"Sonstige Raub berf lle auf Stra en, Wegen oder Pl tzen",8212000,Karlsruhe,voll.,60,54,6,0,0,0,1,1,0,1,1,0,8,7,1,8,5,3,41,39,2,2,2,0,43,41,2,2017
217000,"Sonstige Raub berf lle auf Stra en, Wegen oder Pl tzen",6611000,Kassel,voll.,61,55,6,1,1,0,0,0,0,1,1,0,12,11,1,3,3,0,45,40,5,0,0,0,45,40,5,2017
217000,"Sonstige Raub berf lle auf Stra en, Wegen oder Pl tzen",1002000,Kiel,voll.,113,92,21,0,0,0,8,7,1,8,7,1,19,18,1,8,8,0,74,57,17,4,2,2,78,59,19,2017
217000,"Sonstige Raub berf lle auf Stra en, Wegen oder Pl tzen",7111000,Koblenz,voll.,29,23,6,0,0,0,0,0,0,0,0,0,3,3,0,7,6,1,16,12,4,3,2,1,19,14,5,2017
217000,"Sonstige Raub berf lle auf Stra en, Wegen oder Pl tzen",5315000,K ln,voll.,635,506,129,0,0,0,22,16,6,22,16,6,89,75,14,81,69,12,389,323,66,54,23,31,443,346,97,2017
217000,"Sonstige Raub berf lle auf Stra en, Wegen oder Pl tzen",5114000,Krefeld,voll.,54,46,8,0,0,0,3,3,0,3,3,0,7,6,1,8,7,1,32,27,5,4,3,1,36,30,6,2017
217000,"Sonstige Raub berf lle auf Stra en, Wegen oder Pl tzen",14713000,Leipzig,voll.,192,158,34,0,0,0,8,7,1,8,7,1,30,24,6,21,19,2,118,103,15,15,5,10,133,108,25,2017
217000,"Sonstige Raub berf lle auf Stra en, Wegen oder Pl tzen",5316000,Leverkusen,voll.,66,56,10,0,0,0,7,6,1,7,6,1,25,23,2,7,5,2,25,21,4,2,1,1,27,22,5,2017
217000,"Sonstige Raub berf lle auf Stra en, Wegen oder Pl tzen",1003000,L beck,voll.,64,53,11,0,0,0,2,2,0,2,2,0,17,15,2,6,5,1,38,31,7,1,0,1,39,31,8,2017
217000,"Sonstige Raub berf lle auf Stra en, Wegen oder Pl tzen",7314000,Ludwigshafen am Rhein,voll.,106,88,18,0,0,0,12,7,5,12,7,5,42,39,3,10,8,2,33,29,4,9,5,4,42,34,8,2017
217000,"Sonstige Raub berf lle auf Stra en, Wegen oder Pl tzen",15003000,Magdeburg,voll.,100,90,10,0,0,0,7,7,0,7,7,0,28,25,3,18,17,1,45,39,6,2,2,0,47,41,6,2017
217000,"Sonstige Raub berf lle auf Stra en, Wegen oder Pl tzen",7315000,Mainz,voll.,54,47,7,0,0,0,1,1,0,1,1,0,12,11,1,11,11,0,28,23,5,2,1,1,30,24,6,2017
217000,"Sonstige Raub berf lle auf Stra en, Wegen oder Pl tzen",8222000,Mannheim,voll.,85,61,24,0,0,0,5,3,2,5,3,2,5,4,1,9,8,1,53,40,13,13,6,7,66,46,20,2017
217000,"Sonstige Raub berf lle auf Stra en, Wegen oder Pl tzen",5170024,Moers,voll.,16,13,3,0,0,0,1,1,0,1,1,0,2,2,0,1,1,0,11,8,3,1,1,0,12,9,3,2017
217000,"Sonstige Raub berf lle auf Stra en, Wegen oder Pl tzen",5116000,M nchengladbach,voll.,84,69,15,0,0,0,6,4,2,6,4,2,10,10,0,9,9,0,53,42,11,6,4,2,59,46,13,2017
217000,"Sonstige Raub berf lle auf Stra en, Wegen oder Pl tzen",5117000,M lheim an der Ruhr,voll.,25,17,8,0,0,0,4,3,1,4,3,1,5,4,1,6,4,2,8,5,3,2,1,1,10,6,4,2017
217000,"Sonstige Raub berf lle auf Stra en, Wegen oder Pl tzen",9162000,M nchen,voll.,114,92,22,0,0,0,1,0,1,1,0,1,13,11,2,17,14,3,79,64,15,4,3,1,83,67,16,2017
217000,"Sonstige Raub berf lle auf Stra en, Wegen oder Pl tzen",5515000,M nster,voll.,87,70,17,0,0,0,6,4,2,6,4,2,14,12,2,7,6,1,51,45,6,9,3,6,60,48,12,2017
217000,"Sonstige Raub berf lle auf Stra en, Wegen oder Pl tzen",5162024,Neuss,voll.,47,41,6,0,0,0,4,4,0,4,4,0,12,10,2,6,6,0,19,17,2,6,4,2,25,21,4,2017
217000,"Sonstige Raub berf lle auf Stra en, Wegen oder Pl tzen",9564000,N rnberg,voll.,84,73,11,0,0,0,2,2,0,2,2,0,10,10,0,11,11,0,58,48,10,3,2,1,61,50,11,2017
217000,"Sonstige Raub berf lle auf Stra en, Wegen oder Pl tzen",5119000,Oberhausen,voll.,109,88,21,0,0,0,7,6,1,7,6,1,38,32,6,11,9,2,43,32,11,10,9,1,53,41,12,2017
217000,"Sonstige Raub berf lle auf Stra en, Wegen oder Pl tzen",6413000,Offenbach am Main,voll.,62,51,11,0,0,0,3,1,2,3,1,2,23,22,1,5,4,1,30,23,7,1,1,0,31,24,7,2017
217000,"Sonstige Raub berf lle auf Stra en, Wegen oder Pl tzen",3403000,Oldenburg (Oldenburg),voll.,23,19,4,0,0,0,0,0,0,0,0,0,3,3,0,6,4,2,12,11,1,2,1,1,14,12,2,2017
217000,"Sonstige Raub berf lle auf Stra en, Wegen oder Pl tzen",3404000,Osnabr ck,voll.,67,47,20,0,0,0,2,1,1,2,1,1,10,8,2,11,7,4,41,29,12,3,2,1,44,31,13,2017
217000,"Sonstige Raub berf lle auf Stra en, Wegen oder Pl tzen",5774032,Paderborn,voll.,35,33,2,0,0,0,1,1,0,1,1,0,7,7,0,7,6,1,17,16,1,3,3,0,20,19,1,2017
217000,"Sonstige Raub berf lle auf Stra en, Wegen oder Pl tzen",8231000,Pforzheim,voll.,27,25,2,0,0,0,0,0,0,0,0,0,6,5,1,6,6,0,14,14,0,1,0,1,15,14,1,2017
217000,"Sonstige Raub berf lle auf Stra en, Wegen oder Pl tzen",12054000,Potsdam,voll.,46,37,9,0,0,0,4,3,1,4,3,1,17,14,3,6,6,0,17,14,3,2,0,2,19,14,5,2017
217000,"Sonstige Raub berf lle auf Stra en, Wegen oder Pl tzen",5562032,Recklinghausen,voll.,44,36,8,0,0,0,2,1,1,2,1,1,7,6,1,3,2,1,29,24,5,3,3,0,32,27,5,2017
217000,"Sonstige Raub berf lle auf Stra en, Wegen oder Pl tzen",9362000,Regensburg,voll.,22,17,5,0,0,0,0,0,0,0,0,0,4,4,0,4,4,0,14,9,5,0,0,0,14,9,5,2017
217000,"Sonstige Raub berf lle auf Stra en, Wegen oder Pl tzen",5120000,Remscheid,voll.,20,17,3,0,0,0,0,0,0,0,0,0,2,2,0,4,4,0,13,11,2,1,0,1,14,11,3,2017
217000,"Sonstige Raub berf lle auf Stra en, Wegen oder Pl tzen",8415061,Reutlingen,voll.,12,10,2,0,0,0,2,2,0,2,2,0,2,2,0,2,2,0,6,4,2,0,0,0,6,4,2,2017
217000,"Sonstige Raub berf lle auf Stra en, Wegen oder Pl tzen",13003000,Rostock,voll.,50,38,12,0,0,0,6,4,2,6,4,2,8,8,0,4,2,2,28,23,5,4,1,3,32,24,8,2017
217000,"Sonstige Raub berf lle auf Stra en, Wegen oder Pl tzen",10041100,Saarbr cken,voll.,87,71,16,0,0,0,2,2,0,2,2,0,23,19,4,11,9,2,48,38,10,3,3,0,51,41,10,2017
217000,"Sonstige Raub berf lle auf Stra en, Wegen oder Pl tzen",3102000,Salzgitter,voll.,4,3,1,0,0,0,0,0,0,0,0,0,0,0,0,0,0,0,4,3,1,0,0,0,4,3,1,2017
217000,"Sonstige Raub berf lle auf Stra en, Wegen oder Pl tzen",13004000,Schwerin,voll.,29,27,2,0,0,0,2,2,0,2,2,0,7,7,0,4,4,0,15,14,1,1,0,1,16,14,2,2017
217000,"Sonstige Raub berf lle auf Stra en, Wegen oder Pl tzen",5970040,Siegen,voll.,22,19,3,0,0,0,1,1,0,1,1,0,2,2,0,3,3,0,16,13,3,0,0,0,16,13,3,2017
217000,"Sonstige Raub berf lle auf Stra en, Wegen oder Pl tzen",5122000,Solingen,voll.,51,40,11,0,0,0,6,4,2,6,4,2,12,9,3,9,8,1,19,15,4,5,4,1,24,19,5,2017
217000,"Sonstige Raub berf lle auf Stra en, Wegen oder Pl tzen",8111000,Stuttgart,voll.,176,146,30,0,0,0,12,11,1,12,11,1,24,19,5,25,24,1,100,87,13,15,5,10,115,92,23,2017
217000,"Sonstige Raub berf lle auf Stra en, Wegen oder Pl tzen",7211000,Trier,voll.,21,16,5,0,0,0,0,0,0,0,0,0,3,3,0,4,3,1,12,9,3,2,1,1,14,10,4,2017
217000,"Sonstige Raub berf lle auf Stra en, Wegen oder Pl tzen",8421000,Ulm,voll.,14,11,3,0,0,0,0,0,0,0,0,0,0,0,0,3,2,1,10,8,2,1,1,0,11,9,2,2017
217000,"Sonstige Raub berf lle auf Stra en, Wegen oder Pl tzen",6414000,Wiesbaden,voll.,80,65,15,0,0,0,2,1,1,2,1,1,19,18,1,17,17,0,38,26,12,4,3,1,42,29,13,2017
217000,"Sonstige Raub berf lle auf Stra en, Wegen oder Pl tzen",3103000,Wolfsburg,voll.,8,7,1,0,0,0,0,0,0,0,0,0,0,0,0,2,2,0,5,4,1,1,1,0,6,5,1,2017
217000,"Sonstige Raub berf lle auf Stra en, Wegen oder Pl tzen",5124000,Wuppertal,voll.,173,136,37,0,0,0,17,12,5,17,12,5,19,15,4,25,21,4,94,78,16,18,10,8,112,88,24,2017
217000,"Sonstige Raub berf lle auf Stra en, Wegen oder Pl tzen",9663000,W rzburg,voll.,5,5,0,0,0,0,0,0,0,0,0,0,1,1,0,4,4,0,0,0,0,0,0,0,0,0,0,2017
217000,"Sonstige Raub berf lle auf Stra en, Wegen oder Pl tzen",5334002,Aachen,vers.,25,18,7,0,0,0,0,0,0,0,0,0,1,1,0,5,4,1,18,13,5,1,0,1,19,13,6,2017
217000,"Sonstige Raub berf lle auf Stra en, Wegen oder Pl tzen",9761000,Augsburg,vers.,8,6,2,0,0,0,0,0,0,0,0,0,1,0,1,0,0,0,7,6,1,0,0,0,7,6,1,2017
217000,"Sonstige Raub berf lle auf Stra en, Wegen oder Pl tzen",5378004,Bergisch Gladbach,vers.,4,4,0,0,0,0,0,0,0,0,0,0,1,1,0,1,1,0,2,2,0,0,0,0,2,2,0,2017
217000,"Sonstige Raub berf lle auf Stra en, Wegen oder Pl tzen",11000000,Berlin,vers.,453,356,97,0,0,0,40,32,8,40,32,8,92,80,12,55,46,9,223,175,48,43,23,20,266,198,68,2017
217000,"Sonstige Raub berf lle auf Stra en, Wegen oder Pl tzen",5711000,Bielefeld,vers.,27,22,5,0,0,0,4,4,0,4,4,0,3,1,2,1,1,0,19,16,3,0,0,0,19,16,3,2017
217000,"Sonstige Raub berf lle auf Stra en, Wegen oder Pl tzen",5911000,Bochum,vers.,44,33,11,0,0,0,3,3,0,3,3,0,8,7,1,7,6,1,20,15,5,6,2,4,26,17,9,2017
217000,"Sonstige Raub berf lle auf Stra en, Wegen oder Pl tzen",5314000,Bonn,vers.,68,55,13,0,0,0,2,2,0,2,2,0,6,5,1,16,14,2,42,33,9,2,1,1,44,34,10,2017
217000,"Sonstige Raub berf lle auf Stra en, Wegen oder Pl tzen",5512000,Bottrop,vers.,9,6,3,0,0,0,0,0,0,0,0,0,1,0,1,2,2,0,6,4,2,0,0,0,6,4,2,2017
217000,"Sonstige Raub berf lle auf Stra en, Wegen oder Pl tzen",3101000,Braunschweig,vers.,13,8,5,0,0,0,0,0,0,0,0,0,2,2,0,4,2,2,5,4,1,2,0,2,7,4,3,2017
217000,"Sonstige Raub berf lle auf Stra en, Wegen oder Pl tzen",4011000,Bremen,vers.,51,28,23,0,0,0,1,0,1,1,0,1,9,8,1,7,3,4,25,16,9,9,1,8,34,17,17,2017
217000,"Sonstige Raub berf lle auf Stra en, Wegen oder Pl tzen",4012000,Bremerhaven,vers.,15,12,3,0,0,0,1,1,0,1,1,0,2,2,0,1,1,0,11,8,3,0,0,0,11,8,3,2017
217000,"Sonstige Raub berf lle auf Stra en, Wegen oder Pl tzen",14511000,Chemnitz,vers.,19,14,5,0,0,0,1,1,0,1,1,0,2,2,0,5,4,1,10,7,3,1,0,1,11,7,4,2017
217000,"Sonstige Raub berf lle auf Stra en, Wegen oder Pl tzen",12052000,Cottbus,vers.,8,6,2,0,0,0,0,0,0,0,0,0,2,2,0,0,0,0,6,4,2,0,0,0,6,4,2,2017
217000,"Sonstige Raub berf lle auf Stra en, Wegen oder Pl tzen",6411000,Darmstadt,vers.,11,9,2,0,0,0,3,2,1,3,2,1,1,0,1,4,4,0,3,3,0,0,0,0,3,3,0,2017
217000,"Sonstige Raub berf lle auf Stra en, Wegen oder Pl tzen",5913000,Dortmund,vers.,83,63,20,0,0,0,13,9,4,13,9,4,10,8,2,9,8,1,45,35,10,6,3,3,51,38,13,2017
217000,"Sonstige Raub berf lle auf Stra en, Wegen oder Pl tzen",14612000,Dresden,vers.,21,21,0,0,0,0,0,0,0,0,0,0,5,5,0,2,2,0,14,14,0,0,0,0,14,14,0,2017
217000,"Sonstige Raub berf lle auf Stra en, Wegen oder Pl tzen",5112000,Duisburg,vers.,71,62,9,0,0,0,12,10,2,12,10,2,19,19,0,10,9,1,25,21,4,5,3,2,30,24,6,2017
217000,"Sonstige Raub berf lle auf Stra en, Wegen oder Pl tzen",5111000,D sseldorf,vers.,49,37,12,1,0,1,1,0,1,2,0,2,5,4,1,10,8,2,30,23,7,2,2,0,32,25,7,2017
217000,"Sonstige Raub berf lle auf Stra en, Wegen oder Pl tzen",16051000,Erfurt,vers.,11,9,2,0,0,0,1,1,0,1,1,0,3,3,0,0,0,0,5,5,0,2,0,2,7,5,2,2017
217000,"Sonstige Raub berf lle auf Stra en, Wegen oder Pl tzen",9562000,Erlangen,vers.,0,0,0,0,0,0,0,0,0,0,0,0,0,0,0,0,0,0,0,0,0,0,0,0,0,0,0,2017
217000,"Sonstige Raub berf lle auf Stra en, Wegen oder Pl tzen",5113000,Essen,vers.,57,34,23,0,0,0,7,3,4,7,3,4,7,4,3,12,8,4,28,17,11,3,2,1,31,19,12,2017
217000,"Sonstige Raub berf lle auf Stra en, Wegen oder Pl tzen",6412000,Frankfurt am Main,vers.,106,75,31,0,0,0,6,6,0,6,6,0,7,4,3,14,12,2,73,50,23,6,3,3,79,53,26,2017
217000,"Sonstige Raub berf lle auf Stra en, Wegen oder Pl tzen",8311000,Freiburg im Breisgau,vers.,23,21,2,0,0,0,0,0,0,0,0,0,5,5,0,1,1,0,16,14,2,1,1,0,17,15,2,2017
217000,"Sonstige Raub berf lle auf Stra en, Wegen oder Pl tzen",9563000,F rth,vers.,1,1,0,0,0,0,0,0,0,0,0,0,0,0,0,0,0,0,1,1,0,0,0,0,1,1,0,2017
217000,"Sonstige Raub berf lle auf Stra en, Wegen oder Pl tzen",5513000,Gelsenkirchen,vers.,33,25,8,0,0,0,8,8,0,8,8,0,7,4,3,4,4,0,11,8,3,3,1,2,14,9,5,2017
217000,"Sonstige Raub berf lle auf Stra en, Wegen oder Pl tzen",3159016,G ttingen,vers.,7,7,0,0,0,0,0,0,0,0,0,0,1,1,0,1,1,0,5,5,0,0,0,0,5,5,0,2017
217000,"Sonstige Raub berf lle auf Stra en, Wegen oder Pl tzen",5914000,Hagen,vers.,28,23,5,0,0,0,0,0,0,0,0,0,6,5,1,3,3,0,17,14,3,2,1,1,19,15,4,2017
217000,"Sonstige Raub berf lle auf Stra en, Wegen oder Pl tzen",15002000,Halle (Saale),vers.,46,33,13,0,0,0,10,8,2,10,8,2,4,4,0,10,5,5,22,16,6,0,0,0,22,16,6,2017
217000,"Sonstige Raub berf lle auf Stra en, Wegen oder Pl tzen",2000000,Hamburg,vers.,223,183,40,0,0,0,15,12,3,15,12,3,24,23,1,21,20,1,144,117,27,19,11,8,163,128,35,2017
217000,"Sonstige Raub berf lle auf Stra en, Wegen oder Pl tzen",5915000,Hamm,vers.,18,13,5,0,0,0,0,0,0,0,0,0,3,3,0,2,2,0,10,6,4,3,2,1,13,8,5,2017
217000,"Sonstige Raub berf lle auf Stra en, Wegen oder Pl tzen",3241001,Hannover,vers.,41,28,13,0,0,0,1,1,0,1,1,0,2,1,1,3,3,0,29,22,7,6,1,5,35,23,12,2017
217000,"Sonstige Raub berf lle auf Stra en, Wegen oder Pl tzen",8221000,Heidelberg,vers.,7,7,0,0,0,0,2,2,0,2,2,0,1,1,0,1,1,0,3,3,0,0,0,0,3,3,0,2017
217000,"Sonstige Raub berf lle auf Stra en, Wegen oder Pl tzen",8121000,Heilbronn,vers.,3,3,0,0,0,0,0,0,0,0,0,0,1,1,0,0,0,0,1,1,0,1,1,0,2,2,0,2017
217000,"Sonstige Raub berf lle auf Stra en, Wegen oder Pl tzen",5916000,Herne,vers.,14,11,3,0,0,0,2,2,0,2,2,0,4,4,0,3,3,0,3,2,1,2,0,2,5,2,3,2017
217000,"Sonstige Raub berf lle auf Stra en, Wegen oder Pl tzen",3254021,Hildesheim,vers.,3,2,1,0,0,0,0,0,0,0,0,0,0,0,0,0,0,0,1,0,1,2,2,0,3,2,1,2017
217000,"Sonstige Raub berf lle auf Stra en, Wegen oder Pl tzen",9161000,Ingolstadt,vers.,1,1,0,0,0,0,0,0,0,0,0,0,0,0,0,0,0,0,1,1,0,0,0,0,1,1,0,2017
217000,"Sonstige Raub berf lle auf Stra en, Wegen oder Pl tzen",16053000,Jena,vers.,1,0,1,0,0,0,0,0,0,0,0,0,0,0,0,0,0,0,0,0,0,1,0,1,1,0,1,2017
217000,"Sonstige Raub berf lle auf Stra en, Wegen oder Pl tzen",8212000,Karlsruhe,vers.,22,15,7,0,0,0,1,0,1,1,0,1,5,4,1,1,0,1,11,9,2,4,2,2,15,11,4,2017
217000,"Sonstige Raub berf lle auf Stra en, Wegen oder Pl tzen",6611000,Kassel,vers.,19,17,2,0,0,0,0,0,0,0,0,0,2,2,0,4,3,1,12,11,1,1,1,0,13,12,1,2017
217000,"Sonstige Raub berf lle auf Stra en, Wegen oder Pl tzen",1002000,Kiel,vers.,48,42,6,0,0,0,2,2,0,2,2,0,4,4,0,9,8,1,28,23,5,5,5,0,33,28,5,2017
217000,"Sonstige Raub berf lle auf Stra en, Wegen oder Pl tzen",7111000,Koblenz,vers.,6,4,2,0,0,0,0,0,0,0,0,0,1,0,1,1,1,0,1,1,0,3,2,1,4,3,1,2017
217000,"Sonstige Raub berf lle auf Stra en, Wegen oder Pl tzen",5315000,K ln,vers.,158,129,29,1,1,0,16,13,3,17,14,3,27,24,3,17,15,2,79,65,14,18,11,7,97,76,21,2017
217000,"Sonstige Raub berf lle auf Stra en, Wegen oder Pl tzen",5114000,Krefeld,vers.,23,19,4,0,0,0,4,3,1,4,3,1,5,5,0,0,0,0,12,10,2,2,1,1,14,11,3,2017
217000,"Sonstige Raub berf lle auf Stra en, Wegen oder Pl tzen",14713000,Leipzig,vers.,21,13,8,0,0,0,2,2,0,2,2,0,3,1,2,3,2,1,12,8,4,1,0,1,13,8,5,2017
217000,"Sonstige Raub berf lle auf Stra en, Wegen oder Pl tzen",5316000,Leverkusen,vers.,17,14,3,0,0,0,4,4,0,4,4,0,8,7,1,0,0,0,2,2,0,3,1,2,5,3,2,2017
217000,"Sonstige Raub berf lle auf Stra en, Wegen oder Pl tzen",1003000,L beck,vers.,19,14,5,0,0,0,1,1,0,1,1,0,6,4,2,3,3,0,9,6,3,0,0,0,9,6,3,2017
217000,"Sonstige Raub berf lle auf Stra en, Wegen oder Pl tzen",7314000,Ludwigshafen am Rhein,vers.,47,43,4,0,0,0,7,7,0,7,7,0,24,24,0,3,2,1,13,10,3,0,0,0,13,10,3,2017
217000,"Sonstige Raub berf lle auf Stra en, Wegen oder Pl tzen",15003000,Magdeburg,vers.,29,23,6,0,0,0,0,0,0,0,0,0,4,3,1,7,6,1,18,14,4,0,0,0,18,14,4,2017
217000,"Sonstige Raub berf lle auf Stra en, Wegen oder Pl tzen",7315000,Mainz,vers.,12,10,2,0,0,0,0,0,0,0,0,0,1,0,1,3,3,0,5,5,0,3,2,1,8,7,1,2017
217000,"Sonstige Raub berf lle auf Stra en, Wegen oder Pl tzen",8222000,Mannheim,vers.,23,16,7,0,0,0,1,1,0,1,1,0,1,1,0,6,6,0,9,4,5,6,4,2,15,8,7,2017
217000,"Sonstige Raub berf lle auf Stra en, Wegen oder Pl tzen",5170024,Moers,vers.,10,5,5,0,0,0,0,0,0,0,0,0,2,1,1,1,0,1,6,3,3,1,1,0,7,4,3,2017
217000,"Sonstige Raub berf lle auf Stra en, Wegen oder Pl tzen",5116000,M nchengladbach,vers.,19,13,6,0,0,0,1,1,0,1,1,0,5,3,2,1,1,0,10,7,3,2,1,1,12,8,4,2017
217000,"Sonstige Raub berf lle auf Stra en, Wegen oder Pl tzen",5117000,M lheim an der Ruhr,vers.,11,8,3,0,0,0,2,1,1,2,1,1,4,4,0,0,0,0,3,2,1,2,1,1,5,3,2,2017
217000,"Sonstige Raub berf lle auf Stra en, Wegen oder Pl tzen",9162000,M nchen,vers.,49,42,7,0,0,0,2,2,0,2,2,0,12,12,0,8,7,1,26,20,6,1,1,0,27,21,6,2017
217000,"Sonstige Raub berf lle auf Stra en, Wegen oder Pl tzen",5515000,M nster,vers.,23,17,6,0,0,0,0,0,0,0,0,0,4,4,0,4,3,1,13,9,4,2,1,1,15,10,5,2017
217000,"Sonstige Raub berf lle auf Stra en, Wegen oder Pl tzen",5162024,Neuss,vers.,19,17,2,0,0,0,5,5,0,5,5,0,4,3,1,2,2,0,6,6,0,2,1,1,8,7,1,2017
217000,"Sonstige Raub berf lle auf Stra en, Wegen oder Pl tzen",9564000,N rnberg,vers.,23,18,5,0,0,0,2,2,0,2,2,0,2,2,0,5,4,1,12,9,3,2,1,1,14,10,4,2017
217000,"Sonstige Raub berf lle auf Stra en, Wegen oder Pl tzen",5119000,Oberhausen,vers.,23,20,3,0,0,0,5,4,1,5,4,1,4,4,0,1,1,0,11,9,2,2,2,0,13,11,2,2017
217000,"Sonstige Raub berf lle auf Stra en, Wegen oder Pl tzen",6413000,Offenbach am Main,vers.,12,10,2,0,0,0,1,1,0,1,1,0,5,4,1,2,1,1,4,4,0,0,0,0,4,4,0,2017
217000,"Sonstige Raub berf lle auf Stra en, Wegen oder Pl tzen",3403000,Oldenburg (Oldenburg),vers.,5,5,0,0,0,0,0,0,0,0,0,0,2,2,0,0,0,0,2,2,0,1,1,0,3,3,0,2017
217000,"Sonstige Raub berf lle auf Stra en, Wegen oder Pl tzen",3404000,Osnabr ck,vers.,6,4,2,0,0,0,0,0,0,0,0,0,0,0,0,1,1,0,4,3,1,1,0,1,5,3,2,2017
217000,"Sonstige Raub berf lle auf Stra en, Wegen oder Pl tzen",5774032,Paderborn,vers.,15,13,2,0,0,0,0,0,0,0,0,0,1,1,0,5,5,0,9,7,2,0,0,0,9,7,2,2017
217000,"Sonstige Raub berf lle auf Stra en, Wegen oder Pl tzen",8231000,Pforzheim,vers.,4,3,1,0,0,0,0,0,0,0,0,0,1,1,0,2,2,0,1,0,1,0,0,0,1,0,1,2017
217000,"Sonstige Raub berf lle auf Stra en, Wegen oder Pl tzen",12054000,Potsdam,vers.,15,12,3,0,0,0,2,2,0,2,2,0,3,3,0,1,1,0,9,6,3,0,0,0,9,6,3,2017
217000,"Sonstige Raub berf lle auf Stra en, Wegen oder Pl tzen",5562032,Recklinghausen,vers.,25,21,4,0,0,0,6,6,0,6,6,0,6,5,1,3,3,0,7,5,2,3,2,1,10,7,3,2017
217000,"Sonstige Raub berf lle auf Stra en, Wegen oder Pl tzen",9362000,Regensburg,vers.,8,4,4,0,0,0,0,0,0,0,0,0,1,1,0,3,1,2,3,2,1,1,0,1,4,2,2,2017
217000,"Sonstige Raub berf lle auf Stra en, Wegen oder Pl tzen",5120000,Remscheid,vers.,14,12,2,0,0,0,1,1,0,1,1,0,1,1,0,3,3,0,7,6,1,2,1,1,9,7,2,2017
217000,"Sonstige Raub berf lle auf Stra en, Wegen oder Pl tzen",8415061,Reutlingen,vers.,3,2,1,0,0,0,0,0,0,0,0,0,1,0,1,1,1,0,1,1,0,0,0,0,1,1,0,2017
217000,"Sonstige Raub berf lle auf Stra en, Wegen oder Pl tzen",13003000,Rostock,vers.,6,5,1,0,0,0,0,0,0,0,0,0,0,0,0,1,1,0,4,4,0,1,0,1,5,4,1,2017
217000,"Sonstige Raub berf lle auf Stra en, Wegen oder Pl tzen",10041100,Saarbr cken,vers.,20,13,7,0,0,0,1,1,0,1,1,0,5,4,1,1,0,1,12,7,5,1,1,0,13,8,5,2017
217000,"Sonstige Raub berf lle auf Stra en, Wegen oder Pl tzen",3102000,Salzgitter,vers.,2,2,0,0,0,0,0,0,0,0,0,0,0,0,0,2,2,0,0,0,0,0,0,0,0,0,0,2017
217000,"Sonstige Raub berf lle auf Stra en, Wegen oder Pl tzen",13004000,Schwerin,vers.,14,9,5,0,0,0,0,0,0,0,0,0,0,0,0,1,0,1,11,8,3,2,1,1,13,9,4,2017
217000,"Sonstige Raub berf lle auf Stra en, Wegen oder Pl tzen",5970040,Siegen,vers.,6,5,1,0,0,0,2,1,1,2,1,1,2,2,0,0,0,0,2,2,0,0,0,0,2,2,0,2017
217000,"Sonstige Raub berf lle auf Stra en, Wegen oder Pl tzen",5122000,Solingen,vers.,19,13,6,0,0,0,3,3,0,3,3,0,3,2,1,5,4,1,5,2,3,3,2,1,8,4,4,2017
217000,"Sonstige Raub berf lle auf Stra en, Wegen oder Pl tzen",8111000,Stuttgart,vers.,47,36,11,0,0,0,1,1,0,1,1,0,7,5,2,9,5,4,28,24,4,2,1,1,30,25,5,2017
217000,"Sonstige Raub berf lle auf Stra en, Wegen oder Pl tzen",7211000,Trier,vers.,5,4,1,0,0,0,0,0,0,0,0,0,0,0,0,0,0,0,4,3,1,1,1,0,5,4,1,2017
217000,"Sonstige Raub berf lle auf Stra en, Wegen oder Pl tzen",8421000,Ulm,vers.,5,4,1,0,0,0,0,0,0,0,0,0,0,0,0,0,0,0,4,4,0,1,0,1,5,4,1,2017
217000,"Sonstige Raub berf lle auf Stra en, Wegen oder Pl tzen",6414000,Wiesbaden,vers.,13,13,0,0,0,0,0,0,0,0,0,0,2,2,0,1,1,0,10,10,0,0,0,0,10,10,0,2017
217000,"Sonstige Raub berf lle auf Stra en, Wegen oder Pl tzen",3103000,Wolfsburg,vers.,3,3,0,0,0,0,0,0,0,0,0,0,0,0,0,2,2,0,1,1,0,0,0,0,1,1,0,2017
217000,"Sonstige Raub berf lle auf Stra en, Wegen oder Pl tzen",5124000,Wuppertal,vers.,48,31,17,0,0,0,10,5,5,10,5,5,4,2,2,4,3,1,23,19,4,7,2,5,30,21,9,2017
217000,"Sonstige Raub berf lle auf Stra en, Wegen oder Pl tzen",9663000,W rzburg,vers.,0,0,0,0,0,0,0,0,0,0,0,0,0,0,0,0,0,0,0,0,0,0,0,0,0,0,0,2017
217000,"Sonstige Raub berf lle auf Stra en, Wegen oder Pl tzen",5334002,Aachen,insg.,146,115,31,0,0,0,6,6,0,6,6,0,12,10,2,24,21,3,87,69,18,17,9,8,104,78,26,2017
217000,"Sonstige Raub berf lle auf Stra en, Wegen oder Pl tzen",9761000,Augsburg,insg.,26,23,3,0,0,0,0,0,0,0,0,0,1,0,1,2,2,0,23,21,2,0,0,0,23,21,2,2017
217000,"Sonstige Raub berf lle auf Stra en, Wegen oder Pl tzen",5378004,Bergisch Gladbach,insg.,22,22,0,0,0,0,1,1,0,1,1,0,9,9,0,4,4,0,7,7,0,1,1,0,8,8,0,2017
217000,"Sonstige Raub berf lle auf Stra en, Wegen oder Pl tzen",11000000,Berlin,insg.,2363,1919,444,0,0,0,129,115,14,129,115,14,438,386,52,284,239,45,1342,1081,261,170,98,72,1512,1179,333,2017
217000,"Sonstige Raub berf lle auf Stra en, Wegen oder Pl tzen",5711000,Bielefeld,insg.,127,106,21,0,0,0,9,8,1,9,8,1,18,14,4,13,11,2,86,72,14,1,1,0,87,73,14,2017
217000,"Sonstige Raub berf lle auf Stra en, Wegen oder Pl tzen",5911000,Bochum,insg.,173,125,48,0,0,0,10,8,2,10,8,2,27,24,3,20,15,5,91,71,20,25,7,18,116,78,38,2017
217000,"Sonstige Raub berf lle auf Stra en, Wegen oder Pl tzen",5314000,Bonn,insg.,251,197,54,0,0,0,17,15,2,17,15,2,35,33,2,48,38,10,136,102,34,15,9,6,151,111,40,2017
217000,"Sonstige Raub berf lle auf Stra en, Wegen oder Pl tzen",5512000,Bottrop,insg.,56,42,14,0,0,0,3,2,1,3,2,1,13,10,3,8,7,1,28,21,7,4,2,2,32,23,9,2017
217000,"Sonstige Raub berf lle auf Stra en, Wegen oder Pl tzen",3101000,Braunschweig,insg.,62,48,14,0,0,0,0,0,0,0,0,0,10,9,1,11,9,2,37,29,8,4,1,3,41,30,11,2017
217000,"Sonstige Raub berf lle auf Stra en, Wegen oder Pl tzen",4011000,Bremen,insg.,412,287,125,0,0,0,15,10,5,15,10,5,41,34,7,47,39,8,235,186,49,74,18,56,309,204,105,2017
217000,"Sonstige Raub berf lle auf Stra en, Wegen oder Pl tzen",4012000,Bremerhaven,insg.,76,57,19,0,0,0,3,2,1,3,2,1,10,9,1,3,1,2,54,40,14,6,5,1,60,45,15,2017
217000,"Sonstige Raub berf lle auf Stra en, Wegen oder Pl tzen",14511000,Chemnitz,insg.,115,99,16,0,0,0,7,7,0,7,7,0,16,16,0,16,11,5,68,62,6,8,3,5,76,65,11,2017
217000,"Sonstige Raub berf lle auf Stra en, Wegen oder Pl tzen",12052000,Cottbus,insg.,29,23,6,0,0,0,0,0,0,0,0,0,5,5,0,5,4,1,18,14,4,1,0,1,19,14,5,2017
217000,"Sonstige Raub berf lle auf Stra en, Wegen oder Pl tzen",6411000,Darmstadt,insg.,36,29,7,0,0,0,4,3,1,4,3,1,7,4,3,7,6,1,17,16,1,1,0,1,18,16,2,2017
217000,"Sonstige Raub berf lle auf Stra en, Wegen oder Pl tzen",5913000,Dortmund,insg.,477,374,103,0,0,0,46,37,9,46,37,9,64,49,15,69,56,13,268,216,52,30,16,14,298,232,66,2017
217000,"Sonstige Raub berf lle auf Stra en, Wegen oder Pl tzen",14612000,Dresden,insg.,158,137,21,0,0,0,4,3,1,4,3,1,16,15,1,26,24,2,102,87,15,10,8,2,112,95,17,2017
217000,"Sonstige Raub berf lle auf Stra en, Wegen oder Pl tzen",5112000,Duisburg,insg.,276,213,63,0,0,0,30,25,5,30,25,5,53,49,4,31,25,6,134,97,37,28,17,11,162,114,48,2017
217000,"Sonstige Raub berf lle auf Stra en, Wegen oder Pl tzen",5111000,D sseldorf,insg.,329,249,80,1,0,1,8,6,2,9,6,3,39,33,6,42,36,6,203,155,48,36,19,17,239,174,65,2017
217000,"Sonstige Raub berf lle auf Stra en, Wegen oder Pl tzen",16051000,Erfurt,insg.,23,20,3,0,0,0,2,2,0,2,2,0,7,7,0,2,2,0,9,9,0,3,0,3,12,9,3,2017
217000,"Sonstige Raub berf lle auf Stra en, Wegen oder Pl tzen",9562000,Erlangen,insg.,1,1,0,0,0,0,0,0,0,0,0,0,0,0,0,0,0,0,1,1,0,0,0,0,1,1,0,2017
217000,"Sonstige Raub berf lle auf Stra en, Wegen oder Pl tzen",5113000,Essen,insg.,292,212,80,0,0,0,23,16,7,23,16,7,33,24,9,51,41,10,159,117,42,26,14,12,185,131,54,2017
217000,"Sonstige Raub berf lle auf Stra en, Wegen oder Pl tzen",6412000,Frankfurt am Main,insg.,603,524,79,0,0,0,21,19,2,21,19,2,52,48,4,77,71,6,421,366,55,32,20,12,453,386,67,2017
217000,"Sonstige Raub berf lle auf Stra en, Wegen oder Pl tzen",8311000,Freiburg im Breisgau,insg.,93,80,13,0,0,0,2,1,1,2,1,1,9,8,1,9,9,0,70,60,10,3,2,1,73,62,11,2017
217000,"Sonstige Raub berf lle auf Stra en, Wegen oder Pl tzen",9563000,F rth,insg.,2,2,0,0,0,0,1,1,0,1,1,0,0,0,0,0,0,0,1,1,0,0,0,0,1,1,0,2017
217000,"Sonstige Raub berf lle auf Stra en, Wegen oder Pl tzen",5513000,Gelsenkirchen,insg.,150,126,24,0,0,0,17,17,0,17,17,0,31,27,4,17,14,3,72,60,12,13,8,5,85,68,17,2017
217000,"Sonstige Raub berf lle auf Stra en, Wegen oder Pl tzen",3159016,G ttingen,insg.,42,35,7,0,0,0,3,3,0,3,3,0,9,9,0,5,5,0,23,17,6,2,1,1,25,18,7,2017
217000,"Sonstige Raub berf lle auf Stra en, Wegen oder Pl tzen",5914000,Hagen,insg.,126,103,23,0,0,0,6,5,1,6,5,1,21,18,3,14,14,0,72,59,13,13,7,6,85,66,19,2017
217000,"Sonstige Raub berf lle auf Stra en, Wegen oder Pl tzen",15002000,Halle (Saale),insg.,166,139,27,0,0,0,19,17,2,19,17,2,24,22,2,23,18,5,93,78,15,7,4,3,100,82,18,2017
217000,"Sonstige Raub berf lle auf Stra en, Wegen oder Pl tzen",2000000,Hamburg,insg.,1210,996,214,0,0,0,35,30,5,35,30,5,102,94,8,163,145,18,819,682,137,91,45,46,910,727,183,2017
217000,"Sonstige Raub berf lle auf Stra en, Wegen oder Pl tzen",5915000,Hamm,insg.,79,69,10,0,0,0,3,3,0,3,3,0,13,13,0,12,12,0,47,38,9,4,3,1,51,41,10,2017
217000,"Sonstige Raub berf lle auf Stra en, Wegen oder Pl tzen",3241001,Hannover,insg.,234,191,43,0,0,0,7,7,0,7,7,0,16,13,3,26,24,2,166,135,31,19,12,7,185,147,38,2017
217000,"Sonstige Raub berf lle auf Stra en, Wegen oder Pl tzen",8221000,Heidelberg,insg.,26,22,4,0,0,0,4,3,1,4,3,1,4,4,0,5,4,1,12,11,1,1,0,1,13,11,2,2017
217000,"Sonstige Raub berf lle auf Stra en, Wegen oder Pl tzen",8121000,Heilbronn,insg.,19,17,2,0,0,0,0,0,0,0,0,0,2,2,0,0,0,0,15,13,2,2,2,0,17,15,2,2017
217000,"Sonstige Raub berf lle auf Stra en, Wegen oder Pl tzen",5916000,Herne,insg.,60,44,16,0,0,0,7,5,2,7,5,2,13,13,0,7,7,0,22,16,6,11,3,8,33,19,14,2017
217000,"Sonstige Raub berf lle auf Stra en, Wegen oder Pl tzen",3254021,Hildesheim,insg.,27,23,4,0,0,0,3,3,0,3,3,0,0,0,0,7,6,1,15,12,3,2,2,0,17,14,3,2017
217000,"Sonstige Raub berf lle auf Stra en, Wegen oder Pl tzen",9161000,Ingolstadt,insg.,5,5,0,0,0,0,0,0,0,0,0,0,1,1,0,0,0,0,4,4,0,0,0,0,4,4,0,2017
217000,"Sonstige Raub berf lle auf Stra en, Wegen oder Pl tzen",16053000,Jena,insg.,4,3,1,0,0,0,0,0,0,0,0,0,0,0,0,0,0,0,3,3,0,1,0,1,4,3,1,2017
217000,"Sonstige Raub berf lle auf Stra en, Wegen oder Pl tzen",8212000,Karlsruhe,insg.,82,69,13,0,0,0,2,1,1,2,1,1,13,11,2,9,5,4,52,48,4,6,4,2,58,52,6,2017
217000,"Sonstige Raub berf lle auf Stra en, Wegen oder Pl tzen",6611000,Kassel,insg.,80,72,8,1,1,0,0,0,0,1,1,0,14,13,1,7,6,1,57,51,6,1,1,0,58,52,6,2017
217000,"Sonstige Raub berf lle auf Stra en, Wegen oder Pl tzen",1002000,Kiel,insg.,161,134,27,0,0,0,10,9,1,10,9,1,23,22,1,17,16,1,102,80,22,9,7,2,111,87,24,2017
217000,"Sonstige Raub berf lle auf Stra en, Wegen oder Pl tzen",7111000,Koblenz,insg.,35,27,8,0,0,0,0,0,0,0,0,0,4,3,1,8,7,1,17,13,4,6,4,2,23,17,6,2017
217000,"Sonstige Raub berf lle auf Stra en, Wegen oder Pl tzen",5315000,K ln,insg.,793,635,158,1,1,0,38,29,9,39,30,9,116,99,17,98,84,14,468,388,80,72,34,38,540,422,118,2017
217000,"Sonstige Raub berf lle auf Stra en, Wegen oder Pl tzen",5114000,Krefeld,insg.,77,65,12,0,0,0,7,6,1,7,6,1,12,11,1,8,7,1,44,37,7,6,4,2,50,41,9,2017
217000,"Sonstige Raub berf lle auf Stra en, Wegen oder Pl tzen",14713000,Leipzig,insg.,213,171,42,0,0,0,10,9,1,10,9,1,33,25,8,24,21,3,130,111,19,16,5,11,146,116,30,2017
217000,"Sonstige Raub berf lle auf Stra en, Wegen oder Pl tzen",5316000,Leverkusen,insg.,83,70,13,0,0,0,11,10,1,11,10,1,33,30,3,7,5,2,27,23,4,5,2,3,32,25,7,2017
217000,"Sonstige Raub berf lle auf Stra en, Wegen oder Pl tzen",1003000,L beck,insg.,83,67,16,0,0,0,3,3,0,3,3,0,23,19,4,9,8,1,47,37,10,1,0,1,48,37,11,2017
217000,"Sonstige Raub berf lle auf Stra en, Wegen oder Pl tzen",7314000,Ludwigshafen am Rhein,insg.,153,131,22,0,0,0,19,14,5,19,14,5,66,63,3,13,10,3,46,39,7,9,5,4,55,44,11,2017
217000,"Sonstige Raub berf lle auf Stra en, Wegen oder Pl tzen",15003000,Magdeburg,insg.,129,113,16,0,0,0,7,7,0,7,7,0,32,28,4,25,23,2,63,53,10,2,2,0,65,55,10,2017
217000,"Sonstige Raub berf lle auf Stra en, Wegen oder Pl tzen",7315000,Mainz,insg.,66,57,9,0,0,0,1,1,0,1,1,0,13,11,2,14,14,0,33,28,5,5,3,2,38,31,7,2017
217000,"Sonstige Raub berf lle auf Stra en, Wegen oder Pl tzen",8222000,Mannheim,insg.,108,77,31,0,0,0,6,4,2,6,4,2,6,5,1,15,14,1,62,44,18,19,10,9,81,54,27,2017
217000,"Sonstige Raub berf lle auf Stra en, Wegen oder Pl tzen",5170024,Moers,insg.,26,18,8,0,0,0,1,1,0,1,1,0,4,3,1,2,1,1,17,11,6,2,2,0,19,13,6,2017
217000,"Sonstige Raub berf lle auf Stra en, Wegen oder Pl tzen",5116000,M nchengladbach,insg.,103,82,21,0,0,0,7,5,2,7,5,2,15,13,2,10,10,0,63,49,14,8,5,3,71,54,17,2017
217000,"Sonstige Raub berf lle auf Stra en, Wegen oder Pl tzen",5117000,M lheim an der Ruhr,insg.,36,25,11,0,0,0,6,4,2,6,4,2,9,8,1,6,4,2,11,7,4,4,2,2,15,9,6,2017
217000,"Sonstige Raub berf lle auf Stra en, Wegen oder Pl tzen",9162000,M nchen,insg.,163,134,29,0,0,0,3,2,1,3,2,1,25,23,2,25,21,4,105,84,21,5,4,1,110,88,22,2017
217000,"Sonstige Raub berf lle auf Stra en, Wegen oder Pl tzen",5515000,M nster,insg.,110,87,23,0,0,0,6,4,2,6,4,2,18,16,2,11,9,2,64,54,10,11,4,7,75,58,17,2017
217000,"Sonstige Raub berf lle auf Stra en, Wegen oder Pl tzen",5162024,Neuss,insg.,66,58,8,0,0,0,9,9,0,9,9,0,16,13,3,8,8,0,25,23,2,8,5,3,33,28,5,2017
217000,"Sonstige Raub berf lle auf Stra en, Wegen oder Pl tzen",9564000,N rnberg,insg.,107,91,16,0,0,0,4,4,0,4,4,0,12,12,0,16,15,1,70,57,13,5,3,2,75,60,15,2017
217000,"Sonstige Raub berf lle auf Stra en, Wegen oder Pl tzen",5119000,Oberhausen,insg.,132,108,24,0,0,0,12,10,2,12,10,2,42,36,6,12,10,2,54,41,13,12,11,1,66,52,14,2017
217000,"Sonstige Raub berf lle auf Stra en, Wegen oder Pl tzen",6413000,Offenbach am Main,insg.,74,61,13,0,0,0,4,2,2,4,2,2,28,26,2,7,5,2,34,27,7,1,1,0,35,28,7,2017
217000,"Sonstige Raub berf lle auf Stra en, Wegen oder Pl tzen",3403000,Oldenburg (Oldenburg),insg.,28,24,4,0,0,0,0,0,0,0,0,0,5,5,0,6,4,2,14,13,1,3,2,1,17,15,2,2017
217000,"Sonstige Raub berf lle auf Stra en, Wegen oder Pl tzen",3404000,Osnabr ck,insg.,73,51,22,0,0,0,2,1,1,2,1,1,10,8,2,12,8,4,45,32,13,4,2,2,49,34,15,2017
217000,"Sonstige Raub berf lle auf Stra en, Wegen oder Pl tzen",5774032,Paderborn,insg.,50,46,4,0,0,0,1,1,0,1,1,0,8,8,0,12,11,1,26,23,3,3,3,0,29,26,3,2017
217000,"Sonstige Raub berf lle auf Stra en, Wegen oder Pl tzen",8231000,Pforzheim,insg.,31,28,3,0,0,0,0,0,0,0,0,0,7,6,1,8,8,0,15,14,1,1,0,1,16,14,2,2017
217000,"Sonstige Raub berf lle auf Stra en, Wegen oder Pl tzen",12054000,Potsdam,insg.,61,49,12,0,0,0,6,5,1,6,5,1,20,17,3,7,7,0,26,20,6,2,0,2,28,20,8,2017
217000,"Sonstige Raub berf lle auf Stra en, Wegen oder Pl tzen",5562032,Recklinghausen,insg.,69,57,12,0,0,0,8,7,1,8,7,1,13,11,2,6,5,1,36,29,7,6,5,1,42,34,8,2017
217000,"Sonstige Raub berf lle auf Stra en, Wegen oder Pl tzen",9362000,Regensburg,insg.,30,21,9,0,0,0,0,0,0,0,0,0,5,5,0,7,5,2,17,11,6,1,0,1,18,11,7,2017
217000,"Sonstige Raub berf lle auf Stra en, Wegen oder Pl tzen",5120000,Remscheid,insg.,34,29,5,0,0,0,1,1,0,1,1,0,3,3,0,7,7,0,20,17,3,3,1,2,23,18,5,2017
217000,"Sonstige Raub berf lle auf Stra en, Wegen oder Pl tzen",8415061,Reutlingen,insg.,15,12,3,0,0,0,2,2,0,2,2,0,3,2,1,3,3,0,7,5,2,0,0,0,7,5,2,2017
217000,"Sonstige Raub berf lle auf Stra en, Wegen oder Pl tzen",13003000,Rostock,insg.,56,43,13,0,0,0,6,4,2,6,4,2,8,8,0,5,3,2,32,27,5,5,1,4,37,28,9,2017
217000,"Sonstige Raub berf lle auf Stra en, Wegen oder Pl tzen",10041100,Saarbr cken,insg.,107,84,23,0,0,0,3,3,0,3,3,0,28,23,5,12,9,3,60,45,15,4,4,0,64,49,15,2017
217000,"Sonstige Raub berf lle auf Stra en, Wegen oder Pl tzen",3102000,Salzgitter,insg.,6,5,1,0,0,0,0,0,0,0,0,0,0,0,0,2,2,0,4,3,1,0,0,0,4,3,1,2017
217000,"Sonstige Raub berf lle auf Stra en, Wegen oder Pl tzen",13004000,Schwerin,insg.,43,36,7,0,0,0,2,2,0,2,2,0,7,7,0,5,4,1,26,22,4,3,1,2,29,23,6,2017
217000,"Sonstige Raub berf lle auf Stra en, Wegen oder Pl tzen",5970040,Siegen,insg.,28,24,4,0,0,0,3,2,1,3,2,1,4,4,0,3,3,0,18,15,3,0,0,0,18,15,3,2017
217000,"Sonstige Raub berf lle auf Stra en, Wegen oder Pl tzen",5122000,Solingen,insg.,70,53,17,0,0,0,9,7,2,9,7,2,15,11,4,14,12,2,24,17,7,8,6,2,32,23,9,2017
217000,"Sonstige Raub berf lle auf Stra en, Wegen oder Pl tzen",8111000,Stuttgart,insg.,223,182,41,0,0,0,13,12,1,13,12,1,31,24,7,34,29,5,128,111,17,17,6,11,145,117,28,2017
217000,"Sonstige Raub berf lle auf Stra en, Wegen oder Pl tzen",7211000,Trier,insg.,26,20,6,0,0,0,0,0,0,0,0,0,3,3,0,4,3,1,16,12,4,3,2,1,19,14,5,2017
217000,"Sonstige Raub berf lle auf Stra en, Wegen oder Pl tzen",8421000,Ulm,insg.,19,15,4,0,0,0,0,0,0,0,0,0,0,0,0,3,2,1,14,12,2,2,1,1,16,13,3,2017
217000,"Sonstige Raub berf lle auf Stra en, Wegen oder Pl tzen",6414000,Wiesbaden,insg.,93,78,15,0,0,0,2,1,1,2,1,1,21,20,1,18,18,0,48,36,12,4,3,1,52,39,13,2017
217000,"Sonstige Raub berf lle auf Stra en, Wegen oder Pl tzen",3103000,Wolfsburg,insg.,11,10,1,0,0,0,0,0,0,0,0,0,0,0,0,4,4,0,6,5,1,1,1,0,7,6,1,2017
217000,"Sonstige Raub berf lle auf Stra en, Wegen oder Pl tzen",5124000,Wuppertal,insg.,221,167,54,0,0,0,27,17,10,27,17,10,23,17,6,29,24,5,117,97,20,25,12,13,142,109,33,2017
217000,"Sonstige Raub berf lle auf Stra en, Wegen oder Pl tzen",9663000,W rzburg,insg.,5,5,0,0,0,0,0,0,0,0,0,0,1,1,0,4,4,0,0,0,0,0,0,0,0,0,0,2017
219000,Raub berf lle in Wohnungen,5334002,Aachen,voll.,9,8,1,0,0,0,0,0,0,0,0,0,1,1,0,0,0,0,7,7,0,1,0,1,8,7,1,2017
219000,Raub berf lle in Wohnungen,9761000,Augsburg,voll.,2,0,2,0,0,0,0,0,0,0,0,0,0,0,0,0,0,0,1,0,1,1,0,1,2,0,2,2017
219000,Raub berf lle in Wohnungen,5378004,Bergisch Gladbach,voll.,5,3,2,0,0,0,0,0,0,0,0,0,0,0,0,1,1,0,4,2,2,0,0,0,4,2,2,2017
219000,Raub berf lle in Wohnungen,11000000,Berlin,voll.,200,124,76,0,0,0,4,2,2,4,2,2,7,3,4,11,10,1,120,89,31,58,20,38,178,109,69,2017
219000,Raub berf lle in Wohnungen,5711000,Bielefeld,voll.,7,4,3,0,0,0,0,0,0,0,0,0,0,0,0,0,0,0,6,3,3,1,1,0,7,4,3,2017
219000,Raub berf lle in Wohnungen,5911000,Bochum,voll.,13,10,3,0,0,0,0,0,0,0,0,0,1,1,0,2,2,0,10,7,3,0,0,0,10,7,3,2017
219000,Raub berf lle in Wohnungen,5314000,Bonn,voll.,17,11,6,1,1,0,0,0,0,1,1,0,0,0,0,0,0,0,12,9,3,4,1,3,16,10,6,2017
219000,Raub berf lle in Wohnungen,5512000,Bottrop,voll.,5,2,3,0,0,0,0,0,0,0,0,0,0,0,0,0,0,0,4,2,2,1,0,1,5,2,3,2017
219000,Raub berf lle in Wohnungen,3101000,Braunschweig,voll.,2,1,1,0,0,0,0,0,0,0,0,0,0,0,0,0,0,0,2,1,1,0,0,0,2,1,1,2017
219000,Raub berf lle in Wohnungen,4011000,Bremen,voll.,21,14,7,0,0,0,0,0,0,0,0,0,7,7,0,2,2,0,8,4,4,4,1,3,12,5,7,2017
219000,Raub berf lle in Wohnungen,4012000,Bremerhaven,voll.,10,4,6,0,0,0,0,0,0,0,0,0,0,0,0,1,1,0,5,3,2,4,0,4,9,3,6,2017
219000,Raub berf lle in Wohnungen,14511000,Chemnitz,voll.,13,10,3,0,0,0,0,0,0,0,0,0,0,0,0,1,1,0,12,9,3,0,0,0,12,9,3,2017
219000,Raub berf lle in Wohnungen,12052000,Cottbus,voll.,6,4,2,0,0,0,0,0,0,0,0,0,0,0,0,0,0,0,6,4,2,0,0,0,6,4,2,2017
219000,Raub berf lle in Wohnungen,6411000,Darmstadt,voll.,3,1,2,0,0,0,0,0,0,0,0,0,0,0,0,0,0,0,3,1,2,0,0,0,3,1,2,2017
219000,Raub berf lle in Wohnungen,5913000,Dortmund,voll.,35,24,11,0,0,0,0,0,0,0,0,0,1,1,0,2,0,2,27,20,7,5,3,2,32,23,9,2017
219000,Raub berf lle in Wohnungen,14612000,Dresden,voll.,23,18,5,0,0,0,0,0,0,0,0,0,0,0,0,6,6,0,17,12,5,0,0,0,17,12,5,2017
219000,Raub berf lle in Wohnungen,5112000,Duisburg,voll.,32,22,10,0,0,0,0,0,0,0,0,0,0,0,0,2,1,1,27,19,8,3,2,1,30,21,9,2017
219000,Raub berf lle in Wohnungen,5111000,D sseldorf,voll.,30,16,14,0,0,0,0,0,0,0,0,0,2,2,0,0,0,0,15,8,7,13,6,7,28,14,14,2017
219000,Raub berf lle in Wohnungen,16051000,Erfurt,voll.,10,8,2,0,0,0,0,0,0,0,0,0,0,0,0,1,1,0,9,7,2,0,0,0,9,7,2,2017
219000,Raub berf lle in Wohnungen,9562000,Erlangen,voll.,1,1,0,0,0,0,0,0,0,0,0,0,0,0,0,0,0,0,1,1,0,0,0,0,1,1,0,2017
219000,Raub berf lle in Wohnungen,5113000,Essen,voll.,40,25,15,0,0,0,0,0,0,0,0,0,0,0,0,6,4,2,23,15,8,11,6,5,34,21,13,2017
219000,Raub berf lle in Wohnungen,6412000,Frankfurt am Main,voll.,30,20,10,0,0,0,0,0,0,0,0,0,0,0,0,1,1,0,25,18,7,4,1,3,29,19,10,2017
219000,Raub berf lle in Wohnungen,8311000,Freiburg im Breisgau,voll.,9,6,3,0,0,0,1,0,1,1,0,1,0,0,0,2,1,1,6,5,1,0,0,0,6,5,1,2017
219000,Raub berf lle in Wohnungen,9563000,F rth,voll.,2,0,2,0,0,0,0,0,0,0,0,0,0,0,0,0,0,0,0,0,0,2,0,2,2,0,2,2017
219000,Raub berf lle in Wohnungen,5513000,Gelsenkirchen,voll.,16,11,5,0,0,0,0,0,0,0,0,0,0,0,0,4,3,1,10,7,3,2,1,1,12,8,4,2017
219000,Raub berf lle in Wohnungen,3159016,G ttingen,voll.,9,8,1,0,0,0,0,0,0,0,0,0,0,0,0,2,2,0,6,6,0,1,0,1,7,6,1,2017
219000,Raub berf lle in Wohnungen,5914000,Hagen,voll.,9,3,6,0,0,0,0,0,0,0,0,0,0,0,0,1,1,0,5,1,4,3,1,2,8,2,6,2017
219000,Raub berf lle in Wohnungen,15002000,Halle (Saale),voll.,11,10,1,0,0,0,0,0,0,0,0,0,0,0,0,0,0,0,10,9,1,1,1,0,11,10,1,2017
219000,Raub berf lle in Wohnungen,2000000,Hamburg,voll.,77,46,31,0,0,0,0,0,0,0,0,0,0,0,0,5,5,0,58,39,19,14,2,12,72,41,31,2017
219000,Raub berf lle in Wohnungen,5915000,Hamm,voll.,12,9,3,0,0,0,0,0,0,0,0,0,0,0,0,4,3,1,7,5,2,1,1,0,8,6,2,2017
219000,Raub berf lle in Wohnungen,3241001,Hannover,voll.,17,11,6,0,0,0,0,0,0,0,0,0,1,0,1,1,1,0,13,9,4,2,1,1,15,10,5,2017
219000,Raub berf lle in Wohnungen,8221000,Heidelberg,voll.,0,0,0,0,0,0,0,0,0,0,0,0,0,0,0,0,0,0,0,0,0,0,0,0,0,0,0,2017
219000,Raub berf lle in Wohnungen,8121000,Heilbronn,voll.,2,1,1,0,0,0,0,0,0,0,0,0,0,0,0,0,0,0,1,0,1,1,1,0,2,1,1,2017
219000,Raub berf lle in Wohnungen,5916000,Herne,voll.,5,3,2,0,0,0,0,0,0,0,0,0,0,0,0,1,1,0,2,1,1,2,1,1,4,2,2,2017
219000,Raub berf lle in Wohnungen,3254021,Hildesheim,voll.,5,1,4,0,0,0,0,0,0,0,0,0,0,0,0,1,1,0,2,0,2,2,0,2,4,0,4,2017
219000,Raub berf lle in Wohnungen,9161000,Ingolstadt,voll.,0,0,0,0,0,0,0,0,0,0,0,0,0,0,0,0,0,0,0,0,0,0,0,0,0,0,0,2017
219000,Raub berf lle in Wohnungen,16053000,Jena,voll.,4,3,1,0,0,0,0,0,0,0,0,0,0,0,0,2,1,1,2,2,0,0,0,0,2,2,0,2017
219000,Raub berf lle in Wohnungen,8212000,Karlsruhe,voll.,5,2,3,0,0,0,0,0,0,0,0,0,0,0,0,1,1,0,3,1,2,1,0,1,4,1,3,2017
219000,Raub berf lle in Wohnungen,6611000,Kassel,voll.,17,12,5,0,0,0,0,0,0,0,0,0,0,0,0,2,0,2,14,12,2,1,0,1,15,12,3,2017
219000,Raub berf lle in Wohnungen,1002000,Kiel,voll.,19,15,4,0,0,0,0,0,0,0,0,0,0,0,0,1,0,1,17,15,2,1,0,1,18,15,3,2017
219000,Raub berf lle in Wohnungen,7111000,Koblenz,voll.,7,5,2,0,0,0,0,0,0,0,0,0,0,0,0,1,1,0,5,4,1,1,0,1,6,4,2,2017
219000,Raub berf lle in Wohnungen,5315000,K ln,voll.,56,34,22,0,0,0,0,0,0,0,0,0,0,0,0,2,2,0,42,25,17,12,7,5,54,32,22,2017
219000,Raub berf lle in Wohnungen,5114000,Krefeld,voll.,6,4,2,0,0,0,0,0,0,0,0,0,0,0,0,0,0,0,3,3,0,3,1,2,6,4,2,2017
219000,Raub berf lle in Wohnungen,14713000,Leipzig,voll.,35,22,13,0,0,0,0,0,0,0,0,0,0,0,0,4,4,0,28,18,10,3,0,3,31,18,13,2017
219000,Raub berf lle in Wohnungen,5316000,Leverkusen,voll.,3,1,2,0,0,0,0,0,0,0,0,0,0,0,0,0,0,0,2,1,1,1,0,1,3,1,2,2017
219000,Raub berf lle in Wohnungen,1003000,L beck,voll.,23,10,13,0,0,0,0,0,0,0,0,0,2,0,2,2,1,1,17,9,8,2,0,2,19,9,10,2017
219000,Raub berf lle in Wohnungen,7314000,Ludwigshafen am Rhein,voll.,5,1,4,0,0,0,0,0,0,0,0,0,0,0,0,0,0,0,3,0,3,2,1,1,5,1,4,2017
219000,Raub berf lle in Wohnungen,15003000,Magdeburg,voll.,16,13,3,0,0,0,0,0,0,0,0,0,1,1,0,6,5,1,8,7,1,1,0,1,9,7,2,2017
219000,Raub berf lle in Wohnungen,7315000,Mainz,voll.,4,4,0,0,0,0,0,0,0,0,0,0,0,0,0,0,0,0,3,3,0,1,1,0,4,4,0,2017
219000,Raub berf lle in Wohnungen,8222000,Mannheim,voll.,7,5,2,0,0,0,0,0,0,0,0,0,0,0,0,0,0,0,5,4,1,2,1,1,7,5,2,2017
219000,Raub berf lle in Wohnungen,5170024,Moers,voll.,1,1,0,0,0,0,0,0,0,0,0,0,0,0,0,0,0,0,1,1,0,0,0,0,1,1,0,2017
219000,Raub berf lle in Wohnungen,5116000,M nchengladbach,voll.,20,15,5,0,0,0,0,0,0,0,0,0,1,1,0,3,2,1,9,6,3,7,6,1,16,12,4,2017
219000,Raub berf lle in Wohnungen,5117000,M lheim an der Ruhr,voll.,13,7,6,0,0,0,0,0,0,0,0,0,2,1,1,0,0,0,5,3,2,6,3,3,11,6,5,2017
219000,Raub berf lle in Wohnungen,9162000,M nchen,voll.,21,11,10,0,0,0,0,0,0,0,0,0,0,0,0,3,1,2,12,7,5,6,3,3,18,10,8,2017
219000,Raub berf lle in Wohnungen,5515000,M nster,voll.,10,5,5,0,0,0,0,0,0,0,0,0,1,0,1,3,3,0,3,1,2,3,1,2,6,2,4,2017
219000,Raub berf lle in Wohnungen,5162024,Neuss,voll.,3,3,0,0,0,0,0,0,0,0,0,0,0,0,0,1,1,0,2,2,0,0,0,0,2,2,0,2017
219000,Raub berf lle in Wohnungen,9564000,N rnberg,voll.,12,5,7,0,0,0,0,0,0,0,0,0,2,0,2,2,1,1,5,3,2,3,1,2,8,4,4,2017
219000,Raub berf lle in Wohnungen,5119000,Oberhausen,voll.,7,5,2,0,0,0,0,0,0,0,0,0,1,1,0,0,0,0,4,4,0,2,0,2,6,4,2,2017
219000,Raub berf lle in Wohnungen,6413000,Offenbach am Main,voll.,4,4,0,0,0,0,0,0,0,0,0,0,0,0,0,1,1,0,3,3,0,0,0,0,3,3,0,2017
219000,Raub berf lle in Wohnungen,3403000,Oldenburg (Oldenburg),voll.,18,11,7,0,0,0,0,0,0,0,0,0,0,0,0,2,2,0,16,9,7,0,0,0,16,9,7,2017
219000,Raub berf lle in Wohnungen,3404000,Osnabr ck,voll.,8,6,2,0,0,0,0,0,0,0,0,0,0,0,0,0,0,0,3,3,0,5,3,2,8,6,2,2017
219000,Raub berf lle in Wohnungen,5774032,Paderborn,voll.,7,4,3,0,0,0,0,0,0,0,0,0,0,0,0,1,1,0,3,2,1,3,1,2,6,3,3,2017
219000,Raub berf lle in Wohnungen,8231000,Pforzheim,voll.,6,3,3,0,0,0,0,0,0,0,0,0,0,0,0,1,0,1,4,3,1,1,0,1,5,3,2,2017
219000,Raub berf lle in Wohnungen,12054000,Potsdam,voll.,6,3,3,0,0,0,0,0,0,0,0,0,1,0,1,0,0,0,5,3,2,0,0,0,5,3,2,2017
219000,Raub berf lle in Wohnungen,5562032,Recklinghausen,voll.,5,2,3,0,0,0,0,0,0,0,0,0,0,0,0,1,0,1,3,2,1,1,0,1,4,2,2,2017
219000,Raub berf lle in Wohnungen,9362000,Regensburg,voll.,4,3,1,0,0,0,0,0,0,0,0,0,0,0,0,0,0,0,4,3,1,0,0,0,4,3,1,2017
219000,Raub berf lle in Wohnungen,5120000,Remscheid,voll.,4,3,1,0,0,0,0,0,0,0,0,0,0,0,0,0,0,0,3,2,1,1,1,0,4,3,1,2017
219000,Raub berf lle in Wohnungen,8415061,Reutlingen,voll.,8,6,2,0,0,0,0,0,0,0,0,0,2,2,0,2,2,0,4,2,2,0,0,0,4,2,2,2017
219000,Raub berf lle in Wohnungen,13003000,Rostock,voll.,9,5,4,0,0,0,0,0,0,0,0,0,0,0,0,0,0,0,8,5,3,1,0,1,9,5,4,2017
219000,Raub berf lle in Wohnungen,10041100,Saarbr cken,voll.,14,11,3,0,0,0,0,0,0,0,0,0,0,0,0,3,2,1,8,7,1,3,2,1,11,9,2,2017
219000,Raub berf lle in Wohnungen,3102000,Salzgitter,voll.,2,2,0,0,0,0,0,0,0,0,0,0,0,0,0,0,0,0,2,2,0,0,0,0,2,2,0,2017
219000,Raub berf lle in Wohnungen,13004000,Schwerin,voll.,3,3,0,0,0,0,0,0,0,0,0,0,0,0,0,0,0,0,3,3,0,0,0,0,3,3,0,2017
219000,Raub berf lle in Wohnungen,5970040,Siegen,voll.,2,2,0,0,0,0,0,0,0,0,0,0,0,0,0,0,0,0,2,2,0,0,0,0,2,2,0,2017
219000,Raub berf lle in Wohnungen,5122000,Solingen,voll.,12,10,2,0,0,0,0,0,0,0,0,0,1,1,0,1,1,0,7,6,1,3,2,1,10,8,2,2017
219000,Raub berf lle in Wohnungen,8111000,Stuttgart,voll.,8,4,4,0,0,0,0,0,0,0,0,0,0,0,0,1,1,0,5,2,3,2,1,1,7,3,4,2017
219000,Raub berf lle in Wohnungen,7211000,Trier,voll.,7,6,1,0,0,0,0,0,0,0,0,0,0,0,0,1,1,0,4,3,1,2,2,0,6,5,1,2017
219000,Raub berf lle in Wohnungen,8421000,Ulm,voll.,2,2,0,0,0,0,0,0,0,0,0,0,0,0,0,0,0,0,2,2,0,0,0,0,2,2,0,2017
219000,Raub berf lle in Wohnungen,6414000,Wiesbaden,voll.,7,5,2,0,0,0,0,0,0,0,0,0,0,0,0,0,0,0,5,3,2,2,2,0,7,5,2,2017
219000,Raub berf lle in Wohnungen,3103000,Wolfsburg,voll.,0,0,0,0,0,0,0,0,0,0,0,0,0,0,0,0,0,0,0,0,0,0,0,0,0,0,0,2017
219000,Raub berf lle in Wohnungen,5124000,Wuppertal,voll.,19,15,4,0,0,0,1,1,0,1,1,0,1,1,0,2,1,1,13,11,2,2,1,1,15,12,3,2017
219000,Raub berf lle in Wohnungen,9663000,W rzburg,voll.,0,0,0,0,0,0,0,0,0,0,0,0,0,0,0,0,0,0,0,0,0,0,0,0,0,0,0,2017
219000,Raub berf lle in Wohnungen,5334002,Aachen,vers.,1,1,0,0,0,0,0,0,0,0,0,0,0,0,0,0,0,0,1,1,0,0,0,0,1,1,0,2017
219000,Raub berf lle in Wohnungen,9761000,Augsburg,vers.,1,0,1,0,0,0,0,0,0,0,0,0,0,0,0,0,0,0,1,0,1,0,0,0,1,0,1,2017
219000,Raub berf lle in Wohnungen,5378004,Bergisch Gladbach,vers.,0,0,0,0,0,0,0,0,0,0,0,0,0,0,0,0,0,0,0,0,0,0,0,0,0,0,0,2017
219000,Raub berf lle in Wohnungen,11000000,Berlin,vers.,42,22,20,0,0,0,0,0,0,0,0,0,1,1,0,2,2,0,23,13,10,16,6,10,39,19,20,2017
219000,Raub berf lle in Wohnungen,5711000,Bielefeld,vers.,1,0,1,0,0,0,0,0,0,0,0,0,0,0,0,0,0,0,0,0,0,1,0,1,1,0,1,2017
219000,Raub berf lle in Wohnungen,5911000,Bochum,vers.,4,4,0,0,0,0,0,0,0,0,0,0,0,0,0,1,1,0,1,1,0,2,2,0,3,3,0,2017
219000,Raub berf lle in Wohnungen,5314000,Bonn,vers.,10,8,2,0,0,0,0,0,0,0,0,0,1,1,0,0,0,0,7,6,1,2,1,1,9,7,2,2017
219000,Raub berf lle in Wohnungen,5512000,Bottrop,vers.,0,0,0,0,0,0,0,0,0,0,0,0,0,0,0,0,0,0,0,0,0,0,0,0,0,0,0,2017
219000,Raub berf lle in Wohnungen,3101000,Braunschweig,vers.,0,0,0,0,0,0,0,0,0,0,0,0,0,0,0,0,0,0,0,0,0,0,0,0,0,0,0,2017
219000,Raub berf lle in Wohnungen,4011000,Bremen,vers.,11,6,5,0,0,0,0,0,0,0,0,0,0,0,0,2,2,0,6,3,3,3,1,2,9,4,5,2017
219000,Raub berf lle in Wohnungen,4012000,Bremerhaven,vers.,4,2,2,0,0,0,0,0,0,0,0,0,0,0,0,1,0,1,1,1,0,2,1,1,3,2,1,2017
219000,Raub berf lle in Wohnungen,14511000,Chemnitz,vers.,0,0,0,0,0,0,0,0,0,0,0,0,0,0,0,0,0,0,0,0,0,0,0,0,0,0,0,2017
219000,Raub berf lle in Wohnungen,12052000,Cottbus,vers.,2,1,1,0,0,0,0,0,0,0,0,0,0,0,0,1,1,0,1,0,1,0,0,0,1,0,1,2017
219000,Raub berf lle in Wohnungen,6411000,Darmstadt,vers.,0,0,0,0,0,0,0,0,0,0,0,0,0,0,0,0,0,0,0,0,0,0,0,0,0,0,0,2017
219000,Raub berf lle in Wohnungen,5913000,Dortmund,vers.,2,2,0,0,0,0,0,0,0,0,0,0,0,0,0,1,1,0,1,1,0,0,0,0,1,1,0,2017
219000,Raub berf lle in Wohnungen,14612000,Dresden,vers.,1,1,0,0,0,0,0,0,0,0,0,0,0,0,0,0,0,0,1,1,0,0,0,0,1,1,0,2017
219000,Raub berf lle in Wohnungen,5112000,Duisburg,vers.,5,3,2,0,0,0,0,0,0,0,0,0,0,0,0,1,0,1,3,3,0,1,0,1,4,3,1,2017
219000,Raub berf lle in Wohnungen,5111000,D sseldorf,vers.,4,1,3,0,0,0,0,0,0,0,0,0,0,0,0,0,0,0,2,1,1,2,0,2,4,1,3,2017
219000,Raub berf lle in Wohnungen,16051000,Erfurt,vers.,1,0,1,0,0,0,0,0,0,0,0,0,0,0,0,0,0,0,0,0,0,1,0,1,1,0,1,2017
219000,Raub berf lle in Wohnungen,9562000,Erlangen,vers.,0,0,0,0,0,0,0,0,0,0,0,0,0,0,0,0,0,0,0,0,0,0,0,0,0,0,0,2017
219000,Raub berf lle in Wohnungen,5113000,Essen,vers.,2,1,1,0,0,0,0,0,0,0,0,0,0,0,0,0,0,0,1,1,0,1,0,1,2,1,1,2017
219000,Raub berf lle in Wohnungen,6412000,Frankfurt am Main,vers.,5,4,1,0,0,0,0,0,0,0,0,0,0,0,0,0,0,0,5,4,1,0,0,0,5,4,1,2017
219000,Raub berf lle in Wohnungen,8311000,Freiburg im Breisgau,vers.,3,2,1,0,0,0,0,0,0,0,0,0,1,1,0,0,0,0,2,1,1,0,0,0,2,1,1,2017
219000,Raub berf lle in Wohnungen,9563000,F rth,vers.,1,1,0,0,0,0,0,0,0,0,0,0,0,0,0,0,0,0,1,1,0,0,0,0,1,1,0,2017
219000,Raub berf lle in Wohnungen,5513000,Gelsenkirchen,vers.,5,5,0,0,0,0,0,0,0,0,0,0,0,0,0,0,0,0,4,4,0,1,1,0,5,5,0,2017
219000,Raub berf lle in Wohnungen,3159016,G ttingen,vers.,3,2,1,0,0,0,0,0,0,0,0,0,0,0,0,0,0,0,2,1,1,1,1,0,3,2,1,2017
219000,Raub berf lle in Wohnungen,5914000,Hagen,vers.,0,0,0,0,0,0,0,0,0,0,0,0,0,0,0,0,0,0,0,0,0,0,0,0,0,0,0,2017
219000,Raub berf lle in Wohnungen,15002000,Halle (Saale),vers.,3,3,0,0,0,0,0,0,0,0,0,0,0,0,0,0,0,0,3,3,0,0,0,0,3,3,0,2017
219000,Raub berf lle in Wohnungen,2000000,Hamburg,vers.,24,15,9,0,0,0,1,0,1,1,0,1,2,2,0,0,0,0,17,12,5,4,1,3,21,13,8,2017
219000,Raub berf lle in Wohnungen,5915000,Hamm,vers.,6,4,2,0,0,0,1,1,0,1,1,0,0,0,0,0,0,0,5,3,2,0,0,0,5,3,2,2017
219000,Raub berf lle in Wohnungen,3241001,Hannover,vers.,7,3,4,0,0,0,0,0,0,0,0,0,0,0,0,0,0,0,5,2,3,2,1,1,7,3,4,2017
219000,Raub berf lle in Wohnungen,8221000,Heidelberg,vers.,0,0,0,0,0,0,0,0,0,0,0,0,0,0,0,0,0,0,0,0,0,0,0,0,0,0,0,2017
219000,Raub berf lle in Wohnungen,8121000,Heilbronn,vers.,0,0,0,0,0,0,0,0,0,0,0,0,0,0,0,0,0,0,0,0,0,0,0,0,0,0,0,2017
219000,Raub berf lle in Wohnungen,5916000,Herne,vers.,3,2,1,0,0,0,0,0,0,0,0,0,0,0,0,0,0,0,3,2,1,0,0,0,3,2,1,2017
219000,Raub berf lle in Wohnungen,3254021,Hildesheim,vers.,5,3,2,0,0,0,0,0,0,0,0,0,0,0,0,0,0,0,5,3,2,0,0,0,5,3,2,2017
219000,Raub berf lle in Wohnungen,9161000,Ingolstadt,vers.,0,0,0,0,0,0,0,0,0,0,0,0,0,0,0,0,0,0,0,0,0,0,0,0,0,0,0,2017
219000,Raub berf lle in Wohnungen,16053000,Jena,vers.,0,0,0,0,0,0,0,0,0,0,0,0,0,0,0,0,0,0,0,0,0,0,0,0,0,0,0,2017
219000,Raub berf lle in Wohnungen,8212000,Karlsruhe,vers.,0,0,0,0,0,0,0,0,0,0,0,0,0,0,0,0,0,0,0,0,0,0,0,0,0,0,0,2017
219000,Raub berf lle in Wohnungen,6611000,Kassel,vers.,4,3,1,0,0,0,0,0,0,0,0,0,0,0,0,1,1,0,1,1,0,2,1,1,3,2,1,2017
219000,Raub berf lle in Wohnungen,1002000,Kiel,vers.,3,2,1,0,0,0,0,0,0,0,0,0,0,0,0,0,0,0,1,1,0,2,1,1,3,2,1,2017
219000,Raub berf lle in Wohnungen,7111000,Koblenz,vers.,1,0,1,0,0,0,0,0,0,0,0,0,0,0,0,0,0,0,1,0,1,0,0,0,1,0,1,2017
219000,Raub berf lle in Wohnungen,5315000,K ln,vers.,21,11,10,0,0,0,0,0,0,0,0,0,1,1,0,0,0,0,15,8,7,5,2,3,20,10,10,2017
219000,Raub berf lle in Wohnungen,5114000,Krefeld,vers.,0,0,0,0,0,0,0,0,0,0,0,0,0,0,0,0,0,0,0,0,0,0,0,0,0,0,0,2017
219000,Raub berf lle in Wohnungen,14713000,Leipzig,vers.,4,2,2,0,0,0,0,0,0,0,0,0,0,0,0,0,0,0,4,2,2,0,0,0,4,2,2,2017
219000,Raub berf lle in Wohnungen,5316000,Leverkusen,vers.,2,2,0,0,0,0,0,0,0,0,0,0,0,0,0,0,0,0,2,2,0,0,0,0,2,2,0,2017
219000,Raub berf lle in Wohnungen,1003000,L beck,vers.,6,5,1,0,0,0,0,0,0,0,0,0,0,0,0,0,0,0,6,5,1,0,0,0,6,5,1,2017
219000,Raub berf lle in Wohnungen,7314000,Ludwigshafen am Rhein,vers.,3,2,1,0,0,0,0,0,0,0,0,0,0,0,0,0,0,0,3,2,1,0,0,0,3,2,1,2017
219000,Raub berf lle in Wohnungen,15003000,Magdeburg,vers.,1,0,1,0,0,0,0,0,0,0,0,0,0,0,0,0,0,0,1,0,1,0,0,0,1,0,1,2017
219000,Raub berf lle in Wohnungen,7315000,Mainz,vers.,1,0,1,0,0,0,0,0,0,0,0,0,0,0,0,0,0,0,0,0,0,1,0,1,1,0,1,2017
219000,Raub berf lle in Wohnungen,8222000,Mannheim,vers.,1,1,0,0,0,0,0,0,0,0,0,0,0,0,0,0,0,0,1,1,0,0,0,0,1,1,0,2017
219000,Raub berf lle in Wohnungen,5170024,Moers,vers.,1,0,1,0,0,0,0,0,0,0,0,0,0,0,0,0,0,0,0,0,0,1,0,1,1,0,1,2017
219000,Raub berf lle in Wohnungen,5116000,M nchengladbach,vers.,3,1,2,0,0,0,0,0,0,0,0,0,0,0,0,0,0,0,1,0,1,2,1,1,3,1,2,2017
219000,Raub berf lle in Wohnungen,5117000,M lheim an der Ruhr,vers.,3,1,2,0,0,0,0,0,0,0,0,0,0,0,0,0,0,0,2,1,1,1,0,1,3,1,2,2017
219000,Raub berf lle in Wohnungen,9162000,M nchen,vers.,7,3,4,0,0,0,0,0,0,0,0,0,0,0,0,1,1,0,4,1,3,2,1,1,6,2,4,2017
219000,Raub berf lle in Wohnungen,5515000,M nster,vers.,1,1,0,0,0,0,0,0,0,0,0,0,0,0,0,0,0,0,1,1,0,0,0,0,1,1,0,2017
219000,Raub berf lle in Wohnungen,5162024,Neuss,vers.,2,1,1,0,0,0,0,0,0,0,0,0,0,0,0,0,0,0,2,1,1,0,0,0,2,1,1,2017
219000,Raub berf lle in Wohnungen,9564000,N rnberg,vers.,5,2,3,0,0,0,0,0,0,0,0,0,0,0,0,0,0,0,3,2,1,2,0,2,5,2,3,2017
219000,Raub berf lle in Wohnungen,5119000,Oberhausen,vers.,0,0,0,0,0,0,0,0,0,0,0,0,0,0,0,0,0,0,0,0,0,0,0,0,0,0,0,2017
219000,Raub berf lle in Wohnungen,6413000,Offenbach am Main,vers.,1,1,0,0,0,0,0,0,0,0,0,0,0,0,0,0,0,0,1,1,0,0,0,0,1,1,0,2017
219000,Raub berf lle in Wohnungen,3403000,Oldenburg (Oldenburg),vers.,1,0,1,0,0,0,0,0,0,0,0,0,0,0,0,0,0,0,0,0,0,1,0,1,1,0,1,2017
219000,Raub berf lle in Wohnungen,3404000,Osnabr ck,vers.,1,1,0,0,0,0,0,0,0,0,0,0,0,0,0,0,0,0,1,1,0,0,0,0,1,1,0,2017
219000,Raub berf lle in Wohnungen,5774032,Paderborn,vers.,3,3,0,0,0,0,0,0,0,0,0,0,1,1,0,0,0,0,2,2,0,0,0,0,2,2,0,2017
219000,Raub berf lle in Wohnungen,8231000,Pforzheim,vers.,0,0,0,0,0,0,0,0,0,0,0,0,0,0,0,0,0,0,0,0,0,0,0,0,0,0,0,2017
219000,Raub berf lle in Wohnungen,12054000,Potsdam,vers.,5,2,3,0,0,0,0,0,0,0,0,0,0,0,0,2,1,1,1,1,0,2,0,2,3,1,2,2017
219000,Raub berf lle in Wohnungen,5562032,Recklinghausen,vers.,4,1,3,0,0,0,0,0,0,0,0,0,0,0,0,1,0,1,2,1,1,1,0,1,3,1,2,2017
219000,Raub berf lle in Wohnungen,9362000,Regensburg,vers.,3,3,0,0,0,0,0,0,0,0,0,0,0,0,0,1,1,0,1,1,0,1,1,0,2,2,0,2017
219000,Raub berf lle in Wohnungen,5120000,Remscheid,vers.,1,0,1,0,0,0,0,0,0,0,0,0,0,0,0,0,0,0,0,0,0,1,0,1,1,0,1,2017
219000,Raub berf lle in Wohnungen,8415061,Reutlingen,vers.,1,1,0,0,0,0,0,0,0,0,0,0,1,1,0,0,0,0,0,0,0,0,0,0,0,0,0,2017
219000,Raub berf lle in Wohnungen,13003000,Rostock,vers.,1,1,0,0,0,0,0,0,0,0,0,0,0,0,0,0,0,0,1,1,0,0,0,0,1,1,0,2017
219000,Raub berf lle in Wohnungen,10041100,Saarbr cken,vers.,3,1,2,0,0,0,0,0,0,0,0,0,0,0,0,0,0,0,3,1,2,0,0,0,3,1,2,2017
219000,Raub berf lle in Wohnungen,3102000,Salzgitter,vers.,3,2,1,0,0,0,0,0,0,0,0,0,0,0,0,0,0,0,3,2,1,0,0,0,3,2,1,2017
219000,Raub berf lle in Wohnungen,13004000,Schwerin,vers.,0,0,0,0,0,0,0,0,0,0,0,0,0,0,0,0,0,0,0,0,0,0,0,0,0,0,0,2017
219000,Raub berf lle in Wohnungen,5970040,Siegen,vers.,1,1,0,0,0,0,0,0,0,0,0,0,0,0,0,0,0,0,1,1,0,0,0,0,1,1,0,2017
219000,Raub berf lle in Wohnungen,5122000,Solingen,vers.,4,1,3,0,0,0,0,0,0,0,0,0,0,0,0,0,0,0,2,0,2,2,1,1,4,1,3,2017
219000,Raub berf lle in Wohnungen,8111000,Stuttgart,vers.,8,2,6,0,0,0,0,0,0,0,0,0,0,0,0,0,0,0,8,2,6,0,0,0,8,2,6,2017
219000,Raub berf lle in Wohnungen,7211000,Trier,vers.,0,0,0,0,0,0,0,0,0,0,0,0,0,0,0,0,0,0,0,0,0,0,0,0,0,0,0,2017
219000,Raub berf lle in Wohnungen,8421000,Ulm,vers.,0,0,0,0,0,0,0,0,0,0,0,0,0,0,0,0,0,0,0,0,0,0,0,0,0,0,0,2017
219000,Raub berf lle in Wohnungen,6414000,Wiesbaden,vers.,4,3,1,0,0,0,0,0,0,0,0,0,0,0,0,1,1,0,3,2,1,0,0,0,3,2,1,2017
219000,Raub berf lle in Wohnungen,3103000,Wolfsburg,vers.,1,1,0,0,0,0,0,0,0,0,0,0,0,0,0,0,0,0,0,0,0,1,1,0,1,1,0,2017
219000,Raub berf lle in Wohnungen,5124000,Wuppertal,vers.,2,2,0,0,0,0,0,0,0,0,0,0,0,0,0,0,0,0,2,2,0,0,0,0,2,2,0,2017
219000,Raub berf lle in Wohnungen,9663000,W rzburg,vers.,0,0,0,0,0,0,0,0,0,0,0,0,0,0,0,0,0,0,0,0,0,0,0,0,0,0,0,2017
219000,Raub berf lle in Wohnungen,5334002,Aachen,insg.,10,9,1,0,0,0,0,0,0,0,0,0,1,1,0,0,0,0,8,8,0,1,0,1,9,8,1,2017
219000,Raub berf lle in Wohnungen,9761000,Augsburg,insg.,3,0,3,0,0,0,0,0,0,0,0,0,0,0,0,0,0,0,2,0,2,1,0,1,3,0,3,2017
219000,Raub berf lle in Wohnungen,5378004,Bergisch Gladbach,insg.,5,3,2,0,0,0,0,0,0,0,0,0,0,0,0,1,1,0,4,2,2,0,0,0,4,2,2,2017
219000,Raub berf lle in Wohnungen,11000000,Berlin,insg.,242,146,96,0,0,0,4,2,2,4,2,2,8,4,4,13,12,1,143,102,41,74,26,48,217,128,89,2017
219000,Raub berf lle in Wohnungen,5711000,Bielefeld,insg.,8,4,4,0,0,0,0,0,0,0,0,0,0,0,0,0,0,0,6,3,3,2,1,1,8,4,4,2017
219000,Raub berf lle in Wohnungen,5911000,Bochum,insg.,17,14,3,0,0,0,0,0,0,0,0,0,1,1,0,3,3,0,11,8,3,2,2,0,13,10,3,2017
219000,Raub berf lle in Wohnungen,5314000,Bonn,insg.,27,19,8,1,1,0,0,0,0,1,1,0,1,1,0,0,0,0,19,15,4,6,2,4,25,17,8,2017
219000,Raub berf lle in Wohnungen,5512000,Bottrop,insg.,5,2,3,0,0,0,0,0,0,0,0,0,0,0,0,0,0,0,4,2,2,1,0,1,5,2,3,2017
219000,Raub berf lle in Wohnungen,3101000,Braunschweig,insg.,2,1,1,0,0,0,0,0,0,0,0,0,0,0,0,0,0,0,2,1,1,0,0,0,2,1,1,2017
219000,Raub berf lle in Wohnungen,4011000,Bremen,insg.,32,20,12,0,0,0,0,0,0,0,0,0,7,7,0,4,4,0,14,7,7,7,2,5,21,9,12,2017
219000,Raub berf lle in Wohnungen,4012000,Bremerhaven,insg.,14,6,8,0,0,0,0,0,0,0,0,0,0,0,0,2,1,1,6,4,2,6,1,5,12,5,7,2017
219000,Raub berf lle in Wohnungen,14511000,Chemnitz,insg.,13,10,3,0,0,0,0,0,0,0,0,0,0,0,0,1,1,0,12,9,3,0,0,0,12,9,3,2017
219000,Raub berf lle in Wohnungen,12052000,Cottbus,insg.,8,5,3,0,0,0,0,0,0,0,0,0,0,0,0,1,1,0,7,4,3,0,0,0,7,4,3,2017
219000,Raub berf lle in Wohnungen,6411000,Darmstadt,insg.,3,1,2,0,0,0,0,0,0,0,0,0,0,0,0,0,0,0,3,1,2,0,0,0,3,1,2,2017
219000,Raub berf lle in Wohnungen,5913000,Dortmund,insg.,37,26,11,0,0,0,0,0,0,0,0,0,1,1,0,3,1,2,28,21,7,5,3,2,33,24,9,2017
219000,Raub berf lle in Wohnungen,14612000,Dresden,insg.,24,19,5,0,0,0,0,0,0,0,0,0,0,0,0,6,6,0,18,13,5,0,0,0,18,13,5,2017
219000,Raub berf lle in Wohnungen,5112000,Duisburg,insg.,37,25,12,0,0,0,0,0,0,0,0,0,0,0,0,3,1,2,30,22,8,4,2,2,34,24,10,2017
219000,Raub berf lle in Wohnungen,5111000,D sseldorf,insg.,34,17,17,0,0,0,0,0,0,0,0,0,2,2,0,0,0,0,17,9,8,15,6,9,32,15,17,2017
219000,Raub berf lle in Wohnungen,16051000,Erfurt,insg.,11,8,3,0,0,0,0,0,0,0,0,0,0,0,0,1,1,0,9,7,2,1,0,1,10,7,3,2017
219000,Raub berf lle in Wohnungen,9562000,Erlangen,insg.,1,1,0,0,0,0,0,0,0,0,0,0,0,0,0,0,0,0,1,1,0,0,0,0,1,1,0,2017
219000,Raub berf lle in Wohnungen,5113000,Essen,insg.,42,26,16,0,0,0,0,0,0,0,0,0,0,0,0,6,4,2,24,16,8,12,6,6,36,22,14,2017
219000,Raub berf lle in Wohnungen,6412000,Frankfurt am Main,insg.,35,24,11,0,0,0,0,0,0,0,0,0,0,0,0,1,1,0,30,22,8,4,1,3,34,23,11,2017
219000,Raub berf lle in Wohnungen,8311000,Freiburg im Breisgau,insg.,12,8,4,0,0,0,1,0,1,1,0,1,1,1,0,2,1,1,8,6,2,0,0,0,8,6,2,2017
219000,Raub berf lle in Wohnungen,9563000,F rth,insg.,3,1,2,0,0,0,0,0,0,0,0,0,0,0,0,0,0,0,1,1,0,2,0,2,3,1,2,2017
219000,Raub berf lle in Wohnungen,5513000,Gelsenkirchen,insg.,21,16,5,0,0,0,0,0,0,0,0,0,0,0,0,4,3,1,14,11,3,3,2,1,17,13,4,2017
219000,Raub berf lle in Wohnungen,3159016,G ttingen,insg.,12,10,2,0,0,0,0,0,0,0,0,0,0,0,0,2,2,0,8,7,1,2,1,1,10,8,2,2017
219000,Raub berf lle in Wohnungen,5914000,Hagen,insg.,9,3,6,0,0,0,0,0,0,0,0,0,0,0,0,1,1,0,5,1,4,3,1,2,8,2,6,2017
219000,Raub berf lle in Wohnungen,15002000,Halle (Saale),insg.,14,13,1,0,0,0,0,0,0,0,0,0,0,0,0,0,0,0,13,12,1,1,1,0,14,13,1,2017
219000,Raub berf lle in Wohnungen,2000000,Hamburg,insg.,101,61,40,0,0,0,1,0,1,1,0,1,2,2,0,5,5,0,75,51,24,18,3,15,93,54,39,2017
219000,Raub berf lle in Wohnungen,5915000,Hamm,insg.,18,13,5,0,0,0,1,1,0,1,1,0,0,0,0,4,3,1,12,8,4,1,1,0,13,9,4,2017
219000,Raub berf lle in Wohnungen,3241001,Hannover,insg.,24,14,10,0,0,0,0,0,0,0,0,0,1,0,1,1,1,0,18,11,7,4,2,2,22,13,9,2017
219000,Raub berf lle in Wohnungen,8221000,Heidelberg,insg.,0,0,0,0,0,0,0,0,0,0,0,0,0,0,0,0,0,0,0,0,0,0,0,0,0,0,0,2017
219000,Raub berf lle in Wohnungen,8121000,Heilbronn,insg.,2,1,1,0,0,0,0,0,0,0,0,0,0,0,0,0,0,0,1,0,1,1,1,0,2,1,1,2017
219000,Raub berf lle in Wohnungen,5916000,Herne,insg.,8,5,3,0,0,0,0,0,0,0,0,0,0,0,0,1,1,0,5,3,2,2,1,1,7,4,3,2017
219000,Raub berf lle in Wohnungen,3254021,Hildesheim,insg.,10,4,6,0,0,0,0,0,0,0,0,0,0,0,0,1,1,0,7,3,4,2,0,2,9,3,6,2017
219000,Raub berf lle in Wohnungen,9161000,Ingolstadt,insg.,0,0,0,0,0,0,0,0,0,0,0,0,0,0,0,0,0,0,0,0,0,0,0,0,0,0,0,2017
219000,Raub berf lle in Wohnungen,16053000,Jena,insg.,4,3,1,0,0,0,0,0,0,0,0,0,0,0,0,2,1,1,2,2,0,0,0,0,2,2,0,2017
219000,Raub berf lle in Wohnungen,8212000,Karlsruhe,insg.,5,2,3,0,0,0,0,0,0,0,0,0,0,0,0,1,1,0,3,1,2,1,0,1,4,1,3,2017
219000,Raub berf lle in Wohnungen,6611000,Kassel,insg.,21,15,6,0,0,0,0,0,0,0,0,0,0,0,0,3,1,2,15,13,2,3,1,2,18,14,4,2017
219000,Raub berf lle in Wohnungen,1002000,Kiel,insg.,22,17,5,0,0,0,0,0,0,0,0,0,0,0,0,1,0,1,18,16,2,3,1,2,21,17,4,2017
219000,Raub berf lle in Wohnungen,7111000,Koblenz,insg.,8,5,3,0,0,0,0,0,0,0,0,0,0,0,0,1,1,0,6,4,2,1,0,1,7,4,3,2017
219000,Raub berf lle in Wohnungen,5315000,K ln,insg.,77,45,32,0,0,0,0,0,0,0,0,0,1,1,0,2,2,0,57,33,24,17,9,8,74,42,32,2017
219000,Raub berf lle in Wohnungen,5114000,Krefeld,insg.,6,4,2,0,0,0,0,0,0,0,0,0,0,0,0,0,0,0,3,3,0,3,1,2,6,4,2,2017
219000,Raub berf lle in Wohnungen,14713000,Leipzig,insg.,39,24,15,0,0,0,0,0,0,0,0,0,0,0,0,4,4,0,32,20,12,3,0,3,35,20,15,2017
219000,Raub berf lle in Wohnungen,5316000,Leverkusen,insg.,5,3,2,0,0,0,0,0,0,0,0,0,0,0,0,0,0,0,4,3,1,1,0,1,5,3,2,2017
219000,Raub berf lle in Wohnungen,1003000,L beck,insg.,29,15,14,0,0,0,0,0,0,0,0,0,2,0,2,2,1,1,23,14,9,2,0,2,25,14,11,2017
219000,Raub berf lle in Wohnungen,7314000,Ludwigshafen am Rhein,insg.,8,3,5,0,0,0,0,0,0,0,0,0,0,0,0,0,0,0,6,2,4,2,1,1,8,3,5,2017
219000,Raub berf lle in Wohnungen,15003000,Magdeburg,insg.,17,13,4,0,0,0,0,0,0,0,0,0,1,1,0,6,5,1,9,7,2,1,0,1,10,7,3,2017
219000,Raub berf lle in Wohnungen,7315000,Mainz,insg.,5,4,1,0,0,0,0,0,0,0,0,0,0,0,0,0,0,0,3,3,0,2,1,1,5,4,1,2017
219000,Raub berf lle in Wohnungen,8222000,Mannheim,insg.,8,6,2,0,0,0,0,0,0,0,0,0,0,0,0,0,0,0,6,5,1,2,1,1,8,6,2,2017
219000,Raub berf lle in Wohnungen,5170024,Moers,insg.,2,1,1,0,0,0,0,0,0,0,0,0,0,0,0,0,0,0,1,1,0,1,0,1,2,1,1,2017
219000,Raub berf lle in Wohnungen,5116000,M nchengladbach,insg.,23,16,7,0,0,0,0,0,0,0,0,0,1,1,0,3,2,1,10,6,4,9,7,2,19,13,6,2017
219000,Raub berf lle in Wohnungen,5117000,M lheim an der Ruhr,insg.,16,8,8,0,0,0,0,0,0,0,0,0,2,1,1,0,0,0,7,4,3,7,3,4,14,7,7,2017
219000,Raub berf lle in Wohnungen,9162000,M nchen,insg.,28,14,14,0,0,0,0,0,0,0,0,0,0,0,0,4,2,2,16,8,8,8,4,4,24,12,12,2017
219000,Raub berf lle in Wohnungen,5515000,M nster,insg.,11,6,5,0,0,0,0,0,0,0,0,0,1,0,1,3,3,0,4,2,2,3,1,2,7,3,4,2017
219000,Raub berf lle in Wohnungen,5162024,Neuss,insg.,5,4,1,0,0,0,0,0,0,0,0,0,0,0,0,1,1,0,4,3,1,0,0,0,4,3,1,2017
219000,Raub berf lle in Wohnungen,9564000,N rnberg,insg.,17,7,10,0,0,0,0,0,0,0,0,0,2,0,2,2,1,1,8,5,3,5,1,4,13,6,7,2017
219000,Raub berf lle in Wohnungen,5119000,Oberhausen,insg.,7,5,2,0,0,0,0,0,0,0,0,0,1,1,0,0,0,0,4,4,0,2,0,2,6,4,2,2017
219000,Raub berf lle in Wohnungen,6413000,Offenbach am Main,insg.,5,5,0,0,0,0,0,0,0,0,0,0,0,0,0,1,1,0,4,4,0,0,0,0,4,4,0,2017
219000,Raub berf lle in Wohnungen,3403000,Oldenburg (Oldenburg),insg.,19,11,8,0,0,0,0,0,0,0,0,0,0,0,0,2,2,0,16,9,7,1,0,1,17,9,8,2017
219000,Raub berf lle in Wohnungen,3404000,Osnabr ck,insg.,9,7,2,0,0,0,0,0,0,0,0,0,0,0,0,0,0,0,4,4,0,5,3,2,9,7,2,2017
219000,Raub berf lle in Wohnungen,5774032,Paderborn,insg.,10,7,3,0,0,0,0,0,0,0,0,0,1,1,0,1,1,0,5,4,1,3,1,2,8,5,3,2017
219000,Raub berf lle in Wohnungen,8231000,Pforzheim,insg.,6,3,3,0,0,0,0,0,0,0,0,0,0,0,0,1,0,1,4,3,1,1,0,1,5,3,2,2017
219000,Raub berf lle in Wohnungen,12054000,Potsdam,insg.,11,5,6,0,0,0,0,0,0,0,0,0,1,0,1,2,1,1,6,4,2,2,0,2,8,4,4,2017
219000,Raub berf lle in Wohnungen,5562032,Recklinghausen,insg.,9,3,6,0,0,0,0,0,0,0,0,0,0,0,0,2,0,2,5,3,2,2,0,2,7,3,4,2017
219000,Raub berf lle in Wohnungen,9362000,Regensburg,insg.,7,6,1,0,0,0,0,0,0,0,0,0,0,0,0,1,1,0,5,4,1,1,1,0,6,5,1,2017
219000,Raub berf lle in Wohnungen,5120000,Remscheid,insg.,5,3,2,0,0,0,0,0,0,0,0,0,0,0,0,0,0,0,3,2,1,2,1,1,5,3,2,2017
219000,Raub berf lle in Wohnungen,8415061,Reutlingen,insg.,9,7,2,0,0,0,0,0,0,0,0,0,3,3,0,2,2,0,4,2,2,0,0,0,4,2,2,2017
219000,Raub berf lle in Wohnungen,13003000,Rostock,insg.,10,6,4,0,0,0,0,0,0,0,0,0,0,0,0,0,0,0,9,6,3,1,0,1,10,6,4,2017
219000,Raub berf lle in Wohnungen,10041100,Saarbr cken,insg.,17,12,5,0,0,0,0,0,0,0,0,0,0,0,0,3,2,1,11,8,3,3,2,1,14,10,4,2017
219000,Raub berf lle in Wohnungen,3102000,Salzgitter,insg.,5,4,1,0,0,0,0,0,0,0,0,0,0,0,0,0,0,0,5,4,1,0,0,0,5,4,1,2017
219000,Raub berf lle in Wohnungen,13004000,Schwerin,insg.,3,3,0,0,0,0,0,0,0,0,0,0,0,0,0,0,0,0,3,3,0,0,0,0,3,3,0,2017
219000,Raub berf lle in Wohnungen,5970040,Siegen,insg.,3,3,0,0,0,0,0,0,0,0,0,0,0,0,0,0,0,0,3,3,0,0,0,0,3,3,0,2017
219000,Raub berf lle in Wohnungen,5122000,Solingen,insg.,16,11,5,0,0,0,0,0,0,0,0,0,1,1,0,1,1,0,9,6,3,5,3,2,14,9,5,2017
219000,Raub berf lle in Wohnungen,8111000,Stuttgart,insg.,16,6,10,0,0,0,0,0,0,0,0,0,0,0,0,1,1,0,13,4,9,2,1,1,15,5,10,2017
219000,Raub berf lle in Wohnungen,7211000,Trier,insg.,7,6,1,0,0,0,0,0,0,0,0,0,0,0,0,1,1,0,4,3,1,2,2,0,6,5,1,2017
219000,Raub berf lle in Wohnungen,8421000,Ulm,insg.,2,2,0,0,0,0,0,0,0,0,0,0,0,0,0,0,0,0,2,2,0,0,0,0,2,2,0,2017
219000,Raub berf lle in Wohnungen,6414000,Wiesbaden,insg.,11,8,3,0,0,0,0,0,0,0,0,0,0,0,0,1,1,0,8,5,3,2,2,0,10,7,3,2017
219000,Raub berf lle in Wohnungen,3103000,Wolfsburg,insg.,1,1,0,0,0,0,0,0,0,0,0,0,0,0,0,0,0,0,0,0,0,1,1,0,1,1,0,2017
219000,Raub berf lle in Wohnungen,5124000,Wuppertal,insg.,21,17,4,0,0,0,1,1,0,1,1,0,1,1,0,2,1,1,15,13,2,2,1,1,17,14,3,2017
219000,Raub berf lle in Wohnungen,9663000,W rzburg,insg.,0,0,0,0,0,0,0,0,0,0,0,0,0,0,0,0,0,0,0,0,0,0,0,0,0,0,0,2017
222000,"Gef hrliche und schwere K rperverletzung, Verst mmelung weiblicher Genitalien    224, 226, 226a, 231 StGB",5334002,Aachen,voll.,730,521,209,6,3,3,28,18,10,34,21,13,66,48,18,113,85,28,495,354,141,22,13,9,517,367,150,2017
222000,"Gef hrliche und schwere K rperverletzung, Verst mmelung weiblicher Genitalien    224, 226, 226a, 231 StGB",9761000,Augsburg,voll.,701,541,160,7,3,4,34,29,5,41,32,9,89,67,22,92,69,23,444,350,94,35,23,12,479,373,106,2017
222000,"Gef hrliche und schwere K rperverletzung, Verst mmelung weiblicher Genitalien    224, 226, 226a, 231 StGB",5378004,Bergisch Gladbach,voll.,163,119,44,2,1,1,6,2,4,8,3,5,22,17,5,21,14,7,106,80,26,6,5,1,112,85,27,2017
222000,"Gef hrliche und schwere K rperverletzung, Verst mmelung weiblicher Genitalien    224, 226, 226a, 231 StGB",11000000,Berlin,voll.,10594,8135,2459,33,19,14,483,342,141,516,361,155,1053,777,276,1056,849,207,7557,5881,1676,412,267,145,7969,6148,1821,2017
222000,"Gef hrliche und schwere K rperverletzung, Verst mmelung weiblicher Genitalien    224, 226, 226a, 231 StGB",5711000,Bielefeld,voll.,654,476,178,2,2,0,22,18,4,24,20,4,62,41,21,85,64,21,465,338,127,18,13,5,483,351,132,2017
222000,"Gef hrliche und schwere K rperverletzung, Verst mmelung weiblicher Genitalien    224, 226, 226a, 231 StGB",5911000,Bochum,voll.,934,695,239,3,1,2,46,38,8,49,39,10,95,67,28,109,83,26,649,482,167,32,24,8,681,506,175,2017
222000,"Gef hrliche und schwere K rperverletzung, Verst mmelung weiblicher Genitalien    224, 226, 226a, 231 StGB",5314000,Bonn,voll.,780,575,205,4,1,3,33,28,5,37,29,8,89,62,27,113,90,23,518,381,137,23,13,10,541,394,147,2017
222000,"Gef hrliche und schwere K rperverletzung, Verst mmelung weiblicher Genitalien    224, 226, 226a, 231 StGB",5512000,Bottrop,voll.,366,224,142,0,0,0,4,3,1,4,3,1,38,31,7,29,20,9,212,131,81,83,39,44,295,170,125,2017
222000,"Gef hrliche und schwere K rperverletzung, Verst mmelung weiblicher Genitalien    224, 226, 226a, 231 StGB",3101000,Braunschweig,voll.,661,480,181,0,0,0,22,14,8,22,14,8,66,37,29,94,73,21,455,344,111,24,12,12,479,356,123,2017
222000,"Gef hrliche und schwere K rperverletzung, Verst mmelung weiblicher Genitalien    224, 226, 226a, 231 StGB",4011000,Bremen,voll.,1745,1353,392,4,2,2,35,28,7,39,30,9,156,127,29,245,203,42,1263,969,294,42,24,18,1305,993,312,2017
222000,"Gef hrliche und schwere K rperverletzung, Verst mmelung weiblicher Genitalien    224, 226, 226a, 231 StGB",4012000,Bremerhaven,voll.,416,310,106,1,1,0,25,17,8,26,18,8,46,31,15,45,36,9,293,220,73,6,5,1,299,225,74,2017
222000,"Gef hrliche und schwere K rperverletzung, Verst mmelung weiblicher Genitalien    224, 226, 226a, 231 StGB",14511000,Chemnitz,voll.,585,458,127,4,1,3,19,11,8,23,12,11,83,66,17,85,73,12,366,292,74,28,15,13,394,307,87,2017
222000,"Gef hrliche und schwere K rperverletzung, Verst mmelung weiblicher Genitalien    224, 226, 226a, 231 StGB",12052000,Cottbus,voll.,274,228,46,0,0,0,15,7,8,15,7,8,46,40,6,49,45,4,156,129,27,8,7,1,164,136,28,2017
222000,"Gef hrliche und schwere K rperverletzung, Verst mmelung weiblicher Genitalien    224, 226, 226a, 231 StGB",6411000,Darmstadt,voll.,347,258,89,0,0,0,13,10,3,13,10,3,39,32,7,56,43,13,227,167,60,12,6,6,239,173,66,2017
222000,"Gef hrliche und schwere K rperverletzung, Verst mmelung weiblicher Genitalien    224, 226, 226a, 231 StGB",5913000,Dortmund,voll.,2196,1615,581,4,2,2,128,92,36,132,94,38,226,150,76,238,184,54,1529,1142,387,71,45,26,1600,1187,413,2017
222000,"Gef hrliche und schwere K rperverletzung, Verst mmelung weiblicher Genitalien    224, 226, 226a, 231 StGB",14612000,Dresden,voll.,1093,887,206,4,2,2,31,24,7,35,26,9,92,66,26,150,120,30,782,648,134,34,27,7,816,675,141,2017
222000,"Gef hrliche und schwere K rperverletzung, Verst mmelung weiblicher Genitalien    224, 226, 226a, 231 StGB",5112000,Duisburg,voll.,1375,946,429,5,3,2,101,71,30,106,74,32,168,113,55,152,104,48,882,606,276,67,49,18,949,655,294,2017
222000,"Gef hrliche und schwere K rperverletzung, Verst mmelung weiblicher Genitalien    224, 226, 226a, 231 StGB",5111000,D sseldorf,voll.,1772,1318,454,6,3,3,62,45,17,68,48,20,132,82,50,230,169,61,1275,974,301,67,45,22,1342,1019,323,2017
222000,"Gef hrliche und schwere K rperverletzung, Verst mmelung weiblicher Genitalien    224, 226, 226a, 231 StGB",16051000,Erfurt,voll.,436,336,100,4,2,2,19,14,5,23,16,7,49,38,11,46,38,8,309,240,69,9,4,5,318,244,74,2017
222000,"Gef hrliche und schwere K rperverletzung, Verst mmelung weiblicher Genitalien    224, 226, 226a, 231 StGB",9562000,Erlangen,voll.,152,114,38,0,0,0,6,2,4,6,2,4,11,7,4,25,21,4,100,76,24,10,8,2,110,84,26,2017
222000,"Gef hrliche und schwere K rperverletzung, Verst mmelung weiblicher Genitalien    224, 226, 226a, 231 StGB",5113000,Essen,voll.,1224,819,405,6,3,3,54,43,11,60,46,14,100,62,38,131,84,47,864,573,291,69,54,15,933,627,306,2017
222000,"Gef hrliche und schwere K rperverletzung, Verst mmelung weiblicher Genitalien    224, 226, 226a, 231 StGB",6412000,Frankfurt am Main,voll.,2579,1979,600,20,11,9,80,58,22,100,69,31,173,122,51,296,219,77,1931,1512,419,79,57,22,2010,1569,441,2017
222000,"Gef hrliche und schwere K rperverletzung, Verst mmelung weiblicher Genitalien    224, 226, 226a, 231 StGB",8311000,Freiburg im Breisgau,voll.,714,572,142,9,8,1,26,14,12,35,22,13,66,47,19,109,95,14,487,396,91,17,12,5,504,408,96,2017
222000,"Gef hrliche und schwere K rperverletzung, Verst mmelung weiblicher Genitalien    224, 226, 226a, 231 StGB",9563000,F rth,voll.,181,144,37,1,1,0,9,5,4,10,6,4,23,19,4,19,16,3,122,96,26,7,7,0,129,103,26,2017
222000,"Gef hrliche und schwere K rperverletzung, Verst mmelung weiblicher Genitalien    224, 226, 226a, 231 StGB",5513000,Gelsenkirchen,voll.,597,408,189,5,2,3,30,19,11,35,21,14,67,45,22,52,34,18,417,289,128,26,19,7,443,308,135,2017
222000,"Gef hrliche und schwere K rperverletzung, Verst mmelung weiblicher Genitalien    224, 226, 226a, 231 StGB",3159016,G ttingen,voll.,327,249,78,0,0,0,13,8,5,13,8,5,14,11,3,43,35,8,250,190,60,7,5,2,257,195,62,2017
222000,"Gef hrliche und schwere K rperverletzung, Verst mmelung weiblicher Genitalien    224, 226, 226a, 231 StGB",5914000,Hagen,voll.,401,298,103,1,1,0,26,15,11,27,16,11,41,28,13,53,43,10,266,201,65,14,10,4,280,211,69,2017
222000,"Gef hrliche und schwere K rperverletzung, Verst mmelung weiblicher Genitalien    224, 226, 226a, 231 StGB",15002000,Halle (Saale),voll.,704,544,160,2,1,1,42,34,8,44,35,9,72,55,17,75,57,18,487,384,103,26,13,13,513,397,116,2017
222000,"Gef hrliche und schwere K rperverletzung, Verst mmelung weiblicher Genitalien    224, 226, 226a, 231 StGB",2000000,Hamburg,voll.,5679,4220,1459,18,9,9,303,216,87,321,225,96,434,303,131,638,491,147,4073,3065,1008,213,136,77,4286,3201,1085,2017
222000,"Gef hrliche und schwere K rperverletzung, Verst mmelung weiblicher Genitalien    224, 226, 226a, 231 StGB",5915000,Hamm,voll.,502,361,141,3,0,3,27,15,12,30,15,15,75,52,23,60,49,11,329,238,91,8,7,1,337,245,92,2017
222000,"Gef hrliche und schwere K rperverletzung, Verst mmelung weiblicher Genitalien    224, 226, 226a, 231 StGB",3241001,Hannover,voll.,1967,1504,463,10,3,7,65,45,20,75,48,27,155,115,40,248,200,48,1428,1107,321,61,34,27,1489,1141,348,2017
222000,"Gef hrliche und schwere K rperverletzung, Verst mmelung weiblicher Genitalien    224, 226, 226a, 231 StGB",8221000,Heidelberg,voll.,413,343,70,2,2,0,9,6,3,11,8,3,27,21,6,54,46,8,307,260,47,14,8,6,321,268,53,2017
222000,"Gef hrliche und schwere K rperverletzung, Verst mmelung weiblicher Genitalien    224, 226, 226a, 231 StGB",8121000,Heilbronn,voll.,309,242,67,0,0,0,8,5,3,8,5,3,36,27,9,44,33,11,214,173,41,7,4,3,221,177,44,2017
222000,"Gef hrliche und schwere K rperverletzung, Verst mmelung weiblicher Genitalien    224, 226, 226a, 231 StGB",5916000,Herne,voll.,338,236,102,1,0,1,21,13,8,22,13,9,46,24,22,37,27,10,221,165,56,12,7,5,233,172,61,2017
222000,"Gef hrliche und schwere K rperverletzung, Verst mmelung weiblicher Genitalien    224, 226, 226a, 231 StGB",3254021,Hildesheim,voll.,282,198,84,0,0,0,12,7,5,12,7,5,30,19,11,27,22,5,204,144,60,9,6,3,213,150,63,2017
222000,"Gef hrliche und schwere K rperverletzung, Verst mmelung weiblicher Genitalien    224, 226, 226a, 231 StGB",9161000,Ingolstadt,voll.,322,261,61,2,1,1,6,5,1,8,6,2,34,25,9,44,39,5,231,189,42,5,2,3,236,191,45,2017
222000,"Gef hrliche und schwere K rperverletzung, Verst mmelung weiblicher Genitalien    224, 226, 226a, 231 StGB",16053000,Jena,voll.,193,160,33,0,0,0,8,8,0,8,8,0,27,23,4,31,28,3,123,98,25,4,3,1,127,101,26,2017
222000,"Gef hrliche und schwere K rperverletzung, Verst mmelung weiblicher Genitalien    224, 226, 226a, 231 StGB",8212000,Karlsruhe,voll.,711,527,184,3,2,1,13,8,5,16,10,6,58,47,11,111,81,30,507,377,130,19,12,7,526,389,137,2017
222000,"Gef hrliche und schwere K rperverletzung, Verst mmelung weiblicher Genitalien    224, 226, 226a, 231 StGB",6611000,Kassel,voll.,545,392,153,3,2,1,26,14,12,29,16,13,49,30,19,65,49,16,374,277,97,28,20,8,402,297,105,2017
222000,"Gef hrliche und schwere K rperverletzung, Verst mmelung weiblicher Genitalien    224, 226, 226a, 231 StGB",1002000,Kiel,voll.,727,548,179,1,1,0,20,15,5,21,16,5,69,54,15,98,78,20,518,385,133,21,15,6,539,400,139,2017
222000,"Gef hrliche und schwere K rperverletzung, Verst mmelung weiblicher Genitalien    224, 226, 226a, 231 StGB",7111000,Koblenz,voll.,365,281,84,0,0,0,11,9,2,11,9,2,26,17,9,60,48,12,260,202,58,8,5,3,268,207,61,2017
222000,"Gef hrliche und schwere K rperverletzung, Verst mmelung weiblicher Genitalien    224, 226, 226a, 231 StGB",5315000,K ln,voll.,4132,2962,1170,20,16,4,183,118,65,203,134,69,355,250,105,418,300,118,3021,2196,825,135,82,53,3156,2278,878,2017
222000,"Gef hrliche und schwere K rperverletzung, Verst mmelung weiblicher Genitalien    224, 226, 226a, 231 StGB",5114000,Krefeld,voll.,451,309,142,3,1,2,34,23,11,37,24,13,34,24,10,47,30,17,315,219,96,18,12,6,333,231,102,2017
222000,"Gef hrliche und schwere K rperverletzung, Verst mmelung weiblicher Genitalien    224, 226, 226a, 231 StGB",14713000,Leipzig,voll.,1410,1065,345,9,3,6,59,31,28,68,34,34,135,100,35,125,92,33,1024,806,218,58,33,25,1082,839,243,2017
222000,"Gef hrliche und schwere K rperverletzung, Verst mmelung weiblicher Genitalien    224, 226, 226a, 231 StGB",5316000,Leverkusen,voll.,515,349,166,2,2,0,28,22,6,30,24,6,58,34,24,65,50,15,339,220,119,23,21,2,362,241,121,2017
222000,"Gef hrliche und schwere K rperverletzung, Verst mmelung weiblicher Genitalien    224, 226, 226a, 231 StGB",1003000,L beck,voll.,706,539,167,3,1,2,20,12,8,23,13,10,70,50,20,104,82,22,482,375,107,27,19,8,509,394,115,2017
222000,"Gef hrliche und schwere K rperverletzung, Verst mmelung weiblicher Genitalien    224, 226, 226a, 231 StGB",7314000,Ludwigshafen am Rhein,voll.,570,411,159,0,0,0,40,23,17,40,23,17,71,46,25,62,47,15,373,282,91,24,13,11,397,295,102,2017
222000,"Gef hrliche und schwere K rperverletzung, Verst mmelung weiblicher Genitalien    224, 226, 226a, 231 StGB",15003000,Magdeburg,voll.,586,459,127,1,0,1,31,23,8,32,23,9,55,39,16,68,52,16,407,329,78,24,16,8,431,345,86,2017
222000,"Gef hrliche und schwere K rperverletzung, Verst mmelung weiblicher Genitalien    224, 226, 226a, 231 StGB",7315000,Mainz,voll.,565,460,105,1,1,0,13,9,4,14,10,4,60,48,12,98,77,21,377,313,64,16,12,4,393,325,68,2017
222000,"Gef hrliche und schwere K rperverletzung, Verst mmelung weiblicher Genitalien    224, 226, 226a, 231 StGB",8222000,Mannheim,voll.,936,716,220,9,6,3,28,18,10,37,24,13,85,61,24,96,82,14,683,528,155,35,21,14,718,549,169,2017
222000,"Gef hrliche und schwere K rperverletzung, Verst mmelung weiblicher Genitalien    224, 226, 226a, 231 StGB",5170024,Moers,voll.,198,143,55,0,0,0,6,5,1,6,5,1,34,26,8,25,22,3,125,83,42,8,7,1,133,90,43,2017
222000,"Gef hrliche und schwere K rperverletzung, Verst mmelung weiblicher Genitalien    224, 226, 226a, 231 StGB",5116000,M nchengladbach,voll.,511,344,167,3,2,1,18,10,8,21,12,9,61,45,16,57,38,19,357,239,118,15,10,5,372,249,123,2017
222000,"Gef hrliche und schwere K rperverletzung, Verst mmelung weiblicher Genitalien    224, 226, 226a, 231 StGB",5117000,M lheim an der Ruhr,voll.,261,179,82,1,1,0,9,6,3,10,7,3,33,29,4,26,20,6,181,120,61,11,3,8,192,123,69,2017
222000,"Gef hrliche und schwere K rperverletzung, Verst mmelung weiblicher Genitalien    224, 226, 226a, 231 StGB",9162000,M nchen,voll.,2940,2205,735,18,12,6,91,59,32,109,71,38,245,174,71,369,289,80,2104,1599,505,113,72,41,2217,1671,546,2017
222000,"Gef hrliche und schwere K rperverletzung, Verst mmelung weiblicher Genitalien    224, 226, 226a, 231 StGB",5515000,M nster,voll.,661,506,155,3,3,0,22,16,6,25,19,6,65,43,22,92,69,23,458,356,102,21,19,2,479,375,104,2017
222000,"Gef hrliche und schwere K rperverletzung, Verst mmelung weiblicher Genitalien    224, 226, 226a, 231 StGB",5162024,Neuss,voll.,270,175,95,1,0,1,19,16,3,20,16,4,19,11,8,41,24,17,176,113,63,14,11,3,190,124,66,2017
222000,"Gef hrliche und schwere K rperverletzung, Verst mmelung weiblicher Genitalien    224, 226, 226a, 231 StGB",9564000,N rnberg,voll.,1238,979,259,2,1,1,46,28,18,48,29,19,101,74,27,166,139,27,885,709,176,38,28,10,923,737,186,2017
222000,"Gef hrliche und schwere K rperverletzung, Verst mmelung weiblicher Genitalien    224, 226, 226a, 231 StGB",5119000,Oberhausen,voll.,366,260,106,3,2,1,14,10,4,17,12,5,38,26,12,55,43,12,247,173,74,9,6,3,256,179,77,2017
222000,"Gef hrliche und schwere K rperverletzung, Verst mmelung weiblicher Genitalien    224, 226, 226a, 231 StGB",6413000,Offenbach am Main,voll.,267,199,68,2,0,2,10,6,4,12,6,6,20,15,5,22,14,8,205,156,49,8,8,0,213,164,49,2017
222000,"Gef hrliche und schwere K rperverletzung, Verst mmelung weiblicher Genitalien    224, 226, 226a, 231 StGB",3403000,Oldenburg (Oldenburg),voll.,411,290,121,0,0,0,11,9,2,11,9,2,40,30,10,70,46,24,280,199,81,10,6,4,290,205,85,2017
222000,"Gef hrliche und schwere K rperverletzung, Verst mmelung weiblicher Genitalien    224, 226, 226a, 231 StGB",3404000,Osnabr ck,voll.,720,517,203,1,0,1,14,12,2,15,12,3,59,34,25,97,82,15,532,379,153,17,10,7,549,389,160,2017
222000,"Gef hrliche und schwere K rperverletzung, Verst mmelung weiblicher Genitalien    224, 226, 226a, 231 StGB",5774032,Paderborn,voll.,267,189,78,0,0,0,16,15,1,16,15,1,26,15,11,29,20,9,190,134,56,6,5,1,196,139,57,2017
222000,"Gef hrliche und schwere K rperverletzung, Verst mmelung weiblicher Genitalien    224, 226, 226a, 231 StGB",8231000,Pforzheim,voll.,273,206,67,2,2,0,12,8,4,14,10,4,33,17,16,48,33,15,173,141,32,5,5,0,178,146,32,2017
222000,"Gef hrliche und schwere K rperverletzung, Verst mmelung weiblicher Genitalien    224, 226, 226a, 231 StGB",12054000,Potsdam,voll.,245,197,48,1,1,0,14,13,1,15,14,1,20,16,4,40,36,4,158,123,35,12,8,4,170,131,39,2017
222000,"Gef hrliche und schwere K rperverletzung, Verst mmelung weiblicher Genitalien    224, 226, 226a, 231 StGB",5562032,Recklinghausen,voll.,324,244,80,1,1,0,18,15,3,19,16,3,48,38,10,37,32,5,206,147,59,14,11,3,220,158,62,2017
222000,"Gef hrliche und schwere K rperverletzung, Verst mmelung weiblicher Genitalien    224, 226, 226a, 231 StGB",9362000,Regensburg,voll.,342,279,63,0,0,0,9,5,4,9,5,4,38,34,4,67,57,10,223,181,42,5,2,3,228,183,45,2017
222000,"Gef hrliche und schwere K rperverletzung, Verst mmelung weiblicher Genitalien    224, 226, 226a, 231 StGB",5120000,Remscheid,voll.,205,133,72,2,0,2,10,4,6,12,4,8,20,16,4,23,17,6,138,91,47,12,5,7,150,96,54,2017
222000,"Gef hrliche und schwere K rperverletzung, Verst mmelung weiblicher Genitalien    224, 226, 226a, 231 StGB",8415061,Reutlingen,voll.,265,206,59,3,2,1,14,10,4,17,12,5,24,19,5,57,48,9,161,124,37,6,3,3,167,127,40,2017
222000,"Gef hrliche und schwere K rperverletzung, Verst mmelung weiblicher Genitalien    224, 226, 226a, 231 StGB",13003000,Rostock,voll.,387,286,101,1,1,0,49,30,19,50,31,19,54,40,14,36,30,6,243,182,61,4,3,1,247,185,62,2017
222000,"Gef hrliche und schwere K rperverletzung, Verst mmelung weiblicher Genitalien    224, 226, 226a, 231 StGB",10041100,Saarbr cken,voll.,770,580,190,6,4,2,24,14,10,30,18,12,58,36,22,98,77,21,548,420,128,36,29,7,584,449,135,2017
222000,"Gef hrliche und schwere K rperverletzung, Verst mmelung weiblicher Genitalien    224, 226, 226a, 231 StGB",3102000,Salzgitter,voll.,233,153,80,2,2,0,21,14,7,23,16,7,33,18,15,18,11,7,152,103,49,7,5,2,159,108,51,2017
222000,"Gef hrliche und schwere K rperverletzung, Verst mmelung weiblicher Genitalien    224, 226, 226a, 231 StGB",13004000,Schwerin,voll.,339,272,67,0,0,0,13,9,4,13,9,4,53,40,13,49,40,9,209,173,36,15,10,5,224,183,41,2017
222000,"Gef hrliche und schwere K rperverletzung, Verst mmelung weiblicher Genitalien    224, 226, 226a, 231 StGB",5970040,Siegen,voll.,182,154,28,0,0,0,7,5,2,7,5,2,23,19,4,25,23,2,120,103,17,7,4,3,127,107,20,2017
222000,"Gef hrliche und schwere K rperverletzung, Verst mmelung weiblicher Genitalien    224, 226, 226a, 231 StGB",5122000,Solingen,voll.,295,211,84,3,3,0,6,4,2,9,7,2,32,20,12,35,28,7,208,148,60,11,8,3,219,156,63,2017
222000,"Gef hrliche und schwere K rperverletzung, Verst mmelung weiblicher Genitalien    224, 226, 226a, 231 StGB",8111000,Stuttgart,voll.,2118,1643,475,9,6,3,67,43,24,76,49,27,182,135,47,283,229,54,1526,1196,330,51,34,17,1577,1230,347,2017
222000,"Gef hrliche und schwere K rperverletzung, Verst mmelung weiblicher Genitalien    224, 226, 226a, 231 StGB",7211000,Trier,voll.,225,173,52,1,0,1,4,3,1,5,3,2,18,15,3,36,29,7,160,123,37,6,3,3,166,126,40,2017
222000,"Gef hrliche und schwere K rperverletzung, Verst mmelung weiblicher Genitalien    224, 226, 226a, 231 StGB",8421000,Ulm,voll.,330,271,59,1,1,0,9,6,3,10,7,3,27,19,8,46,34,12,241,205,36,6,6,0,247,211,36,2017
222000,"Gef hrliche und schwere K rperverletzung, Verst mmelung weiblicher Genitalien    224, 226, 226a, 231 StGB",6414000,Wiesbaden,voll.,895,617,278,3,1,2,42,30,12,45,31,14,94,59,35,120,86,34,598,416,182,38,25,13,636,441,195,2017
222000,"Gef hrliche und schwere K rperverletzung, Verst mmelung weiblicher Genitalien    224, 226, 226a, 231 StGB",3103000,Wolfsburg,voll.,228,174,54,0,0,0,6,5,1,6,5,1,33,27,6,18,13,5,169,128,41,2,1,1,171,129,42,2017
222000,"Gef hrliche und schwere K rperverletzung, Verst mmelung weiblicher Genitalien    224, 226, 226a, 231 StGB",5124000,Wuppertal,voll.,876,627,249,2,2,0,43,31,12,45,33,12,91,64,27,117,76,41,591,433,158,32,21,11,623,454,169,2017
222000,"Gef hrliche und schwere K rperverletzung, Verst mmelung weiblicher Genitalien    224, 226, 226a, 231 StGB",9663000,W rzburg,voll.,299,243,56,0,0,0,6,3,3,6,3,3,29,21,8,49,41,8,199,168,31,16,10,6,215,178,37,2017
222000,"Gef hrliche und schwere K rperverletzung, Verst mmelung weiblicher Genitalien    224, 226, 226a, 231 StGB",5334002,Aachen,vers.,141,100,41,0,0,0,5,5,0,5,5,0,10,7,3,16,13,3,100,71,29,10,4,6,110,75,35,2017
222000,"Gef hrliche und schwere K rperverletzung, Verst mmelung weiblicher Genitalien    224, 226, 226a, 231 StGB",9761000,Augsburg,vers.,196,145,51,1,1,0,6,5,1,7,6,1,14,12,2,24,18,6,138,102,36,13,7,6,151,109,42,2017
222000,"Gef hrliche und schwere K rperverletzung, Verst mmelung weiblicher Genitalien    224, 226, 226a, 231 StGB",5378004,Bergisch Gladbach,vers.,19,11,8,0,0,0,0,0,0,0,0,0,4,4,0,1,0,1,9,5,4,5,2,3,14,7,7,2017
222000,"Gef hrliche und schwere K rperverletzung, Verst mmelung weiblicher Genitalien    224, 226, 226a, 231 StGB",11000000,Berlin,vers.,2557,1915,642,31,16,15,91,63,28,122,79,43,118,83,35,131,98,33,2064,1571,493,122,84,38,2186,1655,531,2017
222000,"Gef hrliche und schwere K rperverletzung, Verst mmelung weiblicher Genitalien    224, 226, 226a, 231 StGB",5711000,Bielefeld,vers.,98,60,38,1,1,0,2,0,2,3,1,2,2,2,0,7,5,2,80,48,32,6,4,2,86,52,34,2017
222000,"Gef hrliche und schwere K rperverletzung, Verst mmelung weiblicher Genitalien    224, 226, 226a, 231 StGB",5911000,Bochum,vers.,178,137,41,0,0,0,2,2,0,2,2,0,18,13,5,17,13,4,133,104,29,8,5,3,141,109,32,2017
222000,"Gef hrliche und schwere K rperverletzung, Verst mmelung weiblicher Genitalien    224, 226, 226a, 231 StGB",5314000,Bonn,vers.,110,83,27,0,0,0,3,1,2,3,1,2,2,2,0,10,9,1,87,66,21,8,5,3,95,71,24,2017
222000,"Gef hrliche und schwere K rperverletzung, Verst mmelung weiblicher Genitalien    224, 226, 226a, 231 StGB",5512000,Bottrop,vers.,28,25,3,1,1,0,1,1,0,2,2,0,6,6,0,1,1,0,17,16,1,2,0,2,19,16,3,2017
222000,"Gef hrliche und schwere K rperverletzung, Verst mmelung weiblicher Genitalien    224, 226, 226a, 231 StGB",3101000,Braunschweig,vers.,139,106,33,0,0,0,5,4,1,5,4,1,3,1,2,9,6,3,115,90,25,7,5,2,122,95,27,2017
222000,"Gef hrliche und schwere K rperverletzung, Verst mmelung weiblicher Genitalien    224, 226, 226a, 231 StGB",4011000,Bremen,vers.,265,193,72,1,1,0,7,4,3,8,5,3,13,9,4,15,13,2,219,160,59,10,6,4,229,166,63,2017
222000,"Gef hrliche und schwere K rperverletzung, Verst mmelung weiblicher Genitalien    224, 226, 226a, 231 StGB",4012000,Bremerhaven,vers.,41,26,15,0,0,0,2,2,0,2,2,0,2,1,1,5,1,4,30,21,9,2,1,1,32,22,10,2017
222000,"Gef hrliche und schwere K rperverletzung, Verst mmelung weiblicher Genitalien    224, 226, 226a, 231 StGB",14511000,Chemnitz,vers.,74,58,16,0,0,0,4,2,2,4,2,2,6,5,1,2,2,0,61,48,13,1,1,0,62,49,13,2017
222000,"Gef hrliche und schwere K rperverletzung, Verst mmelung weiblicher Genitalien    224, 226, 226a, 231 StGB",12052000,Cottbus,vers.,71,42,29,0,0,0,0,0,0,0,0,0,7,5,2,8,5,3,53,30,23,3,2,1,56,32,24,2017
222000,"Gef hrliche und schwere K rperverletzung, Verst mmelung weiblicher Genitalien    224, 226, 226a, 231 StGB",6411000,Darmstadt,vers.,36,33,3,0,0,0,0,0,0,0,0,0,2,2,0,3,3,0,28,25,3,3,3,0,31,28,3,2017
222000,"Gef hrliche und schwere K rperverletzung, Verst mmelung weiblicher Genitalien    224, 226, 226a, 231 StGB",5913000,Dortmund,vers.,386,293,93,3,1,2,13,11,2,16,12,4,22,17,5,23,16,7,309,236,73,16,12,4,325,248,77,2017
222000,"Gef hrliche und schwere K rperverletzung, Verst mmelung weiblicher Genitalien    224, 226, 226a, 231 StGB",14612000,Dresden,vers.,235,185,50,1,1,0,2,2,0,3,3,0,7,4,3,18,16,2,195,152,43,12,10,2,207,162,45,2017
222000,"Gef hrliche und schwere K rperverletzung, Verst mmelung weiblicher Genitalien    224, 226, 226a, 231 StGB",5112000,Duisburg,vers.,209,157,52,2,1,1,11,7,4,13,8,5,17,14,3,14,7,7,157,122,35,8,6,2,165,128,37,2017
222000,"Gef hrliche und schwere K rperverletzung, Verst mmelung weiblicher Genitalien    224, 226, 226a, 231 StGB",5111000,D sseldorf,vers.,282,211,71,0,0,0,6,3,3,6,3,3,20,11,9,15,8,7,229,181,48,12,8,4,241,189,52,2017
222000,"Gef hrliche und schwere K rperverletzung, Verst mmelung weiblicher Genitalien    224, 226, 226a, 231 StGB",16051000,Erfurt,vers.,144,108,36,5,4,1,9,4,5,14,8,6,12,9,3,10,9,1,96,76,20,12,6,6,108,82,26,2017
222000,"Gef hrliche und schwere K rperverletzung, Verst mmelung weiblicher Genitalien    224, 226, 226a, 231 StGB",9562000,Erlangen,vers.,34,25,9,1,0,1,1,1,0,2,1,1,2,1,1,8,7,1,21,15,6,1,1,0,22,16,6,2017
222000,"Gef hrliche und schwere K rperverletzung, Verst mmelung weiblicher Genitalien    224, 226, 226a, 231 StGB",5113000,Essen,vers.,166,118,48,1,1,0,3,3,0,4,4,0,8,4,4,7,4,3,138,98,40,9,8,1,147,106,41,2017
222000,"Gef hrliche und schwere K rperverletzung, Verst mmelung weiblicher Genitalien    224, 226, 226a, 231 StGB",6412000,Frankfurt am Main,vers.,383,283,100,4,2,2,9,6,3,13,8,5,11,6,5,18,13,5,319,242,77,22,14,8,341,256,85,2017
222000,"Gef hrliche und schwere K rperverletzung, Verst mmelung weiblicher Genitalien    224, 226, 226a, 231 StGB",8311000,Freiburg im Breisgau,vers.,117,100,17,2,2,0,3,1,2,5,3,2,6,6,0,11,7,4,92,82,10,3,2,1,95,84,11,2017
222000,"Gef hrliche und schwere K rperverletzung, Verst mmelung weiblicher Genitalien    224, 226, 226a, 231 StGB",9563000,F rth,vers.,28,24,4,0,0,0,1,1,0,1,1,0,1,1,0,3,2,1,20,18,2,3,2,1,23,20,3,2017
222000,"Gef hrliche und schwere K rperverletzung, Verst mmelung weiblicher Genitalien    224, 226, 226a, 231 StGB",5513000,Gelsenkirchen,vers.,123,88,35,0,0,0,3,3,0,3,3,0,6,3,3,18,15,3,93,66,27,3,1,2,96,67,29,2017
222000,"Gef hrliche und schwere K rperverletzung, Verst mmelung weiblicher Genitalien    224, 226, 226a, 231 StGB",3159016,G ttingen,vers.,62,51,11,0,0,0,2,2,0,2,2,0,1,0,1,5,5,0,52,44,8,2,0,2,54,44,10,2017
222000,"Gef hrliche und schwere K rperverletzung, Verst mmelung weiblicher Genitalien    224, 226, 226a, 231 StGB",5914000,Hagen,vers.,48,33,15,0,0,0,1,1,0,1,1,0,7,7,0,4,0,4,34,25,9,2,0,2,36,25,11,2017
222000,"Gef hrliche und schwere K rperverletzung, Verst mmelung weiblicher Genitalien    224, 226, 226a, 231 StGB",15002000,Halle (Saale),vers.,152,103,49,3,0,3,8,8,0,11,8,3,9,6,3,7,6,1,119,80,39,6,3,3,125,83,42,2017
222000,"Gef hrliche und schwere K rperverletzung, Verst mmelung weiblicher Genitalien    224, 226, 226a, 231 StGB",2000000,Hamburg,vers.,748,552,196,4,1,3,30,19,11,34,20,14,27,19,8,42,35,7,610,454,156,35,24,11,645,478,167,2017
222000,"Gef hrliche und schwere K rperverletzung, Verst mmelung weiblicher Genitalien    224, 226, 226a, 231 StGB",5915000,Hamm,vers.,67,52,15,1,0,1,3,2,1,4,2,2,2,1,1,8,8,0,50,38,12,3,3,0,53,41,12,2017
222000,"Gef hrliche und schwere K rperverletzung, Verst mmelung weiblicher Genitalien    224, 226, 226a, 231 StGB",3241001,Hannover,vers.,316,244,72,5,3,2,7,4,3,12,7,5,16,11,5,23,14,9,255,204,51,10,8,2,265,212,53,2017
222000,"Gef hrliche und schwere K rperverletzung, Verst mmelung weiblicher Genitalien    224, 226, 226a, 231 StGB",8221000,Heidelberg,vers.,48,37,11,0,0,0,1,1,0,1,1,0,1,1,0,4,3,1,41,32,9,1,0,1,42,32,10,2017
222000,"Gef hrliche und schwere K rperverletzung, Verst mmelung weiblicher Genitalien    224, 226, 226a, 231 StGB",8121000,Heilbronn,vers.,24,20,4,0,0,0,0,0,0,0,0,0,0,0,0,1,1,0,21,17,4,2,2,0,23,19,4,2017
222000,"Gef hrliche und schwere K rperverletzung, Verst mmelung weiblicher Genitalien    224, 226, 226a, 231 StGB",5916000,Herne,vers.,39,30,9,0,0,0,4,3,1,4,3,1,2,2,0,0,0,0,33,25,8,0,0,0,33,25,8,2017
222000,"Gef hrliche und schwere K rperverletzung, Verst mmelung weiblicher Genitalien    224, 226, 226a, 231 StGB",3254021,Hildesheim,vers.,43,34,9,0,0,0,6,6,0,6,6,0,5,5,0,3,3,0,28,20,8,1,0,1,29,20,9,2017
222000,"Gef hrliche und schwere K rperverletzung, Verst mmelung weiblicher Genitalien    224, 226, 226a, 231 StGB",9161000,Ingolstadt,vers.,69,53,16,0,0,0,1,1,0,1,1,0,2,1,1,2,1,1,62,50,12,2,0,2,64,50,14,2017
222000,"Gef hrliche und schwere K rperverletzung, Verst mmelung weiblicher Genitalien    224, 226, 226a, 231 StGB",16053000,Jena,vers.,59,50,9,1,0,1,0,0,0,1,0,1,6,6,0,10,8,2,39,33,6,3,3,0,42,36,6,2017
222000,"Gef hrliche und schwere K rperverletzung, Verst mmelung weiblicher Genitalien    224, 226, 226a, 231 StGB",8212000,Karlsruhe,vers.,102,67,35,1,1,0,1,1,0,2,2,0,4,4,0,7,6,1,84,53,31,5,2,3,89,55,34,2017
222000,"Gef hrliche und schwere K rperverletzung, Verst mmelung weiblicher Genitalien    224, 226, 226a, 231 StGB",6611000,Kassel,vers.,64,40,24,0,0,0,0,0,0,0,0,0,2,1,1,3,1,2,57,37,20,2,1,1,59,38,21,2017
222000,"Gef hrliche und schwere K rperverletzung, Verst mmelung weiblicher Genitalien    224, 226, 226a, 231 StGB",1002000,Kiel,vers.,94,66,28,0,0,0,10,5,5,10,5,5,6,4,2,7,7,0,67,49,18,4,1,3,71,50,21,2017
222000,"Gef hrliche und schwere K rperverletzung, Verst mmelung weiblicher Genitalien    224, 226, 226a, 231 StGB",7111000,Koblenz,vers.,77,64,13,1,1,0,3,3,0,4,4,0,6,6,0,6,5,1,57,47,10,4,2,2,61,49,12,2017
222000,"Gef hrliche und schwere K rperverletzung, Verst mmelung weiblicher Genitalien    224, 226, 226a, 231 StGB",5315000,K ln,vers.,708,465,243,5,5,0,23,16,7,28,21,7,36,22,14,47,33,14,551,358,193,46,31,15,597,389,208,2017
222000,"Gef hrliche und schwere K rperverletzung, Verst mmelung weiblicher Genitalien    224, 226, 226a, 231 StGB",5114000,Krefeld,vers.,101,67,34,2,1,1,5,1,4,7,2,5,6,4,2,7,6,1,70,49,21,11,6,5,81,55,26,2017
222000,"Gef hrliche und schwere K rperverletzung, Verst mmelung weiblicher Genitalien    224, 226, 226a, 231 StGB",14713000,Leipzig,vers.,235,171,64,1,0,1,12,8,4,13,8,5,10,9,1,9,7,2,192,140,52,11,7,4,203,147,56,2017
222000,"Gef hrliche und schwere K rperverletzung, Verst mmelung weiblicher Genitalien    224, 226, 226a, 231 StGB",5316000,Leverkusen,vers.,142,109,33,1,0,1,2,2,0,3,2,1,7,5,2,8,6,2,120,92,28,4,4,0,124,96,28,2017
222000,"Gef hrliche und schwere K rperverletzung, Verst mmelung weiblicher Genitalien    224, 226, 226a, 231 StGB",1003000,L beck,vers.,136,97,39,3,3,0,1,1,0,4,4,0,7,4,3,6,4,2,105,77,28,14,8,6,119,85,34,2017
222000,"Gef hrliche und schwere K rperverletzung, Verst mmelung weiblicher Genitalien    224, 226, 226a, 231 StGB",7314000,Ludwigshafen am Rhein,vers.,133,96,37,0,0,0,14,12,2,14,12,2,11,9,2,9,4,5,91,65,26,8,6,2,99,71,28,2017
222000,"Gef hrliche und schwere K rperverletzung, Verst mmelung weiblicher Genitalien    224, 226, 226a, 231 StGB",15003000,Magdeburg,vers.,100,67,33,3,2,1,8,7,1,11,9,2,9,6,3,3,3,0,70,43,27,7,6,1,77,49,28,2017
222000,"Gef hrliche und schwere K rperverletzung, Verst mmelung weiblicher Genitalien    224, 226, 226a, 231 StGB",7315000,Mainz,vers.,114,94,20,1,1,0,4,4,0,5,5,0,10,6,4,7,7,0,86,72,14,6,4,2,92,76,16,2017
222000,"Gef hrliche und schwere K rperverletzung, Verst mmelung weiblicher Genitalien    224, 226, 226a, 231 StGB",8222000,Mannheim,vers.,139,99,40,2,0,2,16,11,5,18,11,7,3,1,2,7,5,2,104,77,27,7,5,2,111,82,29,2017
222000,"Gef hrliche und schwere K rperverletzung, Verst mmelung weiblicher Genitalien    224, 226, 226a, 231 StGB",5170024,Moers,vers.,15,9,6,0,0,0,0,0,0,0,0,0,2,0,2,2,1,1,11,8,3,0,0,0,11,8,3,2017
222000,"Gef hrliche und schwere K rperverletzung, Verst mmelung weiblicher Genitalien    224, 226, 226a, 231 StGB",5116000,M nchengladbach,vers.,40,27,13,0,0,0,1,0,1,1,0,1,1,1,0,3,3,0,34,23,11,1,0,1,35,23,12,2017
222000,"Gef hrliche und schwere K rperverletzung, Verst mmelung weiblicher Genitalien    224, 226, 226a, 231 StGB",5117000,M lheim an der Ruhr,vers.,48,28,20,0,0,0,0,0,0,0,0,0,1,1,0,4,1,3,38,23,15,5,3,2,43,26,17,2017
222000,"Gef hrliche und schwere K rperverletzung, Verst mmelung weiblicher Genitalien    224, 226, 226a, 231 StGB",9162000,M nchen,vers.,636,493,143,11,7,4,11,5,6,22,12,10,20,16,4,39,24,15,525,419,106,30,22,8,555,441,114,2017
222000,"Gef hrliche und schwere K rperverletzung, Verst mmelung weiblicher Genitalien    224, 226, 226a, 231 StGB",5515000,M nster,vers.,102,86,16,0,0,0,1,0,1,1,0,1,10,8,2,9,6,3,77,68,9,5,4,1,82,72,10,2017
222000,"Gef hrliche und schwere K rperverletzung, Verst mmelung weiblicher Genitalien    224, 226, 226a, 231 StGB",5162024,Neuss,vers.,30,21,9,1,0,1,1,1,0,2,1,1,0,0,0,1,0,1,27,20,7,0,0,0,27,20,7,2017
222000,"Gef hrliche und schwere K rperverletzung, Verst mmelung weiblicher Genitalien    224, 226, 226a, 231 StGB",9564000,N rnberg,vers.,226,168,58,0,0,0,3,1,2,3,1,2,18,11,7,11,11,0,182,138,44,12,7,5,194,145,49,2017
222000,"Gef hrliche und schwere K rperverletzung, Verst mmelung weiblicher Genitalien    224, 226, 226a, 231 StGB",5119000,Oberhausen,vers.,50,33,17,2,1,1,0,0,0,2,1,1,0,0,0,8,6,2,38,24,14,2,2,0,40,26,14,2017
222000,"Gef hrliche und schwere K rperverletzung, Verst mmelung weiblicher Genitalien    224, 226, 226a, 231 StGB",6413000,Offenbach am Main,vers.,49,36,13,0,0,0,1,0,1,1,0,1,5,3,2,2,2,0,38,29,9,3,2,1,41,31,10,2017
222000,"Gef hrliche und schwere K rperverletzung, Verst mmelung weiblicher Genitalien    224, 226, 226a, 231 StGB",3403000,Oldenburg (Oldenburg),vers.,66,48,18,0,0,0,0,0,0,0,0,0,1,1,0,4,2,2,56,40,16,5,5,0,61,45,16,2017
222000,"Gef hrliche und schwere K rperverletzung, Verst mmelung weiblicher Genitalien    224, 226, 226a, 231 StGB",3404000,Osnabr ck,vers.,94,65,29,1,0,1,0,0,0,1,0,1,2,2,0,12,9,3,75,51,24,4,3,1,79,54,25,2017
222000,"Gef hrliche und schwere K rperverletzung, Verst mmelung weiblicher Genitalien    224, 226, 226a, 231 StGB",5774032,Paderborn,vers.,54,41,13,0,0,0,0,0,0,0,0,0,6,6,0,1,1,0,45,32,13,2,2,0,47,34,13,2017
222000,"Gef hrliche und schwere K rperverletzung, Verst mmelung weiblicher Genitalien    224, 226, 226a, 231 StGB",8231000,Pforzheim,vers.,41,27,14,1,1,0,3,3,0,4,4,0,2,0,2,2,0,2,29,21,8,4,2,2,33,23,10,2017
222000,"Gef hrliche und schwere K rperverletzung, Verst mmelung weiblicher Genitalien    224, 226, 226a, 231 StGB",12054000,Potsdam,vers.,43,29,14,1,1,0,3,1,2,4,2,2,1,1,0,3,3,0,33,22,11,2,1,1,35,23,12,2017
222000,"Gef hrliche und schwere K rperverletzung, Verst mmelung weiblicher Genitalien    224, 226, 226a, 231 StGB",5562032,Recklinghausen,vers.,56,35,21,0,0,0,4,3,1,4,3,1,7,2,5,7,5,2,35,23,12,3,2,1,38,25,13,2017
222000,"Gef hrliche und schwere K rperverletzung, Verst mmelung weiblicher Genitalien    224, 226, 226a, 231 StGB",9362000,Regensburg,vers.,54,36,18,0,0,0,2,2,0,2,2,0,1,0,1,3,2,1,47,31,16,1,1,0,48,32,16,2017
222000,"Gef hrliche und schwere K rperverletzung, Verst mmelung weiblicher Genitalien    224, 226, 226a, 231 StGB",5120000,Remscheid,vers.,37,23,14,0,0,0,2,1,1,2,1,1,2,0,2,2,2,0,29,18,11,2,2,0,31,20,11,2017
222000,"Gef hrliche und schwere K rperverletzung, Verst mmelung weiblicher Genitalien    224, 226, 226a, 231 StGB",8415061,Reutlingen,vers.,38,33,5,0,0,0,0,0,0,0,0,0,2,2,0,0,0,0,34,30,4,2,1,1,36,31,5,2017
222000,"Gef hrliche und schwere K rperverletzung, Verst mmelung weiblicher Genitalien    224, 226, 226a, 231 StGB",13003000,Rostock,vers.,81,51,30,2,2,0,3,1,2,5,3,2,2,2,0,6,3,3,66,42,24,2,1,1,68,43,25,2017
222000,"Gef hrliche und schwere K rperverletzung, Verst mmelung weiblicher Genitalien    224, 226, 226a, 231 StGB",10041100,Saarbr cken,vers.,118,85,33,1,1,0,4,2,2,5,3,2,4,1,3,5,4,1,96,71,25,8,6,2,104,77,27,2017
222000,"Gef hrliche und schwere K rperverletzung, Verst mmelung weiblicher Genitalien    224, 226, 226a, 231 StGB",3102000,Salzgitter,vers.,27,15,12,1,0,1,2,2,0,3,2,1,5,0,5,0,0,0,18,12,6,1,1,0,19,13,6,2017
222000,"Gef hrliche und schwere K rperverletzung, Verst mmelung weiblicher Genitalien    224, 226, 226a, 231 StGB",13004000,Schwerin,vers.,54,34,20,1,0,1,0,0,0,1,0,1,7,3,4,11,8,3,33,22,11,2,1,1,35,23,12,2017
222000,"Gef hrliche und schwere K rperverletzung, Verst mmelung weiblicher Genitalien    224, 226, 226a, 231 StGB",5970040,Siegen,vers.,34,22,12,0,0,0,0,0,0,0,0,0,2,1,1,1,0,1,29,21,8,2,0,2,31,21,10,2017
222000,"Gef hrliche und schwere K rperverletzung, Verst mmelung weiblicher Genitalien    224, 226, 226a, 231 StGB",5122000,Solingen,vers.,61,38,23,0,0,0,2,2,0,2,2,0,2,1,1,7,4,3,44,26,18,6,5,1,50,31,19,2017
222000,"Gef hrliche und schwere K rperverletzung, Verst mmelung weiblicher Genitalien    224, 226, 226a, 231 StGB",8111000,Stuttgart,vers.,334,264,70,4,4,0,10,7,3,14,11,3,30,26,4,16,14,2,262,205,57,12,8,4,274,213,61,2017
222000,"Gef hrliche und schwere K rperverletzung, Verst mmelung weiblicher Genitalien    224, 226, 226a, 231 StGB",7211000,Trier,vers.,107,78,29,0,0,0,1,1,0,1,1,0,3,2,1,10,9,1,92,65,27,1,1,0,93,66,27,2017
222000,"Gef hrliche und schwere K rperverletzung, Verst mmelung weiblicher Genitalien    224, 226, 226a, 231 StGB",8421000,Ulm,vers.,33,28,5,1,1,0,3,3,0,4,4,0,2,2,0,4,3,1,22,18,4,1,1,0,23,19,4,2017
222000,"Gef hrliche und schwere K rperverletzung, Verst mmelung weiblicher Genitalien    224, 226, 226a, 231 StGB",6414000,Wiesbaden,vers.,101,62,39,1,1,0,2,1,1,3,2,1,8,7,1,10,6,4,73,41,32,7,6,1,80,47,33,2017
222000,"Gef hrliche und schwere K rperverletzung, Verst mmelung weiblicher Genitalien    224, 226, 226a, 231 StGB",3103000,Wolfsburg,vers.,39,28,11,0,0,0,0,0,0,0,0,0,1,1,0,5,5,0,32,22,10,1,0,1,33,22,11,2017
222000,"Gef hrliche und schwere K rperverletzung, Verst mmelung weiblicher Genitalien    224, 226, 226a, 231 StGB",5124000,Wuppertal,vers.,168,117,51,0,0,0,4,1,3,4,1,3,11,9,2,10,8,2,135,93,42,8,6,2,143,99,44,2017
222000,"Gef hrliche und schwere K rperverletzung, Verst mmelung weiblicher Genitalien    224, 226, 226a, 231 StGB",9663000,W rzburg,vers.,65,54,11,0,0,0,2,1,1,2,1,1,4,3,1,1,1,0,54,47,7,4,2,2,58,49,9,2017
222000,"Gef hrliche und schwere K rperverletzung, Verst mmelung weiblicher Genitalien    224, 226, 226a, 231 StGB",5334002,Aachen,insg.,871,621,250,6,3,3,33,23,10,39,26,13,76,55,21,129,98,31,595,425,170,32,17,15,627,442,185,2017
222000,"Gef hrliche und schwere K rperverletzung, Verst mmelung weiblicher Genitalien    224, 226, 226a, 231 StGB",9761000,Augsburg,insg.,897,686,211,8,4,4,40,34,6,48,38,10,103,79,24,116,87,29,582,452,130,48,30,18,630,482,148,2017
222000,"Gef hrliche und schwere K rperverletzung, Verst mmelung weiblicher Genitalien    224, 226, 226a, 231 StGB",5378004,Bergisch Gladbach,insg.,182,130,52,2,1,1,6,2,4,8,3,5,26,21,5,22,14,8,115,85,30,11,7,4,126,92,34,2017
222000,"Gef hrliche und schwere K rperverletzung, Verst mmelung weiblicher Genitalien    224, 226, 226a, 231 StGB",11000000,Berlin,insg.,13151,10050,3101,64,35,29,574,405,169,638,440,198,1171,860,311,1187,947,240,9621,7452,2169,534,351,183,10155,7803,2352,2017
222000,"Gef hrliche und schwere K rperverletzung, Verst mmelung weiblicher Genitalien    224, 226, 226a, 231 StGB",5711000,Bielefeld,insg.,752,536,216,3,3,0,24,18,6,27,21,6,64,43,21,92,69,23,545,386,159,24,17,7,569,403,166,2017
222000,"Gef hrliche und schwere K rperverletzung, Verst mmelung weiblicher Genitalien    224, 226, 226a, 231 StGB",5911000,Bochum,insg.,1112,832,280,3,1,2,48,40,8,51,41,10,113,80,33,126,96,30,782,586,196,40,29,11,822,615,207,2017
222000,"Gef hrliche und schwere K rperverletzung, Verst mmelung weiblicher Genitalien    224, 226, 226a, 231 StGB",5314000,Bonn,insg.,890,658,232,4,1,3,36,29,7,40,30,10,91,64,27,123,99,24,605,447,158,31,18,13,636,465,171,2017
222000,"Gef hrliche und schwere K rperverletzung, Verst mmelung weiblicher Genitalien    224, 226, 226a, 231 StGB",5512000,Bottrop,insg.,394,249,145,1,1,0,5,4,1,6,5,1,44,37,7,30,21,9,229,147,82,85,39,46,314,186,128,2017
222000,"Gef hrliche und schwere K rperverletzung, Verst mmelung weiblicher Genitalien    224, 226, 226a, 231 StGB",3101000,Braunschweig,insg.,800,586,214,0,0,0,27,18,9,27,18,9,69,38,31,103,79,24,570,434,136,31,17,14,601,451,150,2017
222000,"Gef hrliche und schwere K rperverletzung, Verst mmelung weiblicher Genitalien    224, 226, 226a, 231 StGB",4011000,Bremen,insg.,2010,1546,464,5,3,2,42,32,10,47,35,12,169,136,33,260,216,44,1482,1129,353,52,30,22,1534,1159,375,2017
222000,"Gef hrliche und schwere K rperverletzung, Verst mmelung weiblicher Genitalien    224, 226, 226a, 231 StGB",4012000,Bremerhaven,insg.,457,336,121,1,1,0,27,19,8,28,20,8,48,32,16,50,37,13,323,241,82,8,6,2,331,247,84,2017
222000,"Gef hrliche und schwere K rperverletzung, Verst mmelung weiblicher Genitalien    224, 226, 226a, 231 StGB",14511000,Chemnitz,insg.,659,516,143,4,1,3,23,13,10,27,14,13,89,71,18,87,75,12,427,340,87,29,16,13,456,356,100,2017
222000,"Gef hrliche und schwere K rperverletzung, Verst mmelung weiblicher Genitalien    224, 226, 226a, 231 StGB",12052000,Cottbus,insg.,345,270,75,0,0,0,15,7,8,15,7,8,53,45,8,57,50,7,209,159,50,11,9,2,220,168,52,2017
222000,"Gef hrliche und schwere K rperverletzung, Verst mmelung weiblicher Genitalien    224, 226, 226a, 231 StGB",6411000,Darmstadt,insg.,383,291,92,0,0,0,13,10,3,13,10,3,41,34,7,59,46,13,255,192,63,15,9,6,270,201,69,2017
222000,"Gef hrliche und schwere K rperverletzung, Verst mmelung weiblicher Genitalien    224, 226, 226a, 231 StGB",5913000,Dortmund,insg.,2582,1908,674,7,3,4,141,103,38,148,106,42,248,167,81,261,200,61,1838,1378,460,87,57,30,1925,1435,490,2017
222000,"Gef hrliche und schwere K rperverletzung, Verst mmelung weiblicher Genitalien    224, 226, 226a, 231 StGB",14612000,Dresden,insg.,1328,1072,256,5,3,2,33,26,7,38,29,9,99,70,29,168,136,32,977,800,177,46,37,9,1023,837,186,2017
222000,"Gef hrliche und schwere K rperverletzung, Verst mmelung weiblicher Genitalien    224, 226, 226a, 231 StGB",5112000,Duisburg,insg.,1584,1103,481,7,4,3,112,78,34,119,82,37,185,127,58,166,111,55,1039,728,311,75,55,20,1114,783,331,2017
222000,"Gef hrliche und schwere K rperverletzung, Verst mmelung weiblicher Genitalien    224, 226, 226a, 231 StGB",5111000,D sseldorf,insg.,2054,1529,525,6,3,3,68,48,20,74,51,23,152,93,59,245,177,68,1504,1155,349,79,53,26,1583,1208,375,2017
222000,"Gef hrliche und schwere K rperverletzung, Verst mmelung weiblicher Genitalien    224, 226, 226a, 231 StGB",16051000,Erfurt,insg.,580,444,136,9,6,3,28,18,10,37,24,13,61,47,14,56,47,9,405,316,89,21,10,11,426,326,100,2017
222000,"Gef hrliche und schwere K rperverletzung, Verst mmelung weiblicher Genitalien    224, 226, 226a, 231 StGB",9562000,Erlangen,insg.,186,139,47,1,0,1,7,3,4,8,3,5,13,8,5,33,28,5,121,91,30,11,9,2,132,100,32,2017
222000,"Gef hrliche und schwere K rperverletzung, Verst mmelung weiblicher Genitalien    224, 226, 226a, 231 StGB",5113000,Essen,insg.,1390,937,453,7,4,3,57,46,11,64,50,14,108,66,42,138,88,50,1002,671,331,78,62,16,1080,733,347,2017
222000,"Gef hrliche und schwere K rperverletzung, Verst mmelung weiblicher Genitalien    224, 226, 226a, 231 StGB",6412000,Frankfurt am Main,insg.,2962,2262,700,24,13,11,89,64,25,113,77,36,184,128,56,314,232,82,2250,1754,496,101,71,30,2351,1825,526,2017
222000,"Gef hrliche und schwere K rperverletzung, Verst mmelung weiblicher Genitalien    224, 226, 226a, 231 StGB",8311000,Freiburg im Breisgau,insg.,831,672,159,11,10,1,29,15,14,40,25,15,72,53,19,120,102,18,579,478,101,20,14,6,599,492,107,2017
222000,"Gef hrliche und schwere K rperverletzung, Verst mmelung weiblicher Genitalien    224, 226, 226a, 231 StGB",9563000,F rth,insg.,209,168,41,1,1,0,10,6,4,11,7,4,24,20,4,22,18,4,142,114,28,10,9,1,152,123,29,2017
222000,"Gef hrliche und schwere K rperverletzung, Verst mmelung weiblicher Genitalien    224, 226, 226a, 231 StGB",5513000,Gelsenkirchen,insg.,720,496,224,5,2,3,33,22,11,38,24,14,73,48,25,70,49,21,510,355,155,29,20,9,539,375,164,2017
222000,"Gef hrliche und schwere K rperverletzung, Verst mmelung weiblicher Genitalien    224, 226, 226a, 231 StGB",3159016,G ttingen,insg.,389,300,89,0,0,0,15,10,5,15,10,5,15,11,4,48,40,8,302,234,68,9,5,4,311,239,72,2017
222000,"Gef hrliche und schwere K rperverletzung, Verst mmelung weiblicher Genitalien    224, 226, 226a, 231 StGB",5914000,Hagen,insg.,449,331,118,1,1,0,27,16,11,28,17,11,48,35,13,57,43,14,300,226,74,16,10,6,316,236,80,2017
222000,"Gef hrliche und schwere K rperverletzung, Verst mmelung weiblicher Genitalien    224, 226, 226a, 231 StGB",15002000,Halle (Saale),insg.,856,647,209,5,1,4,50,42,8,55,43,12,81,61,20,82,63,19,606,464,142,32,16,16,638,480,158,2017
222000,"Gef hrliche und schwere K rperverletzung, Verst mmelung weiblicher Genitalien    224, 226, 226a, 231 StGB",2000000,Hamburg,insg.,6427,4772,1655,22,10,12,333,235,98,355,245,110,461,322,139,680,526,154,4683,3519,1164,248,160,88,4931,3679,1252,2017
222000,"Gef hrliche und schwere K rperverletzung, Verst mmelung weiblicher Genitalien    224, 226, 226a, 231 StGB",5915000,Hamm,insg.,569,413,156,4,0,4,30,17,13,34,17,17,77,53,24,68,57,11,379,276,103,11,10,1,390,286,104,2017
222000,"Gef hrliche und schwere K rperverletzung, Verst mmelung weiblicher Genitalien    224, 226, 226a, 231 StGB",3241001,Hannover,insg.,2283,1748,535,15,6,9,72,49,23,87,55,32,171,126,45,271,214,57,1683,1311,372,71,42,29,1754,1353,401,2017
222000,"Gef hrliche und schwere K rperverletzung, Verst mmelung weiblicher Genitalien    224, 226, 226a, 231 StGB",8221000,Heidelberg,insg.,461,380,81,2,2,0,10,7,3,12,9,3,28,22,6,58,49,9,348,292,56,15,8,7,363,300,63,2017
222000,"Gef hrliche und schwere K rperverletzung, Verst mmelung weiblicher Genitalien    224, 226, 226a, 231 StGB",8121000,Heilbronn,insg.,333,262,71,0,0,0,8,5,3,8,5,3,36,27,9,45,34,11,235,190,45,9,6,3,244,196,48,2017
222000,"Gef hrliche und schwere K rperverletzung, Verst mmelung weiblicher Genitalien    224, 226, 226a, 231 StGB",5916000,Herne,insg.,377,266,111,1,0,1,25,16,9,26,16,10,48,26,22,37,27,10,254,190,64,12,7,5,266,197,69,2017
222000,"Gef hrliche und schwere K rperverletzung, Verst mmelung weiblicher Genitalien    224, 226, 226a, 231 StGB",3254021,Hildesheim,insg.,325,232,93,0,0,0,18,13,5,18,13,5,35,24,11,30,25,5,232,164,68,10,6,4,242,170,72,2017
222000,"Gef hrliche und schwere K rperverletzung, Verst mmelung weiblicher Genitalien    224, 226, 226a, 231 StGB",9161000,Ingolstadt,insg.,391,314,77,2,1,1,7,6,1,9,7,2,36,26,10,46,40,6,293,239,54,7,2,5,300,241,59,2017
222000,"Gef hrliche und schwere K rperverletzung, Verst mmelung weiblicher Genitalien    224, 226, 226a, 231 StGB",16053000,Jena,insg.,252,210,42,1,0,1,8,8,0,9,8,1,33,29,4,41,36,5,162,131,31,7,6,1,169,137,32,2017
222000,"Gef hrliche und schwere K rperverletzung, Verst mmelung weiblicher Genitalien    224, 226, 226a, 231 StGB",8212000,Karlsruhe,insg.,813,594,219,4,3,1,14,9,5,18,12,6,62,51,11,118,87,31,591,430,161,24,14,10,615,444,171,2017
222000,"Gef hrliche und schwere K rperverletzung, Verst mmelung weiblicher Genitalien    224, 226, 226a, 231 StGB",6611000,Kassel,insg.,609,432,177,3,2,1,26,14,12,29,16,13,51,31,20,68,50,18,431,314,117,30,21,9,461,335,126,2017
222000,"Gef hrliche und schwere K rperverletzung, Verst mmelung weiblicher Genitalien    224, 226, 226a, 231 StGB",1002000,Kiel,insg.,821,614,207,1,1,0,30,20,10,31,21,10,75,58,17,105,85,20,585,434,151,25,16,9,610,450,160,2017
222000,"Gef hrliche und schwere K rperverletzung, Verst mmelung weiblicher Genitalien    224, 226, 226a, 231 StGB",7111000,Koblenz,insg.,442,345,97,1,1,0,14,12,2,15,13,2,32,23,9,66,53,13,317,249,68,12,7,5,329,256,73,2017
222000,"Gef hrliche und schwere K rperverletzung, Verst mmelung weiblicher Genitalien    224, 226, 226a, 231 StGB",5315000,K ln,insg.,4840,3427,1413,25,21,4,206,134,72,231,155,76,391,272,119,465,333,132,3572,2554,1018,181,113,68,3753,2667,1086,2017
222000,"Gef hrliche und schwere K rperverletzung, Verst mmelung weiblicher Genitalien    224, 226, 226a, 231 StGB",5114000,Krefeld,insg.,552,376,176,5,2,3,39,24,15,44,26,18,40,28,12,54,36,18,385,268,117,29,18,11,414,286,128,2017
222000,"Gef hrliche und schwere K rperverletzung, Verst mmelung weiblicher Genitalien    224, 226, 226a, 231 StGB",14713000,Leipzig,insg.,1645,1236,409,10,3,7,71,39,32,81,42,39,145,109,36,134,99,35,1216,946,270,69,40,29,1285,986,299,2017
222000,"Gef hrliche und schwere K rperverletzung, Verst mmelung weiblicher Genitalien    224, 226, 226a, 231 StGB",5316000,Leverkusen,insg.,657,458,199,3,2,1,30,24,6,33,26,7,65,39,26,73,56,17,459,312,147,27,25,2,486,337,149,2017
222000,"Gef hrliche und schwere K rperverletzung, Verst mmelung weiblicher Genitalien    224, 226, 226a, 231 StGB",1003000,L beck,insg.,842,636,206,6,4,2,21,13,8,27,17,10,77,54,23,110,86,24,587,452,135,41,27,14,628,479,149,2017
222000,"Gef hrliche und schwere K rperverletzung, Verst mmelung weiblicher Genitalien    224, 226, 226a, 231 StGB",7314000,Ludwigshafen am Rhein,insg.,703,507,196,0,0,0,54,35,19,54,35,19,82,55,27,71,51,20,464,347,117,32,19,13,496,366,130,2017
222000,"Gef hrliche und schwere K rperverletzung, Verst mmelung weiblicher Genitalien    224, 226, 226a, 231 StGB",15003000,Magdeburg,insg.,686,526,160,4,2,2,39,30,9,43,32,11,64,45,19,71,55,16,477,372,105,31,22,9,508,394,114,2017
222000,"Gef hrliche und schwere K rperverletzung, Verst mmelung weiblicher Genitalien    224, 226, 226a, 231 StGB",7315000,Mainz,insg.,679,554,125,2,2,0,17,13,4,19,15,4,70,54,16,105,84,21,463,385,78,22,16,6,485,401,84,2017
222000,"Gef hrliche und schwere K rperverletzung, Verst mmelung weiblicher Genitalien    224, 226, 226a, 231 StGB",8222000,Mannheim,insg.,1075,815,260,11,6,5,44,29,15,55,35,20,88,62,26,103,87,16,787,605,182,42,26,16,829,631,198,2017
222000,"Gef hrliche und schwere K rperverletzung, Verst mmelung weiblicher Genitalien    224, 226, 226a, 231 StGB",5170024,Moers,insg.,213,152,61,0,0,0,6,5,1,6,5,1,36,26,10,27,23,4,136,91,45,8,7,1,144,98,46,2017
222000,"Gef hrliche und schwere K rperverletzung, Verst mmelung weiblicher Genitalien    224, 226, 226a, 231 StGB",5116000,M nchengladbach,insg.,551,371,180,3,2,1,19,10,9,22,12,10,62,46,16,60,41,19,391,262,129,16,10,6,407,272,135,2017
222000,"Gef hrliche und schwere K rperverletzung, Verst mmelung weiblicher Genitalien    224, 226, 226a, 231 StGB",5117000,M lheim an der Ruhr,insg.,309,207,102,1,1,0,9,6,3,10,7,3,34,30,4,30,21,9,219,143,76,16,6,10,235,149,86,2017
222000,"Gef hrliche und schwere K rperverletzung, Verst mmelung weiblicher Genitalien    224, 226, 226a, 231 StGB",9162000,M nchen,insg.,3576,2698,878,29,19,10,102,64,38,131,83,48,265,190,75,408,313,95,2629,2018,611,143,94,49,2772,2112,660,2017
222000,"Gef hrliche und schwere K rperverletzung, Verst mmelung weiblicher Genitalien    224, 226, 226a, 231 StGB",5515000,M nster,insg.,763,592,171,3,3,0,23,16,7,26,19,7,75,51,24,101,75,26,535,424,111,26,23,3,561,447,114,2017
222000,"Gef hrliche und schwere K rperverletzung, Verst mmelung weiblicher Genitalien    224, 226, 226a, 231 StGB",5162024,Neuss,insg.,300,196,104,2,0,2,20,17,3,22,17,5,19,11,8,42,24,18,203,133,70,14,11,3,217,144,73,2017
222000,"Gef hrliche und schwere K rperverletzung, Verst mmelung weiblicher Genitalien    224, 226, 226a, 231 StGB",9564000,N rnberg,insg.,1464,1147,317,2,1,1,49,29,20,51,30,21,119,85,34,177,150,27,1067,847,220,50,35,15,1117,882,235,2017
222000,"Gef hrliche und schwere K rperverletzung, Verst mmelung weiblicher Genitalien    224, 226, 226a, 231 StGB",5119000,Oberhausen,insg.,416,293,123,5,3,2,14,10,4,19,13,6,38,26,12,63,49,14,285,197,88,11,8,3,296,205,91,2017
222000,"Gef hrliche und schwere K rperverletzung, Verst mmelung weiblicher Genitalien    224, 226, 226a, 231 StGB",6413000,Offenbach am Main,insg.,316,235,81,2,0,2,11,6,5,13,6,7,25,18,7,24,16,8,243,185,58,11,10,1,254,195,59,2017
222000,"Gef hrliche und schwere K rperverletzung, Verst mmelung weiblicher Genitalien    224, 226, 226a, 231 StGB",3403000,Oldenburg (Oldenburg),insg.,477,338,139,0,0,0,11,9,2,11,9,2,41,31,10,74,48,26,336,239,97,15,11,4,351,250,101,2017
222000,"Gef hrliche und schwere K rperverletzung, Verst mmelung weiblicher Genitalien    224, 226, 226a, 231 StGB",3404000,Osnabr ck,insg.,814,582,232,2,0,2,14,12,2,16,12,4,61,36,25,109,91,18,607,430,177,21,13,8,628,443,185,2017
222000,"Gef hrliche und schwere K rperverletzung, Verst mmelung weiblicher Genitalien    224, 226, 226a, 231 StGB",5774032,Paderborn,insg.,321,230,91,0,0,0,16,15,1,16,15,1,32,21,11,30,21,9,235,166,69,8,7,1,243,173,70,2017
222000,"Gef hrliche und schwere K rperverletzung, Verst mmelung weiblicher Genitalien    224, 226, 226a, 231 StGB",8231000,Pforzheim,insg.,314,233,81,3,3,0,15,11,4,18,14,4,35,17,18,50,33,17,202,162,40,9,7,2,211,169,42,2017
222000,"Gef hrliche und schwere K rperverletzung, Verst mmelung weiblicher Genitalien    224, 226, 226a, 231 StGB",12054000,Potsdam,insg.,288,226,62,2,2,0,17,14,3,19,16,3,21,17,4,43,39,4,191,145,46,14,9,5,205,154,51,2017
222000,"Gef hrliche und schwere K rperverletzung, Verst mmelung weiblicher Genitalien    224, 226, 226a, 231 StGB",5562032,Recklinghausen,insg.,380,279,101,1,1,0,22,18,4,23,19,4,55,40,15,44,37,7,241,170,71,17,13,4,258,183,75,2017
222000,"Gef hrliche und schwere K rperverletzung, Verst mmelung weiblicher Genitalien    224, 226, 226a, 231 StGB",9362000,Regensburg,insg.,396,315,81,0,0,0,11,7,4,11,7,4,39,34,5,70,59,11,270,212,58,6,3,3,276,215,61,2017
222000,"Gef hrliche und schwere K rperverletzung, Verst mmelung weiblicher Genitalien    224, 226, 226a, 231 StGB",5120000,Remscheid,insg.,242,156,86,2,0,2,12,5,7,14,5,9,22,16,6,25,19,6,167,109,58,14,7,7,181,116,65,2017
222000,"Gef hrliche und schwere K rperverletzung, Verst mmelung weiblicher Genitalien    224, 226, 226a, 231 StGB",8415061,Reutlingen,insg.,303,239,64,3,2,1,14,10,4,17,12,5,26,21,5,57,48,9,195,154,41,8,4,4,203,158,45,2017
222000,"Gef hrliche und schwere K rperverletzung, Verst mmelung weiblicher Genitalien    224, 226, 226a, 231 StGB",13003000,Rostock,insg.,468,337,131,3,3,0,52,31,21,55,34,21,56,42,14,42,33,9,309,224,85,6,4,2,315,228,87,2017
222000,"Gef hrliche und schwere K rperverletzung, Verst mmelung weiblicher Genitalien    224, 226, 226a, 231 StGB",10041100,Saarbr cken,insg.,888,665,223,7,5,2,28,16,12,35,21,14,62,37,25,103,81,22,644,491,153,44,35,9,688,526,162,2017
222000,"Gef hrliche und schwere K rperverletzung, Verst mmelung weiblicher Genitalien    224, 226, 226a, 231 StGB",3102000,Salzgitter,insg.,260,168,92,3,2,1,23,16,7,26,18,8,38,18,20,18,11,7,170,115,55,8,6,2,178,121,57,2017
222000,"Gef hrliche und schwere K rperverletzung, Verst mmelung weiblicher Genitalien    224, 226, 226a, 231 StGB",13004000,Schwerin,insg.,393,306,87,1,0,1,13,9,4,14,9,5,60,43,17,60,48,12,242,195,47,17,11,6,259,206,53,2017
222000,"Gef hrliche und schwere K rperverletzung, Verst mmelung weiblicher Genitalien    224, 226, 226a, 231 StGB",5970040,Siegen,insg.,216,176,40,0,0,0,7,5,2,7,5,2,25,20,5,26,23,3,149,124,25,9,4,5,158,128,30,2017
222000,"Gef hrliche und schwere K rperverletzung, Verst mmelung weiblicher Genitalien    224, 226, 226a, 231 StGB",5122000,Solingen,insg.,356,249,107,3,3,0,8,6,2,11,9,2,34,21,13,42,32,10,252,174,78,17,13,4,269,187,82,2017
222000,"Gef hrliche und schwere K rperverletzung, Verst mmelung weiblicher Genitalien    224, 226, 226a, 231 StGB",8111000,Stuttgart,insg.,2452,1907,545,13,10,3,77,50,27,90,60,30,212,161,51,299,243,56,1788,1401,387,63,42,21,1851,1443,408,2017
222000,"Gef hrliche und schwere K rperverletzung, Verst mmelung weiblicher Genitalien    224, 226, 226a, 231 StGB",7211000,Trier,insg.,332,251,81,1,0,1,5,4,1,6,4,2,21,17,4,46,38,8,252,188,64,7,4,3,259,192,67,2017
222000,"Gef hrliche und schwere K rperverletzung, Verst mmelung weiblicher Genitalien    224, 226, 226a, 231 StGB",8421000,Ulm,insg.,363,299,64,2,2,0,12,9,3,14,11,3,29,21,8,50,37,13,263,223,40,7,7,0,270,230,40,2017
222000,"Gef hrliche und schwere K rperverletzung, Verst mmelung weiblicher Genitalien    224, 226, 226a, 231 StGB",6414000,Wiesbaden,insg.,996,679,317,4,2,2,44,31,13,48,33,15,102,66,36,130,92,38,671,457,214,45,31,14,716,488,228,2017
222000,"Gef hrliche und schwere K rperverletzung, Verst mmelung weiblicher Genitalien    224, 226, 226a, 231 StGB",3103000,Wolfsburg,insg.,267,202,65,0,0,0,6,5,1,6,5,1,34,28,6,23,18,5,201,150,51,3,1,2,204,151,53,2017
222000,"Gef hrliche und schwere K rperverletzung, Verst mmelung weiblicher Genitalien    224, 226, 226a, 231 StGB",5124000,Wuppertal,insg.,1044,744,300,2,2,0,47,32,15,49,34,15,102,73,29,127,84,43,726,526,200,40,27,13,766,553,213,2017
222000,"Gef hrliche und schwere K rperverletzung, Verst mmelung weiblicher Genitalien    224, 226, 226a, 231 StGB",9663000,W rzburg,insg.,364,297,67,0,0,0,8,4,4,8,4,4,33,24,9,50,42,8,253,215,38,20,12,8,273,227,46,2017
224000,Vors tzliche einfache K rperverletzung   223 StGB,5334002,Aachen,voll.,1629,958,671,5,5,0,51,37,14,56,42,14,134,86,48,155,104,51,1198,676,522,86,50,36,1284,726,558,2017
224000,Vors tzliche einfache K rperverletzung   223 StGB,9761000,Augsburg,voll.,2303,1449,854,22,14,8,124,80,44,146,94,52,175,96,79,213,131,82,1684,1076,608,85,52,33,1769,1128,641,2017
224000,Vors tzliche einfache K rperverletzung   223 StGB,5378004,Bergisch Gladbach,voll.,518,274,244,4,4,0,33,20,13,37,24,13,61,42,19,36,17,19,356,178,178,28,13,15,384,191,193,2017
224000,Vors tzliche einfache K rperverletzung   223 StGB,11000000,Berlin,voll.,29280,17083,12197,217,104,113,1785,1201,584,2002,1305,697,1975,1183,792,1922,1098,824,21709,12588,9121,1672,909,763,23381,13497,9884,2017
224000,Vors tzliche einfache K rperverletzung   223 StGB,5711000,Bielefeld,voll.,1784,915,869,10,9,1,56,38,18,66,47,19,130,66,64,168,101,67,1327,648,679,93,53,40,1420,701,719,2017
224000,Vors tzliche einfache K rperverletzung   223 StGB,5911000,Bochum,voll.,2754,1568,1186,17,13,4,129,84,45,146,97,49,229,136,93,296,174,122,1944,1087,857,139,74,65,2083,1161,922,2017
224000,Vors tzliche einfache K rperverletzung   223 StGB,5314000,Bonn,voll.,2116,1213,903,6,3,3,114,78,36,120,81,39,154,91,63,189,116,73,1532,862,670,121,63,58,1653,925,728,2017
224000,Vors tzliche einfache K rperverletzung   223 StGB,5512000,Bottrop,voll.,555,309,246,1,1,0,29,20,9,30,21,9,55,30,25,64,38,26,383,208,175,23,12,11,406,220,186,2017
224000,Vors tzliche einfache K rperverletzung   223 StGB,3101000,Braunschweig,voll.,1708,1071,637,6,5,1,79,48,31,85,53,32,116,60,56,212,133,79,1226,779,447,69,46,23,1295,825,470,2017
224000,Vors tzliche einfache K rperverletzung   223 StGB,4011000,Bremen,voll.,4543,2779,1764,13,7,6,150,101,49,163,108,55,303,192,111,476,306,170,3374,2044,1330,227,129,98,3601,2173,1428,2017
224000,Vors tzliche einfache K rperverletzung   223 StGB,4012000,Bremerhaven,voll.,1072,582,490,12,6,6,54,39,15,66,45,21,93,50,43,101,39,62,772,427,345,40,21,19,812,448,364,2017
224000,Vors tzliche einfache K rperverletzung   223 StGB,14511000,Chemnitz,voll.,1084,622,462,3,2,1,68,36,32,71,38,33,131,70,61,108,65,43,710,411,299,64,38,26,774,449,325,2017
224000,Vors tzliche einfache K rperverletzung   223 StGB,12052000,Cottbus,voll.,589,387,202,5,3,2,47,40,7,52,43,9,58,35,23,52,35,17,392,250,142,35,24,11,427,274,153,2017
224000,Vors tzliche einfache K rperverletzung   223 StGB,6411000,Darmstadt,voll.,671,387,284,5,1,4,21,16,5,26,17,9,44,32,12,74,46,28,498,275,223,29,17,12,527,292,235,2017
224000,Vors tzliche einfache K rperverletzung   223 StGB,5913000,Dortmund,voll.,4830,2785,2045,24,10,14,241,174,67,265,184,81,375,214,161,414,237,177,3548,2011,1537,228,139,89,3776,2150,1626,2017
224000,Vors tzliche einfache K rperverletzung   223 StGB,14612000,Dresden,voll.,2186,1431,755,15,5,10,101,73,28,116,78,38,151,108,43,173,113,60,1624,1067,557,122,65,57,1746,1132,614,2017
224000,Vors tzliche einfache K rperverletzung   223 StGB,5112000,Duisburg,voll.,3457,1755,1702,31,21,10,228,165,63,259,186,73,313,168,145,273,150,123,2448,1172,1276,164,79,85,2612,1251,1361,2017
224000,Vors tzliche einfache K rperverletzung   223 StGB,5111000,D sseldorf,voll.,4386,2746,1640,15,9,6,164,122,42,179,131,48,280,187,93,446,266,180,3283,2054,1229,198,108,90,3481,2162,1319,2017
224000,Vors tzliche einfache K rperverletzung   223 StGB,16051000,Erfurt,voll.,1726,1117,609,23,13,10,129,85,44,152,98,54,163,107,56,173,108,65,1169,764,405,69,40,29,1238,804,434,2017
224000,Vors tzliche einfache K rperverletzung   223 StGB,9562000,Erlangen,voll.,546,352,194,2,1,1,17,14,3,19,15,4,60,38,22,55,38,17,391,251,140,21,10,11,412,261,151,2017
224000,Vors tzliche einfache K rperverletzung   223 StGB,5113000,Essen,voll.,2661,1412,1249,15,11,4,142,96,46,157,107,50,232,143,89,199,108,91,1929,979,950,144,75,69,2073,1054,1019,2017
224000,Vors tzliche einfache K rperverletzung   223 StGB,6412000,Frankfurt am Main,voll.,4253,2494,1759,23,13,10,113,80,33,136,93,43,184,96,88,344,211,133,3332,1939,1393,257,155,102,3589,2094,1495,2017
224000,Vors tzliche einfache K rperverletzung   223 StGB,8311000,Freiburg im Breisgau,voll.,2180,1463,717,30,22,8,101,67,34,131,89,42,183,114,69,228,171,57,1535,1019,516,103,70,33,1638,1089,549,2017
224000,Vors tzliche einfache K rperverletzung   223 StGB,9563000,F rth,voll.,546,340,206,1,0,1,29,25,4,30,25,5,54,36,18,46,24,22,391,240,151,25,15,10,416,255,161,2017
224000,Vors tzliche einfache K rperverletzung   223 StGB,5513000,Gelsenkirchen,voll.,1980,1004,976,15,11,4,157,114,43,172,125,47,199,108,91,165,92,73,1310,611,699,134,68,66,1444,679,765,2017
224000,Vors tzliche einfache K rperverletzung   223 StGB,3159016,G ttingen,voll.,985,643,342,7,4,3,33,20,13,40,24,16,62,37,25,112,82,30,723,470,253,48,30,18,771,500,271,2017
224000,Vors tzliche einfache K rperverletzung   223 StGB,5914000,Hagen,voll.,1216,651,565,6,5,1,74,44,30,80,49,31,97,56,41,135,75,60,842,430,412,62,41,21,904,471,433,2017
224000,Vors tzliche einfache K rperverletzung   223 StGB,15002000,Halle (Saale),voll.,2074,1246,828,7,5,2,133,89,44,140,94,46,200,116,84,160,93,67,1474,883,591,100,60,40,1574,943,631,2017
224000,Vors tzliche einfache K rperverletzung   223 StGB,2000000,Hamburg,voll.,15447,9277,6170,125,73,52,777,541,236,902,614,288,966,539,427,1275,804,471,11547,6866,4681,757,454,303,12304,7320,4984,2017
224000,Vors tzliche einfache K rperverletzung   223 StGB,5915000,Hamm,voll.,989,555,434,3,1,2,61,45,16,64,46,18,95,61,34,98,57,41,676,360,316,56,31,25,732,391,341,2017
224000,Vors tzliche einfache K rperverletzung   223 StGB,3241001,Hannover,voll.,5003,3077,1926,21,16,5,215,134,81,236,150,86,339,196,143,512,328,184,3681,2276,1405,235,127,108,3916,2403,1513,2017
224000,Vors tzliche einfache K rperverletzung   223 StGB,8221000,Heidelberg,voll.,986,676,310,11,3,8,20,14,6,31,17,14,47,36,11,130,96,34,726,500,226,52,27,25,778,527,251,2017
224000,Vors tzliche einfache K rperverletzung   223 StGB,8121000,Heilbronn,voll.,678,386,292,1,1,0,21,12,9,22,13,9,44,18,26,56,35,21,521,298,223,35,22,13,556,320,236,2017
224000,Vors tzliche einfache K rperverletzung   223 StGB,5916000,Herne,voll.,1288,713,575,4,0,4,72,45,27,76,45,31,160,82,78,116,62,54,857,479,378,79,45,34,936,524,412,2017
224000,Vors tzliche einfache K rperverletzung   223 StGB,3254021,Hildesheim,voll.,875,471,404,8,4,4,48,26,22,56,30,26,70,38,32,101,68,33,615,315,300,33,20,13,648,335,313,2017
224000,Vors tzliche einfache K rperverletzung   223 StGB,9161000,Ingolstadt,voll.,1036,675,361,11,3,8,38,24,14,49,27,22,66,43,23,111,78,33,780,512,268,30,15,15,810,527,283,2017
224000,Vors tzliche einfache K rperverletzung   223 StGB,16053000,Jena,voll.,534,359,175,12,8,4,25,19,6,37,27,10,51,41,10,51,32,19,377,247,130,18,12,6,395,259,136,2017
224000,Vors tzliche einfache K rperverletzung   223 StGB,8212000,Karlsruhe,voll.,1370,865,505,3,3,0,64,43,21,67,46,21,108,67,41,138,91,47,974,615,359,83,46,37,1057,661,396,2017
224000,Vors tzliche einfache K rperverletzung   223 StGB,6611000,Kassel,voll.,1072,556,516,11,7,4,36,27,9,47,34,13,61,30,31,89,45,44,824,414,410,51,33,18,875,447,428,2017
224000,Vors tzliche einfache K rperverletzung   223 StGB,1002000,Kiel,voll.,1767,1092,675,11,8,3,83,62,21,94,70,24,137,88,49,179,109,70,1283,783,500,74,42,32,1357,825,532,2017
224000,Vors tzliche einfache K rperverletzung   223 StGB,7111000,Koblenz,voll.,950,617,333,7,5,2,36,25,11,43,30,13,77,53,24,128,86,42,667,423,244,35,25,10,702,448,254,2017
224000,Vors tzliche einfache K rperverletzung   223 StGB,5315000,K ln,voll.,9642,5683,3959,49,25,24,424,291,133,473,316,157,662,384,278,882,528,354,7121,4162,2959,504,293,211,7625,4455,3170,2017
224000,Vors tzliche einfache K rperverletzung   223 StGB,5114000,Krefeld,voll.,1610,844,766,13,9,4,92,57,35,105,66,39,138,68,70,151,78,73,1118,579,539,98,53,45,1216,632,584,2017
224000,Vors tzliche einfache K rperverletzung   223 StGB,14713000,Leipzig,voll.,3069,1831,1238,29,16,13,155,110,45,184,126,58,235,144,91,230,131,99,2265,1343,922,155,87,68,2420,1430,990,2017
224000,Vors tzliche einfache K rperverletzung   223 StGB,5316000,Leverkusen,voll.,1043,542,501,6,2,4,61,42,19,67,44,23,97,56,41,108,56,52,730,364,366,41,22,19,771,386,385,2017
224000,Vors tzliche einfache K rperverletzung   223 StGB,1003000,L beck,voll.,2114,1308,806,11,7,4,92,60,32,103,67,36,197,125,72,203,129,74,1485,927,558,126,60,66,1611,987,624,2017
224000,Vors tzliche einfache K rperverletzung   223 StGB,7314000,Ludwigshafen am Rhein,voll.,1689,936,753,20,10,10,95,67,28,115,77,38,169,96,73,127,59,68,1189,646,543,89,58,31,1278,704,574,2017
224000,Vors tzliche einfache K rperverletzung   223 StGB,15003000,Magdeburg,voll.,1340,780,560,16,10,6,79,48,31,95,58,37,141,71,70,110,65,45,899,535,364,95,51,44,994,586,408,2017
224000,Vors tzliche einfache K rperverletzung   223 StGB,7315000,Mainz,voll.,1496,960,536,9,4,5,62,46,16,71,50,21,134,94,40,169,114,55,1050,655,395,72,47,25,1122,702,420,2017
224000,Vors tzliche einfache K rperverletzung   223 StGB,8222000,Mannheim,voll.,2038,1254,784,13,10,3,83,59,24,96,69,27,137,78,59,186,122,64,1508,922,586,111,63,48,1619,985,634,2017
224000,Vors tzliche einfache K rperverletzung   223 StGB,5170024,Moers,voll.,620,327,293,4,2,2,48,34,14,52,36,16,64,32,32,63,31,32,401,205,196,40,23,17,441,228,213,2017
224000,Vors tzliche einfache K rperverletzung   223 StGB,5116000,M nchengladbach,voll.,1477,730,747,12,8,4,75,53,22,87,61,26,145,84,61,160,68,92,1014,482,532,71,35,36,1085,517,568,2017
224000,Vors tzliche einfache K rperverletzung   223 StGB,5117000,M lheim an der Ruhr,voll.,571,285,286,3,2,1,36,22,14,39,24,15,51,33,18,49,24,25,393,185,208,39,19,20,432,204,228,2017
224000,Vors tzliche einfache K rperverletzung   223 StGB,9162000,M nchen,voll.,7498,4981,2517,64,41,23,226,144,82,290,185,105,393,250,143,681,491,190,5776,3847,1929,358,208,150,6134,4055,2079,2017
224000,Vors tzliche einfache K rperverletzung   223 StGB,5515000,M nster,voll.,1958,1221,737,7,4,3,94,68,26,101,72,29,155,106,49,176,115,61,1436,884,552,90,44,46,1526,928,598,2017
224000,Vors tzliche einfache K rperverletzung   223 StGB,5162024,Neuss,voll.,966,531,435,3,3,0,50,31,19,53,34,19,95,57,38,101,62,39,666,342,324,51,36,15,717,378,339,2017
224000,Vors tzliche einfache K rperverletzung   223 StGB,9564000,N rnberg,voll.,3820,2494,1326,23,15,8,147,98,49,170,113,57,326,184,142,389,270,119,2792,1842,950,143,85,58,2935,1927,1008,2017
224000,Vors tzliche einfache K rperverletzung   223 StGB,5119000,Oberhausen,voll.,1328,725,603,3,2,1,71,49,22,74,51,23,135,83,52,137,77,60,919,481,438,63,33,30,982,514,468,2017
224000,Vors tzliche einfache K rperverletzung   223 StGB,6413000,Offenbach am Main,voll.,535,241,294,2,1,1,25,16,9,27,17,10,30,18,12,36,15,21,416,178,238,26,13,13,442,191,251,2017
224000,Vors tzliche einfache K rperverletzung   223 StGB,3403000,Oldenburg (Oldenburg),voll.,901,534,367,4,1,3,26,16,10,30,17,13,53,33,20,101,65,36,677,386,291,40,33,7,717,419,298,2017
224000,Vors tzliche einfache K rperverletzung   223 StGB,3404000,Osnabr ck,voll.,907,519,388,5,3,2,27,21,6,32,24,8,78,38,40,77,47,30,676,385,291,44,25,19,720,410,310,2017
224000,Vors tzliche einfache K rperverletzung   223 StGB,5774032,Paderborn,voll.,829,490,339,6,4,2,25,16,9,31,20,11,71,45,26,103,60,43,595,349,246,29,16,13,624,365,259,2017
224000,Vors tzliche einfache K rperverletzung   223 StGB,8231000,Pforzheim,voll.,847,512,335,4,4,0,44,32,12,48,36,12,64,40,24,85,49,36,613,359,254,37,28,9,650,387,263,2017
224000,Vors tzliche einfache K rperverletzung   223 StGB,12054000,Potsdam,voll.,854,512,342,12,5,7,46,34,12,58,39,19,75,52,23,56,37,19,615,360,255,50,24,26,665,384,281,2017
224000,Vors tzliche einfache K rperverletzung   223 StGB,5562032,Recklinghausen,voll.,854,470,384,3,2,1,48,28,20,51,30,21,89,53,36,75,42,33,596,320,276,43,25,18,639,345,294,2017
224000,Vors tzliche einfache K rperverletzung   223 StGB,9362000,Regensburg,voll.,1045,728,317,10,9,1,30,21,9,40,30,10,75,50,25,135,90,45,758,531,227,37,27,10,795,558,237,2017
224000,Vors tzliche einfache K rperverletzung   223 StGB,5120000,Remscheid,voll.,725,356,369,3,1,2,54,40,14,57,41,16,68,39,29,66,30,36,502,231,271,32,15,17,534,246,288,2017
224000,Vors tzliche einfache K rperverletzung   223 StGB,8415061,Reutlingen,voll.,630,426,204,6,3,3,27,19,8,33,22,11,63,47,16,75,58,17,431,280,151,28,19,9,459,299,160,2017
224000,Vors tzliche einfache K rperverletzung   223 StGB,13003000,Rostock,voll.,997,606,391,5,1,4,71,51,20,76,52,24,89,52,37,86,53,33,688,413,275,58,36,22,746,449,297,2017
224000,Vors tzliche einfache K rperverletzung   223 StGB,10041100,Saarbr cken,voll.,1864,1066,798,5,1,4,88,62,26,93,63,30,183,94,89,215,110,105,1278,734,544,95,65,30,1373,799,574,2017
224000,Vors tzliche einfache K rperverletzung   223 StGB,3102000,Salzgitter,voll.,652,333,319,6,3,3,39,24,15,45,27,18,67,38,29,75,37,38,428,208,220,37,23,14,465,231,234,2017
224000,Vors tzliche einfache K rperverletzung   223 StGB,13004000,Schwerin,voll.,723,457,266,5,3,2,54,40,14,59,43,16,97,69,28,60,44,16,465,283,182,42,18,24,507,301,206,2017
224000,Vors tzliche einfache K rperverletzung   223 StGB,5970040,Siegen,voll.,846,516,330,2,1,1,41,28,13,43,29,14,75,57,18,99,70,29,591,337,254,38,23,15,629,360,269,2017
224000,Vors tzliche einfache K rperverletzung   223 StGB,5122000,Solingen,voll.,788,413,375,5,2,3,45,34,11,50,36,14,83,47,36,86,50,36,526,251,275,43,29,14,569,280,289,2017
224000,Vors tzliche einfache K rperverletzung   223 StGB,8111000,Stuttgart,voll.,5322,3445,1877,46,28,18,234,152,82,280,180,100,311,184,127,477,339,138,4041,2623,1418,213,119,94,4254,2742,1512,2017
224000,Vors tzliche einfache K rperverletzung   223 StGB,7211000,Trier,voll.,995,619,376,4,1,3,29,20,9,33,21,12,98,57,41,127,85,42,694,433,261,43,23,20,737,456,281,2017
224000,Vors tzliche einfache K rperverletzung   223 StGB,8421000,Ulm,voll.,701,466,235,5,4,1,40,31,9,45,35,10,62,35,27,75,49,26,481,329,152,38,18,20,519,347,172,2017
224000,Vors tzliche einfache K rperverletzung   223 StGB,6414000,Wiesbaden,voll.,1825,943,882,6,3,3,97,61,36,103,64,39,140,91,49,168,91,77,1290,641,649,124,56,68,1414,697,717,2017
224000,Vors tzliche einfache K rperverletzung   223 StGB,3103000,Wolfsburg,voll.,618,379,239,1,1,0,30,20,10,31,21,10,52,39,13,61,38,23,446,261,185,28,20,8,474,281,193,2017
224000,Vors tzliche einfache K rperverletzung   223 StGB,5124000,Wuppertal,voll.,2917,1662,1255,13,5,8,195,132,63,208,137,71,272,158,114,308,189,119,1992,1103,889,137,75,62,2129,1178,951,2017
224000,Vors tzliche einfache K rperverletzung   223 StGB,9663000,W rzburg,voll.,819,592,227,2,2,0,33,23,10,35,25,10,69,48,21,118,89,29,574,419,155,23,11,12,597,430,167,2017
224000,Vors tzliche einfache K rperverletzung   223 StGB,5334002,Aachen,vers.,44,27,17,0,0,0,0,0,0,0,0,0,2,1,1,2,2,0,36,23,13,4,1,3,40,24,16,2017
224000,Vors tzliche einfache K rperverletzung   223 StGB,9761000,Augsburg,vers.,277,216,61,0,0,0,4,4,0,4,4,0,11,9,2,20,16,4,234,182,52,8,5,3,242,187,55,2017
224000,Vors tzliche einfache K rperverletzung   223 StGB,5378004,Bergisch Gladbach,vers.,24,13,11,0,0,0,1,0,1,1,0,1,1,0,1,0,0,0,18,10,8,4,3,1,22,13,9,2017
224000,Vors tzliche einfache K rperverletzung   223 StGB,11000000,Berlin,vers.,2495,1815,680,19,7,12,52,34,18,71,41,30,92,57,35,93,60,33,2083,1547,536,156,110,46,2239,1657,582,2017
224000,Vors tzliche einfache K rperverletzung   223 StGB,5711000,Bielefeld,vers.,72,41,31,1,1,0,4,3,1,5,4,1,3,2,1,4,4,0,55,27,28,5,4,1,60,31,29,2017
224000,Vors tzliche einfache K rperverletzung   223 StGB,5911000,Bochum,vers.,128,87,41,0,0,0,3,3,0,3,3,0,7,5,2,6,3,3,106,71,35,6,5,1,112,76,36,2017
224000,Vors tzliche einfache K rperverletzung   223 StGB,5314000,Bonn,vers.,84,53,31,0,0,0,3,1,2,3,1,2,4,4,0,5,3,2,65,39,26,7,6,1,72,45,27,2017
224000,Vors tzliche einfache K rperverletzung   223 StGB,5512000,Bottrop,vers.,12,8,4,0,0,0,0,0,0,0,0,0,0,0,0,2,1,1,10,7,3,0,0,0,10,7,3,2017
224000,Vors tzliche einfache K rperverletzung   223 StGB,3101000,Braunschweig,vers.,174,140,34,0,0,0,2,2,0,2,2,0,6,6,0,9,6,3,154,125,29,3,1,2,157,126,31,2017
224000,Vors tzliche einfache K rperverletzung   223 StGB,4011000,Bremen,vers.,173,122,51,1,0,1,4,4,0,5,4,1,8,4,4,8,3,5,141,104,37,11,7,4,152,111,41,2017
224000,Vors tzliche einfache K rperverletzung   223 StGB,4012000,Bremerhaven,vers.,30,22,8,1,0,1,0,0,0,1,0,1,1,1,0,2,2,0,25,18,7,1,1,0,26,19,7,2017
224000,Vors tzliche einfache K rperverletzung   223 StGB,14511000,Chemnitz,vers.,36,24,12,1,1,0,0,0,0,1,1,0,5,4,1,2,2,0,27,16,11,1,1,0,28,17,11,2017
224000,Vors tzliche einfache K rperverletzung   223 StGB,12052000,Cottbus,vers.,22,15,7,0,0,0,2,1,1,2,1,1,2,1,1,2,2,0,12,8,4,4,3,1,16,11,5,2017
224000,Vors tzliche einfache K rperverletzung   223 StGB,6411000,Darmstadt,vers.,16,8,8,0,0,0,0,0,0,0,0,0,2,1,1,0,0,0,14,7,7,0,0,0,14,7,7,2017
224000,Vors tzliche einfache K rperverletzung   223 StGB,5913000,Dortmund,vers.,200,129,71,0,0,0,8,6,2,8,6,2,10,4,6,10,5,5,161,106,55,11,8,3,172,114,58,2017
224000,Vors tzliche einfache K rperverletzung   223 StGB,14612000,Dresden,vers.,124,87,37,1,0,1,5,4,1,6,4,2,6,3,3,6,2,4,100,74,26,6,4,2,106,78,28,2017
224000,Vors tzliche einfache K rperverletzung   223 StGB,5112000,Duisburg,vers.,127,77,50,2,1,1,3,2,1,5,3,2,0,0,0,5,3,2,105,66,39,12,5,7,117,71,46,2017
224000,Vors tzliche einfache K rperverletzung   223 StGB,5111000,D sseldorf,vers.,179,129,50,0,0,0,1,0,1,1,0,1,5,4,1,10,9,1,155,110,45,8,6,2,163,116,47,2017
224000,Vors tzliche einfache K rperverletzung   223 StGB,16051000,Erfurt,vers.,224,154,70,0,0,0,12,9,3,12,9,3,7,4,3,15,12,3,181,123,58,9,6,3,190,129,61,2017
224000,Vors tzliche einfache K rperverletzung   223 StGB,9562000,Erlangen,vers.,56,44,12,0,0,0,0,0,0,0,0,0,2,2,0,9,6,3,43,34,9,2,2,0,45,36,9,2017
224000,Vors tzliche einfache K rperverletzung   223 StGB,5113000,Essen,vers.,88,58,30,2,0,2,2,1,1,4,1,3,3,2,1,8,5,3,67,47,20,6,3,3,73,50,23,2017
224000,Vors tzliche einfache K rperverletzung   223 StGB,6412000,Frankfurt am Main,vers.,214,152,62,1,0,1,3,1,2,4,1,3,10,7,3,9,6,3,174,128,46,17,10,7,191,138,53,2017
224000,Vors tzliche einfache K rperverletzung   223 StGB,8311000,Freiburg im Breisgau,vers.,191,140,51,3,1,2,5,3,2,8,4,4,6,4,2,19,15,4,151,112,39,7,5,2,158,117,41,2017
224000,Vors tzliche einfache K rperverletzung   223 StGB,9563000,F rth,vers.,44,30,14,0,0,0,0,0,0,0,0,0,8,7,1,2,1,1,32,21,11,2,1,1,34,22,12,2017
224000,Vors tzliche einfache K rperverletzung   223 StGB,5513000,Gelsenkirchen,vers.,47,28,19,0,0,0,0,0,0,0,0,0,1,0,1,1,0,1,41,26,15,4,2,2,45,28,17,2017
224000,Vors tzliche einfache K rperverletzung   223 StGB,3159016,G ttingen,vers.,81,57,24,0,0,0,3,3,0,3,3,0,2,1,1,7,3,4,68,49,19,1,1,0,69,50,19,2017
224000,Vors tzliche einfache K rperverletzung   223 StGB,5914000,Hagen,vers.,44,31,13,0,0,0,1,0,1,1,0,1,2,2,0,2,1,1,36,26,10,3,2,1,39,28,11,2017
224000,Vors tzliche einfache K rperverletzung   223 StGB,15002000,Halle (Saale),vers.,133,92,41,0,0,0,4,1,3,4,1,3,11,9,2,10,7,3,104,72,32,4,3,1,108,75,33,2017
224000,Vors tzliche einfache K rperverletzung   223 StGB,2000000,Hamburg,vers.,556,402,154,3,2,1,13,9,4,16,11,5,15,8,7,20,12,8,476,352,124,29,19,10,505,371,134,2017
224000,Vors tzliche einfache K rperverletzung   223 StGB,5915000,Hamm,vers.,49,33,16,0,0,0,0,0,0,0,0,0,4,1,3,4,3,1,38,27,11,3,2,1,41,29,12,2017
224000,Vors tzliche einfache K rperverletzung   223 StGB,3241001,Hannover,vers.,441,311,130,2,0,2,5,2,3,7,2,5,18,9,9,31,15,16,370,276,94,15,9,6,385,285,100,2017
224000,Vors tzliche einfache K rperverletzung   223 StGB,8221000,Heidelberg,vers.,64,51,13,0,0,0,0,0,0,0,0,0,1,1,0,2,2,0,58,47,11,3,1,2,61,48,13,2017
224000,Vors tzliche einfache K rperverletzung   223 StGB,8121000,Heilbronn,vers.,24,16,8,0,0,0,0,0,0,0,0,0,1,0,1,1,1,0,18,12,6,4,3,1,22,15,7,2017
224000,Vors tzliche einfache K rperverletzung   223 StGB,5916000,Herne,vers.,37,22,15,0,0,0,1,1,0,1,1,0,3,2,1,1,1,0,29,16,13,3,2,1,32,18,14,2017
224000,Vors tzliche einfache K rperverletzung   223 StGB,3254021,Hildesheim,vers.,55,41,14,0,0,0,2,2,0,2,2,0,1,1,0,4,4,0,46,32,14,2,2,0,48,34,14,2017
224000,Vors tzliche einfache K rperverletzung   223 StGB,9161000,Ingolstadt,vers.,108,90,18,0,0,0,0,0,0,0,0,0,3,3,0,10,8,2,89,74,15,6,5,1,95,79,16,2017
224000,Vors tzliche einfache K rperverletzung   223 StGB,16053000,Jena,vers.,43,36,7,0,0,0,2,1,1,2,1,1,4,4,0,3,2,1,31,26,5,3,3,0,34,29,5,2017
224000,Vors tzliche einfache K rperverletzung   223 StGB,8212000,Karlsruhe,vers.,92,68,24,0,0,0,1,1,0,1,1,0,7,5,2,7,3,4,71,55,16,6,4,2,77,59,18,2017
224000,Vors tzliche einfache K rperverletzung   223 StGB,6611000,Kassel,vers.,39,21,18,1,0,1,0,0,0,1,0,1,1,1,0,4,2,2,30,16,14,3,2,1,33,18,15,2017
224000,Vors tzliche einfache K rperverletzung   223 StGB,1002000,Kiel,vers.,71,46,25,0,0,0,4,4,0,4,4,0,2,2,0,3,2,1,60,38,22,2,0,2,62,38,24,2017
224000,Vors tzliche einfache K rperverletzung   223 StGB,7111000,Koblenz,vers.,55,34,21,0,0,0,0,0,0,0,0,0,1,1,0,3,1,2,48,31,17,3,1,2,51,32,19,2017
224000,Vors tzliche einfache K rperverletzung   223 StGB,5315000,K ln,vers.,430,284,146,3,2,1,8,7,1,11,9,2,22,16,6,19,14,5,342,225,117,36,20,16,378,245,133,2017
224000,Vors tzliche einfache K rperverletzung   223 StGB,5114000,Krefeld,vers.,60,31,29,0,0,0,1,0,1,1,0,1,4,4,0,1,0,1,49,25,24,5,2,3,54,27,27,2017
224000,Vors tzliche einfache K rperverletzung   223 StGB,14713000,Leipzig,vers.,167,127,40,1,0,1,6,5,1,7,5,2,5,4,1,8,4,4,137,106,31,10,8,2,147,114,33,2017
224000,Vors tzliche einfache K rperverletzung   223 StGB,5316000,Leverkusen,vers.,65,39,26,1,1,0,1,0,1,2,1,1,9,5,4,1,0,1,48,30,18,5,3,2,53,33,20,2017
224000,Vors tzliche einfache K rperverletzung   223 StGB,1003000,L beck,vers.,242,183,59,0,0,0,0,0,0,0,0,0,4,4,0,13,5,8,214,169,45,11,5,6,225,174,51,2017
224000,Vors tzliche einfache K rperverletzung   223 StGB,7314000,Ludwigshafen am Rhein,vers.,133,84,49,1,0,1,11,7,4,12,7,5,7,6,1,6,5,1,100,62,38,8,4,4,108,66,42,2017
224000,Vors tzliche einfache K rperverletzung   223 StGB,15003000,Magdeburg,vers.,66,48,18,0,0,0,1,0,1,1,0,1,3,2,1,5,4,1,55,41,14,2,1,1,57,42,15,2017
224000,Vors tzliche einfache K rperverletzung   223 StGB,7315000,Mainz,vers.,135,108,27,0,0,0,0,0,0,0,0,0,10,10,0,8,4,4,111,89,22,6,5,1,117,94,23,2017
224000,Vors tzliche einfache K rperverletzung   223 StGB,8222000,Mannheim,vers.,130,98,32,0,0,0,1,1,0,1,1,0,1,1,0,6,6,0,112,82,30,10,8,2,122,90,32,2017
224000,Vors tzliche einfache K rperverletzung   223 StGB,5170024,Moers,vers.,32,13,19,0,0,0,3,0,3,3,0,3,2,1,1,1,0,1,21,10,11,5,2,3,26,12,14,2017
224000,Vors tzliche einfache K rperverletzung   223 StGB,5116000,M nchengladbach,vers.,48,29,19,0,0,0,1,0,1,1,0,1,1,1,0,3,1,2,37,23,14,6,4,2,43,27,16,2017
224000,Vors tzliche einfache K rperverletzung   223 StGB,5117000,M lheim an der Ruhr,vers.,16,12,4,0,0,0,0,0,0,0,0,0,1,0,1,1,0,1,10,8,2,4,4,0,14,12,2,2017
224000,Vors tzliche einfache K rperverletzung   223 StGB,9162000,M nchen,vers.,782,617,165,5,0,5,9,6,3,14,6,8,22,17,5,35,23,12,670,543,127,41,28,13,711,571,140,2017
224000,Vors tzliche einfache K rperverletzung   223 StGB,5515000,M nster,vers.,73,44,29,1,1,0,2,1,1,3,2,1,4,2,2,1,0,1,59,37,22,6,3,3,65,40,25,2017
224000,Vors tzliche einfache K rperverletzung   223 StGB,5162024,Neuss,vers.,38,20,18,1,1,0,1,0,1,2,1,1,0,0,0,0,0,0,34,18,16,2,1,1,36,19,17,2017
224000,Vors tzliche einfache K rperverletzung   223 StGB,9564000,N rnberg,vers.,361,290,71,2,1,1,4,4,0,6,5,1,16,10,6,26,22,4,299,242,57,14,11,3,313,253,60,2017
224000,Vors tzliche einfache K rperverletzung   223 StGB,5119000,Oberhausen,vers.,49,30,19,0,0,0,0,0,0,0,0,0,0,0,0,4,2,2,41,25,16,4,3,1,45,28,17,2017
224000,Vors tzliche einfache K rperverletzung   223 StGB,6413000,Offenbach am Main,vers.,13,8,5,0,0,0,0,0,0,0,0,0,0,0,0,0,0,0,11,6,5,2,2,0,13,8,5,2017
224000,Vors tzliche einfache K rperverletzung   223 StGB,3403000,Oldenburg (Oldenburg),vers.,63,44,19,0,0,0,1,0,1,1,0,1,1,0,1,4,4,0,54,38,16,3,2,1,57,40,17,2017
224000,Vors tzliche einfache K rperverletzung   223 StGB,3404000,Osnabr ck,vers.,54,35,19,0,0,0,1,0,1,1,0,1,2,2,0,3,3,0,43,28,15,5,2,3,48,30,18,2017
224000,Vors tzliche einfache K rperverletzung   223 StGB,5774032,Paderborn,vers.,55,32,23,0,0,0,3,3,0,3,3,0,6,4,2,4,2,2,40,22,18,2,1,1,42,23,19,2017
224000,Vors tzliche einfache K rperverletzung   223 StGB,8231000,Pforzheim,vers.,34,19,15,0,0,0,0,0,0,0,0,0,1,0,1,3,2,1,29,16,13,1,1,0,30,17,13,2017
224000,Vors tzliche einfache K rperverletzung   223 StGB,12054000,Potsdam,vers.,50,35,15,0,0,0,2,2,0,2,2,0,1,1,0,3,1,2,40,29,11,4,2,2,44,31,13,2017
224000,Vors tzliche einfache K rperverletzung   223 StGB,5562032,Recklinghausen,vers.,28,16,12,1,1,0,3,1,2,4,2,2,2,0,2,1,1,0,16,9,7,5,4,1,21,13,8,2017
224000,Vors tzliche einfache K rperverletzung   223 StGB,9362000,Regensburg,vers.,115,89,26,0,0,0,3,2,1,3,2,1,4,2,2,8,7,1,97,76,21,3,2,1,100,78,22,2017
224000,Vors tzliche einfache K rperverletzung   223 StGB,5120000,Remscheid,vers.,30,20,10,0,0,0,0,0,0,0,0,0,2,1,1,1,1,0,24,16,8,3,2,1,27,18,9,2017
224000,Vors tzliche einfache K rperverletzung   223 StGB,8415061,Reutlingen,vers.,24,15,9,1,0,1,0,0,0,1,0,1,2,0,2,2,0,2,19,15,4,0,0,0,19,15,4,2017
224000,Vors tzliche einfache K rperverletzung   223 StGB,13003000,Rostock,vers.,68,48,20,1,0,1,5,3,2,6,3,3,3,1,2,7,5,2,42,29,13,10,10,0,52,39,13,2017
224000,Vors tzliche einfache K rperverletzung   223 StGB,10041100,Saarbr cken,vers.,174,115,59,0,0,0,3,2,1,3,2,1,5,2,3,12,7,5,143,96,47,11,8,3,154,104,50,2017
224000,Vors tzliche einfache K rperverletzung   223 StGB,3102000,Salzgitter,vers.,29,20,9,0,0,0,1,1,0,1,1,0,3,3,0,2,1,1,21,14,7,2,1,1,23,15,8,2017
224000,Vors tzliche einfache K rperverletzung   223 StGB,13004000,Schwerin,vers.,47,35,12,1,1,0,0,0,0,1,1,0,3,3,0,3,1,2,38,28,10,2,2,0,40,30,10,2017
224000,Vors tzliche einfache K rperverletzung   223 StGB,5970040,Siegen,vers.,53,28,25,0,0,0,1,1,0,1,1,0,3,2,1,1,1,0,47,24,23,1,0,1,48,24,24,2017
224000,Vors tzliche einfache K rperverletzung   223 StGB,5122000,Solingen,vers.,19,11,8,0,0,0,1,0,1,1,0,1,0,0,0,0,0,0,16,9,7,2,2,0,18,11,7,2017
224000,Vors tzliche einfache K rperverletzung   223 StGB,8111000,Stuttgart,vers.,505,400,105,0,0,0,3,1,2,3,1,2,12,9,3,21,14,7,455,364,91,14,12,2,469,376,93,2017
224000,Vors tzliche einfache K rperverletzung   223 StGB,7211000,Trier,vers.,58,43,15,0,0,0,0,0,0,0,0,0,3,3,0,1,0,1,48,37,11,6,3,3,54,40,14,2017
224000,Vors tzliche einfache K rperverletzung   223 StGB,8421000,Ulm,vers.,44,35,9,0,0,0,2,0,2,2,0,2,0,0,0,1,1,0,40,33,7,1,1,0,41,34,7,2017
224000,Vors tzliche einfache K rperverletzung   223 StGB,6414000,Wiesbaden,vers.,66,41,25,0,0,0,2,1,1,2,1,1,3,1,2,1,0,1,52,34,18,8,5,3,60,39,21,2017
224000,Vors tzliche einfache K rperverletzung   223 StGB,3103000,Wolfsburg,vers.,42,28,14,0,0,0,0,0,0,0,0,0,1,0,1,1,1,0,39,26,13,1,1,0,40,27,13,2017
224000,Vors tzliche einfache K rperverletzung   223 StGB,5124000,Wuppertal,vers.,118,71,47,0,0,0,5,2,3,5,2,3,4,3,1,6,2,4,96,59,37,7,5,2,103,64,39,2017
224000,Vors tzliche einfache K rperverletzung   223 StGB,9663000,W rzburg,vers.,96,82,14,0,0,0,0,0,0,0,0,0,4,3,1,11,6,5,75,69,6,6,4,2,81,73,8,2017
224000,Vors tzliche einfache K rperverletzung   223 StGB,5334002,Aachen,insg.,1673,985,688,5,5,0,51,37,14,56,42,14,136,87,49,157,106,51,1234,699,535,90,51,39,1324,750,574,2017
224000,Vors tzliche einfache K rperverletzung   223 StGB,9761000,Augsburg,insg.,2580,1665,915,22,14,8,128,84,44,150,98,52,186,105,81,233,147,86,1918,1258,660,93,57,36,2011,1315,696,2017
224000,Vors tzliche einfache K rperverletzung   223 StGB,5378004,Bergisch Gladbach,insg.,542,287,255,4,4,0,34,20,14,38,24,14,62,42,20,36,17,19,374,188,186,32,16,16,406,204,202,2017
224000,Vors tzliche einfache K rperverletzung   223 StGB,11000000,Berlin,insg.,31775,18898,12877,236,111,125,1837,1235,602,2073,1346,727,2067,1240,827,2015,1158,857,23792,14135,9657,1828,1019,809,25620,15154,10466,2017
224000,Vors tzliche einfache K rperverletzung   223 StGB,5711000,Bielefeld,insg.,1856,956,900,11,10,1,60,41,19,71,51,20,133,68,65,172,105,67,1382,675,707,98,57,41,1480,732,748,2017
224000,Vors tzliche einfache K rperverletzung   223 StGB,5911000,Bochum,insg.,2882,1655,1227,17,13,4,132,87,45,149,100,49,236,141,95,302,177,125,2050,1158,892,145,79,66,2195,1237,958,2017
224000,Vors tzliche einfache K rperverletzung   223 StGB,5314000,Bonn,insg.,2200,1266,934,6,3,3,117,79,38,123,82,41,158,95,63,194,119,75,1597,901,696,128,69,59,1725,970,755,2017
224000,Vors tzliche einfache K rperverletzung   223 StGB,5512000,Bottrop,insg.,567,317,250,1,1,0,29,20,9,30,21,9,55,30,25,66,39,27,393,215,178,23,12,11,416,227,189,2017
224000,Vors tzliche einfache K rperverletzung   223 StGB,3101000,Braunschweig,insg.,1882,1211,671,6,5,1,81,50,31,87,55,32,122,66,56,221,139,82,1380,904,476,72,47,25,1452,951,501,2017
224000,Vors tzliche einfache K rperverletzung   223 StGB,4011000,Bremen,insg.,4716,2901,1815,14,7,7,154,105,49,168,112,56,311,196,115,484,309,175,3515,2148,1367,238,136,102,3753,2284,1469,2017
224000,Vors tzliche einfache K rperverletzung   223 StGB,4012000,Bremerhaven,insg.,1102,604,498,13,6,7,54,39,15,67,45,22,94,51,43,103,41,62,797,445,352,41,22,19,838,467,371,2017
224000,Vors tzliche einfache K rperverletzung   223 StGB,14511000,Chemnitz,insg.,1120,646,474,4,3,1,68,36,32,72,39,33,136,74,62,110,67,43,737,427,310,65,39,26,802,466,336,2017
224000,Vors tzliche einfache K rperverletzung   223 StGB,12052000,Cottbus,insg.,611,402,209,5,3,2,49,41,8,54,44,10,60,36,24,54,37,17,404,258,146,39,27,12,443,285,158,2017
224000,Vors tzliche einfache K rperverletzung   223 StGB,6411000,Darmstadt,insg.,687,395,292,5,1,4,21,16,5,26,17,9,46,33,13,74,46,28,512,282,230,29,17,12,541,299,242,2017
224000,Vors tzliche einfache K rperverletzung   223 StGB,5913000,Dortmund,insg.,5030,2914,2116,24,10,14,249,180,69,273,190,83,385,218,167,424,242,182,3709,2117,1592,239,147,92,3948,2264,1684,2017
224000,Vors tzliche einfache K rperverletzung   223 StGB,14612000,Dresden,insg.,2310,1518,792,16,5,11,106,77,29,122,82,40,157,111,46,179,115,64,1724,1141,583,128,69,59,1852,1210,642,2017
224000,Vors tzliche einfache K rperverletzung   223 StGB,5112000,Duisburg,insg.,3584,1832,1752,33,22,11,231,167,64,264,189,75,313,168,145,278,153,125,2553,1238,1315,176,84,92,2729,1322,1407,2017
224000,Vors tzliche einfache K rperverletzung   223 StGB,5111000,D sseldorf,insg.,4565,2875,1690,15,9,6,165,122,43,180,131,49,285,191,94,456,275,181,3438,2164,1274,206,114,92,3644,2278,1366,2017
224000,Vors tzliche einfache K rperverletzung   223 StGB,16051000,Erfurt,insg.,1950,1271,679,23,13,10,141,94,47,164,107,57,170,111,59,188,120,68,1350,887,463,78,46,32,1428,933,495,2017
224000,Vors tzliche einfache K rperverletzung   223 StGB,9562000,Erlangen,insg.,602,396,206,2,1,1,17,14,3,19,15,4,62,40,22,64,44,20,434,285,149,23,12,11,457,297,160,2017
224000,Vors tzliche einfache K rperverletzung   223 StGB,5113000,Essen,insg.,2749,1470,1279,17,11,6,144,97,47,161,108,53,235,145,90,207,113,94,1996,1026,970,150,78,72,2146,1104,1042,2017
224000,Vors tzliche einfache K rperverletzung   223 StGB,6412000,Frankfurt am Main,insg.,4467,2646,1821,24,13,11,116,81,35,140,94,46,194,103,91,353,217,136,3506,2067,1439,274,165,109,3780,2232,1548,2017
224000,Vors tzliche einfache K rperverletzung   223 StGB,8311000,Freiburg im Breisgau,insg.,2371,1603,768,33,23,10,106,70,36,139,93,46,189,118,71,247,186,61,1686,1131,555,110,75,35,1796,1206,590,2017
224000,Vors tzliche einfache K rperverletzung   223 StGB,9563000,F rth,insg.,590,370,220,1,0,1,29,25,4,30,25,5,62,43,19,48,25,23,423,261,162,27,16,11,450,277,173,2017
224000,Vors tzliche einfache K rperverletzung   223 StGB,5513000,Gelsenkirchen,insg.,2027,1032,995,15,11,4,157,114,43,172,125,47,200,108,92,166,92,74,1351,637,714,138,70,68,1489,707,782,2017
224000,Vors tzliche einfache K rperverletzung   223 StGB,3159016,G ttingen,insg.,1066,700,366,7,4,3,36,23,13,43,27,16,64,38,26,119,85,34,791,519,272,49,31,18,840,550,290,2017
224000,Vors tzliche einfache K rperverletzung   223 StGB,5914000,Hagen,insg.,1260,682,578,6,5,1,75,44,31,81,49,32,99,58,41,137,76,61,878,456,422,65,43,22,943,499,444,2017
224000,Vors tzliche einfache K rperverletzung   223 StGB,15002000,Halle (Saale),insg.,2207,1338,869,7,5,2,137,90,47,144,95,49,211,125,86,170,100,70,1578,955,623,104,63,41,1682,1018,664,2017
224000,Vors tzliche einfache K rperverletzung   223 StGB,2000000,Hamburg,insg.,16003,9679,6324,128,75,53,790,550,240,918,625,293,981,547,434,1295,816,479,12023,7218,4805,786,473,313,12809,7691,5118,2017
224000,Vors tzliche einfache K rperverletzung   223 StGB,5915000,Hamm,insg.,1038,588,450,3,1,2,61,45,16,64,46,18,99,62,37,102,60,42,714,387,327,59,33,26,773,420,353,2017
224000,Vors tzliche einfache K rperverletzung   223 StGB,3241001,Hannover,insg.,5444,3388,2056,23,16,7,220,136,84,243,152,91,357,205,152,543,343,200,4051,2552,1499,250,136,114,4301,2688,1613,2017
224000,Vors tzliche einfache K rperverletzung   223 StGB,8221000,Heidelberg,insg.,1050,727,323,11,3,8,20,14,6,31,17,14,48,37,11,132,98,34,784,547,237,55,28,27,839,575,264,2017
224000,Vors tzliche einfache K rperverletzung   223 StGB,8121000,Heilbronn,insg.,702,402,300,1,1,0,21,12,9,22,13,9,45,18,27,57,36,21,539,310,229,39,25,14,578,335,243,2017
224000,Vors tzliche einfache K rperverletzung   223 StGB,5916000,Herne,insg.,1325,735,590,4,0,4,73,46,27,77,46,31,163,84,79,117,63,54,886,495,391,82,47,35,968,542,426,2017
224000,Vors tzliche einfache K rperverletzung   223 StGB,3254021,Hildesheim,insg.,930,512,418,8,4,4,50,28,22,58,32,26,71,39,32,105,72,33,661,347,314,35,22,13,696,369,327,2017
224000,Vors tzliche einfache K rperverletzung   223 StGB,9161000,Ingolstadt,insg.,1144,765,379,11,3,8,38,24,14,49,27,22,69,46,23,121,86,35,869,586,283,36,20,16,905,606,299,2017
224000,Vors tzliche einfache K rperverletzung   223 StGB,16053000,Jena,insg.,577,395,182,12,8,4,27,20,7,39,28,11,55,45,10,54,34,20,408,273,135,21,15,6,429,288,141,2017
224000,Vors tzliche einfache K rperverletzung   223 StGB,8212000,Karlsruhe,insg.,1462,933,529,3,3,0,65,44,21,68,47,21,115,72,43,145,94,51,1045,670,375,89,50,39,1134,720,414,2017
224000,Vors tzliche einfache K rperverletzung   223 StGB,6611000,Kassel,insg.,1111,577,534,12,7,5,36,27,9,48,34,14,62,31,31,93,47,46,854,430,424,54,35,19,908,465,443,2017
224000,Vors tzliche einfache K rperverletzung   223 StGB,1002000,Kiel,insg.,1838,1138,700,11,8,3,87,66,21,98,74,24,139,90,49,182,111,71,1343,821,522,76,42,34,1419,863,556,2017
224000,Vors tzliche einfache K rperverletzung   223 StGB,7111000,Koblenz,insg.,1005,651,354,7,5,2,36,25,11,43,30,13,78,54,24,131,87,44,715,454,261,38,26,12,753,480,273,2017
224000,Vors tzliche einfache K rperverletzung   223 StGB,5315000,K ln,insg.,10072,5967,4105,52,27,25,432,298,134,484,325,159,684,400,284,901,542,359,7463,4387,3076,540,313,227,8003,4700,3303,2017
224000,Vors tzliche einfache K rperverletzung   223 StGB,5114000,Krefeld,insg.,1670,875,795,13,9,4,93,57,36,106,66,40,142,72,70,152,78,74,1167,604,563,103,55,48,1270,659,611,2017
224000,Vors tzliche einfache K rperverletzung   223 StGB,14713000,Leipzig,insg.,3236,1958,1278,30,16,14,161,115,46,191,131,60,240,148,92,238,135,103,2402,1449,953,165,95,70,2567,1544,1023,2017
224000,Vors tzliche einfache K rperverletzung   223 StGB,5316000,Leverkusen,insg.,1108,581,527,7,3,4,62,42,20,69,45,24,106,61,45,109,56,53,778,394,384,46,25,21,824,419,405,2017
224000,Vors tzliche einfache K rperverletzung   223 StGB,1003000,L beck,insg.,2356,1491,865,11,7,4,92,60,32,103,67,36,201,129,72,216,134,82,1699,1096,603,137,65,72,1836,1161,675,2017
224000,Vors tzliche einfache K rperverletzung   223 StGB,7314000,Ludwigshafen am Rhein,insg.,1822,1020,802,21,10,11,106,74,32,127,84,43,176,102,74,133,64,69,1289,708,581,97,62,35,1386,770,616,2017
224000,Vors tzliche einfache K rperverletzung   223 StGB,15003000,Magdeburg,insg.,1406,828,578,16,10,6,80,48,32,96,58,38,144,73,71,115,69,46,954,576,378,97,52,45,1051,628,423,2017
224000,Vors tzliche einfache K rperverletzung   223 StGB,7315000,Mainz,insg.,1631,1068,563,9,4,5,62,46,16,71,50,21,144,104,40,177,118,59,1161,744,417,78,52,26,1239,796,443,2017
224000,Vors tzliche einfache K rperverletzung   223 StGB,8222000,Mannheim,insg.,2168,1352,816,13,10,3,84,60,24,97,70,27,138,79,59,192,128,64,1620,1004,616,121,71,50,1741,1075,666,2017
224000,Vors tzliche einfache K rperverletzung   223 StGB,5170024,Moers,insg.,652,340,312,4,2,2,51,34,17,55,36,19,66,33,33,64,31,33,422,215,207,45,25,20,467,240,227,2017
224000,Vors tzliche einfache K rperverletzung   223 StGB,5116000,M nchengladbach,insg.,1525,759,766,12,8,4,76,53,23,88,61,27,146,85,61,163,69,94,1051,505,546,77,39,38,1128,544,584,2017
224000,Vors tzliche einfache K rperverletzung   223 StGB,5117000,M lheim an der Ruhr,insg.,587,297,290,3,2,1,36,22,14,39,24,15,52,33,19,50,24,26,403,193,210,43,23,20,446,216,230,2017
224000,Vors tzliche einfache K rperverletzung   223 StGB,9162000,M nchen,insg.,8280,5598,2682,69,41,28,235,150,85,304,191,113,415,267,148,716,514,202,6446,4390,2056,399,236,163,6845,4626,2219,2017
224000,Vors tzliche einfache K rperverletzung   223 StGB,5515000,M nster,insg.,2031,1265,766,8,5,3,96,69,27,104,74,30,159,108,51,177,115,62,1495,921,574,96,47,49,1591,968,623,2017
224000,Vors tzliche einfache K rperverletzung   223 StGB,5162024,Neuss,insg.,1004,551,453,4,4,0,51,31,20,55,35,20,95,57,38,101,62,39,700,360,340,53,37,16,753,397,356,2017
224000,Vors tzliche einfache K rperverletzung   223 StGB,9564000,N rnberg,insg.,4181,2784,1397,25,16,9,151,102,49,176,118,58,342,194,148,415,292,123,3091,2084,1007,157,96,61,3248,2180,1068,2017
224000,Vors tzliche einfache K rperverletzung   223 StGB,5119000,Oberhausen,insg.,1377,755,622,3,2,1,71,49,22,74,51,23,135,83,52,141,79,62,960,506,454,67,36,31,1027,542,485,2017
224000,Vors tzliche einfache K rperverletzung   223 StGB,6413000,Offenbach am Main,insg.,548,249,299,2,1,1,25,16,9,27,17,10,30,18,12,36,15,21,427,184,243,28,15,13,455,199,256,2017
224000,Vors tzliche einfache K rperverletzung   223 StGB,3403000,Oldenburg (Oldenburg),insg.,964,578,386,4,1,3,27,16,11,31,17,14,54,33,21,105,69,36,731,424,307,43,35,8,774,459,315,2017
224000,Vors tzliche einfache K rperverletzung   223 StGB,3404000,Osnabr ck,insg.,961,554,407,5,3,2,28,21,7,33,24,9,80,40,40,80,50,30,719,413,306,49,27,22,768,440,328,2017
224000,Vors tzliche einfache K rperverletzung   223 StGB,5774032,Paderborn,insg.,884,522,362,6,4,2,28,19,9,34,23,11,77,49,28,107,62,45,635,371,264,31,17,14,666,388,278,2017
224000,Vors tzliche einfache K rperverletzung   223 StGB,8231000,Pforzheim,insg.,881,531,350,4,4,0,44,32,12,48,36,12,65,40,25,88,51,37,642,375,267,38,29,9,680,404,276,2017
224000,Vors tzliche einfache K rperverletzung   223 StGB,12054000,Potsdam,insg.,904,547,357,12,5,7,48,36,12,60,41,19,76,53,23,59,38,21,655,389,266,54,26,28,709,415,294,2017
224000,Vors tzliche einfache K rperverletzung   223 StGB,5562032,Recklinghausen,insg.,882,486,396,4,3,1,51,29,22,55,32,23,91,53,38,76,43,33,612,329,283,48,29,19,660,358,302,2017
224000,Vors tzliche einfache K rperverletzung   223 StGB,9362000,Regensburg,insg.,1160,817,343,10,9,1,33,23,10,43,32,11,79,52,27,143,97,46,855,607,248,40,29,11,895,636,259,2017
224000,Vors tzliche einfache K rperverletzung   223 StGB,5120000,Remscheid,insg.,755,376,379,3,1,2,54,40,14,57,41,16,70,40,30,67,31,36,526,247,279,35,17,18,561,264,297,2017
224000,Vors tzliche einfache K rperverletzung   223 StGB,8415061,Reutlingen,insg.,654,441,213,7,3,4,27,19,8,34,22,12,65,47,18,77,58,19,450,295,155,28,19,9,478,314,164,2017
224000,Vors tzliche einfache K rperverletzung   223 StGB,13003000,Rostock,insg.,1065,654,411,6,1,5,76,54,22,82,55,27,92,53,39,93,58,35,730,442,288,68,46,22,798,488,310,2017
224000,Vors tzliche einfache K rperverletzung   223 StGB,10041100,Saarbr cken,insg.,2038,1181,857,5,1,4,91,64,27,96,65,31,188,96,92,227,117,110,1421,830,591,106,73,33,1527,903,624,2017
224000,Vors tzliche einfache K rperverletzung   223 StGB,3102000,Salzgitter,insg.,681,353,328,6,3,3,40,25,15,46,28,18,70,41,29,77,38,39,449,222,227,39,24,15,488,246,242,2017
224000,Vors tzliche einfache K rperverletzung   223 StGB,13004000,Schwerin,insg.,770,492,278,6,4,2,54,40,14,60,44,16,100,72,28,63,45,18,503,311,192,44,20,24,547,331,216,2017
224000,Vors tzliche einfache K rperverletzung   223 StGB,5970040,Siegen,insg.,899,544,355,2,1,1,42,29,13,44,30,14,78,59,19,100,71,29,638,361,277,39,23,16,677,384,293,2017
224000,Vors tzliche einfache K rperverletzung   223 StGB,5122000,Solingen,insg.,807,424,383,5,2,3,46,34,12,51,36,15,83,47,36,86,50,36,542,260,282,45,31,14,587,291,296,2017
224000,Vors tzliche einfache K rperverletzung   223 StGB,8111000,Stuttgart,insg.,5827,3845,1982,46,28,18,237,153,84,283,181,102,323,193,130,498,353,145,4496,2987,1509,227,131,96,4723,3118,1605,2017
224000,Vors tzliche einfache K rperverletzung   223 StGB,7211000,Trier,insg.,1053,662,391,4,1,3,29,20,9,33,21,12,101,60,41,128,85,43,742,470,272,49,26,23,791,496,295,2017
224000,Vors tzliche einfache K rperverletzung   223 StGB,8421000,Ulm,insg.,745,501,244,5,4,1,42,31,11,47,35,12,62,35,27,76,50,26,521,362,159,39,19,20,560,381,179,2017
224000,Vors tzliche einfache K rperverletzung   223 StGB,6414000,Wiesbaden,insg.,1891,984,907,6,3,3,99,62,37,105,65,40,143,92,51,169,91,78,1342,675,667,132,61,71,1474,736,738,2017
224000,Vors tzliche einfache K rperverletzung   223 StGB,3103000,Wolfsburg,insg.,660,407,253,1,1,0,30,20,10,31,21,10,53,39,14,62,39,23,485,287,198,29,21,8,514,308,206,2017
224000,Vors tzliche einfache K rperverletzung   223 StGB,5124000,Wuppertal,insg.,3035,1733,1302,13,5,8,200,134,66,213,139,74,276,161,115,314,191,123,2088,1162,926,144,80,64,2232,1242,990,2017
224000,Vors tzliche einfache K rperverletzung   223 StGB,9663000,W rzburg,insg.,915,674,241,2,2,0,33,23,10,35,25,10,73,51,22,129,95,34,649,488,161,29,15,14,678,503,175,2017
621021,Widerstand gegen Polizeivollzugsbeamte,5334002,Aachen,voll.,431,339,92,0,0,0,0,0,0,0,0,0,0,0,0,10,4,6,417,332,85,4,3,1,421,335,86,2017
621021,Widerstand gegen Polizeivollzugsbeamte,9761000,Augsburg,voll.,257,217,40,0,0,0,0,0,0,0,0,0,0,0,0,9,9,0,247,207,40,1,1,0,248,208,40,2017
621021,Widerstand gegen Polizeivollzugsbeamte,5378004,Bergisch Gladbach,voll.,56,36,20,0,0,0,0,0,0,0,0,0,0,0,0,0,0,0,55,35,20,1,1,0,56,36,20,2017
621021,Widerstand gegen Polizeivollzugsbeamte,11000000,Berlin,voll.,4611,3945,666,2,2,0,0,0,0,2,2,0,6,6,0,20,15,5,4557,3896,661,26,26,0,4583,3922,661,2017
621021,Widerstand gegen Polizeivollzugsbeamte,5711000,Bielefeld,voll.,229,191,38,0,0,0,0,0,0,0,0,0,0,0,0,2,1,1,227,190,37,0,0,0,227,190,37,2017
621021,Widerstand gegen Polizeivollzugsbeamte,5911000,Bochum,voll.,377,283,94,0,0,0,0,0,0,0,0,0,0,0,0,6,3,3,367,276,91,4,4,0,371,280,91,2017
621021,Widerstand gegen Polizeivollzugsbeamte,5314000,Bonn,voll.,380,312,68,0,0,0,0,0,0,0,0,0,1,0,1,2,2,0,376,309,67,1,1,0,377,310,67,2017
621021,Widerstand gegen Polizeivollzugsbeamte,5512000,Bottrop,voll.,52,36,16,0,0,0,0,0,0,0,0,0,0,0,0,0,0,0,52,36,16,0,0,0,52,36,16,2017
621021,Widerstand gegen Polizeivollzugsbeamte,3101000,Braunschweig,voll.,148,120,28,0,0,0,0,0,0,0,0,0,0,0,0,1,0,1,147,120,27,0,0,0,147,120,27,2017
621021,Widerstand gegen Polizeivollzugsbeamte,4011000,Bremen,voll.,722,549,173,0,0,0,0,0,0,0,0,0,2,2,0,7,4,3,706,536,170,7,7,0,713,543,170,2017
621021,Widerstand gegen Polizeivollzugsbeamte,4012000,Bremerhaven,voll.,179,136,43,0,0,0,0,0,0,0,0,0,0,0,0,3,1,2,172,131,41,4,4,0,176,135,41,2017
621021,Widerstand gegen Polizeivollzugsbeamte,14511000,Chemnitz,voll.,159,132,27,0,0,0,0,0,0,0,0,0,2,2,0,0,0,0,157,130,27,0,0,0,157,130,27,2017
621021,Widerstand gegen Polizeivollzugsbeamte,12052000,Cottbus,voll.,84,74,10,0,0,0,0,0,0,0,0,0,0,0,0,2,2,0,82,72,10,0,0,0,82,72,10,2017
621021,Widerstand gegen Polizeivollzugsbeamte,6411000,Darmstadt,voll.,56,52,4,0,0,0,0,0,0,0,0,0,0,0,0,1,1,0,55,51,4,0,0,0,55,51,4,2017
621021,Widerstand gegen Polizeivollzugsbeamte,5913000,Dortmund,voll.,1181,947,234,0,0,0,0,0,0,0,0,0,1,1,0,23,17,6,1153,926,227,4,3,1,1157,929,228,2017
621021,Widerstand gegen Polizeivollzugsbeamte,14612000,Dresden,voll.,446,390,56,0,0,0,0,0,0,0,0,0,0,0,0,2,2,0,441,385,56,3,3,0,444,388,56,2017
621021,Widerstand gegen Polizeivollzugsbeamte,5112000,Duisburg,voll.,492,370,122,1,1,0,0,0,0,1,1,0,1,1,0,6,4,2,480,360,120,4,4,0,484,364,120,2017
621021,Widerstand gegen Polizeivollzugsbeamte,5111000,D sseldorf,voll.,786,629,157,0,0,0,0,0,0,0,0,0,0,0,0,9,8,1,772,618,154,5,3,2,777,621,156,2017
621021,Widerstand gegen Polizeivollzugsbeamte,16051000,Erfurt,voll.,285,255,30,0,0,0,0,0,0,0,0,0,0,0,0,4,2,2,281,253,28,0,0,0,281,253,28,2017
621021,Widerstand gegen Polizeivollzugsbeamte,9562000,Erlangen,voll.,23,19,4,0,0,0,0,0,0,0,0,0,0,0,0,0,0,0,23,19,4,0,0,0,23,19,4,2017
621021,Widerstand gegen Polizeivollzugsbeamte,5113000,Essen,voll.,506,411,95,2,1,1,1,0,1,3,1,2,0,0,0,7,5,2,493,404,89,3,1,2,496,405,91,2017
621021,Widerstand gegen Polizeivollzugsbeamte,6412000,Frankfurt am Main,voll.,1192,1035,157,0,0,0,0,0,0,0,0,0,0,0,0,8,5,3,1183,1029,154,1,1,0,1184,1030,154,2017
621021,Widerstand gegen Polizeivollzugsbeamte,8311000,Freiburg im Breisgau,voll.,235,192,43,0,0,0,0,0,0,0,0,0,0,0,0,9,8,1,226,184,42,0,0,0,226,184,42,2017
621021,Widerstand gegen Polizeivollzugsbeamte,9563000,F rth,voll.,26,19,7,0,0,0,0,0,0,0,0,0,0,0,0,0,0,0,26,19,7,0,0,0,26,19,7,2017
621021,Widerstand gegen Polizeivollzugsbeamte,5513000,Gelsenkirchen,voll.,279,204,75,0,0,0,0,0,0,0,0,0,0,0,0,8,5,3,271,199,72,0,0,0,271,199,72,2017
621021,Widerstand gegen Polizeivollzugsbeamte,3159016,G ttingen,voll.,58,48,10,0,0,0,0,0,0,0,0,0,0,0,0,0,0,0,56,46,10,2,2,0,58,48,10,2017
621021,Widerstand gegen Polizeivollzugsbeamte,5914000,Hagen,voll.,236,157,79,0,0,0,0,0,0,0,0,0,0,0,0,1,1,0,233,155,78,2,1,1,235,156,79,2017
621021,Widerstand gegen Polizeivollzugsbeamte,15002000,Halle (Saale),voll.,241,197,44,0,0,0,0,0,0,0,0,0,0,0,0,2,1,1,234,192,42,5,4,1,239,196,43,2017
621021,Widerstand gegen Polizeivollzugsbeamte,2000000,Hamburg,voll.,862,745,117,0,0,0,0,0,0,0,0,0,0,0,0,7,5,2,855,740,115,0,0,0,855,740,115,2017
621021,Widerstand gegen Polizeivollzugsbeamte,5915000,Hamm,voll.,173,131,42,0,0,0,0,0,0,0,0,0,1,0,1,1,0,1,169,129,40,2,2,0,171,131,40,2017
621021,Widerstand gegen Polizeivollzugsbeamte,3241001,Hannover,voll.,549,446,103,0,0,0,0,0,0,0,0,0,0,0,0,3,2,1,545,443,102,1,1,0,546,444,102,2017
621021,Widerstand gegen Polizeivollzugsbeamte,8221000,Heidelberg,voll.,95,83,12,0,0,0,0,0,0,0,0,0,0,0,0,2,1,1,93,82,11,0,0,0,93,82,11,2017
621021,Widerstand gegen Polizeivollzugsbeamte,8121000,Heilbronn,voll.,35,24,11,0,0,0,0,0,0,0,0,0,0,0,0,1,0,1,34,24,10,0,0,0,34,24,10,2017
621021,Widerstand gegen Polizeivollzugsbeamte,5916000,Herne,voll.,149,106,43,0,0,0,0,0,0,0,0,0,0,0,0,1,1,0,148,105,43,0,0,0,148,105,43,2017
621021,Widerstand gegen Polizeivollzugsbeamte,3254021,Hildesheim,voll.,77,62,15,0,0,0,0,0,0,0,0,0,0,0,0,3,1,2,70,57,13,4,4,0,74,61,13,2017
621021,Widerstand gegen Polizeivollzugsbeamte,9161000,Ingolstadt,voll.,62,55,7,0,0,0,0,0,0,0,0,0,0,0,0,2,2,0,60,53,7,0,0,0,60,53,7,2017
621021,Widerstand gegen Polizeivollzugsbeamte,16053000,Jena,voll.,85,75,10,0,0,0,0,0,0,0,0,0,0,0,0,0,0,0,85,75,10,0,0,0,85,75,10,2017
621021,Widerstand gegen Polizeivollzugsbeamte,8212000,Karlsruhe,voll.,132,114,18,0,0,0,0,0,0,0,0,0,0,0,0,1,1,0,131,113,18,0,0,0,131,113,18,2017
621021,Widerstand gegen Polizeivollzugsbeamte,6611000,Kassel,voll.,127,113,14,0,0,0,0,0,0,0,0,0,0,0,0,10,9,1,116,103,13,1,1,0,117,104,13,2017
621021,Widerstand gegen Polizeivollzugsbeamte,1002000,Kiel,voll.,256,205,51,0,0,0,0,0,0,0,0,0,2,2,0,6,3,3,248,200,48,0,0,0,248,200,48,2017
621021,Widerstand gegen Polizeivollzugsbeamte,7111000,Koblenz,voll.,159,134,25,0,0,0,0,0,0,0,0,0,0,0,0,1,1,0,157,132,25,1,1,0,158,133,25,2017
621021,Widerstand gegen Polizeivollzugsbeamte,5315000,K ln,voll.,1881,1382,499,0,0,0,0,0,0,0,0,0,0,0,0,14,9,5,1860,1366,494,7,7,0,1867,1373,494,2017
621021,Widerstand gegen Polizeivollzugsbeamte,5114000,Krefeld,voll.,312,197,115,0,0,0,0,0,0,0,0,0,2,0,2,8,6,2,294,190,104,8,1,7,302,191,111,2017
621021,Widerstand gegen Polizeivollzugsbeamte,14713000,Leipzig,voll.,478,413,65,0,0,0,0,0,0,0,0,0,0,0,0,1,1,0,476,411,65,1,1,0,477,412,65,2017
621021,Widerstand gegen Polizeivollzugsbeamte,5316000,Leverkusen,voll.,201,145,56,0,0,0,0,0,0,0,0,0,0,0,0,0,0,0,200,144,56,1,1,0,201,145,56,2017
621021,Widerstand gegen Polizeivollzugsbeamte,1003000,L beck,voll.,312,260,52,0,0,0,0,0,0,0,0,0,0,0,0,5,3,2,306,256,50,1,1,0,307,257,50,2017
621021,Widerstand gegen Polizeivollzugsbeamte,7314000,Ludwigshafen am Rhein,voll.,94,79,15,0,0,0,0,0,0,0,0,0,0,0,0,1,1,0,93,78,15,0,0,0,93,78,15,2017
621021,Widerstand gegen Polizeivollzugsbeamte,15003000,Magdeburg,voll.,175,139,36,0,0,0,0,0,0,0,0,0,0,0,0,1,1,0,174,138,36,0,0,0,174,138,36,2017
621021,Widerstand gegen Polizeivollzugsbeamte,7315000,Mainz,voll.,226,171,55,0,0,0,0,0,0,0,0,0,0,0,0,3,3,0,223,168,55,0,0,0,223,168,55,2017
621021,Widerstand gegen Polizeivollzugsbeamte,8222000,Mannheim,voll.,159,127,32,0,0,0,0,0,0,0,0,0,0,0,0,5,2,3,154,125,29,0,0,0,154,125,29,2017
621021,Widerstand gegen Polizeivollzugsbeamte,5170024,Moers,voll.,64,45,19,0,0,0,0,0,0,0,0,0,0,0,0,0,0,0,64,45,19,0,0,0,64,45,19,2017
621021,Widerstand gegen Polizeivollzugsbeamte,5116000,M nchengladbach,voll.,230,173,57,0,0,0,0,0,0,0,0,0,0,0,0,4,1,3,223,171,52,3,1,2,226,172,54,2017
621021,Widerstand gegen Polizeivollzugsbeamte,5117000,M lheim an der Ruhr,voll.,69,47,22,0,0,0,0,0,0,0,0,0,0,0,0,1,1,0,67,45,22,1,1,0,68,46,22,2017
621021,Widerstand gegen Polizeivollzugsbeamte,9162000,M nchen,voll.,573,509,64,0,0,0,0,0,0,0,0,0,0,0,0,11,5,6,561,503,58,1,1,0,562,504,58,2017
621021,Widerstand gegen Polizeivollzugsbeamte,5515000,M nster,voll.,268,212,56,0,0,0,0,0,0,0,0,0,4,1,3,4,1,3,254,206,48,6,4,2,260,210,50,2017
621021,Widerstand gegen Polizeivollzugsbeamte,5162024,Neuss,voll.,130,91,39,0,0,0,0,0,0,0,0,0,0,0,0,1,1,0,126,88,38,3,2,1,129,90,39,2017
621021,Widerstand gegen Polizeivollzugsbeamte,9564000,N rnberg,voll.,243,209,34,0,0,0,0,0,0,0,0,0,1,1,0,3,3,0,238,204,34,1,1,0,239,205,34,2017
621021,Widerstand gegen Polizeivollzugsbeamte,5119000,Oberhausen,voll.,90,68,22,0,0,0,0,0,0,0,0,0,0,0,0,1,1,0,89,67,22,0,0,0,89,67,22,2017
621021,Widerstand gegen Polizeivollzugsbeamte,6413000,Offenbach am Main,voll.,75,63,12,0,0,0,0,0,0,0,0,0,0,0,0,0,0,0,75,63,12,0,0,0,75,63,12,2017
621021,Widerstand gegen Polizeivollzugsbeamte,3403000,Oldenburg (Oldenburg),voll.,125,92,33,0,0,0,0,0,0,0,0,0,0,0,0,2,1,1,123,91,32,0,0,0,123,91,32,2017
621021,Widerstand gegen Polizeivollzugsbeamte,3404000,Osnabr ck,voll.,140,117,23,0,0,0,0,0,0,0,0,0,0,0,0,5,4,1,134,112,22,1,1,0,135,113,22,2017
621021,Widerstand gegen Polizeivollzugsbeamte,5774032,Paderborn,voll.,130,106,24,0,0,0,0,0,0,0,0,0,0,0,0,2,1,1,124,103,21,4,2,2,128,105,23,2017
621021,Widerstand gegen Polizeivollzugsbeamte,8231000,Pforzheim,voll.,23,15,8,0,0,0,0,0,0,0,0,0,0,0,0,0,0,0,23,15,8,0,0,0,23,15,8,2017
621021,Widerstand gegen Polizeivollzugsbeamte,12054000,Potsdam,voll.,99,79,20,0,0,0,0,0,0,0,0,0,0,0,0,1,0,1,96,77,19,2,2,0,98,79,19,2017
621021,Widerstand gegen Polizeivollzugsbeamte,5562032,Recklinghausen,voll.,198,137,61,0,0,0,0,0,0,0,0,0,0,0,0,1,1,0,192,131,61,5,5,0,197,136,61,2017
621021,Widerstand gegen Polizeivollzugsbeamte,9362000,Regensburg,voll.,103,87,16,0,0,0,0,0,0,0,0,0,0,0,0,2,1,1,101,86,15,0,0,0,101,86,15,2017
621021,Widerstand gegen Polizeivollzugsbeamte,5120000,Remscheid,voll.,80,62,18,0,0,0,0,0,0,0,0,0,0,0,0,0,0,0,80,62,18,0,0,0,80,62,18,2017
621021,Widerstand gegen Polizeivollzugsbeamte,8415061,Reutlingen,voll.,31,27,4,0,0,0,0,0,0,0,0,0,0,0,0,1,1,0,30,26,4,0,0,0,30,26,4,2017
621021,Widerstand gegen Polizeivollzugsbeamte,13003000,Rostock,voll.,170,138,32,0,0,0,0,0,0,0,0,0,0,0,0,0,0,0,169,137,32,1,1,0,170,138,32,2017
621021,Widerstand gegen Polizeivollzugsbeamte,10041100,Saarbr cken,voll.,300,257,43,0,0,0,0,0,0,0,0,0,0,0,0,1,1,0,299,256,43,0,0,0,299,256,43,2017
621021,Widerstand gegen Polizeivollzugsbeamte,3102000,Salzgitter,voll.,39,28,11,0,0,0,0,0,0,0,0,0,0,0,0,1,1,0,38,27,11,0,0,0,38,27,11,2017
621021,Widerstand gegen Polizeivollzugsbeamte,13004000,Schwerin,voll.,113,101,12,0,0,0,0,0,0,0,0,0,0,0,0,0,0,0,112,100,12,1,1,0,113,101,12,2017
621021,Widerstand gegen Polizeivollzugsbeamte,5970040,Siegen,voll.,80,54,26,0,0,0,0,0,0,0,0,0,0,0,0,0,0,0,80,54,26,0,0,0,80,54,26,2017
621021,Widerstand gegen Polizeivollzugsbeamte,5122000,Solingen,voll.,86,72,14,0,0,0,0,0,0,0,0,0,0,0,0,1,0,1,85,72,13,0,0,0,85,72,13,2017
621021,Widerstand gegen Polizeivollzugsbeamte,8111000,Stuttgart,voll.,809,672,137,0,0,0,0,0,0,0,0,0,0,0,0,8,6,2,799,664,135,2,2,0,801,666,135,2017
621021,Widerstand gegen Polizeivollzugsbeamte,7211000,Trier,voll.,152,127,25,0,0,0,0,0,0,0,0,0,0,0,0,5,5,0,147,122,25,0,0,0,147,122,25,2017
621021,Widerstand gegen Polizeivollzugsbeamte,8421000,Ulm,voll.,45,39,6,0,0,0,0,0,0,0,0,0,0,0,0,2,1,1,43,38,5,0,0,0,43,38,5,2017
621021,Widerstand gegen Polizeivollzugsbeamte,6414000,Wiesbaden,voll.,124,98,26,0,0,0,0,0,0,0,0,0,0,0,0,2,2,0,122,96,26,0,0,0,122,96,26,2017
621021,Widerstand gegen Polizeivollzugsbeamte,3103000,Wolfsburg,voll.,74,64,10,0,0,0,0,0,0,0,0,0,0,0,0,4,4,0,69,59,10,1,1,0,70,60,10,2017
621021,Widerstand gegen Polizeivollzugsbeamte,5124000,Wuppertal,voll.,432,303,129,0,0,0,0,0,0,0,0,0,0,0,0,4,3,1,424,296,128,4,4,0,428,300,128,2017
621021,Widerstand gegen Polizeivollzugsbeamte,9663000,W rzburg,voll.,34,26,8,0,0,0,0,0,0,0,0,0,0,0,0,1,0,1,33,26,7,0,0,0,33,26,7,2017
621021,Widerstand gegen Polizeivollzugsbeamte,5334002,Aachen,vers.,0,0,0,0,0,0,0,0,0,0,0,0,0,0,0,0,0,0,0,0,0,0,0,0,0,0,0,2017
621021,Widerstand gegen Polizeivollzugsbeamte,9761000,Augsburg,vers.,0,0,0,0,0,0,0,0,0,0,0,0,0,0,0,0,0,0,0,0,0,0,0,0,0,0,0,2017
621021,Widerstand gegen Polizeivollzugsbeamte,5378004,Bergisch Gladbach,vers.,0,0,0,0,0,0,0,0,0,0,0,0,0,0,0,0,0,0,0,0,0,0,0,0,0,0,0,2017
621021,Widerstand gegen Polizeivollzugsbeamte,11000000,Berlin,vers.,0,0,0,0,0,0,0,0,0,0,0,0,0,0,0,0,0,0,0,0,0,0,0,0,0,0,0,2017
621021,Widerstand gegen Polizeivollzugsbeamte,5711000,Bielefeld,vers.,0,0,0,0,0,0,0,0,0,0,0,0,0,0,0,0,0,0,0,0,0,0,0,0,0,0,0,2017
621021,Widerstand gegen Polizeivollzugsbeamte,5911000,Bochum,vers.,0,0,0,0,0,0,0,0,0,0,0,0,0,0,0,0,0,0,0,0,0,0,0,0,0,0,0,2017
621021,Widerstand gegen Polizeivollzugsbeamte,5314000,Bonn,vers.,0,0,0,0,0,0,0,0,0,0,0,0,0,0,0,0,0,0,0,0,0,0,0,0,0,0,0,2017
621021,Widerstand gegen Polizeivollzugsbeamte,5512000,Bottrop,vers.,0,0,0,0,0,0,0,0,0,0,0,0,0,0,0,0,0,0,0,0,0,0,0,0,0,0,0,2017
621021,Widerstand gegen Polizeivollzugsbeamte,3101000,Braunschweig,vers.,0,0,0,0,0,0,0,0,0,0,0,0,0,0,0,0,0,0,0,0,0,0,0,0,0,0,0,2017
621021,Widerstand gegen Polizeivollzugsbeamte,4011000,Bremen,vers.,0,0,0,0,0,0,0,0,0,0,0,0,0,0,0,0,0,0,0,0,0,0,0,0,0,0,0,2017
621021,Widerstand gegen Polizeivollzugsbeamte,4012000,Bremerhaven,vers.,0,0,0,0,0,0,0,0,0,0,0,0,0,0,0,0,0,0,0,0,0,0,0,0,0,0,0,2017
621021,Widerstand gegen Polizeivollzugsbeamte,14511000,Chemnitz,vers.,0,0,0,0,0,0,0,0,0,0,0,0,0,0,0,0,0,0,0,0,0,0,0,0,0,0,0,2017
621021,Widerstand gegen Polizeivollzugsbeamte,12052000,Cottbus,vers.,0,0,0,0,0,0,0,0,0,0,0,0,0,0,0,0,0,0,0,0,0,0,0,0,0,0,0,2017
621021,Widerstand gegen Polizeivollzugsbeamte,6411000,Darmstadt,vers.,0,0,0,0,0,0,0,0,0,0,0,0,0,0,0,0,0,0,0,0,0,0,0,0,0,0,0,2017
621021,Widerstand gegen Polizeivollzugsbeamte,5913000,Dortmund,vers.,0,0,0,0,0,0,0,0,0,0,0,0,0,0,0,0,0,0,0,0,0,0,0,0,0,0,0,2017
621021,Widerstand gegen Polizeivollzugsbeamte,14612000,Dresden,vers.,0,0,0,0,0,0,0,0,0,0,0,0,0,0,0,0,0,0,0,0,0,0,0,0,0,0,0,2017
621021,Widerstand gegen Polizeivollzugsbeamte,5112000,Duisburg,vers.,0,0,0,0,0,0,0,0,0,0,0,0,0,0,0,0,0,0,0,0,0,0,0,0,0,0,0,2017
621021,Widerstand gegen Polizeivollzugsbeamte,5111000,D sseldorf,vers.,0,0,0,0,0,0,0,0,0,0,0,0,0,0,0,0,0,0,0,0,0,0,0,0,0,0,0,2017
621021,Widerstand gegen Polizeivollzugsbeamte,16051000,Erfurt,vers.,0,0,0,0,0,0,0,0,0,0,0,0,0,0,0,0,0,0,0,0,0,0,0,0,0,0,0,2017
621021,Widerstand gegen Polizeivollzugsbeamte,9562000,Erlangen,vers.,0,0,0,0,0,0,0,0,0,0,0,0,0,0,0,0,0,0,0,0,0,0,0,0,0,0,0,2017
621021,Widerstand gegen Polizeivollzugsbeamte,5113000,Essen,vers.,0,0,0,0,0,0,0,0,0,0,0,0,0,0,0,0,0,0,0,0,0,0,0,0,0,0,0,2017
621021,Widerstand gegen Polizeivollzugsbeamte,6412000,Frankfurt am Main,vers.,0,0,0,0,0,0,0,0,0,0,0,0,0,0,0,0,0,0,0,0,0,0,0,0,0,0,0,2017
621021,Widerstand gegen Polizeivollzugsbeamte,8311000,Freiburg im Breisgau,vers.,0,0,0,0,0,0,0,0,0,0,0,0,0,0,0,0,0,0,0,0,0,0,0,0,0,0,0,2017
621021,Widerstand gegen Polizeivollzugsbeamte,9563000,F rth,vers.,0,0,0,0,0,0,0,0,0,0,0,0,0,0,0,0,0,0,0,0,0,0,0,0,0,0,0,2017
621021,Widerstand gegen Polizeivollzugsbeamte,5513000,Gelsenkirchen,vers.,0,0,0,0,0,0,0,0,0,0,0,0,0,0,0,0,0,0,0,0,0,0,0,0,0,0,0,2017
621021,Widerstand gegen Polizeivollzugsbeamte,3159016,G ttingen,vers.,0,0,0,0,0,0,0,0,0,0,0,0,0,0,0,0,0,0,0,0,0,0,0,0,0,0,0,2017
621021,Widerstand gegen Polizeivollzugsbeamte,5914000,Hagen,vers.,0,0,0,0,0,0,0,0,0,0,0,0,0,0,0,0,0,0,0,0,0,0,0,0,0,0,0,2017
621021,Widerstand gegen Polizeivollzugsbeamte,15002000,Halle (Saale),vers.,0,0,0,0,0,0,0,0,0,0,0,0,0,0,0,0,0,0,0,0,0,0,0,0,0,0,0,2017
621021,Widerstand gegen Polizeivollzugsbeamte,2000000,Hamburg,vers.,0,0,0,0,0,0,0,0,0,0,0,0,0,0,0,0,0,0,0,0,0,0,0,0,0,0,0,2017
621021,Widerstand gegen Polizeivollzugsbeamte,5915000,Hamm,vers.,0,0,0,0,0,0,0,0,0,0,0,0,0,0,0,0,0,0,0,0,0,0,0,0,0,0,0,2017
621021,Widerstand gegen Polizeivollzugsbeamte,3241001,Hannover,vers.,0,0,0,0,0,0,0,0,0,0,0,0,0,0,0,0,0,0,0,0,0,0,0,0,0,0,0,2017
621021,Widerstand gegen Polizeivollzugsbeamte,8221000,Heidelberg,vers.,0,0,0,0,0,0,0,0,0,0,0,0,0,0,0,0,0,0,0,0,0,0,0,0,0,0,0,2017
621021,Widerstand gegen Polizeivollzugsbeamte,8121000,Heilbronn,vers.,0,0,0,0,0,0,0,0,0,0,0,0,0,0,0,0,0,0,0,0,0,0,0,0,0,0,0,2017
621021,Widerstand gegen Polizeivollzugsbeamte,5916000,Herne,vers.,0,0,0,0,0,0,0,0,0,0,0,0,0,0,0,0,0,0,0,0,0,0,0,0,0,0,0,2017
621021,Widerstand gegen Polizeivollzugsbeamte,3254021,Hildesheim,vers.,0,0,0,0,0,0,0,0,0,0,0,0,0,0,0,0,0,0,0,0,0,0,0,0,0,0,0,2017
621021,Widerstand gegen Polizeivollzugsbeamte,9161000,Ingolstadt,vers.,0,0,0,0,0,0,0,0,0,0,0,0,0,0,0,0,0,0,0,0,0,0,0,0,0,0,0,2017
621021,Widerstand gegen Polizeivollzugsbeamte,16053000,Jena,vers.,0,0,0,0,0,0,0,0,0,0,0,0,0,0,0,0,0,0,0,0,0,0,0,0,0,0,0,2017
621021,Widerstand gegen Polizeivollzugsbeamte,8212000,Karlsruhe,vers.,0,0,0,0,0,0,0,0,0,0,0,0,0,0,0,0,0,0,0,0,0,0,0,0,0,0,0,2017
621021,Widerstand gegen Polizeivollzugsbeamte,6611000,Kassel,vers.,0,0,0,0,0,0,0,0,0,0,0,0,0,0,0,0,0,0,0,0,0,0,0,0,0,0,0,2017
621021,Widerstand gegen Polizeivollzugsbeamte,1002000,Kiel,vers.,0,0,0,0,0,0,0,0,0,0,0,0,0,0,0,0,0,0,0,0,0,0,0,0,0,0,0,2017
621021,Widerstand gegen Polizeivollzugsbeamte,7111000,Koblenz,vers.,0,0,0,0,0,0,0,0,0,0,0,0,0,0,0,0,0,0,0,0,0,0,0,0,0,0,0,2017
621021,Widerstand gegen Polizeivollzugsbeamte,5315000,K ln,vers.,0,0,0,0,0,0,0,0,0,0,0,0,0,0,0,0,0,0,0,0,0,0,0,0,0,0,0,2017
621021,Widerstand gegen Polizeivollzugsbeamte,5114000,Krefeld,vers.,0,0,0,0,0,0,0,0,0,0,0,0,0,0,0,0,0,0,0,0,0,0,0,0,0,0,0,2017
621021,Widerstand gegen Polizeivollzugsbeamte,14713000,Leipzig,vers.,0,0,0,0,0,0,0,0,0,0,0,0,0,0,0,0,0,0,0,0,0,0,0,0,0,0,0,2017
621021,Widerstand gegen Polizeivollzugsbeamte,5316000,Leverkusen,vers.,0,0,0,0,0,0,0,0,0,0,0,0,0,0,0,0,0,0,0,0,0,0,0,0,0,0,0,2017
621021,Widerstand gegen Polizeivollzugsbeamte,1003000,L beck,vers.,0,0,0,0,0,0,0,0,0,0,0,0,0,0,0,0,0,0,0,0,0,0,0,0,0,0,0,2017
621021,Widerstand gegen Polizeivollzugsbeamte,7314000,Ludwigshafen am Rhein,vers.,0,0,0,0,0,0,0,0,0,0,0,0,0,0,0,0,0,0,0,0,0,0,0,0,0,0,0,2017
621021,Widerstand gegen Polizeivollzugsbeamte,15003000,Magdeburg,vers.,0,0,0,0,0,0,0,0,0,0,0,0,0,0,0,0,0,0,0,0,0,0,0,0,0,0,0,2017
621021,Widerstand gegen Polizeivollzugsbeamte,7315000,Mainz,vers.,0,0,0,0,0,0,0,0,0,0,0,0,0,0,0,0,0,0,0,0,0,0,0,0,0,0,0,2017
621021,Widerstand gegen Polizeivollzugsbeamte,8222000,Mannheim,vers.,0,0,0,0,0,0,0,0,0,0,0,0,0,0,0,0,0,0,0,0,0,0,0,0,0,0,0,2017
621021,Widerstand gegen Polizeivollzugsbeamte,5170024,Moers,vers.,0,0,0,0,0,0,0,0,0,0,0,0,0,0,0,0,0,0,0,0,0,0,0,0,0,0,0,2017
621021,Widerstand gegen Polizeivollzugsbeamte,5116000,M nchengladbach,vers.,0,0,0,0,0,0,0,0,0,0,0,0,0,0,0,0,0,0,0,0,0,0,0,0,0,0,0,2017
621021,Widerstand gegen Polizeivollzugsbeamte,5117000,M lheim an der Ruhr,vers.,0,0,0,0,0,0,0,0,0,0,0,0,0,0,0,0,0,0,0,0,0,0,0,0,0,0,0,2017
621021,Widerstand gegen Polizeivollzugsbeamte,9162000,M nchen,vers.,0,0,0,0,0,0,0,0,0,0,0,0,0,0,0,0,0,0,0,0,0,0,0,0,0,0,0,2017
621021,Widerstand gegen Polizeivollzugsbeamte,5515000,M nster,vers.,0,0,0,0,0,0,0,0,0,0,0,0,0,0,0,0,0,0,0,0,0,0,0,0,0,0,0,2017
621021,Widerstand gegen Polizeivollzugsbeamte,5162024,Neuss,vers.,0,0,0,0,0,0,0,0,0,0,0,0,0,0,0,0,0,0,0,0,0,0,0,0,0,0,0,2017
621021,Widerstand gegen Polizeivollzugsbeamte,9564000,N rnberg,vers.,0,0,0,0,0,0,0,0,0,0,0,0,0,0,0,0,0,0,0,0,0,0,0,0,0,0,0,2017
621021,Widerstand gegen Polizeivollzugsbeamte,5119000,Oberhausen,vers.,0,0,0,0,0,0,0,0,0,0,0,0,0,0,0,0,0,0,0,0,0,0,0,0,0,0,0,2017
621021,Widerstand gegen Polizeivollzugsbeamte,6413000,Offenbach am Main,vers.,0,0,0,0,0,0,0,0,0,0,0,0,0,0,0,0,0,0,0,0,0,0,0,0,0,0,0,2017
621021,Widerstand gegen Polizeivollzugsbeamte,3403000,Oldenburg (Oldenburg),vers.,0,0,0,0,0,0,0,0,0,0,0,0,0,0,0,0,0,0,0,0,0,0,0,0,0,0,0,2017
621021,Widerstand gegen Polizeivollzugsbeamte,3404000,Osnabr ck,vers.,0,0,0,0,0,0,0,0,0,0,0,0,0,0,0,0,0,0,0,0,0,0,0,0,0,0,0,2017
621021,Widerstand gegen Polizeivollzugsbeamte,5774032,Paderborn,vers.,0,0,0,0,0,0,0,0,0,0,0,0,0,0,0,0,0,0,0,0,0,0,0,0,0,0,0,2017
621021,Widerstand gegen Polizeivollzugsbeamte,8231000,Pforzheim,vers.,0,0,0,0,0,0,0,0,0,0,0,0,0,0,0,0,0,0,0,0,0,0,0,0,0,0,0,2017
621021,Widerstand gegen Polizeivollzugsbeamte,12054000,Potsdam,vers.,0,0,0,0,0,0,0,0,0,0,0,0,0,0,0,0,0,0,0,0,0,0,0,0,0,0,0,2017
621021,Widerstand gegen Polizeivollzugsbeamte,5562032,Recklinghausen,vers.,0,0,0,0,0,0,0,0,0,0,0,0,0,0,0,0,0,0,0,0,0,0,0,0,0,0,0,2017
621021,Widerstand gegen Polizeivollzugsbeamte,9362000,Regensburg,vers.,0,0,0,0,0,0,0,0,0,0,0,0,0,0,0,0,0,0,0,0,0,0,0,0,0,0,0,2017
621021,Widerstand gegen Polizeivollzugsbeamte,5120000,Remscheid,vers.,0,0,0,0,0,0,0,0,0,0,0,0,0,0,0,0,0,0,0,0,0,0,0,0,0,0,0,2017
621021,Widerstand gegen Polizeivollzugsbeamte,8415061,Reutlingen,vers.,0,0,0,0,0,0,0,0,0,0,0,0,0,0,0,0,0,0,0,0,0,0,0,0,0,0,0,2017
621021,Widerstand gegen Polizeivollzugsbeamte,13003000,Rostock,vers.,0,0,0,0,0,0,0,0,0,0,0,0,0,0,0,0,0,0,0,0,0,0,0,0,0,0,0,2017
621021,Widerstand gegen Polizeivollzugsbeamte,10041100,Saarbr cken,vers.,0,0,0,0,0,0,0,0,0,0,0,0,0,0,0,0,0,0,0,0,0,0,0,0,0,0,0,2017
621021,Widerstand gegen Polizeivollzugsbeamte,3102000,Salzgitter,vers.,0,0,0,0,0,0,0,0,0,0,0,0,0,0,0,0,0,0,0,0,0,0,0,0,0,0,0,2017
621021,Widerstand gegen Polizeivollzugsbeamte,13004000,Schwerin,vers.,0,0,0,0,0,0,0,0,0,0,0,0,0,0,0,0,0,0,0,0,0,0,0,0,0,0,0,2017
621021,Widerstand gegen Polizeivollzugsbeamte,5970040,Siegen,vers.,0,0,0,0,0,0,0,0,0,0,0,0,0,0,0,0,0,0,0,0,0,0,0,0,0,0,0,2017
621021,Widerstand gegen Polizeivollzugsbeamte,5122000,Solingen,vers.,0,0,0,0,0,0,0,0,0,0,0,0,0,0,0,0,0,0,0,0,0,0,0,0,0,0,0,2017
621021,Widerstand gegen Polizeivollzugsbeamte,8111000,Stuttgart,vers.,0,0,0,0,0,0,0,0,0,0,0,0,0,0,0,0,0,0,0,0,0,0,0,0,0,0,0,2017
621021,Widerstand gegen Polizeivollzugsbeamte,7211000,Trier,vers.,0,0,0,0,0,0,0,0,0,0,0,0,0,0,0,0,0,0,0,0,0,0,0,0,0,0,0,2017
621021,Widerstand gegen Polizeivollzugsbeamte,8421000,Ulm,vers.,0,0,0,0,0,0,0,0,0,0,0,0,0,0,0,0,0,0,0,0,0,0,0,0,0,0,0,2017
621021,Widerstand gegen Polizeivollzugsbeamte,6414000,Wiesbaden,vers.,0,0,0,0,0,0,0,0,0,0,0,0,0,0,0,0,0,0,0,0,0,0,0,0,0,0,0,2017
621021,Widerstand gegen Polizeivollzugsbeamte,3103000,Wolfsburg,vers.,0,0,0,0,0,0,0,0,0,0,0,0,0,0,0,0,0,0,0,0,0,0,0,0,0,0,0,2017
621021,Widerstand gegen Polizeivollzugsbeamte,5124000,Wuppertal,vers.,0,0,0,0,0,0,0,0,0,0,0,0,0,0,0,0,0,0,0,0,0,0,0,0,0,0,0,2017
621021,Widerstand gegen Polizeivollzugsbeamte,9663000,W rzburg,vers.,0,0,0,0,0,0,0,0,0,0,0,0,0,0,0,0,0,0,0,0,0,0,0,0,0,0,0,2017
621021,Widerstand gegen Polizeivollzugsbeamte,5334002,Aachen,insg.,431,339,92,0,0,0,0,0,0,0,0,0,0,0,0,10,4,6,417,332,85,4,3,1,421,335,86,2017
621021,Widerstand gegen Polizeivollzugsbeamte,9761000,Augsburg,insg.,257,217,40,0,0,0,0,0,0,0,0,0,0,0,0,9,9,0,247,207,40,1,1,0,248,208,40,2017
621021,Widerstand gegen Polizeivollzugsbeamte,5378004,Bergisch Gladbach,insg.,56,36,20,0,0,0,0,0,0,0,0,0,0,0,0,0,0,0,55,35,20,1,1,0,56,36,20,2017
621021,Widerstand gegen Polizeivollzugsbeamte,11000000,Berlin,insg.,4611,3945,666,2,2,0,0,0,0,2,2,0,6,6,0,20,15,5,4557,3896,661,26,26,0,4583,3922,661,2017
621021,Widerstand gegen Polizeivollzugsbeamte,5711000,Bielefeld,insg.,229,191,38,0,0,0,0,0,0,0,0,0,0,0,0,2,1,1,227,190,37,0,0,0,227,190,37,2017
621021,Widerstand gegen Polizeivollzugsbeamte,5911000,Bochum,insg.,377,283,94,0,0,0,0,0,0,0,0,0,0,0,0,6,3,3,367,276,91,4,4,0,371,280,91,2017
621021,Widerstand gegen Polizeivollzugsbeamte,5314000,Bonn,insg.,380,312,68,0,0,0,0,0,0,0,0,0,1,0,1,2,2,0,376,309,67,1,1,0,377,310,67,2017
621021,Widerstand gegen Polizeivollzugsbeamte,5512000,Bottrop,insg.,52,36,16,0,0,0,0,0,0,0,0,0,0,0,0,0,0,0,52,36,16,0,0,0,52,36,16,2017
621021,Widerstand gegen Polizeivollzugsbeamte,3101000,Braunschweig,insg.,148,120,28,0,0,0,0,0,0,0,0,0,0,0,0,1,0,1,147,120,27,0,0,0,147,120,27,2017
621021,Widerstand gegen Polizeivollzugsbeamte,4011000,Bremen,insg.,722,549,173,0,0,0,0,0,0,0,0,0,2,2,0,7,4,3,706,536,170,7,7,0,713,543,170,2017
621021,Widerstand gegen Polizeivollzugsbeamte,4012000,Bremerhaven,insg.,179,136,43,0,0,0,0,0,0,0,0,0,0,0,0,3,1,2,172,131,41,4,4,0,176,135,41,2017
621021,Widerstand gegen Polizeivollzugsbeamte,14511000,Chemnitz,insg.,159,132,27,0,0,0,0,0,0,0,0,0,2,2,0,0,0,0,157,130,27,0,0,0,157,130,27,2017
621021,Widerstand gegen Polizeivollzugsbeamte,12052000,Cottbus,insg.,84,74,10,0,0,0,0,0,0,0,0,0,0,0,0,2,2,0,82,72,10,0,0,0,82,72,10,2017
621021,Widerstand gegen Polizeivollzugsbeamte,6411000,Darmstadt,insg.,56,52,4,0,0,0,0,0,0,0,0,0,0,0,0,1,1,0,55,51,4,0,0,0,55,51,4,2017
621021,Widerstand gegen Polizeivollzugsbeamte,5913000,Dortmund,insg.,1181,947,234,0,0,0,0,0,0,0,0,0,1,1,0,23,17,6,1153,926,227,4,3,1,1157,929,228,2017
621021,Widerstand gegen Polizeivollzugsbeamte,14612000,Dresden,insg.,446,390,56,0,0,0,0,0,0,0,0,0,0,0,0,2,2,0,441,385,56,3,3,0,444,388,56,2017
621021,Widerstand gegen Polizeivollzugsbeamte,5112000,Duisburg,insg.,492,370,122,1,1,0,0,0,0,1,1,0,1,1,0,6,4,2,480,360,120,4,4,0,484,364,120,2017
621021,Widerstand gegen Polizeivollzugsbeamte,5111000,D sseldorf,insg.,786,629,157,0,0,0,0,0,0,0,0,0,0,0,0,9,8,1,772,618,154,5,3,2,777,621,156,2017
621021,Widerstand gegen Polizeivollzugsbeamte,16051000,Erfurt,insg.,285,255,30,0,0,0,0,0,0,0,0,0,0,0,0,4,2,2,281,253,28,0,0,0,281,253,28,2017
621021,Widerstand gegen Polizeivollzugsbeamte,9562000,Erlangen,insg.,23,19,4,0,0,0,0,0,0,0,0,0,0,0,0,0,0,0,23,19,4,0,0,0,23,19,4,2017
621021,Widerstand gegen Polizeivollzugsbeamte,5113000,Essen,insg.,506,411,95,2,1,1,1,0,1,3,1,2,0,0,0,7,5,2,493,404,89,3,1,2,496,405,91,2017
621021,Widerstand gegen Polizeivollzugsbeamte,6412000,Frankfurt am Main,insg.,1192,1035,157,0,0,0,0,0,0,0,0,0,0,0,0,8,5,3,1183,1029,154,1,1,0,1184,1030,154,2017
621021,Widerstand gegen Polizeivollzugsbeamte,8311000,Freiburg im Breisgau,insg.,235,192,43,0,0,0,0,0,0,0,0,0,0,0,0,9,8,1,226,184,42,0,0,0,226,184,42,2017
621021,Widerstand gegen Polizeivollzugsbeamte,9563000,F rth,insg.,26,19,7,0,0,0,0,0,0,0,0,0,0,0,0,0,0,0,26,19,7,0,0,0,26,19,7,2017
621021,Widerstand gegen Polizeivollzugsbeamte,5513000,Gelsenkirchen,insg.,279,204,75,0,0,0,0,0,0,0,0,0,0,0,0,8,5,3,271,199,72,0,0,0,271,199,72,2017
621021,Widerstand gegen Polizeivollzugsbeamte,3159016,G ttingen,insg.,58,48,10,0,0,0,0,0,0,0,0,0,0,0,0,0,0,0,56,46,10,2,2,0,58,48,10,2017
621021,Widerstand gegen Polizeivollzugsbeamte,5914000,Hagen,insg.,236,157,79,0,0,0,0,0,0,0,0,0,0,0,0,1,1,0,233,155,78,2,1,1,235,156,79,2017
621021,Widerstand gegen Polizeivollzugsbeamte,15002000,Halle (Saale),insg.,241,197,44,0,0,0,0,0,0,0,0,0,0,0,0,2,1,1,234,192,42,5,4,1,239,196,43,2017
621021,Widerstand gegen Polizeivollzugsbeamte,2000000,Hamburg,insg.,862,745,117,0,0,0,0,0,0,0,0,0,0,0,0,7,5,2,855,740,115,0,0,0,855,740,115,2017
621021,Widerstand gegen Polizeivollzugsbeamte,5915000,Hamm,insg.,173,131,42,0,0,0,0,0,0,0,0,0,1,0,1,1,0,1,169,129,40,2,2,0,171,131,40,2017
621021,Widerstand gegen Polizeivollzugsbeamte,3241001,Hannover,insg.,549,446,103,0,0,0,0,0,0,0,0,0,0,0,0,3,2,1,545,443,102,1,1,0,546,444,102,2017
621021,Widerstand gegen Polizeivollzugsbeamte,8221000,Heidelberg,insg.,95,83,12,0,0,0,0,0,0,0,0,0,0,0,0,2,1,1,93,82,11,0,0,0,93,82,11,2017
621021,Widerstand gegen Polizeivollzugsbeamte,8121000,Heilbronn,insg.,35,24,11,0,0,0,0,0,0,0,0,0,0,0,0,1,0,1,34,24,10,0,0,0,34,24,10,2017
621021,Widerstand gegen Polizeivollzugsbeamte,5916000,Herne,insg.,149,106,43,0,0,0,0,0,0,0,0,0,0,0,0,1,1,0,148,105,43,0,0,0,148,105,43,2017
621021,Widerstand gegen Polizeivollzugsbeamte,3254021,Hildesheim,insg.,77,62,15,0,0,0,0,0,0,0,0,0,0,0,0,3,1,2,70,57,13,4,4,0,74,61,13,2017
621021,Widerstand gegen Polizeivollzugsbeamte,9161000,Ingolstadt,insg.,62,55,7,0,0,0,0,0,0,0,0,0,0,0,0,2,2,0,60,53,7,0,0,0,60,53,7,2017
621021,Widerstand gegen Polizeivollzugsbeamte,16053000,Jena,insg.,85,75,10,0,0,0,0,0,0,0,0,0,0,0,0,0,0,0,85,75,10,0,0,0,85,75,10,2017
621021,Widerstand gegen Polizeivollzugsbeamte,8212000,Karlsruhe,insg.,132,114,18,0,0,0,0,0,0,0,0,0,0,0,0,1,1,0,131,113,18,0,0,0,131,113,18,2017
621021,Widerstand gegen Polizeivollzugsbeamte,6611000,Kassel,insg.,127,113,14,0,0,0,0,0,0,0,0,0,0,0,0,10,9,1,116,103,13,1,1,0,117,104,13,2017
621021,Widerstand gegen Polizeivollzugsbeamte,1002000,Kiel,insg.,256,205,51,0,0,0,0,0,0,0,0,0,2,2,0,6,3,3,248,200,48,0,0,0,248,200,48,2017
621021,Widerstand gegen Polizeivollzugsbeamte,7111000,Koblenz,insg.,159,134,25,0,0,0,0,0,0,0,0,0,0,0,0,1,1,0,157,132,25,1,1,0,158,133,25,2017
621021,Widerstand gegen Polizeivollzugsbeamte,5315000,K ln,insg.,1881,1382,499,0,0,0,0,0,0,0,0,0,0,0,0,14,9,5,1860,1366,494,7,7,0,1867,1373,494,2017
621021,Widerstand gegen Polizeivollzugsbeamte,5114000,Krefeld,insg.,312,197,115,0,0,0,0,0,0,0,0,0,2,0,2,8,6,2,294,190,104,8,1,7,302,191,111,2017
621021,Widerstand gegen Polizeivollzugsbeamte,14713000,Leipzig,insg.,478,413,65,0,0,0,0,0,0,0,0,0,0,0,0,1,1,0,476,411,65,1,1,0,477,412,65,2017
621021,Widerstand gegen Polizeivollzugsbeamte,5316000,Leverkusen,insg.,201,145,56,0,0,0,0,0,0,0,0,0,0,0,0,0,0,0,200,144,56,1,1,0,201,145,56,2017
621021,Widerstand gegen Polizeivollzugsbeamte,1003000,L beck,insg.,312,260,52,0,0,0,0,0,0,0,0,0,0,0,0,5,3,2,306,256,50,1,1,0,307,257,50,2017
621021,Widerstand gegen Polizeivollzugsbeamte,7314000,Ludwigshafen am Rhein,insg.,94,79,15,0,0,0,0,0,0,0,0,0,0,0,0,1,1,0,93,78,15,0,0,0,93,78,15,2017
621021,Widerstand gegen Polizeivollzugsbeamte,15003000,Magdeburg,insg.,175,139,36,0,0,0,0,0,0,0,0,0,0,0,0,1,1,0,174,138,36,0,0,0,174,138,36,2017
621021,Widerstand gegen Polizeivollzugsbeamte,7315000,Mainz,insg.,226,171,55,0,0,0,0,0,0,0,0,0,0,0,0,3,3,0,223,168,55,0,0,0,223,168,55,2017
621021,Widerstand gegen Polizeivollzugsbeamte,8222000,Mannheim,insg.,159,127,32,0,0,0,0,0,0,0,0,0,0,0,0,5,2,3,154,125,29,0,0,0,154,125,29,2017
621021,Widerstand gegen Polizeivollzugsbeamte,5170024,Moers,insg.,64,45,19,0,0,0,0,0,0,0,0,0,0,0,0,0,0,0,64,45,19,0,0,0,64,45,19,2017
621021,Widerstand gegen Polizeivollzugsbeamte,5116000,M nchengladbach,insg.,230,173,57,0,0,0,0,0,0,0,0,0,0,0,0,4,1,3,223,171,52,3,1,2,226,172,54,2017
621021,Widerstand gegen Polizeivollzugsbeamte,5117000,M lheim an der Ruhr,insg.,69,47,22,0,0,0,0,0,0,0,0,0,0,0,0,1,1,0,67,45,22,1,1,0,68,46,22,2017
621021,Widerstand gegen Polizeivollzugsbeamte,9162000,M nchen,insg.,573,509,64,0,0,0,0,0,0,0,0,0,0,0,0,11,5,6,561,503,58,1,1,0,562,504,58,2017
621021,Widerstand gegen Polizeivollzugsbeamte,5515000,M nster,insg.,268,212,56,0,0,0,0,0,0,0,0,0,4,1,3,4,1,3,254,206,48,6,4,2,260,210,50,2017
621021,Widerstand gegen Polizeivollzugsbeamte,5162024,Neuss,insg.,130,91,39,0,0,0,0,0,0,0,0,0,0,0,0,1,1,0,126,88,38,3,2,1,129,90,39,2017
621021,Widerstand gegen Polizeivollzugsbeamte,9564000,N rnberg,insg.,243,209,34,0,0,0,0,0,0,0,0,0,1,1,0,3,3,0,238,204,34,1,1,0,239,205,34,2017
621021,Widerstand gegen Polizeivollzugsbeamte,5119000,Oberhausen,insg.,90,68,22,0,0,0,0,0,0,0,0,0,0,0,0,1,1,0,89,67,22,0,0,0,89,67,22,2017
621021,Widerstand gegen Polizeivollzugsbeamte,6413000,Offenbach am Main,insg.,75,63,12,0,0,0,0,0,0,0,0,0,0,0,0,0,0,0,75,63,12,0,0,0,75,63,12,2017
621021,Widerstand gegen Polizeivollzugsbeamte,3403000,Oldenburg (Oldenburg),insg.,125,92,33,0,0,0,0,0,0,0,0,0,0,0,0,2,1,1,123,91,32,0,0,0,123,91,32,2017
621021,Widerstand gegen Polizeivollzugsbeamte,3404000,Osnabr ck,insg.,140,117,23,0,0,0,0,0,0,0,0,0,0,0,0,5,4,1,134,112,22,1,1,0,135,113,22,2017
621021,Widerstand gegen Polizeivollzugsbeamte,5774032,Paderborn,insg.,130,106,24,0,0,0,0,0,0,0,0,0,0,0,0,2,1,1,124,103,21,4,2,2,128,105,23,2017
621021,Widerstand gegen Polizeivollzugsbeamte,8231000,Pforzheim,insg.,23,15,8,0,0,0,0,0,0,0,0,0,0,0,0,0,0,0,23,15,8,0,0,0,23,15,8,2017
621021,Widerstand gegen Polizeivollzugsbeamte,12054000,Potsdam,insg.,99,79,20,0,0,0,0,0,0,0,0,0,0,0,0,1,0,1,96,77,19,2,2,0,98,79,19,2017
621021,Widerstand gegen Polizeivollzugsbeamte,5562032,Recklinghausen,insg.,198,137,61,0,0,0,0,0,0,0,0,0,0,0,0,1,1,0,192,131,61,5,5,0,197,136,61,2017
621021,Widerstand gegen Polizeivollzugsbeamte,9362000,Regensburg,insg.,103,87,16,0,0,0,0,0,0,0,0,0,0,0,0,2,1,1,101,86,15,0,0,0,101,86,15,2017
621021,Widerstand gegen Polizeivollzugsbeamte,5120000,Remscheid,insg.,80,62,18,0,0,0,0,0,0,0,0,0,0,0,0,0,0,0,80,62,18,0,0,0,80,62,18,2017
621021,Widerstand gegen Polizeivollzugsbeamte,8415061,Reutlingen,insg.,31,27,4,0,0,0,0,0,0,0,0,0,0,0,0,1,1,0,30,26,4,0,0,0,30,26,4,2017
621021,Widerstand gegen Polizeivollzugsbeamte,13003000,Rostock,insg.,170,138,32,0,0,0,0,0,0,0,0,0,0,0,0,0,0,0,169,137,32,1,1,0,170,138,32,2017
621021,Widerstand gegen Polizeivollzugsbeamte,10041100,Saarbr cken,insg.,300,257,43,0,0,0,0,0,0,0,0,0,0,0,0,1,1,0,299,256,43,0,0,0,299,256,43,2017
621021,Widerstand gegen Polizeivollzugsbeamte,3102000,Salzgitter,insg.,39,28,11,0,0,0,0,0,0,0,0,0,0,0,0,1,1,0,38,27,11,0,0,0,38,27,11,2017
621021,Widerstand gegen Polizeivollzugsbeamte,13004000,Schwerin,insg.,113,101,12,0,0,0,0,0,0,0,0,0,0,0,0,0,0,0,112,100,12,1,1,0,113,101,12,2017
621021,Widerstand gegen Polizeivollzugsbeamte,5970040,Siegen,insg.,80,54,26,0,0,0,0,0,0,0,0,0,0,0,0,0,0,0,80,54,26,0,0,0,80,54,26,2017
621021,Widerstand gegen Polizeivollzugsbeamte,5122000,Solingen,insg.,86,72,14,0,0,0,0,0,0,0,0,0,0,0,0,1,0,1,85,72,13,0,0,0,85,72,13,2017
621021,Widerstand gegen Polizeivollzugsbeamte,8111000,Stuttgart,insg.,809,672,137,0,0,0,0,0,0,0,0,0,0,0,0,8,6,2,799,664,135,2,2,0,801,666,135,2017
621021,Widerstand gegen Polizeivollzugsbeamte,7211000,Trier,insg.,152,127,25,0,0,0,0,0,0,0,0,0,0,0,0,5,5,0,147,122,25,0,0,0,147,122,25,2017
621021,Widerstand gegen Polizeivollzugsbeamte,8421000,Ulm,insg.,45,39,6,0,0,0,0,0,0,0,0,0,0,0,0,2,1,1,43,38,5,0,0,0,43,38,5,2017
621021,Widerstand gegen Polizeivollzugsbeamte,6414000,Wiesbaden,insg.,124,98,26,0,0,0,0,0,0,0,0,0,0,0,0,2,2,0,122,96,26,0,0,0,122,96,26,2017
621021,Widerstand gegen Polizeivollzugsbeamte,3103000,Wolfsburg,insg.,74,64,10,0,0,0,0,0,0,0,0,0,0,0,0,4,4,0,69,59,10,1,1,0,70,60,10,2017
621021,Widerstand gegen Polizeivollzugsbeamte,5124000,Wuppertal,insg.,432,303,129,0,0,0,0,0,0,0,0,0,0,0,0,4,3,1,424,296,128,4,4,0,428,300,128,2017
621021,Widerstand gegen Polizeivollzugsbeamte,9663000,W rzburg,insg.,34,26,8,0,0,0,0,0,0,0,0,0,0,0,0,1,0,1,33,26,7,0,0,0,33,26,7,2017
892000,Gewaltkriminalit t,5334002,Aachen,voll.,1017,707,310,6,3,3,36,25,11,42,28,14,85,60,25,152,113,39,686,481,205,52,25,27,738,506,232,2017
892000,Gewaltkriminalit t,9761000,Augsburg,voll.,840,615,225,7,3,4,39,30,9,46,33,13,102,70,32,106,77,29,542,410,132,44,25,19,586,435,151,2017
892000,Gewaltkriminalit t,5378004,Bergisch Gladbach,voll.,212,151,61,2,1,1,7,3,4,9,4,5,33,26,7,29,20,9,129,94,35,12,7,5,141,101,40,2017
892000,Gewaltkriminalit t,11000000,Berlin,voll.,15656,11152,4504,37,21,16,656,479,177,693,500,193,1685,1171,514,1568,1162,406,10858,7878,2980,852,441,411,11710,8319,3391,2017
892000,Gewaltkriminalit t,5711000,Bielefeld,voll.,875,626,249,3,3,0,29,23,6,32,26,6,90,57,33,107,80,27,618,443,175,28,20,8,646,463,183,2017
892000,Gewaltkriminalit t,5911000,Bochum,voll.,1298,923,375,3,1,2,56,45,11,59,46,13,130,91,39,144,103,41,896,646,250,69,37,32,965,683,282,2017
892000,Gewaltkriminalit t,5314000,Bonn,voll.,1173,809,364,6,2,4,55,46,9,61,48,13,138,99,39,165,122,43,760,515,245,49,25,24,809,540,269,2017
892000,Gewaltkriminalit t,5512000,Bottrop,voll.,442,267,175,0,0,0,7,5,2,7,5,2,51,41,10,39,25,14,251,155,96,94,41,53,345,196,149,2017
892000,Gewaltkriminalit t,3101000,Braunschweig,voll.,837,570,267,0,0,0,25,15,10,25,15,10,89,48,41,114,85,29,573,408,165,36,14,22,609,422,187,2017
892000,Gewaltkriminalit t,4011000,Bremen,voll.,2671,1944,727,4,2,2,55,44,11,59,46,13,238,182,56,329,272,57,1887,1384,503,158,60,98,2045,1444,601,2017
892000,Gewaltkriminalit t,4012000,Bremerhaven,voll.,614,412,202,1,1,0,28,19,9,29,20,9,65,40,25,62,41,21,430,295,135,28,16,12,458,311,147,2017
892000,Gewaltkriminalit t,14511000,Chemnitz,voll.,819,617,202,4,1,3,25,17,8,29,18,11,107,82,25,107,85,22,529,411,118,47,21,26,576,432,144,2017
892000,Gewaltkriminalit t,12052000,Cottbus,voll.,351,276,75,0,0,0,15,7,8,15,7,8,50,43,7,55,50,5,218,168,50,13,8,5,231,176,55,2017
892000,Gewaltkriminalit t,6411000,Darmstadt,voll.,452,325,127,0,0,0,18,15,3,18,15,3,55,42,13,67,48,19,297,212,85,15,8,7,312,220,92,2017
892000,Gewaltkriminalit t,5913000,Dortmund,voll.,2989,2122,867,5,2,3,180,134,46,185,136,49,315,202,113,345,247,98,2015,1465,550,129,72,57,2144,1537,607,2017
892000,Gewaltkriminalit t,14612000,Dresden,voll.,1468,1148,320,4,2,2,35,27,8,39,29,10,114,80,34,195,151,44,1060,848,212,60,40,20,1120,888,232,2017
892000,Gewaltkriminalit t,5112000,Duisburg,voll.,1822,1209,613,6,4,2,123,90,33,129,94,35,221,157,64,187,125,62,1168,762,406,117,71,46,1285,833,452,2017
892000,Gewaltkriminalit t,5111000,D sseldorf,voll.,2330,1653,677,7,4,3,74,54,20,81,58,23,190,118,72,294,209,85,1634,1194,440,131,74,57,1765,1268,497,2017
892000,Gewaltkriminalit t,16051000,Erfurt,voll.,589,431,158,4,2,2,23,17,6,27,19,8,67,46,21,64,51,13,408,305,103,23,10,13,431,315,116,2017
892000,Gewaltkriminalit t,9562000,Erlangen,voll.,181,126,55,0,0,0,6,2,4,6,2,4,16,9,7,26,21,5,121,85,36,12,9,3,133,94,39,2017
892000,Gewaltkriminalit t,5113000,Essen,voll.,1792,1146,646,7,4,3,70,56,14,77,60,17,164,91,73,206,129,77,1218,791,427,127,75,52,1345,866,479,2017
892000,Gewaltkriminalit t,6412000,Frankfurt am Main,voll.,3570,2724,846,24,13,11,96,72,24,120,85,35,245,181,64,409,306,103,2652,2060,592,144,92,52,2796,2152,644,2017
892000,Gewaltkriminalit t,8311000,Freiburg im Breisgau,voll.,917,700,217,9,8,1,30,16,14,39,24,15,76,51,25,127,106,21,646,500,146,29,19,10,675,519,156,2017
892000,Gewaltkriminalit t,9563000,F rth,voll.,230,166,64,1,1,0,10,6,4,11,7,4,27,20,7,22,18,4,158,113,45,12,8,4,170,121,49,2017
892000,Gewaltkriminalit t,5513000,Gelsenkirchen,voll.,919,580,339,5,2,3,41,30,11,46,32,14,111,79,32,87,53,34,625,384,241,50,32,18,675,416,259,2017
892000,Gewaltkriminalit t,3159016,G ttingen,voll.,494,361,133,0,0,0,17,12,5,17,12,5,34,23,11,61,50,11,369,268,101,13,8,5,382,276,106,2017
892000,Gewaltkriminalit t,5914000,Hagen,voll.,596,431,165,1,1,0,38,23,15,39,24,15,65,45,20,79,62,17,377,277,100,36,23,13,413,300,113,2017
892000,Gewaltkriminalit t,15002000,Halle (Saale),voll.,1004,747,257,3,1,2,54,46,8,57,47,10,110,80,30,103,76,27,681,517,164,53,27,26,734,544,190,2017
892000,Gewaltkriminalit t,2000000,Hamburg,voll.,7789,5739,2050,20,11,9,335,241,94,355,252,103,589,409,180,881,679,202,5588,4185,1403,376,214,162,5964,4399,1565,2017
892000,Gewaltkriminalit t,5915000,Hamm,voll.,675,471,204,3,0,3,32,19,13,35,19,16,98,65,33,84,67,17,438,306,132,20,14,6,458,320,138,2017
892000,Gewaltkriminalit t,3241001,Hannover,voll.,2564,1884,680,11,3,8,80,58,22,91,61,30,198,141,57,308,235,73,1864,1394,470,103,53,50,1967,1447,520,2017
892000,Gewaltkriminalit t,8221000,Heidelberg,voll.,504,392,112,3,3,0,12,7,5,15,10,5,36,26,10,64,51,13,368,293,75,21,12,9,389,305,84,2017
892000,Gewaltkriminalit t,8121000,Heilbronn,voll.,382,275,107,0,0,0,8,5,3,8,5,3,43,28,15,52,34,18,268,201,67,11,7,4,279,208,71,2017
892000,Gewaltkriminalit t,5916000,Herne,voll.,459,293,166,1,0,1,28,17,11,29,17,12,71,36,35,51,34,17,275,194,81,33,12,21,308,206,102,2017
892000,Gewaltkriminalit t,3254021,Hildesheim,voll.,377,250,127,0,0,0,16,10,6,16,10,6,36,21,15,40,30,10,265,181,84,20,8,12,285,189,96,2017
892000,Gewaltkriminalit t,9161000,Ingolstadt,voll.,374,287,87,2,1,1,6,5,1,8,6,2,41,27,14,50,42,8,265,207,58,10,5,5,275,212,63,2017
892000,Gewaltkriminalit t,16053000,Jena,voll.,238,188,50,0,0,0,8,8,0,8,8,0,30,25,5,37,31,6,156,119,37,7,5,2,163,124,39,2017
892000,Gewaltkriminalit t,8212000,Karlsruhe,voll.,905,657,248,3,2,1,16,9,7,19,11,8,72,56,16,135,96,39,645,475,170,34,19,15,679,494,185,2017
892000,Gewaltkriminalit t,6611000,Kassel,voll.,744,513,231,5,4,1,26,14,12,31,18,13,68,43,25,84,58,26,519,368,151,42,26,16,561,394,167,2017
892000,Gewaltkriminalit t,1002000,Kiel,voll.,1021,755,266,1,1,0,31,25,6,32,26,6,106,78,28,127,95,32,722,535,187,34,21,13,756,556,200,2017
892000,Gewaltkriminalit t,7111000,Koblenz,voll.,455,332,123,0,0,0,11,9,2,11,9,2,38,24,14,73,58,15,316,231,85,17,10,7,333,241,92,2017
892000,Gewaltkriminalit t,5315000,K ln,voll.,5513,3793,1720,21,16,5,220,143,77,241,159,82,498,343,155,564,391,173,3942,2767,1175,268,133,135,4210,2900,1310,2017
892000,Gewaltkriminalit t,5114000,Krefeld,voll.,632,414,218,3,1,2,41,28,13,44,29,15,52,37,15,68,42,26,431,284,147,37,22,15,468,306,162,2017
892000,Gewaltkriminalit t,14713000,Leipzig,voll.,2013,1427,586,9,3,6,72,42,30,81,45,36,196,135,61,174,128,46,1417,1071,346,145,48,97,1562,1119,443,2017
892000,Gewaltkriminalit t,5316000,Leverkusen,voll.,647,432,215,2,2,0,35,28,7,37,30,7,88,57,31,81,58,23,407,263,144,34,24,10,441,287,154,2017
892000,Gewaltkriminalit t,1003000,L beck,voll.,920,672,248,3,1,2,23,15,8,26,16,10,99,66,33,122,93,29,635,473,162,38,24,14,673,497,176,2017
892000,Gewaltkriminalit t,7314000,Ludwigshafen am Rhein,voll.,776,538,238,0,0,0,53,30,23,53,30,23,126,90,36,85,58,27,473,337,136,39,23,16,512,360,152,2017
892000,Gewaltkriminalit t,15003000,Magdeburg,voll.,850,622,228,2,1,1,40,31,9,42,32,10,101,71,30,103,78,25,562,419,143,42,22,20,604,441,163,2017
892000,Gewaltkriminalit t,7315000,Mainz,voll.,704,537,167,1,1,0,15,11,4,16,12,4,83,65,18,116,90,26,464,355,109,25,15,10,489,370,119,2017
892000,Gewaltkriminalit t,8222000,Mannheim,voll.,1233,904,329,9,6,3,35,23,12,44,29,15,109,75,34,127,105,22,888,661,227,65,34,31,953,695,258,2017
892000,Gewaltkriminalit t,5170024,Moers,voll.,253,178,75,0,0,0,8,7,1,8,7,1,41,32,9,32,25,7,163,106,57,9,8,1,172,114,58,2017
892000,Gewaltkriminalit t,5116000,M nchengladbach,voll.,748,480,268,4,3,1,28,16,12,32,19,13,85,59,26,79,54,25,509,325,184,43,23,20,552,348,204,2017
892000,Gewaltkriminalit t,5117000,M lheim an der Ruhr,voll.,353,222,131,3,1,2,13,9,4,16,10,6,45,35,10,35,25,10,231,143,88,26,9,17,257,152,105,2017
892000,Gewaltkriminalit t,9162000,M nchen,voll.,3561,2529,1032,18,12,6,106,67,39,124,79,45,295,200,95,443,320,123,2543,1837,706,156,93,63,2699,1930,769,2017
892000,Gewaltkriminalit t,5515000,M nster,voll.,913,643,270,3,3,0,32,23,9,35,26,9,99,59,40,119,86,33,611,447,164,49,25,24,660,472,188,2017
892000,Gewaltkriminalit t,5162024,Neuss,voll.,382,253,129,1,0,1,26,22,4,27,22,5,35,22,13,57,36,21,241,156,85,22,17,5,263,173,90,2017
892000,Gewaltkriminalit t,9564000,N rnberg,voll.,1574,1171,403,3,2,1,52,32,20,55,34,21,134,90,44,202,160,42,1117,844,273,66,43,23,1183,887,296,2017
892000,Gewaltkriminalit t,5119000,Oberhausen,voll.,574,392,182,3,2,1,23,16,7,26,18,8,89,62,27,77,56,21,352,237,115,30,19,11,382,256,126,2017
892000,Gewaltkriminalit t,6413000,Offenbach am Main,voll.,394,282,112,2,0,2,14,7,7,16,7,9,50,38,12,35,19,16,281,208,73,12,10,2,293,218,75,2017
892000,Gewaltkriminalit t,3403000,Oldenburg (Oldenburg),voll.,606,408,198,0,0,0,11,9,2,11,9,2,51,36,15,96,59,37,386,263,123,62,41,21,448,304,144,2017
892000,Gewaltkriminalit t,3404000,Osnabr ck,voll.,936,651,285,2,1,1,19,16,3,21,17,4,78,44,34,122,95,27,684,478,206,31,17,14,715,495,220,2017
892000,Gewaltkriminalit t,5774032,Paderborn,voll.,375,255,120,0,0,0,18,16,2,18,16,2,38,23,15,50,33,17,255,174,81,14,9,5,269,183,86,2017
892000,Gewaltkriminalit t,8231000,Pforzheim,voll.,343,252,91,2,2,0,13,9,4,15,11,4,47,28,19,63,42,21,210,166,44,8,5,3,218,171,47,2017
892000,Gewaltkriminalit t,12054000,Potsdam,voll.,361,272,89,2,1,1,18,16,2,20,17,3,49,31,18,49,43,6,219,171,48,24,10,14,243,181,62,2017
892000,Gewaltkriminalit t,5562032,Recklinghausen,voll.,441,318,123,1,1,0,25,20,5,26,21,5,63,46,17,44,35,9,283,199,84,25,17,8,308,216,92,2017
892000,Gewaltkriminalit t,9362000,Regensburg,voll.,437,331,106,0,0,0,9,5,4,9,5,4,48,43,5,75,64,11,296,214,82,9,5,4,305,219,86,2017
892000,Gewaltkriminalit t,5120000,Remscheid,voll.,261,158,103,2,0,2,10,4,6,12,4,8,25,18,7,30,23,7,177,107,70,17,6,11,194,113,81,2017
892000,Gewaltkriminalit t,8415061,Reutlingen,voll.,312,233,79,3,2,1,17,13,4,20,15,5,32,23,9,64,52,12,190,140,50,6,3,3,196,143,53,2017
892000,Gewaltkriminalit t,13003000,Rostock,voll.,525,373,152,1,1,0,58,36,22,59,37,22,66,50,16,44,36,8,339,242,97,17,8,9,356,250,106,2017
892000,Gewaltkriminalit t,10041100,Saarbr cken,voll.,1038,757,281,6,4,2,29,19,10,35,23,12,92,60,32,129,97,32,727,539,188,55,38,17,782,577,205,2017
892000,Gewaltkriminalit t,3102000,Salzgitter,voll.,294,179,115,2,2,0,21,14,7,23,16,7,44,21,23,22,13,9,195,122,73,10,7,3,205,129,76,2017
892000,Gewaltkriminalit t,13004000,Schwerin,voll.,408,318,90,0,0,0,17,12,5,17,12,5,62,47,15,56,45,11,251,201,50,22,13,9,273,214,59,2017
892000,Gewaltkriminalit t,5970040,Siegen,voll.,243,193,50,0,0,0,8,6,2,8,6,2,33,24,9,29,26,3,165,132,33,8,5,3,173,137,36,2017
892000,Gewaltkriminalit t,5122000,Solingen,voll.,418,290,128,3,3,0,14,9,5,17,12,5,51,31,20,47,38,9,282,195,87,21,14,7,303,209,94,2017
892000,Gewaltkriminalit t,8111000,Stuttgart,voll.,2683,1984,699,9,6,3,84,57,27,93,63,30,234,162,72,354,270,84,1907,1440,467,95,49,46,2002,1489,513,2017
892000,Gewaltkriminalit t,7211000,Trier,voll.,310,219,91,1,0,1,4,3,1,5,3,2,25,18,7,46,35,11,217,155,62,17,8,9,234,163,71,2017
892000,Gewaltkriminalit t,8421000,Ulm,voll.,412,318,94,1,1,0,10,6,4,11,7,4,31,20,11,59,42,17,303,242,61,8,7,1,311,249,62,2017
892000,Gewaltkriminalit t,6414000,Wiesbaden,voll.,1132,760,372,4,2,2,44,31,13,48,33,15,140,87,53,161,116,45,734,492,242,49,32,17,783,524,259,2017
892000,Gewaltkriminalit t,3103000,Wolfsburg,voll.,290,202,88,0,0,0,6,5,1,6,5,1,44,32,12,28,17,11,205,144,61,7,4,3,212,148,64,2017
892000,Gewaltkriminalit t,5124000,Wuppertal,voll.,1240,851,389,2,2,0,65,45,20,67,47,20,123,84,39,159,103,56,817,581,236,74,36,38,891,617,274,2017
892000,Gewaltkriminalit t,9663000,W rzburg,voll.,348,269,79,0,0,0,6,3,3,6,3,3,38,24,14,58,47,11,226,184,42,20,11,9,246,195,51,2017
892000,Gewaltkriminalit t,5334002,Aachen,vers.,247,160,87,3,2,1,6,5,1,9,7,2,13,9,4,30,19,11,177,116,61,18,9,9,195,125,70,2017
892000,Gewaltkriminalit t,9761000,Augsburg,vers.,247,176,71,2,1,1,9,7,2,11,8,3,19,14,5,27,21,6,175,126,49,15,7,8,190,133,57,2017
892000,Gewaltkriminalit t,5378004,Bergisch Gladbach,vers.,25,16,9,0,0,0,0,0,0,0,0,0,6,6,0,2,1,1,12,7,5,5,2,3,17,9,8,2017
892000,Gewaltkriminalit t,11000000,Berlin,vers.,3706,2616,1090,32,17,15,149,107,42,181,124,57,259,186,73,232,168,64,2783,2000,783,251,138,113,3034,2138,896,2017
892000,Gewaltkriminalit t,5711000,Bielefeld,vers.,166,102,64,1,1,0,6,4,2,7,5,2,7,3,4,9,6,3,134,84,50,9,4,5,143,88,55,2017
892000,Gewaltkriminalit t,5911000,Bochum,vers.,259,189,70,1,1,0,5,5,0,6,6,0,30,23,7,25,20,5,179,129,50,19,11,8,198,140,58,2017
892000,Gewaltkriminalit t,5314000,Bonn,vers.,241,168,73,0,0,0,5,3,2,5,3,2,12,8,4,31,26,5,177,122,55,16,9,7,193,131,62,2017
892000,Gewaltkriminalit t,5512000,Bottrop,vers.,47,36,11,1,1,0,2,1,1,3,2,1,7,6,1,5,4,1,29,23,6,3,1,2,32,24,8,2017
892000,Gewaltkriminalit t,3101000,Braunschweig,vers.,179,129,50,0,0,0,5,4,1,5,4,1,8,4,4,14,9,5,142,106,36,10,6,4,152,112,40,2017
892000,Gewaltkriminalit t,4011000,Bremen,vers.,461,303,158,1,1,0,9,4,5,10,5,5,36,25,11,37,24,13,344,235,109,34,14,20,378,249,129,2017
892000,Gewaltkriminalit t,4012000,Bremerhaven,vers.,93,62,31,0,0,0,4,3,1,4,3,1,5,4,1,7,2,5,71,50,21,6,3,3,77,53,24,2017
892000,Gewaltkriminalit t,14511000,Chemnitz,vers.,118,87,31,0,0,0,5,3,2,5,3,2,9,8,1,8,6,2,90,67,23,6,3,3,96,70,26,2017
892000,Gewaltkriminalit t,12052000,Cottbus,vers.,87,52,35,0,0,0,0,0,0,0,0,0,9,7,2,9,6,3,64,36,28,5,3,2,69,39,30,2017
892000,Gewaltkriminalit t,6411000,Darmstadt,vers.,64,52,12,0,0,0,5,4,1,5,4,1,4,2,2,7,7,0,43,36,7,5,3,2,48,39,9,2017
892000,Gewaltkriminalit t,5913000,Dortmund,vers.,568,409,159,3,1,2,31,24,7,34,25,9,41,27,14,45,33,12,418,308,110,30,16,14,448,324,124,2017
892000,Gewaltkriminalit t,14612000,Dresden,vers.,316,233,83,1,1,0,3,2,1,4,3,1,16,10,6,21,18,3,259,192,67,16,10,6,275,202,73,2017
892000,Gewaltkriminalit t,5112000,Duisburg,vers.,368,258,110,2,1,1,26,20,6,28,21,7,40,36,4,36,18,18,240,169,71,24,14,10,264,183,81,2017
892000,Gewaltkriminalit t,5111000,D sseldorf,vers.,432,292,140,1,0,1,9,4,5,10,4,6,28,15,13,29,16,13,344,246,98,21,11,10,365,257,108,2017
892000,Gewaltkriminalit t,16051000,Erfurt,vers.,183,134,49,5,4,1,10,5,5,15,9,6,18,14,4,12,11,1,122,93,29,16,7,9,138,100,38,2017
892000,Gewaltkriminalit t,9562000,Erlangen,vers.,44,28,16,1,0,1,1,1,0,2,1,1,3,2,1,8,7,1,25,15,10,6,3,3,31,18,13,2017
892000,Gewaltkriminalit t,5113000,Essen,vers.,302,179,123,2,1,1,11,6,5,13,7,6,29,15,14,25,14,11,218,133,85,17,10,7,235,143,92,2017
892000,Gewaltkriminalit t,6412000,Frankfurt am Main,vers.,642,456,186,4,2,2,18,14,4,22,16,6,25,15,10,38,30,8,517,370,147,40,25,15,557,395,162,2017
892000,Gewaltkriminalit t,8311000,Freiburg im Breisgau,vers.,182,144,38,3,3,0,3,1,2,6,4,2,12,12,0,14,9,5,143,114,29,7,5,2,150,119,31,2017
892000,Gewaltkriminalit t,9563000,F rth,vers.,45,35,10,0,0,0,1,1,0,1,1,0,2,2,0,4,2,2,34,27,7,4,3,1,38,30,8,2017
892000,Gewaltkriminalit t,5513000,Gelsenkirchen,vers.,209,142,67,0,0,0,13,13,0,13,13,0,20,10,10,24,21,3,142,95,47,10,3,7,152,98,54,2017
892000,Gewaltkriminalit t,3159016,G ttingen,vers.,100,76,24,0,0,0,2,2,0,2,2,0,3,2,1,11,8,3,79,61,18,5,3,2,84,64,20,2017
892000,Gewaltkriminalit t,5914000,Hagen,vers.,98,67,31,0,0,0,1,1,0,1,1,0,15,12,3,10,4,6,67,49,18,5,1,4,72,50,22,2017
892000,Gewaltkriminalit t,15002000,Halle (Saale),vers.,242,160,82,4,1,3,18,16,2,22,17,5,15,10,5,20,13,7,171,113,58,14,7,7,185,120,65,2017
892000,Gewaltkriminalit t,2000000,Hamburg,vers.,1273,923,350,5,1,4,54,38,16,59,39,20,64,49,15,86,74,12,989,714,275,75,47,28,1064,761,303,2017
892000,Gewaltkriminalit t,5915000,Hamm,vers.,111,76,35,1,0,1,4,3,1,5,3,2,5,4,1,12,11,1,82,53,29,7,5,2,89,58,31,2017
892000,Gewaltkriminalit t,3241001,Hannover,vers.,475,345,130,5,3,2,10,7,3,15,10,5,28,21,7,36,25,11,372,277,95,24,12,12,396,289,107,2017
892000,Gewaltkriminalit t,8221000,Heidelberg,vers.,75,56,19,0,0,0,3,3,0,3,3,0,4,4,0,9,6,3,57,43,14,2,0,2,59,43,16,2017
892000,Gewaltkriminalit t,8121000,Heilbronn,vers.,44,33,11,0,0,0,1,1,0,1,1,0,1,1,0,2,2,0,36,26,10,4,3,1,40,29,11,2017
892000,Gewaltkriminalit t,5916000,Herne,vers.,63,45,18,0,0,0,6,5,1,6,5,1,7,6,1,3,3,0,45,31,14,2,0,2,47,31,16,2017
892000,Gewaltkriminalit t,3254021,Hildesheim,vers.,77,50,27,0,0,0,7,7,0,7,7,0,7,6,1,4,4,0,52,30,22,7,3,4,59,33,26,2017
892000,Gewaltkriminalit t,9161000,Ingolstadt,vers.,84,65,19,0,0,0,1,1,0,1,1,0,3,1,2,3,2,1,74,60,14,3,1,2,77,61,16,2017
892000,Gewaltkriminalit t,16053000,Jena,vers.,64,54,10,1,0,1,0,0,0,1,0,1,6,6,0,11,9,2,42,36,6,4,3,1,46,39,7,2017
892000,Gewaltkriminalit t,8212000,Karlsruhe,vers.,173,116,57,1,1,0,2,1,1,3,2,1,13,11,2,12,10,2,132,86,46,13,7,6,145,93,52,2017
892000,Gewaltkriminalit t,6611000,Kassel,vers.,113,77,36,0,0,0,0,0,0,0,0,0,4,3,1,8,5,3,95,65,30,6,4,2,101,69,32,2017
892000,Gewaltkriminalit t,1002000,Kiel,vers.,180,128,52,0,0,0,12,7,5,12,7,5,11,9,2,17,15,2,124,89,35,16,8,8,140,97,43,2017
892000,Gewaltkriminalit t,7111000,Koblenz,vers.,102,73,29,1,1,0,3,3,0,4,4,0,7,6,1,10,8,2,70,50,20,11,5,6,81,55,26,2017
892000,Gewaltkriminalit t,5315000,K ln,vers.,1064,690,374,7,6,1,40,30,10,47,36,11,74,49,25,76,52,24,782,505,277,85,48,37,867,553,314,2017
892000,Gewaltkriminalit t,5114000,Krefeld,vers.,160,107,53,3,1,2,9,4,5,12,5,7,13,11,2,9,7,2,112,77,35,14,7,7,126,84,42,2017
892000,Gewaltkriminalit t,14713000,Leipzig,vers.,315,216,99,2,0,2,15,11,4,17,11,6,14,11,3,18,11,7,252,176,76,14,7,7,266,183,83,2017
892000,Gewaltkriminalit t,5316000,Leverkusen,vers.,179,134,45,1,0,1,6,6,0,7,6,1,16,12,4,10,7,3,136,102,34,10,7,3,146,109,37,2017
892000,Gewaltkriminalit t,1003000,L beck,vers.,189,134,55,3,3,0,2,2,0,5,5,0,17,10,7,14,9,5,138,101,37,15,9,6,153,110,43,2017
892000,Gewaltkriminalit t,7314000,Ludwigshafen am Rhein,vers.,209,152,57,0,0,0,23,21,2,23,21,2,39,35,4,15,7,8,124,83,41,8,6,2,132,89,43,2017
892000,Gewaltkriminalit t,15003000,Magdeburg,vers.,156,102,54,3,2,1,9,8,1,12,10,2,13,9,4,13,10,3,110,67,43,8,6,2,118,73,45,2017
892000,Gewaltkriminalit t,7315000,Mainz,vers.,151,120,31,1,1,0,5,4,1,6,5,1,16,10,6,13,12,1,105,86,19,11,7,4,116,93,23,2017
892000,Gewaltkriminalit t,8222000,Mannheim,vers.,206,141,65,2,0,2,20,15,5,22,15,7,4,2,2,18,15,3,146,99,47,16,10,6,162,109,53,2017
892000,Gewaltkriminalit t,5170024,Moers,vers.,35,19,16,0,0,0,0,0,0,0,0,0,6,3,3,3,1,2,24,14,10,2,1,1,26,15,11,2017
892000,Gewaltkriminalit t,5116000,M nchengladbach,vers.,91,57,34,0,0,0,2,1,1,2,1,1,7,5,2,6,4,2,69,43,26,7,4,3,76,47,29,2017
892000,Gewaltkriminalit t,5117000,M lheim an der Ruhr,vers.,74,43,31,0,0,0,3,2,1,3,2,1,8,6,2,4,1,3,51,30,21,8,4,4,59,34,25,2017
892000,Gewaltkriminalit t,9162000,M nchen,vers.,864,617,247,11,7,4,15,9,6,26,16,10,49,33,16,61,36,25,679,503,176,49,29,20,728,532,196,2017
892000,Gewaltkriminalit t,5515000,M nster,vers.,152,114,38,0,0,0,1,0,1,1,0,1,17,14,3,17,10,7,107,83,24,10,7,3,117,90,27,2017
892000,Gewaltkriminalit t,5162024,Neuss,vers.,72,53,19,1,0,1,6,6,0,7,6,1,6,4,2,3,2,1,52,38,14,4,3,1,56,41,15,2017
892000,Gewaltkriminalit t,9564000,N rnberg,vers.,353,243,110,3,1,2,6,3,3,9,4,5,22,14,8,21,17,4,274,194,80,27,14,13,301,208,93,2017
892000,Gewaltkriminalit t,5119000,Oberhausen,vers.,91,65,26,2,1,1,5,4,1,7,5,2,6,4,2,10,7,3,62,44,18,6,5,1,68,49,19,2017
892000,Gewaltkriminalit t,6413000,Offenbach am Main,vers.,87,62,25,0,0,0,2,1,1,2,1,1,10,7,3,8,5,3,60,46,14,7,3,4,67,49,18,2017
892000,Gewaltkriminalit t,3403000,Oldenburg (Oldenburg),vers.,106,74,32,0,0,0,1,1,0,1,1,0,4,3,1,7,5,2,87,59,28,7,6,1,94,65,29,2017
892000,Gewaltkriminalit t,3404000,Osnabr ck,vers.,129,86,43,1,0,1,0,0,0,1,0,1,6,3,3,17,12,5,99,68,31,6,3,3,105,71,34,2017
892000,Gewaltkriminalit t,5774032,Paderborn,vers.,97,75,22,0,0,0,2,2,0,2,2,0,10,10,0,13,11,2,70,50,20,2,2,0,72,52,20,2017
892000,Gewaltkriminalit t,8231000,Pforzheim,vers.,56,38,18,1,1,0,3,3,0,4,4,0,3,1,2,6,3,3,37,27,10,6,3,3,43,30,13,2017
892000,Gewaltkriminalit t,12054000,Potsdam,vers.,88,56,32,1,1,0,6,4,2,7,5,2,7,5,2,6,5,1,62,38,24,6,3,3,68,41,27,2017
892000,Gewaltkriminalit t,5562032,Recklinghausen,vers.,109,74,35,0,0,0,12,11,1,12,11,1,15,9,6,15,10,5,58,38,20,9,6,3,67,44,23,2017
892000,Gewaltkriminalit t,9362000,Regensburg,vers.,77,48,29,0,0,0,2,2,0,2,2,0,3,2,1,9,4,5,58,37,21,5,3,2,63,40,23,2017
892000,Gewaltkriminalit t,5120000,Remscheid,vers.,58,39,19,0,0,0,4,3,1,4,3,1,3,1,2,6,5,1,39,26,13,6,4,2,45,30,15,2017
892000,Gewaltkriminalit t,8415061,Reutlingen,vers.,56,46,10,0,0,0,0,0,0,0,0,0,4,3,1,6,4,2,43,37,6,3,2,1,46,39,7,2017
892000,Gewaltkriminalit t,13003000,Rostock,vers.,115,77,38,2,2,0,3,1,2,5,3,2,5,5,0,9,5,4,93,63,30,3,1,2,96,64,32,2017
892000,Gewaltkriminalit t,10041100,Saarbr cken,vers.,184,124,60,1,1,0,5,3,2,6,4,2,10,5,5,8,6,2,148,99,49,12,10,2,160,109,51,2017
892000,Gewaltkriminalit t,3102000,Salzgitter,vers.,47,26,21,1,0,1,4,3,1,5,3,2,7,2,5,2,2,0,31,18,13,2,1,1,33,19,14,2017
892000,Gewaltkriminalit t,13004000,Schwerin,vers.,80,48,32,1,0,1,0,0,0,1,0,1,7,3,4,12,8,4,55,35,20,5,2,3,60,37,23,2017
892000,Gewaltkriminalit t,5970040,Siegen,vers.,51,32,19,0,0,0,2,1,1,2,1,1,4,3,1,1,0,1,41,27,14,3,1,2,44,28,16,2017
892000,Gewaltkriminalit t,5122000,Solingen,vers.,101,62,39,0,0,0,5,5,0,5,5,0,8,5,3,16,12,4,61,32,29,11,8,3,72,40,32,2017
892000,Gewaltkriminalit t,8111000,Stuttgart,vers.,518,368,150,4,4,0,13,9,4,17,13,4,40,34,6,36,22,14,398,284,114,27,15,12,425,299,126,2017
892000,Gewaltkriminalit t,7211000,Trier,vers.,129,90,39,0,0,0,1,1,0,1,1,0,4,3,1,12,9,3,110,75,35,2,2,0,112,77,35,2017
892000,Gewaltkriminalit t,8421000,Ulm,vers.,51,38,13,1,1,0,3,3,0,4,4,0,3,3,0,5,4,1,37,26,11,2,1,1,39,27,12,2017
892000,Gewaltkriminalit t,6414000,Wiesbaden,vers.,153,100,53,1,1,0,5,4,1,6,5,1,12,10,2,14,10,4,112,68,44,9,7,2,121,75,46,2017
892000,Gewaltkriminalit t,3103000,Wolfsburg,vers.,60,39,21,0,0,0,2,1,1,2,1,1,1,1,0,10,9,1,42,26,16,5,2,3,47,28,19,2017
892000,Gewaltkriminalit t,5124000,Wuppertal,vers.,263,177,86,0,0,0,20,10,10,20,10,10,20,13,7,17,13,4,186,133,53,20,8,12,206,141,65,2017
892000,Gewaltkriminalit t,9663000,W rzburg,vers.,81,65,16,0,0,0,2,1,1,2,1,1,6,5,1,3,3,0,64,53,11,6,3,3,70,56,14,2017
892000,Gewaltkriminalit t,5334002,Aachen,insg.,1264,867,397,9,5,4,42,30,12,51,35,16,98,69,29,182,132,50,863,597,266,70,34,36,933,631,302,2017
892000,Gewaltkriminalit t,9761000,Augsburg,insg.,1087,791,296,9,4,5,48,37,11,57,41,16,121,84,37,133,98,35,717,536,181,59,32,27,776,568,208,2017
892000,Gewaltkriminalit t,5378004,Bergisch Gladbach,insg.,237,167,70,2,1,1,7,3,4,9,4,5,39,32,7,31,21,10,141,101,40,17,9,8,158,110,48,2017
892000,Gewaltkriminalit t,11000000,Berlin,insg.,19362,13768,5594,69,38,31,805,586,219,874,624,250,1944,1357,587,1800,1330,470,13641,9878,3763,1103,579,524,14744,10457,4287,2017
892000,Gewaltkriminalit t,5711000,Bielefeld,insg.,1041,728,313,4,4,0,35,27,8,39,31,8,97,60,37,116,86,30,752,527,225,37,24,13,789,551,238,2017
892000,Gewaltkriminalit t,5911000,Bochum,insg.,1557,1112,445,4,2,2,61,50,11,65,52,13,160,114,46,169,123,46,1075,775,300,88,48,40,1163,823,340,2017
892000,Gewaltkriminalit t,5314000,Bonn,insg.,1414,977,437,6,2,4,60,49,11,66,51,15,150,107,43,196,148,48,937,637,300,65,34,31,1002,671,331,2017
892000,Gewaltkriminalit t,5512000,Bottrop,insg.,489,303,186,1,1,0,9,6,3,10,7,3,58,47,11,44,29,15,280,178,102,97,42,55,377,220,157,2017
892000,Gewaltkriminalit t,3101000,Braunschweig,insg.,1016,699,317,0,0,0,30,19,11,30,19,11,97,52,45,128,94,34,715,514,201,46,20,26,761,534,227,2017
892000,Gewaltkriminalit t,4011000,Bremen,insg.,3132,2247,885,5,3,2,64,48,16,69,51,18,274,207,67,366,296,70,2231,1619,612,192,74,118,2423,1693,730,2017
892000,Gewaltkriminalit t,4012000,Bremerhaven,insg.,707,474,233,1,1,0,32,22,10,33,23,10,70,44,26,69,43,26,501,345,156,34,19,15,535,364,171,2017
892000,Gewaltkriminalit t,14511000,Chemnitz,insg.,937,704,233,4,1,3,30,20,10,34,21,13,116,90,26,115,91,24,619,478,141,53,24,29,672,502,170,2017
892000,Gewaltkriminalit t,12052000,Cottbus,insg.,438,328,110,0,0,0,15,7,8,15,7,8,59,50,9,64,56,8,282,204,78,18,11,7,300,215,85,2017
892000,Gewaltkriminalit t,6411000,Darmstadt,insg.,516,377,139,0,0,0,23,19,4,23,19,4,59,44,15,74,55,19,340,248,92,20,11,9,360,259,101,2017
892000,Gewaltkriminalit t,5913000,Dortmund,insg.,3557,2531,1026,8,3,5,211,158,53,219,161,58,356,229,127,390,280,110,2433,1773,660,159,88,71,2592,1861,731,2017
892000,Gewaltkriminalit t,14612000,Dresden,insg.,1784,1381,403,5,3,2,38,29,9,43,32,11,130,90,40,216,169,47,1319,1040,279,76,50,26,1395,1090,305,2017
892000,Gewaltkriminalit t,5112000,Duisburg,insg.,2190,1467,723,8,5,3,149,110,39,157,115,42,261,193,68,223,143,80,1408,931,477,141,85,56,1549,1016,533,2017
892000,Gewaltkriminalit t,5111000,D sseldorf,insg.,2762,1945,817,8,4,4,83,58,25,91,62,29,218,133,85,323,225,98,1978,1440,538,152,85,67,2130,1525,605,2017
892000,Gewaltkriminalit t,16051000,Erfurt,insg.,772,565,207,9,6,3,33,22,11,42,28,14,85,60,25,76,62,14,530,398,132,39,17,22,569,415,154,2017
892000,Gewaltkriminalit t,9562000,Erlangen,insg.,225,154,71,1,0,1,7,3,4,8,3,5,19,11,8,34,28,6,146,100,46,18,12,6,164,112,52,2017
892000,Gewaltkriminalit t,5113000,Essen,insg.,2094,1325,769,9,5,4,81,62,19,90,67,23,193,106,87,231,143,88,1436,924,512,144,85,59,1580,1009,571,2017
892000,Gewaltkriminalit t,6412000,Frankfurt am Main,insg.,4212,3180,1032,28,15,13,114,86,28,142,101,41,270,196,74,447,336,111,3169,2430,739,184,117,67,3353,2547,806,2017
892000,Gewaltkriminalit t,8311000,Freiburg im Breisgau,insg.,1099,844,255,12,11,1,33,17,16,45,28,17,88,63,25,141,115,26,789,614,175,36,24,12,825,638,187,2017
892000,Gewaltkriminalit t,9563000,F rth,insg.,275,201,74,1,1,0,11,7,4,12,8,4,29,22,7,26,20,6,192,140,52,16,11,5,208,151,57,2017
892000,Gewaltkriminalit t,5513000,Gelsenkirchen,insg.,1128,722,406,5,2,3,54,43,11,59,45,14,131,89,42,111,74,37,767,479,288,60,35,25,827,514,313,2017
892000,Gewaltkriminalit t,3159016,G ttingen,insg.,594,437,157,0,0,0,19,14,5,19,14,5,37,25,12,72,58,14,448,329,119,18,11,7,466,340,126,2017
892000,Gewaltkriminalit t,5914000,Hagen,insg.,694,498,196,1,1,0,39,24,15,40,25,15,80,57,23,89,66,23,444,326,118,41,24,17,485,350,135,2017
892000,Gewaltkriminalit t,15002000,Halle (Saale),insg.,1246,907,339,7,2,5,72,62,10,79,64,15,125,90,35,123,89,34,852,630,222,67,34,33,919,664,255,2017
892000,Gewaltkriminalit t,2000000,Hamburg,insg.,9062,6662,2400,25,12,13,389,279,110,414,291,123,653,458,195,967,753,214,6577,4899,1678,451,261,190,7028,5160,1868,2017
892000,Gewaltkriminalit t,5915000,Hamm,insg.,786,547,239,4,0,4,36,22,14,40,22,18,103,69,34,96,78,18,520,359,161,27,19,8,547,378,169,2017
892000,Gewaltkriminalit t,3241001,Hannover,insg.,3039,2229,810,16,6,10,90,65,25,106,71,35,226,162,64,344,260,84,2236,1671,565,127,65,62,2363,1736,627,2017
892000,Gewaltkriminalit t,8221000,Heidelberg,insg.,579,448,131,3,3,0,15,10,5,18,13,5,40,30,10,73,57,16,425,336,89,23,12,11,448,348,100,2017
892000,Gewaltkriminalit t,8121000,Heilbronn,insg.,426,308,118,0,0,0,9,6,3,9,6,3,44,29,15,54,36,18,304,227,77,15,10,5,319,237,82,2017
892000,Gewaltkriminalit t,5916000,Herne,insg.,522,338,184,1,0,1,34,22,12,35,22,13,78,42,36,54,37,17,320,225,95,35,12,23,355,237,118,2017
892000,Gewaltkriminalit t,3254021,Hildesheim,insg.,454,300,154,0,0,0,23,17,6,23,17,6,43,27,16,44,34,10,317,211,106,27,11,16,344,222,122,2017
892000,Gewaltkriminalit t,9161000,Ingolstadt,insg.,458,352,106,2,1,1,7,6,1,9,7,2,44,28,16,53,44,9,339,267,72,13,6,7,352,273,79,2017
892000,Gewaltkriminalit t,16053000,Jena,insg.,302,242,60,1,0,1,8,8,0,9,8,1,36,31,5,48,40,8,198,155,43,11,8,3,209,163,46,2017
892000,Gewaltkriminalit t,8212000,Karlsruhe,insg.,1078,773,305,4,3,1,18,10,8,22,13,9,85,67,18,147,106,41,777,561,216,47,26,21,824,587,237,2017
892000,Gewaltkriminalit t,6611000,Kassel,insg.,857,590,267,5,4,1,26,14,12,31,18,13,72,46,26,92,63,29,614,433,181,48,30,18,662,463,199,2017
892000,Gewaltkriminalit t,1002000,Kiel,insg.,1201,883,318,1,1,0,43,32,11,44,33,11,117,87,30,144,110,34,846,624,222,50,29,21,896,653,243,2017
892000,Gewaltkriminalit t,7111000,Koblenz,insg.,557,405,152,1,1,0,14,12,2,15,13,2,45,30,15,83,66,17,386,281,105,28,15,13,414,296,118,2017
892000,Gewaltkriminalit t,5315000,K ln,insg.,6577,4483,2094,28,22,6,260,173,87,288,195,93,572,392,180,640,443,197,4724,3272,1452,353,181,172,5077,3453,1624,2017
892000,Gewaltkriminalit t,5114000,Krefeld,insg.,792,521,271,6,2,4,50,32,18,56,34,22,65,48,17,77,49,28,543,361,182,51,29,22,594,390,204,2017
892000,Gewaltkriminalit t,14713000,Leipzig,insg.,2328,1643,685,11,3,8,87,53,34,98,56,42,210,146,64,192,139,53,1669,1247,422,159,55,104,1828,1302,526,2017
892000,Gewaltkriminalit t,5316000,Leverkusen,insg.,826,566,260,3,2,1,41,34,7,44,36,8,104,69,35,91,65,26,543,365,178,44,31,13,587,396,191,2017
892000,Gewaltkriminalit t,1003000,L beck,insg.,1109,806,303,6,4,2,25,17,8,31,21,10,116,76,40,136,102,34,773,574,199,53,33,20,826,607,219,2017
892000,Gewaltkriminalit t,7314000,Ludwigshafen am Rhein,insg.,985,690,295,0,0,0,76,51,25,76,51,25,165,125,40,100,65,35,597,420,177,47,29,18,644,449,195,2017
892000,Gewaltkriminalit t,15003000,Magdeburg,insg.,1006,724,282,5,3,2,49,39,10,54,42,12,114,80,34,116,88,28,672,486,186,50,28,22,722,514,208,2017
892000,Gewaltkriminalit t,7315000,Mainz,insg.,855,657,198,2,2,0,20,15,5,22,17,5,99,75,24,129,102,27,569,441,128,36,22,14,605,463,142,2017
892000,Gewaltkriminalit t,8222000,Mannheim,insg.,1439,1045,394,11,6,5,55,38,17,66,44,22,113,77,36,145,120,25,1034,760,274,81,44,37,1115,804,311,2017
892000,Gewaltkriminalit t,5170024,Moers,insg.,288,197,91,0,0,0,8,7,1,8,7,1,47,35,12,35,26,9,187,120,67,11,9,2,198,129,69,2017
892000,Gewaltkriminalit t,5116000,M nchengladbach,insg.,839,537,302,4,3,1,30,17,13,34,20,14,92,64,28,85,58,27,578,368,210,50,27,23,628,395,233,2017
892000,Gewaltkriminalit t,5117000,M lheim an der Ruhr,insg.,427,265,162,3,1,2,16,11,5,19,12,7,53,41,12,39,26,13,282,173,109,34,13,21,316,186,130,2017
892000,Gewaltkriminalit t,9162000,M nchen,insg.,4425,3146,1279,29,19,10,121,76,45,150,95,55,344,233,111,504,356,148,3222,2340,882,205,122,83,3427,2462,965,2017
892000,Gewaltkriminalit t,5515000,M nster,insg.,1065,757,308,3,3,0,33,23,10,36,26,10,116,73,43,136,96,40,718,530,188,59,32,27,777,562,215,2017
892000,Gewaltkriminalit t,5162024,Neuss,insg.,454,306,148,2,0,2,32,28,4,34,28,6,41,26,15,60,38,22,293,194,99,26,20,6,319,214,105,2017
892000,Gewaltkriminalit t,9564000,N rnberg,insg.,1927,1414,513,6,3,3,58,35,23,64,38,26,156,104,52,223,177,46,1391,1038,353,93,57,36,1484,1095,389,2017
892000,Gewaltkriminalit t,5119000,Oberhausen,insg.,665,457,208,5,3,2,28,20,8,33,23,10,95,66,29,87,63,24,414,281,133,36,24,12,450,305,145,2017
892000,Gewaltkriminalit t,6413000,Offenbach am Main,insg.,481,344,137,2,0,2,16,8,8,18,8,10,60,45,15,43,24,19,341,254,87,19,13,6,360,267,93,2017
892000,Gewaltkriminalit t,3403000,Oldenburg (Oldenburg),insg.,712,482,230,0,0,0,12,10,2,12,10,2,55,39,16,103,64,39,473,322,151,69,47,22,542,369,173,2017
892000,Gewaltkriminalit t,3404000,Osnabr ck,insg.,1065,737,328,3,1,2,19,16,3,22,17,5,84,47,37,139,107,32,783,546,237,37,20,17,820,566,254,2017
892000,Gewaltkriminalit t,5774032,Paderborn,insg.,472,330,142,0,0,0,20,18,2,20,18,2,48,33,15,63,44,19,325,224,101,16,11,5,341,235,106,2017
892000,Gewaltkriminalit t,8231000,Pforzheim,insg.,399,290,109,3,3,0,16,12,4,19,15,4,50,29,21,69,45,24,247,193,54,14,8,6,261,201,60,2017
892000,Gewaltkriminalit t,12054000,Potsdam,insg.,449,328,121,3,2,1,24,20,4,27,22,5,56,36,20,55,48,7,281,209,72,30,13,17,311,222,89,2017
892000,Gewaltkriminalit t,5562032,Recklinghausen,insg.,550,392,158,1,1,0,37,31,6,38,32,6,78,55,23,59,45,14,341,237,104,34,23,11,375,260,115,2017
892000,Gewaltkriminalit t,9362000,Regensburg,insg.,514,379,135,0,0,0,11,7,4,11,7,4,51,45,6,84,68,16,354,251,103,14,8,6,368,259,109,2017
892000,Gewaltkriminalit t,5120000,Remscheid,insg.,319,197,122,2,0,2,14,7,7,16,7,9,28,19,9,36,28,8,216,133,83,23,10,13,239,143,96,2017
892000,Gewaltkriminalit t,8415061,Reutlingen,insg.,368,279,89,3,2,1,17,13,4,20,15,5,36,26,10,70,56,14,233,177,56,9,5,4,242,182,60,2017
892000,Gewaltkriminalit t,13003000,Rostock,insg.,640,450,190,3,3,0,61,37,24,64,40,24,71,55,16,53,41,12,432,305,127,20,9,11,452,314,138,2017
892000,Gewaltkriminalit t,10041100,Saarbr cken,insg.,1222,881,341,7,5,2,34,22,12,41,27,14,102,65,37,137,103,34,875,638,237,67,48,19,942,686,256,2017
892000,Gewaltkriminalit t,3102000,Salzgitter,insg.,341,205,136,3,2,1,25,17,8,28,19,9,51,23,28,24,15,9,226,140,86,12,8,4,238,148,90,2017
892000,Gewaltkriminalit t,13004000,Schwerin,insg.,488,366,122,1,0,1,17,12,5,18,12,6,69,50,19,68,53,15,306,236,70,27,15,12,333,251,82,2017
892000,Gewaltkriminalit t,5970040,Siegen,insg.,294,225,69,0,0,0,10,7,3,10,7,3,37,27,10,30,26,4,206,159,47,11,6,5,217,165,52,2017
892000,Gewaltkriminalit t,5122000,Solingen,insg.,519,352,167,3,3,0,19,14,5,22,17,5,59,36,23,63,50,13,343,227,116,32,22,10,375,249,126,2017
892000,Gewaltkriminalit t,8111000,Stuttgart,insg.,3201,2352,849,13,10,3,97,66,31,110,76,34,274,196,78,390,292,98,2305,1724,581,122,64,58,2427,1788,639,2017
892000,Gewaltkriminalit t,7211000,Trier,insg.,439,309,130,1,0,1,5,4,1,6,4,2,29,21,8,58,44,14,327,230,97,19,10,9,346,240,106,2017
892000,Gewaltkriminalit t,8421000,Ulm,insg.,463,356,107,2,2,0,13,9,4,15,11,4,34,23,11,64,46,18,340,268,72,10,8,2,350,276,74,2017
892000,Gewaltkriminalit t,6414000,Wiesbaden,insg.,1285,860,425,5,3,2,49,35,14,54,38,16,152,97,55,175,126,49,846,560,286,58,39,19,904,599,305,2017
892000,Gewaltkriminalit t,3103000,Wolfsburg,insg.,350,241,109,0,0,0,8,6,2,8,6,2,45,33,12,38,26,12,247,170,77,12,6,6,259,176,83,2017
892000,Gewaltkriminalit t,5124000,Wuppertal,insg.,1503,1028,475,2,2,0,85,55,30,87,57,30,143,97,46,176,116,60,1003,714,289,94,44,50,1097,758,339,2017
892000,Gewaltkriminalit t,9663000,W rzburg,insg.,429,334,95,0,0,0,8,4,4,8,4,4,44,29,15,61,50,11,290,237,53,26,14,12,316,251,65,2017
892500,"Mord, Totschlag und T tung auf Verlangen",5334002,Aachen,voll.,3,1,2,0,0,0,0,0,0,0,0,0,0,0,0,0,0,0,2,0,2,1,1,0,3,1,2,2017
892500,"Mord, Totschlag und T tung auf Verlangen",9761000,Augsburg,voll.,1,0,1,0,0,0,0,0,0,0,0,0,0,0,0,0,0,0,0,0,0,1,0,1,1,0,1,2017
892500,"Mord, Totschlag und T tung auf Verlangen",5378004,Bergisch Gladbach,voll.,1,0,1,0,0,0,0,0,0,0,0,0,0,0,0,0,0,0,0,0,0,1,0,1,1,0,1,2017
892500,"Mord, Totschlag und T tung auf Verlangen",11000000,Berlin,voll.,45,28,17,1,0,1,0,0,0,1,0,1,0,0,0,1,0,1,30,22,8,13,6,7,43,28,15,2017
892500,"Mord, Totschlag und T tung auf Verlangen",5711000,Bielefeld,voll.,0,0,0,0,0,0,0,0,0,0,0,0,0,0,0,0,0,0,0,0,0,0,0,0,0,0,0,2017
892500,"Mord, Totschlag und T tung auf Verlangen",5911000,Bochum,voll.,4,2,2,0,0,0,0,0,0,0,0,0,0,0,0,0,0,0,2,1,1,2,1,1,4,2,2,2017
892500,"Mord, Totschlag und T tung auf Verlangen",5314000,Bonn,voll.,4,2,2,0,0,0,0,0,0,0,0,0,1,1,0,0,0,0,2,1,1,1,0,1,3,1,2,2017
892500,"Mord, Totschlag und T tung auf Verlangen",5512000,Bottrop,voll.,0,0,0,0,0,0,0,0,0,0,0,0,0,0,0,0,0,0,0,0,0,0,0,0,0,0,0,2017
892500,"Mord, Totschlag und T tung auf Verlangen",3101000,Braunschweig,voll.,2,2,0,0,0,0,0,0,0,0,0,0,0,0,0,0,0,0,2,2,0,0,0,0,2,2,0,2017
892500,"Mord, Totschlag und T tung auf Verlangen",4011000,Bremen,voll.,5,3,2,0,0,0,0,0,0,0,0,0,1,1,0,0,0,0,4,2,2,0,0,0,4,2,2,2017
892500,"Mord, Totschlag und T tung auf Verlangen",4012000,Bremerhaven,voll.,0,0,0,0,0,0,0,0,0,0,0,0,0,0,0,0,0,0,0,0,0,0,0,0,0,0,0,2017
892500,"Mord, Totschlag und T tung auf Verlangen",14511000,Chemnitz,voll.,3,1,2,0,0,0,0,0,0,0,0,0,0,0,0,0,0,0,2,1,1,1,0,1,3,1,2,2017
892500,"Mord, Totschlag und T tung auf Verlangen",12052000,Cottbus,voll.,1,0,1,0,0,0,0,0,0,0,0,0,0,0,0,0,0,0,0,0,0,1,0,1,1,0,1,2017
892500,"Mord, Totschlag und T tung auf Verlangen",6411000,Darmstadt,voll.,0,0,0,0,0,0,0,0,0,0,0,0,0,0,0,0,0,0,0,0,0,0,0,0,0,0,0,2017
892500,"Mord, Totschlag und T tung auf Verlangen",5913000,Dortmund,voll.,1,0,1,0,0,0,0,0,0,0,0,0,0,0,0,0,0,0,1,0,1,0,0,0,1,0,1,2017
892500,"Mord, Totschlag und T tung auf Verlangen",14612000,Dresden,voll.,3,1,2,0,0,0,0,0,0,0,0,0,0,0,0,0,0,0,1,0,1,2,1,1,3,1,2,2017
892500,"Mord, Totschlag und T tung auf Verlangen",5112000,Duisburg,voll.,5,2,3,0,0,0,0,0,0,0,0,0,0,0,0,0,0,0,3,2,1,2,0,2,5,2,3,2017
892500,"Mord, Totschlag und T tung auf Verlangen",5111000,D sseldorf,voll.,4,1,3,1,1,0,0,0,0,1,1,0,1,0,1,0,0,0,1,0,1,1,0,1,2,0,2,2017
892500,"Mord, Totschlag und T tung auf Verlangen",16051000,Erfurt,voll.,0,0,0,0,0,0,0,0,0,0,0,0,0,0,0,0,0,0,0,0,0,0,0,0,0,0,0,2017
892500,"Mord, Totschlag und T tung auf Verlangen",9562000,Erlangen,voll.,0,0,0,0,0,0,0,0,0,0,0,0,0,0,0,0,0,0,0,0,0,0,0,0,0,0,0,2017
892500,"Mord, Totschlag und T tung auf Verlangen",5113000,Essen,voll.,7,4,3,1,1,0,0,0,0,1,1,0,0,0,0,0,0,0,3,2,1,3,1,2,6,3,3,2017
892500,"Mord, Totschlag und T tung auf Verlangen",6412000,Frankfurt am Main,voll.,10,5,5,1,0,1,0,0,0,1,0,1,0,0,0,0,0,0,6,3,3,3,2,1,9,5,4,2017
892500,"Mord, Totschlag und T tung auf Verlangen",8311000,Freiburg im Breisgau,voll.,3,1,2,0,0,0,0,0,0,0,0,0,0,0,0,0,0,0,2,1,1,1,0,1,3,1,2,2017
892500,"Mord, Totschlag und T tung auf Verlangen",9563000,F rth,voll.,0,0,0,0,0,0,0,0,0,0,0,0,0,0,0,0,0,0,0,0,0,0,0,0,0,0,0,2017
892500,"Mord, Totschlag und T tung auf Verlangen",5513000,Gelsenkirchen,voll.,4,0,4,0,0,0,0,0,0,0,0,0,0,0,0,0,0,0,3,0,3,1,0,1,4,0,4,2017
892500,"Mord, Totschlag und T tung auf Verlangen",3159016,G ttingen,voll.,3,2,1,0,0,0,0,0,0,0,0,0,0,0,0,0,0,0,3,2,1,0,0,0,3,2,1,2017
892500,"Mord, Totschlag und T tung auf Verlangen",5914000,Hagen,voll.,0,0,0,0,0,0,0,0,0,0,0,0,0,0,0,0,0,0,0,0,0,0,0,0,0,0,0,2017
892500,"Mord, Totschlag und T tung auf Verlangen",15002000,Halle (Saale),voll.,2,1,1,0,0,0,0,0,0,0,0,0,0,0,0,0,0,0,2,1,1,0,0,0,2,1,1,2017
892500,"Mord, Totschlag und T tung auf Verlangen",2000000,Hamburg,voll.,14,11,3,0,0,0,1,1,0,1,1,0,0,0,0,0,0,0,9,8,1,4,2,2,13,10,3,2017
892500,"Mord, Totschlag und T tung auf Verlangen",5915000,Hamm,voll.,1,1,0,0,0,0,0,0,0,0,0,0,0,0,0,0,0,0,1,1,0,0,0,0,1,1,0,2017
892500,"Mord, Totschlag und T tung auf Verlangen",3241001,Hannover,voll.,6,2,4,1,0,1,2,1,1,3,1,2,0,0,0,0,0,0,3,1,2,0,0,0,3,1,2,2017
892500,"Mord, Totschlag und T tung auf Verlangen",8221000,Heidelberg,voll.,6,3,3,0,0,0,0,0,0,0,0,0,0,0,0,0,0,0,5,2,3,1,1,0,6,3,3,2017
892500,"Mord, Totschlag und T tung auf Verlangen",8121000,Heilbronn,voll.,1,0,1,0,0,0,0,0,0,0,0,0,0,0,0,0,0,0,1,0,1,0,0,0,1,0,1,2017
892500,"Mord, Totschlag und T tung auf Verlangen",5916000,Herne,voll.,2,2,0,0,0,0,1,1,0,1,1,0,0,0,0,0,0,0,1,1,0,0,0,0,1,1,0,2017
892500,"Mord, Totschlag und T tung auf Verlangen",3254021,Hildesheim,voll.,1,1,0,0,0,0,0,0,0,0,0,0,0,0,0,0,0,0,1,1,0,0,0,0,1,1,0,2017
892500,"Mord, Totschlag und T tung auf Verlangen",9161000,Ingolstadt,voll.,0,0,0,0,0,0,0,0,0,0,0,0,0,0,0,0,0,0,0,0,0,0,0,0,0,0,0,2017
892500,"Mord, Totschlag und T tung auf Verlangen",16053000,Jena,voll.,0,0,0,0,0,0,0,0,0,0,0,0,0,0,0,0,0,0,0,0,0,0,0,0,0,0,0,2017
892500,"Mord, Totschlag und T tung auf Verlangen",8212000,Karlsruhe,voll.,2,0,2,0,0,0,1,0,1,1,0,1,0,0,0,0,0,0,0,0,0,1,0,1,1,0,1,2017
892500,"Mord, Totschlag und T tung auf Verlangen",6611000,Kassel,voll.,3,2,1,0,0,0,0,0,0,0,0,0,0,0,0,0,0,0,3,2,1,0,0,0,3,2,1,2017
892500,"Mord, Totschlag und T tung auf Verlangen",1002000,Kiel,voll.,1,0,1,0,0,0,0,0,0,0,0,0,0,0,0,0,0,0,1,0,1,0,0,0,1,0,1,2017
892500,"Mord, Totschlag und T tung auf Verlangen",7111000,Koblenz,voll.,0,0,0,0,0,0,0,0,0,0,0,0,0,0,0,0,0,0,0,0,0,0,0,0,0,0,0,2017
892500,"Mord, Totschlag und T tung auf Verlangen",5315000,K ln,voll.,3,2,1,0,0,0,0,0,0,0,0,0,0,0,0,1,0,1,2,2,0,0,0,0,2,2,0,2017
892500,"Mord, Totschlag und T tung auf Verlangen",5114000,Krefeld,voll.,2,2,0,0,0,0,0,0,0,0,0,0,0,0,0,0,0,0,0,0,0,2,2,0,2,2,0,2017
892500,"Mord, Totschlag und T tung auf Verlangen",14713000,Leipzig,voll.,7,3,4,0,0,0,0,0,0,0,0,0,0,0,0,0,0,0,4,2,2,3,1,2,7,3,4,2017
892500,"Mord, Totschlag und T tung auf Verlangen",5316000,Leverkusen,voll.,0,0,0,0,0,0,0,0,0,0,0,0,0,0,0,0,0,0,0,0,0,0,0,0,0,0,0,2017
892500,"Mord, Totschlag und T tung auf Verlangen",1003000,L beck,voll.,4,2,2,0,0,0,0,0,0,0,0,0,0,0,0,0,0,0,3,2,1,1,0,1,4,2,2,2017
892500,"Mord, Totschlag und T tung auf Verlangen",7314000,Ludwigshafen am Rhein,voll.,2,1,1,0,0,0,0,0,0,0,0,0,0,0,0,0,0,0,1,0,1,1,1,0,2,1,1,2017
892500,"Mord, Totschlag und T tung auf Verlangen",15003000,Magdeburg,voll.,4,3,1,1,1,0,0,0,0,1,1,0,0,0,0,0,0,0,1,1,0,2,1,1,3,2,1,2017
892500,"Mord, Totschlag und T tung auf Verlangen",7315000,Mainz,voll.,4,1,3,0,0,0,0,0,0,0,0,0,0,0,0,0,0,0,3,1,2,1,0,1,4,1,3,2017
892500,"Mord, Totschlag und T tung auf Verlangen",8222000,Mannheim,voll.,4,3,1,0,0,0,0,0,0,0,0,0,0,0,0,0,0,0,4,3,1,0,0,0,4,3,1,2017
892500,"Mord, Totschlag und T tung auf Verlangen",5170024,Moers,voll.,0,0,0,0,0,0,0,0,0,0,0,0,0,0,0,0,0,0,0,0,0,0,0,0,0,0,0,2017
892500,"Mord, Totschlag und T tung auf Verlangen",5116000,M nchengladbach,voll.,2,1,1,0,0,0,0,0,0,0,0,0,0,0,0,0,0,0,2,1,1,0,0,0,2,1,1,2017
892500,"Mord, Totschlag und T tung auf Verlangen",5117000,M lheim an der Ruhr,voll.,3,0,3,2,0,2,0,0,0,2,0,2,0,0,0,0,0,0,0,0,0,1,0,1,1,0,1,2017
892500,"Mord, Totschlag und T tung auf Verlangen",9162000,M nchen,voll.,7,3,4,0,0,0,0,0,0,0,0,0,0,0,0,0,0,0,4,2,2,3,1,2,7,3,4,2017
892500,"Mord, Totschlag und T tung auf Verlangen",5515000,M nster,voll.,3,1,2,0,0,0,0,0,0,0,0,0,0,0,0,0,0,0,2,1,1,1,0,1,3,1,2,2017
892500,"Mord, Totschlag und T tung auf Verlangen",5162024,Neuss,voll.,1,1,0,0,0,0,1,1,0,1,1,0,0,0,0,0,0,0,0,0,0,0,0,0,0,0,0,2017
892500,"Mord, Totschlag und T tung auf Verlangen",9564000,N rnberg,voll.,10,3,7,1,1,0,0,0,0,1,1,0,0,0,0,0,0,0,4,0,4,5,2,3,9,2,7,2017
892500,"Mord, Totschlag und T tung auf Verlangen",5119000,Oberhausen,voll.,1,0,1,0,0,0,0,0,0,0,0,0,0,0,0,0,0,0,0,0,0,1,0,1,1,0,1,2017
892500,"Mord, Totschlag und T tung auf Verlangen",6413000,Offenbach am Main,voll.,1,0,1,0,0,0,0,0,0,0,0,0,0,0,0,0,0,0,1,0,1,0,0,0,1,0,1,2017
892500,"Mord, Totschlag und T tung auf Verlangen",3403000,Oldenburg (Oldenburg),voll.,47,32,15,0,0,0,0,0,0,0,0,0,0,0,0,0,0,0,2,1,1,45,31,14,47,32,15,2017
892500,"Mord, Totschlag und T tung auf Verlangen",3404000,Osnabr ck,voll.,3,3,0,1,1,0,0,0,0,1,1,0,0,0,0,0,0,0,2,2,0,0,0,0,2,2,0,2017
892500,"Mord, Totschlag und T tung auf Verlangen",5774032,Paderborn,voll.,1,0,1,0,0,0,0,0,0,0,0,0,0,0,0,0,0,0,0,0,0,1,0,1,1,0,1,2017
892500,"Mord, Totschlag und T tung auf Verlangen",8231000,Pforzheim,voll.,1,0,1,0,0,0,0,0,0,0,0,0,0,0,0,0,0,0,1,0,1,0,0,0,1,0,1,2017
892500,"Mord, Totschlag und T tung auf Verlangen",12054000,Potsdam,voll.,3,1,2,1,0,1,0,0,0,1,0,1,0,0,0,0,0,0,1,1,0,1,0,1,2,1,1,2017
892500,"Mord, Totschlag und T tung auf Verlangen",5562032,Recklinghausen,voll.,1,0,1,0,0,0,0,0,0,0,0,0,0,0,0,0,0,0,1,0,1,0,0,0,1,0,1,2017
892500,"Mord, Totschlag und T tung auf Verlangen",9362000,Regensburg,voll.,2,0,2,0,0,0,0,0,0,0,0,0,0,0,0,0,0,0,2,0,2,0,0,0,2,0,2,2017
892500,"Mord, Totschlag und T tung auf Verlangen",5120000,Remscheid,voll.,0,0,0,0,0,0,0,0,0,0,0,0,0,0,0,0,0,0,0,0,0,0,0,0,0,0,0,2017
892500,"Mord, Totschlag und T tung auf Verlangen",8415061,Reutlingen,voll.,0,0,0,0,0,0,0,0,0,0,0,0,0,0,0,0,0,0,0,0,0,0,0,0,0,0,0,2017
892500,"Mord, Totschlag und T tung auf Verlangen",13003000,Rostock,voll.,1,0,1,0,0,0,0,0,0,0,0,0,0,0,0,0,0,0,0,0,0,1,0,1,1,0,1,2017
892500,"Mord, Totschlag und T tung auf Verlangen",10041100,Saarbr cken,voll.,2,2,0,0,0,0,0,0,0,0,0,0,0,0,0,0,0,0,1,1,0,1,1,0,2,2,0,2017
892500,"Mord, Totschlag und T tung auf Verlangen",3102000,Salzgitter,voll.,1,1,0,0,0,0,0,0,0,0,0,0,0,0,0,0,0,0,1,1,0,0,0,0,1,1,0,2017
892500,"Mord, Totschlag und T tung auf Verlangen",13004000,Schwerin,voll.,0,0,0,0,0,0,0,0,0,0,0,0,0,0,0,0,0,0,0,0,0,0,0,0,0,0,0,2017
892500,"Mord, Totschlag und T tung auf Verlangen",5970040,Siegen,voll.,0,0,0,0,0,0,0,0,0,0,0,0,0,0,0,0,0,0,0,0,0,0,0,0,0,0,0,2017
892500,"Mord, Totschlag und T tung auf Verlangen",5122000,Solingen,voll.,0,0,0,0,0,0,0,0,0,0,0,0,0,0,0,0,0,0,0,0,0,0,0,0,0,0,0,2017
892500,"Mord, Totschlag und T tung auf Verlangen",8111000,Stuttgart,voll.,1,0,1,0,0,0,0,0,0,0,0,0,0,0,0,0,0,0,1,0,1,0,0,0,1,0,1,2017
892500,"Mord, Totschlag und T tung auf Verlangen",7211000,Trier,voll.,3,0,3,0,0,0,0,0,0,0,0,0,0,0,0,0,0,0,1,0,1,2,0,2,3,0,3,2017
892500,"Mord, Totschlag und T tung auf Verlangen",8421000,Ulm,voll.,1,1,0,0,0,0,0,0,0,0,0,0,0,0,0,0,0,0,1,1,0,0,0,0,1,1,0,2017
892500,"Mord, Totschlag und T tung auf Verlangen",6414000,Wiesbaden,voll.,0,0,0,0,0,0,0,0,0,0,0,0,0,0,0,0,0,0,0,0,0,0,0,0,0,0,0,2017
892500,"Mord, Totschlag und T tung auf Verlangen",3103000,Wolfsburg,voll.,3,2,1,0,0,0,0,0,0,0,0,0,0,0,0,0,0,0,2,1,1,1,1,0,3,2,1,2017
892500,"Mord, Totschlag und T tung auf Verlangen",5124000,Wuppertal,voll.,3,1,2,0,0,0,0,0,0,0,0,0,0,0,0,0,0,0,0,0,0,3,1,2,3,1,2,2017
892500,"Mord, Totschlag und T tung auf Verlangen",9663000,W rzburg,voll.,2,0,2,0,0,0,0,0,0,0,0,0,0,0,0,0,0,0,0,0,0,2,0,2,2,0,2,2017
892500,"Mord, Totschlag und T tung auf Verlangen",5334002,Aachen,vers.,21,16,5,3,2,1,0,0,0,3,2,1,0,0,0,2,1,1,16,13,3,0,0,0,16,13,3,2017
892500,"Mord, Totschlag und T tung auf Verlangen",9761000,Augsburg,vers.,6,4,2,1,0,1,0,0,0,1,0,1,0,0,0,1,1,0,4,3,1,0,0,0,4,3,1,2017
892500,"Mord, Totschlag und T tung auf Verlangen",5378004,Bergisch Gladbach,vers.,0,0,0,0,0,0,0,0,0,0,0,0,0,0,0,0,0,0,0,0,0,0,0,0,0,0,0,2017
892500,"Mord, Totschlag und T tung auf Verlangen",11000000,Berlin,vers.,56,39,17,1,1,0,1,0,1,2,1,1,2,1,1,3,3,0,42,33,9,7,1,6,49,34,15,2017
892500,"Mord, Totschlag und T tung auf Verlangen",5711000,Bielefeld,vers.,12,9,3,0,0,0,0,0,0,0,0,0,0,0,0,0,0,0,12,9,3,0,0,0,12,9,3,2017
892500,"Mord, Totschlag und T tung auf Verlangen",5911000,Bochum,vers.,1,0,1,0,0,0,0,0,0,0,0,0,0,0,0,0,0,0,1,0,1,0,0,0,1,0,1,2017
892500,"Mord, Totschlag und T tung auf Verlangen",5314000,Bonn,vers.,4,4,0,0,0,0,0,0,0,0,0,0,0,0,0,0,0,0,4,4,0,0,0,0,4,4,0,2017
892500,"Mord, Totschlag und T tung auf Verlangen",5512000,Bottrop,vers.,3,3,0,0,0,0,0,0,0,0,0,0,0,0,0,1,1,0,2,2,0,0,0,0,2,2,0,2017
892500,"Mord, Totschlag und T tung auf Verlangen",3101000,Braunschweig,vers.,3,2,1,0,0,0,0,0,0,0,0,0,0,0,0,0,0,0,3,2,1,0,0,0,3,2,1,2017
892500,"Mord, Totschlag und T tung auf Verlangen",4011000,Bremen,vers.,26,21,5,0,0,0,0,0,0,0,0,0,0,0,0,2,2,0,22,17,5,2,2,0,24,19,5,2017
892500,"Mord, Totschlag und T tung auf Verlangen",4012000,Bremerhaven,vers.,10,9,1,0,0,0,0,0,0,0,0,0,1,1,0,0,0,0,9,8,1,0,0,0,9,8,1,2017
892500,"Mord, Totschlag und T tung auf Verlangen",14511000,Chemnitz,vers.,9,6,3,0,0,0,0,0,0,0,0,0,0,0,0,0,0,0,8,5,3,1,1,0,9,6,3,2017
892500,"Mord, Totschlag und T tung auf Verlangen",12052000,Cottbus,vers.,2,1,1,0,0,0,0,0,0,0,0,0,0,0,0,0,0,0,2,1,1,0,0,0,2,1,1,2017
892500,"Mord, Totschlag und T tung auf Verlangen",6411000,Darmstadt,vers.,7,4,3,0,0,0,0,0,0,0,0,0,0,0,0,0,0,0,5,4,1,2,0,2,7,4,3,2017
892500,"Mord, Totschlag und T tung auf Verlangen",5913000,Dortmund,vers.,22,19,3,0,0,0,0,0,0,0,0,0,0,0,0,5,5,0,17,14,3,0,0,0,17,14,3,2017
892500,"Mord, Totschlag und T tung auf Verlangen",14612000,Dresden,vers.,15,11,4,0,0,0,0,0,0,0,0,0,0,0,0,0,0,0,15,11,4,0,0,0,15,11,4,2017
892500,"Mord, Totschlag und T tung auf Verlangen",5112000,Duisburg,vers.,17,15,2,0,0,0,1,1,0,1,1,0,2,2,0,0,0,0,14,12,2,0,0,0,14,12,2,2017
892500,"Mord, Totschlag und T tung auf Verlangen",5111000,D sseldorf,vers.,30,18,12,0,0,0,1,0,1,1,0,1,0,0,0,0,0,0,27,17,10,2,1,1,29,18,11,2017
892500,"Mord, Totschlag und T tung auf Verlangen",16051000,Erfurt,vers.,3,2,1,0,0,0,0,0,0,0,0,0,0,0,0,0,0,0,3,2,1,0,0,0,3,2,1,2017
892500,"Mord, Totschlag und T tung auf Verlangen",9562000,Erlangen,vers.,0,0,0,0,0,0,0,0,0,0,0,0,0,0,0,0,0,0,0,0,0,0,0,0,0,0,0,2017
892500,"Mord, Totschlag und T tung auf Verlangen",5113000,Essen,vers.,18,9,9,1,0,1,0,0,0,1,0,1,5,5,0,2,1,1,8,3,5,2,0,2,10,3,7,2017
892500,"Mord, Totschlag und T tung auf Verlangen",6412000,Frankfurt am Main,vers.,52,46,6,0,0,0,0,0,0,0,0,0,3,3,0,5,4,1,38,34,4,6,5,1,44,39,5,2017
892500,"Mord, Totschlag und T tung auf Verlangen",8311000,Freiburg im Breisgau,vers.,10,8,2,0,0,0,0,0,0,0,0,0,0,0,0,0,0,0,10,8,2,0,0,0,10,8,2,2017
892500,"Mord, Totschlag und T tung auf Verlangen",9563000,F rth,vers.,4,3,1,0,0,0,0,0,0,0,0,0,0,0,0,0,0,0,3,2,1,1,1,0,4,3,1,2017
892500,"Mord, Totschlag und T tung auf Verlangen",5513000,Gelsenkirchen,vers.,10,9,1,0,0,0,0,0,0,0,0,0,0,0,0,1,1,0,9,8,1,0,0,0,9,8,1,2017
892500,"Mord, Totschlag und T tung auf Verlangen",3159016,G ttingen,vers.,5,4,1,0,0,0,0,0,0,0,0,0,0,0,0,0,0,0,5,4,1,0,0,0,5,4,1,2017
892500,"Mord, Totschlag und T tung auf Verlangen",5914000,Hagen,vers.,7,6,1,0,0,0,0,0,0,0,0,0,0,0,0,1,1,0,6,5,1,0,0,0,6,5,1,2017
892500,"Mord, Totschlag und T tung auf Verlangen",15002000,Halle (Saale),vers.,9,7,2,1,1,0,0,0,0,1,1,0,0,0,0,1,0,1,6,5,1,1,1,0,7,6,1,2017
892500,"Mord, Totschlag und T tung auf Verlangen",2000000,Hamburg,vers.,67,54,13,1,0,1,0,0,0,1,0,1,0,0,0,7,7,0,57,46,11,2,1,1,59,47,12,2017
892500,"Mord, Totschlag und T tung auf Verlangen",5915000,Hamm,vers.,2,2,0,0,0,0,0,0,0,0,0,0,0,0,0,0,0,0,2,2,0,0,0,0,2,2,0,2017
892500,"Mord, Totschlag und T tung auf Verlangen",3241001,Hannover,vers.,43,29,14,0,0,0,0,0,0,0,0,0,2,2,0,2,2,0,36,25,11,3,0,3,39,25,14,2017
892500,"Mord, Totschlag und T tung auf Verlangen",8221000,Heidelberg,vers.,7,5,2,0,0,0,0,0,0,0,0,0,1,1,0,0,0,0,6,4,2,0,0,0,6,4,2,2017
892500,"Mord, Totschlag und T tung auf Verlangen",8121000,Heilbronn,vers.,6,6,0,0,0,0,0,0,0,0,0,0,0,0,0,0,0,0,6,6,0,0,0,0,6,6,0,2017
892500,"Mord, Totschlag und T tung auf Verlangen",5916000,Herne,vers.,0,0,0,0,0,0,0,0,0,0,0,0,0,0,0,0,0,0,0,0,0,0,0,0,0,0,0,2017
892500,"Mord, Totschlag und T tung auf Verlangen",3254021,Hildesheim,vers.,3,1,2,0,0,0,0,0,0,0,0,0,0,0,0,0,0,0,3,1,2,0,0,0,3,1,2,2017
892500,"Mord, Totschlag und T tung auf Verlangen",9161000,Ingolstadt,vers.,4,4,0,0,0,0,0,0,0,0,0,0,0,0,0,1,1,0,2,2,0,1,1,0,3,3,0,2017
892500,"Mord, Totschlag und T tung auf Verlangen",16053000,Jena,vers.,0,0,0,0,0,0,0,0,0,0,0,0,0,0,0,0,0,0,0,0,0,0,0,0,0,0,0,2017
892500,"Mord, Totschlag und T tung auf Verlangen",8212000,Karlsruhe,vers.,5,3,2,0,0,0,0,0,0,0,0,0,0,0,0,1,1,0,3,1,2,1,1,0,4,2,2,2017
892500,"Mord, Totschlag und T tung auf Verlangen",6611000,Kassel,vers.,16,13,3,0,0,0,0,0,0,0,0,0,0,0,0,0,0,0,16,13,3,0,0,0,16,13,3,2017
892500,"Mord, Totschlag und T tung auf Verlangen",1002000,Kiel,vers.,8,4,4,0,0,0,0,0,0,0,0,0,0,0,0,0,0,0,6,4,2,2,0,2,8,4,4,2017
892500,"Mord, Totschlag und T tung auf Verlangen",7111000,Koblenz,vers.,5,3,2,0,0,0,0,0,0,0,0,0,0,0,0,2,2,0,3,1,2,0,0,0,3,1,2,2017
892500,"Mord, Totschlag und T tung auf Verlangen",5315000,K ln,vers.,18,11,7,1,0,1,0,0,0,1,0,1,0,0,0,1,0,1,16,11,5,0,0,0,16,11,5,2017
892500,"Mord, Totschlag und T tung auf Verlangen",5114000,Krefeld,vers.,14,9,5,1,0,1,0,0,0,1,0,1,0,0,0,0,0,0,13,9,4,0,0,0,13,9,4,2017
892500,"Mord, Totschlag und T tung auf Verlangen",14713000,Leipzig,vers.,19,12,7,1,0,1,0,0,0,1,0,1,0,0,0,1,0,1,17,12,5,0,0,0,17,12,5,2017
892500,"Mord, Totschlag und T tung auf Verlangen",5316000,Leverkusen,vers.,0,0,0,0,0,0,0,0,0,0,0,0,0,0,0,0,0,0,0,0,0,0,0,0,0,0,0,2017
892500,"Mord, Totschlag und T tung auf Verlangen",1003000,L beck,vers.,6,4,2,0,0,0,0,0,0,0,0,0,1,1,0,1,0,1,4,3,1,0,0,0,4,3,1,2017
892500,"Mord, Totschlag und T tung auf Verlangen",7314000,Ludwigshafen am Rhein,vers.,3,2,1,0,0,0,0,0,0,0,0,0,1,1,0,0,0,0,2,1,1,0,0,0,2,1,1,2017
892500,"Mord, Totschlag und T tung auf Verlangen",15003000,Magdeburg,vers.,7,5,2,0,0,0,1,1,0,1,1,0,0,0,0,1,1,0,5,3,2,0,0,0,5,3,2,2017
892500,"Mord, Totschlag und T tung auf Verlangen",7315000,Mainz,vers.,15,12,3,0,0,0,1,0,1,1,0,1,3,3,0,2,2,0,9,7,2,0,0,0,9,7,2,2017
892500,"Mord, Totschlag und T tung auf Verlangen",8222000,Mannheim,vers.,18,11,7,0,0,0,0,0,0,0,0,0,0,0,0,2,2,0,15,9,6,1,0,1,16,9,7,2017
892500,"Mord, Totschlag und T tung auf Verlangen",5170024,Moers,vers.,2,2,0,0,0,0,0,0,0,0,0,0,1,1,0,0,0,0,1,1,0,0,0,0,1,1,0,2017
892500,"Mord, Totschlag und T tung auf Verlangen",5116000,M nchengladbach,vers.,4,3,1,0,0,0,0,0,0,0,0,0,0,0,0,0,0,0,4,3,1,0,0,0,4,3,1,2017
892500,"Mord, Totschlag und T tung auf Verlangen",5117000,M lheim an der Ruhr,vers.,3,3,0,0,0,0,0,0,0,0,0,0,0,0,0,0,0,0,3,3,0,0,0,0,3,3,0,2017
892500,"Mord, Totschlag und T tung auf Verlangen",9162000,M nchen,vers.,22,14,8,0,0,0,0,0,0,0,0,0,1,0,1,1,1,0,20,13,7,0,0,0,20,13,7,2017
892500,"Mord, Totschlag und T tung auf Verlangen",5515000,M nster,vers.,5,3,2,0,0,0,0,0,0,0,0,0,1,1,0,0,0,0,2,0,2,2,2,0,4,2,2,2017
892500,"Mord, Totschlag und T tung auf Verlangen",5162024,Neuss,vers.,1,0,1,0,0,0,0,0,0,0,0,0,0,0,0,0,0,0,1,0,1,0,0,0,1,0,1,2017
892500,"Mord, Totschlag und T tung auf Verlangen",9564000,N rnberg,vers.,46,34,12,3,1,2,0,0,0,3,1,2,0,0,0,1,0,1,35,28,7,7,5,2,42,33,9,2017
892500,"Mord, Totschlag und T tung auf Verlangen",5119000,Oberhausen,vers.,4,3,1,0,0,0,0,0,0,0,0,0,1,0,1,0,0,0,3,3,0,0,0,0,3,3,0,2017
892500,"Mord, Totschlag und T tung auf Verlangen",6413000,Offenbach am Main,vers.,7,7,0,0,0,0,0,0,0,0,0,0,0,0,0,1,1,0,6,6,0,0,0,0,6,6,0,2017
892500,"Mord, Totschlag und T tung auf Verlangen",3403000,Oldenburg (Oldenburg),vers.,12,11,1,0,0,0,0,0,0,0,0,0,0,0,0,0,0,0,12,11,1,0,0,0,12,11,1,2017
892500,"Mord, Totschlag und T tung auf Verlangen",3404000,Osnabr ck,vers.,7,5,2,0,0,0,0,0,0,0,0,0,0,0,0,1,1,0,6,4,2,0,0,0,6,4,2,2017
892500,"Mord, Totschlag und T tung auf Verlangen",5774032,Paderborn,vers.,9,9,0,0,0,0,0,0,0,0,0,0,1,1,0,4,4,0,4,4,0,0,0,0,4,4,0,2017
892500,"Mord, Totschlag und T tung auf Verlangen",8231000,Pforzheim,vers.,4,3,1,0,0,0,0,0,0,0,0,0,0,0,0,0,0,0,2,2,0,2,1,1,4,3,1,2017
892500,"Mord, Totschlag und T tung auf Verlangen",12054000,Potsdam,vers.,5,4,1,0,0,0,0,0,0,0,0,0,0,0,0,0,0,0,4,3,1,1,1,0,5,4,1,2017
892500,"Mord, Totschlag und T tung auf Verlangen",5562032,Recklinghausen,vers.,2,1,1,0,0,0,0,0,0,0,0,0,0,0,0,0,0,0,2,1,1,0,0,0,2,1,1,2017
892500,"Mord, Totschlag und T tung auf Verlangen",9362000,Regensburg,vers.,2,2,0,0,0,0,0,0,0,0,0,0,0,0,0,0,0,0,2,2,0,0,0,0,2,2,0,2017
892500,"Mord, Totschlag und T tung auf Verlangen",5120000,Remscheid,vers.,0,0,0,0,0,0,0,0,0,0,0,0,0,0,0,0,0,0,0,0,0,0,0,0,0,0,0,2017
892500,"Mord, Totschlag und T tung auf Verlangen",8415061,Reutlingen,vers.,5,5,0,0,0,0,0,0,0,0,0,0,0,0,0,2,2,0,3,3,0,0,0,0,3,3,0,2017
892500,"Mord, Totschlag und T tung auf Verlangen",13003000,Rostock,vers.,3,3,0,0,0,0,0,0,0,0,0,0,1,1,0,0,0,0,2,2,0,0,0,0,2,2,0,2017
892500,"Mord, Totschlag und T tung auf Verlangen",10041100,Saarbr cken,vers.,13,11,2,0,0,0,0,0,0,0,0,0,0,0,0,0,0,0,11,9,2,2,2,0,13,11,2,2017
892500,"Mord, Totschlag und T tung auf Verlangen",3102000,Salzgitter,vers.,4,4,0,0,0,0,0,0,0,0,0,0,0,0,0,0,0,0,4,4,0,0,0,0,4,4,0,2017
892500,"Mord, Totschlag und T tung auf Verlangen",13004000,Schwerin,vers.,4,3,1,0,0,0,0,0,0,0,0,0,0,0,0,0,0,0,4,3,1,0,0,0,4,3,1,2017
892500,"Mord, Totschlag und T tung auf Verlangen",5970040,Siegen,vers.,2,0,2,0,0,0,0,0,0,0,0,0,0,0,0,0,0,0,2,0,2,0,0,0,2,0,2,2017
892500,"Mord, Totschlag und T tung auf Verlangen",5122000,Solingen,vers.,3,3,0,0,0,0,0,0,0,0,0,0,0,0,0,2,2,0,1,1,0,0,0,0,1,1,0,2017
892500,"Mord, Totschlag und T tung auf Verlangen",8111000,Stuttgart,vers.,34,24,10,0,0,0,0,0,0,0,0,0,0,0,0,2,2,0,28,21,7,4,1,3,32,22,10,2017
892500,"Mord, Totschlag und T tung auf Verlangen",7211000,Trier,vers.,1,0,1,0,0,0,0,0,0,0,0,0,0,0,0,0,0,0,1,0,1,0,0,0,1,0,1,2017
892500,"Mord, Totschlag und T tung auf Verlangen",8421000,Ulm,vers.,4,3,1,0,0,0,0,0,0,0,0,0,1,1,0,1,1,0,2,1,1,0,0,0,2,1,1,2017
892500,"Mord, Totschlag und T tung auf Verlangen",6414000,Wiesbaden,vers.,6,5,1,0,0,0,0,0,0,0,0,0,0,0,0,0,0,0,5,4,1,1,1,0,6,5,1,2017
892500,"Mord, Totschlag und T tung auf Verlangen",3103000,Wolfsburg,vers.,2,2,0,0,0,0,0,0,0,0,0,0,0,0,0,0,0,0,2,2,0,0,0,0,2,2,0,2017
892500,"Mord, Totschlag und T tung auf Verlangen",5124000,Wuppertal,vers.,6,6,0,0,0,0,0,0,0,0,0,0,0,0,0,2,2,0,4,4,0,0,0,0,4,4,0,2017
892500,"Mord, Totschlag und T tung auf Verlangen",9663000,W rzburg,vers.,4,4,0,0,0,0,0,0,0,0,0,0,1,1,0,0,0,0,3,3,0,0,0,0,3,3,0,2017
892500,"Mord, Totschlag und T tung auf Verlangen",5334002,Aachen,insg.,24,17,7,3,2,1,0,0,0,3,2,1,0,0,0,2,1,1,18,13,5,1,1,0,19,14,5,2017
892500,"Mord, Totschlag und T tung auf Verlangen",9761000,Augsburg,insg.,7,4,3,1,0,1,0,0,0,1,0,1,0,0,0,1,1,0,4,3,1,1,0,1,5,3,2,2017
892500,"Mord, Totschlag und T tung auf Verlangen",5378004,Bergisch Gladbach,insg.,1,0,1,0,0,0,0,0,0,0,0,0,0,0,0,0,0,0,0,0,0,1,0,1,1,0,1,2017
892500,"Mord, Totschlag und T tung auf Verlangen",11000000,Berlin,insg.,101,67,34,2,1,1,1,0,1,3,1,2,2,1,1,4,3,1,72,55,17,20,7,13,92,62,30,2017
892500,"Mord, Totschlag und T tung auf Verlangen",5711000,Bielefeld,insg.,12,9,3,0,0,0,0,0,0,0,0,0,0,0,0,0,0,0,12,9,3,0,0,0,12,9,3,2017
892500,"Mord, Totschlag und T tung auf Verlangen",5911000,Bochum,insg.,5,2,3,0,0,0,0,0,0,0,0,0,0,0,0,0,0,0,3,1,2,2,1,1,5,2,3,2017
892500,"Mord, Totschlag und T tung auf Verlangen",5314000,Bonn,insg.,8,6,2,0,0,0,0,0,0,0,0,0,1,1,0,0,0,0,6,5,1,1,0,1,7,5,2,2017
892500,"Mord, Totschlag und T tung auf Verlangen",5512000,Bottrop,insg.,3,3,0,0,0,0,0,0,0,0,0,0,0,0,0,1,1,0,2,2,0,0,0,0,2,2,0,2017
892500,"Mord, Totschlag und T tung auf Verlangen",3101000,Braunschweig,insg.,5,4,1,0,0,0,0,0,0,0,0,0,0,0,0,0,0,0,5,4,1,0,0,0,5,4,1,2017
892500,"Mord, Totschlag und T tung auf Verlangen",4011000,Bremen,insg.,31,24,7,0,0,0,0,0,0,0,0,0,1,1,0,2,2,0,26,19,7,2,2,0,28,21,7,2017
892500,"Mord, Totschlag und T tung auf Verlangen",4012000,Bremerhaven,insg.,10,9,1,0,0,0,0,0,0,0,0,0,1,1,0,0,0,0,9,8,1,0,0,0,9,8,1,2017
892500,"Mord, Totschlag und T tung auf Verlangen",14511000,Chemnitz,insg.,12,7,5,0,0,0,0,0,0,0,0,0,0,0,0,0,0,0,10,6,4,2,1,1,12,7,5,2017
892500,"Mord, Totschlag und T tung auf Verlangen",12052000,Cottbus,insg.,3,1,2,0,0,0,0,0,0,0,0,0,0,0,0,0,0,0,2,1,1,1,0,1,3,1,2,2017
892500,"Mord, Totschlag und T tung auf Verlangen",6411000,Darmstadt,insg.,7,4,3,0,0,0,0,0,0,0,0,0,0,0,0,0,0,0,5,4,1,2,0,2,7,4,3,2017
892500,"Mord, Totschlag und T tung auf Verlangen",5913000,Dortmund,insg.,23,19,4,0,0,0,0,0,0,0,0,0,0,0,0,5,5,0,18,14,4,0,0,0,18,14,4,2017
892500,"Mord, Totschlag und T tung auf Verlangen",14612000,Dresden,insg.,18,12,6,0,0,0,0,0,0,0,0,0,0,0,0,0,0,0,16,11,5,2,1,1,18,12,6,2017
892500,"Mord, Totschlag und T tung auf Verlangen",5112000,Duisburg,insg.,22,17,5,0,0,0,1,1,0,1,1,0,2,2,0,0,0,0,17,14,3,2,0,2,19,14,5,2017
892500,"Mord, Totschlag und T tung auf Verlangen",5111000,D sseldorf,insg.,34,19,15,1,1,0,1,0,1,2,1,1,1,0,1,0,0,0,28,17,11,3,1,2,31,18,13,2017
892500,"Mord, Totschlag und T tung auf Verlangen",16051000,Erfurt,insg.,3,2,1,0,0,0,0,0,0,0,0,0,0,0,0,0,0,0,3,2,1,0,0,0,3,2,1,2017
892500,"Mord, Totschlag und T tung auf Verlangen",9562000,Erlangen,insg.,0,0,0,0,0,0,0,0,0,0,0,0,0,0,0,0,0,0,0,0,0,0,0,0,0,0,0,2017
892500,"Mord, Totschlag und T tung auf Verlangen",5113000,Essen,insg.,25,13,12,2,1,1,0,0,0,2,1,1,5,5,0,2,1,1,11,5,6,5,1,4,16,6,10,2017
892500,"Mord, Totschlag und T tung auf Verlangen",6412000,Frankfurt am Main,insg.,62,51,11,1,0,1,0,0,0,1,0,1,3,3,0,5,4,1,44,37,7,9,7,2,53,44,9,2017
892500,"Mord, Totschlag und T tung auf Verlangen",8311000,Freiburg im Breisgau,insg.,13,9,4,0,0,0,0,0,0,0,0,0,0,0,0,0,0,0,12,9,3,1,0,1,13,9,4,2017
892500,"Mord, Totschlag und T tung auf Verlangen",9563000,F rth,insg.,4,3,1,0,0,0,0,0,0,0,0,0,0,0,0,0,0,0,3,2,1,1,1,0,4,3,1,2017
892500,"Mord, Totschlag und T tung auf Verlangen",5513000,Gelsenkirchen,insg.,14,9,5,0,0,0,0,0,0,0,0,0,0,0,0,1,1,0,12,8,4,1,0,1,13,8,5,2017
892500,"Mord, Totschlag und T tung auf Verlangen",3159016,G ttingen,insg.,8,6,2,0,0,0,0,0,0,0,0,0,0,0,0,0,0,0,8,6,2,0,0,0,8,6,2,2017
892500,"Mord, Totschlag und T tung auf Verlangen",5914000,Hagen,insg.,7,6,1,0,0,0,0,0,0,0,0,0,0,0,0,1,1,0,6,5,1,0,0,0,6,5,1,2017
892500,"Mord, Totschlag und T tung auf Verlangen",15002000,Halle (Saale),insg.,11,8,3,1,1,0,0,0,0,1,1,0,0,0,0,1,0,1,8,6,2,1,1,0,9,7,2,2017
892500,"Mord, Totschlag und T tung auf Verlangen",2000000,Hamburg,insg.,81,65,16,1,0,1,1,1,0,2,1,1,0,0,0,7,7,0,66,54,12,6,3,3,72,57,15,2017
892500,"Mord, Totschlag und T tung auf Verlangen",5915000,Hamm,insg.,3,3,0,0,0,0,0,0,0,0,0,0,0,0,0,0,0,0,3,3,0,0,0,0,3,3,0,2017
892500,"Mord, Totschlag und T tung auf Verlangen",3241001,Hannover,insg.,49,31,18,1,0,1,2,1,1,3,1,2,2,2,0,2,2,0,39,26,13,3,0,3,42,26,16,2017
892500,"Mord, Totschlag und T tung auf Verlangen",8221000,Heidelberg,insg.,13,8,5,0,0,0,0,0,0,0,0,0,1,1,0,0,0,0,11,6,5,1,1,0,12,7,5,2017
892500,"Mord, Totschlag und T tung auf Verlangen",8121000,Heilbronn,insg.,7,6,1,0,0,0,0,0,0,0,0,0,0,0,0,0,0,0,7,6,1,0,0,0,7,6,1,2017
892500,"Mord, Totschlag und T tung auf Verlangen",5916000,Herne,insg.,2,2,0,0,0,0,1,1,0,1,1,0,0,0,0,0,0,0,1,1,0,0,0,0,1,1,0,2017
892500,"Mord, Totschlag und T tung auf Verlangen",3254021,Hildesheim,insg.,4,2,2,0,0,0,0,0,0,0,0,0,0,0,0,0,0,0,4,2,2,0,0,0,4,2,2,2017
892500,"Mord, Totschlag und T tung auf Verlangen",9161000,Ingolstadt,insg.,4,4,0,0,0,0,0,0,0,0,0,0,0,0,0,1,1,0,2,2,0,1,1,0,3,3,0,2017
892500,"Mord, Totschlag und T tung auf Verlangen",16053000,Jena,insg.,0,0,0,0,0,0,0,0,0,0,0,0,0,0,0,0,0,0,0,0,0,0,0,0,0,0,0,2017
892500,"Mord, Totschlag und T tung auf Verlangen",8212000,Karlsruhe,insg.,7,3,4,0,0,0,1,0,1,1,0,1,0,0,0,1,1,0,3,1,2,2,1,1,5,2,3,2017
892500,"Mord, Totschlag und T tung auf Verlangen",6611000,Kassel,insg.,19,15,4,0,0,0,0,0,0,0,0,0,0,0,0,0,0,0,19,15,4,0,0,0,19,15,4,2017
892500,"Mord, Totschlag und T tung auf Verlangen",1002000,Kiel,insg.,9,4,5,0,0,0,0,0,0,0,0,0,0,0,0,0,0,0,7,4,3,2,0,2,9,4,5,2017
892500,"Mord, Totschlag und T tung auf Verlangen",7111000,Koblenz,insg.,5,3,2,0,0,0,0,0,0,0,0,0,0,0,0,2,2,0,3,1,2,0,0,0,3,1,2,2017
892500,"Mord, Totschlag und T tung auf Verlangen",5315000,K ln,insg.,21,13,8,1,0,1,0,0,0,1,0,1,0,0,0,2,0,2,18,13,5,0,0,0,18,13,5,2017
892500,"Mord, Totschlag und T tung auf Verlangen",5114000,Krefeld,insg.,16,11,5,1,0,1,0,0,0,1,0,1,0,0,0,0,0,0,13,9,4,2,2,0,15,11,4,2017
892500,"Mord, Totschlag und T tung auf Verlangen",14713000,Leipzig,insg.,26,15,11,1,0,1,0,0,0,1,0,1,0,0,0,1,0,1,21,14,7,3,1,2,24,15,9,2017
892500,"Mord, Totschlag und T tung auf Verlangen",5316000,Leverkusen,insg.,0,0,0,0,0,0,0,0,0,0,0,0,0,0,0,0,0,0,0,0,0,0,0,0,0,0,0,2017
892500,"Mord, Totschlag und T tung auf Verlangen",1003000,L beck,insg.,10,6,4,0,0,0,0,0,0,0,0,0,1,1,0,1,0,1,7,5,2,1,0,1,8,5,3,2017
892500,"Mord, Totschlag und T tung auf Verlangen",7314000,Ludwigshafen am Rhein,insg.,5,3,2,0,0,0,0,0,0,0,0,0,1,1,0,0,0,0,3,1,2,1,1,0,4,2,2,2017
892500,"Mord, Totschlag und T tung auf Verlangen",15003000,Magdeburg,insg.,11,8,3,1,1,0,1,1,0,2,2,0,0,0,0,1,1,0,6,4,2,2,1,1,8,5,3,2017
892500,"Mord, Totschlag und T tung auf Verlangen",7315000,Mainz,insg.,19,13,6,0,0,0,1,0,1,1,0,1,3,3,0,2,2,0,12,8,4,1,0,1,13,8,5,2017
892500,"Mord, Totschlag und T tung auf Verlangen",8222000,Mannheim,insg.,22,14,8,0,0,0,0,0,0,0,0,0,0,0,0,2,2,0,19,12,7,1,0,1,20,12,8,2017
892500,"Mord, Totschlag und T tung auf Verlangen",5170024,Moers,insg.,2,2,0,0,0,0,0,0,0,0,0,0,1,1,0,0,0,0,1,1,0,0,0,0,1,1,0,2017
892500,"Mord, Totschlag und T tung auf Verlangen",5116000,M nchengladbach,insg.,6,4,2,0,0,0,0,0,0,0,0,0,0,0,0,0,0,0,6,4,2,0,0,0,6,4,2,2017
892500,"Mord, Totschlag und T tung auf Verlangen",5117000,M lheim an der Ruhr,insg.,6,3,3,2,0,2,0,0,0,2,0,2,0,0,0,0,0,0,3,3,0,1,0,1,4,3,1,2017
892500,"Mord, Totschlag und T tung auf Verlangen",9162000,M nchen,insg.,29,17,12,0,0,0,0,0,0,0,0,0,1,0,1,1,1,0,24,15,9,3,1,2,27,16,11,2017
892500,"Mord, Totschlag und T tung auf Verlangen",5515000,M nster,insg.,8,4,4,0,0,0,0,0,0,0,0,0,1,1,0,0,0,0,4,1,3,3,2,1,7,3,4,2017
892500,"Mord, Totschlag und T tung auf Verlangen",5162024,Neuss,insg.,2,1,1,0,0,0,1,1,0,1,1,0,0,0,0,0,0,0,1,0,1,0,0,0,1,0,1,2017
892500,"Mord, Totschlag und T tung auf Verlangen",9564000,N rnberg,insg.,56,37,19,4,2,2,0,0,0,4,2,2,0,0,0,1,0,1,39,28,11,12,7,5,51,35,16,2017
892500,"Mord, Totschlag und T tung auf Verlangen",5119000,Oberhausen,insg.,5,3,2,0,0,0,0,0,0,0,0,0,1,0,1,0,0,0,3,3,0,1,0,1,4,3,1,2017
892500,"Mord, Totschlag und T tung auf Verlangen",6413000,Offenbach am Main,insg.,8,7,1,0,0,0,0,0,0,0,0,0,0,0,0,1,1,0,7,6,1,0,0,0,7,6,1,2017
892500,"Mord, Totschlag und T tung auf Verlangen",3403000,Oldenburg (Oldenburg),insg.,59,43,16,0,0,0,0,0,0,0,0,0,0,0,0,0,0,0,14,12,2,45,31,14,59,43,16,2017
892500,"Mord, Totschlag und T tung auf Verlangen",3404000,Osnabr ck,insg.,10,8,2,1,1,0,0,0,0,1,1,0,0,0,0,1,1,0,8,6,2,0,0,0,8,6,2,2017
892500,"Mord, Totschlag und T tung auf Verlangen",5774032,Paderborn,insg.,10,9,1,0,0,0,0,0,0,0,0,0,1,1,0,4,4,0,4,4,0,1,0,1,5,4,1,2017
892500,"Mord, Totschlag und T tung auf Verlangen",8231000,Pforzheim,insg.,5,3,2,0,0,0,0,0,0,0,0,0,0,0,0,0,0,0,3,2,1,2,1,1,5,3,2,2017
892500,"Mord, Totschlag und T tung auf Verlangen",12054000,Potsdam,insg.,8,5,3,1,0,1,0,0,0,1,0,1,0,0,0,0,0,0,5,4,1,2,1,1,7,5,2,2017
892500,"Mord, Totschlag und T tung auf Verlangen",5562032,Recklinghausen,insg.,3,1,2,0,0,0,0,0,0,0,0,0,0,0,0,0,0,0,3,1,2,0,0,0,3,1,2,2017
892500,"Mord, Totschlag und T tung auf Verlangen",9362000,Regensburg,insg.,4,2,2,0,0,0,0,0,0,0,0,0,0,0,0,0,0,0,4,2,2,0,0,0,4,2,2,2017
892500,"Mord, Totschlag und T tung auf Verlangen",5120000,Remscheid,insg.,0,0,0,0,0,0,0,0,0,0,0,0,0,0,0,0,0,0,0,0,0,0,0,0,0,0,0,2017
892500,"Mord, Totschlag und T tung auf Verlangen",8415061,Reutlingen,insg.,5,5,0,0,0,0,0,0,0,0,0,0,0,0,0,2,2,0,3,3,0,0,0,0,3,3,0,2017
892500,"Mord, Totschlag und T tung auf Verlangen",13003000,Rostock,insg.,4,3,1,0,0,0,0,0,0,0,0,0,1,1,0,0,0,0,2,2,0,1,0,1,3,2,1,2017
892500,"Mord, Totschlag und T tung auf Verlangen",10041100,Saarbr cken,insg.,15,13,2,0,0,0,0,0,0,0,0,0,0,0,0,0,0,0,12,10,2,3,3,0,15,13,2,2017
892500,"Mord, Totschlag und T tung auf Verlangen",3102000,Salzgitter,insg.,5,5,0,0,0,0,0,0,0,0,0,0,0,0,0,0,0,0,5,5,0,0,0,0,5,5,0,2017
892500,"Mord, Totschlag und T tung auf Verlangen",13004000,Schwerin,insg.,4,3,1,0,0,0,0,0,0,0,0,0,0,0,0,0,0,0,4,3,1,0,0,0,4,3,1,2017
892500,"Mord, Totschlag und T tung auf Verlangen",5970040,Siegen,insg.,2,0,2,0,0,0,0,0,0,0,0,0,0,0,0,0,0,0,2,0,2,0,0,0,2,0,2,2017
892500,"Mord, Totschlag und T tung auf Verlangen",5122000,Solingen,insg.,3,3,0,0,0,0,0,0,0,0,0,0,0,0,0,2,2,0,1,1,0,0,0,0,1,1,0,2017
892500,"Mord, Totschlag und T tung auf Verlangen",8111000,Stuttgart,insg.,35,24,11,0,0,0,0,0,0,0,0,0,0,0,0,2,2,0,29,21,8,4,1,3,33,22,11,2017
892500,"Mord, Totschlag und T tung auf Verlangen",7211000,Trier,insg.,4,0,4,0,0,0,0,0,0,0,0,0,0,0,0,0,0,0,2,0,2,2,0,2,4,0,4,2017
892500,"Mord, Totschlag und T tung auf Verlangen",8421000,Ulm,insg.,5,4,1,0,0,0,0,0,0,0,0,0,1,1,0,1,1,0,3,2,1,0,0,0,3,2,1,2017
892500,"Mord, Totschlag und T tung auf Verlangen",6414000,Wiesbaden,insg.,6,5,1,0,0,0,0,0,0,0,0,0,0,0,0,0,0,0,5,4,1,1,1,0,6,5,1,2017
892500,"Mord, Totschlag und T tung auf Verlangen",3103000,Wolfsburg,insg.,5,4,1,0,0,0,0,0,0,0,0,0,0,0,0,0,0,0,4,3,1,1,1,0,5,4,1,2017
892500,"Mord, Totschlag und T tung auf Verlangen",5124000,Wuppertal,insg.,9,7,2,0,0,0,0,0,0,0,0,0,0,0,0,2,2,0,4,4,0,3,1,2,7,5,2,2017
892500,"Mord, Totschlag und T tung auf Verlangen",9663000,W rzburg,insg.,6,4,2,0,0,0,0,0,0,0,0,0,1,1,0,0,0,0,3,3,0,2,0,2,5,3,2,2017
------,Straftaten insgesamt,5334002,Aachen,voll.,4057,2402,1655,10,4,6,135,74,61,145,78,67,268,132,136,379,227,152,3023,1827,1196,242,138,104,3265,1965,1300,2018
------,Straftaten insgesamt,9761000,Augsburg,voll.,4769,3050,1719,43,25,18,227,139,88,270,164,106,318,165,153,447,294,153,3491,2287,1204,243,140,103,3734,2427,1307,2018
------,Straftaten insgesamt,5378004,Bergisch Gladbach,voll.,1216,646,570,4,2,2,55,25,30,59,27,32,134,84,50,97,62,35,818,415,403,108,58,50,926,473,453,2018
------,Straftaten insgesamt,11000000,Berlin,voll.,74153,45011,29142,826,454,372,4458,2568,1890,5284,3022,2262,5241,2956,2285,4752,2830,1922,54637,33871,20766,4239,2332,1907,58876,36203,22673,2018
------,Straftaten insgesamt,5711000,Bielefeld,voll.,4219,2282,1937,32,23,9,156,96,60,188,119,69,301,160,141,412,238,174,3069,1643,1426,249,122,127,3318,1765,1553,2018
------,Straftaten insgesamt,5911000,Bochum,voll.,6380,3789,2591,39,19,20,348,208,140,387,227,160,501,291,210,553,338,215,4588,2729,1859,351,204,147,4939,2933,2006,2018
------,Straftaten insgesamt,5314000,Bonn,voll.,5330,3129,2201,42,23,19,229,140,89,271,163,108,402,224,178,441,249,192,3927,2327,1600,289,166,123,4216,2493,1723,2018
------,Straftaten insgesamt,5512000,Bottrop,voll.,1243,666,577,8,2,6,78,37,41,86,39,47,104,52,52,108,61,47,872,471,401,73,43,30,945,514,431,2018
------,Straftaten insgesamt,3101000,Braunschweig,voll.,3920,2408,1512,32,20,12,204,136,68,236,156,80,272,158,114,403,262,141,2822,1730,1092,187,102,85,3009,1832,1177,2018
------,Straftaten insgesamt,4011000,Bremen,voll.,9302,5519,3783,80,46,34,369,210,159,449,256,193,659,379,280,1016,639,377,6678,3978,2700,500,267,233,7178,4245,2933,2018
------,Straftaten insgesamt,4012000,Bremerhaven,voll.,2306,1344,962,20,14,6,119,67,52,139,81,58,177,114,63,200,100,100,1671,993,678,119,56,63,1790,1049,741,2018
------,Straftaten insgesamt,14511000,Chemnitz,voll.,2994,1749,1245,26,9,17,188,98,90,214,107,107,270,148,122,270,154,116,2041,1237,804,199,103,96,2240,1340,900,2018
------,Straftaten insgesamt,12052000,Cottbus,voll.,1704,1000,704,24,12,12,151,86,65,175,98,77,171,93,78,127,72,55,1140,683,457,91,54,37,1231,737,494,2018
------,Straftaten insgesamt,6411000,Darmstadt,voll.,1554,924,630,14,7,7,70,42,28,84,49,35,97,59,38,147,93,54,1153,674,479,73,49,24,1226,723,503,2018
------,Straftaten insgesamt,5913000,Dortmund,voll.,11875,7254,4621,76,46,30,573,323,250,649,369,280,891,470,421,1065,612,453,8684,5462,3222,586,341,245,9270,5803,3467,2018
------,Straftaten insgesamt,14612000,Dresden,voll.,6399,4108,2291,104,49,55,381,201,180,485,250,235,503,274,229,545,350,195,4551,3056,1495,315,178,137,4866,3234,1632,2018
------,Straftaten insgesamt,5112000,Duisburg,voll.,7695,4197,3498,88,42,46,442,262,180,530,304,226,610,331,279,612,291,321,5458,3013,2445,485,258,227,5943,3271,2672,2018
------,Straftaten insgesamt,5111000,D sseldorf,voll.,9819,6177,3642,51,27,24,357,183,174,408,210,198,623,333,290,927,595,332,7408,4795,2613,453,244,209,7861,5039,2822,2018
------,Straftaten insgesamt,16051000,Erfurt,voll.,3852,2407,1445,45,27,18,285,130,155,330,157,173,260,158,102,353,214,139,2699,1764,935,210,114,96,2909,1878,1031,2018
------,Straftaten insgesamt,9562000,Erlangen,voll.,1002,580,422,6,2,4,52,21,31,58,23,35,84,45,39,143,88,55,664,397,267,53,27,26,717,424,293,2018
------,Straftaten insgesamt,5113000,Essen,voll.,7127,3942,3185,44,20,24,377,220,157,421,240,181,527,270,257,583,321,262,5183,2883,2300,413,228,185,5596,3111,2485,2018
------,Straftaten insgesamt,6412000,Frankfurt am Main,voll.,11399,7245,4154,105,70,35,338,198,140,443,268,175,504,278,226,776,466,310,9020,5830,3190,656,403,253,9676,6233,3443,2018
------,Straftaten insgesamt,8311000,Freiburg im Breisgau,voll.,4201,2850,1351,43,27,16,156,82,74,199,109,90,310,199,111,391,265,126,3108,2149,959,193,128,65,3301,2277,1024,2018
------,Straftaten insgesamt,9563000,F rth,voll.,940,528,412,15,7,8,84,38,46,99,45,54,78,40,38,59,35,24,657,379,278,47,29,18,704,408,296,2018
------,Straftaten insgesamt,5513000,Gelsenkirchen,voll.,4444,2384,2060,31,22,9,274,161,113,305,183,122,342,172,170,348,184,164,3157,1697,1460,292,148,144,3449,1845,1604,2018
------,Straftaten insgesamt,3159016,G ttingen,voll.,2068,1308,760,17,10,7,87,43,44,104,53,51,165,91,74,201,126,75,1488,965,523,110,73,37,1598,1038,560,2018
------,Straftaten insgesamt,5914000,Hagen,voll.,2950,1620,1330,21,9,12,174,93,81,195,102,93,282,141,141,258,154,104,2056,1133,923,159,90,69,2215,1223,992,2018
------,Straftaten insgesamt,15002000,Halle (Saale),voll.,4900,2960,1940,71,45,26,380,182,198,451,227,224,429,254,175,519,312,207,3292,2057,1235,209,110,99,3501,2167,1334,2018
------,Straftaten insgesamt,2000000,Hamburg,voll.,32198,19640,12558,225,126,99,1641,989,652,1866,1115,751,2279,1243,1036,2550,1570,980,23788,14740,9048,1715,972,743,25503,15712,9791,2018
------,Straftaten insgesamt,5915000,Hamm,voll.,2386,1251,1135,16,10,6,148,80,68,164,90,74,251,130,121,208,109,99,1655,862,793,108,60,48,1763,922,841,2018
------,Straftaten insgesamt,3241001,Hannover,voll.,11324,7042,4282,121,66,55,476,251,225,597,317,280,741,404,337,1036,644,392,8420,5397,3023,530,280,250,8950,5677,3273,2018
------,Straftaten insgesamt,8221000,Heidelberg,voll.,2347,1523,824,22,12,10,77,47,30,99,59,40,118,61,57,253,169,84,1721,1141,580,156,93,63,1877,1234,643,2018
------,Straftaten insgesamt,8121000,Heilbronn,voll.,1552,922,630,19,14,5,57,31,26,76,45,31,101,50,51,168,114,54,1129,659,470,78,54,24,1207,713,494,2018
------,Straftaten insgesamt,5916000,Herne,voll.,2674,1438,1236,28,15,13,159,88,71,187,103,84,262,129,133,224,118,106,1854,1015,839,147,73,74,2001,1088,913,2018
------,Straftaten insgesamt,3254021,Hildesheim,voll.,1972,1109,863,18,13,5,86,53,33,104,66,38,151,76,75,193,120,73,1393,780,613,131,67,64,1524,847,677,2018
------,Straftaten insgesamt,9161000,Ingolstadt,voll.,2181,1441,740,25,15,10,133,62,71,158,77,81,135,90,45,232,168,64,1554,1046,508,102,60,42,1656,1106,550,2018
------,Straftaten insgesamt,16053000,Jena,voll.,1399,880,519,10,4,6,91,47,44,101,51,50,129,63,66,138,94,44,963,631,332,68,41,27,1031,672,359,2018
------,Straftaten insgesamt,8212000,Karlsruhe,voll.,3441,2080,1361,30,21,9,158,75,83,188,96,92,223,116,107,330,200,130,2512,1561,951,188,107,81,2700,1668,1032,2018
------,Straftaten insgesamt,6611000,Kassel,voll.,2895,1665,1230,31,15,16,151,76,75,182,91,91,181,74,107,273,163,110,2127,1259,868,132,78,54,2259,1337,922,2018
------,Straftaten insgesamt,1002000,Kiel,voll.,4115,2625,1490,28,12,16,162,91,71,190,103,87,307,183,124,434,264,170,3006,1965,1041,178,110,68,3184,2075,1109,2018
------,Straftaten insgesamt,7111000,Koblenz,voll.,2319,1506,813,25,13,12,94,55,39,119,68,51,188,110,78,233,156,77,1659,1099,560,120,73,47,1779,1172,607,2018
------,Straftaten insgesamt,5315000,K ln,voll.,22376,13196,9180,128,58,70,848,442,406,976,500,476,1557,824,733,1794,1040,754,16914,10156,6758,1135,676,459,18049,10832,7217,2018
------,Straftaten insgesamt,5114000,Krefeld,voll.,3688,2020,1668,19,11,8,232,138,94,251,149,102,354,196,158,289,157,132,2573,1407,1166,221,111,110,2794,1518,1276,2018
------,Straftaten insgesamt,14713000,Leipzig,voll.,8416,5096,3320,91,45,46,465,212,253,556,257,299,606,338,268,636,372,264,6136,3879,2257,482,250,232,6618,4129,2489,2018
------,Straftaten insgesamt,5316000,Leverkusen,voll.,2695,1485,1210,24,15,9,139,76,63,163,91,72,229,116,113,211,125,86,1934,1058,876,158,95,63,2092,1153,939,2018
------,Straftaten insgesamt,1003000,L beck,voll.,4397,2746,1651,32,21,11,195,92,103,227,113,114,363,197,166,360,233,127,3220,2065,1155,227,138,89,3447,2203,1244,2018
------,Straftaten insgesamt,7314000,Ludwigshafen am Rhein,voll.,3716,2121,1595,37,19,18,279,173,106,316,192,124,333,192,141,318,189,129,2523,1420,1103,226,128,98,2749,1548,1201,2018
------,Straftaten insgesamt,15003000,Magdeburg,voll.,3811,2262,1549,43,23,20,245,117,128,288,140,148,321,192,129,324,201,123,2641,1598,1043,237,131,106,2878,1729,1149,2018
------,Straftaten insgesamt,7315000,Mainz,voll.,3427,2227,1200,23,11,12,131,77,54,154,88,66,255,145,110,373,251,122,2488,1643,845,157,100,57,2645,1743,902,2018
------,Straftaten insgesamt,8222000,Mannheim,voll.,4621,2789,1832,42,28,14,180,99,81,222,127,95,296,149,147,415,235,180,3438,2129,1309,250,149,101,3688,2278,1410,2018
------,Straftaten insgesamt,5170024,Moers,voll.,1301,718,583,9,5,4,73,39,34,82,44,38,146,76,70,111,77,34,862,470,392,100,51,49,962,521,441,2018
------,Straftaten insgesamt,5116000,M nchengladbach,voll.,3459,1877,1582,26,13,13,165,91,74,191,104,87,298,174,124,298,147,151,2471,1342,1129,201,110,91,2672,1452,1220,2018
------,Straftaten insgesamt,5117000,M lheim an der Ruhr,voll.,1671,832,839,17,9,8,125,72,53,142,81,61,119,63,56,131,65,66,1146,559,587,133,64,69,1279,623,656,2018
------,Straftaten insgesamt,9162000,M nchen,voll.,16531,10450,6081,175,86,89,676,382,294,851,468,383,849,486,363,1391,872,519,12516,8132,4384,924,492,432,13440,8624,4816,2018
------,Straftaten insgesamt,5515000,M nster,voll.,4210,2524,1686,24,15,9,167,105,62,191,120,71,336,195,141,386,243,143,3073,1827,1246,224,139,85,3297,1966,1331,2018
------,Straftaten insgesamt,5162024,Neuss,voll.,2282,1265,1017,16,10,6,125,72,53,141,82,59,193,104,89,188,105,83,1628,902,726,132,72,60,1760,974,786,2018
------,Straftaten insgesamt,9564000,N rnberg,voll.,7611,4724,2887,51,23,28,371,175,196,422,198,224,564,305,259,738,480,258,5502,3523,1979,385,218,167,5887,3741,2146,2018
------,Straftaten insgesamt,5119000,Oberhausen,voll.,2970,1638,1332,26,15,11,138,84,54,164,99,65,282,155,127,276,159,117,2080,1134,946,168,91,77,2248,1225,1023,2018
------,Straftaten insgesamt,6413000,Offenbach am Main,voll.,1472,795,677,16,10,6,64,31,33,80,41,39,106,60,46,85,37,48,1110,598,512,91,59,32,1201,657,544,2018
------,Straftaten insgesamt,3403000,Oldenburg (Oldenburg),voll.,2211,1310,901,19,10,9,100,54,46,119,64,55,170,101,69,278,171,107,1530,906,624,114,68,46,1644,974,670,2018
------,Straftaten insgesamt,3404000,Osnabr ck,voll.,2831,1733,1098,26,11,15,123,56,67,149,67,82,208,113,95,301,174,127,2029,1300,729,144,79,65,2173,1379,794,2018
------,Straftaten insgesamt,5774032,Paderborn,voll.,1960,1189,771,19,8,11,84,50,34,103,58,45,126,55,71,193,139,54,1444,881,563,94,56,38,1538,937,601,2018
------,Straftaten insgesamt,8231000,Pforzheim,voll.,1685,1016,669,16,8,8,99,60,39,115,68,47,117,69,48,174,108,66,1199,728,471,80,43,37,1279,771,508,2018
------,Straftaten insgesamt,12054000,Potsdam,voll.,2262,1316,946,23,14,9,215,118,97,238,132,106,179,109,70,197,114,83,1533,898,635,115,63,52,1648,961,687,2018
------,Straftaten insgesamt,5562032,Recklinghausen,voll.,2233,1285,948,15,9,6,101,61,40,116,70,46,187,90,97,193,120,73,1613,925,688,124,80,44,1737,1005,732,2018
------,Straftaten insgesamt,9362000,Regensburg,voll.,2149,1424,725,15,7,8,63,35,28,78,42,36,134,83,51,234,151,83,1606,1097,509,97,51,46,1703,1148,555,2018
------,Straftaten insgesamt,5120000,Remscheid,voll.,1631,894,737,11,3,8,98,64,34,109,67,42,145,87,58,156,83,73,1132,605,527,89,52,37,1221,657,564,2018
------,Straftaten insgesamt,8415061,Reutlingen,voll.,1482,877,605,15,11,4,74,46,28,89,57,32,140,75,65,201,133,68,975,566,409,77,46,31,1052,612,440,2018
------,Straftaten insgesamt,13003000,Rostock,voll.,3002,1862,1140,34,13,21,284,154,130,318,167,151,286,169,117,240,149,91,1999,1288,711,159,89,70,2158,1377,781,2018
------,Straftaten insgesamt,10041100,Saarbr cken,voll.,4476,2816,1660,31,13,18,218,136,82,249,149,100,347,211,136,397,252,145,3215,2047,1168,268,157,111,3483,2204,1279,2018
------,Straftaten insgesamt,3102000,Salzgitter,voll.,1338,738,600,18,9,9,100,57,43,118,66,52,163,81,82,115,70,45,855,470,385,87,51,36,942,521,421,2018
------,Straftaten insgesamt,13004000,Schwerin,voll.,1847,1167,680,24,16,8,124,75,49,148,91,57,174,113,61,153,104,49,1254,794,460,118,65,53,1372,859,513,2018
------,Straftaten insgesamt,5970040,Siegen,voll.,1951,1152,799,10,4,6,61,39,22,71,43,28,171,102,69,198,122,76,1409,818,591,102,67,35,1511,885,626,2018
------,Straftaten insgesamt,5122000,Solingen,voll.,1737,910,827,19,10,9,109,74,35,128,84,44,181,100,81,140,70,70,1177,597,580,111,59,52,1288,656,632,2018
------,Straftaten insgesamt,8111000,Stuttgart,voll.,11159,7403,3756,76,43,33,472,251,221,548,294,254,672,376,296,1016,706,310,8476,5751,2725,447,276,171,8923,6027,2896,2018
------,Straftaten insgesamt,7211000,Trier,voll.,1890,1171,719,10,9,1,73,37,36,83,46,37,158,84,74,224,139,85,1328,846,482,97,56,41,1425,902,523,2018
------,Straftaten insgesamt,8421000,Ulm,voll.,1678,1093,585,20,13,7,75,37,38,95,50,45,106,65,41,159,111,48,1235,828,407,83,39,44,1318,867,451,2018
------,Straftaten insgesamt,6414000,Wiesbaden,voll.,4208,2354,1854,44,27,17,210,99,111,254,126,128,358,210,148,404,234,170,2935,1647,1288,257,137,120,3192,1784,1408,2018
------,Straftaten insgesamt,3103000,Wolfsburg,voll.,1421,841,580,17,8,9,68,36,32,85,44,41,97,57,40,121,69,52,1034,620,414,84,51,33,1118,671,447,2018
------,Straftaten insgesamt,5124000,Wuppertal,voll.,6785,3899,2886,68,44,24,436,242,194,504,286,218,550,297,253,639,364,275,4747,2764,1983,345,188,157,5092,2952,2140,2018
------,Straftaten insgesamt,9663000,W rzburg,voll.,1817,1190,627,7,4,3,55,38,17,62,42,20,159,97,62,243,167,76,1267,843,424,86,41,45,1353,884,469,2018
------,Straftaten insgesamt,5334002,Aachen,vers.,293,167,126,1,0,1,13,7,6,14,7,7,16,8,8,19,10,9,221,133,88,23,9,14,244,142,102,2018
------,Straftaten insgesamt,9761000,Augsburg,vers.,501,347,154,3,1,2,24,13,11,27,14,13,28,16,12,42,24,18,377,273,104,27,20,7,404,293,111,2018
------,Straftaten insgesamt,5378004,Bergisch Gladbach,vers.,70,43,27,0,0,0,6,4,2,6,4,2,10,8,2,5,5,0,39,20,19,10,6,4,49,26,23,2018
------,Straftaten insgesamt,11000000,Berlin,vers.,7110,4936,2174,64,27,37,286,168,118,350,195,155,430,293,137,354,223,131,5521,3945,1576,455,280,175,5976,4225,1751,2018
------,Straftaten insgesamt,5711000,Bielefeld,vers.,288,159,129,0,0,0,13,6,7,13,6,7,27,19,8,31,17,14,200,106,94,17,11,6,217,117,100,2018
------,Straftaten insgesamt,5911000,Bochum,vers.,434,293,141,3,2,1,29,17,12,32,19,13,36,24,12,39,27,12,300,207,93,27,16,11,327,223,104,2018
------,Straftaten insgesamt,5314000,Bonn,vers.,333,210,123,1,0,1,15,11,4,16,11,5,19,12,7,23,13,10,251,160,91,24,14,10,275,174,101,2018
------,Straftaten insgesamt,5512000,Bottrop,vers.,76,48,28,1,1,0,2,0,2,3,1,2,7,6,1,9,6,3,55,35,20,2,0,2,57,35,22,2018
------,Straftaten insgesamt,3101000,Braunschweig,vers.,228,151,77,1,0,1,7,5,2,8,5,3,21,8,13,23,18,5,164,113,51,12,7,5,176,120,56,2018
------,Straftaten insgesamt,4011000,Bremen,vers.,631,436,195,4,2,2,18,8,10,22,10,12,48,31,17,52,42,10,465,332,133,44,21,23,509,353,156,2018
------,Straftaten insgesamt,4012000,Bremerhaven,vers.,125,86,39,0,0,0,0,0,0,0,0,0,9,7,2,15,9,6,91,66,25,10,4,6,101,70,31,2018
------,Straftaten insgesamt,14511000,Chemnitz,vers.,194,137,57,1,1,0,10,9,1,11,10,1,21,14,7,21,14,7,129,92,37,12,7,5,141,99,42,2018
------,Straftaten insgesamt,12052000,Cottbus,vers.,114,66,48,1,1,0,6,3,3,7,4,3,13,7,6,12,8,4,74,41,33,8,6,2,82,47,35,2018
------,Straftaten insgesamt,6411000,Darmstadt,vers.,65,39,26,0,0,0,1,0,1,1,0,1,5,1,4,5,4,1,48,30,18,6,4,2,54,34,20,2018
------,Straftaten insgesamt,5913000,Dortmund,vers.,756,490,266,4,1,3,43,26,17,47,27,20,53,35,18,88,58,30,495,334,161,73,36,37,568,370,198,2018
------,Straftaten insgesamt,14612000,Dresden,vers.,493,367,126,4,1,3,17,9,8,21,10,11,26,19,7,35,28,7,379,295,84,32,15,17,411,310,101,2018
------,Straftaten insgesamt,5112000,Duisburg,vers.,479,290,189,2,1,1,28,19,9,30,20,10,31,16,15,33,18,15,336,211,125,49,25,24,385,236,149,2018
------,Straftaten insgesamt,5111000,D sseldorf,vers.,712,515,197,2,2,0,23,15,8,25,17,8,32,23,9,45,32,13,583,427,156,27,16,11,610,443,167,2018
------,Straftaten insgesamt,16051000,Erfurt,vers.,496,348,148,0,0,0,18,8,10,18,8,10,32,19,13,33,27,6,383,280,103,30,14,16,413,294,119,2018
------,Straftaten insgesamt,9562000,Erlangen,vers.,76,50,26,0,0,0,1,1,0,1,1,0,10,6,4,8,6,2,53,34,19,4,3,1,57,37,20,2018
------,Straftaten insgesamt,5113000,Essen,vers.,421,261,160,2,1,1,15,9,6,17,10,7,35,21,14,34,21,13,303,193,110,32,16,16,335,209,126,2018
------,Straftaten insgesamt,6412000,Frankfurt am Main,vers.,834,545,289,10,6,4,24,12,12,34,18,16,37,22,15,62,40,22,646,432,214,55,33,22,701,465,236,2018
------,Straftaten insgesamt,8311000,Freiburg im Breisgau,vers.,314,226,88,18,17,1,8,6,2,26,23,3,16,12,4,23,17,6,232,162,70,17,12,5,249,174,75,2018
------,Straftaten insgesamt,9563000,F rth,vers.,66,45,21,1,1,0,4,3,1,5,4,1,6,4,2,5,3,2,46,32,14,4,2,2,50,34,16,2018
------,Straftaten insgesamt,5513000,Gelsenkirchen,vers.,271,170,101,2,0,2,29,13,16,31,13,18,23,20,3,19,15,4,180,110,70,18,12,6,198,122,76,2018
------,Straftaten insgesamt,3159016,G ttingen,vers.,178,114,64,1,0,1,5,3,2,6,3,3,9,3,6,23,15,8,122,82,40,18,11,7,140,93,47,2018
------,Straftaten insgesamt,5914000,Hagen,vers.,170,102,68,2,2,0,18,11,7,20,13,7,14,9,5,9,6,3,114,66,48,13,8,5,127,74,53,2018
------,Straftaten insgesamt,15002000,Halle (Saale),vers.,427,306,121,5,3,2,25,14,11,30,17,13,19,11,8,36,28,8,319,238,81,23,12,11,342,250,92,2018
------,Straftaten insgesamt,2000000,Hamburg,vers.,1907,1277,630,8,6,2,70,46,24,78,52,26,115,73,42,134,86,48,1467,1002,465,113,64,49,1580,1066,514,2018
------,Straftaten insgesamt,5915000,Hamm,vers.,151,93,58,1,1,0,11,8,3,12,9,3,14,11,3,9,2,7,106,65,41,10,6,4,116,71,45,2018
------,Straftaten insgesamt,3241001,Hannover,vers.,857,602,255,4,2,2,8,2,6,12,4,8,49,33,16,74,44,30,671,492,179,51,29,22,722,521,201,2018
------,Straftaten insgesamt,8221000,Heidelberg,vers.,152,106,46,2,1,1,1,1,0,3,2,1,6,4,2,13,10,3,120,84,36,10,6,4,130,90,40,2018
------,Straftaten insgesamt,8121000,Heilbronn,vers.,111,71,40,2,1,1,5,2,3,7,3,4,4,1,3,8,8,0,80,52,28,12,7,5,92,59,33,2018
------,Straftaten insgesamt,5916000,Herne,vers.,188,119,69,2,2,0,7,4,3,9,6,3,22,14,8,12,8,4,132,82,50,13,9,4,145,91,54,2018
------,Straftaten insgesamt,3254021,Hildesheim,vers.,125,82,43,0,0,0,6,5,1,6,5,1,10,7,3,11,8,3,92,58,34,6,4,2,98,62,36,2018
------,Straftaten insgesamt,9161000,Ingolstadt,vers.,220,163,57,0,0,0,3,2,1,3,2,1,5,3,2,17,12,5,176,136,40,19,10,9,195,146,49,2018
------,Straftaten insgesamt,16053000,Jena,vers.,145,114,31,2,2,0,4,3,1,6,5,1,6,4,2,16,16,0,107,84,23,10,5,5,117,89,28,2018
------,Straftaten insgesamt,8212000,Karlsruhe,vers.,224,148,76,1,1,0,5,4,1,6,5,1,13,4,9,16,11,5,177,123,54,12,5,7,189,128,61,2018
------,Straftaten insgesamt,6611000,Kassel,vers.,168,108,60,2,2,0,4,3,1,6,5,1,8,3,5,15,9,6,129,86,43,10,5,5,139,91,48,2018
------,Straftaten insgesamt,1002000,Kiel,vers.,248,172,76,1,1,0,13,4,9,14,5,9,25,20,5,22,17,5,167,121,46,20,9,11,187,130,57,2018
------,Straftaten insgesamt,7111000,Koblenz,vers.,155,97,58,2,2,0,5,2,3,7,4,3,14,8,6,12,7,5,113,74,39,9,4,5,122,78,44,2018
------,Straftaten insgesamt,5315000,K ln,vers.,1674,1080,594,9,4,5,64,45,19,73,49,24,92,59,33,111,71,40,1264,816,448,134,85,49,1398,901,497,2018
------,Straftaten insgesamt,5114000,Krefeld,vers.,233,134,99,0,0,0,9,4,5,9,4,5,19,10,9,10,4,6,173,105,68,22,11,11,195,116,79,2018
------,Straftaten insgesamt,14713000,Leipzig,vers.,577,386,191,5,3,2,34,18,16,39,21,18,28,18,10,34,24,10,445,307,138,31,16,15,476,323,153,2018
------,Straftaten insgesamt,5316000,Leverkusen,vers.,236,134,102,3,1,2,11,5,6,14,6,8,21,13,8,14,4,10,168,99,69,19,12,7,187,111,76,2018
------,Straftaten insgesamt,1003000,L beck,vers.,271,169,102,1,1,0,14,6,8,15,7,8,18,9,9,23,16,7,191,125,66,24,12,12,215,137,78,2018
------,Straftaten insgesamt,7314000,Ludwigshafen am Rhein,vers.,283,185,98,3,1,2,20,11,9,23,12,11,23,19,4,30,20,10,183,117,66,24,17,7,207,134,73,2018
------,Straftaten insgesamt,15003000,Magdeburg,vers.,300,194,106,4,3,1,19,11,8,23,14,9,40,21,19,18,13,5,197,136,61,22,10,12,219,146,73,2018
------,Straftaten insgesamt,7315000,Mainz,vers.,288,199,89,3,1,2,7,5,2,10,6,4,26,18,8,18,9,9,214,151,63,20,15,5,234,166,68,2018
------,Straftaten insgesamt,8222000,Mannheim,vers.,361,240,121,3,2,1,31,16,15,34,18,16,13,7,6,18,9,9,273,192,81,23,14,9,296,206,90,2018
------,Straftaten insgesamt,5170024,Moers,vers.,60,43,17,0,0,0,1,0,1,1,0,1,5,3,2,5,4,1,40,30,10,9,6,3,49,36,13,2018
------,Straftaten insgesamt,5116000,M nchengladbach,vers.,182,101,81,1,1,0,9,3,6,10,4,6,21,14,7,22,14,8,112,59,53,17,10,7,129,69,60,2018
------,Straftaten insgesamt,5117000,M lheim an der Ruhr,vers.,90,53,37,0,0,0,4,3,1,4,3,1,8,5,3,10,6,4,56,32,24,12,7,5,68,39,29,2018
------,Straftaten insgesamt,9162000,M nchen,vers.,1492,1030,462,10,4,6,28,20,8,38,24,14,63,38,25,92,61,31,1180,822,358,119,85,34,1299,907,392,2018
------,Straftaten insgesamt,5515000,M nster,vers.,280,192,88,3,1,2,6,1,5,9,2,7,20,15,5,20,14,6,215,150,65,16,11,5,231,161,70,2018
------,Straftaten insgesamt,5162024,Neuss,vers.,111,75,36,2,2,0,4,2,2,6,4,2,7,6,1,9,7,2,81,54,27,8,4,4,89,58,31,2018
------,Straftaten insgesamt,9564000,N rnberg,vers.,721,500,221,11,7,4,30,18,12,41,25,16,49,37,12,60,37,23,531,377,154,40,24,16,571,401,170,2018
------,Straftaten insgesamt,5119000,Oberhausen,vers.,175,114,61,0,0,0,6,6,0,6,6,0,15,12,3,6,4,2,134,81,53,14,11,3,148,92,56,2018
------,Straftaten insgesamt,6413000,Offenbach am Main,vers.,93,54,39,0,0,0,5,1,4,5,1,4,6,2,4,3,1,2,70,44,26,9,6,3,79,50,29,2018
------,Straftaten insgesamt,3403000,Oldenburg (Oldenburg),vers.,118,75,43,1,0,1,4,1,3,5,1,4,9,5,4,16,9,7,80,54,26,8,6,2,88,60,28,2018
------,Straftaten insgesamt,3404000,Osnabr ck,vers.,165,104,61,0,0,0,5,5,0,5,5,0,16,5,11,16,8,8,119,81,38,9,5,4,128,86,42,2018
------,Straftaten insgesamt,5774032,Paderborn,vers.,162,98,64,0,0,0,12,3,9,12,3,9,13,11,2,17,13,4,110,66,44,10,5,5,120,71,49,2018
------,Straftaten insgesamt,8231000,Pforzheim,vers.,98,62,36,0,0,0,5,4,1,5,4,1,3,2,1,10,7,3,69,41,28,11,8,3,80,49,31,2018
------,Straftaten insgesamt,12054000,Potsdam,vers.,176,113,63,7,7,0,10,8,2,17,15,2,19,12,7,15,11,4,112,69,43,13,6,7,125,75,50,2018
------,Straftaten insgesamt,5562032,Recklinghausen,vers.,155,102,53,0,0,0,5,3,2,5,3,2,10,7,3,11,5,6,118,81,37,11,6,5,129,87,42,2018
------,Straftaten insgesamt,9362000,Regensburg,vers.,198,141,57,2,1,1,7,7,0,9,8,1,11,7,4,18,10,8,155,111,44,5,5,0,160,116,44,2018
------,Straftaten insgesamt,5120000,Remscheid,vers.,106,74,32,1,0,1,9,9,0,10,9,1,16,12,4,12,5,7,62,46,16,6,2,4,68,48,20,2018
------,Straftaten insgesamt,8415061,Reutlingen,vers.,70,45,25,0,0,0,2,1,1,2,1,1,4,2,2,11,8,3,50,32,18,3,2,1,53,34,19,2018
------,Straftaten insgesamt,13003000,Rostock,vers.,240,179,61,0,0,0,16,11,5,16,11,5,30,21,9,20,19,1,163,118,45,11,10,1,174,128,46,2018
------,Straftaten insgesamt,10041100,Saarbr cken,vers.,409,261,148,5,4,1,34,21,13,39,25,14,28,16,12,39,27,12,275,177,98,28,16,12,303,193,110,2018
------,Straftaten insgesamt,3102000,Salzgitter,vers.,66,43,23,1,1,0,4,3,1,5,4,1,2,1,1,11,5,6,43,32,11,5,1,4,48,33,15,2018
------,Straftaten insgesamt,13004000,Schwerin,vers.,149,99,50,2,2,0,18,7,11,20,9,11,10,5,5,11,5,6,99,73,26,9,7,2,108,80,28,2018
------,Straftaten insgesamt,5970040,Siegen,vers.,122,76,46,0,0,0,4,4,0,4,4,0,11,5,6,15,9,6,80,51,29,12,7,5,92,58,34,2018
------,Straftaten insgesamt,5122000,Solingen,vers.,86,57,29,0,0,0,4,1,3,4,1,3,10,8,2,5,4,1,60,38,22,7,6,1,67,44,23,2018
------,Straftaten insgesamt,8111000,Stuttgart,vers.,933,722,211,17,14,3,25,15,10,42,29,13,39,23,16,52,39,13,757,604,153,43,27,16,800,631,169,2018
------,Straftaten insgesamt,7211000,Trier,vers.,97,62,35,0,0,0,5,3,2,5,3,2,11,8,3,6,2,4,68,44,24,7,5,2,75,49,26,2018
------,Straftaten insgesamt,8421000,Ulm,vers.,93,65,28,2,2,0,5,3,2,7,5,2,4,1,3,4,4,0,70,49,21,8,6,2,78,55,23,2018
------,Straftaten insgesamt,6414000,Wiesbaden,vers.,217,128,89,1,0,1,5,2,3,6,2,4,24,16,8,14,8,6,158,94,64,15,8,7,173,102,71,2018
------,Straftaten insgesamt,3103000,Wolfsburg,vers.,66,44,22,1,1,0,3,1,2,4,2,2,2,1,1,6,5,1,48,34,14,6,2,4,54,36,18,2018
------,Straftaten insgesamt,5124000,Wuppertal,vers.,439,266,173,2,2,0,30,16,14,32,18,14,32,19,13,44,27,17,307,190,117,24,12,12,331,202,129,2018
------,Straftaten insgesamt,9663000,W rzburg,vers.,126,96,30,1,1,0,6,6,0,7,7,0,14,12,2,8,6,2,88,64,24,9,7,2,97,71,26,2018
------,Straftaten insgesamt,5334002,Aachen,insg.,4350,2569,1781,11,4,7,148,81,67,159,85,74,284,140,144,398,237,161,3244,1960,1284,265,147,118,3509,2107,1402,2018
------,Straftaten insgesamt,9761000,Augsburg,insg.,5270,3397,1873,46,26,20,251,152,99,297,178,119,346,181,165,489,318,171,3868,2560,1308,270,160,110,4138,2720,1418,2018
------,Straftaten insgesamt,5378004,Bergisch Gladbach,insg.,1286,689,597,4,2,2,61,29,32,65,31,34,144,92,52,102,67,35,857,435,422,118,64,54,975,499,476,2018
------,Straftaten insgesamt,11000000,Berlin,insg.,81263,49947,31316,890,481,409,4744,2736,2008,5634,3217,2417,5671,3249,2422,5106,3053,2053,60158,37816,22342,4694,2612,2082,64852,40428,24424,2018
------,Straftaten insgesamt,5711000,Bielefeld,insg.,4507,2441,2066,32,23,9,169,102,67,201,125,76,328,179,149,443,255,188,3269,1749,1520,266,133,133,3535,1882,1653,2018
------,Straftaten insgesamt,5911000,Bochum,insg.,6814,4082,2732,42,21,21,377,225,152,419,246,173,537,315,222,592,365,227,4888,2936,1952,378,220,158,5266,3156,2110,2018
------,Straftaten insgesamt,5314000,Bonn,insg.,5663,3339,2324,43,23,20,244,151,93,287,174,113,421,236,185,464,262,202,4178,2487,1691,313,180,133,4491,2667,1824,2018
------,Straftaten insgesamt,5512000,Bottrop,insg.,1319,714,605,9,3,6,80,37,43,89,40,49,111,58,53,117,67,50,927,506,421,75,43,32,1002,549,453,2018
------,Straftaten insgesamt,3101000,Braunschweig,insg.,4148,2559,1589,33,20,13,211,141,70,244,161,83,293,166,127,426,280,146,2986,1843,1143,199,109,90,3185,1952,1233,2018
------,Straftaten insgesamt,4011000,Bremen,insg.,9933,5955,3978,84,48,36,387,218,169,471,266,205,707,410,297,1068,681,387,7143,4310,2833,544,288,256,7687,4598,3089,2018
------,Straftaten insgesamt,4012000,Bremerhaven,insg.,2431,1430,1001,20,14,6,119,67,52,139,81,58,186,121,65,215,109,106,1762,1059,703,129,60,69,1891,1119,772,2018
------,Straftaten insgesamt,14511000,Chemnitz,insg.,3188,1886,1302,27,10,17,198,107,91,225,117,108,291,162,129,291,168,123,2170,1329,841,211,110,101,2381,1439,942,2018
------,Straftaten insgesamt,12052000,Cottbus,insg.,1818,1066,752,25,13,12,157,89,68,182,102,80,184,100,84,139,80,59,1214,724,490,99,60,39,1313,784,529,2018
------,Straftaten insgesamt,6411000,Darmstadt,insg.,1619,963,656,14,7,7,71,42,29,85,49,36,102,60,42,152,97,55,1201,704,497,79,53,26,1280,757,523,2018
------,Straftaten insgesamt,5913000,Dortmund,insg.,12631,7744,4887,80,47,33,616,349,267,696,396,300,944,505,439,1153,670,483,9179,5796,3383,659,377,282,9838,6173,3665,2018
------,Straftaten insgesamt,14612000,Dresden,insg.,6892,4475,2417,108,50,58,398,210,188,506,260,246,529,293,236,580,378,202,4930,3351,1579,347,193,154,5277,3544,1733,2018
------,Straftaten insgesamt,5112000,Duisburg,insg.,8174,4487,3687,90,43,47,470,281,189,560,324,236,641,347,294,645,309,336,5794,3224,2570,534,283,251,6328,3507,2821,2018
------,Straftaten insgesamt,5111000,D sseldorf,insg.,10531,6692,3839,53,29,24,380,198,182,433,227,206,655,356,299,972,627,345,7991,5222,2769,480,260,220,8471,5482,2989,2018
------,Straftaten insgesamt,16051000,Erfurt,insg.,4348,2755,1593,45,27,18,303,138,165,348,165,183,292,177,115,386,241,145,3082,2044,1038,240,128,112,3322,2172,1150,2018
------,Straftaten insgesamt,9562000,Erlangen,insg.,1078,630,448,6,2,4,53,22,31,59,24,35,94,51,43,151,94,57,717,431,286,57,30,27,774,461,313,2018
------,Straftaten insgesamt,5113000,Essen,insg.,7548,4203,3345,46,21,25,392,229,163,438,250,188,562,291,271,617,342,275,5486,3076,2410,445,244,201,5931,3320,2611,2018
------,Straftaten insgesamt,6412000,Frankfurt am Main,insg.,12233,7790,4443,115,76,39,362,210,152,477,286,191,541,300,241,838,506,332,9666,6262,3404,711,436,275,10377,6698,3679,2018
------,Straftaten insgesamt,8311000,Freiburg im Breisgau,insg.,4515,3076,1439,61,44,17,164,88,76,225,132,93,326,211,115,414,282,132,3340,2311,1029,210,140,70,3550,2451,1099,2018
------,Straftaten insgesamt,9563000,F rth,insg.,1006,573,433,16,8,8,88,41,47,104,49,55,84,44,40,64,38,26,703,411,292,51,31,20,754,442,312,2018
------,Straftaten insgesamt,5513000,Gelsenkirchen,insg.,4715,2554,2161,33,22,11,303,174,129,336,196,140,365,192,173,367,199,168,3337,1807,1530,310,160,150,3647,1967,1680,2018
------,Straftaten insgesamt,3159016,G ttingen,insg.,2246,1422,824,18,10,8,92,46,46,110,56,54,174,94,80,224,141,83,1610,1047,563,128,84,44,1738,1131,607,2018
------,Straftaten insgesamt,5914000,Hagen,insg.,3120,1722,1398,23,11,12,192,104,88,215,115,100,296,150,146,267,160,107,2170,1199,971,172,98,74,2342,1297,1045,2018
------,Straftaten insgesamt,15002000,Halle (Saale),insg.,5327,3266,2061,76,48,28,405,196,209,481,244,237,448,265,183,555,340,215,3611,2295,1316,232,122,110,3843,2417,1426,2018
------,Straftaten insgesamt,2000000,Hamburg,insg.,34105,20917,13188,233,132,101,1711,1035,676,1944,1167,777,2394,1316,1078,2684,1656,1028,25255,15742,9513,1828,1036,792,27083,16778,10305,2018
------,Straftaten insgesamt,5915000,Hamm,insg.,2537,1344,1193,17,11,6,159,88,71,176,99,77,265,141,124,217,111,106,1761,927,834,118,66,52,1879,993,886,2018
------,Straftaten insgesamt,3241001,Hannover,insg.,12181,7644,4537,125,68,57,484,253,231,609,321,288,790,437,353,1110,688,422,9091,5889,3202,581,309,272,9672,6198,3474,2018
------,Straftaten insgesamt,8221000,Heidelberg,insg.,2499,1629,870,24,13,11,78,48,30,102,61,41,124,65,59,266,179,87,1841,1225,616,166,99,67,2007,1324,683,2018
------,Straftaten insgesamt,8121000,Heilbronn,insg.,1663,993,670,21,15,6,62,33,29,83,48,35,105,51,54,176,122,54,1209,711,498,90,61,29,1299,772,527,2018
------,Straftaten insgesamt,5916000,Herne,insg.,2862,1557,1305,30,17,13,166,92,74,196,109,87,284,143,141,236,126,110,1986,1097,889,160,82,78,2146,1179,967,2018
------,Straftaten insgesamt,3254021,Hildesheim,insg.,2097,1191,906,18,13,5,92,58,34,110,71,39,161,83,78,204,128,76,1485,838,647,137,71,66,1622,909,713,2018
------,Straftaten insgesamt,9161000,Ingolstadt,insg.,2401,1604,797,25,15,10,136,64,72,161,79,82,140,93,47,249,180,69,1730,1182,548,121,70,51,1851,1252,599,2018
------,Straftaten insgesamt,16053000,Jena,insg.,1544,994,550,12,6,6,95,50,45,107,56,51,135,67,68,154,110,44,1070,715,355,78,46,32,1148,761,387,2018
------,Straftaten insgesamt,8212000,Karlsruhe,insg.,3665,2228,1437,31,22,9,163,79,84,194,101,93,236,120,116,346,211,135,2689,1684,1005,200,112,88,2889,1796,1093,2018
------,Straftaten insgesamt,6611000,Kassel,insg.,3063,1773,1290,33,17,16,155,79,76,188,96,92,189,77,112,288,172,116,2256,1345,911,142,83,59,2398,1428,970,2018
------,Straftaten insgesamt,1002000,Kiel,insg.,4363,2797,1566,29,13,16,175,95,80,204,108,96,332,203,129,456,281,175,3173,2086,1087,198,119,79,3371,2205,1166,2018
------,Straftaten insgesamt,7111000,Koblenz,insg.,2474,1603,871,27,15,12,99,57,42,126,72,54,202,118,84,245,163,82,1772,1173,599,129,77,52,1901,1250,651,2018
------,Straftaten insgesamt,5315000,K ln,insg.,24050,14276,9774,137,62,75,912,487,425,1049,549,500,1649,883,766,1905,1111,794,18178,10972,7206,1269,761,508,19447,11733,7714,2018
------,Straftaten insgesamt,5114000,Krefeld,insg.,3921,2154,1767,19,11,8,241,142,99,260,153,107,373,206,167,299,161,138,2746,1512,1234,243,122,121,2989,1634,1355,2018
------,Straftaten insgesamt,14713000,Leipzig,insg.,8993,5482,3511,96,48,48,499,230,269,595,278,317,634,356,278,670,396,274,6581,4186,2395,513,266,247,7094,4452,2642,2018
------,Straftaten insgesamt,5316000,Leverkusen,insg.,2931,1619,1312,27,16,11,150,81,69,177,97,80,250,129,121,225,129,96,2102,1157,945,177,107,70,2279,1264,1015,2018
------,Straftaten insgesamt,1003000,L beck,insg.,4668,2915,1753,33,22,11,209,98,111,242,120,122,381,206,175,383,249,134,3411,2190,1221,251,150,101,3662,2340,1322,2018
------,Straftaten insgesamt,7314000,Ludwigshafen am Rhein,insg.,3999,2306,1693,40,20,20,299,184,115,339,204,135,356,211,145,348,209,139,2706,1537,1169,250,145,105,2956,1682,1274,2018
------,Straftaten insgesamt,15003000,Magdeburg,insg.,4111,2456,1655,47,26,21,264,128,136,311,154,157,361,213,148,342,214,128,2838,1734,1104,259,141,118,3097,1875,1222,2018
------,Straftaten insgesamt,7315000,Mainz,insg.,3715,2426,1289,26,12,14,138,82,56,164,94,70,281,163,118,391,260,131,2702,1794,908,177,115,62,2879,1909,970,2018
------,Straftaten insgesamt,8222000,Mannheim,insg.,4982,3029,1953,45,30,15,211,115,96,256,145,111,309,156,153,433,244,189,3711,2321,1390,273,163,110,3984,2484,1500,2018
------,Straftaten insgesamt,5170024,Moers,insg.,1361,761,600,9,5,4,74,39,35,83,44,39,151,79,72,116,81,35,902,500,402,109,57,52,1011,557,454,2018
------,Straftaten insgesamt,5116000,M nchengladbach,insg.,3641,1978,1663,27,14,13,174,94,80,201,108,93,319,188,131,320,161,159,2583,1401,1182,218,120,98,2801,1521,1280,2018
------,Straftaten insgesamt,5117000,M lheim an der Ruhr,insg.,1761,885,876,17,9,8,129,75,54,146,84,62,127,68,59,141,71,70,1202,591,611,145,71,74,1347,662,685,2018
------,Straftaten insgesamt,9162000,M nchen,insg.,18023,11480,6543,185,90,95,704,402,302,889,492,397,912,524,388,1483,933,550,13696,8954,4742,1043,577,466,14739,9531,5208,2018
------,Straftaten insgesamt,5515000,M nster,insg.,4490,2716,1774,27,16,11,173,106,67,200,122,78,356,210,146,406,257,149,3288,1977,1311,240,150,90,3528,2127,1401,2018
------,Straftaten insgesamt,5162024,Neuss,insg.,2393,1340,1053,18,12,6,129,74,55,147,86,61,200,110,90,197,112,85,1709,956,753,140,76,64,1849,1032,817,2018
------,Straftaten insgesamt,9564000,N rnberg,insg.,8332,5224,3108,62,30,32,401,193,208,463,223,240,613,342,271,798,517,281,6033,3900,2133,425,242,183,6458,4142,2316,2018
------,Straftaten insgesamt,5119000,Oberhausen,insg.,3145,1752,1393,26,15,11,144,90,54,170,105,65,297,167,130,282,163,119,2214,1215,999,182,102,80,2396,1317,1079,2018
------,Straftaten insgesamt,6413000,Offenbach am Main,insg.,1565,849,716,16,10,6,69,32,37,85,42,43,112,62,50,88,38,50,1180,642,538,100,65,35,1280,707,573,2018
------,Straftaten insgesamt,3403000,Oldenburg (Oldenburg),insg.,2329,1385,944,20,10,10,104,55,49,124,65,59,179,106,73,294,180,114,1610,960,650,122,74,48,1732,1034,698,2018
------,Straftaten insgesamt,3404000,Osnabr ck,insg.,2996,1837,1159,26,11,15,128,61,67,154,72,82,224,118,106,317,182,135,2148,1381,767,153,84,69,2301,1465,836,2018
------,Straftaten insgesamt,5774032,Paderborn,insg.,2122,1287,835,19,8,11,96,53,43,115,61,54,139,66,73,210,152,58,1554,947,607,104,61,43,1658,1008,650,2018
------,Straftaten insgesamt,8231000,Pforzheim,insg.,1783,1078,705,16,8,8,104,64,40,120,72,48,120,71,49,184,115,69,1268,769,499,91,51,40,1359,820,539,2018
------,Straftaten insgesamt,12054000,Potsdam,insg.,2438,1429,1009,30,21,9,225,126,99,255,147,108,198,121,77,212,125,87,1645,967,678,128,69,59,1773,1036,737,2018
------,Straftaten insgesamt,5562032,Recklinghausen,insg.,2388,1387,1001,15,9,6,106,64,42,121,73,48,197,97,100,204,125,79,1731,1006,725,135,86,49,1866,1092,774,2018
------,Straftaten insgesamt,9362000,Regensburg,insg.,2347,1565,782,17,8,9,70,42,28,87,50,37,145,90,55,252,161,91,1761,1208,553,102,56,46,1863,1264,599,2018
------,Straftaten insgesamt,5120000,Remscheid,insg.,1737,968,769,12,3,9,107,73,34,119,76,43,161,99,62,168,88,80,1194,651,543,95,54,41,1289,705,584,2018
------,Straftaten insgesamt,8415061,Reutlingen,insg.,1552,922,630,15,11,4,76,47,29,91,58,33,144,77,67,212,141,71,1025,598,427,80,48,32,1105,646,459,2018
------,Straftaten insgesamt,13003000,Rostock,insg.,3242,2041,1201,34,13,21,300,165,135,334,178,156,316,190,126,260,168,92,2162,1406,756,170,99,71,2332,1505,827,2018
------,Straftaten insgesamt,10041100,Saarbr cken,insg.,4885,3077,1808,36,17,19,252,157,95,288,174,114,375,227,148,436,279,157,3490,2224,1266,296,173,123,3786,2397,1389,2018
------,Straftaten insgesamt,3102000,Salzgitter,insg.,1404,781,623,19,10,9,104,60,44,123,70,53,165,82,83,126,75,51,898,502,396,92,52,40,990,554,436,2018
------,Straftaten insgesamt,13004000,Schwerin,insg.,1996,1266,730,26,18,8,142,82,60,168,100,68,184,118,66,164,109,55,1353,867,486,127,72,55,1480,939,541,2018
------,Straftaten insgesamt,5970040,Siegen,insg.,2073,1228,845,10,4,6,65,43,22,75,47,28,182,107,75,213,131,82,1489,869,620,114,74,40,1603,943,660,2018
------,Straftaten insgesamt,5122000,Solingen,insg.,1823,967,856,19,10,9,113,75,38,132,85,47,191,108,83,145,74,71,1237,635,602,118,65,53,1355,700,655,2018
------,Straftaten insgesamt,8111000,Stuttgart,insg.,12092,8125,3967,93,57,36,497,266,231,590,323,267,711,399,312,1068,745,323,9233,6355,2878,490,303,187,9723,6658,3065,2018
------,Straftaten insgesamt,7211000,Trier,insg.,1987,1233,754,10,9,1,78,40,38,88,49,39,169,92,77,230,141,89,1396,890,506,104,61,43,1500,951,549,2018
------,Straftaten insgesamt,8421000,Ulm,insg.,1771,1158,613,22,15,7,80,40,40,102,55,47,110,66,44,163,115,48,1305,877,428,91,45,46,1396,922,474,2018
------,Straftaten insgesamt,6414000,Wiesbaden,insg.,4425,2482,1943,45,27,18,215,101,114,260,128,132,382,226,156,418,242,176,3093,1741,1352,272,145,127,3365,1886,1479,2018
------,Straftaten insgesamt,3103000,Wolfsburg,insg.,1487,885,602,18,9,9,71,37,34,89,46,43,99,58,41,127,74,53,1082,654,428,90,53,37,1172,707,465,2018
------,Straftaten insgesamt,5124000,Wuppertal,insg.,7224,4165,3059,70,46,24,466,258,208,536,304,232,582,316,266,683,391,292,5054,2954,2100,369,200,169,5423,3154,2269,2018
------,Straftaten insgesamt,9663000,W rzburg,insg.,1943,1286,657,8,5,3,61,44,17,69,49,20,173,109,64,251,173,78,1355,907,448,95,48,47,1450,955,495,2018
111000,"Vergewaltigung, sexuelle N tigung und sexueller  bergriff im besonders schweren Fall einschl. mit Todesfolge    177, 178 StGB",5334002,Aachen,voll.,38,2,36,0,0,0,0,0,0,0,0,0,9,0,9,4,0,4,24,2,22,1,0,1,25,2,23,2018
111000,"Vergewaltigung, sexuelle N tigung und sexueller  bergriff im besonders schweren Fall einschl. mit Todesfolge    177, 178 StGB",9761000,Augsburg,voll.,33,4,29,0,0,0,0,0,0,0,0,0,7,0,7,6,1,5,20,3,17,0,0,0,20,3,17,2018
111000,"Vergewaltigung, sexuelle N tigung und sexueller  bergriff im besonders schweren Fall einschl. mit Todesfolge    177, 178 StGB",5378004,Bergisch Gladbach,voll.,6,0,6,0,0,0,0,0,0,0,0,0,2,0,2,0,0,0,4,0,4,0,0,0,4,0,4,2018
111000,"Vergewaltigung, sexuelle N tigung und sexueller  bergriff im besonders schweren Fall einschl. mit Todesfolge    177, 178 StGB",11000000,Berlin,voll.,686,61,625,0,0,0,10,3,7,10,3,7,125,3,122,103,11,92,440,44,396,8,0,8,448,44,404,2018
111000,"Vergewaltigung, sexuelle N tigung und sexueller  bergriff im besonders schweren Fall einschl. mit Todesfolge    177, 178 StGB",5711000,Bielefeld,voll.,39,1,38,0,0,0,0,0,0,0,0,0,7,1,6,9,0,9,21,0,21,2,0,2,23,0,23,2018
111000,"Vergewaltigung, sexuelle N tigung und sexueller  bergriff im besonders schweren Fall einschl. mit Todesfolge    177, 178 StGB",5911000,Bochum,voll.,41,2,39,0,0,0,2,0,2,2,0,2,7,1,6,5,0,5,27,1,26,0,0,0,27,1,26,2018
111000,"Vergewaltigung, sexuelle N tigung und sexueller  bergriff im besonders schweren Fall einschl. mit Todesfolge    177, 178 StGB",5314000,Bonn,voll.,46,2,44,0,0,0,3,1,2,3,1,2,5,0,5,6,0,6,31,1,30,1,0,1,32,1,31,2018
111000,"Vergewaltigung, sexuelle N tigung und sexueller  bergriff im besonders schweren Fall einschl. mit Todesfolge    177, 178 StGB",5512000,Bottrop,voll.,14,1,13,0,0,0,0,0,0,0,0,0,3,0,3,3,0,3,8,1,7,0,0,0,8,1,7,2018
111000,"Vergewaltigung, sexuelle N tigung und sexueller  bergriff im besonders schweren Fall einschl. mit Todesfolge    177, 178 StGB",3101000,Braunschweig,voll.,34,1,33,0,0,0,1,1,0,1,1,0,8,0,8,11,0,11,14,0,14,0,0,0,14,0,14,2018
111000,"Vergewaltigung, sexuelle N tigung und sexueller  bergriff im besonders schweren Fall einschl. mit Todesfolge    177, 178 StGB",4011000,Bremen,voll.,117,5,112,1,0,1,1,0,1,2,0,2,22,0,22,20,0,20,73,5,68,0,0,0,73,5,68,2018
111000,"Vergewaltigung, sexuelle N tigung und sexueller  bergriff im besonders schweren Fall einschl. mit Todesfolge    177, 178 StGB",4012000,Bremerhaven,voll.,17,0,17,0,0,0,0,0,0,0,0,0,3,0,3,1,0,1,13,0,13,0,0,0,13,0,13,2018
111000,"Vergewaltigung, sexuelle N tigung und sexueller  bergriff im besonders schweren Fall einschl. mit Todesfolge    177, 178 StGB",14511000,Chemnitz,voll.,28,1,27,0,0,0,0,0,0,0,0,0,5,0,5,3,0,3,18,1,17,2,0,2,20,1,19,2018
111000,"Vergewaltigung, sexuelle N tigung und sexueller  bergriff im besonders schweren Fall einschl. mit Todesfolge    177, 178 StGB",12052000,Cottbus,voll.,24,2,22,0,0,0,0,0,0,0,0,0,9,2,7,3,0,3,11,0,11,1,0,1,12,0,12,2018
111000,"Vergewaltigung, sexuelle N tigung und sexueller  bergriff im besonders schweren Fall einschl. mit Todesfolge    177, 178 StGB",6411000,Darmstadt,voll.,13,1,12,0,0,0,0,0,0,0,0,0,1,0,1,3,0,3,9,1,8,0,0,0,9,1,8,2018
111000,"Vergewaltigung, sexuelle N tigung und sexueller  bergriff im besonders schweren Fall einschl. mit Todesfolge    177, 178 StGB",5913000,Dortmund,voll.,101,4,97,0,0,0,1,0,1,1,0,1,16,0,16,21,1,20,62,3,59,1,0,1,63,3,60,2018
111000,"Vergewaltigung, sexuelle N tigung und sexueller  bergriff im besonders schweren Fall einschl. mit Todesfolge    177, 178 StGB",14612000,Dresden,voll.,36,1,35,0,0,0,0,0,0,0,0,0,14,0,14,5,0,5,15,1,14,2,0,2,17,1,16,2018
111000,"Vergewaltigung, sexuelle N tigung und sexueller  bergriff im besonders schweren Fall einschl. mit Todesfolge    177, 178 StGB",5112000,Duisburg,voll.,65,3,62,0,0,0,2,0,2,2,0,2,18,1,17,15,1,14,30,1,29,0,0,0,30,1,29,2018
111000,"Vergewaltigung, sexuelle N tigung und sexueller  bergriff im besonders schweren Fall einschl. mit Todesfolge    177, 178 StGB",5111000,D sseldorf,voll.,75,2,73,0,0,0,1,0,1,1,0,1,11,0,11,13,0,13,49,2,47,1,0,1,50,2,48,2018
111000,"Vergewaltigung, sexuelle N tigung und sexueller  bergriff im besonders schweren Fall einschl. mit Todesfolge    177, 178 StGB",16051000,Erfurt,voll.,37,4,33,0,0,0,0,0,0,0,0,0,9,2,7,8,0,8,18,2,16,2,0,2,20,2,18,2018
111000,"Vergewaltigung, sexuelle N tigung und sexueller  bergriff im besonders schweren Fall einschl. mit Todesfolge    177, 178 StGB",9562000,Erlangen,voll.,18,1,17,0,0,0,0,0,0,0,0,0,2,0,2,5,0,5,11,1,10,0,0,0,11,1,10,2018
111000,"Vergewaltigung, sexuelle N tigung und sexueller  bergriff im besonders schweren Fall einschl. mit Todesfolge    177, 178 StGB",5113000,Essen,voll.,91,3,88,0,0,0,3,0,3,3,0,3,24,1,23,16,0,16,48,2,46,0,0,0,48,2,46,2018
111000,"Vergewaltigung, sexuelle N tigung und sexueller  bergriff im besonders schweren Fall einschl. mit Todesfolge    177, 178 StGB",6412000,Frankfurt am Main,voll.,90,3,87,0,0,0,0,0,0,0,0,0,17,0,17,7,1,6,65,2,63,1,0,1,66,2,64,2018
111000,"Vergewaltigung, sexuelle N tigung und sexueller  bergriff im besonders schweren Fall einschl. mit Todesfolge    177, 178 StGB",8311000,Freiburg im Breisgau,voll.,17,0,17,0,0,0,0,0,0,0,0,0,3,0,3,5,0,5,9,0,9,0,0,0,9,0,9,2018
111000,"Vergewaltigung, sexuelle N tigung und sexueller  bergriff im besonders schweren Fall einschl. mit Todesfolge    177, 178 StGB",9563000,F rth,voll.,14,0,14,0,0,0,0,0,0,0,0,0,4,0,4,1,0,1,9,0,9,0,0,0,9,0,9,2018
111000,"Vergewaltigung, sexuelle N tigung und sexueller  bergriff im besonders schweren Fall einschl. mit Todesfolge    177, 178 StGB",5513000,Gelsenkirchen,voll.,27,3,24,0,0,0,0,0,0,0,0,0,6,0,6,4,1,3,17,2,15,0,0,0,17,2,15,2018
111000,"Vergewaltigung, sexuelle N tigung und sexueller  bergriff im besonders schweren Fall einschl. mit Todesfolge    177, 178 StGB",3159016,G ttingen,voll.,15,0,15,0,0,0,1,0,1,1,0,1,3,0,3,2,0,2,9,0,9,0,0,0,9,0,9,2018
111000,"Vergewaltigung, sexuelle N tigung und sexueller  bergriff im besonders schweren Fall einschl. mit Todesfolge    177, 178 StGB",5914000,Hagen,voll.,30,1,29,0,0,0,1,0,1,1,0,1,12,0,12,7,1,6,10,0,10,0,0,0,10,0,10,2018
111000,"Vergewaltigung, sexuelle N tigung und sexueller  bergriff im besonders schweren Fall einschl. mit Todesfolge    177, 178 StGB",15002000,Halle (Saale),voll.,40,1,39,0,0,0,0,0,0,0,0,0,5,0,5,7,0,7,28,1,27,0,0,0,28,1,27,2018
111000,"Vergewaltigung, sexuelle N tigung und sexueller  bergriff im besonders schweren Fall einschl. mit Todesfolge    177, 178 StGB",2000000,Hamburg,voll.,179,12,167,1,1,0,2,0,2,3,1,2,32,4,28,31,3,28,111,4,107,2,0,2,113,4,109,2018
111000,"Vergewaltigung, sexuelle N tigung und sexueller  bergriff im besonders schweren Fall einschl. mit Todesfolge    177, 178 StGB",5915000,Hamm,voll.,20,1,19,0,0,0,0,0,0,0,0,0,9,0,9,4,0,4,7,1,6,0,0,0,7,1,6,2018
111000,"Vergewaltigung, sexuelle N tigung und sexueller  bergriff im besonders schweren Fall einschl. mit Todesfolge    177, 178 StGB",3241001,Hannover,voll.,124,11,113,0,0,0,1,1,0,1,1,0,23,0,23,27,0,27,66,10,56,7,0,7,73,10,63,2018
111000,"Vergewaltigung, sexuelle N tigung und sexueller  bergriff im besonders schweren Fall einschl. mit Todesfolge    177, 178 StGB",8221000,Heidelberg,voll.,10,0,10,0,0,0,0,0,0,0,0,0,3,0,3,2,0,2,5,0,5,0,0,0,5,0,5,2018
111000,"Vergewaltigung, sexuelle N tigung und sexueller  bergriff im besonders schweren Fall einschl. mit Todesfolge    177, 178 StGB",8121000,Heilbronn,voll.,16,1,15,0,0,0,1,0,1,1,0,1,5,0,5,2,0,2,8,1,7,0,0,0,8,1,7,2018
111000,"Vergewaltigung, sexuelle N tigung und sexueller  bergriff im besonders schweren Fall einschl. mit Todesfolge    177, 178 StGB",5916000,Herne,voll.,18,2,16,0,0,0,1,0,1,1,0,1,2,0,2,1,0,1,13,2,11,1,0,1,14,2,12,2018
111000,"Vergewaltigung, sexuelle N tigung und sexueller  bergriff im besonders schweren Fall einschl. mit Todesfolge    177, 178 StGB",3254021,Hildesheim,voll.,15,1,14,0,0,0,1,1,0,1,1,0,1,0,1,2,0,2,11,0,11,0,0,0,11,0,11,2018
111000,"Vergewaltigung, sexuelle N tigung und sexueller  bergriff im besonders schweren Fall einschl. mit Todesfolge    177, 178 StGB",9161000,Ingolstadt,voll.,20,1,19,0,0,0,0,0,0,0,0,0,4,0,4,4,0,4,12,1,11,0,0,0,12,1,11,2018
111000,"Vergewaltigung, sexuelle N tigung und sexueller  bergriff im besonders schweren Fall einschl. mit Todesfolge    177, 178 StGB",16053000,Jena,voll.,9,0,9,0,0,0,0,0,0,0,0,0,2,0,2,1,0,1,6,0,6,0,0,0,6,0,6,2018
111000,"Vergewaltigung, sexuelle N tigung und sexueller  bergriff im besonders schweren Fall einschl. mit Todesfolge    177, 178 StGB",8212000,Karlsruhe,voll.,35,0,35,0,0,0,0,0,0,0,0,0,8,0,8,3,0,3,24,0,24,0,0,0,24,0,24,2018
111000,"Vergewaltigung, sexuelle N tigung und sexueller  bergriff im besonders schweren Fall einschl. mit Todesfolge    177, 178 StGB",6611000,Kassel,voll.,37,0,37,0,0,0,0,0,0,0,0,0,12,0,12,5,0,5,20,0,20,0,0,0,20,0,20,2018
111000,"Vergewaltigung, sexuelle N tigung und sexueller  bergriff im besonders schweren Fall einschl. mit Todesfolge    177, 178 StGB",1002000,Kiel,voll.,39,0,39,0,0,0,0,0,0,0,0,0,10,0,10,7,0,7,22,0,22,0,0,0,22,0,22,2018
111000,"Vergewaltigung, sexuelle N tigung und sexueller  bergriff im besonders schweren Fall einschl. mit Todesfolge    177, 178 StGB",7111000,Koblenz,voll.,13,2,11,0,0,0,0,0,0,0,0,0,3,1,2,4,1,3,5,0,5,1,0,1,6,0,6,2018
111000,"Vergewaltigung, sexuelle N tigung und sexueller  bergriff im besonders schweren Fall einschl. mit Todesfolge    177, 178 StGB",5315000,K ln,voll.,209,11,198,0,0,0,1,0,1,1,0,1,46,2,44,39,3,36,121,6,115,2,0,2,123,6,117,2018
111000,"Vergewaltigung, sexuelle N tigung und sexueller  bergriff im besonders schweren Fall einschl. mit Todesfolge    177, 178 StGB",5114000,Krefeld,voll.,22,0,22,0,0,0,1,0,1,1,0,1,5,0,5,2,0,2,13,0,13,1,0,1,14,0,14,2018
111000,"Vergewaltigung, sexuelle N tigung und sexueller  bergriff im besonders schweren Fall einschl. mit Todesfolge    177, 178 StGB",14713000,Leipzig,voll.,33,4,29,0,0,0,0,0,0,0,0,0,7,0,7,5,1,4,21,3,18,0,0,0,21,3,18,2018
111000,"Vergewaltigung, sexuelle N tigung und sexueller  bergriff im besonders schweren Fall einschl. mit Todesfolge    177, 178 StGB",5316000,Leverkusen,voll.,25,1,24,0,0,0,2,0,2,2,0,2,5,0,5,3,0,3,15,1,14,0,0,0,15,1,14,2018
111000,"Vergewaltigung, sexuelle N tigung und sexueller  bergriff im besonders schweren Fall einschl. mit Todesfolge    177, 178 StGB",1003000,L beck,voll.,38,0,38,0,0,0,0,0,0,0,0,0,19,0,19,2,0,2,17,0,17,0,0,0,17,0,17,2018
111000,"Vergewaltigung, sexuelle N tigung und sexueller  bergriff im besonders schweren Fall einschl. mit Todesfolge    177, 178 StGB",7314000,Ludwigshafen am Rhein,voll.,36,1,35,0,0,0,0,0,0,0,0,0,3,0,3,5,0,5,28,1,27,0,0,0,28,1,27,2018
111000,"Vergewaltigung, sexuelle N tigung und sexueller  bergriff im besonders schweren Fall einschl. mit Todesfolge    177, 178 StGB",15003000,Magdeburg,voll.,36,3,33,0,0,0,1,0,1,1,0,1,9,1,8,5,0,5,21,2,19,0,0,0,21,2,19,2018
111000,"Vergewaltigung, sexuelle N tigung und sexueller  bergriff im besonders schweren Fall einschl. mit Todesfolge    177, 178 StGB",7315000,Mainz,voll.,38,4,34,0,0,0,0,0,0,0,0,0,7,1,6,6,1,5,25,2,23,0,0,0,25,2,23,2018
111000,"Vergewaltigung, sexuelle N tigung und sexueller  bergriff im besonders schweren Fall einschl. mit Todesfolge    177, 178 StGB",8222000,Mannheim,voll.,41,0,41,0,0,0,0,0,0,0,0,0,9,0,9,6,0,6,26,0,26,0,0,0,26,0,26,2018
111000,"Vergewaltigung, sexuelle N tigung und sexueller  bergriff im besonders schweren Fall einschl. mit Todesfolge    177, 178 StGB",5170024,Moers,voll.,7,0,7,0,0,0,0,0,0,0,0,0,2,0,2,0,0,0,5,0,5,0,0,0,5,0,5,2018
111000,"Vergewaltigung, sexuelle N tigung und sexueller  bergriff im besonders schweren Fall einschl. mit Todesfolge    177, 178 StGB",5116000,M nchengladbach,voll.,36,2,34,0,0,0,0,0,0,0,0,0,11,0,11,5,0,5,20,2,18,0,0,0,20,2,18,2018
111000,"Vergewaltigung, sexuelle N tigung und sexueller  bergriff im besonders schweren Fall einschl. mit Todesfolge    177, 178 StGB",5117000,M lheim an der Ruhr,voll.,15,0,15,0,0,0,1,0,1,1,0,1,5,0,5,1,0,1,8,0,8,0,0,0,8,0,8,2018
111000,"Vergewaltigung, sexuelle N tigung und sexueller  bergriff im besonders schweren Fall einschl. mit Todesfolge    177, 178 StGB",9162000,M nchen,voll.,209,6,203,0,0,0,2,0,2,2,0,2,26,0,26,39,0,39,139,6,133,3,0,3,142,6,136,2018
111000,"Vergewaltigung, sexuelle N tigung und sexueller  bergriff im besonders schweren Fall einschl. mit Todesfolge    177, 178 StGB",5515000,M nster,voll.,31,1,30,0,0,0,0,0,0,0,0,0,7,0,7,8,0,8,16,1,15,0,0,0,16,1,15,2018
111000,"Vergewaltigung, sexuelle N tigung und sexueller  bergriff im besonders schweren Fall einschl. mit Todesfolge    177, 178 StGB",5162024,Neuss,voll.,12,1,11,0,0,0,1,0,1,1,0,1,3,1,2,1,0,1,7,0,7,0,0,0,7,0,7,2018
111000,"Vergewaltigung, sexuelle N tigung und sexueller  bergriff im besonders schweren Fall einschl. mit Todesfolge    177, 178 StGB",9564000,N rnberg,voll.,79,3,76,0,0,0,2,0,2,2,0,2,20,0,20,13,1,12,41,2,39,3,0,3,44,2,42,2018
111000,"Vergewaltigung, sexuelle N tigung und sexueller  bergriff im besonders schweren Fall einschl. mit Todesfolge    177, 178 StGB",5119000,Oberhausen,voll.,16,0,16,0,0,0,0,0,0,0,0,0,9,0,9,2,0,2,5,0,5,0,0,0,5,0,5,2018
111000,"Vergewaltigung, sexuelle N tigung und sexueller  bergriff im besonders schweren Fall einschl. mit Todesfolge    177, 178 StGB",6413000,Offenbach am Main,voll.,15,0,15,0,0,0,1,0,1,1,0,1,5,0,5,1,0,1,8,0,8,0,0,0,8,0,8,2018
111000,"Vergewaltigung, sexuelle N tigung und sexueller  bergriff im besonders schweren Fall einschl. mit Todesfolge    177, 178 StGB",3403000,Oldenburg (Oldenburg),voll.,31,2,29,0,0,0,0,0,0,0,0,0,8,1,7,7,1,6,16,0,16,0,0,0,16,0,16,2018
111000,"Vergewaltigung, sexuelle N tigung und sexueller  bergriff im besonders schweren Fall einschl. mit Todesfolge    177, 178 StGB",3404000,Osnabr ck,voll.,32,2,30,1,0,1,0,0,0,1,0,1,4,0,4,6,0,6,21,2,19,0,0,0,21,2,19,2018
111000,"Vergewaltigung, sexuelle N tigung und sexueller  bergriff im besonders schweren Fall einschl. mit Todesfolge    177, 178 StGB",5774032,Paderborn,voll.,19,0,19,0,0,0,0,0,0,0,0,0,3,0,3,4,0,4,12,0,12,0,0,0,12,0,12,2018
111000,"Vergewaltigung, sexuelle N tigung und sexueller  bergriff im besonders schweren Fall einschl. mit Todesfolge    177, 178 StGB",8231000,Pforzheim,voll.,10,1,9,0,0,0,0,0,0,0,0,0,1,0,1,2,0,2,7,1,6,0,0,0,7,1,6,2018
111000,"Vergewaltigung, sexuelle N tigung und sexueller  bergriff im besonders schweren Fall einschl. mit Todesfolge    177, 178 StGB",12054000,Potsdam,voll.,15,0,15,0,0,0,0,0,0,0,0,0,2,0,2,3,0,3,9,0,9,1,0,1,10,0,10,2018
111000,"Vergewaltigung, sexuelle N tigung und sexueller  bergriff im besonders schweren Fall einschl. mit Todesfolge    177, 178 StGB",5562032,Recklinghausen,voll.,15,0,15,0,0,0,1,0,1,1,0,1,3,0,3,1,0,1,10,0,10,0,0,0,10,0,10,2018
111000,"Vergewaltigung, sexuelle N tigung und sexueller  bergriff im besonders schweren Fall einschl. mit Todesfolge    177, 178 StGB",9362000,Regensburg,voll.,23,0,23,0,0,0,0,0,0,0,0,0,3,0,3,3,0,3,15,0,15,2,0,2,17,0,17,2018
111000,"Vergewaltigung, sexuelle N tigung und sexueller  bergriff im besonders schweren Fall einschl. mit Todesfolge    177, 178 StGB",5120000,Remscheid,voll.,16,0,16,0,0,0,1,0,1,1,0,1,4,0,4,1,0,1,10,0,10,0,0,0,10,0,10,2018
111000,"Vergewaltigung, sexuelle N tigung und sexueller  bergriff im besonders schweren Fall einschl. mit Todesfolge    177, 178 StGB",8415061,Reutlingen,voll.,12,0,12,0,0,0,0,0,0,0,0,0,3,0,3,3,0,3,6,0,6,0,0,0,6,0,6,2018
111000,"Vergewaltigung, sexuelle N tigung und sexueller  bergriff im besonders schweren Fall einschl. mit Todesfolge    177, 178 StGB",13003000,Rostock,voll.,19,1,18,0,0,0,0,0,0,0,0,0,9,1,8,4,0,4,6,0,6,0,0,0,6,0,6,2018
111000,"Vergewaltigung, sexuelle N tigung und sexueller  bergriff im besonders schweren Fall einschl. mit Todesfolge    177, 178 StGB",10041100,Saarbr cken,voll.,27,0,27,0,0,0,0,0,0,0,0,0,3,0,3,7,0,7,17,0,17,0,0,0,17,0,17,2018
111000,"Vergewaltigung, sexuelle N tigung und sexueller  bergriff im besonders schweren Fall einschl. mit Todesfolge    177, 178 StGB",3102000,Salzgitter,voll.,14,1,13,0,0,0,0,0,0,0,0,0,5,1,4,1,0,1,8,0,8,0,0,0,8,0,8,2018
111000,"Vergewaltigung, sexuelle N tigung und sexueller  bergriff im besonders schweren Fall einschl. mit Todesfolge    177, 178 StGB",13004000,Schwerin,voll.,11,0,11,0,0,0,0,0,0,0,0,0,0,0,0,4,0,4,7,0,7,0,0,0,7,0,7,2018
111000,"Vergewaltigung, sexuelle N tigung und sexueller  bergriff im besonders schweren Fall einschl. mit Todesfolge    177, 178 StGB",5970040,Siegen,voll.,8,0,8,0,0,0,0,0,0,0,0,0,2,0,2,3,0,3,3,0,3,0,0,0,3,0,3,2018
111000,"Vergewaltigung, sexuelle N tigung und sexueller  bergriff im besonders schweren Fall einschl. mit Todesfolge    177, 178 StGB",5122000,Solingen,voll.,12,1,11,0,0,0,1,0,1,1,0,1,2,0,2,1,0,1,7,1,6,1,0,1,8,1,7,2018
111000,"Vergewaltigung, sexuelle N tigung und sexueller  bergriff im besonders schweren Fall einschl. mit Todesfolge    177, 178 StGB",8111000,Stuttgart,voll.,118,3,115,0,0,0,0,0,0,0,0,0,21,0,21,13,0,13,83,3,80,1,0,1,84,3,81,2018
111000,"Vergewaltigung, sexuelle N tigung und sexueller  bergriff im besonders schweren Fall einschl. mit Todesfolge    177, 178 StGB",7211000,Trier,voll.,13,0,13,0,0,0,0,0,0,0,0,0,3,0,3,3,0,3,7,0,7,0,0,0,7,0,7,2018
111000,"Vergewaltigung, sexuelle N tigung und sexueller  bergriff im besonders schweren Fall einschl. mit Todesfolge    177, 178 StGB",8421000,Ulm,voll.,9,0,9,0,0,0,0,0,0,0,0,0,2,0,2,2,0,2,5,0,5,0,0,0,5,0,5,2018
111000,"Vergewaltigung, sexuelle N tigung und sexueller  bergriff im besonders schweren Fall einschl. mit Todesfolge    177, 178 StGB",6414000,Wiesbaden,voll.,41,2,39,0,0,0,1,0,1,1,0,1,10,0,10,5,1,4,24,1,23,1,0,1,25,1,24,2018
111000,"Vergewaltigung, sexuelle N tigung und sexueller  bergriff im besonders schweren Fall einschl. mit Todesfolge    177, 178 StGB",3103000,Wolfsburg,voll.,9,0,9,0,0,0,0,0,0,0,0,0,5,0,5,1,0,1,3,0,3,0,0,0,3,0,3,2018
111000,"Vergewaltigung, sexuelle N tigung und sexueller  bergriff im besonders schweren Fall einschl. mit Todesfolge    177, 178 StGB",5124000,Wuppertal,voll.,51,4,47,0,0,0,1,1,0,1,1,0,12,1,11,13,1,12,25,1,24,0,0,0,25,1,24,2018
111000,"Vergewaltigung, sexuelle N tigung und sexueller  bergriff im besonders schweren Fall einschl. mit Todesfolge    177, 178 StGB",9663000,W rzburg,voll.,26,1,25,0,0,0,0,0,0,0,0,0,5,0,5,5,0,5,14,1,13,2,0,2,16,1,15,2018
111000,"Vergewaltigung, sexuelle N tigung und sexueller  bergriff im besonders schweren Fall einschl. mit Todesfolge    177, 178 StGB",5334002,Aachen,vers.,8,0,8,0,0,0,0,0,0,0,0,0,0,0,0,1,0,1,7,0,7,0,0,0,7,0,7,2018
111000,"Vergewaltigung, sexuelle N tigung und sexueller  bergriff im besonders schweren Fall einschl. mit Todesfolge    177, 178 StGB",9761000,Augsburg,vers.,6,0,6,0,0,0,0,0,0,0,0,0,1,0,1,1,0,1,4,0,4,0,0,0,4,0,4,2018
111000,"Vergewaltigung, sexuelle N tigung und sexueller  bergriff im besonders schweren Fall einschl. mit Todesfolge    177, 178 StGB",5378004,Bergisch Gladbach,vers.,2,0,2,0,0,0,0,0,0,0,0,0,0,0,0,0,0,0,2,0,2,0,0,0,2,0,2,2018
111000,"Vergewaltigung, sexuelle N tigung und sexueller  bergriff im besonders schweren Fall einschl. mit Todesfolge    177, 178 StGB",11000000,Berlin,vers.,86,10,76,0,0,0,0,0,0,0,0,0,12,2,10,8,2,6,64,6,58,2,0,2,66,6,60,2018
111000,"Vergewaltigung, sexuelle N tigung und sexueller  bergriff im besonders schweren Fall einschl. mit Todesfolge    177, 178 StGB",5711000,Bielefeld,vers.,5,0,5,0,0,0,0,0,0,0,0,0,0,0,0,1,0,1,3,0,3,1,0,1,4,0,4,2018
111000,"Vergewaltigung, sexuelle N tigung und sexueller  bergriff im besonders schweren Fall einschl. mit Todesfolge    177, 178 StGB",5911000,Bochum,vers.,4,0,4,0,0,0,1,0,1,1,0,1,0,0,0,1,0,1,1,0,1,1,0,1,2,0,2,2018
111000,"Vergewaltigung, sexuelle N tigung und sexueller  bergriff im besonders schweren Fall einschl. mit Todesfolge    177, 178 StGB",5314000,Bonn,vers.,7,1,6,0,0,0,0,0,0,0,0,0,2,0,2,0,0,0,5,1,4,0,0,0,5,1,4,2018
111000,"Vergewaltigung, sexuelle N tigung und sexueller  bergriff im besonders schweren Fall einschl. mit Todesfolge    177, 178 StGB",5512000,Bottrop,vers.,3,0,3,0,0,0,1,0,1,1,0,1,1,0,1,0,0,0,1,0,1,0,0,0,1,0,1,2018
111000,"Vergewaltigung, sexuelle N tigung und sexueller  bergriff im besonders schweren Fall einschl. mit Todesfolge    177, 178 StGB",3101000,Braunschweig,vers.,5,0,5,0,0,0,0,0,0,0,0,0,3,0,3,0,0,0,2,0,2,0,0,0,2,0,2,2018
111000,"Vergewaltigung, sexuelle N tigung und sexueller  bergriff im besonders schweren Fall einschl. mit Todesfolge    177, 178 StGB",4011000,Bremen,vers.,10,0,10,0,0,0,0,0,0,0,0,0,2,0,2,0,0,0,8,0,8,0,0,0,8,0,8,2018
111000,"Vergewaltigung, sexuelle N tigung und sexueller  bergriff im besonders schweren Fall einschl. mit Todesfolge    177, 178 StGB",4012000,Bremerhaven,vers.,4,0,4,0,0,0,0,0,0,0,0,0,0,0,0,2,0,2,2,0,2,0,0,0,2,0,2,2018
111000,"Vergewaltigung, sexuelle N tigung und sexueller  bergriff im besonders schweren Fall einschl. mit Todesfolge    177, 178 StGB",14511000,Chemnitz,vers.,0,0,0,0,0,0,0,0,0,0,0,0,0,0,0,0,0,0,0,0,0,0,0,0,0,0,0,2018
111000,"Vergewaltigung, sexuelle N tigung und sexueller  bergriff im besonders schweren Fall einschl. mit Todesfolge    177, 178 StGB",12052000,Cottbus,vers.,2,0,2,0,0,0,0,0,0,0,0,0,0,0,0,1,0,1,1,0,1,0,0,0,1,0,1,2018
111000,"Vergewaltigung, sexuelle N tigung und sexueller  bergriff im besonders schweren Fall einschl. mit Todesfolge    177, 178 StGB",6411000,Darmstadt,vers.,1,0,1,0,0,0,0,0,0,0,0,0,0,0,0,0,0,0,1,0,1,0,0,0,1,0,1,2018
111000,"Vergewaltigung, sexuelle N tigung und sexueller  bergriff im besonders schweren Fall einschl. mit Todesfolge    177, 178 StGB",5913000,Dortmund,vers.,16,1,15,0,0,0,0,0,0,0,0,0,0,0,0,4,1,3,12,0,12,0,0,0,12,0,12,2018
111000,"Vergewaltigung, sexuelle N tigung und sexueller  bergriff im besonders schweren Fall einschl. mit Todesfolge    177, 178 StGB",14612000,Dresden,vers.,3,0,3,0,0,0,0,0,0,0,0,0,0,0,0,0,0,0,3,0,3,0,0,0,3,0,3,2018
111000,"Vergewaltigung, sexuelle N tigung und sexueller  bergriff im besonders schweren Fall einschl. mit Todesfolge    177, 178 StGB",5112000,Duisburg,vers.,5,0,5,0,0,0,1,0,1,1,0,1,1,0,1,0,0,0,2,0,2,1,0,1,3,0,3,2018
111000,"Vergewaltigung, sexuelle N tigung und sexueller  bergriff im besonders schweren Fall einschl. mit Todesfolge    177, 178 StGB",5111000,D sseldorf,vers.,10,0,10,0,0,0,0,0,0,0,0,0,0,0,0,1,0,1,9,0,9,0,0,0,9,0,9,2018
111000,"Vergewaltigung, sexuelle N tigung und sexueller  bergriff im besonders schweren Fall einschl. mit Todesfolge    177, 178 StGB",16051000,Erfurt,vers.,2,0,2,0,0,0,0,0,0,0,0,0,1,0,1,0,0,0,1,0,1,0,0,0,1,0,1,2018
111000,"Vergewaltigung, sexuelle N tigung und sexueller  bergriff im besonders schweren Fall einschl. mit Todesfolge    177, 178 StGB",9562000,Erlangen,vers.,2,0,2,0,0,0,0,0,0,0,0,0,1,0,1,0,0,0,1,0,1,0,0,0,1,0,1,2018
111000,"Vergewaltigung, sexuelle N tigung und sexueller  bergriff im besonders schweren Fall einschl. mit Todesfolge    177, 178 StGB",5113000,Essen,vers.,9,0,9,0,0,0,0,0,0,0,0,0,4,0,4,2,0,2,3,0,3,0,0,0,3,0,3,2018
111000,"Vergewaltigung, sexuelle N tigung und sexueller  bergriff im besonders schweren Fall einschl. mit Todesfolge    177, 178 StGB",6412000,Frankfurt am Main,vers.,17,0,17,0,0,0,0,0,0,0,0,0,0,0,0,2,0,2,15,0,15,0,0,0,15,0,15,2018
111000,"Vergewaltigung, sexuelle N tigung und sexueller  bergriff im besonders schweren Fall einschl. mit Todesfolge    177, 178 StGB",8311000,Freiburg im Breisgau,vers.,3,0,3,0,0,0,0,0,0,0,0,0,0,0,0,0,0,0,3,0,3,0,0,0,3,0,3,2018
111000,"Vergewaltigung, sexuelle N tigung und sexueller  bergriff im besonders schweren Fall einschl. mit Todesfolge    177, 178 StGB",9563000,F rth,vers.,2,0,2,0,0,0,0,0,0,0,0,0,1,0,1,0,0,0,1,0,1,0,0,0,1,0,1,2018
111000,"Vergewaltigung, sexuelle N tigung und sexueller  bergriff im besonders schweren Fall einschl. mit Todesfolge    177, 178 StGB",5513000,Gelsenkirchen,vers.,1,0,1,0,0,0,0,0,0,0,0,0,0,0,0,0,0,0,1,0,1,0,0,0,1,0,1,2018
111000,"Vergewaltigung, sexuelle N tigung und sexueller  bergriff im besonders schweren Fall einschl. mit Todesfolge    177, 178 StGB",3159016,G ttingen,vers.,4,0,4,0,0,0,0,0,0,0,0,0,1,0,1,2,0,2,1,0,1,0,0,0,1,0,1,2018
111000,"Vergewaltigung, sexuelle N tigung und sexueller  bergriff im besonders schweren Fall einschl. mit Todesfolge    177, 178 StGB",5914000,Hagen,vers.,4,1,3,0,0,0,1,1,0,1,1,0,0,0,0,1,0,1,2,0,2,0,0,0,2,0,2,2018
111000,"Vergewaltigung, sexuelle N tigung und sexueller  bergriff im besonders schweren Fall einschl. mit Todesfolge    177, 178 StGB",15002000,Halle (Saale),vers.,7,0,7,0,0,0,0,0,0,0,0,0,0,0,0,0,0,0,6,0,6,1,0,1,7,0,7,2018
111000,"Vergewaltigung, sexuelle N tigung und sexueller  bergriff im besonders schweren Fall einschl. mit Todesfolge    177, 178 StGB",2000000,Hamburg,vers.,33,0,33,0,0,0,0,0,0,0,0,0,6,0,6,3,0,3,23,0,23,1,0,1,24,0,24,2018
111000,"Vergewaltigung, sexuelle N tigung und sexueller  bergriff im besonders schweren Fall einschl. mit Todesfolge    177, 178 StGB",5915000,Hamm,vers.,4,0,4,0,0,0,1,0,1,1,0,1,0,0,0,0,0,0,2,0,2,1,0,1,3,0,3,2018
111000,"Vergewaltigung, sexuelle N tigung und sexueller  bergriff im besonders schweren Fall einschl. mit Todesfolge    177, 178 StGB",3241001,Hannover,vers.,7,1,6,0,0,0,0,0,0,0,0,0,1,0,1,2,1,1,4,0,4,0,0,0,4,0,4,2018
111000,"Vergewaltigung, sexuelle N tigung und sexueller  bergriff im besonders schweren Fall einschl. mit Todesfolge    177, 178 StGB",8221000,Heidelberg,vers.,3,0,3,0,0,0,0,0,0,0,0,0,0,0,0,0,0,0,3,0,3,0,0,0,3,0,3,2018
111000,"Vergewaltigung, sexuelle N tigung und sexueller  bergriff im besonders schweren Fall einschl. mit Todesfolge    177, 178 StGB",8121000,Heilbronn,vers.,2,0,2,0,0,0,0,0,0,0,0,0,1,0,1,0,0,0,1,0,1,0,0,0,1,0,1,2018
111000,"Vergewaltigung, sexuelle N tigung und sexueller  bergriff im besonders schweren Fall einschl. mit Todesfolge    177, 178 StGB",5916000,Herne,vers.,2,0,2,0,0,0,0,0,0,0,0,0,0,0,0,0,0,0,2,0,2,0,0,0,2,0,2,2018
111000,"Vergewaltigung, sexuelle N tigung und sexueller  bergriff im besonders schweren Fall einschl. mit Todesfolge    177, 178 StGB",3254021,Hildesheim,vers.,3,0,3,0,0,0,0,0,0,0,0,0,0,0,0,0,0,0,3,0,3,0,0,0,3,0,3,2018
111000,"Vergewaltigung, sexuelle N tigung und sexueller  bergriff im besonders schweren Fall einschl. mit Todesfolge    177, 178 StGB",9161000,Ingolstadt,vers.,1,0,1,0,0,0,0,0,0,0,0,0,0,0,0,0,0,0,1,0,1,0,0,0,1,0,1,2018
111000,"Vergewaltigung, sexuelle N tigung und sexueller  bergriff im besonders schweren Fall einschl. mit Todesfolge    177, 178 StGB",16053000,Jena,vers.,0,0,0,0,0,0,0,0,0,0,0,0,0,0,0,0,0,0,0,0,0,0,0,0,0,0,0,2018
111000,"Vergewaltigung, sexuelle N tigung und sexueller  bergriff im besonders schweren Fall einschl. mit Todesfolge    177, 178 StGB",8212000,Karlsruhe,vers.,3,0,3,0,0,0,0,0,0,0,0,0,2,0,2,1,0,1,0,0,0,0,0,0,0,0,0,2018
111000,"Vergewaltigung, sexuelle N tigung und sexueller  bergriff im besonders schweren Fall einschl. mit Todesfolge    177, 178 StGB",6611000,Kassel,vers.,10,0,10,0,0,0,0,0,0,0,0,0,1,0,1,2,0,2,7,0,7,0,0,0,7,0,7,2018
111000,"Vergewaltigung, sexuelle N tigung und sexueller  bergriff im besonders schweren Fall einschl. mit Todesfolge    177, 178 StGB",1002000,Kiel,vers.,6,2,4,0,0,0,0,0,0,0,0,0,1,0,1,2,1,1,3,1,2,0,0,0,3,1,2,2018
111000,"Vergewaltigung, sexuelle N tigung und sexueller  bergriff im besonders schweren Fall einschl. mit Todesfolge    177, 178 StGB",7111000,Koblenz,vers.,1,0,1,0,0,0,1,0,1,1,0,1,0,0,0,0,0,0,0,0,0,0,0,0,0,0,0,2018
111000,"Vergewaltigung, sexuelle N tigung und sexueller  bergriff im besonders schweren Fall einschl. mit Todesfolge    177, 178 StGB",5315000,K ln,vers.,29,3,26,0,0,0,0,0,0,0,0,0,2,0,2,4,0,4,22,3,19,1,0,1,23,3,20,2018
111000,"Vergewaltigung, sexuelle N tigung und sexueller  bergriff im besonders schweren Fall einschl. mit Todesfolge    177, 178 StGB",5114000,Krefeld,vers.,2,0,2,0,0,0,0,0,0,0,0,0,0,0,0,1,0,1,1,0,1,0,0,0,1,0,1,2018
111000,"Vergewaltigung, sexuelle N tigung und sexueller  bergriff im besonders schweren Fall einschl. mit Todesfolge    177, 178 StGB",14713000,Leipzig,vers.,3,0,3,0,0,0,0,0,0,0,0,0,0,0,0,0,0,0,2,0,2,1,0,1,3,0,3,2018
111000,"Vergewaltigung, sexuelle N tigung und sexueller  bergriff im besonders schweren Fall einschl. mit Todesfolge    177, 178 StGB",5316000,Leverkusen,vers.,3,0,3,0,0,0,0,0,0,0,0,0,1,0,1,1,0,1,1,0,1,0,0,0,1,0,1,2018
111000,"Vergewaltigung, sexuelle N tigung und sexueller  bergriff im besonders schweren Fall einschl. mit Todesfolge    177, 178 StGB",1003000,L beck,vers.,4,1,3,0,0,0,0,0,0,0,0,0,1,0,1,1,1,0,1,0,1,1,0,1,2,0,2,2018
111000,"Vergewaltigung, sexuelle N tigung und sexueller  bergriff im besonders schweren Fall einschl. mit Todesfolge    177, 178 StGB",7314000,Ludwigshafen am Rhein,vers.,5,1,4,0,0,0,0,0,0,0,0,0,0,0,0,1,0,1,3,1,2,1,0,1,4,1,3,2018
111000,"Vergewaltigung, sexuelle N tigung und sexueller  bergriff im besonders schweren Fall einschl. mit Todesfolge    177, 178 StGB",15003000,Magdeburg,vers.,8,0,8,0,0,0,0,0,0,0,0,0,5,0,5,0,0,0,3,0,3,0,0,0,3,0,3,2018
111000,"Vergewaltigung, sexuelle N tigung und sexueller  bergriff im besonders schweren Fall einschl. mit Todesfolge    177, 178 StGB",7315000,Mainz,vers.,3,0,3,0,0,0,0,0,0,0,0,0,0,0,0,2,0,2,1,0,1,0,0,0,1,0,1,2018
111000,"Vergewaltigung, sexuelle N tigung und sexueller  bergriff im besonders schweren Fall einschl. mit Todesfolge    177, 178 StGB",8222000,Mannheim,vers.,0,0,0,0,0,0,0,0,0,0,0,0,0,0,0,0,0,0,0,0,0,0,0,0,0,0,0,2018
111000,"Vergewaltigung, sexuelle N tigung und sexueller  bergriff im besonders schweren Fall einschl. mit Todesfolge    177, 178 StGB",5170024,Moers,vers.,0,0,0,0,0,0,0,0,0,0,0,0,0,0,0,0,0,0,0,0,0,0,0,0,0,0,0,2018
111000,"Vergewaltigung, sexuelle N tigung und sexueller  bergriff im besonders schweren Fall einschl. mit Todesfolge    177, 178 StGB",5116000,M nchengladbach,vers.,1,0,1,0,0,0,0,0,0,0,0,0,0,0,0,0,0,0,1,0,1,0,0,0,1,0,1,2018
111000,"Vergewaltigung, sexuelle N tigung und sexueller  bergriff im besonders schweren Fall einschl. mit Todesfolge    177, 178 StGB",5117000,M lheim an der Ruhr,vers.,1,0,1,0,0,0,0,0,0,0,0,0,0,0,0,0,0,0,1,0,1,0,0,0,1,0,1,2018
111000,"Vergewaltigung, sexuelle N tigung und sexueller  bergriff im besonders schweren Fall einschl. mit Todesfolge    177, 178 StGB",9162000,M nchen,vers.,34,1,33,0,0,0,0,0,0,0,0,0,3,0,3,4,0,4,27,1,26,0,0,0,27,1,26,2018
111000,"Vergewaltigung, sexuelle N tigung und sexueller  bergriff im besonders schweren Fall einschl. mit Todesfolge    177, 178 StGB",5515000,M nster,vers.,1,0,1,0,0,0,0,0,0,0,0,0,1,0,1,0,0,0,0,0,0,0,0,0,0,0,0,2018
111000,"Vergewaltigung, sexuelle N tigung und sexueller  bergriff im besonders schweren Fall einschl. mit Todesfolge    177, 178 StGB",5162024,Neuss,vers.,0,0,0,0,0,0,0,0,0,0,0,0,0,0,0,0,0,0,0,0,0,0,0,0,0,0,0,2018
111000,"Vergewaltigung, sexuelle N tigung und sexueller  bergriff im besonders schweren Fall einschl. mit Todesfolge    177, 178 StGB",9564000,N rnberg,vers.,10,1,9,0,0,0,0,0,0,0,0,0,4,1,3,0,0,0,6,0,6,0,0,0,6,0,6,2018
111000,"Vergewaltigung, sexuelle N tigung und sexueller  bergriff im besonders schweren Fall einschl. mit Todesfolge    177, 178 StGB",5119000,Oberhausen,vers.,1,0,1,0,0,0,0,0,0,0,0,0,0,0,0,0,0,0,1,0,1,0,0,0,1,0,1,2018
111000,"Vergewaltigung, sexuelle N tigung und sexueller  bergriff im besonders schweren Fall einschl. mit Todesfolge    177, 178 StGB",6413000,Offenbach am Main,vers.,3,1,2,0,0,0,0,0,0,0,0,0,1,0,1,0,0,0,2,1,1,0,0,0,2,1,1,2018
111000,"Vergewaltigung, sexuelle N tigung und sexueller  bergriff im besonders schweren Fall einschl. mit Todesfolge    177, 178 StGB",3403000,Oldenburg (Oldenburg),vers.,2,0,2,0,0,0,0,0,0,0,0,0,0,0,0,0,0,0,2,0,2,0,0,0,2,0,2,2018
111000,"Vergewaltigung, sexuelle N tigung und sexueller  bergriff im besonders schweren Fall einschl. mit Todesfolge    177, 178 StGB",3404000,Osnabr ck,vers.,7,0,7,0,0,0,0,0,0,0,0,0,2,0,2,0,0,0,5,0,5,0,0,0,5,0,5,2018
111000,"Vergewaltigung, sexuelle N tigung und sexueller  bergriff im besonders schweren Fall einschl. mit Todesfolge    177, 178 StGB",5774032,Paderborn,vers.,2,0,2,0,0,0,0,0,0,0,0,0,0,0,0,1,0,1,1,0,1,0,0,0,1,0,1,2018
111000,"Vergewaltigung, sexuelle N tigung und sexueller  bergriff im besonders schweren Fall einschl. mit Todesfolge    177, 178 StGB",8231000,Pforzheim,vers.,0,0,0,0,0,0,0,0,0,0,0,0,0,0,0,0,0,0,0,0,0,0,0,0,0,0,0,2018
111000,"Vergewaltigung, sexuelle N tigung und sexueller  bergriff im besonders schweren Fall einschl. mit Todesfolge    177, 178 StGB",12054000,Potsdam,vers.,4,0,4,0,0,0,0,0,0,0,0,0,0,0,0,1,0,1,3,0,3,0,0,0,3,0,3,2018
111000,"Vergewaltigung, sexuelle N tigung und sexueller  bergriff im besonders schweren Fall einschl. mit Todesfolge    177, 178 StGB",5562032,Recklinghausen,vers.,5,2,3,0,0,0,0,0,0,0,0,0,0,0,0,1,0,1,4,2,2,0,0,0,4,2,2,2018
111000,"Vergewaltigung, sexuelle N tigung und sexueller  bergriff im besonders schweren Fall einschl. mit Todesfolge    177, 178 StGB",9362000,Regensburg,vers.,7,0,7,0,0,0,0,0,0,0,0,0,1,0,1,1,0,1,5,0,5,0,0,0,5,0,5,2018
111000,"Vergewaltigung, sexuelle N tigung und sexueller  bergriff im besonders schweren Fall einschl. mit Todesfolge    177, 178 StGB",5120000,Remscheid,vers.,2,0,2,0,0,0,0,0,0,0,0,0,1,0,1,1,0,1,0,0,0,0,0,0,0,0,0,2018
111000,"Vergewaltigung, sexuelle N tigung und sexueller  bergriff im besonders schweren Fall einschl. mit Todesfolge    177, 178 StGB",8415061,Reutlingen,vers.,1,0,1,0,0,0,0,0,0,0,0,0,0,0,0,1,0,1,0,0,0,0,0,0,0,0,0,2018
111000,"Vergewaltigung, sexuelle N tigung und sexueller  bergriff im besonders schweren Fall einschl. mit Todesfolge    177, 178 StGB",13003000,Rostock,vers.,4,0,4,0,0,0,0,0,0,0,0,0,2,0,2,0,0,0,2,0,2,0,0,0,2,0,2,2018
111000,"Vergewaltigung, sexuelle N tigung und sexueller  bergriff im besonders schweren Fall einschl. mit Todesfolge    177, 178 StGB",10041100,Saarbr cken,vers.,5,1,4,0,0,0,0,0,0,0,0,0,0,0,0,2,0,2,3,1,2,0,0,0,3,1,2,2018
111000,"Vergewaltigung, sexuelle N tigung und sexueller  bergriff im besonders schweren Fall einschl. mit Todesfolge    177, 178 StGB",3102000,Salzgitter,vers.,2,1,1,0,0,0,0,0,0,0,0,0,0,0,0,1,1,0,0,0,0,1,0,1,1,0,1,2018
111000,"Vergewaltigung, sexuelle N tigung und sexueller  bergriff im besonders schweren Fall einschl. mit Todesfolge    177, 178 StGB",13004000,Schwerin,vers.,4,0,4,0,0,0,0,0,0,0,0,0,1,0,1,1,0,1,2,0,2,0,0,0,2,0,2,2018
111000,"Vergewaltigung, sexuelle N tigung und sexueller  bergriff im besonders schweren Fall einschl. mit Todesfolge    177, 178 StGB",5970040,Siegen,vers.,5,0,5,0,0,0,0,0,0,0,0,0,1,0,1,3,0,3,1,0,1,0,0,0,1,0,1,2018
111000,"Vergewaltigung, sexuelle N tigung und sexueller  bergriff im besonders schweren Fall einschl. mit Todesfolge    177, 178 StGB",5122000,Solingen,vers.,1,0,1,0,0,0,0,0,0,0,0,0,0,0,0,0,0,0,1,0,1,0,0,0,1,0,1,2018
111000,"Vergewaltigung, sexuelle N tigung und sexueller  bergriff im besonders schweren Fall einschl. mit Todesfolge    177, 178 StGB",8111000,Stuttgart,vers.,8,0,8,0,0,0,0,0,0,0,0,0,1,0,1,0,0,0,7,0,7,0,0,0,7,0,7,2018
111000,"Vergewaltigung, sexuelle N tigung und sexueller  bergriff im besonders schweren Fall einschl. mit Todesfolge    177, 178 StGB",7211000,Trier,vers.,3,0,3,0,0,0,0,0,0,0,0,0,0,0,0,0,0,0,3,0,3,0,0,0,3,0,3,2018
111000,"Vergewaltigung, sexuelle N tigung und sexueller  bergriff im besonders schweren Fall einschl. mit Todesfolge    177, 178 StGB",8421000,Ulm,vers.,3,0,3,0,0,0,0,0,0,0,0,0,1,0,1,0,0,0,2,0,2,0,0,0,2,0,2,2018
111000,"Vergewaltigung, sexuelle N tigung und sexueller  bergriff im besonders schweren Fall einschl. mit Todesfolge    177, 178 StGB",6414000,Wiesbaden,vers.,14,0,14,0,0,0,0,0,0,0,0,0,2,0,2,2,0,2,9,0,9,1,0,1,10,0,10,2018
111000,"Vergewaltigung, sexuelle N tigung und sexueller  bergriff im besonders schweren Fall einschl. mit Todesfolge    177, 178 StGB",3103000,Wolfsburg,vers.,1,0,1,0,0,0,1,0,1,1,0,1,0,0,0,0,0,0,0,0,0,0,0,0,0,0,0,2018
111000,"Vergewaltigung, sexuelle N tigung und sexueller  bergriff im besonders schweren Fall einschl. mit Todesfolge    177, 178 StGB",5124000,Wuppertal,vers.,9,1,8,0,0,0,0,0,0,0,0,0,1,1,0,2,0,2,5,0,5,1,0,1,6,0,6,2018
111000,"Vergewaltigung, sexuelle N tigung und sexueller  bergriff im besonders schweren Fall einschl. mit Todesfolge    177, 178 StGB",9663000,W rzburg,vers.,1,0,1,0,0,0,0,0,0,0,0,0,1,0,1,0,0,0,0,0,0,0,0,0,0,0,0,2018
111000,"Vergewaltigung, sexuelle N tigung und sexueller  bergriff im besonders schweren Fall einschl. mit Todesfolge    177, 178 StGB",5334002,Aachen,insg.,46,2,44,0,0,0,0,0,0,0,0,0,9,0,9,5,0,5,31,2,29,1,0,1,32,2,30,2018
111000,"Vergewaltigung, sexuelle N tigung und sexueller  bergriff im besonders schweren Fall einschl. mit Todesfolge    177, 178 StGB",9761000,Augsburg,insg.,39,4,35,0,0,0,0,0,0,0,0,0,8,0,8,7,1,6,24,3,21,0,0,0,24,3,21,2018
111000,"Vergewaltigung, sexuelle N tigung und sexueller  bergriff im besonders schweren Fall einschl. mit Todesfolge    177, 178 StGB",5378004,Bergisch Gladbach,insg.,8,0,8,0,0,0,0,0,0,0,0,0,2,0,2,0,0,0,6,0,6,0,0,0,6,0,6,2018
111000,"Vergewaltigung, sexuelle N tigung und sexueller  bergriff im besonders schweren Fall einschl. mit Todesfolge    177, 178 StGB",11000000,Berlin,insg.,772,71,701,0,0,0,10,3,7,10,3,7,137,5,132,111,13,98,504,50,454,10,0,10,514,50,464,2018
111000,"Vergewaltigung, sexuelle N tigung und sexueller  bergriff im besonders schweren Fall einschl. mit Todesfolge    177, 178 StGB",5711000,Bielefeld,insg.,44,1,43,0,0,0,0,0,0,0,0,0,7,1,6,10,0,10,24,0,24,3,0,3,27,0,27,2018
111000,"Vergewaltigung, sexuelle N tigung und sexueller  bergriff im besonders schweren Fall einschl. mit Todesfolge    177, 178 StGB",5911000,Bochum,insg.,45,2,43,0,0,0,3,0,3,3,0,3,7,1,6,6,0,6,28,1,27,1,0,1,29,1,28,2018
111000,"Vergewaltigung, sexuelle N tigung und sexueller  bergriff im besonders schweren Fall einschl. mit Todesfolge    177, 178 StGB",5314000,Bonn,insg.,53,3,50,0,0,0,3,1,2,3,1,2,7,0,7,6,0,6,36,2,34,1,0,1,37,2,35,2018
111000,"Vergewaltigung, sexuelle N tigung und sexueller  bergriff im besonders schweren Fall einschl. mit Todesfolge    177, 178 StGB",5512000,Bottrop,insg.,17,1,16,0,0,0,1,0,1,1,0,1,4,0,4,3,0,3,9,1,8,0,0,0,9,1,8,2018
111000,"Vergewaltigung, sexuelle N tigung und sexueller  bergriff im besonders schweren Fall einschl. mit Todesfolge    177, 178 StGB",3101000,Braunschweig,insg.,39,1,38,0,0,0,1,1,0,1,1,0,11,0,11,11,0,11,16,0,16,0,0,0,16,0,16,2018
111000,"Vergewaltigung, sexuelle N tigung und sexueller  bergriff im besonders schweren Fall einschl. mit Todesfolge    177, 178 StGB",4011000,Bremen,insg.,127,5,122,1,0,1,1,0,1,2,0,2,24,0,24,20,0,20,81,5,76,0,0,0,81,5,76,2018
111000,"Vergewaltigung, sexuelle N tigung und sexueller  bergriff im besonders schweren Fall einschl. mit Todesfolge    177, 178 StGB",4012000,Bremerhaven,insg.,21,0,21,0,0,0,0,0,0,0,0,0,3,0,3,3,0,3,15,0,15,0,0,0,15,0,15,2018
111000,"Vergewaltigung, sexuelle N tigung und sexueller  bergriff im besonders schweren Fall einschl. mit Todesfolge    177, 178 StGB",14511000,Chemnitz,insg.,28,1,27,0,0,0,0,0,0,0,0,0,5,0,5,3,0,3,18,1,17,2,0,2,20,1,19,2018
111000,"Vergewaltigung, sexuelle N tigung und sexueller  bergriff im besonders schweren Fall einschl. mit Todesfolge    177, 178 StGB",12052000,Cottbus,insg.,26,2,24,0,0,0,0,0,0,0,0,0,9,2,7,4,0,4,12,0,12,1,0,1,13,0,13,2018
111000,"Vergewaltigung, sexuelle N tigung und sexueller  bergriff im besonders schweren Fall einschl. mit Todesfolge    177, 178 StGB",6411000,Darmstadt,insg.,14,1,13,0,0,0,0,0,0,0,0,0,1,0,1,3,0,3,10,1,9,0,0,0,10,1,9,2018
111000,"Vergewaltigung, sexuelle N tigung und sexueller  bergriff im besonders schweren Fall einschl. mit Todesfolge    177, 178 StGB",5913000,Dortmund,insg.,117,5,112,0,0,0,1,0,1,1,0,1,16,0,16,25,2,23,74,3,71,1,0,1,75,3,72,2018
111000,"Vergewaltigung, sexuelle N tigung und sexueller  bergriff im besonders schweren Fall einschl. mit Todesfolge    177, 178 StGB",14612000,Dresden,insg.,39,1,38,0,0,0,0,0,0,0,0,0,14,0,14,5,0,5,18,1,17,2,0,2,20,1,19,2018
111000,"Vergewaltigung, sexuelle N tigung und sexueller  bergriff im besonders schweren Fall einschl. mit Todesfolge    177, 178 StGB",5112000,Duisburg,insg.,70,3,67,0,0,0,3,0,3,3,0,3,19,1,18,15,1,14,32,1,31,1,0,1,33,1,32,2018
111000,"Vergewaltigung, sexuelle N tigung und sexueller  bergriff im besonders schweren Fall einschl. mit Todesfolge    177, 178 StGB",5111000,D sseldorf,insg.,85,2,83,0,0,0,1,0,1,1,0,1,11,0,11,14,0,14,58,2,56,1,0,1,59,2,57,2018
111000,"Vergewaltigung, sexuelle N tigung und sexueller  bergriff im besonders schweren Fall einschl. mit Todesfolge    177, 178 StGB",16051000,Erfurt,insg.,39,4,35,0,0,0,0,0,0,0,0,0,10,2,8,8,0,8,19,2,17,2,0,2,21,2,19,2018
111000,"Vergewaltigung, sexuelle N tigung und sexueller  bergriff im besonders schweren Fall einschl. mit Todesfolge    177, 178 StGB",9562000,Erlangen,insg.,20,1,19,0,0,0,0,0,0,0,0,0,3,0,3,5,0,5,12,1,11,0,0,0,12,1,11,2018
111000,"Vergewaltigung, sexuelle N tigung und sexueller  bergriff im besonders schweren Fall einschl. mit Todesfolge    177, 178 StGB",5113000,Essen,insg.,100,3,97,0,0,0,3,0,3,3,0,3,28,1,27,18,0,18,51,2,49,0,0,0,51,2,49,2018
111000,"Vergewaltigung, sexuelle N tigung und sexueller  bergriff im besonders schweren Fall einschl. mit Todesfolge    177, 178 StGB",6412000,Frankfurt am Main,insg.,107,3,104,0,0,0,0,0,0,0,0,0,17,0,17,9,1,8,80,2,78,1,0,1,81,2,79,2018
111000,"Vergewaltigung, sexuelle N tigung und sexueller  bergriff im besonders schweren Fall einschl. mit Todesfolge    177, 178 StGB",8311000,Freiburg im Breisgau,insg.,20,0,20,0,0,0,0,0,0,0,0,0,3,0,3,5,0,5,12,0,12,0,0,0,12,0,12,2018
111000,"Vergewaltigung, sexuelle N tigung und sexueller  bergriff im besonders schweren Fall einschl. mit Todesfolge    177, 178 StGB",9563000,F rth,insg.,16,0,16,0,0,0,0,0,0,0,0,0,5,0,5,1,0,1,10,0,10,0,0,0,10,0,10,2018
111000,"Vergewaltigung, sexuelle N tigung und sexueller  bergriff im besonders schweren Fall einschl. mit Todesfolge    177, 178 StGB",5513000,Gelsenkirchen,insg.,28,3,25,0,0,0,0,0,0,0,0,0,6,0,6,4,1,3,18,2,16,0,0,0,18,2,16,2018
111000,"Vergewaltigung, sexuelle N tigung und sexueller  bergriff im besonders schweren Fall einschl. mit Todesfolge    177, 178 StGB",3159016,G ttingen,insg.,19,0,19,0,0,0,1,0,1,1,0,1,4,0,4,4,0,4,10,0,10,0,0,0,10,0,10,2018
111000,"Vergewaltigung, sexuelle N tigung und sexueller  bergriff im besonders schweren Fall einschl. mit Todesfolge    177, 178 StGB",5914000,Hagen,insg.,34,2,32,0,0,0,2,1,1,2,1,1,12,0,12,8,1,7,12,0,12,0,0,0,12,0,12,2018
111000,"Vergewaltigung, sexuelle N tigung und sexueller  bergriff im besonders schweren Fall einschl. mit Todesfolge    177, 178 StGB",15002000,Halle (Saale),insg.,47,1,46,0,0,0,0,0,0,0,0,0,5,0,5,7,0,7,34,1,33,1,0,1,35,1,34,2018
111000,"Vergewaltigung, sexuelle N tigung und sexueller  bergriff im besonders schweren Fall einschl. mit Todesfolge    177, 178 StGB",2000000,Hamburg,insg.,212,12,200,1,1,0,2,0,2,3,1,2,38,4,34,34,3,31,134,4,130,3,0,3,137,4,133,2018
111000,"Vergewaltigung, sexuelle N tigung und sexueller  bergriff im besonders schweren Fall einschl. mit Todesfolge    177, 178 StGB",5915000,Hamm,insg.,24,1,23,0,0,0,1,0,1,1,0,1,9,0,9,4,0,4,9,1,8,1,0,1,10,1,9,2018
111000,"Vergewaltigung, sexuelle N tigung und sexueller  bergriff im besonders schweren Fall einschl. mit Todesfolge    177, 178 StGB",3241001,Hannover,insg.,131,12,119,0,0,0,1,1,0,1,1,0,24,0,24,29,1,28,70,10,60,7,0,7,77,10,67,2018
111000,"Vergewaltigung, sexuelle N tigung und sexueller  bergriff im besonders schweren Fall einschl. mit Todesfolge    177, 178 StGB",8221000,Heidelberg,insg.,13,0,13,0,0,0,0,0,0,0,0,0,3,0,3,2,0,2,8,0,8,0,0,0,8,0,8,2018
111000,"Vergewaltigung, sexuelle N tigung und sexueller  bergriff im besonders schweren Fall einschl. mit Todesfolge    177, 178 StGB",8121000,Heilbronn,insg.,18,1,17,0,0,0,1,0,1,1,0,1,6,0,6,2,0,2,9,1,8,0,0,0,9,1,8,2018
111000,"Vergewaltigung, sexuelle N tigung und sexueller  bergriff im besonders schweren Fall einschl. mit Todesfolge    177, 178 StGB",5916000,Herne,insg.,20,2,18,0,0,0,1,0,1,1,0,1,2,0,2,1,0,1,15,2,13,1,0,1,16,2,14,2018
111000,"Vergewaltigung, sexuelle N tigung und sexueller  bergriff im besonders schweren Fall einschl. mit Todesfolge    177, 178 StGB",3254021,Hildesheim,insg.,18,1,17,0,0,0,1,1,0,1,1,0,1,0,1,2,0,2,14,0,14,0,0,0,14,0,14,2018
111000,"Vergewaltigung, sexuelle N tigung und sexueller  bergriff im besonders schweren Fall einschl. mit Todesfolge    177, 178 StGB",9161000,Ingolstadt,insg.,21,1,20,0,0,0,0,0,0,0,0,0,4,0,4,4,0,4,13,1,12,0,0,0,13,1,12,2018
111000,"Vergewaltigung, sexuelle N tigung und sexueller  bergriff im besonders schweren Fall einschl. mit Todesfolge    177, 178 StGB",16053000,Jena,insg.,9,0,9,0,0,0,0,0,0,0,0,0,2,0,2,1,0,1,6,0,6,0,0,0,6,0,6,2018
111000,"Vergewaltigung, sexuelle N tigung und sexueller  bergriff im besonders schweren Fall einschl. mit Todesfolge    177, 178 StGB",8212000,Karlsruhe,insg.,38,0,38,0,0,0,0,0,0,0,0,0,10,0,10,4,0,4,24,0,24,0,0,0,24,0,24,2018
111000,"Vergewaltigung, sexuelle N tigung und sexueller  bergriff im besonders schweren Fall einschl. mit Todesfolge    177, 178 StGB",6611000,Kassel,insg.,47,0,47,0,0,0,0,0,0,0,0,0,13,0,13,7,0,7,27,0,27,0,0,0,27,0,27,2018
111000,"Vergewaltigung, sexuelle N tigung und sexueller  bergriff im besonders schweren Fall einschl. mit Todesfolge    177, 178 StGB",1002000,Kiel,insg.,45,2,43,0,0,0,0,0,0,0,0,0,11,0,11,9,1,8,25,1,24,0,0,0,25,1,24,2018
111000,"Vergewaltigung, sexuelle N tigung und sexueller  bergriff im besonders schweren Fall einschl. mit Todesfolge    177, 178 StGB",7111000,Koblenz,insg.,14,2,12,0,0,0,1,0,1,1,0,1,3,1,2,4,1,3,5,0,5,1,0,1,6,0,6,2018
111000,"Vergewaltigung, sexuelle N tigung und sexueller  bergriff im besonders schweren Fall einschl. mit Todesfolge    177, 178 StGB",5315000,K ln,insg.,238,14,224,0,0,0,1,0,1,1,0,1,48,2,46,43,3,40,143,9,134,3,0,3,146,9,137,2018
111000,"Vergewaltigung, sexuelle N tigung und sexueller  bergriff im besonders schweren Fall einschl. mit Todesfolge    177, 178 StGB",5114000,Krefeld,insg.,24,0,24,0,0,0,1,0,1,1,0,1,5,0,5,3,0,3,14,0,14,1,0,1,15,0,15,2018
111000,"Vergewaltigung, sexuelle N tigung und sexueller  bergriff im besonders schweren Fall einschl. mit Todesfolge    177, 178 StGB",14713000,Leipzig,insg.,36,4,32,0,0,0,0,0,0,0,0,0,7,0,7,5,1,4,23,3,20,1,0,1,24,3,21,2018
111000,"Vergewaltigung, sexuelle N tigung und sexueller  bergriff im besonders schweren Fall einschl. mit Todesfolge    177, 178 StGB",5316000,Leverkusen,insg.,28,1,27,0,0,0,2,0,2,2,0,2,6,0,6,4,0,4,16,1,15,0,0,0,16,1,15,2018
111000,"Vergewaltigung, sexuelle N tigung und sexueller  bergriff im besonders schweren Fall einschl. mit Todesfolge    177, 178 StGB",1003000,L beck,insg.,42,1,41,0,0,0,0,0,0,0,0,0,20,0,20,3,1,2,18,0,18,1,0,1,19,0,19,2018
111000,"Vergewaltigung, sexuelle N tigung und sexueller  bergriff im besonders schweren Fall einschl. mit Todesfolge    177, 178 StGB",7314000,Ludwigshafen am Rhein,insg.,41,2,39,0,0,0,0,0,0,0,0,0,3,0,3,6,0,6,31,2,29,1,0,1,32,2,30,2018
111000,"Vergewaltigung, sexuelle N tigung und sexueller  bergriff im besonders schweren Fall einschl. mit Todesfolge    177, 178 StGB",15003000,Magdeburg,insg.,44,3,41,0,0,0,1,0,1,1,0,1,14,1,13,5,0,5,24,2,22,0,0,0,24,2,22,2018
111000,"Vergewaltigung, sexuelle N tigung und sexueller  bergriff im besonders schweren Fall einschl. mit Todesfolge    177, 178 StGB",7315000,Mainz,insg.,41,4,37,0,0,0,0,0,0,0,0,0,7,1,6,8,1,7,26,2,24,0,0,0,26,2,24,2018
111000,"Vergewaltigung, sexuelle N tigung und sexueller  bergriff im besonders schweren Fall einschl. mit Todesfolge    177, 178 StGB",8222000,Mannheim,insg.,41,0,41,0,0,0,0,0,0,0,0,0,9,0,9,6,0,6,26,0,26,0,0,0,26,0,26,2018
111000,"Vergewaltigung, sexuelle N tigung und sexueller  bergriff im besonders schweren Fall einschl. mit Todesfolge    177, 178 StGB",5170024,Moers,insg.,7,0,7,0,0,0,0,0,0,0,0,0,2,0,2,0,0,0,5,0,5,0,0,0,5,0,5,2018
111000,"Vergewaltigung, sexuelle N tigung und sexueller  bergriff im besonders schweren Fall einschl. mit Todesfolge    177, 178 StGB",5116000,M nchengladbach,insg.,37,2,35,0,0,0,0,0,0,0,0,0,11,0,11,5,0,5,21,2,19,0,0,0,21,2,19,2018
111000,"Vergewaltigung, sexuelle N tigung und sexueller  bergriff im besonders schweren Fall einschl. mit Todesfolge    177, 178 StGB",5117000,M lheim an der Ruhr,insg.,16,0,16,0,0,0,1,0,1,1,0,1,5,0,5,1,0,1,9,0,9,0,0,0,9,0,9,2018
111000,"Vergewaltigung, sexuelle N tigung und sexueller  bergriff im besonders schweren Fall einschl. mit Todesfolge    177, 178 StGB",9162000,M nchen,insg.,243,7,236,0,0,0,2,0,2,2,0,2,29,0,29,43,0,43,166,7,159,3,0,3,169,7,162,2018
111000,"Vergewaltigung, sexuelle N tigung und sexueller  bergriff im besonders schweren Fall einschl. mit Todesfolge    177, 178 StGB",5515000,M nster,insg.,32,1,31,0,0,0,0,0,0,0,0,0,8,0,8,8,0,8,16,1,15,0,0,0,16,1,15,2018
111000,"Vergewaltigung, sexuelle N tigung und sexueller  bergriff im besonders schweren Fall einschl. mit Todesfolge    177, 178 StGB",5162024,Neuss,insg.,12,1,11,0,0,0,1,0,1,1,0,1,3,1,2,1,0,1,7,0,7,0,0,0,7,0,7,2018
111000,"Vergewaltigung, sexuelle N tigung und sexueller  bergriff im besonders schweren Fall einschl. mit Todesfolge    177, 178 StGB",9564000,N rnberg,insg.,89,4,85,0,0,0,2,0,2,2,0,2,24,1,23,13,1,12,47,2,45,3,0,3,50,2,48,2018
111000,"Vergewaltigung, sexuelle N tigung und sexueller  bergriff im besonders schweren Fall einschl. mit Todesfolge    177, 178 StGB",5119000,Oberhausen,insg.,17,0,17,0,0,0,0,0,0,0,0,0,9,0,9,2,0,2,6,0,6,0,0,0,6,0,6,2018
111000,"Vergewaltigung, sexuelle N tigung und sexueller  bergriff im besonders schweren Fall einschl. mit Todesfolge    177, 178 StGB",6413000,Offenbach am Main,insg.,18,1,17,0,0,0,1,0,1,1,0,1,6,0,6,1,0,1,10,1,9,0,0,0,10,1,9,2018
111000,"Vergewaltigung, sexuelle N tigung und sexueller  bergriff im besonders schweren Fall einschl. mit Todesfolge    177, 178 StGB",3403000,Oldenburg (Oldenburg),insg.,33,2,31,0,0,0,0,0,0,0,0,0,8,1,7,7,1,6,18,0,18,0,0,0,18,0,18,2018
111000,"Vergewaltigung, sexuelle N tigung und sexueller  bergriff im besonders schweren Fall einschl. mit Todesfolge    177, 178 StGB",3404000,Osnabr ck,insg.,39,2,37,1,0,1,0,0,0,1,0,1,6,0,6,6,0,6,26,2,24,0,0,0,26,2,24,2018
111000,"Vergewaltigung, sexuelle N tigung und sexueller  bergriff im besonders schweren Fall einschl. mit Todesfolge    177, 178 StGB",5774032,Paderborn,insg.,21,0,21,0,0,0,0,0,0,0,0,0,3,0,3,5,0,5,13,0,13,0,0,0,13,0,13,2018
111000,"Vergewaltigung, sexuelle N tigung und sexueller  bergriff im besonders schweren Fall einschl. mit Todesfolge    177, 178 StGB",8231000,Pforzheim,insg.,10,1,9,0,0,0,0,0,0,0,0,0,1,0,1,2,0,2,7,1,6,0,0,0,7,1,6,2018
111000,"Vergewaltigung, sexuelle N tigung und sexueller  bergriff im besonders schweren Fall einschl. mit Todesfolge    177, 178 StGB",12054000,Potsdam,insg.,19,0,19,0,0,0,0,0,0,0,0,0,2,0,2,4,0,4,12,0,12,1,0,1,13,0,13,2018
111000,"Vergewaltigung, sexuelle N tigung und sexueller  bergriff im besonders schweren Fall einschl. mit Todesfolge    177, 178 StGB",5562032,Recklinghausen,insg.,20,2,18,0,0,0,1,0,1,1,0,1,3,0,3,2,0,2,14,2,12,0,0,0,14,2,12,2018
111000,"Vergewaltigung, sexuelle N tigung und sexueller  bergriff im besonders schweren Fall einschl. mit Todesfolge    177, 178 StGB",9362000,Regensburg,insg.,30,0,30,0,0,0,0,0,0,0,0,0,4,0,4,4,0,4,20,0,20,2,0,2,22,0,22,2018
111000,"Vergewaltigung, sexuelle N tigung und sexueller  bergriff im besonders schweren Fall einschl. mit Todesfolge    177, 178 StGB",5120000,Remscheid,insg.,18,0,18,0,0,0,1,0,1,1,0,1,5,0,5,2,0,2,10,0,10,0,0,0,10,0,10,2018
111000,"Vergewaltigung, sexuelle N tigung und sexueller  bergriff im besonders schweren Fall einschl. mit Todesfolge    177, 178 StGB",8415061,Reutlingen,insg.,13,0,13,0,0,0,0,0,0,0,0,0,3,0,3,4,0,4,6,0,6,0,0,0,6,0,6,2018
111000,"Vergewaltigung, sexuelle N tigung und sexueller  bergriff im besonders schweren Fall einschl. mit Todesfolge    177, 178 StGB",13003000,Rostock,insg.,23,1,22,0,0,0,0,0,0,0,0,0,11,1,10,4,0,4,8,0,8,0,0,0,8,0,8,2018
111000,"Vergewaltigung, sexuelle N tigung und sexueller  bergriff im besonders schweren Fall einschl. mit Todesfolge    177, 178 StGB",10041100,Saarbr cken,insg.,32,1,31,0,0,0,0,0,0,0,0,0,3,0,3,9,0,9,20,1,19,0,0,0,20,1,19,2018
111000,"Vergewaltigung, sexuelle N tigung und sexueller  bergriff im besonders schweren Fall einschl. mit Todesfolge    177, 178 StGB",3102000,Salzgitter,insg.,16,2,14,0,0,0,0,0,0,0,0,0,5,1,4,2,1,1,8,0,8,1,0,1,9,0,9,2018
111000,"Vergewaltigung, sexuelle N tigung und sexueller  bergriff im besonders schweren Fall einschl. mit Todesfolge    177, 178 StGB",13004000,Schwerin,insg.,15,0,15,0,0,0,0,0,0,0,0,0,1,0,1,5,0,5,9,0,9,0,0,0,9,0,9,2018
111000,"Vergewaltigung, sexuelle N tigung und sexueller  bergriff im besonders schweren Fall einschl. mit Todesfolge    177, 178 StGB",5970040,Siegen,insg.,13,0,13,0,0,0,0,0,0,0,0,0,3,0,3,6,0,6,4,0,4,0,0,0,4,0,4,2018
111000,"Vergewaltigung, sexuelle N tigung und sexueller  bergriff im besonders schweren Fall einschl. mit Todesfolge    177, 178 StGB",5122000,Solingen,insg.,13,1,12,0,0,0,1,0,1,1,0,1,2,0,2,1,0,1,8,1,7,1,0,1,9,1,8,2018
111000,"Vergewaltigung, sexuelle N tigung und sexueller  bergriff im besonders schweren Fall einschl. mit Todesfolge    177, 178 StGB",8111000,Stuttgart,insg.,126,3,123,0,0,0,0,0,0,0,0,0,22,0,22,13,0,13,90,3,87,1,0,1,91,3,88,2018
111000,"Vergewaltigung, sexuelle N tigung und sexueller  bergriff im besonders schweren Fall einschl. mit Todesfolge    177, 178 StGB",7211000,Trier,insg.,16,0,16,0,0,0,0,0,0,0,0,0,3,0,3,3,0,3,10,0,10,0,0,0,10,0,10,2018
111000,"Vergewaltigung, sexuelle N tigung und sexueller  bergriff im besonders schweren Fall einschl. mit Todesfolge    177, 178 StGB",8421000,Ulm,insg.,12,0,12,0,0,0,0,0,0,0,0,0,3,0,3,2,0,2,7,0,7,0,0,0,7,0,7,2018
111000,"Vergewaltigung, sexuelle N tigung und sexueller  bergriff im besonders schweren Fall einschl. mit Todesfolge    177, 178 StGB",6414000,Wiesbaden,insg.,55,2,53,0,0,0,1,0,1,1,0,1,12,0,12,7,1,6,33,1,32,2,0,2,35,1,34,2018
111000,"Vergewaltigung, sexuelle N tigung und sexueller  bergriff im besonders schweren Fall einschl. mit Todesfolge    177, 178 StGB",3103000,Wolfsburg,insg.,10,0,10,0,0,0,1,0,1,1,0,1,5,0,5,1,0,1,3,0,3,0,0,0,3,0,3,2018
111000,"Vergewaltigung, sexuelle N tigung und sexueller  bergriff im besonders schweren Fall einschl. mit Todesfolge    177, 178 StGB",5124000,Wuppertal,insg.,60,5,55,0,0,0,1,1,0,1,1,0,13,2,11,15,1,14,30,1,29,1,0,1,31,1,30,2018
111000,"Vergewaltigung, sexuelle N tigung und sexueller  bergriff im besonders schweren Fall einschl. mit Todesfolge    177, 178 StGB",9663000,W rzburg,insg.,27,1,26,0,0,0,0,0,0,0,0,0,6,0,6,5,0,5,14,1,13,2,0,2,16,1,15,2018
210000,"Raub, r uberische Erpressung und r uberischer Angriff auf Kraftfahrer    249-252, 255, 316a StGB",5334002,Aachen,voll.,241,173,68,0,0,0,4,4,0,4,4,0,6,5,1,29,25,4,171,129,42,31,10,21,202,139,63,2018
210000,"Raub, r uberische Erpressung und r uberischer Angriff auf Kraftfahrer    249-252, 255, 316a StGB",9761000,Augsburg,voll.,97,66,31,0,0,0,2,2,0,2,2,0,3,2,1,11,8,3,70,48,22,11,6,5,81,54,27,2018
210000,"Raub, r uberische Erpressung und r uberischer Angriff auf Kraftfahrer    249-252, 255, 316a StGB",5378004,Bergisch Gladbach,voll.,57,48,9,0,0,0,1,1,0,1,1,0,13,13,0,11,11,0,22,17,5,10,6,4,32,23,9,2018
210000,"Raub, r uberische Erpressung und r uberischer Angriff auf Kraftfahrer    249-252, 255, 316a StGB",11000000,Berlin,voll.,4072,2954,1118,2,1,1,146,129,17,148,130,18,486,434,52,393,324,69,2591,1844,747,454,222,232,3045,2066,979,2018
210000,"Raub, r uberische Erpressung und r uberischer Angriff auf Kraftfahrer    249-252, 255, 316a StGB",5711000,Bielefeld,voll.,200,145,55,0,0,0,4,3,1,4,3,1,23,19,4,35,30,5,124,86,38,14,7,7,138,93,45,2018
210000,"Raub, r uberische Erpressung und r uberischer Angriff auf Kraftfahrer    249-252, 255, 316a StGB",5911000,Bochum,voll.,241,188,53,0,0,0,14,12,2,14,12,2,48,43,5,26,23,3,134,102,32,19,8,11,153,110,43,2018
210000,"Raub, r uberische Erpressung und r uberischer Angriff auf Kraftfahrer    249-252, 255, 316a StGB",5314000,Bonn,voll.,229,168,61,0,0,0,11,11,0,11,11,0,34,28,6,20,16,4,147,105,42,17,8,9,164,113,51,2018
210000,"Raub, r uberische Erpressung und r uberischer Angriff auf Kraftfahrer    249-252, 255, 316a StGB",5512000,Bottrop,voll.,41,21,20,0,0,0,2,0,2,2,0,2,6,6,0,1,1,0,26,12,14,6,2,4,32,14,18,2018
210000,"Raub, r uberische Erpressung und r uberischer Angriff auf Kraftfahrer    249-252, 255, 316a StGB",3101000,Braunschweig,voll.,112,81,31,1,1,0,2,1,1,3,2,1,4,4,0,15,10,5,83,62,21,7,3,4,90,65,25,2018
210000,"Raub, r uberische Erpressung und r uberischer Angriff auf Kraftfahrer    249-252, 255, 316a StGB",4011000,Bremen,voll.,747,483,264,2,1,1,11,9,2,13,10,3,55,45,10,84,71,13,511,329,182,84,28,56,595,357,238,2018
210000,"Raub, r uberische Erpressung und r uberischer Angriff auf Kraftfahrer    249-252, 255, 316a StGB",4012000,Bremerhaven,voll.,187,125,62,0,0,0,5,4,1,5,4,1,12,12,0,12,8,4,148,97,51,10,4,6,158,101,57,2018
210000,"Raub, r uberische Erpressung und r uberischer Angriff auf Kraftfahrer    249-252, 255, 316a StGB",14511000,Chemnitz,voll.,171,130,41,0,0,0,5,5,0,5,5,0,20,18,2,17,17,0,113,84,29,16,6,10,129,90,39,2018
210000,"Raub, r uberische Erpressung und r uberischer Angriff auf Kraftfahrer    249-252, 255, 316a StGB",12052000,Cottbus,voll.,44,34,10,0,0,0,0,0,0,0,0,0,2,2,0,1,1,0,38,30,8,3,1,2,41,31,10,2018
210000,"Raub, r uberische Erpressung und r uberischer Angriff auf Kraftfahrer    249-252, 255, 316a StGB",6411000,Darmstadt,voll.,101,80,21,0,0,0,0,0,0,0,0,0,11,10,1,13,13,0,67,51,16,10,6,4,77,57,20,2018
210000,"Raub, r uberische Erpressung und r uberischer Angriff auf Kraftfahrer    249-252, 255, 316a StGB",5913000,Dortmund,voll.,584,437,147,0,0,0,32,29,3,32,29,3,78,69,9,63,56,7,356,263,93,55,20,35,411,283,128,2018
210000,"Raub, r uberische Erpressung und r uberischer Angriff auf Kraftfahrer    249-252, 255, 316a StGB",14612000,Dresden,voll.,314,232,82,0,0,0,5,2,3,5,2,3,25,20,5,31,24,7,227,171,56,26,15,11,253,186,67,2018
210000,"Raub, r uberische Erpressung und r uberischer Angriff auf Kraftfahrer    249-252, 255, 316a StGB",5112000,Duisburg,voll.,406,273,133,0,0,0,23,21,2,23,21,2,62,56,6,34,26,8,232,150,82,55,20,35,287,170,117,2018
210000,"Raub, r uberische Erpressung und r uberischer Angriff auf Kraftfahrer    249-252, 255, 316a StGB",5111000,D sseldorf,voll.,506,368,138,1,0,1,9,6,3,10,6,4,42,37,5,40,29,11,364,270,94,50,26,24,414,296,118,2018
210000,"Raub, r uberische Erpressung und r uberischer Angriff auf Kraftfahrer    249-252, 255, 316a StGB",16051000,Erfurt,voll.,139,98,41,0,0,0,0,0,0,0,0,0,17,15,2,11,9,2,100,67,33,11,7,4,111,74,37,2018
210000,"Raub, r uberische Erpressung und r uberischer Angriff auf Kraftfahrer    249-252, 255, 316a StGB",9562000,Erlangen,voll.,16,10,6,0,0,0,0,0,0,0,0,0,0,0,0,0,0,0,12,9,3,4,1,3,16,10,6,2018
210000,"Raub, r uberische Erpressung und r uberischer Angriff auf Kraftfahrer    249-252, 255, 316a StGB",5113000,Essen,voll.,395,244,151,0,0,0,11,7,4,11,7,4,42,36,6,41,31,10,257,157,100,44,13,31,301,170,131,2018
210000,"Raub, r uberische Erpressung und r uberischer Angriff auf Kraftfahrer    249-252, 255, 316a StGB",6412000,Frankfurt am Main,voll.,710,560,150,2,2,0,6,6,0,8,8,0,41,34,7,67,57,10,530,420,110,64,41,23,594,461,133,2018
210000,"Raub, r uberische Erpressung und r uberischer Angriff auf Kraftfahrer    249-252, 255, 316a StGB",8311000,Freiburg im Breisgau,voll.,131,107,24,1,1,0,2,0,2,3,1,2,26,23,3,15,14,1,76,65,11,11,4,7,87,69,18,2018
210000,"Raub, r uberische Erpressung und r uberischer Angriff auf Kraftfahrer    249-252, 255, 316a StGB",9563000,F rth,voll.,28,20,8,0,0,0,2,2,0,2,2,0,1,1,0,1,1,0,24,16,8,0,0,0,24,16,8,2018
210000,"Raub, r uberische Erpressung und r uberischer Angriff auf Kraftfahrer    249-252, 255, 316a StGB",5513000,Gelsenkirchen,voll.,220,150,70,0,0,0,5,4,1,5,4,1,24,18,6,26,21,5,133,96,37,32,11,21,165,107,58,2018
210000,"Raub, r uberische Erpressung und r uberischer Angriff auf Kraftfahrer    249-252, 255, 316a StGB",3159016,G ttingen,voll.,125,99,26,0,0,0,2,1,1,2,1,1,8,8,0,13,11,2,92,72,20,10,7,3,102,79,23,2018
210000,"Raub, r uberische Erpressung und r uberischer Angriff auf Kraftfahrer    249-252, 255, 316a StGB",5914000,Hagen,voll.,129,91,38,0,0,0,10,8,2,10,8,2,16,15,1,8,7,1,85,56,29,10,5,5,95,61,34,2018
210000,"Raub, r uberische Erpressung und r uberischer Angriff auf Kraftfahrer    249-252, 255, 316a StGB",15002000,Halle (Saale),voll.,245,188,57,0,0,0,7,6,1,7,6,1,39,35,4,35,27,8,149,113,36,15,7,8,164,120,44,2018
210000,"Raub, r uberische Erpressung und r uberischer Angriff auf Kraftfahrer    249-252, 255, 316a StGB",2000000,Hamburg,voll.,1749,1348,401,0,0,0,42,32,10,42,32,10,129,108,21,162,136,26,1278,1003,275,138,69,69,1416,1072,344,2018
210000,"Raub, r uberische Erpressung und r uberischer Angriff auf Kraftfahrer    249-252, 255, 316a StGB",5915000,Hamm,voll.,119,77,42,0,0,0,2,2,0,2,2,0,24,22,2,13,10,3,68,37,31,12,6,6,80,43,37,2018
210000,"Raub, r uberische Erpressung und r uberischer Angriff auf Kraftfahrer    249-252, 255, 316a StGB",3241001,Hannover,voll.,485,374,111,0,0,0,10,8,2,10,8,2,41,34,7,50,42,8,349,270,79,35,20,15,384,290,94,2018
210000,"Raub, r uberische Erpressung und r uberischer Angriff auf Kraftfahrer    249-252, 255, 316a StGB",8221000,Heidelberg,voll.,68,54,14,0,0,0,2,2,0,2,2,0,5,4,1,9,7,2,46,39,7,6,2,4,52,41,11,2018
210000,"Raub, r uberische Erpressung und r uberischer Angriff auf Kraftfahrer    249-252, 255, 316a StGB",8121000,Heilbronn,voll.,35,25,10,1,1,0,1,1,0,2,2,0,2,2,0,0,0,0,26,16,10,5,5,0,31,21,10,2018
210000,"Raub, r uberische Erpressung und r uberischer Angriff auf Kraftfahrer    249-252, 255, 316a StGB",5916000,Herne,voll.,99,64,35,0,0,0,7,7,0,7,7,0,12,10,2,10,8,2,50,35,15,20,4,16,70,39,31,2018
210000,"Raub, r uberische Erpressung und r uberischer Angriff auf Kraftfahrer    249-252, 255, 316a StGB",3254021,Hildesheim,voll.,95,73,22,0,0,0,6,6,0,6,6,0,14,14,0,15,15,0,53,36,17,7,2,5,60,38,22,2018
210000,"Raub, r uberische Erpressung und r uberischer Angriff auf Kraftfahrer    249-252, 255, 316a StGB",9161000,Ingolstadt,voll.,39,26,13,0,0,0,0,0,0,0,0,0,4,3,1,5,3,2,27,19,8,3,1,2,30,20,10,2018
210000,"Raub, r uberische Erpressung und r uberischer Angriff auf Kraftfahrer    249-252, 255, 316a StGB",16053000,Jena,voll.,58,45,13,0,0,0,3,3,0,3,3,0,4,2,2,9,9,0,39,29,10,3,2,1,42,31,11,2018
210000,"Raub, r uberische Erpressung und r uberischer Angriff auf Kraftfahrer    249-252, 255, 316a StGB",8212000,Karlsruhe,voll.,140,96,44,0,0,0,3,2,1,3,2,1,12,11,1,18,15,3,93,63,30,14,5,9,107,68,39,2018
210000,"Raub, r uberische Erpressung und r uberischer Angriff auf Kraftfahrer    249-252, 255, 316a StGB",6611000,Kassel,voll.,164,119,45,1,1,0,1,1,0,2,2,0,6,3,3,21,16,5,123,91,32,12,7,5,135,98,37,2018
210000,"Raub, r uberische Erpressung und r uberischer Angriff auf Kraftfahrer    249-252, 255, 316a StGB",1002000,Kiel,voll.,235,192,43,0,0,0,5,5,0,5,5,0,23,22,1,24,23,1,170,135,35,13,7,6,183,142,41,2018
210000,"Raub, r uberische Erpressung und r uberischer Angriff auf Kraftfahrer    249-252, 255, 316a StGB",7111000,Koblenz,voll.,83,51,32,0,0,0,2,2,0,2,2,0,3,1,2,4,4,0,65,39,26,9,5,4,74,44,30,2018
210000,"Raub, r uberische Erpressung und r uberischer Angriff auf Kraftfahrer    249-252, 255, 316a StGB",5315000,K ln,voll.,1158,837,321,0,0,0,19,13,6,19,13,6,107,96,11,110,89,21,819,586,233,103,53,50,922,639,283,2018
210000,"Raub, r uberische Erpressung und r uberischer Angriff auf Kraftfahrer    249-252, 255, 316a StGB",5114000,Krefeld,voll.,195,135,60,0,0,0,19,16,3,19,16,3,34,33,1,12,10,2,110,70,40,20,6,14,130,76,54,2018
210000,"Raub, r uberische Erpressung und r uberischer Angriff auf Kraftfahrer    249-252, 255, 316a StGB",14713000,Leipzig,voll.,551,420,131,0,0,0,6,5,1,6,5,1,54,48,6,45,43,2,397,311,86,49,13,36,446,324,122,2018
210000,"Raub, r uberische Erpressung und r uberischer Angriff auf Kraftfahrer    249-252, 255, 316a StGB",5316000,Leverkusen,voll.,86,63,23,0,0,0,7,6,1,7,6,1,14,10,4,11,10,1,48,35,13,6,2,4,54,37,17,2018
210000,"Raub, r uberische Erpressung und r uberischer Angriff auf Kraftfahrer    249-252, 255, 316a StGB",1003000,L beck,voll.,161,108,53,0,0,0,3,3,0,3,3,0,10,8,2,12,12,0,125,81,44,11,4,7,136,85,51,2018
210000,"Raub, r uberische Erpressung und r uberischer Angriff auf Kraftfahrer    249-252, 255, 316a StGB",7314000,Ludwigshafen am Rhein,voll.,143,107,36,0,0,0,13,12,1,13,12,1,27,25,2,15,13,2,77,52,25,11,5,6,88,57,31,2018
210000,"Raub, r uberische Erpressung und r uberischer Angriff auf Kraftfahrer    249-252, 255, 316a StGB",15003000,Magdeburg,voll.,194,130,64,0,0,0,4,2,2,4,2,2,15,15,0,23,18,5,135,92,43,17,3,14,152,95,57,2018
210000,"Raub, r uberische Erpressung und r uberischer Angriff auf Kraftfahrer    249-252, 255, 316a StGB",7315000,Mainz,voll.,93,71,22,0,0,0,5,3,2,5,3,2,7,7,0,10,8,2,65,50,15,6,3,3,71,53,18,2018
210000,"Raub, r uberische Erpressung und r uberischer Angriff auf Kraftfahrer    249-252, 255, 316a StGB",8222000,Mannheim,voll.,192,148,44,0,0,0,3,3,0,3,3,0,11,10,1,22,13,9,141,112,29,15,10,5,156,122,34,2018
210000,"Raub, r uberische Erpressung und r uberischer Angriff auf Kraftfahrer    249-252, 255, 316a StGB",5170024,Moers,voll.,59,35,24,0,0,0,6,6,0,6,6,0,8,5,3,7,7,0,26,14,12,12,3,9,38,17,21,2018
210000,"Raub, r uberische Erpressung und r uberischer Angriff auf Kraftfahrer    249-252, 255, 316a StGB",5116000,M nchengladbach,voll.,162,119,43,0,0,0,6,6,0,6,6,0,24,20,4,14,10,4,95,69,26,23,14,9,118,83,35,2018
210000,"Raub, r uberische Erpressung und r uberischer Angriff auf Kraftfahrer    249-252, 255, 316a StGB",5117000,M lheim an der Ruhr,voll.,54,27,27,0,0,0,2,1,1,2,1,1,7,5,2,4,3,1,32,16,16,9,2,7,41,18,23,2018
210000,"Raub, r uberische Erpressung und r uberischer Angriff auf Kraftfahrer    249-252, 255, 316a StGB",9162000,M nchen,voll.,438,305,133,0,0,0,12,9,3,12,9,3,36,30,6,36,29,7,307,216,91,47,21,26,354,237,117,2018
210000,"Raub, r uberische Erpressung und r uberischer Angriff auf Kraftfahrer    249-252, 255, 316a StGB",5515000,M nster,voll.,177,147,30,0,0,0,4,3,1,4,3,1,13,10,3,18,16,2,133,112,21,9,6,3,142,118,24,2018
210000,"Raub, r uberische Erpressung und r uberischer Angriff auf Kraftfahrer    249-252, 255, 316a StGB",5162024,Neuss,voll.,96,75,21,0,0,0,3,3,0,3,3,0,9,8,1,13,13,0,65,48,17,6,3,3,71,51,20,2018
210000,"Raub, r uberische Erpressung und r uberischer Angriff auf Kraftfahrer    249-252, 255, 316a StGB",9564000,N rnberg,voll.,209,158,51,0,0,0,3,3,0,3,3,0,14,11,3,25,21,4,148,112,36,19,11,8,167,123,44,2018
210000,"Raub, r uberische Erpressung und r uberischer Angriff auf Kraftfahrer    249-252, 255, 316a StGB",5119000,Oberhausen,voll.,141,105,36,0,0,0,11,9,2,11,9,2,13,11,2,13,12,1,90,67,23,14,6,8,104,73,31,2018
210000,"Raub, r uberische Erpressung und r uberischer Angriff auf Kraftfahrer    249-252, 255, 316a StGB",6413000,Offenbach am Main,voll.,94,64,30,0,0,0,1,1,0,1,1,0,15,13,2,3,3,0,64,40,24,11,7,4,75,47,28,2018
210000,"Raub, r uberische Erpressung und r uberischer Angriff auf Kraftfahrer    249-252, 255, 316a StGB",3403000,Oldenburg (Oldenburg),voll.,145,107,38,0,0,0,5,5,0,5,5,0,14,12,2,25,23,2,91,61,30,10,6,4,101,67,34,2018
210000,"Raub, r uberische Erpressung und r uberischer Angriff auf Kraftfahrer    249-252, 255, 316a StGB",3404000,Osnabr ck,voll.,107,70,37,0,0,0,3,3,0,3,3,0,2,1,1,6,4,2,88,59,29,8,3,5,96,62,34,2018
210000,"Raub, r uberische Erpressung und r uberischer Angriff auf Kraftfahrer    249-252, 255, 316a StGB",5774032,Paderborn,voll.,55,46,9,0,0,0,2,1,1,2,1,1,6,4,2,12,12,0,31,26,5,4,3,1,35,29,6,2018
210000,"Raub, r uberische Erpressung und r uberischer Angriff auf Kraftfahrer    249-252, 255, 316a StGB",8231000,Pforzheim,voll.,65,49,16,0,0,0,1,1,0,1,1,0,9,9,0,11,8,3,40,28,12,4,3,1,44,31,13,2018
210000,"Raub, r uberische Erpressung und r uberischer Angriff auf Kraftfahrer    249-252, 255, 316a StGB",12054000,Potsdam,voll.,106,65,41,0,0,0,3,1,2,3,1,2,12,11,1,13,11,2,73,42,31,5,0,5,78,42,36,2018
210000,"Raub, r uberische Erpressung und r uberischer Angriff auf Kraftfahrer    249-252, 255, 316a StGB",5562032,Recklinghausen,voll.,87,52,35,0,0,0,1,1,0,1,1,0,4,0,4,9,6,3,64,40,24,9,5,4,73,45,28,2018
210000,"Raub, r uberische Erpressung und r uberischer Angriff auf Kraftfahrer    249-252, 255, 316a StGB",9362000,Regensburg,voll.,64,48,16,0,0,0,0,0,0,0,0,0,8,8,0,8,7,1,44,32,12,4,1,3,48,33,15,2018
210000,"Raub, r uberische Erpressung und r uberischer Angriff auf Kraftfahrer    249-252, 255, 316a StGB",5120000,Remscheid,voll.,49,32,17,0,0,0,5,4,1,5,4,1,3,3,0,2,1,1,35,23,12,4,1,3,39,24,15,2018
210000,"Raub, r uberische Erpressung und r uberischer Angriff auf Kraftfahrer    249-252, 255, 316a StGB",8415061,Reutlingen,voll.,40,28,12,0,0,0,1,1,0,1,1,0,2,1,1,6,4,2,26,18,8,5,4,1,31,22,9,2018
210000,"Raub, r uberische Erpressung und r uberischer Angriff auf Kraftfahrer    249-252, 255, 316a StGB",13003000,Rostock,voll.,128,98,30,0,0,0,9,7,2,9,7,2,22,21,1,12,12,0,73,54,19,12,4,8,85,58,27,2018
210000,"Raub, r uberische Erpressung und r uberischer Angriff auf Kraftfahrer    249-252, 255, 316a StGB",10041100,Saarbr cken,voll.,235,189,46,0,0,0,10,10,0,10,10,0,32,30,2,15,13,2,156,128,28,22,8,14,178,136,42,2018
210000,"Raub, r uberische Erpressung und r uberischer Angriff auf Kraftfahrer    249-252, 255, 316a StGB",3102000,Salzgitter,voll.,50,28,22,0,0,0,1,0,1,1,0,1,1,1,0,1,1,0,44,24,20,3,2,1,47,26,21,2018
210000,"Raub, r uberische Erpressung und r uberischer Angriff auf Kraftfahrer    249-252, 255, 316a StGB",13004000,Schwerin,voll.,54,41,13,0,0,0,1,1,0,1,1,0,11,9,2,9,6,3,25,20,5,8,5,3,33,25,8,2018
210000,"Raub, r uberische Erpressung und r uberischer Angriff auf Kraftfahrer    249-252, 255, 316a StGB",5970040,Siegen,voll.,54,39,15,0,0,0,2,2,0,2,2,0,9,8,1,10,8,2,31,20,11,2,1,1,33,21,12,2018
210000,"Raub, r uberische Erpressung und r uberischer Angriff auf Kraftfahrer    249-252, 255, 316a StGB",5122000,Solingen,voll.,69,50,19,0,0,0,1,1,0,1,1,0,11,10,1,7,7,0,36,24,12,14,8,6,50,32,18,2018
210000,"Raub, r uberische Erpressung und r uberischer Angriff auf Kraftfahrer    249-252, 255, 316a StGB",8111000,Stuttgart,voll.,441,362,79,0,0,0,9,7,2,9,7,2,36,31,5,46,40,6,326,267,59,24,17,7,350,284,66,2018
210000,"Raub, r uberische Erpressung und r uberischer Angriff auf Kraftfahrer    249-252, 255, 316a StGB",7211000,Trier,voll.,62,41,21,0,0,0,0,0,0,0,0,0,5,3,2,11,9,2,42,26,16,4,3,1,46,29,17,2018
210000,"Raub, r uberische Erpressung und r uberischer Angriff auf Kraftfahrer    249-252, 255, 316a StGB",8421000,Ulm,voll.,50,41,9,0,0,0,0,0,0,0,0,0,7,6,1,3,3,0,37,30,7,3,2,1,40,32,8,2018
210000,"Raub, r uberische Erpressung und r uberischer Angriff auf Kraftfahrer    249-252, 255, 316a StGB",6414000,Wiesbaden,voll.,151,111,40,0,0,0,14,6,8,14,6,8,23,22,1,13,12,1,88,67,21,13,4,9,101,71,30,2018
210000,"Raub, r uberische Erpressung und r uberischer Angriff auf Kraftfahrer    249-252, 255, 316a StGB",3103000,Wolfsburg,voll.,71,50,21,0,0,0,2,1,1,2,1,1,6,6,0,5,4,1,55,37,18,3,2,1,58,39,19,2018
210000,"Raub, r uberische Erpressung und r uberischer Angriff auf Kraftfahrer    249-252, 255, 316a StGB",5124000,Wuppertal,voll.,293,218,75,1,0,1,39,34,5,40,34,6,38,32,6,20,15,5,169,124,45,26,13,13,195,137,58,2018
210000,"Raub, r uberische Erpressung und r uberischer Angriff auf Kraftfahrer    249-252, 255, 316a StGB",9663000,W rzburg,voll.,27,23,4,0,0,0,0,0,0,0,0,0,0,0,0,4,4,0,21,18,3,2,1,1,23,19,4,2018
210000,"Raub, r uberische Erpressung und r uberischer Angriff auf Kraftfahrer    249-252, 255, 316a StGB",5334002,Aachen,vers.,68,43,25,0,0,0,7,6,1,7,6,1,3,2,1,1,1,0,49,31,18,8,3,5,57,34,23,2018
210000,"Raub, r uberische Erpressung und r uberischer Angriff auf Kraftfahrer    249-252, 255, 316a StGB",9761000,Augsburg,vers.,37,28,9,0,0,0,4,3,1,4,3,1,3,3,0,7,4,3,21,17,4,2,1,1,23,18,5,2018
210000,"Raub, r uberische Erpressung und r uberischer Angriff auf Kraftfahrer    249-252, 255, 316a StGB",5378004,Bergisch Gladbach,vers.,25,18,7,0,0,0,4,3,1,4,3,1,8,7,1,2,2,0,9,6,3,2,0,2,11,6,5,2018
210000,"Raub, r uberische Erpressung und r uberischer Angriff auf Kraftfahrer    249-252, 255, 316a StGB",11000000,Berlin,vers.,921,654,267,1,1,0,54,45,9,55,46,9,128,111,17,59,48,11,587,400,187,92,49,43,679,449,230,2018
210000,"Raub, r uberische Erpressung und r uberischer Angriff auf Kraftfahrer    249-252, 255, 316a StGB",5711000,Bielefeld,vers.,55,40,15,0,0,0,1,1,0,1,1,0,5,5,0,10,7,3,33,24,9,6,3,3,39,27,12,2018
210000,"Raub, r uberische Erpressung und r uberischer Angriff auf Kraftfahrer    249-252, 255, 316a StGB",5911000,Bochum,vers.,82,55,27,0,0,0,11,8,3,11,8,3,11,9,2,9,5,4,45,30,15,6,3,3,51,33,18,2018
210000,"Raub, r uberische Erpressung und r uberischer Angriff auf Kraftfahrer    249-252, 255, 316a StGB",5314000,Bonn,vers.,72,50,22,0,0,0,5,5,0,5,5,0,5,5,0,5,3,2,51,34,17,6,3,3,57,37,20,2018
210000,"Raub, r uberische Erpressung und r uberischer Angriff auf Kraftfahrer    249-252, 255, 316a StGB",5512000,Bottrop,vers.,18,13,5,0,0,0,0,0,0,0,0,0,1,1,0,2,2,0,14,10,4,1,0,1,15,10,5,2018
210000,"Raub, r uberische Erpressung und r uberischer Angriff auf Kraftfahrer    249-252, 255, 316a StGB",3101000,Braunschweig,vers.,27,16,11,0,0,0,1,1,0,1,1,0,2,2,0,3,3,0,18,9,9,3,1,2,21,10,11,2018
210000,"Raub, r uberische Erpressung und r uberischer Angriff auf Kraftfahrer    249-252, 255, 316a StGB",4011000,Bremen,vers.,148,98,50,0,0,0,3,0,3,3,0,3,12,10,2,9,9,0,100,69,31,24,10,14,124,79,45,2018
210000,"Raub, r uberische Erpressung und r uberischer Angriff auf Kraftfahrer    249-252, 255, 316a StGB",4012000,Bremerhaven,vers.,43,29,14,0,0,0,0,0,0,0,0,0,5,5,0,2,2,0,27,19,8,9,3,6,36,22,14,2018
210000,"Raub, r uberische Erpressung und r uberischer Angriff auf Kraftfahrer    249-252, 255, 316a StGB",14511000,Chemnitz,vers.,29,20,9,0,0,0,1,1,0,1,1,0,6,6,0,2,2,0,16,10,6,4,1,3,20,11,9,2018
210000,"Raub, r uberische Erpressung und r uberischer Angriff auf Kraftfahrer    249-252, 255, 316a StGB",12052000,Cottbus,vers.,10,6,4,0,0,0,0,0,0,0,0,0,5,2,3,0,0,0,5,4,1,0,0,0,5,4,1,2018
210000,"Raub, r uberische Erpressung und r uberischer Angriff auf Kraftfahrer    249-252, 255, 316a StGB",6411000,Darmstadt,vers.,14,10,4,0,0,0,0,0,0,0,0,0,1,0,1,2,2,0,8,5,3,3,3,0,11,8,3,2018
210000,"Raub, r uberische Erpressung und r uberischer Angriff auf Kraftfahrer    249-252, 255, 316a StGB",5913000,Dortmund,vers.,158,109,49,0,0,0,22,16,6,22,16,6,18,16,2,19,17,2,70,48,22,29,12,17,99,60,39,2018
210000,"Raub, r uberische Erpressung und r uberischer Angriff auf Kraftfahrer    249-252, 255, 316a StGB",14612000,Dresden,vers.,61,41,20,0,0,0,0,0,0,0,0,0,5,4,1,5,4,1,45,33,12,6,0,6,51,33,18,2018
210000,"Raub, r uberische Erpressung und r uberischer Angriff auf Kraftfahrer    249-252, 255, 316a StGB",5112000,Duisburg,vers.,106,68,38,0,0,0,8,7,1,8,7,1,7,7,0,12,9,3,61,35,26,18,10,8,79,45,34,2018
210000,"Raub, r uberische Erpressung und r uberischer Angriff auf Kraftfahrer    249-252, 255, 316a StGB",5111000,D sseldorf,vers.,108,74,34,0,0,0,4,4,0,4,4,0,4,4,0,12,9,3,80,52,28,8,5,3,88,57,31,2018
210000,"Raub, r uberische Erpressung und r uberischer Angriff auf Kraftfahrer    249-252, 255, 316a StGB",16051000,Erfurt,vers.,36,26,10,0,0,0,0,0,0,0,0,0,3,3,0,3,3,0,27,18,9,3,2,1,30,20,10,2018
210000,"Raub, r uberische Erpressung und r uberischer Angriff auf Kraftfahrer    249-252, 255, 316a StGB",9562000,Erlangen,vers.,4,4,0,0,0,0,0,0,0,0,0,0,1,1,0,0,0,0,1,1,0,2,2,0,3,3,0,2018
210000,"Raub, r uberische Erpressung und r uberischer Angriff auf Kraftfahrer    249-252, 255, 316a StGB",5113000,Essen,vers.,101,70,31,0,0,0,5,5,0,5,5,0,15,14,1,10,7,3,63,41,22,8,3,5,71,44,27,2018
210000,"Raub, r uberische Erpressung und r uberischer Angriff auf Kraftfahrer    249-252, 255, 316a StGB",6412000,Frankfurt am Main,vers.,179,114,65,1,1,0,4,2,2,5,3,2,13,11,2,26,19,7,119,75,44,16,6,10,135,81,54,2018
210000,"Raub, r uberische Erpressung und r uberischer Angriff auf Kraftfahrer    249-252, 255, 316a StGB",8311000,Freiburg im Breisgau,vers.,23,16,7,0,0,0,1,1,0,1,1,0,5,5,0,2,2,0,13,8,5,2,0,2,15,8,7,2018
210000,"Raub, r uberische Erpressung und r uberischer Angriff auf Kraftfahrer    249-252, 255, 316a StGB",9563000,F rth,vers.,13,8,5,0,0,0,1,0,1,1,0,1,0,0,0,1,1,0,10,6,4,1,1,0,11,7,4,2018
210000,"Raub, r uberische Erpressung und r uberischer Angriff auf Kraftfahrer    249-252, 255, 316a StGB",5513000,Gelsenkirchen,vers.,67,53,14,0,0,0,7,7,0,7,7,0,8,7,1,7,7,0,39,27,12,6,5,1,45,32,13,2018
210000,"Raub, r uberische Erpressung und r uberischer Angriff auf Kraftfahrer    249-252, 255, 316a StGB",3159016,G ttingen,vers.,33,20,13,0,0,0,0,0,0,0,0,0,2,1,1,8,6,2,18,12,6,5,1,4,23,13,10,2018
210000,"Raub, r uberische Erpressung und r uberischer Angriff auf Kraftfahrer    249-252, 255, 316a StGB",5914000,Hagen,vers.,42,27,15,0,0,0,6,5,1,6,5,1,4,4,0,2,0,2,26,16,10,4,2,2,30,18,12,2018
210000,"Raub, r uberische Erpressung und r uberischer Angriff auf Kraftfahrer    249-252, 255, 316a StGB",15002000,Halle (Saale),vers.,48,31,17,0,0,0,3,3,0,3,3,0,5,2,3,7,7,0,29,18,11,4,1,3,33,19,14,2018
210000,"Raub, r uberische Erpressung und r uberischer Angriff auf Kraftfahrer    249-252, 255, 316a StGB",2000000,Hamburg,vers.,376,271,105,1,1,0,15,14,1,16,15,1,45,40,5,38,34,4,245,164,81,32,18,14,277,182,95,2018
210000,"Raub, r uberische Erpressung und r uberischer Angriff auf Kraftfahrer    249-252, 255, 316a StGB",5915000,Hamm,vers.,34,25,9,0,0,0,6,6,0,6,6,0,8,8,0,1,1,0,16,9,7,3,1,2,19,10,9,2018
210000,"Raub, r uberische Erpressung und r uberischer Angriff auf Kraftfahrer    249-252, 255, 316a StGB",3241001,Hannover,vers.,117,86,31,0,0,0,2,1,1,2,1,1,11,11,0,16,14,2,71,52,19,17,8,9,88,60,28,2018
210000,"Raub, r uberische Erpressung und r uberischer Angriff auf Kraftfahrer    249-252, 255, 316a StGB",8221000,Heidelberg,vers.,18,15,3,0,0,0,0,0,0,0,0,0,1,1,0,2,1,1,13,11,2,2,2,0,15,13,2,2018
210000,"Raub, r uberische Erpressung und r uberischer Angriff auf Kraftfahrer    249-252, 255, 316a StGB",8121000,Heilbronn,vers.,13,9,4,0,0,0,0,0,0,0,0,0,0,0,0,0,0,0,11,9,2,2,0,2,13,9,4,2018
210000,"Raub, r uberische Erpressung und r uberischer Angriff auf Kraftfahrer    249-252, 255, 316a StGB",5916000,Herne,vers.,27,21,6,0,0,0,3,2,1,3,2,1,6,6,0,0,0,0,14,11,3,4,2,2,18,13,5,2018
210000,"Raub, r uberische Erpressung und r uberischer Angriff auf Kraftfahrer    249-252, 255, 316a StGB",3254021,Hildesheim,vers.,28,19,9,0,0,0,2,1,1,2,1,1,4,4,0,3,2,1,16,10,6,3,2,1,19,12,7,2018
210000,"Raub, r uberische Erpressung und r uberischer Angriff auf Kraftfahrer    249-252, 255, 316a StGB",9161000,Ingolstadt,vers.,8,4,4,0,0,0,0,0,0,0,0,0,1,1,0,0,0,0,7,3,4,0,0,0,7,3,4,2018
210000,"Raub, r uberische Erpressung und r uberischer Angriff auf Kraftfahrer    249-252, 255, 316a StGB",16053000,Jena,vers.,7,6,1,0,0,0,1,1,0,1,1,0,0,0,0,0,0,0,6,5,1,0,0,0,6,5,1,2018
210000,"Raub, r uberische Erpressung und r uberischer Angriff auf Kraftfahrer    249-252, 255, 316a StGB",8212000,Karlsruhe,vers.,30,13,17,0,0,0,0,0,0,0,0,0,0,0,0,3,2,1,25,10,15,2,1,1,27,11,16,2018
210000,"Raub, r uberische Erpressung und r uberischer Angriff auf Kraftfahrer    249-252, 255, 316a StGB",6611000,Kassel,vers.,29,21,8,0,0,0,1,1,0,1,1,0,0,0,0,2,2,0,22,18,4,4,0,4,26,18,8,2018
210000,"Raub, r uberische Erpressung und r uberischer Angriff auf Kraftfahrer    249-252, 255, 316a StGB",1002000,Kiel,vers.,49,38,11,0,0,0,0,0,0,0,0,0,10,10,0,5,5,0,31,21,10,3,2,1,34,23,11,2018
210000,"Raub, r uberische Erpressung und r uberischer Angriff auf Kraftfahrer    249-252, 255, 316a StGB",7111000,Koblenz,vers.,23,15,8,0,0,0,2,2,0,2,2,0,0,0,0,2,2,0,15,10,5,4,1,3,19,11,8,2018
210000,"Raub, r uberische Erpressung und r uberischer Angriff auf Kraftfahrer    249-252, 255, 316a StGB",5315000,K ln,vers.,261,191,70,0,0,0,22,20,2,22,20,2,19,17,2,35,30,5,163,112,51,22,12,10,185,124,61,2018
210000,"Raub, r uberische Erpressung und r uberischer Angriff auf Kraftfahrer    249-252, 255, 316a StGB",5114000,Krefeld,vers.,49,31,18,0,0,0,2,2,0,2,2,0,4,4,0,2,1,1,35,22,13,6,2,4,41,24,17,2018
210000,"Raub, r uberische Erpressung und r uberischer Angriff auf Kraftfahrer    249-252, 255, 316a StGB",14713000,Leipzig,vers.,89,61,28,0,0,0,4,1,3,4,1,3,5,5,0,12,12,0,58,39,19,10,4,6,68,43,25,2018
210000,"Raub, r uberische Erpressung und r uberischer Angriff auf Kraftfahrer    249-252, 255, 316a StGB",5316000,Leverkusen,vers.,24,15,9,0,0,0,0,0,0,0,0,0,4,3,1,1,1,0,17,9,8,2,2,0,19,11,8,2018
210000,"Raub, r uberische Erpressung und r uberischer Angriff auf Kraftfahrer    249-252, 255, 316a StGB",1003000,L beck,vers.,37,24,13,0,0,0,2,2,0,2,2,0,1,1,0,3,2,1,28,18,10,3,1,2,31,19,12,2018
210000,"Raub, r uberische Erpressung und r uberischer Angriff auf Kraftfahrer    249-252, 255, 316a StGB",7314000,Ludwigshafen am Rhein,vers.,49,36,13,0,0,0,9,8,1,9,8,1,10,9,1,8,5,3,19,12,7,3,2,1,22,14,8,2018
210000,"Raub, r uberische Erpressung und r uberischer Angriff auf Kraftfahrer    249-252, 255, 316a StGB",15003000,Magdeburg,vers.,45,37,8,0,0,0,4,4,0,4,4,0,8,8,0,0,0,0,26,23,3,7,2,5,33,25,8,2018
210000,"Raub, r uberische Erpressung und r uberischer Angriff auf Kraftfahrer    249-252, 255, 316a StGB",7315000,Mainz,vers.,35,30,5,0,0,0,0,0,0,0,0,0,9,8,1,1,1,0,21,18,3,4,3,1,25,21,4,2018
210000,"Raub, r uberische Erpressung und r uberischer Angriff auf Kraftfahrer    249-252, 255, 316a StGB",8222000,Mannheim,vers.,41,26,15,0,0,0,1,1,0,1,1,0,1,1,0,2,1,1,32,22,10,5,1,4,37,23,14,2018
210000,"Raub, r uberische Erpressung und r uberischer Angriff auf Kraftfahrer    249-252, 255, 316a StGB",5170024,Moers,vers.,11,11,0,0,0,0,0,0,0,0,0,0,1,1,0,0,0,0,9,9,0,1,1,0,10,10,0,2018
210000,"Raub, r uberische Erpressung und r uberischer Angriff auf Kraftfahrer    249-252, 255, 316a StGB",5116000,M nchengladbach,vers.,46,26,20,0,0,0,3,2,1,3,2,1,8,7,1,5,5,0,23,11,12,7,1,6,30,12,18,2018
210000,"Raub, r uberische Erpressung und r uberischer Angriff auf Kraftfahrer    249-252, 255, 316a StGB",5117000,M lheim an der Ruhr,vers.,15,9,6,0,0,0,1,1,0,1,1,0,3,2,1,1,0,1,9,6,3,1,0,1,10,6,4,2018
210000,"Raub, r uberische Erpressung und r uberischer Angriff auf Kraftfahrer    249-252, 255, 316a StGB",9162000,M nchen,vers.,140,97,43,0,0,0,7,4,3,7,4,3,8,7,1,5,5,0,101,66,35,19,15,4,120,81,39,2018
210000,"Raub, r uberische Erpressung und r uberischer Angriff auf Kraftfahrer    249-252, 255, 316a StGB",5515000,M nster,vers.,56,41,15,0,0,0,0,0,0,0,0,0,8,6,2,6,5,1,40,29,11,2,1,1,42,30,12,2018
210000,"Raub, r uberische Erpressung und r uberischer Angriff auf Kraftfahrer    249-252, 255, 316a StGB",5162024,Neuss,vers.,25,20,5,0,0,0,0,0,0,0,0,0,6,5,1,5,4,1,11,9,2,3,2,1,14,11,3,2018
210000,"Raub, r uberische Erpressung und r uberischer Angriff auf Kraftfahrer    249-252, 255, 316a StGB",9564000,N rnberg,vers.,68,41,27,0,0,0,4,4,0,4,4,0,6,3,3,6,3,3,46,29,17,6,2,4,52,31,21,2018
210000,"Raub, r uberische Erpressung und r uberischer Angriff auf Kraftfahrer    249-252, 255, 316a StGB",5119000,Oberhausen,vers.,40,27,13,0,0,0,2,2,0,2,2,0,11,10,1,3,2,1,16,7,9,8,6,2,24,13,11,2018
210000,"Raub, r uberische Erpressung und r uberischer Angriff auf Kraftfahrer    249-252, 255, 316a StGB",6413000,Offenbach am Main,vers.,18,12,6,0,0,0,0,0,0,0,0,0,2,1,1,0,0,0,11,8,3,5,3,2,16,11,5,2018
210000,"Raub, r uberische Erpressung und r uberischer Angriff auf Kraftfahrer    249-252, 255, 316a StGB",3403000,Oldenburg (Oldenburg),vers.,29,16,13,0,0,0,1,0,1,1,0,1,2,2,0,5,2,3,20,11,9,1,1,0,21,12,9,2018
210000,"Raub, r uberische Erpressung und r uberischer Angriff auf Kraftfahrer    249-252, 255, 316a StGB",3404000,Osnabr ck,vers.,20,12,8,0,0,0,0,0,0,0,0,0,2,0,2,2,2,0,15,9,6,1,1,0,16,10,6,2018
210000,"Raub, r uberische Erpressung und r uberischer Angriff auf Kraftfahrer    249-252, 255, 316a StGB",5774032,Paderborn,vers.,18,12,6,0,0,0,0,0,0,0,0,0,2,2,0,6,5,1,9,5,4,1,0,1,10,5,5,2018
210000,"Raub, r uberische Erpressung und r uberischer Angriff auf Kraftfahrer    249-252, 255, 316a StGB",8231000,Pforzheim,vers.,16,12,4,0,0,0,1,1,0,1,1,0,1,1,0,3,2,1,9,7,2,2,1,1,11,8,3,2018
210000,"Raub, r uberische Erpressung und r uberischer Angriff auf Kraftfahrer    249-252, 255, 316a StGB",12054000,Potsdam,vers.,33,21,12,0,0,0,2,2,0,2,2,0,6,5,1,3,3,0,20,11,9,2,0,2,22,11,11,2018
210000,"Raub, r uberische Erpressung und r uberischer Angriff auf Kraftfahrer    249-252, 255, 316a StGB",5562032,Recklinghausen,vers.,25,17,8,0,0,0,1,1,0,1,1,0,2,2,0,1,0,1,16,12,4,5,2,3,21,14,7,2018
210000,"Raub, r uberische Erpressung und r uberischer Angriff auf Kraftfahrer    249-252, 255, 316a StGB",9362000,Regensburg,vers.,17,11,6,0,0,0,0,0,0,0,0,0,1,1,0,1,1,0,15,9,6,0,0,0,15,9,6,2018
210000,"Raub, r uberische Erpressung und r uberischer Angriff auf Kraftfahrer    249-252, 255, 316a StGB",5120000,Remscheid,vers.,19,14,5,0,0,0,3,3,0,3,3,0,4,4,0,1,1,0,9,6,3,2,0,2,11,6,5,2018
210000,"Raub, r uberische Erpressung und r uberischer Angriff auf Kraftfahrer    249-252, 255, 316a StGB",8415061,Reutlingen,vers.,12,6,6,0,0,0,1,1,0,1,1,0,0,0,0,2,1,1,8,4,4,1,0,1,9,4,5,2018
210000,"Raub, r uberische Erpressung und r uberischer Angriff auf Kraftfahrer    249-252, 255, 316a StGB",13003000,Rostock,vers.,35,31,4,0,0,0,3,3,0,3,3,0,11,10,1,4,4,0,17,14,3,0,0,0,17,14,3,2018
210000,"Raub, r uberische Erpressung und r uberischer Angriff auf Kraftfahrer    249-252, 255, 316a StGB",10041100,Saarbr cken,vers.,47,34,13,0,0,0,4,4,0,4,4,0,6,5,1,6,5,1,29,19,10,2,1,1,31,20,11,2018
210000,"Raub, r uberische Erpressung und r uberischer Angriff auf Kraftfahrer    249-252, 255, 316a StGB",3102000,Salzgitter,vers.,11,4,7,0,0,0,1,1,0,1,1,0,0,0,0,3,0,3,6,3,3,1,0,1,7,3,4,2018
210000,"Raub, r uberische Erpressung und r uberischer Angriff auf Kraftfahrer    249-252, 255, 316a StGB",13004000,Schwerin,vers.,7,6,1,0,0,0,1,1,0,1,1,0,0,0,0,0,0,0,6,5,1,0,0,0,6,5,1,2018
210000,"Raub, r uberische Erpressung und r uberischer Angriff auf Kraftfahrer    249-252, 255, 316a StGB",5970040,Siegen,vers.,14,9,5,0,0,0,0,0,0,0,0,0,1,0,1,1,1,0,10,8,2,2,0,2,12,8,4,2018
210000,"Raub, r uberische Erpressung und r uberischer Angriff auf Kraftfahrer    249-252, 255, 316a StGB",5122000,Solingen,vers.,22,19,3,0,0,0,0,0,0,0,0,0,6,5,1,1,1,0,12,10,2,3,3,0,15,13,2,2018
210000,"Raub, r uberische Erpressung und r uberischer Angriff auf Kraftfahrer    249-252, 255, 316a StGB",8111000,Stuttgart,vers.,122,88,34,0,0,0,6,5,1,6,5,1,13,11,2,7,6,1,92,64,28,4,2,2,96,66,30,2018
210000,"Raub, r uberische Erpressung und r uberischer Angriff auf Kraftfahrer    249-252, 255, 316a StGB",7211000,Trier,vers.,19,18,1,0,0,0,0,0,0,0,0,0,3,3,0,0,0,0,14,14,0,2,1,1,16,15,1,2018
210000,"Raub, r uberische Erpressung und r uberischer Angriff auf Kraftfahrer    249-252, 255, 316a StGB",8421000,Ulm,vers.,3,3,0,0,0,0,0,0,0,0,0,0,0,0,0,0,0,0,2,2,0,1,1,0,3,3,0,2018
210000,"Raub, r uberische Erpressung und r uberischer Angriff auf Kraftfahrer    249-252, 255, 316a StGB",6414000,Wiesbaden,vers.,53,44,9,0,0,0,0,0,0,0,0,0,12,12,0,3,3,0,33,26,7,5,3,2,38,29,9,2018
210000,"Raub, r uberische Erpressung und r uberischer Angriff auf Kraftfahrer    249-252, 255, 316a StGB",3103000,Wolfsburg,vers.,10,6,4,0,0,0,0,0,0,0,0,0,0,0,0,1,1,0,6,3,3,3,2,1,9,5,4,2018
210000,"Raub, r uberische Erpressung und r uberischer Angriff auf Kraftfahrer    249-252, 255, 316a StGB",5124000,Wuppertal,vers.,83,60,23,0,0,0,12,7,5,12,7,5,11,9,2,9,9,0,46,32,14,5,3,2,51,35,16,2018
210000,"Raub, r uberische Erpressung und r uberischer Angriff auf Kraftfahrer    249-252, 255, 316a StGB",9663000,W rzburg,vers.,8,6,2,0,0,0,0,0,0,0,0,0,0,0,0,0,0,0,6,5,1,2,1,1,8,6,2,2018
210000,"Raub, r uberische Erpressung und r uberischer Angriff auf Kraftfahrer    249-252, 255, 316a StGB",5334002,Aachen,insg.,309,216,93,0,0,0,11,10,1,11,10,1,9,7,2,30,26,4,220,160,60,39,13,26,259,173,86,2018
210000,"Raub, r uberische Erpressung und r uberischer Angriff auf Kraftfahrer    249-252, 255, 316a StGB",9761000,Augsburg,insg.,134,94,40,0,0,0,6,5,1,6,5,1,6,5,1,18,12,6,91,65,26,13,7,6,104,72,32,2018
210000,"Raub, r uberische Erpressung und r uberischer Angriff auf Kraftfahrer    249-252, 255, 316a StGB",5378004,Bergisch Gladbach,insg.,82,66,16,0,0,0,5,4,1,5,4,1,21,20,1,13,13,0,31,23,8,12,6,6,43,29,14,2018
210000,"Raub, r uberische Erpressung und r uberischer Angriff auf Kraftfahrer    249-252, 255, 316a StGB",11000000,Berlin,insg.,4993,3608,1385,3,2,1,200,174,26,203,176,27,614,545,69,452,372,80,3178,2244,934,546,271,275,3724,2515,1209,2018
210000,"Raub, r uberische Erpressung und r uberischer Angriff auf Kraftfahrer    249-252, 255, 316a StGB",5711000,Bielefeld,insg.,255,185,70,0,0,0,5,4,1,5,4,1,28,24,4,45,37,8,157,110,47,20,10,10,177,120,57,2018
210000,"Raub, r uberische Erpressung und r uberischer Angriff auf Kraftfahrer    249-252, 255, 316a StGB",5911000,Bochum,insg.,323,243,80,0,0,0,25,20,5,25,20,5,59,52,7,35,28,7,179,132,47,25,11,14,204,143,61,2018
210000,"Raub, r uberische Erpressung und r uberischer Angriff auf Kraftfahrer    249-252, 255, 316a StGB",5314000,Bonn,insg.,301,218,83,0,0,0,16,16,0,16,16,0,39,33,6,25,19,6,198,139,59,23,11,12,221,150,71,2018
210000,"Raub, r uberische Erpressung und r uberischer Angriff auf Kraftfahrer    249-252, 255, 316a StGB",5512000,Bottrop,insg.,59,34,25,0,0,0,2,0,2,2,0,2,7,7,0,3,3,0,40,22,18,7,2,5,47,24,23,2018
210000,"Raub, r uberische Erpressung und r uberischer Angriff auf Kraftfahrer    249-252, 255, 316a StGB",3101000,Braunschweig,insg.,139,97,42,1,1,0,3,2,1,4,3,1,6,6,0,18,13,5,101,71,30,10,4,6,111,75,36,2018
210000,"Raub, r uberische Erpressung und r uberischer Angriff auf Kraftfahrer    249-252, 255, 316a StGB",4011000,Bremen,insg.,895,581,314,2,1,1,14,9,5,16,10,6,67,55,12,93,80,13,611,398,213,108,38,70,719,436,283,2018
210000,"Raub, r uberische Erpressung und r uberischer Angriff auf Kraftfahrer    249-252, 255, 316a StGB",4012000,Bremerhaven,insg.,230,154,76,0,0,0,5,4,1,5,4,1,17,17,0,14,10,4,175,116,59,19,7,12,194,123,71,2018
210000,"Raub, r uberische Erpressung und r uberischer Angriff auf Kraftfahrer    249-252, 255, 316a StGB",14511000,Chemnitz,insg.,200,150,50,0,0,0,6,6,0,6,6,0,26,24,2,19,19,0,129,94,35,20,7,13,149,101,48,2018
210000,"Raub, r uberische Erpressung und r uberischer Angriff auf Kraftfahrer    249-252, 255, 316a StGB",12052000,Cottbus,insg.,54,40,14,0,0,0,0,0,0,0,0,0,7,4,3,1,1,0,43,34,9,3,1,2,46,35,11,2018
210000,"Raub, r uberische Erpressung und r uberischer Angriff auf Kraftfahrer    249-252, 255, 316a StGB",6411000,Darmstadt,insg.,115,90,25,0,0,0,0,0,0,0,0,0,12,10,2,15,15,0,75,56,19,13,9,4,88,65,23,2018
210000,"Raub, r uberische Erpressung und r uberischer Angriff auf Kraftfahrer    249-252, 255, 316a StGB",5913000,Dortmund,insg.,742,546,196,0,0,0,54,45,9,54,45,9,96,85,11,82,73,9,426,311,115,84,32,52,510,343,167,2018
210000,"Raub, r uberische Erpressung und r uberischer Angriff auf Kraftfahrer    249-252, 255, 316a StGB",14612000,Dresden,insg.,375,273,102,0,0,0,5,2,3,5,2,3,30,24,6,36,28,8,272,204,68,32,15,17,304,219,85,2018
210000,"Raub, r uberische Erpressung und r uberischer Angriff auf Kraftfahrer    249-252, 255, 316a StGB",5112000,Duisburg,insg.,512,341,171,0,0,0,31,28,3,31,28,3,69,63,6,46,35,11,293,185,108,73,30,43,366,215,151,2018
210000,"Raub, r uberische Erpressung und r uberischer Angriff auf Kraftfahrer    249-252, 255, 316a StGB",5111000,D sseldorf,insg.,614,442,172,1,0,1,13,10,3,14,10,4,46,41,5,52,38,14,444,322,122,58,31,27,502,353,149,2018
210000,"Raub, r uberische Erpressung und r uberischer Angriff auf Kraftfahrer    249-252, 255, 316a StGB",16051000,Erfurt,insg.,175,124,51,0,0,0,0,0,0,0,0,0,20,18,2,14,12,2,127,85,42,14,9,5,141,94,47,2018
210000,"Raub, r uberische Erpressung und r uberischer Angriff auf Kraftfahrer    249-252, 255, 316a StGB",9562000,Erlangen,insg.,20,14,6,0,0,0,0,0,0,0,0,0,1,1,0,0,0,0,13,10,3,6,3,3,19,13,6,2018
210000,"Raub, r uberische Erpressung und r uberischer Angriff auf Kraftfahrer    249-252, 255, 316a StGB",5113000,Essen,insg.,496,314,182,0,0,0,16,12,4,16,12,4,57,50,7,51,38,13,320,198,122,52,16,36,372,214,158,2018
210000,"Raub, r uberische Erpressung und r uberischer Angriff auf Kraftfahrer    249-252, 255, 316a StGB",6412000,Frankfurt am Main,insg.,889,674,215,3,3,0,10,8,2,13,11,2,54,45,9,93,76,17,649,495,154,80,47,33,729,542,187,2018
210000,"Raub, r uberische Erpressung und r uberischer Angriff auf Kraftfahrer    249-252, 255, 316a StGB",8311000,Freiburg im Breisgau,insg.,154,123,31,1,1,0,3,1,2,4,2,2,31,28,3,17,16,1,89,73,16,13,4,9,102,77,25,2018
210000,"Raub, r uberische Erpressung und r uberischer Angriff auf Kraftfahrer    249-252, 255, 316a StGB",9563000,F rth,insg.,41,28,13,0,0,0,3,2,1,3,2,1,1,1,0,2,2,0,34,22,12,1,1,0,35,23,12,2018
210000,"Raub, r uberische Erpressung und r uberischer Angriff auf Kraftfahrer    249-252, 255, 316a StGB",5513000,Gelsenkirchen,insg.,287,203,84,0,0,0,12,11,1,12,11,1,32,25,7,33,28,5,172,123,49,38,16,22,210,139,71,2018
210000,"Raub, r uberische Erpressung und r uberischer Angriff auf Kraftfahrer    249-252, 255, 316a StGB",3159016,G ttingen,insg.,158,119,39,0,0,0,2,1,1,2,1,1,10,9,1,21,17,4,110,84,26,15,8,7,125,92,33,2018
210000,"Raub, r uberische Erpressung und r uberischer Angriff auf Kraftfahrer    249-252, 255, 316a StGB",5914000,Hagen,insg.,171,118,53,0,0,0,16,13,3,16,13,3,20,19,1,10,7,3,111,72,39,14,7,7,125,79,46,2018
210000,"Raub, r uberische Erpressung und r uberischer Angriff auf Kraftfahrer    249-252, 255, 316a StGB",15002000,Halle (Saale),insg.,293,219,74,0,0,0,10,9,1,10,9,1,44,37,7,42,34,8,178,131,47,19,8,11,197,139,58,2018
210000,"Raub, r uberische Erpressung und r uberischer Angriff auf Kraftfahrer    249-252, 255, 316a StGB",2000000,Hamburg,insg.,2125,1619,506,1,1,0,57,46,11,58,47,11,174,148,26,200,170,30,1523,1167,356,170,87,83,1693,1254,439,2018
210000,"Raub, r uberische Erpressung und r uberischer Angriff auf Kraftfahrer    249-252, 255, 316a StGB",5915000,Hamm,insg.,153,102,51,0,0,0,8,8,0,8,8,0,32,30,2,14,11,3,84,46,38,15,7,8,99,53,46,2018
210000,"Raub, r uberische Erpressung und r uberischer Angriff auf Kraftfahrer    249-252, 255, 316a StGB",3241001,Hannover,insg.,602,460,142,0,0,0,12,9,3,12,9,3,52,45,7,66,56,10,420,322,98,52,28,24,472,350,122,2018
210000,"Raub, r uberische Erpressung und r uberischer Angriff auf Kraftfahrer    249-252, 255, 316a StGB",8221000,Heidelberg,insg.,86,69,17,0,0,0,2,2,0,2,2,0,6,5,1,11,8,3,59,50,9,8,4,4,67,54,13,2018
210000,"Raub, r uberische Erpressung und r uberischer Angriff auf Kraftfahrer    249-252, 255, 316a StGB",8121000,Heilbronn,insg.,48,34,14,1,1,0,1,1,0,2,2,0,2,2,0,0,0,0,37,25,12,7,5,2,44,30,14,2018
210000,"Raub, r uberische Erpressung und r uberischer Angriff auf Kraftfahrer    249-252, 255, 316a StGB",5916000,Herne,insg.,126,85,41,0,0,0,10,9,1,10,9,1,18,16,2,10,8,2,64,46,18,24,6,18,88,52,36,2018
210000,"Raub, r uberische Erpressung und r uberischer Angriff auf Kraftfahrer    249-252, 255, 316a StGB",3254021,Hildesheim,insg.,123,92,31,0,0,0,8,7,1,8,7,1,18,18,0,18,17,1,69,46,23,10,4,6,79,50,29,2018
210000,"Raub, r uberische Erpressung und r uberischer Angriff auf Kraftfahrer    249-252, 255, 316a StGB",9161000,Ingolstadt,insg.,47,30,17,0,0,0,0,0,0,0,0,0,5,4,1,5,3,2,34,22,12,3,1,2,37,23,14,2018
210000,"Raub, r uberische Erpressung und r uberischer Angriff auf Kraftfahrer    249-252, 255, 316a StGB",16053000,Jena,insg.,65,51,14,0,0,0,4,4,0,4,4,0,4,2,2,9,9,0,45,34,11,3,2,1,48,36,12,2018
210000,"Raub, r uberische Erpressung und r uberischer Angriff auf Kraftfahrer    249-252, 255, 316a StGB",8212000,Karlsruhe,insg.,170,109,61,0,0,0,3,2,1,3,2,1,12,11,1,21,17,4,118,73,45,16,6,10,134,79,55,2018
210000,"Raub, r uberische Erpressung und r uberischer Angriff auf Kraftfahrer    249-252, 255, 316a StGB",6611000,Kassel,insg.,193,140,53,1,1,0,2,2,0,3,3,0,6,3,3,23,18,5,145,109,36,16,7,9,161,116,45,2018
210000,"Raub, r uberische Erpressung und r uberischer Angriff auf Kraftfahrer    249-252, 255, 316a StGB",1002000,Kiel,insg.,284,230,54,0,0,0,5,5,0,5,5,0,33,32,1,29,28,1,201,156,45,16,9,7,217,165,52,2018
210000,"Raub, r uberische Erpressung und r uberischer Angriff auf Kraftfahrer    249-252, 255, 316a StGB",7111000,Koblenz,insg.,106,66,40,0,0,0,4,4,0,4,4,0,3,1,2,6,6,0,80,49,31,13,6,7,93,55,38,2018
210000,"Raub, r uberische Erpressung und r uberischer Angriff auf Kraftfahrer    249-252, 255, 316a StGB",5315000,K ln,insg.,1419,1028,391,0,0,0,41,33,8,41,33,8,126,113,13,145,119,26,982,698,284,125,65,60,1107,763,344,2018
210000,"Raub, r uberische Erpressung und r uberischer Angriff auf Kraftfahrer    249-252, 255, 316a StGB",5114000,Krefeld,insg.,244,166,78,0,0,0,21,18,3,21,18,3,38,37,1,14,11,3,145,92,53,26,8,18,171,100,71,2018
210000,"Raub, r uberische Erpressung und r uberischer Angriff auf Kraftfahrer    249-252, 255, 316a StGB",14713000,Leipzig,insg.,640,481,159,0,0,0,10,6,4,10,6,4,59,53,6,57,55,2,455,350,105,59,17,42,514,367,147,2018
210000,"Raub, r uberische Erpressung und r uberischer Angriff auf Kraftfahrer    249-252, 255, 316a StGB",5316000,Leverkusen,insg.,110,78,32,0,0,0,7,6,1,7,6,1,18,13,5,12,11,1,65,44,21,8,4,4,73,48,25,2018
210000,"Raub, r uberische Erpressung und r uberischer Angriff auf Kraftfahrer    249-252, 255, 316a StGB",1003000,L beck,insg.,198,132,66,0,0,0,5,5,0,5,5,0,11,9,2,15,14,1,153,99,54,14,5,9,167,104,63,2018
210000,"Raub, r uberische Erpressung und r uberischer Angriff auf Kraftfahrer    249-252, 255, 316a StGB",7314000,Ludwigshafen am Rhein,insg.,192,143,49,0,0,0,22,20,2,22,20,2,37,34,3,23,18,5,96,64,32,14,7,7,110,71,39,2018
210000,"Raub, r uberische Erpressung und r uberischer Angriff auf Kraftfahrer    249-252, 255, 316a StGB",15003000,Magdeburg,insg.,239,167,72,0,0,0,8,6,2,8,6,2,23,23,0,23,18,5,161,115,46,24,5,19,185,120,65,2018
210000,"Raub, r uberische Erpressung und r uberischer Angriff auf Kraftfahrer    249-252, 255, 316a StGB",7315000,Mainz,insg.,128,101,27,0,0,0,5,3,2,5,3,2,16,15,1,11,9,2,86,68,18,10,6,4,96,74,22,2018
210000,"Raub, r uberische Erpressung und r uberischer Angriff auf Kraftfahrer    249-252, 255, 316a StGB",8222000,Mannheim,insg.,233,174,59,0,0,0,4,4,0,4,4,0,12,11,1,24,14,10,173,134,39,20,11,9,193,145,48,2018
210000,"Raub, r uberische Erpressung und r uberischer Angriff auf Kraftfahrer    249-252, 255, 316a StGB",5170024,Moers,insg.,70,46,24,0,0,0,6,6,0,6,6,0,9,6,3,7,7,0,35,23,12,13,4,9,48,27,21,2018
210000,"Raub, r uberische Erpressung und r uberischer Angriff auf Kraftfahrer    249-252, 255, 316a StGB",5116000,M nchengladbach,insg.,208,145,63,0,0,0,9,8,1,9,8,1,32,27,5,19,15,4,118,80,38,30,15,15,148,95,53,2018
210000,"Raub, r uberische Erpressung und r uberischer Angriff auf Kraftfahrer    249-252, 255, 316a StGB",5117000,M lheim an der Ruhr,insg.,69,36,33,0,0,0,3,2,1,3,2,1,10,7,3,5,3,2,41,22,19,10,2,8,51,24,27,2018
210000,"Raub, r uberische Erpressung und r uberischer Angriff auf Kraftfahrer    249-252, 255, 316a StGB",9162000,M nchen,insg.,578,402,176,0,0,0,19,13,6,19,13,6,44,37,7,41,34,7,408,282,126,66,36,30,474,318,156,2018
210000,"Raub, r uberische Erpressung und r uberischer Angriff auf Kraftfahrer    249-252, 255, 316a StGB",5515000,M nster,insg.,233,188,45,0,0,0,4,3,1,4,3,1,21,16,5,24,21,3,173,141,32,11,7,4,184,148,36,2018
210000,"Raub, r uberische Erpressung und r uberischer Angriff auf Kraftfahrer    249-252, 255, 316a StGB",5162024,Neuss,insg.,121,95,26,0,0,0,3,3,0,3,3,0,15,13,2,18,17,1,76,57,19,9,5,4,85,62,23,2018
210000,"Raub, r uberische Erpressung und r uberischer Angriff auf Kraftfahrer    249-252, 255, 316a StGB",9564000,N rnberg,insg.,277,199,78,0,0,0,7,7,0,7,7,0,20,14,6,31,24,7,194,141,53,25,13,12,219,154,65,2018
210000,"Raub, r uberische Erpressung und r uberischer Angriff auf Kraftfahrer    249-252, 255, 316a StGB",5119000,Oberhausen,insg.,181,132,49,0,0,0,13,11,2,13,11,2,24,21,3,16,14,2,106,74,32,22,12,10,128,86,42,2018
210000,"Raub, r uberische Erpressung und r uberischer Angriff auf Kraftfahrer    249-252, 255, 316a StGB",6413000,Offenbach am Main,insg.,112,76,36,0,0,0,1,1,0,1,1,0,17,14,3,3,3,0,75,48,27,16,10,6,91,58,33,2018
210000,"Raub, r uberische Erpressung und r uberischer Angriff auf Kraftfahrer    249-252, 255, 316a StGB",3403000,Oldenburg (Oldenburg),insg.,174,123,51,0,0,0,6,5,1,6,5,1,16,14,2,30,25,5,111,72,39,11,7,4,122,79,43,2018
210000,"Raub, r uberische Erpressung und r uberischer Angriff auf Kraftfahrer    249-252, 255, 316a StGB",3404000,Osnabr ck,insg.,127,82,45,0,0,0,3,3,0,3,3,0,4,1,3,8,6,2,103,68,35,9,4,5,112,72,40,2018
210000,"Raub, r uberische Erpressung und r uberischer Angriff auf Kraftfahrer    249-252, 255, 316a StGB",5774032,Paderborn,insg.,73,58,15,0,0,0,2,1,1,2,1,1,8,6,2,18,17,1,40,31,9,5,3,2,45,34,11,2018
210000,"Raub, r uberische Erpressung und r uberischer Angriff auf Kraftfahrer    249-252, 255, 316a StGB",8231000,Pforzheim,insg.,81,61,20,0,0,0,2,2,0,2,2,0,10,10,0,14,10,4,49,35,14,6,4,2,55,39,16,2018
210000,"Raub, r uberische Erpressung und r uberischer Angriff auf Kraftfahrer    249-252, 255, 316a StGB",12054000,Potsdam,insg.,139,86,53,0,0,0,5,3,2,5,3,2,18,16,2,16,14,2,93,53,40,7,0,7,100,53,47,2018
210000,"Raub, r uberische Erpressung und r uberischer Angriff auf Kraftfahrer    249-252, 255, 316a StGB",5562032,Recklinghausen,insg.,112,69,43,0,0,0,2,2,0,2,2,0,6,2,4,10,6,4,80,52,28,14,7,7,94,59,35,2018
210000,"Raub, r uberische Erpressung und r uberischer Angriff auf Kraftfahrer    249-252, 255, 316a StGB",9362000,Regensburg,insg.,81,59,22,0,0,0,0,0,0,0,0,0,9,9,0,9,8,1,59,41,18,4,1,3,63,42,21,2018
210000,"Raub, r uberische Erpressung und r uberischer Angriff auf Kraftfahrer    249-252, 255, 316a StGB",5120000,Remscheid,insg.,68,46,22,0,0,0,8,7,1,8,7,1,7,7,0,3,2,1,44,29,15,6,1,5,50,30,20,2018
210000,"Raub, r uberische Erpressung und r uberischer Angriff auf Kraftfahrer    249-252, 255, 316a StGB",8415061,Reutlingen,insg.,52,34,18,0,0,0,2,2,0,2,2,0,2,1,1,8,5,3,34,22,12,6,4,2,40,26,14,2018
210000,"Raub, r uberische Erpressung und r uberischer Angriff auf Kraftfahrer    249-252, 255, 316a StGB",13003000,Rostock,insg.,163,129,34,0,0,0,12,10,2,12,10,2,33,31,2,16,16,0,90,68,22,12,4,8,102,72,30,2018
210000,"Raub, r uberische Erpressung und r uberischer Angriff auf Kraftfahrer    249-252, 255, 316a StGB",10041100,Saarbr cken,insg.,282,223,59,0,0,0,14,14,0,14,14,0,38,35,3,21,18,3,185,147,38,24,9,15,209,156,53,2018
210000,"Raub, r uberische Erpressung und r uberischer Angriff auf Kraftfahrer    249-252, 255, 316a StGB",3102000,Salzgitter,insg.,61,32,29,0,0,0,2,1,1,2,1,1,1,1,0,4,1,3,50,27,23,4,2,2,54,29,25,2018
210000,"Raub, r uberische Erpressung und r uberischer Angriff auf Kraftfahrer    249-252, 255, 316a StGB",13004000,Schwerin,insg.,61,47,14,0,0,0,2,2,0,2,2,0,11,9,2,9,6,3,31,25,6,8,5,3,39,30,9,2018
210000,"Raub, r uberische Erpressung und r uberischer Angriff auf Kraftfahrer    249-252, 255, 316a StGB",5970040,Siegen,insg.,68,48,20,0,0,0,2,2,0,2,2,0,10,8,2,11,9,2,41,28,13,4,1,3,45,29,16,2018
210000,"Raub, r uberische Erpressung und r uberischer Angriff auf Kraftfahrer    249-252, 255, 316a StGB",5122000,Solingen,insg.,91,69,22,0,0,0,1,1,0,1,1,0,17,15,2,8,8,0,48,34,14,17,11,6,65,45,20,2018
210000,"Raub, r uberische Erpressung und r uberischer Angriff auf Kraftfahrer    249-252, 255, 316a StGB",8111000,Stuttgart,insg.,563,450,113,0,0,0,15,12,3,15,12,3,49,42,7,53,46,7,418,331,87,28,19,9,446,350,96,2018
210000,"Raub, r uberische Erpressung und r uberischer Angriff auf Kraftfahrer    249-252, 255, 316a StGB",7211000,Trier,insg.,81,59,22,0,0,0,0,0,0,0,0,0,8,6,2,11,9,2,56,40,16,6,4,2,62,44,18,2018
210000,"Raub, r uberische Erpressung und r uberischer Angriff auf Kraftfahrer    249-252, 255, 316a StGB",8421000,Ulm,insg.,53,44,9,0,0,0,0,0,0,0,0,0,7,6,1,3,3,0,39,32,7,4,3,1,43,35,8,2018
210000,"Raub, r uberische Erpressung und r uberischer Angriff auf Kraftfahrer    249-252, 255, 316a StGB",6414000,Wiesbaden,insg.,204,155,49,0,0,0,14,6,8,14,6,8,35,34,1,16,15,1,121,93,28,18,7,11,139,100,39,2018
210000,"Raub, r uberische Erpressung und r uberischer Angriff auf Kraftfahrer    249-252, 255, 316a StGB",3103000,Wolfsburg,insg.,81,56,25,0,0,0,2,1,1,2,1,1,6,6,0,6,5,1,61,40,21,6,4,2,67,44,23,2018
210000,"Raub, r uberische Erpressung und r uberischer Angriff auf Kraftfahrer    249-252, 255, 316a StGB",5124000,Wuppertal,insg.,376,278,98,1,0,1,51,41,10,52,41,11,49,41,8,29,24,5,215,156,59,31,16,15,246,172,74,2018
210000,"Raub, r uberische Erpressung und r uberischer Angriff auf Kraftfahrer    249-252, 255, 316a StGB",9663000,W rzburg,insg.,35,29,6,0,0,0,0,0,0,0,0,0,0,0,0,4,4,0,27,23,4,4,2,2,31,25,6,2018
211000,"Raub, r uberische Erpressung auf/gegen Geldinstitute, Postfilialen und -agenturen",5334002,Aachen,voll.,1,0,1,0,0,0,0,0,0,0,0,0,0,0,0,0,0,0,1,0,1,0,0,0,1,0,1,2018
211000,"Raub, r uberische Erpressung auf/gegen Geldinstitute, Postfilialen und -agenturen",9761000,Augsburg,voll.,0,0,0,0,0,0,0,0,0,0,0,0,0,0,0,0,0,0,0,0,0,0,0,0,0,0,0,2018
211000,"Raub, r uberische Erpressung auf/gegen Geldinstitute, Postfilialen und -agenturen",5378004,Bergisch Gladbach,voll.,0,0,0,0,0,0,0,0,0,0,0,0,0,0,0,0,0,0,0,0,0,0,0,0,0,0,0,2018
211000,"Raub, r uberische Erpressung auf/gegen Geldinstitute, Postfilialen und -agenturen",11000000,Berlin,voll.,2,0,2,0,0,0,0,0,0,0,0,0,0,0,0,0,0,0,2,0,2,0,0,0,2,0,2,2018
211000,"Raub, r uberische Erpressung auf/gegen Geldinstitute, Postfilialen und -agenturen",5711000,Bielefeld,voll.,2,2,0,0,0,0,0,0,0,0,0,0,0,0,0,0,0,0,2,2,0,0,0,0,2,2,0,2018
211000,"Raub, r uberische Erpressung auf/gegen Geldinstitute, Postfilialen und -agenturen",5911000,Bochum,voll.,0,0,0,0,0,0,0,0,0,0,0,0,0,0,0,0,0,0,0,0,0,0,0,0,0,0,0,2018
211000,"Raub, r uberische Erpressung auf/gegen Geldinstitute, Postfilialen und -agenturen",5314000,Bonn,voll.,0,0,0,0,0,0,0,0,0,0,0,0,0,0,0,0,0,0,0,0,0,0,0,0,0,0,0,2018
211000,"Raub, r uberische Erpressung auf/gegen Geldinstitute, Postfilialen und -agenturen",5512000,Bottrop,voll.,1,0,1,0,0,0,0,0,0,0,0,0,0,0,0,0,0,0,0,0,0,1,0,1,1,0,1,2018
211000,"Raub, r uberische Erpressung auf/gegen Geldinstitute, Postfilialen und -agenturen",3101000,Braunschweig,voll.,0,0,0,0,0,0,0,0,0,0,0,0,0,0,0,0,0,0,0,0,0,0,0,0,0,0,0,2018
211000,"Raub, r uberische Erpressung auf/gegen Geldinstitute, Postfilialen und -agenturen",4011000,Bremen,voll.,1,0,1,0,0,0,0,0,0,0,0,0,0,0,0,0,0,0,1,0,1,0,0,0,1,0,1,2018
211000,"Raub, r uberische Erpressung auf/gegen Geldinstitute, Postfilialen und -agenturen",4012000,Bremerhaven,voll.,0,0,0,0,0,0,0,0,0,0,0,0,0,0,0,0,0,0,0,0,0,0,0,0,0,0,0,2018
211000,"Raub, r uberische Erpressung auf/gegen Geldinstitute, Postfilialen und -agenturen",14511000,Chemnitz,voll.,0,0,0,0,0,0,0,0,0,0,0,0,0,0,0,0,0,0,0,0,0,0,0,0,0,0,0,2018
211000,"Raub, r uberische Erpressung auf/gegen Geldinstitute, Postfilialen und -agenturen",12052000,Cottbus,voll.,0,0,0,0,0,0,0,0,0,0,0,0,0,0,0,0,0,0,0,0,0,0,0,0,0,0,0,2018
211000,"Raub, r uberische Erpressung auf/gegen Geldinstitute, Postfilialen und -agenturen",6411000,Darmstadt,voll.,0,0,0,0,0,0,0,0,0,0,0,0,0,0,0,0,0,0,0,0,0,0,0,0,0,0,0,2018
211000,"Raub, r uberische Erpressung auf/gegen Geldinstitute, Postfilialen und -agenturen",5913000,Dortmund,voll.,0,0,0,0,0,0,0,0,0,0,0,0,0,0,0,0,0,0,0,0,0,0,0,0,0,0,0,2018
211000,"Raub, r uberische Erpressung auf/gegen Geldinstitute, Postfilialen und -agenturen",14612000,Dresden,voll.,0,0,0,0,0,0,0,0,0,0,0,0,0,0,0,0,0,0,0,0,0,0,0,0,0,0,0,2018
211000,"Raub, r uberische Erpressung auf/gegen Geldinstitute, Postfilialen und -agenturen",5112000,Duisburg,voll.,0,0,0,0,0,0,0,0,0,0,0,0,0,0,0,0,0,0,0,0,0,0,0,0,0,0,0,2018
211000,"Raub, r uberische Erpressung auf/gegen Geldinstitute, Postfilialen und -agenturen",5111000,D sseldorf,voll.,0,0,0,0,0,0,0,0,0,0,0,0,0,0,0,0,0,0,0,0,0,0,0,0,0,0,0,2018
211000,"Raub, r uberische Erpressung auf/gegen Geldinstitute, Postfilialen und -agenturen",16051000,Erfurt,voll.,0,0,0,0,0,0,0,0,0,0,0,0,0,0,0,0,0,0,0,0,0,0,0,0,0,0,0,2018
211000,"Raub, r uberische Erpressung auf/gegen Geldinstitute, Postfilialen und -agenturen",9562000,Erlangen,voll.,0,0,0,0,0,0,0,0,0,0,0,0,0,0,0,0,0,0,0,0,0,0,0,0,0,0,0,2018
211000,"Raub, r uberische Erpressung auf/gegen Geldinstitute, Postfilialen und -agenturen",5113000,Essen,voll.,0,0,0,0,0,0,0,0,0,0,0,0,0,0,0,0,0,0,0,0,0,0,0,0,0,0,0,2018
211000,"Raub, r uberische Erpressung auf/gegen Geldinstitute, Postfilialen und -agenturen",6412000,Frankfurt am Main,voll.,1,1,0,0,0,0,0,0,0,0,0,0,0,0,0,0,0,0,1,1,0,0,0,0,1,1,0,2018
211000,"Raub, r uberische Erpressung auf/gegen Geldinstitute, Postfilialen und -agenturen",8311000,Freiburg im Breisgau,voll.,0,0,0,0,0,0,0,0,0,0,0,0,0,0,0,0,0,0,0,0,0,0,0,0,0,0,0,2018
211000,"Raub, r uberische Erpressung auf/gegen Geldinstitute, Postfilialen und -agenturen",9563000,F rth,voll.,0,0,0,0,0,0,0,0,0,0,0,0,0,0,0,0,0,0,0,0,0,0,0,0,0,0,0,2018
211000,"Raub, r uberische Erpressung auf/gegen Geldinstitute, Postfilialen und -agenturen",5513000,Gelsenkirchen,voll.,0,0,0,0,0,0,0,0,0,0,0,0,0,0,0,0,0,0,0,0,0,0,0,0,0,0,0,2018
211000,"Raub, r uberische Erpressung auf/gegen Geldinstitute, Postfilialen und -agenturen",3159016,G ttingen,voll.,1,1,0,0,0,0,0,0,0,0,0,0,0,0,0,0,0,0,0,0,0,1,1,0,1,1,0,2018
211000,"Raub, r uberische Erpressung auf/gegen Geldinstitute, Postfilialen und -agenturen",5914000,Hagen,voll.,0,0,0,0,0,0,0,0,0,0,0,0,0,0,0,0,0,0,0,0,0,0,0,0,0,0,0,2018
211000,"Raub, r uberische Erpressung auf/gegen Geldinstitute, Postfilialen und -agenturen",15002000,Halle (Saale),voll.,0,0,0,0,0,0,0,0,0,0,0,0,0,0,0,0,0,0,0,0,0,0,0,0,0,0,0,2018
211000,"Raub, r uberische Erpressung auf/gegen Geldinstitute, Postfilialen und -agenturen",2000000,Hamburg,voll.,0,0,0,0,0,0,0,0,0,0,0,0,0,0,0,0,0,0,0,0,0,0,0,0,0,0,0,2018
211000,"Raub, r uberische Erpressung auf/gegen Geldinstitute, Postfilialen und -agenturen",5915000,Hamm,voll.,0,0,0,0,0,0,0,0,0,0,0,0,0,0,0,0,0,0,0,0,0,0,0,0,0,0,0,2018
211000,"Raub, r uberische Erpressung auf/gegen Geldinstitute, Postfilialen und -agenturen",3241001,Hannover,voll.,0,0,0,0,0,0,0,0,0,0,0,0,0,0,0,0,0,0,0,0,0,0,0,0,0,0,0,2018
211000,"Raub, r uberische Erpressung auf/gegen Geldinstitute, Postfilialen und -agenturen",8221000,Heidelberg,voll.,0,0,0,0,0,0,0,0,0,0,0,0,0,0,0,0,0,0,0,0,0,0,0,0,0,0,0,2018
211000,"Raub, r uberische Erpressung auf/gegen Geldinstitute, Postfilialen und -agenturen",8121000,Heilbronn,voll.,0,0,0,0,0,0,0,0,0,0,0,0,0,0,0,0,0,0,0,0,0,0,0,0,0,0,0,2018
211000,"Raub, r uberische Erpressung auf/gegen Geldinstitute, Postfilialen und -agenturen",5916000,Herne,voll.,0,0,0,0,0,0,0,0,0,0,0,0,0,0,0,0,0,0,0,0,0,0,0,0,0,0,0,2018
211000,"Raub, r uberische Erpressung auf/gegen Geldinstitute, Postfilialen und -agenturen",3254021,Hildesheim,voll.,0,0,0,0,0,0,0,0,0,0,0,0,0,0,0,0,0,0,0,0,0,0,0,0,0,0,0,2018
211000,"Raub, r uberische Erpressung auf/gegen Geldinstitute, Postfilialen und -agenturen",9161000,Ingolstadt,voll.,0,0,0,0,0,0,0,0,0,0,0,0,0,0,0,0,0,0,0,0,0,0,0,0,0,0,0,2018
211000,"Raub, r uberische Erpressung auf/gegen Geldinstitute, Postfilialen und -agenturen",16053000,Jena,voll.,0,0,0,0,0,0,0,0,0,0,0,0,0,0,0,0,0,0,0,0,0,0,0,0,0,0,0,2018
211000,"Raub, r uberische Erpressung auf/gegen Geldinstitute, Postfilialen und -agenturen",8212000,Karlsruhe,voll.,0,0,0,0,0,0,0,0,0,0,0,0,0,0,0,0,0,0,0,0,0,0,0,0,0,0,0,2018
211000,"Raub, r uberische Erpressung auf/gegen Geldinstitute, Postfilialen und -agenturen",6611000,Kassel,voll.,0,0,0,0,0,0,0,0,0,0,0,0,0,0,0,0,0,0,0,0,0,0,0,0,0,0,0,2018
211000,"Raub, r uberische Erpressung auf/gegen Geldinstitute, Postfilialen und -agenturen",1002000,Kiel,voll.,0,0,0,0,0,0,0,0,0,0,0,0,0,0,0,0,0,0,0,0,0,0,0,0,0,0,0,2018
211000,"Raub, r uberische Erpressung auf/gegen Geldinstitute, Postfilialen und -agenturen",7111000,Koblenz,voll.,0,0,0,0,0,0,0,0,0,0,0,0,0,0,0,0,0,0,0,0,0,0,0,0,0,0,0,2018
211000,"Raub, r uberische Erpressung auf/gegen Geldinstitute, Postfilialen und -agenturen",5315000,K ln,voll.,0,0,0,0,0,0,0,0,0,0,0,0,0,0,0,0,0,0,0,0,0,0,0,0,0,0,0,2018
211000,"Raub, r uberische Erpressung auf/gegen Geldinstitute, Postfilialen und -agenturen",5114000,Krefeld,voll.,0,0,0,0,0,0,0,0,0,0,0,0,0,0,0,0,0,0,0,0,0,0,0,0,0,0,0,2018
211000,"Raub, r uberische Erpressung auf/gegen Geldinstitute, Postfilialen und -agenturen",14713000,Leipzig,voll.,0,0,0,0,0,0,0,0,0,0,0,0,0,0,0,0,0,0,0,0,0,0,0,0,0,0,0,2018
211000,"Raub, r uberische Erpressung auf/gegen Geldinstitute, Postfilialen und -agenturen",5316000,Leverkusen,voll.,0,0,0,0,0,0,0,0,0,0,0,0,0,0,0,0,0,0,0,0,0,0,0,0,0,0,0,2018
211000,"Raub, r uberische Erpressung auf/gegen Geldinstitute, Postfilialen und -agenturen",1003000,L beck,voll.,1,1,0,0,0,0,0,0,0,0,0,0,0,0,0,0,0,0,1,1,0,0,0,0,1,1,0,2018
211000,"Raub, r uberische Erpressung auf/gegen Geldinstitute, Postfilialen und -agenturen",7314000,Ludwigshafen am Rhein,voll.,0,0,0,0,0,0,0,0,0,0,0,0,0,0,0,0,0,0,0,0,0,0,0,0,0,0,0,2018
211000,"Raub, r uberische Erpressung auf/gegen Geldinstitute, Postfilialen und -agenturen",15003000,Magdeburg,voll.,0,0,0,0,0,0,0,0,0,0,0,0,0,0,0,0,0,0,0,0,0,0,0,0,0,0,0,2018
211000,"Raub, r uberische Erpressung auf/gegen Geldinstitute, Postfilialen und -agenturen",7315000,Mainz,voll.,0,0,0,0,0,0,0,0,0,0,0,0,0,0,0,0,0,0,0,0,0,0,0,0,0,0,0,2018
211000,"Raub, r uberische Erpressung auf/gegen Geldinstitute, Postfilialen und -agenturen",8222000,Mannheim,voll.,0,0,0,0,0,0,0,0,0,0,0,0,0,0,0,0,0,0,0,0,0,0,0,0,0,0,0,2018
211000,"Raub, r uberische Erpressung auf/gegen Geldinstitute, Postfilialen und -agenturen",5170024,Moers,voll.,0,0,0,0,0,0,0,0,0,0,0,0,0,0,0,0,0,0,0,0,0,0,0,0,0,0,0,2018
211000,"Raub, r uberische Erpressung auf/gegen Geldinstitute, Postfilialen und -agenturen",5116000,M nchengladbach,voll.,0,0,0,0,0,0,0,0,0,0,0,0,0,0,0,0,0,0,0,0,0,0,0,0,0,0,0,2018
211000,"Raub, r uberische Erpressung auf/gegen Geldinstitute, Postfilialen und -agenturen",5117000,M lheim an der Ruhr,voll.,0,0,0,0,0,0,0,0,0,0,0,0,0,0,0,0,0,0,0,0,0,0,0,0,0,0,0,2018
211000,"Raub, r uberische Erpressung auf/gegen Geldinstitute, Postfilialen und -agenturen",9162000,M nchen,voll.,0,0,0,0,0,0,0,0,0,0,0,0,0,0,0,0,0,0,0,0,0,0,0,0,0,0,0,2018
211000,"Raub, r uberische Erpressung auf/gegen Geldinstitute, Postfilialen und -agenturen",5515000,M nster,voll.,0,0,0,0,0,0,0,0,0,0,0,0,0,0,0,0,0,0,0,0,0,0,0,0,0,0,0,2018
211000,"Raub, r uberische Erpressung auf/gegen Geldinstitute, Postfilialen und -agenturen",5162024,Neuss,voll.,0,0,0,0,0,0,0,0,0,0,0,0,0,0,0,0,0,0,0,0,0,0,0,0,0,0,0,2018
211000,"Raub, r uberische Erpressung auf/gegen Geldinstitute, Postfilialen und -agenturen",9564000,N rnberg,voll.,0,0,0,0,0,0,0,0,0,0,0,0,0,0,0,0,0,0,0,0,0,0,0,0,0,0,0,2018
211000,"Raub, r uberische Erpressung auf/gegen Geldinstitute, Postfilialen und -agenturen",5119000,Oberhausen,voll.,0,0,0,0,0,0,0,0,0,0,0,0,0,0,0,0,0,0,0,0,0,0,0,0,0,0,0,2018
211000,"Raub, r uberische Erpressung auf/gegen Geldinstitute, Postfilialen und -agenturen",6413000,Offenbach am Main,voll.,0,0,0,0,0,0,0,0,0,0,0,0,0,0,0,0,0,0,0,0,0,0,0,0,0,0,0,2018
211000,"Raub, r uberische Erpressung auf/gegen Geldinstitute, Postfilialen und -agenturen",3403000,Oldenburg (Oldenburg),voll.,0,0,0,0,0,0,0,0,0,0,0,0,0,0,0,0,0,0,0,0,0,0,0,0,0,0,0,2018
211000,"Raub, r uberische Erpressung auf/gegen Geldinstitute, Postfilialen und -agenturen",3404000,Osnabr ck,voll.,0,0,0,0,0,0,0,0,0,0,0,0,0,0,0,0,0,0,0,0,0,0,0,0,0,0,0,2018
211000,"Raub, r uberische Erpressung auf/gegen Geldinstitute, Postfilialen und -agenturen",5774032,Paderborn,voll.,0,0,0,0,0,0,0,0,0,0,0,0,0,0,0,0,0,0,0,0,0,0,0,0,0,0,0,2018
211000,"Raub, r uberische Erpressung auf/gegen Geldinstitute, Postfilialen und -agenturen",8231000,Pforzheim,voll.,0,0,0,0,0,0,0,0,0,0,0,0,0,0,0,0,0,0,0,0,0,0,0,0,0,0,0,2018
211000,"Raub, r uberische Erpressung auf/gegen Geldinstitute, Postfilialen und -agenturen",12054000,Potsdam,voll.,0,0,0,0,0,0,0,0,0,0,0,0,0,0,0,0,0,0,0,0,0,0,0,0,0,0,0,2018
211000,"Raub, r uberische Erpressung auf/gegen Geldinstitute, Postfilialen und -agenturen",5562032,Recklinghausen,voll.,0,0,0,0,0,0,0,0,0,0,0,0,0,0,0,0,0,0,0,0,0,0,0,0,0,0,0,2018
211000,"Raub, r uberische Erpressung auf/gegen Geldinstitute, Postfilialen und -agenturen",9362000,Regensburg,voll.,0,0,0,0,0,0,0,0,0,0,0,0,0,0,0,0,0,0,0,0,0,0,0,0,0,0,0,2018
211000,"Raub, r uberische Erpressung auf/gegen Geldinstitute, Postfilialen und -agenturen",5120000,Remscheid,voll.,0,0,0,0,0,0,0,0,0,0,0,0,0,0,0,0,0,0,0,0,0,0,0,0,0,0,0,2018
211000,"Raub, r uberische Erpressung auf/gegen Geldinstitute, Postfilialen und -agenturen",8415061,Reutlingen,voll.,0,0,0,0,0,0,0,0,0,0,0,0,0,0,0,0,0,0,0,0,0,0,0,0,0,0,0,2018
211000,"Raub, r uberische Erpressung auf/gegen Geldinstitute, Postfilialen und -agenturen",13003000,Rostock,voll.,0,0,0,0,0,0,0,0,0,0,0,0,0,0,0,0,0,0,0,0,0,0,0,0,0,0,0,2018
211000,"Raub, r uberische Erpressung auf/gegen Geldinstitute, Postfilialen und -agenturen",10041100,Saarbr cken,voll.,0,0,0,0,0,0,0,0,0,0,0,0,0,0,0,0,0,0,0,0,0,0,0,0,0,0,0,2018
211000,"Raub, r uberische Erpressung auf/gegen Geldinstitute, Postfilialen und -agenturen",3102000,Salzgitter,voll.,0,0,0,0,0,0,0,0,0,0,0,0,0,0,0,0,0,0,0,0,0,0,0,0,0,0,0,2018
211000,"Raub, r uberische Erpressung auf/gegen Geldinstitute, Postfilialen und -agenturen",13004000,Schwerin,voll.,0,0,0,0,0,0,0,0,0,0,0,0,0,0,0,0,0,0,0,0,0,0,0,0,0,0,0,2018
211000,"Raub, r uberische Erpressung auf/gegen Geldinstitute, Postfilialen und -agenturen",5970040,Siegen,voll.,5,1,4,0,0,0,0,0,0,0,0,0,0,0,0,0,0,0,5,1,4,0,0,0,5,1,4,2018
211000,"Raub, r uberische Erpressung auf/gegen Geldinstitute, Postfilialen und -agenturen",5122000,Solingen,voll.,0,0,0,0,0,0,0,0,0,0,0,0,0,0,0,0,0,0,0,0,0,0,0,0,0,0,0,2018
211000,"Raub, r uberische Erpressung auf/gegen Geldinstitute, Postfilialen und -agenturen",8111000,Stuttgart,voll.,0,0,0,0,0,0,0,0,0,0,0,0,0,0,0,0,0,0,0,0,0,0,0,0,0,0,0,2018
211000,"Raub, r uberische Erpressung auf/gegen Geldinstitute, Postfilialen und -agenturen",7211000,Trier,voll.,0,0,0,0,0,0,0,0,0,0,0,0,0,0,0,0,0,0,0,0,0,0,0,0,0,0,0,2018
211000,"Raub, r uberische Erpressung auf/gegen Geldinstitute, Postfilialen und -agenturen",8421000,Ulm,voll.,0,0,0,0,0,0,0,0,0,0,0,0,0,0,0,0,0,0,0,0,0,0,0,0,0,0,0,2018
211000,"Raub, r uberische Erpressung auf/gegen Geldinstitute, Postfilialen und -agenturen",6414000,Wiesbaden,voll.,0,0,0,0,0,0,0,0,0,0,0,0,0,0,0,0,0,0,0,0,0,0,0,0,0,0,0,2018
211000,"Raub, r uberische Erpressung auf/gegen Geldinstitute, Postfilialen und -agenturen",3103000,Wolfsburg,voll.,0,0,0,0,0,0,0,0,0,0,0,0,0,0,0,0,0,0,0,0,0,0,0,0,0,0,0,2018
211000,"Raub, r uberische Erpressung auf/gegen Geldinstitute, Postfilialen und -agenturen",5124000,Wuppertal,voll.,0,0,0,0,0,0,0,0,0,0,0,0,0,0,0,0,0,0,0,0,0,0,0,0,0,0,0,2018
211000,"Raub, r uberische Erpressung auf/gegen Geldinstitute, Postfilialen und -agenturen",9663000,W rzburg,voll.,0,0,0,0,0,0,0,0,0,0,0,0,0,0,0,0,0,0,0,0,0,0,0,0,0,0,0,2018
211000,"Raub, r uberische Erpressung auf/gegen Geldinstitute, Postfilialen und -agenturen",5334002,Aachen,vers.,2,1,1,0,0,0,0,0,0,0,0,0,0,0,0,0,0,0,2,1,1,0,0,0,2,1,1,2018
211000,"Raub, r uberische Erpressung auf/gegen Geldinstitute, Postfilialen und -agenturen",9761000,Augsburg,vers.,0,0,0,0,0,0,0,0,0,0,0,0,0,0,0,0,0,0,0,0,0,0,0,0,0,0,0,2018
211000,"Raub, r uberische Erpressung auf/gegen Geldinstitute, Postfilialen und -agenturen",5378004,Bergisch Gladbach,vers.,0,0,0,0,0,0,0,0,0,0,0,0,0,0,0,0,0,0,0,0,0,0,0,0,0,0,0,2018
211000,"Raub, r uberische Erpressung auf/gegen Geldinstitute, Postfilialen und -agenturen",11000000,Berlin,vers.,1,1,0,0,0,0,0,0,0,0,0,0,0,0,0,0,0,0,1,1,0,0,0,0,1,1,0,2018
211000,"Raub, r uberische Erpressung auf/gegen Geldinstitute, Postfilialen und -agenturen",5711000,Bielefeld,vers.,0,0,0,0,0,0,0,0,0,0,0,0,0,0,0,0,0,0,0,0,0,0,0,0,0,0,0,2018
211000,"Raub, r uberische Erpressung auf/gegen Geldinstitute, Postfilialen und -agenturen",5911000,Bochum,vers.,0,0,0,0,0,0,0,0,0,0,0,0,0,0,0,0,0,0,0,0,0,0,0,0,0,0,0,2018
211000,"Raub, r uberische Erpressung auf/gegen Geldinstitute, Postfilialen und -agenturen",5314000,Bonn,vers.,0,0,0,0,0,0,0,0,0,0,0,0,0,0,0,0,0,0,0,0,0,0,0,0,0,0,0,2018
211000,"Raub, r uberische Erpressung auf/gegen Geldinstitute, Postfilialen und -agenturen",5512000,Bottrop,vers.,0,0,0,0,0,0,0,0,0,0,0,0,0,0,0,0,0,0,0,0,0,0,0,0,0,0,0,2018
211000,"Raub, r uberische Erpressung auf/gegen Geldinstitute, Postfilialen und -agenturen",3101000,Braunschweig,vers.,4,0,4,0,0,0,0,0,0,0,0,0,0,0,0,0,0,0,4,0,4,0,0,0,4,0,4,2018
211000,"Raub, r uberische Erpressung auf/gegen Geldinstitute, Postfilialen und -agenturen",4011000,Bremen,vers.,0,0,0,0,0,0,0,0,0,0,0,0,0,0,0,0,0,0,0,0,0,0,0,0,0,0,0,2018
211000,"Raub, r uberische Erpressung auf/gegen Geldinstitute, Postfilialen und -agenturen",4012000,Bremerhaven,vers.,0,0,0,0,0,0,0,0,0,0,0,0,0,0,0,0,0,0,0,0,0,0,0,0,0,0,0,2018
211000,"Raub, r uberische Erpressung auf/gegen Geldinstitute, Postfilialen und -agenturen",14511000,Chemnitz,vers.,0,0,0,0,0,0,0,0,0,0,0,0,0,0,0,0,0,0,0,0,0,0,0,0,0,0,0,2018
211000,"Raub, r uberische Erpressung auf/gegen Geldinstitute, Postfilialen und -agenturen",12052000,Cottbus,vers.,0,0,0,0,0,0,0,0,0,0,0,0,0,0,0,0,0,0,0,0,0,0,0,0,0,0,0,2018
211000,"Raub, r uberische Erpressung auf/gegen Geldinstitute, Postfilialen und -agenturen",6411000,Darmstadt,vers.,0,0,0,0,0,0,0,0,0,0,0,0,0,0,0,0,0,0,0,0,0,0,0,0,0,0,0,2018
211000,"Raub, r uberische Erpressung auf/gegen Geldinstitute, Postfilialen und -agenturen",5913000,Dortmund,vers.,0,0,0,0,0,0,0,0,0,0,0,0,0,0,0,0,0,0,0,0,0,0,0,0,0,0,0,2018
211000,"Raub, r uberische Erpressung auf/gegen Geldinstitute, Postfilialen und -agenturen",14612000,Dresden,vers.,2,0,2,0,0,0,0,0,0,0,0,0,0,0,0,0,0,0,1,0,1,1,0,1,2,0,2,2018
211000,"Raub, r uberische Erpressung auf/gegen Geldinstitute, Postfilialen und -agenturen",5112000,Duisburg,vers.,0,0,0,0,0,0,0,0,0,0,0,0,0,0,0,0,0,0,0,0,0,0,0,0,0,0,0,2018
211000,"Raub, r uberische Erpressung auf/gegen Geldinstitute, Postfilialen und -agenturen",5111000,D sseldorf,vers.,0,0,0,0,0,0,0,0,0,0,0,0,0,0,0,0,0,0,0,0,0,0,0,0,0,0,0,2018
211000,"Raub, r uberische Erpressung auf/gegen Geldinstitute, Postfilialen und -agenturen",16051000,Erfurt,vers.,3,2,1,0,0,0,0,0,0,0,0,0,0,0,0,0,0,0,3,2,1,0,0,0,3,2,1,2018
211000,"Raub, r uberische Erpressung auf/gegen Geldinstitute, Postfilialen und -agenturen",9562000,Erlangen,vers.,0,0,0,0,0,0,0,0,0,0,0,0,0,0,0,0,0,0,0,0,0,0,0,0,0,0,0,2018
211000,"Raub, r uberische Erpressung auf/gegen Geldinstitute, Postfilialen und -agenturen",5113000,Essen,vers.,0,0,0,0,0,0,0,0,0,0,0,0,0,0,0,0,0,0,0,0,0,0,0,0,0,0,0,2018
211000,"Raub, r uberische Erpressung auf/gegen Geldinstitute, Postfilialen und -agenturen",6412000,Frankfurt am Main,vers.,0,0,0,0,0,0,0,0,0,0,0,0,0,0,0,0,0,0,0,0,0,0,0,0,0,0,0,2018
211000,"Raub, r uberische Erpressung auf/gegen Geldinstitute, Postfilialen und -agenturen",8311000,Freiburg im Breisgau,vers.,0,0,0,0,0,0,0,0,0,0,0,0,0,0,0,0,0,0,0,0,0,0,0,0,0,0,0,2018
211000,"Raub, r uberische Erpressung auf/gegen Geldinstitute, Postfilialen und -agenturen",9563000,F rth,vers.,0,0,0,0,0,0,0,0,0,0,0,0,0,0,0,0,0,0,0,0,0,0,0,0,0,0,0,2018
211000,"Raub, r uberische Erpressung auf/gegen Geldinstitute, Postfilialen und -agenturen",5513000,Gelsenkirchen,vers.,0,0,0,0,0,0,0,0,0,0,0,0,0,0,0,0,0,0,0,0,0,0,0,0,0,0,0,2018
211000,"Raub, r uberische Erpressung auf/gegen Geldinstitute, Postfilialen und -agenturen",3159016,G ttingen,vers.,0,0,0,0,0,0,0,0,0,0,0,0,0,0,0,0,0,0,0,0,0,0,0,0,0,0,0,2018
211000,"Raub, r uberische Erpressung auf/gegen Geldinstitute, Postfilialen und -agenturen",5914000,Hagen,vers.,0,0,0,0,0,0,0,0,0,0,0,0,0,0,0,0,0,0,0,0,0,0,0,0,0,0,0,2018
211000,"Raub, r uberische Erpressung auf/gegen Geldinstitute, Postfilialen und -agenturen",15002000,Halle (Saale),vers.,0,0,0,0,0,0,0,0,0,0,0,0,0,0,0,0,0,0,0,0,0,0,0,0,0,0,0,2018
211000,"Raub, r uberische Erpressung auf/gegen Geldinstitute, Postfilialen und -agenturen",2000000,Hamburg,vers.,0,0,0,0,0,0,0,0,0,0,0,0,0,0,0,0,0,0,0,0,0,0,0,0,0,0,0,2018
211000,"Raub, r uberische Erpressung auf/gegen Geldinstitute, Postfilialen und -agenturen",5915000,Hamm,vers.,0,0,0,0,0,0,0,0,0,0,0,0,0,0,0,0,0,0,0,0,0,0,0,0,0,0,0,2018
211000,"Raub, r uberische Erpressung auf/gegen Geldinstitute, Postfilialen und -agenturen",3241001,Hannover,vers.,0,0,0,0,0,0,0,0,0,0,0,0,0,0,0,0,0,0,0,0,0,0,0,0,0,0,0,2018
211000,"Raub, r uberische Erpressung auf/gegen Geldinstitute, Postfilialen und -agenturen",8221000,Heidelberg,vers.,0,0,0,0,0,0,0,0,0,0,0,0,0,0,0,0,0,0,0,0,0,0,0,0,0,0,0,2018
211000,"Raub, r uberische Erpressung auf/gegen Geldinstitute, Postfilialen und -agenturen",8121000,Heilbronn,vers.,0,0,0,0,0,0,0,0,0,0,0,0,0,0,0,0,0,0,0,0,0,0,0,0,0,0,0,2018
211000,"Raub, r uberische Erpressung auf/gegen Geldinstitute, Postfilialen und -agenturen",5916000,Herne,vers.,0,0,0,0,0,0,0,0,0,0,0,0,0,0,0,0,0,0,0,0,0,0,0,0,0,0,0,2018
211000,"Raub, r uberische Erpressung auf/gegen Geldinstitute, Postfilialen und -agenturen",3254021,Hildesheim,vers.,0,0,0,0,0,0,0,0,0,0,0,0,0,0,0,0,0,0,0,0,0,0,0,0,0,0,0,2018
211000,"Raub, r uberische Erpressung auf/gegen Geldinstitute, Postfilialen und -agenturen",9161000,Ingolstadt,vers.,0,0,0,0,0,0,0,0,0,0,0,0,0,0,0,0,0,0,0,0,0,0,0,0,0,0,0,2018
211000,"Raub, r uberische Erpressung auf/gegen Geldinstitute, Postfilialen und -agenturen",16053000,Jena,vers.,0,0,0,0,0,0,0,0,0,0,0,0,0,0,0,0,0,0,0,0,0,0,0,0,0,0,0,2018
211000,"Raub, r uberische Erpressung auf/gegen Geldinstitute, Postfilialen und -agenturen",8212000,Karlsruhe,vers.,0,0,0,0,0,0,0,0,0,0,0,0,0,0,0,0,0,0,0,0,0,0,0,0,0,0,0,2018
211000,"Raub, r uberische Erpressung auf/gegen Geldinstitute, Postfilialen und -agenturen",6611000,Kassel,vers.,0,0,0,0,0,0,0,0,0,0,0,0,0,0,0,0,0,0,0,0,0,0,0,0,0,0,0,2018
211000,"Raub, r uberische Erpressung auf/gegen Geldinstitute, Postfilialen und -agenturen",1002000,Kiel,vers.,0,0,0,0,0,0,0,0,0,0,0,0,0,0,0,0,0,0,0,0,0,0,0,0,0,0,0,2018
211000,"Raub, r uberische Erpressung auf/gegen Geldinstitute, Postfilialen und -agenturen",7111000,Koblenz,vers.,2,1,1,0,0,0,0,0,0,0,0,0,0,0,0,0,0,0,1,0,1,1,1,0,2,1,1,2018
211000,"Raub, r uberische Erpressung auf/gegen Geldinstitute, Postfilialen und -agenturen",5315000,K ln,vers.,2,2,0,0,0,0,0,0,0,0,0,0,0,0,0,0,0,0,2,2,0,0,0,0,2,2,0,2018
211000,"Raub, r uberische Erpressung auf/gegen Geldinstitute, Postfilialen und -agenturen",5114000,Krefeld,vers.,0,0,0,0,0,0,0,0,0,0,0,0,0,0,0,0,0,0,0,0,0,0,0,0,0,0,0,2018
211000,"Raub, r uberische Erpressung auf/gegen Geldinstitute, Postfilialen und -agenturen",14713000,Leipzig,vers.,1,1,0,0,0,0,0,0,0,0,0,0,0,0,0,0,0,0,1,1,0,0,0,0,1,1,0,2018
211000,"Raub, r uberische Erpressung auf/gegen Geldinstitute, Postfilialen und -agenturen",5316000,Leverkusen,vers.,0,0,0,0,0,0,0,0,0,0,0,0,0,0,0,0,0,0,0,0,0,0,0,0,0,0,0,2018
211000,"Raub, r uberische Erpressung auf/gegen Geldinstitute, Postfilialen und -agenturen",1003000,L beck,vers.,0,0,0,0,0,0,0,0,0,0,0,0,0,0,0,0,0,0,0,0,0,0,0,0,0,0,0,2018
211000,"Raub, r uberische Erpressung auf/gegen Geldinstitute, Postfilialen und -agenturen",7314000,Ludwigshafen am Rhein,vers.,0,0,0,0,0,0,0,0,0,0,0,0,0,0,0,0,0,0,0,0,0,0,0,0,0,0,0,2018
211000,"Raub, r uberische Erpressung auf/gegen Geldinstitute, Postfilialen und -agenturen",15003000,Magdeburg,vers.,0,0,0,0,0,0,0,0,0,0,0,0,0,0,0,0,0,0,0,0,0,0,0,0,0,0,0,2018
211000,"Raub, r uberische Erpressung auf/gegen Geldinstitute, Postfilialen und -agenturen",7315000,Mainz,vers.,0,0,0,0,0,0,0,0,0,0,0,0,0,0,0,0,0,0,0,0,0,0,0,0,0,0,0,2018
211000,"Raub, r uberische Erpressung auf/gegen Geldinstitute, Postfilialen und -agenturen",8222000,Mannheim,vers.,0,0,0,0,0,0,0,0,0,0,0,0,0,0,0,0,0,0,0,0,0,0,0,0,0,0,0,2018
211000,"Raub, r uberische Erpressung auf/gegen Geldinstitute, Postfilialen und -agenturen",5170024,Moers,vers.,0,0,0,0,0,0,0,0,0,0,0,0,0,0,0,0,0,0,0,0,0,0,0,0,0,0,0,2018
211000,"Raub, r uberische Erpressung auf/gegen Geldinstitute, Postfilialen und -agenturen",5116000,M nchengladbach,vers.,0,0,0,0,0,0,0,0,0,0,0,0,0,0,0,0,0,0,0,0,0,0,0,0,0,0,0,2018
211000,"Raub, r uberische Erpressung auf/gegen Geldinstitute, Postfilialen und -agenturen",5117000,M lheim an der Ruhr,vers.,0,0,0,0,0,0,0,0,0,0,0,0,0,0,0,0,0,0,0,0,0,0,0,0,0,0,0,2018
211000,"Raub, r uberische Erpressung auf/gegen Geldinstitute, Postfilialen und -agenturen",9162000,M nchen,vers.,0,0,0,0,0,0,0,0,0,0,0,0,0,0,0,0,0,0,0,0,0,0,0,0,0,0,0,2018
211000,"Raub, r uberische Erpressung auf/gegen Geldinstitute, Postfilialen und -agenturen",5515000,M nster,vers.,1,1,0,0,0,0,0,0,0,0,0,0,0,0,0,0,0,0,1,1,0,0,0,0,1,1,0,2018
211000,"Raub, r uberische Erpressung auf/gegen Geldinstitute, Postfilialen und -agenturen",5162024,Neuss,vers.,0,0,0,0,0,0,0,0,0,0,0,0,0,0,0,0,0,0,0,0,0,0,0,0,0,0,0,2018
211000,"Raub, r uberische Erpressung auf/gegen Geldinstitute, Postfilialen und -agenturen",9564000,N rnberg,vers.,0,0,0,0,0,0,0,0,0,0,0,0,0,0,0,0,0,0,0,0,0,0,0,0,0,0,0,2018
211000,"Raub, r uberische Erpressung auf/gegen Geldinstitute, Postfilialen und -agenturen",5119000,Oberhausen,vers.,0,0,0,0,0,0,0,0,0,0,0,0,0,0,0,0,0,0,0,0,0,0,0,0,0,0,0,2018
211000,"Raub, r uberische Erpressung auf/gegen Geldinstitute, Postfilialen und -agenturen",6413000,Offenbach am Main,vers.,0,0,0,0,0,0,0,0,0,0,0,0,0,0,0,0,0,0,0,0,0,0,0,0,0,0,0,2018
211000,"Raub, r uberische Erpressung auf/gegen Geldinstitute, Postfilialen und -agenturen",3403000,Oldenburg (Oldenburg),vers.,0,0,0,0,0,0,0,0,0,0,0,0,0,0,0,0,0,0,0,0,0,0,0,0,0,0,0,2018
211000,"Raub, r uberische Erpressung auf/gegen Geldinstitute, Postfilialen und -agenturen",3404000,Osnabr ck,vers.,0,0,0,0,0,0,0,0,0,0,0,0,0,0,0,0,0,0,0,0,0,0,0,0,0,0,0,2018
211000,"Raub, r uberische Erpressung auf/gegen Geldinstitute, Postfilialen und -agenturen",5774032,Paderborn,vers.,0,0,0,0,0,0,0,0,0,0,0,0,0,0,0,0,0,0,0,0,0,0,0,0,0,0,0,2018
211000,"Raub, r uberische Erpressung auf/gegen Geldinstitute, Postfilialen und -agenturen",8231000,Pforzheim,vers.,0,0,0,0,0,0,0,0,0,0,0,0,0,0,0,0,0,0,0,0,0,0,0,0,0,0,0,2018
211000,"Raub, r uberische Erpressung auf/gegen Geldinstitute, Postfilialen und -agenturen",12054000,Potsdam,vers.,0,0,0,0,0,0,0,0,0,0,0,0,0,0,0,0,0,0,0,0,0,0,0,0,0,0,0,2018
211000,"Raub, r uberische Erpressung auf/gegen Geldinstitute, Postfilialen und -agenturen",5562032,Recklinghausen,vers.,0,0,0,0,0,0,0,0,0,0,0,0,0,0,0,0,0,0,0,0,0,0,0,0,0,0,0,2018
211000,"Raub, r uberische Erpressung auf/gegen Geldinstitute, Postfilialen und -agenturen",9362000,Regensburg,vers.,0,0,0,0,0,0,0,0,0,0,0,0,0,0,0,0,0,0,0,0,0,0,0,0,0,0,0,2018
211000,"Raub, r uberische Erpressung auf/gegen Geldinstitute, Postfilialen und -agenturen",5120000,Remscheid,vers.,0,0,0,0,0,0,0,0,0,0,0,0,0,0,0,0,0,0,0,0,0,0,0,0,0,0,0,2018
211000,"Raub, r uberische Erpressung auf/gegen Geldinstitute, Postfilialen und -agenturen",8415061,Reutlingen,vers.,0,0,0,0,0,0,0,0,0,0,0,0,0,0,0,0,0,0,0,0,0,0,0,0,0,0,0,2018
211000,"Raub, r uberische Erpressung auf/gegen Geldinstitute, Postfilialen und -agenturen",13003000,Rostock,vers.,3,1,2,0,0,0,0,0,0,0,0,0,0,0,0,0,0,0,3,1,2,0,0,0,3,1,2,2018
211000,"Raub, r uberische Erpressung auf/gegen Geldinstitute, Postfilialen und -agenturen",10041100,Saarbr cken,vers.,0,0,0,0,0,0,0,0,0,0,0,0,0,0,0,0,0,0,0,0,0,0,0,0,0,0,0,2018
211000,"Raub, r uberische Erpressung auf/gegen Geldinstitute, Postfilialen und -agenturen",3102000,Salzgitter,vers.,0,0,0,0,0,0,0,0,0,0,0,0,0,0,0,0,0,0,0,0,0,0,0,0,0,0,0,2018
211000,"Raub, r uberische Erpressung auf/gegen Geldinstitute, Postfilialen und -agenturen",13004000,Schwerin,vers.,0,0,0,0,0,0,0,0,0,0,0,0,0,0,0,0,0,0,0,0,0,0,0,0,0,0,0,2018
211000,"Raub, r uberische Erpressung auf/gegen Geldinstitute, Postfilialen und -agenturen",5970040,Siegen,vers.,0,0,0,0,0,0,0,0,0,0,0,0,0,0,0,0,0,0,0,0,0,0,0,0,0,0,0,2018
211000,"Raub, r uberische Erpressung auf/gegen Geldinstitute, Postfilialen und -agenturen",5122000,Solingen,vers.,0,0,0,0,0,0,0,0,0,0,0,0,0,0,0,0,0,0,0,0,0,0,0,0,0,0,0,2018
211000,"Raub, r uberische Erpressung auf/gegen Geldinstitute, Postfilialen und -agenturen",8111000,Stuttgart,vers.,1,1,0,0,0,0,0,0,0,0,0,0,0,0,0,0,0,0,1,1,0,0,0,0,1,1,0,2018
211000,"Raub, r uberische Erpressung auf/gegen Geldinstitute, Postfilialen und -agenturen",7211000,Trier,vers.,0,0,0,0,0,0,0,0,0,0,0,0,0,0,0,0,0,0,0,0,0,0,0,0,0,0,0,2018
211000,"Raub, r uberische Erpressung auf/gegen Geldinstitute, Postfilialen und -agenturen",8421000,Ulm,vers.,0,0,0,0,0,0,0,0,0,0,0,0,0,0,0,0,0,0,0,0,0,0,0,0,0,0,0,2018
211000,"Raub, r uberische Erpressung auf/gegen Geldinstitute, Postfilialen und -agenturen",6414000,Wiesbaden,vers.,0,0,0,0,0,0,0,0,0,0,0,0,0,0,0,0,0,0,0,0,0,0,0,0,0,0,0,2018
211000,"Raub, r uberische Erpressung auf/gegen Geldinstitute, Postfilialen und -agenturen",3103000,Wolfsburg,vers.,0,0,0,0,0,0,0,0,0,0,0,0,0,0,0,0,0,0,0,0,0,0,0,0,0,0,0,2018
211000,"Raub, r uberische Erpressung auf/gegen Geldinstitute, Postfilialen und -agenturen",5124000,Wuppertal,vers.,0,0,0,0,0,0,0,0,0,0,0,0,0,0,0,0,0,0,0,0,0,0,0,0,0,0,0,2018
211000,"Raub, r uberische Erpressung auf/gegen Geldinstitute, Postfilialen und -agenturen",9663000,W rzburg,vers.,0,0,0,0,0,0,0,0,0,0,0,0,0,0,0,0,0,0,0,0,0,0,0,0,0,0,0,2018
211000,"Raub, r uberische Erpressung auf/gegen Geldinstitute, Postfilialen und -agenturen",5334002,Aachen,insg.,3,1,2,0,0,0,0,0,0,0,0,0,0,0,0,0,0,0,3,1,2,0,0,0,3,1,2,2018
211000,"Raub, r uberische Erpressung auf/gegen Geldinstitute, Postfilialen und -agenturen",9761000,Augsburg,insg.,0,0,0,0,0,0,0,0,0,0,0,0,0,0,0,0,0,0,0,0,0,0,0,0,0,0,0,2018
211000,"Raub, r uberische Erpressung auf/gegen Geldinstitute, Postfilialen und -agenturen",5378004,Bergisch Gladbach,insg.,0,0,0,0,0,0,0,0,0,0,0,0,0,0,0,0,0,0,0,0,0,0,0,0,0,0,0,2018
211000,"Raub, r uberische Erpressung auf/gegen Geldinstitute, Postfilialen und -agenturen",11000000,Berlin,insg.,3,1,2,0,0,0,0,0,0,0,0,0,0,0,0,0,0,0,3,1,2,0,0,0,3,1,2,2018
211000,"Raub, r uberische Erpressung auf/gegen Geldinstitute, Postfilialen und -agenturen",5711000,Bielefeld,insg.,2,2,0,0,0,0,0,0,0,0,0,0,0,0,0,0,0,0,2,2,0,0,0,0,2,2,0,2018
211000,"Raub, r uberische Erpressung auf/gegen Geldinstitute, Postfilialen und -agenturen",5911000,Bochum,insg.,0,0,0,0,0,0,0,0,0,0,0,0,0,0,0,0,0,0,0,0,0,0,0,0,0,0,0,2018
211000,"Raub, r uberische Erpressung auf/gegen Geldinstitute, Postfilialen und -agenturen",5314000,Bonn,insg.,0,0,0,0,0,0,0,0,0,0,0,0,0,0,0,0,0,0,0,0,0,0,0,0,0,0,0,2018
211000,"Raub, r uberische Erpressung auf/gegen Geldinstitute, Postfilialen und -agenturen",5512000,Bottrop,insg.,1,0,1,0,0,0,0,0,0,0,0,0,0,0,0,0,0,0,0,0,0,1,0,1,1,0,1,2018
211000,"Raub, r uberische Erpressung auf/gegen Geldinstitute, Postfilialen und -agenturen",3101000,Braunschweig,insg.,4,0,4,0,0,0,0,0,0,0,0,0,0,0,0,0,0,0,4,0,4,0,0,0,4,0,4,2018
211000,"Raub, r uberische Erpressung auf/gegen Geldinstitute, Postfilialen und -agenturen",4011000,Bremen,insg.,1,0,1,0,0,0,0,0,0,0,0,0,0,0,0,0,0,0,1,0,1,0,0,0,1,0,1,2018
211000,"Raub, r uberische Erpressung auf/gegen Geldinstitute, Postfilialen und -agenturen",4012000,Bremerhaven,insg.,0,0,0,0,0,0,0,0,0,0,0,0,0,0,0,0,0,0,0,0,0,0,0,0,0,0,0,2018
211000,"Raub, r uberische Erpressung auf/gegen Geldinstitute, Postfilialen und -agenturen",14511000,Chemnitz,insg.,0,0,0,0,0,0,0,0,0,0,0,0,0,0,0,0,0,0,0,0,0,0,0,0,0,0,0,2018
211000,"Raub, r uberische Erpressung auf/gegen Geldinstitute, Postfilialen und -agenturen",12052000,Cottbus,insg.,0,0,0,0,0,0,0,0,0,0,0,0,0,0,0,0,0,0,0,0,0,0,0,0,0,0,0,2018
211000,"Raub, r uberische Erpressung auf/gegen Geldinstitute, Postfilialen und -agenturen",6411000,Darmstadt,insg.,0,0,0,0,0,0,0,0,0,0,0,0,0,0,0,0,0,0,0,0,0,0,0,0,0,0,0,2018
211000,"Raub, r uberische Erpressung auf/gegen Geldinstitute, Postfilialen und -agenturen",5913000,Dortmund,insg.,0,0,0,0,0,0,0,0,0,0,0,0,0,0,0,0,0,0,0,0,0,0,0,0,0,0,0,2018
211000,"Raub, r uberische Erpressung auf/gegen Geldinstitute, Postfilialen und -agenturen",14612000,Dresden,insg.,2,0,2,0,0,0,0,0,0,0,0,0,0,0,0,0,0,0,1,0,1,1,0,1,2,0,2,2018
211000,"Raub, r uberische Erpressung auf/gegen Geldinstitute, Postfilialen und -agenturen",5112000,Duisburg,insg.,0,0,0,0,0,0,0,0,0,0,0,0,0,0,0,0,0,0,0,0,0,0,0,0,0,0,0,2018
211000,"Raub, r uberische Erpressung auf/gegen Geldinstitute, Postfilialen und -agenturen",5111000,D sseldorf,insg.,0,0,0,0,0,0,0,0,0,0,0,0,0,0,0,0,0,0,0,0,0,0,0,0,0,0,0,2018
211000,"Raub, r uberische Erpressung auf/gegen Geldinstitute, Postfilialen und -agenturen",16051000,Erfurt,insg.,3,2,1,0,0,0,0,0,0,0,0,0,0,0,0,0,0,0,3,2,1,0,0,0,3,2,1,2018
211000,"Raub, r uberische Erpressung auf/gegen Geldinstitute, Postfilialen und -agenturen",9562000,Erlangen,insg.,0,0,0,0,0,0,0,0,0,0,0,0,0,0,0,0,0,0,0,0,0,0,0,0,0,0,0,2018
211000,"Raub, r uberische Erpressung auf/gegen Geldinstitute, Postfilialen und -agenturen",5113000,Essen,insg.,0,0,0,0,0,0,0,0,0,0,0,0,0,0,0,0,0,0,0,0,0,0,0,0,0,0,0,2018
211000,"Raub, r uberische Erpressung auf/gegen Geldinstitute, Postfilialen und -agenturen",6412000,Frankfurt am Main,insg.,1,1,0,0,0,0,0,0,0,0,0,0,0,0,0,0,0,0,1,1,0,0,0,0,1,1,0,2018
211000,"Raub, r uberische Erpressung auf/gegen Geldinstitute, Postfilialen und -agenturen",8311000,Freiburg im Breisgau,insg.,0,0,0,0,0,0,0,0,0,0,0,0,0,0,0,0,0,0,0,0,0,0,0,0,0,0,0,2018
211000,"Raub, r uberische Erpressung auf/gegen Geldinstitute, Postfilialen und -agenturen",9563000,F rth,insg.,0,0,0,0,0,0,0,0,0,0,0,0,0,0,0,0,0,0,0,0,0,0,0,0,0,0,0,2018
211000,"Raub, r uberische Erpressung auf/gegen Geldinstitute, Postfilialen und -agenturen",5513000,Gelsenkirchen,insg.,0,0,0,0,0,0,0,0,0,0,0,0,0,0,0,0,0,0,0,0,0,0,0,0,0,0,0,2018
211000,"Raub, r uberische Erpressung auf/gegen Geldinstitute, Postfilialen und -agenturen",3159016,G ttingen,insg.,1,1,0,0,0,0,0,0,0,0,0,0,0,0,0,0,0,0,0,0,0,1,1,0,1,1,0,2018
211000,"Raub, r uberische Erpressung auf/gegen Geldinstitute, Postfilialen und -agenturen",5914000,Hagen,insg.,0,0,0,0,0,0,0,0,0,0,0,0,0,0,0,0,0,0,0,0,0,0,0,0,0,0,0,2018
211000,"Raub, r uberische Erpressung auf/gegen Geldinstitute, Postfilialen und -agenturen",15002000,Halle (Saale),insg.,0,0,0,0,0,0,0,0,0,0,0,0,0,0,0,0,0,0,0,0,0,0,0,0,0,0,0,2018
211000,"Raub, r uberische Erpressung auf/gegen Geldinstitute, Postfilialen und -agenturen",2000000,Hamburg,insg.,0,0,0,0,0,0,0,0,0,0,0,0,0,0,0,0,0,0,0,0,0,0,0,0,0,0,0,2018
211000,"Raub, r uberische Erpressung auf/gegen Geldinstitute, Postfilialen und -agenturen",5915000,Hamm,insg.,0,0,0,0,0,0,0,0,0,0,0,0,0,0,0,0,0,0,0,0,0,0,0,0,0,0,0,2018
211000,"Raub, r uberische Erpressung auf/gegen Geldinstitute, Postfilialen und -agenturen",3241001,Hannover,insg.,0,0,0,0,0,0,0,0,0,0,0,0,0,0,0,0,0,0,0,0,0,0,0,0,0,0,0,2018
211000,"Raub, r uberische Erpressung auf/gegen Geldinstitute, Postfilialen und -agenturen",8221000,Heidelberg,insg.,0,0,0,0,0,0,0,0,0,0,0,0,0,0,0,0,0,0,0,0,0,0,0,0,0,0,0,2018
211000,"Raub, r uberische Erpressung auf/gegen Geldinstitute, Postfilialen und -agenturen",8121000,Heilbronn,insg.,0,0,0,0,0,0,0,0,0,0,0,0,0,0,0,0,0,0,0,0,0,0,0,0,0,0,0,2018
211000,"Raub, r uberische Erpressung auf/gegen Geldinstitute, Postfilialen und -agenturen",5916000,Herne,insg.,0,0,0,0,0,0,0,0,0,0,0,0,0,0,0,0,0,0,0,0,0,0,0,0,0,0,0,2018
211000,"Raub, r uberische Erpressung auf/gegen Geldinstitute, Postfilialen und -agenturen",3254021,Hildesheim,insg.,0,0,0,0,0,0,0,0,0,0,0,0,0,0,0,0,0,0,0,0,0,0,0,0,0,0,0,2018
211000,"Raub, r uberische Erpressung auf/gegen Geldinstitute, Postfilialen und -agenturen",9161000,Ingolstadt,insg.,0,0,0,0,0,0,0,0,0,0,0,0,0,0,0,0,0,0,0,0,0,0,0,0,0,0,0,2018
211000,"Raub, r uberische Erpressung auf/gegen Geldinstitute, Postfilialen und -agenturen",16053000,Jena,insg.,0,0,0,0,0,0,0,0,0,0,0,0,0,0,0,0,0,0,0,0,0,0,0,0,0,0,0,2018
211000,"Raub, r uberische Erpressung auf/gegen Geldinstitute, Postfilialen und -agenturen",8212000,Karlsruhe,insg.,0,0,0,0,0,0,0,0,0,0,0,0,0,0,0,0,0,0,0,0,0,0,0,0,0,0,0,2018
211000,"Raub, r uberische Erpressung auf/gegen Geldinstitute, Postfilialen und -agenturen",6611000,Kassel,insg.,0,0,0,0,0,0,0,0,0,0,0,0,0,0,0,0,0,0,0,0,0,0,0,0,0,0,0,2018
211000,"Raub, r uberische Erpressung auf/gegen Geldinstitute, Postfilialen und -agenturen",1002000,Kiel,insg.,0,0,0,0,0,0,0,0,0,0,0,0,0,0,0,0,0,0,0,0,0,0,0,0,0,0,0,2018
211000,"Raub, r uberische Erpressung auf/gegen Geldinstitute, Postfilialen und -agenturen",7111000,Koblenz,insg.,2,1,1,0,0,0,0,0,0,0,0,0,0,0,0,0,0,0,1,0,1,1,1,0,2,1,1,2018
211000,"Raub, r uberische Erpressung auf/gegen Geldinstitute, Postfilialen und -agenturen",5315000,K ln,insg.,2,2,0,0,0,0,0,0,0,0,0,0,0,0,0,0,0,0,2,2,0,0,0,0,2,2,0,2018
211000,"Raub, r uberische Erpressung auf/gegen Geldinstitute, Postfilialen und -agenturen",5114000,Krefeld,insg.,0,0,0,0,0,0,0,0,0,0,0,0,0,0,0,0,0,0,0,0,0,0,0,0,0,0,0,2018
211000,"Raub, r uberische Erpressung auf/gegen Geldinstitute, Postfilialen und -agenturen",14713000,Leipzig,insg.,1,1,0,0,0,0,0,0,0,0,0,0,0,0,0,0,0,0,1,1,0,0,0,0,1,1,0,2018
211000,"Raub, r uberische Erpressung auf/gegen Geldinstitute, Postfilialen und -agenturen",5316000,Leverkusen,insg.,0,0,0,0,0,0,0,0,0,0,0,0,0,0,0,0,0,0,0,0,0,0,0,0,0,0,0,2018
211000,"Raub, r uberische Erpressung auf/gegen Geldinstitute, Postfilialen und -agenturen",1003000,L beck,insg.,1,1,0,0,0,0,0,0,0,0,0,0,0,0,0,0,0,0,1,1,0,0,0,0,1,1,0,2018
211000,"Raub, r uberische Erpressung auf/gegen Geldinstitute, Postfilialen und -agenturen",7314000,Ludwigshafen am Rhein,insg.,0,0,0,0,0,0,0,0,0,0,0,0,0,0,0,0,0,0,0,0,0,0,0,0,0,0,0,2018
211000,"Raub, r uberische Erpressung auf/gegen Geldinstitute, Postfilialen und -agenturen",15003000,Magdeburg,insg.,0,0,0,0,0,0,0,0,0,0,0,0,0,0,0,0,0,0,0,0,0,0,0,0,0,0,0,2018
211000,"Raub, r uberische Erpressung auf/gegen Geldinstitute, Postfilialen und -agenturen",7315000,Mainz,insg.,0,0,0,0,0,0,0,0,0,0,0,0,0,0,0,0,0,0,0,0,0,0,0,0,0,0,0,2018
211000,"Raub, r uberische Erpressung auf/gegen Geldinstitute, Postfilialen und -agenturen",8222000,Mannheim,insg.,0,0,0,0,0,0,0,0,0,0,0,0,0,0,0,0,0,0,0,0,0,0,0,0,0,0,0,2018
211000,"Raub, r uberische Erpressung auf/gegen Geldinstitute, Postfilialen und -agenturen",5170024,Moers,insg.,0,0,0,0,0,0,0,0,0,0,0,0,0,0,0,0,0,0,0,0,0,0,0,0,0,0,0,2018
211000,"Raub, r uberische Erpressung auf/gegen Geldinstitute, Postfilialen und -agenturen",5116000,M nchengladbach,insg.,0,0,0,0,0,0,0,0,0,0,0,0,0,0,0,0,0,0,0,0,0,0,0,0,0,0,0,2018
211000,"Raub, r uberische Erpressung auf/gegen Geldinstitute, Postfilialen und -agenturen",5117000,M lheim an der Ruhr,insg.,0,0,0,0,0,0,0,0,0,0,0,0,0,0,0,0,0,0,0,0,0,0,0,0,0,0,0,2018
211000,"Raub, r uberische Erpressung auf/gegen Geldinstitute, Postfilialen und -agenturen",9162000,M nchen,insg.,0,0,0,0,0,0,0,0,0,0,0,0,0,0,0,0,0,0,0,0,0,0,0,0,0,0,0,2018
211000,"Raub, r uberische Erpressung auf/gegen Geldinstitute, Postfilialen und -agenturen",5515000,M nster,insg.,1,1,0,0,0,0,0,0,0,0,0,0,0,0,0,0,0,0,1,1,0,0,0,0,1,1,0,2018
211000,"Raub, r uberische Erpressung auf/gegen Geldinstitute, Postfilialen und -agenturen",5162024,Neuss,insg.,0,0,0,0,0,0,0,0,0,0,0,0,0,0,0,0,0,0,0,0,0,0,0,0,0,0,0,2018
211000,"Raub, r uberische Erpressung auf/gegen Geldinstitute, Postfilialen und -agenturen",9564000,N rnberg,insg.,0,0,0,0,0,0,0,0,0,0,0,0,0,0,0,0,0,0,0,0,0,0,0,0,0,0,0,2018
211000,"Raub, r uberische Erpressung auf/gegen Geldinstitute, Postfilialen und -agenturen",5119000,Oberhausen,insg.,0,0,0,0,0,0,0,0,0,0,0,0,0,0,0,0,0,0,0,0,0,0,0,0,0,0,0,2018
211000,"Raub, r uberische Erpressung auf/gegen Geldinstitute, Postfilialen und -agenturen",6413000,Offenbach am Main,insg.,0,0,0,0,0,0,0,0,0,0,0,0,0,0,0,0,0,0,0,0,0,0,0,0,0,0,0,2018
211000,"Raub, r uberische Erpressung auf/gegen Geldinstitute, Postfilialen und -agenturen",3403000,Oldenburg (Oldenburg),insg.,0,0,0,0,0,0,0,0,0,0,0,0,0,0,0,0,0,0,0,0,0,0,0,0,0,0,0,2018
211000,"Raub, r uberische Erpressung auf/gegen Geldinstitute, Postfilialen und -agenturen",3404000,Osnabr ck,insg.,0,0,0,0,0,0,0,0,0,0,0,0,0,0,0,0,0,0,0,0,0,0,0,0,0,0,0,2018
211000,"Raub, r uberische Erpressung auf/gegen Geldinstitute, Postfilialen und -agenturen",5774032,Paderborn,insg.,0,0,0,0,0,0,0,0,0,0,0,0,0,0,0,0,0,0,0,0,0,0,0,0,0,0,0,2018
211000,"Raub, r uberische Erpressung auf/gegen Geldinstitute, Postfilialen und -agenturen",8231000,Pforzheim,insg.,0,0,0,0,0,0,0,0,0,0,0,0,0,0,0,0,0,0,0,0,0,0,0,0,0,0,0,2018
211000,"Raub, r uberische Erpressung auf/gegen Geldinstitute, Postfilialen und -agenturen",12054000,Potsdam,insg.,0,0,0,0,0,0,0,0,0,0,0,0,0,0,0,0,0,0,0,0,0,0,0,0,0,0,0,2018
211000,"Raub, r uberische Erpressung auf/gegen Geldinstitute, Postfilialen und -agenturen",5562032,Recklinghausen,insg.,0,0,0,0,0,0,0,0,0,0,0,0,0,0,0,0,0,0,0,0,0,0,0,0,0,0,0,2018
211000,"Raub, r uberische Erpressung auf/gegen Geldinstitute, Postfilialen und -agenturen",9362000,Regensburg,insg.,0,0,0,0,0,0,0,0,0,0,0,0,0,0,0,0,0,0,0,0,0,0,0,0,0,0,0,2018
211000,"Raub, r uberische Erpressung auf/gegen Geldinstitute, Postfilialen und -agenturen",5120000,Remscheid,insg.,0,0,0,0,0,0,0,0,0,0,0,0,0,0,0,0,0,0,0,0,0,0,0,0,0,0,0,2018
211000,"Raub, r uberische Erpressung auf/gegen Geldinstitute, Postfilialen und -agenturen",8415061,Reutlingen,insg.,0,0,0,0,0,0,0,0,0,0,0,0,0,0,0,0,0,0,0,0,0,0,0,0,0,0,0,2018
211000,"Raub, r uberische Erpressung auf/gegen Geldinstitute, Postfilialen und -agenturen",13003000,Rostock,insg.,3,1,2,0,0,0,0,0,0,0,0,0,0,0,0,0,0,0,3,1,2,0,0,0,3,1,2,2018
211000,"Raub, r uberische Erpressung auf/gegen Geldinstitute, Postfilialen und -agenturen",10041100,Saarbr cken,insg.,0,0,0,0,0,0,0,0,0,0,0,0,0,0,0,0,0,0,0,0,0,0,0,0,0,0,0,2018
211000,"Raub, r uberische Erpressung auf/gegen Geldinstitute, Postfilialen und -agenturen",3102000,Salzgitter,insg.,0,0,0,0,0,0,0,0,0,0,0,0,0,0,0,0,0,0,0,0,0,0,0,0,0,0,0,2018
211000,"Raub, r uberische Erpressung auf/gegen Geldinstitute, Postfilialen und -agenturen",13004000,Schwerin,insg.,0,0,0,0,0,0,0,0,0,0,0,0,0,0,0,0,0,0,0,0,0,0,0,0,0,0,0,2018
211000,"Raub, r uberische Erpressung auf/gegen Geldinstitute, Postfilialen und -agenturen",5970040,Siegen,insg.,5,1,4,0,0,0,0,0,0,0,0,0,0,0,0,0,0,0,5,1,4,0,0,0,5,1,4,2018
211000,"Raub, r uberische Erpressung auf/gegen Geldinstitute, Postfilialen und -agenturen",5122000,Solingen,insg.,0,0,0,0,0,0,0,0,0,0,0,0,0,0,0,0,0,0,0,0,0,0,0,0,0,0,0,2018
211000,"Raub, r uberische Erpressung auf/gegen Geldinstitute, Postfilialen und -agenturen",8111000,Stuttgart,insg.,1,1,0,0,0,0,0,0,0,0,0,0,0,0,0,0,0,0,1,1,0,0,0,0,1,1,0,2018
211000,"Raub, r uberische Erpressung auf/gegen Geldinstitute, Postfilialen und -agenturen",7211000,Trier,insg.,0,0,0,0,0,0,0,0,0,0,0,0,0,0,0,0,0,0,0,0,0,0,0,0,0,0,0,2018
211000,"Raub, r uberische Erpressung auf/gegen Geldinstitute, Postfilialen und -agenturen",8421000,Ulm,insg.,0,0,0,0,0,0,0,0,0,0,0,0,0,0,0,0,0,0,0,0,0,0,0,0,0,0,0,2018
211000,"Raub, r uberische Erpressung auf/gegen Geldinstitute, Postfilialen und -agenturen",6414000,Wiesbaden,insg.,0,0,0,0,0,0,0,0,0,0,0,0,0,0,0,0,0,0,0,0,0,0,0,0,0,0,0,2018
211000,"Raub, r uberische Erpressung auf/gegen Geldinstitute, Postfilialen und -agenturen",3103000,Wolfsburg,insg.,0,0,0,0,0,0,0,0,0,0,0,0,0,0,0,0,0,0,0,0,0,0,0,0,0,0,0,2018
211000,"Raub, r uberische Erpressung auf/gegen Geldinstitute, Postfilialen und -agenturen",5124000,Wuppertal,insg.,0,0,0,0,0,0,0,0,0,0,0,0,0,0,0,0,0,0,0,0,0,0,0,0,0,0,0,2018
211000,"Raub, r uberische Erpressung auf/gegen Geldinstitute, Postfilialen und -agenturen",9663000,W rzburg,insg.,0,0,0,0,0,0,0,0,0,0,0,0,0,0,0,0,0,0,0,0,0,0,0,0,0,0,0,2018
212000,"Raub, r uberische Erpressung auf/gegen sonstige Zahlstellen und Gesch fte",5334002,Aachen,voll.,5,3,2,0,0,0,0,0,0,0,0,0,0,0,0,0,0,0,2,2,0,3,1,2,5,3,2,2018
212000,"Raub, r uberische Erpressung auf/gegen sonstige Zahlstellen und Gesch fte",9761000,Augsburg,voll.,5,1,4,0,0,0,0,0,0,0,0,0,0,0,0,0,0,0,4,0,4,1,1,0,5,1,4,2018
212000,"Raub, r uberische Erpressung auf/gegen sonstige Zahlstellen und Gesch fte",5378004,Bergisch Gladbach,voll.,4,3,1,0,0,0,0,0,0,0,0,0,0,0,0,1,1,0,2,1,1,1,1,0,3,2,1,2018
212000,"Raub, r uberische Erpressung auf/gegen sonstige Zahlstellen und Gesch fte",11000000,Berlin,voll.,487,275,212,0,0,0,0,0,0,0,0,0,1,1,0,33,20,13,399,223,176,54,31,23,453,254,199,2018
212000,"Raub, r uberische Erpressung auf/gegen sonstige Zahlstellen und Gesch fte",5711000,Bielefeld,voll.,11,4,7,0,0,0,0,0,0,0,0,0,1,0,1,0,0,0,9,4,5,1,0,1,10,4,6,2018
212000,"Raub, r uberische Erpressung auf/gegen sonstige Zahlstellen und Gesch fte",5911000,Bochum,voll.,7,2,5,0,0,0,0,0,0,0,0,0,0,0,0,0,0,0,7,2,5,0,0,0,7,2,5,2018
212000,"Raub, r uberische Erpressung auf/gegen sonstige Zahlstellen und Gesch fte",5314000,Bonn,voll.,18,7,11,0,0,0,0,0,0,0,0,0,1,0,1,0,0,0,16,6,10,1,1,0,17,7,10,2018
212000,"Raub, r uberische Erpressung auf/gegen sonstige Zahlstellen und Gesch fte",5512000,Bottrop,voll.,7,0,7,0,0,0,0,0,0,0,0,0,0,0,0,0,0,0,5,0,5,2,0,2,7,0,7,2018
212000,"Raub, r uberische Erpressung auf/gegen sonstige Zahlstellen und Gesch fte",3101000,Braunschweig,voll.,10,3,7,0,0,0,0,0,0,0,0,0,0,0,0,4,2,2,4,1,3,2,0,2,6,1,5,2018
212000,"Raub, r uberische Erpressung auf/gegen sonstige Zahlstellen und Gesch fte",4011000,Bremen,voll.,67,27,40,0,0,0,0,0,0,0,0,0,1,0,1,8,4,4,55,23,32,3,0,3,58,23,35,2018
212000,"Raub, r uberische Erpressung auf/gegen sonstige Zahlstellen und Gesch fte",4012000,Bremerhaven,voll.,25,11,14,0,0,0,0,0,0,0,0,0,0,0,0,1,0,1,24,11,13,0,0,0,24,11,13,2018
212000,"Raub, r uberische Erpressung auf/gegen sonstige Zahlstellen und Gesch fte",14511000,Chemnitz,voll.,0,0,0,0,0,0,0,0,0,0,0,0,0,0,0,0,0,0,0,0,0,0,0,0,0,0,0,2018
212000,"Raub, r uberische Erpressung auf/gegen sonstige Zahlstellen und Gesch fte",12052000,Cottbus,voll.,5,4,1,0,0,0,0,0,0,0,0,0,0,0,0,0,0,0,5,4,1,0,0,0,5,4,1,2018
212000,"Raub, r uberische Erpressung auf/gegen sonstige Zahlstellen und Gesch fte",6411000,Darmstadt,voll.,4,1,3,0,0,0,0,0,0,0,0,0,0,0,0,0,0,0,3,1,2,1,0,1,4,1,3,2018
212000,"Raub, r uberische Erpressung auf/gegen sonstige Zahlstellen und Gesch fte",5913000,Dortmund,voll.,27,14,13,0,0,0,0,0,0,0,0,0,0,0,0,2,2,0,23,12,11,2,0,2,25,12,13,2018
212000,"Raub, r uberische Erpressung auf/gegen sonstige Zahlstellen und Gesch fte",14612000,Dresden,voll.,9,4,5,0,0,0,0,0,0,0,0,0,0,0,0,0,0,0,8,4,4,1,0,1,9,4,5,2018
212000,"Raub, r uberische Erpressung auf/gegen sonstige Zahlstellen und Gesch fte",5112000,Duisburg,voll.,29,15,14,0,0,0,0,0,0,0,0,0,1,1,0,2,2,0,22,10,12,4,2,2,26,12,14,2018
212000,"Raub, r uberische Erpressung auf/gegen sonstige Zahlstellen und Gesch fte",5111000,D sseldorf,voll.,25,12,13,0,0,0,0,0,0,0,0,0,0,0,0,0,0,0,24,12,12,1,0,1,25,12,13,2018
212000,"Raub, r uberische Erpressung auf/gegen sonstige Zahlstellen und Gesch fte",16051000,Erfurt,voll.,4,2,2,0,0,0,0,0,0,0,0,0,0,0,0,0,0,0,3,2,1,1,0,1,4,2,2,2018
212000,"Raub, r uberische Erpressung auf/gegen sonstige Zahlstellen und Gesch fte",9562000,Erlangen,voll.,0,0,0,0,0,0,0,0,0,0,0,0,0,0,0,0,0,0,0,0,0,0,0,0,0,0,0,2018
212000,"Raub, r uberische Erpressung auf/gegen sonstige Zahlstellen und Gesch fte",5113000,Essen,voll.,31,8,23,0,0,0,0,0,0,0,0,0,0,0,0,0,0,0,26,8,18,5,0,5,31,8,23,2018
212000,"Raub, r uberische Erpressung auf/gegen sonstige Zahlstellen und Gesch fte",6412000,Frankfurt am Main,voll.,39,21,18,0,0,0,0,0,0,0,0,0,0,0,0,9,5,4,21,10,11,9,6,3,30,16,14,2018
212000,"Raub, r uberische Erpressung auf/gegen sonstige Zahlstellen und Gesch fte",8311000,Freiburg im Breisgau,voll.,9,6,3,0,0,0,0,0,0,0,0,0,0,0,0,0,0,0,6,5,1,3,1,2,9,6,3,2018
212000,"Raub, r uberische Erpressung auf/gegen sonstige Zahlstellen und Gesch fte",9563000,F rth,voll.,2,0,2,0,0,0,0,0,0,0,0,0,0,0,0,0,0,0,2,0,2,0,0,0,2,0,2,2018
212000,"Raub, r uberische Erpressung auf/gegen sonstige Zahlstellen und Gesch fte",5513000,Gelsenkirchen,voll.,9,2,7,0,0,0,0,0,0,0,0,0,0,0,0,1,0,1,7,1,6,1,1,0,8,2,6,2018
212000,"Raub, r uberische Erpressung auf/gegen sonstige Zahlstellen und Gesch fte",3159016,G ttingen,voll.,5,1,4,0,0,0,0,0,0,0,0,0,0,0,0,0,0,0,5,1,4,0,0,0,5,1,4,2018
212000,"Raub, r uberische Erpressung auf/gegen sonstige Zahlstellen und Gesch fte",5914000,Hagen,voll.,7,3,4,0,0,0,0,0,0,0,0,0,0,0,0,0,0,0,6,3,3,1,0,1,7,3,4,2018
212000,"Raub, r uberische Erpressung auf/gegen sonstige Zahlstellen und Gesch fte",15002000,Halle (Saale),voll.,8,7,1,0,0,0,0,0,0,0,0,0,0,0,0,1,1,0,7,6,1,0,0,0,7,6,1,2018
212000,"Raub, r uberische Erpressung auf/gegen sonstige Zahlstellen und Gesch fte",2000000,Hamburg,voll.,64,34,30,0,0,0,0,0,0,0,0,0,0,0,0,6,5,1,51,27,24,7,2,5,58,29,29,2018
212000,"Raub, r uberische Erpressung auf/gegen sonstige Zahlstellen und Gesch fte",5915000,Hamm,voll.,14,5,9,0,0,0,0,0,0,0,0,0,1,1,0,3,2,1,9,2,7,1,0,1,10,2,8,2018
212000,"Raub, r uberische Erpressung auf/gegen sonstige Zahlstellen und Gesch fte",3241001,Hannover,voll.,22,6,16,0,0,0,0,0,0,0,0,0,0,0,0,2,1,1,18,5,13,2,0,2,20,5,15,2018
212000,"Raub, r uberische Erpressung auf/gegen sonstige Zahlstellen und Gesch fte",8221000,Heidelberg,voll.,6,5,1,0,0,0,0,0,0,0,0,0,0,0,0,2,2,0,3,2,1,1,1,0,4,3,1,2018
212000,"Raub, r uberische Erpressung auf/gegen sonstige Zahlstellen und Gesch fte",8121000,Heilbronn,voll.,2,0,2,0,0,0,0,0,0,0,0,0,0,0,0,0,0,0,2,0,2,0,0,0,2,0,2,2018
212000,"Raub, r uberische Erpressung auf/gegen sonstige Zahlstellen und Gesch fte",5916000,Herne,voll.,12,2,10,0,0,0,0,0,0,0,0,0,0,0,0,1,0,1,8,2,6,3,0,3,11,2,9,2018
212000,"Raub, r uberische Erpressung auf/gegen sonstige Zahlstellen und Gesch fte",3254021,Hildesheim,voll.,9,3,6,0,0,0,0,0,0,0,0,0,0,0,0,0,0,0,7,3,4,2,0,2,9,3,6,2018
212000,"Raub, r uberische Erpressung auf/gegen sonstige Zahlstellen und Gesch fte",9161000,Ingolstadt,voll.,2,1,1,0,0,0,0,0,0,0,0,0,0,0,0,0,0,0,2,1,1,0,0,0,2,1,1,2018
212000,"Raub, r uberische Erpressung auf/gegen sonstige Zahlstellen und Gesch fte",16053000,Jena,voll.,0,0,0,0,0,0,0,0,0,0,0,0,0,0,0,0,0,0,0,0,0,0,0,0,0,0,0,2018
212000,"Raub, r uberische Erpressung auf/gegen sonstige Zahlstellen und Gesch fte",8212000,Karlsruhe,voll.,11,3,8,0,0,0,0,0,0,0,0,0,0,0,0,2,1,1,8,2,6,1,0,1,9,2,7,2018
212000,"Raub, r uberische Erpressung auf/gegen sonstige Zahlstellen und Gesch fte",6611000,Kassel,voll.,10,4,6,0,0,0,0,0,0,0,0,0,0,0,0,1,0,1,8,4,4,1,0,1,9,4,5,2018
212000,"Raub, r uberische Erpressung auf/gegen sonstige Zahlstellen und Gesch fte",1002000,Kiel,voll.,5,3,2,0,0,0,0,0,0,0,0,0,0,0,0,0,0,0,5,3,2,0,0,0,5,3,2,2018
212000,"Raub, r uberische Erpressung auf/gegen sonstige Zahlstellen und Gesch fte",7111000,Koblenz,voll.,1,0,1,0,0,0,0,0,0,0,0,0,0,0,0,0,0,0,1,0,1,0,0,0,1,0,1,2018
212000,"Raub, r uberische Erpressung auf/gegen sonstige Zahlstellen und Gesch fte",5315000,K ln,voll.,54,29,25,0,0,0,0,0,0,0,0,0,1,0,1,1,0,1,50,28,22,2,1,1,52,29,23,2018
212000,"Raub, r uberische Erpressung auf/gegen sonstige Zahlstellen und Gesch fte",5114000,Krefeld,voll.,8,3,5,0,0,0,0,0,0,0,0,0,0,0,0,1,0,1,5,2,3,2,1,1,7,3,4,2018
212000,"Raub, r uberische Erpressung auf/gegen sonstige Zahlstellen und Gesch fte",14713000,Leipzig,voll.,11,3,8,0,0,0,0,0,0,0,0,0,0,0,0,0,0,0,11,3,8,0,0,0,11,3,8,2018
212000,"Raub, r uberische Erpressung auf/gegen sonstige Zahlstellen und Gesch fte",5316000,Leverkusen,voll.,8,2,6,0,0,0,0,0,0,0,0,0,2,0,2,0,0,0,5,2,3,1,0,1,6,2,4,2018
212000,"Raub, r uberische Erpressung auf/gegen sonstige Zahlstellen und Gesch fte",1003000,L beck,voll.,4,2,2,0,0,0,0,0,0,0,0,0,0,0,0,2,2,0,2,0,2,0,0,0,2,0,2,2018
212000,"Raub, r uberische Erpressung auf/gegen sonstige Zahlstellen und Gesch fte",7314000,Ludwigshafen am Rhein,voll.,4,1,3,0,0,0,0,0,0,0,0,0,0,0,0,0,0,0,4,1,3,0,0,0,4,1,3,2018
212000,"Raub, r uberische Erpressung auf/gegen sonstige Zahlstellen und Gesch fte",15003000,Magdeburg,voll.,16,4,12,0,0,0,0,0,0,0,0,0,0,0,0,1,0,1,13,3,10,2,1,1,15,4,11,2018
212000,"Raub, r uberische Erpressung auf/gegen sonstige Zahlstellen und Gesch fte",7315000,Mainz,voll.,6,1,5,0,0,0,0,0,0,0,0,0,0,0,0,0,0,0,6,1,5,0,0,0,6,1,5,2018
212000,"Raub, r uberische Erpressung auf/gegen sonstige Zahlstellen und Gesch fte",8222000,Mannheim,voll.,7,1,6,0,0,0,0,0,0,0,0,0,0,0,0,1,0,1,6,1,5,0,0,0,6,1,5,2018
212000,"Raub, r uberische Erpressung auf/gegen sonstige Zahlstellen und Gesch fte",5170024,Moers,voll.,3,1,2,0,0,0,0,0,0,0,0,0,0,0,0,0,0,0,2,1,1,1,0,1,3,1,2,2018
212000,"Raub, r uberische Erpressung auf/gegen sonstige Zahlstellen und Gesch fte",5116000,M nchengladbach,voll.,7,2,5,0,0,0,0,0,0,0,0,0,0,0,0,1,1,0,6,1,5,0,0,0,6,1,5,2018
212000,"Raub, r uberische Erpressung auf/gegen sonstige Zahlstellen und Gesch fte",5117000,M lheim an der Ruhr,voll.,7,1,6,0,0,0,0,0,0,0,0,0,0,0,0,0,0,0,7,1,6,0,0,0,7,1,6,2018
212000,"Raub, r uberische Erpressung auf/gegen sonstige Zahlstellen und Gesch fte",9162000,M nchen,voll.,26,10,16,0,0,0,0,0,0,0,0,0,0,0,0,1,0,1,23,9,14,2,1,1,25,10,15,2018
212000,"Raub, r uberische Erpressung auf/gegen sonstige Zahlstellen und Gesch fte",5515000,M nster,voll.,13,4,9,0,0,0,0,0,0,0,0,0,0,0,0,2,1,1,10,2,8,1,1,0,11,3,8,2018
212000,"Raub, r uberische Erpressung auf/gegen sonstige Zahlstellen und Gesch fte",5162024,Neuss,voll.,6,3,3,0,0,0,0,0,0,0,0,0,0,0,0,1,1,0,4,2,2,1,0,1,5,2,3,2018
212000,"Raub, r uberische Erpressung auf/gegen sonstige Zahlstellen und Gesch fte",9564000,N rnberg,voll.,12,5,7,0,0,0,0,0,0,0,0,0,0,0,0,1,1,0,10,4,6,1,0,1,11,4,7,2018
212000,"Raub, r uberische Erpressung auf/gegen sonstige Zahlstellen und Gesch fte",5119000,Oberhausen,voll.,2,2,0,0,0,0,0,0,0,0,0,0,0,0,0,0,0,0,2,2,0,0,0,0,2,2,0,2018
212000,"Raub, r uberische Erpressung auf/gegen sonstige Zahlstellen und Gesch fte",6413000,Offenbach am Main,voll.,10,2,8,0,0,0,0,0,0,0,0,0,0,0,0,1,1,0,9,1,8,0,0,0,9,1,8,2018
212000,"Raub, r uberische Erpressung auf/gegen sonstige Zahlstellen und Gesch fte",3403000,Oldenburg (Oldenburg),voll.,17,10,7,0,0,0,0,0,0,0,0,0,0,0,0,1,1,0,16,9,7,0,0,0,16,9,7,2018
212000,"Raub, r uberische Erpressung auf/gegen sonstige Zahlstellen und Gesch fte",3404000,Osnabr ck,voll.,17,5,12,0,0,0,0,0,0,0,0,0,0,0,0,1,1,0,15,3,12,1,1,0,16,4,12,2018
212000,"Raub, r uberische Erpressung auf/gegen sonstige Zahlstellen und Gesch fte",5774032,Paderborn,voll.,1,0,1,0,0,0,0,0,0,0,0,0,0,0,0,0,0,0,1,0,1,0,0,0,1,0,1,2018
212000,"Raub, r uberische Erpressung auf/gegen sonstige Zahlstellen und Gesch fte",8231000,Pforzheim,voll.,3,0,3,0,0,0,0,0,0,0,0,0,0,0,0,0,0,0,3,0,3,0,0,0,3,0,3,2018
212000,"Raub, r uberische Erpressung auf/gegen sonstige Zahlstellen und Gesch fte",12054000,Potsdam,voll.,8,2,6,0,0,0,0,0,0,0,0,0,0,0,0,1,1,0,7,1,6,0,0,0,7,1,6,2018
212000,"Raub, r uberische Erpressung auf/gegen sonstige Zahlstellen und Gesch fte",5562032,Recklinghausen,voll.,7,3,4,0,0,0,0,0,0,0,0,0,0,0,0,0,0,0,7,3,4,0,0,0,7,3,4,2018
212000,"Raub, r uberische Erpressung auf/gegen sonstige Zahlstellen und Gesch fte",9362000,Regensburg,voll.,5,2,3,0,0,0,0,0,0,0,0,0,0,0,0,1,1,0,4,1,3,0,0,0,4,1,3,2018
212000,"Raub, r uberische Erpressung auf/gegen sonstige Zahlstellen und Gesch fte",5120000,Remscheid,voll.,0,0,0,0,0,0,0,0,0,0,0,0,0,0,0,0,0,0,0,0,0,0,0,0,0,0,0,2018
212000,"Raub, r uberische Erpressung auf/gegen sonstige Zahlstellen und Gesch fte",8415061,Reutlingen,voll.,1,1,0,0,0,0,0,0,0,0,0,0,0,0,0,0,0,0,1,1,0,0,0,0,1,1,0,2018
212000,"Raub, r uberische Erpressung auf/gegen sonstige Zahlstellen und Gesch fte",13003000,Rostock,voll.,3,1,2,0,0,0,0,0,0,0,0,0,0,0,0,0,0,0,2,0,2,1,1,0,3,1,2,2018
212000,"Raub, r uberische Erpressung auf/gegen sonstige Zahlstellen und Gesch fte",10041100,Saarbr cken,voll.,4,3,1,0,0,0,0,0,0,0,0,0,0,0,0,0,0,0,4,3,1,0,0,0,4,3,1,2018
212000,"Raub, r uberische Erpressung auf/gegen sonstige Zahlstellen und Gesch fte",3102000,Salzgitter,voll.,3,0,3,0,0,0,0,0,0,0,0,0,0,0,0,0,0,0,3,0,3,0,0,0,3,0,3,2018
212000,"Raub, r uberische Erpressung auf/gegen sonstige Zahlstellen und Gesch fte",13004000,Schwerin,voll.,1,1,0,0,0,0,0,0,0,0,0,0,0,0,0,0,0,0,1,1,0,0,0,0,1,1,0,2018
212000,"Raub, r uberische Erpressung auf/gegen sonstige Zahlstellen und Gesch fte",5970040,Siegen,voll.,0,0,0,0,0,0,0,0,0,0,0,0,0,0,0,0,0,0,0,0,0,0,0,0,0,0,0,2018
212000,"Raub, r uberische Erpressung auf/gegen sonstige Zahlstellen und Gesch fte",5122000,Solingen,voll.,3,1,2,0,0,0,0,0,0,0,0,0,0,0,0,0,0,0,3,1,2,0,0,0,3,1,2,2018
212000,"Raub, r uberische Erpressung auf/gegen sonstige Zahlstellen und Gesch fte",8111000,Stuttgart,voll.,12,9,3,0,0,0,0,0,0,0,0,0,0,0,0,0,0,0,12,9,3,0,0,0,12,9,3,2018
212000,"Raub, r uberische Erpressung auf/gegen sonstige Zahlstellen und Gesch fte",7211000,Trier,voll.,6,2,4,0,0,0,0,0,0,0,0,0,0,0,0,0,0,0,4,0,4,2,2,0,6,2,4,2018
212000,"Raub, r uberische Erpressung auf/gegen sonstige Zahlstellen und Gesch fte",8421000,Ulm,voll.,2,1,1,0,0,0,0,0,0,0,0,0,0,0,0,0,0,0,2,1,1,0,0,0,2,1,1,2018
212000,"Raub, r uberische Erpressung auf/gegen sonstige Zahlstellen und Gesch fte",6414000,Wiesbaden,voll.,2,0,2,0,0,0,0,0,0,0,0,0,0,0,0,0,0,0,2,0,2,0,0,0,2,0,2,2018
212000,"Raub, r uberische Erpressung auf/gegen sonstige Zahlstellen und Gesch fte",3103000,Wolfsburg,voll.,7,5,2,0,0,0,0,0,0,0,0,0,0,0,0,1,1,0,6,4,2,0,0,0,6,4,2,2018
212000,"Raub, r uberische Erpressung auf/gegen sonstige Zahlstellen und Gesch fte",5124000,Wuppertal,voll.,14,7,7,0,0,0,0,0,0,0,0,0,0,0,0,0,0,0,12,7,5,2,0,2,14,7,7,2018
212000,"Raub, r uberische Erpressung auf/gegen sonstige Zahlstellen und Gesch fte",9663000,W rzburg,voll.,0,0,0,0,0,0,0,0,0,0,0,0,0,0,0,0,0,0,0,0,0,0,0,0,0,0,0,2018
212000,"Raub, r uberische Erpressung auf/gegen sonstige Zahlstellen und Gesch fte",5334002,Aachen,vers.,4,3,1,0,0,0,0,0,0,0,0,0,0,0,0,0,0,0,4,3,1,0,0,0,4,3,1,2018
212000,"Raub, r uberische Erpressung auf/gegen sonstige Zahlstellen und Gesch fte",9761000,Augsburg,vers.,1,1,0,0,0,0,0,0,0,0,0,0,0,0,0,0,0,0,1,1,0,0,0,0,1,1,0,2018
212000,"Raub, r uberische Erpressung auf/gegen sonstige Zahlstellen und Gesch fte",5378004,Bergisch Gladbach,vers.,2,1,1,0,0,0,0,0,0,0,0,0,0,0,0,0,0,0,1,1,0,1,0,1,2,1,1,2018
212000,"Raub, r uberische Erpressung auf/gegen sonstige Zahlstellen und Gesch fte",11000000,Berlin,vers.,125,80,45,0,0,0,0,0,0,0,0,0,0,0,0,6,2,4,104,68,36,15,10,5,119,78,41,2018
212000,"Raub, r uberische Erpressung auf/gegen sonstige Zahlstellen und Gesch fte",5711000,Bielefeld,vers.,4,2,2,0,0,0,0,0,0,0,0,0,0,0,0,1,0,1,2,2,0,1,0,1,3,2,1,2018
212000,"Raub, r uberische Erpressung auf/gegen sonstige Zahlstellen und Gesch fte",5911000,Bochum,vers.,3,2,1,0,0,0,0,0,0,0,0,0,0,0,0,0,0,0,2,1,1,1,1,0,3,2,1,2018
212000,"Raub, r uberische Erpressung auf/gegen sonstige Zahlstellen und Gesch fte",5314000,Bonn,vers.,9,4,5,0,0,0,0,0,0,0,0,0,0,0,0,0,0,0,9,4,5,0,0,0,9,4,5,2018
212000,"Raub, r uberische Erpressung auf/gegen sonstige Zahlstellen und Gesch fte",5512000,Bottrop,vers.,3,2,1,0,0,0,0,0,0,0,0,0,0,0,0,0,0,0,3,2,1,0,0,0,3,2,1,2018
212000,"Raub, r uberische Erpressung auf/gegen sonstige Zahlstellen und Gesch fte",3101000,Braunschweig,vers.,4,3,1,0,0,0,0,0,0,0,0,0,0,0,0,0,0,0,3,2,1,1,1,0,4,3,1,2018
212000,"Raub, r uberische Erpressung auf/gegen sonstige Zahlstellen und Gesch fte",4011000,Bremen,vers.,13,8,5,0,0,0,0,0,0,0,0,0,0,0,0,0,0,0,11,7,4,2,1,1,13,8,5,2018
212000,"Raub, r uberische Erpressung auf/gegen sonstige Zahlstellen und Gesch fte",4012000,Bremerhaven,vers.,3,1,2,0,0,0,0,0,0,0,0,0,0,0,0,0,0,0,2,0,2,1,1,0,3,1,2,2018
212000,"Raub, r uberische Erpressung auf/gegen sonstige Zahlstellen und Gesch fte",14511000,Chemnitz,vers.,5,1,4,0,0,0,0,0,0,0,0,0,0,0,0,0,0,0,5,1,4,0,0,0,5,1,4,2018
212000,"Raub, r uberische Erpressung auf/gegen sonstige Zahlstellen und Gesch fte",12052000,Cottbus,vers.,0,0,0,0,0,0,0,0,0,0,0,0,0,0,0,0,0,0,0,0,0,0,0,0,0,0,0,2018
212000,"Raub, r uberische Erpressung auf/gegen sonstige Zahlstellen und Gesch fte",6411000,Darmstadt,vers.,1,1,0,0,0,0,0,0,0,0,0,0,0,0,0,0,0,0,1,1,0,0,0,0,1,1,0,2018
212000,"Raub, r uberische Erpressung auf/gegen sonstige Zahlstellen und Gesch fte",5913000,Dortmund,vers.,14,7,7,0,0,0,0,0,0,0,0,0,0,0,0,0,0,0,11,6,5,3,1,2,14,7,7,2018
212000,"Raub, r uberische Erpressung auf/gegen sonstige Zahlstellen und Gesch fte",14612000,Dresden,vers.,1,0,1,0,0,0,0,0,0,0,0,0,0,0,0,0,0,0,1,0,1,0,0,0,1,0,1,2018
212000,"Raub, r uberische Erpressung auf/gegen sonstige Zahlstellen und Gesch fte",5112000,Duisburg,vers.,16,4,12,0,0,0,0,0,0,0,0,0,0,0,0,1,0,1,11,2,9,4,2,2,15,4,11,2018
212000,"Raub, r uberische Erpressung auf/gegen sonstige Zahlstellen und Gesch fte",5111000,D sseldorf,vers.,9,6,3,0,0,0,0,0,0,0,0,0,1,1,0,1,0,1,7,5,2,0,0,0,7,5,2,2018
212000,"Raub, r uberische Erpressung auf/gegen sonstige Zahlstellen und Gesch fte",16051000,Erfurt,vers.,1,0,1,0,0,0,0,0,0,0,0,0,0,0,0,0,0,0,0,0,0,1,0,1,1,0,1,2018
212000,"Raub, r uberische Erpressung auf/gegen sonstige Zahlstellen und Gesch fte",9562000,Erlangen,vers.,0,0,0,0,0,0,0,0,0,0,0,0,0,0,0,0,0,0,0,0,0,0,0,0,0,0,0,2018
212000,"Raub, r uberische Erpressung auf/gegen sonstige Zahlstellen und Gesch fte",5113000,Essen,vers.,13,6,7,0,0,0,0,0,0,0,0,0,0,0,0,0,0,0,13,6,7,0,0,0,13,6,7,2018
212000,"Raub, r uberische Erpressung auf/gegen sonstige Zahlstellen und Gesch fte",6412000,Frankfurt am Main,vers.,13,5,8,0,0,0,0,0,0,0,0,0,0,0,0,0,0,0,13,5,8,0,0,0,13,5,8,2018
212000,"Raub, r uberische Erpressung auf/gegen sonstige Zahlstellen und Gesch fte",8311000,Freiburg im Breisgau,vers.,1,1,0,0,0,0,0,0,0,0,0,0,1,1,0,0,0,0,0,0,0,0,0,0,0,0,0,2018
212000,"Raub, r uberische Erpressung auf/gegen sonstige Zahlstellen und Gesch fte",9563000,F rth,vers.,0,0,0,0,0,0,0,0,0,0,0,0,0,0,0,0,0,0,0,0,0,0,0,0,0,0,0,2018
212000,"Raub, r uberische Erpressung auf/gegen sonstige Zahlstellen und Gesch fte",5513000,Gelsenkirchen,vers.,5,3,2,0,0,0,0,0,0,0,0,0,0,0,0,0,0,0,5,3,2,0,0,0,5,3,2,2018
212000,"Raub, r uberische Erpressung auf/gegen sonstige Zahlstellen und Gesch fte",3159016,G ttingen,vers.,4,0,4,0,0,0,0,0,0,0,0,0,0,0,0,0,0,0,0,0,0,4,0,4,4,0,4,2018
212000,"Raub, r uberische Erpressung auf/gegen sonstige Zahlstellen und Gesch fte",5914000,Hagen,vers.,2,0,2,0,0,0,0,0,0,0,0,0,0,0,0,0,0,0,2,0,2,0,0,0,2,0,2,2018
212000,"Raub, r uberische Erpressung auf/gegen sonstige Zahlstellen und Gesch fte",15002000,Halle (Saale),vers.,2,1,1,0,0,0,0,0,0,0,0,0,0,0,0,0,0,0,1,1,0,1,0,1,2,1,1,2018
212000,"Raub, r uberische Erpressung auf/gegen sonstige Zahlstellen und Gesch fte",2000000,Hamburg,vers.,24,10,14,0,0,0,0,0,0,0,0,0,0,0,0,1,1,0,19,8,11,4,1,3,23,9,14,2018
212000,"Raub, r uberische Erpressung auf/gegen sonstige Zahlstellen und Gesch fte",5915000,Hamm,vers.,4,0,4,0,0,0,0,0,0,0,0,0,0,0,0,0,0,0,4,0,4,0,0,0,4,0,4,2018
212000,"Raub, r uberische Erpressung auf/gegen sonstige Zahlstellen und Gesch fte",3241001,Hannover,vers.,10,9,1,0,0,0,0,0,0,0,0,0,0,0,0,1,1,0,6,6,0,3,2,1,9,8,1,2018
212000,"Raub, r uberische Erpressung auf/gegen sonstige Zahlstellen und Gesch fte",8221000,Heidelberg,vers.,1,0,1,0,0,0,0,0,0,0,0,0,0,0,0,1,0,1,0,0,0,0,0,0,0,0,0,2018
212000,"Raub, r uberische Erpressung auf/gegen sonstige Zahlstellen und Gesch fte",8121000,Heilbronn,vers.,1,0,1,0,0,0,0,0,0,0,0,0,0,0,0,0,0,0,1,0,1,0,0,0,1,0,1,2018
212000,"Raub, r uberische Erpressung auf/gegen sonstige Zahlstellen und Gesch fte",5916000,Herne,vers.,2,1,1,0,0,0,0,0,0,0,0,0,0,0,0,0,0,0,0,0,0,2,1,1,2,1,1,2018
212000,"Raub, r uberische Erpressung auf/gegen sonstige Zahlstellen und Gesch fte",3254021,Hildesheim,vers.,2,0,2,0,0,0,0,0,0,0,0,0,0,0,0,1,0,1,1,0,1,0,0,0,1,0,1,2018
212000,"Raub, r uberische Erpressung auf/gegen sonstige Zahlstellen und Gesch fte",9161000,Ingolstadt,vers.,1,0,1,0,0,0,0,0,0,0,0,0,0,0,0,0,0,0,1,0,1,0,0,0,1,0,1,2018
212000,"Raub, r uberische Erpressung auf/gegen sonstige Zahlstellen und Gesch fte",16053000,Jena,vers.,0,0,0,0,0,0,0,0,0,0,0,0,0,0,0,0,0,0,0,0,0,0,0,0,0,0,0,2018
212000,"Raub, r uberische Erpressung auf/gegen sonstige Zahlstellen und Gesch fte",8212000,Karlsruhe,vers.,4,1,3,0,0,0,0,0,0,0,0,0,0,0,0,0,0,0,4,1,3,0,0,0,4,1,3,2018
212000,"Raub, r uberische Erpressung auf/gegen sonstige Zahlstellen und Gesch fte",6611000,Kassel,vers.,2,2,0,0,0,0,0,0,0,0,0,0,0,0,0,0,0,0,2,2,0,0,0,0,2,2,0,2018
212000,"Raub, r uberische Erpressung auf/gegen sonstige Zahlstellen und Gesch fte",1002000,Kiel,vers.,0,0,0,0,0,0,0,0,0,0,0,0,0,0,0,0,0,0,0,0,0,0,0,0,0,0,0,2018
212000,"Raub, r uberische Erpressung auf/gegen sonstige Zahlstellen und Gesch fte",7111000,Koblenz,vers.,1,1,0,0,0,0,0,0,0,0,0,0,0,0,0,0,0,0,1,1,0,0,0,0,1,1,0,2018
212000,"Raub, r uberische Erpressung auf/gegen sonstige Zahlstellen und Gesch fte",5315000,K ln,vers.,22,12,10,0,0,0,0,0,0,0,0,0,0,0,0,1,0,1,18,11,7,3,1,2,21,12,9,2018
212000,"Raub, r uberische Erpressung auf/gegen sonstige Zahlstellen und Gesch fte",5114000,Krefeld,vers.,6,3,3,0,0,0,0,0,0,0,0,0,0,0,0,0,0,0,6,3,3,0,0,0,6,3,3,2018
212000,"Raub, r uberische Erpressung auf/gegen sonstige Zahlstellen und Gesch fte",14713000,Leipzig,vers.,5,3,2,0,0,0,0,0,0,0,0,0,0,0,0,0,0,0,4,2,2,1,1,0,5,3,2,2018
212000,"Raub, r uberische Erpressung auf/gegen sonstige Zahlstellen und Gesch fte",5316000,Leverkusen,vers.,2,0,2,0,0,0,0,0,0,0,0,0,0,0,0,0,0,0,2,0,2,0,0,0,2,0,2,2018
212000,"Raub, r uberische Erpressung auf/gegen sonstige Zahlstellen und Gesch fte",1003000,L beck,vers.,1,0,1,0,0,0,0,0,0,0,0,0,0,0,0,0,0,0,1,0,1,0,0,0,1,0,1,2018
212000,"Raub, r uberische Erpressung auf/gegen sonstige Zahlstellen und Gesch fte",7314000,Ludwigshafen am Rhein,vers.,4,0,4,0,0,0,0,0,0,0,0,0,0,0,0,2,0,2,2,0,2,0,0,0,2,0,2,2018
212000,"Raub, r uberische Erpressung auf/gegen sonstige Zahlstellen und Gesch fte",15003000,Magdeburg,vers.,2,1,1,0,0,0,0,0,0,0,0,0,0,0,0,0,0,0,1,1,0,1,0,1,2,1,1,2018
212000,"Raub, r uberische Erpressung auf/gegen sonstige Zahlstellen und Gesch fte",7315000,Mainz,vers.,2,2,0,0,0,0,0,0,0,0,0,0,0,0,0,0,0,0,1,1,0,1,1,0,2,2,0,2018
212000,"Raub, r uberische Erpressung auf/gegen sonstige Zahlstellen und Gesch fte",8222000,Mannheim,vers.,3,1,2,0,0,0,0,0,0,0,0,0,0,0,0,0,0,0,3,1,2,0,0,0,3,1,2,2018
212000,"Raub, r uberische Erpressung auf/gegen sonstige Zahlstellen und Gesch fte",5170024,Moers,vers.,1,1,0,0,0,0,0,0,0,0,0,0,0,0,0,0,0,0,1,1,0,0,0,0,1,1,0,2018
212000,"Raub, r uberische Erpressung auf/gegen sonstige Zahlstellen und Gesch fte",5116000,M nchengladbach,vers.,9,3,6,0,0,0,0,0,0,0,0,0,0,0,0,1,1,0,6,1,5,2,1,1,8,2,6,2018
212000,"Raub, r uberische Erpressung auf/gegen sonstige Zahlstellen und Gesch fte",5117000,M lheim an der Ruhr,vers.,1,0,1,0,0,0,0,0,0,0,0,0,0,0,0,0,0,0,1,0,1,0,0,0,1,0,1,2018
212000,"Raub, r uberische Erpressung auf/gegen sonstige Zahlstellen und Gesch fte",9162000,M nchen,vers.,16,10,6,0,0,0,0,0,0,0,0,0,0,0,0,0,0,0,13,8,5,3,2,1,16,10,6,2018
212000,"Raub, r uberische Erpressung auf/gegen sonstige Zahlstellen und Gesch fte",5515000,M nster,vers.,10,5,5,0,0,0,0,0,0,0,0,0,0,0,0,1,1,0,9,4,5,0,0,0,9,4,5,2018
212000,"Raub, r uberische Erpressung auf/gegen sonstige Zahlstellen und Gesch fte",5162024,Neuss,vers.,0,0,0,0,0,0,0,0,0,0,0,0,0,0,0,0,0,0,0,0,0,0,0,0,0,0,0,2018
212000,"Raub, r uberische Erpressung auf/gegen sonstige Zahlstellen und Gesch fte",9564000,N rnberg,vers.,3,1,2,0,0,0,0,0,0,0,0,0,0,0,0,0,0,0,3,1,2,0,0,0,3,1,2,2018
212000,"Raub, r uberische Erpressung auf/gegen sonstige Zahlstellen und Gesch fte",5119000,Oberhausen,vers.,1,1,0,0,0,0,0,0,0,0,0,0,0,0,0,0,0,0,1,1,0,0,0,0,1,1,0,2018
212000,"Raub, r uberische Erpressung auf/gegen sonstige Zahlstellen und Gesch fte",6413000,Offenbach am Main,vers.,3,3,0,0,0,0,0,0,0,0,0,0,0,0,0,0,0,0,1,1,0,2,2,0,3,3,0,2018
212000,"Raub, r uberische Erpressung auf/gegen sonstige Zahlstellen und Gesch fte",3403000,Oldenburg (Oldenburg),vers.,5,2,3,0,0,0,0,0,0,0,0,0,0,0,0,0,0,0,5,2,3,0,0,0,5,2,3,2018
212000,"Raub, r uberische Erpressung auf/gegen sonstige Zahlstellen und Gesch fte",3404000,Osnabr ck,vers.,0,0,0,0,0,0,0,0,0,0,0,0,0,0,0,0,0,0,0,0,0,0,0,0,0,0,0,2018
212000,"Raub, r uberische Erpressung auf/gegen sonstige Zahlstellen und Gesch fte",5774032,Paderborn,vers.,2,1,1,0,0,0,0,0,0,0,0,0,0,0,0,0,0,0,2,1,1,0,0,0,2,1,1,2018
212000,"Raub, r uberische Erpressung auf/gegen sonstige Zahlstellen und Gesch fte",8231000,Pforzheim,vers.,0,0,0,0,0,0,0,0,0,0,0,0,0,0,0,0,0,0,0,0,0,0,0,0,0,0,0,2018
212000,"Raub, r uberische Erpressung auf/gegen sonstige Zahlstellen und Gesch fte",12054000,Potsdam,vers.,2,0,2,0,0,0,0,0,0,0,0,0,0,0,0,0,0,0,2,0,2,0,0,0,2,0,2,2018
212000,"Raub, r uberische Erpressung auf/gegen sonstige Zahlstellen und Gesch fte",5562032,Recklinghausen,vers.,3,0,3,0,0,0,0,0,0,0,0,0,0,0,0,0,0,0,3,0,3,0,0,0,3,0,3,2018
212000,"Raub, r uberische Erpressung auf/gegen sonstige Zahlstellen und Gesch fte",9362000,Regensburg,vers.,0,0,0,0,0,0,0,0,0,0,0,0,0,0,0,0,0,0,0,0,0,0,0,0,0,0,0,2018
212000,"Raub, r uberische Erpressung auf/gegen sonstige Zahlstellen und Gesch fte",5120000,Remscheid,vers.,1,0,1,0,0,0,0,0,0,0,0,0,0,0,0,0,0,0,1,0,1,0,0,0,1,0,1,2018
212000,"Raub, r uberische Erpressung auf/gegen sonstige Zahlstellen und Gesch fte",8415061,Reutlingen,vers.,2,0,2,0,0,0,0,0,0,0,0,0,0,0,0,0,0,0,2,0,2,0,0,0,2,0,2,2018
212000,"Raub, r uberische Erpressung auf/gegen sonstige Zahlstellen und Gesch fte",13003000,Rostock,vers.,2,2,0,0,0,0,0,0,0,0,0,0,0,0,0,0,0,0,2,2,0,0,0,0,2,2,0,2018
212000,"Raub, r uberische Erpressung auf/gegen sonstige Zahlstellen und Gesch fte",10041100,Saarbr cken,vers.,3,1,2,0,0,0,0,0,0,0,0,0,0,0,0,0,0,0,3,1,2,0,0,0,3,1,2,2018
212000,"Raub, r uberische Erpressung auf/gegen sonstige Zahlstellen und Gesch fte",3102000,Salzgitter,vers.,2,1,1,0,0,0,0,0,0,0,0,0,0,0,0,0,0,0,2,1,1,0,0,0,2,1,1,2018
212000,"Raub, r uberische Erpressung auf/gegen sonstige Zahlstellen und Gesch fte",13004000,Schwerin,vers.,0,0,0,0,0,0,0,0,0,0,0,0,0,0,0,0,0,0,0,0,0,0,0,0,0,0,0,2018
212000,"Raub, r uberische Erpressung auf/gegen sonstige Zahlstellen und Gesch fte",5970040,Siegen,vers.,0,0,0,0,0,0,0,0,0,0,0,0,0,0,0,0,0,0,0,0,0,0,0,0,0,0,0,2018
212000,"Raub, r uberische Erpressung auf/gegen sonstige Zahlstellen und Gesch fte",5122000,Solingen,vers.,4,3,1,0,0,0,0,0,0,0,0,0,0,0,0,1,1,0,2,1,1,1,1,0,3,2,1,2018
212000,"Raub, r uberische Erpressung auf/gegen sonstige Zahlstellen und Gesch fte",8111000,Stuttgart,vers.,2,0,2,0,0,0,0,0,0,0,0,0,0,0,0,0,0,0,2,0,2,0,0,0,2,0,2,2018
212000,"Raub, r uberische Erpressung auf/gegen sonstige Zahlstellen und Gesch fte",7211000,Trier,vers.,1,1,0,0,0,0,0,0,0,0,0,0,0,0,0,0,0,0,1,1,0,0,0,0,1,1,0,2018
212000,"Raub, r uberische Erpressung auf/gegen sonstige Zahlstellen und Gesch fte",8421000,Ulm,vers.,0,0,0,0,0,0,0,0,0,0,0,0,0,0,0,0,0,0,0,0,0,0,0,0,0,0,0,2018
212000,"Raub, r uberische Erpressung auf/gegen sonstige Zahlstellen und Gesch fte",6414000,Wiesbaden,vers.,3,2,1,0,0,0,0,0,0,0,0,0,0,0,0,0,0,0,2,1,1,1,1,0,3,2,1,2018
212000,"Raub, r uberische Erpressung auf/gegen sonstige Zahlstellen und Gesch fte",3103000,Wolfsburg,vers.,1,0,1,0,0,0,0,0,0,0,0,0,0,0,0,0,0,0,1,0,1,0,0,0,1,0,1,2018
212000,"Raub, r uberische Erpressung auf/gegen sonstige Zahlstellen und Gesch fte",5124000,Wuppertal,vers.,4,1,3,0,0,0,0,0,0,0,0,0,0,0,0,0,0,0,4,1,3,0,0,0,4,1,3,2018
212000,"Raub, r uberische Erpressung auf/gegen sonstige Zahlstellen und Gesch fte",9663000,W rzburg,vers.,0,0,0,0,0,0,0,0,0,0,0,0,0,0,0,0,0,0,0,0,0,0,0,0,0,0,0,2018
212000,"Raub, r uberische Erpressung auf/gegen sonstige Zahlstellen und Gesch fte",5334002,Aachen,insg.,9,6,3,0,0,0,0,0,0,0,0,0,0,0,0,0,0,0,6,5,1,3,1,2,9,6,3,2018
212000,"Raub, r uberische Erpressung auf/gegen sonstige Zahlstellen und Gesch fte",9761000,Augsburg,insg.,6,2,4,0,0,0,0,0,0,0,0,0,0,0,0,0,0,0,5,1,4,1,1,0,6,2,4,2018
212000,"Raub, r uberische Erpressung auf/gegen sonstige Zahlstellen und Gesch fte",5378004,Bergisch Gladbach,insg.,6,4,2,0,0,0,0,0,0,0,0,0,0,0,0,1,1,0,3,2,1,2,1,1,5,3,2,2018
212000,"Raub, r uberische Erpressung auf/gegen sonstige Zahlstellen und Gesch fte",11000000,Berlin,insg.,612,355,257,0,0,0,0,0,0,0,0,0,1,1,0,39,22,17,503,291,212,69,41,28,572,332,240,2018
212000,"Raub, r uberische Erpressung auf/gegen sonstige Zahlstellen und Gesch fte",5711000,Bielefeld,insg.,15,6,9,0,0,0,0,0,0,0,0,0,1,0,1,1,0,1,11,6,5,2,0,2,13,6,7,2018
212000,"Raub, r uberische Erpressung auf/gegen sonstige Zahlstellen und Gesch fte",5911000,Bochum,insg.,10,4,6,0,0,0,0,0,0,0,0,0,0,0,0,0,0,0,9,3,6,1,1,0,10,4,6,2018
212000,"Raub, r uberische Erpressung auf/gegen sonstige Zahlstellen und Gesch fte",5314000,Bonn,insg.,27,11,16,0,0,0,0,0,0,0,0,0,1,0,1,0,0,0,25,10,15,1,1,0,26,11,15,2018
212000,"Raub, r uberische Erpressung auf/gegen sonstige Zahlstellen und Gesch fte",5512000,Bottrop,insg.,10,2,8,0,0,0,0,0,0,0,0,0,0,0,0,0,0,0,8,2,6,2,0,2,10,2,8,2018
212000,"Raub, r uberische Erpressung auf/gegen sonstige Zahlstellen und Gesch fte",3101000,Braunschweig,insg.,14,6,8,0,0,0,0,0,0,0,0,0,0,0,0,4,2,2,7,3,4,3,1,2,10,4,6,2018
212000,"Raub, r uberische Erpressung auf/gegen sonstige Zahlstellen und Gesch fte",4011000,Bremen,insg.,80,35,45,0,0,0,0,0,0,0,0,0,1,0,1,8,4,4,66,30,36,5,1,4,71,31,40,2018
212000,"Raub, r uberische Erpressung auf/gegen sonstige Zahlstellen und Gesch fte",4012000,Bremerhaven,insg.,28,12,16,0,0,0,0,0,0,0,0,0,0,0,0,1,0,1,26,11,15,1,1,0,27,12,15,2018
212000,"Raub, r uberische Erpressung auf/gegen sonstige Zahlstellen und Gesch fte",14511000,Chemnitz,insg.,5,1,4,0,0,0,0,0,0,0,0,0,0,0,0,0,0,0,5,1,4,0,0,0,5,1,4,2018
212000,"Raub, r uberische Erpressung auf/gegen sonstige Zahlstellen und Gesch fte",12052000,Cottbus,insg.,5,4,1,0,0,0,0,0,0,0,0,0,0,0,0,0,0,0,5,4,1,0,0,0,5,4,1,2018
212000,"Raub, r uberische Erpressung auf/gegen sonstige Zahlstellen und Gesch fte",6411000,Darmstadt,insg.,5,2,3,0,0,0,0,0,0,0,0,0,0,0,0,0,0,0,4,2,2,1,0,1,5,2,3,2018
212000,"Raub, r uberische Erpressung auf/gegen sonstige Zahlstellen und Gesch fte",5913000,Dortmund,insg.,41,21,20,0,0,0,0,0,0,0,0,0,0,0,0,2,2,0,34,18,16,5,1,4,39,19,20,2018
212000,"Raub, r uberische Erpressung auf/gegen sonstige Zahlstellen und Gesch fte",14612000,Dresden,insg.,10,4,6,0,0,0,0,0,0,0,0,0,0,0,0,0,0,0,9,4,5,1,0,1,10,4,6,2018
212000,"Raub, r uberische Erpressung auf/gegen sonstige Zahlstellen und Gesch fte",5112000,Duisburg,insg.,45,19,26,0,0,0,0,0,0,0,0,0,1,1,0,3,2,1,33,12,21,8,4,4,41,16,25,2018
212000,"Raub, r uberische Erpressung auf/gegen sonstige Zahlstellen und Gesch fte",5111000,D sseldorf,insg.,34,18,16,0,0,0,0,0,0,0,0,0,1,1,0,1,0,1,31,17,14,1,0,1,32,17,15,2018
212000,"Raub, r uberische Erpressung auf/gegen sonstige Zahlstellen und Gesch fte",16051000,Erfurt,insg.,5,2,3,0,0,0,0,0,0,0,0,0,0,0,0,0,0,0,3,2,1,2,0,2,5,2,3,2018
212000,"Raub, r uberische Erpressung auf/gegen sonstige Zahlstellen und Gesch fte",9562000,Erlangen,insg.,0,0,0,0,0,0,0,0,0,0,0,0,0,0,0,0,0,0,0,0,0,0,0,0,0,0,0,2018
212000,"Raub, r uberische Erpressung auf/gegen sonstige Zahlstellen und Gesch fte",5113000,Essen,insg.,44,14,30,0,0,0,0,0,0,0,0,0,0,0,0,0,0,0,39,14,25,5,0,5,44,14,30,2018
212000,"Raub, r uberische Erpressung auf/gegen sonstige Zahlstellen und Gesch fte",6412000,Frankfurt am Main,insg.,52,26,26,0,0,0,0,0,0,0,0,0,0,0,0,9,5,4,34,15,19,9,6,3,43,21,22,2018
212000,"Raub, r uberische Erpressung auf/gegen sonstige Zahlstellen und Gesch fte",8311000,Freiburg im Breisgau,insg.,10,7,3,0,0,0,0,0,0,0,0,0,1,1,0,0,0,0,6,5,1,3,1,2,9,6,3,2018
212000,"Raub, r uberische Erpressung auf/gegen sonstige Zahlstellen und Gesch fte",9563000,F rth,insg.,2,0,2,0,0,0,0,0,0,0,0,0,0,0,0,0,0,0,2,0,2,0,0,0,2,0,2,2018
212000,"Raub, r uberische Erpressung auf/gegen sonstige Zahlstellen und Gesch fte",5513000,Gelsenkirchen,insg.,14,5,9,0,0,0,0,0,0,0,0,0,0,0,0,1,0,1,12,4,8,1,1,0,13,5,8,2018
212000,"Raub, r uberische Erpressung auf/gegen sonstige Zahlstellen und Gesch fte",3159016,G ttingen,insg.,9,1,8,0,0,0,0,0,0,0,0,0,0,0,0,0,0,0,5,1,4,4,0,4,9,1,8,2018
212000,"Raub, r uberische Erpressung auf/gegen sonstige Zahlstellen und Gesch fte",5914000,Hagen,insg.,9,3,6,0,0,0,0,0,0,0,0,0,0,0,0,0,0,0,8,3,5,1,0,1,9,3,6,2018
212000,"Raub, r uberische Erpressung auf/gegen sonstige Zahlstellen und Gesch fte",15002000,Halle (Saale),insg.,10,8,2,0,0,0,0,0,0,0,0,0,0,0,0,1,1,0,8,7,1,1,0,1,9,7,2,2018
212000,"Raub, r uberische Erpressung auf/gegen sonstige Zahlstellen und Gesch fte",2000000,Hamburg,insg.,88,44,44,0,0,0,0,0,0,0,0,0,0,0,0,7,6,1,70,35,35,11,3,8,81,38,43,2018
212000,"Raub, r uberische Erpressung auf/gegen sonstige Zahlstellen und Gesch fte",5915000,Hamm,insg.,18,5,13,0,0,0,0,0,0,0,0,0,1,1,0,3,2,1,13,2,11,1,0,1,14,2,12,2018
212000,"Raub, r uberische Erpressung auf/gegen sonstige Zahlstellen und Gesch fte",3241001,Hannover,insg.,32,15,17,0,0,0,0,0,0,0,0,0,0,0,0,3,2,1,24,11,13,5,2,3,29,13,16,2018
212000,"Raub, r uberische Erpressung auf/gegen sonstige Zahlstellen und Gesch fte",8221000,Heidelberg,insg.,7,5,2,0,0,0,0,0,0,0,0,0,0,0,0,3,2,1,3,2,1,1,1,0,4,3,1,2018
212000,"Raub, r uberische Erpressung auf/gegen sonstige Zahlstellen und Gesch fte",8121000,Heilbronn,insg.,3,0,3,0,0,0,0,0,0,0,0,0,0,0,0,0,0,0,3,0,3,0,0,0,3,0,3,2018
212000,"Raub, r uberische Erpressung auf/gegen sonstige Zahlstellen und Gesch fte",5916000,Herne,insg.,14,3,11,0,0,0,0,0,0,0,0,0,0,0,0,1,0,1,8,2,6,5,1,4,13,3,10,2018
212000,"Raub, r uberische Erpressung auf/gegen sonstige Zahlstellen und Gesch fte",3254021,Hildesheim,insg.,11,3,8,0,0,0,0,0,0,0,0,0,0,0,0,1,0,1,8,3,5,2,0,2,10,3,7,2018
212000,"Raub, r uberische Erpressung auf/gegen sonstige Zahlstellen und Gesch fte",9161000,Ingolstadt,insg.,3,1,2,0,0,0,0,0,0,0,0,0,0,0,0,0,0,0,3,1,2,0,0,0,3,1,2,2018
212000,"Raub, r uberische Erpressung auf/gegen sonstige Zahlstellen und Gesch fte",16053000,Jena,insg.,0,0,0,0,0,0,0,0,0,0,0,0,0,0,0,0,0,0,0,0,0,0,0,0,0,0,0,2018
212000,"Raub, r uberische Erpressung auf/gegen sonstige Zahlstellen und Gesch fte",8212000,Karlsruhe,insg.,15,4,11,0,0,0,0,0,0,0,0,0,0,0,0,2,1,1,12,3,9,1,0,1,13,3,10,2018
212000,"Raub, r uberische Erpressung auf/gegen sonstige Zahlstellen und Gesch fte",6611000,Kassel,insg.,12,6,6,0,0,0,0,0,0,0,0,0,0,0,0,1,0,1,10,6,4,1,0,1,11,6,5,2018
212000,"Raub, r uberische Erpressung auf/gegen sonstige Zahlstellen und Gesch fte",1002000,Kiel,insg.,5,3,2,0,0,0,0,0,0,0,0,0,0,0,0,0,0,0,5,3,2,0,0,0,5,3,2,2018
212000,"Raub, r uberische Erpressung auf/gegen sonstige Zahlstellen und Gesch fte",7111000,Koblenz,insg.,2,1,1,0,0,0,0,0,0,0,0,0,0,0,0,0,0,0,2,1,1,0,0,0,2,1,1,2018
212000,"Raub, r uberische Erpressung auf/gegen sonstige Zahlstellen und Gesch fte",5315000,K ln,insg.,76,41,35,0,0,0,0,0,0,0,0,0,1,0,1,2,0,2,68,39,29,5,2,3,73,41,32,2018
212000,"Raub, r uberische Erpressung auf/gegen sonstige Zahlstellen und Gesch fte",5114000,Krefeld,insg.,14,6,8,0,0,0,0,0,0,0,0,0,0,0,0,1,0,1,11,5,6,2,1,1,13,6,7,2018
212000,"Raub, r uberische Erpressung auf/gegen sonstige Zahlstellen und Gesch fte",14713000,Leipzig,insg.,16,6,10,0,0,0,0,0,0,0,0,0,0,0,0,0,0,0,15,5,10,1,1,0,16,6,10,2018
212000,"Raub, r uberische Erpressung auf/gegen sonstige Zahlstellen und Gesch fte",5316000,Leverkusen,insg.,10,2,8,0,0,0,0,0,0,0,0,0,2,0,2,0,0,0,7,2,5,1,0,1,8,2,6,2018
212000,"Raub, r uberische Erpressung auf/gegen sonstige Zahlstellen und Gesch fte",1003000,L beck,insg.,5,2,3,0,0,0,0,0,0,0,0,0,0,0,0,2,2,0,3,0,3,0,0,0,3,0,3,2018
212000,"Raub, r uberische Erpressung auf/gegen sonstige Zahlstellen und Gesch fte",7314000,Ludwigshafen am Rhein,insg.,8,1,7,0,0,0,0,0,0,0,0,0,0,0,0,2,0,2,6,1,5,0,0,0,6,1,5,2018
212000,"Raub, r uberische Erpressung auf/gegen sonstige Zahlstellen und Gesch fte",15003000,Magdeburg,insg.,18,5,13,0,0,0,0,0,0,0,0,0,0,0,0,1,0,1,14,4,10,3,1,2,17,5,12,2018
212000,"Raub, r uberische Erpressung auf/gegen sonstige Zahlstellen und Gesch fte",7315000,Mainz,insg.,8,3,5,0,0,0,0,0,0,0,0,0,0,0,0,0,0,0,7,2,5,1,1,0,8,3,5,2018
212000,"Raub, r uberische Erpressung auf/gegen sonstige Zahlstellen und Gesch fte",8222000,Mannheim,insg.,10,2,8,0,0,0,0,0,0,0,0,0,0,0,0,1,0,1,9,2,7,0,0,0,9,2,7,2018
212000,"Raub, r uberische Erpressung auf/gegen sonstige Zahlstellen und Gesch fte",5170024,Moers,insg.,4,2,2,0,0,0,0,0,0,0,0,0,0,0,0,0,0,0,3,2,1,1,0,1,4,2,2,2018
212000,"Raub, r uberische Erpressung auf/gegen sonstige Zahlstellen und Gesch fte",5116000,M nchengladbach,insg.,16,5,11,0,0,0,0,0,0,0,0,0,0,0,0,2,2,0,12,2,10,2,1,1,14,3,11,2018
212000,"Raub, r uberische Erpressung auf/gegen sonstige Zahlstellen und Gesch fte",5117000,M lheim an der Ruhr,insg.,8,1,7,0,0,0,0,0,0,0,0,0,0,0,0,0,0,0,8,1,7,0,0,0,8,1,7,2018
212000,"Raub, r uberische Erpressung auf/gegen sonstige Zahlstellen und Gesch fte",9162000,M nchen,insg.,42,20,22,0,0,0,0,0,0,0,0,0,0,0,0,1,0,1,36,17,19,5,3,2,41,20,21,2018
212000,"Raub, r uberische Erpressung auf/gegen sonstige Zahlstellen und Gesch fte",5515000,M nster,insg.,23,9,14,0,0,0,0,0,0,0,0,0,0,0,0,3,2,1,19,6,13,1,1,0,20,7,13,2018
212000,"Raub, r uberische Erpressung auf/gegen sonstige Zahlstellen und Gesch fte",5162024,Neuss,insg.,6,3,3,0,0,0,0,0,0,0,0,0,0,0,0,1,1,0,4,2,2,1,0,1,5,2,3,2018
212000,"Raub, r uberische Erpressung auf/gegen sonstige Zahlstellen und Gesch fte",9564000,N rnberg,insg.,15,6,9,0,0,0,0,0,0,0,0,0,0,0,0,1,1,0,13,5,8,1,0,1,14,5,9,2018
212000,"Raub, r uberische Erpressung auf/gegen sonstige Zahlstellen und Gesch fte",5119000,Oberhausen,insg.,3,3,0,0,0,0,0,0,0,0,0,0,0,0,0,0,0,0,3,3,0,0,0,0,3,3,0,2018
212000,"Raub, r uberische Erpressung auf/gegen sonstige Zahlstellen und Gesch fte",6413000,Offenbach am Main,insg.,13,5,8,0,0,0,0,0,0,0,0,0,0,0,0,1,1,0,10,2,8,2,2,0,12,4,8,2018
212000,"Raub, r uberische Erpressung auf/gegen sonstige Zahlstellen und Gesch fte",3403000,Oldenburg (Oldenburg),insg.,22,12,10,0,0,0,0,0,0,0,0,0,0,0,0,1,1,0,21,11,10,0,0,0,21,11,10,2018
212000,"Raub, r uberische Erpressung auf/gegen sonstige Zahlstellen und Gesch fte",3404000,Osnabr ck,insg.,17,5,12,0,0,0,0,0,0,0,0,0,0,0,0,1,1,0,15,3,12,1,1,0,16,4,12,2018
212000,"Raub, r uberische Erpressung auf/gegen sonstige Zahlstellen und Gesch fte",5774032,Paderborn,insg.,3,1,2,0,0,0,0,0,0,0,0,0,0,0,0,0,0,0,3,1,2,0,0,0,3,1,2,2018
212000,"Raub, r uberische Erpressung auf/gegen sonstige Zahlstellen und Gesch fte",8231000,Pforzheim,insg.,3,0,3,0,0,0,0,0,0,0,0,0,0,0,0,0,0,0,3,0,3,0,0,0,3,0,3,2018
212000,"Raub, r uberische Erpressung auf/gegen sonstige Zahlstellen und Gesch fte",12054000,Potsdam,insg.,10,2,8,0,0,0,0,0,0,0,0,0,0,0,0,1,1,0,9,1,8,0,0,0,9,1,8,2018
212000,"Raub, r uberische Erpressung auf/gegen sonstige Zahlstellen und Gesch fte",5562032,Recklinghausen,insg.,10,3,7,0,0,0,0,0,0,0,0,0,0,0,0,0,0,0,10,3,7,0,0,0,10,3,7,2018
212000,"Raub, r uberische Erpressung auf/gegen sonstige Zahlstellen und Gesch fte",9362000,Regensburg,insg.,5,2,3,0,0,0,0,0,0,0,0,0,0,0,0,1,1,0,4,1,3,0,0,0,4,1,3,2018
212000,"Raub, r uberische Erpressung auf/gegen sonstige Zahlstellen und Gesch fte",5120000,Remscheid,insg.,1,0,1,0,0,0,0,0,0,0,0,0,0,0,0,0,0,0,1,0,1,0,0,0,1,0,1,2018
212000,"Raub, r uberische Erpressung auf/gegen sonstige Zahlstellen und Gesch fte",8415061,Reutlingen,insg.,3,1,2,0,0,0,0,0,0,0,0,0,0,0,0,0,0,0,3,1,2,0,0,0,3,1,2,2018
212000,"Raub, r uberische Erpressung auf/gegen sonstige Zahlstellen und Gesch fte",13003000,Rostock,insg.,5,3,2,0,0,0,0,0,0,0,0,0,0,0,0,0,0,0,4,2,2,1,1,0,5,3,2,2018
212000,"Raub, r uberische Erpressung auf/gegen sonstige Zahlstellen und Gesch fte",10041100,Saarbr cken,insg.,7,4,3,0,0,0,0,0,0,0,0,0,0,0,0,0,0,0,7,4,3,0,0,0,7,4,3,2018
212000,"Raub, r uberische Erpressung auf/gegen sonstige Zahlstellen und Gesch fte",3102000,Salzgitter,insg.,5,1,4,0,0,0,0,0,0,0,0,0,0,0,0,0,0,0,5,1,4,0,0,0,5,1,4,2018
212000,"Raub, r uberische Erpressung auf/gegen sonstige Zahlstellen und Gesch fte",13004000,Schwerin,insg.,1,1,0,0,0,0,0,0,0,0,0,0,0,0,0,0,0,0,1,1,0,0,0,0,1,1,0,2018
212000,"Raub, r uberische Erpressung auf/gegen sonstige Zahlstellen und Gesch fte",5970040,Siegen,insg.,0,0,0,0,0,0,0,0,0,0,0,0,0,0,0,0,0,0,0,0,0,0,0,0,0,0,0,2018
212000,"Raub, r uberische Erpressung auf/gegen sonstige Zahlstellen und Gesch fte",5122000,Solingen,insg.,7,4,3,0,0,0,0,0,0,0,0,0,0,0,0,1,1,0,5,2,3,1,1,0,6,3,3,2018
212000,"Raub, r uberische Erpressung auf/gegen sonstige Zahlstellen und Gesch fte",8111000,Stuttgart,insg.,14,9,5,0,0,0,0,0,0,0,0,0,0,0,0,0,0,0,14,9,5,0,0,0,14,9,5,2018
212000,"Raub, r uberische Erpressung auf/gegen sonstige Zahlstellen und Gesch fte",7211000,Trier,insg.,7,3,4,0,0,0,0,0,0,0,0,0,0,0,0,0,0,0,5,1,4,2,2,0,7,3,4,2018
212000,"Raub, r uberische Erpressung auf/gegen sonstige Zahlstellen und Gesch fte",8421000,Ulm,insg.,2,1,1,0,0,0,0,0,0,0,0,0,0,0,0,0,0,0,2,1,1,0,0,0,2,1,1,2018
212000,"Raub, r uberische Erpressung auf/gegen sonstige Zahlstellen und Gesch fte",6414000,Wiesbaden,insg.,5,2,3,0,0,0,0,0,0,0,0,0,0,0,0,0,0,0,4,1,3,1,1,0,5,2,3,2018
212000,"Raub, r uberische Erpressung auf/gegen sonstige Zahlstellen und Gesch fte",3103000,Wolfsburg,insg.,8,5,3,0,0,0,0,0,0,0,0,0,0,0,0,1,1,0,7,4,3,0,0,0,7,4,3,2018
212000,"Raub, r uberische Erpressung auf/gegen sonstige Zahlstellen und Gesch fte",5124000,Wuppertal,insg.,18,8,10,0,0,0,0,0,0,0,0,0,0,0,0,0,0,0,16,8,8,2,0,2,18,8,10,2018
212000,"Raub, r uberische Erpressung auf/gegen sonstige Zahlstellen und Gesch fte",9663000,W rzburg,insg.,0,0,0,0,0,0,0,0,0,0,0,0,0,0,0,0,0,0,0,0,0,0,0,0,0,0,0,2018
216000,Handtaschenraub,5334002,Aachen,voll.,12,0,12,0,0,0,0,0,0,0,0,0,0,0,0,0,0,0,8,0,8,4,0,4,12,0,12,2018
216000,Handtaschenraub,9761000,Augsburg,voll.,4,1,3,0,0,0,0,0,0,0,0,0,0,0,0,0,0,0,0,0,0,4,1,3,4,1,3,2018
216000,Handtaschenraub,5378004,Bergisch Gladbach,voll.,0,0,0,0,0,0,0,0,0,0,0,0,0,0,0,0,0,0,0,0,0,0,0,0,0,0,0,2018
216000,Handtaschenraub,11000000,Berlin,voll.,190,21,169,0,0,0,1,1,0,1,1,0,4,1,3,9,2,7,90,13,77,86,4,82,176,17,159,2018
216000,Handtaschenraub,5711000,Bielefeld,voll.,3,0,3,0,0,0,0,0,0,0,0,0,0,0,0,0,0,0,2,0,2,1,0,1,3,0,3,2018
216000,Handtaschenraub,5911000,Bochum,voll.,4,1,3,0,0,0,0,0,0,0,0,0,0,0,0,0,0,0,1,0,1,3,1,2,4,1,3,2018
216000,Handtaschenraub,5314000,Bonn,voll.,6,0,6,0,0,0,0,0,0,0,0,0,0,0,0,0,0,0,0,0,0,6,0,6,6,0,6,2018
216000,Handtaschenraub,5512000,Bottrop,voll.,1,0,1,0,0,0,0,0,0,0,0,0,0,0,0,0,0,0,1,0,1,0,0,0,1,0,1,2018
216000,Handtaschenraub,3101000,Braunschweig,voll.,2,0,2,0,0,0,0,0,0,0,0,0,0,0,0,0,0,0,1,0,1,1,0,1,2,0,2,2018
216000,Handtaschenraub,4011000,Bremen,voll.,16,2,14,0,0,0,0,0,0,0,0,0,0,0,0,0,0,0,8,2,6,8,0,8,16,2,14,2018
216000,Handtaschenraub,4012000,Bremerhaven,voll.,11,1,10,0,0,0,0,0,0,0,0,0,0,0,0,0,0,0,8,1,7,3,0,3,11,1,10,2018
216000,Handtaschenraub,14511000,Chemnitz,voll.,11,2,9,0,0,0,0,0,0,0,0,0,0,0,0,1,1,0,4,0,4,6,1,5,10,1,9,2018
216000,Handtaschenraub,12052000,Cottbus,voll.,2,1,1,0,0,0,0,0,0,0,0,0,0,0,0,0,0,0,2,1,1,0,0,0,2,1,1,2018
216000,Handtaschenraub,6411000,Darmstadt,voll.,1,1,0,0,0,0,0,0,0,0,0,0,0,0,0,0,0,0,1,1,0,0,0,0,1,1,0,2018
216000,Handtaschenraub,5913000,Dortmund,voll.,28,3,25,0,0,0,0,0,0,0,0,0,2,1,1,1,0,1,10,1,9,15,1,14,25,2,23,2018
216000,Handtaschenraub,14612000,Dresden,voll.,11,3,8,0,0,0,0,0,0,0,0,0,0,0,0,1,1,0,7,2,5,3,0,3,10,2,8,2018
216000,Handtaschenraub,5112000,Duisburg,voll.,20,0,20,0,0,0,0,0,0,0,0,0,0,0,0,1,0,1,7,0,7,12,0,12,19,0,19,2018
216000,Handtaschenraub,5111000,D sseldorf,voll.,14,0,14,1,0,1,0,0,0,1,0,1,0,0,0,1,0,1,8,0,8,4,0,4,12,0,12,2018
216000,Handtaschenraub,16051000,Erfurt,voll.,6,1,5,0,0,0,0,0,0,0,0,0,0,0,0,0,0,0,2,0,2,4,1,3,6,1,5,2018
216000,Handtaschenraub,9562000,Erlangen,voll.,0,0,0,0,0,0,0,0,0,0,0,0,0,0,0,0,0,0,0,0,0,0,0,0,0,0,0,2018
216000,Handtaschenraub,5113000,Essen,voll.,11,0,11,0,0,0,0,0,0,0,0,0,0,0,0,1,0,1,6,0,6,4,0,4,10,0,10,2018
216000,Handtaschenraub,6412000,Frankfurt am Main,voll.,27,0,27,0,0,0,0,0,0,0,0,0,1,0,1,0,0,0,20,0,20,6,0,6,26,0,26,2018
216000,Handtaschenraub,8311000,Freiburg im Breisgau,voll.,2,0,2,0,0,0,0,0,0,0,0,0,0,0,0,0,0,0,1,0,1,1,0,1,2,0,2,2018
216000,Handtaschenraub,9563000,F rth,voll.,0,0,0,0,0,0,0,0,0,0,0,0,0,0,0,0,0,0,0,0,0,0,0,0,0,0,0,2018
216000,Handtaschenraub,5513000,Gelsenkirchen,voll.,8,0,8,0,0,0,0,0,0,0,0,0,0,0,0,0,0,0,2,0,2,6,0,6,8,0,8,2018
216000,Handtaschenraub,3159016,G ttingen,voll.,6,3,3,0,0,0,0,0,0,0,0,0,0,0,0,1,0,1,4,3,1,1,0,1,5,3,2,2018
216000,Handtaschenraub,5914000,Hagen,voll.,4,1,3,0,0,0,0,0,0,0,0,0,0,0,0,0,0,0,3,1,2,1,0,1,4,1,3,2018
216000,Handtaschenraub,15002000,Halle (Saale),voll.,8,1,7,0,0,0,0,0,0,0,0,0,1,1,0,1,0,1,2,0,2,4,0,4,6,0,6,2018
216000,Handtaschenraub,2000000,Hamburg,voll.,64,11,53,0,0,0,0,0,0,0,0,0,1,1,0,3,1,2,31,7,24,29,2,27,60,9,51,2018
216000,Handtaschenraub,5915000,Hamm,voll.,5,0,5,0,0,0,0,0,0,0,0,0,0,0,0,0,0,0,3,0,3,2,0,2,5,0,5,2018
216000,Handtaschenraub,3241001,Hannover,voll.,15,1,14,0,0,0,0,0,0,0,0,0,0,0,0,1,0,1,6,0,6,8,1,7,14,1,13,2018
216000,Handtaschenraub,8221000,Heidelberg,voll.,4,1,3,0,0,0,0,0,0,0,0,0,0,0,0,0,0,0,0,0,0,4,1,3,4,1,3,2018
216000,Handtaschenraub,8121000,Heilbronn,voll.,2,0,2,0,0,0,0,0,0,0,0,0,0,0,0,0,0,0,2,0,2,0,0,0,2,0,2,2018
216000,Handtaschenraub,5916000,Herne,voll.,1,0,1,0,0,0,0,0,0,0,0,0,0,0,0,0,0,0,0,0,0,1,0,1,1,0,1,2018
216000,Handtaschenraub,3254021,Hildesheim,voll.,1,0,1,0,0,0,0,0,0,0,0,0,0,0,0,0,0,0,0,0,0,1,0,1,1,0,1,2018
216000,Handtaschenraub,9161000,Ingolstadt,voll.,3,0,3,0,0,0,0,0,0,0,0,0,1,0,1,1,0,1,0,0,0,1,0,1,1,0,1,2018
216000,Handtaschenraub,16053000,Jena,voll.,1,0,1,0,0,0,0,0,0,0,0,0,0,0,0,0,0,0,0,0,0,1,0,1,1,0,1,2018
216000,Handtaschenraub,8212000,Karlsruhe,voll.,13,2,11,0,0,0,0,0,0,0,0,0,0,0,0,1,0,1,6,2,4,6,0,6,12,2,10,2018
216000,Handtaschenraub,6611000,Kassel,voll.,5,0,5,0,0,0,0,0,0,0,0,0,0,0,0,0,0,0,4,0,4,1,0,1,5,0,5,2018
216000,Handtaschenraub,1002000,Kiel,voll.,2,0,2,0,0,0,0,0,0,0,0,0,0,0,0,0,0,0,2,0,2,0,0,0,2,0,2,2018
216000,Handtaschenraub,7111000,Koblenz,voll.,2,1,1,0,0,0,0,0,0,0,0,0,0,0,0,0,0,0,2,1,1,0,0,0,2,1,1,2018
216000,Handtaschenraub,5315000,K ln,voll.,71,13,58,0,0,0,1,1,0,1,1,0,0,0,0,1,0,1,48,9,39,21,3,18,69,12,57,2018
216000,Handtaschenraub,5114000,Krefeld,voll.,13,0,13,0,0,0,0,0,0,0,0,0,0,0,0,1,0,1,7,0,7,5,0,5,12,0,12,2018
216000,Handtaschenraub,14713000,Leipzig,voll.,35,6,29,0,0,0,0,0,0,0,0,0,0,0,0,1,1,0,14,4,10,20,1,19,34,5,29,2018
216000,Handtaschenraub,5316000,Leverkusen,voll.,5,2,3,0,0,0,0,0,0,0,0,0,2,1,1,0,0,0,1,1,0,2,0,2,3,1,2,2018
216000,Handtaschenraub,1003000,L beck,voll.,4,0,4,0,0,0,0,0,0,0,0,0,0,0,0,0,0,0,2,0,2,2,0,2,4,0,4,2018
216000,Handtaschenraub,7314000,Ludwigshafen am Rhein,voll.,4,1,3,0,0,0,1,1,0,1,1,0,0,0,0,0,0,0,1,0,1,2,0,2,3,0,3,2018
216000,Handtaschenraub,15003000,Magdeburg,voll.,12,0,12,0,0,0,0,0,0,0,0,0,0,0,0,0,0,0,3,0,3,9,0,9,12,0,12,2018
216000,Handtaschenraub,7315000,Mainz,voll.,1,0,1,0,0,0,0,0,0,0,0,0,0,0,0,0,0,0,0,0,0,1,0,1,1,0,1,2018
216000,Handtaschenraub,8222000,Mannheim,voll.,12,2,10,0,0,0,0,0,0,0,0,0,0,0,0,2,0,2,6,1,5,4,1,3,10,2,8,2018
216000,Handtaschenraub,5170024,Moers,voll.,5,0,5,0,0,0,0,0,0,0,0,0,0,0,0,0,0,0,1,0,1,4,0,4,5,0,5,2018
216000,Handtaschenraub,5116000,M nchengladbach,voll.,10,0,10,0,0,0,0,0,0,0,0,0,0,0,0,0,0,0,4,0,4,6,0,6,10,0,10,2018
216000,Handtaschenraub,5117000,M lheim an der Ruhr,voll.,0,0,0,0,0,0,0,0,0,0,0,0,0,0,0,0,0,0,0,0,0,0,0,0,0,0,0,2018
216000,Handtaschenraub,9162000,M nchen,voll.,30,13,17,0,0,0,0,0,0,0,0,0,5,5,0,2,2,0,13,5,8,10,1,9,23,6,17,2018
216000,Handtaschenraub,5515000,M nster,voll.,3,0,3,0,0,0,0,0,0,0,0,0,0,0,0,0,0,0,1,0,1,2,0,2,3,0,3,2018
216000,Handtaschenraub,5162024,Neuss,voll.,0,0,0,0,0,0,0,0,0,0,0,0,0,0,0,0,0,0,0,0,0,0,0,0,0,0,0,2018
216000,Handtaschenraub,9564000,N rnberg,voll.,5,1,4,0,0,0,0,0,0,0,0,0,0,0,0,0,0,0,3,1,2,2,0,2,5,1,4,2018
216000,Handtaschenraub,5119000,Oberhausen,voll.,3,0,3,0,0,0,1,0,1,1,0,1,0,0,0,0,0,0,2,0,2,0,0,0,2,0,2,2018
216000,Handtaschenraub,6413000,Offenbach am Main,voll.,3,0,3,0,0,0,0,0,0,0,0,0,0,0,0,0,0,0,2,0,2,1,0,1,3,0,3,2018
216000,Handtaschenraub,3403000,Oldenburg (Oldenburg),voll.,4,1,3,0,0,0,0,0,0,0,0,0,0,0,0,1,0,1,1,1,0,2,0,2,3,1,2,2018
216000,Handtaschenraub,3404000,Osnabr ck,voll.,3,0,3,0,0,0,0,0,0,0,0,0,0,0,0,0,0,0,2,0,2,1,0,1,3,0,3,2018
216000,Handtaschenraub,5774032,Paderborn,voll.,0,0,0,0,0,0,0,0,0,0,0,0,0,0,0,0,0,0,0,0,0,0,0,0,0,0,0,2018
216000,Handtaschenraub,8231000,Pforzheim,voll.,3,1,2,0,0,0,0,0,0,0,0,0,0,0,0,1,0,1,1,1,0,1,0,1,2,1,1,2018
216000,Handtaschenraub,12054000,Potsdam,voll.,4,0,4,0,0,0,0,0,0,0,0,0,0,0,0,0,0,0,2,0,2,2,0,2,4,0,4,2018
216000,Handtaschenraub,5562032,Recklinghausen,voll.,6,1,5,0,0,0,0,0,0,0,0,0,0,0,0,0,0,0,4,0,4,2,1,1,6,1,5,2018
216000,Handtaschenraub,9362000,Regensburg,voll.,1,0,1,0,0,0,0,0,0,0,0,0,0,0,0,0,0,0,0,0,0,1,0,1,1,0,1,2018
216000,Handtaschenraub,5120000,Remscheid,voll.,2,0,2,0,0,0,0,0,0,0,0,0,0,0,0,0,0,0,0,0,0,2,0,2,2,0,2,2018
216000,Handtaschenraub,8415061,Reutlingen,voll.,2,0,2,0,0,0,0,0,0,0,0,0,0,0,0,1,0,1,0,0,0,1,0,1,1,0,1,2018
216000,Handtaschenraub,13003000,Rostock,voll.,8,2,6,0,0,0,0,0,0,0,0,0,1,1,0,0,0,0,1,1,0,6,0,6,7,1,6,2018
216000,Handtaschenraub,10041100,Saarbr cken,voll.,6,0,6,0,0,0,0,0,0,0,0,0,0,0,0,0,0,0,1,0,1,5,0,5,6,0,6,2018
216000,Handtaschenraub,3102000,Salzgitter,voll.,3,0,3,0,0,0,0,0,0,0,0,0,0,0,0,0,0,0,2,0,2,1,0,1,3,0,3,2018
216000,Handtaschenraub,13004000,Schwerin,voll.,3,1,2,0,0,0,0,0,0,0,0,0,0,0,0,0,0,0,1,1,0,2,0,2,3,1,2,2018
216000,Handtaschenraub,5970040,Siegen,voll.,0,0,0,0,0,0,0,0,0,0,0,0,0,0,0,0,0,0,0,0,0,0,0,0,0,0,0,2018
216000,Handtaschenraub,5122000,Solingen,voll.,1,0,1,0,0,0,0,0,0,0,0,0,0,0,0,0,0,0,0,0,0,1,0,1,1,0,1,2018
216000,Handtaschenraub,8111000,Stuttgart,voll.,9,0,9,0,0,0,0,0,0,0,0,0,0,0,0,0,0,0,5,0,5,4,0,4,9,0,9,2018
216000,Handtaschenraub,7211000,Trier,voll.,1,0,1,0,0,0,0,0,0,0,0,0,0,0,0,0,0,0,1,0,1,0,0,0,1,0,1,2018
216000,Handtaschenraub,8421000,Ulm,voll.,1,0,1,0,0,0,0,0,0,0,0,0,1,0,1,0,0,0,0,0,0,0,0,0,0,0,0,2018
216000,Handtaschenraub,6414000,Wiesbaden,voll.,5,0,5,0,0,0,0,0,0,0,0,0,0,0,0,0,0,0,2,0,2,3,0,3,5,0,5,2018
216000,Handtaschenraub,3103000,Wolfsburg,voll.,0,0,0,0,0,0,0,0,0,0,0,0,0,0,0,0,0,0,0,0,0,0,0,0,0,0,0,2018
216000,Handtaschenraub,5124000,Wuppertal,voll.,6,1,5,0,0,0,0,0,0,0,0,0,0,0,0,0,0,0,4,1,3,2,0,2,6,1,5,2018
216000,Handtaschenraub,9663000,W rzburg,voll.,0,0,0,0,0,0,0,0,0,0,0,0,0,0,0,0,0,0,0,0,0,0,0,0,0,0,0,2018
216000,Handtaschenraub,5334002,Aachen,vers.,2,0,2,0,0,0,0,0,0,0,0,0,0,0,0,0,0,0,1,0,1,1,0,1,2,0,2,2018
216000,Handtaschenraub,9761000,Augsburg,vers.,1,0,1,0,0,0,0,0,0,0,0,0,0,0,0,0,0,0,0,0,0,1,0,1,1,0,1,2018
216000,Handtaschenraub,5378004,Bergisch Gladbach,vers.,0,0,0,0,0,0,0,0,0,0,0,0,0,0,0,0,0,0,0,0,0,0,0,0,0,0,0,2018
216000,Handtaschenraub,11000000,Berlin,vers.,51,9,42,0,0,0,0,0,0,0,0,0,2,1,1,5,2,3,32,6,26,12,0,12,44,6,38,2018
216000,Handtaschenraub,5711000,Bielefeld,vers.,1,0,1,0,0,0,0,0,0,0,0,0,0,0,0,1,0,1,0,0,0,0,0,0,0,0,0,2018
216000,Handtaschenraub,5911000,Bochum,vers.,3,0,3,0,0,0,0,0,0,0,0,0,0,0,0,0,0,0,2,0,2,1,0,1,3,0,3,2018
216000,Handtaschenraub,5314000,Bonn,vers.,0,0,0,0,0,0,0,0,0,0,0,0,0,0,0,0,0,0,0,0,0,0,0,0,0,0,0,2018
216000,Handtaschenraub,5512000,Bottrop,vers.,1,0,1,0,0,0,0,0,0,0,0,0,0,0,0,0,0,0,0,0,0,1,0,1,1,0,1,2018
216000,Handtaschenraub,3101000,Braunschweig,vers.,3,0,3,0,0,0,0,0,0,0,0,0,0,0,0,0,0,0,2,0,2,1,0,1,3,0,3,2018
216000,Handtaschenraub,4011000,Bremen,vers.,0,0,0,0,0,0,0,0,0,0,0,0,0,0,0,0,0,0,0,0,0,0,0,0,0,0,0,2018
216000,Handtaschenraub,4012000,Bremerhaven,vers.,0,0,0,0,0,0,0,0,0,0,0,0,0,0,0,0,0,0,0,0,0,0,0,0,0,0,0,2018
216000,Handtaschenraub,14511000,Chemnitz,vers.,4,0,4,0,0,0,0,0,0,0,0,0,0,0,0,0,0,0,1,0,1,3,0,3,4,0,4,2018
216000,Handtaschenraub,12052000,Cottbus,vers.,1,0,1,0,0,0,0,0,0,0,0,0,1,0,1,0,0,0,0,0,0,0,0,0,0,0,0,2018
216000,Handtaschenraub,6411000,Darmstadt,vers.,1,0,1,0,0,0,0,0,0,0,0,0,0,0,0,0,0,0,1,0,1,0,0,0,1,0,1,2018
216000,Handtaschenraub,5913000,Dortmund,vers.,12,2,10,0,0,0,0,0,0,0,0,0,0,0,0,1,0,1,2,0,2,9,2,7,11,2,9,2018
216000,Handtaschenraub,14612000,Dresden,vers.,3,1,2,0,0,0,0,0,0,0,0,0,0,0,0,1,0,1,1,1,0,1,0,1,2,1,1,2018
216000,Handtaschenraub,5112000,Duisburg,vers.,3,0,3,0,0,0,0,0,0,0,0,0,0,0,0,0,0,0,3,0,3,0,0,0,3,0,3,2018
216000,Handtaschenraub,5111000,D sseldorf,vers.,5,0,5,0,0,0,0,0,0,0,0,0,0,0,0,0,0,0,4,0,4,1,0,1,5,0,5,2018
216000,Handtaschenraub,16051000,Erfurt,vers.,1,0,1,0,0,0,0,0,0,0,0,0,0,0,0,0,0,0,1,0,1,0,0,0,1,0,1,2018
216000,Handtaschenraub,9562000,Erlangen,vers.,0,0,0,0,0,0,0,0,0,0,0,0,0,0,0,0,0,0,0,0,0,0,0,0,0,0,0,2018
216000,Handtaschenraub,5113000,Essen,vers.,6,1,5,0,0,0,0,0,0,0,0,0,0,0,0,1,0,1,4,1,3,1,0,1,5,1,4,2018
216000,Handtaschenraub,6412000,Frankfurt am Main,vers.,14,2,12,0,0,0,0,0,0,0,0,0,0,0,0,0,0,0,9,1,8,5,1,4,14,2,12,2018
216000,Handtaschenraub,8311000,Freiburg im Breisgau,vers.,3,0,3,0,0,0,0,0,0,0,0,0,0,0,0,0,0,0,2,0,2,1,0,1,3,0,3,2018
216000,Handtaschenraub,9563000,F rth,vers.,0,0,0,0,0,0,0,0,0,0,0,0,0,0,0,0,0,0,0,0,0,0,0,0,0,0,0,2018
216000,Handtaschenraub,5513000,Gelsenkirchen,vers.,1,0,1,0,0,0,0,0,0,0,0,0,0,0,0,0,0,0,1,0,1,0,0,0,1,0,1,2018
216000,Handtaschenraub,3159016,G ttingen,vers.,5,1,4,0,0,0,0,0,0,0,0,0,0,0,0,1,0,1,4,1,3,0,0,0,4,1,3,2018
216000,Handtaschenraub,5914000,Hagen,vers.,0,0,0,0,0,0,0,0,0,0,0,0,0,0,0,0,0,0,0,0,0,0,0,0,0,0,0,2018
216000,Handtaschenraub,15002000,Halle (Saale),vers.,2,0,2,0,0,0,0,0,0,0,0,0,0,0,0,0,0,0,2,0,2,0,0,0,2,0,2,2018
216000,Handtaschenraub,2000000,Hamburg,vers.,20,3,17,0,0,0,0,0,0,0,0,0,0,0,0,1,0,1,16,3,13,3,0,3,19,3,16,2018
216000,Handtaschenraub,5915000,Hamm,vers.,1,0,1,0,0,0,0,0,0,0,0,0,0,0,0,0,0,0,0,0,0,1,0,1,1,0,1,2018
216000,Handtaschenraub,3241001,Hannover,vers.,9,1,8,0,0,0,0,0,0,0,0,0,0,0,0,1,0,1,4,0,4,4,1,3,8,1,7,2018
216000,Handtaschenraub,8221000,Heidelberg,vers.,1,0,1,0,0,0,0,0,0,0,0,0,0,0,0,0,0,0,1,0,1,0,0,0,1,0,1,2018
216000,Handtaschenraub,8121000,Heilbronn,vers.,3,0,3,0,0,0,0,0,0,0,0,0,0,0,0,0,0,0,1,0,1,2,0,2,3,0,3,2018
216000,Handtaschenraub,5916000,Herne,vers.,0,0,0,0,0,0,0,0,0,0,0,0,0,0,0,0,0,0,0,0,0,0,0,0,0,0,0,2018
216000,Handtaschenraub,3254021,Hildesheim,vers.,1,0,1,0,0,0,0,0,0,0,0,0,0,0,0,0,0,0,1,0,1,0,0,0,1,0,1,2018
216000,Handtaschenraub,9161000,Ingolstadt,vers.,0,0,0,0,0,0,0,0,0,0,0,0,0,0,0,0,0,0,0,0,0,0,0,0,0,0,0,2018
216000,Handtaschenraub,16053000,Jena,vers.,0,0,0,0,0,0,0,0,0,0,0,0,0,0,0,0,0,0,0,0,0,0,0,0,0,0,0,2018
216000,Handtaschenraub,8212000,Karlsruhe,vers.,7,0,7,0,0,0,0,0,0,0,0,0,0,0,0,0,0,0,6,0,6,1,0,1,7,0,7,2018
216000,Handtaschenraub,6611000,Kassel,vers.,1,0,1,0,0,0,0,0,0,0,0,0,0,0,0,0,0,0,0,0,0,1,0,1,1,0,1,2018
216000,Handtaschenraub,1002000,Kiel,vers.,0,0,0,0,0,0,0,0,0,0,0,0,0,0,0,0,0,0,0,0,0,0,0,0,0,0,0,2018
216000,Handtaschenraub,7111000,Koblenz,vers.,0,0,0,0,0,0,0,0,0,0,0,0,0,0,0,0,0,0,0,0,0,0,0,0,0,0,0,2018
216000,Handtaschenraub,5315000,K ln,vers.,18,1,17,0,0,0,0,0,0,0,0,0,0,0,0,0,0,0,15,1,14,3,0,3,18,1,17,2018
216000,Handtaschenraub,5114000,Krefeld,vers.,4,0,4,0,0,0,0,0,0,0,0,0,0,0,0,0,0,0,3,0,3,1,0,1,4,0,4,2018
216000,Handtaschenraub,14713000,Leipzig,vers.,6,1,5,0,0,0,0,0,0,0,0,0,0,0,0,0,0,0,4,1,3,2,0,2,6,1,5,2018
216000,Handtaschenraub,5316000,Leverkusen,vers.,5,0,5,0,0,0,0,0,0,0,0,0,1,0,1,0,0,0,4,0,4,0,0,0,4,0,4,2018
216000,Handtaschenraub,1003000,L beck,vers.,2,0,2,0,0,0,0,0,0,0,0,0,0,0,0,0,0,0,1,0,1,1,0,1,2,0,2,2018
216000,Handtaschenraub,7314000,Ludwigshafen am Rhein,vers.,0,0,0,0,0,0,0,0,0,0,0,0,0,0,0,0,0,0,0,0,0,0,0,0,0,0,0,2018
216000,Handtaschenraub,15003000,Magdeburg,vers.,5,0,5,0,0,0,0,0,0,0,0,0,0,0,0,0,0,0,2,0,2,3,0,3,5,0,5,2018
216000,Handtaschenraub,7315000,Mainz,vers.,1,0,1,0,0,0,0,0,0,0,0,0,0,0,0,0,0,0,1,0,1,0,0,0,1,0,1,2018
216000,Handtaschenraub,8222000,Mannheim,vers.,7,1,6,0,0,0,0,0,0,0,0,0,0,0,0,0,0,0,4,1,3,3,0,3,7,1,6,2018
216000,Handtaschenraub,5170024,Moers,vers.,0,0,0,0,0,0,0,0,0,0,0,0,0,0,0,0,0,0,0,0,0,0,0,0,0,0,0,2018
216000,Handtaschenraub,5116000,M nchengladbach,vers.,4,0,4,0,0,0,0,0,0,0,0,0,0,0,0,0,0,0,1,0,1,3,0,3,4,0,4,2018
216000,Handtaschenraub,5117000,M lheim an der Ruhr,vers.,0,0,0,0,0,0,0,0,0,0,0,0,0,0,0,0,0,0,0,0,0,0,0,0,0,0,0,2018
216000,Handtaschenraub,9162000,M nchen,vers.,11,0,11,0,0,0,0,0,0,0,0,0,0,0,0,0,0,0,9,0,9,2,0,2,11,0,11,2018
216000,Handtaschenraub,5515000,M nster,vers.,3,1,2,0,0,0,0,0,0,0,0,0,0,0,0,0,0,0,1,0,1,2,1,1,3,1,2,2018
216000,Handtaschenraub,5162024,Neuss,vers.,0,0,0,0,0,0,0,0,0,0,0,0,0,0,0,0,0,0,0,0,0,0,0,0,0,0,0,2018
216000,Handtaschenraub,9564000,N rnberg,vers.,7,0,7,0,0,0,0,0,0,0,0,0,0,0,0,1,0,1,5,0,5,1,0,1,6,0,6,2018
216000,Handtaschenraub,5119000,Oberhausen,vers.,3,0,3,0,0,0,0,0,0,0,0,0,1,0,1,0,0,0,2,0,2,0,0,0,2,0,2,2018
216000,Handtaschenraub,6413000,Offenbach am Main,vers.,2,0,2,0,0,0,0,0,0,0,0,0,0,0,0,0,0,0,1,0,1,1,0,1,2,0,2,2018
216000,Handtaschenraub,3403000,Oldenburg (Oldenburg),vers.,3,0,3,0,0,0,0,0,0,0,0,0,0,0,0,1,0,1,2,0,2,0,0,0,2,0,2,2018
216000,Handtaschenraub,3404000,Osnabr ck,vers.,3,0,3,0,0,0,0,0,0,0,0,0,1,0,1,0,0,0,2,0,2,0,0,0,2,0,2,2018
216000,Handtaschenraub,5774032,Paderborn,vers.,1,0,1,0,0,0,0,0,0,0,0,0,0,0,0,0,0,0,1,0,1,0,0,0,1,0,1,2018
216000,Handtaschenraub,8231000,Pforzheim,vers.,1,0,1,0,0,0,0,0,0,0,0,0,0,0,0,0,0,0,0,0,0,1,0,1,1,0,1,2018
216000,Handtaschenraub,12054000,Potsdam,vers.,1,0,1,0,0,0,0,0,0,0,0,0,0,0,0,0,0,0,0,0,0,1,0,1,1,0,1,2018
216000,Handtaschenraub,5562032,Recklinghausen,vers.,0,0,0,0,0,0,0,0,0,0,0,0,0,0,0,0,0,0,0,0,0,0,0,0,0,0,0,2018
216000,Handtaschenraub,9362000,Regensburg,vers.,2,0,2,0,0,0,0,0,0,0,0,0,0,0,0,0,0,0,2,0,2,0,0,0,2,0,2,2018
216000,Handtaschenraub,5120000,Remscheid,vers.,1,0,1,0,0,0,0,0,0,0,0,0,0,0,0,0,0,0,0,0,0,1,0,1,1,0,1,2018
216000,Handtaschenraub,8415061,Reutlingen,vers.,1,0,1,0,0,0,0,0,0,0,0,0,0,0,0,0,0,0,0,0,0,1,0,1,1,0,1,2018
216000,Handtaschenraub,13003000,Rostock,vers.,1,0,1,0,0,0,0,0,0,0,0,0,0,0,0,0,0,0,1,0,1,0,0,0,1,0,1,2018
216000,Handtaschenraub,10041100,Saarbr cken,vers.,2,0,2,0,0,0,0,0,0,0,0,0,0,0,0,0,0,0,1,0,1,1,0,1,2,0,2,2018
216000,Handtaschenraub,3102000,Salzgitter,vers.,3,0,3,0,0,0,0,0,0,0,0,0,0,0,0,1,0,1,1,0,1,1,0,1,2,0,2,2018
216000,Handtaschenraub,13004000,Schwerin,vers.,0,0,0,0,0,0,0,0,0,0,0,0,0,0,0,0,0,0,0,0,0,0,0,0,0,0,0,2018
216000,Handtaschenraub,5970040,Siegen,vers.,0,0,0,0,0,0,0,0,0,0,0,0,0,0,0,0,0,0,0,0,0,0,0,0,0,0,0,2018
216000,Handtaschenraub,5122000,Solingen,vers.,0,0,0,0,0,0,0,0,0,0,0,0,0,0,0,0,0,0,0,0,0,0,0,0,0,0,0,2018
216000,Handtaschenraub,8111000,Stuttgart,vers.,4,0,4,0,0,0,0,0,0,0,0,0,0,0,0,0,0,0,3,0,3,1,0,1,4,0,4,2018
216000,Handtaschenraub,7211000,Trier,vers.,0,0,0,0,0,0,0,0,0,0,0,0,0,0,0,0,0,0,0,0,0,0,0,0,0,0,0,2018
216000,Handtaschenraub,8421000,Ulm,vers.,0,0,0,0,0,0,0,0,0,0,0,0,0,0,0,0,0,0,0,0,0,0,0,0,0,0,0,2018
216000,Handtaschenraub,6414000,Wiesbaden,vers.,1,0,1,0,0,0,0,0,0,0,0,0,0,0,0,0,0,0,0,0,0,1,0,1,1,0,1,2018
216000,Handtaschenraub,3103000,Wolfsburg,vers.,1,0,1,0,0,0,0,0,0,0,0,0,0,0,0,0,0,0,1,0,1,0,0,0,1,0,1,2018
216000,Handtaschenraub,5124000,Wuppertal,vers.,4,1,3,0,0,0,0,0,0,0,0,0,0,0,0,0,0,0,3,1,2,1,0,1,4,1,3,2018
216000,Handtaschenraub,9663000,W rzburg,vers.,1,0,1,0,0,0,0,0,0,0,0,0,0,0,0,0,0,0,0,0,0,1,0,1,1,0,1,2018
216000,Handtaschenraub,5334002,Aachen,insg.,14,0,14,0,0,0,0,0,0,0,0,0,0,0,0,0,0,0,9,0,9,5,0,5,14,0,14,2018
216000,Handtaschenraub,9761000,Augsburg,insg.,5,1,4,0,0,0,0,0,0,0,0,0,0,0,0,0,0,0,0,0,0,5,1,4,5,1,4,2018
216000,Handtaschenraub,5378004,Bergisch Gladbach,insg.,0,0,0,0,0,0,0,0,0,0,0,0,0,0,0,0,0,0,0,0,0,0,0,0,0,0,0,2018
216000,Handtaschenraub,11000000,Berlin,insg.,241,30,211,0,0,0,1,1,0,1,1,0,6,2,4,14,4,10,122,19,103,98,4,94,220,23,197,2018
216000,Handtaschenraub,5711000,Bielefeld,insg.,4,0,4,0,0,0,0,0,0,0,0,0,0,0,0,1,0,1,2,0,2,1,0,1,3,0,3,2018
216000,Handtaschenraub,5911000,Bochum,insg.,7,1,6,0,0,0,0,0,0,0,0,0,0,0,0,0,0,0,3,0,3,4,1,3,7,1,6,2018
216000,Handtaschenraub,5314000,Bonn,insg.,6,0,6,0,0,0,0,0,0,0,0,0,0,0,0,0,0,0,0,0,0,6,0,6,6,0,6,2018
216000,Handtaschenraub,5512000,Bottrop,insg.,2,0,2,0,0,0,0,0,0,0,0,0,0,0,0,0,0,0,1,0,1,1,0,1,2,0,2,2018
216000,Handtaschenraub,3101000,Braunschweig,insg.,5,0,5,0,0,0,0,0,0,0,0,0,0,0,0,0,0,0,3,0,3,2,0,2,5,0,5,2018
216000,Handtaschenraub,4011000,Bremen,insg.,16,2,14,0,0,0,0,0,0,0,0,0,0,0,0,0,0,0,8,2,6,8,0,8,16,2,14,2018
216000,Handtaschenraub,4012000,Bremerhaven,insg.,11,1,10,0,0,0,0,0,0,0,0,0,0,0,0,0,0,0,8,1,7,3,0,3,11,1,10,2018
216000,Handtaschenraub,14511000,Chemnitz,insg.,15,2,13,0,0,0,0,0,0,0,0,0,0,0,0,1,1,0,5,0,5,9,1,8,14,1,13,2018
216000,Handtaschenraub,12052000,Cottbus,insg.,3,1,2,0,0,0,0,0,0,0,0,0,1,0,1,0,0,0,2,1,1,0,0,0,2,1,1,2018
216000,Handtaschenraub,6411000,Darmstadt,insg.,2,1,1,0,0,0,0,0,0,0,0,0,0,0,0,0,0,0,2,1,1,0,0,0,2,1,1,2018
216000,Handtaschenraub,5913000,Dortmund,insg.,40,5,35,0,0,0,0,0,0,0,0,0,2,1,1,2,0,2,12,1,11,24,3,21,36,4,32,2018
216000,Handtaschenraub,14612000,Dresden,insg.,14,4,10,0,0,0,0,0,0,0,0,0,0,0,0,2,1,1,8,3,5,4,0,4,12,3,9,2018
216000,Handtaschenraub,5112000,Duisburg,insg.,23,0,23,0,0,0,0,0,0,0,0,0,0,0,0,1,0,1,10,0,10,12,0,12,22,0,22,2018
216000,Handtaschenraub,5111000,D sseldorf,insg.,19,0,19,1,0,1,0,0,0,1,0,1,0,0,0,1,0,1,12,0,12,5,0,5,17,0,17,2018
216000,Handtaschenraub,16051000,Erfurt,insg.,7,1,6,0,0,0,0,0,0,0,0,0,0,0,0,0,0,0,3,0,3,4,1,3,7,1,6,2018
216000,Handtaschenraub,9562000,Erlangen,insg.,0,0,0,0,0,0,0,0,0,0,0,0,0,0,0,0,0,0,0,0,0,0,0,0,0,0,0,2018
216000,Handtaschenraub,5113000,Essen,insg.,17,1,16,0,0,0,0,0,0,0,0,0,0,0,0,2,0,2,10,1,9,5,0,5,15,1,14,2018
216000,Handtaschenraub,6412000,Frankfurt am Main,insg.,41,2,39,0,0,0,0,0,0,0,0,0,1,0,1,0,0,0,29,1,28,11,1,10,40,2,38,2018
216000,Handtaschenraub,8311000,Freiburg im Breisgau,insg.,5,0,5,0,0,0,0,0,0,0,0,0,0,0,0,0,0,0,3,0,3,2,0,2,5,0,5,2018
216000,Handtaschenraub,9563000,F rth,insg.,0,0,0,0,0,0,0,0,0,0,0,0,0,0,0,0,0,0,0,0,0,0,0,0,0,0,0,2018
216000,Handtaschenraub,5513000,Gelsenkirchen,insg.,9,0,9,0,0,0,0,0,0,0,0,0,0,0,0,0,0,0,3,0,3,6,0,6,9,0,9,2018
216000,Handtaschenraub,3159016,G ttingen,insg.,11,4,7,0,0,0,0,0,0,0,0,0,0,0,0,2,0,2,8,4,4,1,0,1,9,4,5,2018
216000,Handtaschenraub,5914000,Hagen,insg.,4,1,3,0,0,0,0,0,0,0,0,0,0,0,0,0,0,0,3,1,2,1,0,1,4,1,3,2018
216000,Handtaschenraub,15002000,Halle (Saale),insg.,10,1,9,0,0,0,0,0,0,0,0,0,1,1,0,1,0,1,4,0,4,4,0,4,8,0,8,2018
216000,Handtaschenraub,2000000,Hamburg,insg.,84,14,70,0,0,0,0,0,0,0,0,0,1,1,0,4,1,3,47,10,37,32,2,30,79,12,67,2018
216000,Handtaschenraub,5915000,Hamm,insg.,6,0,6,0,0,0,0,0,0,0,0,0,0,0,0,0,0,0,3,0,3,3,0,3,6,0,6,2018
216000,Handtaschenraub,3241001,Hannover,insg.,24,2,22,0,0,0,0,0,0,0,0,0,0,0,0,2,0,2,10,0,10,12,2,10,22,2,20,2018
216000,Handtaschenraub,8221000,Heidelberg,insg.,5,1,4,0,0,0,0,0,0,0,0,0,0,0,0,0,0,0,1,0,1,4,1,3,5,1,4,2018
216000,Handtaschenraub,8121000,Heilbronn,insg.,5,0,5,0,0,0,0,0,0,0,0,0,0,0,0,0,0,0,3,0,3,2,0,2,5,0,5,2018
216000,Handtaschenraub,5916000,Herne,insg.,1,0,1,0,0,0,0,0,0,0,0,0,0,0,0,0,0,0,0,0,0,1,0,1,1,0,1,2018
216000,Handtaschenraub,3254021,Hildesheim,insg.,2,0,2,0,0,0,0,0,0,0,0,0,0,0,0,0,0,0,1,0,1,1,0,1,2,0,2,2018
216000,Handtaschenraub,9161000,Ingolstadt,insg.,3,0,3,0,0,0,0,0,0,0,0,0,1,0,1,1,0,1,0,0,0,1,0,1,1,0,1,2018
216000,Handtaschenraub,16053000,Jena,insg.,1,0,1,0,0,0,0,0,0,0,0,0,0,0,0,0,0,0,0,0,0,1,0,1,1,0,1,2018
216000,Handtaschenraub,8212000,Karlsruhe,insg.,20,2,18,0,0,0,0,0,0,0,0,0,0,0,0,1,0,1,12,2,10,7,0,7,19,2,17,2018
216000,Handtaschenraub,6611000,Kassel,insg.,6,0,6,0,0,0,0,0,0,0,0,0,0,0,0,0,0,0,4,0,4,2,0,2,6,0,6,2018
216000,Handtaschenraub,1002000,Kiel,insg.,2,0,2,0,0,0,0,0,0,0,0,0,0,0,0,0,0,0,2,0,2,0,0,0,2,0,2,2018
216000,Handtaschenraub,7111000,Koblenz,insg.,2,1,1,0,0,0,0,0,0,0,0,0,0,0,0,0,0,0,2,1,1,0,0,0,2,1,1,2018
216000,Handtaschenraub,5315000,K ln,insg.,89,14,75,0,0,0,1,1,0,1,1,0,0,0,0,1,0,1,63,10,53,24,3,21,87,13,74,2018
216000,Handtaschenraub,5114000,Krefeld,insg.,17,0,17,0,0,0,0,0,0,0,0,0,0,0,0,1,0,1,10,0,10,6,0,6,16,0,16,2018
216000,Handtaschenraub,14713000,Leipzig,insg.,41,7,34,0,0,0,0,0,0,0,0,0,0,0,0,1,1,0,18,5,13,22,1,21,40,6,34,2018
216000,Handtaschenraub,5316000,Leverkusen,insg.,10,2,8,0,0,0,0,0,0,0,0,0,3,1,2,0,0,0,5,1,4,2,0,2,7,1,6,2018
216000,Handtaschenraub,1003000,L beck,insg.,6,0,6,0,0,0,0,0,0,0,0,0,0,0,0,0,0,0,3,0,3,3,0,3,6,0,6,2018
216000,Handtaschenraub,7314000,Ludwigshafen am Rhein,insg.,4,1,3,0,0,0,1,1,0,1,1,0,0,0,0,0,0,0,1,0,1,2,0,2,3,0,3,2018
216000,Handtaschenraub,15003000,Magdeburg,insg.,17,0,17,0,0,0,0,0,0,0,0,0,0,0,0,0,0,0,5,0,5,12,0,12,17,0,17,2018
216000,Handtaschenraub,7315000,Mainz,insg.,2,0,2,0,0,0,0,0,0,0,0,0,0,0,0,0,0,0,1,0,1,1,0,1,2,0,2,2018
216000,Handtaschenraub,8222000,Mannheim,insg.,19,3,16,0,0,0,0,0,0,0,0,0,0,0,0,2,0,2,10,2,8,7,1,6,17,3,14,2018
216000,Handtaschenraub,5170024,Moers,insg.,5,0,5,0,0,0,0,0,0,0,0,0,0,0,0,0,0,0,1,0,1,4,0,4,5,0,5,2018
216000,Handtaschenraub,5116000,M nchengladbach,insg.,14,0,14,0,0,0,0,0,0,0,0,0,0,0,0,0,0,0,5,0,5,9,0,9,14,0,14,2018
216000,Handtaschenraub,5117000,M lheim an der Ruhr,insg.,0,0,0,0,0,0,0,0,0,0,0,0,0,0,0,0,0,0,0,0,0,0,0,0,0,0,0,2018
216000,Handtaschenraub,9162000,M nchen,insg.,41,13,28,0,0,0,0,0,0,0,0,0,5,5,0,2,2,0,22,5,17,12,1,11,34,6,28,2018
216000,Handtaschenraub,5515000,M nster,insg.,6,1,5,0,0,0,0,0,0,0,0,0,0,0,0,0,0,0,2,0,2,4,1,3,6,1,5,2018
216000,Handtaschenraub,5162024,Neuss,insg.,0,0,0,0,0,0,0,0,0,0,0,0,0,0,0,0,0,0,0,0,0,0,0,0,0,0,0,2018
216000,Handtaschenraub,9564000,N rnberg,insg.,12,1,11,0,0,0,0,0,0,0,0,0,0,0,0,1,0,1,8,1,7,3,0,3,11,1,10,2018
216000,Handtaschenraub,5119000,Oberhausen,insg.,6,0,6,0,0,0,1,0,1,1,0,1,1,0,1,0,0,0,4,0,4,0,0,0,4,0,4,2018
216000,Handtaschenraub,6413000,Offenbach am Main,insg.,5,0,5,0,0,0,0,0,0,0,0,0,0,0,0,0,0,0,3,0,3,2,0,2,5,0,5,2018
216000,Handtaschenraub,3403000,Oldenburg (Oldenburg),insg.,7,1,6,0,0,0,0,0,0,0,0,0,0,0,0,2,0,2,3,1,2,2,0,2,5,1,4,2018
216000,Handtaschenraub,3404000,Osnabr ck,insg.,6,0,6,0,0,0,0,0,0,0,0,0,1,0,1,0,0,0,4,0,4,1,0,1,5,0,5,2018
216000,Handtaschenraub,5774032,Paderborn,insg.,1,0,1,0,0,0,0,0,0,0,0,0,0,0,0,0,0,0,1,0,1,0,0,0,1,0,1,2018
216000,Handtaschenraub,8231000,Pforzheim,insg.,4,1,3,0,0,0,0,0,0,0,0,0,0,0,0,1,0,1,1,1,0,2,0,2,3,1,2,2018
216000,Handtaschenraub,12054000,Potsdam,insg.,5,0,5,0,0,0,0,0,0,0,0,0,0,0,0,0,0,0,2,0,2,3,0,3,5,0,5,2018
216000,Handtaschenraub,5562032,Recklinghausen,insg.,6,1,5,0,0,0,0,0,0,0,0,0,0,0,0,0,0,0,4,0,4,2,1,1,6,1,5,2018
216000,Handtaschenraub,9362000,Regensburg,insg.,3,0,3,0,0,0,0,0,0,0,0,0,0,0,0,0,0,0,2,0,2,1,0,1,3,0,3,2018
216000,Handtaschenraub,5120000,Remscheid,insg.,3,0,3,0,0,0,0,0,0,0,0,0,0,0,0,0,0,0,0,0,0,3,0,3,3,0,3,2018
216000,Handtaschenraub,8415061,Reutlingen,insg.,3,0,3,0,0,0,0,0,0,0,0,0,0,0,0,1,0,1,0,0,0,2,0,2,2,0,2,2018
216000,Handtaschenraub,13003000,Rostock,insg.,9,2,7,0,0,0,0,0,0,0,0,0,1,1,0,0,0,0,2,1,1,6,0,6,8,1,7,2018
216000,Handtaschenraub,10041100,Saarbr cken,insg.,8,0,8,0,0,0,0,0,0,0,0,0,0,0,0,0,0,0,2,0,2,6,0,6,8,0,8,2018
216000,Handtaschenraub,3102000,Salzgitter,insg.,6,0,6,0,0,0,0,0,0,0,0,0,0,0,0,1,0,1,3,0,3,2,0,2,5,0,5,2018
216000,Handtaschenraub,13004000,Schwerin,insg.,3,1,2,0,0,0,0,0,0,0,0,0,0,0,0,0,0,0,1,1,0,2,0,2,3,1,2,2018
216000,Handtaschenraub,5970040,Siegen,insg.,0,0,0,0,0,0,0,0,0,0,0,0,0,0,0,0,0,0,0,0,0,0,0,0,0,0,0,2018
216000,Handtaschenraub,5122000,Solingen,insg.,1,0,1,0,0,0,0,0,0,0,0,0,0,0,0,0,0,0,0,0,0,1,0,1,1,0,1,2018
216000,Handtaschenraub,8111000,Stuttgart,insg.,13,0,13,0,0,0,0,0,0,0,0,0,0,0,0,0,0,0,8,0,8,5,0,5,13,0,13,2018
216000,Handtaschenraub,7211000,Trier,insg.,1,0,1,0,0,0,0,0,0,0,0,0,0,0,0,0,0,0,1,0,1,0,0,0,1,0,1,2018
216000,Handtaschenraub,8421000,Ulm,insg.,1,0,1,0,0,0,0,0,0,0,0,0,1,0,1,0,0,0,0,0,0,0,0,0,0,0,0,2018
216000,Handtaschenraub,6414000,Wiesbaden,insg.,6,0,6,0,0,0,0,0,0,0,0,0,0,0,0,0,0,0,2,0,2,4,0,4,6,0,6,2018
216000,Handtaschenraub,3103000,Wolfsburg,insg.,1,0,1,0,0,0,0,0,0,0,0,0,0,0,0,0,0,0,1,0,1,0,0,0,1,0,1,2018
216000,Handtaschenraub,5124000,Wuppertal,insg.,10,2,8,0,0,0,0,0,0,0,0,0,0,0,0,0,0,0,7,2,5,3,0,3,10,2,8,2018
216000,Handtaschenraub,9663000,W rzburg,insg.,1,0,1,0,0,0,0,0,0,0,0,0,0,0,0,0,0,0,0,0,0,1,0,1,1,0,1,2018
217000,"Sonstige Raub berf lle auf Stra en, Wegen oder Pl tzen",5334002,Aachen,voll.,108,97,11,0,0,0,4,4,0,4,4,0,3,3,0,21,20,1,73,63,10,7,7,0,80,70,10,2018
217000,"Sonstige Raub berf lle auf Stra en, Wegen oder Pl tzen",9761000,Augsburg,voll.,32,28,4,0,0,0,1,1,0,1,1,0,0,0,0,5,4,1,24,21,3,2,2,0,26,23,3,2018
217000,"Sonstige Raub berf lle auf Stra en, Wegen oder Pl tzen",5378004,Bergisch Gladbach,voll.,30,28,2,0,0,0,1,1,0,1,1,0,11,11,0,9,9,0,7,6,1,2,1,1,9,7,2,2018
217000,"Sonstige Raub berf lle auf Stra en, Wegen oder Pl tzen",11000000,Berlin,voll.,2095,1700,395,0,0,0,104,92,12,104,92,12,378,344,34,251,226,25,1196,943,253,166,95,71,1362,1038,324,2018
217000,"Sonstige Raub berf lle auf Stra en, Wegen oder Pl tzen",5711000,Bielefeld,voll.,105,85,20,0,0,0,3,2,1,3,2,1,16,14,2,24,19,5,59,48,11,3,2,1,62,50,12,2018
217000,"Sonstige Raub berf lle auf Stra en, Wegen oder Pl tzen",5911000,Bochum,voll.,145,123,22,0,0,0,10,8,2,10,8,2,35,32,3,22,19,3,66,58,8,12,6,6,78,64,14,2018
217000,"Sonstige Raub berf lle auf Stra en, Wegen oder Pl tzen",5314000,Bonn,voll.,125,106,19,0,0,0,8,8,0,8,8,0,30,25,5,13,13,0,67,56,11,7,4,3,74,60,14,2018
217000,"Sonstige Raub berf lle auf Stra en, Wegen oder Pl tzen",5512000,Bottrop,voll.,18,13,5,0,0,0,2,0,2,2,0,2,6,6,0,1,1,0,7,5,2,2,1,1,9,6,3,2018
217000,"Sonstige Raub berf lle auf Stra en, Wegen oder Pl tzen",3101000,Braunschweig,voll.,44,39,5,0,0,0,0,0,0,0,0,0,3,3,0,5,4,1,34,30,4,2,2,0,36,32,4,2018
217000,"Sonstige Raub berf lle auf Stra en, Wegen oder Pl tzen",4011000,Bremen,voll.,308,224,84,0,0,0,5,4,1,5,4,1,33,30,3,47,43,4,185,138,47,38,9,29,223,147,76,2018
217000,"Sonstige Raub berf lle auf Stra en, Wegen oder Pl tzen",4012000,Bremerhaven,voll.,63,54,9,0,0,0,5,4,1,5,4,1,10,10,0,7,5,2,40,34,6,1,1,0,41,35,6,2018
217000,"Sonstige Raub berf lle auf Stra en, Wegen oder Pl tzen",14511000,Chemnitz,voll.,74,64,10,0,0,0,4,4,0,4,4,0,17,15,2,11,11,0,37,30,7,5,4,1,42,34,8,2018
217000,"Sonstige Raub berf lle auf Stra en, Wegen oder Pl tzen",12052000,Cottbus,voll.,12,11,1,0,0,0,0,0,0,0,0,0,2,2,0,0,0,0,10,9,1,0,0,0,10,9,1,2018
217000,"Sonstige Raub berf lle auf Stra en, Wegen oder Pl tzen",6411000,Darmstadt,voll.,42,39,3,0,0,0,0,0,0,0,0,0,10,9,1,12,12,0,18,16,2,2,2,0,20,18,2,2018
217000,"Sonstige Raub berf lle auf Stra en, Wegen oder Pl tzen",5913000,Dortmund,voll.,336,276,60,0,0,0,21,20,1,21,20,1,59,53,6,45,42,3,188,150,38,23,11,12,211,161,50,2018
217000,"Sonstige Raub berf lle auf Stra en, Wegen oder Pl tzen",14612000,Dresden,voll.,135,116,19,0,0,0,3,1,2,3,1,2,16,14,2,21,17,4,82,74,8,13,10,3,95,84,11,2018
217000,"Sonstige Raub berf lle auf Stra en, Wegen oder Pl tzen",5112000,Duisburg,voll.,203,152,51,0,0,0,18,16,2,18,16,2,37,34,3,19,17,2,110,79,31,19,6,13,129,85,44,2018
217000,"Sonstige Raub berf lle auf Stra en, Wegen oder Pl tzen",5111000,D sseldorf,voll.,260,206,54,0,0,0,8,5,3,8,5,3,28,26,2,30,25,5,172,135,37,22,15,7,194,150,44,2018
217000,"Sonstige Raub berf lle auf Stra en, Wegen oder Pl tzen",16051000,Erfurt,voll.,11,10,1,0,0,0,0,0,0,0,0,0,1,1,0,2,2,0,8,7,1,0,0,0,8,7,1,2018
217000,"Sonstige Raub berf lle auf Stra en, Wegen oder Pl tzen",9562000,Erlangen,voll.,1,1,0,0,0,0,0,0,0,0,0,0,0,0,0,0,0,0,1,1,0,0,0,0,1,1,0,2018
217000,"Sonstige Raub berf lle auf Stra en, Wegen oder Pl tzen",5113000,Essen,voll.,166,113,53,0,0,0,8,6,2,8,6,2,25,22,3,26,19,7,91,61,30,16,5,11,107,66,41,2018
217000,"Sonstige Raub berf lle auf Stra en, Wegen oder Pl tzen",6412000,Frankfurt am Main,voll.,411,359,52,1,1,0,4,4,0,5,5,0,30,26,4,47,43,4,296,260,36,33,25,8,329,285,44,2018
217000,"Sonstige Raub berf lle auf Stra en, Wegen oder Pl tzen",8311000,Freiburg im Breisgau,voll.,74,68,6,1,1,0,1,0,1,2,1,1,21,21,0,8,7,1,39,37,2,4,2,2,43,39,4,2018
217000,"Sonstige Raub berf lle auf Stra en, Wegen oder Pl tzen",9563000,F rth,voll.,2,1,1,0,0,0,0,0,0,0,0,0,0,0,0,0,0,0,2,1,1,0,0,0,2,1,1,2018
217000,"Sonstige Raub berf lle auf Stra en, Wegen oder Pl tzen",5513000,Gelsenkirchen,voll.,108,77,31,0,0,0,4,3,1,4,3,1,17,13,4,11,8,3,66,51,15,10,2,8,76,53,23,2018
217000,"Sonstige Raub berf lle auf Stra en, Wegen oder Pl tzen",3159016,G ttingen,voll.,24,21,3,0,0,0,2,1,1,2,1,1,4,4,0,3,3,0,13,12,1,2,1,1,15,13,2,2018
217000,"Sonstige Raub berf lle auf Stra en, Wegen oder Pl tzen",5914000,Hagen,voll.,62,50,12,0,0,0,6,4,2,6,4,2,12,11,1,7,6,1,35,28,7,2,1,1,37,29,8,2018
217000,"Sonstige Raub berf lle auf Stra en, Wegen oder Pl tzen",15002000,Halle (Saale),voll.,104,88,16,0,0,0,5,5,0,5,5,0,20,18,2,20,19,1,53,42,11,6,4,2,59,46,13,2018
217000,"Sonstige Raub berf lle auf Stra en, Wegen oder Pl tzen",2000000,Hamburg,voll.,861,699,162,0,0,0,27,20,7,27,20,7,78,65,13,88,80,8,611,502,109,57,32,25,668,534,134,2018
217000,"Sonstige Raub berf lle auf Stra en, Wegen oder Pl tzen",5915000,Hamm,voll.,54,41,13,0,0,0,2,2,0,2,2,0,18,16,2,9,8,1,22,13,9,3,2,1,25,15,10,2018
217000,"Sonstige Raub berf lle auf Stra en, Wegen oder Pl tzen",3241001,Hannover,voll.,184,160,24,0,0,0,4,4,0,4,4,0,20,18,2,26,23,3,125,109,16,9,6,3,134,115,19,2018
217000,"Sonstige Raub berf lle auf Stra en, Wegen oder Pl tzen",8221000,Heidelberg,voll.,18,14,4,0,0,0,2,2,0,2,2,0,3,2,1,3,2,1,9,8,1,1,0,1,10,8,2,2018
217000,"Sonstige Raub berf lle auf Stra en, Wegen oder Pl tzen",8121000,Heilbronn,voll.,10,8,2,0,0,0,1,1,0,1,1,0,1,1,0,0,0,0,6,4,2,2,2,0,8,6,2,2018
217000,"Sonstige Raub berf lle auf Stra en, Wegen oder Pl tzen",5916000,Herne,voll.,56,40,16,0,0,0,7,7,0,7,7,0,11,9,2,6,6,0,21,17,4,11,1,10,32,18,14,2018
217000,"Sonstige Raub berf lle auf Stra en, Wegen oder Pl tzen",3254021,Hildesheim,voll.,31,30,1,0,0,0,0,0,0,0,0,0,7,7,0,15,15,0,7,7,0,2,1,1,9,8,1,2018
217000,"Sonstige Raub berf lle auf Stra en, Wegen oder Pl tzen",9161000,Ingolstadt,voll.,8,6,2,0,0,0,0,0,0,0,0,0,2,2,0,0,0,0,5,4,1,1,0,1,6,4,2,2018
217000,"Sonstige Raub berf lle auf Stra en, Wegen oder Pl tzen",16053000,Jena,voll.,1,1,0,0,0,0,0,0,0,0,0,0,0,0,0,0,0,0,1,1,0,0,0,0,1,1,0,2018
217000,"Sonstige Raub berf lle auf Stra en, Wegen oder Pl tzen",8212000,Karlsruhe,voll.,58,46,12,0,0,0,1,1,0,1,1,0,8,7,1,10,10,0,36,27,9,3,1,2,39,28,11,2018
217000,"Sonstige Raub berf lle auf Stra en, Wegen oder Pl tzen",6611000,Kassel,voll.,73,62,11,1,1,0,1,1,0,2,2,0,5,3,2,9,8,1,53,46,7,4,3,1,57,49,8,2018
217000,"Sonstige Raub berf lle auf Stra en, Wegen oder Pl tzen",1002000,Kiel,voll.,92,82,10,0,0,0,4,4,0,4,4,0,16,16,0,16,15,1,51,43,8,5,4,1,56,47,9,2018
217000,"Sonstige Raub berf lle auf Stra en, Wegen oder Pl tzen",7111000,Koblenz,voll.,29,24,5,0,0,0,1,1,0,1,1,0,0,0,0,2,2,0,23,18,5,3,3,0,26,21,5,2018
217000,"Sonstige Raub berf lle auf Stra en, Wegen oder Pl tzen",5315000,K ln,voll.,625,521,104,0,0,0,14,11,3,14,11,3,94,88,6,88,76,12,380,316,64,49,30,19,429,346,83,2018
217000,"Sonstige Raub berf lle auf Stra en, Wegen oder Pl tzen",5114000,Krefeld,voll.,104,87,17,0,0,0,15,13,2,15,13,2,30,29,1,9,9,0,46,35,11,4,1,3,50,36,14,2018
217000,"Sonstige Raub berf lle auf Stra en, Wegen oder Pl tzen",14713000,Leipzig,voll.,234,201,33,0,0,0,4,3,1,4,3,1,39,33,6,37,35,2,143,122,21,11,8,3,154,130,24,2018
217000,"Sonstige Raub berf lle auf Stra en, Wegen oder Pl tzen",5316000,Leverkusen,voll.,46,41,5,0,0,0,5,4,1,5,4,1,9,8,1,8,8,0,22,19,3,2,2,0,24,21,3,2018
217000,"Sonstige Raub berf lle auf Stra en, Wegen oder Pl tzen",1003000,L beck,voll.,65,45,20,0,0,0,0,0,0,0,0,0,7,6,1,3,3,0,49,34,15,6,2,4,55,36,19,2018
217000,"Sonstige Raub berf lle auf Stra en, Wegen oder Pl tzen",7314000,Ludwigshafen am Rhein,voll.,76,68,8,0,0,0,7,7,0,7,7,0,20,18,2,10,9,1,35,31,4,4,3,1,39,34,5,2018
217000,"Sonstige Raub berf lle auf Stra en, Wegen oder Pl tzen",15003000,Magdeburg,voll.,87,78,9,0,0,0,2,1,1,2,1,1,15,15,0,15,14,1,54,48,6,1,0,1,55,48,7,2018
217000,"Sonstige Raub berf lle auf Stra en, Wegen oder Pl tzen",7315000,Mainz,voll.,56,47,9,0,0,0,5,3,2,5,3,2,6,6,0,10,8,2,34,30,4,1,0,1,35,30,5,2018
217000,"Sonstige Raub berf lle auf Stra en, Wegen oder Pl tzen",8222000,Mannheim,voll.,80,70,10,0,0,0,2,2,0,2,2,0,10,9,1,11,9,2,52,46,6,5,4,1,57,50,7,2018
217000,"Sonstige Raub berf lle auf Stra en, Wegen oder Pl tzen",5170024,Moers,voll.,27,20,7,0,0,0,0,0,0,0,0,0,7,4,3,6,6,0,11,9,2,3,1,2,14,10,4,2018
217000,"Sonstige Raub berf lle auf Stra en, Wegen oder Pl tzen",5116000,M nchengladbach,voll.,77,67,10,0,0,0,6,6,0,6,6,0,20,18,2,8,6,2,36,33,3,7,4,3,43,37,6,2018
217000,"Sonstige Raub berf lle auf Stra en, Wegen oder Pl tzen",5117000,M lheim an der Ruhr,voll.,20,13,7,0,0,0,2,1,1,2,1,1,5,3,2,3,3,0,9,6,3,1,0,1,10,6,4,2018
217000,"Sonstige Raub berf lle auf Stra en, Wegen oder Pl tzen",9162000,M nchen,voll.,129,108,21,0,0,0,3,3,0,3,3,0,15,14,1,18,17,1,77,67,10,16,7,9,93,74,19,2018
217000,"Sonstige Raub berf lle auf Stra en, Wegen oder Pl tzen",5515000,M nster,voll.,90,82,8,0,0,0,3,2,1,3,2,1,10,9,1,11,11,0,63,58,5,3,2,1,66,60,6,2018
217000,"Sonstige Raub berf lle auf Stra en, Wegen oder Pl tzen",5162024,Neuss,voll.,53,47,6,0,0,0,3,3,0,3,3,0,7,7,0,11,11,0,32,26,6,0,0,0,32,26,6,2018
217000,"Sonstige Raub berf lle auf Stra en, Wegen oder Pl tzen",9564000,N rnberg,voll.,76,70,6,0,0,0,2,2,0,2,2,0,6,6,0,17,16,1,47,44,3,4,2,2,51,46,5,2018
217000,"Sonstige Raub berf lle auf Stra en, Wegen oder Pl tzen",5119000,Oberhausen,voll.,73,59,14,0,0,0,10,9,1,10,9,1,10,9,1,7,7,0,37,29,8,9,5,4,46,34,12,2018
217000,"Sonstige Raub berf lle auf Stra en, Wegen oder Pl tzen",6413000,Offenbach am Main,voll.,43,33,10,0,0,0,0,0,0,0,0,0,14,12,2,0,0,0,24,18,6,5,3,2,29,21,8,2018
217000,"Sonstige Raub berf lle auf Stra en, Wegen oder Pl tzen",3403000,Oldenburg (Oldenburg),voll.,34,27,7,0,0,0,2,2,0,2,2,0,6,4,2,7,6,1,17,13,4,2,2,0,19,15,4,2018
217000,"Sonstige Raub berf lle auf Stra en, Wegen oder Pl tzen",3404000,Osnabr ck,voll.,27,24,3,0,0,0,1,1,0,1,1,0,1,1,0,3,2,1,22,20,2,0,0,0,22,20,2,2018
217000,"Sonstige Raub berf lle auf Stra en, Wegen oder Pl tzen",5774032,Paderborn,voll.,35,30,5,0,0,0,2,1,1,2,1,1,5,3,2,12,12,0,14,12,2,2,2,0,16,14,2,2018
217000,"Sonstige Raub berf lle auf Stra en, Wegen oder Pl tzen",8231000,Pforzheim,voll.,25,24,1,0,0,0,0,0,0,0,0,0,6,6,0,7,6,1,11,11,0,1,1,0,12,12,0,2018
217000,"Sonstige Raub berf lle auf Stra en, Wegen oder Pl tzen",12054000,Potsdam,voll.,33,23,10,0,0,0,3,1,2,3,1,2,9,8,1,4,2,2,16,12,4,1,0,1,17,12,5,2018
217000,"Sonstige Raub berf lle auf Stra en, Wegen oder Pl tzen",5562032,Recklinghausen,voll.,36,27,9,0,0,0,1,1,0,1,1,0,1,0,1,6,5,1,25,19,6,3,2,1,28,21,7,2018
217000,"Sonstige Raub berf lle auf Stra en, Wegen oder Pl tzen",9362000,Regensburg,voll.,18,17,1,0,0,0,0,0,0,0,0,0,6,6,0,4,4,0,8,7,1,0,0,0,8,7,1,2018
217000,"Sonstige Raub berf lle auf Stra en, Wegen oder Pl tzen",5120000,Remscheid,voll.,26,18,8,0,0,0,3,2,1,3,2,1,0,0,0,2,1,1,19,14,5,2,1,1,21,15,6,2018
217000,"Sonstige Raub berf lle auf Stra en, Wegen oder Pl tzen",8415061,Reutlingen,voll.,12,10,2,0,0,0,0,0,0,0,0,0,1,0,1,4,3,1,4,4,0,3,3,0,7,7,0,2018
217000,"Sonstige Raub berf lle auf Stra en, Wegen oder Pl tzen",13003000,Rostock,voll.,63,56,7,0,0,0,3,3,0,3,3,0,18,17,1,9,9,0,31,27,4,2,0,2,33,27,6,2018
217000,"Sonstige Raub berf lle auf Stra en, Wegen oder Pl tzen",10041100,Saarbr cken,voll.,101,88,13,0,0,0,7,7,0,7,7,0,25,23,2,9,8,1,54,47,7,6,3,3,60,50,10,2018
217000,"Sonstige Raub berf lle auf Stra en, Wegen oder Pl tzen",3102000,Salzgitter,voll.,7,4,3,0,0,0,0,0,0,0,0,0,0,0,0,0,0,0,6,3,3,1,1,0,7,4,3,2018
217000,"Sonstige Raub berf lle auf Stra en, Wegen oder Pl tzen",13004000,Schwerin,voll.,29,26,3,0,0,0,0,0,0,0,0,0,8,7,1,6,5,1,12,11,1,3,3,0,15,14,1,2018
217000,"Sonstige Raub berf lle auf Stra en, Wegen oder Pl tzen",5970040,Siegen,voll.,17,14,3,0,0,0,2,2,0,2,2,0,4,3,1,6,4,2,5,5,0,0,0,0,5,5,0,2018
217000,"Sonstige Raub berf lle auf Stra en, Wegen oder Pl tzen",5122000,Solingen,voll.,39,31,8,0,0,0,1,1,0,1,1,0,9,9,0,6,6,0,14,10,4,9,5,4,23,15,8,2018
217000,"Sonstige Raub berf lle auf Stra en, Wegen oder Pl tzen",8111000,Stuttgart,voll.,171,154,17,0,0,0,4,4,0,4,4,0,25,23,2,23,22,1,110,98,12,9,7,2,119,105,14,2018
217000,"Sonstige Raub berf lle auf Stra en, Wegen oder Pl tzen",7211000,Trier,voll.,32,22,10,0,0,0,0,0,0,0,0,0,5,3,2,9,7,2,17,12,5,1,0,1,18,12,6,2018
217000,"Sonstige Raub berf lle auf Stra en, Wegen oder Pl tzen",8421000,Ulm,voll.,20,19,1,0,0,0,0,0,0,0,0,0,5,5,0,1,1,0,14,13,1,0,0,0,14,13,1,2018
217000,"Sonstige Raub berf lle auf Stra en, Wegen oder Pl tzen",6414000,Wiesbaden,voll.,60,55,5,0,0,0,1,1,0,1,1,0,19,18,1,10,10,0,27,24,3,3,2,1,30,26,4,2018
217000,"Sonstige Raub berf lle auf Stra en, Wegen oder Pl tzen",3103000,Wolfsburg,voll.,10,7,3,0,0,0,0,0,0,0,0,0,0,0,0,1,0,1,8,6,2,1,1,0,9,7,2,2018
217000,"Sonstige Raub berf lle auf Stra en, Wegen oder Pl tzen",5124000,Wuppertal,voll.,164,129,35,0,0,0,31,27,4,31,27,4,24,20,4,15,11,4,81,65,16,13,6,7,94,71,23,2018
217000,"Sonstige Raub berf lle auf Stra en, Wegen oder Pl tzen",9663000,W rzburg,voll.,0,0,0,0,0,0,0,0,0,0,0,0,0,0,0,0,0,0,0,0,0,0,0,0,0,0,0,2018
217000,"Sonstige Raub berf lle auf Stra en, Wegen oder Pl tzen",5334002,Aachen,vers.,37,23,14,0,0,0,6,5,1,6,5,1,3,2,1,1,1,0,25,15,10,2,0,2,27,15,12,2018
217000,"Sonstige Raub berf lle auf Stra en, Wegen oder Pl tzen",9761000,Augsburg,vers.,11,8,3,0,0,0,0,0,0,0,0,0,2,2,0,6,4,2,3,2,1,0,0,0,3,2,1,2018
217000,"Sonstige Raub berf lle auf Stra en, Wegen oder Pl tzen",5378004,Bergisch Gladbach,vers.,14,11,3,0,0,0,3,2,1,3,2,1,8,7,1,1,1,0,1,1,0,1,0,1,2,1,1,2018
217000,"Sonstige Raub berf lle auf Stra en, Wegen oder Pl tzen",11000000,Berlin,vers.,445,359,86,1,1,0,41,33,8,42,34,8,95,85,10,37,35,2,244,189,55,27,16,11,271,205,66,2018
217000,"Sonstige Raub berf lle auf Stra en, Wegen oder Pl tzen",5711000,Bielefeld,vers.,28,22,6,0,0,0,1,1,0,1,1,0,3,3,0,5,4,1,16,12,4,3,2,1,19,14,5,2018
217000,"Sonstige Raub berf lle auf Stra en, Wegen oder Pl tzen",5911000,Bochum,vers.,54,38,16,0,0,0,9,6,3,9,6,3,9,8,1,6,4,2,28,20,8,2,0,2,30,20,10,2018
217000,"Sonstige Raub berf lle auf Stra en, Wegen oder Pl tzen",5314000,Bonn,vers.,44,34,10,0,0,0,5,5,0,5,5,0,4,4,0,3,3,0,27,19,8,5,3,2,32,22,10,2018
217000,"Sonstige Raub berf lle auf Stra en, Wegen oder Pl tzen",5512000,Bottrop,vers.,9,8,1,0,0,0,0,0,0,0,0,0,1,1,0,2,2,0,6,5,1,0,0,0,6,5,1,2018
217000,"Sonstige Raub berf lle auf Stra en, Wegen oder Pl tzen",3101000,Braunschweig,vers.,5,4,1,0,0,0,0,0,0,0,0,0,0,0,0,1,1,0,3,3,0,1,0,1,4,3,1,2018
217000,"Sonstige Raub berf lle auf Stra en, Wegen oder Pl tzen",4011000,Bremen,vers.,60,45,15,0,0,0,1,0,1,1,0,1,4,3,1,4,4,0,43,34,9,8,4,4,51,38,13,2018
217000,"Sonstige Raub berf lle auf Stra en, Wegen oder Pl tzen",4012000,Bremerhaven,vers.,23,18,5,0,0,0,0,0,0,0,0,0,5,5,0,2,2,0,14,10,4,2,1,1,16,11,5,2018
217000,"Sonstige Raub berf lle auf Stra en, Wegen oder Pl tzen",14511000,Chemnitz,vers.,14,13,1,0,0,0,1,1,0,1,1,0,6,6,0,2,2,0,5,4,1,0,0,0,5,4,1,2018
217000,"Sonstige Raub berf lle auf Stra en, Wegen oder Pl tzen",12052000,Cottbus,vers.,2,1,1,0,0,0,0,0,0,0,0,0,0,0,0,0,0,0,2,1,1,0,0,0,2,1,1,2018
217000,"Sonstige Raub berf lle auf Stra en, Wegen oder Pl tzen",6411000,Darmstadt,vers.,9,7,2,0,0,0,0,0,0,0,0,0,1,0,1,2,2,0,5,4,1,1,1,0,6,5,1,2018
217000,"Sonstige Raub berf lle auf Stra en, Wegen oder Pl tzen",5913000,Dortmund,vers.,95,75,20,0,0,0,19,13,6,19,13,6,14,12,2,17,17,0,37,28,9,8,5,3,45,33,12,2018
217000,"Sonstige Raub berf lle auf Stra en, Wegen oder Pl tzen",14612000,Dresden,vers.,38,28,10,0,0,0,0,0,0,0,0,0,4,3,1,4,4,0,27,21,6,3,0,3,30,21,9,2018
217000,"Sonstige Raub berf lle auf Stra en, Wegen oder Pl tzen",5112000,Duisburg,vers.,58,47,11,0,0,0,4,4,0,4,4,0,6,6,0,7,7,0,30,22,8,11,8,3,41,30,11,2018
217000,"Sonstige Raub berf lle auf Stra en, Wegen oder Pl tzen",5111000,D sseldorf,vers.,48,37,11,0,0,0,4,4,0,4,4,0,3,3,0,8,6,2,33,24,9,0,0,0,33,24,9,2018
217000,"Sonstige Raub berf lle auf Stra en, Wegen oder Pl tzen",16051000,Erfurt,vers.,7,7,0,0,0,0,0,0,0,0,0,0,2,2,0,2,2,0,3,3,0,0,0,0,3,3,0,2018
217000,"Sonstige Raub berf lle auf Stra en, Wegen oder Pl tzen",9562000,Erlangen,vers.,0,0,0,0,0,0,0,0,0,0,0,0,0,0,0,0,0,0,0,0,0,0,0,0,0,0,0,2018
217000,"Sonstige Raub berf lle auf Stra en, Wegen oder Pl tzen",5113000,Essen,vers.,47,38,9,0,0,0,3,3,0,3,3,0,13,12,1,6,5,1,22,17,5,3,1,2,25,18,7,2018
217000,"Sonstige Raub berf lle auf Stra en, Wegen oder Pl tzen",6412000,Frankfurt am Main,vers.,94,71,23,0,0,0,2,1,1,2,1,1,12,10,2,19,14,5,55,43,12,6,3,3,61,46,15,2018
217000,"Sonstige Raub berf lle auf Stra en, Wegen oder Pl tzen",8311000,Freiburg im Breisgau,vers.,10,8,2,0,0,0,1,1,0,1,1,0,3,3,0,0,0,0,5,4,1,1,0,1,6,4,2,2018
217000,"Sonstige Raub berf lle auf Stra en, Wegen oder Pl tzen",9563000,F rth,vers.,1,0,1,0,0,0,1,0,1,1,0,1,0,0,0,0,0,0,0,0,0,0,0,0,0,0,0,2018
217000,"Sonstige Raub berf lle auf Stra en, Wegen oder Pl tzen",5513000,Gelsenkirchen,vers.,33,30,3,0,0,0,4,4,0,4,4,0,7,7,0,2,2,0,16,13,3,4,4,0,20,17,3,2018
217000,"Sonstige Raub berf lle auf Stra en, Wegen oder Pl tzen",3159016,G ttingen,vers.,5,4,1,0,0,0,0,0,0,0,0,0,1,1,0,3,3,0,1,0,1,0,0,0,1,0,1,2018
217000,"Sonstige Raub berf lle auf Stra en, Wegen oder Pl tzen",5914000,Hagen,vers.,22,16,6,0,0,0,4,3,1,4,3,1,4,4,0,1,0,1,13,9,4,0,0,0,13,9,4,2018
217000,"Sonstige Raub berf lle auf Stra en, Wegen oder Pl tzen",15002000,Halle (Saale),vers.,28,21,7,0,0,0,1,1,0,1,1,0,5,2,3,5,5,0,15,12,3,2,1,1,17,13,4,2018
217000,"Sonstige Raub berf lle auf Stra en, Wegen oder Pl tzen",2000000,Hamburg,vers.,182,151,31,1,1,0,10,10,0,11,11,0,30,27,3,28,26,2,97,76,21,16,11,5,113,87,26,2018
217000,"Sonstige Raub berf lle auf Stra en, Wegen oder Pl tzen",5915000,Hamm,vers.,19,16,3,0,0,0,6,6,0,6,6,0,7,7,0,1,1,0,5,2,3,0,0,0,5,2,3,2018
217000,"Sonstige Raub berf lle auf Stra en, Wegen oder Pl tzen",3241001,Hannover,vers.,48,38,10,0,0,0,1,0,1,1,0,1,8,8,0,11,10,1,25,20,5,3,0,3,28,20,8,2018
217000,"Sonstige Raub berf lle auf Stra en, Wegen oder Pl tzen",8221000,Heidelberg,vers.,7,7,0,0,0,0,0,0,0,0,0,0,1,1,0,0,0,0,5,5,0,1,1,0,6,6,0,2018
217000,"Sonstige Raub berf lle auf Stra en, Wegen oder Pl tzen",8121000,Heilbronn,vers.,3,3,0,0,0,0,0,0,0,0,0,0,0,0,0,0,0,0,3,3,0,0,0,0,3,3,0,2018
217000,"Sonstige Raub berf lle auf Stra en, Wegen oder Pl tzen",5916000,Herne,vers.,17,14,3,0,0,0,2,2,0,2,2,0,4,4,0,0,0,0,9,7,2,2,1,1,11,8,3,2018
217000,"Sonstige Raub berf lle auf Stra en, Wegen oder Pl tzen",3254021,Hildesheim,vers.,10,10,0,0,0,0,0,0,0,0,0,0,1,1,0,2,2,0,6,6,0,1,1,0,7,7,0,2018
217000,"Sonstige Raub berf lle auf Stra en, Wegen oder Pl tzen",9161000,Ingolstadt,vers.,3,2,1,0,0,0,0,0,0,0,0,0,0,0,0,0,0,0,3,2,1,0,0,0,3,2,1,2018
217000,"Sonstige Raub berf lle auf Stra en, Wegen oder Pl tzen",16053000,Jena,vers.,0,0,0,0,0,0,0,0,0,0,0,0,0,0,0,0,0,0,0,0,0,0,0,0,0,0,0,2018
217000,"Sonstige Raub berf lle auf Stra en, Wegen oder Pl tzen",8212000,Karlsruhe,vers.,12,7,5,0,0,0,0,0,0,0,0,0,0,0,0,3,2,1,9,5,4,0,0,0,9,5,4,2018
217000,"Sonstige Raub berf lle auf Stra en, Wegen oder Pl tzen",6611000,Kassel,vers.,15,11,4,0,0,0,0,0,0,0,0,0,0,0,0,1,1,0,11,10,1,3,0,3,14,10,4,2018
217000,"Sonstige Raub berf lle auf Stra en, Wegen oder Pl tzen",1002000,Kiel,vers.,24,19,5,0,0,0,0,0,0,0,0,0,6,6,0,4,4,0,12,8,4,2,1,1,14,9,5,2018
217000,"Sonstige Raub berf lle auf Stra en, Wegen oder Pl tzen",7111000,Koblenz,vers.,10,7,3,0,0,0,2,2,0,2,2,0,0,0,0,0,0,0,7,5,2,1,0,1,8,5,3,2018
217000,"Sonstige Raub berf lle auf Stra en, Wegen oder Pl tzen",5315000,K ln,vers.,142,124,18,0,0,0,20,18,2,20,18,2,17,15,2,23,20,3,76,66,10,6,5,1,82,71,11,2018
217000,"Sonstige Raub berf lle auf Stra en, Wegen oder Pl tzen",5114000,Krefeld,vers.,20,14,6,0,0,0,2,2,0,2,2,0,2,2,0,2,1,1,12,8,4,2,1,1,14,9,5,2018
217000,"Sonstige Raub berf lle auf Stra en, Wegen oder Pl tzen",14713000,Leipzig,vers.,53,38,15,0,0,0,4,1,3,4,1,3,5,5,0,12,12,0,27,18,9,5,2,3,32,20,12,2018
217000,"Sonstige Raub berf lle auf Stra en, Wegen oder Pl tzen",5316000,Leverkusen,vers.,11,10,1,0,0,0,0,0,0,0,0,0,2,2,0,0,0,0,7,6,1,2,2,0,9,8,1,2018
217000,"Sonstige Raub berf lle auf Stra en, Wegen oder Pl tzen",1003000,L beck,vers.,15,11,4,0,0,0,2,2,0,2,2,0,1,1,0,0,0,0,12,8,4,0,0,0,12,8,4,2018
217000,"Sonstige Raub berf lle auf Stra en, Wegen oder Pl tzen",7314000,Ludwigshafen am Rhein,vers.,30,24,6,0,0,0,4,3,1,4,3,1,10,9,1,5,4,1,8,6,2,3,2,1,11,8,3,2018
217000,"Sonstige Raub berf lle auf Stra en, Wegen oder Pl tzen",15003000,Magdeburg,vers.,16,16,0,0,0,0,3,3,0,3,3,0,5,5,0,0,0,0,7,7,0,1,1,0,8,8,0,2018
217000,"Sonstige Raub berf lle auf Stra en, Wegen oder Pl tzen",7315000,Mainz,vers.,26,23,3,0,0,0,0,0,0,0,0,0,7,6,1,1,1,0,16,15,1,2,1,1,18,16,2,2018
217000,"Sonstige Raub berf lle auf Stra en, Wegen oder Pl tzen",8222000,Mannheim,vers.,23,19,4,0,0,0,1,1,0,1,1,0,0,0,0,1,1,0,19,16,3,2,1,1,21,17,4,2018
217000,"Sonstige Raub berf lle auf Stra en, Wegen oder Pl tzen",5170024,Moers,vers.,6,6,0,0,0,0,0,0,0,0,0,0,0,0,0,0,0,0,5,5,0,1,1,0,6,6,0,2018
217000,"Sonstige Raub berf lle auf Stra en, Wegen oder Pl tzen",5116000,M nchengladbach,vers.,20,14,6,0,0,0,2,1,1,2,1,1,8,7,1,3,3,0,6,3,3,1,0,1,7,3,4,2018
217000,"Sonstige Raub berf lle auf Stra en, Wegen oder Pl tzen",5117000,M lheim an der Ruhr,vers.,7,5,2,0,0,0,1,1,0,1,1,0,2,2,0,1,0,1,3,2,1,0,0,0,3,2,1,2018
217000,"Sonstige Raub berf lle auf Stra en, Wegen oder Pl tzen",9162000,M nchen,vers.,28,26,2,0,0,0,2,1,1,2,1,1,0,0,0,2,2,0,17,16,1,7,7,0,24,23,1,2018
217000,"Sonstige Raub berf lle auf Stra en, Wegen oder Pl tzen",5515000,M nster,vers.,30,26,4,0,0,0,0,0,0,0,0,0,6,5,1,4,3,1,20,18,2,0,0,0,20,18,2,2018
217000,"Sonstige Raub berf lle auf Stra en, Wegen oder Pl tzen",5162024,Neuss,vers.,19,15,4,0,0,0,0,0,0,0,0,0,5,5,0,4,3,1,7,5,2,3,2,1,10,7,3,2018
217000,"Sonstige Raub berf lle auf Stra en, Wegen oder Pl tzen",9564000,N rnberg,vers.,31,23,8,0,0,0,3,3,0,3,3,0,5,3,2,3,3,0,19,14,5,1,0,1,20,14,6,2018
217000,"Sonstige Raub berf lle auf Stra en, Wegen oder Pl tzen",5119000,Oberhausen,vers.,26,19,7,0,0,0,1,1,0,1,1,0,8,8,0,3,2,1,9,5,4,5,3,2,14,8,6,2018
217000,"Sonstige Raub berf lle auf Stra en, Wegen oder Pl tzen",6413000,Offenbach am Main,vers.,11,7,4,0,0,0,0,0,0,0,0,0,2,1,1,0,0,0,7,5,2,2,1,1,9,6,3,2018
217000,"Sonstige Raub berf lle auf Stra en, Wegen oder Pl tzen",3403000,Oldenburg (Oldenburg),vers.,11,9,2,0,0,0,1,0,1,1,0,1,2,2,0,3,2,1,5,5,0,0,0,0,5,5,0,2018
217000,"Sonstige Raub berf lle auf Stra en, Wegen oder Pl tzen",3404000,Osnabr ck,vers.,3,3,0,0,0,0,0,0,0,0,0,0,0,0,0,0,0,0,3,3,0,0,0,0,3,3,0,2018
217000,"Sonstige Raub berf lle auf Stra en, Wegen oder Pl tzen",5774032,Paderborn,vers.,11,7,4,0,0,0,0,0,0,0,0,0,2,2,0,5,4,1,3,1,2,1,0,1,4,1,3,2018
217000,"Sonstige Raub berf lle auf Stra en, Wegen oder Pl tzen",8231000,Pforzheim,vers.,10,9,1,0,0,0,0,0,0,0,0,0,1,1,0,3,2,1,5,5,0,1,1,0,6,6,0,2018
217000,"Sonstige Raub berf lle auf Stra en, Wegen oder Pl tzen",12054000,Potsdam,vers.,12,8,4,0,0,0,1,1,0,1,1,0,1,1,0,2,2,0,8,4,4,0,0,0,8,4,4,2018
217000,"Sonstige Raub berf lle auf Stra en, Wegen oder Pl tzen",5562032,Recklinghausen,vers.,9,7,2,0,0,0,1,1,0,1,1,0,2,2,0,0,0,0,3,3,0,3,1,2,6,4,2,2018
217000,"Sonstige Raub berf lle auf Stra en, Wegen oder Pl tzen",9362000,Regensburg,vers.,5,3,2,0,0,0,0,0,0,0,0,0,0,0,0,1,1,0,4,2,2,0,0,0,4,2,2,2018
217000,"Sonstige Raub berf lle auf Stra en, Wegen oder Pl tzen",5120000,Remscheid,vers.,13,13,0,0,0,0,3,3,0,3,3,0,4,4,0,1,1,0,5,5,0,0,0,0,5,5,0,2018
217000,"Sonstige Raub berf lle auf Stra en, Wegen oder Pl tzen",8415061,Reutlingen,vers.,3,2,1,0,0,0,1,1,0,1,1,0,0,0,0,2,1,1,0,0,0,0,0,0,0,0,0,2018
217000,"Sonstige Raub berf lle auf Stra en, Wegen oder Pl tzen",13003000,Rostock,vers.,22,22,0,0,0,0,2,2,0,2,2,0,8,8,0,3,3,0,9,9,0,0,0,0,9,9,0,2018
217000,"Sonstige Raub berf lle auf Stra en, Wegen oder Pl tzen",10041100,Saarbr cken,vers.,22,15,7,0,0,0,2,2,0,2,2,0,3,2,1,3,2,1,13,8,5,1,1,0,14,9,5,2018
217000,"Sonstige Raub berf lle auf Stra en, Wegen oder Pl tzen",3102000,Salzgitter,vers.,1,1,0,0,0,0,1,1,0,1,1,0,0,0,0,0,0,0,0,0,0,0,0,0,0,0,0,2018
217000,"Sonstige Raub berf lle auf Stra en, Wegen oder Pl tzen",13004000,Schwerin,vers.,4,4,0,0,0,0,1,1,0,1,1,0,0,0,0,0,0,0,3,3,0,0,0,0,3,3,0,2018
217000,"Sonstige Raub berf lle auf Stra en, Wegen oder Pl tzen",5970040,Siegen,vers.,11,6,5,0,0,0,0,0,0,0,0,0,1,0,1,1,1,0,7,5,2,2,0,2,9,5,4,2018
217000,"Sonstige Raub berf lle auf Stra en, Wegen oder Pl tzen",5122000,Solingen,vers.,13,12,1,0,0,0,0,0,0,0,0,0,6,5,1,0,0,0,6,6,0,1,1,0,7,7,0,2018
217000,"Sonstige Raub berf lle auf Stra en, Wegen oder Pl tzen",8111000,Stuttgart,vers.,55,48,7,0,0,0,5,4,1,5,4,1,8,8,0,3,3,0,38,32,6,1,1,0,39,33,6,2018
217000,"Sonstige Raub berf lle auf Stra en, Wegen oder Pl tzen",7211000,Trier,vers.,9,8,1,0,0,0,0,0,0,0,0,0,3,3,0,0,0,0,5,5,0,1,0,1,6,5,1,2018
217000,"Sonstige Raub berf lle auf Stra en, Wegen oder Pl tzen",8421000,Ulm,vers.,2,2,0,0,0,0,0,0,0,0,0,0,0,0,0,0,0,0,1,1,0,1,1,0,2,2,0,2018
217000,"Sonstige Raub berf lle auf Stra en, Wegen oder Pl tzen",6414000,Wiesbaden,vers.,28,26,2,0,0,0,0,0,0,0,0,0,11,11,0,3,3,0,13,11,2,1,1,0,14,12,2,2018
217000,"Sonstige Raub berf lle auf Stra en, Wegen oder Pl tzen",3103000,Wolfsburg,vers.,4,2,2,0,0,0,0,0,0,0,0,0,0,0,0,1,1,0,1,0,1,2,1,1,3,1,2,2018
217000,"Sonstige Raub berf lle auf Stra en, Wegen oder Pl tzen",5124000,Wuppertal,vers.,49,38,11,0,0,0,8,4,4,8,4,4,9,7,2,4,4,0,26,21,5,2,2,0,28,23,5,2018
217000,"Sonstige Raub berf lle auf Stra en, Wegen oder Pl tzen",9663000,W rzburg,vers.,0,0,0,0,0,0,0,0,0,0,0,0,0,0,0,0,0,0,0,0,0,0,0,0,0,0,0,2018
217000,"Sonstige Raub berf lle auf Stra en, Wegen oder Pl tzen",5334002,Aachen,insg.,145,120,25,0,0,0,10,9,1,10,9,1,6,5,1,22,21,1,98,78,20,9,7,2,107,85,22,2018
217000,"Sonstige Raub berf lle auf Stra en, Wegen oder Pl tzen",9761000,Augsburg,insg.,43,36,7,0,0,0,1,1,0,1,1,0,2,2,0,11,8,3,27,23,4,2,2,0,29,25,4,2018
217000,"Sonstige Raub berf lle auf Stra en, Wegen oder Pl tzen",5378004,Bergisch Gladbach,insg.,44,39,5,0,0,0,4,3,1,4,3,1,19,18,1,10,10,0,8,7,1,3,1,2,11,8,3,2018
217000,"Sonstige Raub berf lle auf Stra en, Wegen oder Pl tzen",11000000,Berlin,insg.,2540,2059,481,1,1,0,145,125,20,146,126,20,473,429,44,288,261,27,1440,1132,308,193,111,82,1633,1243,390,2018
217000,"Sonstige Raub berf lle auf Stra en, Wegen oder Pl tzen",5711000,Bielefeld,insg.,133,107,26,0,0,0,4,3,1,4,3,1,19,17,2,29,23,6,75,60,15,6,4,2,81,64,17,2018
217000,"Sonstige Raub berf lle auf Stra en, Wegen oder Pl tzen",5911000,Bochum,insg.,199,161,38,0,0,0,19,14,5,19,14,5,44,40,4,28,23,5,94,78,16,14,6,8,108,84,24,2018
217000,"Sonstige Raub berf lle auf Stra en, Wegen oder Pl tzen",5314000,Bonn,insg.,169,140,29,0,0,0,13,13,0,13,13,0,34,29,5,16,16,0,94,75,19,12,7,5,106,82,24,2018
217000,"Sonstige Raub berf lle auf Stra en, Wegen oder Pl tzen",5512000,Bottrop,insg.,27,21,6,0,0,0,2,0,2,2,0,2,7,7,0,3,3,0,13,10,3,2,1,1,15,11,4,2018
217000,"Sonstige Raub berf lle auf Stra en, Wegen oder Pl tzen",3101000,Braunschweig,insg.,49,43,6,0,0,0,0,0,0,0,0,0,3,3,0,6,5,1,37,33,4,3,2,1,40,35,5,2018
217000,"Sonstige Raub berf lle auf Stra en, Wegen oder Pl tzen",4011000,Bremen,insg.,368,269,99,0,0,0,6,4,2,6,4,2,37,33,4,51,47,4,228,172,56,46,13,33,274,185,89,2018
217000,"Sonstige Raub berf lle auf Stra en, Wegen oder Pl tzen",4012000,Bremerhaven,insg.,86,72,14,0,0,0,5,4,1,5,4,1,15,15,0,9,7,2,54,44,10,3,2,1,57,46,11,2018
217000,"Sonstige Raub berf lle auf Stra en, Wegen oder Pl tzen",14511000,Chemnitz,insg.,88,77,11,0,0,0,5,5,0,5,5,0,23,21,2,13,13,0,42,34,8,5,4,1,47,38,9,2018
217000,"Sonstige Raub berf lle auf Stra en, Wegen oder Pl tzen",12052000,Cottbus,insg.,14,12,2,0,0,0,0,0,0,0,0,0,2,2,0,0,0,0,12,10,2,0,0,0,12,10,2,2018
217000,"Sonstige Raub berf lle auf Stra en, Wegen oder Pl tzen",6411000,Darmstadt,insg.,51,46,5,0,0,0,0,0,0,0,0,0,11,9,2,14,14,0,23,20,3,3,3,0,26,23,3,2018
217000,"Sonstige Raub berf lle auf Stra en, Wegen oder Pl tzen",5913000,Dortmund,insg.,431,351,80,0,0,0,40,33,7,40,33,7,73,65,8,62,59,3,225,178,47,31,16,15,256,194,62,2018
217000,"Sonstige Raub berf lle auf Stra en, Wegen oder Pl tzen",14612000,Dresden,insg.,173,144,29,0,0,0,3,1,2,3,1,2,20,17,3,25,21,4,109,95,14,16,10,6,125,105,20,2018
217000,"Sonstige Raub berf lle auf Stra en, Wegen oder Pl tzen",5112000,Duisburg,insg.,261,199,62,0,0,0,22,20,2,22,20,2,43,40,3,26,24,2,140,101,39,30,14,16,170,115,55,2018
217000,"Sonstige Raub berf lle auf Stra en, Wegen oder Pl tzen",5111000,D sseldorf,insg.,308,243,65,0,0,0,12,9,3,12,9,3,31,29,2,38,31,7,205,159,46,22,15,7,227,174,53,2018
217000,"Sonstige Raub berf lle auf Stra en, Wegen oder Pl tzen",16051000,Erfurt,insg.,18,17,1,0,0,0,0,0,0,0,0,0,3,3,0,4,4,0,11,10,1,0,0,0,11,10,1,2018
217000,"Sonstige Raub berf lle auf Stra en, Wegen oder Pl tzen",9562000,Erlangen,insg.,1,1,0,0,0,0,0,0,0,0,0,0,0,0,0,0,0,0,1,1,0,0,0,0,1,1,0,2018
217000,"Sonstige Raub berf lle auf Stra en, Wegen oder Pl tzen",5113000,Essen,insg.,213,151,62,0,0,0,11,9,2,11,9,2,38,34,4,32,24,8,113,78,35,19,6,13,132,84,48,2018
217000,"Sonstige Raub berf lle auf Stra en, Wegen oder Pl tzen",6412000,Frankfurt am Main,insg.,505,430,75,1,1,0,6,5,1,7,6,1,42,36,6,66,57,9,351,303,48,39,28,11,390,331,59,2018
217000,"Sonstige Raub berf lle auf Stra en, Wegen oder Pl tzen",8311000,Freiburg im Breisgau,insg.,84,76,8,1,1,0,2,1,1,3,2,1,24,24,0,8,7,1,44,41,3,5,2,3,49,43,6,2018
217000,"Sonstige Raub berf lle auf Stra en, Wegen oder Pl tzen",9563000,F rth,insg.,3,1,2,0,0,0,1,0,1,1,0,1,0,0,0,0,0,0,2,1,1,0,0,0,2,1,1,2018
217000,"Sonstige Raub berf lle auf Stra en, Wegen oder Pl tzen",5513000,Gelsenkirchen,insg.,141,107,34,0,0,0,8,7,1,8,7,1,24,20,4,13,10,3,82,64,18,14,6,8,96,70,26,2018
217000,"Sonstige Raub berf lle auf Stra en, Wegen oder Pl tzen",3159016,G ttingen,insg.,29,25,4,0,0,0,2,1,1,2,1,1,5,5,0,6,6,0,14,12,2,2,1,1,16,13,3,2018
217000,"Sonstige Raub berf lle auf Stra en, Wegen oder Pl tzen",5914000,Hagen,insg.,84,66,18,0,0,0,10,7,3,10,7,3,16,15,1,8,6,2,48,37,11,2,1,1,50,38,12,2018
217000,"Sonstige Raub berf lle auf Stra en, Wegen oder Pl tzen",15002000,Halle (Saale),insg.,132,109,23,0,0,0,6,6,0,6,6,0,25,20,5,25,24,1,68,54,14,8,5,3,76,59,17,2018
217000,"Sonstige Raub berf lle auf Stra en, Wegen oder Pl tzen",2000000,Hamburg,insg.,1043,850,193,1,1,0,37,30,7,38,31,7,108,92,16,116,106,10,708,578,130,73,43,30,781,621,160,2018
217000,"Sonstige Raub berf lle auf Stra en, Wegen oder Pl tzen",5915000,Hamm,insg.,73,57,16,0,0,0,8,8,0,8,8,0,25,23,2,10,9,1,27,15,12,3,2,1,30,17,13,2018
217000,"Sonstige Raub berf lle auf Stra en, Wegen oder Pl tzen",3241001,Hannover,insg.,232,198,34,0,0,0,5,4,1,5,4,1,28,26,2,37,33,4,150,129,21,12,6,6,162,135,27,2018
217000,"Sonstige Raub berf lle auf Stra en, Wegen oder Pl tzen",8221000,Heidelberg,insg.,25,21,4,0,0,0,2,2,0,2,2,0,4,3,1,3,2,1,14,13,1,2,1,1,16,14,2,2018
217000,"Sonstige Raub berf lle auf Stra en, Wegen oder Pl tzen",8121000,Heilbronn,insg.,13,11,2,0,0,0,1,1,0,1,1,0,1,1,0,0,0,0,9,7,2,2,2,0,11,9,2,2018
217000,"Sonstige Raub berf lle auf Stra en, Wegen oder Pl tzen",5916000,Herne,insg.,73,54,19,0,0,0,9,9,0,9,9,0,15,13,2,6,6,0,30,24,6,13,2,11,43,26,17,2018
217000,"Sonstige Raub berf lle auf Stra en, Wegen oder Pl tzen",3254021,Hildesheim,insg.,41,40,1,0,0,0,0,0,0,0,0,0,8,8,0,17,17,0,13,13,0,3,2,1,16,15,1,2018
217000,"Sonstige Raub berf lle auf Stra en, Wegen oder Pl tzen",9161000,Ingolstadt,insg.,11,8,3,0,0,0,0,0,0,0,0,0,2,2,0,0,0,0,8,6,2,1,0,1,9,6,3,2018
217000,"Sonstige Raub berf lle auf Stra en, Wegen oder Pl tzen",16053000,Jena,insg.,1,1,0,0,0,0,0,0,0,0,0,0,0,0,0,0,0,0,1,1,0,0,0,0,1,1,0,2018
217000,"Sonstige Raub berf lle auf Stra en, Wegen oder Pl tzen",8212000,Karlsruhe,insg.,70,53,17,0,0,0,1,1,0,1,1,0,8,7,1,13,12,1,45,32,13,3,1,2,48,33,15,2018
217000,"Sonstige Raub berf lle auf Stra en, Wegen oder Pl tzen",6611000,Kassel,insg.,88,73,15,1,1,0,1,1,0,2,2,0,5,3,2,10,9,1,64,56,8,7,3,4,71,59,12,2018
217000,"Sonstige Raub berf lle auf Stra en, Wegen oder Pl tzen",1002000,Kiel,insg.,116,101,15,0,0,0,4,4,0,4,4,0,22,22,0,20,19,1,63,51,12,7,5,2,70,56,14,2018
217000,"Sonstige Raub berf lle auf Stra en, Wegen oder Pl tzen",7111000,Koblenz,insg.,39,31,8,0,0,0,3,3,0,3,3,0,0,0,0,2,2,0,30,23,7,4,3,1,34,26,8,2018
217000,"Sonstige Raub berf lle auf Stra en, Wegen oder Pl tzen",5315000,K ln,insg.,767,645,122,0,0,0,34,29,5,34,29,5,111,103,8,111,96,15,456,382,74,55,35,20,511,417,94,2018
217000,"Sonstige Raub berf lle auf Stra en, Wegen oder Pl tzen",5114000,Krefeld,insg.,124,101,23,0,0,0,17,15,2,17,15,2,32,31,1,11,10,1,58,43,15,6,2,4,64,45,19,2018
217000,"Sonstige Raub berf lle auf Stra en, Wegen oder Pl tzen",14713000,Leipzig,insg.,287,239,48,0,0,0,8,4,4,8,4,4,44,38,6,49,47,2,170,140,30,16,10,6,186,150,36,2018
217000,"Sonstige Raub berf lle auf Stra en, Wegen oder Pl tzen",5316000,Leverkusen,insg.,57,51,6,0,0,0,5,4,1,5,4,1,11,10,1,8,8,0,29,25,4,4,4,0,33,29,4,2018
217000,"Sonstige Raub berf lle auf Stra en, Wegen oder Pl tzen",1003000,L beck,insg.,80,56,24,0,0,0,2,2,0,2,2,0,8,7,1,3,3,0,61,42,19,6,2,4,67,44,23,2018
217000,"Sonstige Raub berf lle auf Stra en, Wegen oder Pl tzen",7314000,Ludwigshafen am Rhein,insg.,106,92,14,0,0,0,11,10,1,11,10,1,30,27,3,15,13,2,43,37,6,7,5,2,50,42,8,2018
217000,"Sonstige Raub berf lle auf Stra en, Wegen oder Pl tzen",15003000,Magdeburg,insg.,103,94,9,0,0,0,5,4,1,5,4,1,20,20,0,15,14,1,61,55,6,2,1,1,63,56,7,2018
217000,"Sonstige Raub berf lle auf Stra en, Wegen oder Pl tzen",7315000,Mainz,insg.,82,70,12,0,0,0,5,3,2,5,3,2,13,12,1,11,9,2,50,45,5,3,1,2,53,46,7,2018
217000,"Sonstige Raub berf lle auf Stra en, Wegen oder Pl tzen",8222000,Mannheim,insg.,103,89,14,0,0,0,3,3,0,3,3,0,10,9,1,12,10,2,71,62,9,7,5,2,78,67,11,2018
217000,"Sonstige Raub berf lle auf Stra en, Wegen oder Pl tzen",5170024,Moers,insg.,33,26,7,0,0,0,0,0,0,0,0,0,7,4,3,6,6,0,16,14,2,4,2,2,20,16,4,2018
217000,"Sonstige Raub berf lle auf Stra en, Wegen oder Pl tzen",5116000,M nchengladbach,insg.,97,81,16,0,0,0,8,7,1,8,7,1,28,25,3,11,9,2,42,36,6,8,4,4,50,40,10,2018
217000,"Sonstige Raub berf lle auf Stra en, Wegen oder Pl tzen",5117000,M lheim an der Ruhr,insg.,27,18,9,0,0,0,3,2,1,3,2,1,7,5,2,4,3,1,12,8,4,1,0,1,13,8,5,2018
217000,"Sonstige Raub berf lle auf Stra en, Wegen oder Pl tzen",9162000,M nchen,insg.,157,134,23,0,0,0,5,4,1,5,4,1,15,14,1,20,19,1,94,83,11,23,14,9,117,97,20,2018
217000,"Sonstige Raub berf lle auf Stra en, Wegen oder Pl tzen",5515000,M nster,insg.,120,108,12,0,0,0,3,2,1,3,2,1,16,14,2,15,14,1,83,76,7,3,2,1,86,78,8,2018
217000,"Sonstige Raub berf lle auf Stra en, Wegen oder Pl tzen",5162024,Neuss,insg.,72,62,10,0,0,0,3,3,0,3,3,0,12,12,0,15,14,1,39,31,8,3,2,1,42,33,9,2018
217000,"Sonstige Raub berf lle auf Stra en, Wegen oder Pl tzen",9564000,N rnberg,insg.,107,93,14,0,0,0,5,5,0,5,5,0,11,9,2,20,19,1,66,58,8,5,2,3,71,60,11,2018
217000,"Sonstige Raub berf lle auf Stra en, Wegen oder Pl tzen",5119000,Oberhausen,insg.,99,78,21,0,0,0,11,10,1,11,10,1,18,17,1,10,9,1,46,34,12,14,8,6,60,42,18,2018
217000,"Sonstige Raub berf lle auf Stra en, Wegen oder Pl tzen",6413000,Offenbach am Main,insg.,54,40,14,0,0,0,0,0,0,0,0,0,16,13,3,0,0,0,31,23,8,7,4,3,38,27,11,2018
217000,"Sonstige Raub berf lle auf Stra en, Wegen oder Pl tzen",3403000,Oldenburg (Oldenburg),insg.,45,36,9,0,0,0,3,2,1,3,2,1,8,6,2,10,8,2,22,18,4,2,2,0,24,20,4,2018
217000,"Sonstige Raub berf lle auf Stra en, Wegen oder Pl tzen",3404000,Osnabr ck,insg.,30,27,3,0,0,0,1,1,0,1,1,0,1,1,0,3,2,1,25,23,2,0,0,0,25,23,2,2018
217000,"Sonstige Raub berf lle auf Stra en, Wegen oder Pl tzen",5774032,Paderborn,insg.,46,37,9,0,0,0,2,1,1,2,1,1,7,5,2,17,16,1,17,13,4,3,2,1,20,15,5,2018
217000,"Sonstige Raub berf lle auf Stra en, Wegen oder Pl tzen",8231000,Pforzheim,insg.,35,33,2,0,0,0,0,0,0,0,0,0,7,7,0,10,8,2,16,16,0,2,2,0,18,18,0,2018
217000,"Sonstige Raub berf lle auf Stra en, Wegen oder Pl tzen",12054000,Potsdam,insg.,45,31,14,0,0,0,4,2,2,4,2,2,10,9,1,6,4,2,24,16,8,1,0,1,25,16,9,2018
217000,"Sonstige Raub berf lle auf Stra en, Wegen oder Pl tzen",5562032,Recklinghausen,insg.,45,34,11,0,0,0,2,2,0,2,2,0,3,2,1,6,5,1,28,22,6,6,3,3,34,25,9,2018
217000,"Sonstige Raub berf lle auf Stra en, Wegen oder Pl tzen",9362000,Regensburg,insg.,23,20,3,0,0,0,0,0,0,0,0,0,6,6,0,5,5,0,12,9,3,0,0,0,12,9,3,2018
217000,"Sonstige Raub berf lle auf Stra en, Wegen oder Pl tzen",5120000,Remscheid,insg.,39,31,8,0,0,0,6,5,1,6,5,1,4,4,0,3,2,1,24,19,5,2,1,1,26,20,6,2018
217000,"Sonstige Raub berf lle auf Stra en, Wegen oder Pl tzen",8415061,Reutlingen,insg.,15,12,3,0,0,0,1,1,0,1,1,0,1,0,1,6,4,2,4,4,0,3,3,0,7,7,0,2018
217000,"Sonstige Raub berf lle auf Stra en, Wegen oder Pl tzen",13003000,Rostock,insg.,85,78,7,0,0,0,5,5,0,5,5,0,26,25,1,12,12,0,40,36,4,2,0,2,42,36,6,2018
217000,"Sonstige Raub berf lle auf Stra en, Wegen oder Pl tzen",10041100,Saarbr cken,insg.,123,103,20,0,0,0,9,9,0,9,9,0,28,25,3,12,10,2,67,55,12,7,4,3,74,59,15,2018
217000,"Sonstige Raub berf lle auf Stra en, Wegen oder Pl tzen",3102000,Salzgitter,insg.,8,5,3,0,0,0,1,1,0,1,1,0,0,0,0,0,0,0,6,3,3,1,1,0,7,4,3,2018
217000,"Sonstige Raub berf lle auf Stra en, Wegen oder Pl tzen",13004000,Schwerin,insg.,33,30,3,0,0,0,1,1,0,1,1,0,8,7,1,6,5,1,15,14,1,3,3,0,18,17,1,2018
217000,"Sonstige Raub berf lle auf Stra en, Wegen oder Pl tzen",5970040,Siegen,insg.,28,20,8,0,0,0,2,2,0,2,2,0,5,3,2,7,5,2,12,10,2,2,0,2,14,10,4,2018
217000,"Sonstige Raub berf lle auf Stra en, Wegen oder Pl tzen",5122000,Solingen,insg.,52,43,9,0,0,0,1,1,0,1,1,0,15,14,1,6,6,0,20,16,4,10,6,4,30,22,8,2018
217000,"Sonstige Raub berf lle auf Stra en, Wegen oder Pl tzen",8111000,Stuttgart,insg.,226,202,24,0,0,0,9,8,1,9,8,1,33,31,2,26,25,1,148,130,18,10,8,2,158,138,20,2018
217000,"Sonstige Raub berf lle auf Stra en, Wegen oder Pl tzen",7211000,Trier,insg.,41,30,11,0,0,0,0,0,0,0,0,0,8,6,2,9,7,2,22,17,5,2,0,2,24,17,7,2018
217000,"Sonstige Raub berf lle auf Stra en, Wegen oder Pl tzen",8421000,Ulm,insg.,22,21,1,0,0,0,0,0,0,0,0,0,5,5,0,1,1,0,15,14,1,1,1,0,16,15,1,2018
217000,"Sonstige Raub berf lle auf Stra en, Wegen oder Pl tzen",6414000,Wiesbaden,insg.,88,81,7,0,0,0,1,1,0,1,1,0,30,29,1,13,13,0,40,35,5,4,3,1,44,38,6,2018
217000,"Sonstige Raub berf lle auf Stra en, Wegen oder Pl tzen",3103000,Wolfsburg,insg.,14,9,5,0,0,0,0,0,0,0,0,0,0,0,0,2,1,1,9,6,3,3,2,1,12,8,4,2018
217000,"Sonstige Raub berf lle auf Stra en, Wegen oder Pl tzen",5124000,Wuppertal,insg.,213,167,46,0,0,0,39,31,8,39,31,8,33,27,6,19,15,4,107,86,21,15,8,7,122,94,28,2018
217000,"Sonstige Raub berf lle auf Stra en, Wegen oder Pl tzen",9663000,W rzburg,insg.,0,0,0,0,0,0,0,0,0,0,0,0,0,0,0,0,0,0,0,0,0,0,0,0,0,0,0,2018
219000,Raub berf lle in Wohnungen,5334002,Aachen,voll.,23,11,12,0,0,0,0,0,0,0,0,0,1,0,1,2,2,0,10,7,3,10,2,8,20,9,11,2018
219000,Raub berf lle in Wohnungen,9761000,Augsburg,voll.,2,2,0,0,0,0,0,0,0,0,0,0,1,1,0,0,0,0,1,1,0,0,0,0,1,1,0,2018
219000,Raub berf lle in Wohnungen,5378004,Bergisch Gladbach,voll.,9,4,5,0,0,0,0,0,0,0,0,0,0,0,0,1,1,0,4,2,2,4,1,3,8,3,5,2018
219000,Raub berf lle in Wohnungen,11000000,Berlin,voll.,211,128,83,0,0,0,6,4,2,6,4,2,15,10,5,13,6,7,121,76,45,56,32,24,177,108,69,2018
219000,Raub berf lle in Wohnungen,5711000,Bielefeld,voll.,12,7,5,0,0,0,0,0,0,0,0,0,1,1,0,0,0,0,9,6,3,2,0,2,11,6,5,2018
219000,Raub berf lle in Wohnungen,5911000,Bochum,voll.,13,7,6,0,0,0,0,0,0,0,0,0,0,0,0,1,1,0,9,5,4,3,1,2,12,6,6,2018
219000,Raub berf lle in Wohnungen,5314000,Bonn,voll.,12,4,8,0,0,0,0,0,0,0,0,0,0,0,0,4,1,3,8,3,5,0,0,0,8,3,5,2018
219000,Raub berf lle in Wohnungen,5512000,Bottrop,voll.,2,2,0,0,0,0,0,0,0,0,0,0,0,0,0,0,0,0,1,1,0,1,1,0,2,2,0,2018
219000,Raub berf lle in Wohnungen,3101000,Braunschweig,voll.,9,8,1,1,1,0,0,0,0,1,1,0,1,1,0,0,0,0,7,6,1,0,0,0,7,6,1,2018
219000,Raub berf lle in Wohnungen,4011000,Bremen,voll.,25,14,11,2,1,1,0,0,0,2,1,1,0,0,0,1,1,0,14,6,8,8,6,2,22,12,10,2018
219000,Raub berf lle in Wohnungen,4012000,Bremerhaven,voll.,12,9,3,0,0,0,0,0,0,0,0,0,0,0,0,1,1,0,11,8,3,0,0,0,11,8,3,2018
219000,Raub berf lle in Wohnungen,14511000,Chemnitz,voll.,9,8,1,0,0,0,0,0,0,0,0,0,0,0,0,2,2,0,6,6,0,1,0,1,7,6,1,2018
219000,Raub berf lle in Wohnungen,12052000,Cottbus,voll.,5,3,2,0,0,0,0,0,0,0,0,0,0,0,0,1,1,0,4,2,2,0,0,0,4,2,2,2018
219000,Raub berf lle in Wohnungen,6411000,Darmstadt,voll.,8,5,3,0,0,0,0,0,0,0,0,0,0,0,0,0,0,0,4,2,2,4,3,1,8,5,3,2018
219000,Raub berf lle in Wohnungen,5913000,Dortmund,voll.,28,18,10,0,0,0,1,1,0,1,1,0,3,2,1,4,4,0,15,8,7,5,3,2,20,11,9,2018
219000,Raub berf lle in Wohnungen,14612000,Dresden,voll.,16,12,4,0,0,0,0,0,0,0,0,0,1,1,0,2,1,1,11,9,2,2,1,1,13,10,3,2018
219000,Raub berf lle in Wohnungen,5112000,Duisburg,voll.,43,29,14,0,0,0,2,2,0,2,2,0,2,1,1,4,2,2,25,17,8,10,7,3,35,24,11,2018
219000,Raub berf lle in Wohnungen,5111000,D sseldorf,voll.,21,12,9,0,0,0,0,0,0,0,0,0,1,0,1,0,0,0,14,9,5,6,3,3,20,12,8,2018
219000,Raub berf lle in Wohnungen,16051000,Erfurt,voll.,4,3,1,0,0,0,0,0,0,0,0,0,2,2,0,0,0,0,2,1,1,0,0,0,2,1,1,2018
219000,Raub berf lle in Wohnungen,9562000,Erlangen,voll.,1,1,0,0,0,0,0,0,0,0,0,0,0,0,0,0,0,0,1,1,0,0,0,0,1,1,0,2018
219000,Raub berf lle in Wohnungen,5113000,Essen,voll.,37,21,16,0,0,0,2,0,2,2,0,2,1,0,1,1,1,0,22,15,7,11,5,6,33,20,13,2018
219000,Raub berf lle in Wohnungen,6412000,Frankfurt am Main,voll.,19,7,12,0,0,0,0,0,0,0,0,0,0,0,0,0,0,0,16,6,10,3,1,2,19,7,12,2018
219000,Raub berf lle in Wohnungen,8311000,Freiburg im Breisgau,voll.,6,3,3,0,0,0,0,0,0,0,0,0,0,0,0,0,0,0,4,3,1,2,0,2,6,3,3,2018
219000,Raub berf lle in Wohnungen,9563000,F rth,voll.,4,2,2,0,0,0,0,0,0,0,0,0,0,0,0,0,0,0,4,2,2,0,0,0,4,2,2,2018
219000,Raub berf lle in Wohnungen,5513000,Gelsenkirchen,voll.,17,11,6,0,0,0,0,0,0,0,0,0,0,0,0,3,3,0,8,5,3,6,3,3,14,8,6,2018
219000,Raub berf lle in Wohnungen,3159016,G ttingen,voll.,16,14,2,0,0,0,0,0,0,0,0,0,1,1,0,1,1,0,14,12,2,0,0,0,14,12,2,2018
219000,Raub berf lle in Wohnungen,5914000,Hagen,voll.,15,12,3,0,0,0,0,0,0,0,0,0,1,1,0,0,0,0,10,8,2,4,3,1,14,11,3,2018
219000,Raub berf lle in Wohnungen,15002000,Halle (Saale),voll.,17,12,5,0,0,0,2,1,1,2,1,1,1,0,1,4,3,1,9,7,2,1,1,0,10,8,2,2018
219000,Raub berf lle in Wohnungen,2000000,Hamburg,voll.,50,32,18,0,0,0,1,0,1,1,0,1,3,3,0,4,1,3,34,23,11,8,5,3,42,28,14,2018
219000,Raub berf lle in Wohnungen,5915000,Hamm,voll.,8,4,4,0,0,0,0,0,0,0,0,0,0,0,0,1,0,1,5,3,2,2,1,1,7,4,3,2018
219000,Raub berf lle in Wohnungen,3241001,Hannover,voll.,26,17,9,0,0,0,2,2,0,2,2,0,1,1,0,3,3,0,16,8,8,4,3,1,20,11,9,2018
219000,Raub berf lle in Wohnungen,8221000,Heidelberg,voll.,0,0,0,0,0,0,0,0,0,0,0,0,0,0,0,0,0,0,0,0,0,0,0,0,0,0,0,2018
219000,Raub berf lle in Wohnungen,8121000,Heilbronn,voll.,2,2,0,0,0,0,0,0,0,0,0,0,0,0,0,0,0,0,1,1,0,1,1,0,2,2,0,2018
219000,Raub berf lle in Wohnungen,5916000,Herne,voll.,5,3,2,0,0,0,0,0,0,0,0,0,0,0,0,0,0,0,2,1,1,3,2,1,5,3,2,2018
219000,Raub berf lle in Wohnungen,3254021,Hildesheim,voll.,4,4,0,0,0,0,0,0,0,0,0,0,0,0,0,0,0,0,4,4,0,0,0,0,4,4,0,2018
219000,Raub berf lle in Wohnungen,9161000,Ingolstadt,voll.,0,0,0,0,0,0,0,0,0,0,0,0,0,0,0,0,0,0,0,0,0,0,0,0,0,0,0,2018
219000,Raub berf lle in Wohnungen,16053000,Jena,voll.,2,1,1,0,0,0,0,0,0,0,0,0,0,0,0,0,0,0,2,1,1,0,0,0,2,1,1,2018
219000,Raub berf lle in Wohnungen,8212000,Karlsruhe,voll.,3,1,2,0,0,0,0,0,0,0,0,0,0,0,0,0,0,0,3,1,2,0,0,0,3,1,2,2018
219000,Raub berf lle in Wohnungen,6611000,Kassel,voll.,13,11,2,0,0,0,0,0,0,0,0,0,0,0,0,4,4,0,7,6,1,2,1,1,9,7,2,2018
219000,Raub berf lle in Wohnungen,1002000,Kiel,voll.,18,13,5,0,0,0,0,0,0,0,0,0,1,0,1,2,2,0,11,9,2,4,2,2,15,11,4,2018
219000,Raub berf lle in Wohnungen,7111000,Koblenz,voll.,2,0,2,0,0,0,0,0,0,0,0,0,0,0,0,0,0,0,1,0,1,1,0,1,2,0,2,2018
219000,Raub berf lle in Wohnungen,5315000,K ln,voll.,71,41,30,0,0,0,1,0,1,1,0,1,3,1,2,4,2,2,44,26,18,19,12,7,63,38,25,2018
219000,Raub berf lle in Wohnungen,5114000,Krefeld,voll.,10,5,5,0,0,0,1,0,1,1,0,1,0,0,0,0,0,0,4,3,1,5,2,3,9,5,4,2018
219000,Raub berf lle in Wohnungen,14713000,Leipzig,voll.,30,26,4,0,0,0,0,0,0,0,0,0,3,3,0,2,2,0,21,19,2,4,2,2,25,21,4,2018
219000,Raub berf lle in Wohnungen,5316000,Leverkusen,voll.,3,1,2,0,0,0,0,0,0,0,0,0,0,0,0,1,1,0,2,0,2,0,0,0,2,0,2,2018
219000,Raub berf lle in Wohnungen,1003000,L beck,voll.,10,7,3,0,0,0,0,0,0,0,0,0,1,1,0,1,1,0,8,5,3,0,0,0,8,5,3,2018
219000,Raub berf lle in Wohnungen,7314000,Ludwigshafen am Rhein,voll.,6,4,2,0,0,0,0,0,0,0,0,0,1,1,0,0,0,0,5,3,2,0,0,0,5,3,2,2018
219000,Raub berf lle in Wohnungen,15003000,Magdeburg,voll.,13,8,5,0,0,0,0,0,0,0,0,0,0,0,0,2,1,1,10,7,3,1,0,1,11,7,4,2018
219000,Raub berf lle in Wohnungen,7315000,Mainz,voll.,3,3,0,0,0,0,0,0,0,0,0,0,0,0,0,0,0,0,1,1,0,2,2,0,3,3,0,2018
219000,Raub berf lle in Wohnungen,8222000,Mannheim,voll.,3,1,2,0,0,0,0,0,0,0,0,0,0,0,0,0,0,0,2,1,1,1,0,1,3,1,2,2018
219000,Raub berf lle in Wohnungen,5170024,Moers,voll.,5,0,5,0,0,0,0,0,0,0,0,0,0,0,0,0,0,0,3,0,3,2,0,2,5,0,5,2018
219000,Raub berf lle in Wohnungen,5116000,M nchengladbach,voll.,17,13,4,0,0,0,0,0,0,0,0,0,2,1,1,2,2,0,9,6,3,4,4,0,13,10,3,2018
219000,Raub berf lle in Wohnungen,5117000,M lheim an der Ruhr,voll.,7,2,5,0,0,0,0,0,0,0,0,0,0,0,0,0,0,0,1,0,1,6,2,4,7,2,5,2018
219000,Raub berf lle in Wohnungen,9162000,M nchen,voll.,23,17,6,0,0,0,0,0,0,0,0,0,0,0,0,1,1,0,14,11,3,8,5,3,22,16,6,2018
219000,Raub berf lle in Wohnungen,5515000,M nster,voll.,5,4,1,0,0,0,0,0,0,0,0,0,0,0,0,0,0,0,4,3,1,1,1,0,5,4,1,2018
219000,Raub berf lle in Wohnungen,5162024,Neuss,voll.,7,4,3,0,0,0,0,0,0,0,0,0,0,0,0,1,1,0,4,3,1,2,0,2,6,3,3,2018
219000,Raub berf lle in Wohnungen,9564000,N rnberg,voll.,20,13,7,0,0,0,1,1,0,1,1,0,2,2,0,1,0,1,9,5,4,7,5,2,16,10,6,2018
219000,Raub berf lle in Wohnungen,5119000,Oberhausen,voll.,13,7,6,0,0,0,0,0,0,0,0,0,0,0,0,1,1,0,9,6,3,3,0,3,12,6,6,2018
219000,Raub berf lle in Wohnungen,6413000,Offenbach am Main,voll.,5,2,3,0,0,0,0,0,0,0,0,0,0,0,0,0,0,0,4,1,3,1,1,0,5,2,3,2018
219000,Raub berf lle in Wohnungen,3403000,Oldenburg (Oldenburg),voll.,8,6,2,0,0,0,0,0,0,0,0,0,0,0,0,1,1,0,5,4,1,2,1,1,7,5,2,2018
219000,Raub berf lle in Wohnungen,3404000,Osnabr ck,voll.,5,4,1,0,0,0,0,0,0,0,0,0,0,0,0,0,0,0,3,3,0,2,1,1,5,4,1,2018
219000,Raub berf lle in Wohnungen,5774032,Paderborn,voll.,1,1,0,0,0,0,0,0,0,0,0,0,0,0,0,0,0,0,1,1,0,0,0,0,1,1,0,2018
219000,Raub berf lle in Wohnungen,8231000,Pforzheim,voll.,2,1,1,0,0,0,0,0,0,0,0,0,0,0,0,1,1,0,1,0,1,0,0,0,1,0,1,2018
219000,Raub berf lle in Wohnungen,12054000,Potsdam,voll.,11,7,4,0,0,0,0,0,0,0,0,0,0,0,0,5,5,0,4,2,2,2,0,2,6,2,4,2018
219000,Raub berf lle in Wohnungen,5562032,Recklinghausen,voll.,4,4,0,0,0,0,0,0,0,0,0,0,0,0,0,0,0,0,3,3,0,1,1,0,4,4,0,2018
219000,Raub berf lle in Wohnungen,9362000,Regensburg,voll.,5,5,0,0,0,0,0,0,0,0,0,0,0,0,0,0,0,0,5,5,0,0,0,0,5,5,0,2018
219000,Raub berf lle in Wohnungen,5120000,Remscheid,voll.,7,4,3,0,0,0,2,2,0,2,2,0,1,1,0,0,0,0,4,1,3,0,0,0,4,1,3,2018
219000,Raub berf lle in Wohnungen,8415061,Reutlingen,voll.,1,0,1,0,0,0,0,0,0,0,0,0,0,0,0,0,0,0,1,0,1,0,0,0,1,0,1,2018
219000,Raub berf lle in Wohnungen,13003000,Rostock,voll.,8,6,2,0,0,0,1,1,0,1,1,0,3,3,0,1,1,0,3,1,2,0,0,0,3,1,2,2018
219000,Raub berf lle in Wohnungen,10041100,Saarbr cken,voll.,11,5,6,0,0,0,1,1,0,1,1,0,0,0,0,3,3,0,4,1,3,3,0,3,7,1,6,2018
219000,Raub berf lle in Wohnungen,3102000,Salzgitter,voll.,2,1,1,0,0,0,0,0,0,0,0,0,0,0,0,0,0,0,2,1,1,0,0,0,2,1,1,2018
219000,Raub berf lle in Wohnungen,13004000,Schwerin,voll.,6,2,4,0,0,0,0,0,0,0,0,0,2,1,1,2,0,2,2,1,1,0,0,0,2,1,1,2018
219000,Raub berf lle in Wohnungen,5970040,Siegen,voll.,5,3,2,0,0,0,0,0,0,0,0,0,0,0,0,0,0,0,5,3,2,0,0,0,5,3,2,2018
219000,Raub berf lle in Wohnungen,5122000,Solingen,voll.,4,4,0,0,0,0,0,0,0,0,0,0,0,0,0,0,0,0,3,3,0,1,1,0,4,4,0,2018
219000,Raub berf lle in Wohnungen,8111000,Stuttgart,voll.,21,18,3,0,0,0,0,0,0,0,0,0,0,0,0,0,0,0,16,13,3,5,5,0,21,18,3,2018
219000,Raub berf lle in Wohnungen,7211000,Trier,voll.,4,3,1,0,0,0,0,0,0,0,0,0,0,0,0,1,1,0,3,2,1,0,0,0,3,2,1,2018
219000,Raub berf lle in Wohnungen,8421000,Ulm,voll.,1,1,0,0,0,0,0,0,0,0,0,0,0,0,0,0,0,0,1,1,0,0,0,0,1,1,0,2018
219000,Raub berf lle in Wohnungen,6414000,Wiesbaden,voll.,10,3,7,0,0,0,0,0,0,0,0,0,1,1,0,1,0,1,5,1,4,3,1,2,8,2,6,2018
219000,Raub berf lle in Wohnungen,3103000,Wolfsburg,voll.,3,3,0,0,0,0,0,0,0,0,0,0,0,0,0,0,0,0,2,2,0,1,1,0,3,3,0,2018
219000,Raub berf lle in Wohnungen,5124000,Wuppertal,voll.,15,10,5,1,0,1,0,0,0,1,0,1,1,1,0,1,1,0,11,8,3,1,0,1,12,8,4,2018
219000,Raub berf lle in Wohnungen,9663000,W rzburg,voll.,2,2,0,0,0,0,0,0,0,0,0,0,0,0,0,0,0,0,2,2,0,0,0,0,2,2,0,2018
219000,Raub berf lle in Wohnungen,5334002,Aachen,vers.,6,2,4,0,0,0,0,0,0,0,0,0,0,0,0,0,0,0,3,0,3,3,2,1,6,2,4,2018
219000,Raub berf lle in Wohnungen,9761000,Augsburg,vers.,3,2,1,0,0,0,0,0,0,0,0,0,0,0,0,0,0,0,3,2,1,0,0,0,3,2,1,2018
219000,Raub berf lle in Wohnungen,5378004,Bergisch Gladbach,vers.,2,2,0,0,0,0,0,0,0,0,0,0,0,0,0,0,0,0,2,2,0,0,0,0,2,2,0,2018
219000,Raub berf lle in Wohnungen,11000000,Berlin,vers.,35,13,22,0,0,0,0,0,0,0,0,0,2,2,0,0,0,0,21,7,14,12,4,8,33,11,22,2018
219000,Raub berf lle in Wohnungen,5711000,Bielefeld,vers.,6,2,4,0,0,0,0,0,0,0,0,0,0,0,0,1,1,0,3,0,3,2,1,1,5,1,4,2018
219000,Raub berf lle in Wohnungen,5911000,Bochum,vers.,1,1,0,0,0,0,0,0,0,0,0,0,0,0,0,0,0,0,1,1,0,0,0,0,1,1,0,2018
219000,Raub berf lle in Wohnungen,5314000,Bonn,vers.,1,0,1,0,0,0,0,0,0,0,0,0,0,0,0,0,0,0,0,0,0,1,0,1,1,0,1,2018
219000,Raub berf lle in Wohnungen,5512000,Bottrop,vers.,1,1,0,0,0,0,0,0,0,0,0,0,0,0,0,0,0,0,1,1,0,0,0,0,1,1,0,2018
219000,Raub berf lle in Wohnungen,3101000,Braunschweig,vers.,4,2,2,0,0,0,0,0,0,0,0,0,0,0,0,0,0,0,4,2,2,0,0,0,4,2,2,2018
219000,Raub berf lle in Wohnungen,4011000,Bremen,vers.,9,2,7,0,0,0,1,0,1,1,0,1,0,0,0,0,0,0,3,0,3,5,2,3,8,2,6,2018
219000,Raub berf lle in Wohnungen,4012000,Bremerhaven,vers.,3,1,2,0,0,0,0,0,0,0,0,0,0,0,0,0,0,0,1,1,0,2,0,2,3,1,2,2018
219000,Raub berf lle in Wohnungen,14511000,Chemnitz,vers.,0,0,0,0,0,0,0,0,0,0,0,0,0,0,0,0,0,0,0,0,0,0,0,0,0,0,0,2018
219000,Raub berf lle in Wohnungen,12052000,Cottbus,vers.,1,1,0,0,0,0,0,0,0,0,0,0,0,0,0,0,0,0,1,1,0,0,0,0,1,1,0,2018
219000,Raub berf lle in Wohnungen,6411000,Darmstadt,vers.,1,1,0,0,0,0,0,0,0,0,0,0,0,0,0,0,0,0,0,0,0,1,1,0,1,1,0,2018
219000,Raub berf lle in Wohnungen,5913000,Dortmund,vers.,8,4,4,0,0,0,0,0,0,0,0,0,0,0,0,0,0,0,4,2,2,4,2,2,8,4,4,2018
219000,Raub berf lle in Wohnungen,14612000,Dresden,vers.,1,0,1,0,0,0,0,0,0,0,0,0,0,0,0,0,0,0,1,0,1,0,0,0,1,0,1,2018
219000,Raub berf lle in Wohnungen,5112000,Duisburg,vers.,4,2,2,0,0,0,0,0,0,0,0,0,0,0,0,0,0,0,2,2,0,2,0,2,4,2,2,2018
219000,Raub berf lle in Wohnungen,5111000,D sseldorf,vers.,6,5,1,0,0,0,0,0,0,0,0,0,0,0,0,0,0,0,4,3,1,2,2,0,6,5,1,2018
219000,Raub berf lle in Wohnungen,16051000,Erfurt,vers.,1,0,1,0,0,0,0,0,0,0,0,0,0,0,0,0,0,0,1,0,1,0,0,0,1,0,1,2018
219000,Raub berf lle in Wohnungen,9562000,Erlangen,vers.,0,0,0,0,0,0,0,0,0,0,0,0,0,0,0,0,0,0,0,0,0,0,0,0,0,0,0,2018
219000,Raub berf lle in Wohnungen,5113000,Essen,vers.,4,1,3,0,0,0,0,0,0,0,0,0,0,0,0,0,0,0,2,1,1,2,0,2,4,1,3,2018
219000,Raub berf lle in Wohnungen,6412000,Frankfurt am Main,vers.,7,1,6,0,0,0,0,0,0,0,0,0,0,0,0,0,0,0,4,0,4,3,1,2,7,1,6,2018
219000,Raub berf lle in Wohnungen,8311000,Freiburg im Breisgau,vers.,3,3,0,0,0,0,0,0,0,0,0,0,1,1,0,1,1,0,1,1,0,0,0,0,1,1,0,2018
219000,Raub berf lle in Wohnungen,9563000,F rth,vers.,0,0,0,0,0,0,0,0,0,0,0,0,0,0,0,0,0,0,0,0,0,0,0,0,0,0,0,2018
219000,Raub berf lle in Wohnungen,5513000,Gelsenkirchen,vers.,5,3,2,0,0,0,2,2,0,2,2,0,1,0,1,0,0,0,1,0,1,1,1,0,2,1,1,2018
219000,Raub berf lle in Wohnungen,3159016,G ttingen,vers.,4,3,1,0,0,0,0,0,0,0,0,0,0,0,0,1,0,1,3,3,0,0,0,0,3,3,0,2018
219000,Raub berf lle in Wohnungen,5914000,Hagen,vers.,6,2,4,0,0,0,0,0,0,0,0,0,0,0,0,0,0,0,4,2,2,2,0,2,6,2,4,2018
219000,Raub berf lle in Wohnungen,15002000,Halle (Saale),vers.,0,0,0,0,0,0,0,0,0,0,0,0,0,0,0,0,0,0,0,0,0,0,0,0,0,0,0,2018
219000,Raub berf lle in Wohnungen,2000000,Hamburg,vers.,11,6,5,0,0,0,0,0,0,0,0,0,0,0,0,0,0,0,9,5,4,2,1,1,11,6,5,2018
219000,Raub berf lle in Wohnungen,5915000,Hamm,vers.,0,0,0,0,0,0,0,0,0,0,0,0,0,0,0,0,0,0,0,0,0,0,0,0,0,0,0,2018
219000,Raub berf lle in Wohnungen,3241001,Hannover,vers.,8,5,3,0,0,0,0,0,0,0,0,0,0,0,0,0,0,0,4,3,1,4,2,2,8,5,3,2018
219000,Raub berf lle in Wohnungen,8221000,Heidelberg,vers.,2,2,0,0,0,0,0,0,0,0,0,0,0,0,0,1,1,0,1,1,0,0,0,0,1,1,0,2018
219000,Raub berf lle in Wohnungen,8121000,Heilbronn,vers.,1,1,0,0,0,0,0,0,0,0,0,0,0,0,0,0,0,0,1,1,0,0,0,0,1,1,0,2018
219000,Raub berf lle in Wohnungen,5916000,Herne,vers.,0,0,0,0,0,0,0,0,0,0,0,0,0,0,0,0,0,0,0,0,0,0,0,0,0,0,0,2018
219000,Raub berf lle in Wohnungen,3254021,Hildesheim,vers.,3,2,1,0,0,0,0,0,0,0,0,0,0,0,0,0,0,0,1,1,0,2,1,1,3,2,1,2018
219000,Raub berf lle in Wohnungen,9161000,Ingolstadt,vers.,2,0,2,0,0,0,0,0,0,0,0,0,0,0,0,0,0,0,2,0,2,0,0,0,2,0,2,2018
219000,Raub berf lle in Wohnungen,16053000,Jena,vers.,0,0,0,0,0,0,0,0,0,0,0,0,0,0,0,0,0,0,0,0,0,0,0,0,0,0,0,2018
219000,Raub berf lle in Wohnungen,8212000,Karlsruhe,vers.,0,0,0,0,0,0,0,0,0,0,0,0,0,0,0,0,0,0,0,0,0,0,0,0,0,0,0,2018
219000,Raub berf lle in Wohnungen,6611000,Kassel,vers.,1,1,0,0,0,0,1,1,0,1,1,0,0,0,0,0,0,0,0,0,0,0,0,0,0,0,0,2018
219000,Raub berf lle in Wohnungen,1002000,Kiel,vers.,9,7,2,0,0,0,0,0,0,0,0,0,0,0,0,0,0,0,9,7,2,0,0,0,9,7,2,2018
219000,Raub berf lle in Wohnungen,7111000,Koblenz,vers.,1,0,1,0,0,0,0,0,0,0,0,0,0,0,0,0,0,0,0,0,0,1,0,1,1,0,1,2018
219000,Raub berf lle in Wohnungen,5315000,K ln,vers.,10,4,6,0,0,0,0,0,0,0,0,0,0,0,0,1,1,0,5,2,3,4,1,3,9,3,6,2018
219000,Raub berf lle in Wohnungen,5114000,Krefeld,vers.,2,0,2,0,0,0,0,0,0,0,0,0,0,0,0,0,0,0,1,0,1,1,0,1,2,0,2,2018
219000,Raub berf lle in Wohnungen,14713000,Leipzig,vers.,0,0,0,0,0,0,0,0,0,0,0,0,0,0,0,0,0,0,0,0,0,0,0,0,0,0,0,2018
219000,Raub berf lle in Wohnungen,5316000,Leverkusen,vers.,0,0,0,0,0,0,0,0,0,0,0,0,0,0,0,0,0,0,0,0,0,0,0,0,0,0,0,2018
219000,Raub berf lle in Wohnungen,1003000,L beck,vers.,7,6,1,0,0,0,0,0,0,0,0,0,0,0,0,1,1,0,6,5,1,0,0,0,6,5,1,2018
219000,Raub berf lle in Wohnungen,7314000,Ludwigshafen am Rhein,vers.,1,0,1,0,0,0,0,0,0,0,0,0,0,0,0,0,0,0,1,0,1,0,0,0,1,0,1,2018
219000,Raub berf lle in Wohnungen,15003000,Magdeburg,vers.,0,0,0,0,0,0,0,0,0,0,0,0,0,0,0,0,0,0,0,0,0,0,0,0,0,0,0,2018
219000,Raub berf lle in Wohnungen,7315000,Mainz,vers.,1,0,1,0,0,0,0,0,0,0,0,0,0,0,0,0,0,0,1,0,1,0,0,0,1,0,1,2018
219000,Raub berf lle in Wohnungen,8222000,Mannheim,vers.,0,0,0,0,0,0,0,0,0,0,0,0,0,0,0,0,0,0,0,0,0,0,0,0,0,0,0,2018
219000,Raub berf lle in Wohnungen,5170024,Moers,vers.,0,0,0,0,0,0,0,0,0,0,0,0,0,0,0,0,0,0,0,0,0,0,0,0,0,0,0,2018
219000,Raub berf lle in Wohnungen,5116000,M nchengladbach,vers.,4,2,2,0,0,0,0,0,0,0,0,0,0,0,0,0,0,0,3,2,1,1,0,1,4,2,2,2018
219000,Raub berf lle in Wohnungen,5117000,M lheim an der Ruhr,vers.,0,0,0,0,0,0,0,0,0,0,0,0,0,0,0,0,0,0,0,0,0,0,0,0,0,0,0,2018
219000,Raub berf lle in Wohnungen,9162000,M nchen,vers.,8,5,3,0,0,0,1,0,1,1,0,1,1,1,0,0,0,0,2,1,1,4,3,1,6,4,2,2018
219000,Raub berf lle in Wohnungen,5515000,M nster,vers.,0,0,0,0,0,0,0,0,0,0,0,0,0,0,0,0,0,0,0,0,0,0,0,0,0,0,0,2018
219000,Raub berf lle in Wohnungen,5162024,Neuss,vers.,1,1,0,0,0,0,0,0,0,0,0,0,0,0,0,0,0,0,1,1,0,0,0,0,1,1,0,2018
219000,Raub berf lle in Wohnungen,9564000,N rnberg,vers.,5,2,3,0,0,0,0,0,0,0,0,0,1,0,1,0,0,0,2,1,1,2,1,1,4,2,2,2018
219000,Raub berf lle in Wohnungen,5119000,Oberhausen,vers.,1,0,1,0,0,0,0,0,0,0,0,0,0,0,0,0,0,0,1,0,1,0,0,0,1,0,1,2018
219000,Raub berf lle in Wohnungen,6413000,Offenbach am Main,vers.,0,0,0,0,0,0,0,0,0,0,0,0,0,0,0,0,0,0,0,0,0,0,0,0,0,0,0,2018
219000,Raub berf lle in Wohnungen,3403000,Oldenburg (Oldenburg),vers.,1,1,0,0,0,0,0,0,0,0,0,0,0,0,0,0,0,0,0,0,0,1,1,0,1,1,0,2018
219000,Raub berf lle in Wohnungen,3404000,Osnabr ck,vers.,2,1,1,0,0,0,0,0,0,0,0,0,0,0,0,0,0,0,2,1,1,0,0,0,2,1,1,2018
219000,Raub berf lle in Wohnungen,5774032,Paderborn,vers.,0,0,0,0,0,0,0,0,0,0,0,0,0,0,0,0,0,0,0,0,0,0,0,0,0,0,0,2018
219000,Raub berf lle in Wohnungen,8231000,Pforzheim,vers.,1,0,1,0,0,0,0,0,0,0,0,0,0,0,0,0,0,0,1,0,1,0,0,0,1,0,1,2018
219000,Raub berf lle in Wohnungen,12054000,Potsdam,vers.,2,1,1,0,0,0,0,0,0,0,0,0,0,0,0,0,0,0,1,1,0,1,0,1,2,1,1,2018
219000,Raub berf lle in Wohnungen,5562032,Recklinghausen,vers.,0,0,0,0,0,0,0,0,0,0,0,0,0,0,0,0,0,0,0,0,0,0,0,0,0,0,0,2018
219000,Raub berf lle in Wohnungen,9362000,Regensburg,vers.,1,1,0,0,0,0,0,0,0,0,0,0,0,0,0,0,0,0,1,1,0,0,0,0,1,1,0,2018
219000,Raub berf lle in Wohnungen,5120000,Remscheid,vers.,0,0,0,0,0,0,0,0,0,0,0,0,0,0,0,0,0,0,0,0,0,0,0,0,0,0,0,2018
219000,Raub berf lle in Wohnungen,8415061,Reutlingen,vers.,2,1,1,0,0,0,0,0,0,0,0,0,0,0,0,0,0,0,2,1,1,0,0,0,2,1,1,2018
219000,Raub berf lle in Wohnungen,13003000,Rostock,vers.,4,3,1,0,0,0,0,0,0,0,0,0,3,2,1,1,1,0,0,0,0,0,0,0,0,0,0,2018
219000,Raub berf lle in Wohnungen,10041100,Saarbr cken,vers.,0,0,0,0,0,0,0,0,0,0,0,0,0,0,0,0,0,0,0,0,0,0,0,0,0,0,0,2018
219000,Raub berf lle in Wohnungen,3102000,Salzgitter,vers.,2,1,1,0,0,0,0,0,0,0,0,0,0,0,0,1,0,1,1,1,0,0,0,0,1,1,0,2018
219000,Raub berf lle in Wohnungen,13004000,Schwerin,vers.,0,0,0,0,0,0,0,0,0,0,0,0,0,0,0,0,0,0,0,0,0,0,0,0,0,0,0,2018
219000,Raub berf lle in Wohnungen,5970040,Siegen,vers.,0,0,0,0,0,0,0,0,0,0,0,0,0,0,0,0,0,0,0,0,0,0,0,0,0,0,0,2018
219000,Raub berf lle in Wohnungen,5122000,Solingen,vers.,1,1,0,0,0,0,0,0,0,0,0,0,0,0,0,0,0,0,1,1,0,0,0,0,1,1,0,2018
219000,Raub berf lle in Wohnungen,8111000,Stuttgart,vers.,1,0,1,0,0,0,0,0,0,0,0,0,0,0,0,0,0,0,1,0,1,0,0,0,1,0,1,2018
219000,Raub berf lle in Wohnungen,7211000,Trier,vers.,4,4,0,0,0,0,0,0,0,0,0,0,0,0,0,0,0,0,3,3,0,1,1,0,4,4,0,2018
219000,Raub berf lle in Wohnungen,8421000,Ulm,vers.,0,0,0,0,0,0,0,0,0,0,0,0,0,0,0,0,0,0,0,0,0,0,0,0,0,0,0,2018
219000,Raub berf lle in Wohnungen,6414000,Wiesbaden,vers.,3,3,0,0,0,0,0,0,0,0,0,0,0,0,0,0,0,0,3,3,0,0,0,0,3,3,0,2018
219000,Raub berf lle in Wohnungen,3103000,Wolfsburg,vers.,0,0,0,0,0,0,0,0,0,0,0,0,0,0,0,0,0,0,0,0,0,0,0,0,0,0,0,2018
219000,Raub berf lle in Wohnungen,5124000,Wuppertal,vers.,1,1,0,0,0,0,0,0,0,0,0,0,1,1,0,0,0,0,0,0,0,0,0,0,0,0,0,2018
219000,Raub berf lle in Wohnungen,9663000,W rzburg,vers.,0,0,0,0,0,0,0,0,0,0,0,0,0,0,0,0,0,0,0,0,0,0,0,0,0,0,0,2018
219000,Raub berf lle in Wohnungen,5334002,Aachen,insg.,29,13,16,0,0,0,0,0,0,0,0,0,1,0,1,2,2,0,13,7,6,13,4,9,26,11,15,2018
219000,Raub berf lle in Wohnungen,9761000,Augsburg,insg.,5,4,1,0,0,0,0,0,0,0,0,0,1,1,0,0,0,0,4,3,1,0,0,0,4,3,1,2018
219000,Raub berf lle in Wohnungen,5378004,Bergisch Gladbach,insg.,11,6,5,0,0,0,0,0,0,0,0,0,0,0,0,1,1,0,6,4,2,4,1,3,10,5,5,2018
219000,Raub berf lle in Wohnungen,11000000,Berlin,insg.,246,141,105,0,0,0,6,4,2,6,4,2,17,12,5,13,6,7,142,83,59,68,36,32,210,119,91,2018
219000,Raub berf lle in Wohnungen,5711000,Bielefeld,insg.,18,9,9,0,0,0,0,0,0,0,0,0,1,1,0,1,1,0,12,6,6,4,1,3,16,7,9,2018
219000,Raub berf lle in Wohnungen,5911000,Bochum,insg.,14,8,6,0,0,0,0,0,0,0,0,0,0,0,0,1,1,0,10,6,4,3,1,2,13,7,6,2018
219000,Raub berf lle in Wohnungen,5314000,Bonn,insg.,13,4,9,0,0,0,0,0,0,0,0,0,0,0,0,4,1,3,8,3,5,1,0,1,9,3,6,2018
219000,Raub berf lle in Wohnungen,5512000,Bottrop,insg.,3,3,0,0,0,0,0,0,0,0,0,0,0,0,0,0,0,0,2,2,0,1,1,0,3,3,0,2018
219000,Raub berf lle in Wohnungen,3101000,Braunschweig,insg.,13,10,3,1,1,0,0,0,0,1,1,0,1,1,0,0,0,0,11,8,3,0,0,0,11,8,3,2018
219000,Raub berf lle in Wohnungen,4011000,Bremen,insg.,34,16,18,2,1,1,1,0,1,3,1,2,0,0,0,1,1,0,17,6,11,13,8,5,30,14,16,2018
219000,Raub berf lle in Wohnungen,4012000,Bremerhaven,insg.,15,10,5,0,0,0,0,0,0,0,0,0,0,0,0,1,1,0,12,9,3,2,0,2,14,9,5,2018
219000,Raub berf lle in Wohnungen,14511000,Chemnitz,insg.,9,8,1,0,0,0,0,0,0,0,0,0,0,0,0,2,2,0,6,6,0,1,0,1,7,6,1,2018
219000,Raub berf lle in Wohnungen,12052000,Cottbus,insg.,6,4,2,0,0,0,0,0,0,0,0,0,0,0,0,1,1,0,5,3,2,0,0,0,5,3,2,2018
219000,Raub berf lle in Wohnungen,6411000,Darmstadt,insg.,9,6,3,0,0,0,0,0,0,0,0,0,0,0,0,0,0,0,4,2,2,5,4,1,9,6,3,2018
219000,Raub berf lle in Wohnungen,5913000,Dortmund,insg.,36,22,14,0,0,0,1,1,0,1,1,0,3,2,1,4,4,0,19,10,9,9,5,4,28,15,13,2018
219000,Raub berf lle in Wohnungen,14612000,Dresden,insg.,17,12,5,0,0,0,0,0,0,0,0,0,1,1,0,2,1,1,12,9,3,2,1,1,14,10,4,2018
219000,Raub berf lle in Wohnungen,5112000,Duisburg,insg.,47,31,16,0,0,0,2,2,0,2,2,0,2,1,1,4,2,2,27,19,8,12,7,5,39,26,13,2018
219000,Raub berf lle in Wohnungen,5111000,D sseldorf,insg.,27,17,10,0,0,0,0,0,0,0,0,0,1,0,1,0,0,0,18,12,6,8,5,3,26,17,9,2018
219000,Raub berf lle in Wohnungen,16051000,Erfurt,insg.,5,3,2,0,0,0,0,0,0,0,0,0,2,2,0,0,0,0,3,1,2,0,0,0,3,1,2,2018
219000,Raub berf lle in Wohnungen,9562000,Erlangen,insg.,1,1,0,0,0,0,0,0,0,0,0,0,0,0,0,0,0,0,1,1,0,0,0,0,1,1,0,2018
219000,Raub berf lle in Wohnungen,5113000,Essen,insg.,41,22,19,0,0,0,2,0,2,2,0,2,1,0,1,1,1,0,24,16,8,13,5,8,37,21,16,2018
219000,Raub berf lle in Wohnungen,6412000,Frankfurt am Main,insg.,26,8,18,0,0,0,0,0,0,0,0,0,0,0,0,0,0,0,20,6,14,6,2,4,26,8,18,2018
219000,Raub berf lle in Wohnungen,8311000,Freiburg im Breisgau,insg.,9,6,3,0,0,0,0,0,0,0,0,0,1,1,0,1,1,0,5,4,1,2,0,2,7,4,3,2018
219000,Raub berf lle in Wohnungen,9563000,F rth,insg.,4,2,2,0,0,0,0,0,0,0,0,0,0,0,0,0,0,0,4,2,2,0,0,0,4,2,2,2018
219000,Raub berf lle in Wohnungen,5513000,Gelsenkirchen,insg.,22,14,8,0,0,0,2,2,0,2,2,0,1,0,1,3,3,0,9,5,4,7,4,3,16,9,7,2018
219000,Raub berf lle in Wohnungen,3159016,G ttingen,insg.,20,17,3,0,0,0,0,0,0,0,0,0,1,1,0,2,1,1,17,15,2,0,0,0,17,15,2,2018
219000,Raub berf lle in Wohnungen,5914000,Hagen,insg.,21,14,7,0,0,0,0,0,0,0,0,0,1,1,0,0,0,0,14,10,4,6,3,3,20,13,7,2018
219000,Raub berf lle in Wohnungen,15002000,Halle (Saale),insg.,17,12,5,0,0,0,2,1,1,2,1,1,1,0,1,4,3,1,9,7,2,1,1,0,10,8,2,2018
219000,Raub berf lle in Wohnungen,2000000,Hamburg,insg.,61,38,23,0,0,0,1,0,1,1,0,1,3,3,0,4,1,3,43,28,15,10,6,4,53,34,19,2018
219000,Raub berf lle in Wohnungen,5915000,Hamm,insg.,8,4,4,0,0,0,0,0,0,0,0,0,0,0,0,1,0,1,5,3,2,2,1,1,7,4,3,2018
219000,Raub berf lle in Wohnungen,3241001,Hannover,insg.,34,22,12,0,0,0,2,2,0,2,2,0,1,1,0,3,3,0,20,11,9,8,5,3,28,16,12,2018
219000,Raub berf lle in Wohnungen,8221000,Heidelberg,insg.,2,2,0,0,0,0,0,0,0,0,0,0,0,0,0,1,1,0,1,1,0,0,0,0,1,1,0,2018
219000,Raub berf lle in Wohnungen,8121000,Heilbronn,insg.,3,3,0,0,0,0,0,0,0,0,0,0,0,0,0,0,0,0,2,2,0,1,1,0,3,3,0,2018
219000,Raub berf lle in Wohnungen,5916000,Herne,insg.,5,3,2,0,0,0,0,0,0,0,0,0,0,0,0,0,0,0,2,1,1,3,2,1,5,3,2,2018
219000,Raub berf lle in Wohnungen,3254021,Hildesheim,insg.,7,6,1,0,0,0,0,0,0,0,0,0,0,0,0,0,0,0,5,5,0,2,1,1,7,6,1,2018
219000,Raub berf lle in Wohnungen,9161000,Ingolstadt,insg.,2,0,2,0,0,0,0,0,0,0,0,0,0,0,0,0,0,0,2,0,2,0,0,0,2,0,2,2018
219000,Raub berf lle in Wohnungen,16053000,Jena,insg.,2,1,1,0,0,0,0,0,0,0,0,0,0,0,0,0,0,0,2,1,1,0,0,0,2,1,1,2018
219000,Raub berf lle in Wohnungen,8212000,Karlsruhe,insg.,3,1,2,0,0,0,0,0,0,0,0,0,0,0,0,0,0,0,3,1,2,0,0,0,3,1,2,2018
219000,Raub berf lle in Wohnungen,6611000,Kassel,insg.,14,12,2,0,0,0,1,1,0,1,1,0,0,0,0,4,4,0,7,6,1,2,1,1,9,7,2,2018
219000,Raub berf lle in Wohnungen,1002000,Kiel,insg.,27,20,7,0,0,0,0,0,0,0,0,0,1,0,1,2,2,0,20,16,4,4,2,2,24,18,6,2018
219000,Raub berf lle in Wohnungen,7111000,Koblenz,insg.,3,0,3,0,0,0,0,0,0,0,0,0,0,0,0,0,0,0,1,0,1,2,0,2,3,0,3,2018
219000,Raub berf lle in Wohnungen,5315000,K ln,insg.,81,45,36,0,0,0,1,0,1,1,0,1,3,1,2,5,3,2,49,28,21,23,13,10,72,41,31,2018
219000,Raub berf lle in Wohnungen,5114000,Krefeld,insg.,12,5,7,0,0,0,1,0,1,1,0,1,0,0,0,0,0,0,5,3,2,6,2,4,11,5,6,2018
219000,Raub berf lle in Wohnungen,14713000,Leipzig,insg.,30,26,4,0,0,0,0,0,0,0,0,0,3,3,0,2,2,0,21,19,2,4,2,2,25,21,4,2018
219000,Raub berf lle in Wohnungen,5316000,Leverkusen,insg.,3,1,2,0,0,0,0,0,0,0,0,0,0,0,0,1,1,0,2,0,2,0,0,0,2,0,2,2018
219000,Raub berf lle in Wohnungen,1003000,L beck,insg.,17,13,4,0,0,0,0,0,0,0,0,0,1,1,0,2,2,0,14,10,4,0,0,0,14,10,4,2018
219000,Raub berf lle in Wohnungen,7314000,Ludwigshafen am Rhein,insg.,7,4,3,0,0,0,0,0,0,0,0,0,1,1,0,0,0,0,6,3,3,0,0,0,6,3,3,2018
219000,Raub berf lle in Wohnungen,15003000,Magdeburg,insg.,13,8,5,0,0,0,0,0,0,0,0,0,0,0,0,2,1,1,10,7,3,1,0,1,11,7,4,2018
219000,Raub berf lle in Wohnungen,7315000,Mainz,insg.,4,3,1,0,0,0,0,0,0,0,0,0,0,0,0,0,0,0,2,1,1,2,2,0,4,3,1,2018
219000,Raub berf lle in Wohnungen,8222000,Mannheim,insg.,3,1,2,0,0,0,0,0,0,0,0,0,0,0,0,0,0,0,2,1,1,1,0,1,3,1,2,2018
219000,Raub berf lle in Wohnungen,5170024,Moers,insg.,5,0,5,0,0,0,0,0,0,0,0,0,0,0,0,0,0,0,3,0,3,2,0,2,5,0,5,2018
219000,Raub berf lle in Wohnungen,5116000,M nchengladbach,insg.,21,15,6,0,0,0,0,0,0,0,0,0,2,1,1,2,2,0,12,8,4,5,4,1,17,12,5,2018
219000,Raub berf lle in Wohnungen,5117000,M lheim an der Ruhr,insg.,7,2,5,0,0,0,0,0,0,0,0,0,0,0,0,0,0,0,1,0,1,6,2,4,7,2,5,2018
219000,Raub berf lle in Wohnungen,9162000,M nchen,insg.,31,22,9,0,0,0,1,0,1,1,0,1,1,1,0,1,1,0,16,12,4,12,8,4,28,20,8,2018
219000,Raub berf lle in Wohnungen,5515000,M nster,insg.,5,4,1,0,0,0,0,0,0,0,0,0,0,0,0,0,0,0,4,3,1,1,1,0,5,4,1,2018
219000,Raub berf lle in Wohnungen,5162024,Neuss,insg.,8,5,3,0,0,0,0,0,0,0,0,0,0,0,0,1,1,0,5,4,1,2,0,2,7,4,3,2018
219000,Raub berf lle in Wohnungen,9564000,N rnberg,insg.,25,15,10,0,0,0,1,1,0,1,1,0,3,2,1,1,0,1,11,6,5,9,6,3,20,12,8,2018
219000,Raub berf lle in Wohnungen,5119000,Oberhausen,insg.,14,7,7,0,0,0,0,0,0,0,0,0,0,0,0,1,1,0,10,6,4,3,0,3,13,6,7,2018
219000,Raub berf lle in Wohnungen,6413000,Offenbach am Main,insg.,5,2,3,0,0,0,0,0,0,0,0,0,0,0,0,0,0,0,4,1,3,1,1,0,5,2,3,2018
219000,Raub berf lle in Wohnungen,3403000,Oldenburg (Oldenburg),insg.,9,7,2,0,0,0,0,0,0,0,0,0,0,0,0,1,1,0,5,4,1,3,2,1,8,6,2,2018
219000,Raub berf lle in Wohnungen,3404000,Osnabr ck,insg.,7,5,2,0,0,0,0,0,0,0,0,0,0,0,0,0,0,0,5,4,1,2,1,1,7,5,2,2018
219000,Raub berf lle in Wohnungen,5774032,Paderborn,insg.,1,1,0,0,0,0,0,0,0,0,0,0,0,0,0,0,0,0,1,1,0,0,0,0,1,1,0,2018
219000,Raub berf lle in Wohnungen,8231000,Pforzheim,insg.,3,1,2,0,0,0,0,0,0,0,0,0,0,0,0,1,1,0,2,0,2,0,0,0,2,0,2,2018
219000,Raub berf lle in Wohnungen,12054000,Potsdam,insg.,13,8,5,0,0,0,0,0,0,0,0,0,0,0,0,5,5,0,5,3,2,3,0,3,8,3,5,2018
219000,Raub berf lle in Wohnungen,5562032,Recklinghausen,insg.,4,4,0,0,0,0,0,0,0,0,0,0,0,0,0,0,0,0,3,3,0,1,1,0,4,4,0,2018
219000,Raub berf lle in Wohnungen,9362000,Regensburg,insg.,6,6,0,0,0,0,0,0,0,0,0,0,0,0,0,0,0,0,6,6,0,0,0,0,6,6,0,2018
219000,Raub berf lle in Wohnungen,5120000,Remscheid,insg.,7,4,3,0,0,0,2,2,0,2,2,0,1,1,0,0,0,0,4,1,3,0,0,0,4,1,3,2018
219000,Raub berf lle in Wohnungen,8415061,Reutlingen,insg.,3,1,2,0,0,0,0,0,0,0,0,0,0,0,0,0,0,0,3,1,2,0,0,0,3,1,2,2018
219000,Raub berf lle in Wohnungen,13003000,Rostock,insg.,12,9,3,0,0,0,1,1,0,1,1,0,6,5,1,2,2,0,3,1,2,0,0,0,3,1,2,2018
219000,Raub berf lle in Wohnungen,10041100,Saarbr cken,insg.,11,5,6,0,0,0,1,1,0,1,1,0,0,0,0,3,3,0,4,1,3,3,0,3,7,1,6,2018
219000,Raub berf lle in Wohnungen,3102000,Salzgitter,insg.,4,2,2,0,0,0,0,0,0,0,0,0,0,0,0,1,0,1,3,2,1,0,0,0,3,2,1,2018
219000,Raub berf lle in Wohnungen,13004000,Schwerin,insg.,6,2,4,0,0,0,0,0,0,0,0,0,2,1,1,2,0,2,2,1,1,0,0,0,2,1,1,2018
219000,Raub berf lle in Wohnungen,5970040,Siegen,insg.,5,3,2,0,0,0,0,0,0,0,0,0,0,0,0,0,0,0,5,3,2,0,0,0,5,3,2,2018
219000,Raub berf lle in Wohnungen,5122000,Solingen,insg.,5,5,0,0,0,0,0,0,0,0,0,0,0,0,0,0,0,0,4,4,0,1,1,0,5,5,0,2018
219000,Raub berf lle in Wohnungen,8111000,Stuttgart,insg.,22,18,4,0,0,0,0,0,0,0,0,0,0,0,0,0,0,0,17,13,4,5,5,0,22,18,4,2018
219000,Raub berf lle in Wohnungen,7211000,Trier,insg.,8,7,1,0,0,0,0,0,0,0,0,0,0,0,0,1,1,0,6,5,1,1,1,0,7,6,1,2018
219000,Raub berf lle in Wohnungen,8421000,Ulm,insg.,1,1,0,0,0,0,0,0,0,0,0,0,0,0,0,0,0,0,1,1,0,0,0,0,1,1,0,2018
219000,Raub berf lle in Wohnungen,6414000,Wiesbaden,insg.,13,6,7,0,0,0,0,0,0,0,0,0,1,1,0,1,0,1,8,4,4,3,1,2,11,5,6,2018
219000,Raub berf lle in Wohnungen,3103000,Wolfsburg,insg.,3,3,0,0,0,0,0,0,0,0,0,0,0,0,0,0,0,0,2,2,0,1,1,0,3,3,0,2018
219000,Raub berf lle in Wohnungen,5124000,Wuppertal,insg.,16,11,5,1,0,1,0,0,0,1,0,1,2,2,0,1,1,0,11,8,3,1,0,1,12,8,4,2018
219000,Raub berf lle in Wohnungen,9663000,W rzburg,insg.,2,2,0,0,0,0,0,0,0,0,0,0,0,0,0,0,0,0,2,2,0,0,0,0,2,2,0,2018
222000,"Gef hrliche und schwere K rperverletzung, Verst mmelung weiblicher Genitalien    224, 226, 226a, 231 StGB",5334002,Aachen,voll.,697,494,203,0,0,0,29,17,12,29,17,12,77,52,25,108,84,24,462,324,138,21,17,4,483,341,142,2018
222000,"Gef hrliche und schwere K rperverletzung, Verst mmelung weiblicher Genitalien    224, 226, 226a, 231 StGB",9761000,Augsburg,voll.,682,513,169,2,1,1,22,14,8,24,15,9,49,29,20,94,76,18,494,380,114,21,13,8,515,393,122,2018
222000,"Gef hrliche und schwere K rperverletzung, Verst mmelung weiblicher Genitalien    224, 226, 226a, 231 StGB",5378004,Bergisch Gladbach,voll.,166,119,47,0,0,0,6,2,4,6,2,4,31,24,7,29,23,6,93,66,27,7,4,3,100,70,30,2018
222000,"Gef hrliche und schwere K rperverletzung, Verst mmelung weiblicher Genitalien    224, 226, 226a, 231 StGB",11000000,Berlin,voll.,10790,8161,2629,59,43,16,498,358,140,557,401,156,1011,730,281,1029,808,221,7793,5961,1832,400,261,139,8193,6222,1971,2018
222000,"Gef hrliche und schwere K rperverletzung, Verst mmelung weiblicher Genitalien    224, 226, 226a, 231 StGB",5711000,Bielefeld,voll.,585,421,164,1,1,0,21,14,7,22,15,7,48,35,13,67,43,24,425,313,112,23,15,8,448,328,120,2018
222000,"Gef hrliche und schwere K rperverletzung, Verst mmelung weiblicher Genitalien    224, 226, 226a, 231 StGB",5911000,Bochum,voll.,1063,754,309,2,1,1,84,50,34,86,51,35,122,93,29,119,86,33,693,497,196,43,27,16,736,524,212,2018
222000,"Gef hrliche und schwere K rperverletzung, Verst mmelung weiblicher Genitalien    224, 226, 226a, 231 StGB",5314000,Bonn,voll.,792,561,231,4,3,1,25,15,10,29,18,11,72,46,26,83,62,21,583,416,167,25,19,6,608,435,173,2018
222000,"Gef hrliche und schwere K rperverletzung, Verst mmelung weiblicher Genitalien    224, 226, 226a, 231 StGB",5512000,Bottrop,voll.,215,155,60,0,0,0,8,3,5,8,3,5,23,14,9,33,25,8,142,106,36,9,7,2,151,113,38,2018
222000,"Gef hrliche und schwere K rperverletzung, Verst mmelung weiblicher Genitalien    224, 226, 226a, 231 StGB",3101000,Braunschweig,voll.,629,468,161,4,2,2,26,20,6,30,22,8,59,43,16,89,71,18,433,318,115,18,14,4,451,332,119,2018
222000,"Gef hrliche und schwere K rperverletzung, Verst mmelung weiblicher Genitalien    224, 226, 226a, 231 StGB",4011000,Bremen,voll.,1655,1288,367,3,2,1,44,29,15,47,31,16,141,111,30,295,244,51,1111,855,256,61,47,14,1172,902,270,2018
222000,"Gef hrliche und schwere K rperverletzung, Verst mmelung weiblicher Genitalien    224, 226, 226a, 231 StGB",4012000,Bremerhaven,voll.,403,307,96,3,2,1,12,9,3,15,11,4,34,26,8,53,39,14,286,222,64,15,9,6,301,231,70,2018
222000,"Gef hrliche und schwere K rperverletzung, Verst mmelung weiblicher Genitalien    224, 226, 226a, 231 StGB",14511000,Chemnitz,voll.,514,391,123,1,0,1,15,8,7,16,8,8,62,44,18,70,56,14,337,265,72,29,18,11,366,283,83,2018
222000,"Gef hrliche und schwere K rperverletzung, Verst mmelung weiblicher Genitalien    224, 226, 226a, 231 StGB",12052000,Cottbus,voll.,274,204,70,3,2,1,11,9,2,14,11,3,33,23,10,40,30,10,176,131,45,11,9,2,187,140,47,2018
222000,"Gef hrliche und schwere K rperverletzung, Verst mmelung weiblicher Genitalien    224, 226, 226a, 231 StGB",6411000,Darmstadt,voll.,372,283,89,4,2,2,25,17,8,29,19,10,28,20,8,49,40,9,257,197,60,9,7,2,266,204,62,2018
222000,"Gef hrliche und schwere K rperverletzung, Verst mmelung weiblicher Genitalien    224, 226, 226a, 231 StGB",5913000,Dortmund,voll.,2161,1547,614,3,2,1,117,78,39,120,80,40,226,136,90,282,189,93,1449,1082,367,84,60,24,1533,1142,391,2018
222000,"Gef hrliche und schwere K rperverletzung, Verst mmelung weiblicher Genitalien    224, 226, 226a, 231 StGB",14612000,Dresden,voll.,1208,997,211,5,4,1,46,36,10,51,40,11,101,71,30,163,135,28,871,738,133,22,13,9,893,751,142,2018
222000,"Gef hrliche und schwere K rperverletzung, Verst mmelung weiblicher Genitalien    224, 226, 226a, 231 StGB",5112000,Duisburg,voll.,1326,931,395,10,3,7,83,63,20,93,66,27,115,83,32,124,82,42,947,670,277,47,30,17,994,700,294,2018
222000,"Gef hrliche und schwere K rperverletzung, Verst mmelung weiblicher Genitalien    224, 226, 226a, 231 StGB",5111000,D sseldorf,voll.,1818,1412,406,5,5,0,44,30,14,49,35,14,132,94,38,236,184,52,1338,1055,283,63,44,19,1401,1099,302,2018
222000,"Gef hrliche und schwere K rperverletzung, Verst mmelung weiblicher Genitalien    224, 226, 226a, 231 StGB",16051000,Erfurt,voll.,485,368,117,2,2,0,16,8,8,18,10,8,33,29,4,60,42,18,354,277,77,20,10,10,374,287,87,2018
222000,"Gef hrliche und schwere K rperverletzung, Verst mmelung weiblicher Genitalien    224, 226, 226a, 231 StGB",9562000,Erlangen,voll.,151,114,37,0,0,0,5,2,3,5,2,3,13,9,4,27,24,3,103,77,26,3,2,1,106,79,27,2018
222000,"Gef hrliche und schwere K rperverletzung, Verst mmelung weiblicher Genitalien    224, 226, 226a, 231 StGB",5113000,Essen,voll.,1150,776,374,2,2,0,50,34,16,52,36,16,89,60,29,137,93,44,821,556,265,51,31,20,872,587,285,2018
222000,"Gef hrliche und schwere K rperverletzung, Verst mmelung weiblicher Genitalien    224, 226, 226a, 231 StGB",6412000,Frankfurt am Main,voll.,2450,1838,612,26,21,5,47,33,14,73,54,19,114,72,42,247,188,59,1914,1457,457,102,67,35,2016,1524,492,2018
222000,"Gef hrliche und schwere K rperverletzung, Verst mmelung weiblicher Genitalien    224, 226, 226a, 231 StGB",8311000,Freiburg im Breisgau,voll.,626,516,110,8,7,1,18,10,8,26,17,9,43,33,10,83,75,8,460,381,79,14,10,4,474,391,83,2018
222000,"Gef hrliche und schwere K rperverletzung, Verst mmelung weiblicher Genitalien    224, 226, 226a, 231 StGB",9563000,F rth,voll.,161,111,50,0,0,0,7,4,3,7,4,3,19,9,10,17,12,5,110,80,30,8,6,2,118,86,32,2018
222000,"Gef hrliche und schwere K rperverletzung, Verst mmelung weiblicher Genitalien    224, 226, 226a, 231 StGB",5513000,Gelsenkirchen,voll.,678,496,182,3,3,0,49,35,14,52,38,14,88,62,26,53,46,7,458,330,128,27,20,7,485,350,135,2018
222000,"Gef hrliche und schwere K rperverletzung, Verst mmelung weiblicher Genitalien    224, 226, 226a, 231 StGB",3159016,G ttingen,voll.,342,281,61,0,0,0,11,8,3,11,8,3,25,16,9,47,41,6,253,212,41,6,4,2,259,216,43,2018
222000,"Gef hrliche und schwere K rperverletzung, Verst mmelung weiblicher Genitalien    224, 226, 226a, 231 StGB",5914000,Hagen,voll.,380,273,107,1,0,1,18,11,7,19,11,8,51,27,24,44,36,8,249,187,62,17,12,5,266,199,67,2018
222000,"Gef hrliche und schwere K rperverletzung, Verst mmelung weiblicher Genitalien    224, 226, 226a, 231 StGB",15002000,Halle (Saale),voll.,852,661,191,5,4,1,41,28,13,46,32,14,96,72,24,131,105,26,558,439,119,21,13,8,579,452,127,2018
222000,"Gef hrliche und schwere K rperverletzung, Verst mmelung weiblicher Genitalien    224, 226, 226a, 231 StGB",2000000,Hamburg,voll.,5571,4261,1310,23,17,6,279,204,75,302,221,81,503,350,153,630,487,143,3932,3052,880,204,151,53,4136,3203,933,2018
222000,"Gef hrliche und schwere K rperverletzung, Verst mmelung weiblicher Genitalien    224, 226, 226a, 231 StGB",5915000,Hamm,voll.,410,288,122,1,1,0,19,13,6,20,14,6,54,40,14,56,38,18,265,187,78,15,9,6,280,196,84,2018
222000,"Gef hrliche und schwere K rperverletzung, Verst mmelung weiblicher Genitalien    224, 226, 226a, 231 StGB",3241001,Hannover,voll.,1883,1489,394,5,3,2,60,35,25,65,38,27,169,130,39,252,210,42,1353,1084,269,44,27,17,1397,1111,286,2018
222000,"Gef hrliche und schwere K rperverletzung, Verst mmelung weiblicher Genitalien    224, 226, 226a, 231 StGB",8221000,Heidelberg,voll.,488,377,111,3,2,1,11,9,2,14,11,3,37,19,18,83,67,16,333,265,68,21,15,6,354,280,74,2018
222000,"Gef hrliche und schwere K rperverletzung, Verst mmelung weiblicher Genitalien    224, 226, 226a, 231 StGB",8121000,Heilbronn,voll.,299,211,88,0,0,0,5,3,2,5,3,2,13,8,5,40,33,7,232,161,71,9,6,3,241,167,74,2018
222000,"Gef hrliche und schwere K rperverletzung, Verst mmelung weiblicher Genitalien    224, 226, 226a, 231 StGB",5916000,Herne,voll.,348,245,103,2,0,2,15,11,4,17,11,6,46,34,12,39,28,11,236,166,70,10,6,4,246,172,74,2018
222000,"Gef hrliche und schwere K rperverletzung, Verst mmelung weiblicher Genitalien    224, 226, 226a, 231 StGB",3254021,Hildesheim,voll.,292,206,86,2,1,1,12,9,3,14,10,4,19,15,4,34,24,10,210,149,61,15,8,7,225,157,68,2018
222000,"Gef hrliche und schwere K rperverletzung, Verst mmelung weiblicher Genitalien    224, 226, 226a, 231 StGB",9161000,Ingolstadt,voll.,339,275,64,1,1,0,6,4,2,7,5,2,24,19,5,46,40,6,256,208,48,6,3,3,262,211,51,2018
222000,"Gef hrliche und schwere K rperverletzung, Verst mmelung weiblicher Genitalien    224, 226, 226a, 231 StGB",16053000,Jena,voll.,180,148,32,0,0,0,8,7,1,8,7,1,18,13,5,23,18,5,125,105,20,6,5,1,131,110,21,2018
222000,"Gef hrliche und schwere K rperverletzung, Verst mmelung weiblicher Genitalien    224, 226, 226a, 231 StGB",8212000,Karlsruhe,voll.,639,482,157,5,4,1,16,10,6,21,14,7,44,34,10,83,63,20,472,356,116,19,15,4,491,371,120,2018
222000,"Gef hrliche und schwere K rperverletzung, Verst mmelung weiblicher Genitalien    224, 226, 226a, 231 StGB",6611000,Kassel,voll.,597,425,172,5,4,1,23,18,5,28,22,6,38,25,13,78,61,17,432,304,128,21,13,8,453,317,136,2018
222000,"Gef hrliche und schwere K rperverletzung, Verst mmelung weiblicher Genitalien    224, 226, 226a, 231 StGB",1002000,Kiel,voll.,730,569,161,0,0,0,23,14,9,23,14,9,67,46,21,99,76,23,523,421,102,18,12,6,541,433,108,2018
222000,"Gef hrliche und schwere K rperverletzung, Verst mmelung weiblicher Genitalien    224, 226, 226a, 231 StGB",7111000,Koblenz,voll.,380,305,75,3,2,1,10,6,4,13,8,5,33,27,6,57,47,10,267,214,53,10,9,1,277,223,54,2018
222000,"Gef hrliche und schwere K rperverletzung, Verst mmelung weiblicher Genitalien    224, 226, 226a, 231 StGB",5315000,K ln,voll.,4199,3010,1189,16,7,9,179,107,72,195,114,81,392,260,132,484,362,122,2985,2172,813,143,102,41,3128,2274,854,2018
222000,"Gef hrliche und schwere K rperverletzung, Verst mmelung weiblicher Genitalien    224, 226, 226a, 231 StGB",5114000,Krefeld,voll.,460,319,141,1,1,0,26,19,7,27,20,7,63,44,19,57,40,17,294,202,92,19,13,6,313,215,98,2018
222000,"Gef hrliche und schwere K rperverletzung, Verst mmelung weiblicher Genitalien    224, 226, 226a, 231 StGB",14713000,Leipzig,voll.,1398,1043,355,13,10,3,51,32,19,64,42,22,135,89,46,177,141,36,984,748,236,38,23,15,1022,771,251,2018
222000,"Gef hrliche und schwere K rperverletzung, Verst mmelung weiblicher Genitalien    224, 226, 226a, 231 StGB",5316000,Leverkusen,voll.,489,319,170,4,1,3,21,9,12,25,10,15,66,47,19,48,36,12,326,210,116,24,16,8,350,226,124,2018
222000,"Gef hrliche und schwere K rperverletzung, Verst mmelung weiblicher Genitalien    224, 226, 226a, 231 StGB",1003000,L beck,voll.,718,570,148,3,3,0,25,19,6,28,22,6,59,49,10,99,83,16,508,397,111,24,19,5,532,416,116,2018
222000,"Gef hrliche und schwere K rperverletzung, Verst mmelung weiblicher Genitalien    224, 226, 226a, 231 StGB",7314000,Ludwigshafen am Rhein,voll.,613,436,177,3,1,2,46,33,13,49,34,15,79,51,28,77,65,12,392,278,114,16,8,8,408,286,122,2018
222000,"Gef hrliche und schwere K rperverletzung, Verst mmelung weiblicher Genitalien    224, 226, 226a, 231 StGB",15003000,Magdeburg,voll.,650,491,159,3,3,0,28,19,9,31,22,9,77,57,20,77,63,14,446,337,109,19,12,7,465,349,116,2018
222000,"Gef hrliche und schwere K rperverletzung, Verst mmelung weiblicher Genitalien    224, 226, 226a, 231 StGB",7315000,Mainz,voll.,632,501,131,3,2,1,11,9,2,14,11,3,58,40,18,113,92,21,430,346,84,17,12,5,447,358,89,2018
222000,"Gef hrliche und schwere K rperverletzung, Verst mmelung weiblicher Genitalien    224, 226, 226a, 231 StGB",8222000,Mannheim,voll.,951,692,259,6,5,1,16,12,4,22,17,5,82,57,25,119,84,35,690,512,178,38,22,16,728,534,194,2018
222000,"Gef hrliche und schwere K rperverletzung, Verst mmelung weiblicher Genitalien    224, 226, 226a, 231 StGB",5170024,Moers,voll.,214,151,63,1,1,0,9,7,2,10,8,2,28,15,13,29,22,7,132,95,37,15,11,4,147,106,41,2018
222000,"Gef hrliche und schwere K rperverletzung, Verst mmelung weiblicher Genitalien    224, 226, 226a, 231 StGB",5116000,M nchengladbach,voll.,572,387,185,3,1,2,22,18,4,25,19,6,59,40,19,61,40,21,402,272,130,25,16,9,427,288,139,2018
222000,"Gef hrliche und schwere K rperverletzung, Verst mmelung weiblicher Genitalien    224, 226, 226a, 231 StGB",5117000,M lheim an der Ruhr,voll.,284,166,118,2,0,2,19,13,6,21,13,8,23,17,6,31,18,13,193,110,83,16,8,8,209,118,91,2018
222000,"Gef hrliche und schwere K rperverletzung, Verst mmelung weiblicher Genitalien    224, 226, 226a, 231 StGB",9162000,M nchen,voll.,2899,2247,652,11,4,7,99,62,37,110,66,44,188,149,39,382,309,73,2122,1664,458,97,59,38,2219,1723,496,2018
222000,"Gef hrliche und schwere K rperverletzung, Verst mmelung weiblicher Genitalien    224, 226, 226a, 231 StGB",5515000,M nster,voll.,579,429,150,0,0,0,18,11,7,18,11,7,79,58,21,87,65,22,383,286,97,12,9,3,395,295,100,2018
222000,"Gef hrliche und schwere K rperverletzung, Verst mmelung weiblicher Genitalien    224, 226, 226a, 231 StGB",5162024,Neuss,voll.,342,245,97,2,2,0,18,8,10,20,10,10,48,32,16,33,22,11,232,174,58,9,7,2,241,181,60,2018
222000,"Gef hrliche und schwere K rperverletzung, Verst mmelung weiblicher Genitalien    224, 226, 226a, 231 StGB",9564000,N rnberg,voll.,1367,1037,330,10,3,7,74,34,40,84,37,47,103,71,32,166,137,29,968,756,212,46,36,10,1014,792,222,2018
222000,"Gef hrliche und schwere K rperverletzung, Verst mmelung weiblicher Genitalien    224, 226, 226a, 231 StGB",5119000,Oberhausen,voll.,402,292,110,2,1,1,15,14,1,17,15,2,60,45,15,51,39,12,265,185,80,9,8,1,274,193,81,2018
222000,"Gef hrliche und schwere K rperverletzung, Verst mmelung weiblicher Genitalien    224, 226, 226a, 231 StGB",6413000,Offenbach am Main,voll.,333,229,104,1,1,0,8,3,5,9,4,5,36,24,12,24,15,9,254,178,76,10,8,2,264,186,78,2018
222000,"Gef hrliche und schwere K rperverletzung, Verst mmelung weiblicher Genitalien    224, 226, 226a, 231 StGB",3403000,Oldenburg (Oldenburg),voll.,371,282,89,0,0,0,7,5,2,7,5,2,34,25,9,59,47,12,258,196,62,13,9,4,271,205,66,2018
222000,"Gef hrliche und schwere K rperverletzung, Verst mmelung weiblicher Genitalien    224, 226, 226a, 231 StGB",3404000,Osnabr ck,voll.,714,557,157,4,2,2,16,11,5,20,13,7,55,40,15,103,78,25,514,409,105,22,17,5,536,426,110,2018
222000,"Gef hrliche und schwere K rperverletzung, Verst mmelung weiblicher Genitalien    224, 226, 226a, 231 StGB",5774032,Paderborn,voll.,310,236,74,2,0,2,6,6,0,8,6,2,21,10,11,47,38,9,226,179,47,8,3,5,234,182,52,2018
222000,"Gef hrliche und schwere K rperverletzung, Verst mmelung weiblicher Genitalien    224, 226, 226a, 231 StGB",8231000,Pforzheim,voll.,362,283,79,7,2,5,14,10,4,21,12,9,27,18,9,49,43,6,251,202,49,14,8,6,265,210,55,2018
222000,"Gef hrliche und schwere K rperverletzung, Verst mmelung weiblicher Genitalien    224, 226, 226a, 231 StGB",12054000,Potsdam,voll.,262,202,60,2,2,0,18,12,6,20,14,6,29,16,13,40,33,7,169,137,32,4,2,2,173,139,34,2018
222000,"Gef hrliche und schwere K rperverletzung, Verst mmelung weiblicher Genitalien    224, 226, 226a, 231 StGB",5562032,Recklinghausen,voll.,351,261,90,0,0,0,10,9,1,10,9,1,37,24,13,49,43,6,235,170,65,20,15,5,255,185,70,2018
222000,"Gef hrliche und schwere K rperverletzung, Verst mmelung weiblicher Genitalien    224, 226, 226a, 231 StGB",9362000,Regensburg,voll.,351,288,63,1,0,1,11,8,3,12,8,4,22,20,2,50,44,6,259,213,46,8,3,5,267,216,51,2018
222000,"Gef hrliche und schwere K rperverletzung, Verst mmelung weiblicher Genitalien    224, 226, 226a, 231 StGB",5120000,Remscheid,voll.,211,145,66,2,2,0,19,12,7,21,14,7,25,20,5,27,17,10,132,90,42,6,4,2,138,94,44,2018
222000,"Gef hrliche und schwere K rperverletzung, Verst mmelung weiblicher Genitalien    224, 226, 226a, 231 StGB",8415061,Reutlingen,voll.,272,209,63,2,2,0,10,7,3,12,9,3,22,17,5,54,48,6,180,132,48,4,3,1,184,135,49,2018
222000,"Gef hrliche und schwere K rperverletzung, Verst mmelung weiblicher Genitalien    224, 226, 226a, 231 StGB",13003000,Rostock,voll.,474,371,103,4,4,0,33,21,12,37,25,12,64,47,17,56,47,9,304,244,60,13,8,5,317,252,65,2018
222000,"Gef hrliche und schwere K rperverletzung, Verst mmelung weiblicher Genitalien    224, 226, 226a, 231 StGB",10041100,Saarbr cken,voll.,755,572,183,5,2,3,23,16,7,28,18,10,78,62,16,121,93,28,503,381,122,25,18,7,528,399,129,2018
222000,"Gef hrliche und schwere K rperverletzung, Verst mmelung weiblicher Genitalien    224, 226, 226a, 231 StGB",3102000,Salzgitter,voll.,244,176,68,1,0,1,16,11,5,17,11,6,42,31,11,30,22,8,146,106,40,9,6,3,155,112,43,2018
222000,"Gef hrliche und schwere K rperverletzung, Verst mmelung weiblicher Genitalien    224, 226, 226a, 231 StGB",13004000,Schwerin,voll.,290,236,54,0,0,0,20,16,4,20,16,4,41,36,5,43,38,5,179,144,35,7,2,5,186,146,40,2018
222000,"Gef hrliche und schwere K rperverletzung, Verst mmelung weiblicher Genitalien    224, 226, 226a, 231 StGB",5970040,Siegen,voll.,239,194,45,0,0,0,10,5,5,10,5,5,20,17,3,25,21,4,180,147,33,4,4,0,184,151,33,2018
222000,"Gef hrliche und schwere K rperverletzung, Verst mmelung weiblicher Genitalien    224, 226, 226a, 231 StGB",5122000,Solingen,voll.,286,186,100,1,1,0,11,10,1,12,11,1,30,19,11,24,15,9,211,137,74,9,4,5,220,141,79,2018
222000,"Gef hrliche und schwere K rperverletzung, Verst mmelung weiblicher Genitalien    224, 226, 226a, 231 StGB",8111000,Stuttgart,voll.,1903,1523,380,8,6,2,46,29,17,54,35,19,138,102,36,279,237,42,1390,1115,275,42,34,8,1432,1149,283,2018
222000,"Gef hrliche und schwere K rperverletzung, Verst mmelung weiblicher Genitalien    224, 226, 226a, 231 StGB",7211000,Trier,voll.,283,212,71,1,1,0,7,4,3,8,5,3,26,20,6,53,40,13,190,143,47,6,4,2,196,147,49,2018
222000,"Gef hrliche und schwere K rperverletzung, Verst mmelung weiblicher Genitalien    224, 226, 226a, 231 StGB",8421000,Ulm,voll.,298,238,60,3,3,0,9,7,2,12,10,2,16,13,3,54,49,5,202,160,42,14,6,8,216,166,50,2018
222000,"Gef hrliche und schwere K rperverletzung, Verst mmelung weiblicher Genitalien    224, 226, 226a, 231 StGB",6414000,Wiesbaden,voll.,877,599,278,3,1,2,36,22,14,39,23,16,112,75,37,103,81,22,580,394,186,43,26,17,623,420,203,2018
222000,"Gef hrliche und schwere K rperverletzung, Verst mmelung weiblicher Genitalien    224, 226, 226a, 231 StGB",3103000,Wolfsburg,voll.,230,190,40,0,0,0,12,8,4,12,8,4,19,17,2,24,20,4,171,143,28,4,2,2,175,145,30,2018
222000,"Gef hrliche und schwere K rperverletzung, Verst mmelung weiblicher Genitalien    224, 226, 226a, 231 StGB",5124000,Wuppertal,voll.,925,671,254,3,2,1,52,31,21,55,33,22,93,66,27,144,112,32,612,443,169,21,17,4,633,460,173,2018
222000,"Gef hrliche und schwere K rperverletzung, Verst mmelung weiblicher Genitalien    224, 226, 226a, 231 StGB",9663000,W rzburg,voll.,317,258,59,0,0,0,7,5,2,7,5,2,33,29,4,61,52,9,202,163,39,14,9,5,216,172,44,2018
222000,"Gef hrliche und schwere K rperverletzung, Verst mmelung weiblicher Genitalien    224, 226, 226a, 231 StGB",5334002,Aachen,vers.,117,75,42,1,0,1,1,1,0,2,1,1,10,6,4,10,6,4,88,58,30,7,4,3,95,62,33,2018
222000,"Gef hrliche und schwere K rperverletzung, Verst mmelung weiblicher Genitalien    224, 226, 226a, 231 StGB",9761000,Augsburg,vers.,191,137,54,1,0,1,6,4,2,7,4,3,12,11,1,18,9,9,148,108,40,6,5,1,154,113,41,2018
222000,"Gef hrliche und schwere K rperverletzung, Verst mmelung weiblicher Genitalien    224, 226, 226a, 231 StGB",5378004,Bergisch Gladbach,vers.,30,18,12,0,0,0,2,1,1,2,1,1,1,1,0,3,3,0,17,8,9,7,5,2,24,13,11,2018
222000,"Gef hrliche und schwere K rperverletzung, Verst mmelung weiblicher Genitalien    224, 226, 226a, 231 StGB",11000000,Berlin,vers.,2565,1890,675,36,17,19,91,53,38,127,70,57,124,88,36,124,84,40,2059,1567,492,131,81,50,2190,1648,542,2018
222000,"Gef hrliche und schwere K rperverletzung, Verst mmelung weiblicher Genitalien    224, 226, 226a, 231 StGB",5711000,Bielefeld,vers.,102,60,42,0,0,0,0,0,0,0,0,0,7,5,2,7,3,4,82,48,34,6,4,2,88,52,36,2018
222000,"Gef hrliche und schwere K rperverletzung, Verst mmelung weiblicher Genitalien    224, 226, 226a, 231 StGB",5911000,Bochum,vers.,168,121,47,1,1,0,7,5,2,8,6,2,7,5,2,12,10,2,135,96,39,6,4,2,141,100,41,2018
222000,"Gef hrliche und schwere K rperverletzung, Verst mmelung weiblicher Genitalien    224, 226, 226a, 231 StGB",5314000,Bonn,vers.,106,72,34,0,0,0,2,2,0,2,2,0,8,5,3,5,4,1,84,58,26,7,3,4,91,61,30,2018
222000,"Gef hrliche und schwere K rperverletzung, Verst mmelung weiblicher Genitalien    224, 226, 226a, 231 StGB",5512000,Bottrop,vers.,32,24,8,0,0,0,0,0,0,0,0,0,5,5,0,5,3,2,21,16,5,1,0,1,22,16,6,2018
222000,"Gef hrliche und schwere K rperverletzung, Verst mmelung weiblicher Genitalien    224, 226, 226a, 231 StGB",3101000,Braunschweig,vers.,87,64,23,1,0,1,2,1,1,3,1,2,3,1,2,9,7,2,67,51,16,5,4,1,72,55,17,2018
222000,"Gef hrliche und schwere K rperverletzung, Verst mmelung weiblicher Genitalien    224, 226, 226a, 231 StGB",4011000,Bremen,vers.,194,157,37,0,0,0,5,3,2,5,3,2,10,9,1,25,21,4,146,118,28,8,6,2,154,124,30,2018
222000,"Gef hrliche und schwere K rperverletzung, Verst mmelung weiblicher Genitalien    224, 226, 226a, 231 StGB",4012000,Bremerhaven,vers.,28,21,7,0,0,0,0,0,0,0,0,0,0,0,0,2,1,1,26,20,6,0,0,0,26,20,6,2018
222000,"Gef hrliche und schwere K rperverletzung, Verst mmelung weiblicher Genitalien    224, 226, 226a, 231 StGB",14511000,Chemnitz,vers.,91,71,20,1,1,0,1,1,0,2,2,0,5,3,2,9,7,2,72,57,15,3,2,1,75,59,16,2018
222000,"Gef hrliche und schwere K rperverletzung, Verst mmelung weiblicher Genitalien    224, 226, 226a, 231 StGB",12052000,Cottbus,vers.,63,37,26,1,1,0,0,0,0,1,1,0,8,5,3,9,7,2,41,22,19,4,2,2,45,24,21,2018
222000,"Gef hrliche und schwere K rperverletzung, Verst mmelung weiblicher Genitalien    224, 226, 226a, 231 StGB",6411000,Darmstadt,vers.,30,18,12,0,0,0,0,0,0,0,0,0,2,1,1,1,1,0,25,15,10,2,1,1,27,16,11,2018
222000,"Gef hrliche und schwere K rperverletzung, Verst mmelung weiblicher Genitalien    224, 226, 226a, 231 StGB",5913000,Dortmund,vers.,336,239,97,1,0,1,5,3,2,6,3,3,19,11,8,43,28,15,251,187,64,17,10,7,268,197,71,2018
222000,"Gef hrliche und schwere K rperverletzung, Verst mmelung weiblicher Genitalien    224, 226, 226a, 231 StGB",14612000,Dresden,vers.,237,193,44,2,1,1,6,5,1,8,6,2,13,11,2,20,16,4,181,151,30,15,9,6,196,160,36,2018
222000,"Gef hrliche und schwere K rperverletzung, Verst mmelung weiblicher Genitalien    224, 226, 226a, 231 StGB",5112000,Duisburg,vers.,192,131,61,0,0,0,4,2,2,4,2,2,6,4,2,14,6,8,154,111,43,14,8,6,168,119,49,2018
222000,"Gef hrliche und schwere K rperverletzung, Verst mmelung weiblicher Genitalien    224, 226, 226a, 231 StGB",5111000,D sseldorf,vers.,347,285,62,1,1,0,7,6,1,8,7,1,13,12,1,14,10,4,307,253,54,5,3,2,312,256,56,2018
222000,"Gef hrliche und schwere K rperverletzung, Verst mmelung weiblicher Genitalien    224, 226, 226a, 231 StGB",16051000,Erfurt,vers.,132,105,27,0,0,0,6,3,3,6,3,3,10,8,2,11,9,2,100,81,19,5,4,1,105,85,20,2018
222000,"Gef hrliche und schwere K rperverletzung, Verst mmelung weiblicher Genitalien    224, 226, 226a, 231 StGB",9562000,Erlangen,vers.,18,13,5,0,0,0,1,1,0,1,1,0,2,1,1,0,0,0,15,11,4,0,0,0,15,11,4,2018
222000,"Gef hrliche und schwere K rperverletzung, Verst mmelung weiblicher Genitalien    224, 226, 226a, 231 StGB",5113000,Essen,vers.,172,107,65,0,0,0,3,1,2,3,1,2,7,3,4,13,8,5,136,90,46,13,5,8,149,95,54,2018
222000,"Gef hrliche und schwere K rperverletzung, Verst mmelung weiblicher Genitalien    224, 226, 226a, 231 StGB",6412000,Frankfurt am Main,vers.,320,230,90,4,2,2,8,2,6,12,4,8,11,8,3,19,13,6,265,197,68,13,8,5,278,205,73,2018
222000,"Gef hrliche und schwere K rperverletzung, Verst mmelung weiblicher Genitalien    224, 226, 226a, 231 StGB",8311000,Freiburg im Breisgau,vers.,139,115,24,17,16,1,0,0,0,17,16,1,3,3,0,9,8,1,108,87,21,2,1,1,110,88,22,2018
222000,"Gef hrliche und schwere K rperverletzung, Verst mmelung weiblicher Genitalien    224, 226, 226a, 231 StGB",9563000,F rth,vers.,14,11,3,1,1,0,0,0,0,1,1,0,1,1,0,1,1,0,10,7,3,1,1,0,11,8,3,2018
222000,"Gef hrliche und schwere K rperverletzung, Verst mmelung weiblicher Genitalien    224, 226, 226a, 231 StGB",5513000,Gelsenkirchen,vers.,91,62,29,1,0,1,3,2,1,4,2,2,6,6,0,6,4,2,73,49,24,2,1,1,75,50,25,2018
222000,"Gef hrliche und schwere K rperverletzung, Verst mmelung weiblicher Genitalien    224, 226, 226a, 231 StGB",3159016,G ttingen,vers.,55,43,12,0,0,0,3,3,0,3,3,0,1,0,1,4,2,2,41,32,9,6,6,0,47,38,9,2018
222000,"Gef hrliche und schwere K rperverletzung, Verst mmelung weiblicher Genitalien    224, 226, 226a, 231 StGB",5914000,Hagen,vers.,58,43,15,2,2,0,4,4,0,6,6,0,2,2,0,3,3,0,44,29,15,3,3,0,47,32,15,2018
222000,"Gef hrliche und schwere K rperverletzung, Verst mmelung weiblicher Genitalien    224, 226, 226a, 231 StGB",15002000,Halle (Saale),vers.,187,143,44,1,1,0,10,4,6,11,5,6,8,5,3,20,15,5,141,115,26,7,3,4,148,118,30,2018
222000,"Gef hrliche und schwere K rperverletzung, Verst mmelung weiblicher Genitalien    224, 226, 226a, 231 StGB",2000000,Hamburg,vers.,764,571,193,2,2,0,24,19,5,26,21,5,20,16,4,38,23,15,645,488,157,35,23,12,680,511,169,2018
222000,"Gef hrliche und schwere K rperverletzung, Verst mmelung weiblicher Genitalien    224, 226, 226a, 231 StGB",5915000,Hamm,vers.,68,46,22,1,1,0,0,0,0,1,1,0,1,0,1,5,1,4,57,41,16,4,3,1,61,44,17,2018
222000,"Gef hrliche und schwere K rperverletzung, Verst mmelung weiblicher Genitalien    224, 226, 226a, 231 StGB",3241001,Hannover,vers.,292,209,83,3,1,2,3,1,2,6,2,4,9,6,3,28,14,14,239,180,59,10,7,3,249,187,62,2018
222000,"Gef hrliche und schwere K rperverletzung, Verst mmelung weiblicher Genitalien    224, 226, 226a, 231 StGB",8221000,Heidelberg,vers.,60,45,15,1,1,0,1,1,0,2,2,0,4,3,1,6,6,0,47,34,13,1,0,1,48,34,14,2018
222000,"Gef hrliche und schwere K rperverletzung, Verst mmelung weiblicher Genitalien    224, 226, 226a, 231 StGB",8121000,Heilbronn,vers.,46,29,17,1,0,1,1,0,1,2,0,2,0,0,0,5,5,0,34,21,13,5,3,2,39,24,15,2018
222000,"Gef hrliche und schwere K rperverletzung, Verst mmelung weiblicher Genitalien    224, 226, 226a, 231 StGB",5916000,Herne,vers.,73,44,29,0,0,0,3,1,2,3,1,2,5,2,3,8,6,2,56,34,22,1,1,0,57,35,22,2018
222000,"Gef hrliche und schwere K rperverletzung, Verst mmelung weiblicher Genitalien    224, 226, 226a, 231 StGB",3254021,Hildesheim,vers.,43,29,14,0,0,0,0,0,0,0,0,0,2,2,0,2,1,1,36,24,12,3,2,1,39,26,13,2018
222000,"Gef hrliche und schwere K rperverletzung, Verst mmelung weiblicher Genitalien    224, 226, 226a, 231 StGB",9161000,Ingolstadt,vers.,71,60,11,0,0,0,1,1,0,1,1,0,0,0,0,3,3,0,63,54,9,4,2,2,67,56,11,2018
222000,"Gef hrliche und schwere K rperverletzung, Verst mmelung weiblicher Genitalien    224, 226, 226a, 231 StGB",16053000,Jena,vers.,70,59,11,0,0,0,1,1,0,1,1,0,2,1,1,8,8,0,58,48,10,1,1,0,59,49,10,2018
222000,"Gef hrliche und schwere K rperverletzung, Verst mmelung weiblicher Genitalien    224, 226, 226a, 231 StGB",8212000,Karlsruhe,vers.,96,73,23,1,1,0,2,1,1,3,2,1,4,3,1,9,9,0,78,58,20,2,1,1,80,59,21,2018
222000,"Gef hrliche und schwere K rperverletzung, Verst mmelung weiblicher Genitalien    224, 226, 226a, 231 StGB",6611000,Kassel,vers.,70,51,19,1,1,0,3,2,1,4,3,1,2,1,1,7,6,1,56,40,16,1,1,0,57,41,16,2018
222000,"Gef hrliche und schwere K rperverletzung, Verst mmelung weiblicher Genitalien    224, 226, 226a, 231 StGB",1002000,Kiel,vers.,78,60,18,1,1,0,3,1,2,4,2,2,6,6,0,4,2,2,59,49,10,5,1,4,64,50,14,2018
222000,"Gef hrliche und schwere K rperverletzung, Verst mmelung weiblicher Genitalien    224, 226, 226a, 231 StGB",7111000,Koblenz,vers.,53,41,12,0,0,0,1,0,1,1,0,1,9,6,3,3,1,2,37,31,6,3,3,0,40,34,6,2018
222000,"Gef hrliche und schwere K rperverletzung, Verst mmelung weiblicher Genitalien    224, 226, 226a, 231 StGB",5315000,K ln,vers.,809,548,261,5,2,3,19,13,6,24,15,9,41,25,16,41,27,14,648,440,208,55,41,14,703,481,222,2018
222000,"Gef hrliche und schwere K rperverletzung, Verst mmelung weiblicher Genitalien    224, 226, 226a, 231 StGB",5114000,Krefeld,vers.,87,53,34,0,0,0,1,1,0,1,1,0,7,4,3,4,2,2,68,42,26,7,4,3,75,46,29,2018
222000,"Gef hrliche und schwere K rperverletzung, Verst mmelung weiblicher Genitalien    224, 226, 226a, 231 StGB",14713000,Leipzig,vers.,230,163,67,1,0,1,20,12,8,21,12,9,8,5,3,8,7,1,185,134,51,8,5,3,193,139,54,2018
222000,"Gef hrliche und schwere K rperverletzung, Verst mmelung weiblicher Genitalien    224, 226, 226a, 231 StGB",5316000,Leverkusen,vers.,105,67,38,2,1,1,5,3,2,7,4,3,4,4,0,7,2,5,77,50,27,10,7,3,87,57,30,2018
222000,"Gef hrliche und schwere K rperverletzung, Verst mmelung weiblicher Genitalien    224, 226, 226a, 231 StGB",1003000,L beck,vers.,117,74,43,1,1,0,4,1,3,5,2,3,10,5,5,7,5,2,83,55,28,12,7,5,95,62,33,2018
222000,"Gef hrliche und schwere K rperverletzung, Verst mmelung weiblicher Genitalien    224, 226, 226a, 231 StGB",7314000,Ludwigshafen am Rhein,vers.,96,66,30,1,0,1,4,2,2,5,2,3,3,3,0,8,6,2,74,51,23,6,4,2,80,55,25,2018
222000,"Gef hrliche und schwere K rperverletzung, Verst mmelung weiblicher Genitalien    224, 226, 226a, 231 StGB",15003000,Magdeburg,vers.,137,92,45,2,2,0,13,6,7,15,8,7,17,8,9,7,7,0,90,65,25,8,4,4,98,69,29,2018
222000,"Gef hrliche und schwere K rperverletzung, Verst mmelung weiblicher Genitalien    224, 226, 226a, 231 StGB",7315000,Mainz,vers.,114,74,40,2,1,1,4,3,1,6,4,2,7,2,5,6,4,2,91,61,30,4,3,1,95,64,31,2018
222000,"Gef hrliche und schwere K rperverletzung, Verst mmelung weiblicher Genitalien    224, 226, 226a, 231 StGB",8222000,Mannheim,vers.,176,117,59,2,1,1,27,14,13,29,15,14,7,4,3,10,6,4,124,87,37,6,5,1,130,92,38,2018
222000,"Gef hrliche und schwere K rperverletzung, Verst mmelung weiblicher Genitalien    224, 226, 226a, 231 StGB",5170024,Moers,vers.,25,19,6,0,0,0,0,0,0,0,0,0,3,2,1,3,3,0,15,11,4,4,3,1,19,14,5,2018
222000,"Gef hrliche und schwere K rperverletzung, Verst mmelung weiblicher Genitalien    224, 226, 226a, 231 StGB",5116000,M nchengladbach,vers.,61,38,23,0,0,0,1,0,1,1,0,1,9,5,4,5,4,1,40,23,17,6,6,0,46,29,17,2018
222000,"Gef hrliche und schwere K rperverletzung, Verst mmelung weiblicher Genitalien    224, 226, 226a, 231 StGB",5117000,M lheim an der Ruhr,vers.,51,32,19,0,0,0,2,2,0,2,2,0,5,3,2,5,4,1,32,18,14,7,5,2,39,23,16,2018
222000,"Gef hrliche und schwere K rperverletzung, Verst mmelung weiblicher Genitalien    224, 226, 226a, 231 StGB",9162000,M nchen,vers.,587,441,146,4,2,2,6,6,0,10,8,2,21,15,6,44,31,13,475,364,111,37,23,14,512,387,125,2018
222000,"Gef hrliche und schwere K rperverletzung, Verst mmelung weiblicher Genitalien    224, 226, 226a, 231 StGB",5515000,M nster,vers.,116,86,30,1,0,1,2,0,2,3,0,3,8,8,0,11,9,2,90,66,24,4,3,1,94,69,25,2018
222000,"Gef hrliche und schwere K rperverletzung, Verst mmelung weiblicher Genitalien    224, 226, 226a, 231 StGB",5162024,Neuss,vers.,48,31,17,0,0,0,1,0,1,1,0,1,0,0,0,2,1,1,45,30,15,0,0,0,45,30,15,2018
222000,"Gef hrliche und schwere K rperverletzung, Verst mmelung weiblicher Genitalien    224, 226, 226a, 231 StGB",9564000,N rnberg,vers.,204,152,52,4,3,1,5,5,0,9,8,1,16,14,2,17,11,6,150,113,37,12,6,6,162,119,43,2018
222000,"Gef hrliche und schwere K rperverletzung, Verst mmelung weiblicher Genitalien    224, 226, 226a, 231 StGB",5119000,Oberhausen,vers.,69,49,20,0,0,0,1,1,0,1,1,0,3,2,1,2,1,1,61,44,17,2,1,1,63,45,18,2018
222000,"Gef hrliche und schwere K rperverletzung, Verst mmelung weiblicher Genitalien    224, 226, 226a, 231 StGB",6413000,Offenbach am Main,vers.,49,30,19,0,0,0,4,1,3,4,1,3,0,0,0,1,0,1,42,27,15,2,2,0,44,29,15,2018
222000,"Gef hrliche und schwere K rperverletzung, Verst mmelung weiblicher Genitalien    224, 226, 226a, 231 StGB",3403000,Oldenburg (Oldenburg),vers.,42,31,11,0,0,0,0,0,0,0,0,0,3,1,2,8,4,4,30,25,5,1,1,0,31,26,5,2018
222000,"Gef hrliche und schwere K rperverletzung, Verst mmelung weiblicher Genitalien    224, 226, 226a, 231 StGB",3404000,Osnabr ck,vers.,59,40,19,0,0,0,1,1,0,1,1,0,6,3,3,7,4,3,43,31,12,2,1,1,45,32,13,2018
222000,"Gef hrliche und schwere K rperverletzung, Verst mmelung weiblicher Genitalien    224, 226, 226a, 231 StGB",5774032,Paderborn,vers.,51,36,15,0,0,0,2,1,1,2,1,1,3,3,0,5,5,0,38,26,12,3,1,2,41,27,14,2018
222000,"Gef hrliche und schwere K rperverletzung, Verst mmelung weiblicher Genitalien    224, 226, 226a, 231 StGB",8231000,Pforzheim,vers.,24,17,7,0,0,0,0,0,0,0,0,0,0,0,0,2,2,0,17,12,5,5,3,2,22,15,7,2018
222000,"Gef hrliche und schwere K rperverletzung, Verst mmelung weiblicher Genitalien    224, 226, 226a, 231 StGB",12054000,Potsdam,vers.,63,42,21,2,2,0,3,2,1,5,4,1,5,3,2,6,5,1,41,26,15,6,4,2,47,30,17,2018
222000,"Gef hrliche und schwere K rperverletzung, Verst mmelung weiblicher Genitalien    224, 226, 226a, 231 StGB",5562032,Recklinghausen,vers.,62,42,20,0,0,0,0,0,0,0,0,0,7,4,3,4,2,2,50,36,14,1,0,1,51,36,15,2018
222000,"Gef hrliche und schwere K rperverletzung, Verst mmelung weiblicher Genitalien    224, 226, 226a, 231 StGB",9362000,Regensburg,vers.,77,61,16,1,1,0,2,2,0,3,3,0,3,3,0,3,3,0,67,51,16,1,1,0,68,52,16,2018
222000,"Gef hrliche und schwere K rperverletzung, Verst mmelung weiblicher Genitalien    224, 226, 226a, 231 StGB",5120000,Remscheid,vers.,44,35,9,1,0,1,5,5,0,6,5,1,7,6,1,5,2,3,25,21,4,1,1,0,26,22,4,2018
222000,"Gef hrliche und schwere K rperverletzung, Verst mmelung weiblicher Genitalien    224, 226, 226a, 231 StGB",8415061,Reutlingen,vers.,27,20,7,0,0,0,0,0,0,0,0,0,2,2,0,7,7,0,18,11,7,0,0,0,18,11,7,2018
222000,"Gef hrliche und schwere K rperverletzung, Verst mmelung weiblicher Genitalien    224, 226, 226a, 231 StGB",13003000,Rostock,vers.,120,93,27,0,0,0,8,7,1,8,7,1,12,9,3,14,13,1,82,61,21,4,3,1,86,64,22,2018
222000,"Gef hrliche und schwere K rperverletzung, Verst mmelung weiblicher Genitalien    224, 226, 226a, 231 StGB",10041100,Saarbr cken,vers.,142,91,51,3,3,0,20,11,9,23,14,9,8,4,4,11,8,3,87,58,29,13,7,6,100,65,35,2018
222000,"Gef hrliche und schwere K rperverletzung, Verst mmelung weiblicher Genitalien    224, 226, 226a, 231 StGB",3102000,Salzgitter,vers.,25,19,6,1,1,0,1,1,0,2,2,0,1,1,0,7,4,3,14,12,2,1,0,1,15,12,3,2018
222000,"Gef hrliche und schwere K rperverletzung, Verst mmelung weiblicher Genitalien    224, 226, 226a, 231 StGB",13004000,Schwerin,vers.,54,37,17,1,1,0,8,5,3,9,6,3,6,3,3,9,4,5,28,23,5,2,1,1,30,24,6,2018
222000,"Gef hrliche und schwere K rperverletzung, Verst mmelung weiblicher Genitalien    224, 226, 226a, 231 StGB",5970040,Siegen,vers.,32,26,6,0,0,0,0,0,0,0,0,0,2,2,0,3,3,0,26,20,6,1,1,0,27,21,6,2018
222000,"Gef hrliche und schwere K rperverletzung, Verst mmelung weiblicher Genitalien    224, 226, 226a, 231 StGB",5122000,Solingen,vers.,30,21,9,0,0,0,0,0,0,0,0,0,3,2,1,3,2,1,22,15,7,2,2,0,24,17,7,2018
222000,"Gef hrliche und schwere K rperverletzung, Verst mmelung weiblicher Genitalien    224, 226, 226a, 231 StGB",8111000,Stuttgart,vers.,460,386,74,12,11,1,11,6,5,23,17,6,14,6,8,23,19,4,389,337,52,11,7,4,400,344,56,2018
222000,"Gef hrliche und schwere K rperverletzung, Verst mmelung weiblicher Genitalien    224, 226, 226a, 231 StGB",7211000,Trier,vers.,37,21,16,0,0,0,0,0,0,0,0,0,5,2,3,4,1,3,26,17,9,2,1,1,28,18,10,2018
222000,"Gef hrliche und schwere K rperverletzung, Verst mmelung weiblicher Genitalien    224, 226, 226a, 231 StGB",8421000,Ulm,vers.,34,27,7,0,0,0,1,0,1,1,0,1,0,0,0,2,2,0,30,24,6,1,1,0,31,25,6,2018
222000,"Gef hrliche und schwere K rperverletzung, Verst mmelung weiblicher Genitalien    224, 226, 226a, 231 StGB",6414000,Wiesbaden,vers.,65,40,25,1,0,1,2,0,2,3,0,3,1,1,0,2,2,0,57,36,21,2,1,1,59,37,22,2018
222000,"Gef hrliche und schwere K rperverletzung, Verst mmelung weiblicher Genitalien    224, 226, 226a, 231 StGB",3103000,Wolfsburg,vers.,34,25,9,0,0,0,0,0,0,0,0,0,0,0,0,3,3,0,29,22,7,2,0,2,31,22,9,2018
222000,"Gef hrliche und schwere K rperverletzung, Verst mmelung weiblicher Genitalien    224, 226, 226a, 231 StGB",5124000,Wuppertal,vers.,156,106,50,1,1,0,5,3,2,6,4,2,9,7,2,10,7,3,124,84,40,7,4,3,131,88,43,2018
222000,"Gef hrliche und schwere K rperverletzung, Verst mmelung weiblicher Genitalien    224, 226, 226a, 231 StGB",9663000,W rzburg,vers.,46,36,10,1,1,0,1,1,0,2,2,0,8,8,0,4,3,1,31,22,9,1,1,0,32,23,9,2018
222000,"Gef hrliche und schwere K rperverletzung, Verst mmelung weiblicher Genitalien    224, 226, 226a, 231 StGB",5334002,Aachen,insg.,814,569,245,1,0,1,30,18,12,31,18,13,87,58,29,118,90,28,550,382,168,28,21,7,578,403,175,2018
222000,"Gef hrliche und schwere K rperverletzung, Verst mmelung weiblicher Genitalien    224, 226, 226a, 231 StGB",9761000,Augsburg,insg.,873,650,223,3,1,2,28,18,10,31,19,12,61,40,21,112,85,27,642,488,154,27,18,9,669,506,163,2018
222000,"Gef hrliche und schwere K rperverletzung, Verst mmelung weiblicher Genitalien    224, 226, 226a, 231 StGB",5378004,Bergisch Gladbach,insg.,196,137,59,0,0,0,8,3,5,8,3,5,32,25,7,32,26,6,110,74,36,14,9,5,124,83,41,2018
222000,"Gef hrliche und schwere K rperverletzung, Verst mmelung weiblicher Genitalien    224, 226, 226a, 231 StGB",11000000,Berlin,insg.,13355,10051,3304,95,60,35,589,411,178,684,471,213,1135,818,317,1153,892,261,9852,7528,2324,531,342,189,10383,7870,2513,2018
222000,"Gef hrliche und schwere K rperverletzung, Verst mmelung weiblicher Genitalien    224, 226, 226a, 231 StGB",5711000,Bielefeld,insg.,687,481,206,1,1,0,21,14,7,22,15,7,55,40,15,74,46,28,507,361,146,29,19,10,536,380,156,2018
222000,"Gef hrliche und schwere K rperverletzung, Verst mmelung weiblicher Genitalien    224, 226, 226a, 231 StGB",5911000,Bochum,insg.,1231,875,356,3,2,1,91,55,36,94,57,37,129,98,31,131,96,35,828,593,235,49,31,18,877,624,253,2018
222000,"Gef hrliche und schwere K rperverletzung, Verst mmelung weiblicher Genitalien    224, 226, 226a, 231 StGB",5314000,Bonn,insg.,898,633,265,4,3,1,27,17,10,31,20,11,80,51,29,88,66,22,667,474,193,32,22,10,699,496,203,2018
222000,"Gef hrliche und schwere K rperverletzung, Verst mmelung weiblicher Genitalien    224, 226, 226a, 231 StGB",5512000,Bottrop,insg.,247,179,68,0,0,0,8,3,5,8,3,5,28,19,9,38,28,10,163,122,41,10,7,3,173,129,44,2018
222000,"Gef hrliche und schwere K rperverletzung, Verst mmelung weiblicher Genitalien    224, 226, 226a, 231 StGB",3101000,Braunschweig,insg.,716,532,184,5,2,3,28,21,7,33,23,10,62,44,18,98,78,20,500,369,131,23,18,5,523,387,136,2018
222000,"Gef hrliche und schwere K rperverletzung, Verst mmelung weiblicher Genitalien    224, 226, 226a, 231 StGB",4011000,Bremen,insg.,1849,1445,404,3,2,1,49,32,17,52,34,18,151,120,31,320,265,55,1257,973,284,69,53,16,1326,1026,300,2018
222000,"Gef hrliche und schwere K rperverletzung, Verst mmelung weiblicher Genitalien    224, 226, 226a, 231 StGB",4012000,Bremerhaven,insg.,431,328,103,3,2,1,12,9,3,15,11,4,34,26,8,55,40,15,312,242,70,15,9,6,327,251,76,2018
222000,"Gef hrliche und schwere K rperverletzung, Verst mmelung weiblicher Genitalien    224, 226, 226a, 231 StGB",14511000,Chemnitz,insg.,605,462,143,2,1,1,16,9,7,18,10,8,67,47,20,79,63,16,409,322,87,32,20,12,441,342,99,2018
222000,"Gef hrliche und schwere K rperverletzung, Verst mmelung weiblicher Genitalien    224, 226, 226a, 231 StGB",12052000,Cottbus,insg.,337,241,96,4,3,1,11,9,2,15,12,3,41,28,13,49,37,12,217,153,64,15,11,4,232,164,68,2018
222000,"Gef hrliche und schwere K rperverletzung, Verst mmelung weiblicher Genitalien    224, 226, 226a, 231 StGB",6411000,Darmstadt,insg.,402,301,101,4,2,2,25,17,8,29,19,10,30,21,9,50,41,9,282,212,70,11,8,3,293,220,73,2018
222000,"Gef hrliche und schwere K rperverletzung, Verst mmelung weiblicher Genitalien    224, 226, 226a, 231 StGB",5913000,Dortmund,insg.,2497,1786,711,4,2,2,122,81,41,126,83,43,245,147,98,325,217,108,1700,1269,431,101,70,31,1801,1339,462,2018
222000,"Gef hrliche und schwere K rperverletzung, Verst mmelung weiblicher Genitalien    224, 226, 226a, 231 StGB",14612000,Dresden,insg.,1445,1190,255,7,5,2,52,41,11,59,46,13,114,82,32,183,151,32,1052,889,163,37,22,15,1089,911,178,2018
222000,"Gef hrliche und schwere K rperverletzung, Verst mmelung weiblicher Genitalien    224, 226, 226a, 231 StGB",5112000,Duisburg,insg.,1518,1062,456,10,3,7,87,65,22,97,68,29,121,87,34,138,88,50,1101,781,320,61,38,23,1162,819,343,2018
222000,"Gef hrliche und schwere K rperverletzung, Verst mmelung weiblicher Genitalien    224, 226, 226a, 231 StGB",5111000,D sseldorf,insg.,2165,1697,468,6,6,0,51,36,15,57,42,15,145,106,39,250,194,56,1645,1308,337,68,47,21,1713,1355,358,2018
222000,"Gef hrliche und schwere K rperverletzung, Verst mmelung weiblicher Genitalien    224, 226, 226a, 231 StGB",16051000,Erfurt,insg.,617,473,144,2,2,0,22,11,11,24,13,11,43,37,6,71,51,20,454,358,96,25,14,11,479,372,107,2018
222000,"Gef hrliche und schwere K rperverletzung, Verst mmelung weiblicher Genitalien    224, 226, 226a, 231 StGB",9562000,Erlangen,insg.,169,127,42,0,0,0,6,3,3,6,3,3,15,10,5,27,24,3,118,88,30,3,2,1,121,90,31,2018
222000,"Gef hrliche und schwere K rperverletzung, Verst mmelung weiblicher Genitalien    224, 226, 226a, 231 StGB",5113000,Essen,insg.,1322,883,439,2,2,0,53,35,18,55,37,18,96,63,33,150,101,49,957,646,311,64,36,28,1021,682,339,2018
222000,"Gef hrliche und schwere K rperverletzung, Verst mmelung weiblicher Genitalien    224, 226, 226a, 231 StGB",6412000,Frankfurt am Main,insg.,2770,2068,702,30,23,7,55,35,20,85,58,27,125,80,45,266,201,65,2179,1654,525,115,75,40,2294,1729,565,2018
222000,"Gef hrliche und schwere K rperverletzung, Verst mmelung weiblicher Genitalien    224, 226, 226a, 231 StGB",8311000,Freiburg im Breisgau,insg.,765,631,134,25,23,2,18,10,8,43,33,10,46,36,10,92,83,9,568,468,100,16,11,5,584,479,105,2018
222000,"Gef hrliche und schwere K rperverletzung, Verst mmelung weiblicher Genitalien    224, 226, 226a, 231 StGB",9563000,F rth,insg.,175,122,53,1,1,0,7,4,3,8,5,3,20,10,10,18,13,5,120,87,33,9,7,2,129,94,35,2018
222000,"Gef hrliche und schwere K rperverletzung, Verst mmelung weiblicher Genitalien    224, 226, 226a, 231 StGB",5513000,Gelsenkirchen,insg.,769,558,211,4,3,1,52,37,15,56,40,16,94,68,26,59,50,9,531,379,152,29,21,8,560,400,160,2018
222000,"Gef hrliche und schwere K rperverletzung, Verst mmelung weiblicher Genitalien    224, 226, 226a, 231 StGB",3159016,G ttingen,insg.,397,324,73,0,0,0,14,11,3,14,11,3,26,16,10,51,43,8,294,244,50,12,10,2,306,254,52,2018
222000,"Gef hrliche und schwere K rperverletzung, Verst mmelung weiblicher Genitalien    224, 226, 226a, 231 StGB",5914000,Hagen,insg.,438,316,122,3,2,1,22,15,7,25,17,8,53,29,24,47,39,8,293,216,77,20,15,5,313,231,82,2018
222000,"Gef hrliche und schwere K rperverletzung, Verst mmelung weiblicher Genitalien    224, 226, 226a, 231 StGB",15002000,Halle (Saale),insg.,1039,804,235,6,5,1,51,32,19,57,37,20,104,77,27,151,120,31,699,554,145,28,16,12,727,570,157,2018
222000,"Gef hrliche und schwere K rperverletzung, Verst mmelung weiblicher Genitalien    224, 226, 226a, 231 StGB",2000000,Hamburg,insg.,6335,4832,1503,25,19,6,303,223,80,328,242,86,523,366,157,668,510,158,4577,3540,1037,239,174,65,4816,3714,1102,2018
222000,"Gef hrliche und schwere K rperverletzung, Verst mmelung weiblicher Genitalien    224, 226, 226a, 231 StGB",5915000,Hamm,insg.,478,334,144,2,2,0,19,13,6,21,15,6,55,40,15,61,39,22,322,228,94,19,12,7,341,240,101,2018
222000,"Gef hrliche und schwere K rperverletzung, Verst mmelung weiblicher Genitalien    224, 226, 226a, 231 StGB",3241001,Hannover,insg.,2175,1698,477,8,4,4,63,36,27,71,40,31,178,136,42,280,224,56,1592,1264,328,54,34,20,1646,1298,348,2018
222000,"Gef hrliche und schwere K rperverletzung, Verst mmelung weiblicher Genitalien    224, 226, 226a, 231 StGB",8221000,Heidelberg,insg.,548,422,126,4,3,1,12,10,2,16,13,3,41,22,19,89,73,16,380,299,81,22,15,7,402,314,88,2018
222000,"Gef hrliche und schwere K rperverletzung, Verst mmelung weiblicher Genitalien    224, 226, 226a, 231 StGB",8121000,Heilbronn,insg.,345,240,105,1,0,1,6,3,3,7,3,4,13,8,5,45,38,7,266,182,84,14,9,5,280,191,89,2018
222000,"Gef hrliche und schwere K rperverletzung, Verst mmelung weiblicher Genitalien    224, 226, 226a, 231 StGB",5916000,Herne,insg.,421,289,132,2,0,2,18,12,6,20,12,8,51,36,15,47,34,13,292,200,92,11,7,4,303,207,96,2018
222000,"Gef hrliche und schwere K rperverletzung, Verst mmelung weiblicher Genitalien    224, 226, 226a, 231 StGB",3254021,Hildesheim,insg.,335,235,100,2,1,1,12,9,3,14,10,4,21,17,4,36,25,11,246,173,73,18,10,8,264,183,81,2018
222000,"Gef hrliche und schwere K rperverletzung, Verst mmelung weiblicher Genitalien    224, 226, 226a, 231 StGB",9161000,Ingolstadt,insg.,410,335,75,1,1,0,7,5,2,8,6,2,24,19,5,49,43,6,319,262,57,10,5,5,329,267,62,2018
222000,"Gef hrliche und schwere K rperverletzung, Verst mmelung weiblicher Genitalien    224, 226, 226a, 231 StGB",16053000,Jena,insg.,250,207,43,0,0,0,9,8,1,9,8,1,20,14,6,31,26,5,183,153,30,7,6,1,190,159,31,2018
222000,"Gef hrliche und schwere K rperverletzung, Verst mmelung weiblicher Genitalien    224, 226, 226a, 231 StGB",8212000,Karlsruhe,insg.,735,555,180,6,5,1,18,11,7,24,16,8,48,37,11,92,72,20,550,414,136,21,16,5,571,430,141,2018
222000,"Gef hrliche und schwere K rperverletzung, Verst mmelung weiblicher Genitalien    224, 226, 226a, 231 StGB",6611000,Kassel,insg.,667,476,191,6,5,1,26,20,6,32,25,7,40,26,14,85,67,18,488,344,144,22,14,8,510,358,152,2018
222000,"Gef hrliche und schwere K rperverletzung, Verst mmelung weiblicher Genitalien    224, 226, 226a, 231 StGB",1002000,Kiel,insg.,808,629,179,1,1,0,26,15,11,27,16,11,73,52,21,103,78,25,582,470,112,23,13,10,605,483,122,2018
222000,"Gef hrliche und schwere K rperverletzung, Verst mmelung weiblicher Genitalien    224, 226, 226a, 231 StGB",7111000,Koblenz,insg.,433,346,87,3,2,1,11,6,5,14,8,6,42,33,9,60,48,12,304,245,59,13,12,1,317,257,60,2018
222000,"Gef hrliche und schwere K rperverletzung, Verst mmelung weiblicher Genitalien    224, 226, 226a, 231 StGB",5315000,K ln,insg.,5008,3558,1450,21,9,12,198,120,78,219,129,90,433,285,148,525,389,136,3633,2612,1021,198,143,55,3831,2755,1076,2018
222000,"Gef hrliche und schwere K rperverletzung, Verst mmelung weiblicher Genitalien    224, 226, 226a, 231 StGB",5114000,Krefeld,insg.,547,372,175,1,1,0,27,20,7,28,21,7,70,48,22,61,42,19,362,244,118,26,17,9,388,261,127,2018
222000,"Gef hrliche und schwere K rperverletzung, Verst mmelung weiblicher Genitalien    224, 226, 226a, 231 StGB",14713000,Leipzig,insg.,1628,1206,422,14,10,4,71,44,27,85,54,31,143,94,49,185,148,37,1169,882,287,46,28,18,1215,910,305,2018
222000,"Gef hrliche und schwere K rperverletzung, Verst mmelung weiblicher Genitalien    224, 226, 226a, 231 StGB",5316000,Leverkusen,insg.,594,386,208,6,2,4,26,12,14,32,14,18,70,51,19,55,38,17,403,260,143,34,23,11,437,283,154,2018
222000,"Gef hrliche und schwere K rperverletzung, Verst mmelung weiblicher Genitalien    224, 226, 226a, 231 StGB",1003000,L beck,insg.,835,644,191,4,4,0,29,20,9,33,24,9,69,54,15,106,88,18,591,452,139,36,26,10,627,478,149,2018
222000,"Gef hrliche und schwere K rperverletzung, Verst mmelung weiblicher Genitalien    224, 226, 226a, 231 StGB",7314000,Ludwigshafen am Rhein,insg.,709,502,207,4,1,3,50,35,15,54,36,18,82,54,28,85,71,14,466,329,137,22,12,10,488,341,147,2018
222000,"Gef hrliche und schwere K rperverletzung, Verst mmelung weiblicher Genitalien    224, 226, 226a, 231 StGB",15003000,Magdeburg,insg.,787,583,204,5,5,0,41,25,16,46,30,16,94,65,29,84,70,14,536,402,134,27,16,11,563,418,145,2018
222000,"Gef hrliche und schwere K rperverletzung, Verst mmelung weiblicher Genitalien    224, 226, 226a, 231 StGB",7315000,Mainz,insg.,746,575,171,5,3,2,15,12,3,20,15,5,65,42,23,119,96,23,521,407,114,21,15,6,542,422,120,2018
222000,"Gef hrliche und schwere K rperverletzung, Verst mmelung weiblicher Genitalien    224, 226, 226a, 231 StGB",8222000,Mannheim,insg.,1127,809,318,8,6,2,43,26,17,51,32,19,89,61,28,129,90,39,814,599,215,44,27,17,858,626,232,2018
222000,"Gef hrliche und schwere K rperverletzung, Verst mmelung weiblicher Genitalien    224, 226, 226a, 231 StGB",5170024,Moers,insg.,239,170,69,1,1,0,9,7,2,10,8,2,31,17,14,32,25,7,147,106,41,19,14,5,166,120,46,2018
222000,"Gef hrliche und schwere K rperverletzung, Verst mmelung weiblicher Genitalien    224, 226, 226a, 231 StGB",5116000,M nchengladbach,insg.,633,425,208,3,1,2,23,18,5,26,19,7,68,45,23,66,44,22,442,295,147,31,22,9,473,317,156,2018
222000,"Gef hrliche und schwere K rperverletzung, Verst mmelung weiblicher Genitalien    224, 226, 226a, 231 StGB",5117000,M lheim an der Ruhr,insg.,335,198,137,2,0,2,21,15,6,23,15,8,28,20,8,36,22,14,225,128,97,23,13,10,248,141,107,2018
222000,"Gef hrliche und schwere K rperverletzung, Verst mmelung weiblicher Genitalien    224, 226, 226a, 231 StGB",9162000,M nchen,insg.,3486,2688,798,15,6,9,105,68,37,120,74,46,209,164,45,426,340,86,2597,2028,569,134,82,52,2731,2110,621,2018
222000,"Gef hrliche und schwere K rperverletzung, Verst mmelung weiblicher Genitalien    224, 226, 226a, 231 StGB",5515000,M nster,insg.,695,515,180,1,0,1,20,11,9,21,11,10,87,66,21,98,74,24,473,352,121,16,12,4,489,364,125,2018
222000,"Gef hrliche und schwere K rperverletzung, Verst mmelung weiblicher Genitalien    224, 226, 226a, 231 StGB",5162024,Neuss,insg.,390,276,114,2,2,0,19,8,11,21,10,11,48,32,16,35,23,12,277,204,73,9,7,2,286,211,75,2018
222000,"Gef hrliche und schwere K rperverletzung, Verst mmelung weiblicher Genitalien    224, 226, 226a, 231 StGB",9564000,N rnberg,insg.,1571,1189,382,14,6,8,79,39,40,93,45,48,119,85,34,183,148,35,1118,869,249,58,42,16,1176,911,265,2018
222000,"Gef hrliche und schwere K rperverletzung, Verst mmelung weiblicher Genitalien    224, 226, 226a, 231 StGB",5119000,Oberhausen,insg.,471,341,130,2,1,1,16,15,1,18,16,2,63,47,16,53,40,13,326,229,97,11,9,2,337,238,99,2018
222000,"Gef hrliche und schwere K rperverletzung, Verst mmelung weiblicher Genitalien    224, 226, 226a, 231 StGB",6413000,Offenbach am Main,insg.,382,259,123,1,1,0,12,4,8,13,5,8,36,24,12,25,15,10,296,205,91,12,10,2,308,215,93,2018
222000,"Gef hrliche und schwere K rperverletzung, Verst mmelung weiblicher Genitalien    224, 226, 226a, 231 StGB",3403000,Oldenburg (Oldenburg),insg.,413,313,100,0,0,0,7,5,2,7,5,2,37,26,11,67,51,16,288,221,67,14,10,4,302,231,71,2018
222000,"Gef hrliche und schwere K rperverletzung, Verst mmelung weiblicher Genitalien    224, 226, 226a, 231 StGB",3404000,Osnabr ck,insg.,773,597,176,4,2,2,17,12,5,21,14,7,61,43,18,110,82,28,557,440,117,24,18,6,581,458,123,2018
222000,"Gef hrliche und schwere K rperverletzung, Verst mmelung weiblicher Genitalien    224, 226, 226a, 231 StGB",5774032,Paderborn,insg.,361,272,89,2,0,2,8,7,1,10,7,3,24,13,11,52,43,9,264,205,59,11,4,7,275,209,66,2018
222000,"Gef hrliche und schwere K rperverletzung, Verst mmelung weiblicher Genitalien    224, 226, 226a, 231 StGB",8231000,Pforzheim,insg.,386,300,86,7,2,5,14,10,4,21,12,9,27,18,9,51,45,6,268,214,54,19,11,8,287,225,62,2018
222000,"Gef hrliche und schwere K rperverletzung, Verst mmelung weiblicher Genitalien    224, 226, 226a, 231 StGB",12054000,Potsdam,insg.,325,244,81,4,4,0,21,14,7,25,18,7,34,19,15,46,38,8,210,163,47,10,6,4,220,169,51,2018
222000,"Gef hrliche und schwere K rperverletzung, Verst mmelung weiblicher Genitalien    224, 226, 226a, 231 StGB",5562032,Recklinghausen,insg.,413,303,110,0,0,0,10,9,1,10,9,1,44,28,16,53,45,8,285,206,79,21,15,6,306,221,85,2018
222000,"Gef hrliche und schwere K rperverletzung, Verst mmelung weiblicher Genitalien    224, 226, 226a, 231 StGB",9362000,Regensburg,insg.,428,349,79,2,1,1,13,10,3,15,11,4,25,23,2,53,47,6,326,264,62,9,4,5,335,268,67,2018
222000,"Gef hrliche und schwere K rperverletzung, Verst mmelung weiblicher Genitalien    224, 226, 226a, 231 StGB",5120000,Remscheid,insg.,255,180,75,3,2,1,24,17,7,27,19,8,32,26,6,32,19,13,157,111,46,7,5,2,164,116,48,2018
222000,"Gef hrliche und schwere K rperverletzung, Verst mmelung weiblicher Genitalien    224, 226, 226a, 231 StGB",8415061,Reutlingen,insg.,299,229,70,2,2,0,10,7,3,12,9,3,24,19,5,61,55,6,198,143,55,4,3,1,202,146,56,2018
222000,"Gef hrliche und schwere K rperverletzung, Verst mmelung weiblicher Genitalien    224, 226, 226a, 231 StGB",13003000,Rostock,insg.,594,464,130,4,4,0,41,28,13,45,32,13,76,56,20,70,60,10,386,305,81,17,11,6,403,316,87,2018
222000,"Gef hrliche und schwere K rperverletzung, Verst mmelung weiblicher Genitalien    224, 226, 226a, 231 StGB",10041100,Saarbr cken,insg.,897,663,234,8,5,3,43,27,16,51,32,19,86,66,20,132,101,31,590,439,151,38,25,13,628,464,164,2018
222000,"Gef hrliche und schwere K rperverletzung, Verst mmelung weiblicher Genitalien    224, 226, 226a, 231 StGB",3102000,Salzgitter,insg.,269,195,74,2,1,1,17,12,5,19,13,6,43,32,11,37,26,11,160,118,42,10,6,4,170,124,46,2018
222000,"Gef hrliche und schwere K rperverletzung, Verst mmelung weiblicher Genitalien    224, 226, 226a, 231 StGB",13004000,Schwerin,insg.,344,273,71,1,1,0,28,21,7,29,22,7,47,39,8,52,42,10,207,167,40,9,3,6,216,170,46,2018
222000,"Gef hrliche und schwere K rperverletzung, Verst mmelung weiblicher Genitalien    224, 226, 226a, 231 StGB",5970040,Siegen,insg.,271,220,51,0,0,0,10,5,5,10,5,5,22,19,3,28,24,4,206,167,39,5,5,0,211,172,39,2018
222000,"Gef hrliche und schwere K rperverletzung, Verst mmelung weiblicher Genitalien    224, 226, 226a, 231 StGB",5122000,Solingen,insg.,316,207,109,1,1,0,11,10,1,12,11,1,33,21,12,27,17,10,233,152,81,11,6,5,244,158,86,2018
222000,"Gef hrliche und schwere K rperverletzung, Verst mmelung weiblicher Genitalien    224, 226, 226a, 231 StGB",8111000,Stuttgart,insg.,2363,1909,454,20,17,3,57,35,22,77,52,25,152,108,44,302,256,46,1779,1452,327,53,41,12,1832,1493,339,2018
222000,"Gef hrliche und schwere K rperverletzung, Verst mmelung weiblicher Genitalien    224, 226, 226a, 231 StGB",7211000,Trier,insg.,320,233,87,1,1,0,7,4,3,8,5,3,31,22,9,57,41,16,216,160,56,8,5,3,224,165,59,2018
222000,"Gef hrliche und schwere K rperverletzung, Verst mmelung weiblicher Genitalien    224, 226, 226a, 231 StGB",8421000,Ulm,insg.,332,265,67,3,3,0,10,7,3,13,10,3,16,13,3,56,51,5,232,184,48,15,7,8,247,191,56,2018
222000,"Gef hrliche und schwere K rperverletzung, Verst mmelung weiblicher Genitalien    224, 226, 226a, 231 StGB",6414000,Wiesbaden,insg.,942,639,303,4,1,3,38,22,16,42,23,19,113,76,37,105,83,22,637,430,207,45,27,18,682,457,225,2018
222000,"Gef hrliche und schwere K rperverletzung, Verst mmelung weiblicher Genitalien    224, 226, 226a, 231 StGB",3103000,Wolfsburg,insg.,264,215,49,0,0,0,12,8,4,12,8,4,19,17,2,27,23,4,200,165,35,6,2,4,206,167,39,2018
222000,"Gef hrliche und schwere K rperverletzung, Verst mmelung weiblicher Genitalien    224, 226, 226a, 231 StGB",5124000,Wuppertal,insg.,1081,777,304,4,3,1,57,34,23,61,37,24,102,73,29,154,119,35,736,527,209,28,21,7,764,548,216,2018
222000,"Gef hrliche und schwere K rperverletzung, Verst mmelung weiblicher Genitalien    224, 226, 226a, 231 StGB",9663000,W rzburg,insg.,363,294,69,1,1,0,8,6,2,9,7,2,41,37,4,65,55,10,233,185,48,15,10,5,248,195,53,2018
224000,Vors tzliche einfache K rperverletzung   223 StGB,5334002,Aachen,voll.,1534,888,646,5,3,2,57,42,15,62,45,17,113,54,59,155,88,67,1119,647,472,85,54,31,1204,701,503,2018
224000,Vors tzliche einfache K rperverletzung   223 StGB,9761000,Augsburg,voll.,2278,1475,803,15,9,6,109,80,29,124,89,35,182,110,72,238,167,71,1626,1049,577,108,60,48,1734,1109,625,2018
224000,Vors tzliche einfache K rperverletzung   223 StGB,5378004,Bergisch Gladbach,voll.,529,269,260,2,0,2,24,12,12,26,12,14,59,34,25,34,19,15,364,177,187,46,27,19,410,204,206,2018
224000,Vors tzliche einfache K rperverletzung   223 StGB,11000000,Berlin,voll.,29645,17343,12302,229,129,100,1709,1163,546,1938,1292,646,2056,1153,903,2011,1148,863,21982,12794,9188,1658,956,702,23640,13750,9890,2018
224000,Vors tzliche einfache K rperverletzung   223 StGB,5711000,Bielefeld,voll.,1796,965,831,8,8,0,62,44,18,70,52,18,143,79,64,191,120,71,1294,668,626,98,46,52,1392,714,678,2018
224000,Vors tzliche einfache K rperverletzung   223 StGB,5911000,Bochum,voll.,2693,1545,1148,18,11,7,130,83,47,148,94,54,185,98,87,272,162,110,1937,1103,834,151,88,63,2088,1191,897,2018
224000,Vors tzliche einfache K rperverletzung   223 StGB,5314000,Bonn,voll.,2053,1167,886,14,7,7,84,61,23,98,68,30,172,105,67,197,114,83,1483,818,665,103,62,41,1586,880,706,2018
224000,Vors tzliche einfache K rperverletzung   223 StGB,5512000,Bottrop,voll.,500,269,231,1,1,0,33,18,15,34,19,15,40,26,14,41,24,17,356,184,172,29,16,13,385,200,185,2018
224000,Vors tzliche einfache K rperverletzung   223 StGB,3101000,Braunschweig,voll.,1707,1064,643,8,7,1,80,55,25,88,62,26,125,82,43,213,151,62,1196,729,467,85,40,45,1281,769,512,2018
224000,Vors tzliche einfache K rperverletzung   223 StGB,4011000,Bremen,voll.,3600,2087,1513,19,8,11,151,106,45,170,114,56,256,159,97,416,251,165,2577,1467,1110,181,96,85,2758,1563,1195,2018
224000,Vors tzliche einfache K rperverletzung   223 StGB,4012000,Bremerhaven,voll.,928,519,409,4,3,1,59,37,22,63,40,23,87,58,29,92,37,55,651,366,285,35,18,17,686,384,302,2018
224000,Vors tzliche einfache K rperverletzung   223 StGB,14511000,Chemnitz,voll.,1044,596,448,8,4,4,69,47,22,77,51,26,94,52,42,96,54,42,713,407,306,64,32,32,777,439,338,2018
224000,Vors tzliche einfache K rperverletzung   223 StGB,12052000,Cottbus,voll.,696,404,292,3,2,1,70,44,26,73,46,27,65,39,26,55,32,23,468,264,204,35,23,12,503,287,216,2018
224000,Vors tzliche einfache K rperverletzung   223 StGB,6411000,Darmstadt,voll.,573,292,281,0,0,0,21,15,6,21,15,6,35,23,12,48,25,23,440,211,229,29,18,11,469,229,240,2018
224000,Vors tzliche einfache K rperverletzung   223 StGB,5913000,Dortmund,voll.,4740,2722,2018,33,17,16,216,138,78,249,155,94,349,195,154,459,271,188,3430,1955,1475,253,146,107,3683,2101,1582,2018
224000,Vors tzliche einfache K rperverletzung   223 StGB,14612000,Dresden,voll.,2408,1543,865,22,7,15,139,95,44,161,102,59,195,116,79,203,138,65,1717,1118,599,132,69,63,1849,1187,662,2018
224000,Vors tzliche einfache K rperverletzung   223 StGB,5112000,Duisburg,voll.,3102,1576,1526,33,21,12,179,127,52,212,148,64,241,132,109,271,123,148,2175,1056,1119,203,117,86,2378,1173,1205,2018
224000,Vors tzliche einfache K rperverletzung   223 StGB,5111000,D sseldorf,voll.,4067,2571,1496,19,10,9,138,87,51,157,97,60,299,169,130,453,314,139,2981,1878,1103,177,113,64,3158,1991,1167,2018
224000,Vors tzliche einfache K rperverletzung   223 StGB,16051000,Erfurt,voll.,1829,1137,692,12,7,5,138,78,60,150,85,65,139,88,51,193,122,71,1254,788,466,93,54,39,1347,842,505,2018
224000,Vors tzliche einfache K rperverletzung   223 StGB,9562000,Erlangen,voll.,464,280,184,3,2,1,15,8,7,18,10,8,39,21,18,78,54,24,309,185,124,20,10,10,329,195,134,2018
224000,Vors tzliche einfache K rperverletzung   223 StGB,5113000,Essen,voll.,2681,1506,1175,4,2,2,149,114,35,153,116,37,211,121,90,223,140,83,1936,1036,900,158,93,65,2094,1129,965,2018
224000,Vors tzliche einfache K rperverletzung   223 StGB,6412000,Frankfurt am Main,voll.,4211,2430,1781,22,18,4,126,86,40,148,104,44,194,114,80,285,155,130,3311,1890,1421,273,167,106,3584,2057,1527,2018
224000,Vors tzliche einfache K rperverletzung   223 StGB,8311000,Freiburg im Breisgau,voll.,2041,1404,637,20,12,8,77,54,23,97,66,31,168,120,48,198,142,56,1487,1013,474,91,63,28,1578,1076,502,2018
224000,Vors tzliche einfache K rperverletzung   223 StGB,9563000,F rth,voll.,401,215,186,3,1,2,32,21,11,35,22,13,33,22,11,34,21,13,275,134,141,24,16,8,299,150,149,2018
224000,Vors tzliche einfache K rperverletzung   223 StGB,5513000,Gelsenkirchen,voll.,2025,980,1045,6,5,1,129,91,38,135,96,39,152,75,77,177,82,95,1436,662,774,125,65,60,1561,727,834,2018
224000,Vors tzliche einfache K rperverletzung   223 StGB,3159016,G ttingen,voll.,849,513,336,5,2,3,49,21,28,54,23,31,79,48,31,99,61,38,570,349,221,47,32,15,617,381,236,2018
224000,Vors tzliche einfache K rperverletzung   223 StGB,5914000,Hagen,voll.,1336,721,615,10,6,4,93,60,33,103,66,37,119,73,46,154,87,67,900,460,440,60,35,25,960,495,465,2018
224000,Vors tzliche einfache K rperverletzung   223 StGB,15002000,Halle (Saale),voll.,2053,1197,856,22,14,8,137,89,48,159,103,56,176,96,80,211,121,90,1415,823,592,92,54,38,1507,877,630,2018
224000,Vors tzliche einfache K rperverletzung   223 StGB,2000000,Hamburg,voll.,15066,8946,6120,79,49,30,748,517,231,827,566,261,1077,596,481,1153,691,462,11205,6636,4569,804,457,347,12009,7093,4916,2018
224000,Vors tzliche einfache K rperverletzung   223 StGB,5915000,Hamm,voll.,985,501,484,3,2,1,57,44,13,60,46,14,103,53,50,75,34,41,697,336,361,50,32,18,747,368,379,2018
224000,Vors tzliche einfache K rperverletzung   223 StGB,3241001,Hannover,voll.,4973,3030,1943,36,20,16,223,146,77,259,166,93,330,181,149,461,295,166,3689,2250,1439,234,138,96,3923,2388,1535,2018
224000,Vors tzliche einfache K rperverletzung   223 StGB,8221000,Heidelberg,voll.,979,640,339,6,3,3,34,22,12,40,25,15,46,31,15,111,70,41,714,470,244,68,44,24,782,514,268,2018
224000,Vors tzliche einfache K rperverletzung   223 StGB,8121000,Heilbronn,voll.,694,417,277,7,5,2,23,15,8,30,20,10,44,25,19,92,67,25,487,274,213,41,31,10,528,305,223,2018
224000,Vors tzliche einfache K rperverletzung   223 StGB,5916000,Herne,voll.,1201,648,553,9,5,4,78,47,31,87,52,35,120,60,60,103,57,46,822,438,384,69,41,28,891,479,412,2018
224000,Vors tzliche einfache K rperverletzung   223 StGB,3254021,Hildesheim,voll.,790,438,352,6,5,1,41,27,14,47,32,15,71,28,43,87,59,28,539,294,245,46,25,21,585,319,266,2018
224000,Vors tzliche einfache K rperverletzung   223 StGB,9161000,Ingolstadt,voll.,1017,686,331,11,6,5,50,34,16,61,40,21,72,56,16,122,95,27,711,463,248,51,32,19,762,495,267,2018
224000,Vors tzliche einfache K rperverletzung   223 StGB,16053000,Jena,voll.,556,361,195,3,2,1,34,22,12,37,24,13,60,34,26,65,48,17,379,247,132,15,8,7,394,255,139,2018
224000,Vors tzliche einfache K rperverletzung   223 StGB,8212000,Karlsruhe,voll.,1391,845,546,9,7,2,64,39,25,73,46,27,98,56,42,145,92,53,994,603,391,81,48,33,1075,651,424,2018
224000,Vors tzliche einfache K rperverletzung   223 StGB,6611000,Kassel,voll.,1094,592,502,5,3,2,51,31,20,56,34,22,59,31,28,95,63,32,833,433,400,51,31,20,884,464,420,2018
224000,Vors tzliche einfache K rperverletzung   223 StGB,1002000,Kiel,voll.,1831,1164,667,7,2,5,65,47,18,72,49,23,143,95,48,220,147,73,1323,828,495,73,45,28,1396,873,523,2018
224000,Vors tzliche einfache K rperverletzung   223 StGB,7111000,Koblenz,voll.,1028,664,364,4,2,2,42,27,15,46,29,17,100,59,41,131,89,42,702,457,245,49,30,19,751,487,264,2018
224000,Vors tzliche einfache K rperverletzung   223 StGB,5315000,K ln,voll.,9113,5300,3813,44,21,23,368,216,152,412,237,175,664,346,318,767,462,305,6801,3982,2819,469,273,196,7270,4255,3015,2018
224000,Vors tzliche einfache K rperverletzung   223 StGB,5114000,Krefeld,voll.,1619,859,760,8,3,5,113,82,31,121,85,36,167,93,74,139,78,61,1102,557,545,90,46,44,1192,603,589,2018
224000,Vors tzliche einfache K rperverletzung   223 StGB,14713000,Leipzig,voll.,3089,1890,1199,25,11,14,150,87,63,175,98,77,243,150,93,223,134,89,2271,1415,856,177,93,84,2448,1508,940,2018
224000,Vors tzliche einfache K rperverletzung   223 StGB,5316000,Leverkusen,voll.,1109,593,516,11,8,3,63,42,21,74,50,24,111,52,59,90,55,35,771,400,371,63,36,27,834,436,398,2018
224000,Vors tzliche einfache K rperverletzung   223 StGB,1003000,L beck,voll.,1893,1138,755,15,8,7,87,53,34,102,61,41,184,103,81,163,100,63,1363,821,542,81,53,28,1444,874,570,2018
224000,Vors tzliche einfache K rperverletzung   223 StGB,7314000,Ludwigshafen am Rhein,voll.,1699,919,780,17,11,6,129,93,36,146,104,42,154,84,70,157,84,73,1148,595,553,94,52,42,1242,647,595,2018
224000,Vors tzliche einfache K rperverletzung   223 StGB,15003000,Magdeburg,voll.,1515,895,620,12,8,4,95,56,39,107,64,43,142,90,52,141,81,60,1025,598,427,100,62,38,1125,660,465,2018
224000,Vors tzliche einfache K rperverletzung   223 StGB,7315000,Mainz,voll.,1458,925,533,10,4,6,53,38,15,63,42,21,128,76,52,164,115,49,1031,645,386,72,47,25,1103,692,411,2018
224000,Vors tzliche einfache K rperverletzung   223 StGB,8222000,Mannheim,voll.,1875,1064,811,13,9,4,72,50,22,85,59,26,131,67,64,178,107,71,1377,761,616,104,70,34,1481,831,650,2018
224000,Vors tzliche einfache K rperverletzung   223 StGB,5170024,Moers,voll.,461,249,212,4,2,2,26,16,10,30,18,12,63,36,27,42,29,13,287,144,143,39,22,17,326,166,160,2018
224000,Vors tzliche einfache K rperverletzung   223 StGB,5116000,M nchengladbach,voll.,1521,782,739,7,5,2,71,47,24,78,52,26,150,91,59,156,77,79,1054,519,535,83,43,40,1137,562,575,2018
224000,Vors tzliche einfache K rperverletzung   223 StGB,5117000,M lheim an der Ruhr,voll.,606,320,286,4,4,0,44,32,12,48,36,12,48,28,20,59,34,25,404,200,204,47,22,25,451,222,229,2018
224000,Vors tzliche einfache K rperverletzung   223 StGB,9162000,M nchen,voll.,6984,4447,2537,56,29,27,259,182,77,315,211,104,357,242,115,616,419,197,5275,3337,1938,421,238,183,5696,3575,2121,2018
224000,Vors tzliche einfache K rperverletzung   223 StGB,5515000,M nster,voll.,1871,1166,705,15,10,5,75,61,14,90,71,19,161,100,61,190,134,56,1334,800,534,96,61,35,1430,861,569,2018
224000,Vors tzliche einfache K rperverletzung   223 StGB,5162024,Neuss,voll.,953,506,447,7,4,3,50,37,13,57,41,16,84,45,39,90,52,38,663,341,322,59,27,32,722,368,354,2018
224000,Vors tzliche einfache K rperverletzung   223 StGB,9564000,N rnberg,voll.,3786,2393,1393,19,12,7,165,105,60,184,117,67,332,192,140,398,270,128,2693,1710,983,179,104,75,2872,1814,1058,2018
224000,Vors tzliche einfache K rperverletzung   223 StGB,5119000,Oberhausen,voll.,1411,773,638,7,4,3,63,40,23,70,44,26,124,74,50,157,91,66,987,523,464,73,41,32,1060,564,496,2018
224000,Vors tzliche einfache K rperverletzung   223 StGB,6413000,Offenbach am Main,voll.,551,248,303,3,1,2,16,8,8,19,9,10,24,12,12,40,11,29,432,189,243,36,27,9,468,216,252,2018
224000,Vors tzliche einfache K rperverletzung   223 StGB,3403000,Oldenburg (Oldenburg),voll.,914,526,388,5,3,2,43,25,18,48,28,20,78,52,26,116,69,47,621,349,272,51,28,23,672,377,295,2018
224000,Vors tzliche einfache K rperverletzung   223 StGB,3404000,Osnabr ck,voll.,995,585,410,9,4,5,38,17,21,47,21,26,96,53,43,125,74,51,680,412,268,47,25,22,727,437,290,2018
224000,Vors tzliche einfache K rperverletzung   223 StGB,5774032,Paderborn,voll.,866,536,330,5,3,2,41,31,10,46,34,12,62,33,29,87,66,21,644,385,259,27,18,9,671,403,268,2018
224000,Vors tzliche einfache K rperverletzung   223 StGB,8231000,Pforzheim,voll.,803,467,336,3,1,2,45,31,14,48,32,16,54,35,19,87,53,34,582,329,253,32,18,14,614,347,267,2018
224000,Vors tzliche einfache K rperverletzung   223 StGB,12054000,Potsdam,voll.,899,553,346,1,0,1,81,63,18,82,63,19,83,56,27,97,54,43,603,360,243,34,20,14,637,380,257,2018
224000,Vors tzliche einfache K rperverletzung   223 StGB,5562032,Recklinghausen,voll.,853,469,384,6,3,3,47,33,14,53,36,17,77,41,36,71,41,30,601,319,282,51,32,19,652,351,301,2018
224000,Vors tzliche einfache K rperverletzung   223 StGB,9362000,Regensburg,voll.,975,661,314,6,3,3,19,14,5,25,17,8,78,43,35,117,83,34,718,493,225,37,25,12,755,518,237,2018
224000,Vors tzliche einfache K rperverletzung   223 StGB,5120000,Remscheid,voll.,754,416,338,3,1,2,41,33,8,44,34,10,79,53,26,85,51,34,503,250,253,43,28,15,546,278,268,2018
224000,Vors tzliche einfache K rperverletzung   223 StGB,8415061,Reutlingen,voll.,699,406,293,4,3,1,36,22,14,40,25,15,81,46,35,94,61,33,445,251,194,39,23,16,484,274,210,2018
224000,Vors tzliche einfache K rperverletzung   223 StGB,13003000,Rostock,voll.,1142,685,457,9,3,6,92,58,34,101,61,40,95,53,42,101,63,38,784,469,315,61,39,22,845,508,337,2018
224000,Vors tzliche einfache K rperverletzung   223 StGB,10041100,Saarbr cken,voll.,1852,1113,739,7,1,6,103,73,30,110,74,36,154,87,67,181,120,61,1301,762,539,106,70,36,1407,832,575,2018
224000,Vors tzliche einfache K rperverletzung   223 StGB,3102000,Salzgitter,voll.,573,304,269,8,5,3,46,34,12,54,39,15,63,34,29,61,38,23,367,178,189,28,15,13,395,193,202,2018
224000,Vors tzliche einfache K rperverletzung   223 StGB,13004000,Schwerin,voll.,731,454,277,10,6,4,54,40,14,64,46,18,76,52,24,60,44,16,485,289,196,46,23,23,531,312,219,2018
224000,Vors tzliche einfache K rperverletzung   223 StGB,5970040,Siegen,voll.,878,518,360,2,1,1,27,21,6,29,22,7,90,51,39,109,68,41,607,350,257,43,27,16,650,377,273,2018
224000,Vors tzliche einfache K rperverletzung   223 StGB,5122000,Solingen,voll.,770,396,374,4,4,0,41,34,7,45,38,7,89,55,34,69,35,34,514,238,276,53,30,23,567,268,299,2018
224000,Vors tzliche einfache K rperverletzung   223 StGB,8111000,Stuttgart,voll.,4759,3102,1657,25,13,12,219,146,73,244,159,85,299,170,129,485,350,135,3526,2303,1223,205,120,85,3731,2423,1308,2018
224000,Vors tzliche einfache K rperverletzung   223 StGB,7211000,Trier,voll.,882,551,331,5,5,0,41,29,12,46,34,12,83,48,35,121,78,43,588,369,219,44,22,22,632,391,241,2018
224000,Vors tzliche einfache K rperverletzung   223 StGB,8421000,Ulm,voll.,756,490,266,4,3,1,27,17,10,31,20,11,50,34,16,71,46,25,568,373,195,36,17,19,604,390,214,2018
224000,Vors tzliche einfache K rperverletzung   223 StGB,6414000,Wiesbaden,voll.,1721,927,794,6,4,2,65,41,24,71,45,26,134,78,56,183,105,78,1230,643,587,103,56,47,1333,699,634,2018
224000,Vors tzliche einfache K rperverletzung   223 StGB,3103000,Wolfsburg,voll.,619,345,274,6,2,4,24,18,6,30,20,10,38,24,14,62,39,23,442,235,207,47,27,20,489,262,227,2018
224000,Vors tzliche einfache K rperverletzung   223 StGB,5124000,Wuppertal,voll.,2977,1669,1308,25,17,8,184,106,78,209,123,86,242,142,100,325,183,142,2065,1144,921,136,77,59,2201,1221,980,2018
224000,Vors tzliche einfache K rperverletzung   223 StGB,9663000,W rzburg,voll.,836,569,267,2,1,1,21,16,5,23,17,6,86,65,21,120,89,31,582,389,193,25,9,16,607,398,209,2018
224000,Vors tzliche einfache K rperverletzung   223 StGB,5334002,Aachen,vers.,57,32,25,0,0,0,0,0,0,0,0,0,1,0,1,3,2,1,49,29,20,4,1,3,53,30,23,2018
224000,Vors tzliche einfache K rperverletzung   223 StGB,9761000,Augsburg,vers.,208,156,52,0,0,0,5,2,3,5,2,3,7,2,5,13,10,3,168,131,37,15,11,4,183,142,41,2018
224000,Vors tzliche einfache K rperverletzung   223 StGB,5378004,Bergisch Gladbach,vers.,11,6,5,0,0,0,0,0,0,0,0,0,0,0,0,0,0,0,10,5,5,1,1,0,11,6,5,2018
224000,Vors tzliche einfache K rperverletzung   223 StGB,11000000,Berlin,vers.,2580,1877,703,15,6,9,49,33,16,64,39,25,98,63,35,89,58,31,2177,1621,556,152,96,56,2329,1717,612,2018
224000,Vors tzliche einfache K rperverletzung   223 StGB,5711000,Bielefeld,vers.,74,39,35,0,0,0,5,2,3,5,2,3,9,7,2,7,3,4,50,24,26,3,3,0,53,27,26,2018
224000,Vors tzliche einfache K rperverletzung   223 StGB,5911000,Bochum,vers.,104,80,24,1,1,0,5,2,3,6,3,3,5,3,2,8,7,1,76,60,16,9,7,2,85,67,18,2018
224000,Vors tzliche einfache K rperverletzung   223 StGB,5314000,Bonn,vers.,98,63,35,0,0,0,3,1,2,3,1,2,2,1,1,6,5,1,79,50,29,8,6,2,87,56,31,2018
224000,Vors tzliche einfache K rperverletzung   223 StGB,5512000,Bottrop,vers.,16,6,10,0,0,0,1,0,1,1,0,1,0,0,0,1,0,1,14,6,8,0,0,0,14,6,8,2018
224000,Vors tzliche einfache K rperverletzung   223 StGB,3101000,Braunschweig,vers.,66,50,16,0,0,0,2,2,0,2,2,0,6,3,3,8,6,2,48,38,10,2,1,1,50,39,11,2018
224000,Vors tzliche einfache K rperverletzung   223 StGB,4011000,Bremen,vers.,152,104,48,1,0,1,2,1,1,3,1,2,8,5,3,9,7,2,126,90,36,6,1,5,132,91,41,2018
224000,Vors tzliche einfache K rperverletzung   223 StGB,4012000,Bremerhaven,vers.,20,16,4,0,0,0,0,0,0,0,0,0,2,2,0,1,0,1,16,13,3,1,1,0,17,14,3,2018
224000,Vors tzliche einfache K rperverletzung   223 StGB,14511000,Chemnitz,vers.,48,36,12,0,0,0,4,4,0,4,4,0,6,5,1,5,4,1,29,19,10,4,4,0,33,23,10,2018
224000,Vors tzliche einfache K rperverletzung   223 StGB,12052000,Cottbus,vers.,28,22,6,0,0,0,4,3,1,4,3,1,0,0,0,1,1,0,19,14,5,4,4,0,23,18,5,2018
224000,Vors tzliche einfache K rperverletzung   223 StGB,6411000,Darmstadt,vers.,10,6,4,0,0,0,0,0,0,0,0,0,0,0,0,0,0,0,10,6,4,0,0,0,10,6,4,2018
224000,Vors tzliche einfache K rperverletzung   223 StGB,5913000,Dortmund,vers.,173,114,59,2,1,1,5,4,1,7,5,2,8,6,2,14,10,4,125,83,42,19,10,9,144,93,51,2018
224000,Vors tzliche einfache K rperverletzung   223 StGB,14612000,Dresden,vers.,119,93,26,1,0,1,3,1,2,4,1,3,3,3,0,7,6,1,99,80,19,6,3,3,105,83,22,2018
224000,Vors tzliche einfache K rperverletzung   223 StGB,5112000,Duisburg,vers.,112,71,41,0,0,0,7,6,1,7,6,1,8,5,3,5,3,2,81,51,30,11,6,5,92,57,35,2018
224000,Vors tzliche einfache K rperverletzung   223 StGB,5111000,D sseldorf,vers.,160,112,48,1,1,0,4,4,0,5,5,0,5,4,1,10,8,2,129,88,41,11,7,4,140,95,45,2018
224000,Vors tzliche einfache K rperverletzung   223 StGB,16051000,Erfurt,vers.,234,170,64,0,0,0,6,3,3,6,3,3,8,2,6,14,12,2,196,148,48,10,5,5,206,153,53,2018
224000,Vors tzliche einfache K rperverletzung   223 StGB,9562000,Erlangen,vers.,28,18,10,0,0,0,0,0,0,0,0,0,3,2,1,2,1,1,21,14,7,2,1,1,23,15,8,2018
224000,Vors tzliche einfache K rperverletzung   223 StGB,5113000,Essen,vers.,91,66,25,0,0,0,3,3,0,3,3,0,3,3,0,6,5,1,72,48,24,7,7,0,79,55,24,2018
224000,Vors tzliche einfache K rperverletzung   223 StGB,6412000,Frankfurt am Main,vers.,203,141,62,1,1,0,2,2,0,3,3,0,5,0,5,6,4,2,175,123,52,14,11,3,189,134,55,2018
224000,Vors tzliche einfache K rperverletzung   223 StGB,8311000,Freiburg im Breisgau,vers.,111,77,34,1,1,0,6,5,1,7,6,1,5,3,2,7,6,1,83,55,28,9,7,2,92,62,30,2018
224000,Vors tzliche einfache K rperverletzung   223 StGB,9563000,F rth,vers.,19,16,3,0,0,0,2,2,0,2,2,0,3,3,0,2,1,1,12,10,2,0,0,0,12,10,2,2018
224000,Vors tzliche einfache K rperverletzung   223 StGB,5513000,Gelsenkirchen,vers.,72,41,31,0,0,0,1,1,0,1,1,0,4,2,2,4,3,1,54,30,24,9,5,4,63,35,28,2018
224000,Vors tzliche einfache K rperverletzung   223 StGB,3159016,G ttingen,vers.,58,38,20,0,0,0,0,0,0,0,0,0,2,1,1,7,7,0,45,29,16,4,1,3,49,30,19,2018
224000,Vors tzliche einfache K rperverletzung   223 StGB,5914000,Hagen,vers.,43,21,22,0,0,0,3,1,2,3,1,2,1,1,0,0,0,0,37,18,19,2,1,1,39,19,20,2018
224000,Vors tzliche einfache K rperverletzung   223 StGB,15002000,Halle (Saale),vers.,139,111,28,0,0,0,5,4,1,5,4,1,3,2,1,7,5,2,114,92,22,10,8,2,124,100,24,2018
224000,Vors tzliche einfache K rperverletzung   223 StGB,2000000,Hamburg,vers.,500,341,159,1,0,1,16,8,8,17,8,9,21,15,6,34,23,11,402,279,123,26,16,10,428,295,133,2018
224000,Vors tzliche einfache K rperverletzung   223 StGB,5915000,Hamm,vers.,31,15,16,0,0,0,1,0,1,1,0,1,2,1,1,2,0,2,24,12,12,2,2,0,26,14,12,2018
224000,Vors tzliche einfache K rperverletzung   223 StGB,3241001,Hannover,vers.,314,230,84,0,0,0,0,0,0,0,0,0,21,16,5,13,8,5,263,194,69,17,12,5,280,206,74,2018
224000,Vors tzliche einfache K rperverletzung   223 StGB,8221000,Heidelberg,vers.,53,41,12,1,0,1,0,0,0,1,0,1,0,0,0,3,3,0,44,34,10,5,4,1,49,38,11,2018
224000,Vors tzliche einfache K rperverletzung   223 StGB,8121000,Heilbronn,vers.,30,24,6,1,1,0,0,0,0,1,1,0,0,0,0,2,2,0,22,17,5,5,4,1,27,21,6,2018
224000,Vors tzliche einfache K rperverletzung   223 StGB,5916000,Herne,vers.,45,24,21,0,0,0,0,0,0,0,0,0,1,1,0,2,1,1,38,19,19,4,3,1,42,22,20,2018
224000,Vors tzliche einfache K rperverletzung   223 StGB,3254021,Hildesheim,vers.,29,21,8,0,0,0,1,1,0,1,1,0,3,1,2,3,3,0,22,16,6,0,0,0,22,16,6,2018
224000,Vors tzliche einfache K rperverletzung   223 StGB,9161000,Ingolstadt,vers.,96,78,18,0,0,0,2,1,1,2,1,1,3,2,1,13,9,4,73,63,10,5,3,2,78,66,12,2018
224000,Vors tzliche einfache K rperverletzung   223 StGB,16053000,Jena,vers.,48,39,9,1,1,0,1,1,0,2,2,0,2,2,0,7,7,0,34,27,7,3,1,2,37,28,9,2018
224000,Vors tzliche einfache K rperverletzung   223 StGB,8212000,Karlsruhe,vers.,64,48,16,0,0,0,2,2,0,2,2,0,5,1,4,2,0,2,51,42,9,4,3,1,55,45,10,2018
224000,Vors tzliche einfache K rperverletzung   223 StGB,6611000,Kassel,vers.,30,23,7,0,0,0,0,0,0,0,0,0,1,1,0,2,1,1,25,19,6,2,2,0,27,21,6,2018
224000,Vors tzliche einfache K rperverletzung   223 StGB,1002000,Kiel,vers.,72,56,16,0,0,0,2,2,0,2,2,0,4,3,1,7,7,0,50,41,9,9,3,6,59,44,15,2018
224000,Vors tzliche einfache K rperverletzung   223 StGB,7111000,Koblenz,vers.,65,33,32,0,0,0,0,0,0,0,0,0,3,2,1,6,4,2,54,27,27,2,0,2,56,27,29,2018
224000,Vors tzliche einfache K rperverletzung   223 StGB,5315000,K ln,vers.,422,266,156,3,2,1,6,4,2,9,6,3,23,14,9,18,11,7,326,209,117,46,26,20,372,235,137,2018
224000,Vors tzliche einfache K rperverletzung   223 StGB,5114000,Krefeld,vers.,73,44,29,0,0,0,4,1,3,4,1,3,2,1,1,2,1,1,56,36,20,9,5,4,65,41,24,2018
224000,Vors tzliche einfache K rperverletzung   223 StGB,14713000,Leipzig,vers.,135,102,33,1,1,0,4,3,1,5,4,1,5,3,2,5,4,1,115,88,27,5,3,2,120,91,29,2018
224000,Vors tzliche einfache K rperverletzung   223 StGB,5316000,Leverkusen,vers.,85,44,41,0,0,0,3,2,1,3,2,1,10,6,4,4,1,3,61,32,29,7,3,4,68,35,33,2018
224000,Vors tzliche einfache K rperverletzung   223 StGB,1003000,L beck,vers.,84,56,28,0,0,0,2,1,1,2,1,1,5,3,2,9,7,2,63,43,20,5,2,3,68,45,23,2018
224000,Vors tzliche einfache K rperverletzung   223 StGB,7314000,Ludwigshafen am Rhein,vers.,108,68,40,2,1,1,4,1,3,6,2,4,8,5,3,10,7,3,71,44,27,13,10,3,84,54,30,2018
224000,Vors tzliche einfache K rperverletzung   223 StGB,15003000,Magdeburg,vers.,69,46,23,1,1,0,1,1,0,2,2,0,6,4,2,2,2,0,53,35,18,6,3,3,59,38,21,2018
224000,Vors tzliche einfache K rperverletzung   223 StGB,7315000,Mainz,vers.,114,86,28,1,0,1,2,2,0,3,2,1,6,6,0,6,4,2,90,66,24,9,8,1,99,74,25,2018
224000,Vors tzliche einfache K rperverletzung   223 StGB,8222000,Mannheim,vers.,93,66,27,1,1,0,0,0,0,1,1,0,1,1,0,2,0,2,79,57,22,10,7,3,89,64,25,2018
224000,Vors tzliche einfache K rperverletzung   223 StGB,5170024,Moers,vers.,17,10,7,0,0,0,0,0,0,0,0,0,0,0,0,2,1,1,13,9,4,2,0,2,15,9,6,2018
224000,Vors tzliche einfache K rperverletzung   223 StGB,5116000,M nchengladbach,vers.,39,26,13,1,1,0,0,0,0,1,1,0,3,2,1,2,1,1,31,20,11,2,2,0,33,22,11,2018
224000,Vors tzliche einfache K rperverletzung   223 StGB,5117000,M lheim an der Ruhr,vers.,16,9,7,0,0,0,0,0,0,0,0,0,0,0,0,3,2,1,11,7,4,2,0,2,13,7,6,2018
224000,Vors tzliche einfache K rperverletzung   223 StGB,9162000,M nchen,vers.,540,389,151,4,2,2,5,4,1,9,6,3,14,8,6,23,18,5,457,327,130,37,30,7,494,357,137,2018
224000,Vors tzliche einfache K rperverletzung   223 StGB,5515000,M nster,vers.,87,58,29,0,0,0,2,1,1,2,1,1,2,1,1,1,0,1,74,50,24,8,6,2,82,56,26,2018
224000,Vors tzliche einfache K rperverletzung   223 StGB,5162024,Neuss,vers.,27,18,9,0,0,0,0,0,0,0,0,0,1,1,0,2,2,0,21,14,7,3,1,2,24,15,9,2018
224000,Vors tzliche einfache K rperverletzung   223 StGB,9564000,N rnberg,vers.,286,227,59,3,2,1,10,4,6,13,6,7,16,14,2,24,20,4,219,176,43,14,11,3,233,187,46,2018
224000,Vors tzliche einfache K rperverletzung   223 StGB,5119000,Oberhausen,vers.,46,30,16,0,0,0,3,3,0,3,3,0,0,0,0,1,1,0,39,23,16,3,3,0,42,26,16,2018
224000,Vors tzliche einfache K rperverletzung   223 StGB,6413000,Offenbach am Main,vers.,14,8,6,0,0,0,0,0,0,0,0,0,1,0,1,1,1,0,10,6,4,2,1,1,12,7,5,2018
224000,Vors tzliche einfache K rperverletzung   223 StGB,3403000,Oldenburg (Oldenburg),vers.,26,16,10,0,0,0,0,0,0,0,0,0,1,1,0,3,3,0,19,10,9,3,2,1,22,12,10,2018
224000,Vors tzliche einfache K rperverletzung   223 StGB,3404000,Osnabr ck,vers.,47,32,15,0,0,0,0,0,0,0,0,0,2,0,2,5,2,3,36,28,8,4,2,2,40,30,10,2018
224000,Vors tzliche einfache K rperverletzung   223 StGB,5774032,Paderborn,vers.,67,44,23,0,0,0,2,2,0,2,2,0,2,2,0,5,3,2,55,34,21,3,3,0,58,37,21,2018
224000,Vors tzliche einfache K rperverletzung   223 StGB,8231000,Pforzheim,vers.,40,24,16,0,0,0,2,2,0,2,2,0,1,1,0,2,2,0,33,17,16,2,2,0,35,19,16,2018
224000,Vors tzliche einfache K rperverletzung   223 StGB,12054000,Potsdam,vers.,43,32,11,1,1,0,2,1,1,3,2,1,1,1,0,3,3,0,35,26,9,1,0,1,36,26,10,2018
224000,Vors tzliche einfache K rperverletzung   223 StGB,5562032,Recklinghausen,vers.,37,24,13,0,0,0,2,1,1,2,1,1,0,0,0,3,3,0,29,18,11,3,2,1,32,20,12,2018
224000,Vors tzliche einfache K rperverletzung   223 StGB,9362000,Regensburg,vers.,67,51,16,1,0,1,1,1,0,2,1,1,5,3,2,10,6,4,48,39,9,2,2,0,50,41,9,2018
224000,Vors tzliche einfache K rperverletzung   223 StGB,5120000,Remscheid,vers.,20,13,7,0,0,0,1,1,0,1,1,0,2,1,1,1,1,0,14,9,5,2,1,1,16,10,6,2018
224000,Vors tzliche einfache K rperverletzung   223 StGB,8415061,Reutlingen,vers.,20,15,5,0,0,0,0,0,0,0,0,0,1,0,1,0,0,0,17,13,4,2,2,0,19,15,4,2018
224000,Vors tzliche einfache K rperverletzung   223 StGB,13003000,Rostock,vers.,66,49,17,0,0,0,1,1,0,1,1,0,4,2,2,2,2,0,53,38,15,6,6,0,59,44,15,2018
224000,Vors tzliche einfache K rperverletzung   223 StGB,10041100,Saarbr cken,vers.,189,123,66,1,0,1,9,5,4,10,5,5,13,6,7,15,11,4,141,94,47,10,7,3,151,101,50,2018
224000,Vors tzliche einfache K rperverletzung   223 StGB,3102000,Salzgitter,vers.,17,14,3,0,0,0,0,0,0,0,0,0,0,0,0,0,0,0,15,13,2,2,1,1,17,14,3,2018
224000,Vors tzliche einfache K rperverletzung   223 StGB,13004000,Schwerin,vers.,72,54,18,1,1,0,3,0,3,4,1,3,2,2,0,1,1,0,58,44,14,7,6,1,65,50,15,2018
224000,Vors tzliche einfache K rperverletzung   223 StGB,5970040,Siegen,vers.,51,30,21,0,0,0,3,3,0,3,3,0,4,3,1,5,3,2,32,16,16,7,5,2,39,21,18,2018
224000,Vors tzliche einfache K rperverletzung   223 StGB,5122000,Solingen,vers.,18,12,6,0,0,0,0,0,0,0,0,0,0,0,0,0,0,0,16,11,5,2,1,1,18,12,6,2018
224000,Vors tzliche einfache K rperverletzung   223 StGB,8111000,Stuttgart,vers.,257,193,64,1,1,0,4,2,2,5,3,2,8,4,4,15,12,3,205,158,47,24,16,8,229,174,55,2018
224000,Vors tzliche einfache K rperverletzung   223 StGB,7211000,Trier,vers.,25,16,9,0,0,0,1,1,0,1,1,0,2,2,0,2,1,1,18,10,8,2,2,0,20,12,8,2018
224000,Vors tzliche einfache K rperverletzung   223 StGB,8421000,Ulm,vers.,26,19,7,0,0,0,0,0,0,0,0,0,1,1,0,2,2,0,22,15,7,1,1,0,23,16,7,2018
224000,Vors tzliche einfache K rperverletzung   223 StGB,6414000,Wiesbaden,vers.,55,34,21,0,0,0,2,2,0,2,2,0,5,3,2,1,0,1,43,26,17,4,3,1,47,29,18,2018
224000,Vors tzliche einfache K rperverletzung   223 StGB,3103000,Wolfsburg,vers.,12,9,3,0,0,0,0,0,0,0,0,0,1,1,0,2,1,1,9,7,2,0,0,0,9,7,2,2018
224000,Vors tzliche einfache K rperverletzung   223 StGB,5124000,Wuppertal,vers.,128,79,49,0,0,0,5,3,2,5,3,2,2,1,1,17,7,10,96,63,33,8,5,3,104,68,36,2018
224000,Vors tzliche einfache K rperverletzung   223 StGB,9663000,W rzburg,vers.,39,29,10,0,0,0,5,5,0,5,5,0,2,1,1,3,2,1,27,19,8,2,2,0,29,21,8,2018
224000,Vors tzliche einfache K rperverletzung   223 StGB,5334002,Aachen,insg.,1591,920,671,5,3,2,57,42,15,62,45,17,114,54,60,158,90,68,1168,676,492,89,55,34,1257,731,526,2018
224000,Vors tzliche einfache K rperverletzung   223 StGB,9761000,Augsburg,insg.,2486,1631,855,15,9,6,114,82,32,129,91,38,189,112,77,251,177,74,1794,1180,614,123,71,52,1917,1251,666,2018
224000,Vors tzliche einfache K rperverletzung   223 StGB,5378004,Bergisch Gladbach,insg.,540,275,265,2,0,2,24,12,12,26,12,14,59,34,25,34,19,15,374,182,192,47,28,19,421,210,211,2018
224000,Vors tzliche einfache K rperverletzung   223 StGB,11000000,Berlin,insg.,32225,19220,13005,244,135,109,1758,1196,562,2002,1331,671,2154,1216,938,2100,1206,894,24159,14415,9744,1810,1052,758,25969,15467,10502,2018
224000,Vors tzliche einfache K rperverletzung   223 StGB,5711000,Bielefeld,insg.,1870,1004,866,8,8,0,67,46,21,75,54,21,152,86,66,198,123,75,1344,692,652,101,49,52,1445,741,704,2018
224000,Vors tzliche einfache K rperverletzung   223 StGB,5911000,Bochum,insg.,2797,1625,1172,19,12,7,135,85,50,154,97,57,190,101,89,280,169,111,2013,1163,850,160,95,65,2173,1258,915,2018
224000,Vors tzliche einfache K rperverletzung   223 StGB,5314000,Bonn,insg.,2151,1230,921,14,7,7,87,62,25,101,69,32,174,106,68,203,119,84,1562,868,694,111,68,43,1673,936,737,2018
224000,Vors tzliche einfache K rperverletzung   223 StGB,5512000,Bottrop,insg.,516,275,241,1,1,0,34,18,16,35,19,16,40,26,14,42,24,18,370,190,180,29,16,13,399,206,193,2018
224000,Vors tzliche einfache K rperverletzung   223 StGB,3101000,Braunschweig,insg.,1773,1114,659,8,7,1,82,57,25,90,64,26,131,85,46,221,157,64,1244,767,477,87,41,46,1331,808,523,2018
224000,Vors tzliche einfache K rperverletzung   223 StGB,4011000,Bremen,insg.,3752,2191,1561,20,8,12,153,107,46,173,115,58,264,164,100,425,258,167,2703,1557,1146,187,97,90,2890,1654,1236,2018
224000,Vors tzliche einfache K rperverletzung   223 StGB,4012000,Bremerhaven,insg.,948,535,413,4,3,1,59,37,22,63,40,23,89,60,29,93,37,56,667,379,288,36,19,17,703,398,305,2018
224000,Vors tzliche einfache K rperverletzung   223 StGB,14511000,Chemnitz,insg.,1092,632,460,8,4,4,73,51,22,81,55,26,100,57,43,101,58,43,742,426,316,68,36,32,810,462,348,2018
224000,Vors tzliche einfache K rperverletzung   223 StGB,12052000,Cottbus,insg.,724,426,298,3,2,1,74,47,27,77,49,28,65,39,26,56,33,23,487,278,209,39,27,12,526,305,221,2018
224000,Vors tzliche einfache K rperverletzung   223 StGB,6411000,Darmstadt,insg.,583,298,285,0,0,0,21,15,6,21,15,6,35,23,12,48,25,23,450,217,233,29,18,11,479,235,244,2018
224000,Vors tzliche einfache K rperverletzung   223 StGB,5913000,Dortmund,insg.,4913,2836,2077,35,18,17,221,142,79,256,160,96,357,201,156,473,281,192,3555,2038,1517,272,156,116,3827,2194,1633,2018
224000,Vors tzliche einfache K rperverletzung   223 StGB,14612000,Dresden,insg.,2527,1636,891,23,7,16,142,96,46,165,103,62,198,119,79,210,144,66,1816,1198,618,138,72,66,1954,1270,684,2018
224000,Vors tzliche einfache K rperverletzung   223 StGB,5112000,Duisburg,insg.,3214,1647,1567,33,21,12,186,133,53,219,154,65,249,137,112,276,126,150,2256,1107,1149,214,123,91,2470,1230,1240,2018
224000,Vors tzliche einfache K rperverletzung   223 StGB,5111000,D sseldorf,insg.,4227,2683,1544,20,11,9,142,91,51,162,102,60,304,173,131,463,322,141,3110,1966,1144,188,120,68,3298,2086,1212,2018
224000,Vors tzliche einfache K rperverletzung   223 StGB,16051000,Erfurt,insg.,2063,1307,756,12,7,5,144,81,63,156,88,68,147,90,57,207,134,73,1450,936,514,103,59,44,1553,995,558,2018
224000,Vors tzliche einfache K rperverletzung   223 StGB,9562000,Erlangen,insg.,492,298,194,3,2,1,15,8,7,18,10,8,42,23,19,80,55,25,330,199,131,22,11,11,352,210,142,2018
224000,Vors tzliche einfache K rperverletzung   223 StGB,5113000,Essen,insg.,2772,1572,1200,4,2,2,152,117,35,156,119,37,214,124,90,229,145,84,2008,1084,924,165,100,65,2173,1184,989,2018
224000,Vors tzliche einfache K rperverletzung   223 StGB,6412000,Frankfurt am Main,insg.,4414,2571,1843,23,19,4,128,88,40,151,107,44,199,114,85,291,159,132,3486,2013,1473,287,178,109,3773,2191,1582,2018
224000,Vors tzliche einfache K rperverletzung   223 StGB,8311000,Freiburg im Breisgau,insg.,2152,1481,671,21,13,8,83,59,24,104,72,32,173,123,50,205,148,57,1570,1068,502,100,70,30,1670,1138,532,2018
224000,Vors tzliche einfache K rperverletzung   223 StGB,9563000,F rth,insg.,420,231,189,3,1,2,34,23,11,37,24,13,36,25,11,36,22,14,287,144,143,24,16,8,311,160,151,2018
224000,Vors tzliche einfache K rperverletzung   223 StGB,5513000,Gelsenkirchen,insg.,2097,1021,1076,6,5,1,130,92,38,136,97,39,156,77,79,181,85,96,1490,692,798,134,70,64,1624,762,862,2018
224000,Vors tzliche einfache K rperverletzung   223 StGB,3159016,G ttingen,insg.,907,551,356,5,2,3,49,21,28,54,23,31,81,49,32,106,68,38,615,378,237,51,33,18,666,411,255,2018
224000,Vors tzliche einfache K rperverletzung   223 StGB,5914000,Hagen,insg.,1379,742,637,10,6,4,96,61,35,106,67,39,120,74,46,154,87,67,937,478,459,62,36,26,999,514,485,2018
224000,Vors tzliche einfache K rperverletzung   223 StGB,15002000,Halle (Saale),insg.,2192,1308,884,22,14,8,142,93,49,164,107,57,179,98,81,218,126,92,1529,915,614,102,62,40,1631,977,654,2018
224000,Vors tzliche einfache K rperverletzung   223 StGB,2000000,Hamburg,insg.,15566,9287,6279,80,49,31,764,525,239,844,574,270,1098,611,487,1187,714,473,11607,6915,4692,830,473,357,12437,7388,5049,2018
224000,Vors tzliche einfache K rperverletzung   223 StGB,5915000,Hamm,insg.,1016,516,500,3,2,1,58,44,14,61,46,15,105,54,51,77,34,43,721,348,373,52,34,18,773,382,391,2018
224000,Vors tzliche einfache K rperverletzung   223 StGB,3241001,Hannover,insg.,5287,3260,2027,36,20,16,223,146,77,259,166,93,351,197,154,474,303,171,3952,2444,1508,251,150,101,4203,2594,1609,2018
224000,Vors tzliche einfache K rperverletzung   223 StGB,8221000,Heidelberg,insg.,1032,681,351,7,3,4,34,22,12,41,25,16,46,31,15,114,73,41,758,504,254,73,48,25,831,552,279,2018
224000,Vors tzliche einfache K rperverletzung   223 StGB,8121000,Heilbronn,insg.,724,441,283,8,6,2,23,15,8,31,21,10,44,25,19,94,69,25,509,291,218,46,35,11,555,326,229,2018
224000,Vors tzliche einfache K rperverletzung   223 StGB,5916000,Herne,insg.,1246,672,574,9,5,4,78,47,31,87,52,35,121,61,60,105,58,47,860,457,403,73,44,29,933,501,432,2018
224000,Vors tzliche einfache K rperverletzung   223 StGB,3254021,Hildesheim,insg.,819,459,360,6,5,1,42,28,14,48,33,15,74,29,45,90,62,28,561,310,251,46,25,21,607,335,272,2018
224000,Vors tzliche einfache K rperverletzung   223 StGB,9161000,Ingolstadt,insg.,1113,764,349,11,6,5,52,35,17,63,41,22,75,58,17,135,104,31,784,526,258,56,35,21,840,561,279,2018
224000,Vors tzliche einfache K rperverletzung   223 StGB,16053000,Jena,insg.,604,400,204,4,3,1,35,23,12,39,26,13,62,36,26,72,55,17,413,274,139,18,9,9,431,283,148,2018
224000,Vors tzliche einfache K rperverletzung   223 StGB,8212000,Karlsruhe,insg.,1455,893,562,9,7,2,66,41,25,75,48,27,103,57,46,147,92,55,1045,645,400,85,51,34,1130,696,434,2018
224000,Vors tzliche einfache K rperverletzung   223 StGB,6611000,Kassel,insg.,1124,615,509,5,3,2,51,31,20,56,34,22,60,32,28,97,64,33,858,452,406,53,33,20,911,485,426,2018
224000,Vors tzliche einfache K rperverletzung   223 StGB,1002000,Kiel,insg.,1903,1220,683,7,2,5,67,49,18,74,51,23,147,98,49,227,154,73,1373,869,504,82,48,34,1455,917,538,2018
224000,Vors tzliche einfache K rperverletzung   223 StGB,7111000,Koblenz,insg.,1093,697,396,4,2,2,42,27,15,46,29,17,103,61,42,137,93,44,756,484,272,51,30,21,807,514,293,2018
224000,Vors tzliche einfache K rperverletzung   223 StGB,5315000,K ln,insg.,9535,5566,3969,47,23,24,374,220,154,421,243,178,687,360,327,785,473,312,7127,4191,2936,515,299,216,7642,4490,3152,2018
224000,Vors tzliche einfache K rperverletzung   223 StGB,5114000,Krefeld,insg.,1692,903,789,8,3,5,117,83,34,125,86,39,169,94,75,141,79,62,1158,593,565,99,51,48,1257,644,613,2018
224000,Vors tzliche einfache K rperverletzung   223 StGB,14713000,Leipzig,insg.,3224,1992,1232,26,12,14,154,90,64,180,102,78,248,153,95,228,138,90,2386,1503,883,182,96,86,2568,1599,969,2018
224000,Vors tzliche einfache K rperverletzung   223 StGB,5316000,Leverkusen,insg.,1194,637,557,11,8,3,66,44,22,77,52,25,121,58,63,94,56,38,832,432,400,70,39,31,902,471,431,2018
224000,Vors tzliche einfache K rperverletzung   223 StGB,1003000,L beck,insg.,1977,1194,783,15,8,7,89,54,35,104,62,42,189,106,83,172,107,65,1426,864,562,86,55,31,1512,919,593,2018
224000,Vors tzliche einfache K rperverletzung   223 StGB,7314000,Ludwigshafen am Rhein,insg.,1807,987,820,19,12,7,133,94,39,152,106,46,162,89,73,167,91,76,1219,639,580,107,62,45,1326,701,625,2018
224000,Vors tzliche einfache K rperverletzung   223 StGB,15003000,Magdeburg,insg.,1584,941,643,13,9,4,96,57,39,109,66,43,148,94,54,143,83,60,1078,633,445,106,65,41,1184,698,486,2018
224000,Vors tzliche einfache K rperverletzung   223 StGB,7315000,Mainz,insg.,1572,1011,561,11,4,7,55,40,15,66,44,22,134,82,52,170,119,51,1121,711,410,81,55,26,1202,766,436,2018
224000,Vors tzliche einfache K rperverletzung   223 StGB,8222000,Mannheim,insg.,1968,1130,838,14,10,4,72,50,22,86,60,26,132,68,64,180,107,73,1456,818,638,114,77,37,1570,895,675,2018
224000,Vors tzliche einfache K rperverletzung   223 StGB,5170024,Moers,insg.,478,259,219,4,2,2,26,16,10,30,18,12,63,36,27,44,30,14,300,153,147,41,22,19,341,175,166,2018
224000,Vors tzliche einfache K rperverletzung   223 StGB,5116000,M nchengladbach,insg.,1560,808,752,8,6,2,71,47,24,79,53,26,153,93,60,158,78,80,1085,539,546,85,45,40,1170,584,586,2018
224000,Vors tzliche einfache K rperverletzung   223 StGB,5117000,M lheim an der Ruhr,insg.,622,329,293,4,4,0,44,32,12,48,36,12,48,28,20,62,36,26,415,207,208,49,22,27,464,229,235,2018
224000,Vors tzliche einfache K rperverletzung   223 StGB,9162000,M nchen,insg.,7524,4836,2688,60,31,29,264,186,78,324,217,107,371,250,121,639,437,202,5732,3664,2068,458,268,190,6190,3932,2258,2018
224000,Vors tzliche einfache K rperverletzung   223 StGB,5515000,M nster,insg.,1958,1224,734,15,10,5,77,62,15,92,72,20,163,101,62,191,134,57,1408,850,558,104,67,37,1512,917,595,2018
224000,Vors tzliche einfache K rperverletzung   223 StGB,5162024,Neuss,insg.,980,524,456,7,4,3,50,37,13,57,41,16,85,46,39,92,54,38,684,355,329,62,28,34,746,383,363,2018
224000,Vors tzliche einfache K rperverletzung   223 StGB,9564000,N rnberg,insg.,4072,2620,1452,22,14,8,175,109,66,197,123,74,348,206,142,422,290,132,2912,1886,1026,193,115,78,3105,2001,1104,2018
224000,Vors tzliche einfache K rperverletzung   223 StGB,5119000,Oberhausen,insg.,1457,803,654,7,4,3,66,43,23,73,47,26,124,74,50,158,92,66,1026,546,480,76,44,32,1102,590,512,2018
224000,Vors tzliche einfache K rperverletzung   223 StGB,6413000,Offenbach am Main,insg.,565,256,309,3,1,2,16,8,8,19,9,10,25,12,13,41,12,29,442,195,247,38,28,10,480,223,257,2018
224000,Vors tzliche einfache K rperverletzung   223 StGB,3403000,Oldenburg (Oldenburg),insg.,940,542,398,5,3,2,43,25,18,48,28,20,79,53,26,119,72,47,640,359,281,54,30,24,694,389,305,2018
224000,Vors tzliche einfache K rperverletzung   223 StGB,3404000,Osnabr ck,insg.,1042,617,425,9,4,5,38,17,21,47,21,26,98,53,45,130,76,54,716,440,276,51,27,24,767,467,300,2018
224000,Vors tzliche einfache K rperverletzung   223 StGB,5774032,Paderborn,insg.,933,580,353,5,3,2,43,33,10,48,36,12,64,35,29,92,69,23,699,419,280,30,21,9,729,440,289,2018
224000,Vors tzliche einfache K rperverletzung   223 StGB,8231000,Pforzheim,insg.,843,491,352,3,1,2,47,33,14,50,34,16,55,36,19,89,55,34,615,346,269,34,20,14,649,366,283,2018
224000,Vors tzliche einfache K rperverletzung   223 StGB,12054000,Potsdam,insg.,942,585,357,2,1,1,83,64,19,85,65,20,84,57,27,100,57,43,638,386,252,35,20,15,673,406,267,2018
224000,Vors tzliche einfache K rperverletzung   223 StGB,5562032,Recklinghausen,insg.,890,493,397,6,3,3,49,34,15,55,37,18,77,41,36,74,44,30,630,337,293,54,34,20,684,371,313,2018
224000,Vors tzliche einfache K rperverletzung   223 StGB,9362000,Regensburg,insg.,1042,712,330,7,3,4,20,15,5,27,18,9,83,46,37,127,89,38,766,532,234,39,27,12,805,559,246,2018
224000,Vors tzliche einfache K rperverletzung   223 StGB,5120000,Remscheid,insg.,774,429,345,3,1,2,42,34,8,45,35,10,81,54,27,86,52,34,517,259,258,45,29,16,562,288,274,2018
224000,Vors tzliche einfache K rperverletzung   223 StGB,8415061,Reutlingen,insg.,719,421,298,4,3,1,36,22,14,40,25,15,82,46,36,94,61,33,462,264,198,41,25,16,503,289,214,2018
224000,Vors tzliche einfache K rperverletzung   223 StGB,13003000,Rostock,insg.,1208,734,474,9,3,6,93,59,34,102,62,40,99,55,44,103,65,38,837,507,330,67,45,22,904,552,352,2018
224000,Vors tzliche einfache K rperverletzung   223 StGB,10041100,Saarbr cken,insg.,2041,1236,805,8,1,7,112,78,34,120,79,41,167,93,74,196,131,65,1442,856,586,116,77,39,1558,933,625,2018
224000,Vors tzliche einfache K rperverletzung   223 StGB,3102000,Salzgitter,insg.,590,318,272,8,5,3,46,34,12,54,39,15,63,34,29,61,38,23,382,191,191,30,16,14,412,207,205,2018
224000,Vors tzliche einfache K rperverletzung   223 StGB,13004000,Schwerin,insg.,803,508,295,11,7,4,57,40,17,68,47,21,78,54,24,61,45,16,543,333,210,53,29,24,596,362,234,2018
224000,Vors tzliche einfache K rperverletzung   223 StGB,5970040,Siegen,insg.,929,548,381,2,1,1,30,24,6,32,25,7,94,54,40,114,71,43,639,366,273,50,32,18,689,398,291,2018
224000,Vors tzliche einfache K rperverletzung   223 StGB,5122000,Solingen,insg.,788,408,380,4,4,0,41,34,7,45,38,7,89,55,34,69,35,34,530,249,281,55,31,24,585,280,305,2018
224000,Vors tzliche einfache K rperverletzung   223 StGB,8111000,Stuttgart,insg.,5016,3295,1721,26,14,12,223,148,75,249,162,87,307,174,133,500,362,138,3731,2461,1270,229,136,93,3960,2597,1363,2018
224000,Vors tzliche einfache K rperverletzung   223 StGB,7211000,Trier,insg.,907,567,340,5,5,0,42,30,12,47,35,12,85,50,35,123,79,44,606,379,227,46,24,22,652,403,249,2018
224000,Vors tzliche einfache K rperverletzung   223 StGB,8421000,Ulm,insg.,782,509,273,4,3,1,27,17,10,31,20,11,51,35,16,73,48,25,590,388,202,37,18,19,627,406,221,2018
224000,Vors tzliche einfache K rperverletzung   223 StGB,6414000,Wiesbaden,insg.,1776,961,815,6,4,2,67,43,24,73,47,26,139,81,58,184,105,79,1273,669,604,107,59,48,1380,728,652,2018
224000,Vors tzliche einfache K rperverletzung   223 StGB,3103000,Wolfsburg,insg.,631,354,277,6,2,4,24,18,6,30,20,10,39,25,14,64,40,24,451,242,209,47,27,20,498,269,229,2018
224000,Vors tzliche einfache K rperverletzung   223 StGB,5124000,Wuppertal,insg.,3105,1748,1357,25,17,8,189,109,80,214,126,88,244,143,101,342,190,152,2161,1207,954,144,82,62,2305,1289,1016,2018
224000,Vors tzliche einfache K rperverletzung   223 StGB,9663000,W rzburg,insg.,875,598,277,2,1,1,26,21,5,28,22,6,88,66,22,123,91,32,609,408,201,27,11,16,636,419,217,2018
621100,Widerstand gegen und t tlicher Angriff auf Vollstreckungsbeamte und gleichstehende Personen    113-115 StGB,5334002,Aachen,voll.,438,348,90,0,0,0,0,0,0,0,0,0,0,0,0,5,2,3,432,345,87,1,1,0,433,346,87,2018
621100,Widerstand gegen und t tlicher Angriff auf Vollstreckungsbeamte und gleichstehende Personen    113-115 StGB,9761000,Augsburg,voll.,531,447,84,0,0,0,0,0,0,0,0,0,0,0,0,8,4,4,523,443,80,0,0,0,523,443,80,2018
621100,Widerstand gegen und t tlicher Angriff auf Vollstreckungsbeamte und gleichstehende Personen    113-115 StGB,5378004,Bergisch Gladbach,voll.,47,30,17,0,0,0,0,0,0,0,0,0,0,0,0,0,0,0,47,30,17,0,0,0,47,30,17,2018
621100,Widerstand gegen und t tlicher Angriff auf Vollstreckungsbeamte und gleichstehende Personen    113-115 StGB,11000000,Berlin,voll.,6042,5208,834,1,1,0,0,0,0,1,1,0,1,1,0,32,26,6,5967,5143,824,41,37,4,6008,5180,828,2018
621100,Widerstand gegen und t tlicher Angriff auf Vollstreckungsbeamte und gleichstehende Personen    113-115 StGB,5711000,Bielefeld,voll.,263,211,52,0,0,0,0,0,0,0,0,0,0,0,0,10,10,0,251,199,52,2,2,0,253,201,52,2018
621100,Widerstand gegen und t tlicher Angriff auf Vollstreckungsbeamte und gleichstehende Personen    113-115 StGB,5911000,Bochum,voll.,529,420,109,0,0,0,0,0,0,0,0,0,0,0,0,10,8,2,513,406,107,6,6,0,519,412,107,2018
621100,Widerstand gegen und t tlicher Angriff auf Vollstreckungsbeamte und gleichstehende Personen    113-115 StGB,5314000,Bonn,voll.,488,383,105,0,0,0,0,0,0,0,0,0,0,0,0,7,5,2,481,378,103,0,0,0,481,378,103,2018
621100,Widerstand gegen und t tlicher Angriff auf Vollstreckungsbeamte und gleichstehende Personen    113-115 StGB,5512000,Bottrop,voll.,52,42,10,0,0,0,0,0,0,0,0,0,0,0,0,0,0,0,51,41,10,1,1,0,52,42,10,2018
621100,Widerstand gegen und t tlicher Angriff auf Vollstreckungsbeamte und gleichstehende Personen    113-115 StGB,3101000,Braunschweig,voll.,355,292,63,0,0,0,0,0,0,0,0,0,0,0,0,5,4,1,349,287,62,1,1,0,350,288,62,2018
621100,Widerstand gegen und t tlicher Angriff auf Vollstreckungsbeamte und gleichstehende Personen    113-115 StGB,4011000,Bremen,voll.,704,571,133,0,0,0,0,0,0,0,0,0,0,0,0,4,3,1,690,558,132,10,10,0,700,568,132,2018
621100,Widerstand gegen und t tlicher Angriff auf Vollstreckungsbeamte und gleichstehende Personen    113-115 StGB,4012000,Bremerhaven,voll.,189,147,42,0,0,0,0,0,0,0,0,0,0,0,0,0,0,0,187,145,42,2,2,0,189,147,42,2018
621100,Widerstand gegen und t tlicher Angriff auf Vollstreckungsbeamte und gleichstehende Personen    113-115 StGB,14511000,Chemnitz,voll.,209,177,32,0,0,0,0,0,0,0,0,0,0,0,0,0,0,0,209,177,32,0,0,0,209,177,32,2018
621100,Widerstand gegen und t tlicher Angriff auf Vollstreckungsbeamte und gleichstehende Personen    113-115 StGB,12052000,Cottbus,voll.,126,108,18,0,0,0,0,0,0,0,0,0,0,0,0,1,1,0,125,107,18,0,0,0,125,107,18,2018
621100,Widerstand gegen und t tlicher Angriff auf Vollstreckungsbeamte und gleichstehende Personen    113-115 StGB,6411000,Darmstadt,voll.,96,77,19,0,0,0,0,0,0,0,0,0,0,0,0,0,0,0,96,77,19,0,0,0,96,77,19,2018
621100,Widerstand gegen und t tlicher Angriff auf Vollstreckungsbeamte und gleichstehende Personen    113-115 StGB,5913000,Dortmund,voll.,1547,1255,292,1,0,1,0,0,0,1,0,1,5,2,3,19,13,6,1513,1234,279,9,6,3,1522,1240,282,2018
621100,Widerstand gegen und t tlicher Angriff auf Vollstreckungsbeamte und gleichstehende Personen    113-115 StGB,14612000,Dresden,voll.,423,368,55,0,0,0,0,0,0,0,0,0,0,0,0,5,2,3,416,364,52,2,2,0,418,366,52,2018
621100,Widerstand gegen und t tlicher Angriff auf Vollstreckungsbeamte und gleichstehende Personen    113-115 StGB,5112000,Duisburg,voll.,531,426,105,0,0,0,1,0,1,1,0,1,2,1,1,14,13,1,510,409,101,4,3,1,514,412,102,2018
621100,Widerstand gegen und t tlicher Angriff auf Vollstreckungsbeamte und gleichstehende Personen    113-115 StGB,5111000,D sseldorf,voll.,1109,870,239,1,0,1,0,0,0,1,0,1,2,2,0,30,21,9,1069,843,226,7,4,3,1076,847,229,2018
621100,Widerstand gegen und t tlicher Angriff auf Vollstreckungsbeamte und gleichstehende Personen    113-115 StGB,16051000,Erfurt,voll.,365,331,34,0,0,0,0,0,0,0,0,0,0,0,0,4,3,1,361,328,33,0,0,0,361,328,33,2018
621100,Widerstand gegen und t tlicher Angriff auf Vollstreckungsbeamte und gleichstehende Personen    113-115 StGB,9562000,Erlangen,voll.,38,32,6,0,0,0,0,0,0,0,0,0,0,0,0,1,1,0,37,31,6,0,0,0,37,31,6,2018
621100,Widerstand gegen und t tlicher Angriff auf Vollstreckungsbeamte und gleichstehende Personen    113-115 StGB,5113000,Essen,voll.,572,442,130,0,0,0,0,0,0,0,0,0,6,3,3,7,4,3,549,425,124,10,10,0,559,435,124,2018
621100,Widerstand gegen und t tlicher Angriff auf Vollstreckungsbeamte und gleichstehende Personen    113-115 StGB,6412000,Frankfurt am Main,voll.,1401,1213,188,0,0,0,0,0,0,0,0,0,3,3,0,17,13,4,1380,1196,184,1,1,0,1381,1197,184,2018
621100,Widerstand gegen und t tlicher Angriff auf Vollstreckungsbeamte und gleichstehende Personen    113-115 StGB,8311000,Freiburg im Breisgau,voll.,523,427,96,0,0,0,0,0,0,0,0,0,0,0,0,7,5,2,511,417,94,5,5,0,516,422,94,2018
621100,Widerstand gegen und t tlicher Angriff auf Vollstreckungsbeamte und gleichstehende Personen    113-115 StGB,9563000,F rth,voll.,110,100,10,0,0,0,0,0,0,0,0,0,0,0,0,0,0,0,109,99,10,1,1,0,110,100,10,2018
621100,Widerstand gegen und t tlicher Angriff auf Vollstreckungsbeamte und gleichstehende Personen    113-115 StGB,5513000,Gelsenkirchen,voll.,337,263,74,0,0,0,0,0,0,0,0,0,0,0,0,7,5,2,327,256,71,3,2,1,330,258,72,2018
621100,Widerstand gegen und t tlicher Angriff auf Vollstreckungsbeamte und gleichstehende Personen    113-115 StGB,3159016,G ttingen,voll.,180,140,40,0,0,0,0,0,0,0,0,0,0,0,0,2,0,2,172,134,38,6,6,0,178,140,38,2018
621100,Widerstand gegen und t tlicher Angriff auf Vollstreckungsbeamte und gleichstehende Personen    113-115 StGB,5914000,Hagen,voll.,269,183,86,0,0,0,0,0,0,0,0,0,1,1,0,4,3,1,262,177,85,2,2,0,264,179,85,2018
621100,Widerstand gegen und t tlicher Angriff auf Vollstreckungsbeamte und gleichstehende Personen    113-115 StGB,15002000,Halle (Saale),voll.,257,213,44,0,0,0,0,0,0,0,0,0,1,1,0,12,6,6,243,205,38,1,1,0,244,206,38,2018
621100,Widerstand gegen und t tlicher Angriff auf Vollstreckungsbeamte und gleichstehende Personen    113-115 StGB,2000000,Hamburg,voll.,1781,1464,317,8,7,1,0,0,0,8,7,1,0,0,0,28,18,10,1744,1438,306,1,1,0,1745,1439,306,2018
621100,Widerstand gegen und t tlicher Angriff auf Vollstreckungsbeamte und gleichstehende Personen    113-115 StGB,5915000,Hamm,voll.,116,84,32,0,0,0,1,1,0,1,1,0,0,0,0,4,3,1,111,80,31,0,0,0,111,80,31,2018
621100,Widerstand gegen und t tlicher Angriff auf Vollstreckungsbeamte und gleichstehende Personen    113-115 StGB,3241001,Hannover,voll.,957,774,183,0,0,0,0,0,0,0,0,0,0,0,0,14,7,7,939,764,175,4,3,1,943,767,176,2018
621100,Widerstand gegen und t tlicher Angriff auf Vollstreckungsbeamte und gleichstehende Personen    113-115 StGB,8221000,Heidelberg,voll.,235,202,33,0,0,0,0,0,0,0,0,0,0,0,0,3,3,0,232,199,33,0,0,0,232,199,33,2018
621100,Widerstand gegen und t tlicher Angriff auf Vollstreckungsbeamte und gleichstehende Personen    113-115 StGB,8121000,Heilbronn,voll.,120,99,21,8,6,2,0,0,0,8,6,2,0,0,0,3,3,0,108,89,19,1,1,0,109,90,19,2018
621100,Widerstand gegen und t tlicher Angriff auf Vollstreckungsbeamte und gleichstehende Personen    113-115 StGB,5916000,Herne,voll.,183,138,45,0,0,0,0,0,0,0,0,0,0,0,0,1,0,1,178,134,44,4,4,0,182,138,44,2018
621100,Widerstand gegen und t tlicher Angriff auf Vollstreckungsbeamte und gleichstehende Personen    113-115 StGB,3254021,Hildesheim,voll.,150,112,38,0,0,0,0,0,0,0,0,0,0,0,0,2,1,1,147,110,37,1,1,0,148,111,37,2018
621100,Widerstand gegen und t tlicher Angriff auf Vollstreckungsbeamte und gleichstehende Personen    113-115 StGB,9161000,Ingolstadt,voll.,175,143,32,0,0,0,0,0,0,0,0,0,0,0,0,7,5,2,167,137,30,1,1,0,168,138,30,2018
621100,Widerstand gegen und t tlicher Angriff auf Vollstreckungsbeamte und gleichstehende Personen    113-115 StGB,16053000,Jena,voll.,82,72,10,0,0,0,0,0,0,0,0,0,0,0,0,1,1,0,81,71,10,0,0,0,81,71,10,2018
621100,Widerstand gegen und t tlicher Angriff auf Vollstreckungsbeamte und gleichstehende Personen    113-115 StGB,8212000,Karlsruhe,voll.,372,298,74,0,0,0,0,0,0,0,0,0,0,0,0,10,8,2,359,288,71,3,2,1,362,290,72,2018
621100,Widerstand gegen und t tlicher Angriff auf Vollstreckungsbeamte und gleichstehende Personen    113-115 StGB,6611000,Kassel,voll.,217,182,35,0,0,0,0,0,0,0,0,0,0,0,0,15,10,5,202,172,30,0,0,0,202,172,30,2018
621100,Widerstand gegen und t tlicher Angriff auf Vollstreckungsbeamte und gleichstehende Personen    113-115 StGB,1002000,Kiel,voll.,367,310,57,0,0,0,0,0,0,0,0,0,0,0,0,1,0,1,366,310,56,0,0,0,366,310,56,2018
621100,Widerstand gegen und t tlicher Angriff auf Vollstreckungsbeamte und gleichstehende Personen    113-115 StGB,7111000,Koblenz,voll.,251,201,50,0,0,0,0,0,0,0,0,0,0,0,0,2,1,1,249,200,49,0,0,0,249,200,49,2018
621100,Widerstand gegen und t tlicher Angriff auf Vollstreckungsbeamte und gleichstehende Personen    113-115 StGB,5315000,K ln,voll.,1811,1311,500,0,0,0,0,0,0,0,0,0,0,0,0,24,17,7,1779,1287,492,8,7,1,1787,1294,493,2018
621100,Widerstand gegen und t tlicher Angriff auf Vollstreckungsbeamte und gleichstehende Personen    113-115 StGB,5114000,Krefeld,voll.,367,265,102,0,0,0,0,0,0,0,0,0,0,0,0,9,5,4,355,257,98,3,3,0,358,260,98,2018
621100,Widerstand gegen und t tlicher Angriff auf Vollstreckungsbeamte und gleichstehende Personen    113-115 StGB,14713000,Leipzig,voll.,669,563,106,0,0,0,0,0,0,0,0,0,0,0,0,3,3,0,664,558,106,2,2,0,666,560,106,2018
621100,Widerstand gegen und t tlicher Angriff auf Vollstreckungsbeamte und gleichstehende Personen    113-115 StGB,5316000,Leverkusen,voll.,199,155,44,0,0,0,0,0,0,0,0,0,0,0,0,4,3,1,194,151,43,1,1,0,195,152,43,2018
621100,Widerstand gegen und t tlicher Angriff auf Vollstreckungsbeamte und gleichstehende Personen    113-115 StGB,1003000,L beck,voll.,478,397,81,0,0,0,0,0,0,0,0,0,0,0,0,16,12,4,461,384,77,1,1,0,462,385,77,2018
621100,Widerstand gegen und t tlicher Angriff auf Vollstreckungsbeamte und gleichstehende Personen    113-115 StGB,7314000,Ludwigshafen am Rhein,voll.,199,144,55,0,0,0,0,0,0,0,0,0,0,0,0,0,0,0,195,140,55,4,4,0,199,144,55,2018
621100,Widerstand gegen und t tlicher Angriff auf Vollstreckungsbeamte und gleichstehende Personen    113-115 StGB,15003000,Magdeburg,voll.,283,238,45,0,0,0,0,0,0,0,0,0,0,0,0,8,7,1,275,231,44,0,0,0,275,231,44,2018
621100,Widerstand gegen und t tlicher Angriff auf Vollstreckungsbeamte und gleichstehende Personen    113-115 StGB,7315000,Mainz,voll.,333,271,62,0,0,0,0,0,0,0,0,0,0,0,0,7,4,3,325,266,59,1,1,0,326,267,59,2018
621100,Widerstand gegen und t tlicher Angriff auf Vollstreckungsbeamte und gleichstehende Personen    113-115 StGB,8222000,Mannheim,voll.,474,404,70,0,0,0,0,0,0,0,0,0,1,1,0,8,8,0,464,395,69,1,0,1,465,395,70,2018
621100,Widerstand gegen und t tlicher Angriff auf Vollstreckungsbeamte und gleichstehende Personen    113-115 StGB,5170024,Moers,voll.,96,62,34,0,0,0,0,0,0,0,0,0,0,0,0,2,2,0,94,60,34,0,0,0,94,60,34,2018
621100,Widerstand gegen und t tlicher Angriff auf Vollstreckungsbeamte und gleichstehende Personen    113-115 StGB,5116000,M nchengladbach,voll.,255,198,57,0,0,0,0,0,0,0,0,0,0,0,0,3,2,1,251,195,56,1,1,0,252,196,56,2018
621100,Widerstand gegen und t tlicher Angriff auf Vollstreckungsbeamte und gleichstehende Personen    113-115 StGB,5117000,M lheim an der Ruhr,voll.,113,69,44,0,0,0,0,0,0,0,0,0,0,0,0,1,1,0,111,68,43,1,0,1,112,68,44,2018
621100,Widerstand gegen und t tlicher Angriff auf Vollstreckungsbeamte und gleichstehende Personen    113-115 StGB,9162000,M nchen,voll.,1716,1446,270,0,0,0,0,0,0,0,0,0,0,0,0,39,32,7,1677,1414,263,0,0,0,1677,1414,263,2018
621100,Widerstand gegen und t tlicher Angriff auf Vollstreckungsbeamte und gleichstehende Personen    113-115 StGB,5515000,M nster,voll.,321,235,86,0,0,0,0,0,0,0,0,0,1,0,1,7,3,4,308,228,80,5,4,1,313,232,81,2018
621100,Widerstand gegen und t tlicher Angriff auf Vollstreckungsbeamte und gleichstehende Personen    113-115 StGB,5162024,Neuss,voll.,165,120,45,0,0,0,0,0,0,0,0,0,0,0,0,3,1,2,162,119,43,0,0,0,162,119,43,2018
621100,Widerstand gegen und t tlicher Angriff auf Vollstreckungsbeamte und gleichstehende Personen    113-115 StGB,9564000,N rnberg,voll.,538,441,97,0,0,0,0,0,0,0,0,0,0,0,0,7,7,0,527,430,97,4,4,0,531,434,97,2018
621100,Widerstand gegen und t tlicher Angriff auf Vollstreckungsbeamte und gleichstehende Personen    113-115 StGB,5119000,Oberhausen,voll.,151,115,36,0,0,0,0,0,0,0,0,0,0,0,0,5,3,2,143,109,34,3,3,0,146,112,34,2018
621100,Widerstand gegen und t tlicher Angriff auf Vollstreckungsbeamte und gleichstehende Personen    113-115 StGB,6413000,Offenbach am Main,voll.,105,76,29,0,0,0,0,0,0,0,0,0,0,0,0,2,2,0,103,74,29,0,0,0,103,74,29,2018
621100,Widerstand gegen und t tlicher Angriff auf Vollstreckungsbeamte und gleichstehende Personen    113-115 StGB,3403000,Oldenburg (Oldenburg),voll.,179,137,42,0,0,0,0,0,0,0,0,0,0,0,0,4,2,2,170,130,40,5,5,0,175,135,40,2018
621100,Widerstand gegen und t tlicher Angriff auf Vollstreckungsbeamte und gleichstehende Personen    113-115 StGB,3404000,Osnabr ck,voll.,153,125,28,0,0,0,0,0,0,0,0,0,0,0,0,2,1,1,149,122,27,2,2,0,151,124,27,2018
621100,Widerstand gegen und t tlicher Angriff auf Vollstreckungsbeamte und gleichstehende Personen    113-115 StGB,5774032,Paderborn,voll.,136,114,22,0,0,0,0,0,0,0,0,0,1,0,1,2,2,0,131,111,20,2,1,1,133,112,21,2018
621100,Widerstand gegen und t tlicher Angriff auf Vollstreckungsbeamte und gleichstehende Personen    113-115 StGB,8231000,Pforzheim,voll.,81,58,23,0,0,0,0,0,0,0,0,0,0,0,0,3,0,3,77,57,20,1,1,0,78,58,20,2018
621100,Widerstand gegen und t tlicher Angriff auf Vollstreckungsbeamte und gleichstehende Personen    113-115 StGB,12054000,Potsdam,voll.,124,103,21,0,0,0,0,0,0,0,0,0,0,0,0,1,0,1,121,101,20,2,2,0,123,103,20,2018
621100,Widerstand gegen und t tlicher Angriff auf Vollstreckungsbeamte und gleichstehende Personen    113-115 StGB,5562032,Recklinghausen,voll.,239,175,64,0,0,0,0,0,0,0,0,0,1,0,1,6,5,1,229,167,62,3,3,0,232,170,62,2018
621100,Widerstand gegen und t tlicher Angriff auf Vollstreckungsbeamte und gleichstehende Personen    113-115 StGB,9362000,Regensburg,voll.,204,180,24,0,0,0,0,0,0,0,0,0,0,0,0,4,1,3,200,179,21,0,0,0,200,179,21,2018
621100,Widerstand gegen und t tlicher Angriff auf Vollstreckungsbeamte und gleichstehende Personen    113-115 StGB,5120000,Remscheid,voll.,93,66,27,0,0,0,0,0,0,0,0,0,0,0,0,1,0,1,89,65,24,3,1,2,92,66,26,2018
621100,Widerstand gegen und t tlicher Angriff auf Vollstreckungsbeamte und gleichstehende Personen    113-115 StGB,8415061,Reutlingen,voll.,78,64,14,0,0,0,0,0,0,0,0,0,0,0,0,3,3,0,73,59,14,2,2,0,75,61,14,2018
621100,Widerstand gegen und t tlicher Angriff auf Vollstreckungsbeamte und gleichstehende Personen    113-115 StGB,13003000,Rostock,voll.,246,200,46,0,0,0,0,0,0,0,0,0,0,0,0,2,2,0,241,195,46,3,3,0,244,198,46,2018
621100,Widerstand gegen und t tlicher Angriff auf Vollstreckungsbeamte und gleichstehende Personen    113-115 StGB,10041100,Saarbr cken,voll.,463,383,80,0,0,0,0,0,0,0,0,0,0,0,0,2,2,0,458,378,80,3,3,0,461,381,80,2018
621100,Widerstand gegen und t tlicher Angriff auf Vollstreckungsbeamte und gleichstehende Personen    113-115 StGB,3102000,Salzgitter,voll.,51,41,10,0,0,0,0,0,0,0,0,0,0,0,0,1,0,1,50,41,9,0,0,0,50,41,9,2018
621100,Widerstand gegen und t tlicher Angriff auf Vollstreckungsbeamte und gleichstehende Personen    113-115 StGB,13004000,Schwerin,voll.,182,160,22,0,0,0,0,0,0,0,0,0,0,0,0,1,1,0,177,155,22,4,4,0,181,159,22,2018
621100,Widerstand gegen und t tlicher Angriff auf Vollstreckungsbeamte und gleichstehende Personen    113-115 StGB,5970040,Siegen,voll.,192,133,59,0,0,0,0,0,0,0,0,0,1,0,1,0,0,0,188,130,58,3,3,0,191,133,58,2018
621100,Widerstand gegen und t tlicher Angriff auf Vollstreckungsbeamte und gleichstehende Personen    113-115 StGB,5122000,Solingen,voll.,86,69,17,0,0,0,0,0,0,0,0,0,0,0,0,1,1,0,82,66,16,3,2,1,85,68,17,2018
621100,Widerstand gegen und t tlicher Angriff auf Vollstreckungsbeamte und gleichstehende Personen    113-115 StGB,8111000,Stuttgart,voll.,1714,1388,326,0,0,0,0,0,0,0,0,0,1,1,0,23,15,8,1687,1369,318,3,3,0,1690,1372,318,2018
621100,Widerstand gegen und t tlicher Angriff auf Vollstreckungsbeamte und gleichstehende Personen    113-115 StGB,7211000,Trier,voll.,232,193,39,0,0,0,0,0,0,0,0,0,0,0,0,1,1,0,230,191,39,1,1,0,231,192,39,2018
621100,Widerstand gegen und t tlicher Angriff auf Vollstreckungsbeamte und gleichstehende Personen    113-115 StGB,8421000,Ulm,voll.,150,124,26,0,0,0,0,0,0,0,0,0,0,0,0,2,2,0,148,122,26,0,0,0,148,122,26,2018
621100,Widerstand gegen und t tlicher Angriff auf Vollstreckungsbeamte und gleichstehende Personen    113-115 StGB,6414000,Wiesbaden,voll.,185,158,27,0,0,0,0,0,0,0,0,0,0,0,0,1,1,0,183,156,27,1,1,0,184,157,27,2018
621100,Widerstand gegen und t tlicher Angriff auf Vollstreckungsbeamte und gleichstehende Personen    113-115 StGB,3103000,Wolfsburg,voll.,110,89,21,0,0,0,0,0,0,0,0,0,0,0,0,3,2,1,105,86,19,2,1,1,107,87,20,2018
621100,Widerstand gegen und t tlicher Angriff auf Vollstreckungsbeamte und gleichstehende Personen    113-115 StGB,5124000,Wuppertal,voll.,626,452,174,0,0,0,1,0,1,1,0,1,2,2,0,7,5,2,607,438,169,9,7,2,616,445,171,2018
621100,Widerstand gegen und t tlicher Angriff auf Vollstreckungsbeamte und gleichstehende Personen    113-115 StGB,9663000,W rzburg,voll.,161,139,22,0,0,0,0,0,0,0,0,0,0,0,0,6,5,1,155,134,21,0,0,0,155,134,21,2018
621100,Widerstand gegen und t tlicher Angriff auf Vollstreckungsbeamte und gleichstehende Personen    113-115 StGB,5334002,Aachen,vers.,0,0,0,0,0,0,0,0,0,0,0,0,0,0,0,0,0,0,0,0,0,0,0,0,0,0,0,2018
621100,Widerstand gegen und t tlicher Angriff auf Vollstreckungsbeamte und gleichstehende Personen    113-115 StGB,9761000,Augsburg,vers.,0,0,0,0,0,0,0,0,0,0,0,0,0,0,0,0,0,0,0,0,0,0,0,0,0,0,0,2018
621100,Widerstand gegen und t tlicher Angriff auf Vollstreckungsbeamte und gleichstehende Personen    113-115 StGB,5378004,Bergisch Gladbach,vers.,0,0,0,0,0,0,0,0,0,0,0,0,0,0,0,0,0,0,0,0,0,0,0,0,0,0,0,2018
621100,Widerstand gegen und t tlicher Angriff auf Vollstreckungsbeamte und gleichstehende Personen    113-115 StGB,11000000,Berlin,vers.,0,0,0,0,0,0,0,0,0,0,0,0,0,0,0,0,0,0,0,0,0,0,0,0,0,0,0,2018
621100,Widerstand gegen und t tlicher Angriff auf Vollstreckungsbeamte und gleichstehende Personen    113-115 StGB,5711000,Bielefeld,vers.,0,0,0,0,0,0,0,0,0,0,0,0,0,0,0,0,0,0,0,0,0,0,0,0,0,0,0,2018
621100,Widerstand gegen und t tlicher Angriff auf Vollstreckungsbeamte und gleichstehende Personen    113-115 StGB,5911000,Bochum,vers.,0,0,0,0,0,0,0,0,0,0,0,0,0,0,0,0,0,0,0,0,0,0,0,0,0,0,0,2018
621100,Widerstand gegen und t tlicher Angriff auf Vollstreckungsbeamte und gleichstehende Personen    113-115 StGB,5314000,Bonn,vers.,0,0,0,0,0,0,0,0,0,0,0,0,0,0,0,0,0,0,0,0,0,0,0,0,0,0,0,2018
621100,Widerstand gegen und t tlicher Angriff auf Vollstreckungsbeamte und gleichstehende Personen    113-115 StGB,5512000,Bottrop,vers.,0,0,0,0,0,0,0,0,0,0,0,0,0,0,0,0,0,0,0,0,0,0,0,0,0,0,0,2018
621100,Widerstand gegen und t tlicher Angriff auf Vollstreckungsbeamte und gleichstehende Personen    113-115 StGB,3101000,Braunschweig,vers.,0,0,0,0,0,0,0,0,0,0,0,0,0,0,0,0,0,0,0,0,0,0,0,0,0,0,0,2018
621100,Widerstand gegen und t tlicher Angriff auf Vollstreckungsbeamte und gleichstehende Personen    113-115 StGB,4011000,Bremen,vers.,0,0,0,0,0,0,0,0,0,0,0,0,0,0,0,0,0,0,0,0,0,0,0,0,0,0,0,2018
621100,Widerstand gegen und t tlicher Angriff auf Vollstreckungsbeamte und gleichstehende Personen    113-115 StGB,4012000,Bremerhaven,vers.,0,0,0,0,0,0,0,0,0,0,0,0,0,0,0,0,0,0,0,0,0,0,0,0,0,0,0,2018
621100,Widerstand gegen und t tlicher Angriff auf Vollstreckungsbeamte und gleichstehende Personen    113-115 StGB,14511000,Chemnitz,vers.,0,0,0,0,0,0,0,0,0,0,0,0,0,0,0,0,0,0,0,0,0,0,0,0,0,0,0,2018
621100,Widerstand gegen und t tlicher Angriff auf Vollstreckungsbeamte und gleichstehende Personen    113-115 StGB,12052000,Cottbus,vers.,0,0,0,0,0,0,0,0,0,0,0,0,0,0,0,0,0,0,0,0,0,0,0,0,0,0,0,2018
621100,Widerstand gegen und t tlicher Angriff auf Vollstreckungsbeamte und gleichstehende Personen    113-115 StGB,6411000,Darmstadt,vers.,0,0,0,0,0,0,0,0,0,0,0,0,0,0,0,0,0,0,0,0,0,0,0,0,0,0,0,2018
621100,Widerstand gegen und t tlicher Angriff auf Vollstreckungsbeamte und gleichstehende Personen    113-115 StGB,5913000,Dortmund,vers.,0,0,0,0,0,0,0,0,0,0,0,0,0,0,0,0,0,0,0,0,0,0,0,0,0,0,0,2018
621100,Widerstand gegen und t tlicher Angriff auf Vollstreckungsbeamte und gleichstehende Personen    113-115 StGB,14612000,Dresden,vers.,0,0,0,0,0,0,0,0,0,0,0,0,0,0,0,0,0,0,0,0,0,0,0,0,0,0,0,2018
621100,Widerstand gegen und t tlicher Angriff auf Vollstreckungsbeamte und gleichstehende Personen    113-115 StGB,5112000,Duisburg,vers.,0,0,0,0,0,0,0,0,0,0,0,0,0,0,0,0,0,0,0,0,0,0,0,0,0,0,0,2018
621100,Widerstand gegen und t tlicher Angriff auf Vollstreckungsbeamte und gleichstehende Personen    113-115 StGB,5111000,D sseldorf,vers.,0,0,0,0,0,0,0,0,0,0,0,0,0,0,0,0,0,0,0,0,0,0,0,0,0,0,0,2018
621100,Widerstand gegen und t tlicher Angriff auf Vollstreckungsbeamte und gleichstehende Personen    113-115 StGB,16051000,Erfurt,vers.,0,0,0,0,0,0,0,0,0,0,0,0,0,0,0,0,0,0,0,0,0,0,0,0,0,0,0,2018
621100,Widerstand gegen und t tlicher Angriff auf Vollstreckungsbeamte und gleichstehende Personen    113-115 StGB,9562000,Erlangen,vers.,0,0,0,0,0,0,0,0,0,0,0,0,0,0,0,0,0,0,0,0,0,0,0,0,0,0,0,2018
621100,Widerstand gegen und t tlicher Angriff auf Vollstreckungsbeamte und gleichstehende Personen    113-115 StGB,5113000,Essen,vers.,0,0,0,0,0,0,0,0,0,0,0,0,0,0,0,0,0,0,0,0,0,0,0,0,0,0,0,2018
621100,Widerstand gegen und t tlicher Angriff auf Vollstreckungsbeamte und gleichstehende Personen    113-115 StGB,6412000,Frankfurt am Main,vers.,0,0,0,0,0,0,0,0,0,0,0,0,0,0,0,0,0,0,0,0,0,0,0,0,0,0,0,2018
621100,Widerstand gegen und t tlicher Angriff auf Vollstreckungsbeamte und gleichstehende Personen    113-115 StGB,8311000,Freiburg im Breisgau,vers.,0,0,0,0,0,0,0,0,0,0,0,0,0,0,0,0,0,0,0,0,0,0,0,0,0,0,0,2018
621100,Widerstand gegen und t tlicher Angriff auf Vollstreckungsbeamte und gleichstehende Personen    113-115 StGB,9563000,F rth,vers.,0,0,0,0,0,0,0,0,0,0,0,0,0,0,0,0,0,0,0,0,0,0,0,0,0,0,0,2018
621100,Widerstand gegen und t tlicher Angriff auf Vollstreckungsbeamte und gleichstehende Personen    113-115 StGB,5513000,Gelsenkirchen,vers.,0,0,0,0,0,0,0,0,0,0,0,0,0,0,0,0,0,0,0,0,0,0,0,0,0,0,0,2018
621100,Widerstand gegen und t tlicher Angriff auf Vollstreckungsbeamte und gleichstehende Personen    113-115 StGB,3159016,G ttingen,vers.,0,0,0,0,0,0,0,0,0,0,0,0,0,0,0,0,0,0,0,0,0,0,0,0,0,0,0,2018
621100,Widerstand gegen und t tlicher Angriff auf Vollstreckungsbeamte und gleichstehende Personen    113-115 StGB,5914000,Hagen,vers.,0,0,0,0,0,0,0,0,0,0,0,0,0,0,0,0,0,0,0,0,0,0,0,0,0,0,0,2018
621100,Widerstand gegen und t tlicher Angriff auf Vollstreckungsbeamte und gleichstehende Personen    113-115 StGB,15002000,Halle (Saale),vers.,0,0,0,0,0,0,0,0,0,0,0,0,0,0,0,0,0,0,0,0,0,0,0,0,0,0,0,2018
621100,Widerstand gegen und t tlicher Angriff auf Vollstreckungsbeamte und gleichstehende Personen    113-115 StGB,2000000,Hamburg,vers.,0,0,0,0,0,0,0,0,0,0,0,0,0,0,0,0,0,0,0,0,0,0,0,0,0,0,0,2018
621100,Widerstand gegen und t tlicher Angriff auf Vollstreckungsbeamte und gleichstehende Personen    113-115 StGB,5915000,Hamm,vers.,0,0,0,0,0,0,0,0,0,0,0,0,0,0,0,0,0,0,0,0,0,0,0,0,0,0,0,2018
621100,Widerstand gegen und t tlicher Angriff auf Vollstreckungsbeamte und gleichstehende Personen    113-115 StGB,3241001,Hannover,vers.,0,0,0,0,0,0,0,0,0,0,0,0,0,0,0,0,0,0,0,0,0,0,0,0,0,0,0,2018
621100,Widerstand gegen und t tlicher Angriff auf Vollstreckungsbeamte und gleichstehende Personen    113-115 StGB,8221000,Heidelberg,vers.,0,0,0,0,0,0,0,0,0,0,0,0,0,0,0,0,0,0,0,0,0,0,0,0,0,0,0,2018
621100,Widerstand gegen und t tlicher Angriff auf Vollstreckungsbeamte und gleichstehende Personen    113-115 StGB,8121000,Heilbronn,vers.,0,0,0,0,0,0,0,0,0,0,0,0,0,0,0,0,0,0,0,0,0,0,0,0,0,0,0,2018
621100,Widerstand gegen und t tlicher Angriff auf Vollstreckungsbeamte und gleichstehende Personen    113-115 StGB,5916000,Herne,vers.,0,0,0,0,0,0,0,0,0,0,0,0,0,0,0,0,0,0,0,0,0,0,0,0,0,0,0,2018
621100,Widerstand gegen und t tlicher Angriff auf Vollstreckungsbeamte und gleichstehende Personen    113-115 StGB,3254021,Hildesheim,vers.,0,0,0,0,0,0,0,0,0,0,0,0,0,0,0,0,0,0,0,0,0,0,0,0,0,0,0,2018
621100,Widerstand gegen und t tlicher Angriff auf Vollstreckungsbeamte und gleichstehende Personen    113-115 StGB,9161000,Ingolstadt,vers.,0,0,0,0,0,0,0,0,0,0,0,0,0,0,0,0,0,0,0,0,0,0,0,0,0,0,0,2018
621100,Widerstand gegen und t tlicher Angriff auf Vollstreckungsbeamte und gleichstehende Personen    113-115 StGB,16053000,Jena,vers.,0,0,0,0,0,0,0,0,0,0,0,0,0,0,0,0,0,0,0,0,0,0,0,0,0,0,0,2018
621100,Widerstand gegen und t tlicher Angriff auf Vollstreckungsbeamte und gleichstehende Personen    113-115 StGB,8212000,Karlsruhe,vers.,0,0,0,0,0,0,0,0,0,0,0,0,0,0,0,0,0,0,0,0,0,0,0,0,0,0,0,2018
621100,Widerstand gegen und t tlicher Angriff auf Vollstreckungsbeamte und gleichstehende Personen    113-115 StGB,6611000,Kassel,vers.,0,0,0,0,0,0,0,0,0,0,0,0,0,0,0,0,0,0,0,0,0,0,0,0,0,0,0,2018
621100,Widerstand gegen und t tlicher Angriff auf Vollstreckungsbeamte und gleichstehende Personen    113-115 StGB,1002000,Kiel,vers.,0,0,0,0,0,0,0,0,0,0,0,0,0,0,0,0,0,0,0,0,0,0,0,0,0,0,0,2018
621100,Widerstand gegen und t tlicher Angriff auf Vollstreckungsbeamte und gleichstehende Personen    113-115 StGB,7111000,Koblenz,vers.,0,0,0,0,0,0,0,0,0,0,0,0,0,0,0,0,0,0,0,0,0,0,0,0,0,0,0,2018
621100,Widerstand gegen und t tlicher Angriff auf Vollstreckungsbeamte und gleichstehende Personen    113-115 StGB,5315000,K ln,vers.,0,0,0,0,0,0,0,0,0,0,0,0,0,0,0,0,0,0,0,0,0,0,0,0,0,0,0,2018
621100,Widerstand gegen und t tlicher Angriff auf Vollstreckungsbeamte und gleichstehende Personen    113-115 StGB,5114000,Krefeld,vers.,0,0,0,0,0,0,0,0,0,0,0,0,0,0,0,0,0,0,0,0,0,0,0,0,0,0,0,2018
621100,Widerstand gegen und t tlicher Angriff auf Vollstreckungsbeamte und gleichstehende Personen    113-115 StGB,14713000,Leipzig,vers.,0,0,0,0,0,0,0,0,0,0,0,0,0,0,0,0,0,0,0,0,0,0,0,0,0,0,0,2018
621100,Widerstand gegen und t tlicher Angriff auf Vollstreckungsbeamte und gleichstehende Personen    113-115 StGB,5316000,Leverkusen,vers.,0,0,0,0,0,0,0,0,0,0,0,0,0,0,0,0,0,0,0,0,0,0,0,0,0,0,0,2018
621100,Widerstand gegen und t tlicher Angriff auf Vollstreckungsbeamte und gleichstehende Personen    113-115 StGB,1003000,L beck,vers.,0,0,0,0,0,0,0,0,0,0,0,0,0,0,0,0,0,0,0,0,0,0,0,0,0,0,0,2018
621100,Widerstand gegen und t tlicher Angriff auf Vollstreckungsbeamte und gleichstehende Personen    113-115 StGB,7314000,Ludwigshafen am Rhein,vers.,0,0,0,0,0,0,0,0,0,0,0,0,0,0,0,0,0,0,0,0,0,0,0,0,0,0,0,2018
621100,Widerstand gegen und t tlicher Angriff auf Vollstreckungsbeamte und gleichstehende Personen    113-115 StGB,15003000,Magdeburg,vers.,0,0,0,0,0,0,0,0,0,0,0,0,0,0,0,0,0,0,0,0,0,0,0,0,0,0,0,2018
621100,Widerstand gegen und t tlicher Angriff auf Vollstreckungsbeamte und gleichstehende Personen    113-115 StGB,7315000,Mainz,vers.,0,0,0,0,0,0,0,0,0,0,0,0,0,0,0,0,0,0,0,0,0,0,0,0,0,0,0,2018
621100,Widerstand gegen und t tlicher Angriff auf Vollstreckungsbeamte und gleichstehende Personen    113-115 StGB,8222000,Mannheim,vers.,0,0,0,0,0,0,0,0,0,0,0,0,0,0,0,0,0,0,0,0,0,0,0,0,0,0,0,2018
621100,Widerstand gegen und t tlicher Angriff auf Vollstreckungsbeamte und gleichstehende Personen    113-115 StGB,5170024,Moers,vers.,0,0,0,0,0,0,0,0,0,0,0,0,0,0,0,0,0,0,0,0,0,0,0,0,0,0,0,2018
621100,Widerstand gegen und t tlicher Angriff auf Vollstreckungsbeamte und gleichstehende Personen    113-115 StGB,5116000,M nchengladbach,vers.,0,0,0,0,0,0,0,0,0,0,0,0,0,0,0,0,0,0,0,0,0,0,0,0,0,0,0,2018
621100,Widerstand gegen und t tlicher Angriff auf Vollstreckungsbeamte und gleichstehende Personen    113-115 StGB,5117000,M lheim an der Ruhr,vers.,0,0,0,0,0,0,0,0,0,0,0,0,0,0,0,0,0,0,0,0,0,0,0,0,0,0,0,2018
621100,Widerstand gegen und t tlicher Angriff auf Vollstreckungsbeamte und gleichstehende Personen    113-115 StGB,9162000,M nchen,vers.,0,0,0,0,0,0,0,0,0,0,0,0,0,0,0,0,0,0,0,0,0,0,0,0,0,0,0,2018
621100,Widerstand gegen und t tlicher Angriff auf Vollstreckungsbeamte und gleichstehende Personen    113-115 StGB,5515000,M nster,vers.,0,0,0,0,0,0,0,0,0,0,0,0,0,0,0,0,0,0,0,0,0,0,0,0,0,0,0,2018
621100,Widerstand gegen und t tlicher Angriff auf Vollstreckungsbeamte und gleichstehende Personen    113-115 StGB,5162024,Neuss,vers.,0,0,0,0,0,0,0,0,0,0,0,0,0,0,0,0,0,0,0,0,0,0,0,0,0,0,0,2018
621100,Widerstand gegen und t tlicher Angriff auf Vollstreckungsbeamte und gleichstehende Personen    113-115 StGB,9564000,N rnberg,vers.,0,0,0,0,0,0,0,0,0,0,0,0,0,0,0,0,0,0,0,0,0,0,0,0,0,0,0,2018
621100,Widerstand gegen und t tlicher Angriff auf Vollstreckungsbeamte und gleichstehende Personen    113-115 StGB,5119000,Oberhausen,vers.,0,0,0,0,0,0,0,0,0,0,0,0,0,0,0,0,0,0,0,0,0,0,0,0,0,0,0,2018
621100,Widerstand gegen und t tlicher Angriff auf Vollstreckungsbeamte und gleichstehende Personen    113-115 StGB,6413000,Offenbach am Main,vers.,0,0,0,0,0,0,0,0,0,0,0,0,0,0,0,0,0,0,0,0,0,0,0,0,0,0,0,2018
621100,Widerstand gegen und t tlicher Angriff auf Vollstreckungsbeamte und gleichstehende Personen    113-115 StGB,3403000,Oldenburg (Oldenburg),vers.,0,0,0,0,0,0,0,0,0,0,0,0,0,0,0,0,0,0,0,0,0,0,0,0,0,0,0,2018
621100,Widerstand gegen und t tlicher Angriff auf Vollstreckungsbeamte und gleichstehende Personen    113-115 StGB,3404000,Osnabr ck,vers.,0,0,0,0,0,0,0,0,0,0,0,0,0,0,0,0,0,0,0,0,0,0,0,0,0,0,0,2018
621100,Widerstand gegen und t tlicher Angriff auf Vollstreckungsbeamte und gleichstehende Personen    113-115 StGB,5774032,Paderborn,vers.,0,0,0,0,0,0,0,0,0,0,0,0,0,0,0,0,0,0,0,0,0,0,0,0,0,0,0,2018
621100,Widerstand gegen und t tlicher Angriff auf Vollstreckungsbeamte und gleichstehende Personen    113-115 StGB,8231000,Pforzheim,vers.,0,0,0,0,0,0,0,0,0,0,0,0,0,0,0,0,0,0,0,0,0,0,0,0,0,0,0,2018
621100,Widerstand gegen und t tlicher Angriff auf Vollstreckungsbeamte und gleichstehende Personen    113-115 StGB,12054000,Potsdam,vers.,0,0,0,0,0,0,0,0,0,0,0,0,0,0,0,0,0,0,0,0,0,0,0,0,0,0,0,2018
621100,Widerstand gegen und t tlicher Angriff auf Vollstreckungsbeamte und gleichstehende Personen    113-115 StGB,5562032,Recklinghausen,vers.,0,0,0,0,0,0,0,0,0,0,0,0,0,0,0,0,0,0,0,0,0,0,0,0,0,0,0,2018
621100,Widerstand gegen und t tlicher Angriff auf Vollstreckungsbeamte und gleichstehende Personen    113-115 StGB,9362000,Regensburg,vers.,0,0,0,0,0,0,0,0,0,0,0,0,0,0,0,0,0,0,0,0,0,0,0,0,0,0,0,2018
621100,Widerstand gegen und t tlicher Angriff auf Vollstreckungsbeamte und gleichstehende Personen    113-115 StGB,5120000,Remscheid,vers.,0,0,0,0,0,0,0,0,0,0,0,0,0,0,0,0,0,0,0,0,0,0,0,0,0,0,0,2018
621100,Widerstand gegen und t tlicher Angriff auf Vollstreckungsbeamte und gleichstehende Personen    113-115 StGB,8415061,Reutlingen,vers.,0,0,0,0,0,0,0,0,0,0,0,0,0,0,0,0,0,0,0,0,0,0,0,0,0,0,0,2018
621100,Widerstand gegen und t tlicher Angriff auf Vollstreckungsbeamte und gleichstehende Personen    113-115 StGB,13003000,Rostock,vers.,0,0,0,0,0,0,0,0,0,0,0,0,0,0,0,0,0,0,0,0,0,0,0,0,0,0,0,2018
621100,Widerstand gegen und t tlicher Angriff auf Vollstreckungsbeamte und gleichstehende Personen    113-115 StGB,10041100,Saarbr cken,vers.,0,0,0,0,0,0,0,0,0,0,0,0,0,0,0,0,0,0,0,0,0,0,0,0,0,0,0,2018
621100,Widerstand gegen und t tlicher Angriff auf Vollstreckungsbeamte und gleichstehende Personen    113-115 StGB,3102000,Salzgitter,vers.,0,0,0,0,0,0,0,0,0,0,0,0,0,0,0,0,0,0,0,0,0,0,0,0,0,0,0,2018
621100,Widerstand gegen und t tlicher Angriff auf Vollstreckungsbeamte und gleichstehende Personen    113-115 StGB,13004000,Schwerin,vers.,0,0,0,0,0,0,0,0,0,0,0,0,0,0,0,0,0,0,0,0,0,0,0,0,0,0,0,2018
621100,Widerstand gegen und t tlicher Angriff auf Vollstreckungsbeamte und gleichstehende Personen    113-115 StGB,5970040,Siegen,vers.,0,0,0,0,0,0,0,0,0,0,0,0,0,0,0,0,0,0,0,0,0,0,0,0,0,0,0,2018
621100,Widerstand gegen und t tlicher Angriff auf Vollstreckungsbeamte und gleichstehende Personen    113-115 StGB,5122000,Solingen,vers.,0,0,0,0,0,0,0,0,0,0,0,0,0,0,0,0,0,0,0,0,0,0,0,0,0,0,0,2018
621100,Widerstand gegen und t tlicher Angriff auf Vollstreckungsbeamte und gleichstehende Personen    113-115 StGB,8111000,Stuttgart,vers.,0,0,0,0,0,0,0,0,0,0,0,0,0,0,0,0,0,0,0,0,0,0,0,0,0,0,0,2018
621100,Widerstand gegen und t tlicher Angriff auf Vollstreckungsbeamte und gleichstehende Personen    113-115 StGB,7211000,Trier,vers.,0,0,0,0,0,0,0,0,0,0,0,0,0,0,0,0,0,0,0,0,0,0,0,0,0,0,0,2018
621100,Widerstand gegen und t tlicher Angriff auf Vollstreckungsbeamte und gleichstehende Personen    113-115 StGB,8421000,Ulm,vers.,0,0,0,0,0,0,0,0,0,0,0,0,0,0,0,0,0,0,0,0,0,0,0,0,0,0,0,2018
621100,Widerstand gegen und t tlicher Angriff auf Vollstreckungsbeamte und gleichstehende Personen    113-115 StGB,6414000,Wiesbaden,vers.,0,0,0,0,0,0,0,0,0,0,0,0,0,0,0,0,0,0,0,0,0,0,0,0,0,0,0,2018
621100,Widerstand gegen und t tlicher Angriff auf Vollstreckungsbeamte und gleichstehende Personen    113-115 StGB,3103000,Wolfsburg,vers.,0,0,0,0,0,0,0,0,0,0,0,0,0,0,0,0,0,0,0,0,0,0,0,0,0,0,0,2018
621100,Widerstand gegen und t tlicher Angriff auf Vollstreckungsbeamte und gleichstehende Personen    113-115 StGB,5124000,Wuppertal,vers.,0,0,0,0,0,0,0,0,0,0,0,0,0,0,0,0,0,0,0,0,0,0,0,0,0,0,0,2018
621100,Widerstand gegen und t tlicher Angriff auf Vollstreckungsbeamte und gleichstehende Personen    113-115 StGB,9663000,W rzburg,vers.,0,0,0,0,0,0,0,0,0,0,0,0,0,0,0,0,0,0,0,0,0,0,0,0,0,0,0,2018
621100,Widerstand gegen und t tlicher Angriff auf Vollstreckungsbeamte und gleichstehende Personen    113-115 StGB,5334002,Aachen,insg.,438,348,90,0,0,0,0,0,0,0,0,0,0,0,0,5,2,3,432,345,87,1,1,0,433,346,87,2018
621100,Widerstand gegen und t tlicher Angriff auf Vollstreckungsbeamte und gleichstehende Personen    113-115 StGB,9761000,Augsburg,insg.,531,447,84,0,0,0,0,0,0,0,0,0,0,0,0,8,4,4,523,443,80,0,0,0,523,443,80,2018
621100,Widerstand gegen und t tlicher Angriff auf Vollstreckungsbeamte und gleichstehende Personen    113-115 StGB,5378004,Bergisch Gladbach,insg.,47,30,17,0,0,0,0,0,0,0,0,0,0,0,0,0,0,0,47,30,17,0,0,0,47,30,17,2018
621100,Widerstand gegen und t tlicher Angriff auf Vollstreckungsbeamte und gleichstehende Personen    113-115 StGB,11000000,Berlin,insg.,6042,5208,834,1,1,0,0,0,0,1,1,0,1,1,0,32,26,6,5967,5143,824,41,37,4,6008,5180,828,2018
621100,Widerstand gegen und t tlicher Angriff auf Vollstreckungsbeamte und gleichstehende Personen    113-115 StGB,5711000,Bielefeld,insg.,263,211,52,0,0,0,0,0,0,0,0,0,0,0,0,10,10,0,251,199,52,2,2,0,253,201,52,2018
621100,Widerstand gegen und t tlicher Angriff auf Vollstreckungsbeamte und gleichstehende Personen    113-115 StGB,5911000,Bochum,insg.,529,420,109,0,0,0,0,0,0,0,0,0,0,0,0,10,8,2,513,406,107,6,6,0,519,412,107,2018
621100,Widerstand gegen und t tlicher Angriff auf Vollstreckungsbeamte und gleichstehende Personen    113-115 StGB,5314000,Bonn,insg.,488,383,105,0,0,0,0,0,0,0,0,0,0,0,0,7,5,2,481,378,103,0,0,0,481,378,103,2018
621100,Widerstand gegen und t tlicher Angriff auf Vollstreckungsbeamte und gleichstehende Personen    113-115 StGB,5512000,Bottrop,insg.,52,42,10,0,0,0,0,0,0,0,0,0,0,0,0,0,0,0,51,41,10,1,1,0,52,42,10,2018
621100,Widerstand gegen und t tlicher Angriff auf Vollstreckungsbeamte und gleichstehende Personen    113-115 StGB,3101000,Braunschweig,insg.,355,292,63,0,0,0,0,0,0,0,0,0,0,0,0,5,4,1,349,287,62,1,1,0,350,288,62,2018
621100,Widerstand gegen und t tlicher Angriff auf Vollstreckungsbeamte und gleichstehende Personen    113-115 StGB,4011000,Bremen,insg.,704,571,133,0,0,0,0,0,0,0,0,0,0,0,0,4,3,1,690,558,132,10,10,0,700,568,132,2018
621100,Widerstand gegen und t tlicher Angriff auf Vollstreckungsbeamte und gleichstehende Personen    113-115 StGB,4012000,Bremerhaven,insg.,189,147,42,0,0,0,0,0,0,0,0,0,0,0,0,0,0,0,187,145,42,2,2,0,189,147,42,2018
621100,Widerstand gegen und t tlicher Angriff auf Vollstreckungsbeamte und gleichstehende Personen    113-115 StGB,14511000,Chemnitz,insg.,209,177,32,0,0,0,0,0,0,0,0,0,0,0,0,0,0,0,209,177,32,0,0,0,209,177,32,2018
621100,Widerstand gegen und t tlicher Angriff auf Vollstreckungsbeamte und gleichstehende Personen    113-115 StGB,12052000,Cottbus,insg.,126,108,18,0,0,0,0,0,0,0,0,0,0,0,0,1,1,0,125,107,18,0,0,0,125,107,18,2018
621100,Widerstand gegen und t tlicher Angriff auf Vollstreckungsbeamte und gleichstehende Personen    113-115 StGB,6411000,Darmstadt,insg.,96,77,19,0,0,0,0,0,0,0,0,0,0,0,0,0,0,0,96,77,19,0,0,0,96,77,19,2018
621100,Widerstand gegen und t tlicher Angriff auf Vollstreckungsbeamte und gleichstehende Personen    113-115 StGB,5913000,Dortmund,insg.,1547,1255,292,1,0,1,0,0,0,1,0,1,5,2,3,19,13,6,1513,1234,279,9,6,3,1522,1240,282,2018
621100,Widerstand gegen und t tlicher Angriff auf Vollstreckungsbeamte und gleichstehende Personen    113-115 StGB,14612000,Dresden,insg.,423,368,55,0,0,0,0,0,0,0,0,0,0,0,0,5,2,3,416,364,52,2,2,0,418,366,52,2018
621100,Widerstand gegen und t tlicher Angriff auf Vollstreckungsbeamte und gleichstehende Personen    113-115 StGB,5112000,Duisburg,insg.,531,426,105,0,0,0,1,0,1,1,0,1,2,1,1,14,13,1,510,409,101,4,3,1,514,412,102,2018
621100,Widerstand gegen und t tlicher Angriff auf Vollstreckungsbeamte und gleichstehende Personen    113-115 StGB,5111000,D sseldorf,insg.,1109,870,239,1,0,1,0,0,0,1,0,1,2,2,0,30,21,9,1069,843,226,7,4,3,1076,847,229,2018
621100,Widerstand gegen und t tlicher Angriff auf Vollstreckungsbeamte und gleichstehende Personen    113-115 StGB,16051000,Erfurt,insg.,365,331,34,0,0,0,0,0,0,0,0,0,0,0,0,4,3,1,361,328,33,0,0,0,361,328,33,2018
621100,Widerstand gegen und t tlicher Angriff auf Vollstreckungsbeamte und gleichstehende Personen    113-115 StGB,9562000,Erlangen,insg.,38,32,6,0,0,0,0,0,0,0,0,0,0,0,0,1,1,0,37,31,6,0,0,0,37,31,6,2018
621100,Widerstand gegen und t tlicher Angriff auf Vollstreckungsbeamte und gleichstehende Personen    113-115 StGB,5113000,Essen,insg.,572,442,130,0,0,0,0,0,0,0,0,0,6,3,3,7,4,3,549,425,124,10,10,0,559,435,124,2018
621100,Widerstand gegen und t tlicher Angriff auf Vollstreckungsbeamte und gleichstehende Personen    113-115 StGB,6412000,Frankfurt am Main,insg.,1401,1213,188,0,0,0,0,0,0,0,0,0,3,3,0,17,13,4,1380,1196,184,1,1,0,1381,1197,184,2018
621100,Widerstand gegen und t tlicher Angriff auf Vollstreckungsbeamte und gleichstehende Personen    113-115 StGB,8311000,Freiburg im Breisgau,insg.,523,427,96,0,0,0,0,0,0,0,0,0,0,0,0,7,5,2,511,417,94,5,5,0,516,422,94,2018
621100,Widerstand gegen und t tlicher Angriff auf Vollstreckungsbeamte und gleichstehende Personen    113-115 StGB,9563000,F rth,insg.,110,100,10,0,0,0,0,0,0,0,0,0,0,0,0,0,0,0,109,99,10,1,1,0,110,100,10,2018
621100,Widerstand gegen und t tlicher Angriff auf Vollstreckungsbeamte und gleichstehende Personen    113-115 StGB,5513000,Gelsenkirchen,insg.,337,263,74,0,0,0,0,0,0,0,0,0,0,0,0,7,5,2,327,256,71,3,2,1,330,258,72,2018
621100,Widerstand gegen und t tlicher Angriff auf Vollstreckungsbeamte und gleichstehende Personen    113-115 StGB,3159016,G ttingen,insg.,180,140,40,0,0,0,0,0,0,0,0,0,0,0,0,2,0,2,172,134,38,6,6,0,178,140,38,2018
621100,Widerstand gegen und t tlicher Angriff auf Vollstreckungsbeamte und gleichstehende Personen    113-115 StGB,5914000,Hagen,insg.,269,183,86,0,0,0,0,0,0,0,0,0,1,1,0,4,3,1,262,177,85,2,2,0,264,179,85,2018
621100,Widerstand gegen und t tlicher Angriff auf Vollstreckungsbeamte und gleichstehende Personen    113-115 StGB,15002000,Halle (Saale),insg.,257,213,44,0,0,0,0,0,0,0,0,0,1,1,0,12,6,6,243,205,38,1,1,0,244,206,38,2018
621100,Widerstand gegen und t tlicher Angriff auf Vollstreckungsbeamte und gleichstehende Personen    113-115 StGB,2000000,Hamburg,insg.,1781,1464,317,8,7,1,0,0,0,8,7,1,0,0,0,28,18,10,1744,1438,306,1,1,0,1745,1439,306,2018
621100,Widerstand gegen und t tlicher Angriff auf Vollstreckungsbeamte und gleichstehende Personen    113-115 StGB,5915000,Hamm,insg.,116,84,32,0,0,0,1,1,0,1,1,0,0,0,0,4,3,1,111,80,31,0,0,0,111,80,31,2018
621100,Widerstand gegen und t tlicher Angriff auf Vollstreckungsbeamte und gleichstehende Personen    113-115 StGB,3241001,Hannover,insg.,957,774,183,0,0,0,0,0,0,0,0,0,0,0,0,14,7,7,939,764,175,4,3,1,943,767,176,2018
621100,Widerstand gegen und t tlicher Angriff auf Vollstreckungsbeamte und gleichstehende Personen    113-115 StGB,8221000,Heidelberg,insg.,235,202,33,0,0,0,0,0,0,0,0,0,0,0,0,3,3,0,232,199,33,0,0,0,232,199,33,2018
621100,Widerstand gegen und t tlicher Angriff auf Vollstreckungsbeamte und gleichstehende Personen    113-115 StGB,8121000,Heilbronn,insg.,120,99,21,8,6,2,0,0,0,8,6,2,0,0,0,3,3,0,108,89,19,1,1,0,109,90,19,2018
621100,Widerstand gegen und t tlicher Angriff auf Vollstreckungsbeamte und gleichstehende Personen    113-115 StGB,5916000,Herne,insg.,183,138,45,0,0,0,0,0,0,0,0,0,0,0,0,1,0,1,178,134,44,4,4,0,182,138,44,2018
621100,Widerstand gegen und t tlicher Angriff auf Vollstreckungsbeamte und gleichstehende Personen    113-115 StGB,3254021,Hildesheim,insg.,150,112,38,0,0,0,0,0,0,0,0,0,0,0,0,2,1,1,147,110,37,1,1,0,148,111,37,2018
621100,Widerstand gegen und t tlicher Angriff auf Vollstreckungsbeamte und gleichstehende Personen    113-115 StGB,9161000,Ingolstadt,insg.,175,143,32,0,0,0,0,0,0,0,0,0,0,0,0,7,5,2,167,137,30,1,1,0,168,138,30,2018
621100,Widerstand gegen und t tlicher Angriff auf Vollstreckungsbeamte und gleichstehende Personen    113-115 StGB,16053000,Jena,insg.,82,72,10,0,0,0,0,0,0,0,0,0,0,0,0,1,1,0,81,71,10,0,0,0,81,71,10,2018
621100,Widerstand gegen und t tlicher Angriff auf Vollstreckungsbeamte und gleichstehende Personen    113-115 StGB,8212000,Karlsruhe,insg.,372,298,74,0,0,0,0,0,0,0,0,0,0,0,0,10,8,2,359,288,71,3,2,1,362,290,72,2018
621100,Widerstand gegen und t tlicher Angriff auf Vollstreckungsbeamte und gleichstehende Personen    113-115 StGB,6611000,Kassel,insg.,217,182,35,0,0,0,0,0,0,0,0,0,0,0,0,15,10,5,202,172,30,0,0,0,202,172,30,2018
621100,Widerstand gegen und t tlicher Angriff auf Vollstreckungsbeamte und gleichstehende Personen    113-115 StGB,1002000,Kiel,insg.,367,310,57,0,0,0,0,0,0,0,0,0,0,0,0,1,0,1,366,310,56,0,0,0,366,310,56,2018
621100,Widerstand gegen und t tlicher Angriff auf Vollstreckungsbeamte und gleichstehende Personen    113-115 StGB,7111000,Koblenz,insg.,251,201,50,0,0,0,0,0,0,0,0,0,0,0,0,2,1,1,249,200,49,0,0,0,249,200,49,2018
621100,Widerstand gegen und t tlicher Angriff auf Vollstreckungsbeamte und gleichstehende Personen    113-115 StGB,5315000,K ln,insg.,1811,1311,500,0,0,0,0,0,0,0,0,0,0,0,0,24,17,7,1779,1287,492,8,7,1,1787,1294,493,2018
621100,Widerstand gegen und t tlicher Angriff auf Vollstreckungsbeamte und gleichstehende Personen    113-115 StGB,5114000,Krefeld,insg.,367,265,102,0,0,0,0,0,0,0,0,0,0,0,0,9,5,4,355,257,98,3,3,0,358,260,98,2018
621100,Widerstand gegen und t tlicher Angriff auf Vollstreckungsbeamte und gleichstehende Personen    113-115 StGB,14713000,Leipzig,insg.,669,563,106,0,0,0,0,0,0,0,0,0,0,0,0,3,3,0,664,558,106,2,2,0,666,560,106,2018
621100,Widerstand gegen und t tlicher Angriff auf Vollstreckungsbeamte und gleichstehende Personen    113-115 StGB,5316000,Leverkusen,insg.,199,155,44,0,0,0,0,0,0,0,0,0,0,0,0,4,3,1,194,151,43,1,1,0,195,152,43,2018
621100,Widerstand gegen und t tlicher Angriff auf Vollstreckungsbeamte und gleichstehende Personen    113-115 StGB,1003000,L beck,insg.,478,397,81,0,0,0,0,0,0,0,0,0,0,0,0,16,12,4,461,384,77,1,1,0,462,385,77,2018
621100,Widerstand gegen und t tlicher Angriff auf Vollstreckungsbeamte und gleichstehende Personen    113-115 StGB,7314000,Ludwigshafen am Rhein,insg.,199,144,55,0,0,0,0,0,0,0,0,0,0,0,0,0,0,0,195,140,55,4,4,0,199,144,55,2018
621100,Widerstand gegen und t tlicher Angriff auf Vollstreckungsbeamte und gleichstehende Personen    113-115 StGB,15003000,Magdeburg,insg.,283,238,45,0,0,0,0,0,0,0,0,0,0,0,0,8,7,1,275,231,44,0,0,0,275,231,44,2018
621100,Widerstand gegen und t tlicher Angriff auf Vollstreckungsbeamte und gleichstehende Personen    113-115 StGB,7315000,Mainz,insg.,333,271,62,0,0,0,0,0,0,0,0,0,0,0,0,7,4,3,325,266,59,1,1,0,326,267,59,2018
621100,Widerstand gegen und t tlicher Angriff auf Vollstreckungsbeamte und gleichstehende Personen    113-115 StGB,8222000,Mannheim,insg.,474,404,70,0,0,0,0,0,0,0,0,0,1,1,0,8,8,0,464,395,69,1,0,1,465,395,70,2018
621100,Widerstand gegen und t tlicher Angriff auf Vollstreckungsbeamte und gleichstehende Personen    113-115 StGB,5170024,Moers,insg.,96,62,34,0,0,0,0,0,0,0,0,0,0,0,0,2,2,0,94,60,34,0,0,0,94,60,34,2018
621100,Widerstand gegen und t tlicher Angriff auf Vollstreckungsbeamte und gleichstehende Personen    113-115 StGB,5116000,M nchengladbach,insg.,255,198,57,0,0,0,0,0,0,0,0,0,0,0,0,3,2,1,251,195,56,1,1,0,252,196,56,2018
621100,Widerstand gegen und t tlicher Angriff auf Vollstreckungsbeamte und gleichstehende Personen    113-115 StGB,5117000,M lheim an der Ruhr,insg.,113,69,44,0,0,0,0,0,0,0,0,0,0,0,0,1,1,0,111,68,43,1,0,1,112,68,44,2018
621100,Widerstand gegen und t tlicher Angriff auf Vollstreckungsbeamte und gleichstehende Personen    113-115 StGB,9162000,M nchen,insg.,1716,1446,270,0,0,0,0,0,0,0,0,0,0,0,0,39,32,7,1677,1414,263,0,0,0,1677,1414,263,2018
621100,Widerstand gegen und t tlicher Angriff auf Vollstreckungsbeamte und gleichstehende Personen    113-115 StGB,5515000,M nster,insg.,321,235,86,0,0,0,0,0,0,0,0,0,1,0,1,7,3,4,308,228,80,5,4,1,313,232,81,2018
621100,Widerstand gegen und t tlicher Angriff auf Vollstreckungsbeamte und gleichstehende Personen    113-115 StGB,5162024,Neuss,insg.,165,120,45,0,0,0,0,0,0,0,0,0,0,0,0,3,1,2,162,119,43,0,0,0,162,119,43,2018
621100,Widerstand gegen und t tlicher Angriff auf Vollstreckungsbeamte und gleichstehende Personen    113-115 StGB,9564000,N rnberg,insg.,538,441,97,0,0,0,0,0,0,0,0,0,0,0,0,7,7,0,527,430,97,4,4,0,531,434,97,2018
621100,Widerstand gegen und t tlicher Angriff auf Vollstreckungsbeamte und gleichstehende Personen    113-115 StGB,5119000,Oberhausen,insg.,151,115,36,0,0,0,0,0,0,0,0,0,0,0,0,5,3,2,143,109,34,3,3,0,146,112,34,2018
621100,Widerstand gegen und t tlicher Angriff auf Vollstreckungsbeamte und gleichstehende Personen    113-115 StGB,6413000,Offenbach am Main,insg.,105,76,29,0,0,0,0,0,0,0,0,0,0,0,0,2,2,0,103,74,29,0,0,0,103,74,29,2018
621100,Widerstand gegen und t tlicher Angriff auf Vollstreckungsbeamte und gleichstehende Personen    113-115 StGB,3403000,Oldenburg (Oldenburg),insg.,179,137,42,0,0,0,0,0,0,0,0,0,0,0,0,4,2,2,170,130,40,5,5,0,175,135,40,2018
621100,Widerstand gegen und t tlicher Angriff auf Vollstreckungsbeamte und gleichstehende Personen    113-115 StGB,3404000,Osnabr ck,insg.,153,125,28,0,0,0,0,0,0,0,0,0,0,0,0,2,1,1,149,122,27,2,2,0,151,124,27,2018
621100,Widerstand gegen und t tlicher Angriff auf Vollstreckungsbeamte und gleichstehende Personen    113-115 StGB,5774032,Paderborn,insg.,136,114,22,0,0,0,0,0,0,0,0,0,1,0,1,2,2,0,131,111,20,2,1,1,133,112,21,2018
621100,Widerstand gegen und t tlicher Angriff auf Vollstreckungsbeamte und gleichstehende Personen    113-115 StGB,8231000,Pforzheim,insg.,81,58,23,0,0,0,0,0,0,0,0,0,0,0,0,3,0,3,77,57,20,1,1,0,78,58,20,2018
621100,Widerstand gegen und t tlicher Angriff auf Vollstreckungsbeamte und gleichstehende Personen    113-115 StGB,12054000,Potsdam,insg.,124,103,21,0,0,0,0,0,0,0,0,0,0,0,0,1,0,1,121,101,20,2,2,0,123,103,20,2018
621100,Widerstand gegen und t tlicher Angriff auf Vollstreckungsbeamte und gleichstehende Personen    113-115 StGB,5562032,Recklinghausen,insg.,239,175,64,0,0,0,0,0,0,0,0,0,1,0,1,6,5,1,229,167,62,3,3,0,232,170,62,2018
621100,Widerstand gegen und t tlicher Angriff auf Vollstreckungsbeamte und gleichstehende Personen    113-115 StGB,9362000,Regensburg,insg.,204,180,24,0,0,0,0,0,0,0,0,0,0,0,0,4,1,3,200,179,21,0,0,0,200,179,21,2018
621100,Widerstand gegen und t tlicher Angriff auf Vollstreckungsbeamte und gleichstehende Personen    113-115 StGB,5120000,Remscheid,insg.,93,66,27,0,0,0,0,0,0,0,0,0,0,0,0,1,0,1,89,65,24,3,1,2,92,66,26,2018
621100,Widerstand gegen und t tlicher Angriff auf Vollstreckungsbeamte und gleichstehende Personen    113-115 StGB,8415061,Reutlingen,insg.,78,64,14,0,0,0,0,0,0,0,0,0,0,0,0,3,3,0,73,59,14,2,2,0,75,61,14,2018
621100,Widerstand gegen und t tlicher Angriff auf Vollstreckungsbeamte und gleichstehende Personen    113-115 StGB,13003000,Rostock,insg.,246,200,46,0,0,0,0,0,0,0,0,0,0,0,0,2,2,0,241,195,46,3,3,0,244,198,46,2018
621100,Widerstand gegen und t tlicher Angriff auf Vollstreckungsbeamte und gleichstehende Personen    113-115 StGB,10041100,Saarbr cken,insg.,463,383,80,0,0,0,0,0,0,0,0,0,0,0,0,2,2,0,458,378,80,3,3,0,461,381,80,2018
621100,Widerstand gegen und t tlicher Angriff auf Vollstreckungsbeamte und gleichstehende Personen    113-115 StGB,3102000,Salzgitter,insg.,51,41,10,0,0,0,0,0,0,0,0,0,0,0,0,1,0,1,50,41,9,0,0,0,50,41,9,2018
621100,Widerstand gegen und t tlicher Angriff auf Vollstreckungsbeamte und gleichstehende Personen    113-115 StGB,13004000,Schwerin,insg.,182,160,22,0,0,0,0,0,0,0,0,0,0,0,0,1,1,0,177,155,22,4,4,0,181,159,22,2018
621100,Widerstand gegen und t tlicher Angriff auf Vollstreckungsbeamte und gleichstehende Personen    113-115 StGB,5970040,Siegen,insg.,192,133,59,0,0,0,0,0,0,0,0,0,1,0,1,0,0,0,188,130,58,3,3,0,191,133,58,2018
621100,Widerstand gegen und t tlicher Angriff auf Vollstreckungsbeamte und gleichstehende Personen    113-115 StGB,5122000,Solingen,insg.,86,69,17,0,0,0,0,0,0,0,0,0,0,0,0,1,1,0,82,66,16,3,2,1,85,68,17,2018
621100,Widerstand gegen und t tlicher Angriff auf Vollstreckungsbeamte und gleichstehende Personen    113-115 StGB,8111000,Stuttgart,insg.,1714,1388,326,0,0,0,0,0,0,0,0,0,1,1,0,23,15,8,1687,1369,318,3,3,0,1690,1372,318,2018
621100,Widerstand gegen und t tlicher Angriff auf Vollstreckungsbeamte und gleichstehende Personen    113-115 StGB,7211000,Trier,insg.,232,193,39,0,0,0,0,0,0,0,0,0,0,0,0,1,1,0,230,191,39,1,1,0,231,192,39,2018
621100,Widerstand gegen und t tlicher Angriff auf Vollstreckungsbeamte und gleichstehende Personen    113-115 StGB,8421000,Ulm,insg.,150,124,26,0,0,0,0,0,0,0,0,0,0,0,0,2,2,0,148,122,26,0,0,0,148,122,26,2018
621100,Widerstand gegen und t tlicher Angriff auf Vollstreckungsbeamte und gleichstehende Personen    113-115 StGB,6414000,Wiesbaden,insg.,185,158,27,0,0,0,0,0,0,0,0,0,0,0,0,1,1,0,183,156,27,1,1,0,184,157,27,2018
621100,Widerstand gegen und t tlicher Angriff auf Vollstreckungsbeamte und gleichstehende Personen    113-115 StGB,3103000,Wolfsburg,insg.,110,89,21,0,0,0,0,0,0,0,0,0,0,0,0,3,2,1,105,86,19,2,1,1,107,87,20,2018
621100,Widerstand gegen und t tlicher Angriff auf Vollstreckungsbeamte und gleichstehende Personen    113-115 StGB,5124000,Wuppertal,insg.,626,452,174,0,0,0,1,0,1,1,0,1,2,2,0,7,5,2,607,438,169,9,7,2,616,445,171,2018
621100,Widerstand gegen und t tlicher Angriff auf Vollstreckungsbeamte und gleichstehende Personen    113-115 StGB,9663000,W rzburg,insg.,161,139,22,0,0,0,0,0,0,0,0,0,0,0,0,6,5,1,155,134,21,0,0,0,155,134,21,2018
621110,"Widerstand gegen Vollstreckungsbeamte und gleichstehende Personen    113, 115 StGB",5334002,Aachen,voll.,393,307,86,0,0,0,0,0,0,0,0,0,0,0,0,3,0,3,389,306,83,1,1,0,390,307,83,2018
621110,"Widerstand gegen Vollstreckungsbeamte und gleichstehende Personen    113, 115 StGB",9761000,Augsburg,voll.,288,243,45,0,0,0,0,0,0,0,0,0,0,0,0,5,3,2,283,240,43,0,0,0,283,240,43,2018
621110,"Widerstand gegen Vollstreckungsbeamte und gleichstehende Personen    113, 115 StGB",5378004,Bergisch Gladbach,voll.,47,30,17,0,0,0,0,0,0,0,0,0,0,0,0,0,0,0,47,30,17,0,0,0,47,30,17,2018
621110,"Widerstand gegen Vollstreckungsbeamte und gleichstehende Personen    113, 115 StGB",11000000,Berlin,voll.,5171,4466,705,0,0,0,0,0,0,0,0,0,1,1,0,27,21,6,5107,4411,696,36,33,3,5143,4444,699,2018
621110,"Widerstand gegen Vollstreckungsbeamte und gleichstehende Personen    113, 115 StGB",5711000,Bielefeld,voll.,212,168,44,0,0,0,0,0,0,0,0,0,0,0,0,10,10,0,200,156,44,2,2,0,202,158,44,2018
621110,"Widerstand gegen Vollstreckungsbeamte und gleichstehende Personen    113, 115 StGB",5911000,Bochum,voll.,430,342,88,0,0,0,0,0,0,0,0,0,0,0,0,5,4,1,420,333,87,5,5,0,425,338,87,2018
621110,"Widerstand gegen Vollstreckungsbeamte und gleichstehende Personen    113, 115 StGB",5314000,Bonn,voll.,413,329,84,0,0,0,0,0,0,0,0,0,0,0,0,4,3,1,409,326,83,0,0,0,409,326,83,2018
621110,"Widerstand gegen Vollstreckungsbeamte und gleichstehende Personen    113, 115 StGB",5512000,Bottrop,voll.,43,37,6,0,0,0,0,0,0,0,0,0,0,0,0,0,0,0,42,36,6,1,1,0,43,37,6,2018
621110,"Widerstand gegen Vollstreckungsbeamte und gleichstehende Personen    113, 115 StGB",3101000,Braunschweig,voll.,114,93,21,0,0,0,0,0,0,0,0,0,0,0,0,1,0,1,113,93,20,0,0,0,113,93,20,2018
621110,"Widerstand gegen Vollstreckungsbeamte und gleichstehende Personen    113, 115 StGB",4011000,Bremen,voll.,558,454,104,0,0,0,0,0,0,0,0,0,0,0,0,3,2,1,547,444,103,8,8,0,555,452,103,2018
621110,"Widerstand gegen Vollstreckungsbeamte und gleichstehende Personen    113, 115 StGB",4012000,Bremerhaven,voll.,148,116,32,0,0,0,0,0,0,0,0,0,0,0,0,0,0,0,146,114,32,2,2,0,148,116,32,2018
621110,"Widerstand gegen Vollstreckungsbeamte und gleichstehende Personen    113, 115 StGB",14511000,Chemnitz,voll.,173,153,20,0,0,0,0,0,0,0,0,0,0,0,0,0,0,0,173,153,20,0,0,0,173,153,20,2018
621110,"Widerstand gegen Vollstreckungsbeamte und gleichstehende Personen    113, 115 StGB",12052000,Cottbus,voll.,58,51,7,0,0,0,0,0,0,0,0,0,0,0,0,1,1,0,57,50,7,0,0,0,57,50,7,2018
621110,"Widerstand gegen Vollstreckungsbeamte und gleichstehende Personen    113, 115 StGB",6411000,Darmstadt,voll.,92,73,19,0,0,0,0,0,0,0,0,0,0,0,0,0,0,0,92,73,19,0,0,0,92,73,19,2018
621110,"Widerstand gegen Vollstreckungsbeamte und gleichstehende Personen    113, 115 StGB",5913000,Dortmund,voll.,773,625,148,1,0,1,0,0,0,1,0,1,2,0,2,12,7,5,753,615,138,5,3,2,758,618,140,2018
621110,"Widerstand gegen Vollstreckungsbeamte und gleichstehende Personen    113, 115 StGB",14612000,Dresden,voll.,370,322,48,0,0,0,0,0,0,0,0,0,0,0,0,4,2,2,364,318,46,2,2,0,366,320,46,2018
621110,"Widerstand gegen Vollstreckungsbeamte und gleichstehende Personen    113, 115 StGB",5112000,Duisburg,voll.,503,399,104,0,0,0,1,0,1,1,0,1,2,1,1,14,13,1,482,382,100,4,3,1,486,385,101,2018
621110,"Widerstand gegen Vollstreckungsbeamte und gleichstehende Personen    113, 115 StGB",5111000,D sseldorf,voll.,904,708,196,1,0,1,0,0,0,1,0,1,2,2,0,23,17,6,872,686,186,6,3,3,878,689,189,2018
621110,"Widerstand gegen Vollstreckungsbeamte und gleichstehende Personen    113, 115 StGB",16051000,Erfurt,voll.,342,310,32,0,0,0,0,0,0,0,0,0,0,0,0,2,2,0,340,308,32,0,0,0,340,308,32,2018
621110,"Widerstand gegen Vollstreckungsbeamte und gleichstehende Personen    113, 115 StGB",9562000,Erlangen,voll.,5,4,1,0,0,0,0,0,0,0,0,0,0,0,0,0,0,0,5,4,1,0,0,0,5,4,1,2018
621110,"Widerstand gegen Vollstreckungsbeamte und gleichstehende Personen    113, 115 StGB",5113000,Essen,voll.,473,354,119,0,0,0,0,0,0,0,0,0,6,3,3,6,4,2,452,338,114,9,9,0,461,347,114,2018
621110,"Widerstand gegen Vollstreckungsbeamte und gleichstehende Personen    113, 115 StGB",6412000,Frankfurt am Main,voll.,1197,1045,152,0,0,0,0,0,0,0,0,0,3,3,0,13,9,4,1181,1033,148,0,0,0,1181,1033,148,2018
621110,"Widerstand gegen Vollstreckungsbeamte und gleichstehende Personen    113, 115 StGB",8311000,Freiburg im Breisgau,voll.,239,199,40,0,0,0,0,0,0,0,0,0,0,0,0,5,4,1,232,193,39,2,2,0,234,195,39,2018
621110,"Widerstand gegen Vollstreckungsbeamte und gleichstehende Personen    113, 115 StGB",9563000,F rth,voll.,21,19,2,0,0,0,0,0,0,0,0,0,0,0,0,0,0,0,21,19,2,0,0,0,21,19,2,2018
621110,"Widerstand gegen Vollstreckungsbeamte und gleichstehende Personen    113, 115 StGB",5513000,Gelsenkirchen,voll.,318,246,72,0,0,0,0,0,0,0,0,0,0,0,0,7,5,2,308,239,69,3,2,1,311,241,70,2018
621110,"Widerstand gegen Vollstreckungsbeamte und gleichstehende Personen    113, 115 StGB",3159016,G ttingen,voll.,59,48,11,0,0,0,0,0,0,0,0,0,0,0,0,0,0,0,58,47,11,1,1,0,59,48,11,2018
621110,"Widerstand gegen Vollstreckungsbeamte und gleichstehende Personen    113, 115 StGB",5914000,Hagen,voll.,254,169,85,0,0,0,0,0,0,0,0,0,1,1,0,4,3,1,248,164,84,1,1,0,249,165,84,2018
621110,"Widerstand gegen Vollstreckungsbeamte und gleichstehende Personen    113, 115 StGB",15002000,Halle (Saale),voll.,199,162,37,0,0,0,0,0,0,0,0,0,1,1,0,11,6,5,186,154,32,1,1,0,187,155,32,2018
621110,"Widerstand gegen Vollstreckungsbeamte und gleichstehende Personen    113, 115 StGB",2000000,Hamburg,voll.,759,638,121,5,5,0,0,0,0,5,5,0,0,0,0,11,6,5,742,626,116,1,1,0,743,627,116,2018
621110,"Widerstand gegen Vollstreckungsbeamte und gleichstehende Personen    113, 115 StGB",5915000,Hamm,voll.,111,81,30,0,0,0,1,1,0,1,1,0,0,0,0,4,3,1,106,77,29,0,0,0,106,77,29,2018
621110,"Widerstand gegen Vollstreckungsbeamte und gleichstehende Personen    113, 115 StGB",3241001,Hannover,voll.,470,384,86,0,0,0,0,0,0,0,0,0,0,0,0,7,4,3,461,379,82,2,1,1,463,380,83,2018
621110,"Widerstand gegen Vollstreckungsbeamte und gleichstehende Personen    113, 115 StGB",8221000,Heidelberg,voll.,99,86,13,0,0,0,0,0,0,0,0,0,0,0,0,3,3,0,96,83,13,0,0,0,96,83,13,2018
621110,"Widerstand gegen Vollstreckungsbeamte und gleichstehende Personen    113, 115 StGB",8121000,Heilbronn,voll.,51,43,8,8,6,2,0,0,0,8,6,2,0,0,0,1,1,0,41,35,6,1,1,0,42,36,6,2018
621110,"Widerstand gegen Vollstreckungsbeamte und gleichstehende Personen    113, 115 StGB",5916000,Herne,voll.,167,128,39,0,0,0,0,0,0,0,0,0,0,0,0,1,0,1,162,124,38,4,4,0,166,128,38,2018
621110,"Widerstand gegen Vollstreckungsbeamte und gleichstehende Personen    113, 115 StGB",3254021,Hildesheim,voll.,71,58,13,0,0,0,0,0,0,0,0,0,0,0,0,0,0,0,71,58,13,0,0,0,71,58,13,2018
621110,"Widerstand gegen Vollstreckungsbeamte und gleichstehende Personen    113, 115 StGB",9161000,Ingolstadt,voll.,54,46,8,0,0,0,0,0,0,0,0,0,0,0,0,3,3,0,51,43,8,0,0,0,51,43,8,2018
621110,"Widerstand gegen Vollstreckungsbeamte und gleichstehende Personen    113, 115 StGB",16053000,Jena,voll.,65,56,9,0,0,0,0,0,0,0,0,0,0,0,0,0,0,0,65,56,9,0,0,0,65,56,9,2018
621110,"Widerstand gegen Vollstreckungsbeamte und gleichstehende Personen    113, 115 StGB",8212000,Karlsruhe,voll.,145,115,30,0,0,0,0,0,0,0,0,0,0,0,0,7,5,2,137,109,28,1,1,0,138,110,28,2018
621110,"Widerstand gegen Vollstreckungsbeamte und gleichstehende Personen    113, 115 StGB",6611000,Kassel,voll.,180,152,28,0,0,0,0,0,0,0,0,0,0,0,0,11,9,2,169,143,26,0,0,0,169,143,26,2018
621110,"Widerstand gegen Vollstreckungsbeamte und gleichstehende Personen    113, 115 StGB",1002000,Kiel,voll.,183,152,31,0,0,0,0,0,0,0,0,0,0,0,0,0,0,0,183,152,31,0,0,0,183,152,31,2018
621110,"Widerstand gegen Vollstreckungsbeamte und gleichstehende Personen    113, 115 StGB",7111000,Koblenz,voll.,186,152,34,0,0,0,0,0,0,0,0,0,0,0,0,2,1,1,184,151,33,0,0,0,184,151,33,2018
621110,"Widerstand gegen Vollstreckungsbeamte und gleichstehende Personen    113, 115 StGB",5315000,K ln,voll.,1512,1092,420,0,0,0,0,0,0,0,0,0,0,0,0,21,15,6,1484,1071,413,7,6,1,1491,1077,414,2018
621110,"Widerstand gegen Vollstreckungsbeamte und gleichstehende Personen    113, 115 StGB",5114000,Krefeld,voll.,283,204,79,0,0,0,0,0,0,0,0,0,0,0,0,7,5,2,273,196,77,3,3,0,276,199,77,2018
621110,"Widerstand gegen Vollstreckungsbeamte und gleichstehende Personen    113, 115 StGB",14713000,Leipzig,voll.,582,493,89,0,0,0,0,0,0,0,0,0,0,0,0,3,3,0,577,488,89,2,2,0,579,490,89,2018
621110,"Widerstand gegen Vollstreckungsbeamte und gleichstehende Personen    113, 115 StGB",5316000,Leverkusen,voll.,162,123,39,0,0,0,0,0,0,0,0,0,0,0,0,4,3,1,157,119,38,1,1,0,158,120,38,2018
621110,"Widerstand gegen Vollstreckungsbeamte und gleichstehende Personen    113, 115 StGB",1003000,L beck,voll.,243,207,36,0,0,0,0,0,0,0,0,0,0,0,0,4,4,0,238,202,36,1,1,0,239,203,36,2018
621110,"Widerstand gegen Vollstreckungsbeamte und gleichstehende Personen    113, 115 StGB",7314000,Ludwigshafen am Rhein,voll.,110,89,21,0,0,0,0,0,0,0,0,0,0,0,0,0,0,0,108,87,21,2,2,0,110,89,21,2018
621110,"Widerstand gegen Vollstreckungsbeamte und gleichstehende Personen    113, 115 StGB",15003000,Magdeburg,voll.,211,183,28,0,0,0,0,0,0,0,0,0,0,0,0,5,5,0,206,178,28,0,0,0,206,178,28,2018
621110,"Widerstand gegen Vollstreckungsbeamte und gleichstehende Personen    113, 115 StGB",7315000,Mainz,voll.,244,196,48,0,0,0,0,0,0,0,0,0,0,0,0,6,3,3,238,193,45,0,0,0,238,193,45,2018
621110,"Widerstand gegen Vollstreckungsbeamte und gleichstehende Personen    113, 115 StGB",8222000,Mannheim,voll.,155,131,24,0,0,0,0,0,0,0,0,0,1,1,0,5,5,0,149,125,24,0,0,0,149,125,24,2018
621110,"Widerstand gegen Vollstreckungsbeamte und gleichstehende Personen    113, 115 StGB",5170024,Moers,voll.,96,62,34,0,0,0,0,0,0,0,0,0,0,0,0,2,2,0,94,60,34,0,0,0,94,60,34,2018
621110,"Widerstand gegen Vollstreckungsbeamte und gleichstehende Personen    113, 115 StGB",5116000,M nchengladbach,voll.,214,165,49,0,0,0,0,0,0,0,0,0,0,0,0,1,1,0,212,163,49,1,1,0,213,164,49,2018
621110,"Widerstand gegen Vollstreckungsbeamte und gleichstehende Personen    113, 115 StGB",5117000,M lheim an der Ruhr,voll.,112,68,44,0,0,0,0,0,0,0,0,0,0,0,0,1,1,0,110,67,43,1,0,1,111,67,44,2018
621110,"Widerstand gegen Vollstreckungsbeamte und gleichstehende Personen    113, 115 StGB",9162000,M nchen,voll.,617,538,79,0,0,0,0,0,0,0,0,0,0,0,0,12,10,2,605,528,77,0,0,0,605,528,77,2018
621110,"Widerstand gegen Vollstreckungsbeamte und gleichstehende Personen    113, 115 StGB",5515000,M nster,voll.,304,219,85,0,0,0,0,0,0,0,0,0,1,0,1,7,3,4,292,213,79,4,3,1,296,216,80,2018
621110,"Widerstand gegen Vollstreckungsbeamte und gleichstehende Personen    113, 115 StGB",5162024,Neuss,voll.,149,109,40,0,0,0,0,0,0,0,0,0,0,0,0,3,1,2,146,108,38,0,0,0,146,108,38,2018
621110,"Widerstand gegen Vollstreckungsbeamte und gleichstehende Personen    113, 115 StGB",9564000,N rnberg,voll.,211,177,34,0,0,0,0,0,0,0,0,0,0,0,0,5,5,0,204,170,34,2,2,0,206,172,34,2018
621110,"Widerstand gegen Vollstreckungsbeamte und gleichstehende Personen    113, 115 StGB",5119000,Oberhausen,voll.,128,95,33,0,0,0,0,0,0,0,0,0,0,0,0,5,3,2,120,89,31,3,3,0,123,92,31,2018
621110,"Widerstand gegen Vollstreckungsbeamte und gleichstehende Personen    113, 115 StGB",6413000,Offenbach am Main,voll.,91,67,24,0,0,0,0,0,0,0,0,0,0,0,0,2,2,0,89,65,24,0,0,0,89,65,24,2018
621110,"Widerstand gegen Vollstreckungsbeamte und gleichstehende Personen    113, 115 StGB",3403000,Oldenburg (Oldenburg),voll.,83,63,20,0,0,0,0,0,0,0,0,0,0,0,0,2,2,0,78,58,20,3,3,0,81,61,20,2018
621110,"Widerstand gegen Vollstreckungsbeamte und gleichstehende Personen    113, 115 StGB",3404000,Osnabr ck,voll.,75,63,12,0,0,0,0,0,0,0,0,0,0,0,0,2,1,1,73,62,11,0,0,0,73,62,11,2018
621110,"Widerstand gegen Vollstreckungsbeamte und gleichstehende Personen    113, 115 StGB",5774032,Paderborn,voll.,99,86,13,0,0,0,0,0,0,0,0,0,1,0,1,2,2,0,94,83,11,2,1,1,96,84,12,2018
621110,"Widerstand gegen Vollstreckungsbeamte und gleichstehende Personen    113, 115 StGB",8231000,Pforzheim,voll.,27,20,7,0,0,0,0,0,0,0,0,0,0,0,0,1,0,1,25,19,6,1,1,0,26,20,6,2018
621110,"Widerstand gegen Vollstreckungsbeamte und gleichstehende Personen    113, 115 StGB",12054000,Potsdam,voll.,56,47,9,0,0,0,0,0,0,0,0,0,0,0,0,1,0,1,55,47,8,0,0,0,55,47,8,2018
621110,"Widerstand gegen Vollstreckungsbeamte und gleichstehende Personen    113, 115 StGB",5562032,Recklinghausen,voll.,168,126,42,0,0,0,0,0,0,0,0,0,1,0,1,4,3,1,160,120,40,3,3,0,163,123,40,2018
621110,"Widerstand gegen Vollstreckungsbeamte und gleichstehende Personen    113, 115 StGB",9362000,Regensburg,voll.,71,64,7,0,0,0,0,0,0,0,0,0,0,0,0,0,0,0,71,64,7,0,0,0,71,64,7,2018
621110,"Widerstand gegen Vollstreckungsbeamte und gleichstehende Personen    113, 115 StGB",5120000,Remscheid,voll.,88,61,27,0,0,0,0,0,0,0,0,0,0,0,0,1,0,1,84,60,24,3,1,2,87,61,26,2018
621110,"Widerstand gegen Vollstreckungsbeamte und gleichstehende Personen    113, 115 StGB",8415061,Reutlingen,voll.,25,19,6,0,0,0,0,0,0,0,0,0,0,0,0,1,1,0,24,18,6,0,0,0,24,18,6,2018
621110,"Widerstand gegen Vollstreckungsbeamte und gleichstehende Personen    113, 115 StGB",13003000,Rostock,voll.,212,175,37,0,0,0,0,0,0,0,0,0,0,0,0,2,2,0,207,170,37,3,3,0,210,173,37,2018
621110,"Widerstand gegen Vollstreckungsbeamte und gleichstehende Personen    113, 115 StGB",10041100,Saarbr cken,voll.,348,284,64,0,0,0,0,0,0,0,0,0,0,0,0,1,1,0,344,280,64,3,3,0,347,283,64,2018
621110,"Widerstand gegen Vollstreckungsbeamte und gleichstehende Personen    113, 115 StGB",3102000,Salzgitter,voll.,23,18,5,0,0,0,0,0,0,0,0,0,0,0,0,1,0,1,22,18,4,0,0,0,22,18,4,2018
621110,"Widerstand gegen Vollstreckungsbeamte und gleichstehende Personen    113, 115 StGB",13004000,Schwerin,voll.,148,130,18,0,0,0,0,0,0,0,0,0,0,0,0,1,1,0,144,126,18,3,3,0,147,129,18,2018
621110,"Widerstand gegen Vollstreckungsbeamte und gleichstehende Personen    113, 115 StGB",5970040,Siegen,voll.,136,91,45,0,0,0,0,0,0,0,0,0,1,0,1,0,0,0,134,90,44,1,1,0,135,91,44,2018
621110,"Widerstand gegen Vollstreckungsbeamte und gleichstehende Personen    113, 115 StGB",5122000,Solingen,voll.,85,68,17,0,0,0,0,0,0,0,0,0,0,0,0,1,1,0,81,65,16,3,2,1,84,67,17,2018
621110,"Widerstand gegen Vollstreckungsbeamte und gleichstehende Personen    113, 115 StGB",8111000,Stuttgart,voll.,794,665,129,0,0,0,0,0,0,0,0,0,1,1,0,10,7,3,781,655,126,2,2,0,783,657,126,2018
621110,"Widerstand gegen Vollstreckungsbeamte und gleichstehende Personen    113, 115 StGB",7211000,Trier,voll.,171,140,31,0,0,0,0,0,0,0,0,0,0,0,0,1,1,0,169,138,31,1,1,0,170,139,31,2018
621110,"Widerstand gegen Vollstreckungsbeamte und gleichstehende Personen    113, 115 StGB",8421000,Ulm,voll.,54,48,6,0,0,0,0,0,0,0,0,0,0,0,0,0,0,0,54,48,6,0,0,0,54,48,6,2018
621110,"Widerstand gegen Vollstreckungsbeamte und gleichstehende Personen    113, 115 StGB",6414000,Wiesbaden,voll.,143,123,20,0,0,0,0,0,0,0,0,0,0,0,0,1,1,0,141,121,20,1,1,0,142,122,20,2018
621110,"Widerstand gegen Vollstreckungsbeamte und gleichstehende Personen    113, 115 StGB",3103000,Wolfsburg,voll.,47,36,11,0,0,0,0,0,0,0,0,0,0,0,0,2,1,1,44,34,10,1,1,0,45,35,10,2018
621110,"Widerstand gegen Vollstreckungsbeamte und gleichstehende Personen    113, 115 StGB",5124000,Wuppertal,voll.,521,374,147,0,0,0,1,0,1,1,0,1,1,1,0,7,5,2,504,362,142,8,6,2,512,368,144,2018
621110,"Widerstand gegen Vollstreckungsbeamte und gleichstehende Personen    113, 115 StGB",9663000,W rzburg,voll.,24,22,2,0,0,0,0,0,0,0,0,0,0,0,0,0,0,0,24,22,2,0,0,0,24,22,2,2018
621110,"Widerstand gegen Vollstreckungsbeamte und gleichstehende Personen    113, 115 StGB",5334002,Aachen,vers.,0,0,0,0,0,0,0,0,0,0,0,0,0,0,0,0,0,0,0,0,0,0,0,0,0,0,0,2018
621110,"Widerstand gegen Vollstreckungsbeamte und gleichstehende Personen    113, 115 StGB",9761000,Augsburg,vers.,0,0,0,0,0,0,0,0,0,0,0,0,0,0,0,0,0,0,0,0,0,0,0,0,0,0,0,2018
621110,"Widerstand gegen Vollstreckungsbeamte und gleichstehende Personen    113, 115 StGB",5378004,Bergisch Gladbach,vers.,0,0,0,0,0,0,0,0,0,0,0,0,0,0,0,0,0,0,0,0,0,0,0,0,0,0,0,2018
621110,"Widerstand gegen Vollstreckungsbeamte und gleichstehende Personen    113, 115 StGB",11000000,Berlin,vers.,0,0,0,0,0,0,0,0,0,0,0,0,0,0,0,0,0,0,0,0,0,0,0,0,0,0,0,2018
621110,"Widerstand gegen Vollstreckungsbeamte und gleichstehende Personen    113, 115 StGB",5711000,Bielefeld,vers.,0,0,0,0,0,0,0,0,0,0,0,0,0,0,0,0,0,0,0,0,0,0,0,0,0,0,0,2018
621110,"Widerstand gegen Vollstreckungsbeamte und gleichstehende Personen    113, 115 StGB",5911000,Bochum,vers.,0,0,0,0,0,0,0,0,0,0,0,0,0,0,0,0,0,0,0,0,0,0,0,0,0,0,0,2018
621110,"Widerstand gegen Vollstreckungsbeamte und gleichstehende Personen    113, 115 StGB",5314000,Bonn,vers.,0,0,0,0,0,0,0,0,0,0,0,0,0,0,0,0,0,0,0,0,0,0,0,0,0,0,0,2018
621110,"Widerstand gegen Vollstreckungsbeamte und gleichstehende Personen    113, 115 StGB",5512000,Bottrop,vers.,0,0,0,0,0,0,0,0,0,0,0,0,0,0,0,0,0,0,0,0,0,0,0,0,0,0,0,2018
621110,"Widerstand gegen Vollstreckungsbeamte und gleichstehende Personen    113, 115 StGB",3101000,Braunschweig,vers.,0,0,0,0,0,0,0,0,0,0,0,0,0,0,0,0,0,0,0,0,0,0,0,0,0,0,0,2018
621110,"Widerstand gegen Vollstreckungsbeamte und gleichstehende Personen    113, 115 StGB",4011000,Bremen,vers.,0,0,0,0,0,0,0,0,0,0,0,0,0,0,0,0,0,0,0,0,0,0,0,0,0,0,0,2018
621110,"Widerstand gegen Vollstreckungsbeamte und gleichstehende Personen    113, 115 StGB",4012000,Bremerhaven,vers.,0,0,0,0,0,0,0,0,0,0,0,0,0,0,0,0,0,0,0,0,0,0,0,0,0,0,0,2018
621110,"Widerstand gegen Vollstreckungsbeamte und gleichstehende Personen    113, 115 StGB",14511000,Chemnitz,vers.,0,0,0,0,0,0,0,0,0,0,0,0,0,0,0,0,0,0,0,0,0,0,0,0,0,0,0,2018
621110,"Widerstand gegen Vollstreckungsbeamte und gleichstehende Personen    113, 115 StGB",12052000,Cottbus,vers.,0,0,0,0,0,0,0,0,0,0,0,0,0,0,0,0,0,0,0,0,0,0,0,0,0,0,0,2018
621110,"Widerstand gegen Vollstreckungsbeamte und gleichstehende Personen    113, 115 StGB",6411000,Darmstadt,vers.,0,0,0,0,0,0,0,0,0,0,0,0,0,0,0,0,0,0,0,0,0,0,0,0,0,0,0,2018
621110,"Widerstand gegen Vollstreckungsbeamte und gleichstehende Personen    113, 115 StGB",5913000,Dortmund,vers.,0,0,0,0,0,0,0,0,0,0,0,0,0,0,0,0,0,0,0,0,0,0,0,0,0,0,0,2018
621110,"Widerstand gegen Vollstreckungsbeamte und gleichstehende Personen    113, 115 StGB",14612000,Dresden,vers.,0,0,0,0,0,0,0,0,0,0,0,0,0,0,0,0,0,0,0,0,0,0,0,0,0,0,0,2018
621110,"Widerstand gegen Vollstreckungsbeamte und gleichstehende Personen    113, 115 StGB",5112000,Duisburg,vers.,0,0,0,0,0,0,0,0,0,0,0,0,0,0,0,0,0,0,0,0,0,0,0,0,0,0,0,2018
621110,"Widerstand gegen Vollstreckungsbeamte und gleichstehende Personen    113, 115 StGB",5111000,D sseldorf,vers.,0,0,0,0,0,0,0,0,0,0,0,0,0,0,0,0,0,0,0,0,0,0,0,0,0,0,0,2018
621110,"Widerstand gegen Vollstreckungsbeamte und gleichstehende Personen    113, 115 StGB",16051000,Erfurt,vers.,0,0,0,0,0,0,0,0,0,0,0,0,0,0,0,0,0,0,0,0,0,0,0,0,0,0,0,2018
621110,"Widerstand gegen Vollstreckungsbeamte und gleichstehende Personen    113, 115 StGB",9562000,Erlangen,vers.,0,0,0,0,0,0,0,0,0,0,0,0,0,0,0,0,0,0,0,0,0,0,0,0,0,0,0,2018
621110,"Widerstand gegen Vollstreckungsbeamte und gleichstehende Personen    113, 115 StGB",5113000,Essen,vers.,0,0,0,0,0,0,0,0,0,0,0,0,0,0,0,0,0,0,0,0,0,0,0,0,0,0,0,2018
621110,"Widerstand gegen Vollstreckungsbeamte und gleichstehende Personen    113, 115 StGB",6412000,Frankfurt am Main,vers.,0,0,0,0,0,0,0,0,0,0,0,0,0,0,0,0,0,0,0,0,0,0,0,0,0,0,0,2018
621110,"Widerstand gegen Vollstreckungsbeamte und gleichstehende Personen    113, 115 StGB",8311000,Freiburg im Breisgau,vers.,0,0,0,0,0,0,0,0,0,0,0,0,0,0,0,0,0,0,0,0,0,0,0,0,0,0,0,2018
621110,"Widerstand gegen Vollstreckungsbeamte und gleichstehende Personen    113, 115 StGB",9563000,F rth,vers.,0,0,0,0,0,0,0,0,0,0,0,0,0,0,0,0,0,0,0,0,0,0,0,0,0,0,0,2018
621110,"Widerstand gegen Vollstreckungsbeamte und gleichstehende Personen    113, 115 StGB",5513000,Gelsenkirchen,vers.,0,0,0,0,0,0,0,0,0,0,0,0,0,0,0,0,0,0,0,0,0,0,0,0,0,0,0,2018
621110,"Widerstand gegen Vollstreckungsbeamte und gleichstehende Personen    113, 115 StGB",3159016,G ttingen,vers.,0,0,0,0,0,0,0,0,0,0,0,0,0,0,0,0,0,0,0,0,0,0,0,0,0,0,0,2018
621110,"Widerstand gegen Vollstreckungsbeamte und gleichstehende Personen    113, 115 StGB",5914000,Hagen,vers.,0,0,0,0,0,0,0,0,0,0,0,0,0,0,0,0,0,0,0,0,0,0,0,0,0,0,0,2018
621110,"Widerstand gegen Vollstreckungsbeamte und gleichstehende Personen    113, 115 StGB",15002000,Halle (Saale),vers.,0,0,0,0,0,0,0,0,0,0,0,0,0,0,0,0,0,0,0,0,0,0,0,0,0,0,0,2018
621110,"Widerstand gegen Vollstreckungsbeamte und gleichstehende Personen    113, 115 StGB",2000000,Hamburg,vers.,0,0,0,0,0,0,0,0,0,0,0,0,0,0,0,0,0,0,0,0,0,0,0,0,0,0,0,2018
621110,"Widerstand gegen Vollstreckungsbeamte und gleichstehende Personen    113, 115 StGB",5915000,Hamm,vers.,0,0,0,0,0,0,0,0,0,0,0,0,0,0,0,0,0,0,0,0,0,0,0,0,0,0,0,2018
621110,"Widerstand gegen Vollstreckungsbeamte und gleichstehende Personen    113, 115 StGB",3241001,Hannover,vers.,0,0,0,0,0,0,0,0,0,0,0,0,0,0,0,0,0,0,0,0,0,0,0,0,0,0,0,2018
621110,"Widerstand gegen Vollstreckungsbeamte und gleichstehende Personen    113, 115 StGB",8221000,Heidelberg,vers.,0,0,0,0,0,0,0,0,0,0,0,0,0,0,0,0,0,0,0,0,0,0,0,0,0,0,0,2018
621110,"Widerstand gegen Vollstreckungsbeamte und gleichstehende Personen    113, 115 StGB",8121000,Heilbronn,vers.,0,0,0,0,0,0,0,0,0,0,0,0,0,0,0,0,0,0,0,0,0,0,0,0,0,0,0,2018
621110,"Widerstand gegen Vollstreckungsbeamte und gleichstehende Personen    113, 115 StGB",5916000,Herne,vers.,0,0,0,0,0,0,0,0,0,0,0,0,0,0,0,0,0,0,0,0,0,0,0,0,0,0,0,2018
621110,"Widerstand gegen Vollstreckungsbeamte und gleichstehende Personen    113, 115 StGB",3254021,Hildesheim,vers.,0,0,0,0,0,0,0,0,0,0,0,0,0,0,0,0,0,0,0,0,0,0,0,0,0,0,0,2018
621110,"Widerstand gegen Vollstreckungsbeamte und gleichstehende Personen    113, 115 StGB",9161000,Ingolstadt,vers.,0,0,0,0,0,0,0,0,0,0,0,0,0,0,0,0,0,0,0,0,0,0,0,0,0,0,0,2018
621110,"Widerstand gegen Vollstreckungsbeamte und gleichstehende Personen    113, 115 StGB",16053000,Jena,vers.,0,0,0,0,0,0,0,0,0,0,0,0,0,0,0,0,0,0,0,0,0,0,0,0,0,0,0,2018
621110,"Widerstand gegen Vollstreckungsbeamte und gleichstehende Personen    113, 115 StGB",8212000,Karlsruhe,vers.,0,0,0,0,0,0,0,0,0,0,0,0,0,0,0,0,0,0,0,0,0,0,0,0,0,0,0,2018
621110,"Widerstand gegen Vollstreckungsbeamte und gleichstehende Personen    113, 115 StGB",6611000,Kassel,vers.,0,0,0,0,0,0,0,0,0,0,0,0,0,0,0,0,0,0,0,0,0,0,0,0,0,0,0,2018
621110,"Widerstand gegen Vollstreckungsbeamte und gleichstehende Personen    113, 115 StGB",1002000,Kiel,vers.,0,0,0,0,0,0,0,0,0,0,0,0,0,0,0,0,0,0,0,0,0,0,0,0,0,0,0,2018
621110,"Widerstand gegen Vollstreckungsbeamte und gleichstehende Personen    113, 115 StGB",7111000,Koblenz,vers.,0,0,0,0,0,0,0,0,0,0,0,0,0,0,0,0,0,0,0,0,0,0,0,0,0,0,0,2018
621110,"Widerstand gegen Vollstreckungsbeamte und gleichstehende Personen    113, 115 StGB",5315000,K ln,vers.,0,0,0,0,0,0,0,0,0,0,0,0,0,0,0,0,0,0,0,0,0,0,0,0,0,0,0,2018
621110,"Widerstand gegen Vollstreckungsbeamte und gleichstehende Personen    113, 115 StGB",5114000,Krefeld,vers.,0,0,0,0,0,0,0,0,0,0,0,0,0,0,0,0,0,0,0,0,0,0,0,0,0,0,0,2018
621110,"Widerstand gegen Vollstreckungsbeamte und gleichstehende Personen    113, 115 StGB",14713000,Leipzig,vers.,0,0,0,0,0,0,0,0,0,0,0,0,0,0,0,0,0,0,0,0,0,0,0,0,0,0,0,2018
621110,"Widerstand gegen Vollstreckungsbeamte und gleichstehende Personen    113, 115 StGB",5316000,Leverkusen,vers.,0,0,0,0,0,0,0,0,0,0,0,0,0,0,0,0,0,0,0,0,0,0,0,0,0,0,0,2018
621110,"Widerstand gegen Vollstreckungsbeamte und gleichstehende Personen    113, 115 StGB",1003000,L beck,vers.,0,0,0,0,0,0,0,0,0,0,0,0,0,0,0,0,0,0,0,0,0,0,0,0,0,0,0,2018
621110,"Widerstand gegen Vollstreckungsbeamte und gleichstehende Personen    113, 115 StGB",7314000,Ludwigshafen am Rhein,vers.,0,0,0,0,0,0,0,0,0,0,0,0,0,0,0,0,0,0,0,0,0,0,0,0,0,0,0,2018
621110,"Widerstand gegen Vollstreckungsbeamte und gleichstehende Personen    113, 115 StGB",15003000,Magdeburg,vers.,0,0,0,0,0,0,0,0,0,0,0,0,0,0,0,0,0,0,0,0,0,0,0,0,0,0,0,2018
621110,"Widerstand gegen Vollstreckungsbeamte und gleichstehende Personen    113, 115 StGB",7315000,Mainz,vers.,0,0,0,0,0,0,0,0,0,0,0,0,0,0,0,0,0,0,0,0,0,0,0,0,0,0,0,2018
621110,"Widerstand gegen Vollstreckungsbeamte und gleichstehende Personen    113, 115 StGB",8222000,Mannheim,vers.,0,0,0,0,0,0,0,0,0,0,0,0,0,0,0,0,0,0,0,0,0,0,0,0,0,0,0,2018
621110,"Widerstand gegen Vollstreckungsbeamte und gleichstehende Personen    113, 115 StGB",5170024,Moers,vers.,0,0,0,0,0,0,0,0,0,0,0,0,0,0,0,0,0,0,0,0,0,0,0,0,0,0,0,2018
621110,"Widerstand gegen Vollstreckungsbeamte und gleichstehende Personen    113, 115 StGB",5116000,M nchengladbach,vers.,0,0,0,0,0,0,0,0,0,0,0,0,0,0,0,0,0,0,0,0,0,0,0,0,0,0,0,2018
621110,"Widerstand gegen Vollstreckungsbeamte und gleichstehende Personen    113, 115 StGB",5117000,M lheim an der Ruhr,vers.,0,0,0,0,0,0,0,0,0,0,0,0,0,0,0,0,0,0,0,0,0,0,0,0,0,0,0,2018
621110,"Widerstand gegen Vollstreckungsbeamte und gleichstehende Personen    113, 115 StGB",9162000,M nchen,vers.,0,0,0,0,0,0,0,0,0,0,0,0,0,0,0,0,0,0,0,0,0,0,0,0,0,0,0,2018
621110,"Widerstand gegen Vollstreckungsbeamte und gleichstehende Personen    113, 115 StGB",5515000,M nster,vers.,0,0,0,0,0,0,0,0,0,0,0,0,0,0,0,0,0,0,0,0,0,0,0,0,0,0,0,2018
621110,"Widerstand gegen Vollstreckungsbeamte und gleichstehende Personen    113, 115 StGB",5162024,Neuss,vers.,0,0,0,0,0,0,0,0,0,0,0,0,0,0,0,0,0,0,0,0,0,0,0,0,0,0,0,2018
621110,"Widerstand gegen Vollstreckungsbeamte und gleichstehende Personen    113, 115 StGB",9564000,N rnberg,vers.,0,0,0,0,0,0,0,0,0,0,0,0,0,0,0,0,0,0,0,0,0,0,0,0,0,0,0,2018
621110,"Widerstand gegen Vollstreckungsbeamte und gleichstehende Personen    113, 115 StGB",5119000,Oberhausen,vers.,0,0,0,0,0,0,0,0,0,0,0,0,0,0,0,0,0,0,0,0,0,0,0,0,0,0,0,2018
621110,"Widerstand gegen Vollstreckungsbeamte und gleichstehende Personen    113, 115 StGB",6413000,Offenbach am Main,vers.,0,0,0,0,0,0,0,0,0,0,0,0,0,0,0,0,0,0,0,0,0,0,0,0,0,0,0,2018
621110,"Widerstand gegen Vollstreckungsbeamte und gleichstehende Personen    113, 115 StGB",3403000,Oldenburg (Oldenburg),vers.,0,0,0,0,0,0,0,0,0,0,0,0,0,0,0,0,0,0,0,0,0,0,0,0,0,0,0,2018
621110,"Widerstand gegen Vollstreckungsbeamte und gleichstehende Personen    113, 115 StGB",3404000,Osnabr ck,vers.,0,0,0,0,0,0,0,0,0,0,0,0,0,0,0,0,0,0,0,0,0,0,0,0,0,0,0,2018
621110,"Widerstand gegen Vollstreckungsbeamte und gleichstehende Personen    113, 115 StGB",5774032,Paderborn,vers.,0,0,0,0,0,0,0,0,0,0,0,0,0,0,0,0,0,0,0,0,0,0,0,0,0,0,0,2018
621110,"Widerstand gegen Vollstreckungsbeamte und gleichstehende Personen    113, 115 StGB",8231000,Pforzheim,vers.,0,0,0,0,0,0,0,0,0,0,0,0,0,0,0,0,0,0,0,0,0,0,0,0,0,0,0,2018
621110,"Widerstand gegen Vollstreckungsbeamte und gleichstehende Personen    113, 115 StGB",12054000,Potsdam,vers.,0,0,0,0,0,0,0,0,0,0,0,0,0,0,0,0,0,0,0,0,0,0,0,0,0,0,0,2018
621110,"Widerstand gegen Vollstreckungsbeamte und gleichstehende Personen    113, 115 StGB",5562032,Recklinghausen,vers.,0,0,0,0,0,0,0,0,0,0,0,0,0,0,0,0,0,0,0,0,0,0,0,0,0,0,0,2018
621110,"Widerstand gegen Vollstreckungsbeamte und gleichstehende Personen    113, 115 StGB",9362000,Regensburg,vers.,0,0,0,0,0,0,0,0,0,0,0,0,0,0,0,0,0,0,0,0,0,0,0,0,0,0,0,2018
621110,"Widerstand gegen Vollstreckungsbeamte und gleichstehende Personen    113, 115 StGB",5120000,Remscheid,vers.,0,0,0,0,0,0,0,0,0,0,0,0,0,0,0,0,0,0,0,0,0,0,0,0,0,0,0,2018
621110,"Widerstand gegen Vollstreckungsbeamte und gleichstehende Personen    113, 115 StGB",8415061,Reutlingen,vers.,0,0,0,0,0,0,0,0,0,0,0,0,0,0,0,0,0,0,0,0,0,0,0,0,0,0,0,2018
621110,"Widerstand gegen Vollstreckungsbeamte und gleichstehende Personen    113, 115 StGB",13003000,Rostock,vers.,0,0,0,0,0,0,0,0,0,0,0,0,0,0,0,0,0,0,0,0,0,0,0,0,0,0,0,2018
621110,"Widerstand gegen Vollstreckungsbeamte und gleichstehende Personen    113, 115 StGB",10041100,Saarbr cken,vers.,0,0,0,0,0,0,0,0,0,0,0,0,0,0,0,0,0,0,0,0,0,0,0,0,0,0,0,2018
621110,"Widerstand gegen Vollstreckungsbeamte und gleichstehende Personen    113, 115 StGB",3102000,Salzgitter,vers.,0,0,0,0,0,0,0,0,0,0,0,0,0,0,0,0,0,0,0,0,0,0,0,0,0,0,0,2018
621110,"Widerstand gegen Vollstreckungsbeamte und gleichstehende Personen    113, 115 StGB",13004000,Schwerin,vers.,0,0,0,0,0,0,0,0,0,0,0,0,0,0,0,0,0,0,0,0,0,0,0,0,0,0,0,2018
621110,"Widerstand gegen Vollstreckungsbeamte und gleichstehende Personen    113, 115 StGB",5970040,Siegen,vers.,0,0,0,0,0,0,0,0,0,0,0,0,0,0,0,0,0,0,0,0,0,0,0,0,0,0,0,2018
621110,"Widerstand gegen Vollstreckungsbeamte und gleichstehende Personen    113, 115 StGB",5122000,Solingen,vers.,0,0,0,0,0,0,0,0,0,0,0,0,0,0,0,0,0,0,0,0,0,0,0,0,0,0,0,2018
621110,"Widerstand gegen Vollstreckungsbeamte und gleichstehende Personen    113, 115 StGB",8111000,Stuttgart,vers.,0,0,0,0,0,0,0,0,0,0,0,0,0,0,0,0,0,0,0,0,0,0,0,0,0,0,0,2018
621110,"Widerstand gegen Vollstreckungsbeamte und gleichstehende Personen    113, 115 StGB",7211000,Trier,vers.,0,0,0,0,0,0,0,0,0,0,0,0,0,0,0,0,0,0,0,0,0,0,0,0,0,0,0,2018
621110,"Widerstand gegen Vollstreckungsbeamte und gleichstehende Personen    113, 115 StGB",8421000,Ulm,vers.,0,0,0,0,0,0,0,0,0,0,0,0,0,0,0,0,0,0,0,0,0,0,0,0,0,0,0,2018
621110,"Widerstand gegen Vollstreckungsbeamte und gleichstehende Personen    113, 115 StGB",6414000,Wiesbaden,vers.,0,0,0,0,0,0,0,0,0,0,0,0,0,0,0,0,0,0,0,0,0,0,0,0,0,0,0,2018
621110,"Widerstand gegen Vollstreckungsbeamte und gleichstehende Personen    113, 115 StGB",3103000,Wolfsburg,vers.,0,0,0,0,0,0,0,0,0,0,0,0,0,0,0,0,0,0,0,0,0,0,0,0,0,0,0,2018
621110,"Widerstand gegen Vollstreckungsbeamte und gleichstehende Personen    113, 115 StGB",5124000,Wuppertal,vers.,0,0,0,0,0,0,0,0,0,0,0,0,0,0,0,0,0,0,0,0,0,0,0,0,0,0,0,2018
621110,"Widerstand gegen Vollstreckungsbeamte und gleichstehende Personen    113, 115 StGB",9663000,W rzburg,vers.,0,0,0,0,0,0,0,0,0,0,0,0,0,0,0,0,0,0,0,0,0,0,0,0,0,0,0,2018
621110,"Widerstand gegen Vollstreckungsbeamte und gleichstehende Personen    113, 115 StGB",5334002,Aachen,insg.,393,307,86,0,0,0,0,0,0,0,0,0,0,0,0,3,0,3,389,306,83,1,1,0,390,307,83,2018
621110,"Widerstand gegen Vollstreckungsbeamte und gleichstehende Personen    113, 115 StGB",9761000,Augsburg,insg.,288,243,45,0,0,0,0,0,0,0,0,0,0,0,0,5,3,2,283,240,43,0,0,0,283,240,43,2018
621110,"Widerstand gegen Vollstreckungsbeamte und gleichstehende Personen    113, 115 StGB",5378004,Bergisch Gladbach,insg.,47,30,17,0,0,0,0,0,0,0,0,0,0,0,0,0,0,0,47,30,17,0,0,0,47,30,17,2018
621110,"Widerstand gegen Vollstreckungsbeamte und gleichstehende Personen    113, 115 StGB",11000000,Berlin,insg.,5171,4466,705,0,0,0,0,0,0,0,0,0,1,1,0,27,21,6,5107,4411,696,36,33,3,5143,4444,699,2018
621110,"Widerstand gegen Vollstreckungsbeamte und gleichstehende Personen    113, 115 StGB",5711000,Bielefeld,insg.,212,168,44,0,0,0,0,0,0,0,0,0,0,0,0,10,10,0,200,156,44,2,2,0,202,158,44,2018
621110,"Widerstand gegen Vollstreckungsbeamte und gleichstehende Personen    113, 115 StGB",5911000,Bochum,insg.,430,342,88,0,0,0,0,0,0,0,0,0,0,0,0,5,4,1,420,333,87,5,5,0,425,338,87,2018
621110,"Widerstand gegen Vollstreckungsbeamte und gleichstehende Personen    113, 115 StGB",5314000,Bonn,insg.,413,329,84,0,0,0,0,0,0,0,0,0,0,0,0,4,3,1,409,326,83,0,0,0,409,326,83,2018
621110,"Widerstand gegen Vollstreckungsbeamte und gleichstehende Personen    113, 115 StGB",5512000,Bottrop,insg.,43,37,6,0,0,0,0,0,0,0,0,0,0,0,0,0,0,0,42,36,6,1,1,0,43,37,6,2018
621110,"Widerstand gegen Vollstreckungsbeamte und gleichstehende Personen    113, 115 StGB",3101000,Braunschweig,insg.,114,93,21,0,0,0,0,0,0,0,0,0,0,0,0,1,0,1,113,93,20,0,0,0,113,93,20,2018
621110,"Widerstand gegen Vollstreckungsbeamte und gleichstehende Personen    113, 115 StGB",4011000,Bremen,insg.,558,454,104,0,0,0,0,0,0,0,0,0,0,0,0,3,2,1,547,444,103,8,8,0,555,452,103,2018
621110,"Widerstand gegen Vollstreckungsbeamte und gleichstehende Personen    113, 115 StGB",4012000,Bremerhaven,insg.,148,116,32,0,0,0,0,0,0,0,0,0,0,0,0,0,0,0,146,114,32,2,2,0,148,116,32,2018
621110,"Widerstand gegen Vollstreckungsbeamte und gleichstehende Personen    113, 115 StGB",14511000,Chemnitz,insg.,173,153,20,0,0,0,0,0,0,0,0,0,0,0,0,0,0,0,173,153,20,0,0,0,173,153,20,2018
621110,"Widerstand gegen Vollstreckungsbeamte und gleichstehende Personen    113, 115 StGB",12052000,Cottbus,insg.,58,51,7,0,0,0,0,0,0,0,0,0,0,0,0,1,1,0,57,50,7,0,0,0,57,50,7,2018
621110,"Widerstand gegen Vollstreckungsbeamte und gleichstehende Personen    113, 115 StGB",6411000,Darmstadt,insg.,92,73,19,0,0,0,0,0,0,0,0,0,0,0,0,0,0,0,92,73,19,0,0,0,92,73,19,2018
621110,"Widerstand gegen Vollstreckungsbeamte und gleichstehende Personen    113, 115 StGB",5913000,Dortmund,insg.,773,625,148,1,0,1,0,0,0,1,0,1,2,0,2,12,7,5,753,615,138,5,3,2,758,618,140,2018
621110,"Widerstand gegen Vollstreckungsbeamte und gleichstehende Personen    113, 115 StGB",14612000,Dresden,insg.,370,322,48,0,0,0,0,0,0,0,0,0,0,0,0,4,2,2,364,318,46,2,2,0,366,320,46,2018
621110,"Widerstand gegen Vollstreckungsbeamte und gleichstehende Personen    113, 115 StGB",5112000,Duisburg,insg.,503,399,104,0,0,0,1,0,1,1,0,1,2,1,1,14,13,1,482,382,100,4,3,1,486,385,101,2018
621110,"Widerstand gegen Vollstreckungsbeamte und gleichstehende Personen    113, 115 StGB",5111000,D sseldorf,insg.,904,708,196,1,0,1,0,0,0,1,0,1,2,2,0,23,17,6,872,686,186,6,3,3,878,689,189,2018
621110,"Widerstand gegen Vollstreckungsbeamte und gleichstehende Personen    113, 115 StGB",16051000,Erfurt,insg.,342,310,32,0,0,0,0,0,0,0,0,0,0,0,0,2,2,0,340,308,32,0,0,0,340,308,32,2018
621110,"Widerstand gegen Vollstreckungsbeamte und gleichstehende Personen    113, 115 StGB",9562000,Erlangen,insg.,5,4,1,0,0,0,0,0,0,0,0,0,0,0,0,0,0,0,5,4,1,0,0,0,5,4,1,2018
621110,"Widerstand gegen Vollstreckungsbeamte und gleichstehende Personen    113, 115 StGB",5113000,Essen,insg.,473,354,119,0,0,0,0,0,0,0,0,0,6,3,3,6,4,2,452,338,114,9,9,0,461,347,114,2018
621110,"Widerstand gegen Vollstreckungsbeamte und gleichstehende Personen    113, 115 StGB",6412000,Frankfurt am Main,insg.,1197,1045,152,0,0,0,0,0,0,0,0,0,3,3,0,13,9,4,1181,1033,148,0,0,0,1181,1033,148,2018
621110,"Widerstand gegen Vollstreckungsbeamte und gleichstehende Personen    113, 115 StGB",8311000,Freiburg im Breisgau,insg.,239,199,40,0,0,0,0,0,0,0,0,0,0,0,0,5,4,1,232,193,39,2,2,0,234,195,39,2018
621110,"Widerstand gegen Vollstreckungsbeamte und gleichstehende Personen    113, 115 StGB",9563000,F rth,insg.,21,19,2,0,0,0,0,0,0,0,0,0,0,0,0,0,0,0,21,19,2,0,0,0,21,19,2,2018
621110,"Widerstand gegen Vollstreckungsbeamte und gleichstehende Personen    113, 115 StGB",5513000,Gelsenkirchen,insg.,318,246,72,0,0,0,0,0,0,0,0,0,0,0,0,7,5,2,308,239,69,3,2,1,311,241,70,2018
621110,"Widerstand gegen Vollstreckungsbeamte und gleichstehende Personen    113, 115 StGB",3159016,G ttingen,insg.,59,48,11,0,0,0,0,0,0,0,0,0,0,0,0,0,0,0,58,47,11,1,1,0,59,48,11,2018
621110,"Widerstand gegen Vollstreckungsbeamte und gleichstehende Personen    113, 115 StGB",5914000,Hagen,insg.,254,169,85,0,0,0,0,0,0,0,0,0,1,1,0,4,3,1,248,164,84,1,1,0,249,165,84,2018
621110,"Widerstand gegen Vollstreckungsbeamte und gleichstehende Personen    113, 115 StGB",15002000,Halle (Saale),insg.,199,162,37,0,0,0,0,0,0,0,0,0,1,1,0,11,6,5,186,154,32,1,1,0,187,155,32,2018
621110,"Widerstand gegen Vollstreckungsbeamte und gleichstehende Personen    113, 115 StGB",2000000,Hamburg,insg.,759,638,121,5,5,0,0,0,0,5,5,0,0,0,0,11,6,5,742,626,116,1,1,0,743,627,116,2018
621110,"Widerstand gegen Vollstreckungsbeamte und gleichstehende Personen    113, 115 StGB",5915000,Hamm,insg.,111,81,30,0,0,0,1,1,0,1,1,0,0,0,0,4,3,1,106,77,29,0,0,0,106,77,29,2018
621110,"Widerstand gegen Vollstreckungsbeamte und gleichstehende Personen    113, 115 StGB",3241001,Hannover,insg.,470,384,86,0,0,0,0,0,0,0,0,0,0,0,0,7,4,3,461,379,82,2,1,1,463,380,83,2018
621110,"Widerstand gegen Vollstreckungsbeamte und gleichstehende Personen    113, 115 StGB",8221000,Heidelberg,insg.,99,86,13,0,0,0,0,0,0,0,0,0,0,0,0,3,3,0,96,83,13,0,0,0,96,83,13,2018
621110,"Widerstand gegen Vollstreckungsbeamte und gleichstehende Personen    113, 115 StGB",8121000,Heilbronn,insg.,51,43,8,8,6,2,0,0,0,8,6,2,0,0,0,1,1,0,41,35,6,1,1,0,42,36,6,2018
621110,"Widerstand gegen Vollstreckungsbeamte und gleichstehende Personen    113, 115 StGB",5916000,Herne,insg.,167,128,39,0,0,0,0,0,0,0,0,0,0,0,0,1,0,1,162,124,38,4,4,0,166,128,38,2018
621110,"Widerstand gegen Vollstreckungsbeamte und gleichstehende Personen    113, 115 StGB",3254021,Hildesheim,insg.,71,58,13,0,0,0,0,0,0,0,0,0,0,0,0,0,0,0,71,58,13,0,0,0,71,58,13,2018
621110,"Widerstand gegen Vollstreckungsbeamte und gleichstehende Personen    113, 115 StGB",9161000,Ingolstadt,insg.,54,46,8,0,0,0,0,0,0,0,0,0,0,0,0,3,3,0,51,43,8,0,0,0,51,43,8,2018
621110,"Widerstand gegen Vollstreckungsbeamte und gleichstehende Personen    113, 115 StGB",16053000,Jena,insg.,65,56,9,0,0,0,0,0,0,0,0,0,0,0,0,0,0,0,65,56,9,0,0,0,65,56,9,2018
621110,"Widerstand gegen Vollstreckungsbeamte und gleichstehende Personen    113, 115 StGB",8212000,Karlsruhe,insg.,145,115,30,0,0,0,0,0,0,0,0,0,0,0,0,7,5,2,137,109,28,1,1,0,138,110,28,2018
621110,"Widerstand gegen Vollstreckungsbeamte und gleichstehende Personen    113, 115 StGB",6611000,Kassel,insg.,180,152,28,0,0,0,0,0,0,0,0,0,0,0,0,11,9,2,169,143,26,0,0,0,169,143,26,2018
621110,"Widerstand gegen Vollstreckungsbeamte und gleichstehende Personen    113, 115 StGB",1002000,Kiel,insg.,183,152,31,0,0,0,0,0,0,0,0,0,0,0,0,0,0,0,183,152,31,0,0,0,183,152,31,2018
621110,"Widerstand gegen Vollstreckungsbeamte und gleichstehende Personen    113, 115 StGB",7111000,Koblenz,insg.,186,152,34,0,0,0,0,0,0,0,0,0,0,0,0,2,1,1,184,151,33,0,0,0,184,151,33,2018
621110,"Widerstand gegen Vollstreckungsbeamte und gleichstehende Personen    113, 115 StGB",5315000,K ln,insg.,1512,1092,420,0,0,0,0,0,0,0,0,0,0,0,0,21,15,6,1484,1071,413,7,6,1,1491,1077,414,2018
621110,"Widerstand gegen Vollstreckungsbeamte und gleichstehende Personen    113, 115 StGB",5114000,Krefeld,insg.,283,204,79,0,0,0,0,0,0,0,0,0,0,0,0,7,5,2,273,196,77,3,3,0,276,199,77,2018
621110,"Widerstand gegen Vollstreckungsbeamte und gleichstehende Personen    113, 115 StGB",14713000,Leipzig,insg.,582,493,89,0,0,0,0,0,0,0,0,0,0,0,0,3,3,0,577,488,89,2,2,0,579,490,89,2018
621110,"Widerstand gegen Vollstreckungsbeamte und gleichstehende Personen    113, 115 StGB",5316000,Leverkusen,insg.,162,123,39,0,0,0,0,0,0,0,0,0,0,0,0,4,3,1,157,119,38,1,1,0,158,120,38,2018
621110,"Widerstand gegen Vollstreckungsbeamte und gleichstehende Personen    113, 115 StGB",1003000,L beck,insg.,243,207,36,0,0,0,0,0,0,0,0,0,0,0,0,4,4,0,238,202,36,1,1,0,239,203,36,2018
621110,"Widerstand gegen Vollstreckungsbeamte und gleichstehende Personen    113, 115 StGB",7314000,Ludwigshafen am Rhein,insg.,110,89,21,0,0,0,0,0,0,0,0,0,0,0,0,0,0,0,108,87,21,2,2,0,110,89,21,2018
621110,"Widerstand gegen Vollstreckungsbeamte und gleichstehende Personen    113, 115 StGB",15003000,Magdeburg,insg.,211,183,28,0,0,0,0,0,0,0,0,0,0,0,0,5,5,0,206,178,28,0,0,0,206,178,28,2018
621110,"Widerstand gegen Vollstreckungsbeamte und gleichstehende Personen    113, 115 StGB",7315000,Mainz,insg.,244,196,48,0,0,0,0,0,0,0,0,0,0,0,0,6,3,3,238,193,45,0,0,0,238,193,45,2018
621110,"Widerstand gegen Vollstreckungsbeamte und gleichstehende Personen    113, 115 StGB",8222000,Mannheim,insg.,155,131,24,0,0,0,0,0,0,0,0,0,1,1,0,5,5,0,149,125,24,0,0,0,149,125,24,2018
621110,"Widerstand gegen Vollstreckungsbeamte und gleichstehende Personen    113, 115 StGB",5170024,Moers,insg.,96,62,34,0,0,0,0,0,0,0,0,0,0,0,0,2,2,0,94,60,34,0,0,0,94,60,34,2018
621110,"Widerstand gegen Vollstreckungsbeamte und gleichstehende Personen    113, 115 StGB",5116000,M nchengladbach,insg.,214,165,49,0,0,0,0,0,0,0,0,0,0,0,0,1,1,0,212,163,49,1,1,0,213,164,49,2018
621110,"Widerstand gegen Vollstreckungsbeamte und gleichstehende Personen    113, 115 StGB",5117000,M lheim an der Ruhr,insg.,112,68,44,0,0,0,0,0,0,0,0,0,0,0,0,1,1,0,110,67,43,1,0,1,111,67,44,2018
621110,"Widerstand gegen Vollstreckungsbeamte und gleichstehende Personen    113, 115 StGB",9162000,M nchen,insg.,617,538,79,0,0,0,0,0,0,0,0,0,0,0,0,12,10,2,605,528,77,0,0,0,605,528,77,2018
621110,"Widerstand gegen Vollstreckungsbeamte und gleichstehende Personen    113, 115 StGB",5515000,M nster,insg.,304,219,85,0,0,0,0,0,0,0,0,0,1,0,1,7,3,4,292,213,79,4,3,1,296,216,80,2018
621110,"Widerstand gegen Vollstreckungsbeamte und gleichstehende Personen    113, 115 StGB",5162024,Neuss,insg.,149,109,40,0,0,0,0,0,0,0,0,0,0,0,0,3,1,2,146,108,38,0,0,0,146,108,38,2018
621110,"Widerstand gegen Vollstreckungsbeamte und gleichstehende Personen    113, 115 StGB",9564000,N rnberg,insg.,211,177,34,0,0,0,0,0,0,0,0,0,0,0,0,5,5,0,204,170,34,2,2,0,206,172,34,2018
621110,"Widerstand gegen Vollstreckungsbeamte und gleichstehende Personen    113, 115 StGB",5119000,Oberhausen,insg.,128,95,33,0,0,0,0,0,0,0,0,0,0,0,0,5,3,2,120,89,31,3,3,0,123,92,31,2018
621110,"Widerstand gegen Vollstreckungsbeamte und gleichstehende Personen    113, 115 StGB",6413000,Offenbach am Main,insg.,91,67,24,0,0,0,0,0,0,0,0,0,0,0,0,2,2,0,89,65,24,0,0,0,89,65,24,2018
621110,"Widerstand gegen Vollstreckungsbeamte und gleichstehende Personen    113, 115 StGB",3403000,Oldenburg (Oldenburg),insg.,83,63,20,0,0,0,0,0,0,0,0,0,0,0,0,2,2,0,78,58,20,3,3,0,81,61,20,2018
621110,"Widerstand gegen Vollstreckungsbeamte und gleichstehende Personen    113, 115 StGB",3404000,Osnabr ck,insg.,75,63,12,0,0,0,0,0,0,0,0,0,0,0,0,2,1,1,73,62,11,0,0,0,73,62,11,2018
621110,"Widerstand gegen Vollstreckungsbeamte und gleichstehende Personen    113, 115 StGB",5774032,Paderborn,insg.,99,86,13,0,0,0,0,0,0,0,0,0,1,0,1,2,2,0,94,83,11,2,1,1,96,84,12,2018
621110,"Widerstand gegen Vollstreckungsbeamte und gleichstehende Personen    113, 115 StGB",8231000,Pforzheim,insg.,27,20,7,0,0,0,0,0,0,0,0,0,0,0,0,1,0,1,25,19,6,1,1,0,26,20,6,2018
621110,"Widerstand gegen Vollstreckungsbeamte und gleichstehende Personen    113, 115 StGB",12054000,Potsdam,insg.,56,47,9,0,0,0,0,0,0,0,0,0,0,0,0,1,0,1,55,47,8,0,0,0,55,47,8,2018
621110,"Widerstand gegen Vollstreckungsbeamte und gleichstehende Personen    113, 115 StGB",5562032,Recklinghausen,insg.,168,126,42,0,0,0,0,0,0,0,0,0,1,0,1,4,3,1,160,120,40,3,3,0,163,123,40,2018
621110,"Widerstand gegen Vollstreckungsbeamte und gleichstehende Personen    113, 115 StGB",9362000,Regensburg,insg.,71,64,7,0,0,0,0,0,0,0,0,0,0,0,0,0,0,0,71,64,7,0,0,0,71,64,7,2018
621110,"Widerstand gegen Vollstreckungsbeamte und gleichstehende Personen    113, 115 StGB",5120000,Remscheid,insg.,88,61,27,0,0,0,0,0,0,0,0,0,0,0,0,1,0,1,84,60,24,3,1,2,87,61,26,2018
621110,"Widerstand gegen Vollstreckungsbeamte und gleichstehende Personen    113, 115 StGB",8415061,Reutlingen,insg.,25,19,6,0,0,0,0,0,0,0,0,0,0,0,0,1,1,0,24,18,6,0,0,0,24,18,6,2018
621110,"Widerstand gegen Vollstreckungsbeamte und gleichstehende Personen    113, 115 StGB",13003000,Rostock,insg.,212,175,37,0,0,0,0,0,0,0,0,0,0,0,0,2,2,0,207,170,37,3,3,0,210,173,37,2018
621110,"Widerstand gegen Vollstreckungsbeamte und gleichstehende Personen    113, 115 StGB",10041100,Saarbr cken,insg.,348,284,64,0,0,0,0,0,0,0,0,0,0,0,0,1,1,0,344,280,64,3,3,0,347,283,64,2018
621110,"Widerstand gegen Vollstreckungsbeamte und gleichstehende Personen    113, 115 StGB",3102000,Salzgitter,insg.,23,18,5,0,0,0,0,0,0,0,0,0,0,0,0,1,0,1,22,18,4,0,0,0,22,18,4,2018
621110,"Widerstand gegen Vollstreckungsbeamte und gleichstehende Personen    113, 115 StGB",13004000,Schwerin,insg.,148,130,18,0,0,0,0,0,0,0,0,0,0,0,0,1,1,0,144,126,18,3,3,0,147,129,18,2018
621110,"Widerstand gegen Vollstreckungsbeamte und gleichstehende Personen    113, 115 StGB",5970040,Siegen,insg.,136,91,45,0,0,0,0,0,0,0,0,0,1,0,1,0,0,0,134,90,44,1,1,0,135,91,44,2018
621110,"Widerstand gegen Vollstreckungsbeamte und gleichstehende Personen    113, 115 StGB",5122000,Solingen,insg.,85,68,17,0,0,0,0,0,0,0,0,0,0,0,0,1,1,0,81,65,16,3,2,1,84,67,17,2018
621110,"Widerstand gegen Vollstreckungsbeamte und gleichstehende Personen    113, 115 StGB",8111000,Stuttgart,insg.,794,665,129,0,0,0,0,0,0,0,0,0,1,1,0,10,7,3,781,655,126,2,2,0,783,657,126,2018
621110,"Widerstand gegen Vollstreckungsbeamte und gleichstehende Personen    113, 115 StGB",7211000,Trier,insg.,171,140,31,0,0,0,0,0,0,0,0,0,0,0,0,1,1,0,169,138,31,1,1,0,170,139,31,2018
621110,"Widerstand gegen Vollstreckungsbeamte und gleichstehende Personen    113, 115 StGB",8421000,Ulm,insg.,54,48,6,0,0,0,0,0,0,0,0,0,0,0,0,0,0,0,54,48,6,0,0,0,54,48,6,2018
621110,"Widerstand gegen Vollstreckungsbeamte und gleichstehende Personen    113, 115 StGB",6414000,Wiesbaden,insg.,143,123,20,0,0,0,0,0,0,0,0,0,0,0,0,1,1,0,141,121,20,1,1,0,142,122,20,2018
621110,"Widerstand gegen Vollstreckungsbeamte und gleichstehende Personen    113, 115 StGB",3103000,Wolfsburg,insg.,47,36,11,0,0,0,0,0,0,0,0,0,0,0,0,2,1,1,44,34,10,1,1,0,45,35,10,2018
621110,"Widerstand gegen Vollstreckungsbeamte und gleichstehende Personen    113, 115 StGB",5124000,Wuppertal,insg.,521,374,147,0,0,0,1,0,1,1,0,1,1,1,0,7,5,2,504,362,142,8,6,2,512,368,144,2018
621110,"Widerstand gegen Vollstreckungsbeamte und gleichstehende Personen    113, 115 StGB",9663000,W rzburg,insg.,24,22,2,0,0,0,0,0,0,0,0,0,0,0,0,0,0,0,24,22,2,0,0,0,24,22,2,2018
621120,"T tlicher Angriff auf Vollstreckungsbeamte und gleichstehende Personen    114, 115 StGB",5334002,Aachen,voll.,45,41,4,0,0,0,0,0,0,0,0,0,0,0,0,2,2,0,43,39,4,0,0,0,43,39,4,2018
621120,"T tlicher Angriff auf Vollstreckungsbeamte und gleichstehende Personen    114, 115 StGB",9761000,Augsburg,voll.,243,204,39,0,0,0,0,0,0,0,0,0,0,0,0,3,1,2,240,203,37,0,0,0,240,203,37,2018
621120,"T tlicher Angriff auf Vollstreckungsbeamte und gleichstehende Personen    114, 115 StGB",5378004,Bergisch Gladbach,voll.,0,0,0,0,0,0,0,0,0,0,0,0,0,0,0,0,0,0,0,0,0,0,0,0,0,0,0,2018
621120,"T tlicher Angriff auf Vollstreckungsbeamte und gleichstehende Personen    114, 115 StGB",11000000,Berlin,voll.,871,742,129,1,1,0,0,0,0,1,1,0,0,0,0,5,5,0,860,732,128,5,4,1,865,736,129,2018
621120,"T tlicher Angriff auf Vollstreckungsbeamte und gleichstehende Personen    114, 115 StGB",5711000,Bielefeld,voll.,51,43,8,0,0,0,0,0,0,0,0,0,0,0,0,0,0,0,51,43,8,0,0,0,51,43,8,2018
621120,"T tlicher Angriff auf Vollstreckungsbeamte und gleichstehende Personen    114, 115 StGB",5911000,Bochum,voll.,99,78,21,0,0,0,0,0,0,0,0,0,0,0,0,5,4,1,93,73,20,1,1,0,94,74,20,2018
621120,"T tlicher Angriff auf Vollstreckungsbeamte und gleichstehende Personen    114, 115 StGB",5314000,Bonn,voll.,75,54,21,0,0,0,0,0,0,0,0,0,0,0,0,3,2,1,72,52,20,0,0,0,72,52,20,2018
621120,"T tlicher Angriff auf Vollstreckungsbeamte und gleichstehende Personen    114, 115 StGB",5512000,Bottrop,voll.,9,5,4,0,0,0,0,0,0,0,0,0,0,0,0,0,0,0,9,5,4,0,0,0,9,5,4,2018
621120,"T tlicher Angriff auf Vollstreckungsbeamte und gleichstehende Personen    114, 115 StGB",3101000,Braunschweig,voll.,241,199,42,0,0,0,0,0,0,0,0,0,0,0,0,4,4,0,236,194,42,1,1,0,237,195,42,2018
621120,"T tlicher Angriff auf Vollstreckungsbeamte und gleichstehende Personen    114, 115 StGB",4011000,Bremen,voll.,146,117,29,0,0,0,0,0,0,0,0,0,0,0,0,1,1,0,143,114,29,2,2,0,145,116,29,2018
621120,"T tlicher Angriff auf Vollstreckungsbeamte und gleichstehende Personen    114, 115 StGB",4012000,Bremerhaven,voll.,41,31,10,0,0,0,0,0,0,0,0,0,0,0,0,0,0,0,41,31,10,0,0,0,41,31,10,2018
621120,"T tlicher Angriff auf Vollstreckungsbeamte und gleichstehende Personen    114, 115 StGB",14511000,Chemnitz,voll.,36,24,12,0,0,0,0,0,0,0,0,0,0,0,0,0,0,0,36,24,12,0,0,0,36,24,12,2018
621120,"T tlicher Angriff auf Vollstreckungsbeamte und gleichstehende Personen    114, 115 StGB",12052000,Cottbus,voll.,68,57,11,0,0,0,0,0,0,0,0,0,0,0,0,0,0,0,68,57,11,0,0,0,68,57,11,2018
621120,"T tlicher Angriff auf Vollstreckungsbeamte und gleichstehende Personen    114, 115 StGB",6411000,Darmstadt,voll.,4,4,0,0,0,0,0,0,0,0,0,0,0,0,0,0,0,0,4,4,0,0,0,0,4,4,0,2018
621120,"T tlicher Angriff auf Vollstreckungsbeamte und gleichstehende Personen    114, 115 StGB",5913000,Dortmund,voll.,774,630,144,0,0,0,0,0,0,0,0,0,3,2,1,7,6,1,760,619,141,4,3,1,764,622,142,2018
621120,"T tlicher Angriff auf Vollstreckungsbeamte und gleichstehende Personen    114, 115 StGB",14612000,Dresden,voll.,53,46,7,0,0,0,0,0,0,0,0,0,0,0,0,1,0,1,52,46,6,0,0,0,52,46,6,2018
621120,"T tlicher Angriff auf Vollstreckungsbeamte und gleichstehende Personen    114, 115 StGB",5112000,Duisburg,voll.,28,27,1,0,0,0,0,0,0,0,0,0,0,0,0,0,0,0,28,27,1,0,0,0,28,27,1,2018
621120,"T tlicher Angriff auf Vollstreckungsbeamte und gleichstehende Personen    114, 115 StGB",5111000,D sseldorf,voll.,205,162,43,0,0,0,0,0,0,0,0,0,0,0,0,7,4,3,197,157,40,1,1,0,198,158,40,2018
621120,"T tlicher Angriff auf Vollstreckungsbeamte und gleichstehende Personen    114, 115 StGB",16051000,Erfurt,voll.,23,21,2,0,0,0,0,0,0,0,0,0,0,0,0,2,1,1,21,20,1,0,0,0,21,20,1,2018
621120,"T tlicher Angriff auf Vollstreckungsbeamte und gleichstehende Personen    114, 115 StGB",9562000,Erlangen,voll.,33,28,5,0,0,0,0,0,0,0,0,0,0,0,0,1,1,0,32,27,5,0,0,0,32,27,5,2018
621120,"T tlicher Angriff auf Vollstreckungsbeamte und gleichstehende Personen    114, 115 StGB",5113000,Essen,voll.,99,88,11,0,0,0,0,0,0,0,0,0,0,0,0,1,0,1,97,87,10,1,1,0,98,88,10,2018
621120,"T tlicher Angriff auf Vollstreckungsbeamte und gleichstehende Personen    114, 115 StGB",6412000,Frankfurt am Main,voll.,204,168,36,0,0,0,0,0,0,0,0,0,0,0,0,4,4,0,199,163,36,1,1,0,200,164,36,2018
621120,"T tlicher Angriff auf Vollstreckungsbeamte und gleichstehende Personen    114, 115 StGB",8311000,Freiburg im Breisgau,voll.,284,228,56,0,0,0,0,0,0,0,0,0,0,0,0,2,1,1,279,224,55,3,3,0,282,227,55,2018
621120,"T tlicher Angriff auf Vollstreckungsbeamte und gleichstehende Personen    114, 115 StGB",9563000,F rth,voll.,89,81,8,0,0,0,0,0,0,0,0,0,0,0,0,0,0,0,88,80,8,1,1,0,89,81,8,2018
621120,"T tlicher Angriff auf Vollstreckungsbeamte und gleichstehende Personen    114, 115 StGB",5513000,Gelsenkirchen,voll.,19,17,2,0,0,0,0,0,0,0,0,0,0,0,0,0,0,0,19,17,2,0,0,0,19,17,2,2018
621120,"T tlicher Angriff auf Vollstreckungsbeamte und gleichstehende Personen    114, 115 StGB",3159016,G ttingen,voll.,121,92,29,0,0,0,0,0,0,0,0,0,0,0,0,2,0,2,114,87,27,5,5,0,119,92,27,2018
621120,"T tlicher Angriff auf Vollstreckungsbeamte und gleichstehende Personen    114, 115 StGB",5914000,Hagen,voll.,15,14,1,0,0,0,0,0,0,0,0,0,0,0,0,0,0,0,14,13,1,1,1,0,15,14,1,2018
621120,"T tlicher Angriff auf Vollstreckungsbeamte und gleichstehende Personen    114, 115 StGB",15002000,Halle (Saale),voll.,58,51,7,0,0,0,0,0,0,0,0,0,0,0,0,1,0,1,57,51,6,0,0,0,57,51,6,2018
621120,"T tlicher Angriff auf Vollstreckungsbeamte und gleichstehende Personen    114, 115 StGB",2000000,Hamburg,voll.,1022,826,196,3,2,1,0,0,0,3,2,1,0,0,0,17,12,5,1002,812,190,0,0,0,1002,812,190,2018
621120,"T tlicher Angriff auf Vollstreckungsbeamte und gleichstehende Personen    114, 115 StGB",5915000,Hamm,voll.,5,3,2,0,0,0,0,0,0,0,0,0,0,0,0,0,0,0,5,3,2,0,0,0,5,3,2,2018
621120,"T tlicher Angriff auf Vollstreckungsbeamte und gleichstehende Personen    114, 115 StGB",3241001,Hannover,voll.,487,390,97,0,0,0,0,0,0,0,0,0,0,0,0,7,3,4,478,385,93,2,2,0,480,387,93,2018
621120,"T tlicher Angriff auf Vollstreckungsbeamte und gleichstehende Personen    114, 115 StGB",8221000,Heidelberg,voll.,136,116,20,0,0,0,0,0,0,0,0,0,0,0,0,0,0,0,136,116,20,0,0,0,136,116,20,2018
621120,"T tlicher Angriff auf Vollstreckungsbeamte und gleichstehende Personen    114, 115 StGB",8121000,Heilbronn,voll.,69,56,13,0,0,0,0,0,0,0,0,0,0,0,0,2,2,0,67,54,13,0,0,0,67,54,13,2018
621120,"T tlicher Angriff auf Vollstreckungsbeamte und gleichstehende Personen    114, 115 StGB",5916000,Herne,voll.,16,10,6,0,0,0,0,0,0,0,0,0,0,0,0,0,0,0,16,10,6,0,0,0,16,10,6,2018
621120,"T tlicher Angriff auf Vollstreckungsbeamte und gleichstehende Personen    114, 115 StGB",3254021,Hildesheim,voll.,79,54,25,0,0,0,0,0,0,0,0,0,0,0,0,2,1,1,76,52,24,1,1,0,77,53,24,2018
621120,"T tlicher Angriff auf Vollstreckungsbeamte und gleichstehende Personen    114, 115 StGB",9161000,Ingolstadt,voll.,121,97,24,0,0,0,0,0,0,0,0,0,0,0,0,4,2,2,116,94,22,1,1,0,117,95,22,2018
621120,"T tlicher Angriff auf Vollstreckungsbeamte und gleichstehende Personen    114, 115 StGB",16053000,Jena,voll.,17,16,1,0,0,0,0,0,0,0,0,0,0,0,0,1,1,0,16,15,1,0,0,0,16,15,1,2018
621120,"T tlicher Angriff auf Vollstreckungsbeamte und gleichstehende Personen    114, 115 StGB",8212000,Karlsruhe,voll.,227,183,44,0,0,0,0,0,0,0,0,0,0,0,0,3,3,0,222,179,43,2,1,1,224,180,44,2018
621120,"T tlicher Angriff auf Vollstreckungsbeamte und gleichstehende Personen    114, 115 StGB",6611000,Kassel,voll.,37,30,7,0,0,0,0,0,0,0,0,0,0,0,0,4,1,3,33,29,4,0,0,0,33,29,4,2018
621120,"T tlicher Angriff auf Vollstreckungsbeamte und gleichstehende Personen    114, 115 StGB",1002000,Kiel,voll.,184,158,26,0,0,0,0,0,0,0,0,0,0,0,0,1,0,1,183,158,25,0,0,0,183,158,25,2018
621120,"T tlicher Angriff auf Vollstreckungsbeamte und gleichstehende Personen    114, 115 StGB",7111000,Koblenz,voll.,65,49,16,0,0,0,0,0,0,0,0,0,0,0,0,0,0,0,65,49,16,0,0,0,65,49,16,2018
621120,"T tlicher Angriff auf Vollstreckungsbeamte und gleichstehende Personen    114, 115 StGB",5315000,K ln,voll.,299,219,80,0,0,0,0,0,0,0,0,0,0,0,0,3,2,1,295,216,79,1,1,0,296,217,79,2018
621120,"T tlicher Angriff auf Vollstreckungsbeamte und gleichstehende Personen    114, 115 StGB",5114000,Krefeld,voll.,84,61,23,0,0,0,0,0,0,0,0,0,0,0,0,2,0,2,82,61,21,0,0,0,82,61,21,2018
621120,"T tlicher Angriff auf Vollstreckungsbeamte und gleichstehende Personen    114, 115 StGB",14713000,Leipzig,voll.,87,70,17,0,0,0,0,0,0,0,0,0,0,0,0,0,0,0,87,70,17,0,0,0,87,70,17,2018
621120,"T tlicher Angriff auf Vollstreckungsbeamte und gleichstehende Personen    114, 115 StGB",5316000,Leverkusen,voll.,37,32,5,0,0,0,0,0,0,0,0,0,0,0,0,0,0,0,37,32,5,0,0,0,37,32,5,2018
621120,"T tlicher Angriff auf Vollstreckungsbeamte und gleichstehende Personen    114, 115 StGB",1003000,L beck,voll.,235,190,45,0,0,0,0,0,0,0,0,0,0,0,0,12,8,4,223,182,41,0,0,0,223,182,41,2018
621120,"T tlicher Angriff auf Vollstreckungsbeamte und gleichstehende Personen    114, 115 StGB",7314000,Ludwigshafen am Rhein,voll.,89,55,34,0,0,0,0,0,0,0,0,0,0,0,0,0,0,0,87,53,34,2,2,0,89,55,34,2018
621120,"T tlicher Angriff auf Vollstreckungsbeamte und gleichstehende Personen    114, 115 StGB",15003000,Magdeburg,voll.,72,55,17,0,0,0,0,0,0,0,0,0,0,0,0,3,2,1,69,53,16,0,0,0,69,53,16,2018
621120,"T tlicher Angriff auf Vollstreckungsbeamte und gleichstehende Personen    114, 115 StGB",7315000,Mainz,voll.,89,75,14,0,0,0,0,0,0,0,0,0,0,0,0,1,1,0,87,73,14,1,1,0,88,74,14,2018
621120,"T tlicher Angriff auf Vollstreckungsbeamte und gleichstehende Personen    114, 115 StGB",8222000,Mannheim,voll.,319,273,46,0,0,0,0,0,0,0,0,0,0,0,0,3,3,0,315,270,45,1,0,1,316,270,46,2018
621120,"T tlicher Angriff auf Vollstreckungsbeamte und gleichstehende Personen    114, 115 StGB",5170024,Moers,voll.,0,0,0,0,0,0,0,0,0,0,0,0,0,0,0,0,0,0,0,0,0,0,0,0,0,0,0,2018
621120,"T tlicher Angriff auf Vollstreckungsbeamte und gleichstehende Personen    114, 115 StGB",5116000,M nchengladbach,voll.,41,33,8,0,0,0,0,0,0,0,0,0,0,0,0,2,1,1,39,32,7,0,0,0,39,32,7,2018
621120,"T tlicher Angriff auf Vollstreckungsbeamte und gleichstehende Personen    114, 115 StGB",5117000,M lheim an der Ruhr,voll.,1,1,0,0,0,0,0,0,0,0,0,0,0,0,0,0,0,0,1,1,0,0,0,0,1,1,0,2018
621120,"T tlicher Angriff auf Vollstreckungsbeamte und gleichstehende Personen    114, 115 StGB",9162000,M nchen,voll.,1099,908,191,0,0,0,0,0,0,0,0,0,0,0,0,27,22,5,1072,886,186,0,0,0,1072,886,186,2018
621120,"T tlicher Angriff auf Vollstreckungsbeamte und gleichstehende Personen    114, 115 StGB",5515000,M nster,voll.,17,16,1,0,0,0,0,0,0,0,0,0,0,0,0,0,0,0,16,15,1,1,1,0,17,16,1,2018
621120,"T tlicher Angriff auf Vollstreckungsbeamte und gleichstehende Personen    114, 115 StGB",5162024,Neuss,voll.,16,11,5,0,0,0,0,0,0,0,0,0,0,0,0,0,0,0,16,11,5,0,0,0,16,11,5,2018
621120,"T tlicher Angriff auf Vollstreckungsbeamte und gleichstehende Personen    114, 115 StGB",9564000,N rnberg,voll.,327,264,63,0,0,0,0,0,0,0,0,0,0,0,0,2,2,0,323,260,63,2,2,0,325,262,63,2018
621120,"T tlicher Angriff auf Vollstreckungsbeamte und gleichstehende Personen    114, 115 StGB",5119000,Oberhausen,voll.,23,20,3,0,0,0,0,0,0,0,0,0,0,0,0,0,0,0,23,20,3,0,0,0,23,20,3,2018
621120,"T tlicher Angriff auf Vollstreckungsbeamte und gleichstehende Personen    114, 115 StGB",6413000,Offenbach am Main,voll.,14,9,5,0,0,0,0,0,0,0,0,0,0,0,0,0,0,0,14,9,5,0,0,0,14,9,5,2018
621120,"T tlicher Angriff auf Vollstreckungsbeamte und gleichstehende Personen    114, 115 StGB",3403000,Oldenburg (Oldenburg),voll.,96,74,22,0,0,0,0,0,0,0,0,0,0,0,0,2,0,2,92,72,20,2,2,0,94,74,20,2018
621120,"T tlicher Angriff auf Vollstreckungsbeamte und gleichstehende Personen    114, 115 StGB",3404000,Osnabr ck,voll.,78,62,16,0,0,0,0,0,0,0,0,0,0,0,0,0,0,0,76,60,16,2,2,0,78,62,16,2018
621120,"T tlicher Angriff auf Vollstreckungsbeamte und gleichstehende Personen    114, 115 StGB",5774032,Paderborn,voll.,37,28,9,0,0,0,0,0,0,0,0,0,0,0,0,0,0,0,37,28,9,0,0,0,37,28,9,2018
621120,"T tlicher Angriff auf Vollstreckungsbeamte und gleichstehende Personen    114, 115 StGB",8231000,Pforzheim,voll.,54,38,16,0,0,0,0,0,0,0,0,0,0,0,0,2,0,2,52,38,14,0,0,0,52,38,14,2018
621120,"T tlicher Angriff auf Vollstreckungsbeamte und gleichstehende Personen    114, 115 StGB",12054000,Potsdam,voll.,68,56,12,0,0,0,0,0,0,0,0,0,0,0,0,0,0,0,66,54,12,2,2,0,68,56,12,2018
621120,"T tlicher Angriff auf Vollstreckungsbeamte und gleichstehende Personen    114, 115 StGB",5562032,Recklinghausen,voll.,71,49,22,0,0,0,0,0,0,0,0,0,0,0,0,2,2,0,69,47,22,0,0,0,69,47,22,2018
621120,"T tlicher Angriff auf Vollstreckungsbeamte und gleichstehende Personen    114, 115 StGB",9362000,Regensburg,voll.,133,116,17,0,0,0,0,0,0,0,0,0,0,0,0,4,1,3,129,115,14,0,0,0,129,115,14,2018
621120,"T tlicher Angriff auf Vollstreckungsbeamte und gleichstehende Personen    114, 115 StGB",5120000,Remscheid,voll.,5,5,0,0,0,0,0,0,0,0,0,0,0,0,0,0,0,0,5,5,0,0,0,0,5,5,0,2018
621120,"T tlicher Angriff auf Vollstreckungsbeamte und gleichstehende Personen    114, 115 StGB",8415061,Reutlingen,voll.,53,45,8,0,0,0,0,0,0,0,0,0,0,0,0,2,2,0,49,41,8,2,2,0,51,43,8,2018
621120,"T tlicher Angriff auf Vollstreckungsbeamte und gleichstehende Personen    114, 115 StGB",13003000,Rostock,voll.,34,25,9,0,0,0,0,0,0,0,0,0,0,0,0,0,0,0,34,25,9,0,0,0,34,25,9,2018
621120,"T tlicher Angriff auf Vollstreckungsbeamte und gleichstehende Personen    114, 115 StGB",10041100,Saarbr cken,voll.,115,99,16,0,0,0,0,0,0,0,0,0,0,0,0,1,1,0,114,98,16,0,0,0,114,98,16,2018
621120,"T tlicher Angriff auf Vollstreckungsbeamte und gleichstehende Personen    114, 115 StGB",3102000,Salzgitter,voll.,28,23,5,0,0,0,0,0,0,0,0,0,0,0,0,0,0,0,28,23,5,0,0,0,28,23,5,2018
621120,"T tlicher Angriff auf Vollstreckungsbeamte und gleichstehende Personen    114, 115 StGB",13004000,Schwerin,voll.,34,30,4,0,0,0,0,0,0,0,0,0,0,0,0,0,0,0,33,29,4,1,1,0,34,30,4,2018
621120,"T tlicher Angriff auf Vollstreckungsbeamte und gleichstehende Personen    114, 115 StGB",5970040,Siegen,voll.,56,42,14,0,0,0,0,0,0,0,0,0,0,0,0,0,0,0,54,40,14,2,2,0,56,42,14,2018
621120,"T tlicher Angriff auf Vollstreckungsbeamte und gleichstehende Personen    114, 115 StGB",5122000,Solingen,voll.,1,1,0,0,0,0,0,0,0,0,0,0,0,0,0,0,0,0,1,1,0,0,0,0,1,1,0,2018
621120,"T tlicher Angriff auf Vollstreckungsbeamte und gleichstehende Personen    114, 115 StGB",8111000,Stuttgart,voll.,920,723,197,0,0,0,0,0,0,0,0,0,0,0,0,13,8,5,906,714,192,1,1,0,907,715,192,2018
621120,"T tlicher Angriff auf Vollstreckungsbeamte und gleichstehende Personen    114, 115 StGB",7211000,Trier,voll.,61,53,8,0,0,0,0,0,0,0,0,0,0,0,0,0,0,0,61,53,8,0,0,0,61,53,8,2018
621120,"T tlicher Angriff auf Vollstreckungsbeamte und gleichstehende Personen    114, 115 StGB",8421000,Ulm,voll.,96,76,20,0,0,0,0,0,0,0,0,0,0,0,0,2,2,0,94,74,20,0,0,0,94,74,20,2018
621120,"T tlicher Angriff auf Vollstreckungsbeamte und gleichstehende Personen    114, 115 StGB",6414000,Wiesbaden,voll.,42,35,7,0,0,0,0,0,0,0,0,0,0,0,0,0,0,0,42,35,7,0,0,0,42,35,7,2018
621120,"T tlicher Angriff auf Vollstreckungsbeamte und gleichstehende Personen    114, 115 StGB",3103000,Wolfsburg,voll.,63,53,10,0,0,0,0,0,0,0,0,0,0,0,0,1,1,0,61,52,9,1,0,1,62,52,10,2018
621120,"T tlicher Angriff auf Vollstreckungsbeamte und gleichstehende Personen    114, 115 StGB",5124000,Wuppertal,voll.,105,78,27,0,0,0,0,0,0,0,0,0,1,1,0,0,0,0,103,76,27,1,1,0,104,77,27,2018
621120,"T tlicher Angriff auf Vollstreckungsbeamte und gleichstehende Personen    114, 115 StGB",9663000,W rzburg,voll.,137,117,20,0,0,0,0,0,0,0,0,0,0,0,0,6,5,1,131,112,19,0,0,0,131,112,19,2018
621120,"T tlicher Angriff auf Vollstreckungsbeamte und gleichstehende Personen    114, 115 StGB",5334002,Aachen,vers.,0,0,0,0,0,0,0,0,0,0,0,0,0,0,0,0,0,0,0,0,0,0,0,0,0,0,0,2018
621120,"T tlicher Angriff auf Vollstreckungsbeamte und gleichstehende Personen    114, 115 StGB",9761000,Augsburg,vers.,0,0,0,0,0,0,0,0,0,0,0,0,0,0,0,0,0,0,0,0,0,0,0,0,0,0,0,2018
621120,"T tlicher Angriff auf Vollstreckungsbeamte und gleichstehende Personen    114, 115 StGB",5378004,Bergisch Gladbach,vers.,0,0,0,0,0,0,0,0,0,0,0,0,0,0,0,0,0,0,0,0,0,0,0,0,0,0,0,2018
621120,"T tlicher Angriff auf Vollstreckungsbeamte und gleichstehende Personen    114, 115 StGB",11000000,Berlin,vers.,0,0,0,0,0,0,0,0,0,0,0,0,0,0,0,0,0,0,0,0,0,0,0,0,0,0,0,2018
621120,"T tlicher Angriff auf Vollstreckungsbeamte und gleichstehende Personen    114, 115 StGB",5711000,Bielefeld,vers.,0,0,0,0,0,0,0,0,0,0,0,0,0,0,0,0,0,0,0,0,0,0,0,0,0,0,0,2018
621120,"T tlicher Angriff auf Vollstreckungsbeamte und gleichstehende Personen    114, 115 StGB",5911000,Bochum,vers.,0,0,0,0,0,0,0,0,0,0,0,0,0,0,0,0,0,0,0,0,0,0,0,0,0,0,0,2018
621120,"T tlicher Angriff auf Vollstreckungsbeamte und gleichstehende Personen    114, 115 StGB",5314000,Bonn,vers.,0,0,0,0,0,0,0,0,0,0,0,0,0,0,0,0,0,0,0,0,0,0,0,0,0,0,0,2018
621120,"T tlicher Angriff auf Vollstreckungsbeamte und gleichstehende Personen    114, 115 StGB",5512000,Bottrop,vers.,0,0,0,0,0,0,0,0,0,0,0,0,0,0,0,0,0,0,0,0,0,0,0,0,0,0,0,2018
621120,"T tlicher Angriff auf Vollstreckungsbeamte und gleichstehende Personen    114, 115 StGB",3101000,Braunschweig,vers.,0,0,0,0,0,0,0,0,0,0,0,0,0,0,0,0,0,0,0,0,0,0,0,0,0,0,0,2018
621120,"T tlicher Angriff auf Vollstreckungsbeamte und gleichstehende Personen    114, 115 StGB",4011000,Bremen,vers.,0,0,0,0,0,0,0,0,0,0,0,0,0,0,0,0,0,0,0,0,0,0,0,0,0,0,0,2018
621120,"T tlicher Angriff auf Vollstreckungsbeamte und gleichstehende Personen    114, 115 StGB",4012000,Bremerhaven,vers.,0,0,0,0,0,0,0,0,0,0,0,0,0,0,0,0,0,0,0,0,0,0,0,0,0,0,0,2018
621120,"T tlicher Angriff auf Vollstreckungsbeamte und gleichstehende Personen    114, 115 StGB",14511000,Chemnitz,vers.,0,0,0,0,0,0,0,0,0,0,0,0,0,0,0,0,0,0,0,0,0,0,0,0,0,0,0,2018
621120,"T tlicher Angriff auf Vollstreckungsbeamte und gleichstehende Personen    114, 115 StGB",12052000,Cottbus,vers.,0,0,0,0,0,0,0,0,0,0,0,0,0,0,0,0,0,0,0,0,0,0,0,0,0,0,0,2018
621120,"T tlicher Angriff auf Vollstreckungsbeamte und gleichstehende Personen    114, 115 StGB",6411000,Darmstadt,vers.,0,0,0,0,0,0,0,0,0,0,0,0,0,0,0,0,0,0,0,0,0,0,0,0,0,0,0,2018
621120,"T tlicher Angriff auf Vollstreckungsbeamte und gleichstehende Personen    114, 115 StGB",5913000,Dortmund,vers.,0,0,0,0,0,0,0,0,0,0,0,0,0,0,0,0,0,0,0,0,0,0,0,0,0,0,0,2018
621120,"T tlicher Angriff auf Vollstreckungsbeamte und gleichstehende Personen    114, 115 StGB",14612000,Dresden,vers.,0,0,0,0,0,0,0,0,0,0,0,0,0,0,0,0,0,0,0,0,0,0,0,0,0,0,0,2018
621120,"T tlicher Angriff auf Vollstreckungsbeamte und gleichstehende Personen    114, 115 StGB",5112000,Duisburg,vers.,0,0,0,0,0,0,0,0,0,0,0,0,0,0,0,0,0,0,0,0,0,0,0,0,0,0,0,2018
621120,"T tlicher Angriff auf Vollstreckungsbeamte und gleichstehende Personen    114, 115 StGB",5111000,D sseldorf,vers.,0,0,0,0,0,0,0,0,0,0,0,0,0,0,0,0,0,0,0,0,0,0,0,0,0,0,0,2018
621120,"T tlicher Angriff auf Vollstreckungsbeamte und gleichstehende Personen    114, 115 StGB",16051000,Erfurt,vers.,0,0,0,0,0,0,0,0,0,0,0,0,0,0,0,0,0,0,0,0,0,0,0,0,0,0,0,2018
621120,"T tlicher Angriff auf Vollstreckungsbeamte und gleichstehende Personen    114, 115 StGB",9562000,Erlangen,vers.,0,0,0,0,0,0,0,0,0,0,0,0,0,0,0,0,0,0,0,0,0,0,0,0,0,0,0,2018
621120,"T tlicher Angriff auf Vollstreckungsbeamte und gleichstehende Personen    114, 115 StGB",5113000,Essen,vers.,0,0,0,0,0,0,0,0,0,0,0,0,0,0,0,0,0,0,0,0,0,0,0,0,0,0,0,2018
621120,"T tlicher Angriff auf Vollstreckungsbeamte und gleichstehende Personen    114, 115 StGB",6412000,Frankfurt am Main,vers.,0,0,0,0,0,0,0,0,0,0,0,0,0,0,0,0,0,0,0,0,0,0,0,0,0,0,0,2018
621120,"T tlicher Angriff auf Vollstreckungsbeamte und gleichstehende Personen    114, 115 StGB",8311000,Freiburg im Breisgau,vers.,0,0,0,0,0,0,0,0,0,0,0,0,0,0,0,0,0,0,0,0,0,0,0,0,0,0,0,2018
621120,"T tlicher Angriff auf Vollstreckungsbeamte und gleichstehende Personen    114, 115 StGB",9563000,F rth,vers.,0,0,0,0,0,0,0,0,0,0,0,0,0,0,0,0,0,0,0,0,0,0,0,0,0,0,0,2018
621120,"T tlicher Angriff auf Vollstreckungsbeamte und gleichstehende Personen    114, 115 StGB",5513000,Gelsenkirchen,vers.,0,0,0,0,0,0,0,0,0,0,0,0,0,0,0,0,0,0,0,0,0,0,0,0,0,0,0,2018
621120,"T tlicher Angriff auf Vollstreckungsbeamte und gleichstehende Personen    114, 115 StGB",3159016,G ttingen,vers.,0,0,0,0,0,0,0,0,0,0,0,0,0,0,0,0,0,0,0,0,0,0,0,0,0,0,0,2018
621120,"T tlicher Angriff auf Vollstreckungsbeamte und gleichstehende Personen    114, 115 StGB",5914000,Hagen,vers.,0,0,0,0,0,0,0,0,0,0,0,0,0,0,0,0,0,0,0,0,0,0,0,0,0,0,0,2018
621120,"T tlicher Angriff auf Vollstreckungsbeamte und gleichstehende Personen    114, 115 StGB",15002000,Halle (Saale),vers.,0,0,0,0,0,0,0,0,0,0,0,0,0,0,0,0,0,0,0,0,0,0,0,0,0,0,0,2018
621120,"T tlicher Angriff auf Vollstreckungsbeamte und gleichstehende Personen    114, 115 StGB",2000000,Hamburg,vers.,0,0,0,0,0,0,0,0,0,0,0,0,0,0,0,0,0,0,0,0,0,0,0,0,0,0,0,2018
621120,"T tlicher Angriff auf Vollstreckungsbeamte und gleichstehende Personen    114, 115 StGB",5915000,Hamm,vers.,0,0,0,0,0,0,0,0,0,0,0,0,0,0,0,0,0,0,0,0,0,0,0,0,0,0,0,2018
621120,"T tlicher Angriff auf Vollstreckungsbeamte und gleichstehende Personen    114, 115 StGB",3241001,Hannover,vers.,0,0,0,0,0,0,0,0,0,0,0,0,0,0,0,0,0,0,0,0,0,0,0,0,0,0,0,2018
621120,"T tlicher Angriff auf Vollstreckungsbeamte und gleichstehende Personen    114, 115 StGB",8221000,Heidelberg,vers.,0,0,0,0,0,0,0,0,0,0,0,0,0,0,0,0,0,0,0,0,0,0,0,0,0,0,0,2018
621120,"T tlicher Angriff auf Vollstreckungsbeamte und gleichstehende Personen    114, 115 StGB",8121000,Heilbronn,vers.,0,0,0,0,0,0,0,0,0,0,0,0,0,0,0,0,0,0,0,0,0,0,0,0,0,0,0,2018
621120,"T tlicher Angriff auf Vollstreckungsbeamte und gleichstehende Personen    114, 115 StGB",5916000,Herne,vers.,0,0,0,0,0,0,0,0,0,0,0,0,0,0,0,0,0,0,0,0,0,0,0,0,0,0,0,2018
621120,"T tlicher Angriff auf Vollstreckungsbeamte und gleichstehende Personen    114, 115 StGB",3254021,Hildesheim,vers.,0,0,0,0,0,0,0,0,0,0,0,0,0,0,0,0,0,0,0,0,0,0,0,0,0,0,0,2018
621120,"T tlicher Angriff auf Vollstreckungsbeamte und gleichstehende Personen    114, 115 StGB",9161000,Ingolstadt,vers.,0,0,0,0,0,0,0,0,0,0,0,0,0,0,0,0,0,0,0,0,0,0,0,0,0,0,0,2018
621120,"T tlicher Angriff auf Vollstreckungsbeamte und gleichstehende Personen    114, 115 StGB",16053000,Jena,vers.,0,0,0,0,0,0,0,0,0,0,0,0,0,0,0,0,0,0,0,0,0,0,0,0,0,0,0,2018
621120,"T tlicher Angriff auf Vollstreckungsbeamte und gleichstehende Personen    114, 115 StGB",8212000,Karlsruhe,vers.,0,0,0,0,0,0,0,0,0,0,0,0,0,0,0,0,0,0,0,0,0,0,0,0,0,0,0,2018
621120,"T tlicher Angriff auf Vollstreckungsbeamte und gleichstehende Personen    114, 115 StGB",6611000,Kassel,vers.,0,0,0,0,0,0,0,0,0,0,0,0,0,0,0,0,0,0,0,0,0,0,0,0,0,0,0,2018
621120,"T tlicher Angriff auf Vollstreckungsbeamte und gleichstehende Personen    114, 115 StGB",1002000,Kiel,vers.,0,0,0,0,0,0,0,0,0,0,0,0,0,0,0,0,0,0,0,0,0,0,0,0,0,0,0,2018
621120,"T tlicher Angriff auf Vollstreckungsbeamte und gleichstehende Personen    114, 115 StGB",7111000,Koblenz,vers.,0,0,0,0,0,0,0,0,0,0,0,0,0,0,0,0,0,0,0,0,0,0,0,0,0,0,0,2018
621120,"T tlicher Angriff auf Vollstreckungsbeamte und gleichstehende Personen    114, 115 StGB",5315000,K ln,vers.,0,0,0,0,0,0,0,0,0,0,0,0,0,0,0,0,0,0,0,0,0,0,0,0,0,0,0,2018
621120,"T tlicher Angriff auf Vollstreckungsbeamte und gleichstehende Personen    114, 115 StGB",5114000,Krefeld,vers.,0,0,0,0,0,0,0,0,0,0,0,0,0,0,0,0,0,0,0,0,0,0,0,0,0,0,0,2018
621120,"T tlicher Angriff auf Vollstreckungsbeamte und gleichstehende Personen    114, 115 StGB",14713000,Leipzig,vers.,0,0,0,0,0,0,0,0,0,0,0,0,0,0,0,0,0,0,0,0,0,0,0,0,0,0,0,2018
621120,"T tlicher Angriff auf Vollstreckungsbeamte und gleichstehende Personen    114, 115 StGB",5316000,Leverkusen,vers.,0,0,0,0,0,0,0,0,0,0,0,0,0,0,0,0,0,0,0,0,0,0,0,0,0,0,0,2018
621120,"T tlicher Angriff auf Vollstreckungsbeamte und gleichstehende Personen    114, 115 StGB",1003000,L beck,vers.,0,0,0,0,0,0,0,0,0,0,0,0,0,0,0,0,0,0,0,0,0,0,0,0,0,0,0,2018
621120,"T tlicher Angriff auf Vollstreckungsbeamte und gleichstehende Personen    114, 115 StGB",7314000,Ludwigshafen am Rhein,vers.,0,0,0,0,0,0,0,0,0,0,0,0,0,0,0,0,0,0,0,0,0,0,0,0,0,0,0,2018
621120,"T tlicher Angriff auf Vollstreckungsbeamte und gleichstehende Personen    114, 115 StGB",15003000,Magdeburg,vers.,0,0,0,0,0,0,0,0,0,0,0,0,0,0,0,0,0,0,0,0,0,0,0,0,0,0,0,2018
621120,"T tlicher Angriff auf Vollstreckungsbeamte und gleichstehende Personen    114, 115 StGB",7315000,Mainz,vers.,0,0,0,0,0,0,0,0,0,0,0,0,0,0,0,0,0,0,0,0,0,0,0,0,0,0,0,2018
621120,"T tlicher Angriff auf Vollstreckungsbeamte und gleichstehende Personen    114, 115 StGB",8222000,Mannheim,vers.,0,0,0,0,0,0,0,0,0,0,0,0,0,0,0,0,0,0,0,0,0,0,0,0,0,0,0,2018
621120,"T tlicher Angriff auf Vollstreckungsbeamte und gleichstehende Personen    114, 115 StGB",5170024,Moers,vers.,0,0,0,0,0,0,0,0,0,0,0,0,0,0,0,0,0,0,0,0,0,0,0,0,0,0,0,2018
621120,"T tlicher Angriff auf Vollstreckungsbeamte und gleichstehende Personen    114, 115 StGB",5116000,M nchengladbach,vers.,0,0,0,0,0,0,0,0,0,0,0,0,0,0,0,0,0,0,0,0,0,0,0,0,0,0,0,2018
621120,"T tlicher Angriff auf Vollstreckungsbeamte und gleichstehende Personen    114, 115 StGB",5117000,M lheim an der Ruhr,vers.,0,0,0,0,0,0,0,0,0,0,0,0,0,0,0,0,0,0,0,0,0,0,0,0,0,0,0,2018
621120,"T tlicher Angriff auf Vollstreckungsbeamte und gleichstehende Personen    114, 115 StGB",9162000,M nchen,vers.,0,0,0,0,0,0,0,0,0,0,0,0,0,0,0,0,0,0,0,0,0,0,0,0,0,0,0,2018
621120,"T tlicher Angriff auf Vollstreckungsbeamte und gleichstehende Personen    114, 115 StGB",5515000,M nster,vers.,0,0,0,0,0,0,0,0,0,0,0,0,0,0,0,0,0,0,0,0,0,0,0,0,0,0,0,2018
621120,"T tlicher Angriff auf Vollstreckungsbeamte und gleichstehende Personen    114, 115 StGB",5162024,Neuss,vers.,0,0,0,0,0,0,0,0,0,0,0,0,0,0,0,0,0,0,0,0,0,0,0,0,0,0,0,2018
621120,"T tlicher Angriff auf Vollstreckungsbeamte und gleichstehende Personen    114, 115 StGB",9564000,N rnberg,vers.,0,0,0,0,0,0,0,0,0,0,0,0,0,0,0,0,0,0,0,0,0,0,0,0,0,0,0,2018
621120,"T tlicher Angriff auf Vollstreckungsbeamte und gleichstehende Personen    114, 115 StGB",5119000,Oberhausen,vers.,0,0,0,0,0,0,0,0,0,0,0,0,0,0,0,0,0,0,0,0,0,0,0,0,0,0,0,2018
621120,"T tlicher Angriff auf Vollstreckungsbeamte und gleichstehende Personen    114, 115 StGB",6413000,Offenbach am Main,vers.,0,0,0,0,0,0,0,0,0,0,0,0,0,0,0,0,0,0,0,0,0,0,0,0,0,0,0,2018
621120,"T tlicher Angriff auf Vollstreckungsbeamte und gleichstehende Personen    114, 115 StGB",3403000,Oldenburg (Oldenburg),vers.,0,0,0,0,0,0,0,0,0,0,0,0,0,0,0,0,0,0,0,0,0,0,0,0,0,0,0,2018
621120,"T tlicher Angriff auf Vollstreckungsbeamte und gleichstehende Personen    114, 115 StGB",3404000,Osnabr ck,vers.,0,0,0,0,0,0,0,0,0,0,0,0,0,0,0,0,0,0,0,0,0,0,0,0,0,0,0,2018
621120,"T tlicher Angriff auf Vollstreckungsbeamte und gleichstehende Personen    114, 115 StGB",5774032,Paderborn,vers.,0,0,0,0,0,0,0,0,0,0,0,0,0,0,0,0,0,0,0,0,0,0,0,0,0,0,0,2018
621120,"T tlicher Angriff auf Vollstreckungsbeamte und gleichstehende Personen    114, 115 StGB",8231000,Pforzheim,vers.,0,0,0,0,0,0,0,0,0,0,0,0,0,0,0,0,0,0,0,0,0,0,0,0,0,0,0,2018
621120,"T tlicher Angriff auf Vollstreckungsbeamte und gleichstehende Personen    114, 115 StGB",12054000,Potsdam,vers.,0,0,0,0,0,0,0,0,0,0,0,0,0,0,0,0,0,0,0,0,0,0,0,0,0,0,0,2018
621120,"T tlicher Angriff auf Vollstreckungsbeamte und gleichstehende Personen    114, 115 StGB",5562032,Recklinghausen,vers.,0,0,0,0,0,0,0,0,0,0,0,0,0,0,0,0,0,0,0,0,0,0,0,0,0,0,0,2018
621120,"T tlicher Angriff auf Vollstreckungsbeamte und gleichstehende Personen    114, 115 StGB",9362000,Regensburg,vers.,0,0,0,0,0,0,0,0,0,0,0,0,0,0,0,0,0,0,0,0,0,0,0,0,0,0,0,2018
621120,"T tlicher Angriff auf Vollstreckungsbeamte und gleichstehende Personen    114, 115 StGB",5120000,Remscheid,vers.,0,0,0,0,0,0,0,0,0,0,0,0,0,0,0,0,0,0,0,0,0,0,0,0,0,0,0,2018
621120,"T tlicher Angriff auf Vollstreckungsbeamte und gleichstehende Personen    114, 115 StGB",8415061,Reutlingen,vers.,0,0,0,0,0,0,0,0,0,0,0,0,0,0,0,0,0,0,0,0,0,0,0,0,0,0,0,2018
621120,"T tlicher Angriff auf Vollstreckungsbeamte und gleichstehende Personen    114, 115 StGB",13003000,Rostock,vers.,0,0,0,0,0,0,0,0,0,0,0,0,0,0,0,0,0,0,0,0,0,0,0,0,0,0,0,2018
621120,"T tlicher Angriff auf Vollstreckungsbeamte und gleichstehende Personen    114, 115 StGB",10041100,Saarbr cken,vers.,0,0,0,0,0,0,0,0,0,0,0,0,0,0,0,0,0,0,0,0,0,0,0,0,0,0,0,2018
621120,"T tlicher Angriff auf Vollstreckungsbeamte und gleichstehende Personen    114, 115 StGB",3102000,Salzgitter,vers.,0,0,0,0,0,0,0,0,0,0,0,0,0,0,0,0,0,0,0,0,0,0,0,0,0,0,0,2018
621120,"T tlicher Angriff auf Vollstreckungsbeamte und gleichstehende Personen    114, 115 StGB",13004000,Schwerin,vers.,0,0,0,0,0,0,0,0,0,0,0,0,0,0,0,0,0,0,0,0,0,0,0,0,0,0,0,2018
621120,"T tlicher Angriff auf Vollstreckungsbeamte und gleichstehende Personen    114, 115 StGB",5970040,Siegen,vers.,0,0,0,0,0,0,0,0,0,0,0,0,0,0,0,0,0,0,0,0,0,0,0,0,0,0,0,2018
621120,"T tlicher Angriff auf Vollstreckungsbeamte und gleichstehende Personen    114, 115 StGB",5122000,Solingen,vers.,0,0,0,0,0,0,0,0,0,0,0,0,0,0,0,0,0,0,0,0,0,0,0,0,0,0,0,2018
621120,"T tlicher Angriff auf Vollstreckungsbeamte und gleichstehende Personen    114, 115 StGB",8111000,Stuttgart,vers.,0,0,0,0,0,0,0,0,0,0,0,0,0,0,0,0,0,0,0,0,0,0,0,0,0,0,0,2018
621120,"T tlicher Angriff auf Vollstreckungsbeamte und gleichstehende Personen    114, 115 StGB",7211000,Trier,vers.,0,0,0,0,0,0,0,0,0,0,0,0,0,0,0,0,0,0,0,0,0,0,0,0,0,0,0,2018
621120,"T tlicher Angriff auf Vollstreckungsbeamte und gleichstehende Personen    114, 115 StGB",8421000,Ulm,vers.,0,0,0,0,0,0,0,0,0,0,0,0,0,0,0,0,0,0,0,0,0,0,0,0,0,0,0,2018
621120,"T tlicher Angriff auf Vollstreckungsbeamte und gleichstehende Personen    114, 115 StGB",6414000,Wiesbaden,vers.,0,0,0,0,0,0,0,0,0,0,0,0,0,0,0,0,0,0,0,0,0,0,0,0,0,0,0,2018
621120,"T tlicher Angriff auf Vollstreckungsbeamte und gleichstehende Personen    114, 115 StGB",3103000,Wolfsburg,vers.,0,0,0,0,0,0,0,0,0,0,0,0,0,0,0,0,0,0,0,0,0,0,0,0,0,0,0,2018
621120,"T tlicher Angriff auf Vollstreckungsbeamte und gleichstehende Personen    114, 115 StGB",5124000,Wuppertal,vers.,0,0,0,0,0,0,0,0,0,0,0,0,0,0,0,0,0,0,0,0,0,0,0,0,0,0,0,2018
621120,"T tlicher Angriff auf Vollstreckungsbeamte und gleichstehende Personen    114, 115 StGB",9663000,W rzburg,vers.,0,0,0,0,0,0,0,0,0,0,0,0,0,0,0,0,0,0,0,0,0,0,0,0,0,0,0,2018
621120,"T tlicher Angriff auf Vollstreckungsbeamte und gleichstehende Personen    114, 115 StGB",5334002,Aachen,insg.,45,41,4,0,0,0,0,0,0,0,0,0,0,0,0,2,2,0,43,39,4,0,0,0,43,39,4,2018
621120,"T tlicher Angriff auf Vollstreckungsbeamte und gleichstehende Personen    114, 115 StGB",9761000,Augsburg,insg.,243,204,39,0,0,0,0,0,0,0,0,0,0,0,0,3,1,2,240,203,37,0,0,0,240,203,37,2018
621120,"T tlicher Angriff auf Vollstreckungsbeamte und gleichstehende Personen    114, 115 StGB",5378004,Bergisch Gladbach,insg.,0,0,0,0,0,0,0,0,0,0,0,0,0,0,0,0,0,0,0,0,0,0,0,0,0,0,0,2018
621120,"T tlicher Angriff auf Vollstreckungsbeamte und gleichstehende Personen    114, 115 StGB",11000000,Berlin,insg.,871,742,129,1,1,0,0,0,0,1,1,0,0,0,0,5,5,0,860,732,128,5,4,1,865,736,129,2018
621120,"T tlicher Angriff auf Vollstreckungsbeamte und gleichstehende Personen    114, 115 StGB",5711000,Bielefeld,insg.,51,43,8,0,0,0,0,0,0,0,0,0,0,0,0,0,0,0,51,43,8,0,0,0,51,43,8,2018
621120,"T tlicher Angriff auf Vollstreckungsbeamte und gleichstehende Personen    114, 115 StGB",5911000,Bochum,insg.,99,78,21,0,0,0,0,0,0,0,0,0,0,0,0,5,4,1,93,73,20,1,1,0,94,74,20,2018
621120,"T tlicher Angriff auf Vollstreckungsbeamte und gleichstehende Personen    114, 115 StGB",5314000,Bonn,insg.,75,54,21,0,0,0,0,0,0,0,0,0,0,0,0,3,2,1,72,52,20,0,0,0,72,52,20,2018
621120,"T tlicher Angriff auf Vollstreckungsbeamte und gleichstehende Personen    114, 115 StGB",5512000,Bottrop,insg.,9,5,4,0,0,0,0,0,0,0,0,0,0,0,0,0,0,0,9,5,4,0,0,0,9,5,4,2018
621120,"T tlicher Angriff auf Vollstreckungsbeamte und gleichstehende Personen    114, 115 StGB",3101000,Braunschweig,insg.,241,199,42,0,0,0,0,0,0,0,0,0,0,0,0,4,4,0,236,194,42,1,1,0,237,195,42,2018
621120,"T tlicher Angriff auf Vollstreckungsbeamte und gleichstehende Personen    114, 115 StGB",4011000,Bremen,insg.,146,117,29,0,0,0,0,0,0,0,0,0,0,0,0,1,1,0,143,114,29,2,2,0,145,116,29,2018
621120,"T tlicher Angriff auf Vollstreckungsbeamte und gleichstehende Personen    114, 115 StGB",4012000,Bremerhaven,insg.,41,31,10,0,0,0,0,0,0,0,0,0,0,0,0,0,0,0,41,31,10,0,0,0,41,31,10,2018
621120,"T tlicher Angriff auf Vollstreckungsbeamte und gleichstehende Personen    114, 115 StGB",14511000,Chemnitz,insg.,36,24,12,0,0,0,0,0,0,0,0,0,0,0,0,0,0,0,36,24,12,0,0,0,36,24,12,2018
621120,"T tlicher Angriff auf Vollstreckungsbeamte und gleichstehende Personen    114, 115 StGB",12052000,Cottbus,insg.,68,57,11,0,0,0,0,0,0,0,0,0,0,0,0,0,0,0,68,57,11,0,0,0,68,57,11,2018
621120,"T tlicher Angriff auf Vollstreckungsbeamte und gleichstehende Personen    114, 115 StGB",6411000,Darmstadt,insg.,4,4,0,0,0,0,0,0,0,0,0,0,0,0,0,0,0,0,4,4,0,0,0,0,4,4,0,2018
621120,"T tlicher Angriff auf Vollstreckungsbeamte und gleichstehende Personen    114, 115 StGB",5913000,Dortmund,insg.,774,630,144,0,0,0,0,0,0,0,0,0,3,2,1,7,6,1,760,619,141,4,3,1,764,622,142,2018
621120,"T tlicher Angriff auf Vollstreckungsbeamte und gleichstehende Personen    114, 115 StGB",14612000,Dresden,insg.,53,46,7,0,0,0,0,0,0,0,0,0,0,0,0,1,0,1,52,46,6,0,0,0,52,46,6,2018
621120,"T tlicher Angriff auf Vollstreckungsbeamte und gleichstehende Personen    114, 115 StGB",5112000,Duisburg,insg.,28,27,1,0,0,0,0,0,0,0,0,0,0,0,0,0,0,0,28,27,1,0,0,0,28,27,1,2018
621120,"T tlicher Angriff auf Vollstreckungsbeamte und gleichstehende Personen    114, 115 StGB",5111000,D sseldorf,insg.,205,162,43,0,0,0,0,0,0,0,0,0,0,0,0,7,4,3,197,157,40,1,1,0,198,158,40,2018
621120,"T tlicher Angriff auf Vollstreckungsbeamte und gleichstehende Personen    114, 115 StGB",16051000,Erfurt,insg.,23,21,2,0,0,0,0,0,0,0,0,0,0,0,0,2,1,1,21,20,1,0,0,0,21,20,1,2018
621120,"T tlicher Angriff auf Vollstreckungsbeamte und gleichstehende Personen    114, 115 StGB",9562000,Erlangen,insg.,33,28,5,0,0,0,0,0,0,0,0,0,0,0,0,1,1,0,32,27,5,0,0,0,32,27,5,2018
621120,"T tlicher Angriff auf Vollstreckungsbeamte und gleichstehende Personen    114, 115 StGB",5113000,Essen,insg.,99,88,11,0,0,0,0,0,0,0,0,0,0,0,0,1,0,1,97,87,10,1,1,0,98,88,10,2018
621120,"T tlicher Angriff auf Vollstreckungsbeamte und gleichstehende Personen    114, 115 StGB",6412000,Frankfurt am Main,insg.,204,168,36,0,0,0,0,0,0,0,0,0,0,0,0,4,4,0,199,163,36,1,1,0,200,164,36,2018
621120,"T tlicher Angriff auf Vollstreckungsbeamte und gleichstehende Personen    114, 115 StGB",8311000,Freiburg im Breisgau,insg.,284,228,56,0,0,0,0,0,0,0,0,0,0,0,0,2,1,1,279,224,55,3,3,0,282,227,55,2018
621120,"T tlicher Angriff auf Vollstreckungsbeamte und gleichstehende Personen    114, 115 StGB",9563000,F rth,insg.,89,81,8,0,0,0,0,0,0,0,0,0,0,0,0,0,0,0,88,80,8,1,1,0,89,81,8,2018
621120,"T tlicher Angriff auf Vollstreckungsbeamte und gleichstehende Personen    114, 115 StGB",5513000,Gelsenkirchen,insg.,19,17,2,0,0,0,0,0,0,0,0,0,0,0,0,0,0,0,19,17,2,0,0,0,19,17,2,2018
621120,"T tlicher Angriff auf Vollstreckungsbeamte und gleichstehende Personen    114, 115 StGB",3159016,G ttingen,insg.,121,92,29,0,0,0,0,0,0,0,0,0,0,0,0,2,0,2,114,87,27,5,5,0,119,92,27,2018
621120,"T tlicher Angriff auf Vollstreckungsbeamte und gleichstehende Personen    114, 115 StGB",5914000,Hagen,insg.,15,14,1,0,0,0,0,0,0,0,0,0,0,0,0,0,0,0,14,13,1,1,1,0,15,14,1,2018
621120,"T tlicher Angriff auf Vollstreckungsbeamte und gleichstehende Personen    114, 115 StGB",15002000,Halle (Saale),insg.,58,51,7,0,0,0,0,0,0,0,0,0,0,0,0,1,0,1,57,51,6,0,0,0,57,51,6,2018
621120,"T tlicher Angriff auf Vollstreckungsbeamte und gleichstehende Personen    114, 115 StGB",2000000,Hamburg,insg.,1022,826,196,3,2,1,0,0,0,3,2,1,0,0,0,17,12,5,1002,812,190,0,0,0,1002,812,190,2018
621120,"T tlicher Angriff auf Vollstreckungsbeamte und gleichstehende Personen    114, 115 StGB",5915000,Hamm,insg.,5,3,2,0,0,0,0,0,0,0,0,0,0,0,0,0,0,0,5,3,2,0,0,0,5,3,2,2018
621120,"T tlicher Angriff auf Vollstreckungsbeamte und gleichstehende Personen    114, 115 StGB",3241001,Hannover,insg.,487,390,97,0,0,0,0,0,0,0,0,0,0,0,0,7,3,4,478,385,93,2,2,0,480,387,93,2018
621120,"T tlicher Angriff auf Vollstreckungsbeamte und gleichstehende Personen    114, 115 StGB",8221000,Heidelberg,insg.,136,116,20,0,0,0,0,0,0,0,0,0,0,0,0,0,0,0,136,116,20,0,0,0,136,116,20,2018
621120,"T tlicher Angriff auf Vollstreckungsbeamte und gleichstehende Personen    114, 115 StGB",8121000,Heilbronn,insg.,69,56,13,0,0,0,0,0,0,0,0,0,0,0,0,2,2,0,67,54,13,0,0,0,67,54,13,2018
621120,"T tlicher Angriff auf Vollstreckungsbeamte und gleichstehende Personen    114, 115 StGB",5916000,Herne,insg.,16,10,6,0,0,0,0,0,0,0,0,0,0,0,0,0,0,0,16,10,6,0,0,0,16,10,6,2018
621120,"T tlicher Angriff auf Vollstreckungsbeamte und gleichstehende Personen    114, 115 StGB",3254021,Hildesheim,insg.,79,54,25,0,0,0,0,0,0,0,0,0,0,0,0,2,1,1,76,52,24,1,1,0,77,53,24,2018
621120,"T tlicher Angriff auf Vollstreckungsbeamte und gleichstehende Personen    114, 115 StGB",9161000,Ingolstadt,insg.,121,97,24,0,0,0,0,0,0,0,0,0,0,0,0,4,2,2,116,94,22,1,1,0,117,95,22,2018
621120,"T tlicher Angriff auf Vollstreckungsbeamte und gleichstehende Personen    114, 115 StGB",16053000,Jena,insg.,17,16,1,0,0,0,0,0,0,0,0,0,0,0,0,1,1,0,16,15,1,0,0,0,16,15,1,2018
621120,"T tlicher Angriff auf Vollstreckungsbeamte und gleichstehende Personen    114, 115 StGB",8212000,Karlsruhe,insg.,227,183,44,0,0,0,0,0,0,0,0,0,0,0,0,3,3,0,222,179,43,2,1,1,224,180,44,2018
621120,"T tlicher Angriff auf Vollstreckungsbeamte und gleichstehende Personen    114, 115 StGB",6611000,Kassel,insg.,37,30,7,0,0,0,0,0,0,0,0,0,0,0,0,4,1,3,33,29,4,0,0,0,33,29,4,2018
621120,"T tlicher Angriff auf Vollstreckungsbeamte und gleichstehende Personen    114, 115 StGB",1002000,Kiel,insg.,184,158,26,0,0,0,0,0,0,0,0,0,0,0,0,1,0,1,183,158,25,0,0,0,183,158,25,2018
621120,"T tlicher Angriff auf Vollstreckungsbeamte und gleichstehende Personen    114, 115 StGB",7111000,Koblenz,insg.,65,49,16,0,0,0,0,0,0,0,0,0,0,0,0,0,0,0,65,49,16,0,0,0,65,49,16,2018
621120,"T tlicher Angriff auf Vollstreckungsbeamte und gleichstehende Personen    114, 115 StGB",5315000,K ln,insg.,299,219,80,0,0,0,0,0,0,0,0,0,0,0,0,3,2,1,295,216,79,1,1,0,296,217,79,2018
621120,"T tlicher Angriff auf Vollstreckungsbeamte und gleichstehende Personen    114, 115 StGB",5114000,Krefeld,insg.,84,61,23,0,0,0,0,0,0,0,0,0,0,0,0,2,0,2,82,61,21,0,0,0,82,61,21,2018
621120,"T tlicher Angriff auf Vollstreckungsbeamte und gleichstehende Personen    114, 115 StGB",14713000,Leipzig,insg.,87,70,17,0,0,0,0,0,0,0,0,0,0,0,0,0,0,0,87,70,17,0,0,0,87,70,17,2018
621120,"T tlicher Angriff auf Vollstreckungsbeamte und gleichstehende Personen    114, 115 StGB",5316000,Leverkusen,insg.,37,32,5,0,0,0,0,0,0,0,0,0,0,0,0,0,0,0,37,32,5,0,0,0,37,32,5,2018
621120,"T tlicher Angriff auf Vollstreckungsbeamte und gleichstehende Personen    114, 115 StGB",1003000,L beck,insg.,235,190,45,0,0,0,0,0,0,0,0,0,0,0,0,12,8,4,223,182,41,0,0,0,223,182,41,2018
621120,"T tlicher Angriff auf Vollstreckungsbeamte und gleichstehende Personen    114, 115 StGB",7314000,Ludwigshafen am Rhein,insg.,89,55,34,0,0,0,0,0,0,0,0,0,0,0,0,0,0,0,87,53,34,2,2,0,89,55,34,2018
621120,"T tlicher Angriff auf Vollstreckungsbeamte und gleichstehende Personen    114, 115 StGB",15003000,Magdeburg,insg.,72,55,17,0,0,0,0,0,0,0,0,0,0,0,0,3,2,1,69,53,16,0,0,0,69,53,16,2018
621120,"T tlicher Angriff auf Vollstreckungsbeamte und gleichstehende Personen    114, 115 StGB",7315000,Mainz,insg.,89,75,14,0,0,0,0,0,0,0,0,0,0,0,0,1,1,0,87,73,14,1,1,0,88,74,14,2018
621120,"T tlicher Angriff auf Vollstreckungsbeamte und gleichstehende Personen    114, 115 StGB",8222000,Mannheim,insg.,319,273,46,0,0,0,0,0,0,0,0,0,0,0,0,3,3,0,315,270,45,1,0,1,316,270,46,2018
621120,"T tlicher Angriff auf Vollstreckungsbeamte und gleichstehende Personen    114, 115 StGB",5170024,Moers,insg.,0,0,0,0,0,0,0,0,0,0,0,0,0,0,0,0,0,0,0,0,0,0,0,0,0,0,0,2018
621120,"T tlicher Angriff auf Vollstreckungsbeamte und gleichstehende Personen    114, 115 StGB",5116000,M nchengladbach,insg.,41,33,8,0,0,0,0,0,0,0,0,0,0,0,0,2,1,1,39,32,7,0,0,0,39,32,7,2018
621120,"T tlicher Angriff auf Vollstreckungsbeamte und gleichstehende Personen    114, 115 StGB",5117000,M lheim an der Ruhr,insg.,1,1,0,0,0,0,0,0,0,0,0,0,0,0,0,0,0,0,1,1,0,0,0,0,1,1,0,2018
621120,"T tlicher Angriff auf Vollstreckungsbeamte und gleichstehende Personen    114, 115 StGB",9162000,M nchen,insg.,1099,908,191,0,0,0,0,0,0,0,0,0,0,0,0,27,22,5,1072,886,186,0,0,0,1072,886,186,2018
621120,"T tlicher Angriff auf Vollstreckungsbeamte und gleichstehende Personen    114, 115 StGB",5515000,M nster,insg.,17,16,1,0,0,0,0,0,0,0,0,0,0,0,0,0,0,0,16,15,1,1,1,0,17,16,1,2018
621120,"T tlicher Angriff auf Vollstreckungsbeamte und gleichstehende Personen    114, 115 StGB",5162024,Neuss,insg.,16,11,5,0,0,0,0,0,0,0,0,0,0,0,0,0,0,0,16,11,5,0,0,0,16,11,5,2018
621120,"T tlicher Angriff auf Vollstreckungsbeamte und gleichstehende Personen    114, 115 StGB",9564000,N rnberg,insg.,327,264,63,0,0,0,0,0,0,0,0,0,0,0,0,2,2,0,323,260,63,2,2,0,325,262,63,2018
621120,"T tlicher Angriff auf Vollstreckungsbeamte und gleichstehende Personen    114, 115 StGB",5119000,Oberhausen,insg.,23,20,3,0,0,0,0,0,0,0,0,0,0,0,0,0,0,0,23,20,3,0,0,0,23,20,3,2018
621120,"T tlicher Angriff auf Vollstreckungsbeamte und gleichstehende Personen    114, 115 StGB",6413000,Offenbach am Main,insg.,14,9,5,0,0,0,0,0,0,0,0,0,0,0,0,0,0,0,14,9,5,0,0,0,14,9,5,2018
621120,"T tlicher Angriff auf Vollstreckungsbeamte und gleichstehende Personen    114, 115 StGB",3403000,Oldenburg (Oldenburg),insg.,96,74,22,0,0,0,0,0,0,0,0,0,0,0,0,2,0,2,92,72,20,2,2,0,94,74,20,2018
621120,"T tlicher Angriff auf Vollstreckungsbeamte und gleichstehende Personen    114, 115 StGB",3404000,Osnabr ck,insg.,78,62,16,0,0,0,0,0,0,0,0,0,0,0,0,0,0,0,76,60,16,2,2,0,78,62,16,2018
621120,"T tlicher Angriff auf Vollstreckungsbeamte und gleichstehende Personen    114, 115 StGB",5774032,Paderborn,insg.,37,28,9,0,0,0,0,0,0,0,0,0,0,0,0,0,0,0,37,28,9,0,0,0,37,28,9,2018
621120,"T tlicher Angriff auf Vollstreckungsbeamte und gleichstehende Personen    114, 115 StGB",8231000,Pforzheim,insg.,54,38,16,0,0,0,0,0,0,0,0,0,0,0,0,2,0,2,52,38,14,0,0,0,52,38,14,2018
621120,"T tlicher Angriff auf Vollstreckungsbeamte und gleichstehende Personen    114, 115 StGB",12054000,Potsdam,insg.,68,56,12,0,0,0,0,0,0,0,0,0,0,0,0,0,0,0,66,54,12,2,2,0,68,56,12,2018
621120,"T tlicher Angriff auf Vollstreckungsbeamte und gleichstehende Personen    114, 115 StGB",5562032,Recklinghausen,insg.,71,49,22,0,0,0,0,0,0,0,0,0,0,0,0,2,2,0,69,47,22,0,0,0,69,47,22,2018
621120,"T tlicher Angriff auf Vollstreckungsbeamte und gleichstehende Personen    114, 115 StGB",9362000,Regensburg,insg.,133,116,17,0,0,0,0,0,0,0,0,0,0,0,0,4,1,3,129,115,14,0,0,0,129,115,14,2018
621120,"T tlicher Angriff auf Vollstreckungsbeamte und gleichstehende Personen    114, 115 StGB",5120000,Remscheid,insg.,5,5,0,0,0,0,0,0,0,0,0,0,0,0,0,0,0,0,5,5,0,0,0,0,5,5,0,2018
621120,"T tlicher Angriff auf Vollstreckungsbeamte und gleichstehende Personen    114, 115 StGB",8415061,Reutlingen,insg.,53,45,8,0,0,0,0,0,0,0,0,0,0,0,0,2,2,0,49,41,8,2,2,0,51,43,8,2018
621120,"T tlicher Angriff auf Vollstreckungsbeamte und gleichstehende Personen    114, 115 StGB",13003000,Rostock,insg.,34,25,9,0,0,0,0,0,0,0,0,0,0,0,0,0,0,0,34,25,9,0,0,0,34,25,9,2018
621120,"T tlicher Angriff auf Vollstreckungsbeamte und gleichstehende Personen    114, 115 StGB",10041100,Saarbr cken,insg.,115,99,16,0,0,0,0,0,0,0,0,0,0,0,0,1,1,0,114,98,16,0,0,0,114,98,16,2018
621120,"T tlicher Angriff auf Vollstreckungsbeamte und gleichstehende Personen    114, 115 StGB",3102000,Salzgitter,insg.,28,23,5,0,0,0,0,0,0,0,0,0,0,0,0,0,0,0,28,23,5,0,0,0,28,23,5,2018
621120,"T tlicher Angriff auf Vollstreckungsbeamte und gleichstehende Personen    114, 115 StGB",13004000,Schwerin,insg.,34,30,4,0,0,0,0,0,0,0,0,0,0,0,0,0,0,0,33,29,4,1,1,0,34,30,4,2018
621120,"T tlicher Angriff auf Vollstreckungsbeamte und gleichstehende Personen    114, 115 StGB",5970040,Siegen,insg.,56,42,14,0,0,0,0,0,0,0,0,0,0,0,0,0,0,0,54,40,14,2,2,0,56,42,14,2018
621120,"T tlicher Angriff auf Vollstreckungsbeamte und gleichstehende Personen    114, 115 StGB",5122000,Solingen,insg.,1,1,0,0,0,0,0,0,0,0,0,0,0,0,0,0,0,0,1,1,0,0,0,0,1,1,0,2018
621120,"T tlicher Angriff auf Vollstreckungsbeamte und gleichstehende Personen    114, 115 StGB",8111000,Stuttgart,insg.,920,723,197,0,0,0,0,0,0,0,0,0,0,0,0,13,8,5,906,714,192,1,1,0,907,715,192,2018
621120,"T tlicher Angriff auf Vollstreckungsbeamte und gleichstehende Personen    114, 115 StGB",7211000,Trier,insg.,61,53,8,0,0,0,0,0,0,0,0,0,0,0,0,0,0,0,61,53,8,0,0,0,61,53,8,2018
621120,"T tlicher Angriff auf Vollstreckungsbeamte und gleichstehende Personen    114, 115 StGB",8421000,Ulm,insg.,96,76,20,0,0,0,0,0,0,0,0,0,0,0,0,2,2,0,94,74,20,0,0,0,94,74,20,2018
621120,"T tlicher Angriff auf Vollstreckungsbeamte und gleichstehende Personen    114, 115 StGB",6414000,Wiesbaden,insg.,42,35,7,0,0,0,0,0,0,0,0,0,0,0,0,0,0,0,42,35,7,0,0,0,42,35,7,2018
621120,"T tlicher Angriff auf Vollstreckungsbeamte und gleichstehende Personen    114, 115 StGB",3103000,Wolfsburg,insg.,63,53,10,0,0,0,0,0,0,0,0,0,0,0,0,1,1,0,61,52,9,1,0,1,62,52,10,2018
621120,"T tlicher Angriff auf Vollstreckungsbeamte und gleichstehende Personen    114, 115 StGB",5124000,Wuppertal,insg.,105,78,27,0,0,0,0,0,0,0,0,0,1,1,0,0,0,0,103,76,27,1,1,0,104,77,27,2018
621120,"T tlicher Angriff auf Vollstreckungsbeamte und gleichstehende Personen    114, 115 StGB",9663000,W rzburg,insg.,137,117,20,0,0,0,0,0,0,0,0,0,0,0,0,6,5,1,131,112,19,0,0,0,131,112,19,2018
892000,Gewaltkriminalit t,5334002,Aachen,voll.,979,670,309,1,0,1,33,21,12,34,21,13,92,57,35,141,109,32,658,456,202,54,27,27,712,483,229,2018
892000,Gewaltkriminalit t,9761000,Augsburg,voll.,814,583,231,2,1,1,24,16,8,26,17,9,59,31,28,111,85,26,584,431,153,34,19,15,618,450,168,2018
892000,Gewaltkriminalit t,5378004,Bergisch Gladbach,voll.,230,168,62,0,0,0,7,3,4,7,3,4,46,37,9,40,34,6,120,84,36,17,10,7,137,94,43,2018
892000,Gewaltkriminalit t,11000000,Berlin,voll.,15704,11258,4446,64,46,18,655,491,164,719,537,182,1628,1170,458,1533,1145,388,10934,7910,3024,890,496,394,11824,8406,3418,2018
892000,Gewaltkriminalit t,5711000,Bielefeld,voll.,826,568,258,1,1,0,25,17,8,26,18,8,78,55,23,111,73,38,571,400,171,40,22,18,611,422,189,2018
892000,Gewaltkriminalit t,5911000,Bochum,voll.,1351,947,404,2,1,1,100,62,38,102,63,39,177,137,40,150,109,41,859,603,256,63,35,28,922,638,284,2018
892000,Gewaltkriminalit t,5314000,Bonn,voll.,1070,733,337,4,3,1,39,27,12,43,30,13,111,74,37,109,78,31,763,524,239,44,27,17,807,551,256,2018
892000,Gewaltkriminalit t,5512000,Bottrop,voll.,270,177,93,0,0,0,10,3,7,10,3,7,32,20,12,37,26,11,176,119,57,15,9,6,191,128,63,2018
892000,Gewaltkriminalit t,3101000,Braunschweig,voll.,775,550,225,5,3,2,29,22,7,34,25,9,71,47,24,115,81,34,530,380,150,25,17,8,555,397,158,2018
892000,Gewaltkriminalit t,4011000,Bremen,voll.,2528,1782,746,6,3,3,57,39,18,63,42,21,218,156,62,401,317,84,1699,1191,508,147,76,71,1846,1267,579,2018
892000,Gewaltkriminalit t,4012000,Bremerhaven,voll.,607,432,175,3,2,1,17,13,4,20,15,5,49,38,11,66,47,19,447,319,128,25,13,12,472,332,140,2018
892000,Gewaltkriminalit t,14511000,Chemnitz,voll.,718,526,192,1,0,1,20,13,7,21,13,8,87,62,25,90,73,17,473,354,119,47,24,23,520,378,142,2018
892000,Gewaltkriminalit t,12052000,Cottbus,voll.,342,240,102,3,2,1,11,9,2,14,11,3,44,27,17,44,31,13,225,161,64,15,10,5,240,171,69,2018
892000,Gewaltkriminalit t,6411000,Darmstadt,voll.,490,364,126,4,2,2,25,17,8,29,19,10,40,30,10,65,53,12,336,249,87,20,13,7,356,262,94,2018
892000,Gewaltkriminalit t,5913000,Dortmund,voll.,2850,1990,860,3,2,1,150,107,43,153,109,44,321,205,116,366,246,120,1868,1348,520,142,82,60,2010,1430,580,2018
892000,Gewaltkriminalit t,14612000,Dresden,voll.,1563,1232,331,6,4,2,51,38,13,57,42,15,140,91,49,199,159,40,1115,912,203,52,28,24,1167,940,227,2018
892000,Gewaltkriminalit t,5112000,Duisburg,voll.,1801,1208,593,10,3,7,108,84,24,118,87,31,195,140,55,173,109,64,1213,822,391,102,50,52,1315,872,443,2018
892000,Gewaltkriminalit t,5111000,D sseldorf,voll.,2404,1783,621,6,5,1,55,36,19,61,41,20,185,131,54,289,213,76,1753,1328,425,116,70,46,1869,1398,471,2018
892000,Gewaltkriminalit t,16051000,Erfurt,voll.,664,471,193,2,2,0,16,8,8,18,10,8,59,46,13,79,51,28,473,346,127,35,18,17,508,364,144,2018
892000,Gewaltkriminalit t,9562000,Erlangen,voll.,186,126,60,0,0,0,5,2,3,5,2,3,15,9,6,32,24,8,127,88,39,7,3,4,134,91,43,2018
892000,Gewaltkriminalit t,5113000,Essen,voll.,1648,1030,618,2,2,0,64,41,23,66,43,23,155,97,58,194,124,70,1134,720,414,99,46,53,1233,766,467,2018
892000,Gewaltkriminalit t,6412000,Frankfurt am Main,voll.,3259,2405,854,29,24,5,53,39,14,82,63,19,173,107,66,322,247,75,2515,1880,635,167,108,59,2682,1988,694,2018
892000,Gewaltkriminalit t,8311000,Freiburg im Breisgau,voll.,779,625,154,9,8,1,20,10,10,29,18,11,72,56,16,103,89,14,549,448,101,26,14,12,575,462,113,2018
892000,Gewaltkriminalit t,9563000,F rth,voll.,203,131,72,0,0,0,9,6,3,9,6,3,24,10,14,19,13,6,143,96,47,8,6,2,151,102,49,2018
892000,Gewaltkriminalit t,5513000,Gelsenkirchen,voll.,926,650,276,3,3,0,54,39,15,57,42,15,118,80,38,83,68,15,609,429,180,59,31,28,668,460,208,2018
892000,Gewaltkriminalit t,3159016,G ttingen,voll.,484,382,102,1,1,0,14,9,5,15,10,5,36,24,12,62,52,10,355,285,70,16,11,5,371,296,75,2018
892000,Gewaltkriminalit t,5914000,Hagen,voll.,540,365,175,1,0,1,29,19,10,30,19,11,79,42,37,59,44,15,345,243,102,27,17,10,372,260,112,2018
892000,Gewaltkriminalit t,15002000,Halle (Saale),voll.,1145,853,292,5,4,1,48,34,14,53,38,15,140,107,33,174,132,42,740,555,185,38,21,17,778,576,202,2018
892000,Gewaltkriminalit t,2000000,Hamburg,voll.,7526,5635,1891,26,18,8,323,236,87,349,254,95,665,463,202,824,627,197,5336,4067,1269,352,224,128,5688,4291,1397,2018
892000,Gewaltkriminalit t,5915000,Hamm,voll.,551,367,184,1,1,0,21,15,6,22,16,6,87,62,25,73,48,25,342,226,116,27,15,12,369,241,128,2018
892000,Gewaltkriminalit t,3241001,Hannover,voll.,2501,1877,624,5,3,2,71,44,27,76,47,29,234,165,69,329,252,77,1772,1365,407,90,48,42,1862,1413,449,2018
892000,Gewaltkriminalit t,8221000,Heidelberg,voll.,569,432,137,4,2,2,13,11,2,17,13,4,45,23,22,94,74,20,385,305,80,28,17,11,413,322,91,2018
892000,Gewaltkriminalit t,8121000,Heilbronn,voll.,352,237,115,2,1,1,7,4,3,9,5,4,20,10,10,42,33,9,267,178,89,14,11,3,281,189,92,2018
892000,Gewaltkriminalit t,5916000,Herne,voll.,465,311,154,2,0,2,23,18,5,25,18,7,60,44,16,50,36,14,299,203,96,31,10,21,330,213,117,2018
892000,Gewaltkriminalit t,3254021,Hildesheim,voll.,404,281,123,2,1,1,19,16,3,21,17,4,34,29,5,51,39,12,275,186,89,23,10,13,298,196,102,2018
892000,Gewaltkriminalit t,9161000,Ingolstadt,voll.,399,302,97,1,1,0,6,4,2,7,5,2,32,22,10,55,43,12,296,228,68,9,4,5,305,232,73,2018
892000,Gewaltkriminalit t,16053000,Jena,voll.,248,194,54,0,0,0,11,10,1,11,10,1,24,15,9,33,27,6,171,135,36,9,7,2,180,142,38,2018
892000,Gewaltkriminalit t,8212000,Karlsruhe,voll.,815,579,236,5,4,1,19,12,7,24,16,8,64,45,19,104,78,26,589,419,170,34,21,13,623,440,183,2018
892000,Gewaltkriminalit t,6611000,Kassel,voll.,804,548,256,6,5,1,25,20,5,31,25,6,56,28,28,105,77,28,578,397,181,34,21,13,612,418,194,2018
892000,Gewaltkriminalit t,1002000,Kiel,voll.,1007,762,245,1,0,1,28,19,9,29,19,10,100,68,32,130,99,31,716,557,159,32,19,13,748,576,172,2018
892000,Gewaltkriminalit t,7111000,Koblenz,voll.,478,359,119,3,2,1,12,8,4,15,10,5,39,29,10,65,52,13,339,254,85,20,14,6,359,268,91,2018
892000,Gewaltkriminalit t,5315000,K ln,voll.,5572,3861,1711,18,8,10,199,120,79,217,128,89,545,358,187,634,454,180,3928,2766,1162,248,155,93,4176,2921,1255,2018
892000,Gewaltkriminalit t,5114000,Krefeld,voll.,683,456,227,4,2,2,46,35,11,50,37,13,102,77,25,71,50,21,420,273,147,40,19,21,460,292,168,2018
892000,Gewaltkriminalit t,14713000,Leipzig,voll.,1989,1471,518,14,11,3,57,37,20,71,48,23,196,137,59,227,185,42,1407,1065,342,88,36,52,1495,1101,394,2018
892000,Gewaltkriminalit t,5316000,Leverkusen,voll.,600,383,217,4,1,3,30,15,15,34,16,18,85,57,28,62,46,16,389,246,143,30,18,12,419,264,155,2018
892000,Gewaltkriminalit t,1003000,L beck,voll.,922,682,240,3,3,0,28,22,6,31,25,6,88,57,31,113,95,18,653,481,172,37,24,13,690,505,185,2018
892000,Gewaltkriminalit t,7314000,Ludwigshafen am Rhein,voll.,792,544,248,3,1,2,59,45,14,62,46,16,109,76,33,97,78,19,497,331,166,27,13,14,524,344,180,2018
892000,Gewaltkriminalit t,15003000,Magdeburg,voll.,890,629,261,4,4,0,33,21,12,37,25,12,101,73,28,105,81,24,607,435,172,40,15,25,647,450,197,2018
892000,Gewaltkriminalit t,7315000,Mainz,voll.,764,576,188,4,2,2,16,12,4,20,14,6,72,48,24,129,101,28,520,398,122,23,15,8,543,413,130,2018
892000,Gewaltkriminalit t,8222000,Mannheim,voll.,1189,844,345,7,5,2,19,15,4,26,20,6,102,67,35,147,97,50,860,627,233,54,33,21,914,660,254,2018
892000,Gewaltkriminalit t,5170024,Moers,voll.,280,186,94,1,1,0,15,13,2,16,14,2,38,20,18,36,29,7,163,109,54,27,14,13,190,123,67,2018
892000,Gewaltkriminalit t,5116000,M nchengladbach,voll.,771,508,263,3,1,2,28,24,4,31,25,6,94,60,34,80,50,30,518,343,175,48,30,18,566,373,193,2018
892000,Gewaltkriminalit t,5117000,M lheim an der Ruhr,voll.,355,193,162,3,0,3,23,14,9,26,14,12,35,22,13,36,21,15,233,126,107,25,10,15,258,136,122,2018
892000,Gewaltkriminalit t,9162000,M nchen,voll.,3561,2564,997,11,4,7,113,71,42,124,75,49,250,179,71,457,338,119,2580,1891,689,150,81,69,2730,1972,758,2018
892000,Gewaltkriminalit t,5515000,M nster,voll.,793,580,213,0,0,0,22,14,8,22,14,8,99,68,31,113,81,32,536,400,136,23,17,6,559,417,142,2018
892000,Gewaltkriminalit t,5162024,Neuss,voll.,451,321,130,2,2,0,22,11,11,24,13,11,60,41,19,47,35,12,305,222,83,15,10,5,320,232,88,2018
892000,Gewaltkriminalit t,9564000,N rnberg,voll.,1660,1200,460,10,3,7,79,37,42,89,40,49,137,82,55,204,159,45,1160,872,288,70,47,23,1230,919,311,2018
892000,Gewaltkriminalit t,5119000,Oberhausen,voll.,563,399,164,3,1,2,26,23,3,29,24,5,82,56,26,66,51,15,363,254,109,23,14,9,386,268,118,2018
892000,Gewaltkriminalit t,6413000,Offenbach am Main,voll.,444,294,150,1,1,0,10,4,6,11,5,6,56,37,19,28,18,10,328,219,109,21,15,6,349,234,115,2018
892000,Gewaltkriminalit t,3403000,Oldenburg (Oldenburg),voll.,553,397,156,0,0,0,12,10,2,12,10,2,56,38,18,91,71,20,367,259,108,27,19,8,394,278,116,2018
892000,Gewaltkriminalit t,3404000,Osnabr ck,voll.,857,631,226,6,3,3,19,14,5,25,17,8,61,41,20,115,82,33,624,471,153,32,20,12,656,491,165,2018
892000,Gewaltkriminalit t,5774032,Paderborn,voll.,384,282,102,2,0,2,8,7,1,10,7,3,30,14,16,63,50,13,269,205,64,12,6,6,281,211,70,2018
892000,Gewaltkriminalit t,8231000,Pforzheim,voll.,440,336,104,7,2,5,15,11,4,22,13,9,37,27,10,62,51,11,300,233,67,19,12,7,319,245,74,2018
892000,Gewaltkriminalit t,12054000,Potsdam,voll.,385,269,116,3,3,0,21,13,8,24,16,8,43,27,16,56,44,12,252,180,72,10,2,8,262,182,80,2018
892000,Gewaltkriminalit t,5562032,Recklinghausen,voll.,453,313,140,0,0,0,12,10,2,12,10,2,44,24,20,59,49,10,309,210,99,29,20,9,338,230,108,2018
892000,Gewaltkriminalit t,9362000,Regensburg,voll.,440,336,104,1,0,1,11,8,3,12,8,4,33,28,5,61,51,10,320,245,75,14,4,10,334,249,85,2018
892000,Gewaltkriminalit t,5120000,Remscheid,voll.,276,177,99,2,2,0,25,16,9,27,18,9,32,23,9,30,18,12,177,113,64,10,5,5,187,118,69,2018
892000,Gewaltkriminalit t,8415061,Reutlingen,voll.,325,237,88,2,2,0,11,8,3,13,10,3,27,18,9,63,52,11,212,150,62,10,7,3,222,157,65,2018
892000,Gewaltkriminalit t,13003000,Rostock,voll.,624,472,152,4,4,0,42,28,14,46,32,14,95,69,26,72,59,13,385,299,86,26,13,13,411,312,99,2018
892000,Gewaltkriminalit t,10041100,Saarbr cken,voll.,1023,765,258,5,2,3,33,26,7,38,28,10,114,93,21,143,106,37,681,512,169,47,26,21,728,538,190,2018
892000,Gewaltkriminalit t,3102000,Salzgitter,voll.,308,205,103,1,0,1,17,11,6,18,11,7,48,33,15,32,23,9,198,130,68,12,8,4,210,138,72,2018
892000,Gewaltkriminalit t,13004000,Schwerin,voll.,358,279,79,0,0,0,21,17,4,21,17,4,52,45,7,56,44,12,212,165,47,17,8,9,229,173,56,2018
892000,Gewaltkriminalit t,5970040,Siegen,voll.,301,233,68,0,0,0,12,7,5,12,7,5,31,25,6,38,29,9,214,167,47,6,5,1,220,172,48,2018
892000,Gewaltkriminalit t,5122000,Solingen,voll.,368,237,131,2,1,1,13,11,2,15,12,3,43,29,14,32,22,10,254,162,92,24,12,12,278,174,104,2018
892000,Gewaltkriminalit t,8111000,Stuttgart,voll.,2469,1892,577,9,7,2,55,36,19,64,43,21,195,133,62,338,277,61,1801,1386,415,71,53,18,1872,1439,433,2018
892000,Gewaltkriminalit t,7211000,Trier,voll.,358,253,105,1,1,0,7,4,3,8,5,3,34,23,11,67,49,18,239,169,70,10,7,3,249,176,73,2018
892000,Gewaltkriminalit t,8421000,Ulm,voll.,358,280,78,3,3,0,9,7,2,12,10,2,25,19,6,59,52,7,244,190,54,18,9,9,262,199,63,2018
892000,Gewaltkriminalit t,6414000,Wiesbaden,voll.,1071,714,357,3,1,2,51,28,23,54,29,25,145,97,48,122,95,27,693,463,230,57,30,27,750,493,257,2018
892000,Gewaltkriminalit t,3103000,Wolfsburg,voll.,311,240,71,0,0,0,14,9,5,14,9,5,30,23,7,30,24,6,230,180,50,7,4,3,237,184,53,2018
892000,Gewaltkriminalit t,5124000,Wuppertal,voll.,1274,897,377,5,2,3,92,66,26,97,68,29,143,99,44,177,128,49,809,571,238,48,31,17,857,602,255,2018
892000,Gewaltkriminalit t,9663000,W rzburg,voll.,372,283,89,0,0,0,7,5,2,7,5,2,38,29,9,70,56,14,238,183,55,19,10,9,257,193,64,2018
892000,Gewaltkriminalit t,5334002,Aachen,vers.,206,128,78,1,0,1,8,7,1,9,7,2,13,8,5,13,8,5,154,97,57,17,8,9,171,105,66,2018
892000,Gewaltkriminalit t,9761000,Augsburg,vers.,240,169,71,3,1,2,10,7,3,13,8,5,16,14,2,26,13,13,177,128,49,8,6,2,185,134,51,2018
892000,Gewaltkriminalit t,5378004,Bergisch Gladbach,vers.,57,36,21,0,0,0,6,4,2,6,4,2,9,8,1,5,5,0,28,14,14,9,5,4,37,19,18,2018
892000,Gewaltkriminalit t,11000000,Berlin,vers.,3658,2615,1043,39,18,21,145,98,47,184,116,68,268,204,64,201,143,58,2772,2018,754,233,134,99,3005,2152,853,2018
892000,Gewaltkriminalit t,5711000,Bielefeld,vers.,167,103,64,0,0,0,1,1,0,1,1,0,12,10,2,18,10,8,123,75,48,13,7,6,136,82,54,2018
892000,Gewaltkriminalit t,5911000,Bochum,vers.,262,184,78,1,1,0,19,13,6,20,14,6,19,15,4,22,15,7,188,133,55,13,7,6,201,140,61,2018
892000,Gewaltkriminalit t,5314000,Bonn,vers.,191,125,66,0,0,0,7,7,0,7,7,0,15,10,5,11,7,4,144,95,49,14,6,8,158,101,57,2018
892000,Gewaltkriminalit t,5512000,Bottrop,vers.,54,38,16,0,0,0,1,0,1,1,0,1,7,6,1,7,5,2,37,27,10,2,0,2,39,27,12,2018
892000,Gewaltkriminalit t,3101000,Braunschweig,vers.,125,85,40,1,0,1,3,2,1,4,2,2,8,3,5,14,11,3,91,64,27,8,5,3,99,69,30,2018
892000,Gewaltkriminalit t,4011000,Bremen,vers.,409,303,106,0,0,0,9,4,5,9,4,5,27,22,5,38,32,6,301,228,73,34,17,17,335,245,90,2018
892000,Gewaltkriminalit t,4012000,Bremerhaven,vers.,95,67,28,0,0,0,0,0,0,0,0,0,5,5,0,12,9,3,69,50,19,9,3,6,78,53,25,2018
892000,Gewaltkriminalit t,14511000,Chemnitz,vers.,123,92,31,1,1,0,2,2,0,3,3,0,11,9,2,11,9,2,91,68,23,7,3,4,98,71,27,2018
892000,Gewaltkriminalit t,12052000,Cottbus,vers.,75,43,32,1,1,0,0,0,0,1,1,0,13,7,6,10,7,3,47,26,21,4,2,2,51,28,23,2018
892000,Gewaltkriminalit t,6411000,Darmstadt,vers.,51,32,19,0,0,0,1,0,1,1,0,1,4,1,3,3,3,0,38,24,14,5,4,1,43,28,15,2018
892000,Gewaltkriminalit t,5913000,Dortmund,vers.,520,354,166,1,0,1,27,19,8,28,19,9,37,27,10,68,46,22,340,239,101,47,23,24,387,262,125,2018
892000,Gewaltkriminalit t,14612000,Dresden,vers.,309,240,69,2,1,1,6,5,1,8,6,2,19,16,3,25,20,5,235,188,47,22,10,12,257,198,59,2018
892000,Gewaltkriminalit t,5112000,Duisburg,vers.,319,207,112,2,1,1,13,9,4,15,10,5,14,11,3,26,15,11,229,153,76,35,18,17,264,171,93,2018
892000,Gewaltkriminalit t,5111000,D sseldorf,vers.,496,383,113,1,1,0,11,10,1,12,11,1,18,16,2,29,21,8,422,326,96,15,9,6,437,335,102,2018
892000,Gewaltkriminalit t,16051000,Erfurt,vers.,173,134,39,0,0,0,6,3,3,6,3,3,15,12,3,15,13,2,129,100,29,8,6,2,137,106,31,2018
892000,Gewaltkriminalit t,9562000,Erlangen,vers.,26,19,7,0,0,0,1,1,0,1,1,0,4,2,2,0,0,0,19,14,5,2,2,0,21,16,5,2018
892000,Gewaltkriminalit t,5113000,Essen,vers.,295,183,112,0,0,0,8,6,2,8,6,2,28,18,10,26,15,11,209,136,73,24,8,16,233,144,89,2018
892000,Gewaltkriminalit t,6412000,Frankfurt am Main,vers.,569,384,185,6,3,3,15,6,9,21,9,12,27,22,5,51,36,15,433,298,135,37,19,18,470,317,153,2018
892000,Gewaltkriminalit t,8311000,Freiburg im Breisgau,vers.,168,133,35,17,16,1,1,1,0,18,17,1,8,8,0,12,10,2,126,97,29,4,1,3,130,98,32,2018
892000,Gewaltkriminalit t,9563000,F rth,vers.,33,23,10,1,1,0,1,0,1,2,1,1,2,1,1,2,2,0,25,17,8,2,2,0,27,19,8,2018
892000,Gewaltkriminalit t,5513000,Gelsenkirchen,vers.,163,118,45,1,0,1,10,9,1,11,9,2,14,13,1,14,12,2,116,78,38,8,6,2,124,84,40,2018
892000,Gewaltkriminalit t,3159016,G ttingen,vers.,95,65,30,0,0,0,3,3,0,3,3,0,4,1,3,14,8,6,63,46,17,11,7,4,74,53,21,2018
892000,Gewaltkriminalit t,5914000,Hagen,vers.,112,78,34,2,2,0,11,10,1,13,12,1,8,8,0,8,5,3,74,47,27,9,6,3,83,53,30,2018
892000,Gewaltkriminalit t,15002000,Halle (Saale),vers.,254,184,70,1,1,0,14,8,6,15,9,6,14,8,6,27,22,5,186,141,45,12,4,8,198,145,53,2018
892000,Gewaltkriminalit t,2000000,Hamburg,vers.,1218,876,342,3,3,0,39,33,6,42,36,6,72,56,16,81,58,23,950,683,267,73,43,30,1023,726,297,2018
892000,Gewaltkriminalit t,5915000,Hamm,vers.,108,73,35,1,1,0,7,6,1,8,7,1,10,9,1,6,2,4,76,51,25,8,4,4,84,55,29,2018
892000,Gewaltkriminalit t,3241001,Hannover,vers.,470,343,127,3,1,2,5,2,3,8,3,5,21,17,4,53,34,19,359,273,86,29,16,13,388,289,99,2018
892000,Gewaltkriminalit t,8221000,Heidelberg,vers.,85,63,22,1,1,0,1,1,0,2,2,0,5,4,1,8,7,1,67,48,19,3,2,1,70,50,20,2018
892000,Gewaltkriminalit t,8121000,Heilbronn,vers.,67,43,24,1,0,1,1,0,1,2,0,2,2,1,1,6,6,0,50,33,17,7,3,4,57,36,21,2018
892000,Gewaltkriminalit t,5916000,Herne,vers.,106,67,39,0,0,0,6,3,3,6,3,3,11,8,3,9,7,2,74,46,28,6,3,3,80,49,31,2018
892000,Gewaltkriminalit t,3254021,Hildesheim,vers.,82,55,27,0,0,0,2,1,1,2,1,1,6,6,0,7,5,2,61,39,22,6,4,2,67,43,24,2018
892000,Gewaltkriminalit t,9161000,Ingolstadt,vers.,83,66,17,0,0,0,1,1,0,1,1,0,1,1,0,3,3,0,73,59,14,5,2,3,78,61,17,2018
892000,Gewaltkriminalit t,16053000,Jena,vers.,80,68,12,0,0,0,2,2,0,2,2,0,2,1,1,8,8,0,67,56,11,1,1,0,68,57,11,2018
892000,Gewaltkriminalit t,8212000,Karlsruhe,vers.,132,86,46,1,1,0,2,1,1,3,2,1,6,3,3,13,11,2,105,68,37,5,2,3,110,70,40,2018
892000,Gewaltkriminalit t,6611000,Kassel,vers.,120,81,39,1,1,0,4,3,1,5,4,1,3,1,2,11,8,3,94,65,29,7,3,4,101,68,33,2018
892000,Gewaltkriminalit t,1002000,Kiel,vers.,148,109,39,1,1,0,3,1,2,4,2,2,17,16,1,12,8,4,105,78,27,10,5,5,115,83,32,2018
892000,Gewaltkriminalit t,7111000,Koblenz,vers.,78,57,21,0,0,0,4,2,2,4,2,2,9,6,3,5,3,2,53,42,11,7,4,3,60,46,14,2018
892000,Gewaltkriminalit t,5315000,K ln,vers.,1122,761,361,5,2,3,41,33,8,46,35,11,62,42,20,80,57,23,855,573,282,79,54,25,934,627,307,2018
892000,Gewaltkriminalit t,5114000,Krefeld,vers.,142,88,54,0,0,0,3,3,0,3,3,0,11,8,3,7,3,4,108,68,40,13,6,7,121,74,47,2018
892000,Gewaltkriminalit t,14713000,Leipzig,vers.,379,259,120,4,2,2,24,13,11,28,15,13,13,10,3,20,19,1,294,204,90,24,11,13,318,215,103,2018
892000,Gewaltkriminalit t,5316000,Leverkusen,vers.,132,82,50,2,1,1,5,3,2,7,4,3,9,7,2,9,3,6,95,59,36,12,9,3,107,68,39,2018
892000,Gewaltkriminalit t,1003000,L beck,vers.,159,100,59,1,1,0,6,3,3,7,4,3,12,6,6,11,8,3,113,74,39,16,8,8,129,82,47,2018
892000,Gewaltkriminalit t,7314000,Ludwigshafen am Rhein,vers.,156,109,47,1,0,1,13,10,3,14,10,4,14,13,1,17,11,6,101,69,32,10,6,4,111,75,36,2018
892000,Gewaltkriminalit t,15003000,Magdeburg,vers.,208,141,67,2,2,0,17,10,7,19,12,7,32,16,16,13,11,2,129,96,33,15,6,9,144,102,42,2018
892000,Gewaltkriminalit t,7315000,Mainz,vers.,158,109,49,2,1,1,4,3,1,6,4,2,16,10,6,9,5,4,119,84,35,8,6,2,127,90,37,2018
892000,Gewaltkriminalit t,8222000,Mannheim,vers.,239,163,76,2,1,1,28,15,13,30,16,14,10,6,4,13,8,5,174,126,48,12,7,5,186,133,53,2018
892000,Gewaltkriminalit t,5170024,Moers,vers.,38,32,6,0,0,0,0,0,0,0,0,0,4,3,1,3,3,0,25,21,4,6,5,1,31,26,5,2018
892000,Gewaltkriminalit t,5116000,M nchengladbach,vers.,116,68,48,0,0,0,4,2,2,4,2,2,17,12,5,14,11,3,67,35,32,14,8,6,81,43,38,2018
892000,Gewaltkriminalit t,5117000,M lheim an der Ruhr,vers.,69,43,26,0,0,0,3,3,0,3,3,0,8,5,3,6,4,2,43,25,18,9,6,3,52,31,21,2018
892000,Gewaltkriminalit t,9162000,M nchen,vers.,785,558,227,4,2,2,14,10,4,18,12,6,33,23,10,57,40,17,616,442,174,61,41,20,677,483,194,2018
892000,Gewaltkriminalit t,5515000,M nster,vers.,176,128,48,1,0,1,2,0,2,3,0,3,18,14,4,17,14,3,131,96,35,7,4,3,138,100,38,2018
892000,Gewaltkriminalit t,5162024,Neuss,vers.,75,52,23,1,1,0,1,0,1,2,1,1,6,5,1,7,5,2,57,39,18,3,2,1,60,41,19,2018
892000,Gewaltkriminalit t,9564000,N rnberg,vers.,314,218,96,4,3,1,9,9,0,13,12,1,28,20,8,25,15,10,229,163,66,19,8,11,248,171,77,2018
892000,Gewaltkriminalit t,5119000,Oberhausen,vers.,116,81,35,0,0,0,3,3,0,3,3,0,14,12,2,5,3,2,84,56,28,10,7,3,94,63,31,2018
892000,Gewaltkriminalit t,6413000,Offenbach am Main,vers.,73,45,28,0,0,0,4,1,3,4,1,3,3,1,2,1,0,1,58,38,20,7,5,2,65,43,22,2018
892000,Gewaltkriminalit t,3403000,Oldenburg (Oldenburg),vers.,84,57,27,1,0,1,2,1,1,3,1,2,6,4,2,13,6,7,59,43,16,3,3,0,62,46,16,2018
892000,Gewaltkriminalit t,3404000,Osnabr ck,vers.,93,55,38,0,0,0,1,1,0,1,1,0,10,3,7,11,6,5,68,43,25,3,2,1,71,45,26,2018
892000,Gewaltkriminalit t,5774032,Paderborn,vers.,72,49,23,0,0,0,2,1,1,2,1,1,5,5,0,12,10,2,49,32,17,4,1,3,53,33,20,2018
892000,Gewaltkriminalit t,8231000,Pforzheim,vers.,47,34,13,0,0,0,2,1,1,2,1,1,1,1,0,6,5,1,31,23,8,7,4,3,38,27,11,2018
892000,Gewaltkriminalit t,12054000,Potsdam,vers.,101,64,37,2,2,0,5,4,1,7,6,1,11,8,3,10,8,2,65,38,27,8,4,4,73,42,31,2018
892000,Gewaltkriminalit t,5562032,Recklinghausen,vers.,97,65,32,0,0,0,1,1,0,1,1,0,9,6,3,6,2,4,74,53,21,7,3,4,81,56,25,2018
892000,Gewaltkriminalit t,9362000,Regensburg,vers.,105,76,29,1,1,0,2,2,0,3,3,0,5,4,1,5,4,1,91,64,27,1,1,0,92,65,27,2018
892000,Gewaltkriminalit t,5120000,Remscheid,vers.,67,50,17,1,0,1,8,8,0,9,8,1,12,10,2,8,3,5,35,28,7,3,1,2,38,29,9,2018
892000,Gewaltkriminalit t,8415061,Reutlingen,vers.,45,29,16,0,0,0,2,1,1,2,1,1,2,2,0,10,8,2,30,18,12,1,0,1,31,18,13,2018
892000,Gewaltkriminalit t,13003000,Rostock,vers.,162,127,35,0,0,0,11,10,1,11,10,1,25,19,6,18,17,1,104,78,26,4,3,1,108,81,27,2018
892000,Gewaltkriminalit t,10041100,Saarbr cken,vers.,201,131,70,4,4,0,24,15,9,28,19,9,14,9,5,21,15,6,122,80,42,16,8,8,138,88,50,2018
892000,Gewaltkriminalit t,3102000,Salzgitter,vers.,40,25,15,1,1,0,3,2,1,4,3,1,1,1,0,11,5,6,21,16,5,3,0,3,24,16,8,2018
892000,Gewaltkriminalit t,13004000,Schwerin,vers.,66,43,23,1,1,0,9,6,3,10,7,3,7,3,4,10,4,6,37,28,9,2,1,1,39,29,10,2018
892000,Gewaltkriminalit t,5970040,Siegen,vers.,52,35,17,0,0,0,0,0,0,0,0,0,4,2,2,7,4,3,37,28,9,4,1,3,41,29,12,2018
892000,Gewaltkriminalit t,5122000,Solingen,vers.,55,41,14,0,0,0,0,0,0,0,0,0,9,7,2,4,3,1,37,26,11,5,5,0,42,31,11,2018
892000,Gewaltkriminalit t,8111000,Stuttgart,vers.,631,506,125,14,11,3,17,11,6,31,22,9,28,17,11,33,27,6,522,430,92,17,10,7,539,440,99,2018
892000,Gewaltkriminalit t,7211000,Trier,vers.,60,39,21,0,0,0,0,0,0,0,0,0,8,5,3,4,1,3,44,31,13,4,2,2,48,33,15,2018
892000,Gewaltkriminalit t,8421000,Ulm,vers.,58,40,18,2,2,0,3,1,2,5,3,2,2,0,2,2,2,0,42,30,12,7,5,2,49,35,14,2018
892000,Gewaltkriminalit t,6414000,Wiesbaden,vers.,142,91,51,1,0,1,2,0,2,3,0,3,15,13,2,9,7,2,105,67,38,10,4,6,115,71,44,2018
892000,Gewaltkriminalit t,3103000,Wolfsburg,vers.,48,33,15,0,0,0,1,0,1,1,0,1,0,0,0,4,4,0,37,27,10,6,2,4,43,29,14,2018
892000,Gewaltkriminalit t,5124000,Wuppertal,vers.,260,173,87,2,2,0,17,10,7,19,12,7,21,17,4,22,17,5,184,120,64,14,7,7,198,127,71,2018
892000,Gewaltkriminalit t,9663000,W rzburg,vers.,67,53,14,1,1,0,1,1,0,2,2,0,10,9,1,5,4,1,47,36,11,3,2,1,50,38,12,2018
892000,Gewaltkriminalit t,5334002,Aachen,insg.,1185,798,387,2,0,2,41,28,13,43,28,15,105,65,40,154,117,37,812,553,259,71,35,36,883,588,295,2018
892000,Gewaltkriminalit t,9761000,Augsburg,insg.,1054,752,302,5,2,3,34,23,11,39,25,14,75,45,30,137,98,39,761,559,202,42,25,17,803,584,219,2018
892000,Gewaltkriminalit t,5378004,Bergisch Gladbach,insg.,287,204,83,0,0,0,13,7,6,13,7,6,55,45,10,45,39,6,148,98,50,26,15,11,174,113,61,2018
892000,Gewaltkriminalit t,11000000,Berlin,insg.,19362,13873,5489,103,64,39,800,589,211,903,653,250,1896,1374,522,1734,1288,446,13706,9928,3778,1123,630,493,14829,10558,4271,2018
892000,Gewaltkriminalit t,5711000,Bielefeld,insg.,993,671,322,1,1,0,26,18,8,27,19,8,90,65,25,129,83,46,694,475,219,53,29,24,747,504,243,2018
892000,Gewaltkriminalit t,5911000,Bochum,insg.,1613,1131,482,3,2,1,119,75,44,122,77,45,196,152,44,172,124,48,1047,736,311,76,42,34,1123,778,345,2018
892000,Gewaltkriminalit t,5314000,Bonn,insg.,1261,858,403,4,3,1,46,34,12,50,37,13,126,84,42,120,85,35,907,619,288,58,33,25,965,652,313,2018
892000,Gewaltkriminalit t,5512000,Bottrop,insg.,324,215,109,0,0,0,11,3,8,11,3,8,39,26,13,44,31,13,213,146,67,17,9,8,230,155,75,2018
892000,Gewaltkriminalit t,3101000,Braunschweig,insg.,900,635,265,6,3,3,32,24,8,38,27,11,79,50,29,129,92,37,621,444,177,33,22,11,654,466,188,2018
892000,Gewaltkriminalit t,4011000,Bremen,insg.,2937,2085,852,6,3,3,66,43,23,72,46,26,245,178,67,439,349,90,2000,1419,581,181,93,88,2181,1512,669,2018
892000,Gewaltkriminalit t,4012000,Bremerhaven,insg.,702,499,203,3,2,1,17,13,4,20,15,5,54,43,11,78,56,22,516,369,147,34,16,18,550,385,165,2018
892000,Gewaltkriminalit t,14511000,Chemnitz,insg.,841,618,223,2,1,1,22,15,7,24,16,8,98,71,27,101,82,19,564,422,142,54,27,27,618,449,169,2018
892000,Gewaltkriminalit t,12052000,Cottbus,insg.,417,283,134,4,3,1,11,9,2,15,12,3,57,34,23,54,38,16,272,187,85,19,12,7,291,199,92,2018
892000,Gewaltkriminalit t,6411000,Darmstadt,insg.,541,396,145,4,2,2,26,17,9,30,19,11,44,31,13,68,56,12,374,273,101,25,17,8,399,290,109,2018
892000,Gewaltkriminalit t,5913000,Dortmund,insg.,3370,2344,1026,4,2,2,177,126,51,181,128,53,358,232,126,434,292,142,2208,1587,621,189,105,84,2397,1692,705,2018
892000,Gewaltkriminalit t,14612000,Dresden,insg.,1872,1472,400,8,5,3,57,43,14,65,48,17,159,107,52,224,179,45,1350,1100,250,74,38,36,1424,1138,286,2018
892000,Gewaltkriminalit t,5112000,Duisburg,insg.,2120,1415,705,12,4,8,121,93,28,133,97,36,209,151,58,199,124,75,1442,975,467,137,68,69,1579,1043,536,2018
892000,Gewaltkriminalit t,5111000,D sseldorf,insg.,2900,2166,734,7,6,1,66,46,20,73,52,21,203,147,56,318,234,84,2175,1654,521,131,79,52,2306,1733,573,2018
892000,Gewaltkriminalit t,16051000,Erfurt,insg.,837,605,232,2,2,0,22,11,11,24,13,11,74,58,16,94,64,30,602,446,156,43,24,19,645,470,175,2018
892000,Gewaltkriminalit t,9562000,Erlangen,insg.,212,145,67,0,0,0,6,3,3,6,3,3,19,11,8,32,24,8,146,102,44,9,5,4,155,107,48,2018
892000,Gewaltkriminalit t,5113000,Essen,insg.,1943,1213,730,2,2,0,72,47,25,74,49,25,183,115,68,220,139,81,1343,856,487,123,54,69,1466,910,556,2018
892000,Gewaltkriminalit t,6412000,Frankfurt am Main,insg.,3828,2789,1039,35,27,8,68,45,23,103,72,31,200,129,71,373,283,90,2948,2178,770,204,127,77,3152,2305,847,2018
892000,Gewaltkriminalit t,8311000,Freiburg im Breisgau,insg.,947,758,189,26,24,2,21,11,10,47,35,12,80,64,16,115,99,16,675,545,130,30,15,15,705,560,145,2018
892000,Gewaltkriminalit t,9563000,F rth,insg.,236,154,82,1,1,0,10,6,4,11,7,4,26,11,15,21,15,6,168,113,55,10,8,2,178,121,57,2018
892000,Gewaltkriminalit t,5513000,Gelsenkirchen,insg.,1089,768,321,4,3,1,64,48,16,68,51,17,132,93,39,97,80,17,725,507,218,67,37,30,792,544,248,2018
892000,Gewaltkriminalit t,3159016,G ttingen,insg.,579,447,132,1,1,0,17,12,5,18,13,5,40,25,15,76,60,16,418,331,87,27,18,9,445,349,96,2018
892000,Gewaltkriminalit t,5914000,Hagen,insg.,652,443,209,3,2,1,40,29,11,43,31,12,87,50,37,67,49,18,419,290,129,36,23,13,455,313,142,2018
892000,Gewaltkriminalit t,15002000,Halle (Saale),insg.,1399,1037,362,6,5,1,62,42,20,68,47,21,154,115,39,201,154,47,926,696,230,50,25,25,976,721,255,2018
892000,Gewaltkriminalit t,2000000,Hamburg,insg.,8744,6511,2233,29,21,8,362,269,93,391,290,101,737,519,218,905,685,220,6286,4750,1536,425,267,158,6711,5017,1694,2018
892000,Gewaltkriminalit t,5915000,Hamm,insg.,659,440,219,2,2,0,28,21,7,30,23,7,97,71,26,79,50,29,418,277,141,35,19,16,453,296,157,2018
892000,Gewaltkriminalit t,3241001,Hannover,insg.,2971,2220,751,8,4,4,76,46,30,84,50,34,255,182,73,382,286,96,2131,1638,493,119,64,55,2250,1702,548,2018
892000,Gewaltkriminalit t,8221000,Heidelberg,insg.,654,495,159,5,3,2,14,12,2,19,15,4,50,27,23,102,81,21,452,353,99,31,19,12,483,372,111,2018
892000,Gewaltkriminalit t,8121000,Heilbronn,insg.,419,280,139,3,1,2,8,4,4,11,5,6,22,11,11,48,39,9,317,211,106,21,14,7,338,225,113,2018
892000,Gewaltkriminalit t,5916000,Herne,insg.,571,378,193,2,0,2,29,21,8,31,21,10,71,52,19,59,43,16,373,249,124,37,13,24,410,262,148,2018
892000,Gewaltkriminalit t,3254021,Hildesheim,insg.,486,336,150,2,1,1,21,17,4,23,18,5,40,35,5,58,44,14,336,225,111,29,14,15,365,239,126,2018
892000,Gewaltkriminalit t,9161000,Ingolstadt,insg.,482,368,114,1,1,0,7,5,2,8,6,2,33,23,10,58,46,12,369,287,82,14,6,8,383,293,90,2018
892000,Gewaltkriminalit t,16053000,Jena,insg.,328,262,66,0,0,0,13,12,1,13,12,1,26,16,10,41,35,6,238,191,47,10,8,2,248,199,49,2018
892000,Gewaltkriminalit t,8212000,Karlsruhe,insg.,947,665,282,6,5,1,21,13,8,27,18,9,70,48,22,117,89,28,694,487,207,39,23,16,733,510,223,2018
892000,Gewaltkriminalit t,6611000,Kassel,insg.,924,629,295,7,6,1,29,23,6,36,29,7,59,29,30,116,85,31,672,462,210,41,24,17,713,486,227,2018
892000,Gewaltkriminalit t,1002000,Kiel,insg.,1155,871,284,2,1,1,31,20,11,33,21,12,117,84,33,142,107,35,821,635,186,42,24,18,863,659,204,2018
892000,Gewaltkriminalit t,7111000,Koblenz,insg.,556,416,140,3,2,1,16,10,6,19,12,7,48,35,13,70,55,15,392,296,96,27,18,9,419,314,105,2018
892000,Gewaltkriminalit t,5315000,K ln,insg.,6694,4622,2072,23,10,13,240,153,87,263,163,100,607,400,207,714,511,203,4783,3339,1444,327,209,118,5110,3548,1562,2018
892000,Gewaltkriminalit t,5114000,Krefeld,insg.,825,544,281,4,2,2,49,38,11,53,40,13,113,85,28,78,53,25,528,341,187,53,25,28,581,366,215,2018
892000,Gewaltkriminalit t,14713000,Leipzig,insg.,2368,1730,638,18,13,5,81,50,31,99,63,36,209,147,62,247,204,43,1701,1269,432,112,47,65,1813,1316,497,2018
892000,Gewaltkriminalit t,5316000,Leverkusen,insg.,732,465,267,6,2,4,35,18,17,41,20,21,94,64,30,71,49,22,484,305,179,42,27,15,526,332,194,2018
892000,Gewaltkriminalit t,1003000,L beck,insg.,1081,782,299,4,4,0,34,25,9,38,29,9,100,63,37,124,103,21,766,555,211,53,32,21,819,587,232,2018
892000,Gewaltkriminalit t,7314000,Ludwigshafen am Rhein,insg.,948,653,295,4,1,3,72,55,17,76,56,20,123,89,34,114,89,25,598,400,198,37,19,18,635,419,216,2018
892000,Gewaltkriminalit t,15003000,Magdeburg,insg.,1098,770,328,6,6,0,50,31,19,56,37,19,133,89,44,118,92,26,736,531,205,55,21,34,791,552,239,2018
892000,Gewaltkriminalit t,7315000,Mainz,insg.,922,685,237,6,3,3,20,15,5,26,18,8,88,58,30,138,106,32,639,482,157,31,21,10,670,503,167,2018
892000,Gewaltkriminalit t,8222000,Mannheim,insg.,1428,1007,421,9,6,3,47,30,17,56,36,20,112,73,39,160,105,55,1034,753,281,66,40,26,1100,793,307,2018
892000,Gewaltkriminalit t,5170024,Moers,insg.,318,218,100,1,1,0,15,13,2,16,14,2,42,23,19,39,32,7,188,130,58,33,19,14,221,149,72,2018
892000,Gewaltkriminalit t,5116000,M nchengladbach,insg.,887,576,311,3,1,2,32,26,6,35,27,8,111,72,39,94,61,33,585,378,207,62,38,24,647,416,231,2018
892000,Gewaltkriminalit t,5117000,M lheim an der Ruhr,insg.,424,236,188,3,0,3,26,17,9,29,17,12,43,27,16,42,25,17,276,151,125,34,16,18,310,167,143,2018
892000,Gewaltkriminalit t,9162000,M nchen,insg.,4346,3122,1224,15,6,9,127,81,46,142,87,55,283,202,81,514,378,136,3196,2333,863,211,122,89,3407,2455,952,2018
892000,Gewaltkriminalit t,5515000,M nster,insg.,969,708,261,1,0,1,24,14,10,25,14,11,117,82,35,130,95,35,667,496,171,30,21,9,697,517,180,2018
892000,Gewaltkriminalit t,5162024,Neuss,insg.,526,373,153,3,3,0,23,11,12,26,14,12,66,46,20,54,40,14,362,261,101,18,12,6,380,273,107,2018
892000,Gewaltkriminalit t,9564000,N rnberg,insg.,1974,1418,556,14,6,8,88,46,42,102,52,50,165,102,63,229,174,55,1389,1035,354,89,55,34,1478,1090,388,2018
892000,Gewaltkriminalit t,5119000,Oberhausen,insg.,679,480,199,3,1,2,29,26,3,32,27,5,96,68,28,71,54,17,447,310,137,33,21,12,480,331,149,2018
892000,Gewaltkriminalit t,6413000,Offenbach am Main,insg.,517,339,178,1,1,0,14,5,9,15,6,9,59,38,21,29,18,11,386,257,129,28,20,8,414,277,137,2018
892000,Gewaltkriminalit t,3403000,Oldenburg (Oldenburg),insg.,637,454,183,1,0,1,14,11,3,15,11,4,62,42,20,104,77,27,426,302,124,30,22,8,456,324,132,2018
892000,Gewaltkriminalit t,3404000,Osnabr ck,insg.,950,686,264,6,3,3,20,15,5,26,18,8,71,44,27,126,88,38,692,514,178,35,22,13,727,536,191,2018
892000,Gewaltkriminalit t,5774032,Paderborn,insg.,456,331,125,2,0,2,10,8,2,12,8,4,35,19,16,75,60,15,318,237,81,16,7,9,334,244,90,2018
892000,Gewaltkriminalit t,8231000,Pforzheim,insg.,487,370,117,7,2,5,17,12,5,24,14,10,38,28,10,68,56,12,331,256,75,26,16,10,357,272,85,2018
892000,Gewaltkriminalit t,12054000,Potsdam,insg.,486,333,153,5,5,0,26,17,9,31,22,9,54,35,19,66,52,14,317,218,99,18,6,12,335,224,111,2018
892000,Gewaltkriminalit t,5562032,Recklinghausen,insg.,550,378,172,0,0,0,13,11,2,13,11,2,53,30,23,65,51,14,383,263,120,36,23,13,419,286,133,2018
892000,Gewaltkriminalit t,9362000,Regensburg,insg.,545,412,133,2,1,1,13,10,3,15,11,4,38,32,6,66,55,11,411,309,102,15,5,10,426,314,112,2018
892000,Gewaltkriminalit t,5120000,Remscheid,insg.,343,227,116,3,2,1,33,24,9,36,26,10,44,33,11,38,21,17,212,141,71,13,6,7,225,147,78,2018
892000,Gewaltkriminalit t,8415061,Reutlingen,insg.,370,266,104,2,2,0,13,9,4,15,11,4,29,20,9,73,60,13,242,168,74,11,7,4,253,175,78,2018
892000,Gewaltkriminalit t,13003000,Rostock,insg.,786,599,187,4,4,0,53,38,15,57,42,15,120,88,32,90,76,14,489,377,112,30,16,14,519,393,126,2018
892000,Gewaltkriminalit t,10041100,Saarbr cken,insg.,1224,896,328,9,6,3,57,41,16,66,47,19,128,102,26,164,121,43,803,592,211,63,34,29,866,626,240,2018
892000,Gewaltkriminalit t,3102000,Salzgitter,insg.,348,230,118,2,1,1,20,13,7,22,14,8,49,34,15,43,28,15,219,146,73,15,8,7,234,154,80,2018
892000,Gewaltkriminalit t,13004000,Schwerin,insg.,424,322,102,1,1,0,30,23,7,31,24,7,59,48,11,66,48,18,249,193,56,19,9,10,268,202,66,2018
892000,Gewaltkriminalit t,5970040,Siegen,insg.,353,268,85,0,0,0,12,7,5,12,7,5,35,27,8,45,33,12,251,195,56,10,6,4,261,201,60,2018
892000,Gewaltkriminalit t,5122000,Solingen,insg.,423,278,145,2,1,1,13,11,2,15,12,3,52,36,16,36,25,11,291,188,103,29,17,12,320,205,115,2018
892000,Gewaltkriminalit t,8111000,Stuttgart,insg.,3100,2398,702,23,18,5,72,47,25,95,65,30,223,150,73,371,304,67,2323,1816,507,88,63,25,2411,1879,532,2018
892000,Gewaltkriminalit t,7211000,Trier,insg.,418,292,126,1,1,0,7,4,3,8,5,3,42,28,14,71,50,21,283,200,83,14,9,5,297,209,88,2018
892000,Gewaltkriminalit t,8421000,Ulm,insg.,416,320,96,5,5,0,12,8,4,17,13,4,27,19,8,61,54,7,286,220,66,25,14,11,311,234,77,2018
892000,Gewaltkriminalit t,6414000,Wiesbaden,insg.,1213,805,408,4,1,3,53,28,25,57,29,28,160,110,50,131,102,29,798,530,268,67,34,33,865,564,301,2018
892000,Gewaltkriminalit t,3103000,Wolfsburg,insg.,359,273,86,0,0,0,15,9,6,15,9,6,30,23,7,34,28,6,267,207,60,13,6,7,280,213,67,2018
892000,Gewaltkriminalit t,5124000,Wuppertal,insg.,1534,1070,464,7,4,3,109,76,33,116,80,36,164,116,48,199,145,54,993,691,302,62,38,24,1055,729,326,2018
892000,Gewaltkriminalit t,9663000,W rzburg,insg.,439,336,103,1,1,0,8,6,2,9,7,2,48,38,10,75,60,15,285,219,66,22,12,10,307,231,76,2018
892500,"Mord, Totschlag und T tung auf Verlangen",5334002,Aachen,voll.,3,1,2,1,0,1,0,0,0,1,0,1,0,0,0,0,0,0,1,1,0,1,0,1,2,1,1,2018
892500,"Mord, Totschlag und T tung auf Verlangen",9761000,Augsburg,voll.,1,0,1,0,0,0,0,0,0,0,0,0,0,0,0,0,0,0,0,0,0,1,0,1,1,0,1,2018
892500,"Mord, Totschlag und T tung auf Verlangen",5378004,Bergisch Gladbach,voll.,1,1,0,0,0,0,0,0,0,0,0,0,0,0,0,0,0,0,1,1,0,0,0,0,1,1,0,2018
892500,"Mord, Totschlag und T tung auf Verlangen",11000000,Berlin,voll.,145,73,72,3,2,1,1,1,0,4,3,1,5,2,3,8,2,6,105,56,49,23,10,13,128,66,62,2018
892500,"Mord, Totschlag und T tung auf Verlangen",5711000,Bielefeld,voll.,0,0,0,0,0,0,0,0,0,0,0,0,0,0,0,0,0,0,0,0,0,0,0,0,0,0,0,2018
892500,"Mord, Totschlag und T tung auf Verlangen",5911000,Bochum,voll.,5,3,2,0,0,0,0,0,0,0,0,0,0,0,0,0,0,0,4,3,1,1,0,1,5,3,2,2018
892500,"Mord, Totschlag und T tung auf Verlangen",5314000,Bonn,voll.,0,0,0,0,0,0,0,0,0,0,0,0,0,0,0,0,0,0,0,0,0,0,0,0,0,0,0,2018
892500,"Mord, Totschlag und T tung auf Verlangen",5512000,Bottrop,voll.,0,0,0,0,0,0,0,0,0,0,0,0,0,0,0,0,0,0,0,0,0,0,0,0,0,0,0,2018
892500,"Mord, Totschlag und T tung auf Verlangen",3101000,Braunschweig,voll.,0,0,0,0,0,0,0,0,0,0,0,0,0,0,0,0,0,0,0,0,0,0,0,0,0,0,0,2018
892500,"Mord, Totschlag und T tung auf Verlangen",4011000,Bremen,voll.,8,5,3,0,0,0,1,1,0,1,1,0,0,0,0,2,2,0,4,2,2,1,0,1,5,2,3,2018
892500,"Mord, Totschlag und T tung auf Verlangen",4012000,Bremerhaven,voll.,0,0,0,0,0,0,0,0,0,0,0,0,0,0,0,0,0,0,0,0,0,0,0,0,0,0,0,2018
892500,"Mord, Totschlag und T tung auf Verlangen",14511000,Chemnitz,voll.,5,4,1,0,0,0,0,0,0,0,0,0,0,0,0,0,0,0,5,4,1,0,0,0,5,4,1,2018
892500,"Mord, Totschlag und T tung auf Verlangen",12052000,Cottbus,voll.,0,0,0,0,0,0,0,0,0,0,0,0,0,0,0,0,0,0,0,0,0,0,0,0,0,0,0,2018
892500,"Mord, Totschlag und T tung auf Verlangen",6411000,Darmstadt,voll.,4,0,4,0,0,0,0,0,0,0,0,0,0,0,0,0,0,0,3,0,3,1,0,1,4,0,4,2018
892500,"Mord, Totschlag und T tung auf Verlangen",5913000,Dortmund,voll.,3,1,2,0,0,0,0,0,0,0,0,0,1,0,1,0,0,0,1,0,1,1,1,0,2,1,1,2018
892500,"Mord, Totschlag und T tung auf Verlangen",14612000,Dresden,voll.,5,2,3,1,0,1,0,0,0,1,0,1,0,0,0,0,0,0,2,2,0,2,0,2,4,2,2,2018
892500,"Mord, Totschlag und T tung auf Verlangen",5112000,Duisburg,voll.,3,1,2,0,0,0,0,0,0,0,0,0,0,0,0,0,0,0,3,1,2,0,0,0,3,1,2,2018
892500,"Mord, Totschlag und T tung auf Verlangen",5111000,D sseldorf,voll.,4,0,4,0,0,0,1,0,1,1,0,1,0,0,0,0,0,0,1,0,1,2,0,2,3,0,3,2018
892500,"Mord, Totschlag und T tung auf Verlangen",16051000,Erfurt,voll.,2,0,2,0,0,0,0,0,0,0,0,0,0,0,0,0,0,0,1,0,1,1,0,1,2,0,2,2018
892500,"Mord, Totschlag und T tung auf Verlangen",9562000,Erlangen,voll.,1,1,0,0,0,0,0,0,0,0,0,0,0,0,0,0,0,0,1,1,0,0,0,0,1,1,0,2018
892500,"Mord, Totschlag und T tung auf Verlangen",5113000,Essen,voll.,11,6,5,0,0,0,0,0,0,0,0,0,0,0,0,0,0,0,8,5,3,3,1,2,11,6,5,2018
892500,"Mord, Totschlag und T tung auf Verlangen",6412000,Frankfurt am Main,voll.,5,2,3,1,1,0,0,0,0,1,1,0,1,1,0,0,0,0,3,0,3,0,0,0,3,0,3,2018
892500,"Mord, Totschlag und T tung auf Verlangen",8311000,Freiburg im Breisgau,voll.,2,0,2,0,0,0,0,0,0,0,0,0,0,0,0,0,0,0,1,0,1,1,0,1,2,0,2,2018
892500,"Mord, Totschlag und T tung auf Verlangen",9563000,F rth,voll.,0,0,0,0,0,0,0,0,0,0,0,0,0,0,0,0,0,0,0,0,0,0,0,0,0,0,0,2018
892500,"Mord, Totschlag und T tung auf Verlangen",5513000,Gelsenkirchen,voll.,0,0,0,0,0,0,0,0,0,0,0,0,0,0,0,0,0,0,0,0,0,0,0,0,0,0,0,2018
892500,"Mord, Totschlag und T tung auf Verlangen",3159016,G ttingen,voll.,2,2,0,1,1,0,0,0,0,1,1,0,0,0,0,0,0,0,1,1,0,0,0,0,1,1,0,2018
892500,"Mord, Totschlag und T tung auf Verlangen",5914000,Hagen,voll.,1,0,1,0,0,0,0,0,0,0,0,0,0,0,0,0,0,0,1,0,1,0,0,0,1,0,1,2018
892500,"Mord, Totschlag und T tung auf Verlangen",15002000,Halle (Saale),voll.,5,2,3,0,0,0,0,0,0,0,0,0,0,0,0,0,0,0,4,2,2,1,0,1,5,2,3,2018
892500,"Mord, Totschlag und T tung auf Verlangen",2000000,Hamburg,voll.,22,9,13,2,0,2,0,0,0,2,0,2,0,0,0,0,0,0,12,5,7,8,4,4,20,9,11,2018
892500,"Mord, Totschlag und T tung auf Verlangen",5915000,Hamm,voll.,2,1,1,0,0,0,0,0,0,0,0,0,0,0,0,0,0,0,2,1,1,0,0,0,2,1,1,2018
892500,"Mord, Totschlag und T tung auf Verlangen",3241001,Hannover,voll.,5,2,3,0,0,0,0,0,0,0,0,0,0,0,0,0,0,0,3,1,2,2,1,1,5,2,3,2018
892500,"Mord, Totschlag und T tung auf Verlangen",8221000,Heidelberg,voll.,3,1,2,1,0,1,0,0,0,1,0,1,0,0,0,0,0,0,1,1,0,1,0,1,2,1,1,2018
892500,"Mord, Totschlag und T tung auf Verlangen",8121000,Heilbronn,voll.,2,0,2,1,0,1,0,0,0,1,0,1,0,0,0,0,0,0,1,0,1,0,0,0,1,0,1,2018
892500,"Mord, Totschlag und T tung auf Verlangen",5916000,Herne,voll.,0,0,0,0,0,0,0,0,0,0,0,0,0,0,0,0,0,0,0,0,0,0,0,0,0,0,0,2018
892500,"Mord, Totschlag und T tung auf Verlangen",3254021,Hildesheim,voll.,2,1,1,0,0,0,0,0,0,0,0,0,0,0,0,0,0,0,1,1,0,1,0,1,2,1,1,2018
892500,"Mord, Totschlag und T tung auf Verlangen",9161000,Ingolstadt,voll.,1,0,1,0,0,0,0,0,0,0,0,0,0,0,0,0,0,0,1,0,1,0,0,0,1,0,1,2018
892500,"Mord, Totschlag und T tung auf Verlangen",16053000,Jena,voll.,0,0,0,0,0,0,0,0,0,0,0,0,0,0,0,0,0,0,0,0,0,0,0,0,0,0,0,2018
892500,"Mord, Totschlag und T tung auf Verlangen",8212000,Karlsruhe,voll.,1,1,0,0,0,0,0,0,0,0,0,0,0,0,0,0,0,0,0,0,0,1,1,0,1,1,0,2018
892500,"Mord, Totschlag und T tung auf Verlangen",6611000,Kassel,voll.,5,3,2,0,0,0,0,0,0,0,0,0,0,0,0,1,0,1,3,2,1,1,1,0,4,3,1,2018
892500,"Mord, Totschlag und T tung auf Verlangen",1002000,Kiel,voll.,3,1,2,1,0,1,0,0,0,1,0,1,0,0,0,0,0,0,1,1,0,1,0,1,2,1,1,2018
892500,"Mord, Totschlag und T tung auf Verlangen",7111000,Koblenz,voll.,2,1,1,0,0,0,0,0,0,0,0,0,0,0,0,0,0,0,2,1,1,0,0,0,2,1,1,2018
892500,"Mord, Totschlag und T tung auf Verlangen",5315000,K ln,voll.,6,3,3,2,1,1,0,0,0,2,1,1,0,0,0,1,0,1,3,2,1,0,0,0,3,2,1,2018
892500,"Mord, Totschlag und T tung auf Verlangen",5114000,Krefeld,voll.,0,0,0,0,0,0,0,0,0,0,0,0,0,0,0,0,0,0,0,0,0,0,0,0,0,0,0,2018
892500,"Mord, Totschlag und T tung auf Verlangen",14713000,Leipzig,voll.,6,3,3,1,1,0,0,0,0,1,1,0,0,0,0,0,0,0,4,2,2,1,0,1,5,2,3,2018
892500,"Mord, Totschlag und T tung auf Verlangen",5316000,Leverkusen,voll.,0,0,0,0,0,0,0,0,0,0,0,0,0,0,0,0,0,0,0,0,0,0,0,0,0,0,0,2018
892500,"Mord, Totschlag und T tung auf Verlangen",1003000,L beck,voll.,3,2,1,0,0,0,0,0,0,0,0,0,0,0,0,0,0,0,1,1,0,2,1,1,3,2,1,2018
892500,"Mord, Totschlag und T tung auf Verlangen",7314000,Ludwigshafen am Rhein,voll.,0,0,0,0,0,0,0,0,0,0,0,0,0,0,0,0,0,0,0,0,0,0,0,0,0,0,0,2018
892500,"Mord, Totschlag und T tung auf Verlangen",15003000,Magdeburg,voll.,7,2,5,1,1,0,0,0,0,1,1,0,0,0,0,0,0,0,2,1,1,4,0,4,6,1,5,2018
892500,"Mord, Totschlag und T tung auf Verlangen",7315000,Mainz,voll.,1,0,1,1,0,1,0,0,0,1,0,1,0,0,0,0,0,0,0,0,0,0,0,0,0,0,0,2018
892500,"Mord, Totschlag und T tung auf Verlangen",8222000,Mannheim,voll.,4,3,1,1,0,1,0,0,0,1,0,1,0,0,0,0,0,0,2,2,0,1,1,0,3,3,0,2018
892500,"Mord, Totschlag und T tung auf Verlangen",5170024,Moers,voll.,0,0,0,0,0,0,0,0,0,0,0,0,0,0,0,0,0,0,0,0,0,0,0,0,0,0,0,2018
892500,"Mord, Totschlag und T tung auf Verlangen",5116000,M nchengladbach,voll.,1,0,1,0,0,0,0,0,0,0,0,0,0,0,0,0,0,0,1,0,1,0,0,0,1,0,1,2018
892500,"Mord, Totschlag und T tung auf Verlangen",5117000,M lheim an der Ruhr,voll.,2,0,2,1,0,1,1,0,1,2,0,2,0,0,0,0,0,0,0,0,0,0,0,0,0,0,0,2018
892500,"Mord, Totschlag und T tung auf Verlangen",9162000,M nchen,voll.,11,2,9,0,0,0,0,0,0,0,0,0,0,0,0,0,0,0,9,2,7,2,0,2,11,2,9,2018
892500,"Mord, Totschlag und T tung auf Verlangen",5515000,M nster,voll.,5,3,2,0,0,0,0,0,0,0,0,0,0,0,0,0,0,0,3,1,2,2,2,0,5,3,2,2018
892500,"Mord, Totschlag und T tung auf Verlangen",5162024,Neuss,voll.,0,0,0,0,0,0,0,0,0,0,0,0,0,0,0,0,0,0,0,0,0,0,0,0,0,0,0,2018
892500,"Mord, Totschlag und T tung auf Verlangen",9564000,N rnberg,voll.,2,1,1,0,0,0,0,0,0,0,0,0,0,0,0,0,0,0,1,1,0,1,0,1,2,1,1,2018
892500,"Mord, Totschlag und T tung auf Verlangen",5119000,Oberhausen,voll.,4,2,2,1,0,1,0,0,0,1,0,1,0,0,0,0,0,0,3,2,1,0,0,0,3,2,1,2018
892500,"Mord, Totschlag und T tung auf Verlangen",6413000,Offenbach am Main,voll.,2,1,1,0,0,0,0,0,0,0,0,0,0,0,0,0,0,0,2,1,1,0,0,0,2,1,1,2018
892500,"Mord, Totschlag und T tung auf Verlangen",3403000,Oldenburg (Oldenburg),voll.,6,6,0,0,0,0,0,0,0,0,0,0,0,0,0,0,0,0,2,2,0,4,4,0,6,6,0,2018
892500,"Mord, Totschlag und T tung auf Verlangen",3404000,Osnabr ck,voll.,3,2,1,1,1,0,0,0,0,1,1,0,0,0,0,0,0,0,1,1,0,1,0,1,2,1,1,2018
892500,"Mord, Totschlag und T tung auf Verlangen",5774032,Paderborn,voll.,0,0,0,0,0,0,0,0,0,0,0,0,0,0,0,0,0,0,0,0,0,0,0,0,0,0,0,2018
892500,"Mord, Totschlag und T tung auf Verlangen",8231000,Pforzheim,voll.,3,3,0,0,0,0,0,0,0,0,0,0,0,0,0,0,0,0,2,2,0,1,1,0,3,3,0,2018
892500,"Mord, Totschlag und T tung auf Verlangen",12054000,Potsdam,voll.,2,2,0,1,1,0,0,0,0,1,1,0,0,0,0,0,0,0,1,1,0,0,0,0,1,1,0,2018
892500,"Mord, Totschlag und T tung auf Verlangen",5562032,Recklinghausen,voll.,0,0,0,0,0,0,0,0,0,0,0,0,0,0,0,0,0,0,0,0,0,0,0,0,0,0,0,2018
892500,"Mord, Totschlag und T tung auf Verlangen",9362000,Regensburg,voll.,2,0,2,0,0,0,0,0,0,0,0,0,0,0,0,0,0,0,2,0,2,0,0,0,2,0,2,2018
892500,"Mord, Totschlag und T tung auf Verlangen",5120000,Remscheid,voll.,0,0,0,0,0,0,0,0,0,0,0,0,0,0,0,0,0,0,0,0,0,0,0,0,0,0,0,2018
892500,"Mord, Totschlag und T tung auf Verlangen",8415061,Reutlingen,voll.,1,0,1,0,0,0,0,0,0,0,0,0,0,0,0,0,0,0,0,0,0,1,0,1,1,0,1,2018
892500,"Mord, Totschlag und T tung auf Verlangen",13003000,Rostock,voll.,1,1,0,0,0,0,0,0,0,0,0,0,0,0,0,0,0,0,1,1,0,0,0,0,1,1,0,2018
892500,"Mord, Totschlag und T tung auf Verlangen",10041100,Saarbr cken,voll.,6,4,2,0,0,0,0,0,0,0,0,0,1,1,0,0,0,0,5,3,2,0,0,0,5,3,2,2018
892500,"Mord, Totschlag und T tung auf Verlangen",3102000,Salzgitter,voll.,0,0,0,0,0,0,0,0,0,0,0,0,0,0,0,0,0,0,0,0,0,0,0,0,0,0,0,2018
892500,"Mord, Totschlag und T tung auf Verlangen",13004000,Schwerin,voll.,1,0,1,0,0,0,0,0,0,0,0,0,0,0,0,0,0,0,0,0,0,1,0,1,1,0,1,2018
892500,"Mord, Totschlag und T tung auf Verlangen",5970040,Siegen,voll.,0,0,0,0,0,0,0,0,0,0,0,0,0,0,0,0,0,0,0,0,0,0,0,0,0,0,0,2018
892500,"Mord, Totschlag und T tung auf Verlangen",5122000,Solingen,voll.,1,0,1,1,0,1,0,0,0,1,0,1,0,0,0,0,0,0,0,0,0,0,0,0,0,0,0,2018
892500,"Mord, Totschlag und T tung auf Verlangen",8111000,Stuttgart,voll.,6,3,3,1,1,0,0,0,0,1,1,0,0,0,0,0,0,0,2,1,1,3,1,2,5,2,3,2018
892500,"Mord, Totschlag und T tung auf Verlangen",7211000,Trier,voll.,0,0,0,0,0,0,0,0,0,0,0,0,0,0,0,0,0,0,0,0,0,0,0,0,0,0,0,2018
892500,"Mord, Totschlag und T tung auf Verlangen",8421000,Ulm,voll.,1,1,0,0,0,0,0,0,0,0,0,0,0,0,0,0,0,0,0,0,0,1,1,0,1,1,0,2018
892500,"Mord, Totschlag und T tung auf Verlangen",6414000,Wiesbaden,voll.,1,1,0,0,0,0,0,0,0,0,0,0,0,0,0,1,1,0,0,0,0,0,0,0,0,0,0,2018
892500,"Mord, Totschlag und T tung auf Verlangen",3103000,Wolfsburg,voll.,1,0,1,0,0,0,0,0,0,0,0,0,0,0,0,0,0,0,1,0,1,0,0,0,1,0,1,2018
892500,"Mord, Totschlag und T tung auf Verlangen",5124000,Wuppertal,voll.,5,4,1,1,0,1,0,0,0,1,0,1,0,0,0,0,0,0,3,3,0,1,1,0,4,4,0,2018
892500,"Mord, Totschlag und T tung auf Verlangen",9663000,W rzburg,voll.,0,0,0,0,0,0,0,0,0,0,0,0,0,0,0,0,0,0,0,0,0,0,0,0,0,0,0,2018
892500,"Mord, Totschlag und T tung auf Verlangen",5334002,Aachen,vers.,13,10,3,0,0,0,0,0,0,0,0,0,0,0,0,1,1,0,10,8,2,2,1,1,12,9,3,2018
892500,"Mord, Totschlag und T tung auf Verlangen",9761000,Augsburg,vers.,6,4,2,2,1,1,0,0,0,2,1,1,0,0,0,0,0,0,4,3,1,0,0,0,4,3,1,2018
892500,"Mord, Totschlag und T tung auf Verlangen",5378004,Bergisch Gladbach,vers.,0,0,0,0,0,0,0,0,0,0,0,0,0,0,0,0,0,0,0,0,0,0,0,0,0,0,0,2018
892500,"Mord, Totschlag und T tung auf Verlangen",11000000,Berlin,vers.,84,60,24,2,0,2,0,0,0,2,0,2,4,3,1,10,9,1,62,45,17,6,3,3,68,48,20,2018
892500,"Mord, Totschlag und T tung auf Verlangen",5711000,Bielefeld,vers.,5,3,2,0,0,0,0,0,0,0,0,0,0,0,0,0,0,0,5,3,2,0,0,0,5,3,2,2018
892500,"Mord, Totschlag und T tung auf Verlangen",5911000,Bochum,vers.,8,8,0,0,0,0,0,0,0,0,0,0,1,1,0,0,0,0,7,7,0,0,0,0,7,7,0,2018
892500,"Mord, Totschlag und T tung auf Verlangen",5314000,Bonn,vers.,6,2,4,0,0,0,0,0,0,0,0,0,0,0,0,1,0,1,4,2,2,1,0,1,5,2,3,2018
892500,"Mord, Totschlag und T tung auf Verlangen",5512000,Bottrop,vers.,1,1,0,0,0,0,0,0,0,0,0,0,0,0,0,0,0,0,1,1,0,0,0,0,1,1,0,2018
892500,"Mord, Totschlag und T tung auf Verlangen",3101000,Braunschweig,vers.,6,5,1,0,0,0,0,0,0,0,0,0,0,0,0,2,1,1,4,4,0,0,0,0,4,4,0,2018
892500,"Mord, Totschlag und T tung auf Verlangen",4011000,Bremen,vers.,57,48,9,0,0,0,1,1,0,1,1,0,3,3,0,4,2,2,47,41,6,2,1,1,49,42,7,2018
892500,"Mord, Totschlag und T tung auf Verlangen",4012000,Bremerhaven,vers.,20,17,3,0,0,0,0,0,0,0,0,0,0,0,0,6,6,0,14,11,3,0,0,0,14,11,3,2018
892500,"Mord, Totschlag und T tung auf Verlangen",14511000,Chemnitz,vers.,3,1,2,0,0,0,0,0,0,0,0,0,0,0,0,0,0,0,3,1,2,0,0,0,3,1,2,2018
892500,"Mord, Totschlag und T tung auf Verlangen",12052000,Cottbus,vers.,0,0,0,0,0,0,0,0,0,0,0,0,0,0,0,0,0,0,0,0,0,0,0,0,0,0,0,2018
892500,"Mord, Totschlag und T tung auf Verlangen",6411000,Darmstadt,vers.,6,4,2,0,0,0,1,0,1,1,0,1,1,0,1,0,0,0,4,4,0,0,0,0,4,4,0,2018
892500,"Mord, Totschlag und T tung auf Verlangen",5913000,Dortmund,vers.,10,5,5,0,0,0,0,0,0,0,0,0,0,0,0,2,0,2,7,4,3,1,1,0,8,5,3,2018
892500,"Mord, Totschlag und T tung auf Verlangen",14612000,Dresden,vers.,8,6,2,0,0,0,0,0,0,0,0,0,1,1,0,0,0,0,6,4,2,1,1,0,7,5,2,2018
892500,"Mord, Totschlag und T tung auf Verlangen",5112000,Duisburg,vers.,16,8,8,2,1,1,0,0,0,2,1,1,0,0,0,0,0,0,12,7,5,2,0,2,14,7,7,2018
892500,"Mord, Totschlag und T tung auf Verlangen",5111000,D sseldorf,vers.,31,24,7,0,0,0,0,0,0,0,0,0,1,0,1,2,2,0,26,21,5,2,1,1,28,22,6,2018
892500,"Mord, Totschlag und T tung auf Verlangen",16051000,Erfurt,vers.,3,3,0,0,0,0,0,0,0,0,0,0,1,1,0,1,1,0,1,1,0,0,0,0,1,1,0,2018
892500,"Mord, Totschlag und T tung auf Verlangen",9562000,Erlangen,vers.,2,2,0,0,0,0,0,0,0,0,0,0,0,0,0,0,0,0,2,2,0,0,0,0,2,2,0,2018
892500,"Mord, Totschlag und T tung auf Verlangen",5113000,Essen,vers.,13,6,7,0,0,0,0,0,0,0,0,0,2,1,1,1,0,1,7,5,2,3,0,3,10,5,5,2018
892500,"Mord, Totschlag und T tung auf Verlangen",6412000,Frankfurt am Main,vers.,53,40,13,1,0,1,3,2,1,4,2,2,3,3,0,4,4,0,34,26,8,8,5,3,42,31,11,2018
892500,"Mord, Totschlag und T tung auf Verlangen",8311000,Freiburg im Breisgau,vers.,3,2,1,0,0,0,0,0,0,0,0,0,0,0,0,1,0,1,2,2,0,0,0,0,2,2,0,2018
892500,"Mord, Totschlag und T tung auf Verlangen",9563000,F rth,vers.,4,4,0,0,0,0,0,0,0,0,0,0,0,0,0,0,0,0,4,4,0,0,0,0,4,4,0,2018
892500,"Mord, Totschlag und T tung auf Verlangen",5513000,Gelsenkirchen,vers.,4,3,1,0,0,0,0,0,0,0,0,0,0,0,0,1,1,0,3,2,1,0,0,0,3,2,1,2018
892500,"Mord, Totschlag und T tung auf Verlangen",3159016,G ttingen,vers.,3,2,1,0,0,0,0,0,0,0,0,0,0,0,0,0,0,0,3,2,1,0,0,0,3,2,1,2018
892500,"Mord, Totschlag und T tung auf Verlangen",5914000,Hagen,vers.,7,6,1,0,0,0,0,0,0,0,0,0,2,2,0,2,2,0,1,1,0,2,1,1,3,2,1,2018
892500,"Mord, Totschlag und T tung auf Verlangen",15002000,Halle (Saale),vers.,12,10,2,0,0,0,1,1,0,1,1,0,1,1,0,0,0,0,10,8,2,0,0,0,10,8,2,2018
892500,"Mord, Totschlag und T tung auf Verlangen",2000000,Hamburg,vers.,44,34,10,0,0,0,0,0,0,0,0,0,1,0,1,2,1,1,36,31,5,5,2,3,41,33,8,2018
892500,"Mord, Totschlag und T tung auf Verlangen",5915000,Hamm,vers.,2,2,0,0,0,0,0,0,0,0,0,0,1,1,0,0,0,0,1,1,0,0,0,0,1,1,0,2018
892500,"Mord, Totschlag und T tung auf Verlangen",3241001,Hannover,vers.,54,47,7,0,0,0,0,0,0,0,0,0,0,0,0,7,5,2,45,41,4,2,1,1,47,42,5,2018
892500,"Mord, Totschlag und T tung auf Verlangen",8221000,Heidelberg,vers.,4,3,1,0,0,0,0,0,0,0,0,0,0,0,0,0,0,0,4,3,1,0,0,0,4,3,1,2018
892500,"Mord, Totschlag und T tung auf Verlangen",8121000,Heilbronn,vers.,6,5,1,0,0,0,0,0,0,0,0,0,1,1,0,1,1,0,4,3,1,0,0,0,4,3,1,2018
892500,"Mord, Totschlag und T tung auf Verlangen",5916000,Herne,vers.,4,2,2,0,0,0,0,0,0,0,0,0,0,0,0,1,1,0,2,1,1,1,0,1,3,1,2,2018
892500,"Mord, Totschlag und T tung auf Verlangen",3254021,Hildesheim,vers.,8,7,1,0,0,0,0,0,0,0,0,0,0,0,0,2,2,0,6,5,1,0,0,0,6,5,1,2018
892500,"Mord, Totschlag und T tung auf Verlangen",9161000,Ingolstadt,vers.,3,2,1,0,0,0,0,0,0,0,0,0,0,0,0,0,0,0,2,2,0,1,0,1,3,2,1,2018
892500,"Mord, Totschlag und T tung auf Verlangen",16053000,Jena,vers.,3,3,0,0,0,0,0,0,0,0,0,0,0,0,0,0,0,0,3,3,0,0,0,0,3,3,0,2018
892500,"Mord, Totschlag und T tung auf Verlangen",8212000,Karlsruhe,vers.,3,0,3,0,0,0,0,0,0,0,0,0,0,0,0,0,0,0,2,0,2,1,0,1,3,0,3,2018
892500,"Mord, Totschlag und T tung auf Verlangen",6611000,Kassel,vers.,11,9,2,0,0,0,0,0,0,0,0,0,0,0,0,0,0,0,9,7,2,2,2,0,11,9,2,2018
892500,"Mord, Totschlag und T tung auf Verlangen",1002000,Kiel,vers.,15,9,6,0,0,0,0,0,0,0,0,0,0,0,0,1,0,1,12,7,5,2,2,0,14,9,5,2018
892500,"Mord, Totschlag und T tung auf Verlangen",7111000,Koblenz,vers.,1,1,0,0,0,0,0,0,0,0,0,0,0,0,0,0,0,0,1,1,0,0,0,0,1,1,0,2018
892500,"Mord, Totschlag und T tung auf Verlangen",5315000,K ln,vers.,23,19,4,0,0,0,0,0,0,0,0,0,0,0,0,0,0,0,22,18,4,1,1,0,23,19,4,2018
892500,"Mord, Totschlag und T tung auf Verlangen",5114000,Krefeld,vers.,4,4,0,0,0,0,0,0,0,0,0,0,0,0,0,0,0,0,4,4,0,0,0,0,4,4,0,2018
892500,"Mord, Totschlag und T tung auf Verlangen",14713000,Leipzig,vers.,57,35,22,3,2,1,0,0,0,3,2,1,0,0,0,0,0,0,49,31,18,5,2,3,54,33,21,2018
892500,"Mord, Totschlag und T tung auf Verlangen",5316000,Leverkusen,vers.,0,0,0,0,0,0,0,0,0,0,0,0,0,0,0,0,0,0,0,0,0,0,0,0,0,0,0,2018
892500,"Mord, Totschlag und T tung auf Verlangen",1003000,L beck,vers.,1,1,0,0,0,0,0,0,0,0,0,0,0,0,0,0,0,0,1,1,0,0,0,0,1,1,0,2018
892500,"Mord, Totschlag und T tung auf Verlangen",7314000,Ludwigshafen am Rhein,vers.,6,6,0,0,0,0,0,0,0,0,0,0,1,1,0,0,0,0,5,5,0,0,0,0,5,5,0,2018
892500,"Mord, Totschlag und T tung auf Verlangen",15003000,Magdeburg,vers.,18,12,6,0,0,0,0,0,0,0,0,0,2,0,2,6,4,2,10,8,2,0,0,0,10,8,2,2018
892500,"Mord, Totschlag und T tung auf Verlangen",7315000,Mainz,vers.,6,5,1,0,0,0,0,0,0,0,0,0,0,0,0,0,0,0,6,5,1,0,0,0,6,5,1,2018
892500,"Mord, Totschlag und T tung auf Verlangen",8222000,Mannheim,vers.,22,20,2,0,0,0,0,0,0,0,0,0,2,1,1,1,1,0,18,17,1,1,1,0,19,18,1,2018
892500,"Mord, Totschlag und T tung auf Verlangen",5170024,Moers,vers.,2,2,0,0,0,0,0,0,0,0,0,0,0,0,0,0,0,0,1,1,0,1,1,0,2,2,0,2018
892500,"Mord, Totschlag und T tung auf Verlangen",5116000,M nchengladbach,vers.,8,4,4,0,0,0,0,0,0,0,0,0,0,0,0,4,2,2,3,1,2,1,1,0,4,2,2,2018
892500,"Mord, Totschlag und T tung auf Verlangen",5117000,M lheim an der Ruhr,vers.,2,2,0,0,0,0,0,0,0,0,0,0,0,0,0,0,0,0,1,1,0,1,1,0,2,2,0,2018
892500,"Mord, Totschlag und T tung auf Verlangen",9162000,M nchen,vers.,24,19,5,0,0,0,1,0,1,1,0,1,1,1,0,4,4,0,13,11,2,5,3,2,18,14,4,2018
892500,"Mord, Totschlag und T tung auf Verlangen",5515000,M nster,vers.,3,1,2,0,0,0,0,0,0,0,0,0,1,0,1,0,0,0,1,1,0,1,0,1,2,1,1,2018
892500,"Mord, Totschlag und T tung auf Verlangen",5162024,Neuss,vers.,2,1,1,1,1,0,0,0,0,1,1,0,0,0,0,0,0,0,1,0,1,0,0,0,1,0,1,2018
892500,"Mord, Totschlag und T tung auf Verlangen",9564000,N rnberg,vers.,31,24,7,0,0,0,0,0,0,0,0,0,2,2,0,2,1,1,26,21,5,1,0,1,27,21,6,2018
892500,"Mord, Totschlag und T tung auf Verlangen",5119000,Oberhausen,vers.,6,5,1,0,0,0,0,0,0,0,0,0,0,0,0,0,0,0,6,5,1,0,0,0,6,5,1,2018
892500,"Mord, Totschlag und T tung auf Verlangen",6413000,Offenbach am Main,vers.,3,2,1,0,0,0,0,0,0,0,0,0,0,0,0,0,0,0,3,2,1,0,0,0,3,2,1,2018
892500,"Mord, Totschlag und T tung auf Verlangen",3403000,Oldenburg (Oldenburg),vers.,11,10,1,1,0,1,1,1,0,2,1,1,1,1,0,0,0,0,7,7,0,1,1,0,8,8,0,2018
892500,"Mord, Totschlag und T tung auf Verlangen",3404000,Osnabr ck,vers.,7,3,4,0,0,0,0,0,0,0,0,0,0,0,0,2,0,2,5,3,2,0,0,0,5,3,2,2018
892500,"Mord, Totschlag und T tung auf Verlangen",5774032,Paderborn,vers.,1,1,0,0,0,0,0,0,0,0,0,0,0,0,0,0,0,0,1,1,0,0,0,0,1,1,0,2018
892500,"Mord, Totschlag und T tung auf Verlangen",8231000,Pforzheim,vers.,7,5,2,0,0,0,1,0,1,1,0,1,0,0,0,1,1,0,5,4,1,0,0,0,5,4,1,2018
892500,"Mord, Totschlag und T tung auf Verlangen",12054000,Potsdam,vers.,1,1,0,0,0,0,0,0,0,0,0,0,0,0,0,0,0,0,1,1,0,0,0,0,1,1,0,2018
892500,"Mord, Totschlag und T tung auf Verlangen",5562032,Recklinghausen,vers.,5,4,1,0,0,0,0,0,0,0,0,0,0,0,0,0,0,0,4,3,1,1,1,0,5,4,1,2018
892500,"Mord, Totschlag und T tung auf Verlangen",9362000,Regensburg,vers.,4,4,0,0,0,0,0,0,0,0,0,0,0,0,0,0,0,0,4,4,0,0,0,0,4,4,0,2018
892500,"Mord, Totschlag und T tung auf Verlangen",5120000,Remscheid,vers.,2,1,1,0,0,0,0,0,0,0,0,0,0,0,0,1,0,1,1,1,0,0,0,0,1,1,0,2018
892500,"Mord, Totschlag und T tung auf Verlangen",8415061,Reutlingen,vers.,5,3,2,0,0,0,1,0,1,1,0,1,0,0,0,0,0,0,4,3,1,0,0,0,4,3,1,2018
892500,"Mord, Totschlag und T tung auf Verlangen",13003000,Rostock,vers.,3,3,0,0,0,0,0,0,0,0,0,0,0,0,0,0,0,0,3,3,0,0,0,0,3,3,0,2018
892500,"Mord, Totschlag und T tung auf Verlangen",10041100,Saarbr cken,vers.,7,5,2,1,1,0,0,0,0,1,1,0,0,0,0,2,2,0,3,2,1,1,0,1,4,2,2,2018
892500,"Mord, Totschlag und T tung auf Verlangen",3102000,Salzgitter,vers.,2,1,1,0,0,0,1,0,1,1,0,1,0,0,0,0,0,0,1,1,0,0,0,0,1,1,0,2018
892500,"Mord, Totschlag und T tung auf Verlangen",13004000,Schwerin,vers.,1,0,1,0,0,0,0,0,0,0,0,0,0,0,0,0,0,0,1,0,1,0,0,0,1,0,1,2018
892500,"Mord, Totschlag und T tung auf Verlangen",5970040,Siegen,vers.,1,0,1,0,0,0,0,0,0,0,0,0,0,0,0,0,0,0,0,0,0,1,0,1,1,0,1,2018
892500,"Mord, Totschlag und T tung auf Verlangen",5122000,Solingen,vers.,2,1,1,0,0,0,0,0,0,0,0,0,0,0,0,0,0,0,2,1,1,0,0,0,2,1,1,2018
892500,"Mord, Totschlag und T tung auf Verlangen",8111000,Stuttgart,vers.,40,31,9,2,0,2,0,0,0,2,0,2,0,0,0,3,2,1,33,28,5,2,1,1,35,29,6,2018
892500,"Mord, Totschlag und T tung auf Verlangen",7211000,Trier,vers.,1,0,1,0,0,0,0,0,0,0,0,0,0,0,0,0,0,0,1,0,1,0,0,0,1,0,1,2018
892500,"Mord, Totschlag und T tung auf Verlangen",8421000,Ulm,vers.,18,10,8,2,2,0,2,1,1,4,3,1,1,0,1,0,0,0,8,4,4,5,3,2,13,7,6,2018
892500,"Mord, Totschlag und T tung auf Verlangen",6414000,Wiesbaden,vers.,10,7,3,0,0,0,0,0,0,0,0,0,0,0,0,2,2,0,6,5,1,2,0,2,8,5,3,2018
892500,"Mord, Totschlag und T tung auf Verlangen",3103000,Wolfsburg,vers.,3,2,1,0,0,0,0,0,0,0,0,0,0,0,0,0,0,0,2,2,0,1,0,1,3,2,1,2018
892500,"Mord, Totschlag und T tung auf Verlangen",5124000,Wuppertal,vers.,12,6,6,1,1,0,0,0,0,1,1,0,0,0,0,1,1,0,9,4,5,1,0,1,10,4,6,2018
892500,"Mord, Totschlag und T tung auf Verlangen",9663000,W rzburg,vers.,12,11,1,0,0,0,0,0,0,0,0,0,1,1,0,1,1,0,10,9,1,0,0,0,10,9,1,2018
892500,"Mord, Totschlag und T tung auf Verlangen",5334002,Aachen,insg.,16,11,5,1,0,1,0,0,0,1,0,1,0,0,0,1,1,0,11,9,2,3,1,2,14,10,4,2018
892500,"Mord, Totschlag und T tung auf Verlangen",9761000,Augsburg,insg.,7,4,3,2,1,1,0,0,0,2,1,1,0,0,0,0,0,0,4,3,1,1,0,1,5,3,2,2018
892500,"Mord, Totschlag und T tung auf Verlangen",5378004,Bergisch Gladbach,insg.,1,1,0,0,0,0,0,0,0,0,0,0,0,0,0,0,0,0,1,1,0,0,0,0,1,1,0,2018
892500,"Mord, Totschlag und T tung auf Verlangen",11000000,Berlin,insg.,229,133,96,5,2,3,1,1,0,6,3,3,9,5,4,18,11,7,167,101,66,29,13,16,196,114,82,2018
892500,"Mord, Totschlag und T tung auf Verlangen",5711000,Bielefeld,insg.,5,3,2,0,0,0,0,0,0,0,0,0,0,0,0,0,0,0,5,3,2,0,0,0,5,3,2,2018
892500,"Mord, Totschlag und T tung auf Verlangen",5911000,Bochum,insg.,13,11,2,0,0,0,0,0,0,0,0,0,1,1,0,0,0,0,11,10,1,1,0,1,12,10,2,2018
892500,"Mord, Totschlag und T tung auf Verlangen",5314000,Bonn,insg.,6,2,4,0,0,0,0,0,0,0,0,0,0,0,0,1,0,1,4,2,2,1,0,1,5,2,3,2018
892500,"Mord, Totschlag und T tung auf Verlangen",5512000,Bottrop,insg.,1,1,0,0,0,0,0,0,0,0,0,0,0,0,0,0,0,0,1,1,0,0,0,0,1,1,0,2018
892500,"Mord, Totschlag und T tung auf Verlangen",3101000,Braunschweig,insg.,6,5,1,0,0,0,0,0,0,0,0,0,0,0,0,2,1,1,4,4,0,0,0,0,4,4,0,2018
892500,"Mord, Totschlag und T tung auf Verlangen",4011000,Bremen,insg.,65,53,12,0,0,0,2,2,0,2,2,0,3,3,0,6,4,2,51,43,8,3,1,2,54,44,10,2018
892500,"Mord, Totschlag und T tung auf Verlangen",4012000,Bremerhaven,insg.,20,17,3,0,0,0,0,0,0,0,0,0,0,0,0,6,6,0,14,11,3,0,0,0,14,11,3,2018
892500,"Mord, Totschlag und T tung auf Verlangen",14511000,Chemnitz,insg.,8,5,3,0,0,0,0,0,0,0,0,0,0,0,0,0,0,0,8,5,3,0,0,0,8,5,3,2018
892500,"Mord, Totschlag und T tung auf Verlangen",12052000,Cottbus,insg.,0,0,0,0,0,0,0,0,0,0,0,0,0,0,0,0,0,0,0,0,0,0,0,0,0,0,0,2018
892500,"Mord, Totschlag und T tung auf Verlangen",6411000,Darmstadt,insg.,10,4,6,0,0,0,1,0,1,1,0,1,1,0,1,0,0,0,7,4,3,1,0,1,8,4,4,2018
892500,"Mord, Totschlag und T tung auf Verlangen",5913000,Dortmund,insg.,13,6,7,0,0,0,0,0,0,0,0,0,1,0,1,2,0,2,8,4,4,2,2,0,10,6,4,2018
892500,"Mord, Totschlag und T tung auf Verlangen",14612000,Dresden,insg.,13,8,5,1,0,1,0,0,0,1,0,1,1,1,0,0,0,0,8,6,2,3,1,2,11,7,4,2018
892500,"Mord, Totschlag und T tung auf Verlangen",5112000,Duisburg,insg.,19,9,10,2,1,1,0,0,0,2,1,1,0,0,0,0,0,0,15,8,7,2,0,2,17,8,9,2018
892500,"Mord, Totschlag und T tung auf Verlangen",5111000,D sseldorf,insg.,35,24,11,0,0,0,1,0,1,1,0,1,1,0,1,2,2,0,27,21,6,4,1,3,31,22,9,2018
892500,"Mord, Totschlag und T tung auf Verlangen",16051000,Erfurt,insg.,5,3,2,0,0,0,0,0,0,0,0,0,1,1,0,1,1,0,2,1,1,1,0,1,3,1,2,2018
892500,"Mord, Totschlag und T tung auf Verlangen",9562000,Erlangen,insg.,3,3,0,0,0,0,0,0,0,0,0,0,0,0,0,0,0,0,3,3,0,0,0,0,3,3,0,2018
892500,"Mord, Totschlag und T tung auf Verlangen",5113000,Essen,insg.,24,12,12,0,0,0,0,0,0,0,0,0,2,1,1,1,0,1,15,10,5,6,1,5,21,11,10,2018
892500,"Mord, Totschlag und T tung auf Verlangen",6412000,Frankfurt am Main,insg.,58,42,16,2,1,1,3,2,1,5,3,2,4,4,0,4,4,0,37,26,11,8,5,3,45,31,14,2018
892500,"Mord, Totschlag und T tung auf Verlangen",8311000,Freiburg im Breisgau,insg.,5,2,3,0,0,0,0,0,0,0,0,0,0,0,0,1,0,1,3,2,1,1,0,1,4,2,2,2018
892500,"Mord, Totschlag und T tung auf Verlangen",9563000,F rth,insg.,4,4,0,0,0,0,0,0,0,0,0,0,0,0,0,0,0,0,4,4,0,0,0,0,4,4,0,2018
892500,"Mord, Totschlag und T tung auf Verlangen",5513000,Gelsenkirchen,insg.,4,3,1,0,0,0,0,0,0,0,0,0,0,0,0,1,1,0,3,2,1,0,0,0,3,2,1,2018
892500,"Mord, Totschlag und T tung auf Verlangen",3159016,G ttingen,insg.,5,4,1,1,1,0,0,0,0,1,1,0,0,0,0,0,0,0,4,3,1,0,0,0,4,3,1,2018
892500,"Mord, Totschlag und T tung auf Verlangen",5914000,Hagen,insg.,8,6,2,0,0,0,0,0,0,0,0,0,2,2,0,2,2,0,2,1,1,2,1,1,4,2,2,2018
892500,"Mord, Totschlag und T tung auf Verlangen",15002000,Halle (Saale),insg.,17,12,5,0,0,0,1,1,0,1,1,0,1,1,0,0,0,0,14,10,4,1,0,1,15,10,5,2018
892500,"Mord, Totschlag und T tung auf Verlangen",2000000,Hamburg,insg.,66,43,23,2,0,2,0,0,0,2,0,2,1,0,1,2,1,1,48,36,12,13,6,7,61,42,19,2018
892500,"Mord, Totschlag und T tung auf Verlangen",5915000,Hamm,insg.,4,3,1,0,0,0,0,0,0,0,0,0,1,1,0,0,0,0,3,2,1,0,0,0,3,2,1,2018
892500,"Mord, Totschlag und T tung auf Verlangen",3241001,Hannover,insg.,59,49,10,0,0,0,0,0,0,0,0,0,0,0,0,7,5,2,48,42,6,4,2,2,52,44,8,2018
892500,"Mord, Totschlag und T tung auf Verlangen",8221000,Heidelberg,insg.,7,4,3,1,0,1,0,0,0,1,0,1,0,0,0,0,0,0,5,4,1,1,0,1,6,4,2,2018
892500,"Mord, Totschlag und T tung auf Verlangen",8121000,Heilbronn,insg.,8,5,3,1,0,1,0,0,0,1,0,1,1,1,0,1,1,0,5,3,2,0,0,0,5,3,2,2018
892500,"Mord, Totschlag und T tung auf Verlangen",5916000,Herne,insg.,4,2,2,0,0,0,0,0,0,0,0,0,0,0,0,1,1,0,2,1,1,1,0,1,3,1,2,2018
892500,"Mord, Totschlag und T tung auf Verlangen",3254021,Hildesheim,insg.,10,8,2,0,0,0,0,0,0,0,0,0,0,0,0,2,2,0,7,6,1,1,0,1,8,6,2,2018
892500,"Mord, Totschlag und T tung auf Verlangen",9161000,Ingolstadt,insg.,4,2,2,0,0,0,0,0,0,0,0,0,0,0,0,0,0,0,3,2,1,1,0,1,4,2,2,2018
892500,"Mord, Totschlag und T tung auf Verlangen",16053000,Jena,insg.,3,3,0,0,0,0,0,0,0,0,0,0,0,0,0,0,0,0,3,3,0,0,0,0,3,3,0,2018
892500,"Mord, Totschlag und T tung auf Verlangen",8212000,Karlsruhe,insg.,4,1,3,0,0,0,0,0,0,0,0,0,0,0,0,0,0,0,2,0,2,2,1,1,4,1,3,2018
892500,"Mord, Totschlag und T tung auf Verlangen",6611000,Kassel,insg.,16,12,4,0,0,0,0,0,0,0,0,0,0,0,0,1,0,1,12,9,3,3,3,0,15,12,3,2018
892500,"Mord, Totschlag und T tung auf Verlangen",1002000,Kiel,insg.,18,10,8,1,0,1,0,0,0,1,0,1,0,0,0,1,0,1,13,8,5,3,2,1,16,10,6,2018
892500,"Mord, Totschlag und T tung auf Verlangen",7111000,Koblenz,insg.,3,2,1,0,0,0,0,0,0,0,0,0,0,0,0,0,0,0,3,2,1,0,0,0,3,2,1,2018
892500,"Mord, Totschlag und T tung auf Verlangen",5315000,K ln,insg.,29,22,7,2,1,1,0,0,0,2,1,1,0,0,0,1,0,1,25,20,5,1,1,0,26,21,5,2018
892500,"Mord, Totschlag und T tung auf Verlangen",5114000,Krefeld,insg.,4,4,0,0,0,0,0,0,0,0,0,0,0,0,0,0,0,0,4,4,0,0,0,0,4,4,0,2018
892500,"Mord, Totschlag und T tung auf Verlangen",14713000,Leipzig,insg.,63,38,25,4,3,1,0,0,0,4,3,1,0,0,0,0,0,0,53,33,20,6,2,4,59,35,24,2018
892500,"Mord, Totschlag und T tung auf Verlangen",5316000,Leverkusen,insg.,0,0,0,0,0,0,0,0,0,0,0,0,0,0,0,0,0,0,0,0,0,0,0,0,0,0,0,2018
892500,"Mord, Totschlag und T tung auf Verlangen",1003000,L beck,insg.,4,3,1,0,0,0,0,0,0,0,0,0,0,0,0,0,0,0,2,2,0,2,1,1,4,3,1,2018
892500,"Mord, Totschlag und T tung auf Verlangen",7314000,Ludwigshafen am Rhein,insg.,6,6,0,0,0,0,0,0,0,0,0,0,1,1,0,0,0,0,5,5,0,0,0,0,5,5,0,2018
892500,"Mord, Totschlag und T tung auf Verlangen",15003000,Magdeburg,insg.,25,14,11,1,1,0,0,0,0,1,1,0,2,0,2,6,4,2,12,9,3,4,0,4,16,9,7,2018
892500,"Mord, Totschlag und T tung auf Verlangen",7315000,Mainz,insg.,7,5,2,1,0,1,0,0,0,1,0,1,0,0,0,0,0,0,6,5,1,0,0,0,6,5,1,2018
892500,"Mord, Totschlag und T tung auf Verlangen",8222000,Mannheim,insg.,26,23,3,1,0,1,0,0,0,1,0,1,2,1,1,1,1,0,20,19,1,2,2,0,22,21,1,2018
892500,"Mord, Totschlag und T tung auf Verlangen",5170024,Moers,insg.,2,2,0,0,0,0,0,0,0,0,0,0,0,0,0,0,0,0,1,1,0,1,1,0,2,2,0,2018
892500,"Mord, Totschlag und T tung auf Verlangen",5116000,M nchengladbach,insg.,9,4,5,0,0,0,0,0,0,0,0,0,0,0,0,4,2,2,4,1,3,1,1,0,5,2,3,2018
892500,"Mord, Totschlag und T tung auf Verlangen",5117000,M lheim an der Ruhr,insg.,4,2,2,1,0,1,1,0,1,2,0,2,0,0,0,0,0,0,1,1,0,1,1,0,2,2,0,2018
892500,"Mord, Totschlag und T tung auf Verlangen",9162000,M nchen,insg.,35,21,14,0,0,0,1,0,1,1,0,1,1,1,0,4,4,0,22,13,9,7,3,4,29,16,13,2018
892500,"Mord, Totschlag und T tung auf Verlangen",5515000,M nster,insg.,8,4,4,0,0,0,0,0,0,0,0,0,1,0,1,0,0,0,4,2,2,3,2,1,7,4,3,2018
892500,"Mord, Totschlag und T tung auf Verlangen",5162024,Neuss,insg.,2,1,1,1,1,0,0,0,0,1,1,0,0,0,0,0,0,0,1,0,1,0,0,0,1,0,1,2018
892500,"Mord, Totschlag und T tung auf Verlangen",9564000,N rnberg,insg.,33,25,8,0,0,0,0,0,0,0,0,0,2,2,0,2,1,1,27,22,5,2,0,2,29,22,7,2018
892500,"Mord, Totschlag und T tung auf Verlangen",5119000,Oberhausen,insg.,10,7,3,1,0,1,0,0,0,1,0,1,0,0,0,0,0,0,9,7,2,0,0,0,9,7,2,2018
892500,"Mord, Totschlag und T tung auf Verlangen",6413000,Offenbach am Main,insg.,5,3,2,0,0,0,0,0,0,0,0,0,0,0,0,0,0,0,5,3,2,0,0,0,5,3,2,2018
892500,"Mord, Totschlag und T tung auf Verlangen",3403000,Oldenburg (Oldenburg),insg.,17,16,1,1,0,1,1,1,0,2,1,1,1,1,0,0,0,0,9,9,0,5,5,0,14,14,0,2018
892500,"Mord, Totschlag und T tung auf Verlangen",3404000,Osnabr ck,insg.,10,5,5,1,1,0,0,0,0,1,1,0,0,0,0,2,0,2,6,4,2,1,0,1,7,4,3,2018
892500,"Mord, Totschlag und T tung auf Verlangen",5774032,Paderborn,insg.,1,1,0,0,0,0,0,0,0,0,0,0,0,0,0,0,0,0,1,1,0,0,0,0,1,1,0,2018
892500,"Mord, Totschlag und T tung auf Verlangen",8231000,Pforzheim,insg.,10,8,2,0,0,0,1,0,1,1,0,1,0,0,0,1,1,0,7,6,1,1,1,0,8,7,1,2018
892500,"Mord, Totschlag und T tung auf Verlangen",12054000,Potsdam,insg.,3,3,0,1,1,0,0,0,0,1,1,0,0,0,0,0,0,0,2,2,0,0,0,0,2,2,0,2018
892500,"Mord, Totschlag und T tung auf Verlangen",5562032,Recklinghausen,insg.,5,4,1,0,0,0,0,0,0,0,0,0,0,0,0,0,0,0,4,3,1,1,1,0,5,4,1,2018
892500,"Mord, Totschlag und T tung auf Verlangen",9362000,Regensburg,insg.,6,4,2,0,0,0,0,0,0,0,0,0,0,0,0,0,0,0,6,4,2,0,0,0,6,4,2,2018
892500,"Mord, Totschlag und T tung auf Verlangen",5120000,Remscheid,insg.,2,1,1,0,0,0,0,0,0,0,0,0,0,0,0,1,0,1,1,1,0,0,0,0,1,1,0,2018
892500,"Mord, Totschlag und T tung auf Verlangen",8415061,Reutlingen,insg.,6,3,3,0,0,0,1,0,1,1,0,1,0,0,0,0,0,0,4,3,1,1,0,1,5,3,2,2018
892500,"Mord, Totschlag und T tung auf Verlangen",13003000,Rostock,insg.,4,4,0,0,0,0,0,0,0,0,0,0,0,0,0,0,0,0,4,4,0,0,0,0,4,4,0,2018
892500,"Mord, Totschlag und T tung auf Verlangen",10041100,Saarbr cken,insg.,13,9,4,1,1,0,0,0,0,1,1,0,1,1,0,2,2,0,8,5,3,1,0,1,9,5,4,2018
892500,"Mord, Totschlag und T tung auf Verlangen",3102000,Salzgitter,insg.,2,1,1,0,0,0,1,0,1,1,0,1,0,0,0,0,0,0,1,1,0,0,0,0,1,1,0,2018
892500,"Mord, Totschlag und T tung auf Verlangen",13004000,Schwerin,insg.,2,0,2,0,0,0,0,0,0,0,0,0,0,0,0,0,0,0,1,0,1,1,0,1,2,0,2,2018
892500,"Mord, Totschlag und T tung auf Verlangen",5970040,Siegen,insg.,1,0,1,0,0,0,0,0,0,0,0,0,0,0,0,0,0,0,0,0,0,1,0,1,1,0,1,2018
892500,"Mord, Totschlag und T tung auf Verlangen",5122000,Solingen,insg.,3,1,2,1,0,1,0,0,0,1,0,1,0,0,0,0,0,0,2,1,1,0,0,0,2,1,1,2018
892500,"Mord, Totschlag und T tung auf Verlangen",8111000,Stuttgart,insg.,46,34,12,3,1,2,0,0,0,3,1,2,0,0,0,3,2,1,35,29,6,5,2,3,40,31,9,2018
892500,"Mord, Totschlag und T tung auf Verlangen",7211000,Trier,insg.,1,0,1,0,0,0,0,0,0,0,0,0,0,0,0,0,0,0,1,0,1,0,0,0,1,0,1,2018
892500,"Mord, Totschlag und T tung auf Verlangen",8421000,Ulm,insg.,19,11,8,2,2,0,2,1,1,4,3,1,1,0,1,0,0,0,8,4,4,6,4,2,14,8,6,2018
892500,"Mord, Totschlag und T tung auf Verlangen",6414000,Wiesbaden,insg.,11,8,3,0,0,0,0,0,0,0,0,0,0,0,0,3,3,0,6,5,1,2,0,2,8,5,3,2018
892500,"Mord, Totschlag und T tung auf Verlangen",3103000,Wolfsburg,insg.,4,2,2,0,0,0,0,0,0,0,0,0,0,0,0,0,0,0,3,2,1,1,0,1,4,2,2,2018
892500,"Mord, Totschlag und T tung auf Verlangen",5124000,Wuppertal,insg.,17,10,7,2,1,1,0,0,0,2,1,1,0,0,0,1,1,0,12,7,5,2,1,1,14,8,6,2018
892500,"Mord, Totschlag und T tung auf Verlangen",9663000,W rzburg,insg.,12,11,1,0,0,0,0,0,0,0,0,0,1,1,0,1,1,0,10,9,1,0,0,0,10,9,1,2018
