Schluessel,Straftat,Gemeindeschluessel,Stadt,Fallstatus,Oper insgesamt,Opfer maennlich,Opfer weiblich,Opfer - Kinder bis unter 6 Jahre - insgesamt,Opfer - Kinder bis unter 6 Jahre - maennlich,Opfer - Kinder bis unter 6 Jahre - weiblich,Opfer Kinder 6 bis unter 14 Jahre - insgesamt,Opfer Kinder 6 bis unter 14 Jahre - maennlich,Opfer Kinder 6 bis unter 14 Jahre - weiblich,Opfer Kinder bis 14 Jahre- insgesamt,Opfer Kinder bis 14 Jahre- maennlich,Opfer Kinder bis 14 Jahre- weiblich,Opfer Jugendliche 14 bis unter 18 Jahre - insgesamt,Opfer Jugendliche 14 bis unter 18 Jahre - maennlich,Opfer Jugendliche 14 bis unter 18 Jahre - weiblich,Opfer - Heranwachsende 18 bis unter 21 Jahre - insgesamt,Opfer - Heranwachsende 18 bis unter 21 Jahre - maennlich,Opfer - Heranwachsende 18 bis unter 21 Jahre - weiblich,Opfer Erwachsene 21 bis unter 60 Jahre - insgesamt,Opfer Erwachsene 21 bis unter 60 Jahre - maennlich,Opfer Erwachsene 21 bis unter 60 Jahre - weiblich,Opfer - Erwachsene 60 Jahre und aelter - insgesamt,Opfer - Erwachsene 60 Jahre und aelter - maennlich,Opfer - Erwachsene 60 Jahre und aelter - weiblich,Opfer Erwachsene - insgesamt,Opfer Erwachsene - maennlich,Opfer Erwachsene - weiblich,Jahr
------,Straftaten insgesamt,5334002,Aachen,voll.,3828,2252,1576,23,13,10,138,75,63,161,88,73,223,122,101,359,222,137,2809,1645,1164,276,175,101,3085,1820,1265,2019
------,Straftaten insgesamt,5334002,Aachen,vers.,304,182,122,1,0,1,10,9,1,11,9,2,11,5,6,33,23,10,234,138,96,15,7,8,249,145,104,2019
------,Straftaten insgesamt,5334002,Aachen,insg.,4132,2434,1698,24,13,11,148,84,64,172,97,75,234,127,107,392,245,147,3043,1783,1260,291,182,109,3334,1965,1369,2019
------,Straftaten insgesamt,9761000,Augsburg,voll.,4879,3198,1681,26,17,9,201,126,75,227,143,84,345,191,154,509,327,182,3555,2388,1167,243,149,94,3798,2537,1261,2019
------,Straftaten insgesamt,9761000,Augsburg,vers.,480,354,126,4,2,2,12,6,6,16,8,8,35,20,15,46,40,6,368,277,91,15,9,6,383,286,97,2019
------,Straftaten insgesamt,9761000,Augsburg,insg.,5359,3552,1807,30,19,11,213,132,81,243,151,92,380,211,169,555,367,188,3923,2665,1258,258,158,100,4181,2823,1358,2019
------,Straftaten insgesamt,5378004,Bergisch Gladbach,voll.,1136,606,530,9,3,6,36,23,13,45,26,19,127,66,61,77,41,36,781,420,361,106,53,53,887,473,414,2019
------,Straftaten insgesamt,5378004,Bergisch Gladbach,vers.,70,40,30,1,1,0,4,3,1,5,4,1,7,6,1,1,0,1,53,28,25,4,2,2,57,30,27,2019
------,Straftaten insgesamt,5378004,Bergisch Gladbach,insg.,1206,646,560,10,4,6,40,26,14,50,30,20,134,72,62,78,41,37,834,448,386,110,55,55,944,503,441,2019
------,Straftaten insgesamt,11000000,Berlin,voll.,75836,46380,29456,792,435,357,4726,2698,2028,5518,3133,2385,5256,3119,2137,4760,2860,1900,55866,34859,21007,4436,2409,2027,60302,37268,23034,2019
------,Straftaten insgesamt,11000000,Berlin,vers.,7124,4936,2188,52,33,19,391,229,162,443,262,181,458,313,145,409,291,118,5315,3775,1540,499,295,204,5814,4070,1744,2019
------,Straftaten insgesamt,11000000,Berlin,insg.,82960,51316,31644,844,468,376,5117,2927,2190,5961,3395,2566,5714,3432,2282,5169,3151,2018,61181,38634,22547,4935,2704,2231,66116,41338,24778,2019
------,Straftaten insgesamt,5711000,Bielefeld,voll.,3824,2109,1715,34,20,14,171,101,70,205,121,84,262,150,112,341,179,162,2780,1535,1245,236,124,112,3016,1659,1357,2019
------,Straftaten insgesamt,5711000,Bielefeld,vers.,264,175,89,3,3,0,9,6,3,12,9,3,18,10,8,30,23,7,188,123,65,16,10,6,204,133,71,2019
------,Straftaten insgesamt,5711000,Bielefeld,insg.,4088,2284,1804,37,23,14,180,107,73,217,130,87,280,160,120,371,202,169,2968,1658,1310,252,134,118,3220,1792,1428,2019
------,Straftaten insgesamt,5911000,Bochum,voll.,5546,3005,2541,49,32,17,256,149,107,305,181,124,444,249,195,505,262,243,4000,2157,1843,292,156,136,4292,2313,1979,2019
------,Straftaten insgesamt,5911000,Bochum,vers.,368,236,132,0,0,0,16,11,5,16,11,5,31,20,11,25,17,8,273,178,95,23,10,13,296,188,108,2019
------,Straftaten insgesamt,5911000,Bochum,insg.,5914,3241,2673,49,32,17,272,160,112,321,192,129,475,269,206,530,279,251,4273,2335,1938,315,166,149,4588,2501,2087,2019
------,Straftaten insgesamt,5314000,Bonn,voll.,5043,2894,2149,52,30,22,272,130,142,324,160,164,377,227,150,424,253,171,3616,2085,1531,302,169,133,3918,2254,1664,2019
------,Straftaten insgesamt,5314000,Bonn,vers.,310,208,102,0,0,0,17,12,5,17,12,5,28,21,7,27,18,9,215,144,71,23,13,10,238,157,81,2019
------,Straftaten insgesamt,5314000,Bonn,insg.,5353,3102,2251,52,30,22,289,142,147,341,172,169,405,248,157,451,271,180,3831,2229,1602,325,182,143,4156,2411,1745,2019
------,Straftaten insgesamt,5512000,Bottrop,voll.,1480,806,674,19,9,10,95,51,44,114,60,54,140,72,68,129,80,49,1003,545,458,94,49,45,1097,594,503,2019
------,Straftaten insgesamt,5512000,Bottrop,vers.,90,55,35,0,0,0,2,0,2,2,0,2,6,5,1,6,4,2,65,39,26,11,7,4,76,46,30,2019
------,Straftaten insgesamt,5512000,Bottrop,insg.,1570,861,709,19,9,10,97,51,46,116,60,56,146,77,69,135,84,51,1068,584,484,105,56,49,1173,640,533,2019
------,Straftaten insgesamt,3101000,Braunschweig,voll.,3765,2278,1487,23,11,12,238,121,117,261,132,129,275,146,129,407,251,156,2632,1634,998,190,115,75,2822,1749,1073,2019
------,Straftaten insgesamt,3101000,Braunschweig,vers.,230,169,61,0,0,0,2,1,1,2,1,1,11,4,7,26,17,9,179,140,39,12,7,5,191,147,44,2019
------,Straftaten insgesamt,3101000,Braunschweig,insg.,3995,2447,1548,23,11,12,240,122,118,263,133,130,286,150,136,433,268,165,2811,1774,1037,202,122,80,3013,1896,1117,2019
------,Straftaten insgesamt,4011000,Bremen,voll.,9602,5707,3895,67,29,38,384,177,207,451,206,245,771,434,337,888,560,328,6928,4196,2732,564,311,253,7492,4507,2985,2019
------,Straftaten insgesamt,4011000,Bremen,vers.,617,422,195,4,2,2,19,6,13,23,8,15,40,22,18,45,31,14,460,334,126,49,27,22,509,361,148,2019
------,Straftaten insgesamt,4011000,Bremen,insg.,10219,6129,4090,71,31,40,403,183,220,474,214,260,811,456,355,933,591,342,7388,4530,2858,613,338,275,8001,4868,3133,2019
------,Straftaten insgesamt,4012000,Bremerhaven,voll.,2420,1376,1044,21,10,11,122,66,56,143,76,67,211,122,89,170,83,87,1777,1024,753,119,71,48,1896,1095,801,2019
------,Straftaten insgesamt,4012000,Bremerhaven,vers.,114,76,38,0,0,0,1,1,0,1,1,0,6,3,3,11,7,4,88,59,29,8,6,2,96,65,31,2019
------,Straftaten insgesamt,4012000,Bremerhaven,insg.,2534,1452,1082,21,10,11,123,67,56,144,77,67,217,125,92,181,90,91,1865,1083,782,127,77,50,1992,1160,832,2019
------,Straftaten insgesamt,14511000,Chemnitz,voll.,2719,1634,1085,52,32,20,195,90,105,247,122,125,233,128,105,226,130,96,1831,1161,670,182,93,89,2013,1254,759,2019
------,Straftaten insgesamt,14511000,Chemnitz,vers.,176,130,46,2,1,1,9,4,5,11,5,6,11,9,2,7,7,0,140,106,34,7,3,4,147,109,38,2019
------,Straftaten insgesamt,14511000,Chemnitz,insg.,2895,1764,1131,54,33,21,204,94,110,258,127,131,244,137,107,233,137,96,1971,1267,704,189,96,93,2160,1363,797,2019
------,Straftaten insgesamt,12052000,Cottbus,voll.,1785,1044,741,12,6,6,138,69,69,150,75,75,159,66,93,172,99,73,1179,730,449,125,74,51,1304,804,500,2019
------,Straftaten insgesamt,12052000,Cottbus,vers.,115,67,48,3,2,1,11,4,7,14,6,8,13,4,9,6,3,3,72,48,24,10,6,4,82,54,28,2019
------,Straftaten insgesamt,12052000,Cottbus,insg.,1900,1111,789,15,8,7,149,73,76,164,81,83,172,70,102,178,102,76,1251,778,473,135,80,55,1386,858,528,2019
------,Straftaten insgesamt,6411000,Darmstadt,voll.,1582,964,618,12,6,6,60,31,29,72,37,35,93,52,41,130,72,58,1195,748,447,92,55,37,1287,803,484,2019
------,Straftaten insgesamt,6411000,Darmstadt,vers.,66,41,25,0,0,0,3,2,1,3,2,1,5,1,4,5,5,0,47,29,18,6,4,2,53,33,20,2019
------,Straftaten insgesamt,6411000,Darmstadt,insg.,1648,1005,643,12,6,6,63,33,30,75,39,36,98,53,45,135,77,58,1242,777,465,98,59,39,1340,836,504,2019
------,Straftaten insgesamt,5913000,Dortmund,voll.,11551,7174,4377,63,38,25,573,327,246,636,365,271,826,471,355,970,588,382,8559,5426,3133,560,324,236,9119,5750,3369,2019
------,Straftaten insgesamt,5913000,Dortmund,vers.,680,451,229,2,1,1,44,28,16,46,29,17,64,38,26,54,35,19,458,313,145,58,36,22,516,349,167,2019
------,Straftaten insgesamt,5913000,Dortmund,insg.,12231,7625,4606,65,39,26,617,355,262,682,394,288,890,509,381,1024,623,401,9017,5739,3278,618,360,258,9635,6099,3536,2019
------,Straftaten insgesamt,14612000,Dresden,voll.,6376,4000,2376,105,50,55,482,232,250,587,282,305,535,332,203,513,334,179,4411,2864,1547,330,188,142,4741,3052,1689,2019
------,Straftaten insgesamt,14612000,Dresden,vers.,445,319,126,6,4,2,17,11,6,23,15,8,23,14,9,34,26,8,340,248,92,25,16,9,365,264,101,2019
------,Straftaten insgesamt,14612000,Dresden,insg.,6821,4319,2502,111,54,57,499,243,256,610,297,313,558,346,212,547,360,187,4751,3112,1639,355,204,151,5106,3316,1790,2019
------,Straftaten insgesamt,5112000,Duisburg,voll.,7773,4230,3543,68,37,31,513,298,215,581,335,246,664,375,289,612,301,311,5465,2990,2475,451,229,222,5916,3219,2697,2019
------,Straftaten insgesamt,5112000,Duisburg,vers.,518,314,204,3,3,0,35,19,16,38,22,16,53,36,17,38,26,12,354,210,144,35,20,15,389,230,159,2019
------,Straftaten insgesamt,5112000,Duisburg,insg.,8291,4544,3747,71,40,31,548,317,231,619,357,262,717,411,306,650,327,323,5819,3200,2619,486,249,237,6305,3449,2856,2019
------,Straftaten insgesamt,5111000,D sseldorf,voll.,9755,6078,3677,50,33,17,341,200,141,391,233,158,745,449,296,897,573,324,7208,4515,2693,514,308,206,7722,4823,2899,2019
------,Straftaten insgesamt,5111000,D sseldorf,vers.,573,371,202,4,2,2,25,11,14,29,13,16,30,17,13,44,23,21,425,292,133,45,26,19,470,318,152,2019
------,Straftaten insgesamt,5111000,D sseldorf,insg.,10328,6449,3879,54,35,19,366,211,155,420,246,174,775,466,309,941,596,345,7633,4807,2826,559,334,225,8192,5141,3051,2019
------,Straftaten insgesamt,16051000,Erfurt,voll.,3005,1794,1211,28,14,14,234,117,117,262,131,131,222,120,102,291,184,107,2068,1280,788,162,79,83,2230,1359,871,2019
------,Straftaten insgesamt,16051000,Erfurt,vers.,309,197,112,4,2,2,25,15,10,29,17,12,24,18,6,30,19,11,209,133,76,17,10,7,226,143,83,2019
------,Straftaten insgesamt,16051000,Erfurt,insg.,3314,1991,1323,32,16,16,259,132,127,291,148,143,246,138,108,321,203,118,2277,1413,864,179,89,90,2456,1502,954,2019
------,Straftaten insgesamt,9562000,Erlangen,voll.,1066,664,402,13,6,7,31,16,15,44,22,22,62,42,20,105,61,44,796,499,297,59,40,19,855,539,316,2019
------,Straftaten insgesamt,9562000,Erlangen,vers.,79,47,32,2,1,1,2,1,1,4,2,2,7,4,3,4,1,3,60,38,22,4,2,2,64,40,24,2019
------,Straftaten insgesamt,9562000,Erlangen,insg.,1145,711,434,15,7,8,33,17,16,48,24,24,69,46,23,109,62,47,856,537,319,63,42,21,919,579,340,2019
------,Straftaten insgesamt,5113000,Essen,voll.,7143,4023,3120,51,27,24,444,255,189,495,282,213,535,289,246,529,287,242,5149,2921,2228,435,244,191,5584,3165,2419,2019
------,Straftaten insgesamt,5113000,Essen,vers.,406,262,144,3,1,2,31,18,13,34,19,15,27,17,10,25,13,12,272,184,88,48,29,19,320,213,107,2019
------,Straftaten insgesamt,5113000,Essen,insg.,7549,4285,3264,54,28,26,475,273,202,529,301,228,562,306,256,554,300,254,5421,3105,2316,483,273,210,5904,3378,2526,2019
------,Straftaten insgesamt,6412000,Frankfurt am Main,voll.,11837,7553,4284,102,59,43,348,192,156,450,251,199,628,390,238,847,503,344,9294,6019,3275,618,390,228,9912,6409,3503,2019
------,Straftaten insgesamt,6412000,Frankfurt am Main,vers.,883,619,264,10,6,4,39,30,9,49,36,13,45,30,15,69,48,21,662,472,190,58,33,25,720,505,215,2019
------,Straftaten insgesamt,6412000,Frankfurt am Main,insg.,12720,8172,4548,112,65,47,387,222,165,499,287,212,673,420,253,916,551,365,9956,6491,3465,676,423,253,10632,6914,3718,2019
------,Straftaten insgesamt,8311000,Freiburg im Breisgau,voll.,4139,2793,1346,42,27,15,150,83,67,192,110,82,314,194,120,397,277,120,3046,2089,957,190,123,67,3236,2212,1024,2019
------,Straftaten insgesamt,8311000,Freiburg im Breisgau,vers.,330,247,83,4,4,0,3,1,2,7,5,2,21,13,8,23,15,8,257,201,56,22,13,9,279,214,65,2019
------,Straftaten insgesamt,8311000,Freiburg im Breisgau,insg.,4469,3040,1429,46,31,15,153,84,69,199,115,84,335,207,128,420,292,128,3303,2290,1013,212,136,76,3515,2426,1089,2019
------,Straftaten insgesamt,9563000,F rth,voll.,879,499,380,10,6,4,50,27,23,60,33,27,88,44,44,82,46,36,599,342,257,50,34,16,649,376,273,2019
------,Straftaten insgesamt,9563000,F rth,vers.,68,43,25,0,0,0,2,2,0,2,2,0,6,2,4,4,2,2,48,33,15,8,4,4,56,37,19,2019
------,Straftaten insgesamt,9563000,F rth,insg.,947,542,405,10,6,4,52,29,23,62,35,27,94,46,48,86,48,38,647,375,272,58,38,20,705,413,292,2019
------,Straftaten insgesamt,5513000,Gelsenkirchen,voll.,4651,2519,2132,60,36,24,335,173,162,395,209,186,416,229,187,318,166,152,3262,1763,1499,260,152,108,3522,1915,1607,2019
------,Straftaten insgesamt,5513000,Gelsenkirchen,vers.,221,129,92,3,1,2,19,11,8,22,12,10,24,17,7,15,10,5,141,79,62,19,11,8,160,90,70,2019
------,Straftaten insgesamt,5513000,Gelsenkirchen,insg.,4872,2648,2224,63,37,26,354,184,170,417,221,196,440,246,194,333,176,157,3403,1842,1561,279,163,116,3682,2005,1677,2019
------,Straftaten insgesamt,3159016,G ttingen,voll.,2138,1374,764,22,9,13,81,45,36,103,54,49,139,71,68,227,167,60,1570,1026,544,99,56,43,1669,1082,587,2019
------,Straftaten insgesamt,3159016,G ttingen,vers.,178,126,52,0,0,0,5,4,1,5,4,1,4,2,2,13,9,4,142,103,39,14,8,6,156,111,45,2019
------,Straftaten insgesamt,3159016,G ttingen,insg.,2316,1500,816,22,9,13,86,49,37,108,58,50,143,73,70,240,176,64,1712,1129,583,113,64,49,1825,1193,632,2019
------,Straftaten insgesamt,5754008,G tersloh,voll.,1173,651,522,11,2,9,56,32,24,67,34,33,86,49,37,92,57,35,875,484,391,53,27,26,928,511,417,2019
------,Straftaten insgesamt,5754008,G tersloh,vers.,82,41,41,1,1,0,6,4,2,7,5,2,8,4,4,8,2,6,57,30,27,2,0,2,59,30,29,2019
------,Straftaten insgesamt,5754008,G tersloh,insg.,1255,692,563,12,3,9,62,36,26,74,39,35,94,53,41,100,59,41,932,514,418,55,27,28,987,541,446,2019
------,Straftaten insgesamt,5914000,Hagen,voll.,2864,1639,1225,27,17,10,195,123,72,222,140,82,253,140,113,259,144,115,1987,1133,854,143,82,61,2130,1215,915,2019
------,Straftaten insgesamt,5914000,Hagen,vers.,149,95,54,1,1,0,7,5,2,8,6,2,9,7,2,9,5,4,116,74,42,7,3,4,123,77,46,2019
------,Straftaten insgesamt,5914000,Hagen,insg.,3013,1734,1279,28,18,10,202,128,74,230,146,84,262,147,115,268,149,119,2103,1207,896,150,85,65,2253,1292,961,2019
------,Straftaten insgesamt,15002000,Halle (Saale),voll.,4648,2840,1808,41,27,14,374,206,168,415,233,182,418,275,143,395,235,160,3188,1967,1221,232,130,102,3420,2097,1323,2019
------,Straftaten insgesamt,15002000,Halle (Saale),vers.,366,252,114,3,2,1,27,18,9,30,20,10,29,16,13,27,21,6,261,184,77,19,11,8,280,195,85,2019
------,Straftaten insgesamt,15002000,Halle (Saale),insg.,5014,3092,1922,44,29,15,401,224,177,445,253,192,447,291,156,422,256,166,3449,2151,1298,251,141,110,3700,2292,1408,2019
------,Straftaten insgesamt,2000000,Hamburg,voll.,31112,18950,12162,226,139,87,1703,1036,667,1929,1175,754,2095,1158,937,2550,1517,1033,22919,14157,8762,1619,943,676,24538,15100,9438,2019
------,Straftaten insgesamt,2000000,Hamburg,vers.,1789,1197,592,10,5,5,104,70,34,114,75,39,108,66,42,136,85,51,1312,899,413,119,72,47,1431,971,460,2019
------,Straftaten insgesamt,2000000,Hamburg,insg.,32901,20147,12754,236,144,92,1807,1106,701,2043,1250,793,2203,1224,979,2686,1602,1084,24231,15056,9175,1738,1015,723,25969,16071,9898,2019
------,Straftaten insgesamt,5915000,Hamm,voll.,2462,1331,1131,28,19,9,133,76,57,161,95,66,248,112,136,193,109,84,1736,950,786,124,65,59,1860,1015,845,2019
------,Straftaten insgesamt,5915000,Hamm,vers.,125,70,55,5,1,4,6,1,5,11,2,9,12,6,6,10,6,4,85,52,33,7,4,3,92,56,36,2019
------,Straftaten insgesamt,5915000,Hamm,insg.,2587,1401,1186,33,20,13,139,77,62,172,97,75,260,118,142,203,115,88,1821,1002,819,131,69,62,1952,1071,881,2019
------,Straftaten insgesamt,3241001,Hannover,voll.,11435,7270,4165,92,51,41,488,275,213,580,326,254,764,449,315,953,609,344,8601,5567,3034,537,319,218,9138,5886,3252,2019
------,Straftaten insgesamt,3241001,Hannover,vers.,834,606,228,6,4,2,11,7,4,17,11,6,48,32,16,66,41,25,649,491,158,54,31,23,703,522,181,2019
------,Straftaten insgesamt,3241001,Hannover,insg.,12269,7876,4393,98,55,43,499,282,217,597,337,260,812,481,331,1019,650,369,9250,6058,3192,591,350,241,9841,6408,3433,2019
------,Straftaten insgesamt,8221000,Heidelberg,voll.,1963,1274,689,21,13,8,89,34,55,110,47,63,91,58,33,168,110,58,1478,988,490,116,71,45,1594,1059,535,2019
------,Straftaten insgesamt,8221000,Heidelberg,vers.,117,80,37,1,1,0,6,5,1,7,6,1,3,1,2,4,4,0,90,64,26,13,5,8,103,69,34,2019
------,Straftaten insgesamt,8221000,Heidelberg,insg.,2080,1354,726,22,14,8,95,39,56,117,53,64,94,59,35,172,114,58,1568,1052,516,129,76,53,1697,1128,569,2019
------,Straftaten insgesamt,8121000,Heilbronn,voll.,1485,876,609,18,14,4,65,36,29,83,50,33,109,62,47,132,78,54,1092,641,451,69,45,24,1161,686,475,2019
------,Straftaten insgesamt,8121000,Heilbronn,vers.,84,59,25,1,0,1,3,1,2,4,1,3,3,3,0,7,3,4,60,44,16,10,8,2,70,52,18,2019
------,Straftaten insgesamt,8121000,Heilbronn,insg.,1569,935,634,19,14,5,68,37,31,87,51,36,112,65,47,139,81,58,1152,685,467,79,53,26,1231,738,493,2019
------,Straftaten insgesamt,5916000,Herne,voll.,2406,1289,1117,19,10,9,158,94,64,177,104,73,249,150,99,189,83,106,1655,885,770,136,67,69,1791,952,839,2019
------,Straftaten insgesamt,5916000,Herne,vers.,163,99,64,0,0,0,6,4,2,6,4,2,15,9,6,19,10,9,111,70,41,12,6,6,123,76,47,2019
------,Straftaten insgesamt,5916000,Herne,insg.,2569,1388,1181,19,10,9,164,98,66,183,108,75,264,159,105,208,93,115,1766,955,811,148,73,75,1914,1028,886,2019
------,Straftaten insgesamt,3254021,Hildesheim,voll.,1773,975,798,15,7,8,98,61,37,113,68,45,178,80,98,153,81,72,1233,692,541,96,54,42,1329,746,583,2019
------,Straftaten insgesamt,3254021,Hildesheim,vers.,93,58,35,0,0,0,6,3,3,6,3,3,8,4,4,8,4,4,65,44,21,6,3,3,71,47,24,2019
------,Straftaten insgesamt,3254021,Hildesheim,insg.,1866,1033,833,15,7,8,104,64,40,119,71,48,186,84,102,161,85,76,1298,736,562,102,57,45,1400,793,607,2019
------,Straftaten insgesamt,9161000,Ingolstadt,voll.,1954,1251,703,25,15,10,101,53,48,126,68,58,143,80,63,177,127,50,1414,922,492,94,54,40,1508,976,532,2019
------,Straftaten insgesamt,9161000,Ingolstadt,vers.,181,123,58,6,1,5,5,2,3,11,3,8,11,5,6,17,15,2,136,95,41,6,5,1,142,100,42,2019
------,Straftaten insgesamt,9161000,Ingolstadt,insg.,2135,1374,761,31,16,15,106,55,51,137,71,66,154,85,69,194,142,52,1550,1017,533,100,59,41,1650,1076,574,2019
------,Straftaten insgesamt,16053000,Jena,voll.,1263,718,545,25,9,16,217,39,178,242,48,194,69,35,34,100,71,29,801,542,259,51,22,29,852,564,288,2019
------,Straftaten insgesamt,16053000,Jena,vers.,98,67,31,3,1,2,6,3,3,9,4,5,5,3,2,9,7,2,67,48,19,8,5,3,75,53,22,2019
------,Straftaten insgesamt,16053000,Jena,insg.,1361,785,576,28,10,18,223,42,181,251,52,199,74,38,36,109,78,31,868,590,278,59,27,32,927,617,310,2019
------,Straftaten insgesamt,8212000,Karlsruhe,voll.,3466,2200,1266,30,22,8,165,81,84,195,103,92,254,138,116,319,211,108,2502,1642,860,196,106,90,2698,1748,950,2019
------,Straftaten insgesamt,8212000,Karlsruhe,vers.,252,194,58,8,7,1,5,4,1,13,11,2,11,8,3,31,24,7,182,141,41,15,10,5,197,151,46,2019
------,Straftaten insgesamt,8212000,Karlsruhe,insg.,3718,2394,1324,38,29,9,170,85,85,208,114,94,265,146,119,350,235,115,2684,1783,901,211,116,95,2895,1899,996,2019
------,Straftaten insgesamt,6611000,Kassel,voll.,3030,1789,1241,36,25,11,130,58,72,166,83,83,167,79,88,261,162,99,2283,1365,918,153,100,53,2436,1465,971,2019
------,Straftaten insgesamt,6611000,Kassel,vers.,180,124,56,2,1,1,6,3,3,8,4,4,0,0,0,9,7,2,151,103,48,12,10,2,163,113,50,2019
------,Straftaten insgesamt,6611000,Kassel,insg.,3210,1913,1297,38,26,12,136,61,75,174,87,87,167,79,88,270,169,101,2434,1468,966,165,110,55,2599,1578,1021,2019
------,Straftaten insgesamt,1002000,Kiel,voll.,3941,2481,1460,37,18,19,201,123,78,238,141,97,302,189,113,354,216,138,2851,1829,1022,196,106,90,3047,1935,1112,2019
------,Straftaten insgesamt,1002000,Kiel,vers.,257,184,73,4,1,3,23,16,7,27,17,10,21,15,6,15,11,4,180,130,50,14,11,3,194,141,53,2019
------,Straftaten insgesamt,1002000,Kiel,insg.,4198,2665,1533,41,19,22,224,139,85,265,158,107,323,204,119,369,227,142,3031,1959,1072,210,117,93,3241,2076,1165,2019
------,Straftaten insgesamt,7111000,Koblenz,voll.,2251,1471,780,9,7,2,84,52,32,93,59,34,169,110,59,255,170,85,1608,1053,555,126,79,47,1734,1132,602,2019
------,Straftaten insgesamt,7111000,Koblenz,vers.,97,77,20,2,1,1,3,2,1,5,3,2,7,6,1,9,7,2,71,56,15,5,5,0,76,61,15,2019
------,Straftaten insgesamt,7111000,Koblenz,insg.,2348,1548,800,11,8,3,87,54,33,98,62,36,176,116,60,264,177,87,1679,1109,570,131,84,47,1810,1193,617,2019
------,Straftaten insgesamt,5315000,K ln,voll.,21901,12981,8920,141,73,68,921,477,444,1062,550,512,1441,789,652,1760,1024,736,16473,9937,6536,1165,681,484,17638,10618,7020,2019
------,Straftaten insgesamt,5315000,K ln,vers.,1363,856,507,14,9,5,62,37,25,76,46,30,82,54,28,107,72,35,1003,628,375,95,56,39,1098,684,414,2019
------,Straftaten insgesamt,5315000,K ln,insg.,23264,13837,9427,155,82,73,983,514,469,1138,596,542,1523,843,680,1867,1096,771,17476,10565,6911,1260,737,523,18736,11302,7434,2019
------,Straftaten insgesamt,5114000,Krefeld,voll.,3450,1929,1521,30,12,18,189,90,99,219,102,117,263,151,112,280,154,126,2455,1392,1063,233,130,103,2688,1522,1166,2019
------,Straftaten insgesamt,5114000,Krefeld,vers.,212,119,93,2,0,2,8,5,3,10,5,5,15,7,8,16,10,6,148,86,62,23,11,12,171,97,74,2019
------,Straftaten insgesamt,5114000,Krefeld,insg.,3662,2048,1614,32,12,20,197,95,102,229,107,122,278,158,120,296,164,132,2603,1478,1125,256,141,115,2859,1619,1240,2019
------,Straftaten insgesamt,14713000,Leipzig,voll.,7966,4911,3055,105,51,54,435,233,202,540,284,256,589,338,251,630,353,277,5764,3682,2082,443,254,189,6207,3936,2271,2019
------,Straftaten insgesamt,14713000,Leipzig,vers.,513,364,149,8,7,1,19,10,9,27,17,10,29,23,6,39,31,8,384,271,113,34,22,12,418,293,125,2019
------,Straftaten insgesamt,14713000,Leipzig,insg.,8479,5275,3204,113,58,55,454,243,211,567,301,266,618,361,257,669,384,285,6148,3953,2195,477,276,201,6625,4229,2396,2019
------,Straftaten insgesamt,5316000,Leverkusen,voll.,2666,1478,1188,17,10,7,161,92,69,178,102,76,213,114,99,195,105,90,1886,1035,851,194,122,72,2080,1157,923,2019
------,Straftaten insgesamt,5316000,Leverkusen,vers.,215,140,75,1,0,1,5,4,1,6,4,2,9,6,3,16,11,5,159,104,55,25,15,10,184,119,65,2019
------,Straftaten insgesamt,5316000,Leverkusen,insg.,2881,1618,1263,18,10,8,166,96,70,184,106,78,222,120,102,211,116,95,2045,1139,906,219,137,82,2264,1276,988,2019
------,Straftaten insgesamt,1003000,L beck,voll.,4266,2579,1687,24,12,12,195,105,90,219,117,102,285,147,138,353,229,124,3161,1956,1205,248,130,118,3409,2086,1323,2019
------,Straftaten insgesamt,1003000,L beck,vers.,292,196,96,6,3,3,10,8,2,16,11,5,16,11,5,18,12,6,220,146,74,22,16,6,242,162,80,2019
------,Straftaten insgesamt,1003000,L beck,insg.,4558,2775,1783,30,15,15,205,113,92,235,128,107,301,158,143,371,241,130,3381,2102,1279,270,146,124,3651,2248,1403,2019
------,Straftaten insgesamt,7314000,Ludwigshafen am Rhein,voll.,3625,2082,1543,32,18,14,327,185,142,359,203,156,316,191,125,280,169,111,2448,1390,1058,222,129,93,2670,1519,1151,2019
------,Straftaten insgesamt,7314000,Ludwigshafen am Rhein,vers.,289,186,103,2,2,0,20,14,6,22,16,6,39,25,14,26,16,10,174,108,66,28,21,7,202,129,73,2019
------,Straftaten insgesamt,7314000,Ludwigshafen am Rhein,insg.,3914,2268,1646,34,20,14,347,199,148,381,219,162,355,216,139,306,185,121,2622,1498,1124,250,150,100,2872,1648,1224,2019
------,Straftaten insgesamt,15003000,Magdeburg,voll.,3904,2350,1554,52,25,27,280,157,123,332,182,150,320,189,131,338,205,133,2721,1671,1050,193,103,90,2914,1774,1140,2019
------,Straftaten insgesamt,15003000,Magdeburg,vers.,324,212,112,9,5,4,17,8,9,26,13,13,23,13,10,24,15,9,228,158,70,23,13,10,251,171,80,2019
------,Straftaten insgesamt,15003000,Magdeburg,insg.,4228,2562,1666,61,30,31,297,165,132,358,195,163,343,202,141,362,220,142,2949,1829,1120,216,116,100,3165,1945,1220,2019
------,Straftaten insgesamt,7315000,Mainz,voll.,3282,2085,1197,25,17,8,183,116,67,208,133,75,302,177,125,291,204,87,2322,1488,834,159,83,76,2481,1571,910,2019
------,Straftaten insgesamt,7315000,Mainz,vers.,234,170,64,0,0,0,8,6,2,8,6,2,27,25,2,18,12,6,166,114,52,15,13,2,181,127,54,2019
------,Straftaten insgesamt,7315000,Mainz,insg.,3516,2255,1261,25,17,8,191,122,69,216,139,77,329,202,127,309,216,93,2488,1602,886,174,96,78,2662,1698,964,2019
------,Straftaten insgesamt,8222000,Mannheim,voll.,4217,2563,1654,39,20,19,150,87,63,189,107,82,233,119,114,352,191,161,3166,1987,1179,277,159,118,3443,2146,1297,2019
------,Straftaten insgesamt,8222000,Mannheim,vers.,266,174,92,3,1,2,7,5,2,10,6,4,18,8,10,20,13,7,208,138,70,10,9,1,218,147,71,2019
------,Straftaten insgesamt,8222000,Mannheim,insg.,4483,2737,1746,42,21,21,157,92,65,199,113,86,251,127,124,372,204,168,3374,2125,1249,287,168,119,3661,2293,1368,2019
------,Straftaten insgesamt,5170024,Moers,voll.,1164,595,569,19,7,12,73,39,34,92,46,46,87,43,44,101,54,47,806,413,393,78,39,39,884,452,432,2019
------,Straftaten insgesamt,5170024,Moers,vers.,84,52,32,2,1,1,5,2,3,7,3,4,15,12,3,2,1,1,52,33,19,8,3,5,60,36,24,2019
------,Straftaten insgesamt,5170024,Moers,insg.,1248,647,601,21,8,13,78,41,37,99,49,50,102,55,47,103,55,48,858,446,412,86,42,44,944,488,456,2019
------,Straftaten insgesamt,5116000,M nchengladbach,voll.,3177,1756,1421,29,15,14,163,90,73,192,105,87,248,139,109,276,146,130,2287,1266,1021,174,100,74,2461,1366,1095,2019
------,Straftaten insgesamt,5116000,M nchengladbach,vers.,193,126,67,0,0,0,9,4,5,9,4,5,22,20,2,18,14,4,127,78,49,17,10,7,144,88,56,2019
------,Straftaten insgesamt,5116000,M nchengladbach,insg.,3370,1882,1488,29,15,14,172,94,78,201,109,92,270,159,111,294,160,134,2414,1344,1070,191,110,81,2605,1454,1151,2019
------,Straftaten insgesamt,5117000,M lheim an der Ruhr,voll.,1552,768,784,11,5,6,79,40,39,90,45,45,140,75,65,132,71,61,1071,519,552,119,58,61,1190,577,613,2019
------,Straftaten insgesamt,5117000,M lheim an der Ruhr,vers.,101,70,31,1,0,1,3,2,1,4,2,2,12,7,5,8,7,1,67,47,20,10,7,3,77,54,23,2019
------,Straftaten insgesamt,5117000,M lheim an der Ruhr,insg.,1653,838,815,12,5,7,82,42,40,94,47,47,152,82,70,140,78,62,1138,566,572,129,65,64,1267,631,636,2019
------,Straftaten insgesamt,9162000,M nchen,voll.,15839,10107,5732,179,99,80,614,314,300,793,413,380,898,508,390,1361,849,512,11922,7797,4125,865,540,325,12787,8337,4450,2019
------,Straftaten insgesamt,9162000,M nchen,vers.,1353,957,396,14,10,4,38,21,17,52,31,21,62,40,22,79,43,36,1075,782,293,85,61,24,1160,843,317,2019
------,Straftaten insgesamt,9162000,M nchen,insg.,17192,11064,6128,193,109,84,652,335,317,845,444,401,960,548,412,1440,892,548,12997,8579,4418,950,601,349,13947,9180,4767,2019
------,Straftaten insgesamt,5515000,M nster,voll.,4282,2586,1696,18,9,9,182,98,84,200,107,93,296,166,130,444,283,161,3127,1914,1213,215,116,99,3342,2030,1312,2019
------,Straftaten insgesamt,5515000,M nster,vers.,247,159,88,0,0,0,7,6,1,7,6,1,21,14,7,21,12,9,184,119,65,14,8,6,198,127,71,2019
------,Straftaten insgesamt,5515000,M nster,insg.,4529,2745,1784,18,9,9,189,104,85,207,113,94,317,180,137,465,295,170,3311,2033,1278,229,124,105,3540,2157,1383,2019
------,Straftaten insgesamt,5162024,Neuss,voll.,1867,1049,818,11,7,4,119,68,51,130,75,55,158,91,67,170,98,72,1305,719,586,104,66,38,1409,785,624,2019
------,Straftaten insgesamt,5162024,Neuss,vers.,78,40,38,1,1,0,2,0,2,3,1,2,9,7,2,7,5,2,55,25,30,4,2,2,59,27,32,2019
------,Straftaten insgesamt,5162024,Neuss,insg.,1945,1089,856,12,8,4,121,68,53,133,76,57,167,98,69,177,103,74,1360,744,616,108,68,40,1468,812,656,2019
------,Straftaten insgesamt,9564000,N rnberg,voll.,7423,4548,2875,64,34,30,371,209,162,435,243,192,545,288,257,652,397,255,5429,3417,2012,362,203,159,5791,3620,2171,2019
------,Straftaten insgesamt,9564000,N rnberg,vers.,722,490,232,10,3,7,22,10,12,32,13,19,38,24,14,49,31,18,568,402,166,35,20,15,603,422,181,2019
------,Straftaten insgesamt,9564000,N rnberg,insg.,8145,5038,3107,74,37,37,393,219,174,467,256,211,583,312,271,701,428,273,5997,3819,2178,397,223,174,6394,4042,2352,2019
------,Straftaten insgesamt,5119000,Oberhausen,voll.,2730,1496,1234,32,20,12,195,125,70,227,145,82,237,140,97,280,149,131,1842,984,858,144,78,66,1986,1062,924,2019
------,Straftaten insgesamt,5119000,Oberhausen,vers.,154,102,52,0,0,0,8,5,3,8,5,3,12,8,4,17,12,5,103,68,35,14,9,5,117,77,40,2019
------,Straftaten insgesamt,5119000,Oberhausen,insg.,2884,1598,1286,32,20,12,203,130,73,235,150,85,249,148,101,297,161,136,1945,1052,893,158,87,71,2103,1139,964,2019
------,Straftaten insgesamt,6413000,Offenbach am Main,voll.,1304,704,600,14,8,6,65,34,31,79,42,37,77,44,33,92,42,50,986,533,453,70,43,27,1056,576,480,2019
------,Straftaten insgesamt,6413000,Offenbach am Main,vers.,66,44,22,0,0,0,2,1,1,2,1,1,5,4,1,4,4,0,49,30,19,6,5,1,55,35,20,2019
------,Straftaten insgesamt,6413000,Offenbach am Main,insg.,1370,748,622,14,8,6,67,35,32,81,43,38,82,48,34,96,46,50,1035,563,472,76,48,28,1111,611,500,2019
------,Straftaten insgesamt,3403000,Oldenburg (Oldenburg),voll.,2288,1324,964,29,14,15,87,39,48,116,53,63,176,89,87,221,138,83,1655,971,684,120,73,47,1775,1044,731,2019
------,Straftaten insgesamt,3403000,Oldenburg (Oldenburg),vers.,162,104,58,0,0,0,5,0,5,5,0,5,13,7,6,21,12,9,114,79,35,9,6,3,123,85,38,2019
------,Straftaten insgesamt,3403000,Oldenburg (Oldenburg),insg.,2450,1428,1022,29,14,15,92,39,53,121,53,68,189,96,93,242,150,92,1769,1050,719,129,79,50,1898,1129,769,2019
------,Straftaten insgesamt,3404000,Osnabr ck,voll.,2921,1859,1062,18,10,8,118,63,55,136,73,63,236,118,118,307,193,114,2100,1397,703,142,78,64,2242,1475,767,2019
------,Straftaten insgesamt,3404000,Osnabr ck,vers.,190,125,65,1,1,0,14,6,8,15,7,8,18,11,7,19,13,6,128,87,41,10,7,3,138,94,44,2019
------,Straftaten insgesamt,3404000,Osnabr ck,insg.,3111,1984,1127,19,11,8,132,69,63,151,80,71,254,129,125,326,206,120,2228,1484,744,152,85,67,2380,1569,811,2019
------,Straftaten insgesamt,5774032,Paderborn,voll.,2105,1230,875,17,8,9,72,41,31,89,49,40,174,95,79,230,152,78,1497,880,617,115,54,61,1612,934,678,2019
------,Straftaten insgesamt,5774032,Paderborn,vers.,154,96,58,0,0,0,2,1,1,2,1,1,15,8,7,18,11,7,112,74,38,7,2,5,119,76,43,2019
------,Straftaten insgesamt,5774032,Paderborn,insg.,2259,1326,933,17,8,9,74,42,32,91,50,41,189,103,86,248,163,85,1609,954,655,122,56,66,1731,1010,721,2019
------,Straftaten insgesamt,8231000,Pforzheim,voll.,1693,1006,687,10,6,4,112,70,42,122,76,46,153,86,67,150,94,56,1184,708,476,84,42,42,1268,750,518,2019
------,Straftaten insgesamt,8231000,Pforzheim,vers.,121,85,36,2,1,1,3,2,1,5,3,2,8,5,3,6,5,1,96,68,28,6,4,2,102,72,30,2019
------,Straftaten insgesamt,8231000,Pforzheim,insg.,1814,1091,723,12,7,5,115,72,43,127,79,48,161,91,70,156,99,57,1280,776,504,90,46,44,1370,822,548,2019
------,Straftaten insgesamt,12054000,Potsdam,voll.,2264,1310,954,18,9,9,166,88,78,184,97,87,155,83,72,161,99,62,1601,933,668,163,98,65,1764,1031,733,2019
------,Straftaten insgesamt,12054000,Potsdam,vers.,177,125,52,0,0,0,10,4,6,10,4,6,14,11,3,16,14,2,125,87,38,12,9,3,137,96,41,2019
------,Straftaten insgesamt,12054000,Potsdam,insg.,2441,1435,1006,18,9,9,176,92,84,194,101,93,169,94,75,177,113,64,1726,1020,706,175,107,68,1901,1127,774,2019
------,Straftaten insgesamt,5562032,Recklinghausen,voll.,2016,1185,831,19,15,4,95,54,41,114,69,45,188,101,87,167,104,63,1406,827,579,141,84,57,1547,911,636,2019
------,Straftaten insgesamt,5562032,Recklinghausen,vers.,124,69,55,0,0,0,7,3,4,7,3,4,9,5,4,9,6,3,85,48,37,14,7,7,99,55,44,2019
------,Straftaten insgesamt,5562032,Recklinghausen,insg.,2140,1254,886,19,15,4,102,57,45,121,72,49,197,106,91,176,110,66,1491,875,616,155,91,64,1646,966,680,2019
------,Straftaten insgesamt,9362000,Regensburg,voll.,2076,1429,647,9,6,3,59,39,20,68,45,23,127,79,48,237,178,59,1531,1062,469,113,65,48,1644,1127,517,2019
------,Straftaten insgesamt,9362000,Regensburg,vers.,172,115,57,2,1,1,5,1,4,7,2,5,7,6,1,10,6,4,137,93,44,11,8,3,148,101,47,2019
------,Straftaten insgesamt,9362000,Regensburg,insg.,2248,1544,704,11,7,4,64,40,24,75,47,28,134,85,49,247,184,63,1668,1155,513,124,73,51,1792,1228,564,2019
------,Straftaten insgesamt,5120000,Remscheid,voll.,1515,756,759,8,1,7,130,58,72,138,59,79,114,70,44,120,64,56,1034,497,537,109,66,43,1143,563,580,2019
------,Straftaten insgesamt,5120000,Remscheid,vers.,93,57,36,1,0,1,4,2,2,5,2,3,7,2,5,9,4,5,67,47,20,5,2,3,72,49,23,2019
------,Straftaten insgesamt,5120000,Remscheid,insg.,1608,813,795,9,1,8,134,60,74,143,61,82,121,72,49,129,68,61,1101,544,557,114,68,46,1215,612,603,2019
------,Straftaten insgesamt,8415061,Reutlingen,voll.,1490,887,603,16,9,7,74,41,33,90,50,40,132,67,65,147,88,59,1029,627,402,92,55,37,1121,682,439,2019
------,Straftaten insgesamt,8415061,Reutlingen,vers.,76,45,31,2,2,0,2,0,2,4,2,2,10,4,6,9,4,5,50,34,16,3,1,2,53,35,18,2019
------,Straftaten insgesamt,8415061,Reutlingen,insg.,1566,932,634,18,11,7,76,41,35,94,52,42,142,71,71,156,92,64,1079,661,418,95,56,39,1174,717,457,2019
------,Straftaten insgesamt,13003000,Rostock,voll.,3119,1853,1266,37,14,23,268,147,121,305,161,144,253,140,113,251,153,98,2132,1291,841,178,108,70,2310,1399,911,2019
------,Straftaten insgesamt,13003000,Rostock,vers.,273,174,99,4,4,0,15,11,4,19,15,4,19,10,9,20,9,11,194,130,64,21,10,11,215,140,75,2019
------,Straftaten insgesamt,13003000,Rostock,insg.,3392,2027,1365,41,18,23,283,158,125,324,176,148,272,150,122,271,162,109,2326,1421,905,199,118,81,2525,1539,986,2019
------,Straftaten insgesamt,10041100,Saarbr cken,voll.,4430,2677,1753,22,14,8,198,97,101,220,111,109,361,209,152,427,248,179,3169,1953,1216,253,156,97,3422,2109,1313,2019
------,Straftaten insgesamt,10041100,Saarbr cken,vers.,359,226,133,1,1,0,13,8,5,14,9,5,21,14,7,29,17,12,263,168,95,32,18,14,295,186,109,2019
------,Straftaten insgesamt,10041100,Saarbr cken,insg.,4789,2903,1886,23,15,8,211,105,106,234,120,114,382,223,159,456,265,191,3432,2121,1311,285,174,111,3717,2295,1422,2019
------,Straftaten insgesamt,3102000,Salzgitter,voll.,1442,795,647,29,14,15,151,96,55,180,110,70,172,92,80,129,70,59,885,483,402,76,40,36,961,523,438,2019
------,Straftaten insgesamt,3102000,Salzgitter,vers.,76,44,32,0,0,0,6,4,2,6,4,2,6,3,3,2,1,1,54,33,21,8,3,5,62,36,26,2019
------,Straftaten insgesamt,3102000,Salzgitter,insg.,1518,839,679,29,14,15,157,100,57,186,114,72,178,95,83,131,71,60,939,516,423,84,43,41,1023,559,464,2019
------,Straftaten insgesamt,13004000,Schwerin,voll.,1777,1093,684,17,12,5,150,88,62,167,100,67,178,99,79,182,122,60,1180,740,440,70,32,38,1250,772,478,2019
------,Straftaten insgesamt,13004000,Schwerin,vers.,117,80,37,1,0,1,7,5,2,8,5,3,11,8,3,10,7,3,74,52,22,14,8,6,88,60,28,2019
------,Straftaten insgesamt,13004000,Schwerin,insg.,1894,1173,721,18,12,6,157,93,64,175,105,70,189,107,82,192,129,63,1254,792,462,84,40,44,1338,832,506,2019
------,Straftaten insgesamt,5970040,Siegen,voll.,1706,1011,695,8,8,0,59,34,25,67,42,25,159,90,69,140,84,56,1235,730,505,105,65,40,1340,795,545,2019
------,Straftaten insgesamt,5970040,Siegen,vers.,81,50,31,0,0,0,2,1,1,2,1,1,6,3,3,4,2,2,64,40,24,5,4,1,69,44,25,2019
------,Straftaten insgesamt,5970040,Siegen,insg.,1787,1061,726,8,8,0,61,35,26,69,43,26,165,93,72,144,86,58,1299,770,529,110,69,41,1409,839,570,2019
------,Straftaten insgesamt,5122000,Solingen,voll.,1952,976,976,25,13,12,127,81,46,152,94,58,193,87,106,156,87,69,1333,630,703,118,78,40,1451,708,743,2019
------,Straftaten insgesamt,5122000,Solingen,vers.,118,65,53,3,3,0,8,4,4,11,7,4,12,7,5,4,3,1,83,44,39,8,4,4,91,48,43,2019
------,Straftaten insgesamt,5122000,Solingen,insg.,2070,1041,1029,28,16,12,135,85,50,163,101,62,205,94,111,160,90,70,1416,674,742,126,82,44,1542,756,786,2019
------,Straftaten insgesamt,8111000,Stuttgart,voll.,11000,7271,3729,86,57,29,474,272,202,560,329,231,727,416,311,996,673,323,8249,5568,2681,468,285,183,8717,5853,2864,2019
------,Straftaten insgesamt,8111000,Stuttgart,vers.,893,673,220,5,2,3,21,14,7,26,16,10,52,39,13,75,59,16,685,525,160,55,34,21,740,559,181,2019
------,Straftaten insgesamt,8111000,Stuttgart,insg.,11893,7944,3949,91,59,32,495,286,209,586,345,241,779,455,324,1071,732,339,8934,6093,2841,523,319,204,9457,6412,3045,2019
------,Straftaten insgesamt,7211000,Trier,voll.,1874,1122,752,13,5,8,96,53,43,109,58,51,134,72,62,186,121,65,1345,824,521,100,47,53,1445,871,574,2019
------,Straftaten insgesamt,7211000,Trier,vers.,92,67,25,1,0,1,1,1,0,2,1,1,4,3,1,4,4,0,76,54,22,6,5,1,82,59,23,2019
------,Straftaten insgesamt,7211000,Trier,insg.,1966,1189,777,14,5,9,97,54,43,111,59,52,138,75,63,190,125,65,1421,878,543,106,52,54,1527,930,597,2019
------,Straftaten insgesamt,8421000,Ulm,voll.,1789,1157,632,11,6,5,97,57,40,108,63,45,119,70,49,163,105,58,1306,867,439,93,52,41,1399,919,480,2019
------,Straftaten insgesamt,8421000,Ulm,vers.,94,68,26,0,0,0,0,0,0,0,0,0,2,2,0,8,5,3,80,60,20,4,1,3,84,61,23,2019
------,Straftaten insgesamt,8421000,Ulm,insg.,1883,1225,658,11,6,5,97,57,40,108,63,45,121,72,49,171,110,61,1386,927,459,97,53,44,1483,980,503,2019
------,Straftaten insgesamt,6414000,Wiesbaden,voll.,4014,2246,1768,35,17,18,208,128,80,243,145,98,374,190,184,388,253,135,2813,1556,1257,196,102,94,3009,1658,1351,2019
------,Straftaten insgesamt,6414000,Wiesbaden,vers.,251,158,93,1,1,0,12,5,7,13,6,7,35,22,13,29,20,9,160,104,56,14,6,8,174,110,64,2019
------,Straftaten insgesamt,6414000,Wiesbaden,insg.,4265,2404,1861,36,18,18,220,133,87,256,151,105,409,212,197,417,273,144,2973,1660,1313,210,108,102,3183,1768,1415,2019
------,Straftaten insgesamt,3103000,Wolfsburg,voll.,1576,940,636,26,11,15,113,68,45,139,79,60,119,61,58,134,78,56,1094,666,428,90,56,34,1184,722,462,2019
------,Straftaten insgesamt,3103000,Wolfsburg,vers.,67,41,26,0,0,0,2,0,2,2,0,2,4,3,1,6,5,1,52,33,19,3,0,3,55,33,22,2019
------,Straftaten insgesamt,3103000,Wolfsburg,insg.,1643,981,662,26,11,15,115,68,47,141,79,62,123,64,59,140,83,57,1146,699,447,93,56,37,1239,755,484,2019
------,Straftaten insgesamt,5124000,Wuppertal,voll.,6410,3473,2937,67,34,33,370,205,165,437,239,198,474,242,232,528,287,241,4619,2493,2126,352,212,140,4971,2705,2266,2019
------,Straftaten insgesamt,5124000,Wuppertal,vers.,402,239,163,6,2,4,28,17,11,34,19,15,26,12,14,32,21,11,293,178,115,17,9,8,310,187,123,2019
------,Straftaten insgesamt,5124000,Wuppertal,insg.,6812,3712,3100,73,36,37,398,222,176,471,258,213,500,254,246,560,308,252,4912,2671,2241,369,221,148,5281,2892,2389,2019
------,Straftaten insgesamt,9663000,W rzburg,voll.,1831,1203,628,54,44,10,76,39,37,130,83,47,229,146,83,279,199,80,1110,727,383,83,48,35,1193,775,418,2019
------,Straftaten insgesamt,9663000,W rzburg,vers.,166,119,47,2,1,1,4,2,2,6,3,3,17,13,4,13,12,1,123,85,38,7,6,1,130,91,39,2019
------,Straftaten insgesamt,9663000,W rzburg,insg.,1997,1322,675,56,45,11,80,41,39,136,86,50,246,159,87,292,211,81,1233,812,421,90,54,36,1323,866,457,2019
111000,"Vergewaltigung, sexuelle N tigung und sexueller  bergriff im besonders schweren Fall einschl. mit Todesfolge    177, 178 StGB",5334002,Aachen,voll.,38,1,37,0,0,0,3,1,2,3,1,2,7,0,7,7,0,7,21,0,21,0,0,0,21,0,21,2019
111000,"Vergewaltigung, sexuelle N tigung und sexueller  bergriff im besonders schweren Fall einschl. mit Todesfolge    177, 178 StGB",5334002,Aachen,vers.,7,1,6,0,0,0,0,0,0,0,0,0,2,0,2,1,0,1,3,1,2,1,0,1,4,1,3,2019
111000,"Vergewaltigung, sexuelle N tigung und sexueller  bergriff im besonders schweren Fall einschl. mit Todesfolge    177, 178 StGB",5334002,Aachen,insg.,45,2,43,0,0,0,3,1,2,3,1,2,9,0,9,8,0,8,24,1,23,1,0,1,25,1,24,2019
111000,"Vergewaltigung, sexuelle N tigung und sexueller  bergriff im besonders schweren Fall einschl. mit Todesfolge    177, 178 StGB",9761000,Augsburg,voll.,28,3,25,0,0,0,3,1,2,3,1,2,8,0,8,4,2,2,13,0,13,0,0,0,13,0,13,2019
111000,"Vergewaltigung, sexuelle N tigung und sexueller  bergriff im besonders schweren Fall einschl. mit Todesfolge    177, 178 StGB",9761000,Augsburg,vers.,4,0,4,0,0,0,0,0,0,0,0,0,1,0,1,0,0,0,3,0,3,0,0,0,3,0,3,2019
111000,"Vergewaltigung, sexuelle N tigung und sexueller  bergriff im besonders schweren Fall einschl. mit Todesfolge    177, 178 StGB",9761000,Augsburg,insg.,32,3,29,0,0,0,3,1,2,3,1,2,9,0,9,4,2,2,16,0,16,0,0,0,16,0,16,2019
111000,"Vergewaltigung, sexuelle N tigung und sexueller  bergriff im besonders schweren Fall einschl. mit Todesfolge    177, 178 StGB",5378004,Bergisch Gladbach,voll.,9,1,8,0,0,0,0,0,0,0,0,0,2,1,1,1,0,1,6,0,6,0,0,0,6,0,6,2019
111000,"Vergewaltigung, sexuelle N tigung und sexueller  bergriff im besonders schweren Fall einschl. mit Todesfolge    177, 178 StGB",5378004,Bergisch Gladbach,vers.,0,0,0,0,0,0,0,0,0,0,0,0,0,0,0,0,0,0,0,0,0,0,0,0,0,0,0,2019
111000,"Vergewaltigung, sexuelle N tigung und sexueller  bergriff im besonders schweren Fall einschl. mit Todesfolge    177, 178 StGB",5378004,Bergisch Gladbach,insg.,9,1,8,0,0,0,0,0,0,0,0,0,2,1,1,1,0,1,6,0,6,0,0,0,6,0,6,2019
111000,"Vergewaltigung, sexuelle N tigung und sexueller  bergriff im besonders schweren Fall einschl. mit Todesfolge    177, 178 StGB",11000000,Berlin,voll.,833,77,756,1,0,1,9,1,8,10,1,9,149,7,142,101,4,97,553,60,493,20,5,15,573,65,508,2019
111000,"Vergewaltigung, sexuelle N tigung und sexueller  bergriff im besonders schweren Fall einschl. mit Todesfolge    177, 178 StGB",11000000,Berlin,vers.,90,2,88,0,0,0,3,0,3,3,0,3,19,0,19,10,0,10,53,2,51,5,0,5,58,2,56,2019
111000,"Vergewaltigung, sexuelle N tigung und sexueller  bergriff im besonders schweren Fall einschl. mit Todesfolge    177, 178 StGB",11000000,Berlin,insg.,923,79,844,1,0,1,12,1,11,13,1,12,168,7,161,111,4,107,606,62,544,25,5,20,631,67,564,2019
111000,"Vergewaltigung, sexuelle N tigung und sexueller  bergriff im besonders schweren Fall einschl. mit Todesfolge    177, 178 StGB",5711000,Bielefeld,voll.,37,3,34,0,0,0,1,1,0,1,1,0,6,0,6,8,1,7,21,1,20,1,0,1,22,1,21,2019
111000,"Vergewaltigung, sexuelle N tigung und sexueller  bergriff im besonders schweren Fall einschl. mit Todesfolge    177, 178 StGB",5711000,Bielefeld,vers.,1,0,1,0,0,0,0,0,0,0,0,0,1,0,1,0,0,0,0,0,0,0,0,0,0,0,0,2019
111000,"Vergewaltigung, sexuelle N tigung und sexueller  bergriff im besonders schweren Fall einschl. mit Todesfolge    177, 178 StGB",5711000,Bielefeld,insg.,38,3,35,0,0,0,1,1,0,1,1,0,7,0,7,8,1,7,21,1,20,1,0,1,22,1,21,2019
111000,"Vergewaltigung, sexuelle N tigung und sexueller  bergriff im besonders schweren Fall einschl. mit Todesfolge    177, 178 StGB",5911000,Bochum,voll.,29,1,28,0,0,0,1,0,1,1,0,1,10,0,10,3,1,2,14,0,14,1,0,1,15,0,15,2019
111000,"Vergewaltigung, sexuelle N tigung und sexueller  bergriff im besonders schweren Fall einschl. mit Todesfolge    177, 178 StGB",5911000,Bochum,vers.,8,1,7,0,0,0,0,0,0,0,0,0,1,0,1,0,0,0,7,1,6,0,0,0,7,1,6,2019
111000,"Vergewaltigung, sexuelle N tigung und sexueller  bergriff im besonders schweren Fall einschl. mit Todesfolge    177, 178 StGB",5911000,Bochum,insg.,37,2,35,0,0,0,1,0,1,1,0,1,11,0,11,3,1,2,21,1,20,1,0,1,22,1,21,2019
111000,"Vergewaltigung, sexuelle N tigung und sexueller  bergriff im besonders schweren Fall einschl. mit Todesfolge    177, 178 StGB",5314000,Bonn,voll.,46,0,46,0,0,0,0,0,0,0,0,0,9,0,9,6,0,6,31,0,31,0,0,0,31,0,31,2019
111000,"Vergewaltigung, sexuelle N tigung und sexueller  bergriff im besonders schweren Fall einschl. mit Todesfolge    177, 178 StGB",5314000,Bonn,vers.,4,0,4,0,0,0,0,0,0,0,0,0,1,0,1,1,0,1,2,0,2,0,0,0,2,0,2,2019
111000,"Vergewaltigung, sexuelle N tigung und sexueller  bergriff im besonders schweren Fall einschl. mit Todesfolge    177, 178 StGB",5314000,Bonn,insg.,50,0,50,0,0,0,0,0,0,0,0,0,10,0,10,7,0,7,33,0,33,0,0,0,33,0,33,2019
111000,"Vergewaltigung, sexuelle N tigung und sexueller  bergriff im besonders schweren Fall einschl. mit Todesfolge    177, 178 StGB",5512000,Bottrop,voll.,12,0,12,0,0,0,0,0,0,0,0,0,3,0,3,2,0,2,7,0,7,0,0,0,7,0,7,2019
111000,"Vergewaltigung, sexuelle N tigung und sexueller  bergriff im besonders schweren Fall einschl. mit Todesfolge    177, 178 StGB",5512000,Bottrop,vers.,1,0,1,0,0,0,0,0,0,0,0,0,0,0,0,0,0,0,0,0,0,1,0,1,1,0,1,2019
111000,"Vergewaltigung, sexuelle N tigung und sexueller  bergriff im besonders schweren Fall einschl. mit Todesfolge    177, 178 StGB",5512000,Bottrop,insg.,13,0,13,0,0,0,0,0,0,0,0,0,3,0,3,2,0,2,7,0,7,1,0,1,8,0,8,2019
111000,"Vergewaltigung, sexuelle N tigung und sexueller  bergriff im besonders schweren Fall einschl. mit Todesfolge    177, 178 StGB",3101000,Braunschweig,voll.,25,0,25,0,0,0,1,0,1,1,0,1,6,0,6,4,0,4,14,0,14,0,0,0,14,0,14,2019
111000,"Vergewaltigung, sexuelle N tigung und sexueller  bergriff im besonders schweren Fall einschl. mit Todesfolge    177, 178 StGB",3101000,Braunschweig,vers.,4,0,4,0,0,0,0,0,0,0,0,0,1,0,1,0,0,0,3,0,3,0,0,0,3,0,3,2019
111000,"Vergewaltigung, sexuelle N tigung und sexueller  bergriff im besonders schweren Fall einschl. mit Todesfolge    177, 178 StGB",3101000,Braunschweig,insg.,29,0,29,0,0,0,1,0,1,1,0,1,7,0,7,4,0,4,17,0,17,0,0,0,17,0,17,2019
111000,"Vergewaltigung, sexuelle N tigung und sexueller  bergriff im besonders schweren Fall einschl. mit Todesfolge    177, 178 StGB",4011000,Bremen,voll.,96,7,89,0,0,0,1,0,1,1,0,1,13,2,11,19,1,18,57,4,53,6,0,6,63,4,59,2019
111000,"Vergewaltigung, sexuelle N tigung und sexueller  bergriff im besonders schweren Fall einschl. mit Todesfolge    177, 178 StGB",4011000,Bremen,vers.,7,0,7,0,0,0,0,0,0,0,0,0,5,0,5,0,0,0,2,0,2,0,0,0,2,0,2,2019
111000,"Vergewaltigung, sexuelle N tigung und sexueller  bergriff im besonders schweren Fall einschl. mit Todesfolge    177, 178 StGB",4011000,Bremen,insg.,103,7,96,0,0,0,1,0,1,1,0,1,18,2,16,19,1,18,59,4,55,6,0,6,65,4,61,2019
111000,"Vergewaltigung, sexuelle N tigung und sexueller  bergriff im besonders schweren Fall einschl. mit Todesfolge    177, 178 StGB",4012000,Bremerhaven,voll.,17,0,17,0,0,0,0,0,0,0,0,0,5,0,5,3,0,3,9,0,9,0,0,0,9,0,9,2019
111000,"Vergewaltigung, sexuelle N tigung und sexueller  bergriff im besonders schweren Fall einschl. mit Todesfolge    177, 178 StGB",4012000,Bremerhaven,vers.,3,0,3,0,0,0,0,0,0,0,0,0,0,0,0,0,0,0,3,0,3,0,0,0,3,0,3,2019
111000,"Vergewaltigung, sexuelle N tigung und sexueller  bergriff im besonders schweren Fall einschl. mit Todesfolge    177, 178 StGB",4012000,Bremerhaven,insg.,20,0,20,0,0,0,0,0,0,0,0,0,5,0,5,3,0,3,12,0,12,0,0,0,12,0,12,2019
111000,"Vergewaltigung, sexuelle N tigung und sexueller  bergriff im besonders schweren Fall einschl. mit Todesfolge    177, 178 StGB",14511000,Chemnitz,voll.,13,1,12,0,0,0,0,0,0,0,0,0,5,0,5,0,0,0,8,1,7,0,0,0,8,1,7,2019
111000,"Vergewaltigung, sexuelle N tigung und sexueller  bergriff im besonders schweren Fall einschl. mit Todesfolge    177, 178 StGB",14511000,Chemnitz,vers.,1,1,0,0,0,0,0,0,0,0,0,0,0,0,0,0,0,0,1,1,0,0,0,0,1,1,0,2019
111000,"Vergewaltigung, sexuelle N tigung und sexueller  bergriff im besonders schweren Fall einschl. mit Todesfolge    177, 178 StGB",14511000,Chemnitz,insg.,14,2,12,0,0,0,0,0,0,0,0,0,5,0,5,0,0,0,9,2,7,0,0,0,9,2,7,2019
111000,"Vergewaltigung, sexuelle N tigung und sexueller  bergriff im besonders schweren Fall einschl. mit Todesfolge    177, 178 StGB",12052000,Cottbus,voll.,26,0,26,0,0,0,0,0,0,0,0,0,2,0,2,7,0,7,17,0,17,0,0,0,17,0,17,2019
111000,"Vergewaltigung, sexuelle N tigung und sexueller  bergriff im besonders schweren Fall einschl. mit Todesfolge    177, 178 StGB",12052000,Cottbus,vers.,1,0,1,0,0,0,0,0,0,0,0,0,0,0,0,0,0,0,1,0,1,0,0,0,1,0,1,2019
111000,"Vergewaltigung, sexuelle N tigung und sexueller  bergriff im besonders schweren Fall einschl. mit Todesfolge    177, 178 StGB",12052000,Cottbus,insg.,27,0,27,0,0,0,0,0,0,0,0,0,2,0,2,7,0,7,18,0,18,0,0,0,18,0,18,2019
111000,"Vergewaltigung, sexuelle N tigung und sexueller  bergriff im besonders schweren Fall einschl. mit Todesfolge    177, 178 StGB",6411000,Darmstadt,voll.,11,0,11,0,0,0,0,0,0,0,0,0,2,0,2,1,0,1,8,0,8,0,0,0,8,0,8,2019
111000,"Vergewaltigung, sexuelle N tigung und sexueller  bergriff im besonders schweren Fall einschl. mit Todesfolge    177, 178 StGB",6411000,Darmstadt,vers.,3,0,3,0,0,0,0,0,0,0,0,0,1,0,1,0,0,0,2,0,2,0,0,0,2,0,2,2019
111000,"Vergewaltigung, sexuelle N tigung und sexueller  bergriff im besonders schweren Fall einschl. mit Todesfolge    177, 178 StGB",6411000,Darmstadt,insg.,14,0,14,0,0,0,0,0,0,0,0,0,3,0,3,1,0,1,10,0,10,0,0,0,10,0,10,2019
111000,"Vergewaltigung, sexuelle N tigung und sexueller  bergriff im besonders schweren Fall einschl. mit Todesfolge    177, 178 StGB",5913000,Dortmund,voll.,88,4,84,0,0,0,3,0,3,3,0,3,23,1,22,20,1,19,41,2,39,1,0,1,42,2,40,2019
111000,"Vergewaltigung, sexuelle N tigung und sexueller  bergriff im besonders schweren Fall einschl. mit Todesfolge    177, 178 StGB",5913000,Dortmund,vers.,11,0,11,0,0,0,0,0,0,0,0,0,1,0,1,3,0,3,6,0,6,1,0,1,7,0,7,2019
111000,"Vergewaltigung, sexuelle N tigung und sexueller  bergriff im besonders schweren Fall einschl. mit Todesfolge    177, 178 StGB",5913000,Dortmund,insg.,99,4,95,0,0,0,3,0,3,3,0,3,24,1,23,23,1,22,47,2,45,2,0,2,49,2,47,2019
111000,"Vergewaltigung, sexuelle N tigung und sexueller  bergriff im besonders schweren Fall einschl. mit Todesfolge    177, 178 StGB",14612000,Dresden,voll.,31,0,31,0,0,0,0,0,0,0,0,0,10,0,10,3,0,3,18,0,18,0,0,0,18,0,18,2019
111000,"Vergewaltigung, sexuelle N tigung und sexueller  bergriff im besonders schweren Fall einschl. mit Todesfolge    177, 178 StGB",14612000,Dresden,vers.,0,0,0,0,0,0,0,0,0,0,0,0,0,0,0,0,0,0,0,0,0,0,0,0,0,0,0,2019
111000,"Vergewaltigung, sexuelle N tigung und sexueller  bergriff im besonders schweren Fall einschl. mit Todesfolge    177, 178 StGB",14612000,Dresden,insg.,31,0,31,0,0,0,0,0,0,0,0,0,10,0,10,3,0,3,18,0,18,0,0,0,18,0,18,2019
111000,"Vergewaltigung, sexuelle N tigung und sexueller  bergriff im besonders schweren Fall einschl. mit Todesfolge    177, 178 StGB",5112000,Duisburg,voll.,86,8,78,0,0,0,2,2,0,2,2,0,17,0,17,13,0,13,53,6,47,1,0,1,54,6,48,2019
111000,"Vergewaltigung, sexuelle N tigung und sexueller  bergriff im besonders schweren Fall einschl. mit Todesfolge    177, 178 StGB",5112000,Duisburg,vers.,10,1,9,0,0,0,0,0,0,0,0,0,2,1,1,1,0,1,7,0,7,0,0,0,7,0,7,2019
111000,"Vergewaltigung, sexuelle N tigung und sexueller  bergriff im besonders schweren Fall einschl. mit Todesfolge    177, 178 StGB",5112000,Duisburg,insg.,96,9,87,0,0,0,2,2,0,2,2,0,19,1,18,14,0,14,60,6,54,1,0,1,61,6,55,2019
111000,"Vergewaltigung, sexuelle N tigung und sexueller  bergriff im besonders schweren Fall einschl. mit Todesfolge    177, 178 StGB",5111000,D sseldorf,voll.,84,3,81,0,0,0,2,0,2,2,0,2,15,1,14,15,1,14,48,1,47,4,0,4,52,1,51,2019
111000,"Vergewaltigung, sexuelle N tigung und sexueller  bergriff im besonders schweren Fall einschl. mit Todesfolge    177, 178 StGB",5111000,D sseldorf,vers.,21,0,21,0,0,0,0,0,0,0,0,0,0,0,0,5,0,5,14,0,14,2,0,2,16,0,16,2019
111000,"Vergewaltigung, sexuelle N tigung und sexueller  bergriff im besonders schweren Fall einschl. mit Todesfolge    177, 178 StGB",5111000,D sseldorf,insg.,105,3,102,0,0,0,2,0,2,2,0,2,15,1,14,20,1,19,62,1,61,6,0,6,68,1,67,2019
111000,"Vergewaltigung, sexuelle N tigung und sexueller  bergriff im besonders schweren Fall einschl. mit Todesfolge    177, 178 StGB",16051000,Erfurt,voll.,20,0,20,0,0,0,0,0,0,0,0,0,8,0,8,4,0,4,8,0,8,0,0,0,8,0,8,2019
111000,"Vergewaltigung, sexuelle N tigung und sexueller  bergriff im besonders schweren Fall einschl. mit Todesfolge    177, 178 StGB",16051000,Erfurt,vers.,4,0,4,0,0,0,2,0,2,2,0,2,1,0,1,1,0,1,0,0,0,0,0,0,0,0,0,2019
111000,"Vergewaltigung, sexuelle N tigung und sexueller  bergriff im besonders schweren Fall einschl. mit Todesfolge    177, 178 StGB",16051000,Erfurt,insg.,24,0,24,0,0,0,2,0,2,2,0,2,9,0,9,5,0,5,8,0,8,0,0,0,8,0,8,2019
111000,"Vergewaltigung, sexuelle N tigung und sexueller  bergriff im besonders schweren Fall einschl. mit Todesfolge    177, 178 StGB",9562000,Erlangen,voll.,10,0,10,0,0,0,0,0,0,0,0,0,1,0,1,0,0,0,9,0,9,0,0,0,9,0,9,2019
111000,"Vergewaltigung, sexuelle N tigung und sexueller  bergriff im besonders schweren Fall einschl. mit Todesfolge    177, 178 StGB",9562000,Erlangen,vers.,3,0,3,0,0,0,0,0,0,0,0,0,0,0,0,1,0,1,2,0,2,0,0,0,2,0,2,2019
111000,"Vergewaltigung, sexuelle N tigung und sexueller  bergriff im besonders schweren Fall einschl. mit Todesfolge    177, 178 StGB",9562000,Erlangen,insg.,13,0,13,0,0,0,0,0,0,0,0,0,1,0,1,1,0,1,11,0,11,0,0,0,11,0,11,2019
111000,"Vergewaltigung, sexuelle N tigung und sexueller  bergriff im besonders schweren Fall einschl. mit Todesfolge    177, 178 StGB",5113000,Essen,voll.,75,1,74,0,0,0,1,0,1,1,0,1,18,0,18,11,0,11,44,1,43,1,0,1,45,1,44,2019
111000,"Vergewaltigung, sexuelle N tigung und sexueller  bergriff im besonders schweren Fall einschl. mit Todesfolge    177, 178 StGB",5113000,Essen,vers.,8,1,7,0,0,0,0,0,0,0,0,0,5,1,4,1,0,1,2,0,2,0,0,0,2,0,2,2019
111000,"Vergewaltigung, sexuelle N tigung und sexueller  bergriff im besonders schweren Fall einschl. mit Todesfolge    177, 178 StGB",5113000,Essen,insg.,83,2,81,0,0,0,1,0,1,1,0,1,23,1,22,12,0,12,46,1,45,1,0,1,47,1,46,2019
111000,"Vergewaltigung, sexuelle N tigung und sexueller  bergriff im besonders schweren Fall einschl. mit Todesfolge    177, 178 StGB",6412000,Frankfurt am Main,voll.,81,2,79,0,0,0,2,0,2,2,0,2,7,0,7,11,1,10,59,1,58,2,0,2,61,1,60,2019
111000,"Vergewaltigung, sexuelle N tigung und sexueller  bergriff im besonders schweren Fall einschl. mit Todesfolge    177, 178 StGB",6412000,Frankfurt am Main,vers.,11,1,10,0,0,0,0,0,0,0,0,0,1,0,1,0,0,0,9,1,8,1,0,1,10,1,9,2019
111000,"Vergewaltigung, sexuelle N tigung und sexueller  bergriff im besonders schweren Fall einschl. mit Todesfolge    177, 178 StGB",6412000,Frankfurt am Main,insg.,92,3,89,0,0,0,2,0,2,2,0,2,8,0,8,11,1,10,68,2,66,3,0,3,71,2,69,2019
111000,"Vergewaltigung, sexuelle N tigung und sexueller  bergriff im besonders schweren Fall einschl. mit Todesfolge    177, 178 StGB",8311000,Freiburg im Breisgau,voll.,21,1,20,0,0,0,0,0,0,0,0,0,4,0,4,0,0,0,17,1,16,0,0,0,17,1,16,2019
111000,"Vergewaltigung, sexuelle N tigung und sexueller  bergriff im besonders schweren Fall einschl. mit Todesfolge    177, 178 StGB",8311000,Freiburg im Breisgau,vers.,2,0,2,0,0,0,0,0,0,0,0,0,1,0,1,0,0,0,1,0,1,0,0,0,1,0,1,2019
111000,"Vergewaltigung, sexuelle N tigung und sexueller  bergriff im besonders schweren Fall einschl. mit Todesfolge    177, 178 StGB",8311000,Freiburg im Breisgau,insg.,23,1,22,0,0,0,0,0,0,0,0,0,5,0,5,0,0,0,18,1,17,0,0,0,18,1,17,2019
111000,"Vergewaltigung, sexuelle N tigung und sexueller  bergriff im besonders schweren Fall einschl. mit Todesfolge    177, 178 StGB",9563000,F rth,voll.,13,0,13,0,0,0,0,0,0,0,0,0,2,0,2,4,0,4,7,0,7,0,0,0,7,0,7,2019
111000,"Vergewaltigung, sexuelle N tigung und sexueller  bergriff im besonders schweren Fall einschl. mit Todesfolge    177, 178 StGB",9563000,F rth,vers.,1,0,1,0,0,0,0,0,0,0,0,0,0,0,0,0,0,0,0,0,0,1,0,1,1,0,1,2019
111000,"Vergewaltigung, sexuelle N tigung und sexueller  bergriff im besonders schweren Fall einschl. mit Todesfolge    177, 178 StGB",9563000,F rth,insg.,14,0,14,0,0,0,0,0,0,0,0,0,2,0,2,4,0,4,7,0,7,1,0,1,8,0,8,2019
111000,"Vergewaltigung, sexuelle N tigung und sexueller  bergriff im besonders schweren Fall einschl. mit Todesfolge    177, 178 StGB",5513000,Gelsenkirchen,voll.,57,3,54,0,0,0,1,0,1,1,0,1,11,0,11,9,0,9,34,3,31,2,0,2,36,3,33,2019
111000,"Vergewaltigung, sexuelle N tigung und sexueller  bergriff im besonders schweren Fall einschl. mit Todesfolge    177, 178 StGB",5513000,Gelsenkirchen,vers.,4,0,4,0,0,0,0,0,0,0,0,0,0,0,0,0,0,0,3,0,3,1,0,1,4,0,4,2019
111000,"Vergewaltigung, sexuelle N tigung und sexueller  bergriff im besonders schweren Fall einschl. mit Todesfolge    177, 178 StGB",5513000,Gelsenkirchen,insg.,61,3,58,0,0,0,1,0,1,1,0,1,11,0,11,9,0,9,37,3,34,3,0,3,40,3,37,2019
111000,"Vergewaltigung, sexuelle N tigung und sexueller  bergriff im besonders schweren Fall einschl. mit Todesfolge    177, 178 StGB",3159016,G ttingen,voll.,15,1,14,0,0,0,0,0,0,0,0,0,3,0,3,1,0,1,11,1,10,0,0,0,11,1,10,2019
111000,"Vergewaltigung, sexuelle N tigung und sexueller  bergriff im besonders schweren Fall einschl. mit Todesfolge    177, 178 StGB",3159016,G ttingen,vers.,1,0,1,0,0,0,0,0,0,0,0,0,0,0,0,0,0,0,1,0,1,0,0,0,1,0,1,2019
111000,"Vergewaltigung, sexuelle N tigung und sexueller  bergriff im besonders schweren Fall einschl. mit Todesfolge    177, 178 StGB",3159016,G ttingen,insg.,16,1,15,0,0,0,0,0,0,0,0,0,3,0,3,1,0,1,12,1,11,0,0,0,12,1,11,2019
111000,"Vergewaltigung, sexuelle N tigung und sexueller  bergriff im besonders schweren Fall einschl. mit Todesfolge    177, 178 StGB",5754008,G tersloh,voll.,5,0,5,0,0,0,0,0,0,0,0,0,1,0,1,1,0,1,3,0,3,0,0,0,3,0,3,2019
111000,"Vergewaltigung, sexuelle N tigung und sexueller  bergriff im besonders schweren Fall einschl. mit Todesfolge    177, 178 StGB",5754008,G tersloh,vers.,2,0,2,0,0,0,0,0,0,0,0,0,0,0,0,1,0,1,1,0,1,0,0,0,1,0,1,2019
111000,"Vergewaltigung, sexuelle N tigung und sexueller  bergriff im besonders schweren Fall einschl. mit Todesfolge    177, 178 StGB",5754008,G tersloh,insg.,7,0,7,0,0,0,0,0,0,0,0,0,1,0,1,2,0,2,4,0,4,0,0,0,4,0,4,2019
111000,"Vergewaltigung, sexuelle N tigung und sexueller  bergriff im besonders schweren Fall einschl. mit Todesfolge    177, 178 StGB",5914000,Hagen,voll.,26,1,25,0,0,0,1,0,1,1,0,1,6,0,6,6,1,5,12,0,12,1,0,1,13,0,13,2019
111000,"Vergewaltigung, sexuelle N tigung und sexueller  bergriff im besonders schweren Fall einschl. mit Todesfolge    177, 178 StGB",5914000,Hagen,vers.,0,0,0,0,0,0,0,0,0,0,0,0,0,0,0,0,0,0,0,0,0,0,0,0,0,0,0,2019
111000,"Vergewaltigung, sexuelle N tigung und sexueller  bergriff im besonders schweren Fall einschl. mit Todesfolge    177, 178 StGB",5914000,Hagen,insg.,26,1,25,0,0,0,1,0,1,1,0,1,6,0,6,6,1,5,12,0,12,1,0,1,13,0,13,2019
111000,"Vergewaltigung, sexuelle N tigung und sexueller  bergriff im besonders schweren Fall einschl. mit Todesfolge    177, 178 StGB",15002000,Halle (Saale),voll.,36,3,33,0,0,0,0,0,0,0,0,0,7,1,6,6,0,6,23,2,21,0,0,0,23,2,21,2019
111000,"Vergewaltigung, sexuelle N tigung und sexueller  bergriff im besonders schweren Fall einschl. mit Todesfolge    177, 178 StGB",15002000,Halle (Saale),vers.,4,2,2,0,0,0,0,0,0,0,0,0,2,2,0,0,0,0,2,0,2,0,0,0,2,0,2,2019
111000,"Vergewaltigung, sexuelle N tigung und sexueller  bergriff im besonders schweren Fall einschl. mit Todesfolge    177, 178 StGB",15002000,Halle (Saale),insg.,40,5,35,0,0,0,0,0,0,0,0,0,9,3,6,6,0,6,25,2,23,0,0,0,25,2,23,2019
111000,"Vergewaltigung, sexuelle N tigung und sexueller  bergriff im besonders schweren Fall einschl. mit Todesfolge    177, 178 StGB",2000000,Hamburg,voll.,188,11,177,0,0,0,3,0,3,3,0,3,37,2,35,34,1,33,108,7,101,6,1,5,114,8,106,2019
111000,"Vergewaltigung, sexuelle N tigung und sexueller  bergriff im besonders schweren Fall einschl. mit Todesfolge    177, 178 StGB",2000000,Hamburg,vers.,29,1,28,0,0,0,0,0,0,0,0,0,4,0,4,9,1,8,15,0,15,1,0,1,16,0,16,2019
111000,"Vergewaltigung, sexuelle N tigung und sexueller  bergriff im besonders schweren Fall einschl. mit Todesfolge    177, 178 StGB",2000000,Hamburg,insg.,217,12,205,0,0,0,3,0,3,3,0,3,41,2,39,43,2,41,123,7,116,7,1,6,130,8,122,2019
111000,"Vergewaltigung, sexuelle N tigung und sexueller  bergriff im besonders schweren Fall einschl. mit Todesfolge    177, 178 StGB",5915000,Hamm,voll.,25,4,21,0,0,0,1,1,0,1,1,0,8,2,6,5,1,4,9,0,9,2,0,2,11,0,11,2019
111000,"Vergewaltigung, sexuelle N tigung und sexueller  bergriff im besonders schweren Fall einschl. mit Todesfolge    177, 178 StGB",5915000,Hamm,vers.,3,1,2,0,0,0,0,0,0,0,0,0,0,0,0,0,0,0,3,1,2,0,0,0,3,1,2,2019
111000,"Vergewaltigung, sexuelle N tigung und sexueller  bergriff im besonders schweren Fall einschl. mit Todesfolge    177, 178 StGB",5915000,Hamm,insg.,28,5,23,0,0,0,1,1,0,1,1,0,8,2,6,5,1,4,12,1,11,2,0,2,14,1,13,2019
111000,"Vergewaltigung, sexuelle N tigung und sexueller  bergriff im besonders schweren Fall einschl. mit Todesfolge    177, 178 StGB",3241001,Hannover,voll.,96,9,87,0,0,0,0,0,0,0,0,0,12,1,11,21,1,20,58,7,51,5,0,5,63,7,56,2019
111000,"Vergewaltigung, sexuelle N tigung und sexueller  bergriff im besonders schweren Fall einschl. mit Todesfolge    177, 178 StGB",3241001,Hannover,vers.,14,0,14,0,0,0,0,0,0,0,0,0,2,0,2,3,0,3,8,0,8,1,0,1,9,0,9,2019
111000,"Vergewaltigung, sexuelle N tigung und sexueller  bergriff im besonders schweren Fall einschl. mit Todesfolge    177, 178 StGB",3241001,Hannover,insg.,110,9,101,0,0,0,0,0,0,0,0,0,14,1,13,24,1,23,66,7,59,6,0,6,72,7,65,2019
111000,"Vergewaltigung, sexuelle N tigung und sexueller  bergriff im besonders schweren Fall einschl. mit Todesfolge    177, 178 StGB",8221000,Heidelberg,voll.,10,0,10,0,0,0,0,0,0,0,0,0,1,0,1,3,0,3,6,0,6,0,0,0,6,0,6,2019
111000,"Vergewaltigung, sexuelle N tigung und sexueller  bergriff im besonders schweren Fall einschl. mit Todesfolge    177, 178 StGB",8221000,Heidelberg,vers.,1,0,1,0,0,0,0,0,0,0,0,0,0,0,0,0,0,0,1,0,1,0,0,0,1,0,1,2019
111000,"Vergewaltigung, sexuelle N tigung und sexueller  bergriff im besonders schweren Fall einschl. mit Todesfolge    177, 178 StGB",8221000,Heidelberg,insg.,11,0,11,0,0,0,0,0,0,0,0,0,1,0,1,3,0,3,7,0,7,0,0,0,7,0,7,2019
111000,"Vergewaltigung, sexuelle N tigung und sexueller  bergriff im besonders schweren Fall einschl. mit Todesfolge    177, 178 StGB",8121000,Heilbronn,voll.,14,2,12,0,0,0,0,0,0,0,0,0,3,0,3,2,1,1,8,1,7,1,0,1,9,1,8,2019
111000,"Vergewaltigung, sexuelle N tigung und sexueller  bergriff im besonders schweren Fall einschl. mit Todesfolge    177, 178 StGB",8121000,Heilbronn,vers.,0,0,0,0,0,0,0,0,0,0,0,0,0,0,0,0,0,0,0,0,0,0,0,0,0,0,0,2019
111000,"Vergewaltigung, sexuelle N tigung und sexueller  bergriff im besonders schweren Fall einschl. mit Todesfolge    177, 178 StGB",8121000,Heilbronn,insg.,14,2,12,0,0,0,0,0,0,0,0,0,3,0,3,2,1,1,8,1,7,1,0,1,9,1,8,2019
111000,"Vergewaltigung, sexuelle N tigung und sexueller  bergriff im besonders schweren Fall einschl. mit Todesfolge    177, 178 StGB",5916000,Herne,voll.,18,4,14,0,0,0,2,1,1,2,1,1,7,2,5,3,1,2,6,0,6,0,0,0,6,0,6,2019
111000,"Vergewaltigung, sexuelle N tigung und sexueller  bergriff im besonders schweren Fall einschl. mit Todesfolge    177, 178 StGB",5916000,Herne,vers.,5,0,5,0,0,0,0,0,0,0,0,0,3,0,3,1,0,1,1,0,1,0,0,0,1,0,1,2019
111000,"Vergewaltigung, sexuelle N tigung und sexueller  bergriff im besonders schweren Fall einschl. mit Todesfolge    177, 178 StGB",5916000,Herne,insg.,23,4,19,0,0,0,2,1,1,2,1,1,10,2,8,4,1,3,7,0,7,0,0,0,7,0,7,2019
111000,"Vergewaltigung, sexuelle N tigung und sexueller  bergriff im besonders schweren Fall einschl. mit Todesfolge    177, 178 StGB",3254021,Hildesheim,voll.,18,2,16,0,0,0,1,0,1,1,0,1,2,0,2,4,2,2,11,0,11,0,0,0,11,0,11,2019
111000,"Vergewaltigung, sexuelle N tigung und sexueller  bergriff im besonders schweren Fall einschl. mit Todesfolge    177, 178 StGB",3254021,Hildesheim,vers.,3,0,3,0,0,0,0,0,0,0,0,0,1,0,1,0,0,0,2,0,2,0,0,0,2,0,2,2019
111000,"Vergewaltigung, sexuelle N tigung und sexueller  bergriff im besonders schweren Fall einschl. mit Todesfolge    177, 178 StGB",3254021,Hildesheim,insg.,21,2,19,0,0,0,1,0,1,1,0,1,3,0,3,4,2,2,13,0,13,0,0,0,13,0,13,2019
111000,"Vergewaltigung, sexuelle N tigung und sexueller  bergriff im besonders schweren Fall einschl. mit Todesfolge    177, 178 StGB",9161000,Ingolstadt,voll.,16,1,15,0,0,0,0,0,0,0,0,0,3,0,3,1,0,1,12,1,11,0,0,0,12,1,11,2019
111000,"Vergewaltigung, sexuelle N tigung und sexueller  bergriff im besonders schweren Fall einschl. mit Todesfolge    177, 178 StGB",9161000,Ingolstadt,vers.,3,0,3,0,0,0,0,0,0,0,0,0,2,0,2,1,0,1,0,0,0,0,0,0,0,0,0,2019
111000,"Vergewaltigung, sexuelle N tigung und sexueller  bergriff im besonders schweren Fall einschl. mit Todesfolge    177, 178 StGB",9161000,Ingolstadt,insg.,19,1,18,0,0,0,0,0,0,0,0,0,5,0,5,2,0,2,12,1,11,0,0,0,12,1,11,2019
111000,"Vergewaltigung, sexuelle N tigung und sexueller  bergriff im besonders schweren Fall einschl. mit Todesfolge    177, 178 StGB",16053000,Jena,voll.,9,0,9,0,0,0,0,0,0,0,0,0,2,0,2,0,0,0,7,0,7,0,0,0,7,0,7,2019
111000,"Vergewaltigung, sexuelle N tigung und sexueller  bergriff im besonders schweren Fall einschl. mit Todesfolge    177, 178 StGB",16053000,Jena,vers.,0,0,0,0,0,0,0,0,0,0,0,0,0,0,0,0,0,0,0,0,0,0,0,0,0,0,0,2019
111000,"Vergewaltigung, sexuelle N tigung und sexueller  bergriff im besonders schweren Fall einschl. mit Todesfolge    177, 178 StGB",16053000,Jena,insg.,9,0,9,0,0,0,0,0,0,0,0,0,2,0,2,0,0,0,7,0,7,0,0,0,7,0,7,2019
111000,"Vergewaltigung, sexuelle N tigung und sexueller  bergriff im besonders schweren Fall einschl. mit Todesfolge    177, 178 StGB",8212000,Karlsruhe,voll.,33,3,30,0,0,0,0,0,0,0,0,0,3,0,3,4,0,4,26,3,23,0,0,0,26,3,23,2019
111000,"Vergewaltigung, sexuelle N tigung und sexueller  bergriff im besonders schweren Fall einschl. mit Todesfolge    177, 178 StGB",8212000,Karlsruhe,vers.,5,1,4,0,0,0,0,0,0,0,0,0,0,0,0,2,0,2,3,1,2,0,0,0,3,1,2,2019
111000,"Vergewaltigung, sexuelle N tigung und sexueller  bergriff im besonders schweren Fall einschl. mit Todesfolge    177, 178 StGB",8212000,Karlsruhe,insg.,38,4,34,0,0,0,0,0,0,0,0,0,3,0,3,6,0,6,29,4,25,0,0,0,29,4,25,2019
111000,"Vergewaltigung, sexuelle N tigung und sexueller  bergriff im besonders schweren Fall einschl. mit Todesfolge    177, 178 StGB",6611000,Kassel,voll.,46,0,46,0,0,0,0,0,0,0,0,0,9,0,9,6,0,6,31,0,31,0,0,0,31,0,31,2019
111000,"Vergewaltigung, sexuelle N tigung und sexueller  bergriff im besonders schweren Fall einschl. mit Todesfolge    177, 178 StGB",6611000,Kassel,vers.,0,0,0,0,0,0,0,0,0,0,0,0,0,0,0,0,0,0,0,0,0,0,0,0,0,0,0,2019
111000,"Vergewaltigung, sexuelle N tigung und sexueller  bergriff im besonders schweren Fall einschl. mit Todesfolge    177, 178 StGB",6611000,Kassel,insg.,46,0,46,0,0,0,0,0,0,0,0,0,9,0,9,6,0,6,31,0,31,0,0,0,31,0,31,2019
111000,"Vergewaltigung, sexuelle N tigung und sexueller  bergriff im besonders schweren Fall einschl. mit Todesfolge    177, 178 StGB",1002000,Kiel,voll.,34,1,33,0,0,0,0,0,0,0,0,0,8,0,8,5,0,5,20,1,19,1,0,1,21,1,20,2019
111000,"Vergewaltigung, sexuelle N tigung und sexueller  bergriff im besonders schweren Fall einschl. mit Todesfolge    177, 178 StGB",1002000,Kiel,vers.,3,0,3,0,0,0,0,0,0,0,0,0,0,0,0,1,0,1,2,0,2,0,0,0,2,0,2,2019
111000,"Vergewaltigung, sexuelle N tigung und sexueller  bergriff im besonders schweren Fall einschl. mit Todesfolge    177, 178 StGB",1002000,Kiel,insg.,37,1,36,0,0,0,0,0,0,0,0,0,8,0,8,6,0,6,22,1,21,1,0,1,23,1,22,2019
111000,"Vergewaltigung, sexuelle N tigung und sexueller  bergriff im besonders schweren Fall einschl. mit Todesfolge    177, 178 StGB",7111000,Koblenz,voll.,15,2,13,0,0,0,0,0,0,0,0,0,4,0,4,3,0,3,8,2,6,0,0,0,8,2,6,2019
111000,"Vergewaltigung, sexuelle N tigung und sexueller  bergriff im besonders schweren Fall einschl. mit Todesfolge    177, 178 StGB",7111000,Koblenz,vers.,0,0,0,0,0,0,0,0,0,0,0,0,0,0,0,0,0,0,0,0,0,0,0,0,0,0,0,2019
111000,"Vergewaltigung, sexuelle N tigung und sexueller  bergriff im besonders schweren Fall einschl. mit Todesfolge    177, 178 StGB",7111000,Koblenz,insg.,15,2,13,0,0,0,0,0,0,0,0,0,4,0,4,3,0,3,8,2,6,0,0,0,8,2,6,2019
111000,"Vergewaltigung, sexuelle N tigung und sexueller  bergriff im besonders schweren Fall einschl. mit Todesfolge    177, 178 StGB",5315000,K ln,voll.,226,15,211,1,0,1,2,0,2,3,0,3,30,0,30,37,4,33,153,11,142,3,0,3,156,11,145,2019
111000,"Vergewaltigung, sexuelle N tigung und sexueller  bergriff im besonders schweren Fall einschl. mit Todesfolge    177, 178 StGB",5315000,K ln,vers.,27,1,26,0,0,0,0,0,0,0,0,0,3,0,3,4,0,4,20,1,19,0,0,0,20,1,19,2019
111000,"Vergewaltigung, sexuelle N tigung und sexueller  bergriff im besonders schweren Fall einschl. mit Todesfolge    177, 178 StGB",5315000,K ln,insg.,253,16,237,1,0,1,2,0,2,3,0,3,33,0,33,41,4,37,173,12,161,3,0,3,176,12,164,2019
111000,"Vergewaltigung, sexuelle N tigung und sexueller  bergriff im besonders schweren Fall einschl. mit Todesfolge    177, 178 StGB",5114000,Krefeld,voll.,15,3,12,0,0,0,0,0,0,0,0,0,3,0,3,4,0,4,8,3,5,0,0,0,8,3,5,2019
111000,"Vergewaltigung, sexuelle N tigung und sexueller  bergriff im besonders schweren Fall einschl. mit Todesfolge    177, 178 StGB",5114000,Krefeld,vers.,1,0,1,0,0,0,0,0,0,0,0,0,0,0,0,1,0,1,0,0,0,0,0,0,0,0,0,2019
111000,"Vergewaltigung, sexuelle N tigung und sexueller  bergriff im besonders schweren Fall einschl. mit Todesfolge    177, 178 StGB",5114000,Krefeld,insg.,16,3,13,0,0,0,0,0,0,0,0,0,3,0,3,5,0,5,8,3,5,0,0,0,8,3,5,2019
111000,"Vergewaltigung, sexuelle N tigung und sexueller  bergriff im besonders schweren Fall einschl. mit Todesfolge    177, 178 StGB",14713000,Leipzig,voll.,28,0,28,0,0,0,0,0,0,0,0,0,12,0,12,2,0,2,14,0,14,0,0,0,14,0,14,2019
111000,"Vergewaltigung, sexuelle N tigung und sexueller  bergriff im besonders schweren Fall einschl. mit Todesfolge    177, 178 StGB",14713000,Leipzig,vers.,2,0,2,0,0,0,0,0,0,0,0,0,0,0,0,0,0,0,2,0,2,0,0,0,2,0,2,2019
111000,"Vergewaltigung, sexuelle N tigung und sexueller  bergriff im besonders schweren Fall einschl. mit Todesfolge    177, 178 StGB",14713000,Leipzig,insg.,30,0,30,0,0,0,0,0,0,0,0,0,12,0,12,2,0,2,16,0,16,0,0,0,16,0,16,2019
111000,"Vergewaltigung, sexuelle N tigung und sexueller  bergriff im besonders schweren Fall einschl. mit Todesfolge    177, 178 StGB",5316000,Leverkusen,voll.,19,0,19,0,0,0,0,0,0,0,0,0,3,0,3,4,0,4,12,0,12,0,0,0,12,0,12,2019
111000,"Vergewaltigung, sexuelle N tigung und sexueller  bergriff im besonders schweren Fall einschl. mit Todesfolge    177, 178 StGB",5316000,Leverkusen,vers.,3,0,3,0,0,0,0,0,0,0,0,0,1,0,1,0,0,0,2,0,2,0,0,0,2,0,2,2019
111000,"Vergewaltigung, sexuelle N tigung und sexueller  bergriff im besonders schweren Fall einschl. mit Todesfolge    177, 178 StGB",5316000,Leverkusen,insg.,22,0,22,0,0,0,0,0,0,0,0,0,4,0,4,4,0,4,14,0,14,0,0,0,14,0,14,2019
111000,"Vergewaltigung, sexuelle N tigung und sexueller  bergriff im besonders schweren Fall einschl. mit Todesfolge    177, 178 StGB",1003000,L beck,voll.,23,1,22,0,0,0,0,0,0,0,0,0,8,1,7,5,0,5,9,0,9,1,0,1,10,0,10,2019
111000,"Vergewaltigung, sexuelle N tigung und sexueller  bergriff im besonders schweren Fall einschl. mit Todesfolge    177, 178 StGB",1003000,L beck,vers.,1,0,1,0,0,0,0,0,0,0,0,0,0,0,0,0,0,0,1,0,1,0,0,0,1,0,1,2019
111000,"Vergewaltigung, sexuelle N tigung und sexueller  bergriff im besonders schweren Fall einschl. mit Todesfolge    177, 178 StGB",1003000,L beck,insg.,24,1,23,0,0,0,0,0,0,0,0,0,8,1,7,5,0,5,10,0,10,1,0,1,11,0,11,2019
111000,"Vergewaltigung, sexuelle N tigung und sexueller  bergriff im besonders schweren Fall einschl. mit Todesfolge    177, 178 StGB",7314000,Ludwigshafen am Rhein,voll.,26,1,25,0,0,0,2,0,2,2,0,2,1,0,1,3,0,3,20,1,19,0,0,0,20,1,19,2019
111000,"Vergewaltigung, sexuelle N tigung und sexueller  bergriff im besonders schweren Fall einschl. mit Todesfolge    177, 178 StGB",7314000,Ludwigshafen am Rhein,vers.,0,0,0,0,0,0,0,0,0,0,0,0,0,0,0,0,0,0,0,0,0,0,0,0,0,0,0,2019
111000,"Vergewaltigung, sexuelle N tigung und sexueller  bergriff im besonders schweren Fall einschl. mit Todesfolge    177, 178 StGB",7314000,Ludwigshafen am Rhein,insg.,26,1,25,0,0,0,2,0,2,2,0,2,1,0,1,3,0,3,20,1,19,0,0,0,20,1,19,2019
111000,"Vergewaltigung, sexuelle N tigung und sexueller  bergriff im besonders schweren Fall einschl. mit Todesfolge    177, 178 StGB",15003000,Magdeburg,voll.,39,1,38,0,0,0,1,0,1,1,0,1,10,1,9,9,0,9,18,0,18,1,0,1,19,0,19,2019
111000,"Vergewaltigung, sexuelle N tigung und sexueller  bergriff im besonders schweren Fall einschl. mit Todesfolge    177, 178 StGB",15003000,Magdeburg,vers.,2,0,2,0,0,0,0,0,0,0,0,0,1,0,1,0,0,0,1,0,1,0,0,0,1,0,1,2019
111000,"Vergewaltigung, sexuelle N tigung und sexueller  bergriff im besonders schweren Fall einschl. mit Todesfolge    177, 178 StGB",15003000,Magdeburg,insg.,41,1,40,0,0,0,1,0,1,1,0,1,11,1,10,9,0,9,19,0,19,1,0,1,20,0,20,2019
111000,"Vergewaltigung, sexuelle N tigung und sexueller  bergriff im besonders schweren Fall einschl. mit Todesfolge    177, 178 StGB",7315000,Mainz,voll.,36,1,35,0,0,0,0,0,0,0,0,0,5,1,4,3,0,3,28,0,28,0,0,0,28,0,28,2019
111000,"Vergewaltigung, sexuelle N tigung und sexueller  bergriff im besonders schweren Fall einschl. mit Todesfolge    177, 178 StGB",7315000,Mainz,vers.,2,0,2,0,0,0,0,0,0,0,0,0,0,0,0,0,0,0,1,0,1,1,0,1,2,0,2,2019
111000,"Vergewaltigung, sexuelle N tigung und sexueller  bergriff im besonders schweren Fall einschl. mit Todesfolge    177, 178 StGB",7315000,Mainz,insg.,38,1,37,0,0,0,0,0,0,0,0,0,5,1,4,3,0,3,29,0,29,1,0,1,30,0,30,2019
111000,"Vergewaltigung, sexuelle N tigung und sexueller  bergriff im besonders schweren Fall einschl. mit Todesfolge    177, 178 StGB",8222000,Mannheim,voll.,35,1,34,0,0,0,0,0,0,0,0,0,7,0,7,6,0,6,21,1,20,1,0,1,22,1,21,2019
111000,"Vergewaltigung, sexuelle N tigung und sexueller  bergriff im besonders schweren Fall einschl. mit Todesfolge    177, 178 StGB",8222000,Mannheim,vers.,4,0,4,0,0,0,0,0,0,0,0,0,1,0,1,0,0,0,3,0,3,0,0,0,3,0,3,2019
111000,"Vergewaltigung, sexuelle N tigung und sexueller  bergriff im besonders schweren Fall einschl. mit Todesfolge    177, 178 StGB",8222000,Mannheim,insg.,39,1,38,0,0,0,0,0,0,0,0,0,8,0,8,6,0,6,24,1,23,1,0,1,25,1,24,2019
111000,"Vergewaltigung, sexuelle N tigung und sexueller  bergriff im besonders schweren Fall einschl. mit Todesfolge    177, 178 StGB",5170024,Moers,voll.,8,0,8,0,0,0,0,0,0,0,0,0,3,0,3,1,0,1,4,0,4,0,0,0,4,0,4,2019
111000,"Vergewaltigung, sexuelle N tigung und sexueller  bergriff im besonders schweren Fall einschl. mit Todesfolge    177, 178 StGB",5170024,Moers,vers.,1,0,1,0,0,0,0,0,0,0,0,0,1,0,1,0,0,0,0,0,0,0,0,0,0,0,0,2019
111000,"Vergewaltigung, sexuelle N tigung und sexueller  bergriff im besonders schweren Fall einschl. mit Todesfolge    177, 178 StGB",5170024,Moers,insg.,9,0,9,0,0,0,0,0,0,0,0,0,4,0,4,1,0,1,4,0,4,0,0,0,4,0,4,2019
111000,"Vergewaltigung, sexuelle N tigung und sexueller  bergriff im besonders schweren Fall einschl. mit Todesfolge    177, 178 StGB",5116000,M nchengladbach,voll.,29,1,28,0,0,0,0,0,0,0,0,0,4,0,4,4,0,4,20,1,19,1,0,1,21,1,20,2019
111000,"Vergewaltigung, sexuelle N tigung und sexueller  bergriff im besonders schweren Fall einschl. mit Todesfolge    177, 178 StGB",5116000,M nchengladbach,vers.,5,0,5,0,0,0,0,0,0,0,0,0,0,0,0,2,0,2,3,0,3,0,0,0,3,0,3,2019
111000,"Vergewaltigung, sexuelle N tigung und sexueller  bergriff im besonders schweren Fall einschl. mit Todesfolge    177, 178 StGB",5116000,M nchengladbach,insg.,34,1,33,0,0,0,0,0,0,0,0,0,4,0,4,6,0,6,23,1,22,1,0,1,24,1,23,2019
111000,"Vergewaltigung, sexuelle N tigung und sexueller  bergriff im besonders schweren Fall einschl. mit Todesfolge    177, 178 StGB",5117000,M lheim an der Ruhr,voll.,17,1,16,0,0,0,0,0,0,0,0,0,2,0,2,4,1,3,10,0,10,1,0,1,11,0,11,2019
111000,"Vergewaltigung, sexuelle N tigung und sexueller  bergriff im besonders schweren Fall einschl. mit Todesfolge    177, 178 StGB",5117000,M lheim an der Ruhr,vers.,1,0,1,0,0,0,0,0,0,0,0,0,0,0,0,0,0,0,1,0,1,0,0,0,1,0,1,2019
111000,"Vergewaltigung, sexuelle N tigung und sexueller  bergriff im besonders schweren Fall einschl. mit Todesfolge    177, 178 StGB",5117000,M lheim an der Ruhr,insg.,18,1,17,0,0,0,0,0,0,0,0,0,2,0,2,4,1,3,11,0,11,1,0,1,12,0,12,2019
111000,"Vergewaltigung, sexuelle N tigung und sexueller  bergriff im besonders schweren Fall einschl. mit Todesfolge    177, 178 StGB",9162000,M nchen,voll.,219,18,201,2,1,1,4,0,4,6,1,5,31,1,30,39,5,34,137,11,126,6,0,6,143,11,132,2019
111000,"Vergewaltigung, sexuelle N tigung und sexueller  bergriff im besonders schweren Fall einschl. mit Todesfolge    177, 178 StGB",9162000,M nchen,vers.,37,2,35,0,0,0,0,0,0,0,0,0,2,0,2,9,0,9,26,2,24,0,0,0,26,2,24,2019
111000,"Vergewaltigung, sexuelle N tigung und sexueller  bergriff im besonders schweren Fall einschl. mit Todesfolge    177, 178 StGB",9162000,M nchen,insg.,256,20,236,2,1,1,4,0,4,6,1,5,33,1,32,48,5,43,163,13,150,6,0,6,169,13,156,2019
111000,"Vergewaltigung, sexuelle N tigung und sexueller  bergriff im besonders schweren Fall einschl. mit Todesfolge    177, 178 StGB",5515000,M nster,voll.,45,1,44,0,0,0,0,0,0,0,0,0,5,0,5,10,0,10,30,1,29,0,0,0,30,1,29,2019
111000,"Vergewaltigung, sexuelle N tigung und sexueller  bergriff im besonders schweren Fall einschl. mit Todesfolge    177, 178 StGB",5515000,M nster,vers.,4,1,3,0,0,0,0,0,0,0,0,0,0,0,0,0,0,0,4,1,3,0,0,0,4,1,3,2019
111000,"Vergewaltigung, sexuelle N tigung und sexueller  bergriff im besonders schweren Fall einschl. mit Todesfolge    177, 178 StGB",5515000,M nster,insg.,49,2,47,0,0,0,0,0,0,0,0,0,5,0,5,10,0,10,34,2,32,0,0,0,34,2,32,2019
111000,"Vergewaltigung, sexuelle N tigung und sexueller  bergriff im besonders schweren Fall einschl. mit Todesfolge    177, 178 StGB",5162024,Neuss,voll.,8,1,7,0,0,0,0,0,0,0,0,0,1,0,1,0,0,0,7,1,6,0,0,0,7,1,6,2019
111000,"Vergewaltigung, sexuelle N tigung und sexueller  bergriff im besonders schweren Fall einschl. mit Todesfolge    177, 178 StGB",5162024,Neuss,vers.,4,0,4,0,0,0,0,0,0,0,0,0,0,0,0,1,0,1,3,0,3,0,0,0,3,0,3,2019
111000,"Vergewaltigung, sexuelle N tigung und sexueller  bergriff im besonders schweren Fall einschl. mit Todesfolge    177, 178 StGB",5162024,Neuss,insg.,12,1,11,0,0,0,0,0,0,0,0,0,1,0,1,1,0,1,10,1,9,0,0,0,10,1,9,2019
111000,"Vergewaltigung, sexuelle N tigung und sexueller  bergriff im besonders schweren Fall einschl. mit Todesfolge    177, 178 StGB",9564000,N rnberg,voll.,61,4,57,0,0,0,0,0,0,0,0,0,15,1,14,13,1,12,31,2,29,2,0,2,33,2,31,2019
111000,"Vergewaltigung, sexuelle N tigung und sexueller  bergriff im besonders schweren Fall einschl. mit Todesfolge    177, 178 StGB",9564000,N rnberg,vers.,9,1,8,0,0,0,1,1,0,1,1,0,1,0,1,2,0,2,5,0,5,0,0,0,5,0,5,2019
111000,"Vergewaltigung, sexuelle N tigung und sexueller  bergriff im besonders schweren Fall einschl. mit Todesfolge    177, 178 StGB",9564000,N rnberg,insg.,70,5,65,0,0,0,1,1,0,1,1,0,16,1,15,15,1,14,36,2,34,2,0,2,38,2,36,2019
111000,"Vergewaltigung, sexuelle N tigung und sexueller  bergriff im besonders schweren Fall einschl. mit Todesfolge    177, 178 StGB",5119000,Oberhausen,voll.,13,0,13,0,0,0,0,0,0,0,0,0,3,0,3,2,0,2,8,0,8,0,0,0,8,0,8,2019
111000,"Vergewaltigung, sexuelle N tigung und sexueller  bergriff im besonders schweren Fall einschl. mit Todesfolge    177, 178 StGB",5119000,Oberhausen,vers.,3,0,3,0,0,0,0,0,0,0,0,0,0,0,0,0,0,0,3,0,3,0,0,0,3,0,3,2019
111000,"Vergewaltigung, sexuelle N tigung und sexueller  bergriff im besonders schweren Fall einschl. mit Todesfolge    177, 178 StGB",5119000,Oberhausen,insg.,16,0,16,0,0,0,0,0,0,0,0,0,3,0,3,2,0,2,11,0,11,0,0,0,11,0,11,2019
111000,"Vergewaltigung, sexuelle N tigung und sexueller  bergriff im besonders schweren Fall einschl. mit Todesfolge    177, 178 StGB",6413000,Offenbach am Main,voll.,13,0,13,0,0,0,0,0,0,0,0,0,3,0,3,0,0,0,9,0,9,1,0,1,10,0,10,2019
111000,"Vergewaltigung, sexuelle N tigung und sexueller  bergriff im besonders schweren Fall einschl. mit Todesfolge    177, 178 StGB",6413000,Offenbach am Main,vers.,0,0,0,0,0,0,0,0,0,0,0,0,0,0,0,0,0,0,0,0,0,0,0,0,0,0,0,2019
111000,"Vergewaltigung, sexuelle N tigung und sexueller  bergriff im besonders schweren Fall einschl. mit Todesfolge    177, 178 StGB",6413000,Offenbach am Main,insg.,13,0,13,0,0,0,0,0,0,0,0,0,3,0,3,0,0,0,9,0,9,1,0,1,10,0,10,2019
111000,"Vergewaltigung, sexuelle N tigung und sexueller  bergriff im besonders schweren Fall einschl. mit Todesfolge    177, 178 StGB",3403000,Oldenburg (Oldenburg),voll.,22,2,20,0,0,0,1,0,1,1,0,1,2,0,2,4,0,4,14,2,12,1,0,1,15,2,13,2019
111000,"Vergewaltigung, sexuelle N tigung und sexueller  bergriff im besonders schweren Fall einschl. mit Todesfolge    177, 178 StGB",3403000,Oldenburg (Oldenburg),vers.,2,0,2,0,0,0,0,0,0,0,0,0,1,0,1,0,0,0,1,0,1,0,0,0,1,0,1,2019
111000,"Vergewaltigung, sexuelle N tigung und sexueller  bergriff im besonders schweren Fall einschl. mit Todesfolge    177, 178 StGB",3403000,Oldenburg (Oldenburg),insg.,24,2,22,0,0,0,1,0,1,1,0,1,3,0,3,4,0,4,15,2,13,1,0,1,16,2,14,2019
111000,"Vergewaltigung, sexuelle N tigung und sexueller  bergriff im besonders schweren Fall einschl. mit Todesfolge    177, 178 StGB",3404000,Osnabr ck,voll.,36,4,32,0,0,0,0,0,0,0,0,0,11,1,10,4,0,4,21,3,18,0,0,0,21,3,18,2019
111000,"Vergewaltigung, sexuelle N tigung und sexueller  bergriff im besonders schweren Fall einschl. mit Todesfolge    177, 178 StGB",3404000,Osnabr ck,vers.,3,0,3,0,0,0,0,0,0,0,0,0,0,0,0,1,0,1,2,0,2,0,0,0,2,0,2,2019
111000,"Vergewaltigung, sexuelle N tigung und sexueller  bergriff im besonders schweren Fall einschl. mit Todesfolge    177, 178 StGB",3404000,Osnabr ck,insg.,39,4,35,0,0,0,0,0,0,0,0,0,11,1,10,5,0,5,23,3,20,0,0,0,23,3,20,2019
111000,"Vergewaltigung, sexuelle N tigung und sexueller  bergriff im besonders schweren Fall einschl. mit Todesfolge    177, 178 StGB",5774032,Paderborn,voll.,33,1,32,0,0,0,0,0,0,0,0,0,13,0,13,5,0,5,13,1,12,2,0,2,15,1,14,2019
111000,"Vergewaltigung, sexuelle N tigung und sexueller  bergriff im besonders schweren Fall einschl. mit Todesfolge    177, 178 StGB",5774032,Paderborn,vers.,5,0,5,0,0,0,0,0,0,0,0,0,0,0,0,2,0,2,3,0,3,0,0,0,3,0,3,2019
111000,"Vergewaltigung, sexuelle N tigung und sexueller  bergriff im besonders schweren Fall einschl. mit Todesfolge    177, 178 StGB",5774032,Paderborn,insg.,38,1,37,0,0,0,0,0,0,0,0,0,13,0,13,7,0,7,16,1,15,2,0,2,18,1,17,2019
111000,"Vergewaltigung, sexuelle N tigung und sexueller  bergriff im besonders schweren Fall einschl. mit Todesfolge    177, 178 StGB",8231000,Pforzheim,voll.,11,0,11,0,0,0,0,0,0,0,0,0,1,0,1,1,0,1,8,0,8,1,0,1,9,0,9,2019
111000,"Vergewaltigung, sexuelle N tigung und sexueller  bergriff im besonders schweren Fall einschl. mit Todesfolge    177, 178 StGB",8231000,Pforzheim,vers.,2,0,2,0,0,0,0,0,0,0,0,0,1,0,1,0,0,0,1,0,1,0,0,0,1,0,1,2019
111000,"Vergewaltigung, sexuelle N tigung und sexueller  bergriff im besonders schweren Fall einschl. mit Todesfolge    177, 178 StGB",8231000,Pforzheim,insg.,13,0,13,0,0,0,0,0,0,0,0,0,2,0,2,1,0,1,9,0,9,1,0,1,10,0,10,2019
111000,"Vergewaltigung, sexuelle N tigung und sexueller  bergriff im besonders schweren Fall einschl. mit Todesfolge    177, 178 StGB",12054000,Potsdam,voll.,25,1,24,0,0,0,0,0,0,0,0,0,4,0,4,4,0,4,16,1,15,1,0,1,17,1,16,2019
111000,"Vergewaltigung, sexuelle N tigung und sexueller  bergriff im besonders schweren Fall einschl. mit Todesfolge    177, 178 StGB",12054000,Potsdam,vers.,2,0,2,0,0,0,0,0,0,0,0,0,1,0,1,0,0,0,1,0,1,0,0,0,1,0,1,2019
111000,"Vergewaltigung, sexuelle N tigung und sexueller  bergriff im besonders schweren Fall einschl. mit Todesfolge    177, 178 StGB",12054000,Potsdam,insg.,27,1,26,0,0,0,0,0,0,0,0,0,5,0,5,4,0,4,17,1,16,1,0,1,18,1,17,2019
111000,"Vergewaltigung, sexuelle N tigung und sexueller  bergriff im besonders schweren Fall einschl. mit Todesfolge    177, 178 StGB",5562032,Recklinghausen,voll.,20,1,19,0,0,0,0,0,0,0,0,0,6,0,6,4,1,3,10,0,10,0,0,0,10,0,10,2019
111000,"Vergewaltigung, sexuelle N tigung und sexueller  bergriff im besonders schweren Fall einschl. mit Todesfolge    177, 178 StGB",5562032,Recklinghausen,vers.,7,0,7,0,0,0,0,0,0,0,0,0,0,0,0,1,0,1,6,0,6,0,0,0,6,0,6,2019
111000,"Vergewaltigung, sexuelle N tigung und sexueller  bergriff im besonders schweren Fall einschl. mit Todesfolge    177, 178 StGB",5562032,Recklinghausen,insg.,27,1,26,0,0,0,0,0,0,0,0,0,6,0,6,5,1,4,16,0,16,0,0,0,16,0,16,2019
111000,"Vergewaltigung, sexuelle N tigung und sexueller  bergriff im besonders schweren Fall einschl. mit Todesfolge    177, 178 StGB",9362000,Regensburg,voll.,13,0,13,0,0,0,0,0,0,0,0,0,5,0,5,1,0,1,7,0,7,0,0,0,7,0,7,2019
111000,"Vergewaltigung, sexuelle N tigung und sexueller  bergriff im besonders schweren Fall einschl. mit Todesfolge    177, 178 StGB",9362000,Regensburg,vers.,2,0,2,0,0,0,0,0,0,0,0,0,0,0,0,1,0,1,1,0,1,0,0,0,1,0,1,2019
111000,"Vergewaltigung, sexuelle N tigung und sexueller  bergriff im besonders schweren Fall einschl. mit Todesfolge    177, 178 StGB",9362000,Regensburg,insg.,15,0,15,0,0,0,0,0,0,0,0,0,5,0,5,2,0,2,8,0,8,0,0,0,8,0,8,2019
111000,"Vergewaltigung, sexuelle N tigung und sexueller  bergriff im besonders schweren Fall einschl. mit Todesfolge    177, 178 StGB",5120000,Remscheid,voll.,16,2,14,0,0,0,0,0,0,0,0,0,3,1,2,3,1,2,10,0,10,0,0,0,10,0,10,2019
111000,"Vergewaltigung, sexuelle N tigung und sexueller  bergriff im besonders schweren Fall einschl. mit Todesfolge    177, 178 StGB",5120000,Remscheid,vers.,2,0,2,0,0,0,0,0,0,0,0,0,1,0,1,1,0,1,0,0,0,0,0,0,0,0,0,2019
111000,"Vergewaltigung, sexuelle N tigung und sexueller  bergriff im besonders schweren Fall einschl. mit Todesfolge    177, 178 StGB",5120000,Remscheid,insg.,18,2,16,0,0,0,0,0,0,0,0,0,4,1,3,4,1,3,10,0,10,0,0,0,10,0,10,2019
111000,"Vergewaltigung, sexuelle N tigung und sexueller  bergriff im besonders schweren Fall einschl. mit Todesfolge    177, 178 StGB",8415061,Reutlingen,voll.,9,1,8,0,0,0,0,0,0,0,0,0,0,0,0,2,0,2,7,1,6,0,0,0,7,1,6,2019
111000,"Vergewaltigung, sexuelle N tigung und sexueller  bergriff im besonders schweren Fall einschl. mit Todesfolge    177, 178 StGB",8415061,Reutlingen,vers.,0,0,0,0,0,0,0,0,0,0,0,0,0,0,0,0,0,0,0,0,0,0,0,0,0,0,0,2019
111000,"Vergewaltigung, sexuelle N tigung und sexueller  bergriff im besonders schweren Fall einschl. mit Todesfolge    177, 178 StGB",8415061,Reutlingen,insg.,9,1,8,0,0,0,0,0,0,0,0,0,0,0,0,2,0,2,7,1,6,0,0,0,7,1,6,2019
111000,"Vergewaltigung, sexuelle N tigung und sexueller  bergriff im besonders schweren Fall einschl. mit Todesfolge    177, 178 StGB",13003000,Rostock,voll.,25,3,22,0,0,0,1,0,1,1,0,1,6,1,5,3,2,1,14,0,14,1,0,1,15,0,15,2019
111000,"Vergewaltigung, sexuelle N tigung und sexueller  bergriff im besonders schweren Fall einschl. mit Todesfolge    177, 178 StGB",13003000,Rostock,vers.,11,0,11,0,0,0,0,0,0,0,0,0,1,0,1,1,0,1,6,0,6,3,0,3,9,0,9,2019
111000,"Vergewaltigung, sexuelle N tigung und sexueller  bergriff im besonders schweren Fall einschl. mit Todesfolge    177, 178 StGB",13003000,Rostock,insg.,36,3,33,0,0,0,1,0,1,1,0,1,7,1,6,4,2,2,20,0,20,4,0,4,24,0,24,2019
111000,"Vergewaltigung, sexuelle N tigung und sexueller  bergriff im besonders schweren Fall einschl. mit Todesfolge    177, 178 StGB",10041100,Saarbr cken,voll.,27,2,25,0,0,0,1,0,1,1,0,1,5,0,5,3,0,3,18,2,16,0,0,0,18,2,16,2019
111000,"Vergewaltigung, sexuelle N tigung und sexueller  bergriff im besonders schweren Fall einschl. mit Todesfolge    177, 178 StGB",10041100,Saarbr cken,vers.,3,0,3,0,0,0,0,0,0,0,0,0,0,0,0,0,0,0,2,0,2,1,0,1,3,0,3,2019
111000,"Vergewaltigung, sexuelle N tigung und sexueller  bergriff im besonders schweren Fall einschl. mit Todesfolge    177, 178 StGB",10041100,Saarbr cken,insg.,30,2,28,0,0,0,1,0,1,1,0,1,5,0,5,3,0,3,20,2,18,1,0,1,21,2,19,2019
111000,"Vergewaltigung, sexuelle N tigung und sexueller  bergriff im besonders schweren Fall einschl. mit Todesfolge    177, 178 StGB",3102000,Salzgitter,voll.,18,1,17,0,0,0,1,1,0,1,1,0,8,0,8,4,0,4,5,0,5,0,0,0,5,0,5,2019
111000,"Vergewaltigung, sexuelle N tigung und sexueller  bergriff im besonders schweren Fall einschl. mit Todesfolge    177, 178 StGB",3102000,Salzgitter,vers.,4,0,4,0,0,0,0,0,0,0,0,0,0,0,0,0,0,0,4,0,4,0,0,0,4,0,4,2019
111000,"Vergewaltigung, sexuelle N tigung und sexueller  bergriff im besonders schweren Fall einschl. mit Todesfolge    177, 178 StGB",3102000,Salzgitter,insg.,22,1,21,0,0,0,1,1,0,1,1,0,8,0,8,4,0,4,9,0,9,0,0,0,9,0,9,2019
111000,"Vergewaltigung, sexuelle N tigung und sexueller  bergriff im besonders schweren Fall einschl. mit Todesfolge    177, 178 StGB",13004000,Schwerin,voll.,23,1,22,0,0,0,0,0,0,0,0,0,5,0,5,8,0,8,10,1,9,0,0,0,10,1,9,2019
111000,"Vergewaltigung, sexuelle N tigung und sexueller  bergriff im besonders schweren Fall einschl. mit Todesfolge    177, 178 StGB",13004000,Schwerin,vers.,6,0,6,0,0,0,0,0,0,0,0,0,2,0,2,0,0,0,4,0,4,0,0,0,4,0,4,2019
111000,"Vergewaltigung, sexuelle N tigung und sexueller  bergriff im besonders schweren Fall einschl. mit Todesfolge    177, 178 StGB",13004000,Schwerin,insg.,29,1,28,0,0,0,0,0,0,0,0,0,7,0,7,8,0,8,14,1,13,0,0,0,14,1,13,2019
111000,"Vergewaltigung, sexuelle N tigung und sexueller  bergriff im besonders schweren Fall einschl. mit Todesfolge    177, 178 StGB",5970040,Siegen,voll.,7,0,7,0,0,0,0,0,0,0,0,0,2,0,2,0,0,0,5,0,5,0,0,0,5,0,5,2019
111000,"Vergewaltigung, sexuelle N tigung und sexueller  bergriff im besonders schweren Fall einschl. mit Todesfolge    177, 178 StGB",5970040,Siegen,vers.,0,0,0,0,0,0,0,0,0,0,0,0,0,0,0,0,0,0,0,0,0,0,0,0,0,0,0,2019
111000,"Vergewaltigung, sexuelle N tigung und sexueller  bergriff im besonders schweren Fall einschl. mit Todesfolge    177, 178 StGB",5970040,Siegen,insg.,7,0,7,0,0,0,0,0,0,0,0,0,2,0,2,0,0,0,5,0,5,0,0,0,5,0,5,2019
111000,"Vergewaltigung, sexuelle N tigung und sexueller  bergriff im besonders schweren Fall einschl. mit Todesfolge    177, 178 StGB",5122000,Solingen,voll.,15,1,14,0,0,0,0,0,0,0,0,0,4,0,4,3,0,3,8,1,7,0,0,0,8,1,7,2019
111000,"Vergewaltigung, sexuelle N tigung und sexueller  bergriff im besonders schweren Fall einschl. mit Todesfolge    177, 178 StGB",5122000,Solingen,vers.,2,0,2,0,0,0,0,0,0,0,0,0,0,0,0,0,0,0,1,0,1,1,0,1,2,0,2,2019
111000,"Vergewaltigung, sexuelle N tigung und sexueller  bergriff im besonders schweren Fall einschl. mit Todesfolge    177, 178 StGB",5122000,Solingen,insg.,17,1,16,0,0,0,0,0,0,0,0,0,4,0,4,3,0,3,9,1,8,1,0,1,10,1,9,2019
111000,"Vergewaltigung, sexuelle N tigung und sexueller  bergriff im besonders schweren Fall einschl. mit Todesfolge    177, 178 StGB",8111000,Stuttgart,voll.,91,3,88,0,0,0,1,0,1,1,0,1,18,1,17,13,0,13,56,2,54,3,0,3,59,2,57,2019
111000,"Vergewaltigung, sexuelle N tigung und sexueller  bergriff im besonders schweren Fall einschl. mit Todesfolge    177, 178 StGB",8111000,Stuttgart,vers.,13,0,13,0,0,0,0,0,0,0,0,0,0,0,0,4,0,4,9,0,9,0,0,0,9,0,9,2019
111000,"Vergewaltigung, sexuelle N tigung und sexueller  bergriff im besonders schweren Fall einschl. mit Todesfolge    177, 178 StGB",8111000,Stuttgart,insg.,104,3,101,0,0,0,1,0,1,1,0,1,18,1,17,17,0,17,65,2,63,3,0,3,68,2,66,2019
111000,"Vergewaltigung, sexuelle N tigung und sexueller  bergriff im besonders schweren Fall einschl. mit Todesfolge    177, 178 StGB",7211000,Trier,voll.,12,0,12,0,0,0,0,0,0,0,0,0,4,0,4,1,0,1,6,0,6,1,0,1,7,0,7,2019
111000,"Vergewaltigung, sexuelle N tigung und sexueller  bergriff im besonders schweren Fall einschl. mit Todesfolge    177, 178 StGB",7211000,Trier,vers.,3,0,3,0,0,0,0,0,0,0,0,0,0,0,0,0,0,0,3,0,3,0,0,0,3,0,3,2019
111000,"Vergewaltigung, sexuelle N tigung und sexueller  bergriff im besonders schweren Fall einschl. mit Todesfolge    177, 178 StGB",7211000,Trier,insg.,15,0,15,0,0,0,0,0,0,0,0,0,4,0,4,1,0,1,9,0,9,1,0,1,10,0,10,2019
111000,"Vergewaltigung, sexuelle N tigung und sexueller  bergriff im besonders schweren Fall einschl. mit Todesfolge    177, 178 StGB",8421000,Ulm,voll.,11,0,11,0,0,0,0,0,0,0,0,0,4,0,4,4,0,4,3,0,3,0,0,0,3,0,3,2019
111000,"Vergewaltigung, sexuelle N tigung und sexueller  bergriff im besonders schweren Fall einschl. mit Todesfolge    177, 178 StGB",8421000,Ulm,vers.,3,1,2,0,0,0,0,0,0,0,0,0,0,0,0,0,0,0,3,1,2,0,0,0,3,1,2,2019
111000,"Vergewaltigung, sexuelle N tigung und sexueller  bergriff im besonders schweren Fall einschl. mit Todesfolge    177, 178 StGB",8421000,Ulm,insg.,14,1,13,0,0,0,0,0,0,0,0,0,4,0,4,4,0,4,6,1,5,0,0,0,6,1,5,2019
111000,"Vergewaltigung, sexuelle N tigung und sexueller  bergriff im besonders schweren Fall einschl. mit Todesfolge    177, 178 StGB",6414000,Wiesbaden,voll.,34,0,34,0,0,0,0,0,0,0,0,0,6,0,6,4,0,4,24,0,24,0,0,0,24,0,24,2019
111000,"Vergewaltigung, sexuelle N tigung und sexueller  bergriff im besonders schweren Fall einschl. mit Todesfolge    177, 178 StGB",6414000,Wiesbaden,vers.,4,0,4,0,0,0,0,0,0,0,0,0,1,0,1,0,0,0,3,0,3,0,0,0,3,0,3,2019
111000,"Vergewaltigung, sexuelle N tigung und sexueller  bergriff im besonders schweren Fall einschl. mit Todesfolge    177, 178 StGB",6414000,Wiesbaden,insg.,38,0,38,0,0,0,0,0,0,0,0,0,7,0,7,4,0,4,27,0,27,0,0,0,27,0,27,2019
111000,"Vergewaltigung, sexuelle N tigung und sexueller  bergriff im besonders schweren Fall einschl. mit Todesfolge    177, 178 StGB",3103000,Wolfsburg,voll.,16,1,15,0,0,0,1,0,1,1,0,1,7,1,6,1,0,1,7,0,7,0,0,0,7,0,7,2019
111000,"Vergewaltigung, sexuelle N tigung und sexueller  bergriff im besonders schweren Fall einschl. mit Todesfolge    177, 178 StGB",3103000,Wolfsburg,vers.,1,0,1,0,0,0,0,0,0,0,0,0,0,0,0,0,0,0,1,0,1,0,0,0,1,0,1,2019
111000,"Vergewaltigung, sexuelle N tigung und sexueller  bergriff im besonders schweren Fall einschl. mit Todesfolge    177, 178 StGB",3103000,Wolfsburg,insg.,17,1,16,0,0,0,1,0,1,1,0,1,7,1,6,1,0,1,8,0,8,0,0,0,8,0,8,2019
111000,"Vergewaltigung, sexuelle N tigung und sexueller  bergriff im besonders schweren Fall einschl. mit Todesfolge    177, 178 StGB",5124000,Wuppertal,voll.,59,5,54,0,0,0,3,0,3,3,0,3,12,1,11,7,0,7,36,4,32,1,0,1,37,4,33,2019
111000,"Vergewaltigung, sexuelle N tigung und sexueller  bergriff im besonders schweren Fall einschl. mit Todesfolge    177, 178 StGB",5124000,Wuppertal,vers.,12,0,12,0,0,0,0,0,0,0,0,0,4,0,4,2,0,2,5,0,5,1,0,1,6,0,6,2019
111000,"Vergewaltigung, sexuelle N tigung und sexueller  bergriff im besonders schweren Fall einschl. mit Todesfolge    177, 178 StGB",5124000,Wuppertal,insg.,71,5,66,0,0,0,3,0,3,3,0,3,16,1,15,9,0,9,41,4,37,2,0,2,43,4,39,2019
111000,"Vergewaltigung, sexuelle N tigung und sexueller  bergriff im besonders schweren Fall einschl. mit Todesfolge    177, 178 StGB",9663000,W rzburg,voll.,24,6,18,1,1,0,2,2,0,3,3,0,1,0,1,4,0,4,14,3,11,2,0,2,16,3,13,2019
111000,"Vergewaltigung, sexuelle N tigung und sexueller  bergriff im besonders schweren Fall einschl. mit Todesfolge    177, 178 StGB",9663000,W rzburg,vers.,2,0,2,0,0,0,0,0,0,0,0,0,1,0,1,0,0,0,1,0,1,0,0,0,1,0,1,2019
111000,"Vergewaltigung, sexuelle N tigung und sexueller  bergriff im besonders schweren Fall einschl. mit Todesfolge    177, 178 StGB",9663000,W rzburg,insg.,26,6,20,1,1,0,2,2,0,3,3,0,2,0,2,4,0,4,15,3,12,2,0,2,17,3,14,2019
210000,"Raub, r uberische Erpressung und r uberischer Angriff auf Kraftfahrer    249-252, 255, 316a StGB",5334002,Aachen,voll.,238,174,64,0,0,0,8,6,2,8,6,2,24,23,1,21,16,5,156,111,45,29,18,11,185,129,56,2019
210000,"Raub, r uberische Erpressung und r uberischer Angriff auf Kraftfahrer    249-252, 255, 316a StGB",5334002,Aachen,vers.,65,49,16,0,0,0,4,4,0,4,4,0,2,2,0,14,12,2,41,29,12,4,2,2,45,31,14,2019
210000,"Raub, r uberische Erpressung und r uberischer Angriff auf Kraftfahrer    249-252, 255, 316a StGB",5334002,Aachen,insg.,303,223,80,0,0,0,12,10,2,12,10,2,26,25,1,35,28,7,197,140,57,33,20,13,230,160,70,2019
210000,"Raub, r uberische Erpressung und r uberischer Angriff auf Kraftfahrer    249-252, 255, 316a StGB",9761000,Augsburg,voll.,79,53,26,1,1,0,3,3,0,4,4,0,5,4,1,9,6,3,52,35,17,9,4,5,61,39,22,2019
210000,"Raub, r uberische Erpressung und r uberischer Angriff auf Kraftfahrer    249-252, 255, 316a StGB",9761000,Augsburg,vers.,31,20,11,1,0,1,1,0,1,2,0,2,2,1,1,1,1,0,24,18,6,2,0,2,26,18,8,2019
210000,"Raub, r uberische Erpressung und r uberischer Angriff auf Kraftfahrer    249-252, 255, 316a StGB",9761000,Augsburg,insg.,110,73,37,2,1,1,4,3,1,6,4,2,7,5,2,10,7,3,76,53,23,11,4,7,87,57,30,2019
210000,"Raub, r uberische Erpressung und r uberischer Angriff auf Kraftfahrer    249-252, 255, 316a StGB",5378004,Bergisch Gladbach,voll.,35,27,8,0,0,0,1,1,0,1,1,0,14,14,0,3,2,1,10,8,2,7,2,5,17,10,7,2019
210000,"Raub, r uberische Erpressung und r uberischer Angriff auf Kraftfahrer    249-252, 255, 316a StGB",5378004,Bergisch Gladbach,vers.,10,5,5,0,0,0,1,1,0,1,1,0,4,3,1,0,0,0,5,1,4,0,0,0,5,1,4,2019
210000,"Raub, r uberische Erpressung und r uberischer Angriff auf Kraftfahrer    249-252, 255, 316a StGB",5378004,Bergisch Gladbach,insg.,45,32,13,0,0,0,2,2,0,2,2,0,18,17,1,3,2,1,15,9,6,7,2,5,22,11,11,2019
210000,"Raub, r uberische Erpressung und r uberischer Angriff auf Kraftfahrer    249-252, 255, 316a StGB",11000000,Berlin,voll.,4238,3303,935,2,2,0,181,170,11,183,172,11,690,647,43,420,366,54,2585,1941,644,360,177,183,2945,2118,827,2019
210000,"Raub, r uberische Erpressung und r uberischer Angriff auf Kraftfahrer    249-252, 255, 316a StGB",11000000,Berlin,vers.,1073,791,282,0,0,0,73,66,7,73,66,7,189,169,20,97,82,15,617,435,182,97,39,58,714,474,240,2019
210000,"Raub, r uberische Erpressung und r uberischer Angriff auf Kraftfahrer    249-252, 255, 316a StGB",11000000,Berlin,insg.,5311,4094,1217,2,2,0,254,236,18,256,238,18,879,816,63,517,448,69,3202,2376,826,457,216,241,3659,2592,1067,2019
210000,"Raub, r uberische Erpressung und r uberischer Angriff auf Kraftfahrer    249-252, 255, 316a StGB",5711000,Bielefeld,voll.,184,126,58,0,0,0,9,6,3,9,6,3,24,18,6,26,17,9,110,77,33,15,8,7,125,85,40,2019
210000,"Raub, r uberische Erpressung und r uberischer Angriff auf Kraftfahrer    249-252, 255, 316a StGB",5711000,Bielefeld,vers.,37,30,7,0,0,0,1,1,0,1,1,0,2,2,0,6,6,0,27,20,7,1,1,0,28,21,7,2019
210000,"Raub, r uberische Erpressung und r uberischer Angriff auf Kraftfahrer    249-252, 255, 316a StGB",5711000,Bielefeld,insg.,221,156,65,0,0,0,10,7,3,10,7,3,26,20,6,32,23,9,137,97,40,16,9,7,153,106,47,2019
210000,"Raub, r uberische Erpressung und r uberischer Angriff auf Kraftfahrer    249-252, 255, 316a StGB",5911000,Bochum,voll.,217,154,63,0,0,0,15,15,0,15,15,0,21,19,2,28,22,6,130,90,40,23,8,15,153,98,55,2019
210000,"Raub, r uberische Erpressung und r uberischer Angriff auf Kraftfahrer    249-252, 255, 316a StGB",5911000,Bochum,vers.,51,41,10,0,0,0,4,4,0,4,4,0,10,10,0,7,5,2,27,21,6,3,1,2,30,22,8,2019
210000,"Raub, r uberische Erpressung und r uberischer Angriff auf Kraftfahrer    249-252, 255, 316a StGB",5911000,Bochum,insg.,268,195,73,0,0,0,19,19,0,19,19,0,31,29,2,35,27,8,157,111,46,26,9,17,183,120,63,2019
210000,"Raub, r uberische Erpressung und r uberischer Angriff auf Kraftfahrer    249-252, 255, 316a StGB",5314000,Bonn,voll.,276,219,57,0,0,0,10,9,1,10,9,1,61,57,4,33,27,6,159,120,39,13,6,7,172,126,46,2019
210000,"Raub, r uberische Erpressung und r uberischer Angriff auf Kraftfahrer    249-252, 255, 316a StGB",5314000,Bonn,vers.,73,55,18,0,0,0,8,8,0,8,8,0,10,9,1,5,5,0,43,30,13,7,3,4,50,33,17,2019
210000,"Raub, r uberische Erpressung und r uberischer Angriff auf Kraftfahrer    249-252, 255, 316a StGB",5314000,Bonn,insg.,349,274,75,0,0,0,18,17,1,18,17,1,71,66,5,38,32,6,202,150,52,20,9,11,222,159,63,2019
210000,"Raub, r uberische Erpressung und r uberischer Angriff auf Kraftfahrer    249-252, 255, 316a StGB",5512000,Bottrop,voll.,72,45,27,0,0,0,1,1,0,1,1,0,5,3,2,7,6,1,46,27,19,13,8,5,59,35,24,2019
210000,"Raub, r uberische Erpressung und r uberischer Angriff auf Kraftfahrer    249-252, 255, 316a StGB",5512000,Bottrop,vers.,21,16,5,0,0,0,0,0,0,0,0,0,2,2,0,2,2,0,15,11,4,2,1,1,17,12,5,2019
210000,"Raub, r uberische Erpressung und r uberischer Angriff auf Kraftfahrer    249-252, 255, 316a StGB",5512000,Bottrop,insg.,93,61,32,0,0,0,1,1,0,1,1,0,7,5,2,9,8,1,61,38,23,15,9,6,76,47,29,2019
210000,"Raub, r uberische Erpressung und r uberischer Angriff auf Kraftfahrer    249-252, 255, 316a StGB",3101000,Braunschweig,voll.,134,87,47,0,0,0,1,1,0,1,1,0,5,2,3,16,14,2,96,66,30,16,4,12,112,70,42,2019
210000,"Raub, r uberische Erpressung und r uberischer Angriff auf Kraftfahrer    249-252, 255, 316a StGB",3101000,Braunschweig,vers.,18,15,3,0,0,0,0,0,0,0,0,0,1,1,0,0,0,0,14,12,2,3,2,1,17,14,3,2019
210000,"Raub, r uberische Erpressung und r uberischer Angriff auf Kraftfahrer    249-252, 255, 316a StGB",3101000,Braunschweig,insg.,152,102,50,0,0,0,1,1,0,1,1,0,6,3,3,16,14,2,110,78,32,19,6,13,129,84,45,2019
210000,"Raub, r uberische Erpressung und r uberischer Angriff auf Kraftfahrer    249-252, 255, 316a StGB",4011000,Bremen,voll.,716,500,216,0,0,0,9,8,1,9,8,1,65,56,9,81,71,10,483,331,152,78,34,44,561,365,196,2019
210000,"Raub, r uberische Erpressung und r uberischer Angriff auf Kraftfahrer    249-252, 255, 316a StGB",4011000,Bremen,vers.,128,92,36,0,0,0,2,2,0,2,2,0,7,7,0,10,9,1,86,62,24,23,12,11,109,74,35,2019
210000,"Raub, r uberische Erpressung und r uberischer Angriff auf Kraftfahrer    249-252, 255, 316a StGB",4011000,Bremen,insg.,844,592,252,0,0,0,11,10,1,11,10,1,72,63,9,91,80,11,569,393,176,101,46,55,670,439,231,2019
210000,"Raub, r uberische Erpressung und r uberischer Angriff auf Kraftfahrer    249-252, 255, 316a StGB",4012000,Bremerhaven,voll.,178,123,55,0,0,0,1,1,0,1,1,0,9,8,1,19,14,5,124,89,35,25,11,14,149,100,49,2019
210000,"Raub, r uberische Erpressung und r uberischer Angriff auf Kraftfahrer    249-252, 255, 316a StGB",4012000,Bremerhaven,vers.,24,14,10,0,0,0,0,0,0,0,0,0,1,1,0,1,1,0,19,11,8,3,1,2,22,12,10,2019
210000,"Raub, r uberische Erpressung und r uberischer Angriff auf Kraftfahrer    249-252, 255, 316a StGB",4012000,Bremerhaven,insg.,202,137,65,0,0,0,1,1,0,1,1,0,10,9,1,20,15,5,143,100,43,28,12,16,171,112,59,2019
210000,"Raub, r uberische Erpressung und r uberischer Angriff auf Kraftfahrer    249-252, 255, 316a StGB",14511000,Chemnitz,voll.,167,127,40,2,1,1,9,9,0,11,10,1,18,17,1,14,12,2,104,79,25,20,9,11,124,88,36,2019
210000,"Raub, r uberische Erpressung und r uberischer Angriff auf Kraftfahrer    249-252, 255, 316a StGB",14511000,Chemnitz,vers.,23,14,9,0,0,0,1,1,0,1,1,0,4,3,1,0,0,0,17,10,7,1,0,1,18,10,8,2019
210000,"Raub, r uberische Erpressung und r uberischer Angriff auf Kraftfahrer    249-252, 255, 316a StGB",14511000,Chemnitz,insg.,190,141,49,2,1,1,10,10,0,12,11,1,22,20,2,14,12,2,121,89,32,21,9,12,142,98,44,2019
210000,"Raub, r uberische Erpressung und r uberischer Angriff auf Kraftfahrer    249-252, 255, 316a StGB",12052000,Cottbus,voll.,62,48,14,0,0,0,3,3,0,3,3,0,1,0,1,6,6,0,45,34,11,7,5,2,52,39,13,2019
210000,"Raub, r uberische Erpressung und r uberischer Angriff auf Kraftfahrer    249-252, 255, 316a StGB",12052000,Cottbus,vers.,7,5,2,0,0,0,0,0,0,0,0,0,0,0,0,0,0,0,6,5,1,1,0,1,7,5,2,2019
210000,"Raub, r uberische Erpressung und r uberischer Angriff auf Kraftfahrer    249-252, 255, 316a StGB",12052000,Cottbus,insg.,69,53,16,0,0,0,3,3,0,3,3,0,1,0,1,6,6,0,51,39,12,8,5,3,59,44,15,2019
210000,"Raub, r uberische Erpressung und r uberischer Angriff auf Kraftfahrer    249-252, 255, 316a StGB",6411000,Darmstadt,voll.,79,60,19,0,0,0,0,0,0,0,0,0,9,9,0,8,6,2,54,42,12,8,3,5,62,45,17,2019
210000,"Raub, r uberische Erpressung und r uberischer Angriff auf Kraftfahrer    249-252, 255, 316a StGB",6411000,Darmstadt,vers.,12,10,2,0,0,0,2,2,0,2,2,0,2,1,1,2,2,0,6,5,1,0,0,0,6,5,1,2019
210000,"Raub, r uberische Erpressung und r uberischer Angriff auf Kraftfahrer    249-252, 255, 316a StGB",6411000,Darmstadt,insg.,91,70,21,0,0,0,2,2,0,2,2,0,11,10,1,10,8,2,60,47,13,8,3,5,68,50,18,2019
210000,"Raub, r uberische Erpressung und r uberischer Angriff auf Kraftfahrer    249-252, 255, 316a StGB",5913000,Dortmund,voll.,600,472,128,0,0,0,25,24,1,25,24,1,90,78,12,61,51,10,380,298,82,44,21,23,424,319,105,2019
210000,"Raub, r uberische Erpressung und r uberischer Angriff auf Kraftfahrer    249-252, 255, 316a StGB",5913000,Dortmund,vers.,136,101,35,0,0,0,11,10,1,11,10,1,24,21,3,16,12,4,71,52,19,14,6,8,85,58,27,2019
210000,"Raub, r uberische Erpressung und r uberischer Angriff auf Kraftfahrer    249-252, 255, 316a StGB",5913000,Dortmund,insg.,736,573,163,0,0,0,36,34,2,36,34,2,114,99,15,77,63,14,451,350,101,58,27,31,509,377,132,2019
210000,"Raub, r uberische Erpressung und r uberischer Angriff auf Kraftfahrer    249-252, 255, 316a StGB",14612000,Dresden,voll.,409,335,74,0,0,0,10,9,1,10,9,1,35,31,4,49,43,6,286,231,55,29,21,8,315,252,63,2019
210000,"Raub, r uberische Erpressung und r uberischer Angriff auf Kraftfahrer    249-252, 255, 316a StGB",14612000,Dresden,vers.,77,58,19,0,0,0,4,4,0,4,4,0,6,5,1,7,5,2,59,44,15,1,0,1,60,44,16,2019
210000,"Raub, r uberische Erpressung und r uberischer Angriff auf Kraftfahrer    249-252, 255, 316a StGB",14612000,Dresden,insg.,486,393,93,0,0,0,14,13,1,14,13,1,41,36,5,56,48,8,345,275,70,30,21,9,375,296,79,2019
210000,"Raub, r uberische Erpressung und r uberischer Angriff auf Kraftfahrer    249-252, 255, 316a StGB",5112000,Duisburg,voll.,382,269,113,1,1,0,23,19,4,24,20,4,59,53,6,32,24,8,217,149,68,50,23,27,267,172,95,2019
210000,"Raub, r uberische Erpressung und r uberischer Angriff auf Kraftfahrer    249-252, 255, 316a StGB",5112000,Duisburg,vers.,121,80,41,0,0,0,16,8,8,16,8,8,25,23,2,12,11,1,57,34,23,11,4,7,68,38,30,2019
210000,"Raub, r uberische Erpressung und r uberischer Angriff auf Kraftfahrer    249-252, 255, 316a StGB",5112000,Duisburg,insg.,503,349,154,1,1,0,39,27,12,40,28,12,84,76,8,44,35,9,274,183,91,61,27,34,335,210,125,2019
210000,"Raub, r uberische Erpressung und r uberischer Angriff auf Kraftfahrer    249-252, 255, 316a StGB",5111000,D sseldorf,voll.,453,352,101,1,0,1,12,10,2,13,10,3,73,69,4,54,48,6,269,202,67,44,23,21,313,225,88,2019
210000,"Raub, r uberische Erpressung und r uberischer Angriff auf Kraftfahrer    249-252, 255, 316a StGB",5111000,D sseldorf,vers.,114,84,30,0,0,0,6,6,0,6,6,0,8,5,3,9,8,1,80,59,21,11,6,5,91,65,26,2019
210000,"Raub, r uberische Erpressung und r uberischer Angriff auf Kraftfahrer    249-252, 255, 316a StGB",5111000,D sseldorf,insg.,567,436,131,1,0,1,18,16,2,19,16,3,81,74,7,63,56,7,349,261,88,55,29,26,404,290,114,2019
210000,"Raub, r uberische Erpressung und r uberischer Angriff auf Kraftfahrer    249-252, 255, 316a StGB",16051000,Erfurt,voll.,105,68,37,0,0,0,1,1,0,1,1,0,10,7,3,14,10,4,68,43,25,12,7,5,80,50,30,2019
210000,"Raub, r uberische Erpressung und r uberischer Angriff auf Kraftfahrer    249-252, 255, 316a StGB",16051000,Erfurt,vers.,25,21,4,0,0,0,2,2,0,2,2,0,9,9,0,4,4,0,9,5,4,1,1,0,10,6,4,2019
210000,"Raub, r uberische Erpressung und r uberischer Angriff auf Kraftfahrer    249-252, 255, 316a StGB",16051000,Erfurt,insg.,130,89,41,0,0,0,3,3,0,3,3,0,19,16,3,18,14,4,77,48,29,13,8,5,90,56,34,2019
210000,"Raub, r uberische Erpressung und r uberischer Angriff auf Kraftfahrer    249-252, 255, 316a StGB",9562000,Erlangen,voll.,22,13,9,0,0,0,1,1,0,1,1,0,1,1,0,4,2,2,15,9,6,1,0,1,16,9,7,2019
210000,"Raub, r uberische Erpressung und r uberischer Angriff auf Kraftfahrer    249-252, 255, 316a StGB",9562000,Erlangen,vers.,5,2,3,0,0,0,1,1,0,1,1,0,0,0,0,1,1,0,2,0,2,1,0,1,3,0,3,2019
210000,"Raub, r uberische Erpressung und r uberischer Angriff auf Kraftfahrer    249-252, 255, 316a StGB",9562000,Erlangen,insg.,27,15,12,0,0,0,2,2,0,2,2,0,1,1,0,5,3,2,17,9,8,2,0,2,19,9,10,2019
210000,"Raub, r uberische Erpressung und r uberischer Angriff auf Kraftfahrer    249-252, 255, 316a StGB",5113000,Essen,voll.,404,282,122,0,0,0,14,11,3,14,11,3,54,47,7,35,26,9,253,177,76,48,21,27,301,198,103,2019
210000,"Raub, r uberische Erpressung und r uberischer Angriff auf Kraftfahrer    249-252, 255, 316a StGB",5113000,Essen,vers.,107,81,26,0,0,0,11,9,2,11,9,2,8,7,1,6,2,4,68,55,13,14,8,6,82,63,19,2019
210000,"Raub, r uberische Erpressung und r uberischer Angriff auf Kraftfahrer    249-252, 255, 316a StGB",5113000,Essen,insg.,511,363,148,0,0,0,25,20,5,25,20,5,62,54,8,41,28,13,321,232,89,62,29,33,383,261,122,2019
210000,"Raub, r uberische Erpressung und r uberischer Angriff auf Kraftfahrer    249-252, 255, 316a StGB",6412000,Frankfurt am Main,voll.,749,604,145,0,0,0,24,22,2,24,22,2,95,87,8,75,67,8,504,396,108,51,32,19,555,428,127,2019
210000,"Raub, r uberische Erpressung und r uberischer Angriff auf Kraftfahrer    249-252, 255, 316a StGB",6412000,Frankfurt am Main,vers.,198,143,55,1,0,1,17,15,2,18,15,3,26,23,3,17,12,5,122,83,39,15,10,5,137,93,44,2019
210000,"Raub, r uberische Erpressung und r uberischer Angriff auf Kraftfahrer    249-252, 255, 316a StGB",6412000,Frankfurt am Main,insg.,947,747,200,1,0,1,41,37,4,42,37,5,121,110,11,92,79,13,626,479,147,66,42,24,692,521,171,2019
210000,"Raub, r uberische Erpressung und r uberischer Angriff auf Kraftfahrer    249-252, 255, 316a StGB",8311000,Freiburg im Breisgau,voll.,137,116,21,1,1,0,3,3,0,4,4,0,17,17,0,18,15,3,89,73,16,9,7,2,98,80,18,2019
210000,"Raub, r uberische Erpressung und r uberischer Angriff auf Kraftfahrer    249-252, 255, 316a StGB",8311000,Freiburg im Breisgau,vers.,24,17,7,2,2,0,0,0,0,2,2,0,2,2,0,6,4,2,12,9,3,2,0,2,14,9,5,2019
210000,"Raub, r uberische Erpressung und r uberischer Angriff auf Kraftfahrer    249-252, 255, 316a StGB",8311000,Freiburg im Breisgau,insg.,161,133,28,3,3,0,3,3,0,6,6,0,19,19,0,24,19,5,101,82,19,11,7,4,112,89,23,2019
210000,"Raub, r uberische Erpressung und r uberischer Angriff auf Kraftfahrer    249-252, 255, 316a StGB",9563000,F rth,voll.,24,14,10,0,0,0,1,0,1,1,0,1,3,3,0,2,2,0,15,7,8,3,2,1,18,9,9,2019
210000,"Raub, r uberische Erpressung und r uberischer Angriff auf Kraftfahrer    249-252, 255, 316a StGB",9563000,F rth,vers.,5,2,3,0,0,0,0,0,0,0,0,0,0,0,0,0,0,0,4,2,2,1,0,1,5,2,3,2019
210000,"Raub, r uberische Erpressung und r uberischer Angriff auf Kraftfahrer    249-252, 255, 316a StGB",9563000,F rth,insg.,29,16,13,0,0,0,1,0,1,1,0,1,3,3,0,2,2,0,19,9,10,4,2,2,23,11,12,2019
210000,"Raub, r uberische Erpressung und r uberischer Angriff auf Kraftfahrer    249-252, 255, 316a StGB",5513000,Gelsenkirchen,voll.,236,171,65,1,0,1,10,10,0,11,10,1,32,28,4,22,19,3,152,102,50,19,12,7,171,114,57,2019
210000,"Raub, r uberische Erpressung und r uberischer Angriff auf Kraftfahrer    249-252, 255, 316a StGB",5513000,Gelsenkirchen,vers.,55,45,10,0,0,0,9,9,0,9,9,0,14,13,1,5,5,0,23,16,7,4,2,2,27,18,9,2019
210000,"Raub, r uberische Erpressung und r uberischer Angriff auf Kraftfahrer    249-252, 255, 316a StGB",5513000,Gelsenkirchen,insg.,291,216,75,1,0,1,19,19,0,20,19,1,46,41,5,27,24,3,175,118,57,23,14,9,198,132,66,2019
210000,"Raub, r uberische Erpressung und r uberischer Angriff auf Kraftfahrer    249-252, 255, 316a StGB",3159016,G ttingen,voll.,89,68,21,2,0,2,1,1,0,3,1,2,11,5,6,13,13,0,56,46,10,6,3,3,62,49,13,2019
210000,"Raub, r uberische Erpressung und r uberischer Angriff auf Kraftfahrer    249-252, 255, 316a StGB",3159016,G ttingen,vers.,20,14,6,0,0,0,2,2,0,2,2,0,1,1,0,4,3,1,12,8,4,1,0,1,13,8,5,2019
210000,"Raub, r uberische Erpressung und r uberischer Angriff auf Kraftfahrer    249-252, 255, 316a StGB",3159016,G ttingen,insg.,109,82,27,2,0,2,3,3,0,5,3,2,12,6,6,17,16,1,68,54,14,7,3,4,75,57,18,2019
210000,"Raub, r uberische Erpressung und r uberischer Angriff auf Kraftfahrer    249-252, 255, 316a StGB",5754008,G tersloh,voll.,54,40,14,0,0,0,0,0,0,0,0,0,7,6,1,6,3,3,38,29,9,3,2,1,41,31,10,2019
210000,"Raub, r uberische Erpressung und r uberischer Angriff auf Kraftfahrer    249-252, 255, 316a StGB",5754008,G tersloh,vers.,13,8,5,0,0,0,0,0,0,0,0,0,0,0,0,1,0,1,12,8,4,0,0,0,12,8,4,2019
210000,"Raub, r uberische Erpressung und r uberischer Angriff auf Kraftfahrer    249-252, 255, 316a StGB",5754008,G tersloh,insg.,67,48,19,0,0,0,0,0,0,0,0,0,7,6,1,7,3,4,50,37,13,3,2,1,53,39,14,2019
210000,"Raub, r uberische Erpressung und r uberischer Angriff auf Kraftfahrer    249-252, 255, 316a StGB",5914000,Hagen,voll.,153,117,36,1,1,0,10,7,3,11,8,3,20,18,2,26,22,4,79,60,19,17,9,8,96,69,27,2019
210000,"Raub, r uberische Erpressung und r uberischer Angriff auf Kraftfahrer    249-252, 255, 316a StGB",5914000,Hagen,vers.,30,21,9,0,0,0,0,0,0,0,0,0,1,1,0,2,2,0,23,17,6,4,1,3,27,18,9,2019
210000,"Raub, r uberische Erpressung und r uberischer Angriff auf Kraftfahrer    249-252, 255, 316a StGB",5914000,Hagen,insg.,183,138,45,1,1,0,10,7,3,11,8,3,21,19,2,28,24,4,102,77,25,21,10,11,123,87,36,2019
210000,"Raub, r uberische Erpressung und r uberischer Angriff auf Kraftfahrer    249-252, 255, 316a StGB",15002000,Halle (Saale),voll.,252,185,67,0,0,0,4,3,1,4,3,1,36,35,1,17,15,2,169,118,51,26,14,12,195,132,63,2019
210000,"Raub, r uberische Erpressung und r uberischer Angriff auf Kraftfahrer    249-252, 255, 316a StGB",15002000,Halle (Saale),vers.,51,30,21,0,0,0,6,6,0,6,6,0,5,3,2,4,4,0,31,16,15,5,1,4,36,17,19,2019
210000,"Raub, r uberische Erpressung und r uberischer Angriff auf Kraftfahrer    249-252, 255, 316a StGB",15002000,Halle (Saale),insg.,303,215,88,0,0,0,10,9,1,10,9,1,41,38,3,21,19,2,200,134,66,31,15,16,231,149,82,2019
210000,"Raub, r uberische Erpressung und r uberischer Angriff auf Kraftfahrer    249-252, 255, 316a StGB",2000000,Hamburg,voll.,1644,1306,338,2,2,0,69,66,3,71,68,3,175,157,18,177,144,33,1114,875,239,107,62,45,1221,937,284,2019
210000,"Raub, r uberische Erpressung und r uberischer Angriff auf Kraftfahrer    249-252, 255, 316a StGB",2000000,Hamburg,vers.,353,252,101,1,0,1,28,24,4,29,24,5,33,27,6,29,27,2,233,157,76,29,17,12,262,174,88,2019
210000,"Raub, r uberische Erpressung und r uberischer Angriff auf Kraftfahrer    249-252, 255, 316a StGB",2000000,Hamburg,insg.,1997,1558,439,3,2,1,97,90,7,100,92,8,208,184,24,206,171,35,1347,1032,315,136,79,57,1483,1111,372,2019
210000,"Raub, r uberische Erpressung und r uberischer Angriff auf Kraftfahrer    249-252, 255, 316a StGB",5915000,Hamm,voll.,122,88,34,0,0,0,2,2,0,2,2,0,10,9,1,8,8,0,92,66,26,10,3,7,102,69,33,2019
210000,"Raub, r uberische Erpressung und r uberischer Angriff auf Kraftfahrer    249-252, 255, 316a StGB",5915000,Hamm,vers.,24,14,10,0,0,0,0,0,0,0,0,0,3,1,2,0,0,0,18,12,6,3,1,2,21,13,8,2019
210000,"Raub, r uberische Erpressung und r uberischer Angriff auf Kraftfahrer    249-252, 255, 316a StGB",5915000,Hamm,insg.,146,102,44,0,0,0,2,2,0,2,2,0,13,10,3,8,8,0,110,78,32,13,4,9,123,82,41,2019
210000,"Raub, r uberische Erpressung und r uberischer Angriff auf Kraftfahrer    249-252, 255, 316a StGB",3241001,Hannover,voll.,478,360,118,0,0,0,12,9,3,12,9,3,38,32,6,40,33,7,353,268,85,35,18,17,388,286,102,2019
210000,"Raub, r uberische Erpressung und r uberischer Angriff auf Kraftfahrer    249-252, 255, 316a StGB",3241001,Hannover,vers.,94,72,22,1,1,0,4,4,0,5,5,0,9,9,0,11,8,3,56,44,12,13,6,7,69,50,19,2019
210000,"Raub, r uberische Erpressung und r uberischer Angriff auf Kraftfahrer    249-252, 255, 316a StGB",3241001,Hannover,insg.,572,432,140,1,1,0,16,13,3,17,14,3,47,41,6,51,41,10,409,312,97,48,24,24,457,336,121,2019
210000,"Raub, r uberische Erpressung und r uberischer Angriff auf Kraftfahrer    249-252, 255, 316a StGB",8221000,Heidelberg,voll.,57,44,13,0,0,0,4,2,2,4,2,2,5,4,1,8,6,2,37,31,6,3,1,2,40,32,8,2019
210000,"Raub, r uberische Erpressung und r uberischer Angriff auf Kraftfahrer    249-252, 255, 316a StGB",8221000,Heidelberg,vers.,12,9,3,0,0,0,2,2,0,2,2,0,0,0,0,1,1,0,9,6,3,0,0,0,9,6,3,2019
210000,"Raub, r uberische Erpressung und r uberischer Angriff auf Kraftfahrer    249-252, 255, 316a StGB",8221000,Heidelberg,insg.,69,53,16,0,0,0,6,4,2,6,4,2,5,4,1,9,7,2,46,37,9,3,1,2,49,38,11,2019
210000,"Raub, r uberische Erpressung und r uberischer Angriff auf Kraftfahrer    249-252, 255, 316a StGB",8121000,Heilbronn,voll.,33,25,8,0,0,0,2,1,1,2,1,1,2,1,1,3,2,1,26,21,5,0,0,0,26,21,5,2019
210000,"Raub, r uberische Erpressung und r uberischer Angriff auf Kraftfahrer    249-252, 255, 316a StGB",8121000,Heilbronn,vers.,8,3,5,0,0,0,1,0,1,1,0,1,1,1,0,1,0,1,2,1,1,3,1,2,5,2,3,2019
210000,"Raub, r uberische Erpressung und r uberischer Angriff auf Kraftfahrer    249-252, 255, 316a StGB",8121000,Heilbronn,insg.,41,28,13,0,0,0,3,1,2,3,1,2,3,2,1,4,2,2,28,22,6,3,1,2,31,23,8,2019
210000,"Raub, r uberische Erpressung und r uberischer Angriff auf Kraftfahrer    249-252, 255, 316a StGB",5916000,Herne,voll.,96,67,29,0,0,0,10,8,2,10,8,2,15,14,1,6,5,1,58,37,21,7,3,4,65,40,25,2019
210000,"Raub, r uberische Erpressung und r uberischer Angriff auf Kraftfahrer    249-252, 255, 316a StGB",5916000,Herne,vers.,26,16,10,0,0,0,2,2,0,2,2,0,5,5,0,5,4,1,14,5,9,0,0,0,14,5,9,2019
210000,"Raub, r uberische Erpressung und r uberischer Angriff auf Kraftfahrer    249-252, 255, 316a StGB",5916000,Herne,insg.,122,83,39,0,0,0,12,10,2,12,10,2,20,19,1,11,9,2,72,42,30,7,3,4,79,45,34,2019
210000,"Raub, r uberische Erpressung und r uberischer Angriff auf Kraftfahrer    249-252, 255, 316a StGB",3254021,Hildesheim,voll.,69,54,15,0,0,0,6,6,0,6,6,0,11,11,0,4,4,0,41,30,11,7,3,4,48,33,15,2019
210000,"Raub, r uberische Erpressung und r uberischer Angriff auf Kraftfahrer    249-252, 255, 316a StGB",3254021,Hildesheim,vers.,19,14,5,0,0,0,2,1,1,2,1,1,1,1,0,3,3,0,10,7,3,3,2,1,13,9,4,2019
210000,"Raub, r uberische Erpressung und r uberischer Angriff auf Kraftfahrer    249-252, 255, 316a StGB",3254021,Hildesheim,insg.,88,68,20,0,0,0,8,7,1,8,7,1,12,12,0,7,7,0,51,37,14,10,5,5,61,42,19,2019
210000,"Raub, r uberische Erpressung und r uberischer Angriff auf Kraftfahrer    249-252, 255, 316a StGB",9161000,Ingolstadt,voll.,47,29,18,0,0,0,1,1,0,1,1,0,5,3,2,2,1,1,33,20,13,6,4,2,39,24,15,2019
210000,"Raub, r uberische Erpressung und r uberischer Angriff auf Kraftfahrer    249-252, 255, 316a StGB",9161000,Ingolstadt,vers.,9,3,6,1,0,1,0,0,0,1,0,1,0,0,0,0,0,0,7,3,4,1,0,1,8,3,5,2019
210000,"Raub, r uberische Erpressung und r uberischer Angriff auf Kraftfahrer    249-252, 255, 316a StGB",9161000,Ingolstadt,insg.,56,32,24,1,0,1,1,1,0,2,1,1,5,3,2,2,1,1,40,23,17,7,4,3,47,27,20,2019
210000,"Raub, r uberische Erpressung und r uberischer Angriff auf Kraftfahrer    249-252, 255, 316a StGB",16053000,Jena,voll.,48,42,6,0,0,0,1,1,0,1,1,0,3,2,1,4,4,0,38,33,5,2,2,0,40,35,5,2019
210000,"Raub, r uberische Erpressung und r uberischer Angriff auf Kraftfahrer    249-252, 255, 316a StGB",16053000,Jena,vers.,10,9,1,0,0,0,1,1,0,1,1,0,0,0,0,3,3,0,5,5,0,1,0,1,6,5,1,2019
210000,"Raub, r uberische Erpressung und r uberischer Angriff auf Kraftfahrer    249-252, 255, 316a StGB",16053000,Jena,insg.,58,51,7,0,0,0,2,2,0,2,2,0,3,2,1,7,7,0,43,38,5,3,2,1,46,40,6,2019
210000,"Raub, r uberische Erpressung und r uberischer Angriff auf Kraftfahrer    249-252, 255, 316a StGB",8212000,Karlsruhe,voll.,176,138,38,0,0,0,2,2,0,2,2,0,14,13,1,30,25,5,111,89,22,19,9,10,130,98,32,2019
210000,"Raub, r uberische Erpressung und r uberischer Angriff auf Kraftfahrer    249-252, 255, 316a StGB",8212000,Karlsruhe,vers.,43,33,10,0,0,0,1,1,0,1,1,0,3,3,0,5,5,0,29,20,9,5,4,1,34,24,10,2019
210000,"Raub, r uberische Erpressung und r uberischer Angriff auf Kraftfahrer    249-252, 255, 316a StGB",8212000,Karlsruhe,insg.,219,171,48,0,0,0,3,3,0,3,3,0,17,16,1,35,30,5,140,109,31,24,13,11,164,122,42,2019
210000,"Raub, r uberische Erpressung und r uberischer Angriff auf Kraftfahrer    249-252, 255, 316a StGB",6611000,Kassel,voll.,167,119,48,1,1,0,1,1,0,2,2,0,8,6,2,15,13,2,122,85,37,20,13,7,142,98,44,2019
210000,"Raub, r uberische Erpressung und r uberischer Angriff auf Kraftfahrer    249-252, 255, 316a StGB",6611000,Kassel,vers.,43,27,16,0,0,0,2,1,1,2,1,1,0,0,0,2,2,0,38,24,14,1,0,1,39,24,15,2019
210000,"Raub, r uberische Erpressung und r uberischer Angriff auf Kraftfahrer    249-252, 255, 316a StGB",6611000,Kassel,insg.,210,146,64,1,1,0,3,2,1,4,3,1,8,6,2,17,15,2,160,109,51,21,13,8,181,122,59,2019
210000,"Raub, r uberische Erpressung und r uberischer Angriff auf Kraftfahrer    249-252, 255, 316a StGB",1002000,Kiel,voll.,208,158,50,0,0,0,2,2,0,2,2,0,28,25,3,23,18,5,133,104,29,22,9,13,155,113,42,2019
210000,"Raub, r uberische Erpressung und r uberischer Angriff auf Kraftfahrer    249-252, 255, 316a StGB",1002000,Kiel,vers.,43,32,11,0,0,0,2,2,0,2,2,0,4,3,1,3,3,0,30,20,10,4,4,0,34,24,10,2019
210000,"Raub, r uberische Erpressung und r uberischer Angriff auf Kraftfahrer    249-252, 255, 316a StGB",1002000,Kiel,insg.,251,190,61,0,0,0,4,4,0,4,4,0,32,28,4,26,21,5,163,124,39,26,13,13,189,137,52,2019
210000,"Raub, r uberische Erpressung und r uberischer Angriff auf Kraftfahrer    249-252, 255, 316a StGB",7111000,Koblenz,voll.,65,47,18,0,0,0,2,2,0,2,2,0,13,9,4,7,5,2,39,28,11,4,3,1,43,31,12,2019
210000,"Raub, r uberische Erpressung und r uberischer Angriff auf Kraftfahrer    249-252, 255, 316a StGB",7111000,Koblenz,vers.,19,16,3,0,0,0,1,1,0,1,1,0,2,2,0,1,1,0,14,11,3,1,1,0,15,12,3,2019
210000,"Raub, r uberische Erpressung und r uberischer Angriff auf Kraftfahrer    249-252, 255, 316a StGB",7111000,Koblenz,insg.,84,63,21,0,0,0,3,3,0,3,3,0,15,11,4,8,6,2,53,39,14,5,4,1,58,43,15,2019
210000,"Raub, r uberische Erpressung und r uberischer Angriff auf Kraftfahrer    249-252, 255, 316a StGB",5315000,K ln,voll.,1036,772,264,0,0,0,29,25,4,29,25,4,107,99,8,103,83,20,698,519,179,99,46,53,797,565,232,2019
210000,"Raub, r uberische Erpressung und r uberischer Angriff auf Kraftfahrer    249-252, 255, 316a StGB",5315000,K ln,vers.,259,175,84,1,1,0,20,16,4,21,17,4,31,26,5,30,26,4,152,97,55,25,9,16,177,106,71,2019
210000,"Raub, r uberische Erpressung und r uberischer Angriff auf Kraftfahrer    249-252, 255, 316a StGB",5315000,K ln,insg.,1295,947,348,1,1,0,49,41,8,50,42,8,138,125,13,133,109,24,850,616,234,124,55,69,974,671,303,2019
210000,"Raub, r uberische Erpressung und r uberischer Angriff auf Kraftfahrer    249-252, 255, 316a StGB",5114000,Krefeld,voll.,201,137,64,0,0,0,5,5,0,5,5,0,16,15,1,19,13,6,142,95,47,19,9,10,161,104,57,2019
210000,"Raub, r uberische Erpressung und r uberischer Angriff auf Kraftfahrer    249-252, 255, 316a StGB",5114000,Krefeld,vers.,45,31,14,0,0,0,3,3,0,3,3,0,3,3,0,5,4,1,29,19,10,5,2,3,34,21,13,2019
210000,"Raub, r uberische Erpressung und r uberischer Angriff auf Kraftfahrer    249-252, 255, 316a StGB",5114000,Krefeld,insg.,246,168,78,0,0,0,8,8,0,8,8,0,19,18,1,24,17,7,171,114,57,24,11,13,195,125,70,2019
210000,"Raub, r uberische Erpressung und r uberischer Angriff auf Kraftfahrer    249-252, 255, 316a StGB",14713000,Leipzig,voll.,469,360,109,0,0,0,10,8,2,10,8,2,70,67,3,48,40,8,295,232,63,46,13,33,341,245,96,2019
210000,"Raub, r uberische Erpressung und r uberischer Angriff auf Kraftfahrer    249-252, 255, 316a StGB",14713000,Leipzig,vers.,54,44,10,0,0,0,4,4,0,4,4,0,6,6,0,4,4,0,36,27,9,4,3,1,40,30,10,2019
210000,"Raub, r uberische Erpressung und r uberischer Angriff auf Kraftfahrer    249-252, 255, 316a StGB",14713000,Leipzig,insg.,523,404,119,0,0,0,14,12,2,14,12,2,76,73,3,52,44,8,331,259,72,50,16,34,381,275,106,2019
210000,"Raub, r uberische Erpressung und r uberischer Angriff auf Kraftfahrer    249-252, 255, 316a StGB",5316000,Leverkusen,voll.,78,57,21,0,0,0,3,2,1,3,2,1,20,16,4,10,8,2,40,28,12,5,3,2,45,31,14,2019
210000,"Raub, r uberische Erpressung und r uberischer Angriff auf Kraftfahrer    249-252, 255, 316a StGB",5316000,Leverkusen,vers.,13,9,4,0,0,0,0,0,0,0,0,0,1,1,0,2,2,0,9,6,3,1,0,1,10,6,4,2019
210000,"Raub, r uberische Erpressung und r uberischer Angriff auf Kraftfahrer    249-252, 255, 316a StGB",5316000,Leverkusen,insg.,91,66,25,0,0,0,3,2,1,3,2,1,21,17,4,12,10,2,49,34,15,6,3,3,55,37,18,2019
210000,"Raub, r uberische Erpressung und r uberischer Angriff auf Kraftfahrer    249-252, 255, 316a StGB",1003000,L beck,voll.,163,112,51,0,0,0,3,2,1,3,2,1,11,10,1,11,11,0,113,81,32,25,8,17,138,89,49,2019
210000,"Raub, r uberische Erpressung und r uberischer Angriff auf Kraftfahrer    249-252, 255, 316a StGB",1003000,L beck,vers.,31,23,8,0,0,0,3,3,0,3,3,0,4,4,0,4,3,1,18,12,6,2,1,1,20,13,7,2019
210000,"Raub, r uberische Erpressung und r uberischer Angriff auf Kraftfahrer    249-252, 255, 316a StGB",1003000,L beck,insg.,194,135,59,0,0,0,6,5,1,6,5,1,15,14,1,15,14,1,131,93,38,27,9,18,158,102,56,2019
210000,"Raub, r uberische Erpressung und r uberischer Angriff auf Kraftfahrer    249-252, 255, 316a StGB",7314000,Ludwigshafen am Rhein,voll.,165,116,49,0,0,0,23,21,2,23,21,2,33,31,2,8,6,2,77,45,32,24,13,11,101,58,43,2019
210000,"Raub, r uberische Erpressung und r uberischer Angriff auf Kraftfahrer    249-252, 255, 316a StGB",7314000,Ludwigshafen am Rhein,vers.,51,41,10,0,0,0,11,10,1,11,10,1,13,12,1,3,2,1,20,15,5,4,2,2,24,17,7,2019
210000,"Raub, r uberische Erpressung und r uberischer Angriff auf Kraftfahrer    249-252, 255, 316a StGB",7314000,Ludwigshafen am Rhein,insg.,216,157,59,0,0,0,34,31,3,34,31,3,46,43,3,11,8,3,97,60,37,28,15,13,125,75,50,2019
210000,"Raub, r uberische Erpressung und r uberischer Angriff auf Kraftfahrer    249-252, 255, 316a StGB",15003000,Magdeburg,voll.,158,110,48,1,1,0,3,3,0,4,4,0,9,8,1,18,13,5,113,79,34,14,6,8,127,85,42,2019
210000,"Raub, r uberische Erpressung und r uberischer Angriff auf Kraftfahrer    249-252, 255, 316a StGB",15003000,Magdeburg,vers.,37,24,13,0,0,0,4,2,2,4,2,2,2,2,0,5,4,1,23,15,8,3,1,2,26,16,10,2019
210000,"Raub, r uberische Erpressung und r uberischer Angriff auf Kraftfahrer    249-252, 255, 316a StGB",15003000,Magdeburg,insg.,195,134,61,1,1,0,7,5,2,8,6,2,11,10,1,23,17,6,136,94,42,17,7,10,153,101,52,2019
210000,"Raub, r uberische Erpressung und r uberischer Angriff auf Kraftfahrer    249-252, 255, 316a StGB",7315000,Mainz,voll.,101,84,17,0,0,0,6,6,0,6,6,0,31,29,2,15,14,1,46,34,12,3,1,2,49,35,14,2019
210000,"Raub, r uberische Erpressung und r uberischer Angriff auf Kraftfahrer    249-252, 255, 316a StGB",7315000,Mainz,vers.,37,29,8,0,0,0,2,2,0,2,2,0,9,9,0,6,5,1,19,12,7,1,1,0,20,13,7,2019
210000,"Raub, r uberische Erpressung und r uberischer Angriff auf Kraftfahrer    249-252, 255, 316a StGB",7315000,Mainz,insg.,138,113,25,0,0,0,8,8,0,8,8,0,40,38,2,21,19,2,65,46,19,4,2,2,69,48,21,2019
210000,"Raub, r uberische Erpressung und r uberischer Angriff auf Kraftfahrer    249-252, 255, 316a StGB",8222000,Mannheim,voll.,165,124,41,0,0,0,0,0,0,0,0,0,6,6,0,14,8,6,125,101,24,20,9,11,145,110,35,2019
210000,"Raub, r uberische Erpressung und r uberischer Angriff auf Kraftfahrer    249-252, 255, 316a StGB",8222000,Mannheim,vers.,26,16,10,0,0,0,2,2,0,2,2,0,4,2,2,2,1,1,18,11,7,0,0,0,18,11,7,2019
210000,"Raub, r uberische Erpressung und r uberischer Angriff auf Kraftfahrer    249-252, 255, 316a StGB",8222000,Mannheim,insg.,191,140,51,0,0,0,2,2,0,2,2,0,10,8,2,16,9,7,143,112,31,20,9,11,163,121,42,2019
210000,"Raub, r uberische Erpressung und r uberischer Angriff auf Kraftfahrer    249-252, 255, 316a StGB",5170024,Moers,voll.,44,28,16,0,0,0,2,1,1,2,1,1,2,1,1,5,3,2,32,23,9,3,0,3,35,23,12,2019
210000,"Raub, r uberische Erpressung und r uberischer Angriff auf Kraftfahrer    249-252, 255, 316a StGB",5170024,Moers,vers.,21,17,4,0,0,0,5,2,3,5,2,3,8,8,0,0,0,0,7,6,1,1,1,0,8,7,1,2019
210000,"Raub, r uberische Erpressung und r uberischer Angriff auf Kraftfahrer    249-252, 255, 316a StGB",5170024,Moers,insg.,65,45,20,0,0,0,7,3,4,7,3,4,10,9,1,5,3,2,39,29,10,4,1,3,43,30,13,2019
210000,"Raub, r uberische Erpressung und r uberischer Angriff auf Kraftfahrer    249-252, 255, 316a StGB",5116000,M nchengladbach,voll.,175,137,38,0,0,0,7,6,1,7,6,1,26,25,1,16,12,4,110,87,23,16,7,9,126,94,32,2019
210000,"Raub, r uberische Erpressung und r uberischer Angriff auf Kraftfahrer    249-252, 255, 316a StGB",5116000,M nchengladbach,vers.,65,53,12,0,0,0,4,3,1,4,3,1,17,17,0,8,8,0,29,21,8,7,4,3,36,25,11,2019
210000,"Raub, r uberische Erpressung und r uberischer Angriff auf Kraftfahrer    249-252, 255, 316a StGB",5116000,M nchengladbach,insg.,240,190,50,0,0,0,11,9,2,11,9,2,43,42,1,24,20,4,139,108,31,23,11,12,162,119,43,2019
210000,"Raub, r uberische Erpressung und r uberischer Angriff auf Kraftfahrer    249-252, 255, 316a StGB",5117000,M lheim an der Ruhr,voll.,81,48,33,0,0,0,5,5,0,5,5,0,13,12,1,13,10,3,33,17,16,17,4,13,50,21,29,2019
210000,"Raub, r uberische Erpressung und r uberischer Angriff auf Kraftfahrer    249-252, 255, 316a StGB",5117000,M lheim an der Ruhr,vers.,26,22,4,0,0,0,1,1,0,1,1,0,6,6,0,4,4,0,11,9,2,4,2,2,15,11,4,2019
210000,"Raub, r uberische Erpressung und r uberischer Angriff auf Kraftfahrer    249-252, 255, 316a StGB",5117000,M lheim an der Ruhr,insg.,107,70,37,0,0,0,6,6,0,6,6,0,19,18,1,17,14,3,44,26,18,21,6,15,65,32,33,2019
210000,"Raub, r uberische Erpressung und r uberischer Angriff auf Kraftfahrer    249-252, 255, 316a StGB",9162000,M nchen,voll.,413,307,106,1,0,1,15,14,1,16,14,2,52,44,8,37,28,9,279,202,77,29,19,10,308,221,87,2019
210000,"Raub, r uberische Erpressung und r uberischer Angriff auf Kraftfahrer    249-252, 255, 316a StGB",9162000,M nchen,vers.,126,84,42,0,0,0,11,8,3,11,8,3,10,8,2,8,4,4,85,57,28,12,7,5,97,64,33,2019
210000,"Raub, r uberische Erpressung und r uberischer Angriff auf Kraftfahrer    249-252, 255, 316a StGB",9162000,M nchen,insg.,539,391,148,1,0,1,26,22,4,27,22,5,62,52,10,45,32,13,364,259,105,41,26,15,405,285,120,2019
210000,"Raub, r uberische Erpressung und r uberischer Angriff auf Kraftfahrer    249-252, 255, 316a StGB",5515000,M nster,voll.,227,166,61,0,0,0,2,2,0,2,2,0,15,14,1,22,17,5,167,124,43,21,9,12,188,133,55,2019
210000,"Raub, r uberische Erpressung und r uberischer Angriff auf Kraftfahrer    249-252, 255, 316a StGB",5515000,M nster,vers.,44,36,8,0,0,0,4,4,0,4,4,0,9,8,1,7,5,2,21,18,3,3,1,2,24,19,5,2019
210000,"Raub, r uberische Erpressung und r uberischer Angriff auf Kraftfahrer    249-252, 255, 316a StGB",5515000,M nster,insg.,271,202,69,0,0,0,6,6,0,6,6,0,24,22,2,29,22,7,188,142,46,24,10,14,212,152,60,2019
210000,"Raub, r uberische Erpressung und r uberischer Angriff auf Kraftfahrer    249-252, 255, 316a StGB",5162024,Neuss,voll.,102,78,24,0,0,0,3,3,0,3,3,0,14,14,0,13,10,3,66,50,16,6,1,5,72,51,21,2019
210000,"Raub, r uberische Erpressung und r uberischer Angriff auf Kraftfahrer    249-252, 255, 316a StGB",5162024,Neuss,vers.,25,18,7,0,0,0,1,0,1,1,0,1,5,4,1,4,4,0,12,8,4,3,2,1,15,10,5,2019
210000,"Raub, r uberische Erpressung und r uberischer Angriff auf Kraftfahrer    249-252, 255, 316a StGB",5162024,Neuss,insg.,127,96,31,0,0,0,4,3,1,4,3,1,19,18,1,17,14,3,78,58,20,9,3,6,87,61,26,2019
210000,"Raub, r uberische Erpressung und r uberischer Angriff auf Kraftfahrer    249-252, 255, 316a StGB",9564000,N rnberg,voll.,209,139,70,0,0,0,6,5,1,6,5,1,9,7,2,11,7,4,158,113,45,25,7,18,183,120,63,2019
210000,"Raub, r uberische Erpressung und r uberischer Angriff auf Kraftfahrer    249-252, 255, 316a StGB",9564000,N rnberg,vers.,74,47,27,2,1,1,3,1,2,5,2,3,5,4,1,4,1,3,52,38,14,8,2,6,60,40,20,2019
210000,"Raub, r uberische Erpressung und r uberischer Angriff auf Kraftfahrer    249-252, 255, 316a StGB",9564000,N rnberg,insg.,283,186,97,2,1,1,9,6,3,11,7,4,14,11,3,15,8,7,210,151,59,33,9,24,243,160,83,2019
210000,"Raub, r uberische Erpressung und r uberischer Angriff auf Kraftfahrer    249-252, 255, 316a StGB",5119000,Oberhausen,voll.,118,93,25,0,0,0,15,14,1,15,14,1,17,16,1,12,8,4,66,53,13,8,2,6,74,55,19,2019
210000,"Raub, r uberische Erpressung und r uberischer Angriff auf Kraftfahrer    249-252, 255, 316a StGB",5119000,Oberhausen,vers.,40,27,13,0,0,0,3,2,1,3,2,1,9,5,4,5,5,0,22,14,8,1,1,0,23,15,8,2019
210000,"Raub, r uberische Erpressung und r uberischer Angriff auf Kraftfahrer    249-252, 255, 316a StGB",5119000,Oberhausen,insg.,158,120,38,0,0,0,18,16,2,18,16,2,26,21,5,17,13,4,88,67,21,9,3,6,97,70,27,2019
210000,"Raub, r uberische Erpressung und r uberischer Angriff auf Kraftfahrer    249-252, 255, 316a StGB",6413000,Offenbach am Main,voll.,69,56,13,0,0,0,1,1,0,1,1,0,5,5,0,3,3,0,57,46,11,3,1,2,60,47,13,2019
210000,"Raub, r uberische Erpressung und r uberischer Angriff auf Kraftfahrer    249-252, 255, 316a StGB",6413000,Offenbach am Main,vers.,19,15,4,0,0,0,1,1,0,1,1,0,2,2,0,1,1,0,13,10,3,2,1,1,15,11,4,2019
210000,"Raub, r uberische Erpressung und r uberischer Angriff auf Kraftfahrer    249-252, 255, 316a StGB",6413000,Offenbach am Main,insg.,88,71,17,0,0,0,2,2,0,2,2,0,7,7,0,4,4,0,70,56,14,5,2,3,75,58,17,2019
210000,"Raub, r uberische Erpressung und r uberischer Angriff auf Kraftfahrer    249-252, 255, 316a StGB",3403000,Oldenburg (Oldenburg),voll.,115,77,38,0,0,0,1,1,0,1,1,0,14,11,3,13,13,0,79,47,32,8,5,3,87,52,35,2019
210000,"Raub, r uberische Erpressung und r uberischer Angriff auf Kraftfahrer    249-252, 255, 316a StGB",3403000,Oldenburg (Oldenburg),vers.,31,21,10,0,0,0,0,0,0,0,0,0,2,0,2,4,3,1,23,17,6,2,1,1,25,18,7,2019
210000,"Raub, r uberische Erpressung und r uberischer Angriff auf Kraftfahrer    249-252, 255, 316a StGB",3403000,Oldenburg (Oldenburg),insg.,146,98,48,0,0,0,1,1,0,1,1,0,16,11,5,17,16,1,102,64,38,10,6,4,112,70,42,2019
210000,"Raub, r uberische Erpressung und r uberischer Angriff auf Kraftfahrer    249-252, 255, 316a StGB",3404000,Osnabr ck,voll.,139,98,41,0,0,0,0,0,0,0,0,0,11,9,2,21,15,6,98,69,29,9,5,4,107,74,33,2019
210000,"Raub, r uberische Erpressung und r uberischer Angriff auf Kraftfahrer    249-252, 255, 316a StGB",3404000,Osnabr ck,vers.,31,23,8,0,0,0,3,2,1,3,2,1,5,5,0,6,5,1,15,9,6,2,2,0,17,11,6,2019
210000,"Raub, r uberische Erpressung und r uberischer Angriff auf Kraftfahrer    249-252, 255, 316a StGB",3404000,Osnabr ck,insg.,170,121,49,0,0,0,3,2,1,3,2,1,16,14,2,27,20,7,113,78,35,11,7,4,124,85,39,2019
210000,"Raub, r uberische Erpressung und r uberischer Angriff auf Kraftfahrer    249-252, 255, 316a StGB",5774032,Paderborn,voll.,74,50,24,0,0,0,2,2,0,2,2,0,5,4,1,10,10,0,44,29,15,13,5,8,57,34,23,2019
210000,"Raub, r uberische Erpressung und r uberischer Angriff auf Kraftfahrer    249-252, 255, 316a StGB",5774032,Paderborn,vers.,22,13,9,0,0,0,0,0,0,0,0,0,5,3,2,1,1,0,14,9,5,2,0,2,16,9,7,2019
210000,"Raub, r uberische Erpressung und r uberischer Angriff auf Kraftfahrer    249-252, 255, 316a StGB",5774032,Paderborn,insg.,96,63,33,0,0,0,2,2,0,2,2,0,10,7,3,11,11,0,58,38,20,15,5,10,73,43,30,2019
210000,"Raub, r uberische Erpressung und r uberischer Angriff auf Kraftfahrer    249-252, 255, 316a StGB",8231000,Pforzheim,voll.,61,40,21,0,0,0,1,1,0,1,1,0,4,3,1,11,8,3,41,27,14,4,1,3,45,28,17,2019
210000,"Raub, r uberische Erpressung und r uberischer Angriff auf Kraftfahrer    249-252, 255, 316a StGB",8231000,Pforzheim,vers.,22,16,6,0,0,0,1,1,0,1,1,0,3,3,0,1,1,0,16,10,6,1,1,0,17,11,6,2019
210000,"Raub, r uberische Erpressung und r uberischer Angriff auf Kraftfahrer    249-252, 255, 316a StGB",8231000,Pforzheim,insg.,83,56,27,0,0,0,2,2,0,2,2,0,7,6,1,12,9,3,57,37,20,5,2,3,62,39,23,2019
210000,"Raub, r uberische Erpressung und r uberischer Angriff auf Kraftfahrer    249-252, 255, 316a StGB",12054000,Potsdam,voll.,102,80,22,0,0,0,2,1,1,2,1,1,17,15,2,14,13,1,61,47,14,8,4,4,69,51,18,2019
210000,"Raub, r uberische Erpressung und r uberischer Angriff auf Kraftfahrer    249-252, 255, 316a StGB",12054000,Potsdam,vers.,26,21,5,0,0,0,1,1,0,1,1,0,2,2,0,6,6,0,16,11,5,1,1,0,17,12,5,2019
210000,"Raub, r uberische Erpressung und r uberischer Angriff auf Kraftfahrer    249-252, 255, 316a StGB",12054000,Potsdam,insg.,128,101,27,0,0,0,3,2,1,3,2,1,19,17,2,20,19,1,77,58,19,9,5,4,86,63,23,2019
210000,"Raub, r uberische Erpressung und r uberischer Angriff auf Kraftfahrer    249-252, 255, 316a StGB",5562032,Recklinghausen,voll.,51,34,17,0,0,0,3,3,0,3,3,0,4,3,1,4,3,1,32,21,11,8,4,4,40,25,15,2019
210000,"Raub, r uberische Erpressung und r uberischer Angriff auf Kraftfahrer    249-252, 255, 316a StGB",5562032,Recklinghausen,vers.,21,12,9,0,0,0,1,1,0,1,1,0,2,2,0,2,1,1,11,6,5,5,2,3,16,8,8,2019
210000,"Raub, r uberische Erpressung und r uberischer Angriff auf Kraftfahrer    249-252, 255, 316a StGB",5562032,Recklinghausen,insg.,72,46,26,0,0,0,4,4,0,4,4,0,6,5,1,6,4,2,43,27,16,13,6,7,56,33,23,2019
210000,"Raub, r uberische Erpressung und r uberischer Angriff auf Kraftfahrer    249-252, 255, 316a StGB",9362000,Regensburg,voll.,55,31,24,0,0,0,0,0,0,0,0,0,2,2,0,6,2,4,42,25,17,5,2,3,47,27,20,2019
210000,"Raub, r uberische Erpressung und r uberischer Angriff auf Kraftfahrer    249-252, 255, 316a StGB",9362000,Regensburg,vers.,8,4,4,0,0,0,0,0,0,0,0,0,1,1,0,1,0,1,6,3,3,0,0,0,6,3,3,2019
210000,"Raub, r uberische Erpressung und r uberischer Angriff auf Kraftfahrer    249-252, 255, 316a StGB",9362000,Regensburg,insg.,63,35,28,0,0,0,0,0,0,0,0,0,3,3,0,7,2,5,48,28,20,5,2,3,53,30,23,2019
210000,"Raub, r uberische Erpressung und r uberischer Angriff auf Kraftfahrer    249-252, 255, 316a StGB",5120000,Remscheid,voll.,37,29,8,0,0,0,1,1,0,1,1,0,2,2,0,3,3,0,25,18,7,6,5,1,31,23,8,2019
210000,"Raub, r uberische Erpressung und r uberischer Angriff auf Kraftfahrer    249-252, 255, 316a StGB",5120000,Remscheid,vers.,13,9,4,0,0,0,0,0,0,0,0,0,2,1,1,1,1,0,9,7,2,1,0,1,10,7,3,2019
210000,"Raub, r uberische Erpressung und r uberischer Angriff auf Kraftfahrer    249-252, 255, 316a StGB",5120000,Remscheid,insg.,50,38,12,0,0,0,1,1,0,1,1,0,4,3,1,4,4,0,34,25,9,7,5,2,41,30,11,2019
210000,"Raub, r uberische Erpressung und r uberischer Angriff auf Kraftfahrer    249-252, 255, 316a StGB",8415061,Reutlingen,voll.,37,24,13,0,0,0,1,1,0,1,1,0,2,2,0,1,1,0,28,17,11,5,3,2,33,20,13,2019
210000,"Raub, r uberische Erpressung und r uberischer Angriff auf Kraftfahrer    249-252, 255, 316a StGB",8415061,Reutlingen,vers.,8,3,5,0,0,0,0,0,0,0,0,0,1,0,1,1,1,0,6,2,4,0,0,0,6,2,4,2019
210000,"Raub, r uberische Erpressung und r uberischer Angriff auf Kraftfahrer    249-252, 255, 316a StGB",8415061,Reutlingen,insg.,45,27,18,0,0,0,1,1,0,1,1,0,3,2,1,2,2,0,34,19,15,5,3,2,39,22,17,2019
210000,"Raub, r uberische Erpressung und r uberischer Angriff auf Kraftfahrer    249-252, 255, 316a StGB",13003000,Rostock,voll.,154,113,41,0,0,0,9,6,3,9,6,3,13,13,0,14,13,1,107,78,29,11,3,8,118,81,37,2019
210000,"Raub, r uberische Erpressung und r uberischer Angriff auf Kraftfahrer    249-252, 255, 316a StGB",13003000,Rostock,vers.,34,22,12,0,0,0,5,5,0,5,5,0,7,5,2,3,2,1,16,10,6,3,0,3,19,10,9,2019
210000,"Raub, r uberische Erpressung und r uberischer Angriff auf Kraftfahrer    249-252, 255, 316a StGB",13003000,Rostock,insg.,188,135,53,0,0,0,14,11,3,14,11,3,20,18,2,17,15,2,123,88,35,14,3,11,137,91,46,2019
210000,"Raub, r uberische Erpressung und r uberischer Angriff auf Kraftfahrer    249-252, 255, 316a StGB",10041100,Saarbr cken,voll.,223,164,59,0,0,0,8,6,2,8,6,2,32,29,3,12,9,3,151,107,44,20,13,7,171,120,51,2019
210000,"Raub, r uberische Erpressung und r uberischer Angriff auf Kraftfahrer    249-252, 255, 316a StGB",10041100,Saarbr cken,vers.,48,23,25,0,0,0,2,2,0,2,2,0,1,1,0,6,2,4,36,18,18,3,0,3,39,18,21,2019
210000,"Raub, r uberische Erpressung und r uberischer Angriff auf Kraftfahrer    249-252, 255, 316a StGB",10041100,Saarbr cken,insg.,271,187,84,0,0,0,10,8,2,10,8,2,33,30,3,18,11,7,187,125,62,23,13,10,210,138,72,2019
210000,"Raub, r uberische Erpressung und r uberischer Angriff auf Kraftfahrer    249-252, 255, 316a StGB",3102000,Salzgitter,voll.,41,25,16,0,0,0,1,1,0,1,1,0,2,2,0,5,2,3,28,19,9,5,1,4,33,20,13,2019
210000,"Raub, r uberische Erpressung und r uberischer Angriff auf Kraftfahrer    249-252, 255, 316a StGB",3102000,Salzgitter,vers.,13,5,8,0,0,0,1,0,1,1,0,1,1,1,0,0,0,0,6,2,4,5,2,3,11,4,7,2019
210000,"Raub, r uberische Erpressung und r uberischer Angriff auf Kraftfahrer    249-252, 255, 316a StGB",3102000,Salzgitter,insg.,54,30,24,0,0,0,2,1,1,2,1,1,3,3,0,5,2,3,34,21,13,10,3,7,44,24,20,2019
210000,"Raub, r uberische Erpressung und r uberischer Angriff auf Kraftfahrer    249-252, 255, 316a StGB",13004000,Schwerin,voll.,53,41,12,0,0,0,6,5,1,6,5,1,4,4,0,2,2,0,40,30,10,1,0,1,41,30,11,2019
210000,"Raub, r uberische Erpressung und r uberischer Angriff auf Kraftfahrer    249-252, 255, 316a StGB",13004000,Schwerin,vers.,9,6,3,0,0,0,0,0,0,0,0,0,2,2,0,2,1,1,2,2,0,3,1,2,5,3,2,2019
210000,"Raub, r uberische Erpressung und r uberischer Angriff auf Kraftfahrer    249-252, 255, 316a StGB",13004000,Schwerin,insg.,62,47,15,0,0,0,6,5,1,6,5,1,6,6,0,4,3,1,42,32,10,4,1,3,46,33,13,2019
210000,"Raub, r uberische Erpressung und r uberischer Angriff auf Kraftfahrer    249-252, 255, 316a StGB",5970040,Siegen,voll.,68,51,17,0,0,0,5,5,0,5,5,0,13,12,1,7,6,1,41,26,15,2,2,0,43,28,15,2019
210000,"Raub, r uberische Erpressung und r uberischer Angriff auf Kraftfahrer    249-252, 255, 316a StGB",5970040,Siegen,vers.,12,9,3,0,0,0,1,1,0,1,1,0,0,0,0,0,0,0,9,6,3,2,2,0,11,8,3,2019
210000,"Raub, r uberische Erpressung und r uberischer Angriff auf Kraftfahrer    249-252, 255, 316a StGB",5970040,Siegen,insg.,80,60,20,0,0,0,6,6,0,6,6,0,13,12,1,7,6,1,50,32,18,4,4,0,54,36,18,2019
210000,"Raub, r uberische Erpressung und r uberischer Angriff auf Kraftfahrer    249-252, 255, 316a StGB",5122000,Solingen,voll.,75,50,25,0,0,0,2,1,1,2,1,1,11,8,3,6,3,3,51,34,17,5,4,1,56,38,18,2019
210000,"Raub, r uberische Erpressung und r uberischer Angriff auf Kraftfahrer    249-252, 255, 316a StGB",5122000,Solingen,vers.,24,19,5,0,0,0,2,2,0,2,2,0,4,3,1,3,3,0,14,10,4,1,1,0,15,11,4,2019
210000,"Raub, r uberische Erpressung und r uberischer Angriff auf Kraftfahrer    249-252, 255, 316a StGB",5122000,Solingen,insg.,99,69,30,0,0,0,4,3,1,4,3,1,15,11,4,9,6,3,65,44,21,6,5,1,71,49,22,2019
210000,"Raub, r uberische Erpressung und r uberischer Angriff auf Kraftfahrer    249-252, 255, 316a StGB",8111000,Stuttgart,voll.,464,350,114,0,0,0,10,7,3,10,7,3,43,38,5,59,49,10,312,235,77,40,21,19,352,256,96,2019
210000,"Raub, r uberische Erpressung und r uberischer Angriff auf Kraftfahrer    249-252, 255, 316a StGB",8111000,Stuttgart,vers.,151,117,34,1,1,0,4,3,1,5,4,1,19,18,1,19,19,0,93,68,25,15,8,7,108,76,32,2019
210000,"Raub, r uberische Erpressung und r uberischer Angriff auf Kraftfahrer    249-252, 255, 316a StGB",8111000,Stuttgart,insg.,615,467,148,1,1,0,14,10,4,15,11,4,62,56,6,78,68,10,405,303,102,55,29,26,460,332,128,2019
210000,"Raub, r uberische Erpressung und r uberischer Angriff auf Kraftfahrer    249-252, 255, 316a StGB",7211000,Trier,voll.,53,33,20,0,0,0,2,2,0,2,2,0,0,0,0,2,2,0,46,28,18,3,1,2,49,29,20,2019
210000,"Raub, r uberische Erpressung und r uberischer Angriff auf Kraftfahrer    249-252, 255, 316a StGB",7211000,Trier,vers.,11,9,2,0,0,0,0,0,0,0,0,0,0,0,0,0,0,0,11,9,2,0,0,0,11,9,2,2019
210000,"Raub, r uberische Erpressung und r uberischer Angriff auf Kraftfahrer    249-252, 255, 316a StGB",7211000,Trier,insg.,64,42,22,0,0,0,2,2,0,2,2,0,0,0,0,2,2,0,57,37,20,3,1,2,60,38,22,2019
210000,"Raub, r uberische Erpressung und r uberischer Angriff auf Kraftfahrer    249-252, 255, 316a StGB",8421000,Ulm,voll.,67,43,24,0,0,0,1,1,0,1,1,0,8,6,2,7,6,1,48,28,20,3,2,1,51,30,21,2019
210000,"Raub, r uberische Erpressung und r uberischer Angriff auf Kraftfahrer    249-252, 255, 316a StGB",8421000,Ulm,vers.,18,11,7,0,0,0,0,0,0,0,0,0,0,0,0,0,0,0,18,11,7,0,0,0,18,11,7,2019
210000,"Raub, r uberische Erpressung und r uberischer Angriff auf Kraftfahrer    249-252, 255, 316a StGB",8421000,Ulm,insg.,85,54,31,0,0,0,1,1,0,1,1,0,8,6,2,7,6,1,66,39,27,3,2,1,69,41,28,2019
210000,"Raub, r uberische Erpressung und r uberischer Angriff auf Kraftfahrer    249-252, 255, 316a StGB",6414000,Wiesbaden,voll.,182,138,44,0,0,0,18,18,0,18,18,0,29,23,6,15,13,2,113,79,34,7,5,2,120,84,36,2019
210000,"Raub, r uberische Erpressung und r uberischer Angriff auf Kraftfahrer    249-252, 255, 316a StGB",6414000,Wiesbaden,vers.,52,34,18,0,0,0,4,2,2,4,2,2,20,17,3,5,4,1,17,9,8,6,2,4,23,11,12,2019
210000,"Raub, r uberische Erpressung und r uberischer Angriff auf Kraftfahrer    249-252, 255, 316a StGB",6414000,Wiesbaden,insg.,234,172,62,0,0,0,22,20,2,22,20,2,49,40,9,20,17,3,130,88,42,13,7,6,143,95,48,2019
210000,"Raub, r uberische Erpressung und r uberischer Angriff auf Kraftfahrer    249-252, 255, 316a StGB",3103000,Wolfsburg,voll.,51,39,12,0,0,0,0,0,0,0,0,0,7,7,0,5,5,0,35,25,10,4,2,2,39,27,12,2019
210000,"Raub, r uberische Erpressung und r uberischer Angriff auf Kraftfahrer    249-252, 255, 316a StGB",3103000,Wolfsburg,vers.,18,13,5,0,0,0,0,0,0,0,0,0,0,0,0,3,3,0,15,10,5,0,0,0,15,10,5,2019
210000,"Raub, r uberische Erpressung und r uberischer Angriff auf Kraftfahrer    249-252, 255, 316a StGB",3103000,Wolfsburg,insg.,69,52,17,0,0,0,0,0,0,0,0,0,7,7,0,8,8,0,50,35,15,4,2,2,54,37,17,2019
210000,"Raub, r uberische Erpressung und r uberischer Angriff auf Kraftfahrer    249-252, 255, 316a StGB",5124000,Wuppertal,voll.,242,159,83,1,1,0,19,12,7,20,13,7,20,15,5,25,22,3,162,101,61,15,8,7,177,109,68,2019
210000,"Raub, r uberische Erpressung und r uberischer Angriff auf Kraftfahrer    249-252, 255, 316a StGB",5124000,Wuppertal,vers.,45,26,19,0,0,0,8,6,2,8,6,2,5,3,2,1,1,0,28,15,13,3,1,2,31,16,15,2019
210000,"Raub, r uberische Erpressung und r uberischer Angriff auf Kraftfahrer    249-252, 255, 316a StGB",5124000,Wuppertal,insg.,287,185,102,1,1,0,27,18,9,28,19,9,25,18,7,26,23,3,190,116,74,18,9,9,208,125,83,2019
210000,"Raub, r uberische Erpressung und r uberischer Angriff auf Kraftfahrer    249-252, 255, 316a StGB",9663000,W rzburg,voll.,46,35,11,0,0,0,2,2,0,2,2,0,13,13,0,6,3,3,24,17,7,1,0,1,25,17,8,2019
210000,"Raub, r uberische Erpressung und r uberischer Angriff auf Kraftfahrer    249-252, 255, 316a StGB",9663000,W rzburg,vers.,13,9,4,0,0,0,1,1,0,1,1,0,3,3,0,2,2,0,6,2,4,1,1,0,7,3,4,2019
210000,"Raub, r uberische Erpressung und r uberischer Angriff auf Kraftfahrer    249-252, 255, 316a StGB",9663000,W rzburg,insg.,59,44,15,0,0,0,3,3,0,3,3,0,16,16,0,8,5,3,30,19,11,2,1,1,32,20,12,2019
211000,"Raub, r uberische Erpressung auf/gegen Geldinstitute, Postfilialen und -agenturen",5334002,Aachen,voll.,0,0,0,0,0,0,0,0,0,0,0,0,0,0,0,0,0,0,0,0,0,0,0,0,0,0,0,2019
211000,"Raub, r uberische Erpressung auf/gegen Geldinstitute, Postfilialen und -agenturen",5334002,Aachen,vers.,1,1,0,0,0,0,0,0,0,0,0,0,0,0,0,0,0,0,1,1,0,0,0,0,1,1,0,2019
211000,"Raub, r uberische Erpressung auf/gegen Geldinstitute, Postfilialen und -agenturen",5334002,Aachen,insg.,1,1,0,0,0,0,0,0,0,0,0,0,0,0,0,0,0,0,1,1,0,0,0,0,1,1,0,2019
211000,"Raub, r uberische Erpressung auf/gegen Geldinstitute, Postfilialen und -agenturen",9761000,Augsburg,voll.,0,0,0,0,0,0,0,0,0,0,0,0,0,0,0,0,0,0,0,0,0,0,0,0,0,0,0,2019
211000,"Raub, r uberische Erpressung auf/gegen Geldinstitute, Postfilialen und -agenturen",9761000,Augsburg,vers.,0,0,0,0,0,0,0,0,0,0,0,0,0,0,0,0,0,0,0,0,0,0,0,0,0,0,0,2019
211000,"Raub, r uberische Erpressung auf/gegen Geldinstitute, Postfilialen und -agenturen",9761000,Augsburg,insg.,0,0,0,0,0,0,0,0,0,0,0,0,0,0,0,0,0,0,0,0,0,0,0,0,0,0,0,2019
211000,"Raub, r uberische Erpressung auf/gegen Geldinstitute, Postfilialen und -agenturen",5378004,Bergisch Gladbach,voll.,0,0,0,0,0,0,0,0,0,0,0,0,0,0,0,0,0,0,0,0,0,0,0,0,0,0,0,2019
211000,"Raub, r uberische Erpressung auf/gegen Geldinstitute, Postfilialen und -agenturen",5378004,Bergisch Gladbach,vers.,0,0,0,0,0,0,0,0,0,0,0,0,0,0,0,0,0,0,0,0,0,0,0,0,0,0,0,2019
211000,"Raub, r uberische Erpressung auf/gegen Geldinstitute, Postfilialen und -agenturen",5378004,Bergisch Gladbach,insg.,0,0,0,0,0,0,0,0,0,0,0,0,0,0,0,0,0,0,0,0,0,0,0,0,0,0,0,2019
211000,"Raub, r uberische Erpressung auf/gegen Geldinstitute, Postfilialen und -agenturen",11000000,Berlin,voll.,11,3,8,0,0,0,0,0,0,0,0,0,0,0,0,0,0,0,9,3,6,2,0,2,11,3,8,2019
211000,"Raub, r uberische Erpressung auf/gegen Geldinstitute, Postfilialen und -agenturen",11000000,Berlin,vers.,6,3,3,0,0,0,0,0,0,0,0,0,0,0,0,0,0,0,6,3,3,0,0,0,6,3,3,2019
211000,"Raub, r uberische Erpressung auf/gegen Geldinstitute, Postfilialen und -agenturen",11000000,Berlin,insg.,17,6,11,0,0,0,0,0,0,0,0,0,0,0,0,0,0,0,15,6,9,2,0,2,17,6,11,2019
211000,"Raub, r uberische Erpressung auf/gegen Geldinstitute, Postfilialen und -agenturen",5711000,Bielefeld,voll.,0,0,0,0,0,0,0,0,0,0,0,0,0,0,0,0,0,0,0,0,0,0,0,0,0,0,0,2019
211000,"Raub, r uberische Erpressung auf/gegen Geldinstitute, Postfilialen und -agenturen",5711000,Bielefeld,vers.,0,0,0,0,0,0,0,0,0,0,0,0,0,0,0,0,0,0,0,0,0,0,0,0,0,0,0,2019
211000,"Raub, r uberische Erpressung auf/gegen Geldinstitute, Postfilialen und -agenturen",5711000,Bielefeld,insg.,0,0,0,0,0,0,0,0,0,0,0,0,0,0,0,0,0,0,0,0,0,0,0,0,0,0,0,2019
211000,"Raub, r uberische Erpressung auf/gegen Geldinstitute, Postfilialen und -agenturen",5911000,Bochum,voll.,1,0,1,0,0,0,0,0,0,0,0,0,0,0,0,0,0,0,1,0,1,0,0,0,1,0,1,2019
211000,"Raub, r uberische Erpressung auf/gegen Geldinstitute, Postfilialen und -agenturen",5911000,Bochum,vers.,0,0,0,0,0,0,0,0,0,0,0,0,0,0,0,0,0,0,0,0,0,0,0,0,0,0,0,2019
211000,"Raub, r uberische Erpressung auf/gegen Geldinstitute, Postfilialen und -agenturen",5911000,Bochum,insg.,1,0,1,0,0,0,0,0,0,0,0,0,0,0,0,0,0,0,1,0,1,0,0,0,1,0,1,2019
211000,"Raub, r uberische Erpressung auf/gegen Geldinstitute, Postfilialen und -agenturen",5314000,Bonn,voll.,0,0,0,0,0,0,0,0,0,0,0,0,0,0,0,0,0,0,0,0,0,0,0,0,0,0,0,2019
211000,"Raub, r uberische Erpressung auf/gegen Geldinstitute, Postfilialen und -agenturen",5314000,Bonn,vers.,0,0,0,0,0,0,0,0,0,0,0,0,0,0,0,0,0,0,0,0,0,0,0,0,0,0,0,2019
211000,"Raub, r uberische Erpressung auf/gegen Geldinstitute, Postfilialen und -agenturen",5314000,Bonn,insg.,0,0,0,0,0,0,0,0,0,0,0,0,0,0,0,0,0,0,0,0,0,0,0,0,0,0,0,2019
211000,"Raub, r uberische Erpressung auf/gegen Geldinstitute, Postfilialen und -agenturen",5512000,Bottrop,voll.,0,0,0,0,0,0,0,0,0,0,0,0,0,0,0,0,0,0,0,0,0,0,0,0,0,0,0,2019
211000,"Raub, r uberische Erpressung auf/gegen Geldinstitute, Postfilialen und -agenturen",5512000,Bottrop,vers.,0,0,0,0,0,0,0,0,0,0,0,0,0,0,0,0,0,0,0,0,0,0,0,0,0,0,0,2019
211000,"Raub, r uberische Erpressung auf/gegen Geldinstitute, Postfilialen und -agenturen",5512000,Bottrop,insg.,0,0,0,0,0,0,0,0,0,0,0,0,0,0,0,0,0,0,0,0,0,0,0,0,0,0,0,2019
211000,"Raub, r uberische Erpressung auf/gegen Geldinstitute, Postfilialen und -agenturen",3101000,Braunschweig,voll.,0,0,0,0,0,0,0,0,0,0,0,0,0,0,0,0,0,0,0,0,0,0,0,0,0,0,0,2019
211000,"Raub, r uberische Erpressung auf/gegen Geldinstitute, Postfilialen und -agenturen",3101000,Braunschweig,vers.,0,0,0,0,0,0,0,0,0,0,0,0,0,0,0,0,0,0,0,0,0,0,0,0,0,0,0,2019
211000,"Raub, r uberische Erpressung auf/gegen Geldinstitute, Postfilialen und -agenturen",3101000,Braunschweig,insg.,0,0,0,0,0,0,0,0,0,0,0,0,0,0,0,0,0,0,0,0,0,0,0,0,0,0,0,2019
211000,"Raub, r uberische Erpressung auf/gegen Geldinstitute, Postfilialen und -agenturen",4011000,Bremen,voll.,1,0,1,0,0,0,0,0,0,0,0,0,0,0,0,0,0,0,0,0,0,1,0,1,1,0,1,2019
211000,"Raub, r uberische Erpressung auf/gegen Geldinstitute, Postfilialen und -agenturen",4011000,Bremen,vers.,0,0,0,0,0,0,0,0,0,0,0,0,0,0,0,0,0,0,0,0,0,0,0,0,0,0,0,2019
211000,"Raub, r uberische Erpressung auf/gegen Geldinstitute, Postfilialen und -agenturen",4011000,Bremen,insg.,1,0,1,0,0,0,0,0,0,0,0,0,0,0,0,0,0,0,0,0,0,1,0,1,1,0,1,2019
211000,"Raub, r uberische Erpressung auf/gegen Geldinstitute, Postfilialen und -agenturen",4012000,Bremerhaven,voll.,0,0,0,0,0,0,0,0,0,0,0,0,0,0,0,0,0,0,0,0,0,0,0,0,0,0,0,2019
211000,"Raub, r uberische Erpressung auf/gegen Geldinstitute, Postfilialen und -agenturen",4012000,Bremerhaven,vers.,0,0,0,0,0,0,0,0,0,0,0,0,0,0,0,0,0,0,0,0,0,0,0,0,0,0,0,2019
211000,"Raub, r uberische Erpressung auf/gegen Geldinstitute, Postfilialen und -agenturen",4012000,Bremerhaven,insg.,0,0,0,0,0,0,0,0,0,0,0,0,0,0,0,0,0,0,0,0,0,0,0,0,0,0,0,2019
211000,"Raub, r uberische Erpressung auf/gegen Geldinstitute, Postfilialen und -agenturen",14511000,Chemnitz,voll.,0,0,0,0,0,0,0,0,0,0,0,0,0,0,0,0,0,0,0,0,0,0,0,0,0,0,0,2019
211000,"Raub, r uberische Erpressung auf/gegen Geldinstitute, Postfilialen und -agenturen",14511000,Chemnitz,vers.,0,0,0,0,0,0,0,0,0,0,0,0,0,0,0,0,0,0,0,0,0,0,0,0,0,0,0,2019
211000,"Raub, r uberische Erpressung auf/gegen Geldinstitute, Postfilialen und -agenturen",14511000,Chemnitz,insg.,0,0,0,0,0,0,0,0,0,0,0,0,0,0,0,0,0,0,0,0,0,0,0,0,0,0,0,2019
211000,"Raub, r uberische Erpressung auf/gegen Geldinstitute, Postfilialen und -agenturen",12052000,Cottbus,voll.,0,0,0,0,0,0,0,0,0,0,0,0,0,0,0,0,0,0,0,0,0,0,0,0,0,0,0,2019
211000,"Raub, r uberische Erpressung auf/gegen Geldinstitute, Postfilialen und -agenturen",12052000,Cottbus,vers.,0,0,0,0,0,0,0,0,0,0,0,0,0,0,0,0,0,0,0,0,0,0,0,0,0,0,0,2019
211000,"Raub, r uberische Erpressung auf/gegen Geldinstitute, Postfilialen und -agenturen",12052000,Cottbus,insg.,0,0,0,0,0,0,0,0,0,0,0,0,0,0,0,0,0,0,0,0,0,0,0,0,0,0,0,2019
211000,"Raub, r uberische Erpressung auf/gegen Geldinstitute, Postfilialen und -agenturen",6411000,Darmstadt,voll.,0,0,0,0,0,0,0,0,0,0,0,0,0,0,0,0,0,0,0,0,0,0,0,0,0,0,0,2019
211000,"Raub, r uberische Erpressung auf/gegen Geldinstitute, Postfilialen und -agenturen",6411000,Darmstadt,vers.,0,0,0,0,0,0,0,0,0,0,0,0,0,0,0,0,0,0,0,0,0,0,0,0,0,0,0,2019
211000,"Raub, r uberische Erpressung auf/gegen Geldinstitute, Postfilialen und -agenturen",6411000,Darmstadt,insg.,0,0,0,0,0,0,0,0,0,0,0,0,0,0,0,0,0,0,0,0,0,0,0,0,0,0,0,2019
211000,"Raub, r uberische Erpressung auf/gegen Geldinstitute, Postfilialen und -agenturen",5913000,Dortmund,voll.,0,0,0,0,0,0,0,0,0,0,0,0,0,0,0,0,0,0,0,0,0,0,0,0,0,0,0,2019
211000,"Raub, r uberische Erpressung auf/gegen Geldinstitute, Postfilialen und -agenturen",5913000,Dortmund,vers.,0,0,0,0,0,0,0,0,0,0,0,0,0,0,0,0,0,0,0,0,0,0,0,0,0,0,0,2019
211000,"Raub, r uberische Erpressung auf/gegen Geldinstitute, Postfilialen und -agenturen",5913000,Dortmund,insg.,0,0,0,0,0,0,0,0,0,0,0,0,0,0,0,0,0,0,0,0,0,0,0,0,0,0,0,2019
211000,"Raub, r uberische Erpressung auf/gegen Geldinstitute, Postfilialen und -agenturen",14612000,Dresden,voll.,3,1,2,0,0,0,0,0,0,0,0,0,0,0,0,0,0,0,2,0,2,1,1,0,3,1,2,2019
211000,"Raub, r uberische Erpressung auf/gegen Geldinstitute, Postfilialen und -agenturen",14612000,Dresden,vers.,0,0,0,0,0,0,0,0,0,0,0,0,0,0,0,0,0,0,0,0,0,0,0,0,0,0,0,2019
211000,"Raub, r uberische Erpressung auf/gegen Geldinstitute, Postfilialen und -agenturen",14612000,Dresden,insg.,3,1,2,0,0,0,0,0,0,0,0,0,0,0,0,0,0,0,2,0,2,1,1,0,3,1,2,2019
211000,"Raub, r uberische Erpressung auf/gegen Geldinstitute, Postfilialen und -agenturen",5112000,Duisburg,voll.,0,0,0,0,0,0,0,0,0,0,0,0,0,0,0,0,0,0,0,0,0,0,0,0,0,0,0,2019
211000,"Raub, r uberische Erpressung auf/gegen Geldinstitute, Postfilialen und -agenturen",5112000,Duisburg,vers.,0,0,0,0,0,0,0,0,0,0,0,0,0,0,0,0,0,0,0,0,0,0,0,0,0,0,0,2019
211000,"Raub, r uberische Erpressung auf/gegen Geldinstitute, Postfilialen und -agenturen",5112000,Duisburg,insg.,0,0,0,0,0,0,0,0,0,0,0,0,0,0,0,0,0,0,0,0,0,0,0,0,0,0,0,2019
211000,"Raub, r uberische Erpressung auf/gegen Geldinstitute, Postfilialen und -agenturen",5111000,D sseldorf,voll.,1,1,0,0,0,0,0,0,0,0,0,0,0,0,0,0,0,0,1,1,0,0,0,0,1,1,0,2019
211000,"Raub, r uberische Erpressung auf/gegen Geldinstitute, Postfilialen und -agenturen",5111000,D sseldorf,vers.,0,0,0,0,0,0,0,0,0,0,0,0,0,0,0,0,0,0,0,0,0,0,0,0,0,0,0,2019
211000,"Raub, r uberische Erpressung auf/gegen Geldinstitute, Postfilialen und -agenturen",5111000,D sseldorf,insg.,1,1,0,0,0,0,0,0,0,0,0,0,0,0,0,0,0,0,1,1,0,0,0,0,1,1,0,2019
211000,"Raub, r uberische Erpressung auf/gegen Geldinstitute, Postfilialen und -agenturen",16051000,Erfurt,voll.,0,0,0,0,0,0,0,0,0,0,0,0,0,0,0,0,0,0,0,0,0,0,0,0,0,0,0,2019
211000,"Raub, r uberische Erpressung auf/gegen Geldinstitute, Postfilialen und -agenturen",16051000,Erfurt,vers.,0,0,0,0,0,0,0,0,0,0,0,0,0,0,0,0,0,0,0,0,0,0,0,0,0,0,0,2019
211000,"Raub, r uberische Erpressung auf/gegen Geldinstitute, Postfilialen und -agenturen",16051000,Erfurt,insg.,0,0,0,0,0,0,0,0,0,0,0,0,0,0,0,0,0,0,0,0,0,0,0,0,0,0,0,2019
211000,"Raub, r uberische Erpressung auf/gegen Geldinstitute, Postfilialen und -agenturen",9562000,Erlangen,voll.,0,0,0,0,0,0,0,0,0,0,0,0,0,0,0,0,0,0,0,0,0,0,0,0,0,0,0,2019
211000,"Raub, r uberische Erpressung auf/gegen Geldinstitute, Postfilialen und -agenturen",9562000,Erlangen,vers.,0,0,0,0,0,0,0,0,0,0,0,0,0,0,0,0,0,0,0,0,0,0,0,0,0,0,0,2019
211000,"Raub, r uberische Erpressung auf/gegen Geldinstitute, Postfilialen und -agenturen",9562000,Erlangen,insg.,0,0,0,0,0,0,0,0,0,0,0,0,0,0,0,0,0,0,0,0,0,0,0,0,0,0,0,2019
211000,"Raub, r uberische Erpressung auf/gegen Geldinstitute, Postfilialen und -agenturen",5113000,Essen,voll.,0,0,0,0,0,0,0,0,0,0,0,0,0,0,0,0,0,0,0,0,0,0,0,0,0,0,0,2019
211000,"Raub, r uberische Erpressung auf/gegen Geldinstitute, Postfilialen und -agenturen",5113000,Essen,vers.,0,0,0,0,0,0,0,0,0,0,0,0,0,0,0,0,0,0,0,0,0,0,0,0,0,0,0,2019
211000,"Raub, r uberische Erpressung auf/gegen Geldinstitute, Postfilialen und -agenturen",5113000,Essen,insg.,0,0,0,0,0,0,0,0,0,0,0,0,0,0,0,0,0,0,0,0,0,0,0,0,0,0,0,2019
211000,"Raub, r uberische Erpressung auf/gegen Geldinstitute, Postfilialen und -agenturen",6412000,Frankfurt am Main,voll.,4,3,1,0,0,0,0,0,0,0,0,0,0,0,0,0,0,0,4,3,1,0,0,0,4,3,1,2019
211000,"Raub, r uberische Erpressung auf/gegen Geldinstitute, Postfilialen und -agenturen",6412000,Frankfurt am Main,vers.,0,0,0,0,0,0,0,0,0,0,0,0,0,0,0,0,0,0,0,0,0,0,0,0,0,0,0,2019
211000,"Raub, r uberische Erpressung auf/gegen Geldinstitute, Postfilialen und -agenturen",6412000,Frankfurt am Main,insg.,4,3,1,0,0,0,0,0,0,0,0,0,0,0,0,0,0,0,4,3,1,0,0,0,4,3,1,2019
211000,"Raub, r uberische Erpressung auf/gegen Geldinstitute, Postfilialen und -agenturen",8311000,Freiburg im Breisgau,voll.,0,0,0,0,0,0,0,0,0,0,0,0,0,0,0,0,0,0,0,0,0,0,0,0,0,0,0,2019
211000,"Raub, r uberische Erpressung auf/gegen Geldinstitute, Postfilialen und -agenturen",8311000,Freiburg im Breisgau,vers.,1,0,1,0,0,0,0,0,0,0,0,0,0,0,0,0,0,0,1,0,1,0,0,0,1,0,1,2019
211000,"Raub, r uberische Erpressung auf/gegen Geldinstitute, Postfilialen und -agenturen",8311000,Freiburg im Breisgau,insg.,1,0,1,0,0,0,0,0,0,0,0,0,0,0,0,0,0,0,1,0,1,0,0,0,1,0,1,2019
211000,"Raub, r uberische Erpressung auf/gegen Geldinstitute, Postfilialen und -agenturen",9563000,F rth,voll.,0,0,0,0,0,0,0,0,0,0,0,0,0,0,0,0,0,0,0,0,0,0,0,0,0,0,0,2019
211000,"Raub, r uberische Erpressung auf/gegen Geldinstitute, Postfilialen und -agenturen",9563000,F rth,vers.,0,0,0,0,0,0,0,0,0,0,0,0,0,0,0,0,0,0,0,0,0,0,0,0,0,0,0,2019
211000,"Raub, r uberische Erpressung auf/gegen Geldinstitute, Postfilialen und -agenturen",9563000,F rth,insg.,0,0,0,0,0,0,0,0,0,0,0,0,0,0,0,0,0,0,0,0,0,0,0,0,0,0,0,2019
211000,"Raub, r uberische Erpressung auf/gegen Geldinstitute, Postfilialen und -agenturen",5513000,Gelsenkirchen,voll.,0,0,0,0,0,0,0,0,0,0,0,0,0,0,0,0,0,0,0,0,0,0,0,0,0,0,0,2019
211000,"Raub, r uberische Erpressung auf/gegen Geldinstitute, Postfilialen und -agenturen",5513000,Gelsenkirchen,vers.,0,0,0,0,0,0,0,0,0,0,0,0,0,0,0,0,0,0,0,0,0,0,0,0,0,0,0,2019
211000,"Raub, r uberische Erpressung auf/gegen Geldinstitute, Postfilialen und -agenturen",5513000,Gelsenkirchen,insg.,0,0,0,0,0,0,0,0,0,0,0,0,0,0,0,0,0,0,0,0,0,0,0,0,0,0,0,2019
211000,"Raub, r uberische Erpressung auf/gegen Geldinstitute, Postfilialen und -agenturen",3159016,G ttingen,voll.,0,0,0,0,0,0,0,0,0,0,0,0,0,0,0,0,0,0,0,0,0,0,0,0,0,0,0,2019
211000,"Raub, r uberische Erpressung auf/gegen Geldinstitute, Postfilialen und -agenturen",3159016,G ttingen,vers.,0,0,0,0,0,0,0,0,0,0,0,0,0,0,0,0,0,0,0,0,0,0,0,0,0,0,0,2019
211000,"Raub, r uberische Erpressung auf/gegen Geldinstitute, Postfilialen und -agenturen",3159016,G ttingen,insg.,0,0,0,0,0,0,0,0,0,0,0,0,0,0,0,0,0,0,0,0,0,0,0,0,0,0,0,2019
211000,"Raub, r uberische Erpressung auf/gegen Geldinstitute, Postfilialen und -agenturen",5754008,G tersloh,voll.,0,0,0,0,0,0,0,0,0,0,0,0,0,0,0,0,0,0,0,0,0,0,0,0,0,0,0,2019
211000,"Raub, r uberische Erpressung auf/gegen Geldinstitute, Postfilialen und -agenturen",5754008,G tersloh,vers.,0,0,0,0,0,0,0,0,0,0,0,0,0,0,0,0,0,0,0,0,0,0,0,0,0,0,0,2019
211000,"Raub, r uberische Erpressung auf/gegen Geldinstitute, Postfilialen und -agenturen",5754008,G tersloh,insg.,0,0,0,0,0,0,0,0,0,0,0,0,0,0,0,0,0,0,0,0,0,0,0,0,0,0,0,2019
211000,"Raub, r uberische Erpressung auf/gegen Geldinstitute, Postfilialen und -agenturen",5914000,Hagen,voll.,0,0,0,0,0,0,0,0,0,0,0,0,0,0,0,0,0,0,0,0,0,0,0,0,0,0,0,2019
211000,"Raub, r uberische Erpressung auf/gegen Geldinstitute, Postfilialen und -agenturen",5914000,Hagen,vers.,0,0,0,0,0,0,0,0,0,0,0,0,0,0,0,0,0,0,0,0,0,0,0,0,0,0,0,2019
211000,"Raub, r uberische Erpressung auf/gegen Geldinstitute, Postfilialen und -agenturen",5914000,Hagen,insg.,0,0,0,0,0,0,0,0,0,0,0,0,0,0,0,0,0,0,0,0,0,0,0,0,0,0,0,2019
211000,"Raub, r uberische Erpressung auf/gegen Geldinstitute, Postfilialen und -agenturen",15002000,Halle (Saale),voll.,0,0,0,0,0,0,0,0,0,0,0,0,0,0,0,0,0,0,0,0,0,0,0,0,0,0,0,2019
211000,"Raub, r uberische Erpressung auf/gegen Geldinstitute, Postfilialen und -agenturen",15002000,Halle (Saale),vers.,2,0,2,0,0,0,0,0,0,0,0,0,0,0,0,0,0,0,1,0,1,1,0,1,2,0,2,2019
211000,"Raub, r uberische Erpressung auf/gegen Geldinstitute, Postfilialen und -agenturen",15002000,Halle (Saale),insg.,2,0,2,0,0,0,0,0,0,0,0,0,0,0,0,0,0,0,1,0,1,1,0,1,2,0,2,2019
211000,"Raub, r uberische Erpressung auf/gegen Geldinstitute, Postfilialen und -agenturen",2000000,Hamburg,voll.,3,1,2,0,0,0,0,0,0,0,0,0,0,0,0,0,0,0,2,0,2,1,1,0,3,1,2,2019
211000,"Raub, r uberische Erpressung auf/gegen Geldinstitute, Postfilialen und -agenturen",2000000,Hamburg,vers.,1,0,1,0,0,0,0,0,0,0,0,0,0,0,0,0,0,0,1,0,1,0,0,0,1,0,1,2019
211000,"Raub, r uberische Erpressung auf/gegen Geldinstitute, Postfilialen und -agenturen",2000000,Hamburg,insg.,4,1,3,0,0,0,0,0,0,0,0,0,0,0,0,0,0,0,3,0,3,1,1,0,4,1,3,2019
211000,"Raub, r uberische Erpressung auf/gegen Geldinstitute, Postfilialen und -agenturen",5915000,Hamm,voll.,0,0,0,0,0,0,0,0,0,0,0,0,0,0,0,0,0,0,0,0,0,0,0,0,0,0,0,2019
211000,"Raub, r uberische Erpressung auf/gegen Geldinstitute, Postfilialen und -agenturen",5915000,Hamm,vers.,0,0,0,0,0,0,0,0,0,0,0,0,0,0,0,0,0,0,0,0,0,0,0,0,0,0,0,2019
211000,"Raub, r uberische Erpressung auf/gegen Geldinstitute, Postfilialen und -agenturen",5915000,Hamm,insg.,0,0,0,0,0,0,0,0,0,0,0,0,0,0,0,0,0,0,0,0,0,0,0,0,0,0,0,2019
211000,"Raub, r uberische Erpressung auf/gegen Geldinstitute, Postfilialen und -agenturen",3241001,Hannover,voll.,0,0,0,0,0,0,0,0,0,0,0,0,0,0,0,0,0,0,0,0,0,0,0,0,0,0,0,2019
211000,"Raub, r uberische Erpressung auf/gegen Geldinstitute, Postfilialen und -agenturen",3241001,Hannover,vers.,0,0,0,0,0,0,0,0,0,0,0,0,0,0,0,0,0,0,0,0,0,0,0,0,0,0,0,2019
211000,"Raub, r uberische Erpressung auf/gegen Geldinstitute, Postfilialen und -agenturen",3241001,Hannover,insg.,0,0,0,0,0,0,0,0,0,0,0,0,0,0,0,0,0,0,0,0,0,0,0,0,0,0,0,2019
211000,"Raub, r uberische Erpressung auf/gegen Geldinstitute, Postfilialen und -agenturen",8221000,Heidelberg,voll.,1,1,0,0,0,0,0,0,0,0,0,0,0,0,0,0,0,0,1,1,0,0,0,0,1,1,0,2019
211000,"Raub, r uberische Erpressung auf/gegen Geldinstitute, Postfilialen und -agenturen",8221000,Heidelberg,vers.,0,0,0,0,0,0,0,0,0,0,0,0,0,0,0,0,0,0,0,0,0,0,0,0,0,0,0,2019
211000,"Raub, r uberische Erpressung auf/gegen Geldinstitute, Postfilialen und -agenturen",8221000,Heidelberg,insg.,1,1,0,0,0,0,0,0,0,0,0,0,0,0,0,0,0,0,1,1,0,0,0,0,1,1,0,2019
211000,"Raub, r uberische Erpressung auf/gegen Geldinstitute, Postfilialen und -agenturen",8121000,Heilbronn,voll.,0,0,0,0,0,0,0,0,0,0,0,0,0,0,0,0,0,0,0,0,0,0,0,0,0,0,0,2019
211000,"Raub, r uberische Erpressung auf/gegen Geldinstitute, Postfilialen und -agenturen",8121000,Heilbronn,vers.,0,0,0,0,0,0,0,0,0,0,0,0,0,0,0,0,0,0,0,0,0,0,0,0,0,0,0,2019
211000,"Raub, r uberische Erpressung auf/gegen Geldinstitute, Postfilialen und -agenturen",8121000,Heilbronn,insg.,0,0,0,0,0,0,0,0,0,0,0,0,0,0,0,0,0,0,0,0,0,0,0,0,0,0,0,2019
211000,"Raub, r uberische Erpressung auf/gegen Geldinstitute, Postfilialen und -agenturen",5916000,Herne,voll.,0,0,0,0,0,0,0,0,0,0,0,0,0,0,0,0,0,0,0,0,0,0,0,0,0,0,0,2019
211000,"Raub, r uberische Erpressung auf/gegen Geldinstitute, Postfilialen und -agenturen",5916000,Herne,vers.,0,0,0,0,0,0,0,0,0,0,0,0,0,0,0,0,0,0,0,0,0,0,0,0,0,0,0,2019
211000,"Raub, r uberische Erpressung auf/gegen Geldinstitute, Postfilialen und -agenturen",5916000,Herne,insg.,0,0,0,0,0,0,0,0,0,0,0,0,0,0,0,0,0,0,0,0,0,0,0,0,0,0,0,2019
211000,"Raub, r uberische Erpressung auf/gegen Geldinstitute, Postfilialen und -agenturen",3254021,Hildesheim,voll.,0,0,0,0,0,0,0,0,0,0,0,0,0,0,0,0,0,0,0,0,0,0,0,0,0,0,0,2019
211000,"Raub, r uberische Erpressung auf/gegen Geldinstitute, Postfilialen und -agenturen",3254021,Hildesheim,vers.,0,0,0,0,0,0,0,0,0,0,0,0,0,0,0,0,0,0,0,0,0,0,0,0,0,0,0,2019
211000,"Raub, r uberische Erpressung auf/gegen Geldinstitute, Postfilialen und -agenturen",3254021,Hildesheim,insg.,0,0,0,0,0,0,0,0,0,0,0,0,0,0,0,0,0,0,0,0,0,0,0,0,0,0,0,2019
211000,"Raub, r uberische Erpressung auf/gegen Geldinstitute, Postfilialen und -agenturen",9161000,Ingolstadt,voll.,0,0,0,0,0,0,0,0,0,0,0,0,0,0,0,0,0,0,0,0,0,0,0,0,0,0,0,2019
211000,"Raub, r uberische Erpressung auf/gegen Geldinstitute, Postfilialen und -agenturen",9161000,Ingolstadt,vers.,0,0,0,0,0,0,0,0,0,0,0,0,0,0,0,0,0,0,0,0,0,0,0,0,0,0,0,2019
211000,"Raub, r uberische Erpressung auf/gegen Geldinstitute, Postfilialen und -agenturen",9161000,Ingolstadt,insg.,0,0,0,0,0,0,0,0,0,0,0,0,0,0,0,0,0,0,0,0,0,0,0,0,0,0,0,2019
211000,"Raub, r uberische Erpressung auf/gegen Geldinstitute, Postfilialen und -agenturen",16053000,Jena,voll.,0,0,0,0,0,0,0,0,0,0,0,0,0,0,0,0,0,0,0,0,0,0,0,0,0,0,0,2019
211000,"Raub, r uberische Erpressung auf/gegen Geldinstitute, Postfilialen und -agenturen",16053000,Jena,vers.,0,0,0,0,0,0,0,0,0,0,0,0,0,0,0,0,0,0,0,0,0,0,0,0,0,0,0,2019
211000,"Raub, r uberische Erpressung auf/gegen Geldinstitute, Postfilialen und -agenturen",16053000,Jena,insg.,0,0,0,0,0,0,0,0,0,0,0,0,0,0,0,0,0,0,0,0,0,0,0,0,0,0,0,2019
211000,"Raub, r uberische Erpressung auf/gegen Geldinstitute, Postfilialen und -agenturen",8212000,Karlsruhe,voll.,0,0,0,0,0,0,0,0,0,0,0,0,0,0,0,0,0,0,0,0,0,0,0,0,0,0,0,2019
211000,"Raub, r uberische Erpressung auf/gegen Geldinstitute, Postfilialen und -agenturen",8212000,Karlsruhe,vers.,1,1,0,0,0,0,0,0,0,0,0,0,0,0,0,0,0,0,1,1,0,0,0,0,1,1,0,2019
211000,"Raub, r uberische Erpressung auf/gegen Geldinstitute, Postfilialen und -agenturen",8212000,Karlsruhe,insg.,1,1,0,0,0,0,0,0,0,0,0,0,0,0,0,0,0,0,1,1,0,0,0,0,1,1,0,2019
211000,"Raub, r uberische Erpressung auf/gegen Geldinstitute, Postfilialen und -agenturen",6611000,Kassel,voll.,0,0,0,0,0,0,0,0,0,0,0,0,0,0,0,0,0,0,0,0,0,0,0,0,0,0,0,2019
211000,"Raub, r uberische Erpressung auf/gegen Geldinstitute, Postfilialen und -agenturen",6611000,Kassel,vers.,1,0,1,0,0,0,0,0,0,0,0,0,0,0,0,0,0,0,1,0,1,0,0,0,1,0,1,2019
211000,"Raub, r uberische Erpressung auf/gegen Geldinstitute, Postfilialen und -agenturen",6611000,Kassel,insg.,1,0,1,0,0,0,0,0,0,0,0,0,0,0,0,0,0,0,1,0,1,0,0,0,1,0,1,2019
211000,"Raub, r uberische Erpressung auf/gegen Geldinstitute, Postfilialen und -agenturen",1002000,Kiel,voll.,0,0,0,0,0,0,0,0,0,0,0,0,0,0,0,0,0,0,0,0,0,0,0,0,0,0,0,2019
211000,"Raub, r uberische Erpressung auf/gegen Geldinstitute, Postfilialen und -agenturen",1002000,Kiel,vers.,0,0,0,0,0,0,0,0,0,0,0,0,0,0,0,0,0,0,0,0,0,0,0,0,0,0,0,2019
211000,"Raub, r uberische Erpressung auf/gegen Geldinstitute, Postfilialen und -agenturen",1002000,Kiel,insg.,0,0,0,0,0,0,0,0,0,0,0,0,0,0,0,0,0,0,0,0,0,0,0,0,0,0,0,2019
211000,"Raub, r uberische Erpressung auf/gegen Geldinstitute, Postfilialen und -agenturen",7111000,Koblenz,voll.,0,0,0,0,0,0,0,0,0,0,0,0,0,0,0,0,0,0,0,0,0,0,0,0,0,0,0,2019
211000,"Raub, r uberische Erpressung auf/gegen Geldinstitute, Postfilialen und -agenturen",7111000,Koblenz,vers.,0,0,0,0,0,0,0,0,0,0,0,0,0,0,0,0,0,0,0,0,0,0,0,0,0,0,0,2019
211000,"Raub, r uberische Erpressung auf/gegen Geldinstitute, Postfilialen und -agenturen",7111000,Koblenz,insg.,0,0,0,0,0,0,0,0,0,0,0,0,0,0,0,0,0,0,0,0,0,0,0,0,0,0,0,2019
211000,"Raub, r uberische Erpressung auf/gegen Geldinstitute, Postfilialen und -agenturen",5315000,K ln,voll.,0,0,0,0,0,0,0,0,0,0,0,0,0,0,0,0,0,0,0,0,0,0,0,0,0,0,0,2019
211000,"Raub, r uberische Erpressung auf/gegen Geldinstitute, Postfilialen und -agenturen",5315000,K ln,vers.,9,0,9,0,0,0,0,0,0,0,0,0,0,0,0,0,0,0,9,0,9,0,0,0,9,0,9,2019
211000,"Raub, r uberische Erpressung auf/gegen Geldinstitute, Postfilialen und -agenturen",5315000,K ln,insg.,9,0,9,0,0,0,0,0,0,0,0,0,0,0,0,0,0,0,9,0,9,0,0,0,9,0,9,2019
211000,"Raub, r uberische Erpressung auf/gegen Geldinstitute, Postfilialen und -agenturen",5114000,Krefeld,voll.,0,0,0,0,0,0,0,0,0,0,0,0,0,0,0,0,0,0,0,0,0,0,0,0,0,0,0,2019
211000,"Raub, r uberische Erpressung auf/gegen Geldinstitute, Postfilialen und -agenturen",5114000,Krefeld,vers.,1,1,0,0,0,0,0,0,0,0,0,0,0,0,0,0,0,0,1,1,0,0,0,0,1,1,0,2019
211000,"Raub, r uberische Erpressung auf/gegen Geldinstitute, Postfilialen und -agenturen",5114000,Krefeld,insg.,1,1,0,0,0,0,0,0,0,0,0,0,0,0,0,0,0,0,1,1,0,0,0,0,1,1,0,2019
211000,"Raub, r uberische Erpressung auf/gegen Geldinstitute, Postfilialen und -agenturen",14713000,Leipzig,voll.,0,0,0,0,0,0,0,0,0,0,0,0,0,0,0,0,0,0,0,0,0,0,0,0,0,0,0,2019
211000,"Raub, r uberische Erpressung auf/gegen Geldinstitute, Postfilialen und -agenturen",14713000,Leipzig,vers.,0,0,0,0,0,0,0,0,0,0,0,0,0,0,0,0,0,0,0,0,0,0,0,0,0,0,0,2019
211000,"Raub, r uberische Erpressung auf/gegen Geldinstitute, Postfilialen und -agenturen",14713000,Leipzig,insg.,0,0,0,0,0,0,0,0,0,0,0,0,0,0,0,0,0,0,0,0,0,0,0,0,0,0,0,2019
211000,"Raub, r uberische Erpressung auf/gegen Geldinstitute, Postfilialen und -agenturen",5316000,Leverkusen,voll.,0,0,0,0,0,0,0,0,0,0,0,0,0,0,0,0,0,0,0,0,0,0,0,0,0,0,0,2019
211000,"Raub, r uberische Erpressung auf/gegen Geldinstitute, Postfilialen und -agenturen",5316000,Leverkusen,vers.,0,0,0,0,0,0,0,0,0,0,0,0,0,0,0,0,0,0,0,0,0,0,0,0,0,0,0,2019
211000,"Raub, r uberische Erpressung auf/gegen Geldinstitute, Postfilialen und -agenturen",5316000,Leverkusen,insg.,0,0,0,0,0,0,0,0,0,0,0,0,0,0,0,0,0,0,0,0,0,0,0,0,0,0,0,2019
211000,"Raub, r uberische Erpressung auf/gegen Geldinstitute, Postfilialen und -agenturen",1003000,L beck,voll.,0,0,0,0,0,0,0,0,0,0,0,0,0,0,0,0,0,0,0,0,0,0,0,0,0,0,0,2019
211000,"Raub, r uberische Erpressung auf/gegen Geldinstitute, Postfilialen und -agenturen",1003000,L beck,vers.,0,0,0,0,0,0,0,0,0,0,0,0,0,0,0,0,0,0,0,0,0,0,0,0,0,0,0,2019
211000,"Raub, r uberische Erpressung auf/gegen Geldinstitute, Postfilialen und -agenturen",1003000,L beck,insg.,0,0,0,0,0,0,0,0,0,0,0,0,0,0,0,0,0,0,0,0,0,0,0,0,0,0,0,2019
211000,"Raub, r uberische Erpressung auf/gegen Geldinstitute, Postfilialen und -agenturen",7314000,Ludwigshafen am Rhein,voll.,0,0,0,0,0,0,0,0,0,0,0,0,0,0,0,0,0,0,0,0,0,0,0,0,0,0,0,2019
211000,"Raub, r uberische Erpressung auf/gegen Geldinstitute, Postfilialen und -agenturen",7314000,Ludwigshafen am Rhein,vers.,0,0,0,0,0,0,0,0,0,0,0,0,0,0,0,0,0,0,0,0,0,0,0,0,0,0,0,2019
211000,"Raub, r uberische Erpressung auf/gegen Geldinstitute, Postfilialen und -agenturen",7314000,Ludwigshafen am Rhein,insg.,0,0,0,0,0,0,0,0,0,0,0,0,0,0,0,0,0,0,0,0,0,0,0,0,0,0,0,2019
211000,"Raub, r uberische Erpressung auf/gegen Geldinstitute, Postfilialen und -agenturen",15003000,Magdeburg,voll.,0,0,0,0,0,0,0,0,0,0,0,0,0,0,0,0,0,0,0,0,0,0,0,0,0,0,0,2019
211000,"Raub, r uberische Erpressung auf/gegen Geldinstitute, Postfilialen und -agenturen",15003000,Magdeburg,vers.,0,0,0,0,0,0,0,0,0,0,0,0,0,0,0,0,0,0,0,0,0,0,0,0,0,0,0,2019
211000,"Raub, r uberische Erpressung auf/gegen Geldinstitute, Postfilialen und -agenturen",15003000,Magdeburg,insg.,0,0,0,0,0,0,0,0,0,0,0,0,0,0,0,0,0,0,0,0,0,0,0,0,0,0,0,2019
211000,"Raub, r uberische Erpressung auf/gegen Geldinstitute, Postfilialen und -agenturen",7315000,Mainz,voll.,0,0,0,0,0,0,0,0,0,0,0,0,0,0,0,0,0,0,0,0,0,0,0,0,0,0,0,2019
211000,"Raub, r uberische Erpressung auf/gegen Geldinstitute, Postfilialen und -agenturen",7315000,Mainz,vers.,0,0,0,0,0,0,0,0,0,0,0,0,0,0,0,0,0,0,0,0,0,0,0,0,0,0,0,2019
211000,"Raub, r uberische Erpressung auf/gegen Geldinstitute, Postfilialen und -agenturen",7315000,Mainz,insg.,0,0,0,0,0,0,0,0,0,0,0,0,0,0,0,0,0,0,0,0,0,0,0,0,0,0,0,2019
211000,"Raub, r uberische Erpressung auf/gegen Geldinstitute, Postfilialen und -agenturen",8222000,Mannheim,voll.,0,0,0,0,0,0,0,0,0,0,0,0,0,0,0,0,0,0,0,0,0,0,0,0,0,0,0,2019
211000,"Raub, r uberische Erpressung auf/gegen Geldinstitute, Postfilialen und -agenturen",8222000,Mannheim,vers.,0,0,0,0,0,0,0,0,0,0,0,0,0,0,0,0,0,0,0,0,0,0,0,0,0,0,0,2019
211000,"Raub, r uberische Erpressung auf/gegen Geldinstitute, Postfilialen und -agenturen",8222000,Mannheim,insg.,0,0,0,0,0,0,0,0,0,0,0,0,0,0,0,0,0,0,0,0,0,0,0,0,0,0,0,2019
211000,"Raub, r uberische Erpressung auf/gegen Geldinstitute, Postfilialen und -agenturen",5170024,Moers,voll.,0,0,0,0,0,0,0,0,0,0,0,0,0,0,0,0,0,0,0,0,0,0,0,0,0,0,0,2019
211000,"Raub, r uberische Erpressung auf/gegen Geldinstitute, Postfilialen und -agenturen",5170024,Moers,vers.,0,0,0,0,0,0,0,0,0,0,0,0,0,0,0,0,0,0,0,0,0,0,0,0,0,0,0,2019
211000,"Raub, r uberische Erpressung auf/gegen Geldinstitute, Postfilialen und -agenturen",5170024,Moers,insg.,0,0,0,0,0,0,0,0,0,0,0,0,0,0,0,0,0,0,0,0,0,0,0,0,0,0,0,2019
211000,"Raub, r uberische Erpressung auf/gegen Geldinstitute, Postfilialen und -agenturen",5116000,M nchengladbach,voll.,0,0,0,0,0,0,0,0,0,0,0,0,0,0,0,0,0,0,0,0,0,0,0,0,0,0,0,2019
211000,"Raub, r uberische Erpressung auf/gegen Geldinstitute, Postfilialen und -agenturen",5116000,M nchengladbach,vers.,0,0,0,0,0,0,0,0,0,0,0,0,0,0,0,0,0,0,0,0,0,0,0,0,0,0,0,2019
211000,"Raub, r uberische Erpressung auf/gegen Geldinstitute, Postfilialen und -agenturen",5116000,M nchengladbach,insg.,0,0,0,0,0,0,0,0,0,0,0,0,0,0,0,0,0,0,0,0,0,0,0,0,0,0,0,2019
211000,"Raub, r uberische Erpressung auf/gegen Geldinstitute, Postfilialen und -agenturen",5117000,M lheim an der Ruhr,voll.,0,0,0,0,0,0,0,0,0,0,0,0,0,0,0,0,0,0,0,0,0,0,0,0,0,0,0,2019
211000,"Raub, r uberische Erpressung auf/gegen Geldinstitute, Postfilialen und -agenturen",5117000,M lheim an der Ruhr,vers.,0,0,0,0,0,0,0,0,0,0,0,0,0,0,0,0,0,0,0,0,0,0,0,0,0,0,0,2019
211000,"Raub, r uberische Erpressung auf/gegen Geldinstitute, Postfilialen und -agenturen",5117000,M lheim an der Ruhr,insg.,0,0,0,0,0,0,0,0,0,0,0,0,0,0,0,0,0,0,0,0,0,0,0,0,0,0,0,2019
211000,"Raub, r uberische Erpressung auf/gegen Geldinstitute, Postfilialen und -agenturen",9162000,M nchen,voll.,4,1,3,0,0,0,0,0,0,0,0,0,0,0,0,1,1,0,3,0,3,0,0,0,3,0,3,2019
211000,"Raub, r uberische Erpressung auf/gegen Geldinstitute, Postfilialen und -agenturen",9162000,M nchen,vers.,0,0,0,0,0,0,0,0,0,0,0,0,0,0,0,0,0,0,0,0,0,0,0,0,0,0,0,2019
211000,"Raub, r uberische Erpressung auf/gegen Geldinstitute, Postfilialen und -agenturen",9162000,M nchen,insg.,4,1,3,0,0,0,0,0,0,0,0,0,0,0,0,1,1,0,3,0,3,0,0,0,3,0,3,2019
211000,"Raub, r uberische Erpressung auf/gegen Geldinstitute, Postfilialen und -agenturen",5515000,M nster,voll.,0,0,0,0,0,0,0,0,0,0,0,0,0,0,0,0,0,0,0,0,0,0,0,0,0,0,0,2019
211000,"Raub, r uberische Erpressung auf/gegen Geldinstitute, Postfilialen und -agenturen",5515000,M nster,vers.,0,0,0,0,0,0,0,0,0,0,0,0,0,0,0,0,0,0,0,0,0,0,0,0,0,0,0,2019
211000,"Raub, r uberische Erpressung auf/gegen Geldinstitute, Postfilialen und -agenturen",5515000,M nster,insg.,0,0,0,0,0,0,0,0,0,0,0,0,0,0,0,0,0,0,0,0,0,0,0,0,0,0,0,2019
211000,"Raub, r uberische Erpressung auf/gegen Geldinstitute, Postfilialen und -agenturen",5162024,Neuss,voll.,0,0,0,0,0,0,0,0,0,0,0,0,0,0,0,0,0,0,0,0,0,0,0,0,0,0,0,2019
211000,"Raub, r uberische Erpressung auf/gegen Geldinstitute, Postfilialen und -agenturen",5162024,Neuss,vers.,0,0,0,0,0,0,0,0,0,0,0,0,0,0,0,0,0,0,0,0,0,0,0,0,0,0,0,2019
211000,"Raub, r uberische Erpressung auf/gegen Geldinstitute, Postfilialen und -agenturen",5162024,Neuss,insg.,0,0,0,0,0,0,0,0,0,0,0,0,0,0,0,0,0,0,0,0,0,0,0,0,0,0,0,2019
211000,"Raub, r uberische Erpressung auf/gegen Geldinstitute, Postfilialen und -agenturen",9564000,N rnberg,voll.,0,0,0,0,0,0,0,0,0,0,0,0,0,0,0,0,0,0,0,0,0,0,0,0,0,0,0,2019
211000,"Raub, r uberische Erpressung auf/gegen Geldinstitute, Postfilialen und -agenturen",9564000,N rnberg,vers.,0,0,0,0,0,0,0,0,0,0,0,0,0,0,0,0,0,0,0,0,0,0,0,0,0,0,0,2019
211000,"Raub, r uberische Erpressung auf/gegen Geldinstitute, Postfilialen und -agenturen",9564000,N rnberg,insg.,0,0,0,0,0,0,0,0,0,0,0,0,0,0,0,0,0,0,0,0,0,0,0,0,0,0,0,2019
211000,"Raub, r uberische Erpressung auf/gegen Geldinstitute, Postfilialen und -agenturen",5119000,Oberhausen,voll.,0,0,0,0,0,0,0,0,0,0,0,0,0,0,0,0,0,0,0,0,0,0,0,0,0,0,0,2019
211000,"Raub, r uberische Erpressung auf/gegen Geldinstitute, Postfilialen und -agenturen",5119000,Oberhausen,vers.,0,0,0,0,0,0,0,0,0,0,0,0,0,0,0,0,0,0,0,0,0,0,0,0,0,0,0,2019
211000,"Raub, r uberische Erpressung auf/gegen Geldinstitute, Postfilialen und -agenturen",5119000,Oberhausen,insg.,0,0,0,0,0,0,0,0,0,0,0,0,0,0,0,0,0,0,0,0,0,0,0,0,0,0,0,2019
211000,"Raub, r uberische Erpressung auf/gegen Geldinstitute, Postfilialen und -agenturen",6413000,Offenbach am Main,voll.,0,0,0,0,0,0,0,0,0,0,0,0,0,0,0,0,0,0,0,0,0,0,0,0,0,0,0,2019
211000,"Raub, r uberische Erpressung auf/gegen Geldinstitute, Postfilialen und -agenturen",6413000,Offenbach am Main,vers.,1,0,1,0,0,0,0,0,0,0,0,0,0,0,0,0,0,0,1,0,1,0,0,0,1,0,1,2019
211000,"Raub, r uberische Erpressung auf/gegen Geldinstitute, Postfilialen und -agenturen",6413000,Offenbach am Main,insg.,1,0,1,0,0,0,0,0,0,0,0,0,0,0,0,0,0,0,1,0,1,0,0,0,1,0,1,2019
211000,"Raub, r uberische Erpressung auf/gegen Geldinstitute, Postfilialen und -agenturen",3403000,Oldenburg (Oldenburg),voll.,0,0,0,0,0,0,0,0,0,0,0,0,0,0,0,0,0,0,0,0,0,0,0,0,0,0,0,2019
211000,"Raub, r uberische Erpressung auf/gegen Geldinstitute, Postfilialen und -agenturen",3403000,Oldenburg (Oldenburg),vers.,0,0,0,0,0,0,0,0,0,0,0,0,0,0,0,0,0,0,0,0,0,0,0,0,0,0,0,2019
211000,"Raub, r uberische Erpressung auf/gegen Geldinstitute, Postfilialen und -agenturen",3403000,Oldenburg (Oldenburg),insg.,0,0,0,0,0,0,0,0,0,0,0,0,0,0,0,0,0,0,0,0,0,0,0,0,0,0,0,2019
211000,"Raub, r uberische Erpressung auf/gegen Geldinstitute, Postfilialen und -agenturen",3404000,Osnabr ck,voll.,0,0,0,0,0,0,0,0,0,0,0,0,0,0,0,0,0,0,0,0,0,0,0,0,0,0,0,2019
211000,"Raub, r uberische Erpressung auf/gegen Geldinstitute, Postfilialen und -agenturen",3404000,Osnabr ck,vers.,0,0,0,0,0,0,0,0,0,0,0,0,0,0,0,0,0,0,0,0,0,0,0,0,0,0,0,2019
211000,"Raub, r uberische Erpressung auf/gegen Geldinstitute, Postfilialen und -agenturen",3404000,Osnabr ck,insg.,0,0,0,0,0,0,0,0,0,0,0,0,0,0,0,0,0,0,0,0,0,0,0,0,0,0,0,2019
211000,"Raub, r uberische Erpressung auf/gegen Geldinstitute, Postfilialen und -agenturen",5774032,Paderborn,voll.,0,0,0,0,0,0,0,0,0,0,0,0,0,0,0,0,0,0,0,0,0,0,0,0,0,0,0,2019
211000,"Raub, r uberische Erpressung auf/gegen Geldinstitute, Postfilialen und -agenturen",5774032,Paderborn,vers.,0,0,0,0,0,0,0,0,0,0,0,0,0,0,0,0,0,0,0,0,0,0,0,0,0,0,0,2019
211000,"Raub, r uberische Erpressung auf/gegen Geldinstitute, Postfilialen und -agenturen",5774032,Paderborn,insg.,0,0,0,0,0,0,0,0,0,0,0,0,0,0,0,0,0,0,0,0,0,0,0,0,0,0,0,2019
211000,"Raub, r uberische Erpressung auf/gegen Geldinstitute, Postfilialen und -agenturen",8231000,Pforzheim,voll.,0,0,0,0,0,0,0,0,0,0,0,0,0,0,0,0,0,0,0,0,0,0,0,0,0,0,0,2019
211000,"Raub, r uberische Erpressung auf/gegen Geldinstitute, Postfilialen und -agenturen",8231000,Pforzheim,vers.,0,0,0,0,0,0,0,0,0,0,0,0,0,0,0,0,0,0,0,0,0,0,0,0,0,0,0,2019
211000,"Raub, r uberische Erpressung auf/gegen Geldinstitute, Postfilialen und -agenturen",8231000,Pforzheim,insg.,0,0,0,0,0,0,0,0,0,0,0,0,0,0,0,0,0,0,0,0,0,0,0,0,0,0,0,2019
211000,"Raub, r uberische Erpressung auf/gegen Geldinstitute, Postfilialen und -agenturen",12054000,Potsdam,voll.,0,0,0,0,0,0,0,0,0,0,0,0,0,0,0,0,0,0,0,0,0,0,0,0,0,0,0,2019
211000,"Raub, r uberische Erpressung auf/gegen Geldinstitute, Postfilialen und -agenturen",12054000,Potsdam,vers.,0,0,0,0,0,0,0,0,0,0,0,0,0,0,0,0,0,0,0,0,0,0,0,0,0,0,0,2019
211000,"Raub, r uberische Erpressung auf/gegen Geldinstitute, Postfilialen und -agenturen",12054000,Potsdam,insg.,0,0,0,0,0,0,0,0,0,0,0,0,0,0,0,0,0,0,0,0,0,0,0,0,0,0,0,2019
211000,"Raub, r uberische Erpressung auf/gegen Geldinstitute, Postfilialen und -agenturen",5562032,Recklinghausen,voll.,0,0,0,0,0,0,0,0,0,0,0,0,0,0,0,0,0,0,0,0,0,0,0,0,0,0,0,2019
211000,"Raub, r uberische Erpressung auf/gegen Geldinstitute, Postfilialen und -agenturen",5562032,Recklinghausen,vers.,0,0,0,0,0,0,0,0,0,0,0,0,0,0,0,0,0,0,0,0,0,0,0,0,0,0,0,2019
211000,"Raub, r uberische Erpressung auf/gegen Geldinstitute, Postfilialen und -agenturen",5562032,Recklinghausen,insg.,0,0,0,0,0,0,0,0,0,0,0,0,0,0,0,0,0,0,0,0,0,0,0,0,0,0,0,2019
211000,"Raub, r uberische Erpressung auf/gegen Geldinstitute, Postfilialen und -agenturen",9362000,Regensburg,voll.,0,0,0,0,0,0,0,0,0,0,0,0,0,0,0,0,0,0,0,0,0,0,0,0,0,0,0,2019
211000,"Raub, r uberische Erpressung auf/gegen Geldinstitute, Postfilialen und -agenturen",9362000,Regensburg,vers.,0,0,0,0,0,0,0,0,0,0,0,0,0,0,0,0,0,0,0,0,0,0,0,0,0,0,0,2019
211000,"Raub, r uberische Erpressung auf/gegen Geldinstitute, Postfilialen und -agenturen",9362000,Regensburg,insg.,0,0,0,0,0,0,0,0,0,0,0,0,0,0,0,0,0,0,0,0,0,0,0,0,0,0,0,2019
211000,"Raub, r uberische Erpressung auf/gegen Geldinstitute, Postfilialen und -agenturen",5120000,Remscheid,voll.,0,0,0,0,0,0,0,0,0,0,0,0,0,0,0,0,0,0,0,0,0,0,0,0,0,0,0,2019
211000,"Raub, r uberische Erpressung auf/gegen Geldinstitute, Postfilialen und -agenturen",5120000,Remscheid,vers.,0,0,0,0,0,0,0,0,0,0,0,0,0,0,0,0,0,0,0,0,0,0,0,0,0,0,0,2019
211000,"Raub, r uberische Erpressung auf/gegen Geldinstitute, Postfilialen und -agenturen",5120000,Remscheid,insg.,0,0,0,0,0,0,0,0,0,0,0,0,0,0,0,0,0,0,0,0,0,0,0,0,0,0,0,2019
211000,"Raub, r uberische Erpressung auf/gegen Geldinstitute, Postfilialen und -agenturen",8415061,Reutlingen,voll.,0,0,0,0,0,0,0,0,0,0,0,0,0,0,0,0,0,0,0,0,0,0,0,0,0,0,0,2019
211000,"Raub, r uberische Erpressung auf/gegen Geldinstitute, Postfilialen und -agenturen",8415061,Reutlingen,vers.,0,0,0,0,0,0,0,0,0,0,0,0,0,0,0,0,0,0,0,0,0,0,0,0,0,0,0,2019
211000,"Raub, r uberische Erpressung auf/gegen Geldinstitute, Postfilialen und -agenturen",8415061,Reutlingen,insg.,0,0,0,0,0,0,0,0,0,0,0,0,0,0,0,0,0,0,0,0,0,0,0,0,0,0,0,2019
211000,"Raub, r uberische Erpressung auf/gegen Geldinstitute, Postfilialen und -agenturen",13003000,Rostock,voll.,0,0,0,0,0,0,0,0,0,0,0,0,0,0,0,0,0,0,0,0,0,0,0,0,0,0,0,2019
211000,"Raub, r uberische Erpressung auf/gegen Geldinstitute, Postfilialen und -agenturen",13003000,Rostock,vers.,1,0,1,0,0,0,0,0,0,0,0,0,0,0,0,0,0,0,1,0,1,0,0,0,1,0,1,2019
211000,"Raub, r uberische Erpressung auf/gegen Geldinstitute, Postfilialen und -agenturen",13003000,Rostock,insg.,1,0,1,0,0,0,0,0,0,0,0,0,0,0,0,0,0,0,1,0,1,0,0,0,1,0,1,2019
211000,"Raub, r uberische Erpressung auf/gegen Geldinstitute, Postfilialen und -agenturen",10041100,Saarbr cken,voll.,0,0,0,0,0,0,0,0,0,0,0,0,0,0,0,0,0,0,0,0,0,0,0,0,0,0,0,2019
211000,"Raub, r uberische Erpressung auf/gegen Geldinstitute, Postfilialen und -agenturen",10041100,Saarbr cken,vers.,0,0,0,0,0,0,0,0,0,0,0,0,0,0,0,0,0,0,0,0,0,0,0,0,0,0,0,2019
211000,"Raub, r uberische Erpressung auf/gegen Geldinstitute, Postfilialen und -agenturen",10041100,Saarbr cken,insg.,0,0,0,0,0,0,0,0,0,0,0,0,0,0,0,0,0,0,0,0,0,0,0,0,0,0,0,2019
211000,"Raub, r uberische Erpressung auf/gegen Geldinstitute, Postfilialen und -agenturen",3102000,Salzgitter,voll.,0,0,0,0,0,0,0,0,0,0,0,0,0,0,0,0,0,0,0,0,0,0,0,0,0,0,0,2019
211000,"Raub, r uberische Erpressung auf/gegen Geldinstitute, Postfilialen und -agenturen",3102000,Salzgitter,vers.,0,0,0,0,0,0,0,0,0,0,0,0,0,0,0,0,0,0,0,0,0,0,0,0,0,0,0,2019
211000,"Raub, r uberische Erpressung auf/gegen Geldinstitute, Postfilialen und -agenturen",3102000,Salzgitter,insg.,0,0,0,0,0,0,0,0,0,0,0,0,0,0,0,0,0,0,0,0,0,0,0,0,0,0,0,2019
211000,"Raub, r uberische Erpressung auf/gegen Geldinstitute, Postfilialen und -agenturen",13004000,Schwerin,voll.,0,0,0,0,0,0,0,0,0,0,0,0,0,0,0,0,0,0,0,0,0,0,0,0,0,0,0,2019
211000,"Raub, r uberische Erpressung auf/gegen Geldinstitute, Postfilialen und -agenturen",13004000,Schwerin,vers.,0,0,0,0,0,0,0,0,0,0,0,0,0,0,0,0,0,0,0,0,0,0,0,0,0,0,0,2019
211000,"Raub, r uberische Erpressung auf/gegen Geldinstitute, Postfilialen und -agenturen",13004000,Schwerin,insg.,0,0,0,0,0,0,0,0,0,0,0,0,0,0,0,0,0,0,0,0,0,0,0,0,0,0,0,2019
211000,"Raub, r uberische Erpressung auf/gegen Geldinstitute, Postfilialen und -agenturen",5970040,Siegen,voll.,0,0,0,0,0,0,0,0,0,0,0,0,0,0,0,0,0,0,0,0,0,0,0,0,0,0,0,2019
211000,"Raub, r uberische Erpressung auf/gegen Geldinstitute, Postfilialen und -agenturen",5970040,Siegen,vers.,0,0,0,0,0,0,0,0,0,0,0,0,0,0,0,0,0,0,0,0,0,0,0,0,0,0,0,2019
211000,"Raub, r uberische Erpressung auf/gegen Geldinstitute, Postfilialen und -agenturen",5970040,Siegen,insg.,0,0,0,0,0,0,0,0,0,0,0,0,0,0,0,0,0,0,0,0,0,0,0,0,0,0,0,2019
211000,"Raub, r uberische Erpressung auf/gegen Geldinstitute, Postfilialen und -agenturen",5122000,Solingen,voll.,0,0,0,0,0,0,0,0,0,0,0,0,0,0,0,0,0,0,0,0,0,0,0,0,0,0,0,2019
211000,"Raub, r uberische Erpressung auf/gegen Geldinstitute, Postfilialen und -agenturen",5122000,Solingen,vers.,0,0,0,0,0,0,0,0,0,0,0,0,0,0,0,0,0,0,0,0,0,0,0,0,0,0,0,2019
211000,"Raub, r uberische Erpressung auf/gegen Geldinstitute, Postfilialen und -agenturen",5122000,Solingen,insg.,0,0,0,0,0,0,0,0,0,0,0,0,0,0,0,0,0,0,0,0,0,0,0,0,0,0,0,2019
211000,"Raub, r uberische Erpressung auf/gegen Geldinstitute, Postfilialen und -agenturen",8111000,Stuttgart,voll.,0,0,0,0,0,0,0,0,0,0,0,0,0,0,0,0,0,0,0,0,0,0,0,0,0,0,0,2019
211000,"Raub, r uberische Erpressung auf/gegen Geldinstitute, Postfilialen und -agenturen",8111000,Stuttgart,vers.,15,15,0,1,1,0,0,0,0,1,1,0,0,0,0,0,0,0,13,13,0,1,1,0,14,14,0,2019
211000,"Raub, r uberische Erpressung auf/gegen Geldinstitute, Postfilialen und -agenturen",8111000,Stuttgart,insg.,15,15,0,1,1,0,0,0,0,1,1,0,0,0,0,0,0,0,13,13,0,1,1,0,14,14,0,2019
211000,"Raub, r uberische Erpressung auf/gegen Geldinstitute, Postfilialen und -agenturen",7211000,Trier,voll.,1,0,1,0,0,0,0,0,0,0,0,0,0,0,0,0,0,0,1,0,1,0,0,0,1,0,1,2019
211000,"Raub, r uberische Erpressung auf/gegen Geldinstitute, Postfilialen und -agenturen",7211000,Trier,vers.,0,0,0,0,0,0,0,0,0,0,0,0,0,0,0,0,0,0,0,0,0,0,0,0,0,0,0,2019
211000,"Raub, r uberische Erpressung auf/gegen Geldinstitute, Postfilialen und -agenturen",7211000,Trier,insg.,1,0,1,0,0,0,0,0,0,0,0,0,0,0,0,0,0,0,1,0,1,0,0,0,1,0,1,2019
211000,"Raub, r uberische Erpressung auf/gegen Geldinstitute, Postfilialen und -agenturen",8421000,Ulm,voll.,0,0,0,0,0,0,0,0,0,0,0,0,0,0,0,0,0,0,0,0,0,0,0,0,0,0,0,2019
211000,"Raub, r uberische Erpressung auf/gegen Geldinstitute, Postfilialen und -agenturen",8421000,Ulm,vers.,0,0,0,0,0,0,0,0,0,0,0,0,0,0,0,0,0,0,0,0,0,0,0,0,0,0,0,2019
211000,"Raub, r uberische Erpressung auf/gegen Geldinstitute, Postfilialen und -agenturen",8421000,Ulm,insg.,0,0,0,0,0,0,0,0,0,0,0,0,0,0,0,0,0,0,0,0,0,0,0,0,0,0,0,2019
211000,"Raub, r uberische Erpressung auf/gegen Geldinstitute, Postfilialen und -agenturen",6414000,Wiesbaden,voll.,1,0,1,0,0,0,0,0,0,0,0,0,0,0,0,0,0,0,1,0,1,0,0,0,1,0,1,2019
211000,"Raub, r uberische Erpressung auf/gegen Geldinstitute, Postfilialen und -agenturen",6414000,Wiesbaden,vers.,0,0,0,0,0,0,0,0,0,0,0,0,0,0,0,0,0,0,0,0,0,0,0,0,0,0,0,2019
211000,"Raub, r uberische Erpressung auf/gegen Geldinstitute, Postfilialen und -agenturen",6414000,Wiesbaden,insg.,1,0,1,0,0,0,0,0,0,0,0,0,0,0,0,0,0,0,1,0,1,0,0,0,1,0,1,2019
211000,"Raub, r uberische Erpressung auf/gegen Geldinstitute, Postfilialen und -agenturen",3103000,Wolfsburg,voll.,0,0,0,0,0,0,0,0,0,0,0,0,0,0,0,0,0,0,0,0,0,0,0,0,0,0,0,2019
211000,"Raub, r uberische Erpressung auf/gegen Geldinstitute, Postfilialen und -agenturen",3103000,Wolfsburg,vers.,0,0,0,0,0,0,0,0,0,0,0,0,0,0,0,0,0,0,0,0,0,0,0,0,0,0,0,2019
211000,"Raub, r uberische Erpressung auf/gegen Geldinstitute, Postfilialen und -agenturen",3103000,Wolfsburg,insg.,0,0,0,0,0,0,0,0,0,0,0,0,0,0,0,0,0,0,0,0,0,0,0,0,0,0,0,2019
211000,"Raub, r uberische Erpressung auf/gegen Geldinstitute, Postfilialen und -agenturen",5124000,Wuppertal,voll.,0,0,0,0,0,0,0,0,0,0,0,0,0,0,0,0,0,0,0,0,0,0,0,0,0,0,0,2019
211000,"Raub, r uberische Erpressung auf/gegen Geldinstitute, Postfilialen und -agenturen",5124000,Wuppertal,vers.,0,0,0,0,0,0,0,0,0,0,0,0,0,0,0,0,0,0,0,0,0,0,0,0,0,0,0,2019
211000,"Raub, r uberische Erpressung auf/gegen Geldinstitute, Postfilialen und -agenturen",5124000,Wuppertal,insg.,0,0,0,0,0,0,0,0,0,0,0,0,0,0,0,0,0,0,0,0,0,0,0,0,0,0,0,2019
211000,"Raub, r uberische Erpressung auf/gegen Geldinstitute, Postfilialen und -agenturen",9663000,W rzburg,voll.,0,0,0,0,0,0,0,0,0,0,0,0,0,0,0,0,0,0,0,0,0,0,0,0,0,0,0,2019
211000,"Raub, r uberische Erpressung auf/gegen Geldinstitute, Postfilialen und -agenturen",9663000,W rzburg,vers.,0,0,0,0,0,0,0,0,0,0,0,0,0,0,0,0,0,0,0,0,0,0,0,0,0,0,0,2019
211000,"Raub, r uberische Erpressung auf/gegen Geldinstitute, Postfilialen und -agenturen",9663000,W rzburg,insg.,0,0,0,0,0,0,0,0,0,0,0,0,0,0,0,0,0,0,0,0,0,0,0,0,0,0,0,2019
212000,"Raub, r uberische Erpressung auf/gegen sonstige Zahlstellen und Gesch fte",5334002,Aachen,voll.,12,5,7,0,0,0,0,0,0,0,0,0,1,1,0,0,0,0,10,3,7,1,1,0,11,4,7,2019
212000,"Raub, r uberische Erpressung auf/gegen sonstige Zahlstellen und Gesch fte",5334002,Aachen,vers.,4,2,2,0,0,0,0,0,0,0,0,0,0,0,0,1,1,0,2,1,1,1,0,1,3,1,2,2019
212000,"Raub, r uberische Erpressung auf/gegen sonstige Zahlstellen und Gesch fte",5334002,Aachen,insg.,16,7,9,0,0,0,0,0,0,0,0,0,1,1,0,1,1,0,12,4,8,2,1,1,14,5,9,2019
212000,"Raub, r uberische Erpressung auf/gegen sonstige Zahlstellen und Gesch fte",9761000,Augsburg,voll.,5,2,3,0,0,0,0,0,0,0,0,0,0,0,0,0,0,0,2,0,2,3,2,1,5,2,3,2019
212000,"Raub, r uberische Erpressung auf/gegen sonstige Zahlstellen und Gesch fte",9761000,Augsburg,vers.,2,1,1,0,0,0,0,0,0,0,0,0,0,0,0,0,0,0,2,1,1,0,0,0,2,1,1,2019
212000,"Raub, r uberische Erpressung auf/gegen sonstige Zahlstellen und Gesch fte",9761000,Augsburg,insg.,7,3,4,0,0,0,0,0,0,0,0,0,0,0,0,0,0,0,4,1,3,3,2,1,7,3,4,2019
212000,"Raub, r uberische Erpressung auf/gegen sonstige Zahlstellen und Gesch fte",5378004,Bergisch Gladbach,voll.,0,0,0,0,0,0,0,0,0,0,0,0,0,0,0,0,0,0,0,0,0,0,0,0,0,0,0,2019
212000,"Raub, r uberische Erpressung auf/gegen sonstige Zahlstellen und Gesch fte",5378004,Bergisch Gladbach,vers.,1,0,1,0,0,0,0,0,0,0,0,0,0,0,0,0,0,0,1,0,1,0,0,0,1,0,1,2019
212000,"Raub, r uberische Erpressung auf/gegen sonstige Zahlstellen und Gesch fte",5378004,Bergisch Gladbach,insg.,1,0,1,0,0,0,0,0,0,0,0,0,0,0,0,0,0,0,1,0,1,0,0,0,1,0,1,2019
212000,"Raub, r uberische Erpressung auf/gegen sonstige Zahlstellen und Gesch fte",11000000,Berlin,voll.,463,268,195,0,0,0,1,0,1,1,0,1,5,4,1,35,23,12,381,220,161,41,21,20,422,241,181,2019
212000,"Raub, r uberische Erpressung auf/gegen sonstige Zahlstellen und Gesch fte",11000000,Berlin,vers.,122,71,51,0,0,0,0,0,0,0,0,0,0,0,0,5,3,2,100,60,40,17,8,9,117,68,49,2019
212000,"Raub, r uberische Erpressung auf/gegen sonstige Zahlstellen und Gesch fte",11000000,Berlin,insg.,585,339,246,0,0,0,1,0,1,1,0,1,5,4,1,40,26,14,481,280,201,58,29,29,539,309,230,2019
212000,"Raub, r uberische Erpressung auf/gegen sonstige Zahlstellen und Gesch fte",5711000,Bielefeld,voll.,11,4,7,0,0,0,0,0,0,0,0,0,0,0,0,3,2,1,8,2,6,0,0,0,8,2,6,2019
212000,"Raub, r uberische Erpressung auf/gegen sonstige Zahlstellen und Gesch fte",5711000,Bielefeld,vers.,2,2,0,0,0,0,0,0,0,0,0,0,0,0,0,1,1,0,1,1,0,0,0,0,1,1,0,2019
212000,"Raub, r uberische Erpressung auf/gegen sonstige Zahlstellen und Gesch fte",5711000,Bielefeld,insg.,13,6,7,0,0,0,0,0,0,0,0,0,0,0,0,4,3,1,9,3,6,0,0,0,9,3,6,2019
212000,"Raub, r uberische Erpressung auf/gegen sonstige Zahlstellen und Gesch fte",5911000,Bochum,voll.,29,10,19,0,0,0,0,0,0,0,0,0,0,0,0,1,0,1,24,10,14,4,0,4,28,10,18,2019
212000,"Raub, r uberische Erpressung auf/gegen sonstige Zahlstellen und Gesch fte",5911000,Bochum,vers.,3,3,0,0,0,0,0,0,0,0,0,0,0,0,0,1,1,0,2,2,0,0,0,0,2,2,0,2019
212000,"Raub, r uberische Erpressung auf/gegen sonstige Zahlstellen und Gesch fte",5911000,Bochum,insg.,32,13,19,0,0,0,0,0,0,0,0,0,0,0,0,2,1,1,26,12,14,4,0,4,30,12,18,2019
212000,"Raub, r uberische Erpressung auf/gegen sonstige Zahlstellen und Gesch fte",5314000,Bonn,voll.,20,16,4,0,0,0,0,0,0,0,0,0,0,0,0,2,2,0,18,14,4,0,0,0,18,14,4,2019
212000,"Raub, r uberische Erpressung auf/gegen sonstige Zahlstellen und Gesch fte",5314000,Bonn,vers.,8,4,4,0,0,0,0,0,0,0,0,0,0,0,0,0,0,0,6,3,3,2,1,1,8,4,4,2019
212000,"Raub, r uberische Erpressung auf/gegen sonstige Zahlstellen und Gesch fte",5314000,Bonn,insg.,28,20,8,0,0,0,0,0,0,0,0,0,0,0,0,2,2,0,24,17,7,2,1,1,26,18,8,2019
212000,"Raub, r uberische Erpressung auf/gegen sonstige Zahlstellen und Gesch fte",5512000,Bottrop,voll.,7,1,6,0,0,0,0,0,0,0,0,0,0,0,0,1,0,1,6,1,5,0,0,0,6,1,5,2019
212000,"Raub, r uberische Erpressung auf/gegen sonstige Zahlstellen und Gesch fte",5512000,Bottrop,vers.,4,4,0,0,0,0,0,0,0,0,0,0,0,0,0,0,0,0,4,4,0,0,0,0,4,4,0,2019
212000,"Raub, r uberische Erpressung auf/gegen sonstige Zahlstellen und Gesch fte",5512000,Bottrop,insg.,11,5,6,0,0,0,0,0,0,0,0,0,0,0,0,1,0,1,10,5,5,0,0,0,10,5,5,2019
212000,"Raub, r uberische Erpressung auf/gegen sonstige Zahlstellen und Gesch fte",3101000,Braunschweig,voll.,17,6,11,0,0,0,0,0,0,0,0,0,0,0,0,2,1,1,13,4,9,2,1,1,15,5,10,2019
212000,"Raub, r uberische Erpressung auf/gegen sonstige Zahlstellen und Gesch fte",3101000,Braunschweig,vers.,1,1,0,0,0,0,0,0,0,0,0,0,0,0,0,0,0,0,1,1,0,0,0,0,1,1,0,2019
212000,"Raub, r uberische Erpressung auf/gegen sonstige Zahlstellen und Gesch fte",3101000,Braunschweig,insg.,18,7,11,0,0,0,0,0,0,0,0,0,0,0,0,2,1,1,14,5,9,2,1,1,16,6,10,2019
212000,"Raub, r uberische Erpressung auf/gegen sonstige Zahlstellen und Gesch fte",4011000,Bremen,voll.,47,12,35,0,0,0,0,0,0,0,0,0,0,0,0,5,1,4,36,10,26,6,1,5,42,11,31,2019
212000,"Raub, r uberische Erpressung auf/gegen sonstige Zahlstellen und Gesch fte",4011000,Bremen,vers.,19,9,10,0,0,0,0,0,0,0,0,0,0,0,0,0,0,0,15,7,8,4,2,2,19,9,10,2019
212000,"Raub, r uberische Erpressung auf/gegen sonstige Zahlstellen und Gesch fte",4011000,Bremen,insg.,66,21,45,0,0,0,0,0,0,0,0,0,0,0,0,5,1,4,51,17,34,10,3,7,61,20,41,2019
212000,"Raub, r uberische Erpressung auf/gegen sonstige Zahlstellen und Gesch fte",4012000,Bremerhaven,voll.,18,11,7,0,0,0,0,0,0,0,0,0,0,0,0,3,1,2,14,9,5,1,1,0,15,10,5,2019
212000,"Raub, r uberische Erpressung auf/gegen sonstige Zahlstellen und Gesch fte",4012000,Bremerhaven,vers.,3,0,3,0,0,0,0,0,0,0,0,0,0,0,0,0,0,0,3,0,3,0,0,0,3,0,3,2019
212000,"Raub, r uberische Erpressung auf/gegen sonstige Zahlstellen und Gesch fte",4012000,Bremerhaven,insg.,21,11,10,0,0,0,0,0,0,0,0,0,0,0,0,3,1,2,17,9,8,1,1,0,18,10,8,2019
212000,"Raub, r uberische Erpressung auf/gegen sonstige Zahlstellen und Gesch fte",14511000,Chemnitz,voll.,1,1,0,0,0,0,0,0,0,0,0,0,0,0,0,0,0,0,1,1,0,0,0,0,1,1,0,2019
212000,"Raub, r uberische Erpressung auf/gegen sonstige Zahlstellen und Gesch fte",14511000,Chemnitz,vers.,2,0,2,0,0,0,0,0,0,0,0,0,0,0,0,0,0,0,2,0,2,0,0,0,2,0,2,2019
212000,"Raub, r uberische Erpressung auf/gegen sonstige Zahlstellen und Gesch fte",14511000,Chemnitz,insg.,3,1,2,0,0,0,0,0,0,0,0,0,0,0,0,0,0,0,3,1,2,0,0,0,3,1,2,2019
212000,"Raub, r uberische Erpressung auf/gegen sonstige Zahlstellen und Gesch fte",12052000,Cottbus,voll.,3,2,1,0,0,0,0,0,0,0,0,0,0,0,0,1,1,0,2,1,1,0,0,0,2,1,1,2019
212000,"Raub, r uberische Erpressung auf/gegen sonstige Zahlstellen und Gesch fte",12052000,Cottbus,vers.,0,0,0,0,0,0,0,0,0,0,0,0,0,0,0,0,0,0,0,0,0,0,0,0,0,0,0,2019
212000,"Raub, r uberische Erpressung auf/gegen sonstige Zahlstellen und Gesch fte",12052000,Cottbus,insg.,3,2,1,0,0,0,0,0,0,0,0,0,0,0,0,1,1,0,2,1,1,0,0,0,2,1,1,2019
212000,"Raub, r uberische Erpressung auf/gegen sonstige Zahlstellen und Gesch fte",6411000,Darmstadt,voll.,10,7,3,0,0,0,0,0,0,0,0,0,0,0,0,3,2,1,7,5,2,0,0,0,7,5,2,2019
212000,"Raub, r uberische Erpressung auf/gegen sonstige Zahlstellen und Gesch fte",6411000,Darmstadt,vers.,1,0,1,0,0,0,0,0,0,0,0,0,0,0,0,0,0,0,1,0,1,0,0,0,1,0,1,2019
212000,"Raub, r uberische Erpressung auf/gegen sonstige Zahlstellen und Gesch fte",6411000,Darmstadt,insg.,11,7,4,0,0,0,0,0,0,0,0,0,0,0,0,3,2,1,8,5,3,0,0,0,8,5,3,2019
212000,"Raub, r uberische Erpressung auf/gegen sonstige Zahlstellen und Gesch fte",5913000,Dortmund,voll.,35,14,21,0,0,0,0,0,0,0,0,0,0,0,0,2,1,1,30,13,17,3,0,3,33,13,20,2019
212000,"Raub, r uberische Erpressung auf/gegen sonstige Zahlstellen und Gesch fte",5913000,Dortmund,vers.,10,6,4,0,0,0,0,0,0,0,0,0,0,0,0,0,0,0,7,5,2,3,1,2,10,6,4,2019
212000,"Raub, r uberische Erpressung auf/gegen sonstige Zahlstellen und Gesch fte",5913000,Dortmund,insg.,45,20,25,0,0,0,0,0,0,0,0,0,0,0,0,2,1,1,37,18,19,6,1,5,43,19,24,2019
212000,"Raub, r uberische Erpressung auf/gegen sonstige Zahlstellen und Gesch fte",14612000,Dresden,voll.,13,9,4,0,0,0,0,0,0,0,0,0,0,0,0,0,0,0,11,7,4,2,2,0,13,9,4,2019
212000,"Raub, r uberische Erpressung auf/gegen sonstige Zahlstellen und Gesch fte",14612000,Dresden,vers.,4,2,2,0,0,0,0,0,0,0,0,0,0,0,0,0,0,0,4,2,2,0,0,0,4,2,2,2019
212000,"Raub, r uberische Erpressung auf/gegen sonstige Zahlstellen und Gesch fte",14612000,Dresden,insg.,17,11,6,0,0,0,0,0,0,0,0,0,0,0,0,0,0,0,15,9,6,2,2,0,17,11,6,2019
212000,"Raub, r uberische Erpressung auf/gegen sonstige Zahlstellen und Gesch fte",5112000,Duisburg,voll.,38,17,21,0,0,0,0,0,0,0,0,0,1,1,0,4,2,2,32,14,18,1,0,1,33,14,19,2019
212000,"Raub, r uberische Erpressung auf/gegen sonstige Zahlstellen und Gesch fte",5112000,Duisburg,vers.,8,1,7,0,0,0,0,0,0,0,0,0,0,0,0,1,1,0,4,0,4,3,0,3,7,0,7,2019
212000,"Raub, r uberische Erpressung auf/gegen sonstige Zahlstellen und Gesch fte",5112000,Duisburg,insg.,46,18,28,0,0,0,0,0,0,0,0,0,1,1,0,5,3,2,36,14,22,4,0,4,40,14,26,2019
212000,"Raub, r uberische Erpressung auf/gegen sonstige Zahlstellen und Gesch fte",5111000,D sseldorf,voll.,10,4,6,0,0,0,0,0,0,0,0,0,0,0,0,0,0,0,9,4,5,1,0,1,10,4,6,2019
212000,"Raub, r uberische Erpressung auf/gegen sonstige Zahlstellen und Gesch fte",5111000,D sseldorf,vers.,4,3,1,0,0,0,0,0,0,0,0,0,0,0,0,0,0,0,3,2,1,1,1,0,4,3,1,2019
212000,"Raub, r uberische Erpressung auf/gegen sonstige Zahlstellen und Gesch fte",5111000,D sseldorf,insg.,14,7,7,0,0,0,0,0,0,0,0,0,0,0,0,0,0,0,12,6,6,2,1,1,14,7,7,2019
212000,"Raub, r uberische Erpressung auf/gegen sonstige Zahlstellen und Gesch fte",16051000,Erfurt,voll.,2,0,2,0,0,0,0,0,0,0,0,0,1,0,1,1,0,1,0,0,0,0,0,0,0,0,0,2019
212000,"Raub, r uberische Erpressung auf/gegen sonstige Zahlstellen und Gesch fte",16051000,Erfurt,vers.,0,0,0,0,0,0,0,0,0,0,0,0,0,0,0,0,0,0,0,0,0,0,0,0,0,0,0,2019
212000,"Raub, r uberische Erpressung auf/gegen sonstige Zahlstellen und Gesch fte",16051000,Erfurt,insg.,2,0,2,0,0,0,0,0,0,0,0,0,1,0,1,1,0,1,0,0,0,0,0,0,0,0,0,2019
212000,"Raub, r uberische Erpressung auf/gegen sonstige Zahlstellen und Gesch fte",9562000,Erlangen,voll.,0,0,0,0,0,0,0,0,0,0,0,0,0,0,0,0,0,0,0,0,0,0,0,0,0,0,0,2019
212000,"Raub, r uberische Erpressung auf/gegen sonstige Zahlstellen und Gesch fte",9562000,Erlangen,vers.,1,0,1,0,0,0,0,0,0,0,0,0,0,0,0,0,0,0,0,0,0,1,0,1,1,0,1,2019
212000,"Raub, r uberische Erpressung auf/gegen sonstige Zahlstellen und Gesch fte",9562000,Erlangen,insg.,1,0,1,0,0,0,0,0,0,0,0,0,0,0,0,0,0,0,0,0,0,1,0,1,1,0,1,2019
212000,"Raub, r uberische Erpressung auf/gegen sonstige Zahlstellen und Gesch fte",5113000,Essen,voll.,26,12,14,0,0,0,0,0,0,0,0,0,2,2,0,1,1,0,20,8,12,3,1,2,23,9,14,2019
212000,"Raub, r uberische Erpressung auf/gegen sonstige Zahlstellen und Gesch fte",5113000,Essen,vers.,7,4,3,0,0,0,0,0,0,0,0,0,0,0,0,0,0,0,6,3,3,1,1,0,7,4,3,2019
212000,"Raub, r uberische Erpressung auf/gegen sonstige Zahlstellen und Gesch fte",5113000,Essen,insg.,33,16,17,0,0,0,0,0,0,0,0,0,2,2,0,1,1,0,26,11,15,4,2,2,30,13,17,2019
212000,"Raub, r uberische Erpressung auf/gegen sonstige Zahlstellen und Gesch fte",6412000,Frankfurt am Main,voll.,48,29,19,0,0,0,0,0,0,0,0,0,0,0,0,3,3,0,41,23,18,4,3,1,45,26,19,2019
212000,"Raub, r uberische Erpressung auf/gegen sonstige Zahlstellen und Gesch fte",6412000,Frankfurt am Main,vers.,18,13,5,0,0,0,0,0,0,0,0,0,0,0,0,0,0,0,18,13,5,0,0,0,18,13,5,2019
212000,"Raub, r uberische Erpressung auf/gegen sonstige Zahlstellen und Gesch fte",6412000,Frankfurt am Main,insg.,66,42,24,0,0,0,0,0,0,0,0,0,0,0,0,3,3,0,59,36,23,4,3,1,63,39,24,2019
212000,"Raub, r uberische Erpressung auf/gegen sonstige Zahlstellen und Gesch fte",8311000,Freiburg im Breisgau,voll.,4,3,1,0,0,0,0,0,0,0,0,0,0,0,0,1,1,0,3,2,1,0,0,0,3,2,1,2019
212000,"Raub, r uberische Erpressung auf/gegen sonstige Zahlstellen und Gesch fte",8311000,Freiburg im Breisgau,vers.,2,0,2,0,0,0,0,0,0,0,0,0,0,0,0,0,0,0,2,0,2,0,0,0,2,0,2,2019
212000,"Raub, r uberische Erpressung auf/gegen sonstige Zahlstellen und Gesch fte",8311000,Freiburg im Breisgau,insg.,6,3,3,0,0,0,0,0,0,0,0,0,0,0,0,1,1,0,5,2,3,0,0,0,5,2,3,2019
212000,"Raub, r uberische Erpressung auf/gegen sonstige Zahlstellen und Gesch fte",9563000,F rth,voll.,0,0,0,0,0,0,0,0,0,0,0,0,0,0,0,0,0,0,0,0,0,0,0,0,0,0,0,2019
212000,"Raub, r uberische Erpressung auf/gegen sonstige Zahlstellen und Gesch fte",9563000,F rth,vers.,1,1,0,0,0,0,0,0,0,0,0,0,0,0,0,0,0,0,1,1,0,0,0,0,1,1,0,2019
212000,"Raub, r uberische Erpressung auf/gegen sonstige Zahlstellen und Gesch fte",9563000,F rth,insg.,1,1,0,0,0,0,0,0,0,0,0,0,0,0,0,0,0,0,1,1,0,0,0,0,1,1,0,2019
212000,"Raub, r uberische Erpressung auf/gegen sonstige Zahlstellen und Gesch fte",5513000,Gelsenkirchen,voll.,5,3,2,0,0,0,0,0,0,0,0,0,0,0,0,0,0,0,5,3,2,0,0,0,5,3,2,2019
212000,"Raub, r uberische Erpressung auf/gegen sonstige Zahlstellen und Gesch fte",5513000,Gelsenkirchen,vers.,0,0,0,0,0,0,0,0,0,0,0,0,0,0,0,0,0,0,0,0,0,0,0,0,0,0,0,2019
212000,"Raub, r uberische Erpressung auf/gegen sonstige Zahlstellen und Gesch fte",5513000,Gelsenkirchen,insg.,5,3,2,0,0,0,0,0,0,0,0,0,0,0,0,0,0,0,5,3,2,0,0,0,5,3,2,2019
212000,"Raub, r uberische Erpressung auf/gegen sonstige Zahlstellen und Gesch fte",3159016,G ttingen,voll.,4,2,2,0,0,0,0,0,0,0,0,0,0,0,0,0,0,0,3,1,2,1,1,0,4,2,2,2019
212000,"Raub, r uberische Erpressung auf/gegen sonstige Zahlstellen und Gesch fte",3159016,G ttingen,vers.,0,0,0,0,0,0,0,0,0,0,0,0,0,0,0,0,0,0,0,0,0,0,0,0,0,0,0,2019
212000,"Raub, r uberische Erpressung auf/gegen sonstige Zahlstellen und Gesch fte",3159016,G ttingen,insg.,4,2,2,0,0,0,0,0,0,0,0,0,0,0,0,0,0,0,3,1,2,1,1,0,4,2,2,2019
212000,"Raub, r uberische Erpressung auf/gegen sonstige Zahlstellen und Gesch fte",5754008,G tersloh,voll.,2,0,2,0,0,0,0,0,0,0,0,0,0,0,0,0,0,0,2,0,2,0,0,0,2,0,2,2019
212000,"Raub, r uberische Erpressung auf/gegen sonstige Zahlstellen und Gesch fte",5754008,G tersloh,vers.,3,1,2,0,0,0,0,0,0,0,0,0,0,0,0,0,0,0,3,1,2,0,0,0,3,1,2,2019
212000,"Raub, r uberische Erpressung auf/gegen sonstige Zahlstellen und Gesch fte",5754008,G tersloh,insg.,5,1,4,0,0,0,0,0,0,0,0,0,0,0,0,0,0,0,5,1,4,0,0,0,5,1,4,2019
212000,"Raub, r uberische Erpressung auf/gegen sonstige Zahlstellen und Gesch fte",5914000,Hagen,voll.,13,6,7,0,0,0,0,0,0,0,0,0,0,0,0,2,2,0,8,3,5,3,1,2,11,4,7,2019
212000,"Raub, r uberische Erpressung auf/gegen sonstige Zahlstellen und Gesch fte",5914000,Hagen,vers.,4,1,3,0,0,0,0,0,0,0,0,0,0,0,0,0,0,0,2,0,2,2,1,1,4,1,3,2019
212000,"Raub, r uberische Erpressung auf/gegen sonstige Zahlstellen und Gesch fte",5914000,Hagen,insg.,17,7,10,0,0,0,0,0,0,0,0,0,0,0,0,2,2,0,10,3,7,5,2,3,15,5,10,2019
212000,"Raub, r uberische Erpressung auf/gegen sonstige Zahlstellen und Gesch fte",15002000,Halle (Saale),voll.,14,5,9,0,0,0,0,0,0,0,0,0,0,0,0,2,1,1,12,4,8,0,0,0,12,4,8,2019
212000,"Raub, r uberische Erpressung auf/gegen sonstige Zahlstellen und Gesch fte",15002000,Halle (Saale),vers.,3,0,3,0,0,0,0,0,0,0,0,0,0,0,0,0,0,0,3,0,3,0,0,0,3,0,3,2019
212000,"Raub, r uberische Erpressung auf/gegen sonstige Zahlstellen und Gesch fte",15002000,Halle (Saale),insg.,17,5,12,0,0,0,0,0,0,0,0,0,0,0,0,2,1,1,15,4,11,0,0,0,15,4,11,2019
212000,"Raub, r uberische Erpressung auf/gegen sonstige Zahlstellen und Gesch fte",2000000,Hamburg,voll.,39,20,19,0,0,0,0,0,0,0,0,0,0,0,0,1,1,0,35,18,17,3,1,2,38,19,19,2019
212000,"Raub, r uberische Erpressung auf/gegen sonstige Zahlstellen und Gesch fte",2000000,Hamburg,vers.,14,6,8,0,0,0,0,0,0,0,0,0,0,0,0,0,0,0,11,4,7,3,2,1,14,6,8,2019
212000,"Raub, r uberische Erpressung auf/gegen sonstige Zahlstellen und Gesch fte",2000000,Hamburg,insg.,53,26,27,0,0,0,0,0,0,0,0,0,0,0,0,1,1,0,46,22,24,6,3,3,52,25,27,2019
212000,"Raub, r uberische Erpressung auf/gegen sonstige Zahlstellen und Gesch fte",5915000,Hamm,voll.,3,1,2,0,0,0,0,0,0,0,0,0,0,0,0,0,0,0,3,1,2,0,0,0,3,1,2,2019
212000,"Raub, r uberische Erpressung auf/gegen sonstige Zahlstellen und Gesch fte",5915000,Hamm,vers.,2,1,1,0,0,0,0,0,0,0,0,0,0,0,0,0,0,0,2,1,1,0,0,0,2,1,1,2019
212000,"Raub, r uberische Erpressung auf/gegen sonstige Zahlstellen und Gesch fte",5915000,Hamm,insg.,5,2,3,0,0,0,0,0,0,0,0,0,0,0,0,0,0,0,5,2,3,0,0,0,5,2,3,2019
212000,"Raub, r uberische Erpressung auf/gegen sonstige Zahlstellen und Gesch fte",3241001,Hannover,voll.,28,12,16,0,0,0,0,0,0,0,0,0,0,0,0,0,0,0,25,10,15,3,2,1,28,12,16,2019
212000,"Raub, r uberische Erpressung auf/gegen sonstige Zahlstellen und Gesch fte",3241001,Hannover,vers.,4,1,3,0,0,0,0,0,0,0,0,0,0,0,0,0,0,0,2,0,2,2,1,1,4,1,3,2019
212000,"Raub, r uberische Erpressung auf/gegen sonstige Zahlstellen und Gesch fte",3241001,Hannover,insg.,32,13,19,0,0,0,0,0,0,0,0,0,0,0,0,0,0,0,27,10,17,5,3,2,32,13,19,2019
212000,"Raub, r uberische Erpressung auf/gegen sonstige Zahlstellen und Gesch fte",8221000,Heidelberg,voll.,0,0,0,0,0,0,0,0,0,0,0,0,0,0,0,0,0,0,0,0,0,0,0,0,0,0,0,2019
212000,"Raub, r uberische Erpressung auf/gegen sonstige Zahlstellen und Gesch fte",8221000,Heidelberg,vers.,0,0,0,0,0,0,0,0,0,0,0,0,0,0,0,0,0,0,0,0,0,0,0,0,0,0,0,2019
212000,"Raub, r uberische Erpressung auf/gegen sonstige Zahlstellen und Gesch fte",8221000,Heidelberg,insg.,0,0,0,0,0,0,0,0,0,0,0,0,0,0,0,0,0,0,0,0,0,0,0,0,0,0,0,2019
212000,"Raub, r uberische Erpressung auf/gegen sonstige Zahlstellen und Gesch fte",8121000,Heilbronn,voll.,0,0,0,0,0,0,0,0,0,0,0,0,0,0,0,0,0,0,0,0,0,0,0,0,0,0,0,2019
212000,"Raub, r uberische Erpressung auf/gegen sonstige Zahlstellen und Gesch fte",8121000,Heilbronn,vers.,0,0,0,0,0,0,0,0,0,0,0,0,0,0,0,0,0,0,0,0,0,0,0,0,0,0,0,2019
212000,"Raub, r uberische Erpressung auf/gegen sonstige Zahlstellen und Gesch fte",8121000,Heilbronn,insg.,0,0,0,0,0,0,0,0,0,0,0,0,0,0,0,0,0,0,0,0,0,0,0,0,0,0,0,2019
212000,"Raub, r uberische Erpressung auf/gegen sonstige Zahlstellen und Gesch fte",5916000,Herne,voll.,8,1,7,0,0,0,0,0,0,0,0,0,0,0,0,0,0,0,5,0,5,3,1,2,8,1,7,2019
212000,"Raub, r uberische Erpressung auf/gegen sonstige Zahlstellen und Gesch fte",5916000,Herne,vers.,1,0,1,0,0,0,0,0,0,0,0,0,0,0,0,0,0,0,1,0,1,0,0,0,1,0,1,2019
212000,"Raub, r uberische Erpressung auf/gegen sonstige Zahlstellen und Gesch fte",5916000,Herne,insg.,9,1,8,0,0,0,0,0,0,0,0,0,0,0,0,0,0,0,6,0,6,3,1,2,9,1,8,2019
212000,"Raub, r uberische Erpressung auf/gegen sonstige Zahlstellen und Gesch fte",3254021,Hildesheim,voll.,5,1,4,0,0,0,0,0,0,0,0,0,0,0,0,0,0,0,4,1,3,1,0,1,5,1,4,2019
212000,"Raub, r uberische Erpressung auf/gegen sonstige Zahlstellen und Gesch fte",3254021,Hildesheim,vers.,2,2,0,0,0,0,0,0,0,0,0,0,0,0,0,0,0,0,2,2,0,0,0,0,2,2,0,2019
212000,"Raub, r uberische Erpressung auf/gegen sonstige Zahlstellen und Gesch fte",3254021,Hildesheim,insg.,7,3,4,0,0,0,0,0,0,0,0,0,0,0,0,0,0,0,6,3,3,1,0,1,7,3,4,2019
212000,"Raub, r uberische Erpressung auf/gegen sonstige Zahlstellen und Gesch fte",9161000,Ingolstadt,voll.,5,1,4,0,0,0,0,0,0,0,0,0,0,0,0,1,0,1,4,1,3,0,0,0,4,1,3,2019
212000,"Raub, r uberische Erpressung auf/gegen sonstige Zahlstellen und Gesch fte",9161000,Ingolstadt,vers.,2,1,1,1,0,1,0,0,0,1,0,1,0,0,0,0,0,0,1,1,0,0,0,0,1,1,0,2019
212000,"Raub, r uberische Erpressung auf/gegen sonstige Zahlstellen und Gesch fte",9161000,Ingolstadt,insg.,7,2,5,1,0,1,0,0,0,1,0,1,0,0,0,1,0,1,5,2,3,0,0,0,5,2,3,2019
212000,"Raub, r uberische Erpressung auf/gegen sonstige Zahlstellen und Gesch fte",16053000,Jena,voll.,0,0,0,0,0,0,0,0,0,0,0,0,0,0,0,0,0,0,0,0,0,0,0,0,0,0,0,2019
212000,"Raub, r uberische Erpressung auf/gegen sonstige Zahlstellen und Gesch fte",16053000,Jena,vers.,0,0,0,0,0,0,0,0,0,0,0,0,0,0,0,0,0,0,0,0,0,0,0,0,0,0,0,2019
212000,"Raub, r uberische Erpressung auf/gegen sonstige Zahlstellen und Gesch fte",16053000,Jena,insg.,0,0,0,0,0,0,0,0,0,0,0,0,0,0,0,0,0,0,0,0,0,0,0,0,0,0,0,2019
212000,"Raub, r uberische Erpressung auf/gegen sonstige Zahlstellen und Gesch fte",8212000,Karlsruhe,voll.,7,4,3,0,0,0,0,0,0,0,0,0,0,0,0,1,1,0,6,3,3,0,0,0,6,3,3,2019
212000,"Raub, r uberische Erpressung auf/gegen sonstige Zahlstellen und Gesch fte",8212000,Karlsruhe,vers.,2,2,0,0,0,0,0,0,0,0,0,0,0,0,0,0,0,0,1,1,0,1,1,0,2,2,0,2019
212000,"Raub, r uberische Erpressung auf/gegen sonstige Zahlstellen und Gesch fte",8212000,Karlsruhe,insg.,9,6,3,0,0,0,0,0,0,0,0,0,0,0,0,1,1,0,7,4,3,1,1,0,8,5,3,2019
212000,"Raub, r uberische Erpressung auf/gegen sonstige Zahlstellen und Gesch fte",6611000,Kassel,voll.,17,12,5,0,0,0,0,0,0,0,0,0,0,0,0,0,0,0,14,9,5,3,3,0,17,12,5,2019
212000,"Raub, r uberische Erpressung auf/gegen sonstige Zahlstellen und Gesch fte",6611000,Kassel,vers.,4,1,3,0,0,0,0,0,0,0,0,0,0,0,0,0,0,0,4,1,3,0,0,0,4,1,3,2019
212000,"Raub, r uberische Erpressung auf/gegen sonstige Zahlstellen und Gesch fte",6611000,Kassel,insg.,21,13,8,0,0,0,0,0,0,0,0,0,0,0,0,0,0,0,18,10,8,3,3,0,21,13,8,2019
212000,"Raub, r uberische Erpressung auf/gegen sonstige Zahlstellen und Gesch fte",1002000,Kiel,voll.,10,4,6,0,0,0,0,0,0,0,0,0,0,0,0,0,0,0,8,4,4,2,0,2,10,4,6,2019
212000,"Raub, r uberische Erpressung auf/gegen sonstige Zahlstellen und Gesch fte",1002000,Kiel,vers.,2,0,2,0,0,0,0,0,0,0,0,0,0,0,0,0,0,0,2,0,2,0,0,0,2,0,2,2019
212000,"Raub, r uberische Erpressung auf/gegen sonstige Zahlstellen und Gesch fte",1002000,Kiel,insg.,12,4,8,0,0,0,0,0,0,0,0,0,0,0,0,0,0,0,10,4,6,2,0,2,12,4,8,2019
212000,"Raub, r uberische Erpressung auf/gegen sonstige Zahlstellen und Gesch fte",7111000,Koblenz,voll.,3,1,2,0,0,0,0,0,0,0,0,0,0,0,0,1,1,0,2,0,2,0,0,0,2,0,2,2019
212000,"Raub, r uberische Erpressung auf/gegen sonstige Zahlstellen und Gesch fte",7111000,Koblenz,vers.,1,0,1,0,0,0,0,0,0,0,0,0,0,0,0,0,0,0,1,0,1,0,0,0,1,0,1,2019
212000,"Raub, r uberische Erpressung auf/gegen sonstige Zahlstellen und Gesch fte",7111000,Koblenz,insg.,4,1,3,0,0,0,0,0,0,0,0,0,0,0,0,1,1,0,3,0,3,0,0,0,3,0,3,2019
212000,"Raub, r uberische Erpressung auf/gegen sonstige Zahlstellen und Gesch fte",5315000,K ln,voll.,50,27,23,0,0,0,0,0,0,0,0,0,0,0,0,8,5,3,40,21,19,2,1,1,42,22,20,2019
212000,"Raub, r uberische Erpressung auf/gegen sonstige Zahlstellen und Gesch fte",5315000,K ln,vers.,14,10,4,0,0,0,0,0,0,0,0,0,0,0,0,1,0,1,12,9,3,1,1,0,13,10,3,2019
212000,"Raub, r uberische Erpressung auf/gegen sonstige Zahlstellen und Gesch fte",5315000,K ln,insg.,64,37,27,0,0,0,0,0,0,0,0,0,0,0,0,9,5,4,52,30,22,3,2,1,55,32,23,2019
212000,"Raub, r uberische Erpressung auf/gegen sonstige Zahlstellen und Gesch fte",5114000,Krefeld,voll.,7,2,5,0,0,0,0,0,0,0,0,0,0,0,0,0,0,0,6,2,4,1,0,1,7,2,5,2019
212000,"Raub, r uberische Erpressung auf/gegen sonstige Zahlstellen und Gesch fte",5114000,Krefeld,vers.,5,2,3,0,0,0,0,0,0,0,0,0,0,0,0,0,0,0,3,1,2,2,1,1,5,2,3,2019
212000,"Raub, r uberische Erpressung auf/gegen sonstige Zahlstellen und Gesch fte",5114000,Krefeld,insg.,12,4,8,0,0,0,0,0,0,0,0,0,0,0,0,0,0,0,9,3,6,3,1,2,12,4,8,2019
212000,"Raub, r uberische Erpressung auf/gegen sonstige Zahlstellen und Gesch fte",14713000,Leipzig,voll.,9,0,9,0,0,0,0,0,0,0,0,0,0,0,0,0,0,0,8,0,8,1,0,1,9,0,9,2019
212000,"Raub, r uberische Erpressung auf/gegen sonstige Zahlstellen und Gesch fte",14713000,Leipzig,vers.,2,1,1,0,0,0,0,0,0,0,0,0,0,0,0,0,0,0,2,1,1,0,0,0,2,1,1,2019
212000,"Raub, r uberische Erpressung auf/gegen sonstige Zahlstellen und Gesch fte",14713000,Leipzig,insg.,11,1,10,0,0,0,0,0,0,0,0,0,0,0,0,0,0,0,10,1,9,1,0,1,11,1,10,2019
212000,"Raub, r uberische Erpressung auf/gegen sonstige Zahlstellen und Gesch fte",5316000,Leverkusen,voll.,10,7,3,0,0,0,0,0,0,0,0,0,1,1,0,3,2,1,5,3,2,1,1,0,6,4,2,2019
212000,"Raub, r uberische Erpressung auf/gegen sonstige Zahlstellen und Gesch fte",5316000,Leverkusen,vers.,0,0,0,0,0,0,0,0,0,0,0,0,0,0,0,0,0,0,0,0,0,0,0,0,0,0,0,2019
212000,"Raub, r uberische Erpressung auf/gegen sonstige Zahlstellen und Gesch fte",5316000,Leverkusen,insg.,10,7,3,0,0,0,0,0,0,0,0,0,1,1,0,3,2,1,5,3,2,1,1,0,6,4,2,2019
212000,"Raub, r uberische Erpressung auf/gegen sonstige Zahlstellen und Gesch fte",1003000,L beck,voll.,2,1,1,0,0,0,0,0,0,0,0,0,0,0,0,0,0,0,1,0,1,1,1,0,2,1,1,2019
212000,"Raub, r uberische Erpressung auf/gegen sonstige Zahlstellen und Gesch fte",1003000,L beck,vers.,0,0,0,0,0,0,0,0,0,0,0,0,0,0,0,0,0,0,0,0,0,0,0,0,0,0,0,2019
212000,"Raub, r uberische Erpressung auf/gegen sonstige Zahlstellen und Gesch fte",1003000,L beck,insg.,2,1,1,0,0,0,0,0,0,0,0,0,0,0,0,0,0,0,1,0,1,1,1,0,2,1,1,2019
212000,"Raub, r uberische Erpressung auf/gegen sonstige Zahlstellen und Gesch fte",7314000,Ludwigshafen am Rhein,voll.,12,4,8,0,0,0,0,0,0,0,0,0,0,0,0,1,0,1,10,4,6,1,0,1,11,4,7,2019
212000,"Raub, r uberische Erpressung auf/gegen sonstige Zahlstellen und Gesch fte",7314000,Ludwigshafen am Rhein,vers.,6,4,2,0,0,0,0,0,0,0,0,0,0,0,0,0,0,0,5,4,1,1,0,1,6,4,2,2019
212000,"Raub, r uberische Erpressung auf/gegen sonstige Zahlstellen und Gesch fte",7314000,Ludwigshafen am Rhein,insg.,18,8,10,0,0,0,0,0,0,0,0,0,0,0,0,1,0,1,15,8,7,2,0,2,17,8,9,2019
212000,"Raub, r uberische Erpressung auf/gegen sonstige Zahlstellen und Gesch fte",15003000,Magdeburg,voll.,9,4,5,0,0,0,0,0,0,0,0,0,0,0,0,0,0,0,9,4,5,0,0,0,9,4,5,2019
212000,"Raub, r uberische Erpressung auf/gegen sonstige Zahlstellen und Gesch fte",15003000,Magdeburg,vers.,1,0,1,0,0,0,0,0,0,0,0,0,0,0,0,0,0,0,1,0,1,0,0,0,1,0,1,2019
212000,"Raub, r uberische Erpressung auf/gegen sonstige Zahlstellen und Gesch fte",15003000,Magdeburg,insg.,10,4,6,0,0,0,0,0,0,0,0,0,0,0,0,0,0,0,10,4,6,0,0,0,10,4,6,2019
212000,"Raub, r uberische Erpressung auf/gegen sonstige Zahlstellen und Gesch fte",7315000,Mainz,voll.,3,2,1,0,0,0,0,0,0,0,0,0,0,0,0,0,0,0,3,2,1,0,0,0,3,2,1,2019
212000,"Raub, r uberische Erpressung auf/gegen sonstige Zahlstellen und Gesch fte",7315000,Mainz,vers.,0,0,0,0,0,0,0,0,0,0,0,0,0,0,0,0,0,0,0,0,0,0,0,0,0,0,0,2019
212000,"Raub, r uberische Erpressung auf/gegen sonstige Zahlstellen und Gesch fte",7315000,Mainz,insg.,3,2,1,0,0,0,0,0,0,0,0,0,0,0,0,0,0,0,3,2,1,0,0,0,3,2,1,2019
212000,"Raub, r uberische Erpressung auf/gegen sonstige Zahlstellen und Gesch fte",8222000,Mannheim,voll.,9,3,6,0,0,0,0,0,0,0,0,0,0,0,0,1,0,1,5,1,4,3,2,1,8,3,5,2019
212000,"Raub, r uberische Erpressung auf/gegen sonstige Zahlstellen und Gesch fte",8222000,Mannheim,vers.,2,1,1,0,0,0,0,0,0,0,0,0,0,0,0,0,0,0,2,1,1,0,0,0,2,1,1,2019
212000,"Raub, r uberische Erpressung auf/gegen sonstige Zahlstellen und Gesch fte",8222000,Mannheim,insg.,11,4,7,0,0,0,0,0,0,0,0,0,0,0,0,1,0,1,7,2,5,3,2,1,10,4,6,2019
212000,"Raub, r uberische Erpressung auf/gegen sonstige Zahlstellen und Gesch fte",5170024,Moers,voll.,3,2,1,0,0,0,0,0,0,0,0,0,0,0,0,0,0,0,3,2,1,0,0,0,3,2,1,2019
212000,"Raub, r uberische Erpressung auf/gegen sonstige Zahlstellen und Gesch fte",5170024,Moers,vers.,0,0,0,0,0,0,0,0,0,0,0,0,0,0,0,0,0,0,0,0,0,0,0,0,0,0,0,2019
212000,"Raub, r uberische Erpressung auf/gegen sonstige Zahlstellen und Gesch fte",5170024,Moers,insg.,3,2,1,0,0,0,0,0,0,0,0,0,0,0,0,0,0,0,3,2,1,0,0,0,3,2,1,2019
212000,"Raub, r uberische Erpressung auf/gegen sonstige Zahlstellen und Gesch fte",5116000,M nchengladbach,voll.,14,8,6,0,0,0,0,0,0,0,0,0,0,0,0,0,0,0,12,6,6,2,2,0,14,8,6,2019
212000,"Raub, r uberische Erpressung auf/gegen sonstige Zahlstellen und Gesch fte",5116000,M nchengladbach,vers.,5,2,3,0,0,0,0,0,0,0,0,0,0,0,0,1,1,0,4,1,3,0,0,0,4,1,3,2019
212000,"Raub, r uberische Erpressung auf/gegen sonstige Zahlstellen und Gesch fte",5116000,M nchengladbach,insg.,19,10,9,0,0,0,0,0,0,0,0,0,0,0,0,1,1,0,16,7,9,2,2,0,18,9,9,2019
212000,"Raub, r uberische Erpressung auf/gegen sonstige Zahlstellen und Gesch fte",5117000,M lheim an der Ruhr,voll.,4,2,2,0,0,0,0,0,0,0,0,0,0,0,0,3,2,1,1,0,1,0,0,0,1,0,1,2019
212000,"Raub, r uberische Erpressung auf/gegen sonstige Zahlstellen und Gesch fte",5117000,M lheim an der Ruhr,vers.,4,3,1,0,0,0,0,0,0,0,0,0,0,0,0,0,0,0,3,3,0,1,0,1,4,3,1,2019
212000,"Raub, r uberische Erpressung auf/gegen sonstige Zahlstellen und Gesch fte",5117000,M lheim an der Ruhr,insg.,8,5,3,0,0,0,0,0,0,0,0,0,0,0,0,3,2,1,4,3,1,1,0,1,5,3,2,2019
212000,"Raub, r uberische Erpressung auf/gegen sonstige Zahlstellen und Gesch fte",9162000,M nchen,voll.,38,23,15,0,0,0,0,0,0,0,0,0,2,1,1,3,3,0,31,17,14,2,2,0,33,19,14,2019
212000,"Raub, r uberische Erpressung auf/gegen sonstige Zahlstellen und Gesch fte",9162000,M nchen,vers.,5,3,2,0,0,0,0,0,0,0,0,0,0,0,0,0,0,0,4,2,2,1,1,0,5,3,2,2019
212000,"Raub, r uberische Erpressung auf/gegen sonstige Zahlstellen und Gesch fte",9162000,M nchen,insg.,43,26,17,0,0,0,0,0,0,0,0,0,2,1,1,3,3,0,35,19,16,3,3,0,38,22,16,2019
212000,"Raub, r uberische Erpressung auf/gegen sonstige Zahlstellen und Gesch fte",5515000,M nster,voll.,46,26,20,0,0,0,0,0,0,0,0,0,0,0,0,3,1,2,35,20,15,8,5,3,43,25,18,2019
212000,"Raub, r uberische Erpressung auf/gegen sonstige Zahlstellen und Gesch fte",5515000,M nster,vers.,6,3,3,0,0,0,0,0,0,0,0,0,0,0,0,1,1,0,4,2,2,1,0,1,5,2,3,2019
212000,"Raub, r uberische Erpressung auf/gegen sonstige Zahlstellen und Gesch fte",5515000,M nster,insg.,52,29,23,0,0,0,0,0,0,0,0,0,0,0,0,4,2,2,39,22,17,9,5,4,48,27,21,2019
212000,"Raub, r uberische Erpressung auf/gegen sonstige Zahlstellen und Gesch fte",5162024,Neuss,voll.,7,2,5,0,0,0,0,0,0,0,0,0,0,0,0,2,2,0,4,0,4,1,0,1,5,0,5,2019
212000,"Raub, r uberische Erpressung auf/gegen sonstige Zahlstellen und Gesch fte",5162024,Neuss,vers.,3,2,1,0,0,0,0,0,0,0,0,0,0,0,0,1,1,0,2,1,1,0,0,0,2,1,1,2019
212000,"Raub, r uberische Erpressung auf/gegen sonstige Zahlstellen und Gesch fte",5162024,Neuss,insg.,10,4,6,0,0,0,0,0,0,0,0,0,0,0,0,3,3,0,6,1,5,1,0,1,7,1,6,2019
212000,"Raub, r uberische Erpressung auf/gegen sonstige Zahlstellen und Gesch fte",9564000,N rnberg,voll.,10,5,5,0,0,0,0,0,0,0,0,0,0,0,0,0,0,0,10,5,5,0,0,0,10,5,5,2019
212000,"Raub, r uberische Erpressung auf/gegen sonstige Zahlstellen und Gesch fte",9564000,N rnberg,vers.,2,2,0,0,0,0,0,0,0,0,0,0,0,0,0,0,0,0,2,2,0,0,0,0,2,2,0,2019
212000,"Raub, r uberische Erpressung auf/gegen sonstige Zahlstellen und Gesch fte",9564000,N rnberg,insg.,12,7,5,0,0,0,0,0,0,0,0,0,0,0,0,0,0,0,12,7,5,0,0,0,12,7,5,2019
212000,"Raub, r uberische Erpressung auf/gegen sonstige Zahlstellen und Gesch fte",5119000,Oberhausen,voll.,9,4,5,0,0,0,0,0,0,0,0,0,0,0,0,1,1,0,7,3,4,1,0,1,8,3,5,2019
212000,"Raub, r uberische Erpressung auf/gegen sonstige Zahlstellen und Gesch fte",5119000,Oberhausen,vers.,5,4,1,0,0,0,0,0,0,0,0,0,0,0,0,0,0,0,4,3,1,1,1,0,5,4,1,2019
212000,"Raub, r uberische Erpressung auf/gegen sonstige Zahlstellen und Gesch fte",5119000,Oberhausen,insg.,14,8,6,0,0,0,0,0,0,0,0,0,0,0,0,1,1,0,11,6,5,2,1,1,13,7,6,2019
212000,"Raub, r uberische Erpressung auf/gegen sonstige Zahlstellen und Gesch fte",6413000,Offenbach am Main,voll.,1,1,0,0,0,0,0,0,0,0,0,0,0,0,0,0,0,0,0,0,0,1,1,0,1,1,0,2019
212000,"Raub, r uberische Erpressung auf/gegen sonstige Zahlstellen und Gesch fte",6413000,Offenbach am Main,vers.,1,1,0,0,0,0,0,0,0,0,0,0,0,0,0,0,0,0,1,1,0,0,0,0,1,1,0,2019
212000,"Raub, r uberische Erpressung auf/gegen sonstige Zahlstellen und Gesch fte",6413000,Offenbach am Main,insg.,2,2,0,0,0,0,0,0,0,0,0,0,0,0,0,0,0,0,1,1,0,1,1,0,2,2,0,2019
212000,"Raub, r uberische Erpressung auf/gegen sonstige Zahlstellen und Gesch fte",3403000,Oldenburg (Oldenburg),voll.,15,2,13,0,0,0,0,0,0,0,0,0,0,0,0,0,0,0,15,2,13,0,0,0,15,2,13,2019
212000,"Raub, r uberische Erpressung auf/gegen sonstige Zahlstellen und Gesch fte",3403000,Oldenburg (Oldenburg),vers.,5,2,3,0,0,0,0,0,0,0,0,0,0,0,0,0,0,0,5,2,3,0,0,0,5,2,3,2019
212000,"Raub, r uberische Erpressung auf/gegen sonstige Zahlstellen und Gesch fte",3403000,Oldenburg (Oldenburg),insg.,20,4,16,0,0,0,0,0,0,0,0,0,0,0,0,0,0,0,20,4,16,0,0,0,20,4,16,2019
212000,"Raub, r uberische Erpressung auf/gegen sonstige Zahlstellen und Gesch fte",3404000,Osnabr ck,voll.,13,6,7,0,0,0,0,0,0,0,0,0,1,1,0,2,0,2,9,5,4,1,0,1,10,5,5,2019
212000,"Raub, r uberische Erpressung auf/gegen sonstige Zahlstellen und Gesch fte",3404000,Osnabr ck,vers.,3,2,1,0,0,0,0,0,0,0,0,0,1,1,0,0,0,0,2,1,1,0,0,0,2,1,1,2019
212000,"Raub, r uberische Erpressung auf/gegen sonstige Zahlstellen und Gesch fte",3404000,Osnabr ck,insg.,16,8,8,0,0,0,0,0,0,0,0,0,2,2,0,2,0,2,11,6,5,1,0,1,12,6,6,2019
212000,"Raub, r uberische Erpressung auf/gegen sonstige Zahlstellen und Gesch fte",5774032,Paderborn,voll.,6,4,2,0,0,0,0,0,0,0,0,0,0,0,0,1,1,0,4,2,2,1,1,0,5,3,2,2019
212000,"Raub, r uberische Erpressung auf/gegen sonstige Zahlstellen und Gesch fte",5774032,Paderborn,vers.,1,0,1,0,0,0,0,0,0,0,0,0,0,0,0,0,0,0,1,0,1,0,0,0,1,0,1,2019
212000,"Raub, r uberische Erpressung auf/gegen sonstige Zahlstellen und Gesch fte",5774032,Paderborn,insg.,7,4,3,0,0,0,0,0,0,0,0,0,0,0,0,1,1,0,5,2,3,1,1,0,6,3,3,2019
212000,"Raub, r uberische Erpressung auf/gegen sonstige Zahlstellen und Gesch fte",8231000,Pforzheim,voll.,2,0,2,0,0,0,0,0,0,0,0,0,0,0,0,0,0,0,2,0,2,0,0,0,2,0,2,2019
212000,"Raub, r uberische Erpressung auf/gegen sonstige Zahlstellen und Gesch fte",8231000,Pforzheim,vers.,2,0,2,0,0,0,0,0,0,0,0,0,0,0,0,0,0,0,2,0,2,0,0,0,2,0,2,2019
212000,"Raub, r uberische Erpressung auf/gegen sonstige Zahlstellen und Gesch fte",8231000,Pforzheim,insg.,4,0,4,0,0,0,0,0,0,0,0,0,0,0,0,0,0,0,4,0,4,0,0,0,4,0,4,2019
212000,"Raub, r uberische Erpressung auf/gegen sonstige Zahlstellen und Gesch fte",12054000,Potsdam,voll.,3,2,1,0,0,0,0,0,0,0,0,0,0,0,0,0,0,0,3,2,1,0,0,0,3,2,1,2019
212000,"Raub, r uberische Erpressung auf/gegen sonstige Zahlstellen und Gesch fte",12054000,Potsdam,vers.,0,0,0,0,0,0,0,0,0,0,0,0,0,0,0,0,0,0,0,0,0,0,0,0,0,0,0,2019
212000,"Raub, r uberische Erpressung auf/gegen sonstige Zahlstellen und Gesch fte",12054000,Potsdam,insg.,3,2,1,0,0,0,0,0,0,0,0,0,0,0,0,0,0,0,3,2,1,0,0,0,3,2,1,2019
212000,"Raub, r uberische Erpressung auf/gegen sonstige Zahlstellen und Gesch fte",5562032,Recklinghausen,voll.,3,0,3,0,0,0,0,0,0,0,0,0,0,0,0,0,0,0,3,0,3,0,0,0,3,0,3,2019
212000,"Raub, r uberische Erpressung auf/gegen sonstige Zahlstellen und Gesch fte",5562032,Recklinghausen,vers.,2,1,1,0,0,0,0,0,0,0,0,0,0,0,0,0,0,0,1,1,0,1,0,1,2,1,1,2019
212000,"Raub, r uberische Erpressung auf/gegen sonstige Zahlstellen und Gesch fte",5562032,Recklinghausen,insg.,5,1,4,0,0,0,0,0,0,0,0,0,0,0,0,0,0,0,4,1,3,1,0,1,5,1,4,2019
212000,"Raub, r uberische Erpressung auf/gegen sonstige Zahlstellen und Gesch fte",9362000,Regensburg,voll.,2,1,1,0,0,0,0,0,0,0,0,0,0,0,0,0,0,0,2,1,1,0,0,0,2,1,1,2019
212000,"Raub, r uberische Erpressung auf/gegen sonstige Zahlstellen und Gesch fte",9362000,Regensburg,vers.,0,0,0,0,0,0,0,0,0,0,0,0,0,0,0,0,0,0,0,0,0,0,0,0,0,0,0,2019
212000,"Raub, r uberische Erpressung auf/gegen sonstige Zahlstellen und Gesch fte",9362000,Regensburg,insg.,2,1,1,0,0,0,0,0,0,0,0,0,0,0,0,0,0,0,2,1,1,0,0,0,2,1,1,2019
212000,"Raub, r uberische Erpressung auf/gegen sonstige Zahlstellen und Gesch fte",5120000,Remscheid,voll.,4,2,2,0,0,0,0,0,0,0,0,0,0,0,0,0,0,0,3,1,2,1,1,0,4,2,2,2019
212000,"Raub, r uberische Erpressung auf/gegen sonstige Zahlstellen und Gesch fte",5120000,Remscheid,vers.,0,0,0,0,0,0,0,0,0,0,0,0,0,0,0,0,0,0,0,0,0,0,0,0,0,0,0,2019
212000,"Raub, r uberische Erpressung auf/gegen sonstige Zahlstellen und Gesch fte",5120000,Remscheid,insg.,4,2,2,0,0,0,0,0,0,0,0,0,0,0,0,0,0,0,3,1,2,1,1,0,4,2,2,2019
212000,"Raub, r uberische Erpressung auf/gegen sonstige Zahlstellen und Gesch fte",8415061,Reutlingen,voll.,1,0,1,0,0,0,0,0,0,0,0,0,0,0,0,0,0,0,1,0,1,0,0,0,1,0,1,2019
212000,"Raub, r uberische Erpressung auf/gegen sonstige Zahlstellen und Gesch fte",8415061,Reutlingen,vers.,0,0,0,0,0,0,0,0,0,0,0,0,0,0,0,0,0,0,0,0,0,0,0,0,0,0,0,2019
212000,"Raub, r uberische Erpressung auf/gegen sonstige Zahlstellen und Gesch fte",8415061,Reutlingen,insg.,1,0,1,0,0,0,0,0,0,0,0,0,0,0,0,0,0,0,1,0,1,0,0,0,1,0,1,2019
212000,"Raub, r uberische Erpressung auf/gegen sonstige Zahlstellen und Gesch fte",13003000,Rostock,voll.,7,2,5,0,0,0,0,0,0,0,0,0,0,0,0,0,0,0,7,2,5,0,0,0,7,2,5,2019
212000,"Raub, r uberische Erpressung auf/gegen sonstige Zahlstellen und Gesch fte",13003000,Rostock,vers.,0,0,0,0,0,0,0,0,0,0,0,0,0,0,0,0,0,0,0,0,0,0,0,0,0,0,0,2019
212000,"Raub, r uberische Erpressung auf/gegen sonstige Zahlstellen und Gesch fte",13003000,Rostock,insg.,7,2,5,0,0,0,0,0,0,0,0,0,0,0,0,0,0,0,7,2,5,0,0,0,7,2,5,2019
212000,"Raub, r uberische Erpressung auf/gegen sonstige Zahlstellen und Gesch fte",10041100,Saarbr cken,voll.,13,3,10,0,0,0,0,0,0,0,0,0,0,0,0,0,0,0,12,3,9,1,0,1,13,3,10,2019
212000,"Raub, r uberische Erpressung auf/gegen sonstige Zahlstellen und Gesch fte",10041100,Saarbr cken,vers.,4,1,3,0,0,0,0,0,0,0,0,0,0,0,0,1,0,1,2,1,1,1,0,1,3,1,2,2019
212000,"Raub, r uberische Erpressung auf/gegen sonstige Zahlstellen und Gesch fte",10041100,Saarbr cken,insg.,17,4,13,0,0,0,0,0,0,0,0,0,0,0,0,1,0,1,14,4,10,2,0,2,16,4,12,2019
212000,"Raub, r uberische Erpressung auf/gegen sonstige Zahlstellen und Gesch fte",3102000,Salzgitter,voll.,5,1,4,0,0,0,0,0,0,0,0,0,0,0,0,1,0,1,3,1,2,1,0,1,4,1,3,2019
212000,"Raub, r uberische Erpressung auf/gegen sonstige Zahlstellen und Gesch fte",3102000,Salzgitter,vers.,4,2,2,0,0,0,0,0,0,0,0,0,0,0,0,0,0,0,2,1,1,2,1,1,4,2,2,2019
212000,"Raub, r uberische Erpressung auf/gegen sonstige Zahlstellen und Gesch fte",3102000,Salzgitter,insg.,9,3,6,0,0,0,0,0,0,0,0,0,0,0,0,1,0,1,5,2,3,3,1,2,8,3,5,2019
212000,"Raub, r uberische Erpressung auf/gegen sonstige Zahlstellen und Gesch fte",13004000,Schwerin,voll.,0,0,0,0,0,0,0,0,0,0,0,0,0,0,0,0,0,0,0,0,0,0,0,0,0,0,0,2019
212000,"Raub, r uberische Erpressung auf/gegen sonstige Zahlstellen und Gesch fte",13004000,Schwerin,vers.,0,0,0,0,0,0,0,0,0,0,0,0,0,0,0,0,0,0,0,0,0,0,0,0,0,0,0,2019
212000,"Raub, r uberische Erpressung auf/gegen sonstige Zahlstellen und Gesch fte",13004000,Schwerin,insg.,0,0,0,0,0,0,0,0,0,0,0,0,0,0,0,0,0,0,0,0,0,0,0,0,0,0,0,2019
212000,"Raub, r uberische Erpressung auf/gegen sonstige Zahlstellen und Gesch fte",5970040,Siegen,voll.,4,1,3,0,0,0,0,0,0,0,0,0,0,0,0,2,1,1,2,0,2,0,0,0,2,0,2,2019
212000,"Raub, r uberische Erpressung auf/gegen sonstige Zahlstellen und Gesch fte",5970040,Siegen,vers.,0,0,0,0,0,0,0,0,0,0,0,0,0,0,0,0,0,0,0,0,0,0,0,0,0,0,0,2019
212000,"Raub, r uberische Erpressung auf/gegen sonstige Zahlstellen und Gesch fte",5970040,Siegen,insg.,4,1,3,0,0,0,0,0,0,0,0,0,0,0,0,2,1,1,2,0,2,0,0,0,2,0,2,2019
212000,"Raub, r uberische Erpressung auf/gegen sonstige Zahlstellen und Gesch fte",5122000,Solingen,voll.,4,1,3,0,0,0,0,0,0,0,0,0,0,0,0,0,0,0,4,1,3,0,0,0,4,1,3,2019
212000,"Raub, r uberische Erpressung auf/gegen sonstige Zahlstellen und Gesch fte",5122000,Solingen,vers.,2,1,1,0,0,0,0,0,0,0,0,0,0,0,0,0,0,0,1,0,1,1,1,0,2,1,1,2019
212000,"Raub, r uberische Erpressung auf/gegen sonstige Zahlstellen und Gesch fte",5122000,Solingen,insg.,6,2,4,0,0,0,0,0,0,0,0,0,0,0,0,0,0,0,5,1,4,1,1,0,6,2,4,2019
212000,"Raub, r uberische Erpressung auf/gegen sonstige Zahlstellen und Gesch fte",8111000,Stuttgart,voll.,11,4,7,0,0,0,0,0,0,0,0,0,0,0,0,0,0,0,7,3,4,4,1,3,11,4,7,2019
212000,"Raub, r uberische Erpressung auf/gegen sonstige Zahlstellen und Gesch fte",8111000,Stuttgart,vers.,6,4,2,0,0,0,0,0,0,0,0,0,0,0,0,0,0,0,5,3,2,1,1,0,6,4,2,2019
212000,"Raub, r uberische Erpressung auf/gegen sonstige Zahlstellen und Gesch fte",8111000,Stuttgart,insg.,17,8,9,0,0,0,0,0,0,0,0,0,0,0,0,0,0,0,12,6,6,5,2,3,17,8,9,2019
212000,"Raub, r uberische Erpressung auf/gegen sonstige Zahlstellen und Gesch fte",7211000,Trier,voll.,2,0,2,0,0,0,0,0,0,0,0,0,0,0,0,0,0,0,2,0,2,0,0,0,2,0,2,2019
212000,"Raub, r uberische Erpressung auf/gegen sonstige Zahlstellen und Gesch fte",7211000,Trier,vers.,2,0,2,0,0,0,0,0,0,0,0,0,0,0,0,0,0,0,2,0,2,0,0,0,2,0,2,2019
212000,"Raub, r uberische Erpressung auf/gegen sonstige Zahlstellen und Gesch fte",7211000,Trier,insg.,4,0,4,0,0,0,0,0,0,0,0,0,0,0,0,0,0,0,4,0,4,0,0,0,4,0,4,2019
212000,"Raub, r uberische Erpressung auf/gegen sonstige Zahlstellen und Gesch fte",8421000,Ulm,voll.,1,0,1,0,0,0,0,0,0,0,0,0,0,0,0,0,0,0,1,0,1,0,0,0,1,0,1,2019
212000,"Raub, r uberische Erpressung auf/gegen sonstige Zahlstellen und Gesch fte",8421000,Ulm,vers.,3,0,3,0,0,0,0,0,0,0,0,0,0,0,0,0,0,0,3,0,3,0,0,0,3,0,3,2019
212000,"Raub, r uberische Erpressung auf/gegen sonstige Zahlstellen und Gesch fte",8421000,Ulm,insg.,4,0,4,0,0,0,0,0,0,0,0,0,0,0,0,0,0,0,4,0,4,0,0,0,4,0,4,2019
212000,"Raub, r uberische Erpressung auf/gegen sonstige Zahlstellen und Gesch fte",6414000,Wiesbaden,voll.,8,2,6,0,0,0,0,0,0,0,0,0,0,0,0,0,0,0,7,2,5,1,0,1,8,2,6,2019
212000,"Raub, r uberische Erpressung auf/gegen sonstige Zahlstellen und Gesch fte",6414000,Wiesbaden,vers.,5,0,5,0,0,0,0,0,0,0,0,0,0,0,0,0,0,0,4,0,4,1,0,1,5,0,5,2019
212000,"Raub, r uberische Erpressung auf/gegen sonstige Zahlstellen und Gesch fte",6414000,Wiesbaden,insg.,13,2,11,0,0,0,0,0,0,0,0,0,0,0,0,0,0,0,11,2,9,2,0,2,13,2,11,2019
212000,"Raub, r uberische Erpressung auf/gegen sonstige Zahlstellen und Gesch fte",3103000,Wolfsburg,voll.,3,1,2,0,0,0,0,0,0,0,0,0,0,0,0,0,0,0,3,1,2,0,0,0,3,1,2,2019
212000,"Raub, r uberische Erpressung auf/gegen sonstige Zahlstellen und Gesch fte",3103000,Wolfsburg,vers.,1,0,1,0,0,0,0,0,0,0,0,0,0,0,0,0,0,0,1,0,1,0,0,0,1,0,1,2019
212000,"Raub, r uberische Erpressung auf/gegen sonstige Zahlstellen und Gesch fte",3103000,Wolfsburg,insg.,4,1,3,0,0,0,0,0,0,0,0,0,0,0,0,0,0,0,4,1,3,0,0,0,4,1,3,2019
212000,"Raub, r uberische Erpressung auf/gegen sonstige Zahlstellen und Gesch fte",5124000,Wuppertal,voll.,17,5,12,0,0,0,0,0,0,0,0,0,0,0,0,1,1,0,15,3,12,1,1,0,16,4,12,2019
212000,"Raub, r uberische Erpressung auf/gegen sonstige Zahlstellen und Gesch fte",5124000,Wuppertal,vers.,3,1,2,0,0,0,0,0,0,0,0,0,0,0,0,0,0,0,3,1,2,0,0,0,3,1,2,2019
212000,"Raub, r uberische Erpressung auf/gegen sonstige Zahlstellen und Gesch fte",5124000,Wuppertal,insg.,20,6,14,0,0,0,0,0,0,0,0,0,0,0,0,1,1,0,18,4,14,1,1,0,19,5,14,2019
212000,"Raub, r uberische Erpressung auf/gegen sonstige Zahlstellen und Gesch fte",9663000,W rzburg,voll.,1,1,0,0,0,0,0,0,0,0,0,0,0,0,0,1,1,0,0,0,0,0,0,0,0,0,0,2019
212000,"Raub, r uberische Erpressung auf/gegen sonstige Zahlstellen und Gesch fte",9663000,W rzburg,vers.,0,0,0,0,0,0,0,0,0,0,0,0,0,0,0,0,0,0,0,0,0,0,0,0,0,0,0,2019
212000,"Raub, r uberische Erpressung auf/gegen sonstige Zahlstellen und Gesch fte",9663000,W rzburg,insg.,1,1,0,0,0,0,0,0,0,0,0,0,0,0,0,1,1,0,0,0,0,0,0,0,0,0,0,2019
216000,Handtaschenraub,5334002,Aachen,voll.,7,1,6,0,0,0,0,0,0,0,0,0,0,0,0,0,0,0,6,1,5,1,0,1,7,1,6,2019
216000,Handtaschenraub,5334002,Aachen,vers.,6,0,6,0,0,0,0,0,0,0,0,0,0,0,0,0,0,0,5,0,5,1,0,1,6,0,6,2019
216000,Handtaschenraub,5334002,Aachen,insg.,13,1,12,0,0,0,0,0,0,0,0,0,0,0,0,0,0,0,11,1,10,2,0,2,13,1,12,2019
216000,Handtaschenraub,9761000,Augsburg,voll.,1,0,1,0,0,0,0,0,0,0,0,0,0,0,0,0,0,0,1,0,1,0,0,0,1,0,1,2019
216000,Handtaschenraub,9761000,Augsburg,vers.,0,0,0,0,0,0,0,0,0,0,0,0,0,0,0,0,0,0,0,0,0,0,0,0,0,0,0,2019
216000,Handtaschenraub,9761000,Augsburg,insg.,1,0,1,0,0,0,0,0,0,0,0,0,0,0,0,0,0,0,1,0,1,0,0,0,1,0,1,2019
216000,Handtaschenraub,5378004,Bergisch Gladbach,voll.,2,0,2,0,0,0,0,0,0,0,0,0,0,0,0,0,0,0,0,0,0,2,0,2,2,0,2,2019
216000,Handtaschenraub,5378004,Bergisch Gladbach,vers.,0,0,0,0,0,0,0,0,0,0,0,0,0,0,0,0,0,0,0,0,0,0,0,0,0,0,0,2019
216000,Handtaschenraub,5378004,Bergisch Gladbach,insg.,2,0,2,0,0,0,0,0,0,0,0,0,0,0,0,0,0,0,0,0,0,2,0,2,2,0,2,2019
216000,Handtaschenraub,11000000,Berlin,voll.,161,22,139,0,0,0,0,0,0,0,0,0,4,1,3,6,1,5,76,14,62,75,6,69,151,20,131,2019
216000,Handtaschenraub,11000000,Berlin,vers.,37,4,33,0,0,0,0,0,0,0,0,0,0,0,0,3,0,3,22,4,18,12,0,12,34,4,30,2019
216000,Handtaschenraub,11000000,Berlin,insg.,198,26,172,0,0,0,0,0,0,0,0,0,4,1,3,9,1,8,98,18,80,87,6,81,185,24,161,2019
216000,Handtaschenraub,5711000,Bielefeld,voll.,5,1,4,0,0,0,0,0,0,0,0,0,0,0,0,0,0,0,3,1,2,2,0,2,5,1,4,2019
216000,Handtaschenraub,5711000,Bielefeld,vers.,0,0,0,0,0,0,0,0,0,0,0,0,0,0,0,0,0,0,0,0,0,0,0,0,0,0,0,2019
216000,Handtaschenraub,5711000,Bielefeld,insg.,5,1,4,0,0,0,0,0,0,0,0,0,0,0,0,0,0,0,3,1,2,2,0,2,5,1,4,2019
216000,Handtaschenraub,5911000,Bochum,voll.,1,0,1,0,0,0,0,0,0,0,0,0,0,0,0,0,0,0,1,0,1,0,0,0,1,0,1,2019
216000,Handtaschenraub,5911000,Bochum,vers.,1,0,1,0,0,0,0,0,0,0,0,0,0,0,0,0,0,0,1,0,1,0,0,0,1,0,1,2019
216000,Handtaschenraub,5911000,Bochum,insg.,2,0,2,0,0,0,0,0,0,0,0,0,0,0,0,0,0,0,2,0,2,0,0,0,2,0,2,2019
216000,Handtaschenraub,5314000,Bonn,voll.,6,0,6,0,0,0,0,0,0,0,0,0,2,0,2,0,0,0,2,0,2,2,0,2,4,0,4,2019
216000,Handtaschenraub,5314000,Bonn,vers.,3,0,3,0,0,0,0,0,0,0,0,0,0,0,0,0,0,0,2,0,2,1,0,1,3,0,3,2019
216000,Handtaschenraub,5314000,Bonn,insg.,9,0,9,0,0,0,0,0,0,0,0,0,2,0,2,0,0,0,4,0,4,3,0,3,7,0,7,2019
216000,Handtaschenraub,5512000,Bottrop,voll.,1,0,1,0,0,0,0,0,0,0,0,0,0,0,0,0,0,0,1,0,1,0,0,0,1,0,1,2019
216000,Handtaschenraub,5512000,Bottrop,vers.,1,0,1,0,0,0,0,0,0,0,0,0,0,0,0,0,0,0,0,0,0,1,0,1,1,0,1,2019
216000,Handtaschenraub,5512000,Bottrop,insg.,2,0,2,0,0,0,0,0,0,0,0,0,0,0,0,0,0,0,1,0,1,1,0,1,2,0,2,2019
216000,Handtaschenraub,3101000,Braunschweig,voll.,10,0,10,0,0,0,0,0,0,0,0,0,1,0,1,0,0,0,4,0,4,5,0,5,9,0,9,2019
216000,Handtaschenraub,3101000,Braunschweig,vers.,1,0,1,0,0,0,0,0,0,0,0,0,0,0,0,0,0,0,0,0,0,1,0,1,1,0,1,2019
216000,Handtaschenraub,3101000,Braunschweig,insg.,11,0,11,0,0,0,0,0,0,0,0,0,1,0,1,0,0,0,4,0,4,6,0,6,10,0,10,2019
216000,Handtaschenraub,4011000,Bremen,voll.,10,0,10,0,0,0,0,0,0,0,0,0,0,0,0,1,0,1,7,0,7,2,0,2,9,0,9,2019
216000,Handtaschenraub,4011000,Bremen,vers.,2,0,2,0,0,0,0,0,0,0,0,0,0,0,0,0,0,0,1,0,1,1,0,1,2,0,2,2019
216000,Handtaschenraub,4011000,Bremen,insg.,12,0,12,0,0,0,0,0,0,0,0,0,0,0,0,1,0,1,8,0,8,3,0,3,11,0,11,2019
216000,Handtaschenraub,4012000,Bremerhaven,voll.,3,0,3,0,0,0,0,0,0,0,0,0,0,0,0,0,0,0,1,0,1,2,0,2,3,0,3,2019
216000,Handtaschenraub,4012000,Bremerhaven,vers.,1,0,1,0,0,0,0,0,0,0,0,0,0,0,0,0,0,0,1,0,1,0,0,0,1,0,1,2019
216000,Handtaschenraub,4012000,Bremerhaven,insg.,4,0,4,0,0,0,0,0,0,0,0,0,0,0,0,0,0,0,2,0,2,2,0,2,4,0,4,2019
216000,Handtaschenraub,14511000,Chemnitz,voll.,6,1,5,0,0,0,0,0,0,0,0,0,0,0,0,2,1,1,1,0,1,3,0,3,4,0,4,2019
216000,Handtaschenraub,14511000,Chemnitz,vers.,0,0,0,0,0,0,0,0,0,0,0,0,0,0,0,0,0,0,0,0,0,0,0,0,0,0,0,2019
216000,Handtaschenraub,14511000,Chemnitz,insg.,6,1,5,0,0,0,0,0,0,0,0,0,0,0,0,2,1,1,1,0,1,3,0,3,4,0,4,2019
216000,Handtaschenraub,12052000,Cottbus,voll.,3,1,2,0,0,0,0,0,0,0,0,0,0,0,0,0,0,0,3,1,2,0,0,0,3,1,2,2019
216000,Handtaschenraub,12052000,Cottbus,vers.,0,0,0,0,0,0,0,0,0,0,0,0,0,0,0,0,0,0,0,0,0,0,0,0,0,0,0,2019
216000,Handtaschenraub,12052000,Cottbus,insg.,3,1,2,0,0,0,0,0,0,0,0,0,0,0,0,0,0,0,3,1,2,0,0,0,3,1,2,2019
216000,Handtaschenraub,6411000,Darmstadt,voll.,3,0,3,0,0,0,0,0,0,0,0,0,0,0,0,0,0,0,0,0,0,3,0,3,3,0,3,2019
216000,Handtaschenraub,6411000,Darmstadt,vers.,0,0,0,0,0,0,0,0,0,0,0,0,0,0,0,0,0,0,0,0,0,0,0,0,0,0,0,2019
216000,Handtaschenraub,6411000,Darmstadt,insg.,3,0,3,0,0,0,0,0,0,0,0,0,0,0,0,0,0,0,0,0,0,3,0,3,3,0,3,2019
216000,Handtaschenraub,5913000,Dortmund,voll.,11,2,9,0,0,0,0,0,0,0,0,0,1,0,1,1,0,1,6,1,5,3,1,2,9,2,7,2019
216000,Handtaschenraub,5913000,Dortmund,vers.,5,0,5,0,0,0,0,0,0,0,0,0,0,0,0,1,0,1,2,0,2,2,0,2,4,0,4,2019
216000,Handtaschenraub,5913000,Dortmund,insg.,16,2,14,0,0,0,0,0,0,0,0,0,1,0,1,2,0,2,8,1,7,5,1,4,13,2,11,2019
216000,Handtaschenraub,14612000,Dresden,voll.,10,2,8,0,0,0,0,0,0,0,0,0,0,0,0,0,0,0,6,2,4,4,0,4,10,2,8,2019
216000,Handtaschenraub,14612000,Dresden,vers.,0,0,0,0,0,0,0,0,0,0,0,0,0,0,0,0,0,0,0,0,0,0,0,0,0,0,0,2019
216000,Handtaschenraub,14612000,Dresden,insg.,10,2,8,0,0,0,0,0,0,0,0,0,0,0,0,0,0,0,6,2,4,4,0,4,10,2,8,2019
216000,Handtaschenraub,5112000,Duisburg,voll.,15,0,15,0,0,0,0,0,0,0,0,0,0,0,0,0,0,0,4,0,4,11,0,11,15,0,15,2019
216000,Handtaschenraub,5112000,Duisburg,vers.,5,0,5,0,0,0,0,0,0,0,0,0,1,0,1,0,0,0,2,0,2,2,0,2,4,0,4,2019
216000,Handtaschenraub,5112000,Duisburg,insg.,20,0,20,0,0,0,0,0,0,0,0,0,1,0,1,0,0,0,6,0,6,13,0,13,19,0,19,2019
216000,Handtaschenraub,5111000,D sseldorf,voll.,10,2,8,0,0,0,0,0,0,0,0,0,1,0,1,0,0,0,3,1,2,6,1,5,9,2,7,2019
216000,Handtaschenraub,5111000,D sseldorf,vers.,3,1,2,0,0,0,0,0,0,0,0,0,1,0,1,0,0,0,1,1,0,1,0,1,2,1,1,2019
216000,Handtaschenraub,5111000,D sseldorf,insg.,13,3,10,0,0,0,0,0,0,0,0,0,2,0,2,0,0,0,4,2,2,7,1,6,11,3,8,2019
216000,Handtaschenraub,16051000,Erfurt,voll.,6,0,6,0,0,0,0,0,0,0,0,0,0,0,0,1,0,1,4,0,4,1,0,1,5,0,5,2019
216000,Handtaschenraub,16051000,Erfurt,vers.,2,1,1,0,0,0,0,0,0,0,0,0,1,1,0,0,0,0,1,0,1,0,0,0,1,0,1,2019
216000,Handtaschenraub,16051000,Erfurt,insg.,8,1,7,0,0,0,0,0,0,0,0,0,1,1,0,1,0,1,5,0,5,1,0,1,6,0,6,2019
216000,Handtaschenraub,9562000,Erlangen,voll.,0,0,0,0,0,0,0,0,0,0,0,0,0,0,0,0,0,0,0,0,0,0,0,0,0,0,0,2019
216000,Handtaschenraub,9562000,Erlangen,vers.,0,0,0,0,0,0,0,0,0,0,0,0,0,0,0,0,0,0,0,0,0,0,0,0,0,0,0,2019
216000,Handtaschenraub,9562000,Erlangen,insg.,0,0,0,0,0,0,0,0,0,0,0,0,0,0,0,0,0,0,0,0,0,0,0,0,0,0,0,2019
216000,Handtaschenraub,5113000,Essen,voll.,7,0,7,0,0,0,0,0,0,0,0,0,0,0,0,1,0,1,4,0,4,2,0,2,6,0,6,2019
216000,Handtaschenraub,5113000,Essen,vers.,2,0,2,0,0,0,0,0,0,0,0,0,0,0,0,0,0,0,1,0,1,1,0,1,2,0,2,2019
216000,Handtaschenraub,5113000,Essen,insg.,9,0,9,0,0,0,0,0,0,0,0,0,0,0,0,1,0,1,5,0,5,3,0,3,8,0,8,2019
216000,Handtaschenraub,6412000,Frankfurt am Main,voll.,25,3,22,0,0,0,0,0,0,0,0,0,0,0,0,0,0,0,18,1,17,7,2,5,25,3,22,2019
216000,Handtaschenraub,6412000,Frankfurt am Main,vers.,13,0,13,0,0,0,0,0,0,0,0,0,0,0,0,0,0,0,11,0,11,2,0,2,13,0,13,2019
216000,Handtaschenraub,6412000,Frankfurt am Main,insg.,38,3,35,0,0,0,0,0,0,0,0,0,0,0,0,0,0,0,29,1,28,9,2,7,38,3,35,2019
216000,Handtaschenraub,8311000,Freiburg im Breisgau,voll.,3,1,2,0,0,0,0,0,0,0,0,0,0,0,0,0,0,0,2,1,1,1,0,1,3,1,2,2019
216000,Handtaschenraub,8311000,Freiburg im Breisgau,vers.,1,0,1,0,0,0,0,0,0,0,0,0,0,0,0,0,0,0,0,0,0,1,0,1,1,0,1,2019
216000,Handtaschenraub,8311000,Freiburg im Breisgau,insg.,4,1,3,0,0,0,0,0,0,0,0,0,0,0,0,0,0,0,2,1,1,2,0,2,4,1,3,2019
216000,Handtaschenraub,9563000,F rth,voll.,1,0,1,0,0,0,0,0,0,0,0,0,0,0,0,0,0,0,0,0,0,1,0,1,1,0,1,2019
216000,Handtaschenraub,9563000,F rth,vers.,1,0,1,0,0,0,0,0,0,0,0,0,0,0,0,0,0,0,1,0,1,0,0,0,1,0,1,2019
216000,Handtaschenraub,9563000,F rth,insg.,2,0,2,0,0,0,0,0,0,0,0,0,0,0,0,0,0,0,1,0,1,1,0,1,2,0,2,2019
216000,Handtaschenraub,5513000,Gelsenkirchen,voll.,4,1,3,0,0,0,0,0,0,0,0,0,1,1,0,0,0,0,2,0,2,1,0,1,3,0,3,2019
216000,Handtaschenraub,5513000,Gelsenkirchen,vers.,1,0,1,0,0,0,0,0,0,0,0,0,0,0,0,0,0,0,0,0,0,1,0,1,1,0,1,2019
216000,Handtaschenraub,5513000,Gelsenkirchen,insg.,5,1,4,0,0,0,0,0,0,0,0,0,1,1,0,0,0,0,2,0,2,2,0,2,4,0,4,2019
216000,Handtaschenraub,3159016,G ttingen,voll.,4,2,2,0,0,0,0,0,0,0,0,0,1,0,1,1,1,0,1,1,0,1,0,1,2,1,1,2019
216000,Handtaschenraub,3159016,G ttingen,vers.,1,0,1,0,0,0,0,0,0,0,0,0,0,0,0,0,0,0,0,0,0,1,0,1,1,0,1,2019
216000,Handtaschenraub,3159016,G ttingen,insg.,5,2,3,0,0,0,0,0,0,0,0,0,1,0,1,1,1,0,1,1,0,2,0,2,3,1,2,2019
216000,Handtaschenraub,5754008,G tersloh,voll.,0,0,0,0,0,0,0,0,0,0,0,0,0,0,0,0,0,0,0,0,0,0,0,0,0,0,0,2019
216000,Handtaschenraub,5754008,G tersloh,vers.,0,0,0,0,0,0,0,0,0,0,0,0,0,0,0,0,0,0,0,0,0,0,0,0,0,0,0,2019
216000,Handtaschenraub,5754008,G tersloh,insg.,0,0,0,0,0,0,0,0,0,0,0,0,0,0,0,0,0,0,0,0,0,0,0,0,0,0,0,2019
216000,Handtaschenraub,5914000,Hagen,voll.,1,0,1,0,0,0,0,0,0,0,0,0,0,0,0,0,0,0,0,0,0,1,0,1,1,0,1,2019
216000,Handtaschenraub,5914000,Hagen,vers.,1,0,1,0,0,0,0,0,0,0,0,0,0,0,0,0,0,0,0,0,0,1,0,1,1,0,1,2019
216000,Handtaschenraub,5914000,Hagen,insg.,2,0,2,0,0,0,0,0,0,0,0,0,0,0,0,0,0,0,0,0,0,2,0,2,2,0,2,2019
216000,Handtaschenraub,15002000,Halle (Saale),voll.,8,1,7,0,0,0,0,0,0,0,0,0,0,0,0,0,0,0,3,0,3,5,1,4,8,1,7,2019
216000,Handtaschenraub,15002000,Halle (Saale),vers.,3,0,3,0,0,0,0,0,0,0,0,0,0,0,0,0,0,0,3,0,3,0,0,0,3,0,3,2019
216000,Handtaschenraub,15002000,Halle (Saale),insg.,11,1,10,0,0,0,0,0,0,0,0,0,0,0,0,0,0,0,6,0,6,5,1,4,11,1,10,2019
216000,Handtaschenraub,2000000,Hamburg,voll.,31,7,24,0,0,0,0,0,0,0,0,0,0,0,0,0,0,0,18,5,13,13,2,11,31,7,24,2019
216000,Handtaschenraub,2000000,Hamburg,vers.,16,3,13,0,0,0,0,0,0,0,0,0,1,0,1,0,0,0,10,2,8,5,1,4,15,3,12,2019
216000,Handtaschenraub,2000000,Hamburg,insg.,47,10,37,0,0,0,0,0,0,0,0,0,1,0,1,0,0,0,28,7,21,18,3,15,46,10,36,2019
216000,Handtaschenraub,5915000,Hamm,voll.,3,0,3,0,0,0,0,0,0,0,0,0,0,0,0,0,0,0,1,0,1,2,0,2,3,0,3,2019
216000,Handtaschenraub,5915000,Hamm,vers.,0,0,0,0,0,0,0,0,0,0,0,0,0,0,0,0,0,0,0,0,0,0,0,0,0,0,0,2019
216000,Handtaschenraub,5915000,Hamm,insg.,3,0,3,0,0,0,0,0,0,0,0,0,0,0,0,0,0,0,1,0,1,2,0,2,3,0,3,2019
216000,Handtaschenraub,3241001,Hannover,voll.,14,3,11,0,0,0,0,0,0,0,0,0,2,0,2,1,0,1,9,3,6,2,0,2,11,3,8,2019
216000,Handtaschenraub,3241001,Hannover,vers.,7,1,6,1,1,0,0,0,0,1,1,0,0,0,0,1,0,1,3,0,3,2,0,2,5,0,5,2019
216000,Handtaschenraub,3241001,Hannover,insg.,21,4,17,1,1,0,0,0,0,1,1,0,2,0,2,2,0,2,12,3,9,4,0,4,16,3,13,2019
216000,Handtaschenraub,8221000,Heidelberg,voll.,2,1,1,0,0,0,0,0,0,0,0,0,0,0,0,2,1,1,0,0,0,0,0,0,0,0,0,2019
216000,Handtaschenraub,8221000,Heidelberg,vers.,1,0,1,0,0,0,0,0,0,0,0,0,0,0,0,0,0,0,1,0,1,0,0,0,1,0,1,2019
216000,Handtaschenraub,8221000,Heidelberg,insg.,3,1,2,0,0,0,0,0,0,0,0,0,0,0,0,2,1,1,1,0,1,0,0,0,1,0,1,2019
216000,Handtaschenraub,8121000,Heilbronn,voll.,2,1,1,0,0,0,0,0,0,0,0,0,0,0,0,0,0,0,2,1,1,0,0,0,2,1,1,2019
216000,Handtaschenraub,8121000,Heilbronn,vers.,1,0,1,0,0,0,0,0,0,0,0,0,0,0,0,0,0,0,0,0,0,1,0,1,1,0,1,2019
216000,Handtaschenraub,8121000,Heilbronn,insg.,3,1,2,0,0,0,0,0,0,0,0,0,0,0,0,0,0,0,2,1,1,1,0,1,3,1,2,2019
216000,Handtaschenraub,5916000,Herne,voll.,0,0,0,0,0,0,0,0,0,0,0,0,0,0,0,0,0,0,0,0,0,0,0,0,0,0,0,2019
216000,Handtaschenraub,5916000,Herne,vers.,0,0,0,0,0,0,0,0,0,0,0,0,0,0,0,0,0,0,0,0,0,0,0,0,0,0,0,2019
216000,Handtaschenraub,5916000,Herne,insg.,0,0,0,0,0,0,0,0,0,0,0,0,0,0,0,0,0,0,0,0,0,0,0,0,0,0,0,2019
216000,Handtaschenraub,3254021,Hildesheim,voll.,1,1,0,0,0,0,0,0,0,0,0,0,0,0,0,0,0,0,0,0,0,1,1,0,1,1,0,2019
216000,Handtaschenraub,3254021,Hildesheim,vers.,0,0,0,0,0,0,0,0,0,0,0,0,0,0,0,0,0,0,0,0,0,0,0,0,0,0,0,2019
216000,Handtaschenraub,3254021,Hildesheim,insg.,1,1,0,0,0,0,0,0,0,0,0,0,0,0,0,0,0,0,0,0,0,1,1,0,1,1,0,2019
216000,Handtaschenraub,9161000,Ingolstadt,voll.,0,0,0,0,0,0,0,0,0,0,0,0,0,0,0,0,0,0,0,0,0,0,0,0,0,0,0,2019
216000,Handtaschenraub,9161000,Ingolstadt,vers.,0,0,0,0,0,0,0,0,0,0,0,0,0,0,0,0,0,0,0,0,0,0,0,0,0,0,0,2019
216000,Handtaschenraub,9161000,Ingolstadt,insg.,0,0,0,0,0,0,0,0,0,0,0,0,0,0,0,0,0,0,0,0,0,0,0,0,0,0,0,2019
216000,Handtaschenraub,16053000,Jena,voll.,1,1,0,0,0,0,0,0,0,0,0,0,0,0,0,0,0,0,1,1,0,0,0,0,1,1,0,2019
216000,Handtaschenraub,16053000,Jena,vers.,0,0,0,0,0,0,0,0,0,0,0,0,0,0,0,0,0,0,0,0,0,0,0,0,0,0,0,2019
216000,Handtaschenraub,16053000,Jena,insg.,1,1,0,0,0,0,0,0,0,0,0,0,0,0,0,0,0,0,1,1,0,0,0,0,1,1,0,2019
216000,Handtaschenraub,8212000,Karlsruhe,voll.,5,1,4,0,0,0,0,0,0,0,0,0,0,0,0,0,0,0,3,1,2,2,0,2,5,1,4,2019
216000,Handtaschenraub,8212000,Karlsruhe,vers.,5,1,4,0,0,0,0,0,0,0,0,0,0,0,0,0,0,0,4,1,3,1,0,1,5,1,4,2019
216000,Handtaschenraub,8212000,Karlsruhe,insg.,10,2,8,0,0,0,0,0,0,0,0,0,0,0,0,0,0,0,7,2,5,3,0,3,10,2,8,2019
216000,Handtaschenraub,6611000,Kassel,voll.,4,0,4,0,0,0,0,0,0,0,0,0,0,0,0,0,0,0,2,0,2,2,0,2,4,0,4,2019
216000,Handtaschenraub,6611000,Kassel,vers.,1,0,1,0,0,0,0,0,0,0,0,0,0,0,0,0,0,0,1,0,1,0,0,0,1,0,1,2019
216000,Handtaschenraub,6611000,Kassel,insg.,5,0,5,0,0,0,0,0,0,0,0,0,0,0,0,0,0,0,3,0,3,2,0,2,5,0,5,2019
216000,Handtaschenraub,1002000,Kiel,voll.,0,0,0,0,0,0,0,0,0,0,0,0,0,0,0,0,0,0,0,0,0,0,0,0,0,0,0,2019
216000,Handtaschenraub,1002000,Kiel,vers.,0,0,0,0,0,0,0,0,0,0,0,0,0,0,0,0,0,0,0,0,0,0,0,0,0,0,0,2019
216000,Handtaschenraub,1002000,Kiel,insg.,0,0,0,0,0,0,0,0,0,0,0,0,0,0,0,0,0,0,0,0,0,0,0,0,0,0,0,2019
216000,Handtaschenraub,7111000,Koblenz,voll.,6,1,5,0,0,0,0,0,0,0,0,0,2,1,1,1,0,1,3,0,3,0,0,0,3,0,3,2019
216000,Handtaschenraub,7111000,Koblenz,vers.,0,0,0,0,0,0,0,0,0,0,0,0,0,0,0,0,0,0,0,0,0,0,0,0,0,0,0,2019
216000,Handtaschenraub,7111000,Koblenz,insg.,6,1,5,0,0,0,0,0,0,0,0,0,2,1,1,1,0,1,3,0,3,0,0,0,3,0,3,2019
216000,Handtaschenraub,5315000,K ln,voll.,75,19,56,0,0,0,1,0,1,1,0,1,3,3,0,1,1,0,49,13,36,21,2,19,70,15,55,2019
216000,Handtaschenraub,5315000,K ln,vers.,27,5,22,0,0,0,0,0,0,0,0,0,3,1,2,2,2,0,15,2,13,7,0,7,22,2,20,2019
216000,Handtaschenraub,5315000,K ln,insg.,102,24,78,0,0,0,1,0,1,1,0,1,6,4,2,3,3,0,64,15,49,28,2,26,92,17,75,2019
216000,Handtaschenraub,5114000,Krefeld,voll.,1,0,1,0,0,0,0,0,0,0,0,0,0,0,0,0,0,0,0,0,0,1,0,1,1,0,1,2019
216000,Handtaschenraub,5114000,Krefeld,vers.,1,0,1,0,0,0,0,0,0,0,0,0,0,0,0,0,0,0,0,0,0,1,0,1,1,0,1,2019
216000,Handtaschenraub,5114000,Krefeld,insg.,2,0,2,0,0,0,0,0,0,0,0,0,0,0,0,0,0,0,0,0,0,2,0,2,2,0,2,2019
216000,Handtaschenraub,14713000,Leipzig,voll.,36,3,33,0,0,0,1,1,0,1,1,0,1,1,0,1,0,1,11,1,10,22,0,22,33,1,32,2019
216000,Handtaschenraub,14713000,Leipzig,vers.,5,2,3,0,0,0,0,0,0,0,0,0,0,0,0,1,1,0,4,1,3,0,0,0,4,1,3,2019
216000,Handtaschenraub,14713000,Leipzig,insg.,41,5,36,0,0,0,1,1,0,1,1,0,1,1,0,2,1,1,15,2,13,22,0,22,37,2,35,2019
216000,Handtaschenraub,5316000,Leverkusen,voll.,1,0,1,0,0,0,0,0,0,0,0,0,0,0,0,0,0,0,0,0,0,1,0,1,1,0,1,2019
216000,Handtaschenraub,5316000,Leverkusen,vers.,0,0,0,0,0,0,0,0,0,0,0,0,0,0,0,0,0,0,0,0,0,0,0,0,0,0,0,2019
216000,Handtaschenraub,5316000,Leverkusen,insg.,1,0,1,0,0,0,0,0,0,0,0,0,0,0,0,0,0,0,0,0,0,1,0,1,1,0,1,2019
216000,Handtaschenraub,1003000,L beck,voll.,5,0,5,0,0,0,0,0,0,0,0,0,0,0,0,0,0,0,1,0,1,4,0,4,5,0,5,2019
216000,Handtaschenraub,1003000,L beck,vers.,0,0,0,0,0,0,0,0,0,0,0,0,0,0,0,0,0,0,0,0,0,0,0,0,0,0,0,2019
216000,Handtaschenraub,1003000,L beck,insg.,5,0,5,0,0,0,0,0,0,0,0,0,0,0,0,0,0,0,1,0,1,4,0,4,5,0,5,2019
216000,Handtaschenraub,7314000,Ludwigshafen am Rhein,voll.,6,1,5,0,0,0,0,0,0,0,0,0,0,0,0,0,0,0,2,1,1,4,0,4,6,1,5,2019
216000,Handtaschenraub,7314000,Ludwigshafen am Rhein,vers.,0,0,0,0,0,0,0,0,0,0,0,0,0,0,0,0,0,0,0,0,0,0,0,0,0,0,0,2019
216000,Handtaschenraub,7314000,Ludwigshafen am Rhein,insg.,6,1,5,0,0,0,0,0,0,0,0,0,0,0,0,0,0,0,2,1,1,4,0,4,6,1,5,2019
216000,Handtaschenraub,15003000,Magdeburg,voll.,13,1,12,1,1,0,0,0,0,1,1,0,1,0,1,0,0,0,6,0,6,5,0,5,11,0,11,2019
216000,Handtaschenraub,15003000,Magdeburg,vers.,2,1,1,0,0,0,0,0,0,0,0,0,0,0,0,0,0,0,1,1,0,1,0,1,2,1,1,2019
216000,Handtaschenraub,15003000,Magdeburg,insg.,15,2,13,1,1,0,0,0,0,1,1,0,1,0,1,0,0,0,7,1,6,6,0,6,13,1,12,2019
216000,Handtaschenraub,7315000,Mainz,voll.,0,0,0,0,0,0,0,0,0,0,0,0,0,0,0,0,0,0,0,0,0,0,0,0,0,0,0,2019
216000,Handtaschenraub,7315000,Mainz,vers.,1,0,1,0,0,0,0,0,0,0,0,0,0,0,0,0,0,0,1,0,1,0,0,0,1,0,1,2019
216000,Handtaschenraub,7315000,Mainz,insg.,1,0,1,0,0,0,0,0,0,0,0,0,0,0,0,0,0,0,1,0,1,0,0,0,1,0,1,2019
216000,Handtaschenraub,8222000,Mannheim,voll.,7,1,6,0,0,0,0,0,0,0,0,0,0,0,0,1,1,0,3,0,3,3,0,3,6,0,6,2019
216000,Handtaschenraub,8222000,Mannheim,vers.,1,0,1,0,0,0,0,0,0,0,0,0,0,0,0,0,0,0,1,0,1,0,0,0,1,0,1,2019
216000,Handtaschenraub,8222000,Mannheim,insg.,8,1,7,0,0,0,0,0,0,0,0,0,0,0,0,1,1,0,4,0,4,3,0,3,7,0,7,2019
216000,Handtaschenraub,5170024,Moers,voll.,5,1,4,0,0,0,0,0,0,0,0,0,0,0,0,0,0,0,3,1,2,2,0,2,5,1,4,2019
216000,Handtaschenraub,5170024,Moers,vers.,0,0,0,0,0,0,0,0,0,0,0,0,0,0,0,0,0,0,0,0,0,0,0,0,0,0,0,2019
216000,Handtaschenraub,5170024,Moers,insg.,5,1,4,0,0,0,0,0,0,0,0,0,0,0,0,0,0,0,3,1,2,2,0,2,5,1,4,2019
216000,Handtaschenraub,5116000,M nchengladbach,voll.,4,0,4,0,0,0,0,0,0,0,0,0,0,0,0,1,0,1,3,0,3,0,0,0,3,0,3,2019
216000,Handtaschenraub,5116000,M nchengladbach,vers.,0,0,0,0,0,0,0,0,0,0,0,0,0,0,0,0,0,0,0,0,0,0,0,0,0,0,0,2019
216000,Handtaschenraub,5116000,M nchengladbach,insg.,4,0,4,0,0,0,0,0,0,0,0,0,0,0,0,1,0,1,3,0,3,0,0,0,3,0,3,2019
216000,Handtaschenraub,5117000,M lheim an der Ruhr,voll.,9,0,9,0,0,0,0,0,0,0,0,0,0,0,0,0,0,0,3,0,3,6,0,6,9,0,9,2019
216000,Handtaschenraub,5117000,M lheim an der Ruhr,vers.,0,0,0,0,0,0,0,0,0,0,0,0,0,0,0,0,0,0,0,0,0,0,0,0,0,0,0,2019
216000,Handtaschenraub,5117000,M lheim an der Ruhr,insg.,9,0,9,0,0,0,0,0,0,0,0,0,0,0,0,0,0,0,3,0,3,6,0,6,9,0,9,2019
216000,Handtaschenraub,9162000,M nchen,voll.,23,8,15,1,0,1,0,0,0,1,0,1,2,1,1,1,0,1,11,5,6,8,2,6,19,7,12,2019
216000,Handtaschenraub,9162000,M nchen,vers.,11,5,6,0,0,0,1,1,0,1,1,0,0,0,0,2,0,2,7,4,3,1,0,1,8,4,4,2019
216000,Handtaschenraub,9162000,M nchen,insg.,34,13,21,1,0,1,1,1,0,2,1,1,2,1,1,3,0,3,18,9,9,9,2,7,27,11,16,2019
216000,Handtaschenraub,5515000,M nster,voll.,0,0,0,0,0,0,0,0,0,0,0,0,0,0,0,0,0,0,0,0,0,0,0,0,0,0,0,2019
216000,Handtaschenraub,5515000,M nster,vers.,0,0,0,0,0,0,0,0,0,0,0,0,0,0,0,0,0,0,0,0,0,0,0,0,0,0,0,2019
216000,Handtaschenraub,5515000,M nster,insg.,0,0,0,0,0,0,0,0,0,0,0,0,0,0,0,0,0,0,0,0,0,0,0,0,0,0,0,2019
216000,Handtaschenraub,5162024,Neuss,voll.,2,0,2,0,0,0,0,0,0,0,0,0,0,0,0,0,0,0,2,0,2,0,0,0,2,0,2,2019
216000,Handtaschenraub,5162024,Neuss,vers.,2,0,2,0,0,0,0,0,0,0,0,0,0,0,0,0,0,0,2,0,2,0,0,0,2,0,2,2019
216000,Handtaschenraub,5162024,Neuss,insg.,4,0,4,0,0,0,0,0,0,0,0,0,0,0,0,0,0,0,4,0,4,0,0,0,4,0,4,2019
216000,Handtaschenraub,9564000,N rnberg,voll.,9,2,7,0,0,0,0,0,0,0,0,0,1,0,1,0,0,0,3,1,2,5,1,4,8,2,6,2019
216000,Handtaschenraub,9564000,N rnberg,vers.,1,0,1,0,0,0,0,0,0,0,0,0,0,0,0,0,0,0,0,0,0,1,0,1,1,0,1,2019
216000,Handtaschenraub,9564000,N rnberg,insg.,10,2,8,0,0,0,0,0,0,0,0,0,1,0,1,0,0,0,3,1,2,6,1,5,9,2,7,2019
216000,Handtaschenraub,5119000,Oberhausen,voll.,0,0,0,0,0,0,0,0,0,0,0,0,0,0,0,0,0,0,0,0,0,0,0,0,0,0,0,2019
216000,Handtaschenraub,5119000,Oberhausen,vers.,2,0,2,0,0,0,0,0,0,0,0,0,0,0,0,0,0,0,2,0,2,0,0,0,2,0,2,2019
216000,Handtaschenraub,5119000,Oberhausen,insg.,2,0,2,0,0,0,0,0,0,0,0,0,0,0,0,0,0,0,2,0,2,0,0,0,2,0,2,2019
216000,Handtaschenraub,6413000,Offenbach am Main,voll.,2,0,2,0,0,0,0,0,0,0,0,0,0,0,0,0,0,0,1,0,1,1,0,1,2,0,2,2019
216000,Handtaschenraub,6413000,Offenbach am Main,vers.,0,0,0,0,0,0,0,0,0,0,0,0,0,0,0,0,0,0,0,0,0,0,0,0,0,0,0,2019
216000,Handtaschenraub,6413000,Offenbach am Main,insg.,2,0,2,0,0,0,0,0,0,0,0,0,0,0,0,0,0,0,1,0,1,1,0,1,2,0,2,2019
216000,Handtaschenraub,3403000,Oldenburg (Oldenburg),voll.,5,0,5,0,0,0,0,0,0,0,0,0,1,0,1,0,0,0,3,0,3,1,0,1,4,0,4,2019
216000,Handtaschenraub,3403000,Oldenburg (Oldenburg),vers.,1,1,0,0,0,0,0,0,0,0,0,0,0,0,0,0,0,0,1,1,0,0,0,0,1,1,0,2019
216000,Handtaschenraub,3403000,Oldenburg (Oldenburg),insg.,6,1,5,0,0,0,0,0,0,0,0,0,1,0,1,0,0,0,4,1,3,1,0,1,5,1,4,2019
216000,Handtaschenraub,3404000,Osnabr ck,voll.,9,3,6,0,0,0,0,0,0,0,0,0,0,0,0,1,0,1,5,2,3,3,1,2,8,3,5,2019
216000,Handtaschenraub,3404000,Osnabr ck,vers.,2,0,2,0,0,0,0,0,0,0,0,0,0,0,0,1,0,1,1,0,1,0,0,0,1,0,1,2019
216000,Handtaschenraub,3404000,Osnabr ck,insg.,11,3,8,0,0,0,0,0,0,0,0,0,0,0,0,2,0,2,6,2,4,3,1,2,9,3,6,2019
216000,Handtaschenraub,5774032,Paderborn,voll.,1,0,1,0,0,0,0,0,0,0,0,0,0,0,0,0,0,0,0,0,0,1,0,1,1,0,1,2019
216000,Handtaschenraub,5774032,Paderborn,vers.,2,0,2,0,0,0,0,0,0,0,0,0,0,0,0,0,0,0,2,0,2,0,0,0,2,0,2,2019
216000,Handtaschenraub,5774032,Paderborn,insg.,3,0,3,0,0,0,0,0,0,0,0,0,0,0,0,0,0,0,2,0,2,1,0,1,3,0,3,2019
216000,Handtaschenraub,8231000,Pforzheim,voll.,2,0,2,0,0,0,0,0,0,0,0,0,0,0,0,0,0,0,2,0,2,0,0,0,2,0,2,2019
216000,Handtaschenraub,8231000,Pforzheim,vers.,0,0,0,0,0,0,0,0,0,0,0,0,0,0,0,0,0,0,0,0,0,0,0,0,0,0,0,2019
216000,Handtaschenraub,8231000,Pforzheim,insg.,2,0,2,0,0,0,0,0,0,0,0,0,0,0,0,0,0,0,2,0,2,0,0,0,2,0,2,2019
216000,Handtaschenraub,12054000,Potsdam,voll.,7,1,6,0,0,0,0,0,0,0,0,0,1,0,1,1,0,1,0,0,0,5,1,4,5,1,4,2019
216000,Handtaschenraub,12054000,Potsdam,vers.,0,0,0,0,0,0,0,0,0,0,0,0,0,0,0,0,0,0,0,0,0,0,0,0,0,0,0,2019
216000,Handtaschenraub,12054000,Potsdam,insg.,7,1,6,0,0,0,0,0,0,0,0,0,1,0,1,1,0,1,0,0,0,5,1,4,5,1,4,2019
216000,Handtaschenraub,5562032,Recklinghausen,voll.,1,0,1,0,0,0,0,0,0,0,0,0,0,0,0,0,0,0,0,0,0,1,0,1,1,0,1,2019
216000,Handtaschenraub,5562032,Recklinghausen,vers.,0,0,0,0,0,0,0,0,0,0,0,0,0,0,0,0,0,0,0,0,0,0,0,0,0,0,0,2019
216000,Handtaschenraub,5562032,Recklinghausen,insg.,1,0,1,0,0,0,0,0,0,0,0,0,0,0,0,0,0,0,0,0,0,1,0,1,1,0,1,2019
216000,Handtaschenraub,9362000,Regensburg,voll.,3,1,2,0,0,0,0,0,0,0,0,0,0,0,0,0,0,0,3,1,2,0,0,0,3,1,2,2019
216000,Handtaschenraub,9362000,Regensburg,vers.,0,0,0,0,0,0,0,0,0,0,0,0,0,0,0,0,0,0,0,0,0,0,0,0,0,0,0,2019
216000,Handtaschenraub,9362000,Regensburg,insg.,3,1,2,0,0,0,0,0,0,0,0,0,0,0,0,0,0,0,3,1,2,0,0,0,3,1,2,2019
216000,Handtaschenraub,5120000,Remscheid,voll.,0,0,0,0,0,0,0,0,0,0,0,0,0,0,0,0,0,0,0,0,0,0,0,0,0,0,0,2019
216000,Handtaschenraub,5120000,Remscheid,vers.,1,0,1,0,0,0,0,0,0,0,0,0,0,0,0,0,0,0,0,0,0,1,0,1,1,0,1,2019
216000,Handtaschenraub,5120000,Remscheid,insg.,1,0,1,0,0,0,0,0,0,0,0,0,0,0,0,0,0,0,0,0,0,1,0,1,1,0,1,2019
216000,Handtaschenraub,8415061,Reutlingen,voll.,1,0,1,0,0,0,0,0,0,0,0,0,0,0,0,0,0,0,0,0,0,1,0,1,1,0,1,2019
216000,Handtaschenraub,8415061,Reutlingen,vers.,1,0,1,0,0,0,0,0,0,0,0,0,0,0,0,0,0,0,1,0,1,0,0,0,1,0,1,2019
216000,Handtaschenraub,8415061,Reutlingen,insg.,2,0,2,0,0,0,0,0,0,0,0,0,0,0,0,0,0,0,1,0,1,1,0,1,2,0,2,2019
216000,Handtaschenraub,13003000,Rostock,voll.,7,3,4,0,0,0,0,0,0,0,0,0,2,2,0,0,0,0,3,0,3,2,1,1,5,1,4,2019
216000,Handtaschenraub,13003000,Rostock,vers.,3,0,3,0,0,0,0,0,0,0,0,0,0,0,0,1,0,1,0,0,0,2,0,2,2,0,2,2019
216000,Handtaschenraub,13003000,Rostock,insg.,10,3,7,0,0,0,0,0,0,0,0,0,2,2,0,1,0,1,3,0,3,4,1,3,7,1,6,2019
216000,Handtaschenraub,10041100,Saarbr cken,voll.,9,2,7,0,0,0,1,1,0,1,1,0,0,0,0,2,0,2,4,1,3,2,0,2,6,1,5,2019
216000,Handtaschenraub,10041100,Saarbr cken,vers.,1,0,1,0,0,0,0,0,0,0,0,0,0,0,0,0,0,0,1,0,1,0,0,0,1,0,1,2019
216000,Handtaschenraub,10041100,Saarbr cken,insg.,10,2,8,0,0,0,1,1,0,1,1,0,0,0,0,2,0,2,5,1,4,2,0,2,7,1,6,2019
216000,Handtaschenraub,3102000,Salzgitter,voll.,2,1,1,0,0,0,0,0,0,0,0,0,0,0,0,0,0,0,1,1,0,1,0,1,2,1,1,2019
216000,Handtaschenraub,3102000,Salzgitter,vers.,1,0,1,0,0,0,0,0,0,0,0,0,0,0,0,0,0,0,0,0,0,1,0,1,1,0,1,2019
216000,Handtaschenraub,3102000,Salzgitter,insg.,3,1,2,0,0,0,0,0,0,0,0,0,0,0,0,0,0,0,1,1,0,2,0,2,3,1,2,2019
216000,Handtaschenraub,13004000,Schwerin,voll.,2,0,2,0,0,0,0,0,0,0,0,0,0,0,0,0,0,0,1,0,1,1,0,1,2,0,2,2019
216000,Handtaschenraub,13004000,Schwerin,vers.,0,0,0,0,0,0,0,0,0,0,0,0,0,0,0,0,0,0,0,0,0,0,0,0,0,0,0,2019
216000,Handtaschenraub,13004000,Schwerin,insg.,2,0,2,0,0,0,0,0,0,0,0,0,0,0,0,0,0,0,1,0,1,1,0,1,2,0,2,2019
216000,Handtaschenraub,5970040,Siegen,voll.,0,0,0,0,0,0,0,0,0,0,0,0,0,0,0,0,0,0,0,0,0,0,0,0,0,0,0,2019
216000,Handtaschenraub,5970040,Siegen,vers.,0,0,0,0,0,0,0,0,0,0,0,0,0,0,0,0,0,0,0,0,0,0,0,0,0,0,0,2019
216000,Handtaschenraub,5970040,Siegen,insg.,0,0,0,0,0,0,0,0,0,0,0,0,0,0,0,0,0,0,0,0,0,0,0,0,0,0,0,2019
216000,Handtaschenraub,5122000,Solingen,voll.,4,1,3,0,0,0,0,0,0,0,0,0,1,0,1,0,0,0,2,1,1,1,0,1,3,1,2,2019
216000,Handtaschenraub,5122000,Solingen,vers.,0,0,0,0,0,0,0,0,0,0,0,0,0,0,0,0,0,0,0,0,0,0,0,0,0,0,0,2019
216000,Handtaschenraub,5122000,Solingen,insg.,4,1,3,0,0,0,0,0,0,0,0,0,1,0,1,0,0,0,2,1,1,1,0,1,3,1,2,2019
216000,Handtaschenraub,8111000,Stuttgart,voll.,14,2,12,0,0,0,0,0,0,0,0,0,0,0,0,1,0,1,8,2,6,5,0,5,13,2,11,2019
216000,Handtaschenraub,8111000,Stuttgart,vers.,5,0,5,0,0,0,0,0,0,0,0,0,0,0,0,0,0,0,2,0,2,3,0,3,5,0,5,2019
216000,Handtaschenraub,8111000,Stuttgart,insg.,19,2,17,0,0,0,0,0,0,0,0,0,0,0,0,1,0,1,10,2,8,8,0,8,18,2,16,2019
216000,Handtaschenraub,7211000,Trier,voll.,3,0,3,0,0,0,0,0,0,0,0,0,0,0,0,0,0,0,2,0,2,1,0,1,3,0,3,2019
216000,Handtaschenraub,7211000,Trier,vers.,0,0,0,0,0,0,0,0,0,0,0,0,0,0,0,0,0,0,0,0,0,0,0,0,0,0,0,2019
216000,Handtaschenraub,7211000,Trier,insg.,3,0,3,0,0,0,0,0,0,0,0,0,0,0,0,0,0,0,2,0,2,1,0,1,3,0,3,2019
216000,Handtaschenraub,8421000,Ulm,voll.,3,0,3,0,0,0,0,0,0,0,0,0,0,0,0,0,0,0,3,0,3,0,0,0,3,0,3,2019
216000,Handtaschenraub,8421000,Ulm,vers.,0,0,0,0,0,0,0,0,0,0,0,0,0,0,0,0,0,0,0,0,0,0,0,0,0,0,0,2019
216000,Handtaschenraub,8421000,Ulm,insg.,3,0,3,0,0,0,0,0,0,0,0,0,0,0,0,0,0,0,3,0,3,0,0,0,3,0,3,2019
216000,Handtaschenraub,6414000,Wiesbaden,voll.,2,0,2,0,0,0,0,0,0,0,0,0,0,0,0,0,0,0,2,0,2,0,0,0,2,0,2,2019
216000,Handtaschenraub,6414000,Wiesbaden,vers.,1,0,1,0,0,0,0,0,0,0,0,0,0,0,0,0,0,0,0,0,0,1,0,1,1,0,1,2019
216000,Handtaschenraub,6414000,Wiesbaden,insg.,3,0,3,0,0,0,0,0,0,0,0,0,0,0,0,0,0,0,2,0,2,1,0,1,3,0,3,2019
216000,Handtaschenraub,3103000,Wolfsburg,voll.,1,0,1,0,0,0,0,0,0,0,0,0,0,0,0,0,0,0,0,0,0,1,0,1,1,0,1,2019
216000,Handtaschenraub,3103000,Wolfsburg,vers.,1,0,1,0,0,0,0,0,0,0,0,0,0,0,0,0,0,0,1,0,1,0,0,0,1,0,1,2019
216000,Handtaschenraub,3103000,Wolfsburg,insg.,2,0,2,0,0,0,0,0,0,0,0,0,0,0,0,0,0,0,1,0,1,1,0,1,2,0,2,2019
216000,Handtaschenraub,5124000,Wuppertal,voll.,5,0,5,0,0,0,0,0,0,0,0,0,0,0,0,0,0,0,5,0,5,0,0,0,5,0,5,2019
216000,Handtaschenraub,5124000,Wuppertal,vers.,3,0,3,0,0,0,0,0,0,0,0,0,0,0,0,0,0,0,1,0,1,2,0,2,3,0,3,2019
216000,Handtaschenraub,5124000,Wuppertal,insg.,8,0,8,0,0,0,0,0,0,0,0,0,0,0,0,0,0,0,6,0,6,2,0,2,8,0,8,2019
216000,Handtaschenraub,9663000,W rzburg,voll.,1,0,1,0,0,0,0,0,0,0,0,0,0,0,0,1,0,1,0,0,0,0,0,0,0,0,0,2019
216000,Handtaschenraub,9663000,W rzburg,vers.,0,0,0,0,0,0,0,0,0,0,0,0,0,0,0,0,0,0,0,0,0,0,0,0,0,0,0,2019
216000,Handtaschenraub,9663000,W rzburg,insg.,1,0,1,0,0,0,0,0,0,0,0,0,0,0,0,1,0,1,0,0,0,0,0,0,0,0,0,2019
217000,"Sonstige Raub berf lle auf Stra en, Wegen oder Pl tzen",5334002,Aachen,voll.,112,98,14,0,0,0,7,5,2,7,5,2,16,16,0,15,12,3,64,56,8,10,9,1,74,65,9,2019
217000,"Sonstige Raub berf lle auf Stra en, Wegen oder Pl tzen",5334002,Aachen,vers.,34,33,1,0,0,0,4,4,0,4,4,0,2,2,0,12,11,1,15,15,0,1,1,0,16,16,0,2019
217000,"Sonstige Raub berf lle auf Stra en, Wegen oder Pl tzen",5334002,Aachen,insg.,146,131,15,0,0,0,11,9,2,11,9,2,18,18,0,27,23,4,79,71,8,11,10,1,90,81,9,2019
217000,"Sonstige Raub berf lle auf Stra en, Wegen oder Pl tzen",9761000,Augsburg,voll.,25,21,4,0,0,0,1,1,0,1,1,0,2,1,1,3,3,0,16,15,1,3,1,2,19,16,3,2019
217000,"Sonstige Raub berf lle auf Stra en, Wegen oder Pl tzen",9761000,Augsburg,vers.,5,5,0,0,0,0,0,0,0,0,0,0,0,0,0,0,0,0,5,5,0,0,0,0,5,5,0,2019
217000,"Sonstige Raub berf lle auf Stra en, Wegen oder Pl tzen",9761000,Augsburg,insg.,30,26,4,0,0,0,1,1,0,1,1,0,2,1,1,3,3,0,21,20,1,3,1,2,24,21,3,2019
217000,"Sonstige Raub berf lle auf Stra en, Wegen oder Pl tzen",5378004,Bergisch Gladbach,voll.,25,22,3,0,0,0,1,1,0,1,1,0,12,12,0,3,2,1,5,5,0,4,2,2,9,7,2,2019
217000,"Sonstige Raub berf lle auf Stra en, Wegen oder Pl tzen",5378004,Bergisch Gladbach,vers.,3,3,0,0,0,0,1,1,0,1,1,0,2,2,0,0,0,0,0,0,0,0,0,0,0,0,0,2019
217000,"Sonstige Raub berf lle auf Stra en, Wegen oder Pl tzen",5378004,Bergisch Gladbach,insg.,28,25,3,0,0,0,2,2,0,2,2,0,14,14,0,3,2,1,5,5,0,4,2,2,9,7,2,2019
217000,"Sonstige Raub berf lle auf Stra en, Wegen oder Pl tzen",11000000,Berlin,voll.,2312,2027,285,1,1,0,137,129,8,138,130,8,555,528,27,283,258,25,1233,1049,184,103,62,41,1336,1111,225,2019
217000,"Sonstige Raub berf lle auf Stra en, Wegen oder Pl tzen",11000000,Berlin,vers.,600,505,95,0,0,0,59,54,5,59,54,5,146,137,9,66,61,5,295,236,59,34,17,17,329,253,76,2019
217000,"Sonstige Raub berf lle auf Stra en, Wegen oder Pl tzen",11000000,Berlin,insg.,2912,2532,380,1,1,0,196,183,13,197,184,13,701,665,36,349,319,30,1528,1285,243,137,79,58,1665,1364,301,2019
217000,"Sonstige Raub berf lle auf Stra en, Wegen oder Pl tzen",5711000,Bielefeld,voll.,65,50,15,0,0,0,4,3,1,4,3,1,12,9,3,8,6,2,32,26,6,9,6,3,41,32,9,2019
217000,"Sonstige Raub berf lle auf Stra en, Wegen oder Pl tzen",5711000,Bielefeld,vers.,15,12,3,0,0,0,1,1,0,1,1,0,1,1,0,2,2,0,10,7,3,1,1,0,11,8,3,2019
217000,"Sonstige Raub berf lle auf Stra en, Wegen oder Pl tzen",5711000,Bielefeld,insg.,80,62,18,0,0,0,5,4,1,5,4,1,13,10,3,10,8,2,42,33,9,10,7,3,52,40,12,2019
217000,"Sonstige Raub berf lle auf Stra en, Wegen oder Pl tzen",5911000,Bochum,voll.,90,79,11,0,0,0,9,9,0,9,9,0,14,12,2,19,18,1,40,35,5,8,5,3,48,40,8,2019
217000,"Sonstige Raub berf lle auf Stra en, Wegen oder Pl tzen",5911000,Bochum,vers.,21,20,1,0,0,0,4,4,0,4,4,0,5,5,0,3,2,1,8,8,0,1,1,0,9,9,0,2019
217000,"Sonstige Raub berf lle auf Stra en, Wegen oder Pl tzen",5911000,Bochum,insg.,111,99,12,0,0,0,13,13,0,13,13,0,19,17,2,22,20,2,48,43,5,9,6,3,57,49,8,2019
217000,"Sonstige Raub berf lle auf Stra en, Wegen oder Pl tzen",5314000,Bonn,voll.,162,138,24,0,0,0,8,7,1,8,7,1,54,52,2,23,21,2,72,55,17,5,3,2,77,58,19,2019
217000,"Sonstige Raub berf lle auf Stra en, Wegen oder Pl tzen",5314000,Bonn,vers.,51,44,7,0,0,0,7,7,0,7,7,0,10,9,1,5,5,0,27,21,6,2,2,0,29,23,6,2019
217000,"Sonstige Raub berf lle auf Stra en, Wegen oder Pl tzen",5314000,Bonn,insg.,213,182,31,0,0,0,15,14,1,15,14,1,64,61,3,28,26,2,99,76,23,7,5,2,106,81,25,2019
217000,"Sonstige Raub berf lle auf Stra en, Wegen oder Pl tzen",5512000,Bottrop,voll.,27,22,5,0,0,0,1,1,0,1,1,0,2,2,0,3,3,0,14,10,4,7,6,1,21,16,5,2019
217000,"Sonstige Raub berf lle auf Stra en, Wegen oder Pl tzen",5512000,Bottrop,vers.,7,6,1,0,0,0,0,0,0,0,0,0,1,1,0,1,1,0,5,4,1,0,0,0,5,4,1,2019
217000,"Sonstige Raub berf lle auf Stra en, Wegen oder Pl tzen",5512000,Bottrop,insg.,34,28,6,0,0,0,1,1,0,1,1,0,3,3,0,4,4,0,19,14,5,7,6,1,26,20,6,2019
217000,"Sonstige Raub berf lle auf Stra en, Wegen oder Pl tzen",3101000,Braunschweig,voll.,34,29,5,0,0,0,0,0,0,0,0,0,1,1,0,8,7,1,24,20,4,1,1,0,25,21,4,2019
217000,"Sonstige Raub berf lle auf Stra en, Wegen oder Pl tzen",3101000,Braunschweig,vers.,8,8,0,0,0,0,0,0,0,0,0,0,0,0,0,0,0,0,7,7,0,1,1,0,8,8,0,2019
217000,"Sonstige Raub berf lle auf Stra en, Wegen oder Pl tzen",3101000,Braunschweig,insg.,42,37,5,0,0,0,0,0,0,0,0,0,1,1,0,8,7,1,31,27,4,2,2,0,33,29,4,2019
217000,"Sonstige Raub berf lle auf Stra en, Wegen oder Pl tzen",4011000,Bremen,voll.,267,206,61,0,0,0,6,5,1,6,5,1,35,30,5,35,34,1,159,125,34,32,12,20,191,137,54,2019
217000,"Sonstige Raub berf lle auf Stra en, Wegen oder Pl tzen",4011000,Bremen,vers.,40,33,7,0,0,0,1,1,0,1,1,0,2,2,0,4,4,0,29,24,5,4,2,2,33,26,7,2019
217000,"Sonstige Raub berf lle auf Stra en, Wegen oder Pl tzen",4011000,Bremen,insg.,307,239,68,0,0,0,7,6,1,7,6,1,37,32,5,39,38,1,188,149,39,36,14,22,224,163,61,2019
217000,"Sonstige Raub berf lle auf Stra en, Wegen oder Pl tzen",4012000,Bremerhaven,voll.,71,53,18,0,0,0,0,0,0,0,0,0,6,5,1,7,6,1,50,40,10,8,2,6,58,42,16,2019
217000,"Sonstige Raub berf lle auf Stra en, Wegen oder Pl tzen",4012000,Bremerhaven,vers.,11,9,2,0,0,0,0,0,0,0,0,0,1,1,0,1,1,0,8,6,2,1,1,0,9,7,2,2019
217000,"Sonstige Raub berf lle auf Stra en, Wegen oder Pl tzen",4012000,Bremerhaven,insg.,82,62,20,0,0,0,0,0,0,0,0,0,7,6,1,8,7,1,58,46,12,9,3,6,67,49,18,2019
217000,"Sonstige Raub berf lle auf Stra en, Wegen oder Pl tzen",14511000,Chemnitz,voll.,71,62,9,0,0,0,6,6,0,6,6,0,12,12,0,6,5,1,38,34,4,9,5,4,47,39,8,2019
217000,"Sonstige Raub berf lle auf Stra en, Wegen oder Pl tzen",14511000,Chemnitz,vers.,18,12,6,0,0,0,1,1,0,1,1,0,4,3,1,0,0,0,12,8,4,1,0,1,13,8,5,2019
217000,"Sonstige Raub berf lle auf Stra en, Wegen oder Pl tzen",14511000,Chemnitz,insg.,89,74,15,0,0,0,7,7,0,7,7,0,16,15,1,6,5,1,50,42,8,10,5,5,60,47,13,2019
217000,"Sonstige Raub berf lle auf Stra en, Wegen oder Pl tzen",12052000,Cottbus,voll.,26,24,2,0,0,0,2,2,0,2,2,0,0,0,0,5,5,0,16,14,2,3,3,0,19,17,2,2019
217000,"Sonstige Raub berf lle auf Stra en, Wegen oder Pl tzen",12052000,Cottbus,vers.,5,3,2,0,0,0,0,0,0,0,0,0,0,0,0,0,0,0,4,3,1,1,0,1,5,3,2,2019
217000,"Sonstige Raub berf lle auf Stra en, Wegen oder Pl tzen",12052000,Cottbus,insg.,31,27,4,0,0,0,2,2,0,2,2,0,0,0,0,5,5,0,20,17,3,4,3,1,24,20,4,2019
217000,"Sonstige Raub berf lle auf Stra en, Wegen oder Pl tzen",6411000,Darmstadt,voll.,27,20,7,0,0,0,0,0,0,0,0,0,6,6,0,2,1,1,18,12,6,1,1,0,19,13,6,2019
217000,"Sonstige Raub berf lle auf Stra en, Wegen oder Pl tzen",6411000,Darmstadt,vers.,5,4,1,0,0,0,1,1,0,1,1,0,2,1,1,1,1,0,1,1,0,0,0,0,1,1,0,2019
217000,"Sonstige Raub berf lle auf Stra en, Wegen oder Pl tzen",6411000,Darmstadt,insg.,32,24,8,0,0,0,1,1,0,1,1,0,8,7,1,3,2,1,19,13,6,1,1,0,20,14,6,2019
217000,"Sonstige Raub berf lle auf Stra en, Wegen oder Pl tzen",5913000,Dortmund,voll.,320,286,34,0,0,0,13,13,0,13,13,0,48,44,4,47,45,2,197,173,24,15,11,4,212,184,28,2019
217000,"Sonstige Raub berf lle auf Stra en, Wegen oder Pl tzen",5913000,Dortmund,vers.,73,59,14,0,0,0,8,7,1,8,7,1,15,13,2,9,7,2,35,27,8,6,5,1,41,32,9,2019
217000,"Sonstige Raub berf lle auf Stra en, Wegen oder Pl tzen",5913000,Dortmund,insg.,393,345,48,0,0,0,21,20,1,21,20,1,63,57,6,56,52,4,232,200,32,21,16,5,253,216,37,2019
217000,"Sonstige Raub berf lle auf Stra en, Wegen oder Pl tzen",14612000,Dresden,voll.,186,175,11,0,0,0,7,7,0,7,7,0,24,22,2,27,27,0,119,111,8,9,8,1,128,119,9,2019
217000,"Sonstige Raub berf lle auf Stra en, Wegen oder Pl tzen",14612000,Dresden,vers.,49,38,11,0,0,0,2,2,0,2,2,0,5,4,1,7,5,2,34,27,7,1,0,1,35,27,8,2019
217000,"Sonstige Raub berf lle auf Stra en, Wegen oder Pl tzen",14612000,Dresden,insg.,235,213,22,0,0,0,9,9,0,9,9,0,29,26,3,34,32,2,153,138,15,10,8,2,163,146,17,2019
217000,"Sonstige Raub berf lle auf Stra en, Wegen oder Pl tzen",5112000,Duisburg,voll.,197,160,37,1,1,0,18,17,1,19,18,1,46,41,5,24,18,6,88,72,16,20,11,9,108,83,25,2019
217000,"Sonstige Raub berf lle auf Stra en, Wegen oder Pl tzen",5112000,Duisburg,vers.,72,55,17,0,0,0,14,6,8,14,6,8,20,20,0,8,7,1,29,21,8,1,1,0,30,22,8,2019
217000,"Sonstige Raub berf lle auf Stra en, Wegen oder Pl tzen",5112000,Duisburg,insg.,269,215,54,1,1,0,32,23,9,33,24,9,66,61,5,32,25,7,117,93,24,21,12,9,138,105,33,2019
217000,"Sonstige Raub berf lle auf Stra en, Wegen oder Pl tzen",5111000,D sseldorf,voll.,205,173,32,0,0,0,9,8,1,9,8,1,45,44,1,36,34,2,99,77,22,16,10,6,115,87,28,2019
217000,"Sonstige Raub berf lle auf Stra en, Wegen oder Pl tzen",5111000,D sseldorf,vers.,41,37,4,0,0,0,6,6,0,6,6,0,3,3,0,6,6,0,24,21,3,2,1,1,26,22,4,2019
217000,"Sonstige Raub berf lle auf Stra en, Wegen oder Pl tzen",5111000,D sseldorf,insg.,246,210,36,0,0,0,15,14,1,15,14,1,48,47,1,42,40,2,123,98,25,18,11,7,141,109,32,2019
217000,"Sonstige Raub berf lle auf Stra en, Wegen oder Pl tzen",16051000,Erfurt,voll.,27,20,7,0,0,0,1,1,0,1,1,0,6,4,2,5,4,1,15,11,4,0,0,0,15,11,4,2019
217000,"Sonstige Raub berf lle auf Stra en, Wegen oder Pl tzen",16051000,Erfurt,vers.,10,10,0,0,0,0,1,1,0,1,1,0,8,8,0,0,0,0,1,1,0,0,0,0,1,1,0,2019
217000,"Sonstige Raub berf lle auf Stra en, Wegen oder Pl tzen",16051000,Erfurt,insg.,37,30,7,0,0,0,2,2,0,2,2,0,14,12,2,5,4,1,16,12,4,0,0,0,16,12,4,2019
217000,"Sonstige Raub berf lle auf Stra en, Wegen oder Pl tzen",9562000,Erlangen,voll.,2,1,1,0,0,0,0,0,0,0,0,0,0,0,0,2,1,1,0,0,0,0,0,0,0,0,0,2019
217000,"Sonstige Raub berf lle auf Stra en, Wegen oder Pl tzen",9562000,Erlangen,vers.,0,0,0,0,0,0,0,0,0,0,0,0,0,0,0,0,0,0,0,0,0,0,0,0,0,0,0,2019
217000,"Sonstige Raub berf lle auf Stra en, Wegen oder Pl tzen",9562000,Erlangen,insg.,2,1,1,0,0,0,0,0,0,0,0,0,0,0,0,2,1,1,0,0,0,0,0,0,0,0,0,2019
217000,"Sonstige Raub berf lle auf Stra en, Wegen oder Pl tzen",5113000,Essen,voll.,121,95,26,0,0,0,4,3,1,4,3,1,26,21,5,16,12,4,64,54,10,11,5,6,75,59,16,2019
217000,"Sonstige Raub berf lle auf Stra en, Wegen oder Pl tzen",5113000,Essen,vers.,42,35,7,0,0,0,4,3,1,4,3,1,4,3,1,0,0,0,30,26,4,4,3,1,34,29,5,2019
217000,"Sonstige Raub berf lle auf Stra en, Wegen oder Pl tzen",5113000,Essen,insg.,163,130,33,0,0,0,8,6,2,8,6,2,30,24,6,16,12,4,94,80,14,15,8,7,109,88,21,2019
217000,"Sonstige Raub berf lle auf Stra en, Wegen oder Pl tzen",6412000,Frankfurt am Main,voll.,417,371,46,0,0,0,23,21,2,23,21,2,79,73,6,44,40,4,252,222,30,19,15,4,271,237,34,2019
217000,"Sonstige Raub berf lle auf Stra en, Wegen oder Pl tzen",6412000,Frankfurt am Main,vers.,109,94,15,0,0,0,15,14,1,15,14,1,18,16,2,13,10,3,54,47,7,9,7,2,63,54,9,2019
217000,"Sonstige Raub berf lle auf Stra en, Wegen oder Pl tzen",6412000,Frankfurt am Main,insg.,526,465,61,0,0,0,38,35,3,38,35,3,97,89,8,57,50,7,306,269,37,28,22,6,334,291,43,2019
217000,"Sonstige Raub berf lle auf Stra en, Wegen oder Pl tzen",8311000,Freiburg im Breisgau,voll.,67,61,6,0,0,0,1,1,0,1,1,0,15,15,0,10,9,1,36,32,4,5,4,1,41,36,5,2019
217000,"Sonstige Raub berf lle auf Stra en, Wegen oder Pl tzen",8311000,Freiburg im Breisgau,vers.,14,13,1,1,1,0,0,0,0,1,1,0,2,2,0,4,3,1,7,7,0,0,0,0,7,7,0,2019
217000,"Sonstige Raub berf lle auf Stra en, Wegen oder Pl tzen",8311000,Freiburg im Breisgau,insg.,81,74,7,1,1,0,1,1,0,2,2,0,17,17,0,14,12,2,43,39,4,5,4,1,48,43,5,2019
217000,"Sonstige Raub berf lle auf Stra en, Wegen oder Pl tzen",9563000,F rth,voll.,3,3,0,0,0,0,0,0,0,0,0,0,1,1,0,1,1,0,1,1,0,0,0,0,1,1,0,2019
217000,"Sonstige Raub berf lle auf Stra en, Wegen oder Pl tzen",9563000,F rth,vers.,0,0,0,0,0,0,0,0,0,0,0,0,0,0,0,0,0,0,0,0,0,0,0,0,0,0,0,2019
217000,"Sonstige Raub berf lle auf Stra en, Wegen oder Pl tzen",9563000,F rth,insg.,3,3,0,0,0,0,0,0,0,0,0,0,1,1,0,1,1,0,1,1,0,0,0,0,1,1,0,2019
217000,"Sonstige Raub berf lle auf Stra en, Wegen oder Pl tzen",5513000,Gelsenkirchen,voll.,75,66,9,0,0,0,4,4,0,4,4,0,14,13,1,11,11,0,43,35,8,3,3,0,46,38,8,2019
217000,"Sonstige Raub berf lle auf Stra en, Wegen oder Pl tzen",5513000,Gelsenkirchen,vers.,19,17,2,0,0,0,2,2,0,2,2,0,6,6,0,2,2,0,7,5,2,2,2,0,9,7,2,2019
217000,"Sonstige Raub berf lle auf Stra en, Wegen oder Pl tzen",5513000,Gelsenkirchen,insg.,94,83,11,0,0,0,6,6,0,6,6,0,20,19,1,13,13,0,50,40,10,5,5,0,55,45,10,2019
217000,"Sonstige Raub berf lle auf Stra en, Wegen oder Pl tzen",3159016,G ttingen,voll.,26,22,4,2,0,2,0,0,0,2,0,2,4,3,1,6,6,0,14,13,1,0,0,0,14,13,1,2019
217000,"Sonstige Raub berf lle auf Stra en, Wegen oder Pl tzen",3159016,G ttingen,vers.,7,5,2,0,0,0,0,0,0,0,0,0,0,0,0,1,0,1,6,5,1,0,0,0,6,5,1,2019
217000,"Sonstige Raub berf lle auf Stra en, Wegen oder Pl tzen",3159016,G ttingen,insg.,33,27,6,2,0,2,0,0,0,2,0,2,4,3,1,7,6,1,20,18,2,0,0,0,20,18,2,2019
217000,"Sonstige Raub berf lle auf Stra en, Wegen oder Pl tzen",5754008,G tersloh,voll.,14,10,4,0,0,0,0,0,0,0,0,0,2,2,0,4,2,2,8,6,2,0,0,0,8,6,2,2019
217000,"Sonstige Raub berf lle auf Stra en, Wegen oder Pl tzen",5754008,G tersloh,vers.,2,2,0,0,0,0,0,0,0,0,0,0,0,0,0,0,0,0,2,2,0,0,0,0,2,2,0,2019
217000,"Sonstige Raub berf lle auf Stra en, Wegen oder Pl tzen",5754008,G tersloh,insg.,16,12,4,0,0,0,0,0,0,0,0,0,2,2,0,4,2,2,10,8,2,0,0,0,10,8,2,2019
217000,"Sonstige Raub berf lle auf Stra en, Wegen oder Pl tzen",5914000,Hagen,voll.,69,60,9,1,1,0,4,3,1,5,4,1,16,15,1,14,11,3,28,26,2,6,4,2,34,30,4,2019
217000,"Sonstige Raub berf lle auf Stra en, Wegen oder Pl tzen",5914000,Hagen,vers.,14,10,4,0,0,0,0,0,0,0,0,0,1,1,0,1,1,0,11,8,3,1,0,1,12,8,4,2019
217000,"Sonstige Raub berf lle auf Stra en, Wegen oder Pl tzen",5914000,Hagen,insg.,83,70,13,1,1,0,4,3,1,5,4,1,17,16,1,15,12,3,39,34,5,7,4,3,46,38,8,2019
217000,"Sonstige Raub berf lle auf Stra en, Wegen oder Pl tzen",15002000,Halle (Saale),voll.,99,86,13,0,0,0,4,3,1,4,3,1,25,24,1,7,6,1,53,47,6,10,6,4,63,53,10,2019
217000,"Sonstige Raub berf lle auf Stra en, Wegen oder Pl tzen",15002000,Halle (Saale),vers.,26,19,7,0,0,0,4,4,0,4,4,0,3,2,1,4,4,0,12,8,4,3,1,2,15,9,6,2019
217000,"Sonstige Raub berf lle auf Stra en, Wegen oder Pl tzen",15002000,Halle (Saale),insg.,125,105,20,0,0,0,8,7,1,8,7,1,28,26,2,11,10,1,65,55,10,13,7,6,78,62,16,2019
217000,"Sonstige Raub berf lle auf Stra en, Wegen oder Pl tzen",2000000,Hamburg,voll.,749,647,102,1,1,0,33,30,3,34,31,3,109,100,9,96,86,10,481,406,75,29,24,5,510,430,80,2019
217000,"Sonstige Raub berf lle auf Stra en, Wegen oder Pl tzen",2000000,Hamburg,vers.,159,116,43,0,0,0,12,9,3,12,9,3,24,21,3,18,16,2,96,65,31,9,5,4,105,70,35,2019
217000,"Sonstige Raub berf lle auf Stra en, Wegen oder Pl tzen",2000000,Hamburg,insg.,908,763,145,1,1,0,45,39,6,46,40,6,133,121,12,114,102,12,577,471,106,38,29,9,615,500,115,2019
217000,"Sonstige Raub berf lle auf Stra en, Wegen oder Pl tzen",5915000,Hamm,voll.,29,21,8,0,0,0,1,1,0,1,1,0,5,5,0,3,3,0,17,12,5,3,0,3,20,12,8,2019
217000,"Sonstige Raub berf lle auf Stra en, Wegen oder Pl tzen",5915000,Hamm,vers.,8,5,3,0,0,0,0,0,0,0,0,0,1,0,1,0,0,0,6,5,1,1,0,1,7,5,2,2019
217000,"Sonstige Raub berf lle auf Stra en, Wegen oder Pl tzen",5915000,Hamm,insg.,37,26,11,0,0,0,1,1,0,1,1,0,6,5,1,3,3,0,23,17,6,4,0,4,27,17,10,2019
217000,"Sonstige Raub berf lle auf Stra en, Wegen oder Pl tzen",3241001,Hannover,voll.,175,150,25,0,0,0,8,6,2,8,6,2,16,15,1,24,22,2,120,103,17,7,4,3,127,107,20,2019
217000,"Sonstige Raub berf lle auf Stra en, Wegen oder Pl tzen",3241001,Hannover,vers.,34,31,3,0,0,0,1,1,0,1,1,0,4,4,0,5,4,1,22,20,2,2,2,0,24,22,2,2019
217000,"Sonstige Raub berf lle auf Stra en, Wegen oder Pl tzen",3241001,Hannover,insg.,209,181,28,0,0,0,9,7,2,9,7,2,20,19,1,29,26,3,142,123,19,9,6,3,151,129,22,2019
217000,"Sonstige Raub berf lle auf Stra en, Wegen oder Pl tzen",8221000,Heidelberg,voll.,14,12,2,0,0,0,3,2,1,3,2,1,4,4,0,3,3,0,3,3,0,1,0,1,4,3,1,2019
217000,"Sonstige Raub berf lle auf Stra en, Wegen oder Pl tzen",8221000,Heidelberg,vers.,3,2,1,0,0,0,2,2,0,2,2,0,0,0,0,0,0,0,1,0,1,0,0,0,1,0,1,2019
217000,"Sonstige Raub berf lle auf Stra en, Wegen oder Pl tzen",8221000,Heidelberg,insg.,17,14,3,0,0,0,5,4,1,5,4,1,4,4,0,3,3,0,4,3,1,1,0,1,5,3,2,2019
217000,"Sonstige Raub berf lle auf Stra en, Wegen oder Pl tzen",8121000,Heilbronn,voll.,15,13,2,0,0,0,0,0,0,0,0,0,2,1,1,2,2,0,11,10,1,0,0,0,11,10,1,2019
217000,"Sonstige Raub berf lle auf Stra en, Wegen oder Pl tzen",8121000,Heilbronn,vers.,7,3,4,0,0,0,1,0,1,1,0,1,1,1,0,1,0,1,2,1,1,2,1,1,4,2,2,2019
217000,"Sonstige Raub berf lle auf Stra en, Wegen oder Pl tzen",8121000,Heilbronn,insg.,22,16,6,0,0,0,1,0,1,1,0,1,3,2,1,3,2,1,13,11,2,2,1,1,15,12,3,2019
217000,"Sonstige Raub berf lle auf Stra en, Wegen oder Pl tzen",5916000,Herne,voll.,32,27,5,0,0,0,6,5,1,6,5,1,7,7,0,3,3,0,15,12,3,1,0,1,16,12,4,2019
217000,"Sonstige Raub berf lle auf Stra en, Wegen oder Pl tzen",5916000,Herne,vers.,10,6,4,0,0,0,2,2,0,2,2,0,2,2,0,2,1,1,4,1,3,0,0,0,4,1,3,2019
217000,"Sonstige Raub berf lle auf Stra en, Wegen oder Pl tzen",5916000,Herne,insg.,42,33,9,0,0,0,8,7,1,8,7,1,9,9,0,5,4,1,19,13,6,1,0,1,20,13,7,2019
217000,"Sonstige Raub berf lle auf Stra en, Wegen oder Pl tzen",3254021,Hildesheim,voll.,25,24,1,0,0,0,2,2,0,2,2,0,8,8,0,4,4,0,10,9,1,1,1,0,11,10,1,2019
217000,"Sonstige Raub berf lle auf Stra en, Wegen oder Pl tzen",3254021,Hildesheim,vers.,4,3,1,0,0,0,1,0,1,1,0,1,1,1,0,1,1,0,1,1,0,0,0,0,1,1,0,2019
217000,"Sonstige Raub berf lle auf Stra en, Wegen oder Pl tzen",3254021,Hildesheim,insg.,29,27,2,0,0,0,3,2,1,3,2,1,9,9,0,5,5,0,11,10,1,1,1,0,12,11,1,2019
217000,"Sonstige Raub berf lle auf Stra en, Wegen oder Pl tzen",9161000,Ingolstadt,voll.,4,3,1,0,0,0,0,0,0,0,0,0,1,1,0,0,0,0,3,2,1,0,0,0,3,2,1,2019
217000,"Sonstige Raub berf lle auf Stra en, Wegen oder Pl tzen",9161000,Ingolstadt,vers.,1,1,0,0,0,0,0,0,0,0,0,0,0,0,0,0,0,0,1,1,0,0,0,0,1,1,0,2019
217000,"Sonstige Raub berf lle auf Stra en, Wegen oder Pl tzen",9161000,Ingolstadt,insg.,5,4,1,0,0,0,0,0,0,0,0,0,1,1,0,0,0,0,4,3,1,0,0,0,4,3,1,2019
217000,"Sonstige Raub berf lle auf Stra en, Wegen oder Pl tzen",16053000,Jena,voll.,7,7,0,0,0,0,0,0,0,0,0,0,0,0,0,3,3,0,4,4,0,0,0,0,4,4,0,2019
217000,"Sonstige Raub berf lle auf Stra en, Wegen oder Pl tzen",16053000,Jena,vers.,4,3,1,0,0,0,1,1,0,1,1,0,0,0,0,2,2,0,0,0,0,1,0,1,1,0,1,2019
217000,"Sonstige Raub berf lle auf Stra en, Wegen oder Pl tzen",16053000,Jena,insg.,11,10,1,0,0,0,1,1,0,1,1,0,0,0,0,5,5,0,4,4,0,1,0,1,5,4,1,2019
217000,"Sonstige Raub berf lle auf Stra en, Wegen oder Pl tzen",8212000,Karlsruhe,voll.,84,76,8,0,0,0,2,2,0,2,2,0,14,13,1,20,19,1,44,39,5,4,3,1,48,42,6,2019
217000,"Sonstige Raub berf lle auf Stra en, Wegen oder Pl tzen",8212000,Karlsruhe,vers.,26,24,2,0,0,0,1,1,0,1,1,0,3,3,0,4,4,0,18,16,2,0,0,0,18,16,2,2019
217000,"Sonstige Raub berf lle auf Stra en, Wegen oder Pl tzen",8212000,Karlsruhe,insg.,110,100,10,0,0,0,3,3,0,3,3,0,17,16,1,24,23,1,62,55,7,4,3,1,66,58,8,2019
217000,"Sonstige Raub berf lle auf Stra en, Wegen oder Pl tzen",6611000,Kassel,voll.,52,43,9,0,0,0,1,1,0,1,1,0,5,4,1,8,8,0,36,28,8,2,2,0,38,30,8,2019
217000,"Sonstige Raub berf lle auf Stra en, Wegen oder Pl tzen",6611000,Kassel,vers.,15,11,4,0,0,0,1,1,0,1,1,0,0,0,0,1,1,0,13,9,4,0,0,0,13,9,4,2019
217000,"Sonstige Raub berf lle auf Stra en, Wegen oder Pl tzen",6611000,Kassel,insg.,67,54,13,0,0,0,2,2,0,2,2,0,5,4,1,9,9,0,49,37,12,2,2,0,51,39,12,2019
217000,"Sonstige Raub berf lle auf Stra en, Wegen oder Pl tzen",1002000,Kiel,voll.,90,78,12,0,0,0,1,1,0,1,1,0,19,18,1,15,14,1,45,39,6,10,6,4,55,45,10,2019
217000,"Sonstige Raub berf lle auf Stra en, Wegen oder Pl tzen",1002000,Kiel,vers.,19,14,5,0,0,0,0,0,0,0,0,0,2,2,0,2,2,0,13,8,5,2,2,0,15,10,5,2019
217000,"Sonstige Raub berf lle auf Stra en, Wegen oder Pl tzen",1002000,Kiel,insg.,109,92,17,0,0,0,1,1,0,1,1,0,21,20,1,17,16,1,58,47,11,12,8,4,70,55,15,2019
217000,"Sonstige Raub berf lle auf Stra en, Wegen oder Pl tzen",7111000,Koblenz,voll.,27,24,3,0,0,0,0,0,0,0,0,0,9,6,3,2,2,0,13,13,0,3,3,0,16,16,0,2019
217000,"Sonstige Raub berf lle auf Stra en, Wegen oder Pl tzen",7111000,Koblenz,vers.,4,4,0,0,0,0,0,0,0,0,0,0,1,1,0,0,0,0,3,3,0,0,0,0,3,3,0,2019
217000,"Sonstige Raub berf lle auf Stra en, Wegen oder Pl tzen",7111000,Koblenz,insg.,31,28,3,0,0,0,0,0,0,0,0,0,10,7,3,2,2,0,16,16,0,3,3,0,19,19,0,2019
217000,"Sonstige Raub berf lle auf Stra en, Wegen oder Pl tzen",5315000,K ln,voll.,552,468,84,0,0,0,22,21,1,22,21,1,93,86,7,69,63,6,320,272,48,48,26,22,368,298,70,2019
217000,"Sonstige Raub berf lle auf Stra en, Wegen oder Pl tzen",5315000,K ln,vers.,146,122,24,0,0,0,18,15,3,18,15,3,25,22,3,23,21,2,74,60,14,6,4,2,80,64,16,2019
217000,"Sonstige Raub berf lle auf Stra en, Wegen oder Pl tzen",5315000,K ln,insg.,698,590,108,0,0,0,40,36,4,40,36,4,118,108,10,92,84,8,394,332,62,54,30,24,448,362,86,2019
217000,"Sonstige Raub berf lle auf Stra en, Wegen oder Pl tzen",5114000,Krefeld,voll.,79,61,18,0,0,0,2,2,0,2,2,0,7,6,1,11,8,3,52,40,12,7,5,2,59,45,14,2019
217000,"Sonstige Raub berf lle auf Stra en, Wegen oder Pl tzen",5114000,Krefeld,vers.,13,11,2,0,0,0,2,2,0,2,2,0,1,1,0,3,3,0,6,5,1,1,0,1,7,5,2,2019
217000,"Sonstige Raub berf lle auf Stra en, Wegen oder Pl tzen",5114000,Krefeld,insg.,92,72,20,0,0,0,4,4,0,4,4,0,8,7,1,14,11,3,58,45,13,8,5,3,66,50,16,2019
217000,"Sonstige Raub berf lle auf Stra en, Wegen oder Pl tzen",14713000,Leipzig,voll.,209,193,16,0,0,0,5,5,0,5,5,0,67,64,3,33,30,3,96,91,5,8,3,5,104,94,10,2019
217000,"Sonstige Raub berf lle auf Stra en, Wegen oder Pl tzen",14713000,Leipzig,vers.,33,31,2,0,0,0,4,4,0,4,4,0,5,5,0,3,3,0,18,17,1,3,2,1,21,19,2,2019
217000,"Sonstige Raub berf lle auf Stra en, Wegen oder Pl tzen",14713000,Leipzig,insg.,242,224,18,0,0,0,9,9,0,9,9,0,72,69,3,36,33,3,114,108,6,11,5,6,125,113,12,2019
217000,"Sonstige Raub berf lle auf Stra en, Wegen oder Pl tzen",5316000,Leverkusen,voll.,38,32,6,0,0,0,3,2,1,3,2,1,15,13,2,5,5,0,15,12,3,0,0,0,15,12,3,2019
217000,"Sonstige Raub berf lle auf Stra en, Wegen oder Pl tzen",5316000,Leverkusen,vers.,8,6,2,0,0,0,0,0,0,0,0,0,1,1,0,2,2,0,4,3,1,1,0,1,5,3,2,2019
217000,"Sonstige Raub berf lle auf Stra en, Wegen oder Pl tzen",5316000,Leverkusen,insg.,46,38,8,0,0,0,3,2,1,3,2,1,16,14,2,7,7,0,19,15,4,1,0,1,20,15,5,2019
217000,"Sonstige Raub berf lle auf Stra en, Wegen oder Pl tzen",1003000,L beck,voll.,75,49,26,0,0,0,2,1,1,2,1,1,6,6,0,5,5,0,50,35,15,12,2,10,62,37,25,2019
217000,"Sonstige Raub berf lle auf Stra en, Wegen oder Pl tzen",1003000,L beck,vers.,16,12,4,0,0,0,3,3,0,3,3,0,3,3,0,2,1,1,8,5,3,0,0,0,8,5,3,2019
217000,"Sonstige Raub berf lle auf Stra en, Wegen oder Pl tzen",1003000,L beck,insg.,91,61,30,0,0,0,5,4,1,5,4,1,9,9,0,7,6,1,58,40,18,12,2,10,70,42,28,2019
217000,"Sonstige Raub berf lle auf Stra en, Wegen oder Pl tzen",7314000,Ludwigshafen am Rhein,voll.,90,76,14,0,0,0,19,17,2,19,17,2,30,28,2,5,5,0,29,21,8,7,5,2,36,26,10,2019
217000,"Sonstige Raub berf lle auf Stra en, Wegen oder Pl tzen",7314000,Ludwigshafen am Rhein,vers.,36,29,7,0,0,0,7,6,1,7,6,1,12,11,1,3,2,1,11,8,3,3,2,1,14,10,4,2019
217000,"Sonstige Raub berf lle auf Stra en, Wegen oder Pl tzen",7314000,Ludwigshafen am Rhein,insg.,126,105,21,0,0,0,26,23,3,26,23,3,42,39,3,8,7,1,40,29,11,10,7,3,50,36,14,2019
217000,"Sonstige Raub berf lle auf Stra en, Wegen oder Pl tzen",15003000,Magdeburg,voll.,64,59,5,0,0,0,3,3,0,3,3,0,7,7,0,10,8,2,39,36,3,5,5,0,44,41,3,2019
217000,"Sonstige Raub berf lle auf Stra en, Wegen oder Pl tzen",15003000,Magdeburg,vers.,19,13,6,0,0,0,4,2,2,4,2,2,1,1,0,1,1,0,11,8,3,2,1,1,13,9,4,2019
217000,"Sonstige Raub berf lle auf Stra en, Wegen oder Pl tzen",15003000,Magdeburg,insg.,83,72,11,0,0,0,7,5,2,7,5,2,8,8,0,11,9,2,50,44,6,7,6,1,57,50,7,2019
217000,"Sonstige Raub berf lle auf Stra en, Wegen oder Pl tzen",7315000,Mainz,voll.,68,59,9,0,0,0,6,6,0,6,6,0,28,26,2,13,12,1,20,15,5,1,0,1,21,15,6,2019
217000,"Sonstige Raub berf lle auf Stra en, Wegen oder Pl tzen",7315000,Mainz,vers.,20,17,3,0,0,0,2,2,0,2,2,0,5,5,0,4,4,0,8,5,3,1,1,0,9,6,3,2019
217000,"Sonstige Raub berf lle auf Stra en, Wegen oder Pl tzen",7315000,Mainz,insg.,88,76,12,0,0,0,8,8,0,8,8,0,33,31,2,17,16,1,28,20,8,2,1,1,30,21,9,2019
217000,"Sonstige Raub berf lle auf Stra en, Wegen oder Pl tzen",8222000,Mannheim,voll.,51,46,5,0,0,0,0,0,0,0,0,0,6,6,0,5,4,1,35,32,3,5,4,1,40,36,4,2019
217000,"Sonstige Raub berf lle auf Stra en, Wegen oder Pl tzen",8222000,Mannheim,vers.,16,11,5,0,0,0,2,2,0,2,2,0,4,2,2,2,1,1,8,6,2,0,0,0,8,6,2,2019
217000,"Sonstige Raub berf lle auf Stra en, Wegen oder Pl tzen",8222000,Mannheim,insg.,67,57,10,0,0,0,2,2,0,2,2,0,10,8,2,7,5,2,43,38,5,5,4,1,48,42,6,2019
217000,"Sonstige Raub berf lle auf Stra en, Wegen oder Pl tzen",5170024,Moers,voll.,15,13,2,0,0,0,1,0,1,1,0,1,0,0,0,2,2,0,12,11,1,0,0,0,12,11,1,2019
217000,"Sonstige Raub berf lle auf Stra en, Wegen oder Pl tzen",5170024,Moers,vers.,14,12,2,0,0,0,4,2,2,4,2,2,6,6,0,0,0,0,3,3,0,1,1,0,4,4,0,2019
217000,"Sonstige Raub berf lle auf Stra en, Wegen oder Pl tzen",5170024,Moers,insg.,29,25,4,0,0,0,5,2,3,5,2,3,6,6,0,2,2,0,15,14,1,1,1,0,16,15,1,2019
217000,"Sonstige Raub berf lle auf Stra en, Wegen oder Pl tzen",5116000,M nchengladbach,voll.,81,70,11,0,0,0,5,4,1,5,4,1,22,21,1,9,7,2,43,38,5,2,0,2,45,38,7,2019
217000,"Sonstige Raub berf lle auf Stra en, Wegen oder Pl tzen",5116000,M nchengladbach,vers.,34,28,6,0,0,0,2,1,1,2,1,1,9,9,0,7,7,0,11,9,2,5,2,3,16,11,5,2019
217000,"Sonstige Raub berf lle auf Stra en, Wegen oder Pl tzen",5116000,M nchengladbach,insg.,115,98,17,0,0,0,7,5,2,7,5,2,31,30,1,16,14,2,54,47,7,7,2,5,61,49,12,2019
217000,"Sonstige Raub berf lle auf Stra en, Wegen oder Pl tzen",5117000,M lheim an der Ruhr,voll.,39,33,6,0,0,0,4,4,0,4,4,0,13,12,1,7,7,0,12,9,3,3,1,2,15,10,5,2019
217000,"Sonstige Raub berf lle auf Stra en, Wegen oder Pl tzen",5117000,M lheim an der Ruhr,vers.,15,13,2,0,0,0,0,0,0,0,0,0,6,6,0,2,2,0,6,5,1,1,0,1,7,5,2,2019
217000,"Sonstige Raub berf lle auf Stra en, Wegen oder Pl tzen",5117000,M lheim an der Ruhr,insg.,54,46,8,0,0,0,4,4,0,4,4,0,19,18,1,9,9,0,18,14,4,4,1,3,22,15,7,2019
217000,"Sonstige Raub berf lle auf Stra en, Wegen oder Pl tzen",9162000,M nchen,voll.,130,113,17,0,0,0,8,8,0,8,8,0,31,26,5,19,16,3,67,60,7,5,3,2,72,63,9,2019
217000,"Sonstige Raub berf lle auf Stra en, Wegen oder Pl tzen",9162000,M nchen,vers.,26,24,2,0,0,0,3,3,0,3,3,0,5,4,1,3,3,0,12,12,0,3,2,1,15,14,1,2019
217000,"Sonstige Raub berf lle auf Stra en, Wegen oder Pl tzen",9162000,M nchen,insg.,156,137,19,0,0,0,11,11,0,11,11,0,36,30,6,22,19,3,79,72,7,8,5,3,87,77,10,2019
217000,"Sonstige Raub berf lle auf Stra en, Wegen oder Pl tzen",5515000,M nster,voll.,81,66,15,0,0,0,0,0,0,0,0,0,10,9,1,12,10,2,52,44,8,7,3,4,59,47,12,2019
217000,"Sonstige Raub berf lle auf Stra en, Wegen oder Pl tzen",5515000,M nster,vers.,15,13,2,0,0,0,0,0,0,0,0,0,6,5,1,2,1,1,7,7,0,0,0,0,7,7,0,2019
217000,"Sonstige Raub berf lle auf Stra en, Wegen oder Pl tzen",5515000,M nster,insg.,96,79,17,0,0,0,0,0,0,0,0,0,16,14,2,14,11,3,59,51,8,7,3,4,66,54,12,2019
217000,"Sonstige Raub berf lle auf Stra en, Wegen oder Pl tzen",5162024,Neuss,voll.,48,39,9,0,0,0,1,1,0,1,1,0,8,8,0,9,7,2,27,23,4,3,0,3,30,23,7,2019
217000,"Sonstige Raub berf lle auf Stra en, Wegen oder Pl tzen",5162024,Neuss,vers.,8,5,3,0,0,0,1,0,1,1,0,1,2,1,1,3,3,0,1,0,1,1,1,0,2,1,1,2019
217000,"Sonstige Raub berf lle auf Stra en, Wegen oder Pl tzen",5162024,Neuss,insg.,56,44,12,0,0,0,2,1,1,2,1,1,10,9,1,12,10,2,28,23,5,4,1,3,32,24,8,2019
217000,"Sonstige Raub berf lle auf Stra en, Wegen oder Pl tzen",9564000,N rnberg,voll.,75,62,13,0,0,0,3,3,0,3,3,0,4,4,0,5,4,1,54,49,5,9,2,7,63,51,12,2019
217000,"Sonstige Raub berf lle auf Stra en, Wegen oder Pl tzen",9564000,N rnberg,vers.,26,17,9,0,0,0,2,1,1,2,1,1,0,0,0,0,0,0,21,15,6,3,1,2,24,16,8,2019
217000,"Sonstige Raub berf lle auf Stra en, Wegen oder Pl tzen",9564000,N rnberg,insg.,101,79,22,0,0,0,5,4,1,5,4,1,4,4,0,5,4,1,75,64,11,12,3,9,87,67,20,2019
217000,"Sonstige Raub berf lle auf Stra en, Wegen oder Pl tzen",5119000,Oberhausen,voll.,55,47,8,0,0,0,9,9,0,9,9,0,15,14,1,5,3,2,22,20,2,4,1,3,26,21,5,2019
217000,"Sonstige Raub berf lle auf Stra en, Wegen oder Pl tzen",5119000,Oberhausen,vers.,16,10,6,0,0,0,0,0,0,0,0,0,7,3,4,3,3,0,6,4,2,0,0,0,6,4,2,2019
217000,"Sonstige Raub berf lle auf Stra en, Wegen oder Pl tzen",5119000,Oberhausen,insg.,71,57,14,0,0,0,9,9,0,9,9,0,22,17,5,8,6,2,28,24,4,4,1,3,32,25,7,2019
217000,"Sonstige Raub berf lle auf Stra en, Wegen oder Pl tzen",6413000,Offenbach am Main,voll.,38,34,4,0,0,0,1,1,0,1,1,0,4,4,0,2,2,0,30,27,3,1,0,1,31,27,4,2019
217000,"Sonstige Raub berf lle auf Stra en, Wegen oder Pl tzen",6413000,Offenbach am Main,vers.,12,11,1,0,0,0,1,1,0,1,1,0,1,1,0,0,0,0,9,9,0,1,0,1,10,9,1,2019
217000,"Sonstige Raub berf lle auf Stra en, Wegen oder Pl tzen",6413000,Offenbach am Main,insg.,50,45,5,0,0,0,2,2,0,2,2,0,5,5,0,2,2,0,39,36,3,2,0,2,41,36,5,2019
217000,"Sonstige Raub berf lle auf Stra en, Wegen oder Pl tzen",3403000,Oldenburg (Oldenburg),voll.,33,29,4,0,0,0,0,0,0,0,0,0,11,9,2,7,7,0,13,12,1,2,1,1,15,13,2,2019
217000,"Sonstige Raub berf lle auf Stra en, Wegen oder Pl tzen",3403000,Oldenburg (Oldenburg),vers.,10,6,4,0,0,0,0,0,0,0,0,0,2,0,2,1,1,0,7,5,2,0,0,0,7,5,2,2019
217000,"Sonstige Raub berf lle auf Stra en, Wegen oder Pl tzen",3403000,Oldenburg (Oldenburg),insg.,43,35,8,0,0,0,0,0,0,0,0,0,13,9,4,8,8,0,20,17,3,2,1,1,22,18,4,2019
217000,"Sonstige Raub berf lle auf Stra en, Wegen oder Pl tzen",3404000,Osnabr ck,voll.,38,30,8,0,0,0,0,0,0,0,0,0,2,2,0,9,7,2,26,20,6,1,1,0,27,21,6,2019
217000,"Sonstige Raub berf lle auf Stra en, Wegen oder Pl tzen",3404000,Osnabr ck,vers.,15,12,3,0,0,0,2,2,0,2,2,0,1,1,0,4,4,0,7,4,3,1,1,0,8,5,3,2019
217000,"Sonstige Raub berf lle auf Stra en, Wegen oder Pl tzen",3404000,Osnabr ck,insg.,53,42,11,0,0,0,2,2,0,2,2,0,3,3,0,13,11,2,33,24,9,2,2,0,35,26,9,2019
217000,"Sonstige Raub berf lle auf Stra en, Wegen oder Pl tzen",5774032,Paderborn,voll.,24,18,6,0,0,0,2,2,0,2,2,0,3,2,1,5,5,0,12,9,3,2,0,2,14,9,5,2019
217000,"Sonstige Raub berf lle auf Stra en, Wegen oder Pl tzen",5774032,Paderborn,vers.,11,8,3,0,0,0,0,0,0,0,0,0,3,2,1,1,1,0,6,5,1,1,0,1,7,5,2,2019
217000,"Sonstige Raub berf lle auf Stra en, Wegen oder Pl tzen",5774032,Paderborn,insg.,35,26,9,0,0,0,2,2,0,2,2,0,6,4,2,6,6,0,18,14,4,3,0,3,21,14,7,2019
217000,"Sonstige Raub berf lle auf Stra en, Wegen oder Pl tzen",8231000,Pforzheim,voll.,27,24,3,0,0,0,0,0,0,0,0,0,2,2,0,6,6,0,17,16,1,2,0,2,19,16,3,2019
217000,"Sonstige Raub berf lle auf Stra en, Wegen oder Pl tzen",8231000,Pforzheim,vers.,13,11,2,0,0,0,1,1,0,1,1,0,3,3,0,1,1,0,7,5,2,1,1,0,8,6,2,2019
217000,"Sonstige Raub berf lle auf Stra en, Wegen oder Pl tzen",8231000,Pforzheim,insg.,40,35,5,0,0,0,1,1,0,1,1,0,5,5,0,7,7,0,24,21,3,3,1,2,27,22,5,2019
217000,"Sonstige Raub berf lle auf Stra en, Wegen oder Pl tzen",12054000,Potsdam,voll.,47,42,5,0,0,0,1,1,0,1,1,0,11,10,1,10,10,0,23,19,4,2,2,0,25,21,4,2019
217000,"Sonstige Raub berf lle auf Stra en, Wegen oder Pl tzen",12054000,Potsdam,vers.,16,12,4,0,0,0,1,1,0,1,1,0,1,1,0,3,3,0,10,6,4,1,1,0,11,7,4,2019
217000,"Sonstige Raub berf lle auf Stra en, Wegen oder Pl tzen",12054000,Potsdam,insg.,63,54,9,0,0,0,2,2,0,2,2,0,12,11,1,13,13,0,33,25,8,3,3,0,36,28,8,2019
217000,"Sonstige Raub berf lle auf Stra en, Wegen oder Pl tzen",5562032,Recklinghausen,voll.,17,14,3,0,0,0,1,1,0,1,1,0,4,3,1,2,2,0,8,7,1,2,1,1,10,8,2,2019
217000,"Sonstige Raub berf lle auf Stra en, Wegen oder Pl tzen",5562032,Recklinghausen,vers.,3,2,1,0,0,0,0,0,0,0,0,0,1,1,0,0,0,0,2,1,1,0,0,0,2,1,1,2019
217000,"Sonstige Raub berf lle auf Stra en, Wegen oder Pl tzen",5562032,Recklinghausen,insg.,20,16,4,0,0,0,1,1,0,1,1,0,5,4,1,2,2,0,10,8,2,2,1,1,12,9,3,2019
217000,"Sonstige Raub berf lle auf Stra en, Wegen oder Pl tzen",9362000,Regensburg,voll.,7,5,2,0,0,0,0,0,0,0,0,0,0,0,0,1,1,0,6,4,2,0,0,0,6,4,2,2019
217000,"Sonstige Raub berf lle auf Stra en, Wegen oder Pl tzen",9362000,Regensburg,vers.,3,2,1,0,0,0,0,0,0,0,0,0,1,1,0,0,0,0,2,1,1,0,0,0,2,1,1,2019
217000,"Sonstige Raub berf lle auf Stra en, Wegen oder Pl tzen",9362000,Regensburg,insg.,10,7,3,0,0,0,0,0,0,0,0,0,1,1,0,1,1,0,8,5,3,0,0,0,8,5,3,2019
217000,"Sonstige Raub berf lle auf Stra en, Wegen oder Pl tzen",5120000,Remscheid,voll.,11,11,0,0,0,0,1,1,0,1,1,0,2,2,0,1,1,0,7,7,0,0,0,0,7,7,0,2019
217000,"Sonstige Raub berf lle auf Stra en, Wegen oder Pl tzen",5120000,Remscheid,vers.,3,2,1,0,0,0,0,0,0,0,0,0,1,0,1,0,0,0,2,2,0,0,0,0,2,2,0,2019
217000,"Sonstige Raub berf lle auf Stra en, Wegen oder Pl tzen",5120000,Remscheid,insg.,14,13,1,0,0,0,1,1,0,1,1,0,3,2,1,1,1,0,9,9,0,0,0,0,9,9,0,2019
217000,"Sonstige Raub berf lle auf Stra en, Wegen oder Pl tzen",8415061,Reutlingen,voll.,13,11,2,0,0,0,1,1,0,1,1,0,2,2,0,1,1,0,8,6,2,1,1,0,9,7,2,2019
217000,"Sonstige Raub berf lle auf Stra en, Wegen oder Pl tzen",8415061,Reutlingen,vers.,3,2,1,0,0,0,0,0,0,0,0,0,1,0,1,1,1,0,1,1,0,0,0,0,1,1,0,2019
217000,"Sonstige Raub berf lle auf Stra en, Wegen oder Pl tzen",8415061,Reutlingen,insg.,16,13,3,0,0,0,1,1,0,1,1,0,3,2,1,2,2,0,9,7,2,1,1,0,10,8,2,2019
217000,"Sonstige Raub berf lle auf Stra en, Wegen oder Pl tzen",13003000,Rostock,voll.,54,46,8,0,0,0,7,5,2,7,5,2,5,5,0,9,8,1,28,26,2,5,2,3,33,28,5,2019
217000,"Sonstige Raub berf lle auf Stra en, Wegen oder Pl tzen",13003000,Rostock,vers.,23,16,7,0,0,0,5,5,0,5,5,0,7,5,2,1,1,0,9,5,4,1,0,1,10,5,5,2019
217000,"Sonstige Raub berf lle auf Stra en, Wegen oder Pl tzen",13003000,Rostock,insg.,77,62,15,0,0,0,12,10,2,12,10,2,12,10,2,10,9,1,37,31,6,6,2,4,43,33,10,2019
217000,"Sonstige Raub berf lle auf Stra en, Wegen oder Pl tzen",10041100,Saarbr cken,voll.,80,65,15,0,0,0,3,3,0,3,3,0,20,19,1,6,5,1,46,34,12,5,4,1,51,38,13,2019
217000,"Sonstige Raub berf lle auf Stra en, Wegen oder Pl tzen",10041100,Saarbr cken,vers.,10,7,3,0,0,0,1,1,0,1,1,0,1,1,0,2,1,1,6,4,2,0,0,0,6,4,2,2019
217000,"Sonstige Raub berf lle auf Stra en, Wegen oder Pl tzen",10041100,Saarbr cken,insg.,90,72,18,0,0,0,4,4,0,4,4,0,21,20,1,8,6,2,52,38,14,5,4,1,57,42,15,2019
217000,"Sonstige Raub berf lle auf Stra en, Wegen oder Pl tzen",3102000,Salzgitter,voll.,5,5,0,0,0,0,0,0,0,0,0,0,1,1,0,1,1,0,3,3,0,0,0,0,3,3,0,2019
217000,"Sonstige Raub berf lle auf Stra en, Wegen oder Pl tzen",3102000,Salzgitter,vers.,1,0,1,0,0,0,0,0,0,0,0,0,0,0,0,0,0,0,1,0,1,0,0,0,1,0,1,2019
217000,"Sonstige Raub berf lle auf Stra en, Wegen oder Pl tzen",3102000,Salzgitter,insg.,6,5,1,0,0,0,0,0,0,0,0,0,1,1,0,1,1,0,4,3,1,0,0,0,4,3,1,2019
217000,"Sonstige Raub berf lle auf Stra en, Wegen oder Pl tzen",13004000,Schwerin,voll.,21,18,3,0,0,0,3,3,0,3,3,0,3,3,0,0,0,0,15,12,3,0,0,0,15,12,3,2019
217000,"Sonstige Raub berf lle auf Stra en, Wegen oder Pl tzen",13004000,Schwerin,vers.,6,5,1,0,0,0,0,0,0,0,0,0,2,2,0,2,1,1,1,1,0,1,1,0,2,2,0,2019
217000,"Sonstige Raub berf lle auf Stra en, Wegen oder Pl tzen",13004000,Schwerin,insg.,27,23,4,0,0,0,3,3,0,3,3,0,5,5,0,2,1,1,16,13,3,1,1,0,17,14,3,2019
217000,"Sonstige Raub berf lle auf Stra en, Wegen oder Pl tzen",5970040,Siegen,voll.,7,5,2,0,0,0,0,0,0,0,0,0,3,2,1,1,1,0,3,2,1,0,0,0,3,2,1,2019
217000,"Sonstige Raub berf lle auf Stra en, Wegen oder Pl tzen",5970040,Siegen,vers.,1,0,1,0,0,0,0,0,0,0,0,0,0,0,0,0,0,0,1,0,1,0,0,0,1,0,1,2019
217000,"Sonstige Raub berf lle auf Stra en, Wegen oder Pl tzen",5970040,Siegen,insg.,8,5,3,0,0,0,0,0,0,0,0,0,3,2,1,1,1,0,4,2,2,0,0,0,4,2,2,2019
217000,"Sonstige Raub berf lle auf Stra en, Wegen oder Pl tzen",5122000,Solingen,voll.,22,15,7,0,0,0,1,0,1,1,0,1,7,5,2,1,1,0,11,7,4,2,2,0,13,9,4,2019
217000,"Sonstige Raub berf lle auf Stra en, Wegen oder Pl tzen",5122000,Solingen,vers.,7,7,0,0,0,0,1,1,0,1,1,0,3,3,0,1,1,0,2,2,0,0,0,0,2,2,0,2019
217000,"Sonstige Raub berf lle auf Stra en, Wegen oder Pl tzen",5122000,Solingen,insg.,29,22,7,0,0,0,2,1,1,2,1,1,10,8,2,2,2,0,13,9,4,2,2,0,15,11,4,2019
217000,"Sonstige Raub berf lle auf Stra en, Wegen oder Pl tzen",8111000,Stuttgart,voll.,190,164,26,0,0,0,9,6,3,9,6,3,26,24,2,34,31,3,112,96,16,9,7,2,121,103,18,2019
217000,"Sonstige Raub berf lle auf Stra en, Wegen oder Pl tzen",8111000,Stuttgart,vers.,73,64,9,0,0,0,2,1,1,2,1,1,12,11,1,14,14,0,41,35,6,4,3,1,45,38,7,2019
217000,"Sonstige Raub berf lle auf Stra en, Wegen oder Pl tzen",8111000,Stuttgart,insg.,263,228,35,0,0,0,11,7,4,11,7,4,38,35,3,48,45,3,153,131,22,13,10,3,166,141,25,2019
217000,"Sonstige Raub berf lle auf Stra en, Wegen oder Pl tzen",7211000,Trier,voll.,15,12,3,0,0,0,2,2,0,2,2,0,0,0,0,1,1,0,12,9,3,0,0,0,12,9,3,2019
217000,"Sonstige Raub berf lle auf Stra en, Wegen oder Pl tzen",7211000,Trier,vers.,4,4,0,0,0,0,0,0,0,0,0,0,0,0,0,0,0,0,4,4,0,0,0,0,4,4,0,2019
217000,"Sonstige Raub berf lle auf Stra en, Wegen oder Pl tzen",7211000,Trier,insg.,19,16,3,0,0,0,2,2,0,2,2,0,0,0,0,1,1,0,16,13,3,0,0,0,16,13,3,2019
217000,"Sonstige Raub berf lle auf Stra en, Wegen oder Pl tzen",8421000,Ulm,voll.,27,22,5,0,0,0,1,1,0,1,1,0,6,4,2,3,3,0,17,14,3,0,0,0,17,14,3,2019
217000,"Sonstige Raub berf lle auf Stra en, Wegen oder Pl tzen",8421000,Ulm,vers.,9,7,2,0,0,0,0,0,0,0,0,0,0,0,0,0,0,0,9,7,2,0,0,0,9,7,2,2019
217000,"Sonstige Raub berf lle auf Stra en, Wegen oder Pl tzen",8421000,Ulm,insg.,36,29,7,0,0,0,1,1,0,1,1,0,6,4,2,3,3,0,26,21,5,0,0,0,26,21,5,2019
217000,"Sonstige Raub berf lle auf Stra en, Wegen oder Pl tzen",6414000,Wiesbaden,voll.,70,60,10,0,0,0,8,8,0,8,8,0,20,15,5,7,6,1,32,29,3,3,2,1,35,31,4,2019
217000,"Sonstige Raub berf lle auf Stra en, Wegen oder Pl tzen",6414000,Wiesbaden,vers.,24,19,5,0,0,0,3,1,2,3,1,2,14,13,1,1,1,0,4,3,1,2,1,1,6,4,2,2019
217000,"Sonstige Raub berf lle auf Stra en, Wegen oder Pl tzen",6414000,Wiesbaden,insg.,94,79,15,0,0,0,11,9,2,11,9,2,34,28,6,8,7,1,36,32,4,5,3,2,41,35,6,2019
217000,"Sonstige Raub berf lle auf Stra en, Wegen oder Pl tzen",3103000,Wolfsburg,voll.,9,8,1,0,0,0,0,0,0,0,0,0,1,1,0,1,1,0,6,6,0,1,0,1,7,6,1,2019
217000,"Sonstige Raub berf lle auf Stra en, Wegen oder Pl tzen",3103000,Wolfsburg,vers.,7,6,1,0,0,0,0,0,0,0,0,0,0,0,0,2,2,0,5,4,1,0,0,0,5,4,1,2019
217000,"Sonstige Raub berf lle auf Stra en, Wegen oder Pl tzen",3103000,Wolfsburg,insg.,16,14,2,0,0,0,0,0,0,0,0,0,1,1,0,3,3,0,11,10,1,1,0,1,12,10,2,2019
217000,"Sonstige Raub berf lle auf Stra en, Wegen oder Pl tzen",5124000,Wuppertal,voll.,96,72,24,0,0,0,10,6,4,10,6,4,15,10,5,11,11,0,55,42,13,5,3,2,60,45,15,2019
217000,"Sonstige Raub berf lle auf Stra en, Wegen oder Pl tzen",5124000,Wuppertal,vers.,15,8,7,0,0,0,3,1,2,3,1,2,1,1,0,1,1,0,10,5,5,0,0,0,10,5,5,2019
217000,"Sonstige Raub berf lle auf Stra en, Wegen oder Pl tzen",5124000,Wuppertal,insg.,111,80,31,0,0,0,13,7,6,13,7,6,16,11,5,12,12,0,65,47,18,5,3,2,70,50,20,2019
217000,"Sonstige Raub berf lle auf Stra en, Wegen oder Pl tzen",9663000,W rzburg,voll.,3,3,0,0,0,0,0,0,0,0,0,0,2,2,0,0,0,0,1,1,0,0,0,0,1,1,0,2019
217000,"Sonstige Raub berf lle auf Stra en, Wegen oder Pl tzen",9663000,W rzburg,vers.,4,3,1,0,0,0,0,0,0,0,0,0,1,1,0,1,1,0,2,1,1,0,0,0,2,1,1,2019
217000,"Sonstige Raub berf lle auf Stra en, Wegen oder Pl tzen",9663000,W rzburg,insg.,7,6,1,0,0,0,0,0,0,0,0,0,3,3,0,1,1,0,3,2,1,0,0,0,3,2,1,2019
219000,Raub berf lle in Wohnungen,5334002,Aachen,voll.,11,8,3,0,0,0,0,0,0,0,0,0,1,1,0,1,1,0,5,5,0,4,1,3,9,6,3,2019
219000,Raub berf lle in Wohnungen,5334002,Aachen,vers.,1,1,0,0,0,0,0,0,0,0,0,0,0,0,0,0,0,0,0,0,0,1,1,0,1,1,0,2019
219000,Raub berf lle in Wohnungen,5334002,Aachen,insg.,12,9,3,0,0,0,0,0,0,0,0,0,1,1,0,1,1,0,5,5,0,5,2,3,10,7,3,2019
219000,Raub berf lle in Wohnungen,9761000,Augsburg,voll.,3,2,1,0,0,0,0,0,0,0,0,0,0,0,0,1,0,1,2,2,0,0,0,0,2,2,0,2019
219000,Raub berf lle in Wohnungen,9761000,Augsburg,vers.,2,1,1,1,0,1,0,0,0,1,0,1,0,0,0,0,0,0,1,1,0,0,0,0,1,1,0,2019
219000,Raub berf lle in Wohnungen,9761000,Augsburg,insg.,5,3,2,1,0,1,0,0,0,1,0,1,0,0,0,1,0,1,3,3,0,0,0,0,3,3,0,2019
219000,Raub berf lle in Wohnungen,5378004,Bergisch Gladbach,voll.,2,1,1,0,0,0,0,0,0,0,0,0,0,0,0,0,0,0,1,1,0,1,0,1,2,1,1,2019
219000,Raub berf lle in Wohnungen,5378004,Bergisch Gladbach,vers.,1,0,1,0,0,0,0,0,0,0,0,0,0,0,0,0,0,0,1,0,1,0,0,0,1,0,1,2019
219000,Raub berf lle in Wohnungen,5378004,Bergisch Gladbach,insg.,3,1,2,0,0,0,0,0,0,0,0,0,0,0,0,0,0,0,2,1,1,1,0,1,3,1,2,2019
219000,Raub berf lle in Wohnungen,11000000,Berlin,voll.,187,125,62,1,1,0,1,1,0,2,2,0,3,3,0,9,9,0,128,88,40,45,23,22,173,111,62,2019
219000,Raub berf lle in Wohnungen,11000000,Berlin,vers.,60,33,27,0,0,0,0,0,0,0,0,0,3,2,1,3,3,0,36,23,13,18,5,13,54,28,26,2019
219000,Raub berf lle in Wohnungen,11000000,Berlin,insg.,247,158,89,1,1,0,1,1,0,2,2,0,6,5,1,12,12,0,164,111,53,63,28,35,227,139,88,2019
219000,Raub berf lle in Wohnungen,5711000,Bielefeld,voll.,3,2,1,0,0,0,0,0,0,0,0,0,0,0,0,2,1,1,1,1,0,0,0,0,1,1,0,2019
219000,Raub berf lle in Wohnungen,5711000,Bielefeld,vers.,3,2,1,0,0,0,0,0,0,0,0,0,0,0,0,0,0,0,3,2,1,0,0,0,3,2,1,2019
219000,Raub berf lle in Wohnungen,5711000,Bielefeld,insg.,6,4,2,0,0,0,0,0,0,0,0,0,0,0,0,2,1,1,4,3,1,0,0,0,4,3,1,2019
219000,Raub berf lle in Wohnungen,5911000,Bochum,voll.,17,10,7,0,0,0,0,0,0,0,0,0,0,0,0,2,0,2,11,9,2,4,1,3,15,10,5,2019
219000,Raub berf lle in Wohnungen,5911000,Bochum,vers.,4,2,2,0,0,0,0,0,0,0,0,0,0,0,0,0,0,0,3,2,1,1,0,1,4,2,2,2019
219000,Raub berf lle in Wohnungen,5911000,Bochum,insg.,21,12,9,0,0,0,0,0,0,0,0,0,0,0,0,2,0,2,14,11,3,5,1,4,19,12,7,2019
219000,Raub berf lle in Wohnungen,5314000,Bonn,voll.,16,10,6,0,0,0,0,0,0,0,0,0,0,0,0,1,0,1,13,9,4,2,1,1,15,10,5,2019
219000,Raub berf lle in Wohnungen,5314000,Bonn,vers.,1,1,0,0,0,0,0,0,0,0,0,0,0,0,0,0,0,0,1,1,0,0,0,0,1,1,0,2019
219000,Raub berf lle in Wohnungen,5314000,Bonn,insg.,17,11,6,0,0,0,0,0,0,0,0,0,0,0,0,1,0,1,14,10,4,2,1,1,16,11,5,2019
219000,Raub berf lle in Wohnungen,5512000,Bottrop,voll.,1,0,1,0,0,0,0,0,0,0,0,0,0,0,0,0,0,0,1,0,1,0,0,0,1,0,1,2019
219000,Raub berf lle in Wohnungen,5512000,Bottrop,vers.,0,0,0,0,0,0,0,0,0,0,0,0,0,0,0,0,0,0,0,0,0,0,0,0,0,0,0,2019
219000,Raub berf lle in Wohnungen,5512000,Bottrop,insg.,1,0,1,0,0,0,0,0,0,0,0,0,0,0,0,0,0,0,1,0,1,0,0,0,1,0,1,2019
219000,Raub berf lle in Wohnungen,3101000,Braunschweig,voll.,10,4,6,0,0,0,0,0,0,0,0,0,0,0,0,1,1,0,4,1,3,5,2,3,9,3,6,2019
219000,Raub berf lle in Wohnungen,3101000,Braunschweig,vers.,3,2,1,0,0,0,0,0,0,0,0,0,0,0,0,0,0,0,2,1,1,1,1,0,3,2,1,2019
219000,Raub berf lle in Wohnungen,3101000,Braunschweig,insg.,13,6,7,0,0,0,0,0,0,0,0,0,0,0,0,1,1,0,6,2,4,6,3,3,12,5,7,2019
219000,Raub berf lle in Wohnungen,4011000,Bremen,voll.,23,17,6,0,0,0,0,0,0,0,0,0,2,2,0,2,2,0,12,9,3,7,4,3,19,13,6,2019
219000,Raub berf lle in Wohnungen,4011000,Bremen,vers.,1,0,1,0,0,0,0,0,0,0,0,0,0,0,0,1,0,1,0,0,0,0,0,0,0,0,0,2019
219000,Raub berf lle in Wohnungen,4011000,Bremen,insg.,24,17,7,0,0,0,0,0,0,0,0,0,2,2,0,3,2,1,12,9,3,7,4,3,19,13,6,2019
219000,Raub berf lle in Wohnungen,4012000,Bremerhaven,voll.,13,10,3,0,0,0,0,0,0,0,0,0,0,0,0,2,2,0,5,3,2,6,5,1,11,8,3,2019
219000,Raub berf lle in Wohnungen,4012000,Bremerhaven,vers.,1,1,0,0,0,0,0,0,0,0,0,0,0,0,0,0,0,0,1,1,0,0,0,0,1,1,0,2019
219000,Raub berf lle in Wohnungen,4012000,Bremerhaven,insg.,14,11,3,0,0,0,0,0,0,0,0,0,0,0,0,2,2,0,6,4,2,6,5,1,12,9,3,2019
219000,Raub berf lle in Wohnungen,14511000,Chemnitz,voll.,17,9,8,2,1,1,0,0,0,2,1,1,1,1,0,1,1,0,10,6,4,3,0,3,13,6,7,2019
219000,Raub berf lle in Wohnungen,14511000,Chemnitz,vers.,0,0,0,0,0,0,0,0,0,0,0,0,0,0,0,0,0,0,0,0,0,0,0,0,0,0,0,2019
219000,Raub berf lle in Wohnungen,14511000,Chemnitz,insg.,17,9,8,2,1,1,0,0,0,2,1,1,1,1,0,1,1,0,10,6,4,3,0,3,13,6,7,2019
219000,Raub berf lle in Wohnungen,12052000,Cottbus,voll.,4,3,1,0,0,0,0,0,0,0,0,0,0,0,0,0,0,0,3,3,0,1,0,1,4,3,1,2019
219000,Raub berf lle in Wohnungen,12052000,Cottbus,vers.,1,1,0,0,0,0,0,0,0,0,0,0,0,0,0,0,0,0,1,1,0,0,0,0,1,1,0,2019
219000,Raub berf lle in Wohnungen,12052000,Cottbus,insg.,5,4,1,0,0,0,0,0,0,0,0,0,0,0,0,0,0,0,4,4,0,1,0,1,5,4,1,2019
219000,Raub berf lle in Wohnungen,6411000,Darmstadt,voll.,4,3,1,0,0,0,0,0,0,0,0,0,1,1,0,0,0,0,0,0,0,3,2,1,3,2,1,2019
219000,Raub berf lle in Wohnungen,6411000,Darmstadt,vers.,0,0,0,0,0,0,0,0,0,0,0,0,0,0,0,0,0,0,0,0,0,0,0,0,0,0,0,2019
219000,Raub berf lle in Wohnungen,6411000,Darmstadt,insg.,4,3,1,0,0,0,0,0,0,0,0,0,1,1,0,0,0,0,0,0,0,3,2,1,3,2,1,2019
219000,Raub berf lle in Wohnungen,5913000,Dortmund,voll.,34,12,22,0,0,0,0,0,0,0,0,0,0,0,0,3,0,3,20,11,9,11,1,10,31,12,19,2019
219000,Raub berf lle in Wohnungen,5913000,Dortmund,vers.,7,4,3,0,0,0,0,0,0,0,0,0,0,0,0,2,2,0,3,2,1,2,0,2,5,2,3,2019
219000,Raub berf lle in Wohnungen,5913000,Dortmund,insg.,41,16,25,0,0,0,0,0,0,0,0,0,0,0,0,5,2,3,23,13,10,13,1,12,36,14,22,2019
219000,Raub berf lle in Wohnungen,14612000,Dresden,voll.,30,23,7,0,0,0,0,0,0,0,0,0,1,1,0,4,3,1,23,17,6,2,2,0,25,19,6,2019
219000,Raub berf lle in Wohnungen,14612000,Dresden,vers.,7,3,4,0,0,0,0,0,0,0,0,0,0,0,0,0,0,0,7,3,4,0,0,0,7,3,4,2019
219000,Raub berf lle in Wohnungen,14612000,Dresden,insg.,37,26,11,0,0,0,0,0,0,0,0,0,1,1,0,4,3,1,30,20,10,2,2,0,32,22,10,2019
219000,Raub berf lle in Wohnungen,5112000,Duisburg,voll.,18,7,11,0,0,0,0,0,0,0,0,0,0,0,0,0,0,0,11,5,6,7,2,5,18,7,11,2019
219000,Raub berf lle in Wohnungen,5112000,Duisburg,vers.,3,1,2,0,0,0,0,0,0,0,0,0,0,0,0,0,0,0,1,0,1,2,1,1,3,1,2,2019
219000,Raub berf lle in Wohnungen,5112000,Duisburg,insg.,21,8,13,0,0,0,0,0,0,0,0,0,0,0,0,0,0,0,12,5,7,9,3,6,21,8,13,2019
219000,Raub berf lle in Wohnungen,5111000,D sseldorf,voll.,12,5,7,0,0,0,0,0,0,0,0,0,0,0,0,0,0,0,8,4,4,4,1,3,12,5,7,2019
219000,Raub berf lle in Wohnungen,5111000,D sseldorf,vers.,2,1,1,0,0,0,0,0,0,0,0,0,0,0,0,0,0,0,2,1,1,0,0,0,2,1,1,2019
219000,Raub berf lle in Wohnungen,5111000,D sseldorf,insg.,14,6,8,0,0,0,0,0,0,0,0,0,0,0,0,0,0,0,10,5,5,4,1,3,14,6,8,2019
219000,Raub berf lle in Wohnungen,16051000,Erfurt,voll.,4,4,0,0,0,0,0,0,0,0,0,0,0,0,0,0,0,0,3,3,0,1,1,0,4,4,0,2019
219000,Raub berf lle in Wohnungen,16051000,Erfurt,vers.,2,2,0,0,0,0,0,0,0,0,0,0,0,0,0,1,1,0,1,1,0,0,0,0,1,1,0,2019
219000,Raub berf lle in Wohnungen,16051000,Erfurt,insg.,6,6,0,0,0,0,0,0,0,0,0,0,0,0,0,1,1,0,4,4,0,1,1,0,5,5,0,2019
219000,Raub berf lle in Wohnungen,9562000,Erlangen,voll.,1,0,1,0,0,0,0,0,0,0,0,0,0,0,0,0,0,0,0,0,0,1,0,1,1,0,1,2019
219000,Raub berf lle in Wohnungen,9562000,Erlangen,vers.,0,0,0,0,0,0,0,0,0,0,0,0,0,0,0,0,0,0,0,0,0,0,0,0,0,0,0,2019
219000,Raub berf lle in Wohnungen,9562000,Erlangen,insg.,1,0,1,0,0,0,0,0,0,0,0,0,0,0,0,0,0,0,0,0,0,1,0,1,1,0,1,2019
219000,Raub berf lle in Wohnungen,5113000,Essen,voll.,26,14,12,0,0,0,1,1,0,1,1,0,1,1,0,3,1,2,12,6,6,9,5,4,21,11,10,2019
219000,Raub berf lle in Wohnungen,5113000,Essen,vers.,3,1,2,0,0,0,0,0,0,0,0,0,0,0,0,0,0,0,1,1,0,2,0,2,3,1,2,2019
219000,Raub berf lle in Wohnungen,5113000,Essen,insg.,29,15,14,0,0,0,1,1,0,1,1,0,1,1,0,3,1,2,13,7,6,11,5,6,24,12,12,2019
219000,Raub berf lle in Wohnungen,6412000,Frankfurt am Main,voll.,27,13,14,0,0,0,0,0,0,0,0,0,0,0,0,2,1,1,19,11,8,6,1,5,25,12,13,2019
219000,Raub berf lle in Wohnungen,6412000,Frankfurt am Main,vers.,6,4,2,0,0,0,0,0,0,0,0,0,0,0,0,0,0,0,6,4,2,0,0,0,6,4,2,2019
219000,Raub berf lle in Wohnungen,6412000,Frankfurt am Main,insg.,33,17,16,0,0,0,0,0,0,0,0,0,0,0,0,2,1,1,25,15,10,6,1,5,31,16,15,2019
219000,Raub berf lle in Wohnungen,8311000,Freiburg im Breisgau,voll.,7,6,1,0,0,0,0,0,0,0,0,0,0,0,0,4,3,1,3,3,0,0,0,0,3,3,0,2019
219000,Raub berf lle in Wohnungen,8311000,Freiburg im Breisgau,vers.,1,0,1,0,0,0,0,0,0,0,0,0,0,0,0,0,0,0,0,0,0,1,0,1,1,0,1,2019
219000,Raub berf lle in Wohnungen,8311000,Freiburg im Breisgau,insg.,8,6,2,0,0,0,0,0,0,0,0,0,0,0,0,4,3,1,3,3,0,1,0,1,4,3,1,2019
219000,Raub berf lle in Wohnungen,9563000,F rth,voll.,3,0,3,0,0,0,1,0,1,1,0,1,0,0,0,0,0,0,2,0,2,0,0,0,2,0,2,2019
219000,Raub berf lle in Wohnungen,9563000,F rth,vers.,1,1,0,0,0,0,0,0,0,0,0,0,0,0,0,0,0,0,1,1,0,0,0,0,1,1,0,2019
219000,Raub berf lle in Wohnungen,9563000,F rth,insg.,4,1,3,0,0,0,1,0,1,1,0,1,0,0,0,0,0,0,3,1,2,0,0,0,3,1,2,2019
219000,Raub berf lle in Wohnungen,5513000,Gelsenkirchen,voll.,13,7,6,0,0,0,0,0,0,0,0,0,0,0,0,0,0,0,8,3,5,5,4,1,13,7,6,2019
219000,Raub berf lle in Wohnungen,5513000,Gelsenkirchen,vers.,2,2,0,0,0,0,0,0,0,0,0,0,0,0,0,1,1,0,1,1,0,0,0,0,1,1,0,2019
219000,Raub berf lle in Wohnungen,5513000,Gelsenkirchen,insg.,15,9,6,0,0,0,0,0,0,0,0,0,0,0,0,1,1,0,9,4,5,5,4,1,14,8,6,2019
219000,Raub berf lle in Wohnungen,3159016,G ttingen,voll.,8,6,2,0,0,0,0,0,0,0,0,0,0,0,0,0,0,0,7,5,2,1,1,0,8,6,2,2019
219000,Raub berf lle in Wohnungen,3159016,G ttingen,vers.,4,3,1,0,0,0,1,1,0,1,1,0,1,1,0,0,0,0,2,1,1,0,0,0,2,1,1,2019
219000,Raub berf lle in Wohnungen,3159016,G ttingen,insg.,12,9,3,0,0,0,1,1,0,1,1,0,1,1,0,0,0,0,9,6,3,1,1,0,10,7,3,2019
219000,Raub berf lle in Wohnungen,5754008,G tersloh,voll.,3,2,1,0,0,0,0,0,0,0,0,0,0,0,0,0,0,0,2,2,0,1,0,1,3,2,1,2019
219000,Raub berf lle in Wohnungen,5754008,G tersloh,vers.,0,0,0,0,0,0,0,0,0,0,0,0,0,0,0,0,0,0,0,0,0,0,0,0,0,0,0,2019
219000,Raub berf lle in Wohnungen,5754008,G tersloh,insg.,3,2,1,0,0,0,0,0,0,0,0,0,0,0,0,0,0,0,2,2,0,1,0,1,3,2,1,2019
219000,Raub berf lle in Wohnungen,5914000,Hagen,voll.,6,2,4,0,0,0,0,0,0,0,0,0,0,0,0,0,0,0,5,2,3,1,0,1,6,2,4,2019
219000,Raub berf lle in Wohnungen,5914000,Hagen,vers.,1,1,0,0,0,0,0,0,0,0,0,0,0,0,0,0,0,0,1,1,0,0,0,0,1,1,0,2019
219000,Raub berf lle in Wohnungen,5914000,Hagen,insg.,7,3,4,0,0,0,0,0,0,0,0,0,0,0,0,0,0,0,6,3,3,1,0,1,7,3,4,2019
219000,Raub berf lle in Wohnungen,15002000,Halle (Saale),voll.,15,10,5,0,0,0,0,0,0,0,0,0,3,3,0,1,1,0,9,5,4,2,1,1,11,6,5,2019
219000,Raub berf lle in Wohnungen,15002000,Halle (Saale),vers.,3,1,2,0,0,0,0,0,0,0,0,0,1,0,1,0,0,0,2,1,1,0,0,0,2,1,1,2019
219000,Raub berf lle in Wohnungen,15002000,Halle (Saale),insg.,18,11,7,0,0,0,0,0,0,0,0,0,4,3,1,1,1,0,11,6,5,2,1,1,13,7,6,2019
219000,Raub berf lle in Wohnungen,2000000,Hamburg,voll.,55,30,25,0,0,0,1,1,0,1,1,0,3,3,0,6,4,2,31,14,17,14,8,6,45,22,23,2019
219000,Raub berf lle in Wohnungen,2000000,Hamburg,vers.,16,11,5,0,0,0,0,0,0,0,0,0,0,0,0,0,0,0,11,7,4,5,4,1,16,11,5,2019
219000,Raub berf lle in Wohnungen,2000000,Hamburg,insg.,71,41,30,0,0,0,1,1,0,1,1,0,3,3,0,6,4,2,42,21,21,19,12,7,61,33,28,2019
219000,Raub berf lle in Wohnungen,5915000,Hamm,voll.,7,4,3,0,0,0,0,0,0,0,0,0,0,0,0,1,1,0,5,2,3,1,1,0,6,3,3,2019
219000,Raub berf lle in Wohnungen,5915000,Hamm,vers.,1,1,0,0,0,0,0,0,0,0,0,0,0,0,0,0,0,0,1,1,0,0,0,0,1,1,0,2019
219000,Raub berf lle in Wohnungen,5915000,Hamm,insg.,8,5,3,0,0,0,0,0,0,0,0,0,0,0,0,1,1,0,6,3,3,1,1,0,7,4,3,2019
219000,Raub berf lle in Wohnungen,3241001,Hannover,voll.,21,8,13,0,0,0,0,0,0,0,0,0,1,0,1,1,0,1,13,7,6,6,1,5,19,8,11,2019
219000,Raub berf lle in Wohnungen,3241001,Hannover,vers.,8,4,4,0,0,0,0,0,0,0,0,0,0,0,0,0,0,0,3,2,1,5,2,3,8,4,4,2019
219000,Raub berf lle in Wohnungen,3241001,Hannover,insg.,29,12,17,0,0,0,0,0,0,0,0,0,1,0,1,1,0,1,16,9,7,11,3,8,27,12,15,2019
219000,Raub berf lle in Wohnungen,8221000,Heidelberg,voll.,2,1,1,0,0,0,0,0,0,0,0,0,0,0,0,0,0,0,0,0,0,2,1,1,2,1,1,2019
219000,Raub berf lle in Wohnungen,8221000,Heidelberg,vers.,0,0,0,0,0,0,0,0,0,0,0,0,0,0,0,0,0,0,0,0,0,0,0,0,0,0,0,2019
219000,Raub berf lle in Wohnungen,8221000,Heidelberg,insg.,2,1,1,0,0,0,0,0,0,0,0,0,0,0,0,0,0,0,0,0,0,2,1,1,2,1,1,2019
219000,Raub berf lle in Wohnungen,8121000,Heilbronn,voll.,2,1,1,0,0,0,1,0,1,1,0,1,0,0,0,0,0,0,1,1,0,0,0,0,1,1,0,2019
219000,Raub berf lle in Wohnungen,8121000,Heilbronn,vers.,0,0,0,0,0,0,0,0,0,0,0,0,0,0,0,0,0,0,0,0,0,0,0,0,0,0,0,2019
219000,Raub berf lle in Wohnungen,8121000,Heilbronn,insg.,2,1,1,0,0,0,1,0,1,1,0,1,0,0,0,0,0,0,1,1,0,0,0,0,1,1,0,2019
219000,Raub berf lle in Wohnungen,5916000,Herne,voll.,3,1,2,0,0,0,0,0,0,0,0,0,0,0,0,0,0,0,2,1,1,1,0,1,3,1,2,2019
219000,Raub berf lle in Wohnungen,5916000,Herne,vers.,0,0,0,0,0,0,0,0,0,0,0,0,0,0,0,0,0,0,0,0,0,0,0,0,0,0,0,2019
219000,Raub berf lle in Wohnungen,5916000,Herne,insg.,3,1,2,0,0,0,0,0,0,0,0,0,0,0,0,0,0,0,2,1,1,1,0,1,3,1,2,2019
219000,Raub berf lle in Wohnungen,3254021,Hildesheim,voll.,9,6,3,0,0,0,0,0,0,0,0,0,0,0,0,0,0,0,6,5,1,3,1,2,9,6,3,2019
219000,Raub berf lle in Wohnungen,3254021,Hildesheim,vers.,5,3,2,0,0,0,0,0,0,0,0,0,0,0,0,2,2,0,1,0,1,2,1,1,3,1,2,2019
219000,Raub berf lle in Wohnungen,3254021,Hildesheim,insg.,14,9,5,0,0,0,0,0,0,0,0,0,0,0,0,2,2,0,7,5,2,5,2,3,12,7,5,2019
219000,Raub berf lle in Wohnungen,9161000,Ingolstadt,voll.,5,2,3,0,0,0,0,0,0,0,0,0,1,0,1,0,0,0,1,0,1,3,2,1,4,2,2,2019
219000,Raub berf lle in Wohnungen,9161000,Ingolstadt,vers.,0,0,0,0,0,0,0,0,0,0,0,0,0,0,0,0,0,0,0,0,0,0,0,0,0,0,0,2019
219000,Raub berf lle in Wohnungen,9161000,Ingolstadt,insg.,5,2,3,0,0,0,0,0,0,0,0,0,1,0,1,0,0,0,1,0,1,3,2,1,4,2,2,2019
219000,Raub berf lle in Wohnungen,16053000,Jena,voll.,4,4,0,0,0,0,0,0,0,0,0,0,1,1,0,0,0,0,2,2,0,1,1,0,3,3,0,2019
219000,Raub berf lle in Wohnungen,16053000,Jena,vers.,0,0,0,0,0,0,0,0,0,0,0,0,0,0,0,0,0,0,0,0,0,0,0,0,0,0,0,2019
219000,Raub berf lle in Wohnungen,16053000,Jena,insg.,4,4,0,0,0,0,0,0,0,0,0,0,1,1,0,0,0,0,2,2,0,1,1,0,3,3,0,2019
219000,Raub berf lle in Wohnungen,8212000,Karlsruhe,voll.,10,5,5,0,0,0,0,0,0,0,0,0,0,0,0,1,1,0,4,4,0,5,0,5,9,4,5,2019
219000,Raub berf lle in Wohnungen,8212000,Karlsruhe,vers.,2,1,1,0,0,0,0,0,0,0,0,0,0,0,0,0,0,0,1,0,1,1,1,0,2,1,1,2019
219000,Raub berf lle in Wohnungen,8212000,Karlsruhe,insg.,12,6,6,0,0,0,0,0,0,0,0,0,0,0,0,1,1,0,5,4,1,6,1,5,11,5,6,2019
219000,Raub berf lle in Wohnungen,6611000,Kassel,voll.,16,9,7,0,0,0,0,0,0,0,0,0,1,0,1,1,1,0,7,4,3,7,4,3,14,8,6,2019
219000,Raub berf lle in Wohnungen,6611000,Kassel,vers.,1,1,0,0,0,0,0,0,0,0,0,0,0,0,0,0,0,0,1,1,0,0,0,0,1,1,0,2019
219000,Raub berf lle in Wohnungen,6611000,Kassel,insg.,17,10,7,0,0,0,0,0,0,0,0,0,1,0,1,1,1,0,8,5,3,7,4,3,15,9,6,2019
219000,Raub berf lle in Wohnungen,1002000,Kiel,voll.,15,8,7,0,0,0,0,0,0,0,0,0,2,2,0,2,1,1,8,4,4,3,1,2,11,5,6,2019
219000,Raub berf lle in Wohnungen,1002000,Kiel,vers.,7,6,1,0,0,0,0,0,0,0,0,0,0,0,0,1,1,0,5,4,1,1,1,0,6,5,1,2019
219000,Raub berf lle in Wohnungen,1002000,Kiel,insg.,22,14,8,0,0,0,0,0,0,0,0,0,2,2,0,3,2,1,13,8,5,4,2,2,17,10,7,2019
219000,Raub berf lle in Wohnungen,7111000,Koblenz,voll.,1,1,0,0,0,0,0,0,0,0,0,0,0,0,0,0,0,0,1,1,0,0,0,0,1,1,0,2019
219000,Raub berf lle in Wohnungen,7111000,Koblenz,vers.,2,1,1,0,0,0,0,0,0,0,0,0,0,0,0,0,0,0,2,1,1,0,0,0,2,1,1,2019
219000,Raub berf lle in Wohnungen,7111000,Koblenz,insg.,3,2,1,0,0,0,0,0,0,0,0,0,0,0,0,0,0,0,3,2,1,0,0,0,3,2,1,2019
219000,Raub berf lle in Wohnungen,5315000,K ln,voll.,57,25,32,0,0,0,2,1,1,2,1,1,0,0,0,6,2,4,43,19,24,6,3,3,49,22,27,2019
219000,Raub berf lle in Wohnungen,5315000,K ln,vers.,12,5,7,0,0,0,0,0,0,0,0,0,0,0,0,0,0,0,9,4,5,3,1,2,12,5,7,2019
219000,Raub berf lle in Wohnungen,5315000,K ln,insg.,69,30,39,0,0,0,2,1,1,2,1,1,0,0,0,6,2,4,52,23,29,9,4,5,61,27,34,2019
219000,Raub berf lle in Wohnungen,5114000,Krefeld,voll.,6,1,5,0,0,0,0,0,0,0,0,0,0,0,0,0,0,0,4,1,3,2,0,2,6,1,5,2019
219000,Raub berf lle in Wohnungen,5114000,Krefeld,vers.,2,1,1,0,0,0,0,0,0,0,0,0,0,0,0,0,0,0,2,1,1,0,0,0,2,1,1,2019
219000,Raub berf lle in Wohnungen,5114000,Krefeld,insg.,8,2,6,0,0,0,0,0,0,0,0,0,0,0,0,0,0,0,6,2,4,2,0,2,8,2,6,2019
219000,Raub berf lle in Wohnungen,14713000,Leipzig,voll.,34,21,13,0,0,0,1,0,1,1,0,1,0,0,0,6,3,3,26,17,9,1,1,0,27,18,9,2019
219000,Raub berf lle in Wohnungen,14713000,Leipzig,vers.,1,0,1,0,0,0,0,0,0,0,0,0,0,0,0,0,0,0,1,0,1,0,0,0,1,0,1,2019
219000,Raub berf lle in Wohnungen,14713000,Leipzig,insg.,35,21,14,0,0,0,1,0,1,1,0,1,0,0,0,6,3,3,27,17,10,1,1,0,28,18,10,2019
219000,Raub berf lle in Wohnungen,5316000,Leverkusen,voll.,13,9,4,0,0,0,0,0,0,0,0,0,1,0,1,0,0,0,9,7,2,3,2,1,12,9,3,2019
219000,Raub berf lle in Wohnungen,5316000,Leverkusen,vers.,0,0,0,0,0,0,0,0,0,0,0,0,0,0,0,0,0,0,0,0,0,0,0,0,0,0,0,2019
219000,Raub berf lle in Wohnungen,5316000,Leverkusen,insg.,13,9,4,0,0,0,0,0,0,0,0,0,1,0,1,0,0,0,9,7,2,3,2,1,12,9,3,2019
219000,Raub berf lle in Wohnungen,1003000,L beck,voll.,9,7,2,0,0,0,0,0,0,0,0,0,1,1,0,1,1,0,6,4,2,1,1,0,7,5,2,2019
219000,Raub berf lle in Wohnungen,1003000,L beck,vers.,1,1,0,0,0,0,0,0,0,0,0,0,0,0,0,0,0,0,1,1,0,0,0,0,1,1,0,2019
219000,Raub berf lle in Wohnungen,1003000,L beck,insg.,10,8,2,0,0,0,0,0,0,0,0,0,1,1,0,1,1,0,7,5,2,1,1,0,8,6,2,2019
219000,Raub berf lle in Wohnungen,7314000,Ludwigshafen am Rhein,voll.,10,6,4,0,0,0,0,0,0,0,0,0,2,2,0,0,0,0,5,2,3,3,2,1,8,4,4,2019
219000,Raub berf lle in Wohnungen,7314000,Ludwigshafen am Rhein,vers.,1,1,0,0,0,0,0,0,0,0,0,0,0,0,0,0,0,0,1,1,0,0,0,0,1,1,0,2019
219000,Raub berf lle in Wohnungen,7314000,Ludwigshafen am Rhein,insg.,11,7,4,0,0,0,0,0,0,0,0,0,2,2,0,0,0,0,6,3,3,3,2,1,9,5,4,2019
219000,Raub berf lle in Wohnungen,15003000,Magdeburg,voll.,14,10,4,0,0,0,0,0,0,0,0,0,0,0,0,3,2,1,11,8,3,0,0,0,11,8,3,2019
219000,Raub berf lle in Wohnungen,15003000,Magdeburg,vers.,3,3,0,0,0,0,0,0,0,0,0,0,0,0,0,1,1,0,2,2,0,0,0,0,2,2,0,2019
219000,Raub berf lle in Wohnungen,15003000,Magdeburg,insg.,17,13,4,0,0,0,0,0,0,0,0,0,0,0,0,4,3,1,13,10,3,0,0,0,13,10,3,2019
219000,Raub berf lle in Wohnungen,7315000,Mainz,voll.,6,4,2,0,0,0,0,0,0,0,0,0,2,2,0,0,0,0,4,2,2,0,0,0,4,2,2,2019
219000,Raub berf lle in Wohnungen,7315000,Mainz,vers.,1,0,1,0,0,0,0,0,0,0,0,0,0,0,0,0,0,0,1,0,1,0,0,0,1,0,1,2019
219000,Raub berf lle in Wohnungen,7315000,Mainz,insg.,7,4,3,0,0,0,0,0,0,0,0,0,2,2,0,0,0,0,5,2,3,0,0,0,5,2,3,2019
219000,Raub berf lle in Wohnungen,8222000,Mannheim,voll.,3,2,1,0,0,0,0,0,0,0,0,0,0,0,0,0,0,0,1,1,0,2,1,1,3,2,1,2019
219000,Raub berf lle in Wohnungen,8222000,Mannheim,vers.,2,2,0,0,0,0,0,0,0,0,0,0,0,0,0,0,0,0,2,2,0,0,0,0,2,2,0,2019
219000,Raub berf lle in Wohnungen,8222000,Mannheim,insg.,5,4,1,0,0,0,0,0,0,0,0,0,0,0,0,0,0,0,3,3,0,2,1,1,5,4,1,2019
219000,Raub berf lle in Wohnungen,5170024,Moers,voll.,4,2,2,0,0,0,0,0,0,0,0,0,1,0,1,2,1,1,1,1,0,0,0,0,1,1,0,2019
219000,Raub berf lle in Wohnungen,5170024,Moers,vers.,0,0,0,0,0,0,0,0,0,0,0,0,0,0,0,0,0,0,0,0,0,0,0,0,0,0,0,2019
219000,Raub berf lle in Wohnungen,5170024,Moers,insg.,4,2,2,0,0,0,0,0,0,0,0,0,1,0,1,2,1,1,1,1,0,0,0,0,1,1,0,2019
219000,Raub berf lle in Wohnungen,5116000,M nchengladbach,voll.,17,12,5,0,0,0,0,0,0,0,0,0,0,0,0,1,1,0,12,10,2,4,1,3,16,11,5,2019
219000,Raub berf lle in Wohnungen,5116000,M nchengladbach,vers.,2,2,0,0,0,0,0,0,0,0,0,0,0,0,0,0,0,0,0,0,0,2,2,0,2,2,0,2019
219000,Raub berf lle in Wohnungen,5116000,M nchengladbach,insg.,19,14,5,0,0,0,0,0,0,0,0,0,0,0,0,1,1,0,12,10,2,6,3,3,18,13,5,2019
219000,Raub berf lle in Wohnungen,5117000,M lheim an der Ruhr,voll.,8,2,6,0,0,0,0,0,0,0,0,0,0,0,0,1,1,0,5,0,5,2,1,1,7,1,6,2019
219000,Raub berf lle in Wohnungen,5117000,M lheim an der Ruhr,vers.,0,0,0,0,0,0,0,0,0,0,0,0,0,0,0,0,0,0,0,0,0,0,0,0,0,0,0,2019
219000,Raub berf lle in Wohnungen,5117000,M lheim an der Ruhr,insg.,8,2,6,0,0,0,0,0,0,0,0,0,0,0,0,1,1,0,5,0,5,2,1,1,7,1,6,2019
219000,Raub berf lle in Wohnungen,9162000,M nchen,voll.,8,7,1,0,0,0,0,0,0,0,0,0,0,0,0,0,0,0,7,6,1,1,1,0,8,7,1,2019
219000,Raub berf lle in Wohnungen,9162000,M nchen,vers.,11,7,4,0,0,0,0,0,0,0,0,0,1,1,0,0,0,0,10,6,4,0,0,0,10,6,4,2019
219000,Raub berf lle in Wohnungen,9162000,M nchen,insg.,19,14,5,0,0,0,0,0,0,0,0,0,1,1,0,0,0,0,17,12,5,1,1,0,18,13,5,2019
219000,Raub berf lle in Wohnungen,5515000,M nster,voll.,10,8,2,0,0,0,0,0,0,0,0,0,1,1,0,1,1,0,8,6,2,0,0,0,8,6,2,2019
219000,Raub berf lle in Wohnungen,5515000,M nster,vers.,1,1,0,0,0,0,0,0,0,0,0,0,0,0,0,1,1,0,0,0,0,0,0,0,0,0,0,2019
219000,Raub berf lle in Wohnungen,5515000,M nster,insg.,11,9,2,0,0,0,0,0,0,0,0,0,1,1,0,2,2,0,8,6,2,0,0,0,8,6,2,2019
219000,Raub berf lle in Wohnungen,5162024,Neuss,voll.,5,4,1,0,0,0,0,0,0,0,0,0,0,0,0,0,0,0,5,4,1,0,0,0,5,4,1,2019
219000,Raub berf lle in Wohnungen,5162024,Neuss,vers.,0,0,0,0,0,0,0,0,0,0,0,0,0,0,0,0,0,0,0,0,0,0,0,0,0,0,0,2019
219000,Raub berf lle in Wohnungen,5162024,Neuss,insg.,5,4,1,0,0,0,0,0,0,0,0,0,0,0,0,0,0,0,5,4,1,0,0,0,5,4,1,2019
219000,Raub berf lle in Wohnungen,9564000,N rnberg,voll.,16,9,7,0,0,0,0,0,0,0,0,0,0,0,0,0,0,0,13,8,5,3,1,2,16,9,7,2019
219000,Raub berf lle in Wohnungen,9564000,N rnberg,vers.,6,2,4,1,0,1,0,0,0,1,0,1,1,1,0,0,0,0,3,1,2,1,0,1,4,1,3,2019
219000,Raub berf lle in Wohnungen,9564000,N rnberg,insg.,22,11,11,1,0,1,0,0,0,1,0,1,1,1,0,0,0,0,16,9,7,4,1,3,20,10,10,2019
219000,Raub berf lle in Wohnungen,5119000,Oberhausen,voll.,8,4,4,0,0,0,0,0,0,0,0,0,0,0,0,1,0,1,5,4,1,2,0,2,7,4,3,2019
219000,Raub berf lle in Wohnungen,5119000,Oberhausen,vers.,0,0,0,0,0,0,0,0,0,0,0,0,0,0,0,0,0,0,0,0,0,0,0,0,0,0,0,2019
219000,Raub berf lle in Wohnungen,5119000,Oberhausen,insg.,8,4,4,0,0,0,0,0,0,0,0,0,0,0,0,1,0,1,5,4,1,2,0,2,7,4,3,2019
219000,Raub berf lle in Wohnungen,6413000,Offenbach am Main,voll.,7,2,5,0,0,0,0,0,0,0,0,0,0,0,0,0,0,0,7,2,5,0,0,0,7,2,5,2019
219000,Raub berf lle in Wohnungen,6413000,Offenbach am Main,vers.,3,1,2,0,0,0,0,0,0,0,0,0,1,1,0,0,0,0,2,0,2,0,0,0,2,0,2,2019
219000,Raub berf lle in Wohnungen,6413000,Offenbach am Main,insg.,10,3,7,0,0,0,0,0,0,0,0,0,1,1,0,0,0,0,9,2,7,0,0,0,9,2,7,2019
219000,Raub berf lle in Wohnungen,3403000,Oldenburg (Oldenburg),voll.,3,2,1,0,0,0,0,0,0,0,0,0,0,0,0,1,1,0,1,0,1,1,1,0,2,1,1,2019
219000,Raub berf lle in Wohnungen,3403000,Oldenburg (Oldenburg),vers.,1,1,0,0,0,0,0,0,0,0,0,0,0,0,0,0,0,0,0,0,0,1,1,0,1,1,0,2019
219000,Raub berf lle in Wohnungen,3403000,Oldenburg (Oldenburg),insg.,4,3,1,0,0,0,0,0,0,0,0,0,0,0,0,1,1,0,1,0,1,2,2,0,3,2,1,2019
219000,Raub berf lle in Wohnungen,3404000,Osnabr ck,voll.,2,2,0,0,0,0,0,0,0,0,0,0,0,0,0,1,1,0,1,1,0,0,0,0,1,1,0,2019
219000,Raub berf lle in Wohnungen,3404000,Osnabr ck,vers.,2,1,1,0,0,0,0,0,0,0,0,0,0,0,0,0,0,0,1,0,1,1,1,0,2,1,1,2019
219000,Raub berf lle in Wohnungen,3404000,Osnabr ck,insg.,4,3,1,0,0,0,0,0,0,0,0,0,0,0,0,1,1,0,2,1,1,1,1,0,3,2,1,2019
219000,Raub berf lle in Wohnungen,5774032,Paderborn,voll.,2,2,0,0,0,0,0,0,0,0,0,0,0,0,0,1,1,0,0,0,0,1,1,0,1,1,0,2019
219000,Raub berf lle in Wohnungen,5774032,Paderborn,vers.,0,0,0,0,0,0,0,0,0,0,0,0,0,0,0,0,0,0,0,0,0,0,0,0,0,0,0,2019
219000,Raub berf lle in Wohnungen,5774032,Paderborn,insg.,2,2,0,0,0,0,0,0,0,0,0,0,0,0,0,1,1,0,0,0,0,1,1,0,1,1,0,2019
219000,Raub berf lle in Wohnungen,8231000,Pforzheim,voll.,7,2,5,0,0,0,0,0,0,0,0,0,0,0,0,1,0,1,5,1,4,1,1,0,6,2,4,2019
219000,Raub berf lle in Wohnungen,8231000,Pforzheim,vers.,0,0,0,0,0,0,0,0,0,0,0,0,0,0,0,0,0,0,0,0,0,0,0,0,0,0,0,2019
219000,Raub berf lle in Wohnungen,8231000,Pforzheim,insg.,7,2,5,0,0,0,0,0,0,0,0,0,0,0,0,1,0,1,5,1,4,1,1,0,6,2,4,2019
219000,Raub berf lle in Wohnungen,12054000,Potsdam,voll.,11,8,3,0,0,0,0,0,0,0,0,0,0,0,0,1,1,0,9,6,3,1,1,0,10,7,3,2019
219000,Raub berf lle in Wohnungen,12054000,Potsdam,vers.,8,7,1,0,0,0,0,0,0,0,0,0,1,1,0,3,3,0,4,3,1,0,0,0,4,3,1,2019
219000,Raub berf lle in Wohnungen,12054000,Potsdam,insg.,19,15,4,0,0,0,0,0,0,0,0,0,1,1,0,4,4,0,13,9,4,1,1,0,14,10,4,2019
219000,Raub berf lle in Wohnungen,5562032,Recklinghausen,voll.,8,5,3,0,0,0,0,0,0,0,0,0,0,0,0,0,0,0,5,3,2,3,2,1,8,5,3,2019
219000,Raub berf lle in Wohnungen,5562032,Recklinghausen,vers.,1,0,1,0,0,0,0,0,0,0,0,0,0,0,0,0,0,0,1,0,1,0,0,0,1,0,1,2019
219000,Raub berf lle in Wohnungen,5562032,Recklinghausen,insg.,9,5,4,0,0,0,0,0,0,0,0,0,0,0,0,0,0,0,6,3,3,3,2,1,9,5,4,2019
219000,Raub berf lle in Wohnungen,9362000,Regensburg,voll.,4,3,1,0,0,0,0,0,0,0,0,0,0,0,0,1,0,1,3,3,0,0,0,0,3,3,0,2019
219000,Raub berf lle in Wohnungen,9362000,Regensburg,vers.,2,1,1,0,0,0,0,0,0,0,0,0,0,0,0,0,0,0,2,1,1,0,0,0,2,1,1,2019
219000,Raub berf lle in Wohnungen,9362000,Regensburg,insg.,6,4,2,0,0,0,0,0,0,0,0,0,0,0,0,1,0,1,5,4,1,0,0,0,5,4,1,2019
219000,Raub berf lle in Wohnungen,5120000,Remscheid,voll.,7,7,0,0,0,0,0,0,0,0,0,0,0,0,0,1,1,0,4,4,0,2,2,0,6,6,0,2019
219000,Raub berf lle in Wohnungen,5120000,Remscheid,vers.,1,1,0,0,0,0,0,0,0,0,0,0,0,0,0,0,0,0,1,1,0,0,0,0,1,1,0,2019
219000,Raub berf lle in Wohnungen,5120000,Remscheid,insg.,8,8,0,0,0,0,0,0,0,0,0,0,0,0,0,1,1,0,5,5,0,2,2,0,7,7,0,2019
219000,Raub berf lle in Wohnungen,8415061,Reutlingen,voll.,0,0,0,0,0,0,0,0,0,0,0,0,0,0,0,0,0,0,0,0,0,0,0,0,0,0,0,2019
219000,Raub berf lle in Wohnungen,8415061,Reutlingen,vers.,0,0,0,0,0,0,0,0,0,0,0,0,0,0,0,0,0,0,0,0,0,0,0,0,0,0,0,2019
219000,Raub berf lle in Wohnungen,8415061,Reutlingen,insg.,0,0,0,0,0,0,0,0,0,0,0,0,0,0,0,0,0,0,0,0,0,0,0,0,0,0,0,2019
219000,Raub berf lle in Wohnungen,13003000,Rostock,voll.,6,3,3,0,0,0,0,0,0,0,0,0,0,0,0,0,0,0,5,3,2,1,0,1,6,3,3,2019
219000,Raub berf lle in Wohnungen,13003000,Rostock,vers.,1,0,1,0,0,0,0,0,0,0,0,0,0,0,0,0,0,0,1,0,1,0,0,0,1,0,1,2019
219000,Raub berf lle in Wohnungen,13003000,Rostock,insg.,7,3,4,0,0,0,0,0,0,0,0,0,0,0,0,0,0,0,6,3,3,1,0,1,7,3,4,2019
219000,Raub berf lle in Wohnungen,10041100,Saarbr cken,voll.,11,9,2,0,0,0,0,0,0,0,0,0,1,0,1,1,1,0,9,8,1,0,0,0,9,8,1,2019
219000,Raub berf lle in Wohnungen,10041100,Saarbr cken,vers.,1,1,0,0,0,0,0,0,0,0,0,0,0,0,0,0,0,0,1,1,0,0,0,0,1,1,0,2019
219000,Raub berf lle in Wohnungen,10041100,Saarbr cken,insg.,12,10,2,0,0,0,0,0,0,0,0,0,1,0,1,1,1,0,10,9,1,0,0,0,10,9,1,2019
219000,Raub berf lle in Wohnungen,3102000,Salzgitter,voll.,3,2,1,0,0,0,0,0,0,0,0,0,0,0,0,1,0,1,1,1,0,1,1,0,2,2,0,2019
219000,Raub berf lle in Wohnungen,3102000,Salzgitter,vers.,3,1,2,0,0,0,0,0,0,0,0,0,0,0,0,0,0,0,1,0,1,2,1,1,3,1,2,2019
219000,Raub berf lle in Wohnungen,3102000,Salzgitter,insg.,6,3,3,0,0,0,0,0,0,0,0,0,0,0,0,1,0,1,2,1,1,3,2,1,5,3,2,2019
219000,Raub berf lle in Wohnungen,13004000,Schwerin,voll.,9,7,2,0,0,0,0,0,0,0,0,0,0,0,0,1,1,0,8,6,2,0,0,0,8,6,2,2019
219000,Raub berf lle in Wohnungen,13004000,Schwerin,vers.,0,0,0,0,0,0,0,0,0,0,0,0,0,0,0,0,0,0,0,0,0,0,0,0,0,0,0,2019
219000,Raub berf lle in Wohnungen,13004000,Schwerin,insg.,9,7,2,0,0,0,0,0,0,0,0,0,0,0,0,1,1,0,8,6,2,0,0,0,8,6,2,2019
219000,Raub berf lle in Wohnungen,5970040,Siegen,voll.,4,4,0,0,0,0,0,0,0,0,0,0,0,0,0,2,2,0,2,2,0,0,0,0,2,2,0,2019
219000,Raub berf lle in Wohnungen,5970040,Siegen,vers.,0,0,0,0,0,0,0,0,0,0,0,0,0,0,0,0,0,0,0,0,0,0,0,0,0,0,0,2019
219000,Raub berf lle in Wohnungen,5970040,Siegen,insg.,4,4,0,0,0,0,0,0,0,0,0,0,0,0,0,2,2,0,2,2,0,0,0,0,2,2,0,2019
219000,Raub berf lle in Wohnungen,5122000,Solingen,voll.,0,0,0,0,0,0,0,0,0,0,0,0,0,0,0,0,0,0,0,0,0,0,0,0,0,0,0,2019
219000,Raub berf lle in Wohnungen,5122000,Solingen,vers.,3,3,0,0,0,0,0,0,0,0,0,0,0,0,0,2,2,0,1,1,0,0,0,0,1,1,0,2019
219000,Raub berf lle in Wohnungen,5122000,Solingen,insg.,3,3,0,0,0,0,0,0,0,0,0,0,0,0,0,2,2,0,1,1,0,0,0,0,1,1,0,2019
219000,Raub berf lle in Wohnungen,8111000,Stuttgart,voll.,20,10,10,0,0,0,0,0,0,0,0,0,1,0,1,1,1,0,12,6,6,6,3,3,18,9,9,2019
219000,Raub berf lle in Wohnungen,8111000,Stuttgart,vers.,9,3,6,0,0,0,0,0,0,0,0,0,0,0,0,1,1,0,7,2,5,1,0,1,8,2,6,2019
219000,Raub berf lle in Wohnungen,8111000,Stuttgart,insg.,29,13,16,0,0,0,0,0,0,0,0,0,1,0,1,2,2,0,19,8,11,7,3,4,26,11,15,2019
219000,Raub berf lle in Wohnungen,7211000,Trier,voll.,3,3,0,0,0,0,0,0,0,0,0,0,0,0,0,0,0,0,3,3,0,0,0,0,3,3,0,2019
219000,Raub berf lle in Wohnungen,7211000,Trier,vers.,0,0,0,0,0,0,0,0,0,0,0,0,0,0,0,0,0,0,0,0,0,0,0,0,0,0,0,2019
219000,Raub berf lle in Wohnungen,7211000,Trier,insg.,3,3,0,0,0,0,0,0,0,0,0,0,0,0,0,0,0,0,3,3,0,0,0,0,3,3,0,2019
219000,Raub berf lle in Wohnungen,8421000,Ulm,voll.,9,6,3,0,0,0,0,0,0,0,0,0,2,2,0,2,2,0,5,2,3,0,0,0,5,2,3,2019
219000,Raub berf lle in Wohnungen,8421000,Ulm,vers.,0,0,0,0,0,0,0,0,0,0,0,0,0,0,0,0,0,0,0,0,0,0,0,0,0,0,0,2019
219000,Raub berf lle in Wohnungen,8421000,Ulm,insg.,9,6,3,0,0,0,0,0,0,0,0,0,2,2,0,2,2,0,5,2,3,0,0,0,5,2,3,2019
219000,Raub berf lle in Wohnungen,6414000,Wiesbaden,voll.,6,3,3,0,0,0,0,0,0,0,0,0,0,0,0,0,0,0,6,3,3,0,0,0,6,3,3,2019
219000,Raub berf lle in Wohnungen,6414000,Wiesbaden,vers.,0,0,0,0,0,0,0,0,0,0,0,0,0,0,0,0,0,0,0,0,0,0,0,0,0,0,0,2019
219000,Raub berf lle in Wohnungen,6414000,Wiesbaden,insg.,6,3,3,0,0,0,0,0,0,0,0,0,0,0,0,0,0,0,6,3,3,0,0,0,6,3,3,2019
219000,Raub berf lle in Wohnungen,3103000,Wolfsburg,voll.,3,3,0,0,0,0,0,0,0,0,0,0,0,0,0,0,0,0,3,3,0,0,0,0,3,3,0,2019
219000,Raub berf lle in Wohnungen,3103000,Wolfsburg,vers.,1,0,1,0,0,0,0,0,0,0,0,0,0,0,0,0,0,0,1,0,1,0,0,0,1,0,1,2019
219000,Raub berf lle in Wohnungen,3103000,Wolfsburg,insg.,4,3,1,0,0,0,0,0,0,0,0,0,0,0,0,0,0,0,4,3,1,0,0,0,4,3,1,2019
219000,Raub berf lle in Wohnungen,5124000,Wuppertal,voll.,6,2,4,0,0,0,0,0,0,0,0,0,0,0,0,0,0,0,5,2,3,1,0,1,6,2,4,2019
219000,Raub berf lle in Wohnungen,5124000,Wuppertal,vers.,1,1,0,0,0,0,0,0,0,0,0,0,1,1,0,0,0,0,0,0,0,0,0,0,0,0,0,2019
219000,Raub berf lle in Wohnungen,5124000,Wuppertal,insg.,7,3,4,0,0,0,0,0,0,0,0,0,1,1,0,0,0,0,5,2,3,1,0,1,6,2,4,2019
219000,Raub berf lle in Wohnungen,9663000,W rzburg,voll.,1,0,1,0,0,0,0,0,0,0,0,0,0,0,0,0,0,0,1,0,1,0,0,0,1,0,1,2019
219000,Raub berf lle in Wohnungen,9663000,W rzburg,vers.,0,0,0,0,0,0,0,0,0,0,0,0,0,0,0,0,0,0,0,0,0,0,0,0,0,0,0,2019
219000,Raub berf lle in Wohnungen,9663000,W rzburg,insg.,1,0,1,0,0,0,0,0,0,0,0,0,0,0,0,0,0,0,1,0,1,0,0,0,1,0,1,2019
222000,"Gef hrliche und schwere K rperverletzung, Verst mmelung weiblicher Genitalien    224, 226, 226a, 231 StGB",5334002,Aachen,voll.,638,482,156,5,2,3,26,17,9,31,19,12,53,38,15,87,74,13,433,326,107,34,25,9,467,351,116,2019
222000,"Gef hrliche und schwere K rperverletzung, Verst mmelung weiblicher Genitalien    224, 226, 226a, 231 StGB",5334002,Aachen,vers.,145,87,58,0,0,0,1,1,0,1,1,0,3,2,1,12,9,3,121,72,49,8,3,5,129,75,54,2019
222000,"Gef hrliche und schwere K rperverletzung, Verst mmelung weiblicher Genitalien    224, 226, 226a, 231 StGB",5334002,Aachen,insg.,783,569,214,5,2,3,27,18,9,32,20,12,56,40,16,99,83,16,554,398,156,42,28,14,596,426,170,2019
222000,"Gef hrliche und schwere K rperverletzung, Verst mmelung weiblicher Genitalien    224, 226, 226a, 231 StGB",9761000,Augsburg,voll.,724,561,163,4,2,2,25,14,11,29,16,13,77,55,22,123,97,26,473,377,96,22,16,6,495,393,102,2019
222000,"Gef hrliche und schwere K rperverletzung, Verst mmelung weiblicher Genitalien    224, 226, 226a, 231 StGB",9761000,Augsburg,vers.,135,97,38,0,0,0,3,1,2,3,1,2,11,7,4,9,7,2,105,77,28,7,5,2,112,82,30,2019
222000,"Gef hrliche und schwere K rperverletzung, Verst mmelung weiblicher Genitalien    224, 226, 226a, 231 StGB",9761000,Augsburg,insg.,859,658,201,4,2,2,28,15,13,32,17,15,88,62,26,132,104,28,578,454,124,29,21,8,607,475,132,2019
222000,"Gef hrliche und schwere K rperverletzung, Verst mmelung weiblicher Genitalien    224, 226, 226a, 231 StGB",5378004,Bergisch Gladbach,voll.,162,117,45,1,0,1,13,9,4,14,9,5,26,15,11,16,11,5,97,77,20,9,5,4,106,82,24,2019
222000,"Gef hrliche und schwere K rperverletzung, Verst mmelung weiblicher Genitalien    224, 226, 226a, 231 StGB",5378004,Bergisch Gladbach,vers.,37,23,14,0,0,0,2,2,0,2,2,0,3,3,0,1,0,1,28,17,11,3,1,2,31,18,13,2019
222000,"Gef hrliche und schwere K rperverletzung, Verst mmelung weiblicher Genitalien    224, 226, 226a, 231 StGB",5378004,Bergisch Gladbach,insg.,199,140,59,1,0,1,15,11,4,16,11,5,29,18,11,17,11,6,125,94,31,12,6,6,137,100,37,2019
222000,"Gef hrliche und schwere K rperverletzung, Verst mmelung weiblicher Genitalien    224, 226, 226a, 231 StGB",11000000,Berlin,voll.,10558,8126,2432,49,23,26,484,327,157,533,350,183,928,677,251,1068,853,215,7626,5989,1637,403,257,146,8029,6246,1783,2019
222000,"Gef hrliche und schwere K rperverletzung, Verst mmelung weiblicher Genitalien    224, 226, 226a, 231 StGB",11000000,Berlin,vers.,2691,2027,664,28,18,10,133,87,46,161,105,56,91,59,32,145,108,37,2141,1643,498,153,112,41,2294,1755,539,2019
222000,"Gef hrliche und schwere K rperverletzung, Verst mmelung weiblicher Genitalien    224, 226, 226a, 231 StGB",11000000,Berlin,insg.,13249,10153,3096,77,41,36,617,414,203,694,455,239,1019,736,283,1213,961,252,9767,7632,2135,556,369,187,10323,8001,2322,2019
222000,"Gef hrliche und schwere K rperverletzung, Verst mmelung weiblicher Genitalien    224, 226, 226a, 231 StGB",5711000,Bielefeld,voll.,579,425,154,1,0,1,27,23,4,28,23,5,51,38,13,64,51,13,414,297,117,22,16,6,436,313,123,2019
222000,"Gef hrliche und schwere K rperverletzung, Verst mmelung weiblicher Genitalien    224, 226, 226a, 231 StGB",5711000,Bielefeld,vers.,96,74,22,2,2,0,4,3,1,6,5,1,4,3,1,9,8,1,72,55,17,5,3,2,77,58,19,2019
222000,"Gef hrliche und schwere K rperverletzung, Verst mmelung weiblicher Genitalien    224, 226, 226a, 231 StGB",5711000,Bielefeld,insg.,675,499,176,3,2,1,31,26,5,34,28,6,55,41,14,73,59,14,486,352,134,27,19,8,513,371,142,2019
222000,"Gef hrliche und schwere K rperverletzung, Verst mmelung weiblicher Genitalien    224, 226, 226a, 231 StGB",5911000,Bochum,voll.,968,535,433,6,5,1,49,29,20,55,34,21,88,59,29,124,63,61,667,360,307,34,19,15,701,379,322,2019
222000,"Gef hrliche und schwere K rperverletzung, Verst mmelung weiblicher Genitalien    224, 226, 226a, 231 StGB",5911000,Bochum,vers.,160,115,45,0,0,0,3,2,1,3,2,1,10,5,5,9,8,1,127,93,34,11,7,4,138,100,38,2019
222000,"Gef hrliche und schwere K rperverletzung, Verst mmelung weiblicher Genitalien    224, 226, 226a, 231 StGB",5911000,Bochum,insg.,1128,650,478,6,5,1,52,31,21,58,36,22,98,64,34,133,71,62,794,453,341,45,26,19,839,479,360,2019
222000,"Gef hrliche und schwere K rperverletzung, Verst mmelung weiblicher Genitalien    224, 226, 226a, 231 StGB",5314000,Bonn,voll.,700,493,207,4,2,2,22,12,10,26,14,12,66,43,23,90,64,26,489,352,137,29,20,9,518,372,146,2019
222000,"Gef hrliche und schwere K rperverletzung, Verst mmelung weiblicher Genitalien    224, 226, 226a, 231 StGB",5314000,Bonn,vers.,100,70,30,0,0,0,1,0,1,1,0,1,8,8,0,9,6,3,78,53,25,4,3,1,82,56,26,2019
222000,"Gef hrliche und schwere K rperverletzung, Verst mmelung weiblicher Genitalien    224, 226, 226a, 231 StGB",5314000,Bonn,insg.,800,563,237,4,2,2,23,12,11,27,14,13,74,51,23,99,70,29,567,405,162,33,23,10,600,428,172,2019
222000,"Gef hrliche und schwere K rperverletzung, Verst mmelung weiblicher Genitalien    224, 226, 226a, 231 StGB",5512000,Bottrop,voll.,324,215,109,6,5,1,24,14,10,30,19,11,37,27,10,42,34,8,197,127,70,18,8,10,215,135,80,2019
222000,"Gef hrliche und schwere K rperverletzung, Verst mmelung weiblicher Genitalien    224, 226, 226a, 231 StGB",5512000,Bottrop,vers.,28,14,14,0,0,0,0,0,0,0,0,0,0,0,0,2,1,1,23,12,11,3,1,2,26,13,13,2019
222000,"Gef hrliche und schwere K rperverletzung, Verst mmelung weiblicher Genitalien    224, 226, 226a, 231 StGB",5512000,Bottrop,insg.,352,229,123,6,5,1,24,14,10,30,19,11,37,27,10,44,35,9,220,139,81,21,9,12,241,148,93,2019
222000,"Gef hrliche und schwere K rperverletzung, Verst mmelung weiblicher Genitalien    224, 226, 226a, 231 StGB",3101000,Braunschweig,voll.,629,440,189,0,0,0,28,15,13,28,15,13,58,38,20,120,90,30,399,278,121,24,19,5,423,297,126,2019
222000,"Gef hrliche und schwere K rperverletzung, Verst mmelung weiblicher Genitalien    224, 226, 226a, 231 StGB",3101000,Braunschweig,vers.,92,74,18,0,0,0,0,0,0,0,0,0,1,1,0,11,7,4,80,66,14,0,0,0,80,66,14,2019
222000,"Gef hrliche und schwere K rperverletzung, Verst mmelung weiblicher Genitalien    224, 226, 226a, 231 StGB",3101000,Braunschweig,insg.,721,514,207,0,0,0,28,15,13,28,15,13,59,39,20,131,97,34,479,344,135,24,19,5,503,363,140,2019
222000,"Gef hrliche und schwere K rperverletzung, Verst mmelung weiblicher Genitalien    224, 226, 226a, 231 StGB",4011000,Bremen,voll.,1592,1179,413,2,1,1,47,30,17,49,31,18,189,128,61,221,166,55,1085,814,271,48,40,8,1133,854,279,2019
222000,"Gef hrliche und schwere K rperverletzung, Verst mmelung weiblicher Genitalien    224, 226, 226a, 231 StGB",4011000,Bremen,vers.,214,150,64,1,1,0,9,3,6,10,4,6,14,10,4,12,7,5,169,124,45,9,5,4,178,129,49,2019
222000,"Gef hrliche und schwere K rperverletzung, Verst mmelung weiblicher Genitalien    224, 226, 226a, 231 StGB",4011000,Bremen,insg.,1806,1329,477,3,2,1,56,33,23,59,35,24,203,138,65,233,173,60,1254,938,316,57,45,12,1311,983,328,2019
222000,"Gef hrliche und schwere K rperverletzung, Verst mmelung weiblicher Genitalien    224, 226, 226a, 231 StGB",4012000,Bremerhaven,voll.,384,286,98,0,0,0,24,16,8,24,16,8,59,45,14,32,21,11,255,197,58,14,7,7,269,204,65,2019
222000,"Gef hrliche und schwere K rperverletzung, Verst mmelung weiblicher Genitalien    224, 226, 226a, 231 StGB",4012000,Bremerhaven,vers.,41,29,12,0,0,0,1,1,0,1,1,0,2,1,1,6,5,1,30,20,10,2,2,0,32,22,10,2019
222000,"Gef hrliche und schwere K rperverletzung, Verst mmelung weiblicher Genitalien    224, 226, 226a, 231 StGB",4012000,Bremerhaven,insg.,425,315,110,0,0,0,25,17,8,25,17,8,61,46,15,38,26,12,285,217,68,16,9,7,301,226,75,2019
222000,"Gef hrliche und schwere K rperverletzung, Verst mmelung weiblicher Genitalien    224, 226, 226a, 231 StGB",14511000,Chemnitz,voll.,451,327,124,4,2,2,20,7,13,24,9,15,61,46,15,58,42,16,288,218,70,20,12,8,308,230,78,2019
222000,"Gef hrliche und schwere K rperverletzung, Verst mmelung weiblicher Genitalien    224, 226, 226a, 231 StGB",14511000,Chemnitz,vers.,92,76,16,0,0,0,4,1,3,4,1,3,6,5,1,4,4,0,77,65,12,1,1,0,78,66,12,2019
222000,"Gef hrliche und schwere K rperverletzung, Verst mmelung weiblicher Genitalien    224, 226, 226a, 231 StGB",14511000,Chemnitz,insg.,543,403,140,4,2,2,24,8,16,28,10,18,67,51,16,62,46,16,365,283,82,21,13,8,386,296,90,2019
222000,"Gef hrliche und schwere K rperverletzung, Verst mmelung weiblicher Genitalien    224, 226, 226a, 231 StGB",12052000,Cottbus,voll.,240,180,60,0,0,0,19,13,6,19,13,6,18,12,6,22,17,5,167,129,38,14,9,5,181,138,43,2019
222000,"Gef hrliche und schwere K rperverletzung, Verst mmelung weiblicher Genitalien    224, 226, 226a, 231 StGB",12052000,Cottbus,vers.,68,40,28,2,1,1,4,1,3,6,2,4,6,1,5,3,3,0,46,30,16,7,4,3,53,34,19,2019
222000,"Gef hrliche und schwere K rperverletzung, Verst mmelung weiblicher Genitalien    224, 226, 226a, 231 StGB",12052000,Cottbus,insg.,308,220,88,2,1,1,23,14,9,25,15,10,24,13,11,25,20,5,213,159,54,21,13,8,234,172,62,2019
222000,"Gef hrliche und schwere K rperverletzung, Verst mmelung weiblicher Genitalien    224, 226, 226a, 231 StGB",6411000,Darmstadt,voll.,274,201,73,2,1,1,9,5,4,11,6,5,21,14,7,32,18,14,201,156,45,9,7,2,210,163,47,2019
222000,"Gef hrliche und schwere K rperverletzung, Verst mmelung weiblicher Genitalien    224, 226, 226a, 231 StGB",6411000,Darmstadt,vers.,28,21,7,0,0,0,1,0,1,1,0,1,0,0,0,2,2,0,22,16,6,3,3,0,25,19,6,2019
222000,"Gef hrliche und schwere K rperverletzung, Verst mmelung weiblicher Genitalien    224, 226, 226a, 231 StGB",6411000,Darmstadt,insg.,302,222,80,2,1,1,10,5,5,12,6,6,21,14,7,34,20,14,223,172,51,12,10,2,235,182,53,2019
222000,"Gef hrliche und schwere K rperverletzung, Verst mmelung weiblicher Genitalien    224, 226, 226a, 231 StGB",5913000,Dortmund,voll.,2194,1594,600,7,4,3,113,75,38,120,79,41,209,131,78,249,184,65,1542,1147,395,74,53,21,1616,1200,416,2019
222000,"Gef hrliche und schwere K rperverletzung, Verst mmelung weiblicher Genitalien    224, 226, 226a, 231 StGB",5913000,Dortmund,vers.,278,193,85,1,1,0,8,6,2,9,7,2,21,13,8,21,16,5,203,141,62,24,16,8,227,157,70,2019
222000,"Gef hrliche und schwere K rperverletzung, Verst mmelung weiblicher Genitalien    224, 226, 226a, 231 StGB",5913000,Dortmund,insg.,2472,1787,685,8,5,3,121,81,40,129,86,43,230,144,86,270,200,70,1745,1288,457,98,69,29,1843,1357,486,2019
222000,"Gef hrliche und schwere K rperverletzung, Verst mmelung weiblicher Genitalien    224, 226, 226a, 231 StGB",14612000,Dresden,voll.,1201,960,241,5,3,2,73,46,27,78,49,29,137,108,29,147,125,22,806,657,149,33,21,12,839,678,161,2019
222000,"Gef hrliche und schwere K rperverletzung, Verst mmelung weiblicher Genitalien    224, 226, 226a, 231 StGB",14612000,Dresden,vers.,169,127,42,2,1,1,5,3,2,7,4,3,6,3,3,20,17,3,127,99,28,9,4,5,136,103,33,2019
222000,"Gef hrliche und schwere K rperverletzung, Verst mmelung weiblicher Genitalien    224, 226, 226a, 231 StGB",14612000,Dresden,insg.,1370,1087,283,7,4,3,78,49,29,85,53,32,143,111,32,167,142,25,933,756,177,42,25,17,975,781,194,2019
222000,"Gef hrliche und schwere K rperverletzung, Verst mmelung weiblicher Genitalien    224, 226, 226a, 231 StGB",5112000,Duisburg,voll.,1351,920,431,8,4,4,95,65,30,103,69,34,175,113,62,126,80,46,908,635,273,39,23,16,947,658,289,2019
222000,"Gef hrliche und schwere K rperverletzung, Verst mmelung weiblicher Genitalien    224, 226, 226a, 231 StGB",5112000,Duisburg,vers.,207,133,74,1,1,0,7,4,3,8,5,3,14,9,5,20,14,6,152,93,59,13,12,1,165,105,60,2019
222000,"Gef hrliche und schwere K rperverletzung, Verst mmelung weiblicher Genitalien    224, 226, 226a, 231 StGB",5112000,Duisburg,insg.,1558,1053,505,9,5,4,102,69,33,111,74,37,189,122,67,146,94,52,1060,728,332,52,35,17,1112,763,349,2019
222000,"Gef hrliche und schwere K rperverletzung, Verst mmelung weiblicher Genitalien    224, 226, 226a, 231 StGB",5111000,D sseldorf,voll.,1727,1283,444,1,1,0,54,37,17,55,38,17,189,134,55,220,160,60,1199,908,291,64,43,21,1263,951,312,2019
222000,"Gef hrliche und schwere K rperverletzung, Verst mmelung weiblicher Genitalien    224, 226, 226a, 231 StGB",5111000,D sseldorf,vers.,240,172,68,4,2,2,3,3,0,7,5,2,10,7,3,23,11,12,183,138,45,17,11,6,200,149,51,2019
222000,"Gef hrliche und schwere K rperverletzung, Verst mmelung weiblicher Genitalien    224, 226, 226a, 231 StGB",5111000,D sseldorf,insg.,1967,1455,512,5,3,2,57,40,17,62,43,19,199,141,58,243,171,72,1382,1046,336,81,54,27,1463,1100,363,2019
222000,"Gef hrliche und schwere K rperverletzung, Verst mmelung weiblicher Genitalien    224, 226, 226a, 231 StGB",16051000,Erfurt,voll.,345,272,73,3,3,0,20,14,6,23,17,6,25,22,3,60,53,7,229,175,54,8,5,3,237,180,57,2019
222000,"Gef hrliche und schwere K rperverletzung, Verst mmelung weiblicher Genitalien    224, 226, 226a, 231 StGB",16051000,Erfurt,vers.,79,54,25,1,1,0,6,3,3,7,4,3,3,2,1,12,7,5,52,38,14,5,3,2,57,41,16,2019
222000,"Gef hrliche und schwere K rperverletzung, Verst mmelung weiblicher Genitalien    224, 226, 226a, 231 StGB",16051000,Erfurt,insg.,424,326,98,4,4,0,26,17,9,30,21,9,28,24,4,72,60,12,281,213,68,13,8,5,294,221,73,2019
222000,"Gef hrliche und schwere K rperverletzung, Verst mmelung weiblicher Genitalien    224, 226, 226a, 231 StGB",9562000,Erlangen,voll.,124,100,24,0,0,0,1,1,0,1,1,0,12,9,3,19,14,5,88,73,15,4,3,1,92,76,16,2019
222000,"Gef hrliche und schwere K rperverletzung, Verst mmelung weiblicher Genitalien    224, 226, 226a, 231 StGB",9562000,Erlangen,vers.,20,14,6,2,1,1,0,0,0,2,1,1,0,0,0,1,0,1,16,12,4,1,1,0,17,13,4,2019
222000,"Gef hrliche und schwere K rperverletzung, Verst mmelung weiblicher Genitalien    224, 226, 226a, 231 StGB",9562000,Erlangen,insg.,144,114,30,2,1,1,1,1,0,3,2,1,12,9,3,20,14,6,104,85,19,5,4,1,109,89,20,2019
222000,"Gef hrliche und schwere K rperverletzung, Verst mmelung weiblicher Genitalien    224, 226, 226a, 231 StGB",5113000,Essen,voll.,1185,817,368,0,0,0,96,70,26,96,70,26,121,81,40,113,83,30,802,543,259,53,40,13,855,583,272,2019
222000,"Gef hrliche und schwere K rperverletzung, Verst mmelung weiblicher Genitalien    224, 226, 226a, 231 StGB",5113000,Essen,vers.,167,116,51,0,0,0,9,7,2,9,7,2,7,6,1,13,8,5,124,87,37,14,8,6,138,95,43,2019
222000,"Gef hrliche und schwere K rperverletzung, Verst mmelung weiblicher Genitalien    224, 226, 226a, 231 StGB",5113000,Essen,insg.,1352,933,419,0,0,0,105,77,28,105,77,28,128,87,41,126,91,35,926,630,296,67,48,19,993,678,315,2019
222000,"Gef hrliche und schwere K rperverletzung, Verst mmelung weiblicher Genitalien    224, 226, 226a, 231 StGB",6412000,Frankfurt am Main,voll.,2376,1761,615,14,8,6,56,33,23,70,41,29,165,113,52,256,179,77,1783,1362,421,102,66,36,1885,1428,457,2019
222000,"Gef hrliche und schwere K rperverletzung, Verst mmelung weiblicher Genitalien    224, 226, 226a, 231 StGB",6412000,Frankfurt am Main,vers.,386,297,89,6,5,1,15,10,5,21,15,6,10,4,6,29,21,8,301,242,59,25,15,10,326,257,69,2019
222000,"Gef hrliche und schwere K rperverletzung, Verst mmelung weiblicher Genitalien    224, 226, 226a, 231 StGB",6412000,Frankfurt am Main,insg.,2762,2058,704,20,13,7,71,43,28,91,56,35,175,117,58,285,200,85,2084,1604,480,127,81,46,2211,1685,526,2019
222000,"Gef hrliche und schwere K rperverletzung, Verst mmelung weiblicher Genitalien    224, 226, 226a, 231 StGB",8311000,Freiburg im Breisgau,voll.,699,574,125,6,6,0,19,13,6,25,19,6,94,69,25,104,91,13,458,383,75,18,12,6,476,395,81,2019
222000,"Gef hrliche und schwere K rperverletzung, Verst mmelung weiblicher Genitalien    224, 226, 226a, 231 StGB",8311000,Freiburg im Breisgau,vers.,135,103,32,0,0,0,2,1,1,2,1,1,9,6,3,10,7,3,107,85,22,7,4,3,114,89,25,2019
222000,"Gef hrliche und schwere K rperverletzung, Verst mmelung weiblicher Genitalien    224, 226, 226a, 231 StGB",8311000,Freiburg im Breisgau,insg.,834,677,157,6,6,0,21,14,7,27,20,7,103,75,28,114,98,16,565,468,97,25,16,9,590,484,106,2019
222000,"Gef hrliche und schwere K rperverletzung, Verst mmelung weiblicher Genitalien    224, 226, 226a, 231 StGB",9563000,F rth,voll.,132,92,40,0,0,0,6,4,2,6,4,2,14,7,7,21,15,6,85,61,24,6,5,1,91,66,25,2019
222000,"Gef hrliche und schwere K rperverletzung, Verst mmelung weiblicher Genitalien    224, 226, 226a, 231 StGB",9563000,F rth,vers.,26,18,8,0,0,0,0,0,0,0,0,0,3,2,1,3,2,1,20,14,6,0,0,0,20,14,6,2019
222000,"Gef hrliche und schwere K rperverletzung, Verst mmelung weiblicher Genitalien    224, 226, 226a, 231 StGB",9563000,F rth,insg.,158,110,48,0,0,0,6,4,2,6,4,2,17,9,8,24,17,7,105,75,30,6,5,1,111,80,31,2019
222000,"Gef hrliche und schwere K rperverletzung, Verst mmelung weiblicher Genitalien    224, 226, 226a, 231 StGB",5513000,Gelsenkirchen,voll.,674,482,192,1,1,0,60,36,24,61,37,24,83,60,23,54,43,11,452,322,130,24,20,4,476,342,134,2019
222000,"Gef hrliche und schwere K rperverletzung, Verst mmelung weiblicher Genitalien    224, 226, 226a, 231 StGB",5513000,Gelsenkirchen,vers.,91,50,41,2,1,1,7,2,5,9,3,6,6,2,4,6,3,3,64,38,26,6,4,2,70,42,28,2019
222000,"Gef hrliche und schwere K rperverletzung, Verst mmelung weiblicher Genitalien    224, 226, 226a, 231 StGB",5513000,Gelsenkirchen,insg.,765,532,233,3,2,1,67,38,29,70,40,30,89,62,27,60,46,14,516,360,156,30,24,6,546,384,162,2019
222000,"Gef hrliche und schwere K rperverletzung, Verst mmelung weiblicher Genitalien    224, 226, 226a, 231 StGB",3159016,G ttingen,voll.,355,276,79,0,0,0,15,8,7,15,8,7,24,19,5,57,46,11,252,196,56,7,7,0,259,203,56,2019
222000,"Gef hrliche und schwere K rperverletzung, Verst mmelung weiblicher Genitalien    224, 226, 226a, 231 StGB",3159016,G ttingen,vers.,69,49,20,0,0,0,0,0,0,0,0,0,2,1,1,6,4,2,53,39,14,8,5,3,61,44,17,2019
222000,"Gef hrliche und schwere K rperverletzung, Verst mmelung weiblicher Genitalien    224, 226, 226a, 231 StGB",3159016,G ttingen,insg.,424,325,99,0,0,0,15,8,7,15,8,7,26,20,6,63,50,13,305,235,70,15,12,3,320,247,73,2019
222000,"Gef hrliche und schwere K rperverletzung, Verst mmelung weiblicher Genitalien    224, 226, 226a, 231 StGB",5754008,G tersloh,voll.,160,116,44,1,0,1,5,3,2,6,3,3,18,13,5,17,15,2,112,82,30,7,3,4,119,85,34,2019
222000,"Gef hrliche und schwere K rperverletzung, Verst mmelung weiblicher Genitalien    224, 226, 226a, 231 StGB",5754008,G tersloh,vers.,35,19,16,0,0,0,1,1,0,1,1,0,4,2,2,3,1,2,26,15,11,1,0,1,27,15,12,2019
222000,"Gef hrliche und schwere K rperverletzung, Verst mmelung weiblicher Genitalien    224, 226, 226a, 231 StGB",5754008,G tersloh,insg.,195,135,60,1,0,1,6,4,2,7,4,3,22,15,7,20,16,4,138,97,41,8,3,5,146,100,46,2019
222000,"Gef hrliche und schwere K rperverletzung, Verst mmelung weiblicher Genitalien    224, 226, 226a, 231 StGB",5914000,Hagen,voll.,404,299,105,4,4,0,30,23,7,34,27,7,39,26,13,54,38,16,265,199,66,12,9,3,277,208,69,2019
222000,"Gef hrliche und schwere K rperverletzung, Verst mmelung weiblicher Genitalien    224, 226, 226a, 231 StGB",5914000,Hagen,vers.,65,40,25,0,0,0,0,0,0,0,0,0,7,5,2,4,2,2,54,33,21,0,0,0,54,33,21,2019
222000,"Gef hrliche und schwere K rperverletzung, Verst mmelung weiblicher Genitalien    224, 226, 226a, 231 StGB",5914000,Hagen,insg.,469,339,130,4,4,0,30,23,7,34,27,7,46,31,15,58,40,18,319,232,87,12,9,3,331,241,90,2019
222000,"Gef hrliche und schwere K rperverletzung, Verst mmelung weiblicher Genitalien    224, 226, 226a, 231 StGB",15002000,Halle (Saale),voll.,631,463,168,4,3,1,43,28,15,47,31,16,63,51,12,81,56,25,419,311,108,21,14,7,440,325,115,2019
222000,"Gef hrliche und schwere K rperverletzung, Verst mmelung weiblicher Genitalien    224, 226, 226a, 231 StGB",15002000,Halle (Saale),vers.,132,93,39,1,1,0,11,8,3,12,9,3,11,2,9,11,9,2,92,70,22,6,3,3,98,73,25,2019
222000,"Gef hrliche und schwere K rperverletzung, Verst mmelung weiblicher Genitalien    224, 226, 226a, 231 StGB",15002000,Halle (Saale),insg.,763,556,207,5,4,1,54,36,18,59,40,19,74,53,21,92,65,27,511,381,130,27,17,10,538,398,140,2019
222000,"Gef hrliche und schwere K rperverletzung, Verst mmelung weiblicher Genitalien    224, 226, 226a, 231 StGB",2000000,Hamburg,voll.,5243,3885,1358,20,10,10,314,226,88,334,236,98,442,287,155,594,450,144,3701,2792,909,172,120,52,3873,2912,961,2019
222000,"Gef hrliche und schwere K rperverletzung, Verst mmelung weiblicher Genitalien    224, 226, 226a, 231 StGB",2000000,Hamburg,vers.,683,494,189,6,3,3,34,27,7,40,30,10,31,19,12,41,25,16,537,401,136,34,19,15,571,420,151,2019
222000,"Gef hrliche und schwere K rperverletzung, Verst mmelung weiblicher Genitalien    224, 226, 226a, 231 StGB",2000000,Hamburg,insg.,5926,4379,1547,26,13,13,348,253,95,374,266,108,473,306,167,635,475,160,4238,3193,1045,206,139,67,4444,3332,1112,2019
222000,"Gef hrliche und schwere K rperverletzung, Verst mmelung weiblicher Genitalien    224, 226, 226a, 231 StGB",5915000,Hamm,voll.,397,293,104,6,5,1,23,18,5,29,23,6,39,25,14,49,40,9,268,199,69,12,6,6,280,205,75,2019
222000,"Gef hrliche und schwere K rperverletzung, Verst mmelung weiblicher Genitalien    224, 226, 226a, 231 StGB",5915000,Hamm,vers.,47,29,18,2,0,2,3,0,3,5,0,5,2,1,1,6,4,2,32,22,10,2,2,0,34,24,10,2019
222000,"Gef hrliche und schwere K rperverletzung, Verst mmelung weiblicher Genitalien    224, 226, 226a, 231 StGB",5915000,Hamm,insg.,444,322,122,8,5,3,26,18,8,34,23,11,41,26,15,55,44,11,300,221,79,14,8,6,314,229,85,2019
222000,"Gef hrliche und schwere K rperverletzung, Verst mmelung weiblicher Genitalien    224, 226, 226a, 231 StGB",3241001,Hannover,voll.,1888,1487,401,3,3,0,63,38,25,66,41,25,159,120,39,219,186,33,1379,1105,274,65,35,30,1444,1140,304,2019
222000,"Gef hrliche und schwere K rperverletzung, Verst mmelung weiblicher Genitalien    224, 226, 226a, 231 StGB",3241001,Hannover,vers.,326,255,71,3,1,2,2,2,0,5,3,2,20,14,6,22,15,7,262,211,51,17,12,5,279,223,56,2019
222000,"Gef hrliche und schwere K rperverletzung, Verst mmelung weiblicher Genitalien    224, 226, 226a, 231 StGB",3241001,Hannover,insg.,2214,1742,472,6,4,2,65,40,25,71,44,27,179,134,45,241,201,40,1641,1316,325,82,47,35,1723,1363,360,2019
222000,"Gef hrliche und schwere K rperverletzung, Verst mmelung weiblicher Genitalien    224, 226, 226a, 231 StGB",8221000,Heidelberg,voll.,321,257,64,2,2,0,8,6,2,10,8,2,17,15,2,46,40,6,236,186,50,12,8,4,248,194,54,2019
222000,"Gef hrliche und schwere K rperverletzung, Verst mmelung weiblicher Genitalien    224, 226, 226a, 231 StGB",8221000,Heidelberg,vers.,43,33,10,0,0,0,3,3,0,3,3,0,0,0,0,1,1,0,36,28,8,3,1,2,39,29,10,2019
222000,"Gef hrliche und schwere K rperverletzung, Verst mmelung weiblicher Genitalien    224, 226, 226a, 231 StGB",8221000,Heidelberg,insg.,364,290,74,2,2,0,11,9,2,13,11,2,17,15,2,47,41,6,272,214,58,15,9,6,287,223,64,2019
222000,"Gef hrliche und schwere K rperverletzung, Verst mmelung weiblicher Genitalien    224, 226, 226a, 231 StGB",8121000,Heilbronn,voll.,225,156,69,1,1,0,7,5,2,8,6,2,18,13,5,29,21,8,160,110,50,10,6,4,170,116,54,2019
222000,"Gef hrliche und schwere K rperverletzung, Verst mmelung weiblicher Genitalien    224, 226, 226a, 231 StGB",8121000,Heilbronn,vers.,30,20,10,1,0,1,0,0,0,1,0,1,1,1,0,5,2,3,19,13,6,4,4,0,23,17,6,2019
222000,"Gef hrliche und schwere K rperverletzung, Verst mmelung weiblicher Genitalien    224, 226, 226a, 231 StGB",8121000,Heilbronn,insg.,255,176,79,2,1,1,7,5,2,9,6,3,19,14,5,34,23,11,179,123,56,14,10,4,193,133,60,2019
222000,"Gef hrliche und schwere K rperverletzung, Verst mmelung weiblicher Genitalien    224, 226, 226a, 231 StGB",5916000,Herne,voll.,299,209,90,1,1,0,21,13,8,22,14,8,35,27,8,21,13,8,212,149,63,9,6,3,221,155,66,2019
222000,"Gef hrliche und schwere K rperverletzung, Verst mmelung weiblicher Genitalien    224, 226, 226a, 231 StGB",5916000,Herne,vers.,69,51,18,0,0,0,2,2,0,2,2,0,2,2,0,8,6,2,51,39,12,6,2,4,57,41,16,2019
222000,"Gef hrliche und schwere K rperverletzung, Verst mmelung weiblicher Genitalien    224, 226, 226a, 231 StGB",5916000,Herne,insg.,368,260,108,1,1,0,23,15,8,24,16,8,37,29,8,29,19,10,263,188,75,15,8,7,278,196,82,2019
222000,"Gef hrliche und schwere K rperverletzung, Verst mmelung weiblicher Genitalien    224, 226, 226a, 231 StGB",3254021,Hildesheim,voll.,231,163,68,0,0,0,16,12,4,16,12,4,35,20,15,24,21,3,146,104,42,10,6,4,156,110,46,2019
222000,"Gef hrliche und schwere K rperverletzung, Verst mmelung weiblicher Genitalien    224, 226, 226a, 231 StGB",3254021,Hildesheim,vers.,24,14,10,0,0,0,0,0,0,0,0,0,2,2,0,1,0,1,21,12,9,0,0,0,21,12,9,2019
222000,"Gef hrliche und schwere K rperverletzung, Verst mmelung weiblicher Genitalien    224, 226, 226a, 231 StGB",3254021,Hildesheim,insg.,255,177,78,0,0,0,16,12,4,16,12,4,37,22,15,25,21,4,167,116,51,10,6,4,177,122,55,2019
222000,"Gef hrliche und schwere K rperverletzung, Verst mmelung weiblicher Genitalien    224, 226, 226a, 231 StGB",9161000,Ingolstadt,voll.,281,221,60,2,2,0,6,5,1,8,7,1,37,30,7,37,34,3,184,142,42,15,8,7,199,150,49,2019
222000,"Gef hrliche und schwere K rperverletzung, Verst mmelung weiblicher Genitalien    224, 226, 226a, 231 StGB",9161000,Ingolstadt,vers.,75,59,16,0,0,0,2,1,1,2,1,1,4,2,2,4,4,0,62,49,13,3,3,0,65,52,13,2019
222000,"Gef hrliche und schwere K rperverletzung, Verst mmelung weiblicher Genitalien    224, 226, 226a, 231 StGB",9161000,Ingolstadt,insg.,356,280,76,2,2,0,8,6,2,10,8,2,41,32,9,41,38,3,246,191,55,18,11,7,264,202,62,2019
222000,"Gef hrliche und schwere K rperverletzung, Verst mmelung weiblicher Genitalien    224, 226, 226a, 231 StGB",16053000,Jena,voll.,175,124,51,13,0,13,17,9,8,30,9,21,13,10,3,19,16,3,111,88,23,2,1,1,113,89,24,2019
222000,"Gef hrliche und schwere K rperverletzung, Verst mmelung weiblicher Genitalien    224, 226, 226a, 231 StGB",16053000,Jena,vers.,31,26,5,0,0,0,2,1,1,2,1,1,1,0,1,1,1,0,26,23,3,1,1,0,27,24,3,2019
222000,"Gef hrliche und schwere K rperverletzung, Verst mmelung weiblicher Genitalien    224, 226, 226a, 231 StGB",16053000,Jena,insg.,206,150,56,13,0,13,19,10,9,32,10,22,14,10,4,20,17,3,137,111,26,3,2,1,140,113,27,2019
222000,"Gef hrliche und schwere K rperverletzung, Verst mmelung weiblicher Genitalien    224, 226, 226a, 231 StGB",8212000,Karlsruhe,voll.,613,440,173,9,6,3,39,21,18,48,27,21,65,40,25,84,69,15,401,296,105,15,8,7,416,304,112,2019
222000,"Gef hrliche und schwere K rperverletzung, Verst mmelung weiblicher Genitalien    224, 226, 226a, 231 StGB",8212000,Karlsruhe,vers.,106,89,17,7,6,1,1,1,0,8,7,1,3,2,1,11,10,1,83,70,13,1,0,1,84,70,14,2019
222000,"Gef hrliche und schwere K rperverletzung, Verst mmelung weiblicher Genitalien    224, 226, 226a, 231 StGB",8212000,Karlsruhe,insg.,719,529,190,16,12,4,40,22,18,56,34,22,68,42,26,95,79,16,484,366,118,16,8,8,500,374,126,2019
222000,"Gef hrliche und schwere K rperverletzung, Verst mmelung weiblicher Genitalien    224, 226, 226a, 231 StGB",6611000,Kassel,voll.,637,471,166,7,3,4,17,14,3,24,17,7,38,28,10,66,51,15,491,363,128,18,12,6,509,375,134,2019
222000,"Gef hrliche und schwere K rperverletzung, Verst mmelung weiblicher Genitalien    224, 226, 226a, 231 StGB",6611000,Kassel,vers.,63,49,14,0,0,0,1,1,0,1,1,0,0,0,0,2,2,0,56,43,13,4,3,1,60,46,14,2019
222000,"Gef hrliche und schwere K rperverletzung, Verst mmelung weiblicher Genitalien    224, 226, 226a, 231 StGB",6611000,Kassel,insg.,700,520,180,7,3,4,18,15,3,25,18,7,38,28,10,68,53,15,547,406,141,22,15,7,569,421,148,2019
222000,"Gef hrliche und schwere K rperverletzung, Verst mmelung weiblicher Genitalien    224, 226, 226a, 231 StGB",1002000,Kiel,voll.,651,486,165,6,2,4,15,11,4,21,13,8,49,41,8,87,63,24,479,361,118,15,8,7,494,369,125,2019
222000,"Gef hrliche und schwere K rperverletzung, Verst mmelung weiblicher Genitalien    224, 226, 226a, 231 StGB",1002000,Kiel,vers.,96,73,23,1,0,1,4,3,1,5,3,2,6,3,3,6,5,1,77,60,17,2,2,0,79,62,17,2019
222000,"Gef hrliche und schwere K rperverletzung, Verst mmelung weiblicher Genitalien    224, 226, 226a, 231 StGB",1002000,Kiel,insg.,747,559,188,7,2,5,19,14,5,26,16,10,55,44,11,93,68,25,556,421,135,17,10,7,573,431,142,2019
222000,"Gef hrliche und schwere K rperverletzung, Verst mmelung weiblicher Genitalien    224, 226, 226a, 231 StGB",7111000,Koblenz,voll.,430,326,104,0,0,0,6,4,2,6,4,2,39,28,11,84,62,22,282,219,63,19,13,6,301,232,69,2019
222000,"Gef hrliche und schwere K rperverletzung, Verst mmelung weiblicher Genitalien    224, 226, 226a, 231 StGB",7111000,Koblenz,vers.,43,33,10,1,1,0,0,0,0,1,1,0,1,0,1,6,4,2,33,26,7,2,2,0,35,28,7,2019
222000,"Gef hrliche und schwere K rperverletzung, Verst mmelung weiblicher Genitalien    224, 226, 226a, 231 StGB",7111000,Koblenz,insg.,473,359,114,1,1,0,6,4,2,7,5,2,40,28,12,90,66,24,315,245,70,21,15,6,336,260,76,2019
222000,"Gef hrliche und schwere K rperverletzung, Verst mmelung weiblicher Genitalien    224, 226, 226a, 231 StGB",5315000,K ln,voll.,4025,2985,1040,13,7,6,144,97,47,157,104,53,363,258,105,446,340,106,2915,2183,732,144,100,44,3059,2283,776,2019
222000,"Gef hrliche und schwere K rperverletzung, Verst mmelung weiblicher Genitalien    224, 226, 226a, 231 StGB",5315000,K ln,vers.,567,377,190,3,2,1,15,10,5,18,12,6,25,15,10,46,29,17,445,299,146,33,22,11,478,321,157,2019
222000,"Gef hrliche und schwere K rperverletzung, Verst mmelung weiblicher Genitalien    224, 226, 226a, 231 StGB",5315000,K ln,insg.,4592,3362,1230,16,9,7,159,107,52,175,116,59,388,273,115,492,369,123,3360,2482,878,177,122,55,3537,2604,933,2019
222000,"Gef hrliche und schwere K rperverletzung, Verst mmelung weiblicher Genitalien    224, 226, 226a, 231 StGB",5114000,Krefeld,voll.,500,363,137,1,1,0,42,25,17,43,26,17,54,43,11,50,39,11,337,247,90,16,8,8,353,255,98,2019
222000,"Gef hrliche und schwere K rperverletzung, Verst mmelung weiblicher Genitalien    224, 226, 226a, 231 StGB",5114000,Krefeld,vers.,82,47,35,1,0,1,2,1,1,3,1,2,4,1,3,7,6,1,58,35,23,10,4,6,68,39,29,2019
222000,"Gef hrliche und schwere K rperverletzung, Verst mmelung weiblicher Genitalien    224, 226, 226a, 231 StGB",5114000,Krefeld,insg.,582,410,172,2,1,1,44,26,18,46,27,19,58,44,14,57,45,12,395,282,113,26,12,14,421,294,127,2019
222000,"Gef hrliche und schwere K rperverletzung, Verst mmelung weiblicher Genitalien    224, 226, 226a, 231 StGB",14713000,Leipzig,voll.,1323,1009,314,10,5,5,40,30,10,50,35,15,135,91,44,147,120,27,941,727,214,50,36,14,991,763,228,2019
222000,"Gef hrliche und schwere K rperverletzung, Verst mmelung weiblicher Genitalien    224, 226, 226a, 231 StGB",14713000,Leipzig,vers.,205,146,59,4,4,0,4,3,1,8,7,1,12,8,4,19,15,4,156,110,46,10,6,4,166,116,50,2019
222000,"Gef hrliche und schwere K rperverletzung, Verst mmelung weiblicher Genitalien    224, 226, 226a, 231 StGB",14713000,Leipzig,insg.,1528,1155,373,14,9,5,44,33,11,58,42,16,147,99,48,166,135,31,1097,837,260,60,42,18,1157,879,278,2019
222000,"Gef hrliche und schwere K rperverletzung, Verst mmelung weiblicher Genitalien    224, 226, 226a, 231 StGB",5316000,Leverkusen,voll.,471,316,155,2,0,2,20,14,6,22,14,8,53,28,25,44,33,11,329,225,104,23,16,7,352,241,111,2019
222000,"Gef hrliche und schwere K rperverletzung, Verst mmelung weiblicher Genitalien    224, 226, 226a, 231 StGB",5316000,Leverkusen,vers.,125,91,34,1,0,1,2,2,0,3,2,1,5,4,1,9,6,3,93,69,24,15,10,5,108,79,29,2019
222000,"Gef hrliche und schwere K rperverletzung, Verst mmelung weiblicher Genitalien    224, 226, 226a, 231 StGB",5316000,Leverkusen,insg.,596,407,189,3,0,3,22,16,6,25,16,9,58,32,26,53,39,14,422,294,128,38,26,12,460,320,140,2019
222000,"Gef hrliche und schwere K rperverletzung, Verst mmelung weiblicher Genitalien    224, 226, 226a, 231 StGB",1003000,L beck,voll.,627,454,173,2,1,1,15,10,5,17,11,6,46,32,14,74,59,15,477,342,135,13,10,3,490,352,138,2019
222000,"Gef hrliche und schwere K rperverletzung, Verst mmelung weiblicher Genitalien    224, 226, 226a, 231 StGB",1003000,L beck,vers.,127,86,41,2,0,2,2,1,1,4,1,3,3,2,1,5,3,2,111,76,35,4,4,0,115,80,35,2019
222000,"Gef hrliche und schwere K rperverletzung, Verst mmelung weiblicher Genitalien    224, 226, 226a, 231 StGB",1003000,L beck,insg.,754,540,214,4,1,3,17,11,6,21,12,9,49,34,15,79,62,17,588,418,170,17,14,3,605,432,173,2019
222000,"Gef hrliche und schwere K rperverletzung, Verst mmelung weiblicher Genitalien    224, 226, 226a, 231 StGB",7314000,Ludwigshafen am Rhein,voll.,669,482,187,2,2,0,54,27,27,56,29,27,60,43,17,81,60,21,451,334,117,21,16,5,472,350,122,2019
222000,"Gef hrliche und schwere K rperverletzung, Verst mmelung weiblicher Genitalien    224, 226, 226a, 231 StGB",7314000,Ludwigshafen am Rhein,vers.,85,57,28,1,1,0,2,2,0,3,3,0,12,6,6,5,5,0,57,37,20,8,6,2,65,43,22,2019
222000,"Gef hrliche und schwere K rperverletzung, Verst mmelung weiblicher Genitalien    224, 226, 226a, 231 StGB",7314000,Ludwigshafen am Rhein,insg.,754,539,215,3,3,0,56,29,27,59,32,27,72,49,23,86,65,21,508,371,137,29,22,7,537,393,144,2019
222000,"Gef hrliche und schwere K rperverletzung, Verst mmelung weiblicher Genitalien    224, 226, 226a, 231 StGB",15003000,Magdeburg,voll.,645,497,148,4,1,3,32,21,11,36,22,14,69,51,18,76,58,18,442,352,90,22,14,8,464,366,98,2019
222000,"Gef hrliche und schwere K rperverletzung, Verst mmelung weiblicher Genitalien    224, 226, 226a, 231 StGB",15003000,Magdeburg,vers.,140,102,38,0,0,0,5,0,5,5,0,5,11,6,5,10,7,3,106,84,22,8,5,3,114,89,25,2019
222000,"Gef hrliche und schwere K rperverletzung, Verst mmelung weiblicher Genitalien    224, 226, 226a, 231 StGB",15003000,Magdeburg,insg.,785,599,186,4,1,3,37,21,16,41,22,19,80,57,23,86,65,21,548,436,112,30,19,11,578,455,123,2019
222000,"Gef hrliche und schwere K rperverletzung, Verst mmelung weiblicher Genitalien    224, 226, 226a, 231 StGB",7315000,Mainz,voll.,626,482,144,3,2,1,37,24,13,40,26,14,81,49,32,78,68,10,405,324,81,22,15,7,427,339,88,2019
222000,"Gef hrliche und schwere K rperverletzung, Verst mmelung weiblicher Genitalien    224, 226, 226a, 231 StGB",7315000,Mainz,vers.,71,52,19,0,0,0,1,0,1,1,0,1,7,6,1,5,3,2,56,41,15,2,2,0,58,43,15,2019
222000,"Gef hrliche und schwere K rperverletzung, Verst mmelung weiblicher Genitalien    224, 226, 226a, 231 StGB",7315000,Mainz,insg.,697,534,163,3,2,1,38,24,14,41,26,15,88,55,33,83,71,12,461,365,96,24,17,7,485,382,103,2019
222000,"Gef hrliche und schwere K rperverletzung, Verst mmelung weiblicher Genitalien    224, 226, 226a, 231 StGB",8222000,Mannheim,voll.,777,586,191,8,6,2,19,17,2,27,23,4,45,32,13,102,72,30,572,442,130,31,17,14,603,459,144,2019
222000,"Gef hrliche und schwere K rperverletzung, Verst mmelung weiblicher Genitalien    224, 226, 226a, 231 StGB",8222000,Mannheim,vers.,100,68,32,2,1,1,0,0,0,2,1,1,5,2,3,11,6,5,75,52,23,7,7,0,82,59,23,2019
222000,"Gef hrliche und schwere K rperverletzung, Verst mmelung weiblicher Genitalien    224, 226, 226a, 231 StGB",8222000,Mannheim,insg.,877,654,223,10,7,3,19,17,2,29,24,5,50,34,16,113,78,35,647,494,153,38,24,14,685,518,167,2019
222000,"Gef hrliche und schwere K rperverletzung, Verst mmelung weiblicher Genitalien    224, 226, 226a, 231 StGB",5170024,Moers,voll.,166,106,60,1,0,1,12,6,6,13,6,7,17,10,7,20,14,6,109,71,38,7,5,2,116,76,40,2019
222000,"Gef hrliche und schwere K rperverletzung, Verst mmelung weiblicher Genitalien    224, 226, 226a, 231 StGB",5170024,Moers,vers.,34,18,16,2,1,1,0,0,0,2,1,1,4,4,0,1,0,1,24,12,12,3,1,2,27,13,14,2019
222000,"Gef hrliche und schwere K rperverletzung, Verst mmelung weiblicher Genitalien    224, 226, 226a, 231 StGB",5170024,Moers,insg.,200,124,76,3,1,2,12,6,6,15,7,8,21,14,7,21,14,7,133,83,50,10,6,4,143,89,54,2019
222000,"Gef hrliche und schwere K rperverletzung, Verst mmelung weiblicher Genitalien    224, 226, 226a, 231 StGB",5116000,M nchengladbach,voll.,529,358,171,2,2,0,24,17,7,26,19,7,65,47,18,57,42,15,365,242,123,16,8,8,381,250,131,2019
222000,"Gef hrliche und schwere K rperverletzung, Verst mmelung weiblicher Genitalien    224, 226, 226a, 231 StGB",5116000,M nchengladbach,vers.,68,43,25,0,0,0,2,1,1,2,1,1,3,2,1,6,5,1,52,33,19,5,2,3,57,35,22,2019
222000,"Gef hrliche und schwere K rperverletzung, Verst mmelung weiblicher Genitalien    224, 226, 226a, 231 StGB",5116000,M nchengladbach,insg.,597,401,196,2,2,0,26,18,8,28,20,8,68,49,19,63,47,16,417,275,142,21,10,11,438,285,153,2019
222000,"Gef hrliche und schwere K rperverletzung, Verst mmelung weiblicher Genitalien    224, 226, 226a, 231 StGB",5117000,M lheim an der Ruhr,voll.,262,169,93,0,0,0,19,8,11,19,8,11,31,20,11,36,27,9,168,109,59,8,5,3,176,114,62,2019
222000,"Gef hrliche und schwere K rperverletzung, Verst mmelung weiblicher Genitalien    224, 226, 226a, 231 StGB",5117000,M lheim an der Ruhr,vers.,44,32,12,0,0,0,0,0,0,0,0,0,1,1,0,2,1,1,39,28,11,2,2,0,41,30,11,2019
222000,"Gef hrliche und schwere K rperverletzung, Verst mmelung weiblicher Genitalien    224, 226, 226a, 231 StGB",5117000,M lheim an der Ruhr,insg.,306,201,105,0,0,0,19,8,11,19,8,11,32,21,11,38,28,10,207,137,70,10,7,3,217,144,73,2019
222000,"Gef hrliche und schwere K rperverletzung, Verst mmelung weiblicher Genitalien    224, 226, 226a, 231 StGB",9162000,M nchen,voll.,2864,2211,653,24,17,7,72,46,26,96,63,33,218,159,59,369,285,84,2073,1625,448,108,79,29,2181,1704,477,2019
222000,"Gef hrliche und schwere K rperverletzung, Verst mmelung weiblicher Genitalien    224, 226, 226a, 231 StGB",9162000,M nchen,vers.,568,422,146,6,4,2,14,6,8,20,10,10,20,12,8,30,20,10,476,365,111,22,15,7,498,380,118,2019
222000,"Gef hrliche und schwere K rperverletzung, Verst mmelung weiblicher Genitalien    224, 226, 226a, 231 StGB",9162000,M nchen,insg.,3432,2633,799,30,21,9,86,52,34,116,73,43,238,171,67,399,305,94,2549,1990,559,130,94,36,2679,2084,595,2019
222000,"Gef hrliche und schwere K rperverletzung, Verst mmelung weiblicher Genitalien    224, 226, 226a, 231 StGB",5515000,M nster,voll.,555,424,131,0,0,0,21,13,8,21,13,8,73,45,28,84,74,10,359,277,82,18,15,3,377,292,85,2019
222000,"Gef hrliche und schwere K rperverletzung, Verst mmelung weiblicher Genitalien    224, 226, 226a, 231 StGB",5515000,M nster,vers.,116,77,39,0,0,0,2,1,1,2,1,1,5,3,2,4,3,1,98,66,32,7,4,3,105,70,35,2019
222000,"Gef hrliche und schwere K rperverletzung, Verst mmelung weiblicher Genitalien    224, 226, 226a, 231 StGB",5515000,M nster,insg.,671,501,170,0,0,0,23,14,9,23,14,9,78,48,30,88,77,11,457,343,114,25,19,6,482,362,120,2019
222000,"Gef hrliche und schwere K rperverletzung, Verst mmelung weiblicher Genitalien    224, 226, 226a, 231 StGB",5162024,Neuss,voll.,251,180,71,0,0,0,11,9,2,11,9,2,21,15,6,35,25,10,178,126,52,6,5,1,184,131,53,2019
222000,"Gef hrliche und schwere K rperverletzung, Verst mmelung weiblicher Genitalien    224, 226, 226a, 231 StGB",5162024,Neuss,vers.,22,13,9,0,0,0,0,0,0,0,0,0,1,1,0,0,0,0,21,12,9,0,0,0,21,12,9,2019
222000,"Gef hrliche und schwere K rperverletzung, Verst mmelung weiblicher Genitalien    224, 226, 226a, 231 StGB",5162024,Neuss,insg.,273,193,80,0,0,0,11,9,2,11,9,2,22,16,6,35,25,10,199,138,61,6,5,1,205,143,62,2019
222000,"Gef hrliche und schwere K rperverletzung, Verst mmelung weiblicher Genitalien    224, 226, 226a, 231 StGB",9564000,N rnberg,voll.,1249,942,307,5,2,3,41,26,15,46,28,18,126,87,39,134,113,21,898,681,217,45,33,12,943,714,229,2019
222000,"Gef hrliche und schwere K rperverletzung, Verst mmelung weiblicher Genitalien    224, 226, 226a, 231 StGB",9564000,N rnberg,vers.,232,181,51,1,1,0,4,3,1,5,4,1,6,5,1,14,12,2,202,157,45,5,3,2,207,160,47,2019
222000,"Gef hrliche und schwere K rperverletzung, Verst mmelung weiblicher Genitalien    224, 226, 226a, 231 StGB",9564000,N rnberg,insg.,1481,1123,358,6,3,3,45,29,16,51,32,19,132,92,40,148,125,23,1100,838,262,50,36,14,1150,874,276,2019
222000,"Gef hrliche und schwere K rperverletzung, Verst mmelung weiblicher Genitalien    224, 226, 226a, 231 StGB",5119000,Oberhausen,voll.,446,321,125,0,0,0,23,19,4,23,19,4,47,36,11,69,53,16,294,205,89,13,8,5,307,213,94,2019
222000,"Gef hrliche und schwere K rperverletzung, Verst mmelung weiblicher Genitalien    224, 226, 226a, 231 StGB",5119000,Oberhausen,vers.,59,45,14,0,0,0,1,1,0,1,1,0,3,3,0,6,4,2,42,33,9,7,4,3,49,37,12,2019
222000,"Gef hrliche und schwere K rperverletzung, Verst mmelung weiblicher Genitalien    224, 226, 226a, 231 StGB",5119000,Oberhausen,insg.,505,366,139,0,0,0,24,20,4,24,20,4,50,39,11,75,57,18,336,238,98,20,12,8,356,250,106,2019
222000,"Gef hrliche und schwere K rperverletzung, Verst mmelung weiblicher Genitalien    224, 226, 226a, 231 StGB",6413000,Offenbach am Main,voll.,279,205,74,2,2,0,13,5,8,15,7,8,30,21,9,23,20,3,202,152,50,9,5,4,211,157,54,2019
222000,"Gef hrliche und schwere K rperverletzung, Verst mmelung weiblicher Genitalien    224, 226, 226a, 231 StGB",6413000,Offenbach am Main,vers.,28,19,9,0,0,0,0,0,0,0,0,0,1,1,0,2,2,0,22,13,9,3,3,0,25,16,9,2019
222000,"Gef hrliche und schwere K rperverletzung, Verst mmelung weiblicher Genitalien    224, 226, 226a, 231 StGB",6413000,Offenbach am Main,insg.,307,224,83,2,2,0,13,5,8,15,7,8,31,22,9,25,22,3,224,165,59,12,8,4,236,173,63,2019
222000,"Gef hrliche und schwere K rperverletzung, Verst mmelung weiblicher Genitalien    224, 226, 226a, 231 StGB",3403000,Oldenburg (Oldenburg),voll.,337,262,75,0,0,0,10,7,3,10,7,3,36,26,10,44,39,5,235,179,56,12,11,1,247,190,57,2019
222000,"Gef hrliche und schwere K rperverletzung, Verst mmelung weiblicher Genitalien    224, 226, 226a, 231 StGB",3403000,Oldenburg (Oldenburg),vers.,42,29,13,0,0,0,3,0,3,3,0,3,5,3,2,4,4,0,28,20,8,2,2,0,30,22,8,2019
222000,"Gef hrliche und schwere K rperverletzung, Verst mmelung weiblicher Genitalien    224, 226, 226a, 231 StGB",3403000,Oldenburg (Oldenburg),insg.,379,291,88,0,0,0,13,7,6,13,7,6,41,29,12,48,43,5,263,199,64,14,13,1,277,212,65,2019
222000,"Gef hrliche und schwere K rperverletzung, Verst mmelung weiblicher Genitalien    224, 226, 226a, 231 StGB",3404000,Osnabr ck,voll.,685,516,169,0,0,0,14,9,5,14,9,5,67,36,31,106,76,30,482,386,96,16,9,7,498,395,103,2019
222000,"Gef hrliche und schwere K rperverletzung, Verst mmelung weiblicher Genitalien    224, 226, 226a, 231 StGB",3404000,Osnabr ck,vers.,64,43,21,0,0,0,6,1,5,6,1,5,5,3,2,5,4,1,46,34,12,2,1,1,48,35,13,2019
222000,"Gef hrliche und schwere K rperverletzung, Verst mmelung weiblicher Genitalien    224, 226, 226a, 231 StGB",3404000,Osnabr ck,insg.,749,559,190,0,0,0,20,10,10,20,10,10,72,39,33,111,80,31,528,420,108,18,10,8,546,430,116,2019
222000,"Gef hrliche und schwere K rperverletzung, Verst mmelung weiblicher Genitalien    224, 226, 226a, 231 StGB",5774032,Paderborn,voll.,357,256,101,4,2,2,14,8,6,18,10,8,27,23,4,41,33,8,263,187,76,8,3,5,271,190,81,2019
222000,"Gef hrliche und schwere K rperverletzung, Verst mmelung weiblicher Genitalien    224, 226, 226a, 231 StGB",5774032,Paderborn,vers.,63,43,20,0,0,0,0,0,0,0,0,0,6,3,3,7,5,2,48,35,13,2,0,2,50,35,15,2019
222000,"Gef hrliche und schwere K rperverletzung, Verst mmelung weiblicher Genitalien    224, 226, 226a, 231 StGB",5774032,Paderborn,insg.,420,299,121,4,2,2,14,8,6,18,10,8,33,26,7,48,38,10,311,222,89,10,3,7,321,225,96,2019
222000,"Gef hrliche und schwere K rperverletzung, Verst mmelung weiblicher Genitalien    224, 226, 226a, 231 StGB",8231000,Pforzheim,voll.,346,252,94,2,1,1,15,11,4,17,12,5,35,24,11,40,34,6,246,176,70,8,6,2,254,182,72,2019
222000,"Gef hrliche und schwere K rperverletzung, Verst mmelung weiblicher Genitalien    224, 226, 226a, 231 StGB",8231000,Pforzheim,vers.,39,30,9,0,0,0,0,0,0,0,0,0,1,1,0,2,2,0,36,27,9,0,0,0,36,27,9,2019
222000,"Gef hrliche und schwere K rperverletzung, Verst mmelung weiblicher Genitalien    224, 226, 226a, 231 StGB",8231000,Pforzheim,insg.,385,282,103,2,1,1,15,11,4,17,12,5,36,25,11,42,36,6,282,203,79,8,6,2,290,209,81,2019
222000,"Gef hrliche und schwere K rperverletzung, Verst mmelung weiblicher Genitalien    224, 226, 226a, 231 StGB",12054000,Potsdam,voll.,218,166,52,2,1,1,8,7,1,10,8,2,16,11,5,26,23,3,150,109,41,16,15,1,166,124,42,2019
222000,"Gef hrliche und schwere K rperverletzung, Verst mmelung weiblicher Genitalien    224, 226, 226a, 231 StGB",12054000,Potsdam,vers.,65,52,13,0,0,0,2,1,1,2,1,1,3,1,2,4,4,0,53,44,9,3,2,1,56,46,10,2019
222000,"Gef hrliche und schwere K rperverletzung, Verst mmelung weiblicher Genitalien    224, 226, 226a, 231 StGB",12054000,Potsdam,insg.,283,218,65,2,1,1,10,8,2,12,9,3,19,12,7,30,27,3,203,153,50,19,17,2,222,170,52,2019
222000,"Gef hrliche und schwere K rperverletzung, Verst mmelung weiblicher Genitalien    224, 226, 226a, 231 StGB",5562032,Recklinghausen,voll.,232,158,74,1,1,0,12,6,6,13,7,6,24,13,11,19,12,7,167,121,46,9,5,4,176,126,50,2019
222000,"Gef hrliche und schwere K rperverletzung, Verst mmelung weiblicher Genitalien    224, 226, 226a, 231 StGB",5562032,Recklinghausen,vers.,62,37,25,0,0,0,2,2,0,2,2,0,2,1,1,5,4,1,48,29,19,5,1,4,53,30,23,2019
222000,"Gef hrliche und schwere K rperverletzung, Verst mmelung weiblicher Genitalien    224, 226, 226a, 231 StGB",5562032,Recklinghausen,insg.,294,195,99,1,1,0,14,8,6,15,9,6,26,14,12,24,16,8,215,150,65,14,6,8,229,156,73,2019
222000,"Gef hrliche und schwere K rperverletzung, Verst mmelung weiblicher Genitalien    224, 226, 226a, 231 StGB",9362000,Regensburg,voll.,299,246,53,0,0,0,5,3,2,5,3,2,20,13,7,59,50,9,208,175,33,7,5,2,215,180,35,2019
222000,"Gef hrliche und schwere K rperverletzung, Verst mmelung weiblicher Genitalien    224, 226, 226a, 231 StGB",9362000,Regensburg,vers.,57,35,22,1,0,1,1,1,0,2,1,1,0,0,0,2,1,1,49,29,20,4,4,0,53,33,20,2019
222000,"Gef hrliche und schwere K rperverletzung, Verst mmelung weiblicher Genitalien    224, 226, 226a, 231 StGB",9362000,Regensburg,insg.,356,281,75,1,0,1,6,4,2,7,4,3,20,13,7,61,51,10,257,204,53,11,9,2,268,213,55,2019
222000,"Gef hrliche und schwere K rperverletzung, Verst mmelung weiblicher Genitalien    224, 226, 226a, 231 StGB",5120000,Remscheid,voll.,192,130,62,1,1,0,13,9,4,14,10,4,15,12,3,30,23,7,123,78,45,10,7,3,133,85,48,2019
222000,"Gef hrliche und schwere K rperverletzung, Verst mmelung weiblicher Genitalien    224, 226, 226a, 231 StGB",5120000,Remscheid,vers.,33,21,12,0,0,0,3,2,1,3,2,1,0,0,0,4,2,2,23,15,8,3,2,1,26,17,9,2019
222000,"Gef hrliche und schwere K rperverletzung, Verst mmelung weiblicher Genitalien    224, 226, 226a, 231 StGB",5120000,Remscheid,insg.,225,151,74,1,1,0,16,11,5,17,12,5,15,12,3,34,25,9,146,93,53,13,9,4,159,102,57,2019
222000,"Gef hrliche und schwere K rperverletzung, Verst mmelung weiblicher Genitalien    224, 226, 226a, 231 StGB",8415061,Reutlingen,voll.,247,173,74,1,0,1,12,5,7,13,5,8,30,19,11,40,32,8,153,111,42,11,6,5,164,117,47,2019
222000,"Gef hrliche und schwere K rperverletzung, Verst mmelung weiblicher Genitalien    224, 226, 226a, 231 StGB",8415061,Reutlingen,vers.,35,25,10,1,1,0,1,0,1,2,1,1,5,3,2,1,0,1,25,21,4,2,0,2,27,21,6,2019
222000,"Gef hrliche und schwere K rperverletzung, Verst mmelung weiblicher Genitalien    224, 226, 226a, 231 StGB",8415061,Reutlingen,insg.,282,198,84,2,1,1,13,5,8,15,6,9,35,22,13,41,32,9,178,132,46,13,6,7,191,138,53,2019
222000,"Gef hrliche und schwere K rperverletzung, Verst mmelung weiblicher Genitalien    224, 226, 226a, 231 StGB",13003000,Rostock,voll.,469,348,121,0,0,0,31,20,11,31,20,11,46,37,9,69,48,21,303,228,75,20,15,5,323,243,80,2019
222000,"Gef hrliche und schwere K rperverletzung, Verst mmelung weiblicher Genitalien    224, 226, 226a, 231 StGB",13003000,Rostock,vers.,98,61,37,1,1,0,4,3,1,5,4,1,5,1,4,6,4,2,79,50,29,3,2,1,82,52,30,2019
222000,"Gef hrliche und schwere K rperverletzung, Verst mmelung weiblicher Genitalien    224, 226, 226a, 231 StGB",13003000,Rostock,insg.,567,409,158,1,1,0,35,23,12,36,24,12,51,38,13,75,52,23,382,278,104,23,17,6,405,295,110,2019
222000,"Gef hrliche und schwere K rperverletzung, Verst mmelung weiblicher Genitalien    224, 226, 226a, 231 StGB",10041100,Saarbr cken,voll.,813,618,195,2,1,1,19,12,7,21,13,8,69,54,15,130,99,31,562,428,134,31,24,7,593,452,141,2019
222000,"Gef hrliche und schwere K rperverletzung, Verst mmelung weiblicher Genitalien    224, 226, 226a, 231 StGB",10041100,Saarbr cken,vers.,110,81,29,1,1,0,1,1,0,2,2,0,7,5,2,10,7,3,80,59,21,11,8,3,91,67,24,2019
222000,"Gef hrliche und schwere K rperverletzung, Verst mmelung weiblicher Genitalien    224, 226, 226a, 231 StGB",10041100,Saarbr cken,insg.,923,699,224,3,2,1,20,13,7,23,15,8,76,59,17,140,106,34,642,487,155,42,32,10,684,519,165,2019
222000,"Gef hrliche und schwere K rperverletzung, Verst mmelung weiblicher Genitalien    224, 226, 226a, 231 StGB",3102000,Salzgitter,voll.,247,168,79,2,0,2,18,16,2,20,16,4,41,22,19,17,10,7,164,117,47,5,3,2,169,120,49,2019
222000,"Gef hrliche und schwere K rperverletzung, Verst mmelung weiblicher Genitalien    224, 226, 226a, 231 StGB",3102000,Salzgitter,vers.,22,16,6,0,0,0,4,3,1,4,3,1,1,1,0,0,0,0,15,12,3,2,0,2,17,12,5,2019
222000,"Gef hrliche und schwere K rperverletzung, Verst mmelung weiblicher Genitalien    224, 226, 226a, 231 StGB",3102000,Salzgitter,insg.,269,184,85,2,0,2,22,19,3,24,19,5,42,23,19,17,10,7,179,129,50,7,3,4,186,132,54,2019
222000,"Gef hrliche und schwere K rperverletzung, Verst mmelung weiblicher Genitalien    224, 226, 226a, 231 StGB",13004000,Schwerin,voll.,307,240,67,3,1,2,33,23,10,36,24,12,31,23,8,56,48,8,173,137,36,11,8,3,184,145,39,2019
222000,"Gef hrliche und schwere K rperverletzung, Verst mmelung weiblicher Genitalien    224, 226, 226a, 231 StGB",13004000,Schwerin,vers.,59,46,13,0,0,0,5,4,1,5,4,1,4,4,0,3,3,0,41,32,9,6,3,3,47,35,12,2019
222000,"Gef hrliche und schwere K rperverletzung, Verst mmelung weiblicher Genitalien    224, 226, 226a, 231 StGB",13004000,Schwerin,insg.,366,286,80,3,1,2,38,27,11,41,28,13,35,27,8,59,51,8,214,169,45,17,11,6,231,180,51,2019
222000,"Gef hrliche und schwere K rperverletzung, Verst mmelung weiblicher Genitalien    224, 226, 226a, 231 StGB",5970040,Siegen,voll.,172,132,40,1,1,0,0,0,0,1,1,0,18,13,5,16,13,3,122,97,25,15,8,7,137,105,32,2019
222000,"Gef hrliche und schwere K rperverletzung, Verst mmelung weiblicher Genitalien    224, 226, 226a, 231 StGB",5970040,Siegen,vers.,21,15,6,0,0,0,0,0,0,0,0,0,3,2,1,2,0,2,15,12,3,1,1,0,16,13,3,2019
222000,"Gef hrliche und schwere K rperverletzung, Verst mmelung weiblicher Genitalien    224, 226, 226a, 231 StGB",5970040,Siegen,insg.,193,147,46,1,1,0,0,0,0,1,1,0,21,15,6,18,13,5,137,109,28,16,9,7,153,118,35,2019
222000,"Gef hrliche und schwere K rperverletzung, Verst mmelung weiblicher Genitalien    224, 226, 226a, 231 StGB",5122000,Solingen,voll.,285,169,116,2,2,0,21,15,6,23,17,6,23,11,12,36,22,14,188,107,81,15,12,3,203,119,84,2019
222000,"Gef hrliche und schwere K rperverletzung, Verst mmelung weiblicher Genitalien    224, 226, 226a, 231 StGB",5122000,Solingen,vers.,47,28,19,1,1,0,2,1,1,3,2,1,3,1,2,0,0,0,37,23,14,4,2,2,41,25,16,2019
222000,"Gef hrliche und schwere K rperverletzung, Verst mmelung weiblicher Genitalien    224, 226, 226a, 231 StGB",5122000,Solingen,insg.,332,197,135,3,3,0,23,16,7,26,19,7,26,12,14,36,22,14,225,130,95,19,14,5,244,144,100,2019
222000,"Gef hrliche und schwere K rperverletzung, Verst mmelung weiblicher Genitalien    224, 226, 226a, 231 StGB",8111000,Stuttgart,voll.,1864,1472,392,9,8,1,92,57,35,101,65,36,165,125,40,305,260,45,1239,982,257,54,40,14,1293,1022,271,2019
222000,"Gef hrliche und schwere K rperverletzung, Verst mmelung weiblicher Genitalien    224, 226, 226a, 231 StGB",8111000,Stuttgart,vers.,356,288,68,2,0,2,5,3,2,7,3,4,16,11,5,30,27,3,283,236,47,20,11,9,303,247,56,2019
222000,"Gef hrliche und schwere K rperverletzung, Verst mmelung weiblicher Genitalien    224, 226, 226a, 231 StGB",8111000,Stuttgart,insg.,2220,1760,460,11,8,3,97,60,37,108,68,40,181,136,45,335,287,48,1522,1218,304,74,51,23,1596,1269,327,2019
222000,"Gef hrliche und schwere K rperverletzung, Verst mmelung weiblicher Genitalien    224, 226, 226a, 231 StGB",7211000,Trier,voll.,264,192,72,0,0,0,9,7,2,9,7,2,28,16,12,39,33,6,175,132,43,13,4,9,188,136,52,2019
222000,"Gef hrliche und schwere K rperverletzung, Verst mmelung weiblicher Genitalien    224, 226, 226a, 231 StGB",7211000,Trier,vers.,22,19,3,0,0,0,1,1,0,1,1,0,1,1,0,1,1,0,17,14,3,2,2,0,19,16,3,2019
222000,"Gef hrliche und schwere K rperverletzung, Verst mmelung weiblicher Genitalien    224, 226, 226a, 231 StGB",7211000,Trier,insg.,286,211,75,0,0,0,10,8,2,10,8,2,29,17,12,40,34,6,192,146,46,15,6,9,207,152,55,2019
222000,"Gef hrliche und schwere K rperverletzung, Verst mmelung weiblicher Genitalien    224, 226, 226a, 231 StGB",8421000,Ulm,voll.,320,253,67,3,1,2,14,9,5,17,10,7,30,27,3,39,33,6,224,178,46,10,5,5,234,183,51,2019
222000,"Gef hrliche und schwere K rperverletzung, Verst mmelung weiblicher Genitalien    224, 226, 226a, 231 StGB",8421000,Ulm,vers.,29,23,6,0,0,0,0,0,0,0,0,0,0,0,0,4,3,1,23,19,4,2,1,1,25,20,5,2019
222000,"Gef hrliche und schwere K rperverletzung, Verst mmelung weiblicher Genitalien    224, 226, 226a, 231 StGB",8421000,Ulm,insg.,349,276,73,3,1,2,14,9,5,17,10,7,30,27,3,43,36,7,247,197,50,12,6,6,259,203,56,2019
222000,"Gef hrliche und schwere K rperverletzung, Verst mmelung weiblicher Genitalien    224, 226, 226a, 231 StGB",6414000,Wiesbaden,voll.,806,579,227,4,4,0,26,19,7,30,23,7,87,66,21,116,92,24,544,382,162,29,16,13,573,398,175,2019
222000,"Gef hrliche und schwere K rperverletzung, Verst mmelung weiblicher Genitalien    224, 226, 226a, 231 StGB",6414000,Wiesbaden,vers.,97,60,37,0,0,0,3,3,0,3,3,0,8,3,5,13,10,3,68,42,26,5,2,3,73,44,29,2019
222000,"Gef hrliche und schwere K rperverletzung, Verst mmelung weiblicher Genitalien    224, 226, 226a, 231 StGB",6414000,Wiesbaden,insg.,903,639,264,4,4,0,29,22,7,33,26,7,95,69,26,129,102,27,612,424,188,34,18,16,646,442,204,2019
222000,"Gef hrliche und schwere K rperverletzung, Verst mmelung weiblicher Genitalien    224, 226, 226a, 231 StGB",3103000,Wolfsburg,voll.,210,165,45,3,2,1,13,11,2,16,13,3,19,16,3,28,21,7,136,106,30,11,9,2,147,115,32,2019
222000,"Gef hrliche und schwere K rperverletzung, Verst mmelung weiblicher Genitalien    224, 226, 226a, 231 StGB",3103000,Wolfsburg,vers.,16,12,4,0,0,0,0,0,0,0,0,0,0,0,0,1,1,0,15,11,4,0,0,0,15,11,4,2019
222000,"Gef hrliche und schwere K rperverletzung, Verst mmelung weiblicher Genitalien    224, 226, 226a, 231 StGB",3103000,Wolfsburg,insg.,226,177,49,3,2,1,13,11,2,16,13,3,19,16,3,29,22,7,151,117,34,11,9,2,162,126,36,2019
222000,"Gef hrliche und schwere K rperverletzung, Verst mmelung weiblicher Genitalien    224, 226, 226a, 231 StGB",5124000,Wuppertal,voll.,854,572,282,3,2,1,43,30,13,46,32,14,100,61,39,101,70,31,581,390,191,26,19,7,607,409,198,2019
222000,"Gef hrliche und schwere K rperverletzung, Verst mmelung weiblicher Genitalien    224, 226, 226a, 231 StGB",5124000,Wuppertal,vers.,174,112,62,4,1,3,4,4,0,8,5,3,11,6,5,10,8,2,139,89,50,6,4,2,145,93,52,2019
222000,"Gef hrliche und schwere K rperverletzung, Verst mmelung weiblicher Genitalien    224, 226, 226a, 231 StGB",5124000,Wuppertal,insg.,1028,684,344,7,3,4,47,34,13,54,37,17,111,67,44,111,78,33,720,479,241,32,23,9,752,502,250,2019
222000,"Gef hrliche und schwere K rperverletzung, Verst mmelung weiblicher Genitalien    224, 226, 226a, 231 StGB",9663000,W rzburg,voll.,334,264,70,1,1,0,11,4,7,12,5,7,67,52,15,83,75,8,165,128,37,7,4,3,172,132,40,2019
222000,"Gef hrliche und schwere K rperverletzung, Verst mmelung weiblicher Genitalien    224, 226, 226a, 231 StGB",9663000,W rzburg,vers.,76,58,18,0,0,0,1,1,0,1,1,0,9,6,3,6,6,0,58,43,15,2,2,0,60,45,15,2019
222000,"Gef hrliche und schwere K rperverletzung, Verst mmelung weiblicher Genitalien    224, 226, 226a, 231 StGB",9663000,W rzburg,insg.,410,322,88,1,1,0,12,5,7,13,6,7,76,58,18,89,81,8,223,171,52,9,6,3,232,177,55,2019
224000,Vors tzliche einfache K rperverletzung   223 StGB,5334002,Aachen,voll.,1527,841,686,7,6,1,56,29,27,63,35,28,88,45,43,174,107,67,1103,595,508,99,59,40,1202,654,548,2019
224000,Vors tzliche einfache K rperverletzung   223 StGB,5334002,Aachen,vers.,50,28,22,0,0,0,2,2,0,2,2,0,0,0,0,3,1,2,43,23,20,2,2,0,45,25,20,2019
224000,Vors tzliche einfache K rperverletzung   223 StGB,5334002,Aachen,insg.,1577,869,708,7,6,1,58,31,27,65,37,28,88,45,43,177,108,69,1146,618,528,101,61,40,1247,679,568,2019
224000,Vors tzliche einfache K rperverletzung   223 StGB,9761000,Augsburg,voll.,2292,1497,795,6,5,1,88,67,21,94,72,22,174,108,66,263,180,83,1639,1059,580,122,78,44,1761,1137,624,2019
224000,Vors tzliche einfache K rperverletzung   223 StGB,9761000,Augsburg,vers.,234,196,38,1,1,0,4,3,1,5,4,1,13,10,3,31,31,0,181,148,33,4,3,1,185,151,34,2019
224000,Vors tzliche einfache K rperverletzung   223 StGB,9761000,Augsburg,insg.,2526,1693,833,7,6,1,92,70,22,99,76,23,187,118,69,294,211,83,1820,1207,613,126,81,45,1946,1288,658,2019
224000,Vors tzliche einfache K rperverletzung   223 StGB,5378004,Bergisch Gladbach,voll.,462,221,241,4,1,3,11,6,5,15,7,8,46,28,18,39,20,19,325,149,176,37,17,20,362,166,196,2019
224000,Vors tzliche einfache K rperverletzung   223 StGB,5378004,Bergisch Gladbach,vers.,15,7,8,1,1,0,0,0,0,1,1,0,0,0,0,0,0,0,13,5,8,1,1,0,14,6,8,2019
224000,Vors tzliche einfache K rperverletzung   223 StGB,5378004,Bergisch Gladbach,insg.,477,228,249,5,2,3,11,6,5,16,8,8,46,28,18,39,20,19,338,154,184,38,18,20,376,172,204,2019
224000,Vors tzliche einfache K rperverletzung   223 StGB,11000000,Berlin,voll.,29648,17290,12358,227,134,93,1941,1260,681,2168,1394,774,1957,1157,800,1886,1077,809,21895,12687,9208,1742,975,767,23637,13662,9975,2019
224000,Vors tzliche einfache K rperverletzung   223 StGB,11000000,Berlin,vers.,2390,1663,727,12,6,6,75,42,33,87,48,39,93,57,36,108,77,31,1927,1375,552,175,106,69,2102,1481,621,2019
224000,Vors tzliche einfache K rperverletzung   223 StGB,11000000,Berlin,insg.,32038,18953,13085,239,140,99,2016,1302,714,2255,1442,813,2050,1214,836,1994,1154,840,23822,14062,9760,1917,1081,836,25739,15143,10596,2019
224000,Vors tzliche einfache K rperverletzung   223 StGB,5711000,Bielefeld,voll.,1555,834,721,8,6,2,56,43,13,64,49,15,103,68,35,128,65,63,1163,603,560,97,49,48,1260,652,608,2019
224000,Vors tzliche einfache K rperverletzung   223 StGB,5711000,Bielefeld,vers.,84,49,35,0,0,0,2,1,1,2,1,1,5,3,2,10,6,4,60,36,24,7,3,4,67,39,28,2019
224000,Vors tzliche einfache K rperverletzung   223 StGB,5711000,Bielefeld,insg.,1639,883,756,8,6,2,58,44,14,66,50,16,108,71,37,138,71,67,1223,639,584,104,52,52,1327,691,636,2019
224000,Vors tzliche einfache K rperverletzung   223 StGB,5911000,Bochum,voll.,2325,1263,1062,11,10,1,102,64,38,113,74,39,221,138,83,235,138,97,1641,850,791,115,63,52,1756,913,843,2019
224000,Vors tzliche einfache K rperverletzung   223 StGB,5911000,Bochum,vers.,93,58,35,0,0,0,3,3,0,3,3,0,6,3,3,4,3,1,75,48,27,5,1,4,80,49,31,2019
224000,Vors tzliche einfache K rperverletzung   223 StGB,5911000,Bochum,insg.,2418,1321,1097,11,10,1,105,67,38,116,77,39,227,141,86,239,141,98,1716,898,818,120,64,56,1836,962,874,2019
224000,Vors tzliche einfache K rperverletzung   223 StGB,5314000,Bonn,voll.,2015,1159,856,9,6,3,101,64,37,110,70,40,163,99,64,202,123,79,1404,790,614,136,77,59,1540,867,673,2019
224000,Vors tzliche einfache K rperverletzung   223 StGB,5314000,Bonn,vers.,87,59,28,0,0,0,3,3,0,3,3,0,2,2,0,7,4,3,65,45,20,10,5,5,75,50,25,2019
224000,Vors tzliche einfache K rperverletzung   223 StGB,5314000,Bonn,insg.,2102,1218,884,9,6,3,104,67,37,113,73,40,165,101,64,209,127,82,1469,835,634,146,82,64,1615,917,698,2019
224000,Vors tzliche einfache K rperverletzung   223 StGB,5512000,Bottrop,voll.,531,278,253,4,1,3,34,19,15,38,20,18,62,32,30,49,32,17,351,177,174,31,17,14,382,194,188,2019
224000,Vors tzliche einfache K rperverletzung   223 StGB,5512000,Bottrop,vers.,27,16,11,0,0,0,0,0,0,0,0,0,1,1,0,1,0,1,22,12,10,3,3,0,25,15,10,2019
224000,Vors tzliche einfache K rperverletzung   223 StGB,5512000,Bottrop,insg.,558,294,264,4,1,3,34,19,15,38,20,18,63,33,30,50,32,18,373,189,184,34,20,14,407,209,198,2019
224000,Vors tzliche einfache K rperverletzung   223 StGB,3101000,Braunschweig,voll.,1620,986,634,11,6,5,99,61,38,110,67,43,131,80,51,186,113,73,1124,684,440,69,42,27,1193,726,467,2019
224000,Vors tzliche einfache K rperverletzung   223 StGB,3101000,Braunschweig,vers.,71,57,14,0,0,0,0,0,0,0,0,0,2,2,0,12,8,4,54,46,8,3,1,2,57,47,10,2019
224000,Vors tzliche einfache K rperverletzung   223 StGB,3101000,Braunschweig,insg.,1691,1043,648,11,6,5,99,61,38,110,67,43,133,82,51,198,121,77,1178,730,448,72,43,29,1250,773,477,2019
224000,Vors tzliche einfache K rperverletzung   223 StGB,4011000,Bremen,voll.,3869,2381,1488,13,6,7,121,73,48,134,79,55,314,182,132,377,255,122,2813,1724,1089,231,141,90,3044,1865,1179,2019
224000,Vors tzliche einfache K rperverletzung   223 StGB,4011000,Bremen,vers.,182,139,43,1,1,0,2,0,2,3,1,2,6,5,1,16,13,3,144,110,34,13,10,3,157,120,37,2019
224000,Vors tzliche einfache K rperverletzung   223 StGB,4011000,Bremen,insg.,4051,2520,1531,14,7,7,123,73,50,137,80,57,320,187,133,393,268,125,2957,1834,1123,244,151,93,3201,1985,1216,2019
224000,Vors tzliche einfache K rperverletzung   223 StGB,4012000,Bremerhaven,voll.,1026,514,512,6,2,4,51,36,15,57,38,19,91,48,43,80,36,44,755,365,390,43,27,16,798,392,406,2019
224000,Vors tzliche einfache K rperverletzung   223 StGB,4012000,Bremerhaven,vers.,22,17,5,0,0,0,0,0,0,0,0,0,0,0,0,3,1,2,16,13,3,3,3,0,19,16,3,2019
224000,Vors tzliche einfache K rperverletzung   223 StGB,4012000,Bremerhaven,insg.,1048,531,517,6,2,4,51,36,15,57,38,19,91,48,43,83,37,46,771,378,393,46,30,16,817,408,409,2019
224000,Vors tzliche einfache K rperverletzung   223 StGB,14511000,Chemnitz,voll.,931,543,388,4,3,1,55,28,27,59,31,28,75,39,36,81,44,37,654,395,259,62,34,28,716,429,287,2019
224000,Vors tzliche einfache K rperverletzung   223 StGB,14511000,Chemnitz,vers.,36,25,11,1,0,1,2,1,1,3,1,2,1,1,0,2,2,0,26,19,7,4,2,2,30,21,9,2019
224000,Vors tzliche einfache K rperverletzung   223 StGB,14511000,Chemnitz,insg.,967,568,399,5,3,2,57,29,28,62,32,30,76,40,36,83,46,37,680,414,266,66,36,30,746,450,296,2019
224000,Vors tzliche einfache K rperverletzung   223 StGB,12052000,Cottbus,voll.,654,381,273,1,0,1,56,32,24,57,32,25,68,36,32,84,56,28,400,231,169,45,26,19,445,257,188,2019
224000,Vors tzliche einfache K rperverletzung   223 StGB,12052000,Cottbus,vers.,28,18,10,0,0,0,4,1,3,4,1,3,4,3,1,2,0,2,16,12,4,2,2,0,18,14,4,2019
224000,Vors tzliche einfache K rperverletzung   223 StGB,12052000,Cottbus,insg.,682,399,283,1,0,1,60,33,27,61,33,28,72,39,33,86,56,30,416,243,173,47,28,19,463,271,192,2019
224000,Vors tzliche einfache K rperverletzung   223 StGB,6411000,Darmstadt,voll.,648,393,255,4,0,4,24,16,8,28,16,12,35,22,13,60,38,22,482,291,191,43,26,17,525,317,208,2019
224000,Vors tzliche einfache K rperverletzung   223 StGB,6411000,Darmstadt,vers.,14,8,6,0,0,0,0,0,0,0,0,0,0,0,0,1,1,0,10,6,4,3,1,2,13,7,6,2019
224000,Vors tzliche einfache K rperverletzung   223 StGB,6411000,Darmstadt,insg.,662,401,261,4,0,4,24,16,8,28,16,12,35,22,13,61,39,22,492,297,195,46,27,19,538,324,214,2019
224000,Vors tzliche einfache K rperverletzung   223 StGB,5913000,Dortmund,voll.,4391,2566,1825,16,9,7,216,141,75,232,150,82,296,174,122,438,262,176,3199,1841,1358,226,139,87,3425,1980,1445,2019
224000,Vors tzliche einfache K rperverletzung   223 StGB,5913000,Dortmund,vers.,180,117,63,1,0,1,5,2,3,6,2,4,10,2,8,11,7,4,139,95,44,14,11,3,153,106,47,2019
224000,Vors tzliche einfache K rperverletzung   223 StGB,5913000,Dortmund,insg.,4571,2683,1888,17,9,8,221,143,78,238,152,86,306,176,130,449,269,180,3338,1936,1402,240,150,90,3578,2086,1492,2019
224000,Vors tzliche einfache K rperverletzung   223 StGB,14612000,Dresden,voll.,2485,1576,909,30,20,10,187,113,74,217,133,84,216,139,77,204,128,76,1722,1102,620,126,74,52,1848,1176,672,2019
224000,Vors tzliche einfache K rperverletzung   223 StGB,14612000,Dresden,vers.,129,104,25,1,1,0,6,3,3,7,4,3,6,4,2,4,3,1,101,85,16,11,8,3,112,93,19,2019
224000,Vors tzliche einfache K rperverletzung   223 StGB,14612000,Dresden,insg.,2614,1680,934,31,21,10,193,116,77,224,137,87,222,143,79,208,131,77,1823,1187,636,137,82,55,1960,1269,691,2019
224000,Vors tzliche einfache K rperverletzung   223 StGB,5112000,Duisburg,voll.,3203,1639,1564,22,16,6,233,147,86,255,163,92,273,165,108,270,137,133,2238,1090,1148,167,84,83,2405,1174,1231,2019
224000,Vors tzliche einfache K rperverletzung   223 StGB,5112000,Duisburg,vers.,114,63,51,1,1,0,4,4,0,5,5,0,6,3,3,2,1,1,91,51,40,10,3,7,101,54,47,2019
224000,Vors tzliche einfache K rperverletzung   223 StGB,5112000,Duisburg,insg.,3317,1702,1615,23,17,6,237,151,86,260,168,92,279,168,111,272,138,134,2329,1141,1188,177,87,90,2506,1228,1278,2019
224000,Vors tzliche einfache K rperverletzung   223 StGB,5111000,D sseldorf,voll.,4179,2596,1583,21,13,8,152,102,50,173,115,58,330,187,143,411,279,132,3038,1877,1161,227,138,89,3265,2015,1250,2019
224000,Vors tzliche einfache K rperverletzung   223 StGB,5111000,D sseldorf,vers.,130,82,48,0,0,0,1,0,1,1,0,1,5,3,2,4,3,1,110,70,40,10,6,4,120,76,44,2019
224000,Vors tzliche einfache K rperverletzung   223 StGB,5111000,D sseldorf,insg.,4309,2678,1631,21,13,8,153,102,51,174,115,59,335,190,145,415,282,133,3148,1947,1201,237,144,93,3385,2091,1294,2019
224000,Vors tzliche einfache K rperverletzung   223 StGB,16051000,Erfurt,voll.,1467,872,595,7,4,3,122,73,49,129,77,52,108,69,39,146,94,52,1015,599,416,69,33,36,1084,632,452,2019
224000,Vors tzliche einfache K rperverletzung   223 StGB,16051000,Erfurt,vers.,124,86,38,2,1,1,0,0,0,2,1,1,7,5,2,6,5,1,101,70,31,8,5,3,109,75,34,2019
224000,Vors tzliche einfache K rperverletzung   223 StGB,16051000,Erfurt,insg.,1591,958,633,9,5,4,122,73,49,131,78,53,115,74,41,152,99,53,1116,669,447,77,38,39,1193,707,486,2019
224000,Vors tzliche einfache K rperverletzung   223 StGB,9562000,Erlangen,voll.,498,323,175,1,1,0,8,7,1,9,8,1,28,22,6,52,38,14,385,240,145,24,15,9,409,255,154,2019
224000,Vors tzliche einfache K rperverletzung   223 StGB,9562000,Erlangen,vers.,31,20,11,0,0,0,0,0,0,0,0,0,4,3,1,0,0,0,26,17,9,1,0,1,27,17,10,2019
224000,Vors tzliche einfache K rperverletzung   223 StGB,9562000,Erlangen,insg.,529,343,186,1,1,0,8,7,1,9,8,1,32,25,7,52,38,14,411,257,154,25,15,10,436,272,164,2019
224000,Vors tzliche einfache K rperverletzung   223 StGB,5113000,Essen,voll.,2552,1388,1164,19,10,9,160,114,46,179,124,55,194,111,83,208,115,93,1826,956,870,145,82,63,1971,1038,933,2019
224000,Vors tzliche einfache K rperverletzung   223 StGB,5113000,Essen,vers.,82,47,35,1,0,1,1,1,0,2,1,1,2,1,1,2,2,0,59,32,27,17,11,6,76,43,33,2019
224000,Vors tzliche einfache K rperverletzung   223 StGB,5113000,Essen,insg.,2634,1435,1199,20,10,10,161,115,46,181,125,56,196,112,84,210,117,93,1885,988,897,162,93,69,2047,1081,966,2019
224000,Vors tzliche einfache K rperverletzung   223 StGB,6412000,Frankfurt am Main,voll.,4320,2477,1843,36,20,16,128,87,41,164,107,57,215,132,83,314,182,132,3373,1876,1497,254,180,74,3627,2056,1571,2019
224000,Vors tzliche einfache K rperverletzung   223 StGB,6412000,Frankfurt am Main,vers.,152,107,45,1,1,0,2,2,0,3,3,0,3,1,2,8,6,2,127,90,37,11,7,4,138,97,41,2019
224000,Vors tzliche einfache K rperverletzung   223 StGB,6412000,Frankfurt am Main,insg.,4472,2584,1888,37,21,16,130,89,41,167,110,57,218,133,85,322,188,134,3500,1966,1534,265,187,78,3765,2153,1612,2019
224000,Vors tzliche einfache K rperverletzung   223 StGB,8311000,Freiburg im Breisgau,voll.,1845,1176,669,25,16,9,69,46,23,94,62,32,151,88,63,196,130,66,1312,839,473,92,57,35,1404,896,508,2019
224000,Vors tzliche einfache K rperverletzung   223 StGB,8311000,Freiburg im Breisgau,vers.,132,101,31,1,1,0,0,0,0,1,1,0,4,2,2,7,4,3,110,87,23,10,7,3,120,94,26,2019
224000,Vors tzliche einfache K rperverletzung   223 StGB,8311000,Freiburg im Breisgau,insg.,1977,1277,700,26,17,9,69,46,23,95,63,32,155,90,65,203,134,69,1422,926,496,102,64,38,1524,990,534,2019
224000,Vors tzliche einfache K rperverletzung   223 StGB,9563000,F rth,voll.,394,224,170,4,3,1,23,15,8,27,18,9,44,21,23,32,20,12,270,148,122,21,17,4,291,165,126,2019
224000,Vors tzliche einfache K rperverletzung   223 StGB,9563000,F rth,vers.,19,12,7,0,0,0,0,0,0,0,0,0,2,0,2,0,0,0,15,11,4,2,1,1,17,12,5,2019
224000,Vors tzliche einfache K rperverletzung   223 StGB,9563000,F rth,insg.,413,236,177,4,3,1,23,15,8,27,18,9,46,21,25,32,20,12,285,159,126,23,18,5,308,177,131,2019
224000,Vors tzliche einfache K rperverletzung   223 StGB,5513000,Gelsenkirchen,voll.,2116,1068,1048,13,7,6,151,88,63,164,95,69,188,103,85,168,81,87,1480,727,753,116,62,54,1596,789,807,2019
224000,Vors tzliche einfache K rperverletzung   223 StGB,5513000,Gelsenkirchen,vers.,45,22,23,0,0,0,0,0,0,0,0,0,4,2,2,2,1,1,32,15,17,7,4,3,39,19,20,2019
224000,Vors tzliche einfache K rperverletzung   223 StGB,5513000,Gelsenkirchen,insg.,2161,1090,1071,13,7,6,151,88,63,164,95,69,192,105,87,170,82,88,1512,742,770,123,66,57,1635,808,827,2019
224000,Vors tzliche einfache K rperverletzung   223 StGB,3159016,G ttingen,voll.,875,546,329,2,1,1,31,16,15,33,17,16,63,36,27,107,80,27,631,396,235,41,17,24,672,413,259,2019
224000,Vors tzliche einfache K rperverletzung   223 StGB,3159016,G ttingen,vers.,59,44,15,0,0,0,0,0,0,0,0,0,0,0,0,2,2,0,53,39,14,4,3,1,57,42,15,2019
224000,Vors tzliche einfache K rperverletzung   223 StGB,3159016,G ttingen,insg.,934,590,344,2,1,1,31,16,15,33,17,16,63,36,27,109,82,27,684,435,249,45,20,25,729,455,274,2019
224000,Vors tzliche einfache K rperverletzung   223 StGB,5754008,G tersloh,voll.,448,230,218,1,0,1,21,16,5,22,16,6,38,24,14,46,27,19,329,154,175,13,9,4,342,163,179,2019
224000,Vors tzliche einfache K rperverletzung   223 StGB,5754008,G tersloh,vers.,18,7,11,0,0,0,0,0,0,0,0,0,3,2,1,3,1,2,11,4,7,1,0,1,12,4,8,2019
224000,Vors tzliche einfache K rperverletzung   223 StGB,5754008,G tersloh,insg.,466,237,229,1,0,1,21,16,5,22,16,6,41,26,15,49,28,21,340,158,182,14,9,5,354,167,187,2019
224000,Vors tzliche einfache K rperverletzung   223 StGB,5914000,Hagen,voll.,1255,681,574,9,5,4,90,63,27,99,68,31,127,62,65,106,60,46,862,454,408,61,37,24,923,491,432,2019
224000,Vors tzliche einfache K rperverletzung   223 StGB,5914000,Hagen,vers.,40,26,14,0,0,0,4,4,0,4,4,0,1,1,0,1,1,0,32,19,13,2,1,1,34,20,14,2019
224000,Vors tzliche einfache K rperverletzung   223 StGB,5914000,Hagen,insg.,1295,707,588,9,5,4,94,67,27,103,72,31,128,63,65,107,61,46,894,473,421,63,38,25,957,511,446,2019
224000,Vors tzliche einfache K rperverletzung   223 StGB,15002000,Halle (Saale),voll.,2104,1287,817,17,11,6,156,111,45,173,122,51,192,127,65,182,109,73,1457,869,588,100,60,40,1557,929,628,2019
224000,Vors tzliche einfache K rperverletzung   223 StGB,15002000,Halle (Saale),vers.,142,107,35,1,0,1,4,2,2,5,2,3,8,8,0,10,7,3,113,84,29,6,6,0,119,90,29,2019
224000,Vors tzliche einfache K rperverletzung   223 StGB,15002000,Halle (Saale),insg.,2246,1394,852,18,11,7,160,113,47,178,124,54,200,135,65,192,116,76,1570,953,617,106,66,40,1676,1019,657,2019
224000,Vors tzliche einfache K rperverletzung   223 StGB,2000000,Hamburg,voll.,14900,8925,5975,100,69,31,792,524,268,892,593,299,950,551,399,1229,730,499,11019,6568,4451,810,483,327,11829,7051,4778,2019
224000,Vors tzliche einfache K rperverletzung   223 StGB,2000000,Hamburg,vers.,521,361,160,2,2,0,16,10,6,18,12,6,18,12,6,41,26,15,403,283,120,41,28,13,444,311,133,2019
224000,Vors tzliche einfache K rperverletzung   223 StGB,2000000,Hamburg,insg.,15421,9286,6135,102,71,31,808,534,274,910,605,305,968,563,405,1270,756,514,11422,6851,4571,851,511,340,12273,7362,4911,2019
224000,Vors tzliche einfache K rperverletzung   223 StGB,5915000,Hamm,voll.,1026,498,528,10,8,2,49,36,13,59,44,15,110,52,58,86,39,47,716,323,393,55,40,15,771,363,408,2019
224000,Vors tzliche einfache K rperverletzung   223 StGB,5915000,Hamm,vers.,34,15,19,0,0,0,3,1,2,3,1,2,4,2,2,3,1,2,22,10,12,2,1,1,24,11,13,2019
224000,Vors tzliche einfache K rperverletzung   223 StGB,5915000,Hamm,insg.,1060,513,547,10,8,2,52,37,15,62,45,17,114,54,60,89,40,49,738,333,405,57,41,16,795,374,421,2019
224000,Vors tzliche einfache K rperverletzung   223 StGB,3241001,Hannover,voll.,5144,3167,1977,30,18,12,225,145,80,255,163,92,361,205,156,458,302,156,3830,2346,1484,240,151,89,4070,2497,1573,2019
224000,Vors tzliche einfache K rperverletzung   223 StGB,3241001,Hannover,vers.,306,235,71,1,1,0,3,1,2,4,2,2,7,5,2,22,16,6,255,201,54,18,11,7,273,212,61,2019
224000,Vors tzliche einfache K rperverletzung   223 StGB,3241001,Hannover,insg.,5450,3402,2048,31,19,12,228,146,82,259,165,94,368,210,158,480,318,162,4085,2547,1538,258,162,96,4343,2709,1634,2019
224000,Vors tzliche einfache K rperverletzung   223 StGB,8221000,Heidelberg,voll.,842,572,270,14,9,5,24,11,13,38,20,18,36,27,9,72,54,18,642,436,206,54,35,19,696,471,225,2019
224000,Vors tzliche einfache K rperverletzung   223 StGB,8221000,Heidelberg,vers.,44,32,12,0,0,0,0,0,0,0,0,0,1,1,0,2,2,0,33,25,8,8,4,4,41,29,12,2019
224000,Vors tzliche einfache K rperverletzung   223 StGB,8221000,Heidelberg,insg.,886,604,282,14,9,5,24,11,13,38,20,18,37,28,9,74,56,18,675,461,214,62,39,23,737,500,237,2019
224000,Vors tzliche einfache K rperverletzung   223 StGB,8121000,Heilbronn,voll.,710,422,288,10,9,1,27,18,9,37,27,10,53,39,14,71,42,29,519,291,228,30,23,7,549,314,235,2019
224000,Vors tzliche einfache K rperverletzung   223 StGB,8121000,Heilbronn,vers.,29,24,5,0,0,0,0,0,0,0,0,0,0,0,0,1,1,0,25,20,5,3,3,0,28,23,5,2019
224000,Vors tzliche einfache K rperverletzung   223 StGB,8121000,Heilbronn,insg.,739,446,293,10,9,1,27,18,9,37,27,10,53,39,14,72,43,29,544,311,233,33,26,7,577,337,240,2019
224000,Vors tzliche einfache K rperverletzung   223 StGB,5916000,Herne,voll.,1114,573,541,10,5,5,66,41,25,76,46,30,123,84,39,100,43,57,746,363,383,69,37,32,815,400,415,2019
224000,Vors tzliche einfache K rperverletzung   223 StGB,5916000,Herne,vers.,40,23,17,0,0,0,1,0,1,1,0,1,3,1,2,2,0,2,29,18,11,5,4,1,34,22,12,2019
224000,Vors tzliche einfache K rperverletzung   223 StGB,5916000,Herne,insg.,1154,596,558,10,5,5,67,41,26,77,46,31,126,85,41,102,43,59,775,381,394,74,41,33,849,422,427,2019
224000,Vors tzliche einfache K rperverletzung   223 StGB,3254021,Hildesheim,voll.,833,440,393,8,4,4,32,23,9,40,27,13,85,33,52,69,35,34,593,315,278,46,30,16,639,345,294,2019
224000,Vors tzliche einfache K rperverletzung   223 StGB,3254021,Hildesheim,vers.,29,18,11,0,0,0,0,0,0,0,0,0,2,1,1,2,0,2,23,17,6,2,0,2,25,17,8,2019
224000,Vors tzliche einfache K rperverletzung   223 StGB,3254021,Hildesheim,insg.,862,458,404,8,4,4,32,23,9,40,27,13,87,34,53,71,35,36,616,332,284,48,30,18,664,362,302,2019
224000,Vors tzliche einfache K rperverletzung   223 StGB,9161000,Ingolstadt,voll.,962,629,333,6,5,1,41,27,14,47,32,15,70,35,35,112,81,31,704,461,243,29,20,9,733,481,252,2019
224000,Vors tzliche einfache K rperverletzung   223 StGB,9161000,Ingolstadt,vers.,65,47,18,2,0,2,0,0,0,2,0,2,2,2,0,10,9,1,51,36,15,0,0,0,51,36,15,2019
224000,Vors tzliche einfache K rperverletzung   223 StGB,9161000,Ingolstadt,insg.,1027,676,351,8,5,3,41,27,14,49,32,17,72,37,35,122,90,32,755,497,258,29,20,9,784,517,267,2019
224000,Vors tzliche einfache K rperverletzung   223 StGB,16053000,Jena,voll.,425,286,139,3,3,0,24,18,6,27,21,6,25,15,10,45,34,11,308,208,100,20,8,12,328,216,112,2019
224000,Vors tzliche einfache K rperverletzung   223 StGB,16053000,Jena,vers.,28,17,11,0,0,0,2,1,1,2,1,1,1,1,0,2,0,2,21,14,7,2,1,1,23,15,8,2019
224000,Vors tzliche einfache K rperverletzung   223 StGB,16053000,Jena,insg.,453,303,150,3,3,0,26,19,7,29,22,7,26,16,10,47,34,13,329,222,107,22,9,13,351,231,120,2019
224000,Vors tzliche einfache K rperverletzung   223 StGB,8212000,Karlsruhe,voll.,1335,820,515,5,3,2,47,35,12,52,38,14,113,73,40,131,86,45,940,565,375,99,58,41,1039,623,416,2019
224000,Vors tzliche einfache K rperverletzung   223 StGB,8212000,Karlsruhe,vers.,74,54,20,0,0,0,1,1,0,1,1,0,5,3,2,11,8,3,52,39,13,5,3,2,57,42,15,2019
224000,Vors tzliche einfache K rperverletzung   223 StGB,8212000,Karlsruhe,insg.,1409,874,535,5,3,2,48,36,12,53,39,14,118,76,42,142,94,48,992,604,388,104,61,43,1096,665,431,2019
224000,Vors tzliche einfache K rperverletzung   223 StGB,6611000,Kassel,voll.,1116,607,509,7,5,2,44,30,14,51,35,16,56,27,29,88,46,42,864,459,405,57,40,17,921,499,422,2019
224000,Vors tzliche einfache K rperverletzung   223 StGB,6611000,Kassel,vers.,40,26,14,0,0,0,1,0,1,1,0,1,0,0,0,3,1,2,30,19,11,6,6,0,36,25,11,2019
224000,Vors tzliche einfache K rperverletzung   223 StGB,6611000,Kassel,insg.,1156,633,523,7,5,2,45,30,15,52,35,17,56,27,29,91,47,44,894,478,416,63,46,17,957,524,433,2019
224000,Vors tzliche einfache K rperverletzung   223 StGB,1002000,Kiel,voll.,1821,1135,686,10,7,3,106,74,32,116,81,35,142,87,55,161,107,54,1311,806,505,91,54,37,1402,860,542,2019
224000,Vors tzliche einfache K rperverletzung   223 StGB,1002000,Kiel,vers.,61,48,13,0,0,0,0,0,0,0,0,0,8,7,1,3,3,0,42,33,9,8,5,3,50,38,12,2019
224000,Vors tzliche einfache K rperverletzung   223 StGB,1002000,Kiel,insg.,1882,1183,699,10,7,3,106,74,32,116,81,35,150,94,56,164,110,54,1353,839,514,99,59,40,1452,898,554,2019
224000,Vors tzliche einfache K rperverletzung   223 StGB,7111000,Koblenz,voll.,921,597,324,7,5,2,46,36,10,53,41,12,79,57,22,107,75,32,635,390,245,47,34,13,682,424,258,2019
224000,Vors tzliche einfache K rperverletzung   223 StGB,7111000,Koblenz,vers.,31,26,5,1,0,1,1,1,0,2,1,1,4,4,0,2,2,0,21,17,4,2,2,0,23,19,4,2019
224000,Vors tzliche einfache K rperverletzung   223 StGB,7111000,Koblenz,insg.,952,623,329,8,5,3,47,37,10,55,42,13,83,61,22,109,77,32,656,407,249,49,36,13,705,443,262,2019
224000,Vors tzliche einfache K rperverletzung   223 StGB,5315000,K ln,voll.,8982,5270,3712,53,31,22,382,234,148,435,265,170,611,332,279,794,462,332,6685,3929,2756,457,282,175,7142,4211,2931,2019
224000,Vors tzliche einfache K rperverletzung   223 StGB,5315000,K ln,vers.,382,234,148,6,3,3,10,7,3,16,10,6,14,10,4,22,15,7,304,182,122,26,17,9,330,199,131,2019
224000,Vors tzliche einfache K rperverletzung   223 StGB,5315000,K ln,insg.,9364,5504,3860,59,34,25,392,241,151,451,275,176,625,342,283,816,477,339,6989,4111,2878,483,299,184,7472,4410,3062,2019
224000,Vors tzliche einfache K rperverletzung   223 StGB,5114000,Krefeld,voll.,1585,850,735,8,6,2,74,39,35,82,45,37,142,78,64,151,82,69,1092,576,516,118,69,49,1210,645,565,2019
224000,Vors tzliche einfache K rperverletzung   223 StGB,5114000,Krefeld,vers.,62,29,33,1,0,1,1,1,0,2,1,1,6,3,3,2,0,2,46,22,24,6,3,3,52,25,27,2019
224000,Vors tzliche einfache K rperverletzung   223 StGB,5114000,Krefeld,insg.,1647,879,768,9,6,3,75,40,35,84,46,38,148,81,67,153,82,71,1138,598,540,124,72,52,1262,670,592,2019
224000,Vors tzliche einfache K rperverletzung   223 StGB,14713000,Leipzig,voll.,3102,1869,1233,28,13,15,181,116,65,209,129,80,224,136,88,276,144,132,2220,1358,862,173,102,71,2393,1460,933,2019
224000,Vors tzliche einfache K rperverletzung   223 StGB,14713000,Leipzig,vers.,155,111,44,1,0,1,3,0,3,4,0,4,2,2,0,9,7,2,127,93,34,13,9,4,140,102,38,2019
224000,Vors tzliche einfache K rperverletzung   223 StGB,14713000,Leipzig,insg.,3257,1980,1277,29,13,16,184,116,68,213,129,84,226,138,88,285,151,134,2347,1451,896,186,111,75,2533,1562,971,2019
224000,Vors tzliche einfache K rperverletzung   223 StGB,5316000,Leverkusen,voll.,1079,588,491,9,6,3,73,45,28,82,51,31,86,54,32,82,46,36,733,373,360,96,64,32,829,437,392,2019
224000,Vors tzliche einfache K rperverletzung   223 StGB,5316000,Leverkusen,vers.,62,37,25,0,0,0,2,2,0,2,2,0,0,0,0,5,3,2,46,27,19,9,5,4,55,32,23,2019
224000,Vors tzliche einfache K rperverletzung   223 StGB,5316000,Leverkusen,insg.,1141,625,516,9,6,3,75,47,28,84,53,31,86,54,32,87,49,38,779,400,379,105,69,36,884,469,415,2019
224000,Vors tzliche einfache K rperverletzung   223 StGB,1003000,L beck,voll.,1833,1112,721,11,7,4,91,61,30,102,68,34,138,77,61,171,115,56,1320,788,532,102,64,38,1422,852,570,2019
224000,Vors tzliche einfache K rperverletzung   223 StGB,1003000,L beck,vers.,112,80,32,2,2,0,5,4,1,7,6,1,5,5,0,8,6,2,76,52,24,16,11,5,92,63,29,2019
224000,Vors tzliche einfache K rperverletzung   223 StGB,1003000,L beck,insg.,1945,1192,753,13,9,4,96,65,31,109,74,35,143,82,61,179,121,58,1396,840,556,118,75,43,1514,915,599,2019
224000,Vors tzliche einfache K rperverletzung   223 StGB,7314000,Ludwigshafen am Rhein,voll.,1620,877,743,15,9,6,129,78,51,144,87,57,148,88,60,127,76,51,1094,566,528,107,60,47,1201,626,575,2019
224000,Vors tzliche einfache K rperverletzung   223 StGB,7314000,Ludwigshafen am Rhein,vers.,133,79,54,1,1,0,4,2,2,5,3,2,12,6,6,17,8,9,84,50,34,15,12,3,99,62,37,2019
224000,Vors tzliche einfache K rperverletzung   223 StGB,7314000,Ludwigshafen am Rhein,insg.,1753,956,797,16,10,6,133,80,53,149,90,59,160,94,66,144,84,60,1178,616,562,122,72,50,1300,688,612,2019
224000,Vors tzliche einfache K rperverletzung   223 StGB,15003000,Magdeburg,voll.,1642,950,692,13,5,8,123,83,40,136,88,48,156,96,60,155,90,65,1126,641,485,69,35,34,1195,676,519,2019
224000,Vors tzliche einfache K rperverletzung   223 StGB,15003000,Magdeburg,vers.,97,68,29,4,3,1,3,2,1,7,5,2,7,5,2,6,4,2,68,48,20,9,6,3,77,54,23,2019
224000,Vors tzliche einfache K rperverletzung   223 StGB,15003000,Magdeburg,insg.,1739,1018,721,17,8,9,126,85,41,143,93,50,163,101,62,161,94,67,1194,689,505,78,41,37,1272,730,542,2019
224000,Vors tzliche einfache K rperverletzung   223 StGB,7315000,Mainz,voll.,1341,846,495,10,6,4,70,48,22,80,54,26,118,70,48,138,94,44,938,595,343,67,33,34,1005,628,377,2019
224000,Vors tzliche einfache K rperverletzung   223 StGB,7315000,Mainz,vers.,106,80,26,0,0,0,2,2,0,2,2,0,9,9,0,6,4,2,80,56,24,9,9,0,89,65,24,2019
224000,Vors tzliche einfache K rperverletzung   223 StGB,7315000,Mainz,insg.,1447,926,521,10,6,4,72,50,22,82,56,26,127,79,48,144,98,46,1018,651,367,76,42,34,1094,693,401,2019
224000,Vors tzliche einfache K rperverletzung   223 StGB,8222000,Mannheim,voll.,1693,950,743,11,4,7,53,38,15,64,42,22,113,60,53,145,76,69,1264,702,562,107,70,37,1371,772,599,2019
224000,Vors tzliche einfache K rperverletzung   223 StGB,8222000,Mannheim,vers.,91,61,30,0,0,0,1,1,0,1,1,0,5,3,2,3,2,1,79,53,26,3,2,1,82,55,27,2019
224000,Vors tzliche einfache K rperverletzung   223 StGB,8222000,Mannheim,insg.,1784,1011,773,11,4,7,54,39,15,65,43,22,118,63,55,148,78,70,1343,755,588,110,72,38,1453,827,626,2019
224000,Vors tzliche einfache K rperverletzung   223 StGB,5170024,Moers,voll.,442,208,234,14,6,8,36,18,18,50,24,26,34,19,15,44,23,21,284,127,157,30,15,15,314,142,172,2019
224000,Vors tzliche einfache K rperverletzung   223 StGB,5170024,Moers,vers.,14,8,6,0,0,0,0,0,0,0,0,0,0,0,0,0,0,0,12,7,5,2,1,1,14,8,6,2019
224000,Vors tzliche einfache K rperverletzung   223 StGB,5170024,Moers,insg.,456,216,240,14,6,8,36,18,18,50,24,26,34,19,15,44,23,21,296,134,162,32,16,16,328,150,178,2019
224000,Vors tzliche einfache K rperverletzung   223 StGB,5116000,M nchengladbach,voll.,1385,718,667,11,8,3,69,46,23,80,54,26,99,52,47,131,69,62,1001,496,505,74,47,27,1075,543,532,2019
224000,Vors tzliche einfache K rperverletzung   223 StGB,5116000,M nchengladbach,vers.,36,26,10,0,0,0,0,0,0,0,0,0,1,1,0,1,0,1,30,21,9,4,4,0,34,25,9,2019
224000,Vors tzliche einfache K rperverletzung   223 StGB,5116000,M nchengladbach,insg.,1421,744,677,11,8,3,69,46,23,80,54,26,100,53,47,132,69,63,1031,517,514,78,51,27,1109,568,541,2019
224000,Vors tzliche einfache K rperverletzung   223 StGB,5117000,M lheim an der Ruhr,voll.,530,264,266,4,2,2,25,17,8,29,19,10,51,30,21,43,24,19,372,169,203,35,22,13,407,191,216,2019
224000,Vors tzliche einfache K rperverletzung   223 StGB,5117000,M lheim an der Ruhr,vers.,21,14,7,0,0,0,0,0,0,0,0,0,3,0,3,2,2,0,13,9,4,3,3,0,16,12,4,2019
224000,Vors tzliche einfache K rperverletzung   223 StGB,5117000,M lheim an der Ruhr,insg.,551,278,273,4,2,2,25,17,8,29,19,10,54,30,24,45,26,19,385,178,207,38,25,13,423,203,220,2019
224000,Vors tzliche einfache K rperverletzung   223 StGB,9162000,M nchen,voll.,6633,4203,2430,58,39,19,211,132,79,269,171,98,386,237,149,588,394,194,5013,3169,1844,377,232,145,5390,3401,1989,2019
224000,Vors tzliche einfache K rperverletzung   223 StGB,9162000,M nchen,vers.,455,353,102,3,3,0,8,5,3,11,8,3,19,15,4,25,15,10,368,289,79,32,26,6,400,315,85,2019
224000,Vors tzliche einfache K rperverletzung   223 StGB,9162000,M nchen,insg.,7088,4556,2532,61,42,19,219,137,82,280,179,101,405,252,153,613,409,204,5381,3458,1923,409,258,151,5790,3716,2074,2019
224000,Vors tzliche einfache K rperverletzung   223 StGB,5515000,M nster,voll.,1832,1105,727,7,2,5,90,55,35,97,57,40,137,81,56,226,152,74,1297,774,523,75,41,34,1372,815,557,2019
224000,Vors tzliche einfache K rperverletzung   223 StGB,5515000,M nster,vers.,55,33,22,0,0,0,0,0,0,0,0,0,3,2,1,7,3,4,43,26,17,2,2,0,45,28,17,2019
224000,Vors tzliche einfache K rperverletzung   223 StGB,5515000,M nster,insg.,1887,1138,749,7,2,5,90,55,35,97,57,40,140,83,57,233,155,78,1340,800,540,77,43,34,1417,843,574,2019
224000,Vors tzliche einfache K rperverletzung   223 StGB,5162024,Neuss,voll.,843,459,384,5,2,3,54,36,18,59,38,21,91,53,38,80,43,37,573,298,275,40,27,13,613,325,288,2019
224000,Vors tzliche einfache K rperverletzung   223 StGB,5162024,Neuss,vers.,15,7,8,1,1,0,0,0,0,1,1,0,1,1,0,1,0,1,11,5,6,1,0,1,12,5,7,2019
224000,Vors tzliche einfache K rperverletzung   223 StGB,5162024,Neuss,insg.,858,466,392,6,3,3,54,36,18,60,39,21,92,54,38,81,43,38,584,303,281,41,27,14,625,330,295,2019
224000,Vors tzliche einfache K rperverletzung   223 StGB,9564000,N rnberg,voll.,3472,2161,1311,23,14,9,188,128,60,211,142,69,267,161,106,331,220,111,2519,1555,964,144,83,61,2663,1638,1025,2019
224000,Vors tzliche einfache K rperverletzung   223 StGB,9564000,N rnberg,vers.,256,191,65,5,1,4,5,4,1,10,5,5,14,13,1,23,15,8,196,149,47,13,9,4,209,158,51,2019
224000,Vors tzliche einfache K rperverletzung   223 StGB,9564000,N rnberg,insg.,3728,2352,1376,28,15,13,193,132,61,221,147,74,281,174,107,354,235,119,2715,1704,1011,157,92,65,2872,1796,1076,2019
224000,Vors tzliche einfache K rperverletzung   223 StGB,5119000,Oberhausen,voll.,1186,622,564,9,6,3,96,63,33,105,69,36,113,66,47,121,65,56,791,388,403,56,34,22,847,422,425,2019
224000,Vors tzliche einfache K rperverletzung   223 StGB,5119000,Oberhausen,vers.,34,21,13,0,0,0,3,2,1,3,2,1,0,0,0,3,3,0,23,13,10,5,3,2,28,16,12,2019
224000,Vors tzliche einfache K rperverletzung   223 StGB,5119000,Oberhausen,insg.,1220,643,577,9,6,3,99,65,34,108,71,37,113,66,47,124,68,56,814,401,413,61,37,24,875,438,437,2019
224000,Vors tzliche einfache K rperverletzung   223 StGB,6413000,Offenbach am Main,voll.,518,196,322,4,1,3,24,14,10,28,15,13,19,11,8,44,12,32,400,141,259,27,17,10,427,158,269,2019
224000,Vors tzliche einfache K rperverletzung   223 StGB,6413000,Offenbach am Main,vers.,7,3,4,0,0,0,0,0,0,0,0,0,1,1,0,1,1,0,5,1,4,0,0,0,5,1,4,2019
224000,Vors tzliche einfache K rperverletzung   223 StGB,6413000,Offenbach am Main,insg.,525,199,326,4,1,3,24,14,10,28,15,13,20,12,8,45,13,32,405,142,263,27,17,10,432,159,273,2019
224000,Vors tzliche einfache K rperverletzung   223 StGB,3403000,Oldenburg (Oldenburg),voll.,997,588,409,5,4,1,27,19,8,32,23,9,81,43,38,107,69,38,731,428,303,46,25,21,777,453,324,2019
224000,Vors tzliche einfache K rperverletzung   223 StGB,3403000,Oldenburg (Oldenburg),vers.,59,39,20,0,0,0,0,0,0,0,0,0,2,2,0,7,5,2,45,29,16,5,3,2,50,32,18,2019
224000,Vors tzliche einfache K rperverletzung   223 StGB,3403000,Oldenburg (Oldenburg),insg.,1056,627,429,5,4,1,27,19,8,32,23,9,83,45,38,114,74,40,776,457,319,51,28,23,827,485,342,2019
224000,Vors tzliche einfache K rperverletzung   223 StGB,3404000,Osnabr ck,voll.,1089,704,385,4,4,0,48,33,15,52,37,15,94,55,39,116,75,41,775,506,269,52,31,21,827,537,290,2019
224000,Vors tzliche einfache K rperverletzung   223 StGB,3404000,Osnabr ck,vers.,45,27,18,1,1,0,1,0,1,2,1,1,5,1,4,0,0,0,37,25,12,1,0,1,38,25,13,2019
224000,Vors tzliche einfache K rperverletzung   223 StGB,3404000,Osnabr ck,insg.,1134,731,403,5,5,0,49,33,16,54,38,16,99,56,43,116,75,41,812,531,281,53,31,22,865,562,303,2019
224000,Vors tzliche einfache K rperverletzung   223 StGB,5774032,Paderborn,voll.,920,546,374,3,3,0,17,15,2,20,18,2,79,51,28,119,81,38,654,369,285,48,27,21,702,396,306,2019
224000,Vors tzliche einfache K rperverletzung   223 StGB,5774032,Paderborn,vers.,48,30,18,0,0,0,0,0,0,0,0,0,4,2,2,6,3,3,37,24,13,1,1,0,38,25,13,2019
224000,Vors tzliche einfache K rperverletzung   223 StGB,5774032,Paderborn,insg.,968,576,392,3,3,0,17,15,2,20,18,2,83,53,30,125,84,41,691,393,298,49,28,21,740,421,319,2019
224000,Vors tzliche einfache K rperverletzung   223 StGB,8231000,Pforzheim,voll.,772,459,313,2,2,0,63,44,19,65,46,19,73,48,25,70,45,25,532,304,228,32,16,16,564,320,244,2019
224000,Vors tzliche einfache K rperverletzung   223 StGB,8231000,Pforzheim,vers.,37,28,9,0,0,0,1,1,0,1,1,0,2,1,1,1,1,0,31,23,8,2,2,0,33,25,8,2019
224000,Vors tzliche einfache K rperverletzung   223 StGB,8231000,Pforzheim,insg.,809,487,322,2,2,0,64,45,19,66,47,19,75,49,26,71,46,25,563,327,236,34,18,16,597,345,252,2019
224000,Vors tzliche einfache K rperverletzung   223 StGB,12054000,Potsdam,voll.,936,549,387,6,3,3,70,47,23,76,50,26,69,38,31,76,46,30,655,378,277,60,37,23,715,415,300,2019
224000,Vors tzliche einfache K rperverletzung   223 StGB,12054000,Potsdam,vers.,56,43,13,0,0,0,1,0,1,1,0,1,7,7,0,5,4,1,37,27,10,6,5,1,43,32,11,2019
224000,Vors tzliche einfache K rperverletzung   223 StGB,12054000,Potsdam,insg.,992,592,400,6,3,3,71,47,24,77,50,27,76,45,31,81,50,31,692,405,287,66,42,24,758,447,311,2019
224000,Vors tzliche einfache K rperverletzung   223 StGB,5562032,Recklinghausen,voll.,874,516,358,6,5,1,47,31,16,53,36,17,99,59,40,90,64,26,572,318,254,60,39,21,632,357,275,2019
224000,Vors tzliche einfache K rperverletzung   223 StGB,5562032,Recklinghausen,vers.,23,16,7,0,0,0,1,0,1,1,0,1,1,1,0,1,1,0,16,10,6,4,4,0,20,14,6,2019
224000,Vors tzliche einfache K rperverletzung   223 StGB,5562032,Recklinghausen,insg.,897,532,365,6,5,1,48,31,17,54,36,18,100,60,40,91,65,26,588,328,260,64,43,21,652,371,281,2019
224000,Vors tzliche einfache K rperverletzung   223 StGB,9362000,Regensburg,voll.,1006,724,282,5,3,2,29,23,6,34,26,8,68,53,15,123,103,20,729,509,220,52,33,19,781,542,239,2019
224000,Vors tzliche einfache K rperverletzung   223 StGB,9362000,Regensburg,vers.,64,50,14,1,1,0,2,0,2,3,1,2,3,3,0,5,4,1,49,39,10,4,3,1,53,42,11,2019
224000,Vors tzliche einfache K rperverletzung   223 StGB,9362000,Regensburg,insg.,1070,774,296,6,4,2,31,23,8,37,27,10,71,56,15,128,107,21,778,548,230,56,36,20,834,584,250,2019
224000,Vors tzliche einfache K rperverletzung   223 StGB,5120000,Remscheid,voll.,667,315,352,2,0,2,52,32,20,54,32,22,63,39,24,50,25,25,459,199,260,41,20,21,500,219,281,2019
224000,Vors tzliche einfache K rperverletzung   223 StGB,5120000,Remscheid,vers.,21,15,6,0,0,0,0,0,0,0,0,0,1,0,1,1,0,1,19,15,4,0,0,0,19,15,4,2019
224000,Vors tzliche einfache K rperverletzung   223 StGB,5120000,Remscheid,insg.,688,330,358,2,0,2,52,32,20,54,32,22,64,39,25,51,25,26,478,214,264,41,20,21,519,234,285,2019
224000,Vors tzliche einfache K rperverletzung   223 StGB,8415061,Reutlingen,voll.,675,399,276,6,4,2,38,25,13,44,29,15,66,37,29,67,40,27,456,266,190,42,27,15,498,293,205,2019
224000,Vors tzliche einfache K rperverletzung   223 StGB,8415061,Reutlingen,vers.,23,13,10,0,0,0,1,0,1,1,0,1,3,1,2,6,3,3,12,8,4,1,1,0,13,9,4,2019
224000,Vors tzliche einfache K rperverletzung   223 StGB,8415061,Reutlingen,insg.,698,412,286,6,4,2,39,25,14,45,29,16,69,38,31,73,43,30,468,274,194,43,28,15,511,302,209,2019
224000,Vors tzliche einfache K rperverletzung   223 StGB,13003000,Rostock,voll.,1165,653,512,11,5,6,90,57,33,101,62,39,89,42,47,95,52,43,813,454,359,67,43,24,880,497,383,2019
224000,Vors tzliche einfache K rperverletzung   223 StGB,13003000,Rostock,vers.,109,80,29,0,0,0,2,2,0,2,2,0,4,3,1,9,3,6,83,65,18,11,7,4,94,72,22,2019
224000,Vors tzliche einfache K rperverletzung   223 StGB,13003000,Rostock,insg.,1274,733,541,11,5,6,92,59,33,103,64,39,93,45,48,104,55,49,896,519,377,78,50,28,974,569,405,2019
224000,Vors tzliche einfache K rperverletzung   223 StGB,10041100,Saarbr cken,voll.,1784,1001,783,7,5,2,93,55,38,100,60,40,167,89,78,184,99,85,1227,687,540,106,66,40,1333,753,580,2019
224000,Vors tzliche einfache K rperverletzung   223 StGB,10041100,Saarbr cken,vers.,162,107,55,0,0,0,4,2,2,4,2,2,11,7,4,13,8,5,119,81,38,15,9,6,134,90,44,2019
224000,Vors tzliche einfache K rperverletzung   223 StGB,10041100,Saarbr cken,insg.,1946,1108,838,7,5,2,97,57,40,104,62,42,178,96,82,197,107,90,1346,768,578,121,75,46,1467,843,624,2019
224000,Vors tzliche einfache K rperverletzung   223 StGB,3102000,Salzgitter,voll.,613,334,279,14,7,7,62,47,15,76,54,22,77,48,29,62,33,29,372,186,186,26,13,13,398,199,199,2019
224000,Vors tzliche einfache K rperverletzung   223 StGB,3102000,Salzgitter,vers.,24,18,6,0,0,0,1,1,0,1,1,0,1,0,1,2,1,1,19,15,4,1,1,0,20,16,4,2019
224000,Vors tzliche einfache K rperverletzung   223 StGB,3102000,Salzgitter,insg.,637,352,285,14,7,7,63,48,15,77,55,22,78,48,30,64,34,30,391,201,190,27,14,13,418,215,203,2019
224000,Vors tzliche einfache K rperverletzung   223 StGB,13004000,Schwerin,voll.,660,385,275,8,6,2,49,33,16,57,39,18,93,53,40,67,45,22,425,241,184,18,7,11,443,248,195,2019
224000,Vors tzliche einfache K rperverletzung   223 StGB,13004000,Schwerin,vers.,35,24,11,0,0,0,0,0,0,0,0,0,3,2,1,4,3,1,24,16,8,4,3,1,28,19,9,2019
224000,Vors tzliche einfache K rperverletzung   223 StGB,13004000,Schwerin,insg.,695,409,286,8,6,2,49,33,16,57,39,18,96,55,41,71,48,23,449,257,192,22,10,12,471,267,204,2019
224000,Vors tzliche einfache K rperverletzung   223 StGB,5970040,Siegen,voll.,790,477,313,3,3,0,34,23,11,37,26,11,82,51,31,70,46,24,556,325,231,45,29,16,601,354,247,2019
224000,Vors tzliche einfache K rperverletzung   223 StGB,5970040,Siegen,vers.,31,18,13,0,0,0,1,0,1,1,0,1,0,0,0,2,2,0,26,15,11,2,1,1,28,16,12,2019
224000,Vors tzliche einfache K rperverletzung   223 StGB,5970040,Siegen,insg.,821,495,326,3,3,0,35,23,12,38,26,12,82,51,31,72,48,24,582,340,242,47,30,17,629,370,259,2019
224000,Vors tzliche einfache K rperverletzung   223 StGB,5122000,Solingen,voll.,829,388,441,5,1,4,52,36,16,57,37,20,98,46,52,71,39,32,553,229,324,50,37,13,603,266,337,2019
224000,Vors tzliche einfache K rperverletzung   223 StGB,5122000,Solingen,vers.,28,12,16,1,1,0,1,1,0,2,2,0,3,2,1,1,0,1,21,7,14,1,1,0,22,8,14,2019
224000,Vors tzliche einfache K rperverletzung   223 StGB,5122000,Solingen,insg.,857,400,457,6,2,4,53,37,16,59,39,20,101,48,53,72,39,33,574,236,338,51,38,13,625,274,351,2019
224000,Vors tzliche einfache K rperverletzung   223 StGB,8111000,Stuttgart,voll.,4676,3054,1622,45,32,13,198,147,51,243,179,64,331,190,141,439,299,140,3452,2246,1206,211,140,71,3663,2386,1277,2019
224000,Vors tzliche einfache K rperverletzung   223 StGB,8111000,Stuttgart,vers.,296,223,73,2,1,1,6,5,1,8,6,2,13,9,4,12,8,4,250,191,59,13,9,4,263,200,63,2019
224000,Vors tzliche einfache K rperverletzung   223 StGB,8111000,Stuttgart,insg.,4972,3277,1695,47,33,14,204,152,52,251,185,66,344,199,145,451,307,144,3702,2437,1265,224,149,75,3926,2586,1340,2019
224000,Vors tzliche einfache K rperverletzung   223 StGB,7211000,Trier,voll.,940,569,371,5,3,2,45,29,16,50,32,18,79,51,28,107,73,34,665,394,271,39,19,20,704,413,291,2019
224000,Vors tzliche einfache K rperverletzung   223 StGB,7211000,Trier,vers.,48,35,13,0,0,0,0,0,0,0,0,0,2,2,0,3,3,0,39,27,12,4,3,1,43,30,13,2019
224000,Vors tzliche einfache K rperverletzung   223 StGB,7211000,Trier,insg.,988,604,384,5,3,2,45,29,16,50,32,18,81,53,28,110,76,34,704,421,283,43,22,21,747,443,304,2019
224000,Vors tzliche einfache K rperverletzung   223 StGB,8421000,Ulm,voll.,774,505,269,4,3,1,23,17,6,27,20,7,44,29,15,77,49,28,572,374,198,54,33,21,626,407,219,2019
224000,Vors tzliche einfache K rperverletzung   223 StGB,8421000,Ulm,vers.,30,27,3,0,0,0,0,0,0,0,0,0,2,2,0,2,1,1,26,24,2,0,0,0,26,24,2,2019
224000,Vors tzliche einfache K rperverletzung   223 StGB,8421000,Ulm,insg.,804,532,272,4,3,1,23,17,6,27,20,7,46,31,15,79,50,29,598,398,200,54,33,21,652,431,221,2019
224000,Vors tzliche einfache K rperverletzung   223 StGB,6414000,Wiesbaden,voll.,1706,875,831,9,4,5,75,45,30,84,49,35,162,79,83,180,114,66,1194,596,598,86,37,49,1280,633,647,2019
224000,Vors tzliche einfache K rperverletzung   223 StGB,6414000,Wiesbaden,vers.,69,50,19,1,1,0,1,0,1,2,1,1,3,1,2,7,5,2,54,41,13,3,2,1,57,43,14,2019
224000,Vors tzliche einfache K rperverletzung   223 StGB,6414000,Wiesbaden,insg.,1775,925,850,10,5,5,76,45,31,86,50,36,165,80,85,187,119,68,1248,637,611,89,39,50,1337,676,661,2019
224000,Vors tzliche einfache K rperverletzung   223 StGB,3103000,Wolfsburg,voll.,676,377,299,7,2,5,38,27,11,45,29,16,52,30,22,57,31,26,485,265,220,37,22,15,522,287,235,2019
224000,Vors tzliche einfache K rperverletzung   223 StGB,3103000,Wolfsburg,vers.,15,6,9,0,0,0,1,0,1,1,0,1,0,0,0,2,1,1,10,5,5,2,0,2,12,5,7,2019
224000,Vors tzliche einfache K rperverletzung   223 StGB,3103000,Wolfsburg,insg.,691,383,308,7,2,5,39,27,12,46,29,17,52,30,22,59,32,27,495,270,225,39,22,17,534,292,242,2019
224000,Vors tzliche einfache K rperverletzung   223 StGB,5124000,Wuppertal,voll.,2727,1429,1298,19,10,9,173,115,58,192,125,67,209,115,94,246,128,118,1923,972,951,157,89,68,2080,1061,1019,2019
224000,Vors tzliche einfache K rperverletzung   223 StGB,5124000,Wuppertal,vers.,116,73,43,0,0,0,6,6,0,6,6,0,2,2,0,13,7,6,89,55,34,6,3,3,95,58,37,2019
224000,Vors tzliche einfache K rperverletzung   223 StGB,5124000,Wuppertal,insg.,2843,1502,1341,19,10,9,179,121,58,198,131,67,211,117,94,259,135,124,2012,1027,985,163,92,71,2175,1119,1056,2019
224000,Vors tzliche einfache K rperverletzung   223 StGB,9663000,W rzburg,voll.,763,515,248,8,4,4,31,22,9,39,26,13,99,63,36,129,92,37,461,314,147,35,20,15,496,334,162,2019
224000,Vors tzliche einfache K rperverletzung   223 StGB,9663000,W rzburg,vers.,47,33,14,1,1,0,0,0,0,1,1,0,1,1,0,5,4,1,37,25,12,3,2,1,40,27,13,2019
224000,Vors tzliche einfache K rperverletzung   223 StGB,9663000,W rzburg,insg.,810,548,262,9,5,4,31,22,9,40,27,13,100,64,36,134,96,38,498,339,159,38,22,16,536,361,175,2019
621100,Widerstand gegen und t tlicher Angriff auf Vollstreckungsbeamte und gleichstehende Personen    113-115 StGB,5334002,Aachen,voll.,354,262,92,0,0,0,1,1,0,1,1,0,2,1,1,10,8,2,331,244,87,10,8,2,341,252,89,2019
621100,Widerstand gegen und t tlicher Angriff auf Vollstreckungsbeamte und gleichstehende Personen    113-115 StGB,5334002,Aachen,vers.,0,0,0,0,0,0,0,0,0,0,0,0,0,0,0,0,0,0,0,0,0,0,0,0,0,0,0,2019
621100,Widerstand gegen und t tlicher Angriff auf Vollstreckungsbeamte und gleichstehende Personen    113-115 StGB,5334002,Aachen,insg.,354,262,92,0,0,0,1,1,0,1,1,0,2,1,1,10,8,2,331,244,87,10,8,2,341,252,89,2019
621100,Widerstand gegen und t tlicher Angriff auf Vollstreckungsbeamte und gleichstehende Personen    113-115 StGB,9761000,Augsburg,voll.,625,516,109,0,0,0,0,0,0,0,0,0,0,0,0,9,4,5,612,510,102,4,2,2,616,512,104,2019
621100,Widerstand gegen und t tlicher Angriff auf Vollstreckungsbeamte und gleichstehende Personen    113-115 StGB,9761000,Augsburg,vers.,0,0,0,0,0,0,0,0,0,0,0,0,0,0,0,0,0,0,0,0,0,0,0,0,0,0,0,2019
621100,Widerstand gegen und t tlicher Angriff auf Vollstreckungsbeamte und gleichstehende Personen    113-115 StGB,9761000,Augsburg,insg.,625,516,109,0,0,0,0,0,0,0,0,0,0,0,0,9,4,5,612,510,102,4,2,2,616,512,104,2019
621100,Widerstand gegen und t tlicher Angriff auf Vollstreckungsbeamte und gleichstehende Personen    113-115 StGB,5378004,Bergisch Gladbach,voll.,74,54,20,0,0,0,0,0,0,0,0,0,0,0,0,2,1,1,70,52,18,2,1,1,72,53,19,2019
621100,Widerstand gegen und t tlicher Angriff auf Vollstreckungsbeamte und gleichstehende Personen    113-115 StGB,5378004,Bergisch Gladbach,vers.,0,0,0,0,0,0,0,0,0,0,0,0,0,0,0,0,0,0,0,0,0,0,0,0,0,0,0,2019
621100,Widerstand gegen und t tlicher Angriff auf Vollstreckungsbeamte und gleichstehende Personen    113-115 StGB,5378004,Bergisch Gladbach,insg.,74,54,20,0,0,0,0,0,0,0,0,0,0,0,0,2,1,1,70,52,18,2,1,1,72,53,19,2019
621100,Widerstand gegen und t tlicher Angriff auf Vollstreckungsbeamte und gleichstehende Personen    113-115 StGB,11000000,Berlin,voll.,6667,5701,966,1,1,0,0,0,0,1,1,0,2,1,1,69,56,13,6544,5602,942,51,41,10,6595,5643,952,2019
621100,Widerstand gegen und t tlicher Angriff auf Vollstreckungsbeamte und gleichstehende Personen    113-115 StGB,11000000,Berlin,vers.,0,0,0,0,0,0,0,0,0,0,0,0,0,0,0,0,0,0,0,0,0,0,0,0,0,0,0,2019
621100,Widerstand gegen und t tlicher Angriff auf Vollstreckungsbeamte und gleichstehende Personen    113-115 StGB,11000000,Berlin,insg.,6667,5701,966,1,1,0,0,0,0,1,1,0,2,1,1,69,56,13,6544,5602,942,51,41,10,6595,5643,952,2019
621100,Widerstand gegen und t tlicher Angriff auf Vollstreckungsbeamte und gleichstehende Personen    113-115 StGB,5711000,Bielefeld,voll.,230,192,38,0,0,0,0,0,0,0,0,0,1,1,0,14,14,0,214,176,38,1,1,0,215,177,38,2019
621100,Widerstand gegen und t tlicher Angriff auf Vollstreckungsbeamte und gleichstehende Personen    113-115 StGB,5711000,Bielefeld,vers.,0,0,0,0,0,0,0,0,0,0,0,0,0,0,0,0,0,0,0,0,0,0,0,0,0,0,0,2019
621100,Widerstand gegen und t tlicher Angriff auf Vollstreckungsbeamte und gleichstehende Personen    113-115 StGB,5711000,Bielefeld,insg.,230,192,38,0,0,0,0,0,0,0,0,0,1,1,0,14,14,0,214,176,38,1,1,0,215,177,38,2019
621100,Widerstand gegen und t tlicher Angriff auf Vollstreckungsbeamte und gleichstehende Personen    113-115 StGB,5911000,Bochum,voll.,459,378,81,0,0,0,0,0,0,0,0,0,0,0,0,2,1,1,456,376,80,1,1,0,457,377,80,2019
621100,Widerstand gegen und t tlicher Angriff auf Vollstreckungsbeamte und gleichstehende Personen    113-115 StGB,5911000,Bochum,vers.,0,0,0,0,0,0,0,0,0,0,0,0,0,0,0,0,0,0,0,0,0,0,0,0,0,0,0,2019
621100,Widerstand gegen und t tlicher Angriff auf Vollstreckungsbeamte und gleichstehende Personen    113-115 StGB,5911000,Bochum,insg.,459,378,81,0,0,0,0,0,0,0,0,0,0,0,0,2,1,1,456,376,80,1,1,0,457,377,80,2019
621100,Widerstand gegen und t tlicher Angriff auf Vollstreckungsbeamte und gleichstehende Personen    113-115 StGB,5314000,Bonn,voll.,530,370,160,0,0,0,0,0,0,0,0,0,0,0,0,18,12,6,508,356,152,4,2,2,512,358,154,2019
621100,Widerstand gegen und t tlicher Angriff auf Vollstreckungsbeamte und gleichstehende Personen    113-115 StGB,5314000,Bonn,vers.,0,0,0,0,0,0,0,0,0,0,0,0,0,0,0,0,0,0,0,0,0,0,0,0,0,0,0,2019
621100,Widerstand gegen und t tlicher Angriff auf Vollstreckungsbeamte und gleichstehende Personen    113-115 StGB,5314000,Bonn,insg.,530,370,160,0,0,0,0,0,0,0,0,0,0,0,0,18,12,6,508,356,152,4,2,2,512,358,154,2019
621100,Widerstand gegen und t tlicher Angriff auf Vollstreckungsbeamte und gleichstehende Personen    113-115 StGB,5512000,Bottrop,voll.,94,74,20,0,0,0,0,0,0,0,0,0,0,0,0,2,1,1,92,73,19,0,0,0,92,73,19,2019
621100,Widerstand gegen und t tlicher Angriff auf Vollstreckungsbeamte und gleichstehende Personen    113-115 StGB,5512000,Bottrop,vers.,0,0,0,0,0,0,0,0,0,0,0,0,0,0,0,0,0,0,0,0,0,0,0,0,0,0,0,2019
621100,Widerstand gegen und t tlicher Angriff auf Vollstreckungsbeamte und gleichstehende Personen    113-115 StGB,5512000,Bottrop,insg.,94,74,20,0,0,0,0,0,0,0,0,0,0,0,0,2,1,1,92,73,19,0,0,0,92,73,19,2019
621100,Widerstand gegen und t tlicher Angriff auf Vollstreckungsbeamte und gleichstehende Personen    113-115 StGB,3101000,Braunschweig,voll.,358,294,64,0,0,0,0,0,0,0,0,0,0,0,0,7,2,5,347,288,59,4,4,0,351,292,59,2019
621100,Widerstand gegen und t tlicher Angriff auf Vollstreckungsbeamte und gleichstehende Personen    113-115 StGB,3101000,Braunschweig,vers.,0,0,0,0,0,0,0,0,0,0,0,0,0,0,0,0,0,0,0,0,0,0,0,0,0,0,0,2019
621100,Widerstand gegen und t tlicher Angriff auf Vollstreckungsbeamte und gleichstehende Personen    113-115 StGB,3101000,Braunschweig,insg.,358,294,64,0,0,0,0,0,0,0,0,0,0,0,0,7,2,5,347,288,59,4,4,0,351,292,59,2019
621100,Widerstand gegen und t tlicher Angriff auf Vollstreckungsbeamte und gleichstehende Personen    113-115 StGB,4011000,Bremen,voll.,775,600,175,0,0,0,0,0,0,0,0,0,0,0,0,3,3,0,769,594,175,3,3,0,772,597,175,2019
621100,Widerstand gegen und t tlicher Angriff auf Vollstreckungsbeamte und gleichstehende Personen    113-115 StGB,4011000,Bremen,vers.,0,0,0,0,0,0,0,0,0,0,0,0,0,0,0,0,0,0,0,0,0,0,0,0,0,0,0,2019
621100,Widerstand gegen und t tlicher Angriff auf Vollstreckungsbeamte und gleichstehende Personen    113-115 StGB,4011000,Bremen,insg.,775,600,175,0,0,0,0,0,0,0,0,0,0,0,0,3,3,0,769,594,175,3,3,0,772,597,175,2019
621100,Widerstand gegen und t tlicher Angriff auf Vollstreckungsbeamte und gleichstehende Personen    113-115 StGB,4012000,Bremerhaven,voll.,212,160,52,0,0,0,0,0,0,0,0,0,0,0,0,0,0,0,210,158,52,2,2,0,212,160,52,2019
621100,Widerstand gegen und t tlicher Angriff auf Vollstreckungsbeamte und gleichstehende Personen    113-115 StGB,4012000,Bremerhaven,vers.,0,0,0,0,0,0,0,0,0,0,0,0,0,0,0,0,0,0,0,0,0,0,0,0,0,0,0,2019
621100,Widerstand gegen und t tlicher Angriff auf Vollstreckungsbeamte und gleichstehende Personen    113-115 StGB,4012000,Bremerhaven,insg.,212,160,52,0,0,0,0,0,0,0,0,0,0,0,0,0,0,0,210,158,52,2,2,0,212,160,52,2019
621100,Widerstand gegen und t tlicher Angriff auf Vollstreckungsbeamte und gleichstehende Personen    113-115 StGB,14511000,Chemnitz,voll.,201,177,24,0,0,0,0,0,0,0,0,0,0,0,0,1,1,0,199,175,24,1,1,0,200,176,24,2019
621100,Widerstand gegen und t tlicher Angriff auf Vollstreckungsbeamte und gleichstehende Personen    113-115 StGB,14511000,Chemnitz,vers.,0,0,0,0,0,0,0,0,0,0,0,0,0,0,0,0,0,0,0,0,0,0,0,0,0,0,0,2019
621100,Widerstand gegen und t tlicher Angriff auf Vollstreckungsbeamte und gleichstehende Personen    113-115 StGB,14511000,Chemnitz,insg.,201,177,24,0,0,0,0,0,0,0,0,0,0,0,0,1,1,0,199,175,24,1,1,0,200,176,24,2019
621100,Widerstand gegen und t tlicher Angriff auf Vollstreckungsbeamte und gleichstehende Personen    113-115 StGB,12052000,Cottbus,voll.,182,160,22,0,0,0,0,0,0,0,0,0,0,0,0,7,7,0,171,149,22,4,4,0,175,153,22,2019
621100,Widerstand gegen und t tlicher Angriff auf Vollstreckungsbeamte und gleichstehende Personen    113-115 StGB,12052000,Cottbus,vers.,0,0,0,0,0,0,0,0,0,0,0,0,0,0,0,0,0,0,0,0,0,0,0,0,0,0,0,2019
621100,Widerstand gegen und t tlicher Angriff auf Vollstreckungsbeamte und gleichstehende Personen    113-115 StGB,12052000,Cottbus,insg.,182,160,22,0,0,0,0,0,0,0,0,0,0,0,0,7,7,0,171,149,22,4,4,0,175,153,22,2019
621100,Widerstand gegen und t tlicher Angriff auf Vollstreckungsbeamte und gleichstehende Personen    113-115 StGB,6411000,Darmstadt,voll.,115,99,16,0,0,0,0,0,0,0,0,0,0,0,0,2,2,0,112,96,16,1,1,0,113,97,16,2019
621100,Widerstand gegen und t tlicher Angriff auf Vollstreckungsbeamte und gleichstehende Personen    113-115 StGB,6411000,Darmstadt,vers.,0,0,0,0,0,0,0,0,0,0,0,0,0,0,0,0,0,0,0,0,0,0,0,0,0,0,0,2019
621100,Widerstand gegen und t tlicher Angriff auf Vollstreckungsbeamte und gleichstehende Personen    113-115 StGB,6411000,Darmstadt,insg.,115,99,16,0,0,0,0,0,0,0,0,0,0,0,0,2,2,0,112,96,16,1,1,0,113,97,16,2019
621100,Widerstand gegen und t tlicher Angriff auf Vollstreckungsbeamte und gleichstehende Personen    113-115 StGB,5913000,Dortmund,voll.,1645,1293,352,0,0,0,0,0,0,0,0,0,0,0,0,26,20,6,1615,1269,346,4,4,0,1619,1273,346,2019
621100,Widerstand gegen und t tlicher Angriff auf Vollstreckungsbeamte und gleichstehende Personen    113-115 StGB,5913000,Dortmund,vers.,0,0,0,0,0,0,0,0,0,0,0,0,0,0,0,0,0,0,0,0,0,0,0,0,0,0,0,2019
621100,Widerstand gegen und t tlicher Angriff auf Vollstreckungsbeamte und gleichstehende Personen    113-115 StGB,5913000,Dortmund,insg.,1645,1293,352,0,0,0,0,0,0,0,0,0,0,0,0,26,20,6,1615,1269,346,4,4,0,1619,1273,346,2019
621100,Widerstand gegen und t tlicher Angriff auf Vollstreckungsbeamte und gleichstehende Personen    113-115 StGB,14612000,Dresden,voll.,342,296,46,0,0,0,0,0,0,0,0,0,0,0,0,3,3,0,338,292,46,1,1,0,339,293,46,2019
621100,Widerstand gegen und t tlicher Angriff auf Vollstreckungsbeamte und gleichstehende Personen    113-115 StGB,14612000,Dresden,vers.,0,0,0,0,0,0,0,0,0,0,0,0,0,0,0,0,0,0,0,0,0,0,0,0,0,0,0,2019
621100,Widerstand gegen und t tlicher Angriff auf Vollstreckungsbeamte und gleichstehende Personen    113-115 StGB,14612000,Dresden,insg.,342,296,46,0,0,0,0,0,0,0,0,0,0,0,0,3,3,0,338,292,46,1,1,0,339,293,46,2019
621100,Widerstand gegen und t tlicher Angriff auf Vollstreckungsbeamte und gleichstehende Personen    113-115 StGB,5112000,Duisburg,voll.,533,399,134,0,0,0,1,1,0,1,1,0,2,2,0,16,6,10,508,386,122,6,4,2,514,390,124,2019
621100,Widerstand gegen und t tlicher Angriff auf Vollstreckungsbeamte und gleichstehende Personen    113-115 StGB,5112000,Duisburg,vers.,0,0,0,0,0,0,0,0,0,0,0,0,0,0,0,0,0,0,0,0,0,0,0,0,0,0,0,2019
621100,Widerstand gegen und t tlicher Angriff auf Vollstreckungsbeamte und gleichstehende Personen    113-115 StGB,5112000,Duisburg,insg.,533,399,134,0,0,0,1,1,0,1,1,0,2,2,0,16,6,10,508,386,122,6,4,2,514,390,124,2019
621100,Widerstand gegen und t tlicher Angriff auf Vollstreckungsbeamte und gleichstehende Personen    113-115 StGB,5111000,D sseldorf,voll.,940,729,211,1,0,1,0,0,0,1,0,1,1,0,1,25,17,8,907,707,200,6,5,1,913,712,201,2019
621100,Widerstand gegen und t tlicher Angriff auf Vollstreckungsbeamte und gleichstehende Personen    113-115 StGB,5111000,D sseldorf,vers.,0,0,0,0,0,0,0,0,0,0,0,0,0,0,0,0,0,0,0,0,0,0,0,0,0,0,0,2019
621100,Widerstand gegen und t tlicher Angriff auf Vollstreckungsbeamte und gleichstehende Personen    113-115 StGB,5111000,D sseldorf,insg.,940,729,211,1,0,1,0,0,0,1,0,1,1,0,1,25,17,8,907,707,200,6,5,1,913,712,201,2019
621100,Widerstand gegen und t tlicher Angriff auf Vollstreckungsbeamte und gleichstehende Personen    113-115 StGB,16051000,Erfurt,voll.,279,249,30,0,0,0,0,0,0,0,0,0,0,0,0,10,7,3,268,241,27,1,1,0,269,242,27,2019
621100,Widerstand gegen und t tlicher Angriff auf Vollstreckungsbeamte und gleichstehende Personen    113-115 StGB,16051000,Erfurt,vers.,0,0,0,0,0,0,0,0,0,0,0,0,0,0,0,0,0,0,0,0,0,0,0,0,0,0,0,2019
621100,Widerstand gegen und t tlicher Angriff auf Vollstreckungsbeamte und gleichstehende Personen    113-115 StGB,16051000,Erfurt,insg.,279,249,30,0,0,0,0,0,0,0,0,0,0,0,0,10,7,3,268,241,27,1,1,0,269,242,27,2019
621100,Widerstand gegen und t tlicher Angriff auf Vollstreckungsbeamte und gleichstehende Personen    113-115 StGB,9562000,Erlangen,voll.,100,87,13,0,0,0,0,0,0,0,0,0,0,0,0,4,3,1,95,83,12,1,1,0,96,84,12,2019
621100,Widerstand gegen und t tlicher Angriff auf Vollstreckungsbeamte und gleichstehende Personen    113-115 StGB,9562000,Erlangen,vers.,0,0,0,0,0,0,0,0,0,0,0,0,0,0,0,0,0,0,0,0,0,0,0,0,0,0,0,2019
621100,Widerstand gegen und t tlicher Angriff auf Vollstreckungsbeamte und gleichstehende Personen    113-115 StGB,9562000,Erlangen,insg.,100,87,13,0,0,0,0,0,0,0,0,0,0,0,0,4,3,1,95,83,12,1,1,0,96,84,12,2019
621100,Widerstand gegen und t tlicher Angriff auf Vollstreckungsbeamte und gleichstehende Personen    113-115 StGB,5113000,Essen,voll.,698,547,151,0,0,0,0,0,0,0,0,0,1,1,0,19,12,7,677,534,143,1,0,1,678,534,144,2019
621100,Widerstand gegen und t tlicher Angriff auf Vollstreckungsbeamte und gleichstehende Personen    113-115 StGB,5113000,Essen,vers.,0,0,0,0,0,0,0,0,0,0,0,0,0,0,0,0,0,0,0,0,0,0,0,0,0,0,0,2019
621100,Widerstand gegen und t tlicher Angriff auf Vollstreckungsbeamte und gleichstehende Personen    113-115 StGB,5113000,Essen,insg.,698,547,151,0,0,0,0,0,0,0,0,0,1,1,0,19,12,7,677,534,143,1,0,1,678,534,144,2019
621100,Widerstand gegen und t tlicher Angriff auf Vollstreckungsbeamte und gleichstehende Personen    113-115 StGB,6412000,Frankfurt am Main,voll.,1680,1437,243,0,0,0,0,0,0,0,0,0,1,1,0,28,21,7,1651,1415,236,0,0,0,1651,1415,236,2019
621100,Widerstand gegen und t tlicher Angriff auf Vollstreckungsbeamte und gleichstehende Personen    113-115 StGB,6412000,Frankfurt am Main,vers.,0,0,0,0,0,0,0,0,0,0,0,0,0,0,0,0,0,0,0,0,0,0,0,0,0,0,0,2019
621100,Widerstand gegen und t tlicher Angriff auf Vollstreckungsbeamte und gleichstehende Personen    113-115 StGB,6412000,Frankfurt am Main,insg.,1680,1437,243,0,0,0,0,0,0,0,0,0,1,1,0,28,21,7,1651,1415,236,0,0,0,1651,1415,236,2019
621100,Widerstand gegen und t tlicher Angriff auf Vollstreckungsbeamte und gleichstehende Personen    113-115 StGB,8311000,Freiburg im Breisgau,voll.,600,510,90,0,0,0,0,0,0,0,0,0,4,4,0,17,16,1,573,484,89,6,6,0,579,490,89,2019
621100,Widerstand gegen und t tlicher Angriff auf Vollstreckungsbeamte und gleichstehende Personen    113-115 StGB,8311000,Freiburg im Breisgau,vers.,0,0,0,0,0,0,0,0,0,0,0,0,0,0,0,0,0,0,0,0,0,0,0,0,0,0,0,2019
621100,Widerstand gegen und t tlicher Angriff auf Vollstreckungsbeamte und gleichstehende Personen    113-115 StGB,8311000,Freiburg im Breisgau,insg.,600,510,90,0,0,0,0,0,0,0,0,0,4,4,0,17,16,1,573,484,89,6,6,0,579,490,89,2019
621100,Widerstand gegen und t tlicher Angriff auf Vollstreckungsbeamte und gleichstehende Personen    113-115 StGB,9563000,F rth,voll.,81,70,11,0,0,0,0,0,0,0,0,0,0,0,0,2,1,1,79,69,10,0,0,0,79,69,10,2019
621100,Widerstand gegen und t tlicher Angriff auf Vollstreckungsbeamte und gleichstehende Personen    113-115 StGB,9563000,F rth,vers.,0,0,0,0,0,0,0,0,0,0,0,0,0,0,0,0,0,0,0,0,0,0,0,0,0,0,0,2019
621100,Widerstand gegen und t tlicher Angriff auf Vollstreckungsbeamte und gleichstehende Personen    113-115 StGB,9563000,F rth,insg.,81,70,11,0,0,0,0,0,0,0,0,0,0,0,0,2,1,1,79,69,10,0,0,0,79,69,10,2019
621100,Widerstand gegen und t tlicher Angriff auf Vollstreckungsbeamte und gleichstehende Personen    113-115 StGB,5513000,Gelsenkirchen,voll.,315,245,70,0,0,0,0,0,0,0,0,0,1,0,1,6,4,2,303,236,67,5,5,0,308,241,67,2019
621100,Widerstand gegen und t tlicher Angriff auf Vollstreckungsbeamte und gleichstehende Personen    113-115 StGB,5513000,Gelsenkirchen,vers.,0,0,0,0,0,0,0,0,0,0,0,0,0,0,0,0,0,0,0,0,0,0,0,0,0,0,0,2019
621100,Widerstand gegen und t tlicher Angriff auf Vollstreckungsbeamte und gleichstehende Personen    113-115 StGB,5513000,Gelsenkirchen,insg.,315,245,70,0,0,0,0,0,0,0,0,0,1,0,1,6,4,2,303,236,67,5,5,0,308,241,67,2019
621100,Widerstand gegen und t tlicher Angriff auf Vollstreckungsbeamte und gleichstehende Personen    113-115 StGB,3159016,G ttingen,voll.,233,184,49,0,0,0,0,0,0,0,0,0,0,0,0,6,5,1,226,178,48,1,1,0,227,179,48,2019
621100,Widerstand gegen und t tlicher Angriff auf Vollstreckungsbeamte und gleichstehende Personen    113-115 StGB,3159016,G ttingen,vers.,0,0,0,0,0,0,0,0,0,0,0,0,0,0,0,0,0,0,0,0,0,0,0,0,0,0,0,2019
621100,Widerstand gegen und t tlicher Angriff auf Vollstreckungsbeamte und gleichstehende Personen    113-115 StGB,3159016,G ttingen,insg.,233,184,49,0,0,0,0,0,0,0,0,0,0,0,0,6,5,1,226,178,48,1,1,0,227,179,48,2019
621100,Widerstand gegen und t tlicher Angriff auf Vollstreckungsbeamte und gleichstehende Personen    113-115 StGB,5754008,G tersloh,voll.,159,111,48,0,0,0,0,0,0,0,0,0,0,0,0,3,2,1,155,108,47,1,1,0,156,109,47,2019
621100,Widerstand gegen und t tlicher Angriff auf Vollstreckungsbeamte und gleichstehende Personen    113-115 StGB,5754008,G tersloh,vers.,0,0,0,0,0,0,0,0,0,0,0,0,0,0,0,0,0,0,0,0,0,0,0,0,0,0,0,2019
621100,Widerstand gegen und t tlicher Angriff auf Vollstreckungsbeamte und gleichstehende Personen    113-115 StGB,5754008,G tersloh,insg.,159,111,48,0,0,0,0,0,0,0,0,0,0,0,0,3,2,1,155,108,47,1,1,0,156,109,47,2019
621100,Widerstand gegen und t tlicher Angriff auf Vollstreckungsbeamte und gleichstehende Personen    113-115 StGB,5914000,Hagen,voll.,221,155,66,0,0,0,1,1,0,1,1,0,0,0,0,3,0,3,214,151,63,3,3,0,217,154,63,2019
621100,Widerstand gegen und t tlicher Angriff auf Vollstreckungsbeamte und gleichstehende Personen    113-115 StGB,5914000,Hagen,vers.,0,0,0,0,0,0,0,0,0,0,0,0,0,0,0,0,0,0,0,0,0,0,0,0,0,0,0,2019
621100,Widerstand gegen und t tlicher Angriff auf Vollstreckungsbeamte und gleichstehende Personen    113-115 StGB,5914000,Hagen,insg.,221,155,66,0,0,0,1,1,0,1,1,0,0,0,0,3,0,3,214,151,63,3,3,0,217,154,63,2019
621100,Widerstand gegen und t tlicher Angriff auf Vollstreckungsbeamte und gleichstehende Personen    113-115 StGB,15002000,Halle (Saale),voll.,273,236,37,0,0,0,0,0,0,0,0,0,0,0,0,15,12,3,258,224,34,0,0,0,258,224,34,2019
621100,Widerstand gegen und t tlicher Angriff auf Vollstreckungsbeamte und gleichstehende Personen    113-115 StGB,15002000,Halle (Saale),vers.,0,0,0,0,0,0,0,0,0,0,0,0,0,0,0,0,0,0,0,0,0,0,0,0,0,0,0,2019
621100,Widerstand gegen und t tlicher Angriff auf Vollstreckungsbeamte und gleichstehende Personen    113-115 StGB,15002000,Halle (Saale),insg.,273,236,37,0,0,0,0,0,0,0,0,0,0,0,0,15,12,3,258,224,34,0,0,0,258,224,34,2019
621100,Widerstand gegen und t tlicher Angriff auf Vollstreckungsbeamte und gleichstehende Personen    113-115 StGB,2000000,Hamburg,voll.,1849,1527,322,0,0,0,0,0,0,0,0,0,0,0,0,20,16,4,1825,1507,318,4,4,0,1829,1511,318,2019
621100,Widerstand gegen und t tlicher Angriff auf Vollstreckungsbeamte und gleichstehende Personen    113-115 StGB,2000000,Hamburg,vers.,0,0,0,0,0,0,0,0,0,0,0,0,0,0,0,0,0,0,0,0,0,0,0,0,0,0,0,2019
621100,Widerstand gegen und t tlicher Angriff auf Vollstreckungsbeamte und gleichstehende Personen    113-115 StGB,2000000,Hamburg,insg.,1849,1527,322,0,0,0,0,0,0,0,0,0,0,0,0,20,16,4,1825,1507,318,4,4,0,1829,1511,318,2019
621100,Widerstand gegen und t tlicher Angriff auf Vollstreckungsbeamte und gleichstehende Personen    113-115 StGB,5915000,Hamm,voll.,228,178,50,0,0,0,0,0,0,0,0,0,1,1,0,4,2,2,221,173,48,2,2,0,223,175,48,2019
621100,Widerstand gegen und t tlicher Angriff auf Vollstreckungsbeamte und gleichstehende Personen    113-115 StGB,5915000,Hamm,vers.,0,0,0,0,0,0,0,0,0,0,0,0,0,0,0,0,0,0,0,0,0,0,0,0,0,0,0,2019
621100,Widerstand gegen und t tlicher Angriff auf Vollstreckungsbeamte und gleichstehende Personen    113-115 StGB,5915000,Hamm,insg.,228,178,50,0,0,0,0,0,0,0,0,0,1,1,0,4,2,2,221,173,48,2,2,0,223,175,48,2019
621100,Widerstand gegen und t tlicher Angriff auf Vollstreckungsbeamte und gleichstehende Personen    113-115 StGB,3241001,Hannover,voll.,1029,813,216,0,0,0,0,0,0,0,0,0,0,0,0,10,6,4,1010,798,212,9,9,0,1019,807,212,2019
621100,Widerstand gegen und t tlicher Angriff auf Vollstreckungsbeamte und gleichstehende Personen    113-115 StGB,3241001,Hannover,vers.,0,0,0,0,0,0,0,0,0,0,0,0,0,0,0,0,0,0,0,0,0,0,0,0,0,0,0,2019
621100,Widerstand gegen und t tlicher Angriff auf Vollstreckungsbeamte und gleichstehende Personen    113-115 StGB,3241001,Hannover,insg.,1029,813,216,0,0,0,0,0,0,0,0,0,0,0,0,10,6,4,1010,798,212,9,9,0,1019,807,212,2019
621100,Widerstand gegen und t tlicher Angriff auf Vollstreckungsbeamte und gleichstehende Personen    113-115 StGB,8221000,Heidelberg,voll.,205,159,46,0,0,0,0,0,0,0,0,0,0,0,0,1,0,1,202,157,45,2,2,0,204,159,45,2019
621100,Widerstand gegen und t tlicher Angriff auf Vollstreckungsbeamte und gleichstehende Personen    113-115 StGB,8221000,Heidelberg,vers.,0,0,0,0,0,0,0,0,0,0,0,0,0,0,0,0,0,0,0,0,0,0,0,0,0,0,0,2019
621100,Widerstand gegen und t tlicher Angriff auf Vollstreckungsbeamte und gleichstehende Personen    113-115 StGB,8221000,Heidelberg,insg.,205,159,46,0,0,0,0,0,0,0,0,0,0,0,0,1,0,1,202,157,45,2,2,0,204,159,45,2019
621100,Widerstand gegen und t tlicher Angriff auf Vollstreckungsbeamte und gleichstehende Personen    113-115 StGB,8121000,Heilbronn,voll.,131,111,20,0,0,0,0,0,0,0,0,0,0,0,0,4,4,0,127,107,20,0,0,0,127,107,20,2019
621100,Widerstand gegen und t tlicher Angriff auf Vollstreckungsbeamte und gleichstehende Personen    113-115 StGB,8121000,Heilbronn,vers.,0,0,0,0,0,0,0,0,0,0,0,0,0,0,0,0,0,0,0,0,0,0,0,0,0,0,0,2019
621100,Widerstand gegen und t tlicher Angriff auf Vollstreckungsbeamte und gleichstehende Personen    113-115 StGB,8121000,Heilbronn,insg.,131,111,20,0,0,0,0,0,0,0,0,0,0,0,0,4,4,0,127,107,20,0,0,0,127,107,20,2019
621100,Widerstand gegen und t tlicher Angriff auf Vollstreckungsbeamte und gleichstehende Personen    113-115 StGB,5916000,Herne,voll.,159,117,42,0,0,0,0,0,0,0,0,0,0,0,0,0,0,0,158,116,42,1,1,0,159,117,42,2019
621100,Widerstand gegen und t tlicher Angriff auf Vollstreckungsbeamte und gleichstehende Personen    113-115 StGB,5916000,Herne,vers.,0,0,0,0,0,0,0,0,0,0,0,0,0,0,0,0,0,0,0,0,0,0,0,0,0,0,0,2019
621100,Widerstand gegen und t tlicher Angriff auf Vollstreckungsbeamte und gleichstehende Personen    113-115 StGB,5916000,Herne,insg.,159,117,42,0,0,0,0,0,0,0,0,0,0,0,0,0,0,0,158,116,42,1,1,0,159,117,42,2019
621100,Widerstand gegen und t tlicher Angriff auf Vollstreckungsbeamte und gleichstehende Personen    113-115 StGB,3254021,Hildesheim,voll.,99,76,23,0,0,0,0,0,0,0,0,0,0,0,0,1,0,1,97,75,22,1,1,0,98,76,22,2019
621100,Widerstand gegen und t tlicher Angriff auf Vollstreckungsbeamte und gleichstehende Personen    113-115 StGB,3254021,Hildesheim,vers.,0,0,0,0,0,0,0,0,0,0,0,0,0,0,0,0,0,0,0,0,0,0,0,0,0,0,0,2019
621100,Widerstand gegen und t tlicher Angriff auf Vollstreckungsbeamte und gleichstehende Personen    113-115 StGB,3254021,Hildesheim,insg.,99,76,23,0,0,0,0,0,0,0,0,0,0,0,0,1,0,1,97,75,22,1,1,0,98,76,22,2019
621100,Widerstand gegen und t tlicher Angriff auf Vollstreckungsbeamte und gleichstehende Personen    113-115 StGB,9161000,Ingolstadt,voll.,188,154,34,0,0,0,0,0,0,0,0,0,0,0,0,7,7,0,181,147,34,0,0,0,181,147,34,2019
621100,Widerstand gegen und t tlicher Angriff auf Vollstreckungsbeamte und gleichstehende Personen    113-115 StGB,9161000,Ingolstadt,vers.,0,0,0,0,0,0,0,0,0,0,0,0,0,0,0,0,0,0,0,0,0,0,0,0,0,0,0,2019
621100,Widerstand gegen und t tlicher Angriff auf Vollstreckungsbeamte und gleichstehende Personen    113-115 StGB,9161000,Ingolstadt,insg.,188,154,34,0,0,0,0,0,0,0,0,0,0,0,0,7,7,0,181,147,34,0,0,0,181,147,34,2019
621100,Widerstand gegen und t tlicher Angriff auf Vollstreckungsbeamte und gleichstehende Personen    113-115 StGB,16053000,Jena,voll.,95,83,12,0,0,0,0,0,0,0,0,0,0,0,0,2,2,0,93,81,12,0,0,0,93,81,12,2019
621100,Widerstand gegen und t tlicher Angriff auf Vollstreckungsbeamte und gleichstehende Personen    113-115 StGB,16053000,Jena,vers.,0,0,0,0,0,0,0,0,0,0,0,0,0,0,0,0,0,0,0,0,0,0,0,0,0,0,0,2019
621100,Widerstand gegen und t tlicher Angriff auf Vollstreckungsbeamte und gleichstehende Personen    113-115 StGB,16053000,Jena,insg.,95,83,12,0,0,0,0,0,0,0,0,0,0,0,0,2,2,0,93,81,12,0,0,0,93,81,12,2019
621100,Widerstand gegen und t tlicher Angriff auf Vollstreckungsbeamte und gleichstehende Personen    113-115 StGB,8212000,Karlsruhe,voll.,483,417,66,0,0,0,0,0,0,0,0,0,0,0,0,12,9,3,470,407,63,1,1,0,471,408,63,2019
621100,Widerstand gegen und t tlicher Angriff auf Vollstreckungsbeamte und gleichstehende Personen    113-115 StGB,8212000,Karlsruhe,vers.,0,0,0,0,0,0,0,0,0,0,0,0,0,0,0,0,0,0,0,0,0,0,0,0,0,0,0,2019
621100,Widerstand gegen und t tlicher Angriff auf Vollstreckungsbeamte und gleichstehende Personen    113-115 StGB,8212000,Karlsruhe,insg.,483,417,66,0,0,0,0,0,0,0,0,0,0,0,0,12,9,3,470,407,63,1,1,0,471,408,63,2019
621100,Widerstand gegen und t tlicher Angriff auf Vollstreckungsbeamte und gleichstehende Personen    113-115 StGB,6611000,Kassel,voll.,234,200,34,0,0,0,0,0,0,0,0,0,0,0,0,38,28,10,194,170,24,2,2,0,196,172,24,2019
621100,Widerstand gegen und t tlicher Angriff auf Vollstreckungsbeamte und gleichstehende Personen    113-115 StGB,6611000,Kassel,vers.,0,0,0,0,0,0,0,0,0,0,0,0,0,0,0,0,0,0,0,0,0,0,0,0,0,0,0,2019
621100,Widerstand gegen und t tlicher Angriff auf Vollstreckungsbeamte und gleichstehende Personen    113-115 StGB,6611000,Kassel,insg.,234,200,34,0,0,0,0,0,0,0,0,0,0,0,0,38,28,10,194,170,24,2,2,0,196,172,24,2019
621100,Widerstand gegen und t tlicher Angriff auf Vollstreckungsbeamte und gleichstehende Personen    113-115 StGB,1002000,Kiel,voll.,353,289,64,0,0,0,0,0,0,0,0,0,0,0,0,8,7,1,344,281,63,1,1,0,345,282,63,2019
621100,Widerstand gegen und t tlicher Angriff auf Vollstreckungsbeamte und gleichstehende Personen    113-115 StGB,1002000,Kiel,vers.,0,0,0,0,0,0,0,0,0,0,0,0,0,0,0,0,0,0,0,0,0,0,0,0,0,0,0,2019
621100,Widerstand gegen und t tlicher Angriff auf Vollstreckungsbeamte und gleichstehende Personen    113-115 StGB,1002000,Kiel,insg.,353,289,64,0,0,0,0,0,0,0,0,0,0,0,0,8,7,1,344,281,63,1,1,0,345,282,63,2019
621100,Widerstand gegen und t tlicher Angriff auf Vollstreckungsbeamte und gleichstehende Personen    113-115 StGB,7111000,Koblenz,voll.,263,218,45,0,0,0,0,0,0,0,0,0,0,0,0,3,1,2,259,216,43,1,1,0,260,217,43,2019
621100,Widerstand gegen und t tlicher Angriff auf Vollstreckungsbeamte und gleichstehende Personen    113-115 StGB,7111000,Koblenz,vers.,0,0,0,0,0,0,0,0,0,0,0,0,0,0,0,0,0,0,0,0,0,0,0,0,0,0,0,2019
621100,Widerstand gegen und t tlicher Angriff auf Vollstreckungsbeamte und gleichstehende Personen    113-115 StGB,7111000,Koblenz,insg.,263,218,45,0,0,0,0,0,0,0,0,0,0,0,0,3,1,2,259,216,43,1,1,0,260,217,43,2019
621100,Widerstand gegen und t tlicher Angriff auf Vollstreckungsbeamte und gleichstehende Personen    113-115 StGB,5315000,K ln,voll.,1935,1365,570,0,0,0,0,0,0,0,0,0,1,0,1,22,17,5,1905,1342,563,7,6,1,1912,1348,564,2019
621100,Widerstand gegen und t tlicher Angriff auf Vollstreckungsbeamte und gleichstehende Personen    113-115 StGB,5315000,K ln,vers.,0,0,0,0,0,0,0,0,0,0,0,0,0,0,0,0,0,0,0,0,0,0,0,0,0,0,0,2019
621100,Widerstand gegen und t tlicher Angriff auf Vollstreckungsbeamte und gleichstehende Personen    113-115 StGB,5315000,K ln,insg.,1935,1365,570,0,0,0,0,0,0,0,0,0,1,0,1,22,17,5,1905,1342,563,7,6,1,1912,1348,564,2019
621100,Widerstand gegen und t tlicher Angriff auf Vollstreckungsbeamte und gleichstehende Personen    113-115 StGB,5114000,Krefeld,voll.,318,215,103,0,0,0,1,0,1,1,0,1,1,1,0,8,3,5,305,209,96,3,2,1,308,211,97,2019
621100,Widerstand gegen und t tlicher Angriff auf Vollstreckungsbeamte und gleichstehende Personen    113-115 StGB,5114000,Krefeld,vers.,0,0,0,0,0,0,0,0,0,0,0,0,0,0,0,0,0,0,0,0,0,0,0,0,0,0,0,2019
621100,Widerstand gegen und t tlicher Angriff auf Vollstreckungsbeamte und gleichstehende Personen    113-115 StGB,5114000,Krefeld,insg.,318,215,103,0,0,0,1,0,1,1,0,1,1,1,0,8,3,5,305,209,96,3,2,1,308,211,97,2019
621100,Widerstand gegen und t tlicher Angriff auf Vollstreckungsbeamte und gleichstehende Personen    113-115 StGB,14713000,Leipzig,voll.,645,541,104,0,0,0,0,0,0,0,0,0,0,0,0,10,7,3,632,531,101,3,3,0,635,534,101,2019
621100,Widerstand gegen und t tlicher Angriff auf Vollstreckungsbeamte und gleichstehende Personen    113-115 StGB,14713000,Leipzig,vers.,0,0,0,0,0,0,0,0,0,0,0,0,0,0,0,0,0,0,0,0,0,0,0,0,0,0,0,2019
621100,Widerstand gegen und t tlicher Angriff auf Vollstreckungsbeamte und gleichstehende Personen    113-115 StGB,14713000,Leipzig,insg.,645,541,104,0,0,0,0,0,0,0,0,0,0,0,0,10,7,3,632,531,101,3,3,0,635,534,101,2019
621100,Widerstand gegen und t tlicher Angriff auf Vollstreckungsbeamte und gleichstehende Personen    113-115 StGB,5316000,Leverkusen,voll.,229,174,55,0,0,0,0,0,0,0,0,0,0,0,0,3,1,2,226,173,53,0,0,0,226,173,53,2019
621100,Widerstand gegen und t tlicher Angriff auf Vollstreckungsbeamte und gleichstehende Personen    113-115 StGB,5316000,Leverkusen,vers.,0,0,0,0,0,0,0,0,0,0,0,0,0,0,0,0,0,0,0,0,0,0,0,0,0,0,0,2019
621100,Widerstand gegen und t tlicher Angriff auf Vollstreckungsbeamte und gleichstehende Personen    113-115 StGB,5316000,Leverkusen,insg.,229,174,55,0,0,0,0,0,0,0,0,0,0,0,0,3,1,2,226,173,53,0,0,0,226,173,53,2019
621100,Widerstand gegen und t tlicher Angriff auf Vollstreckungsbeamte und gleichstehende Personen    113-115 StGB,1003000,L beck,voll.,462,348,114,0,0,0,0,0,0,0,0,0,1,1,0,14,7,7,445,338,107,2,2,0,447,340,107,2019
621100,Widerstand gegen und t tlicher Angriff auf Vollstreckungsbeamte und gleichstehende Personen    113-115 StGB,1003000,L beck,vers.,0,0,0,0,0,0,0,0,0,0,0,0,0,0,0,0,0,0,0,0,0,0,0,0,0,0,0,2019
621100,Widerstand gegen und t tlicher Angriff auf Vollstreckungsbeamte und gleichstehende Personen    113-115 StGB,1003000,L beck,insg.,462,348,114,0,0,0,0,0,0,0,0,0,1,1,0,14,7,7,445,338,107,2,2,0,447,340,107,2019
621100,Widerstand gegen und t tlicher Angriff auf Vollstreckungsbeamte und gleichstehende Personen    113-115 StGB,7314000,Ludwigshafen am Rhein,voll.,96,79,17,0,0,0,0,0,0,0,0,0,0,0,0,2,2,0,94,77,17,0,0,0,94,77,17,2019
621100,Widerstand gegen und t tlicher Angriff auf Vollstreckungsbeamte und gleichstehende Personen    113-115 StGB,7314000,Ludwigshafen am Rhein,vers.,0,0,0,0,0,0,0,0,0,0,0,0,0,0,0,0,0,0,0,0,0,0,0,0,0,0,0,2019
621100,Widerstand gegen und t tlicher Angriff auf Vollstreckungsbeamte und gleichstehende Personen    113-115 StGB,7314000,Ludwigshafen am Rhein,insg.,96,79,17,0,0,0,0,0,0,0,0,0,0,0,0,2,2,0,94,77,17,0,0,0,94,77,17,2019
621100,Widerstand gegen und t tlicher Angriff auf Vollstreckungsbeamte und gleichstehende Personen    113-115 StGB,15003000,Magdeburg,voll.,276,235,41,0,0,0,0,0,0,0,0,0,0,0,0,10,8,2,266,227,39,0,0,0,266,227,39,2019
621100,Widerstand gegen und t tlicher Angriff auf Vollstreckungsbeamte und gleichstehende Personen    113-115 StGB,15003000,Magdeburg,vers.,0,0,0,0,0,0,0,0,0,0,0,0,0,0,0,0,0,0,0,0,0,0,0,0,0,0,0,2019
621100,Widerstand gegen und t tlicher Angriff auf Vollstreckungsbeamte und gleichstehende Personen    113-115 StGB,15003000,Magdeburg,insg.,276,235,41,0,0,0,0,0,0,0,0,0,0,0,0,10,8,2,266,227,39,0,0,0,266,227,39,2019
621100,Widerstand gegen und t tlicher Angriff auf Vollstreckungsbeamte und gleichstehende Personen    113-115 StGB,7315000,Mainz,voll.,314,250,64,0,0,0,0,0,0,0,0,0,0,0,0,6,5,1,308,245,63,0,0,0,308,245,63,2019
621100,Widerstand gegen und t tlicher Angriff auf Vollstreckungsbeamte und gleichstehende Personen    113-115 StGB,7315000,Mainz,vers.,0,0,0,0,0,0,0,0,0,0,0,0,0,0,0,0,0,0,0,0,0,0,0,0,0,0,0,2019
621100,Widerstand gegen und t tlicher Angriff auf Vollstreckungsbeamte und gleichstehende Personen    113-115 StGB,7315000,Mainz,insg.,314,250,64,0,0,0,0,0,0,0,0,0,0,0,0,6,5,1,308,245,63,0,0,0,308,245,63,2019
621100,Widerstand gegen und t tlicher Angriff auf Vollstreckungsbeamte und gleichstehende Personen    113-115 StGB,8222000,Mannheim,voll.,454,385,69,0,0,0,0,0,0,0,0,0,2,1,1,19,17,2,432,366,66,1,1,0,433,367,66,2019
621100,Widerstand gegen und t tlicher Angriff auf Vollstreckungsbeamte und gleichstehende Personen    113-115 StGB,8222000,Mannheim,vers.,0,0,0,0,0,0,0,0,0,0,0,0,0,0,0,0,0,0,0,0,0,0,0,0,0,0,0,2019
621100,Widerstand gegen und t tlicher Angriff auf Vollstreckungsbeamte und gleichstehende Personen    113-115 StGB,8222000,Mannheim,insg.,454,385,69,0,0,0,0,0,0,0,0,0,2,1,1,19,17,2,432,366,66,1,1,0,433,367,66,2019
621100,Widerstand gegen und t tlicher Angriff auf Vollstreckungsbeamte und gleichstehende Personen    113-115 StGB,5170024,Moers,voll.,123,79,44,0,0,0,0,0,0,0,0,0,1,0,1,6,2,4,115,76,39,1,1,0,116,77,39,2019
621100,Widerstand gegen und t tlicher Angriff auf Vollstreckungsbeamte und gleichstehende Personen    113-115 StGB,5170024,Moers,vers.,0,0,0,0,0,0,0,0,0,0,0,0,0,0,0,0,0,0,0,0,0,0,0,0,0,0,0,2019
621100,Widerstand gegen und t tlicher Angriff auf Vollstreckungsbeamte und gleichstehende Personen    113-115 StGB,5170024,Moers,insg.,123,79,44,0,0,0,0,0,0,0,0,0,1,0,1,6,2,4,115,76,39,1,1,0,116,77,39,2019
621100,Widerstand gegen und t tlicher Angriff auf Vollstreckungsbeamte und gleichstehende Personen    113-115 StGB,5116000,M nchengladbach,voll.,273,207,66,0,0,0,0,0,0,0,0,0,0,0,0,2,0,2,267,204,63,4,3,1,271,207,64,2019
621100,Widerstand gegen und t tlicher Angriff auf Vollstreckungsbeamte und gleichstehende Personen    113-115 StGB,5116000,M nchengladbach,vers.,0,0,0,0,0,0,0,0,0,0,0,0,0,0,0,0,0,0,0,0,0,0,0,0,0,0,0,2019
621100,Widerstand gegen und t tlicher Angriff auf Vollstreckungsbeamte und gleichstehende Personen    113-115 StGB,5116000,M nchengladbach,insg.,273,207,66,0,0,0,0,0,0,0,0,0,0,0,0,2,0,2,267,204,63,4,3,1,271,207,64,2019
621100,Widerstand gegen und t tlicher Angriff auf Vollstreckungsbeamte und gleichstehende Personen    113-115 StGB,5117000,M lheim an der Ruhr,voll.,99,70,29,0,0,0,0,0,0,0,0,0,0,0,0,3,2,1,89,65,24,7,3,4,96,68,28,2019
621100,Widerstand gegen und t tlicher Angriff auf Vollstreckungsbeamte und gleichstehende Personen    113-115 StGB,5117000,M lheim an der Ruhr,vers.,0,0,0,0,0,0,0,0,0,0,0,0,0,0,0,0,0,0,0,0,0,0,0,0,0,0,0,2019
621100,Widerstand gegen und t tlicher Angriff auf Vollstreckungsbeamte und gleichstehende Personen    113-115 StGB,5117000,M lheim an der Ruhr,insg.,99,70,29,0,0,0,0,0,0,0,0,0,0,0,0,3,2,1,89,65,24,7,3,4,96,68,28,2019
621100,Widerstand gegen und t tlicher Angriff auf Vollstreckungsbeamte und gleichstehende Personen    113-115 StGB,9162000,M nchen,voll.,1797,1511,286,2,2,0,0,0,0,2,2,0,0,0,0,42,26,16,1752,1482,270,1,1,0,1753,1483,270,2019
621100,Widerstand gegen und t tlicher Angriff auf Vollstreckungsbeamte und gleichstehende Personen    113-115 StGB,9162000,M nchen,vers.,0,0,0,0,0,0,0,0,0,0,0,0,0,0,0,0,0,0,0,0,0,0,0,0,0,0,0,2019
621100,Widerstand gegen und t tlicher Angriff auf Vollstreckungsbeamte und gleichstehende Personen    113-115 StGB,9162000,M nchen,insg.,1797,1511,286,2,2,0,0,0,0,2,2,0,0,0,0,42,26,16,1752,1482,270,1,1,0,1753,1483,270,2019
621100,Widerstand gegen und t tlicher Angriff auf Vollstreckungsbeamte und gleichstehende Personen    113-115 StGB,5515000,M nster,voll.,433,337,96,0,0,0,0,0,0,0,0,0,2,2,0,21,12,9,409,322,87,1,1,0,410,323,87,2019
621100,Widerstand gegen und t tlicher Angriff auf Vollstreckungsbeamte und gleichstehende Personen    113-115 StGB,5515000,M nster,vers.,0,0,0,0,0,0,0,0,0,0,0,0,0,0,0,0,0,0,0,0,0,0,0,0,0,0,0,2019
621100,Widerstand gegen und t tlicher Angriff auf Vollstreckungsbeamte und gleichstehende Personen    113-115 StGB,5515000,M nster,insg.,433,337,96,0,0,0,0,0,0,0,0,0,2,2,0,21,12,9,409,322,87,1,1,0,410,323,87,2019
621100,Widerstand gegen und t tlicher Angriff auf Vollstreckungsbeamte und gleichstehende Personen    113-115 StGB,5162024,Neuss,voll.,122,79,43,0,0,0,0,0,0,0,0,0,0,0,0,6,5,1,116,74,42,0,0,0,116,74,42,2019
621100,Widerstand gegen und t tlicher Angriff auf Vollstreckungsbeamte und gleichstehende Personen    113-115 StGB,5162024,Neuss,vers.,0,0,0,0,0,0,0,0,0,0,0,0,0,0,0,0,0,0,0,0,0,0,0,0,0,0,0,2019
621100,Widerstand gegen und t tlicher Angriff auf Vollstreckungsbeamte und gleichstehende Personen    113-115 StGB,5162024,Neuss,insg.,122,79,43,0,0,0,0,0,0,0,0,0,0,0,0,6,5,1,116,74,42,0,0,0,116,74,42,2019
621100,Widerstand gegen und t tlicher Angriff auf Vollstreckungsbeamte und gleichstehende Personen    113-115 StGB,9564000,N rnberg,voll.,723,581,142,0,0,0,0,0,0,0,0,0,0,0,0,15,11,4,707,569,138,1,1,0,708,570,138,2019
621100,Widerstand gegen und t tlicher Angriff auf Vollstreckungsbeamte und gleichstehende Personen    113-115 StGB,9564000,N rnberg,vers.,0,0,0,0,0,0,0,0,0,0,0,0,0,0,0,0,0,0,0,0,0,0,0,0,0,0,0,2019
621100,Widerstand gegen und t tlicher Angriff auf Vollstreckungsbeamte und gleichstehende Personen    113-115 StGB,9564000,N rnberg,insg.,723,581,142,0,0,0,0,0,0,0,0,0,0,0,0,15,11,4,707,569,138,1,1,0,708,570,138,2019
621100,Widerstand gegen und t tlicher Angriff auf Vollstreckungsbeamte und gleichstehende Personen    113-115 StGB,5119000,Oberhausen,voll.,161,113,48,0,0,0,0,0,0,0,0,0,0,0,0,7,1,6,153,111,42,1,1,0,154,112,42,2019
621100,Widerstand gegen und t tlicher Angriff auf Vollstreckungsbeamte und gleichstehende Personen    113-115 StGB,5119000,Oberhausen,vers.,0,0,0,0,0,0,0,0,0,0,0,0,0,0,0,0,0,0,0,0,0,0,0,0,0,0,0,2019
621100,Widerstand gegen und t tlicher Angriff auf Vollstreckungsbeamte und gleichstehende Personen    113-115 StGB,5119000,Oberhausen,insg.,161,113,48,0,0,0,0,0,0,0,0,0,0,0,0,7,1,6,153,111,42,1,1,0,154,112,42,2019
621100,Widerstand gegen und t tlicher Angriff auf Vollstreckungsbeamte und gleichstehende Personen    113-115 StGB,6413000,Offenbach am Main,voll.,84,71,13,0,0,0,0,0,0,0,0,0,0,0,0,2,1,1,82,70,12,0,0,0,82,70,12,2019
621100,Widerstand gegen und t tlicher Angriff auf Vollstreckungsbeamte und gleichstehende Personen    113-115 StGB,6413000,Offenbach am Main,vers.,0,0,0,0,0,0,0,0,0,0,0,0,0,0,0,0,0,0,0,0,0,0,0,0,0,0,0,2019
621100,Widerstand gegen und t tlicher Angriff auf Vollstreckungsbeamte und gleichstehende Personen    113-115 StGB,6413000,Offenbach am Main,insg.,84,71,13,0,0,0,0,0,0,0,0,0,0,0,0,2,1,1,82,70,12,0,0,0,82,70,12,2019
621100,Widerstand gegen und t tlicher Angriff auf Vollstreckungsbeamte und gleichstehende Personen    113-115 StGB,3403000,Oldenburg (Oldenburg),voll.,183,131,52,0,0,0,0,0,0,0,0,0,0,0,0,1,0,1,180,129,51,2,2,0,182,131,51,2019
621100,Widerstand gegen und t tlicher Angriff auf Vollstreckungsbeamte und gleichstehende Personen    113-115 StGB,3403000,Oldenburg (Oldenburg),vers.,0,0,0,0,0,0,0,0,0,0,0,0,0,0,0,0,0,0,0,0,0,0,0,0,0,0,0,2019
621100,Widerstand gegen und t tlicher Angriff auf Vollstreckungsbeamte und gleichstehende Personen    113-115 StGB,3403000,Oldenburg (Oldenburg),insg.,183,131,52,0,0,0,0,0,0,0,0,0,0,0,0,1,0,1,180,129,51,2,2,0,182,131,51,2019
621100,Widerstand gegen und t tlicher Angriff auf Vollstreckungsbeamte und gleichstehende Personen    113-115 StGB,3404000,Osnabr ck,voll.,228,178,50,0,0,0,0,0,0,0,0,0,0,0,0,2,2,0,223,174,49,3,2,1,226,176,50,2019
621100,Widerstand gegen und t tlicher Angriff auf Vollstreckungsbeamte und gleichstehende Personen    113-115 StGB,3404000,Osnabr ck,vers.,0,0,0,0,0,0,0,0,0,0,0,0,0,0,0,0,0,0,0,0,0,0,0,0,0,0,0,2019
621100,Widerstand gegen und t tlicher Angriff auf Vollstreckungsbeamte und gleichstehende Personen    113-115 StGB,3404000,Osnabr ck,insg.,228,178,50,0,0,0,0,0,0,0,0,0,0,0,0,2,2,0,223,174,49,3,2,1,226,176,50,2019
621100,Widerstand gegen und t tlicher Angriff auf Vollstreckungsbeamte und gleichstehende Personen    113-115 StGB,5774032,Paderborn,voll.,159,122,37,0,0,0,0,0,0,0,0,0,0,0,0,7,3,4,148,117,31,4,2,2,152,119,33,2019
621100,Widerstand gegen und t tlicher Angriff auf Vollstreckungsbeamte und gleichstehende Personen    113-115 StGB,5774032,Paderborn,vers.,0,0,0,0,0,0,0,0,0,0,0,0,0,0,0,0,0,0,0,0,0,0,0,0,0,0,0,2019
621100,Widerstand gegen und t tlicher Angriff auf Vollstreckungsbeamte und gleichstehende Personen    113-115 StGB,5774032,Paderborn,insg.,159,122,37,0,0,0,0,0,0,0,0,0,0,0,0,7,3,4,148,117,31,4,2,2,152,119,33,2019
621100,Widerstand gegen und t tlicher Angriff auf Vollstreckungsbeamte und gleichstehende Personen    113-115 StGB,8231000,Pforzheim,voll.,129,96,33,0,0,0,0,0,0,0,0,0,0,0,0,4,2,2,125,94,31,0,0,0,125,94,31,2019
621100,Widerstand gegen und t tlicher Angriff auf Vollstreckungsbeamte und gleichstehende Personen    113-115 StGB,8231000,Pforzheim,vers.,0,0,0,0,0,0,0,0,0,0,0,0,0,0,0,0,0,0,0,0,0,0,0,0,0,0,0,2019
621100,Widerstand gegen und t tlicher Angriff auf Vollstreckungsbeamte und gleichstehende Personen    113-115 StGB,8231000,Pforzheim,insg.,129,96,33,0,0,0,0,0,0,0,0,0,0,0,0,4,2,2,125,94,31,0,0,0,125,94,31,2019
621100,Widerstand gegen und t tlicher Angriff auf Vollstreckungsbeamte und gleichstehende Personen    113-115 StGB,12054000,Potsdam,voll.,136,115,21,0,0,0,0,0,0,0,0,0,0,0,0,4,2,2,130,111,19,2,2,0,132,113,19,2019
621100,Widerstand gegen und t tlicher Angriff auf Vollstreckungsbeamte und gleichstehende Personen    113-115 StGB,12054000,Potsdam,vers.,0,0,0,0,0,0,0,0,0,0,0,0,0,0,0,0,0,0,0,0,0,0,0,0,0,0,0,2019
621100,Widerstand gegen und t tlicher Angriff auf Vollstreckungsbeamte und gleichstehende Personen    113-115 StGB,12054000,Potsdam,insg.,136,115,21,0,0,0,0,0,0,0,0,0,0,0,0,4,2,2,130,111,19,2,2,0,132,113,19,2019
621100,Widerstand gegen und t tlicher Angriff auf Vollstreckungsbeamte und gleichstehende Personen    113-115 StGB,5562032,Recklinghausen,voll.,195,156,39,0,0,0,0,0,0,0,0,0,0,0,0,5,2,3,187,151,36,3,3,0,190,154,36,2019
621100,Widerstand gegen und t tlicher Angriff auf Vollstreckungsbeamte und gleichstehende Personen    113-115 StGB,5562032,Recklinghausen,vers.,0,0,0,0,0,0,0,0,0,0,0,0,0,0,0,0,0,0,0,0,0,0,0,0,0,0,0,2019
621100,Widerstand gegen und t tlicher Angriff auf Vollstreckungsbeamte und gleichstehende Personen    113-115 StGB,5562032,Recklinghausen,insg.,195,156,39,0,0,0,0,0,0,0,0,0,0,0,0,5,2,3,187,151,36,3,3,0,190,154,36,2019
621100,Widerstand gegen und t tlicher Angriff auf Vollstreckungsbeamte und gleichstehende Personen    113-115 StGB,9362000,Regensburg,voll.,209,192,17,0,0,0,0,0,0,0,0,0,0,0,0,4,3,1,202,186,16,3,3,0,205,189,16,2019
621100,Widerstand gegen und t tlicher Angriff auf Vollstreckungsbeamte und gleichstehende Personen    113-115 StGB,9362000,Regensburg,vers.,0,0,0,0,0,0,0,0,0,0,0,0,0,0,0,0,0,0,0,0,0,0,0,0,0,0,0,2019
621100,Widerstand gegen und t tlicher Angriff auf Vollstreckungsbeamte und gleichstehende Personen    113-115 StGB,9362000,Regensburg,insg.,209,192,17,0,0,0,0,0,0,0,0,0,0,0,0,4,3,1,202,186,16,3,3,0,205,189,16,2019
621100,Widerstand gegen und t tlicher Angriff auf Vollstreckungsbeamte und gleichstehende Personen    113-115 StGB,5120000,Remscheid,voll.,78,57,21,0,0,0,0,0,0,0,0,0,0,0,0,0,0,0,77,56,21,1,1,0,78,57,21,2019
621100,Widerstand gegen und t tlicher Angriff auf Vollstreckungsbeamte und gleichstehende Personen    113-115 StGB,5120000,Remscheid,vers.,0,0,0,0,0,0,0,0,0,0,0,0,0,0,0,0,0,0,0,0,0,0,0,0,0,0,0,2019
621100,Widerstand gegen und t tlicher Angriff auf Vollstreckungsbeamte und gleichstehende Personen    113-115 StGB,5120000,Remscheid,insg.,78,57,21,0,0,0,0,0,0,0,0,0,0,0,0,0,0,0,77,56,21,1,1,0,78,57,21,2019
621100,Widerstand gegen und t tlicher Angriff auf Vollstreckungsbeamte und gleichstehende Personen    113-115 StGB,8415061,Reutlingen,voll.,97,75,22,0,0,0,0,0,0,0,0,0,0,0,0,4,2,2,92,72,20,1,1,0,93,73,20,2019
621100,Widerstand gegen und t tlicher Angriff auf Vollstreckungsbeamte und gleichstehende Personen    113-115 StGB,8415061,Reutlingen,vers.,0,0,0,0,0,0,0,0,0,0,0,0,0,0,0,0,0,0,0,0,0,0,0,0,0,0,0,2019
621100,Widerstand gegen und t tlicher Angriff auf Vollstreckungsbeamte und gleichstehende Personen    113-115 StGB,8415061,Reutlingen,insg.,97,75,22,0,0,0,0,0,0,0,0,0,0,0,0,4,2,2,92,72,20,1,1,0,93,73,20,2019
621100,Widerstand gegen und t tlicher Angriff auf Vollstreckungsbeamte und gleichstehende Personen    113-115 StGB,13003000,Rostock,voll.,266,220,46,0,0,0,0,0,0,0,0,0,0,0,0,6,5,1,249,204,45,11,11,0,260,215,45,2019
621100,Widerstand gegen und t tlicher Angriff auf Vollstreckungsbeamte und gleichstehende Personen    113-115 StGB,13003000,Rostock,vers.,0,0,0,0,0,0,0,0,0,0,0,0,0,0,0,0,0,0,0,0,0,0,0,0,0,0,0,2019
621100,Widerstand gegen und t tlicher Angriff auf Vollstreckungsbeamte und gleichstehende Personen    113-115 StGB,13003000,Rostock,insg.,266,220,46,0,0,0,0,0,0,0,0,0,0,0,0,6,5,1,249,204,45,11,11,0,260,215,45,2019
621100,Widerstand gegen und t tlicher Angriff auf Vollstreckungsbeamte und gleichstehende Personen    113-115 StGB,10041100,Saarbr cken,voll.,459,368,91,0,0,0,0,0,0,0,0,0,0,0,0,9,5,4,449,362,87,1,1,0,450,363,87,2019
621100,Widerstand gegen und t tlicher Angriff auf Vollstreckungsbeamte und gleichstehende Personen    113-115 StGB,10041100,Saarbr cken,vers.,0,0,0,0,0,0,0,0,0,0,0,0,0,0,0,0,0,0,0,0,0,0,0,0,0,0,0,2019
621100,Widerstand gegen und t tlicher Angriff auf Vollstreckungsbeamte und gleichstehende Personen    113-115 StGB,10041100,Saarbr cken,insg.,459,368,91,0,0,0,0,0,0,0,0,0,0,0,0,9,5,4,449,362,87,1,1,0,450,363,87,2019
621100,Widerstand gegen und t tlicher Angriff auf Vollstreckungsbeamte und gleichstehende Personen    113-115 StGB,3102000,Salzgitter,voll.,58,46,12,0,0,0,0,0,0,0,0,0,0,0,0,0,0,0,58,46,12,0,0,0,58,46,12,2019
621100,Widerstand gegen und t tlicher Angriff auf Vollstreckungsbeamte und gleichstehende Personen    113-115 StGB,3102000,Salzgitter,vers.,0,0,0,0,0,0,0,0,0,0,0,0,0,0,0,0,0,0,0,0,0,0,0,0,0,0,0,2019
621100,Widerstand gegen und t tlicher Angriff auf Vollstreckungsbeamte und gleichstehende Personen    113-115 StGB,3102000,Salzgitter,insg.,58,46,12,0,0,0,0,0,0,0,0,0,0,0,0,0,0,0,58,46,12,0,0,0,58,46,12,2019
621100,Widerstand gegen und t tlicher Angriff auf Vollstreckungsbeamte und gleichstehende Personen    113-115 StGB,13004000,Schwerin,voll.,180,153,27,0,0,0,0,0,0,0,0,0,0,0,0,6,5,1,174,148,26,0,0,0,174,148,26,2019
621100,Widerstand gegen und t tlicher Angriff auf Vollstreckungsbeamte und gleichstehende Personen    113-115 StGB,13004000,Schwerin,vers.,0,0,0,0,0,0,0,0,0,0,0,0,0,0,0,0,0,0,0,0,0,0,0,0,0,0,0,2019
621100,Widerstand gegen und t tlicher Angriff auf Vollstreckungsbeamte und gleichstehende Personen    113-115 StGB,13004000,Schwerin,insg.,180,153,27,0,0,0,0,0,0,0,0,0,0,0,0,6,5,1,174,148,26,0,0,0,174,148,26,2019
621100,Widerstand gegen und t tlicher Angriff auf Vollstreckungsbeamte und gleichstehende Personen    113-115 StGB,5970040,Siegen,voll.,155,118,37,0,0,0,0,0,0,0,0,0,0,0,0,3,1,2,150,115,35,2,2,0,152,117,35,2019
621100,Widerstand gegen und t tlicher Angriff auf Vollstreckungsbeamte und gleichstehende Personen    113-115 StGB,5970040,Siegen,vers.,0,0,0,0,0,0,0,0,0,0,0,0,0,0,0,0,0,0,0,0,0,0,0,0,0,0,0,2019
621100,Widerstand gegen und t tlicher Angriff auf Vollstreckungsbeamte und gleichstehende Personen    113-115 StGB,5970040,Siegen,insg.,155,118,37,0,0,0,0,0,0,0,0,0,0,0,0,3,1,2,150,115,35,2,2,0,152,117,35,2019
621100,Widerstand gegen und t tlicher Angriff auf Vollstreckungsbeamte und gleichstehende Personen    113-115 StGB,5122000,Solingen,voll.,129,93,36,0,0,0,1,1,0,1,1,0,0,0,0,2,2,0,124,88,36,2,2,0,126,90,36,2019
621100,Widerstand gegen und t tlicher Angriff auf Vollstreckungsbeamte und gleichstehende Personen    113-115 StGB,5122000,Solingen,vers.,0,0,0,0,0,0,0,0,0,0,0,0,0,0,0,0,0,0,0,0,0,0,0,0,0,0,0,2019
621100,Widerstand gegen und t tlicher Angriff auf Vollstreckungsbeamte und gleichstehende Personen    113-115 StGB,5122000,Solingen,insg.,129,93,36,0,0,0,1,1,0,1,1,0,0,0,0,2,2,0,124,88,36,2,2,0,126,90,36,2019
621100,Widerstand gegen und t tlicher Angriff auf Vollstreckungsbeamte und gleichstehende Personen    113-115 StGB,8111000,Stuttgart,voll.,1766,1409,357,0,0,0,0,0,0,0,0,0,1,0,1,31,18,13,1732,1389,343,2,2,0,1734,1391,343,2019
621100,Widerstand gegen und t tlicher Angriff auf Vollstreckungsbeamte und gleichstehende Personen    113-115 StGB,8111000,Stuttgart,vers.,0,0,0,0,0,0,0,0,0,0,0,0,0,0,0,0,0,0,0,0,0,0,0,0,0,0,0,2019
621100,Widerstand gegen und t tlicher Angriff auf Vollstreckungsbeamte und gleichstehende Personen    113-115 StGB,8111000,Stuttgart,insg.,1766,1409,357,0,0,0,0,0,0,0,0,0,1,0,1,31,18,13,1732,1389,343,2,2,0,1734,1391,343,2019
621100,Widerstand gegen und t tlicher Angriff auf Vollstreckungsbeamte und gleichstehende Personen    113-115 StGB,7211000,Trier,voll.,171,140,31,0,0,0,0,0,0,0,0,0,0,0,0,2,2,0,166,135,31,3,3,0,169,138,31,2019
621100,Widerstand gegen und t tlicher Angriff auf Vollstreckungsbeamte und gleichstehende Personen    113-115 StGB,7211000,Trier,vers.,0,0,0,0,0,0,0,0,0,0,0,0,0,0,0,0,0,0,0,0,0,0,0,0,0,0,0,2019
621100,Widerstand gegen und t tlicher Angriff auf Vollstreckungsbeamte und gleichstehende Personen    113-115 StGB,7211000,Trier,insg.,171,140,31,0,0,0,0,0,0,0,0,0,0,0,0,2,2,0,166,135,31,3,3,0,169,138,31,2019
621100,Widerstand gegen und t tlicher Angriff auf Vollstreckungsbeamte und gleichstehende Personen    113-115 StGB,8421000,Ulm,voll.,170,139,31,0,0,0,0,0,0,0,0,0,0,0,0,3,2,1,166,136,30,1,1,0,167,137,30,2019
621100,Widerstand gegen und t tlicher Angriff auf Vollstreckungsbeamte und gleichstehende Personen    113-115 StGB,8421000,Ulm,vers.,0,0,0,0,0,0,0,0,0,0,0,0,0,0,0,0,0,0,0,0,0,0,0,0,0,0,0,2019
621100,Widerstand gegen und t tlicher Angriff auf Vollstreckungsbeamte und gleichstehende Personen    113-115 StGB,8421000,Ulm,insg.,170,139,31,0,0,0,0,0,0,0,0,0,0,0,0,3,2,1,166,136,30,1,1,0,167,137,30,2019
621100,Widerstand gegen und t tlicher Angriff auf Vollstreckungsbeamte und gleichstehende Personen    113-115 StGB,6414000,Wiesbaden,voll.,187,155,32,0,0,0,0,0,0,0,0,0,0,0,0,3,1,2,183,154,29,1,0,1,184,154,30,2019
621100,Widerstand gegen und t tlicher Angriff auf Vollstreckungsbeamte und gleichstehende Personen    113-115 StGB,6414000,Wiesbaden,vers.,0,0,0,0,0,0,0,0,0,0,0,0,0,0,0,0,0,0,0,0,0,0,0,0,0,0,0,2019
621100,Widerstand gegen und t tlicher Angriff auf Vollstreckungsbeamte und gleichstehende Personen    113-115 StGB,6414000,Wiesbaden,insg.,187,155,32,0,0,0,0,0,0,0,0,0,0,0,0,3,1,2,183,154,29,1,0,1,184,154,30,2019
621100,Widerstand gegen und t tlicher Angriff auf Vollstreckungsbeamte und gleichstehende Personen    113-115 StGB,3103000,Wolfsburg,voll.,184,164,20,0,0,0,0,0,0,0,0,0,0,0,0,8,8,0,176,156,20,0,0,0,176,156,20,2019
621100,Widerstand gegen und t tlicher Angriff auf Vollstreckungsbeamte und gleichstehende Personen    113-115 StGB,3103000,Wolfsburg,vers.,0,0,0,0,0,0,0,0,0,0,0,0,0,0,0,0,0,0,0,0,0,0,0,0,0,0,0,2019
621100,Widerstand gegen und t tlicher Angriff auf Vollstreckungsbeamte und gleichstehende Personen    113-115 StGB,3103000,Wolfsburg,insg.,184,164,20,0,0,0,0,0,0,0,0,0,0,0,0,8,8,0,176,156,20,0,0,0,176,156,20,2019
621100,Widerstand gegen und t tlicher Angriff auf Vollstreckungsbeamte und gleichstehende Personen    113-115 StGB,5124000,Wuppertal,voll.,534,372,162,0,0,0,0,0,0,0,0,0,4,2,2,9,8,1,514,357,157,7,5,2,521,362,159,2019
621100,Widerstand gegen und t tlicher Angriff auf Vollstreckungsbeamte und gleichstehende Personen    113-115 StGB,5124000,Wuppertal,vers.,0,0,0,0,0,0,0,0,0,0,0,0,0,0,0,0,0,0,0,0,0,0,0,0,0,0,0,2019
621100,Widerstand gegen und t tlicher Angriff auf Vollstreckungsbeamte und gleichstehende Personen    113-115 StGB,5124000,Wuppertal,insg.,534,372,162,0,0,0,0,0,0,0,0,0,4,2,2,9,8,1,514,357,157,7,5,2,521,362,159,2019
621100,Widerstand gegen und t tlicher Angriff auf Vollstreckungsbeamte und gleichstehende Personen    113-115 StGB,9663000,W rzburg,voll.,149,125,24,0,0,0,0,0,0,0,0,0,0,0,0,5,3,2,144,122,22,0,0,0,144,122,22,2019
621100,Widerstand gegen und t tlicher Angriff auf Vollstreckungsbeamte und gleichstehende Personen    113-115 StGB,9663000,W rzburg,vers.,0,0,0,0,0,0,0,0,0,0,0,0,0,0,0,0,0,0,0,0,0,0,0,0,0,0,0,2019
621100,Widerstand gegen und t tlicher Angriff auf Vollstreckungsbeamte und gleichstehende Personen    113-115 StGB,9663000,W rzburg,insg.,149,125,24,0,0,0,0,0,0,0,0,0,0,0,0,5,3,2,144,122,22,0,0,0,144,122,22,2019
621110,"Widerstand gegen Vollstreckungsbeamte und gleichstehende Personen    113, 115 StGB",5334002,Aachen,voll.,280,208,72,0,0,0,0,0,0,0,0,0,1,1,0,7,6,1,264,195,69,8,6,2,272,201,71,2019
621110,"Widerstand gegen Vollstreckungsbeamte und gleichstehende Personen    113, 115 StGB",5334002,Aachen,vers.,0,0,0,0,0,0,0,0,0,0,0,0,0,0,0,0,0,0,0,0,0,0,0,0,0,0,0,2019
621110,"Widerstand gegen Vollstreckungsbeamte und gleichstehende Personen    113, 115 StGB",5334002,Aachen,insg.,280,208,72,0,0,0,0,0,0,0,0,0,1,1,0,7,6,1,264,195,69,8,6,2,272,201,71,2019
621110,"Widerstand gegen Vollstreckungsbeamte und gleichstehende Personen    113, 115 StGB",9761000,Augsburg,voll.,273,231,42,0,0,0,0,0,0,0,0,0,0,0,0,5,4,1,268,227,41,0,0,0,268,227,41,2019
621110,"Widerstand gegen Vollstreckungsbeamte und gleichstehende Personen    113, 115 StGB",9761000,Augsburg,vers.,0,0,0,0,0,0,0,0,0,0,0,0,0,0,0,0,0,0,0,0,0,0,0,0,0,0,0,2019
621110,"Widerstand gegen Vollstreckungsbeamte und gleichstehende Personen    113, 115 StGB",9761000,Augsburg,insg.,273,231,42,0,0,0,0,0,0,0,0,0,0,0,0,5,4,1,268,227,41,0,0,0,268,227,41,2019
621110,"Widerstand gegen Vollstreckungsbeamte und gleichstehende Personen    113, 115 StGB",5378004,Bergisch Gladbach,voll.,60,46,14,0,0,0,0,0,0,0,0,0,0,0,0,0,0,0,59,45,14,1,1,0,60,46,14,2019
621110,"Widerstand gegen Vollstreckungsbeamte und gleichstehende Personen    113, 115 StGB",5378004,Bergisch Gladbach,vers.,0,0,0,0,0,0,0,0,0,0,0,0,0,0,0,0,0,0,0,0,0,0,0,0,0,0,0,2019
621110,"Widerstand gegen Vollstreckungsbeamte und gleichstehende Personen    113, 115 StGB",5378004,Bergisch Gladbach,insg.,60,46,14,0,0,0,0,0,0,0,0,0,0,0,0,0,0,0,59,45,14,1,1,0,60,46,14,2019
621110,"Widerstand gegen Vollstreckungsbeamte und gleichstehende Personen    113, 115 StGB",11000000,Berlin,voll.,4733,4095,638,1,1,0,0,0,0,1,1,0,1,1,0,47,40,7,4653,4024,629,31,29,2,4684,4053,631,2019
621110,"Widerstand gegen Vollstreckungsbeamte und gleichstehende Personen    113, 115 StGB",11000000,Berlin,vers.,0,0,0,0,0,0,0,0,0,0,0,0,0,0,0,0,0,0,0,0,0,0,0,0,0,0,0,2019
621110,"Widerstand gegen Vollstreckungsbeamte und gleichstehende Personen    113, 115 StGB",11000000,Berlin,insg.,4733,4095,638,1,1,0,0,0,0,1,1,0,1,1,0,47,40,7,4653,4024,629,31,29,2,4684,4053,631,2019
621110,"Widerstand gegen Vollstreckungsbeamte und gleichstehende Personen    113, 115 StGB",5711000,Bielefeld,voll.,188,152,36,0,0,0,0,0,0,0,0,0,1,1,0,10,10,0,176,140,36,1,1,0,177,141,36,2019
621110,"Widerstand gegen Vollstreckungsbeamte und gleichstehende Personen    113, 115 StGB",5711000,Bielefeld,vers.,0,0,0,0,0,0,0,0,0,0,0,0,0,0,0,0,0,0,0,0,0,0,0,0,0,0,0,2019
621110,"Widerstand gegen Vollstreckungsbeamte und gleichstehende Personen    113, 115 StGB",5711000,Bielefeld,insg.,188,152,36,0,0,0,0,0,0,0,0,0,1,1,0,10,10,0,176,140,36,1,1,0,177,141,36,2019
621110,"Widerstand gegen Vollstreckungsbeamte und gleichstehende Personen    113, 115 StGB",5911000,Bochum,voll.,325,271,54,0,0,0,0,0,0,0,0,0,0,0,0,2,1,1,322,269,53,1,1,0,323,270,53,2019
621110,"Widerstand gegen Vollstreckungsbeamte und gleichstehende Personen    113, 115 StGB",5911000,Bochum,vers.,0,0,0,0,0,0,0,0,0,0,0,0,0,0,0,0,0,0,0,0,0,0,0,0,0,0,0,2019
621110,"Widerstand gegen Vollstreckungsbeamte und gleichstehende Personen    113, 115 StGB",5911000,Bochum,insg.,325,271,54,0,0,0,0,0,0,0,0,0,0,0,0,2,1,1,322,269,53,1,1,0,323,270,53,2019
621110,"Widerstand gegen Vollstreckungsbeamte und gleichstehende Personen    113, 115 StGB",5314000,Bonn,voll.,354,246,108,0,0,0,0,0,0,0,0,0,0,0,0,10,7,3,343,238,105,1,1,0,344,239,105,2019
621110,"Widerstand gegen Vollstreckungsbeamte und gleichstehende Personen    113, 115 StGB",5314000,Bonn,vers.,0,0,0,0,0,0,0,0,0,0,0,0,0,0,0,0,0,0,0,0,0,0,0,0,0,0,0,2019
621110,"Widerstand gegen Vollstreckungsbeamte und gleichstehende Personen    113, 115 StGB",5314000,Bonn,insg.,354,246,108,0,0,0,0,0,0,0,0,0,0,0,0,10,7,3,343,238,105,1,1,0,344,239,105,2019
621110,"Widerstand gegen Vollstreckungsbeamte und gleichstehende Personen    113, 115 StGB",5512000,Bottrop,voll.,70,55,15,0,0,0,0,0,0,0,0,0,0,0,0,2,1,1,68,54,14,0,0,0,68,54,14,2019
621110,"Widerstand gegen Vollstreckungsbeamte und gleichstehende Personen    113, 115 StGB",5512000,Bottrop,vers.,0,0,0,0,0,0,0,0,0,0,0,0,0,0,0,0,0,0,0,0,0,0,0,0,0,0,0,2019
621110,"Widerstand gegen Vollstreckungsbeamte und gleichstehende Personen    113, 115 StGB",5512000,Bottrop,insg.,70,55,15,0,0,0,0,0,0,0,0,0,0,0,0,2,1,1,68,54,14,0,0,0,68,54,14,2019
621110,"Widerstand gegen Vollstreckungsbeamte und gleichstehende Personen    113, 115 StGB",3101000,Braunschweig,voll.,169,142,27,0,0,0,0,0,0,0,0,0,0,0,0,3,1,2,163,138,25,3,3,0,166,141,25,2019
621110,"Widerstand gegen Vollstreckungsbeamte und gleichstehende Personen    113, 115 StGB",3101000,Braunschweig,vers.,0,0,0,0,0,0,0,0,0,0,0,0,0,0,0,0,0,0,0,0,0,0,0,0,0,0,0,2019
621110,"Widerstand gegen Vollstreckungsbeamte und gleichstehende Personen    113, 115 StGB",3101000,Braunschweig,insg.,169,142,27,0,0,0,0,0,0,0,0,0,0,0,0,3,1,2,163,138,25,3,3,0,166,141,25,2019
621110,"Widerstand gegen Vollstreckungsbeamte und gleichstehende Personen    113, 115 StGB",4011000,Bremen,voll.,562,436,126,0,0,0,0,0,0,0,0,0,0,0,0,2,2,0,558,432,126,2,2,0,560,434,126,2019
621110,"Widerstand gegen Vollstreckungsbeamte und gleichstehende Personen    113, 115 StGB",4011000,Bremen,vers.,0,0,0,0,0,0,0,0,0,0,0,0,0,0,0,0,0,0,0,0,0,0,0,0,0,0,0,2019
621110,"Widerstand gegen Vollstreckungsbeamte und gleichstehende Personen    113, 115 StGB",4011000,Bremen,insg.,562,436,126,0,0,0,0,0,0,0,0,0,0,0,0,2,2,0,558,432,126,2,2,0,560,434,126,2019
621110,"Widerstand gegen Vollstreckungsbeamte und gleichstehende Personen    113, 115 StGB",4012000,Bremerhaven,voll.,147,113,34,0,0,0,0,0,0,0,0,0,0,0,0,0,0,0,145,111,34,2,2,0,147,113,34,2019
621110,"Widerstand gegen Vollstreckungsbeamte und gleichstehende Personen    113, 115 StGB",4012000,Bremerhaven,vers.,0,0,0,0,0,0,0,0,0,0,0,0,0,0,0,0,0,0,0,0,0,0,0,0,0,0,0,2019
621110,"Widerstand gegen Vollstreckungsbeamte und gleichstehende Personen    113, 115 StGB",4012000,Bremerhaven,insg.,147,113,34,0,0,0,0,0,0,0,0,0,0,0,0,0,0,0,145,111,34,2,2,0,147,113,34,2019
621110,"Widerstand gegen Vollstreckungsbeamte und gleichstehende Personen    113, 115 StGB",14511000,Chemnitz,voll.,161,145,16,0,0,0,0,0,0,0,0,0,0,0,0,1,1,0,159,143,16,1,1,0,160,144,16,2019
621110,"Widerstand gegen Vollstreckungsbeamte und gleichstehende Personen    113, 115 StGB",14511000,Chemnitz,vers.,0,0,0,0,0,0,0,0,0,0,0,0,0,0,0,0,0,0,0,0,0,0,0,0,0,0,0,2019
621110,"Widerstand gegen Vollstreckungsbeamte und gleichstehende Personen    113, 115 StGB",14511000,Chemnitz,insg.,161,145,16,0,0,0,0,0,0,0,0,0,0,0,0,1,1,0,159,143,16,1,1,0,160,144,16,2019
621110,"Widerstand gegen Vollstreckungsbeamte und gleichstehende Personen    113, 115 StGB",12052000,Cottbus,voll.,58,55,3,0,0,0,0,0,0,0,0,0,0,0,0,2,2,0,56,53,3,0,0,0,56,53,3,2019
621110,"Widerstand gegen Vollstreckungsbeamte und gleichstehende Personen    113, 115 StGB",12052000,Cottbus,vers.,0,0,0,0,0,0,0,0,0,0,0,0,0,0,0,0,0,0,0,0,0,0,0,0,0,0,0,2019
621110,"Widerstand gegen Vollstreckungsbeamte und gleichstehende Personen    113, 115 StGB",12052000,Cottbus,insg.,58,55,3,0,0,0,0,0,0,0,0,0,0,0,0,2,2,0,56,53,3,0,0,0,56,53,3,2019
621110,"Widerstand gegen Vollstreckungsbeamte und gleichstehende Personen    113, 115 StGB",6411000,Darmstadt,voll.,71,61,10,0,0,0,0,0,0,0,0,0,0,0,0,1,1,0,70,60,10,0,0,0,70,60,10,2019
621110,"Widerstand gegen Vollstreckungsbeamte und gleichstehende Personen    113, 115 StGB",6411000,Darmstadt,vers.,0,0,0,0,0,0,0,0,0,0,0,0,0,0,0,0,0,0,0,0,0,0,0,0,0,0,0,2019
621110,"Widerstand gegen Vollstreckungsbeamte und gleichstehende Personen    113, 115 StGB",6411000,Darmstadt,insg.,71,61,10,0,0,0,0,0,0,0,0,0,0,0,0,1,1,0,70,60,10,0,0,0,70,60,10,2019
621110,"Widerstand gegen Vollstreckungsbeamte und gleichstehende Personen    113, 115 StGB",5913000,Dortmund,voll.,739,595,144,0,0,0,0,0,0,0,0,0,0,0,0,10,10,0,726,582,144,3,3,0,729,585,144,2019
621110,"Widerstand gegen Vollstreckungsbeamte und gleichstehende Personen    113, 115 StGB",5913000,Dortmund,vers.,0,0,0,0,0,0,0,0,0,0,0,0,0,0,0,0,0,0,0,0,0,0,0,0,0,0,0,2019
621110,"Widerstand gegen Vollstreckungsbeamte und gleichstehende Personen    113, 115 StGB",5913000,Dortmund,insg.,739,595,144,0,0,0,0,0,0,0,0,0,0,0,0,10,10,0,726,582,144,3,3,0,729,585,144,2019
621110,"Widerstand gegen Vollstreckungsbeamte und gleichstehende Personen    113, 115 StGB",14612000,Dresden,voll.,268,237,31,0,0,0,0,0,0,0,0,0,0,0,0,3,3,0,264,233,31,1,1,0,265,234,31,2019
621110,"Widerstand gegen Vollstreckungsbeamte und gleichstehende Personen    113, 115 StGB",14612000,Dresden,vers.,0,0,0,0,0,0,0,0,0,0,0,0,0,0,0,0,0,0,0,0,0,0,0,0,0,0,0,2019
621110,"Widerstand gegen Vollstreckungsbeamte und gleichstehende Personen    113, 115 StGB",14612000,Dresden,insg.,268,237,31,0,0,0,0,0,0,0,0,0,0,0,0,3,3,0,264,233,31,1,1,0,265,234,31,2019
621110,"Widerstand gegen Vollstreckungsbeamte und gleichstehende Personen    113, 115 StGB",5112000,Duisburg,voll.,472,347,125,0,0,0,1,1,0,1,1,0,2,2,0,15,5,10,448,335,113,6,4,2,454,339,115,2019
621110,"Widerstand gegen Vollstreckungsbeamte und gleichstehende Personen    113, 115 StGB",5112000,Duisburg,vers.,0,0,0,0,0,0,0,0,0,0,0,0,0,0,0,0,0,0,0,0,0,0,0,0,0,0,0,2019
621110,"Widerstand gegen Vollstreckungsbeamte und gleichstehende Personen    113, 115 StGB",5112000,Duisburg,insg.,472,347,125,0,0,0,1,1,0,1,1,0,2,2,0,15,5,10,448,335,113,6,4,2,454,339,115,2019
621110,"Widerstand gegen Vollstreckungsbeamte und gleichstehende Personen    113, 115 StGB",5111000,D sseldorf,voll.,541,422,119,1,0,1,0,0,0,1,0,1,1,0,1,15,11,4,519,407,112,5,4,1,524,411,113,2019
621110,"Widerstand gegen Vollstreckungsbeamte und gleichstehende Personen    113, 115 StGB",5111000,D sseldorf,vers.,0,0,0,0,0,0,0,0,0,0,0,0,0,0,0,0,0,0,0,0,0,0,0,0,0,0,0,2019
621110,"Widerstand gegen Vollstreckungsbeamte und gleichstehende Personen    113, 115 StGB",5111000,D sseldorf,insg.,541,422,119,1,0,1,0,0,0,1,0,1,1,0,1,15,11,4,519,407,112,5,4,1,524,411,113,2019
621110,"Widerstand gegen Vollstreckungsbeamte und gleichstehende Personen    113, 115 StGB",16051000,Erfurt,voll.,243,217,26,0,0,0,0,0,0,0,0,0,0,0,0,8,6,2,234,210,24,1,1,0,235,211,24,2019
621110,"Widerstand gegen Vollstreckungsbeamte und gleichstehende Personen    113, 115 StGB",16051000,Erfurt,vers.,0,0,0,0,0,0,0,0,0,0,0,0,0,0,0,0,0,0,0,0,0,0,0,0,0,0,0,2019
621110,"Widerstand gegen Vollstreckungsbeamte und gleichstehende Personen    113, 115 StGB",16051000,Erfurt,insg.,243,217,26,0,0,0,0,0,0,0,0,0,0,0,0,8,6,2,234,210,24,1,1,0,235,211,24,2019
621110,"Widerstand gegen Vollstreckungsbeamte und gleichstehende Personen    113, 115 StGB",9562000,Erlangen,voll.,27,23,4,0,0,0,0,0,0,0,0,0,0,0,0,2,2,0,24,20,4,1,1,0,25,21,4,2019
621110,"Widerstand gegen Vollstreckungsbeamte und gleichstehende Personen    113, 115 StGB",9562000,Erlangen,vers.,0,0,0,0,0,0,0,0,0,0,0,0,0,0,0,0,0,0,0,0,0,0,0,0,0,0,0,2019
621110,"Widerstand gegen Vollstreckungsbeamte und gleichstehende Personen    113, 115 StGB",9562000,Erlangen,insg.,27,23,4,0,0,0,0,0,0,0,0,0,0,0,0,2,2,0,24,20,4,1,1,0,25,21,4,2019
621110,"Widerstand gegen Vollstreckungsbeamte und gleichstehende Personen    113, 115 StGB",5113000,Essen,voll.,547,420,127,0,0,0,0,0,0,0,0,0,1,1,0,14,10,4,531,409,122,1,0,1,532,409,123,2019
621110,"Widerstand gegen Vollstreckungsbeamte und gleichstehende Personen    113, 115 StGB",5113000,Essen,vers.,0,0,0,0,0,0,0,0,0,0,0,0,0,0,0,0,0,0,0,0,0,0,0,0,0,0,0,2019
621110,"Widerstand gegen Vollstreckungsbeamte und gleichstehende Personen    113, 115 StGB",5113000,Essen,insg.,547,420,127,0,0,0,0,0,0,0,0,0,1,1,0,14,10,4,531,409,122,1,0,1,532,409,123,2019
621110,"Widerstand gegen Vollstreckungsbeamte und gleichstehende Personen    113, 115 StGB",6412000,Frankfurt am Main,voll.,1038,911,127,0,0,0,0,0,0,0,0,0,0,0,0,17,13,4,1021,898,123,0,0,0,1021,898,123,2019
621110,"Widerstand gegen Vollstreckungsbeamte und gleichstehende Personen    113, 115 StGB",6412000,Frankfurt am Main,vers.,0,0,0,0,0,0,0,0,0,0,0,0,0,0,0,0,0,0,0,0,0,0,0,0,0,0,0,2019
621110,"Widerstand gegen Vollstreckungsbeamte und gleichstehende Personen    113, 115 StGB",6412000,Frankfurt am Main,insg.,1038,911,127,0,0,0,0,0,0,0,0,0,0,0,0,17,13,4,1021,898,123,0,0,0,1021,898,123,2019
621110,"Widerstand gegen Vollstreckungsbeamte und gleichstehende Personen    113, 115 StGB",8311000,Freiburg im Breisgau,voll.,283,245,38,0,0,0,0,0,0,0,0,0,4,4,0,11,11,0,263,225,38,5,5,0,268,230,38,2019
621110,"Widerstand gegen Vollstreckungsbeamte und gleichstehende Personen    113, 115 StGB",8311000,Freiburg im Breisgau,vers.,0,0,0,0,0,0,0,0,0,0,0,0,0,0,0,0,0,0,0,0,0,0,0,0,0,0,0,2019
621110,"Widerstand gegen Vollstreckungsbeamte und gleichstehende Personen    113, 115 StGB",8311000,Freiburg im Breisgau,insg.,283,245,38,0,0,0,0,0,0,0,0,0,4,4,0,11,11,0,263,225,38,5,5,0,268,230,38,2019
621110,"Widerstand gegen Vollstreckungsbeamte und gleichstehende Personen    113, 115 StGB",9563000,F rth,voll.,14,13,1,0,0,0,0,0,0,0,0,0,0,0,0,0,0,0,14,13,1,0,0,0,14,13,1,2019
621110,"Widerstand gegen Vollstreckungsbeamte und gleichstehende Personen    113, 115 StGB",9563000,F rth,vers.,0,0,0,0,0,0,0,0,0,0,0,0,0,0,0,0,0,0,0,0,0,0,0,0,0,0,0,2019
621110,"Widerstand gegen Vollstreckungsbeamte und gleichstehende Personen    113, 115 StGB",9563000,F rth,insg.,14,13,1,0,0,0,0,0,0,0,0,0,0,0,0,0,0,0,14,13,1,0,0,0,14,13,1,2019
621110,"Widerstand gegen Vollstreckungsbeamte und gleichstehende Personen    113, 115 StGB",5513000,Gelsenkirchen,voll.,264,202,62,0,0,0,0,0,0,0,0,0,1,0,1,3,2,1,255,195,60,5,5,0,260,200,60,2019
621110,"Widerstand gegen Vollstreckungsbeamte und gleichstehende Personen    113, 115 StGB",5513000,Gelsenkirchen,vers.,0,0,0,0,0,0,0,0,0,0,0,0,0,0,0,0,0,0,0,0,0,0,0,0,0,0,0,2019
621110,"Widerstand gegen Vollstreckungsbeamte und gleichstehende Personen    113, 115 StGB",5513000,Gelsenkirchen,insg.,264,202,62,0,0,0,0,0,0,0,0,0,1,0,1,3,2,1,255,195,60,5,5,0,260,200,60,2019
621110,"Widerstand gegen Vollstreckungsbeamte und gleichstehende Personen    113, 115 StGB",3159016,G ttingen,voll.,118,95,23,0,0,0,0,0,0,0,0,0,0,0,0,2,2,0,116,93,23,0,0,0,116,93,23,2019
621110,"Widerstand gegen Vollstreckungsbeamte und gleichstehende Personen    113, 115 StGB",3159016,G ttingen,vers.,0,0,0,0,0,0,0,0,0,0,0,0,0,0,0,0,0,0,0,0,0,0,0,0,0,0,0,2019
621110,"Widerstand gegen Vollstreckungsbeamte und gleichstehende Personen    113, 115 StGB",3159016,G ttingen,insg.,118,95,23,0,0,0,0,0,0,0,0,0,0,0,0,2,2,0,116,93,23,0,0,0,116,93,23,2019
621110,"Widerstand gegen Vollstreckungsbeamte und gleichstehende Personen    113, 115 StGB",5754008,G tersloh,voll.,135,93,42,0,0,0,0,0,0,0,0,0,0,0,0,3,2,1,131,90,41,1,1,0,132,91,41,2019
621110,"Widerstand gegen Vollstreckungsbeamte und gleichstehende Personen    113, 115 StGB",5754008,G tersloh,vers.,0,0,0,0,0,0,0,0,0,0,0,0,0,0,0,0,0,0,0,0,0,0,0,0,0,0,0,2019
621110,"Widerstand gegen Vollstreckungsbeamte und gleichstehende Personen    113, 115 StGB",5754008,G tersloh,insg.,135,93,42,0,0,0,0,0,0,0,0,0,0,0,0,3,2,1,131,90,41,1,1,0,132,91,41,2019
621110,"Widerstand gegen Vollstreckungsbeamte und gleichstehende Personen    113, 115 StGB",5914000,Hagen,voll.,197,138,59,0,0,0,1,1,0,1,1,0,0,0,0,2,0,2,191,134,57,3,3,0,194,137,57,2019
621110,"Widerstand gegen Vollstreckungsbeamte und gleichstehende Personen    113, 115 StGB",5914000,Hagen,vers.,0,0,0,0,0,0,0,0,0,0,0,0,0,0,0,0,0,0,0,0,0,0,0,0,0,0,0,2019
621110,"Widerstand gegen Vollstreckungsbeamte und gleichstehende Personen    113, 115 StGB",5914000,Hagen,insg.,197,138,59,0,0,0,1,1,0,1,1,0,0,0,0,2,0,2,191,134,57,3,3,0,194,137,57,2019
621110,"Widerstand gegen Vollstreckungsbeamte und gleichstehende Personen    113, 115 StGB",15002000,Halle (Saale),voll.,172,148,24,0,0,0,0,0,0,0,0,0,0,0,0,10,8,2,162,140,22,0,0,0,162,140,22,2019
621110,"Widerstand gegen Vollstreckungsbeamte und gleichstehende Personen    113, 115 StGB",15002000,Halle (Saale),vers.,0,0,0,0,0,0,0,0,0,0,0,0,0,0,0,0,0,0,0,0,0,0,0,0,0,0,0,2019
621110,"Widerstand gegen Vollstreckungsbeamte und gleichstehende Personen    113, 115 StGB",15002000,Halle (Saale),insg.,172,148,24,0,0,0,0,0,0,0,0,0,0,0,0,10,8,2,162,140,22,0,0,0,162,140,22,2019
621110,"Widerstand gegen Vollstreckungsbeamte und gleichstehende Personen    113, 115 StGB",2000000,Hamburg,voll.,779,652,127,0,0,0,0,0,0,0,0,0,0,0,0,12,10,2,765,640,125,2,2,0,767,642,125,2019
621110,"Widerstand gegen Vollstreckungsbeamte und gleichstehende Personen    113, 115 StGB",2000000,Hamburg,vers.,0,0,0,0,0,0,0,0,0,0,0,0,0,0,0,0,0,0,0,0,0,0,0,0,0,0,0,2019
621110,"Widerstand gegen Vollstreckungsbeamte und gleichstehende Personen    113, 115 StGB",2000000,Hamburg,insg.,779,652,127,0,0,0,0,0,0,0,0,0,0,0,0,12,10,2,765,640,125,2,2,0,767,642,125,2019
621110,"Widerstand gegen Vollstreckungsbeamte und gleichstehende Personen    113, 115 StGB",5915000,Hamm,voll.,193,147,46,0,0,0,0,0,0,0,0,0,1,1,0,3,1,2,187,143,44,2,2,0,189,145,44,2019
621110,"Widerstand gegen Vollstreckungsbeamte und gleichstehende Personen    113, 115 StGB",5915000,Hamm,vers.,0,0,0,0,0,0,0,0,0,0,0,0,0,0,0,0,0,0,0,0,0,0,0,0,0,0,0,2019
621110,"Widerstand gegen Vollstreckungsbeamte und gleichstehende Personen    113, 115 StGB",5915000,Hamm,insg.,193,147,46,0,0,0,0,0,0,0,0,0,1,1,0,3,1,2,187,143,44,2,2,0,189,145,44,2019
621110,"Widerstand gegen Vollstreckungsbeamte und gleichstehende Personen    113, 115 StGB",3241001,Hannover,voll.,565,457,108,0,0,0,0,0,0,0,0,0,0,0,0,7,5,2,555,449,106,3,3,0,558,452,106,2019
621110,"Widerstand gegen Vollstreckungsbeamte und gleichstehende Personen    113, 115 StGB",3241001,Hannover,vers.,0,0,0,0,0,0,0,0,0,0,0,0,0,0,0,0,0,0,0,0,0,0,0,0,0,0,0,2019
621110,"Widerstand gegen Vollstreckungsbeamte und gleichstehende Personen    113, 115 StGB",3241001,Hannover,insg.,565,457,108,0,0,0,0,0,0,0,0,0,0,0,0,7,5,2,555,449,106,3,3,0,558,452,106,2019
621110,"Widerstand gegen Vollstreckungsbeamte und gleichstehende Personen    113, 115 StGB",8221000,Heidelberg,voll.,72,60,12,0,0,0,0,0,0,0,0,0,0,0,0,0,0,0,70,58,12,2,2,0,72,60,12,2019
621110,"Widerstand gegen Vollstreckungsbeamte und gleichstehende Personen    113, 115 StGB",8221000,Heidelberg,vers.,0,0,0,0,0,0,0,0,0,0,0,0,0,0,0,0,0,0,0,0,0,0,0,0,0,0,0,2019
621110,"Widerstand gegen Vollstreckungsbeamte und gleichstehende Personen    113, 115 StGB",8221000,Heidelberg,insg.,72,60,12,0,0,0,0,0,0,0,0,0,0,0,0,0,0,0,70,58,12,2,2,0,72,60,12,2019
621110,"Widerstand gegen Vollstreckungsbeamte und gleichstehende Personen    113, 115 StGB",8121000,Heilbronn,voll.,35,30,5,0,0,0,0,0,0,0,0,0,0,0,0,1,1,0,34,29,5,0,0,0,34,29,5,2019
621110,"Widerstand gegen Vollstreckungsbeamte und gleichstehende Personen    113, 115 StGB",8121000,Heilbronn,vers.,0,0,0,0,0,0,0,0,0,0,0,0,0,0,0,0,0,0,0,0,0,0,0,0,0,0,0,2019
621110,"Widerstand gegen Vollstreckungsbeamte und gleichstehende Personen    113, 115 StGB",8121000,Heilbronn,insg.,35,30,5,0,0,0,0,0,0,0,0,0,0,0,0,1,1,0,34,29,5,0,0,0,34,29,5,2019
621110,"Widerstand gegen Vollstreckungsbeamte und gleichstehende Personen    113, 115 StGB",5916000,Herne,voll.,107,76,31,0,0,0,0,0,0,0,0,0,0,0,0,0,0,0,106,75,31,1,1,0,107,76,31,2019
621110,"Widerstand gegen Vollstreckungsbeamte und gleichstehende Personen    113, 115 StGB",5916000,Herne,vers.,0,0,0,0,0,0,0,0,0,0,0,0,0,0,0,0,0,0,0,0,0,0,0,0,0,0,0,2019
621110,"Widerstand gegen Vollstreckungsbeamte und gleichstehende Personen    113, 115 StGB",5916000,Herne,insg.,107,76,31,0,0,0,0,0,0,0,0,0,0,0,0,0,0,0,106,75,31,1,1,0,107,76,31,2019
621110,"Widerstand gegen Vollstreckungsbeamte und gleichstehende Personen    113, 115 StGB",3254021,Hildesheim,voll.,38,32,6,0,0,0,0,0,0,0,0,0,0,0,0,0,0,0,37,31,6,1,1,0,38,32,6,2019
621110,"Widerstand gegen Vollstreckungsbeamte und gleichstehende Personen    113, 115 StGB",3254021,Hildesheim,vers.,0,0,0,0,0,0,0,0,0,0,0,0,0,0,0,0,0,0,0,0,0,0,0,0,0,0,0,2019
621110,"Widerstand gegen Vollstreckungsbeamte und gleichstehende Personen    113, 115 StGB",3254021,Hildesheim,insg.,38,32,6,0,0,0,0,0,0,0,0,0,0,0,0,0,0,0,37,31,6,1,1,0,38,32,6,2019
621110,"Widerstand gegen Vollstreckungsbeamte und gleichstehende Personen    113, 115 StGB",9161000,Ingolstadt,voll.,72,64,8,0,0,0,0,0,0,0,0,0,0,0,0,2,2,0,70,62,8,0,0,0,70,62,8,2019
621110,"Widerstand gegen Vollstreckungsbeamte und gleichstehende Personen    113, 115 StGB",9161000,Ingolstadt,vers.,0,0,0,0,0,0,0,0,0,0,0,0,0,0,0,0,0,0,0,0,0,0,0,0,0,0,0,2019
621110,"Widerstand gegen Vollstreckungsbeamte und gleichstehende Personen    113, 115 StGB",9161000,Ingolstadt,insg.,72,64,8,0,0,0,0,0,0,0,0,0,0,0,0,2,2,0,70,62,8,0,0,0,70,62,8,2019
621110,"Widerstand gegen Vollstreckungsbeamte und gleichstehende Personen    113, 115 StGB",16053000,Jena,voll.,58,52,6,0,0,0,0,0,0,0,0,0,0,0,0,1,1,0,57,51,6,0,0,0,57,51,6,2019
621110,"Widerstand gegen Vollstreckungsbeamte und gleichstehende Personen    113, 115 StGB",16053000,Jena,vers.,0,0,0,0,0,0,0,0,0,0,0,0,0,0,0,0,0,0,0,0,0,0,0,0,0,0,0,2019
621110,"Widerstand gegen Vollstreckungsbeamte und gleichstehende Personen    113, 115 StGB",16053000,Jena,insg.,58,52,6,0,0,0,0,0,0,0,0,0,0,0,0,1,1,0,57,51,6,0,0,0,57,51,6,2019
621110,"Widerstand gegen Vollstreckungsbeamte und gleichstehende Personen    113, 115 StGB",8212000,Karlsruhe,voll.,208,181,27,0,0,0,0,0,0,0,0,0,0,0,0,6,5,1,201,175,26,1,1,0,202,176,26,2019
621110,"Widerstand gegen Vollstreckungsbeamte und gleichstehende Personen    113, 115 StGB",8212000,Karlsruhe,vers.,0,0,0,0,0,0,0,0,0,0,0,0,0,0,0,0,0,0,0,0,0,0,0,0,0,0,0,2019
621110,"Widerstand gegen Vollstreckungsbeamte und gleichstehende Personen    113, 115 StGB",8212000,Karlsruhe,insg.,208,181,27,0,0,0,0,0,0,0,0,0,0,0,0,6,5,1,201,175,26,1,1,0,202,176,26,2019
621110,"Widerstand gegen Vollstreckungsbeamte und gleichstehende Personen    113, 115 StGB",6611000,Kassel,voll.,161,137,24,0,0,0,0,0,0,0,0,0,0,0,0,25,18,7,135,118,17,1,1,0,136,119,17,2019
621110,"Widerstand gegen Vollstreckungsbeamte und gleichstehende Personen    113, 115 StGB",6611000,Kassel,vers.,0,0,0,0,0,0,0,0,0,0,0,0,0,0,0,0,0,0,0,0,0,0,0,0,0,0,0,2019
621110,"Widerstand gegen Vollstreckungsbeamte und gleichstehende Personen    113, 115 StGB",6611000,Kassel,insg.,161,137,24,0,0,0,0,0,0,0,0,0,0,0,0,25,18,7,135,118,17,1,1,0,136,119,17,2019
621110,"Widerstand gegen Vollstreckungsbeamte und gleichstehende Personen    113, 115 StGB",1002000,Kiel,voll.,168,133,35,0,0,0,0,0,0,0,0,0,0,0,0,4,4,0,164,129,35,0,0,0,164,129,35,2019
621110,"Widerstand gegen Vollstreckungsbeamte und gleichstehende Personen    113, 115 StGB",1002000,Kiel,vers.,0,0,0,0,0,0,0,0,0,0,0,0,0,0,0,0,0,0,0,0,0,0,0,0,0,0,0,2019
621110,"Widerstand gegen Vollstreckungsbeamte und gleichstehende Personen    113, 115 StGB",1002000,Kiel,insg.,168,133,35,0,0,0,0,0,0,0,0,0,0,0,0,4,4,0,164,129,35,0,0,0,164,129,35,2019
621110,"Widerstand gegen Vollstreckungsbeamte und gleichstehende Personen    113, 115 StGB",7111000,Koblenz,voll.,184,153,31,0,0,0,0,0,0,0,0,0,0,0,0,0,0,0,183,152,31,1,1,0,184,153,31,2019
621110,"Widerstand gegen Vollstreckungsbeamte und gleichstehende Personen    113, 115 StGB",7111000,Koblenz,vers.,0,0,0,0,0,0,0,0,0,0,0,0,0,0,0,0,0,0,0,0,0,0,0,0,0,0,0,2019
621110,"Widerstand gegen Vollstreckungsbeamte und gleichstehende Personen    113, 115 StGB",7111000,Koblenz,insg.,184,153,31,0,0,0,0,0,0,0,0,0,0,0,0,0,0,0,183,152,31,1,1,0,184,153,31,2019
621110,"Widerstand gegen Vollstreckungsbeamte und gleichstehende Personen    113, 115 StGB",5315000,K ln,voll.,1622,1132,490,0,0,0,0,0,0,0,0,0,1,0,1,20,15,5,1596,1113,483,5,4,1,1601,1117,484,2019
621110,"Widerstand gegen Vollstreckungsbeamte und gleichstehende Personen    113, 115 StGB",5315000,K ln,vers.,0,0,0,0,0,0,0,0,0,0,0,0,0,0,0,0,0,0,0,0,0,0,0,0,0,0,0,2019
621110,"Widerstand gegen Vollstreckungsbeamte und gleichstehende Personen    113, 115 StGB",5315000,K ln,insg.,1622,1132,490,0,0,0,0,0,0,0,0,0,1,0,1,20,15,5,1596,1113,483,5,4,1,1601,1117,484,2019
621110,"Widerstand gegen Vollstreckungsbeamte und gleichstehende Personen    113, 115 StGB",5114000,Krefeld,voll.,154,116,38,0,0,0,0,0,0,0,0,0,0,0,0,2,1,1,150,114,36,2,1,1,152,115,37,2019
621110,"Widerstand gegen Vollstreckungsbeamte und gleichstehende Personen    113, 115 StGB",5114000,Krefeld,vers.,0,0,0,0,0,0,0,0,0,0,0,0,0,0,0,0,0,0,0,0,0,0,0,0,0,0,0,2019
621110,"Widerstand gegen Vollstreckungsbeamte und gleichstehende Personen    113, 115 StGB",5114000,Krefeld,insg.,154,116,38,0,0,0,0,0,0,0,0,0,0,0,0,2,1,1,150,114,36,2,1,1,152,115,37,2019
621110,"Widerstand gegen Vollstreckungsbeamte und gleichstehende Personen    113, 115 StGB",14713000,Leipzig,voll.,440,369,71,0,0,0,0,0,0,0,0,0,0,0,0,7,4,3,431,363,68,2,2,0,433,365,68,2019
621110,"Widerstand gegen Vollstreckungsbeamte und gleichstehende Personen    113, 115 StGB",14713000,Leipzig,vers.,0,0,0,0,0,0,0,0,0,0,0,0,0,0,0,0,0,0,0,0,0,0,0,0,0,0,0,2019
621110,"Widerstand gegen Vollstreckungsbeamte und gleichstehende Personen    113, 115 StGB",14713000,Leipzig,insg.,440,369,71,0,0,0,0,0,0,0,0,0,0,0,0,7,4,3,431,363,68,2,2,0,433,365,68,2019
621110,"Widerstand gegen Vollstreckungsbeamte und gleichstehende Personen    113, 115 StGB",5316000,Leverkusen,voll.,220,167,53,0,0,0,0,0,0,0,0,0,0,0,0,3,1,2,217,166,51,0,0,0,217,166,51,2019
621110,"Widerstand gegen Vollstreckungsbeamte und gleichstehende Personen    113, 115 StGB",5316000,Leverkusen,vers.,0,0,0,0,0,0,0,0,0,0,0,0,0,0,0,0,0,0,0,0,0,0,0,0,0,0,0,2019
621110,"Widerstand gegen Vollstreckungsbeamte und gleichstehende Personen    113, 115 StGB",5316000,Leverkusen,insg.,220,167,53,0,0,0,0,0,0,0,0,0,0,0,0,3,1,2,217,166,51,0,0,0,217,166,51,2019
621110,"Widerstand gegen Vollstreckungsbeamte und gleichstehende Personen    113, 115 StGB",1003000,L beck,voll.,239,193,46,0,0,0,0,0,0,0,0,0,1,1,0,9,6,3,228,185,43,1,1,0,229,186,43,2019
621110,"Widerstand gegen Vollstreckungsbeamte und gleichstehende Personen    113, 115 StGB",1003000,L beck,vers.,0,0,0,0,0,0,0,0,0,0,0,0,0,0,0,0,0,0,0,0,0,0,0,0,0,0,0,2019
621110,"Widerstand gegen Vollstreckungsbeamte und gleichstehende Personen    113, 115 StGB",1003000,L beck,insg.,239,193,46,0,0,0,0,0,0,0,0,0,1,1,0,9,6,3,228,185,43,1,1,0,229,186,43,2019
621110,"Widerstand gegen Vollstreckungsbeamte und gleichstehende Personen    113, 115 StGB",7314000,Ludwigshafen am Rhein,voll.,79,67,12,0,0,0,0,0,0,0,0,0,0,0,0,2,2,0,77,65,12,0,0,0,77,65,12,2019
621110,"Widerstand gegen Vollstreckungsbeamte und gleichstehende Personen    113, 115 StGB",7314000,Ludwigshafen am Rhein,vers.,0,0,0,0,0,0,0,0,0,0,0,0,0,0,0,0,0,0,0,0,0,0,0,0,0,0,0,2019
621110,"Widerstand gegen Vollstreckungsbeamte und gleichstehende Personen    113, 115 StGB",7314000,Ludwigshafen am Rhein,insg.,79,67,12,0,0,0,0,0,0,0,0,0,0,0,0,2,2,0,77,65,12,0,0,0,77,65,12,2019
621110,"Widerstand gegen Vollstreckungsbeamte und gleichstehende Personen    113, 115 StGB",15003000,Magdeburg,voll.,207,180,27,0,0,0,0,0,0,0,0,0,0,0,0,6,5,1,201,175,26,0,0,0,201,175,26,2019
621110,"Widerstand gegen Vollstreckungsbeamte und gleichstehende Personen    113, 115 StGB",15003000,Magdeburg,vers.,0,0,0,0,0,0,0,0,0,0,0,0,0,0,0,0,0,0,0,0,0,0,0,0,0,0,0,2019
621110,"Widerstand gegen Vollstreckungsbeamte und gleichstehende Personen    113, 115 StGB",15003000,Magdeburg,insg.,207,180,27,0,0,0,0,0,0,0,0,0,0,0,0,6,5,1,201,175,26,0,0,0,201,175,26,2019
621110,"Widerstand gegen Vollstreckungsbeamte und gleichstehende Personen    113, 115 StGB",7315000,Mainz,voll.,246,192,54,0,0,0,0,0,0,0,0,0,0,0,0,2,2,0,244,190,54,0,0,0,244,190,54,2019
621110,"Widerstand gegen Vollstreckungsbeamte und gleichstehende Personen    113, 115 StGB",7315000,Mainz,vers.,0,0,0,0,0,0,0,0,0,0,0,0,0,0,0,0,0,0,0,0,0,0,0,0,0,0,0,2019
621110,"Widerstand gegen Vollstreckungsbeamte und gleichstehende Personen    113, 115 StGB",7315000,Mainz,insg.,246,192,54,0,0,0,0,0,0,0,0,0,0,0,0,2,2,0,244,190,54,0,0,0,244,190,54,2019
621110,"Widerstand gegen Vollstreckungsbeamte und gleichstehende Personen    113, 115 StGB",8222000,Mannheim,voll.,136,116,20,0,0,0,0,0,0,0,0,0,1,1,0,7,6,1,127,108,19,1,1,0,128,109,19,2019
621110,"Widerstand gegen Vollstreckungsbeamte und gleichstehende Personen    113, 115 StGB",8222000,Mannheim,vers.,0,0,0,0,0,0,0,0,0,0,0,0,0,0,0,0,0,0,0,0,0,0,0,0,0,0,0,2019
621110,"Widerstand gegen Vollstreckungsbeamte und gleichstehende Personen    113, 115 StGB",8222000,Mannheim,insg.,136,116,20,0,0,0,0,0,0,0,0,0,1,1,0,7,6,1,127,108,19,1,1,0,128,109,19,2019
621110,"Widerstand gegen Vollstreckungsbeamte und gleichstehende Personen    113, 115 StGB",5170024,Moers,voll.,113,72,41,0,0,0,0,0,0,0,0,0,0,0,0,6,2,4,106,69,37,1,1,0,107,70,37,2019
621110,"Widerstand gegen Vollstreckungsbeamte und gleichstehende Personen    113, 115 StGB",5170024,Moers,vers.,0,0,0,0,0,0,0,0,0,0,0,0,0,0,0,0,0,0,0,0,0,0,0,0,0,0,0,2019
621110,"Widerstand gegen Vollstreckungsbeamte und gleichstehende Personen    113, 115 StGB",5170024,Moers,insg.,113,72,41,0,0,0,0,0,0,0,0,0,0,0,0,6,2,4,106,69,37,1,1,0,107,70,37,2019
621110,"Widerstand gegen Vollstreckungsbeamte und gleichstehende Personen    113, 115 StGB",5116000,M nchengladbach,voll.,217,160,57,0,0,0,0,0,0,0,0,0,0,0,0,1,0,1,212,157,55,4,3,1,216,160,56,2019
621110,"Widerstand gegen Vollstreckungsbeamte und gleichstehende Personen    113, 115 StGB",5116000,M nchengladbach,vers.,0,0,0,0,0,0,0,0,0,0,0,0,0,0,0,0,0,0,0,0,0,0,0,0,0,0,0,2019
621110,"Widerstand gegen Vollstreckungsbeamte und gleichstehende Personen    113, 115 StGB",5116000,M nchengladbach,insg.,217,160,57,0,0,0,0,0,0,0,0,0,0,0,0,1,0,1,212,157,55,4,3,1,216,160,56,2019
621110,"Widerstand gegen Vollstreckungsbeamte und gleichstehende Personen    113, 115 StGB",5117000,M lheim an der Ruhr,voll.,89,62,27,0,0,0,0,0,0,0,0,0,0,0,0,3,2,1,79,57,22,7,3,4,86,60,26,2019
621110,"Widerstand gegen Vollstreckungsbeamte und gleichstehende Personen    113, 115 StGB",5117000,M lheim an der Ruhr,vers.,0,0,0,0,0,0,0,0,0,0,0,0,0,0,0,0,0,0,0,0,0,0,0,0,0,0,0,2019
621110,"Widerstand gegen Vollstreckungsbeamte und gleichstehende Personen    113, 115 StGB",5117000,M lheim an der Ruhr,insg.,89,62,27,0,0,0,0,0,0,0,0,0,0,0,0,3,2,1,79,57,22,7,3,4,86,60,26,2019
621110,"Widerstand gegen Vollstreckungsbeamte und gleichstehende Personen    113, 115 StGB",9162000,M nchen,voll.,678,592,86,2,2,0,0,0,0,2,2,0,0,0,0,9,3,6,667,587,80,0,0,0,667,587,80,2019
621110,"Widerstand gegen Vollstreckungsbeamte und gleichstehende Personen    113, 115 StGB",9162000,M nchen,vers.,0,0,0,0,0,0,0,0,0,0,0,0,0,0,0,0,0,0,0,0,0,0,0,0,0,0,0,2019
621110,"Widerstand gegen Vollstreckungsbeamte und gleichstehende Personen    113, 115 StGB",9162000,M nchen,insg.,678,592,86,2,2,0,0,0,0,2,2,0,0,0,0,9,3,6,667,587,80,0,0,0,667,587,80,2019
621110,"Widerstand gegen Vollstreckungsbeamte und gleichstehende Personen    113, 115 StGB",5515000,M nster,voll.,350,264,86,0,0,0,0,0,0,0,0,0,2,2,0,13,6,7,334,255,79,1,1,0,335,256,79,2019
621110,"Widerstand gegen Vollstreckungsbeamte und gleichstehende Personen    113, 115 StGB",5515000,M nster,vers.,0,0,0,0,0,0,0,0,0,0,0,0,0,0,0,0,0,0,0,0,0,0,0,0,0,0,0,2019
621110,"Widerstand gegen Vollstreckungsbeamte und gleichstehende Personen    113, 115 StGB",5515000,M nster,insg.,350,264,86,0,0,0,0,0,0,0,0,0,2,2,0,13,6,7,334,255,79,1,1,0,335,256,79,2019
621110,"Widerstand gegen Vollstreckungsbeamte und gleichstehende Personen    113, 115 StGB",5162024,Neuss,voll.,108,68,40,0,0,0,0,0,0,0,0,0,0,0,0,5,5,0,103,63,40,0,0,0,103,63,40,2019
621110,"Widerstand gegen Vollstreckungsbeamte und gleichstehende Personen    113, 115 StGB",5162024,Neuss,vers.,0,0,0,0,0,0,0,0,0,0,0,0,0,0,0,0,0,0,0,0,0,0,0,0,0,0,0,2019
621110,"Widerstand gegen Vollstreckungsbeamte und gleichstehende Personen    113, 115 StGB",5162024,Neuss,insg.,108,68,40,0,0,0,0,0,0,0,0,0,0,0,0,5,5,0,103,63,40,0,0,0,103,63,40,2019
621110,"Widerstand gegen Vollstreckungsbeamte und gleichstehende Personen    113, 115 StGB",9564000,N rnberg,voll.,241,207,34,0,0,0,0,0,0,0,0,0,0,0,0,7,5,2,234,202,32,0,0,0,234,202,32,2019
621110,"Widerstand gegen Vollstreckungsbeamte und gleichstehende Personen    113, 115 StGB",9564000,N rnberg,vers.,0,0,0,0,0,0,0,0,0,0,0,0,0,0,0,0,0,0,0,0,0,0,0,0,0,0,0,2019
621110,"Widerstand gegen Vollstreckungsbeamte und gleichstehende Personen    113, 115 StGB",9564000,N rnberg,insg.,241,207,34,0,0,0,0,0,0,0,0,0,0,0,0,7,5,2,234,202,32,0,0,0,234,202,32,2019
621110,"Widerstand gegen Vollstreckungsbeamte und gleichstehende Personen    113, 115 StGB",5119000,Oberhausen,voll.,143,98,45,0,0,0,0,0,0,0,0,0,0,0,0,7,1,6,135,96,39,1,1,0,136,97,39,2019
621110,"Widerstand gegen Vollstreckungsbeamte und gleichstehende Personen    113, 115 StGB",5119000,Oberhausen,vers.,0,0,0,0,0,0,0,0,0,0,0,0,0,0,0,0,0,0,0,0,0,0,0,0,0,0,0,2019
621110,"Widerstand gegen Vollstreckungsbeamte und gleichstehende Personen    113, 115 StGB",5119000,Oberhausen,insg.,143,98,45,0,0,0,0,0,0,0,0,0,0,0,0,7,1,6,135,96,39,1,1,0,136,97,39,2019
621110,"Widerstand gegen Vollstreckungsbeamte und gleichstehende Personen    113, 115 StGB",6413000,Offenbach am Main,voll.,37,33,4,0,0,0,0,0,0,0,0,0,0,0,0,1,0,1,36,33,3,0,0,0,36,33,3,2019
621110,"Widerstand gegen Vollstreckungsbeamte und gleichstehende Personen    113, 115 StGB",6413000,Offenbach am Main,vers.,0,0,0,0,0,0,0,0,0,0,0,0,0,0,0,0,0,0,0,0,0,0,0,0,0,0,0,2019
621110,"Widerstand gegen Vollstreckungsbeamte und gleichstehende Personen    113, 115 StGB",6413000,Offenbach am Main,insg.,37,33,4,0,0,0,0,0,0,0,0,0,0,0,0,1,0,1,36,33,3,0,0,0,36,33,3,2019
621110,"Widerstand gegen Vollstreckungsbeamte und gleichstehende Personen    113, 115 StGB",3403000,Oldenburg (Oldenburg),voll.,68,45,23,0,0,0,0,0,0,0,0,0,0,0,0,1,0,1,67,45,22,0,0,0,67,45,22,2019
621110,"Widerstand gegen Vollstreckungsbeamte und gleichstehende Personen    113, 115 StGB",3403000,Oldenburg (Oldenburg),vers.,0,0,0,0,0,0,0,0,0,0,0,0,0,0,0,0,0,0,0,0,0,0,0,0,0,0,0,2019
621110,"Widerstand gegen Vollstreckungsbeamte und gleichstehende Personen    113, 115 StGB",3403000,Oldenburg (Oldenburg),insg.,68,45,23,0,0,0,0,0,0,0,0,0,0,0,0,1,0,1,67,45,22,0,0,0,67,45,22,2019
621110,"Widerstand gegen Vollstreckungsbeamte und gleichstehende Personen    113, 115 StGB",3404000,Osnabr ck,voll.,97,76,21,0,0,0,0,0,0,0,0,0,0,0,0,1,1,0,94,74,20,2,1,1,96,75,21,2019
621110,"Widerstand gegen Vollstreckungsbeamte und gleichstehende Personen    113, 115 StGB",3404000,Osnabr ck,vers.,0,0,0,0,0,0,0,0,0,0,0,0,0,0,0,0,0,0,0,0,0,0,0,0,0,0,0,2019
621110,"Widerstand gegen Vollstreckungsbeamte und gleichstehende Personen    113, 115 StGB",3404000,Osnabr ck,insg.,97,76,21,0,0,0,0,0,0,0,0,0,0,0,0,1,1,0,94,74,20,2,1,1,96,75,21,2019
621110,"Widerstand gegen Vollstreckungsbeamte und gleichstehende Personen    113, 115 StGB",5774032,Paderborn,voll.,125,92,33,0,0,0,0,0,0,0,0,0,0,0,0,4,2,2,117,88,29,4,2,2,121,90,31,2019
621110,"Widerstand gegen Vollstreckungsbeamte und gleichstehende Personen    113, 115 StGB",5774032,Paderborn,vers.,0,0,0,0,0,0,0,0,0,0,0,0,0,0,0,0,0,0,0,0,0,0,0,0,0,0,0,2019
621110,"Widerstand gegen Vollstreckungsbeamte und gleichstehende Personen    113, 115 StGB",5774032,Paderborn,insg.,125,92,33,0,0,0,0,0,0,0,0,0,0,0,0,4,2,2,117,88,29,4,2,2,121,90,31,2019
621110,"Widerstand gegen Vollstreckungsbeamte und gleichstehende Personen    113, 115 StGB",8231000,Pforzheim,voll.,53,41,12,0,0,0,0,0,0,0,0,0,0,0,0,2,0,2,51,41,10,0,0,0,51,41,10,2019
621110,"Widerstand gegen Vollstreckungsbeamte und gleichstehende Personen    113, 115 StGB",8231000,Pforzheim,vers.,0,0,0,0,0,0,0,0,0,0,0,0,0,0,0,0,0,0,0,0,0,0,0,0,0,0,0,2019
621110,"Widerstand gegen Vollstreckungsbeamte und gleichstehende Personen    113, 115 StGB",8231000,Pforzheim,insg.,53,41,12,0,0,0,0,0,0,0,0,0,0,0,0,2,0,2,51,41,10,0,0,0,51,41,10,2019
621110,"Widerstand gegen Vollstreckungsbeamte und gleichstehende Personen    113, 115 StGB",12054000,Potsdam,voll.,32,31,1,0,0,0,0,0,0,0,0,0,0,0,0,0,0,0,32,31,1,0,0,0,32,31,1,2019
621110,"Widerstand gegen Vollstreckungsbeamte und gleichstehende Personen    113, 115 StGB",12054000,Potsdam,vers.,0,0,0,0,0,0,0,0,0,0,0,0,0,0,0,0,0,0,0,0,0,0,0,0,0,0,0,2019
621110,"Widerstand gegen Vollstreckungsbeamte und gleichstehende Personen    113, 115 StGB",12054000,Potsdam,insg.,32,31,1,0,0,0,0,0,0,0,0,0,0,0,0,0,0,0,32,31,1,0,0,0,32,31,1,2019
621110,"Widerstand gegen Vollstreckungsbeamte und gleichstehende Personen    113, 115 StGB",5562032,Recklinghausen,voll.,134,108,26,0,0,0,0,0,0,0,0,0,0,0,0,2,1,1,130,105,25,2,2,0,132,107,25,2019
621110,"Widerstand gegen Vollstreckungsbeamte und gleichstehende Personen    113, 115 StGB",5562032,Recklinghausen,vers.,0,0,0,0,0,0,0,0,0,0,0,0,0,0,0,0,0,0,0,0,0,0,0,0,0,0,0,2019
621110,"Widerstand gegen Vollstreckungsbeamte und gleichstehende Personen    113, 115 StGB",5562032,Recklinghausen,insg.,134,108,26,0,0,0,0,0,0,0,0,0,0,0,0,2,1,1,130,105,25,2,2,0,132,107,25,2019
621110,"Widerstand gegen Vollstreckungsbeamte und gleichstehende Personen    113, 115 StGB",9362000,Regensburg,voll.,76,73,3,0,0,0,0,0,0,0,0,0,0,0,0,1,1,0,73,70,3,2,2,0,75,72,3,2019
621110,"Widerstand gegen Vollstreckungsbeamte und gleichstehende Personen    113, 115 StGB",9362000,Regensburg,vers.,0,0,0,0,0,0,0,0,0,0,0,0,0,0,0,0,0,0,0,0,0,0,0,0,0,0,0,2019
621110,"Widerstand gegen Vollstreckungsbeamte und gleichstehende Personen    113, 115 StGB",9362000,Regensburg,insg.,76,73,3,0,0,0,0,0,0,0,0,0,0,0,0,1,1,0,73,70,3,2,2,0,75,72,3,2019
621110,"Widerstand gegen Vollstreckungsbeamte und gleichstehende Personen    113, 115 StGB",5120000,Remscheid,voll.,66,47,19,0,0,0,0,0,0,0,0,0,0,0,0,0,0,0,65,46,19,1,1,0,66,47,19,2019
621110,"Widerstand gegen Vollstreckungsbeamte und gleichstehende Personen    113, 115 StGB",5120000,Remscheid,vers.,0,0,0,0,0,0,0,0,0,0,0,0,0,0,0,0,0,0,0,0,0,0,0,0,0,0,0,2019
621110,"Widerstand gegen Vollstreckungsbeamte und gleichstehende Personen    113, 115 StGB",5120000,Remscheid,insg.,66,47,19,0,0,0,0,0,0,0,0,0,0,0,0,0,0,0,65,46,19,1,1,0,66,47,19,2019
621110,"Widerstand gegen Vollstreckungsbeamte und gleichstehende Personen    113, 115 StGB",8415061,Reutlingen,voll.,31,28,3,0,0,0,0,0,0,0,0,0,0,0,0,0,0,0,31,28,3,0,0,0,31,28,3,2019
621110,"Widerstand gegen Vollstreckungsbeamte und gleichstehende Personen    113, 115 StGB",8415061,Reutlingen,vers.,0,0,0,0,0,0,0,0,0,0,0,0,0,0,0,0,0,0,0,0,0,0,0,0,0,0,0,2019
621110,"Widerstand gegen Vollstreckungsbeamte und gleichstehende Personen    113, 115 StGB",8415061,Reutlingen,insg.,31,28,3,0,0,0,0,0,0,0,0,0,0,0,0,0,0,0,31,28,3,0,0,0,31,28,3,2019
621110,"Widerstand gegen Vollstreckungsbeamte und gleichstehende Personen    113, 115 StGB",13003000,Rostock,voll.,176,147,29,0,0,0,0,0,0,0,0,0,0,0,0,4,3,1,165,137,28,7,7,0,172,144,28,2019
621110,"Widerstand gegen Vollstreckungsbeamte und gleichstehende Personen    113, 115 StGB",13003000,Rostock,vers.,0,0,0,0,0,0,0,0,0,0,0,0,0,0,0,0,0,0,0,0,0,0,0,0,0,0,0,2019
621110,"Widerstand gegen Vollstreckungsbeamte und gleichstehende Personen    113, 115 StGB",13003000,Rostock,insg.,176,147,29,0,0,0,0,0,0,0,0,0,0,0,0,4,3,1,165,137,28,7,7,0,172,144,28,2019
621110,"Widerstand gegen Vollstreckungsbeamte und gleichstehende Personen    113, 115 StGB",10041100,Saarbr cken,voll.,342,270,72,0,0,0,0,0,0,0,0,0,0,0,0,8,5,3,333,264,69,1,1,0,334,265,69,2019
621110,"Widerstand gegen Vollstreckungsbeamte und gleichstehende Personen    113, 115 StGB",10041100,Saarbr cken,vers.,0,0,0,0,0,0,0,0,0,0,0,0,0,0,0,0,0,0,0,0,0,0,0,0,0,0,0,2019
621110,"Widerstand gegen Vollstreckungsbeamte und gleichstehende Personen    113, 115 StGB",10041100,Saarbr cken,insg.,342,270,72,0,0,0,0,0,0,0,0,0,0,0,0,8,5,3,333,264,69,1,1,0,334,265,69,2019
621110,"Widerstand gegen Vollstreckungsbeamte und gleichstehende Personen    113, 115 StGB",3102000,Salzgitter,voll.,44,37,7,0,0,0,0,0,0,0,0,0,0,0,0,0,0,0,44,37,7,0,0,0,44,37,7,2019
621110,"Widerstand gegen Vollstreckungsbeamte und gleichstehende Personen    113, 115 StGB",3102000,Salzgitter,vers.,0,0,0,0,0,0,0,0,0,0,0,0,0,0,0,0,0,0,0,0,0,0,0,0,0,0,0,2019
621110,"Widerstand gegen Vollstreckungsbeamte und gleichstehende Personen    113, 115 StGB",3102000,Salzgitter,insg.,44,37,7,0,0,0,0,0,0,0,0,0,0,0,0,0,0,0,44,37,7,0,0,0,44,37,7,2019
621110,"Widerstand gegen Vollstreckungsbeamte und gleichstehende Personen    113, 115 StGB",13004000,Schwerin,voll.,129,110,19,0,0,0,0,0,0,0,0,0,0,0,0,5,4,1,124,106,18,0,0,0,124,106,18,2019
621110,"Widerstand gegen Vollstreckungsbeamte und gleichstehende Personen    113, 115 StGB",13004000,Schwerin,vers.,0,0,0,0,0,0,0,0,0,0,0,0,0,0,0,0,0,0,0,0,0,0,0,0,0,0,0,2019
621110,"Widerstand gegen Vollstreckungsbeamte und gleichstehende Personen    113, 115 StGB",13004000,Schwerin,insg.,129,110,19,0,0,0,0,0,0,0,0,0,0,0,0,5,4,1,124,106,18,0,0,0,124,106,18,2019
621110,"Widerstand gegen Vollstreckungsbeamte und gleichstehende Personen    113, 115 StGB",5970040,Siegen,voll.,106,80,26,0,0,0,0,0,0,0,0,0,0,0,0,1,0,1,103,78,25,2,2,0,105,80,25,2019
621110,"Widerstand gegen Vollstreckungsbeamte und gleichstehende Personen    113, 115 StGB",5970040,Siegen,vers.,0,0,0,0,0,0,0,0,0,0,0,0,0,0,0,0,0,0,0,0,0,0,0,0,0,0,0,2019
621110,"Widerstand gegen Vollstreckungsbeamte und gleichstehende Personen    113, 115 StGB",5970040,Siegen,insg.,106,80,26,0,0,0,0,0,0,0,0,0,0,0,0,1,0,1,103,78,25,2,2,0,105,80,25,2019
621110,"Widerstand gegen Vollstreckungsbeamte und gleichstehende Personen    113, 115 StGB",5122000,Solingen,voll.,122,88,34,0,0,0,1,1,0,1,1,0,0,0,0,2,2,0,117,83,34,2,2,0,119,85,34,2019
621110,"Widerstand gegen Vollstreckungsbeamte und gleichstehende Personen    113, 115 StGB",5122000,Solingen,vers.,0,0,0,0,0,0,0,0,0,0,0,0,0,0,0,0,0,0,0,0,0,0,0,0,0,0,0,2019
621110,"Widerstand gegen Vollstreckungsbeamte und gleichstehende Personen    113, 115 StGB",5122000,Solingen,insg.,122,88,34,0,0,0,1,1,0,1,1,0,0,0,0,2,2,0,117,83,34,2,2,0,119,85,34,2019
621110,"Widerstand gegen Vollstreckungsbeamte und gleichstehende Personen    113, 115 StGB",8111000,Stuttgart,voll.,846,682,164,0,0,0,0,0,0,0,0,0,0,0,0,17,11,6,828,670,158,1,1,0,829,671,158,2019
621110,"Widerstand gegen Vollstreckungsbeamte und gleichstehende Personen    113, 115 StGB",8111000,Stuttgart,vers.,0,0,0,0,0,0,0,0,0,0,0,0,0,0,0,0,0,0,0,0,0,0,0,0,0,0,0,2019
621110,"Widerstand gegen Vollstreckungsbeamte und gleichstehende Personen    113, 115 StGB",8111000,Stuttgart,insg.,846,682,164,0,0,0,0,0,0,0,0,0,0,0,0,17,11,6,828,670,158,1,1,0,829,671,158,2019
621110,"Widerstand gegen Vollstreckungsbeamte und gleichstehende Personen    113, 115 StGB",7211000,Trier,voll.,108,90,18,0,0,0,0,0,0,0,0,0,0,0,0,2,2,0,104,86,18,2,2,0,106,88,18,2019
621110,"Widerstand gegen Vollstreckungsbeamte und gleichstehende Personen    113, 115 StGB",7211000,Trier,vers.,0,0,0,0,0,0,0,0,0,0,0,0,0,0,0,0,0,0,0,0,0,0,0,0,0,0,0,2019
621110,"Widerstand gegen Vollstreckungsbeamte und gleichstehende Personen    113, 115 StGB",7211000,Trier,insg.,108,90,18,0,0,0,0,0,0,0,0,0,0,0,0,2,2,0,104,86,18,2,2,0,106,88,18,2019
621110,"Widerstand gegen Vollstreckungsbeamte und gleichstehende Personen    113, 115 StGB",8421000,Ulm,voll.,54,43,11,0,0,0,0,0,0,0,0,0,0,0,0,1,1,0,53,42,11,0,0,0,53,42,11,2019
621110,"Widerstand gegen Vollstreckungsbeamte und gleichstehende Personen    113, 115 StGB",8421000,Ulm,vers.,0,0,0,0,0,0,0,0,0,0,0,0,0,0,0,0,0,0,0,0,0,0,0,0,0,0,0,2019
621110,"Widerstand gegen Vollstreckungsbeamte und gleichstehende Personen    113, 115 StGB",8421000,Ulm,insg.,54,43,11,0,0,0,0,0,0,0,0,0,0,0,0,1,1,0,53,42,11,0,0,0,53,42,11,2019
621110,"Widerstand gegen Vollstreckungsbeamte und gleichstehende Personen    113, 115 StGB",6414000,Wiesbaden,voll.,132,108,24,0,0,0,0,0,0,0,0,0,0,0,0,1,0,1,130,108,22,1,0,1,131,108,23,2019
621110,"Widerstand gegen Vollstreckungsbeamte und gleichstehende Personen    113, 115 StGB",6414000,Wiesbaden,vers.,0,0,0,0,0,0,0,0,0,0,0,0,0,0,0,0,0,0,0,0,0,0,0,0,0,0,0,2019
621110,"Widerstand gegen Vollstreckungsbeamte und gleichstehende Personen    113, 115 StGB",6414000,Wiesbaden,insg.,132,108,24,0,0,0,0,0,0,0,0,0,0,0,0,1,0,1,130,108,22,1,0,1,131,108,23,2019
621110,"Widerstand gegen Vollstreckungsbeamte und gleichstehende Personen    113, 115 StGB",3103000,Wolfsburg,voll.,79,70,9,0,0,0,0,0,0,0,0,0,0,0,0,4,4,0,75,66,9,0,0,0,75,66,9,2019
621110,"Widerstand gegen Vollstreckungsbeamte und gleichstehende Personen    113, 115 StGB",3103000,Wolfsburg,vers.,0,0,0,0,0,0,0,0,0,0,0,0,0,0,0,0,0,0,0,0,0,0,0,0,0,0,0,2019
621110,"Widerstand gegen Vollstreckungsbeamte und gleichstehende Personen    113, 115 StGB",3103000,Wolfsburg,insg.,79,70,9,0,0,0,0,0,0,0,0,0,0,0,0,4,4,0,75,66,9,0,0,0,75,66,9,2019
621110,"Widerstand gegen Vollstreckungsbeamte und gleichstehende Personen    113, 115 StGB",5124000,Wuppertal,voll.,450,309,141,0,0,0,0,0,0,0,0,0,4,2,2,8,7,1,431,295,136,7,5,2,438,300,138,2019
621110,"Widerstand gegen Vollstreckungsbeamte und gleichstehende Personen    113, 115 StGB",5124000,Wuppertal,vers.,0,0,0,0,0,0,0,0,0,0,0,0,0,0,0,0,0,0,0,0,0,0,0,0,0,0,0,2019
621110,"Widerstand gegen Vollstreckungsbeamte und gleichstehende Personen    113, 115 StGB",5124000,Wuppertal,insg.,450,309,141,0,0,0,0,0,0,0,0,0,4,2,2,8,7,1,431,295,136,7,5,2,438,300,138,2019
621110,"Widerstand gegen Vollstreckungsbeamte und gleichstehende Personen    113, 115 StGB",9663000,W rzburg,voll.,42,34,8,0,0,0,0,0,0,0,0,0,0,0,0,2,2,0,40,32,8,0,0,0,40,32,8,2019
621110,"Widerstand gegen Vollstreckungsbeamte und gleichstehende Personen    113, 115 StGB",9663000,W rzburg,vers.,0,0,0,0,0,0,0,0,0,0,0,0,0,0,0,0,0,0,0,0,0,0,0,0,0,0,0,2019
621110,"Widerstand gegen Vollstreckungsbeamte und gleichstehende Personen    113, 115 StGB",9663000,W rzburg,insg.,42,34,8,0,0,0,0,0,0,0,0,0,0,0,0,2,2,0,40,32,8,0,0,0,40,32,8,2019
621120,"T tlicher Angriff auf Vollstreckungsbeamte und gleichstehende Personen    114, 115 StGB",5334002,Aachen,voll.,74,54,20,0,0,0,1,1,0,1,1,0,1,0,1,3,2,1,67,49,18,2,2,0,69,51,18,2019
621120,"T tlicher Angriff auf Vollstreckungsbeamte und gleichstehende Personen    114, 115 StGB",5334002,Aachen,vers.,0,0,0,0,0,0,0,0,0,0,0,0,0,0,0,0,0,0,0,0,0,0,0,0,0,0,0,2019
621120,"T tlicher Angriff auf Vollstreckungsbeamte und gleichstehende Personen    114, 115 StGB",5334002,Aachen,insg.,74,54,20,0,0,0,1,1,0,1,1,0,1,0,1,3,2,1,67,49,18,2,2,0,69,51,18,2019
621120,"T tlicher Angriff auf Vollstreckungsbeamte und gleichstehende Personen    114, 115 StGB",9761000,Augsburg,voll.,352,285,67,0,0,0,0,0,0,0,0,0,0,0,0,4,0,4,344,283,61,4,2,2,348,285,63,2019
621120,"T tlicher Angriff auf Vollstreckungsbeamte und gleichstehende Personen    114, 115 StGB",9761000,Augsburg,vers.,0,0,0,0,0,0,0,0,0,0,0,0,0,0,0,0,0,0,0,0,0,0,0,0,0,0,0,2019
621120,"T tlicher Angriff auf Vollstreckungsbeamte und gleichstehende Personen    114, 115 StGB",9761000,Augsburg,insg.,352,285,67,0,0,0,0,0,0,0,0,0,0,0,0,4,0,4,344,283,61,4,2,2,348,285,63,2019
621120,"T tlicher Angriff auf Vollstreckungsbeamte und gleichstehende Personen    114, 115 StGB",5378004,Bergisch Gladbach,voll.,14,8,6,0,0,0,0,0,0,0,0,0,0,0,0,2,1,1,11,7,4,1,0,1,12,7,5,2019
621120,"T tlicher Angriff auf Vollstreckungsbeamte und gleichstehende Personen    114, 115 StGB",5378004,Bergisch Gladbach,vers.,0,0,0,0,0,0,0,0,0,0,0,0,0,0,0,0,0,0,0,0,0,0,0,0,0,0,0,2019
621120,"T tlicher Angriff auf Vollstreckungsbeamte und gleichstehende Personen    114, 115 StGB",5378004,Bergisch Gladbach,insg.,14,8,6,0,0,0,0,0,0,0,0,0,0,0,0,2,1,1,11,7,4,1,0,1,12,7,5,2019
621120,"T tlicher Angriff auf Vollstreckungsbeamte und gleichstehende Personen    114, 115 StGB",11000000,Berlin,voll.,1934,1606,328,0,0,0,0,0,0,0,0,0,1,0,1,22,16,6,1891,1578,313,20,12,8,1911,1590,321,2019
621120,"T tlicher Angriff auf Vollstreckungsbeamte und gleichstehende Personen    114, 115 StGB",11000000,Berlin,vers.,0,0,0,0,0,0,0,0,0,0,0,0,0,0,0,0,0,0,0,0,0,0,0,0,0,0,0,2019
621120,"T tlicher Angriff auf Vollstreckungsbeamte und gleichstehende Personen    114, 115 StGB",11000000,Berlin,insg.,1934,1606,328,0,0,0,0,0,0,0,0,0,1,0,1,22,16,6,1891,1578,313,20,12,8,1911,1590,321,2019
621120,"T tlicher Angriff auf Vollstreckungsbeamte und gleichstehende Personen    114, 115 StGB",5711000,Bielefeld,voll.,42,40,2,0,0,0,0,0,0,0,0,0,0,0,0,4,4,0,38,36,2,0,0,0,38,36,2,2019
621120,"T tlicher Angriff auf Vollstreckungsbeamte und gleichstehende Personen    114, 115 StGB",5711000,Bielefeld,vers.,0,0,0,0,0,0,0,0,0,0,0,0,0,0,0,0,0,0,0,0,0,0,0,0,0,0,0,2019
621120,"T tlicher Angriff auf Vollstreckungsbeamte und gleichstehende Personen    114, 115 StGB",5711000,Bielefeld,insg.,42,40,2,0,0,0,0,0,0,0,0,0,0,0,0,4,4,0,38,36,2,0,0,0,38,36,2,2019
621120,"T tlicher Angriff auf Vollstreckungsbeamte und gleichstehende Personen    114, 115 StGB",5911000,Bochum,voll.,134,107,27,0,0,0,0,0,0,0,0,0,0,0,0,0,0,0,134,107,27,0,0,0,134,107,27,2019
621120,"T tlicher Angriff auf Vollstreckungsbeamte und gleichstehende Personen    114, 115 StGB",5911000,Bochum,vers.,0,0,0,0,0,0,0,0,0,0,0,0,0,0,0,0,0,0,0,0,0,0,0,0,0,0,0,2019
621120,"T tlicher Angriff auf Vollstreckungsbeamte und gleichstehende Personen    114, 115 StGB",5911000,Bochum,insg.,134,107,27,0,0,0,0,0,0,0,0,0,0,0,0,0,0,0,134,107,27,0,0,0,134,107,27,2019
621120,"T tlicher Angriff auf Vollstreckungsbeamte und gleichstehende Personen    114, 115 StGB",5314000,Bonn,voll.,176,124,52,0,0,0,0,0,0,0,0,0,0,0,0,8,5,3,165,118,47,3,1,2,168,119,49,2019
621120,"T tlicher Angriff auf Vollstreckungsbeamte und gleichstehende Personen    114, 115 StGB",5314000,Bonn,vers.,0,0,0,0,0,0,0,0,0,0,0,0,0,0,0,0,0,0,0,0,0,0,0,0,0,0,0,2019
621120,"T tlicher Angriff auf Vollstreckungsbeamte und gleichstehende Personen    114, 115 StGB",5314000,Bonn,insg.,176,124,52,0,0,0,0,0,0,0,0,0,0,0,0,8,5,3,165,118,47,3,1,2,168,119,49,2019
621120,"T tlicher Angriff auf Vollstreckungsbeamte und gleichstehende Personen    114, 115 StGB",5512000,Bottrop,voll.,24,19,5,0,0,0,0,0,0,0,0,0,0,0,0,0,0,0,24,19,5,0,0,0,24,19,5,2019
621120,"T tlicher Angriff auf Vollstreckungsbeamte und gleichstehende Personen    114, 115 StGB",5512000,Bottrop,vers.,0,0,0,0,0,0,0,0,0,0,0,0,0,0,0,0,0,0,0,0,0,0,0,0,0,0,0,2019
621120,"T tlicher Angriff auf Vollstreckungsbeamte und gleichstehende Personen    114, 115 StGB",5512000,Bottrop,insg.,24,19,5,0,0,0,0,0,0,0,0,0,0,0,0,0,0,0,24,19,5,0,0,0,24,19,5,2019
621120,"T tlicher Angriff auf Vollstreckungsbeamte und gleichstehende Personen    114, 115 StGB",3101000,Braunschweig,voll.,189,152,37,0,0,0,0,0,0,0,0,0,0,0,0,4,1,3,184,150,34,1,1,0,185,151,34,2019
621120,"T tlicher Angriff auf Vollstreckungsbeamte und gleichstehende Personen    114, 115 StGB",3101000,Braunschweig,vers.,0,0,0,0,0,0,0,0,0,0,0,0,0,0,0,0,0,0,0,0,0,0,0,0,0,0,0,2019
621120,"T tlicher Angriff auf Vollstreckungsbeamte und gleichstehende Personen    114, 115 StGB",3101000,Braunschweig,insg.,189,152,37,0,0,0,0,0,0,0,0,0,0,0,0,4,1,3,184,150,34,1,1,0,185,151,34,2019
621120,"T tlicher Angriff auf Vollstreckungsbeamte und gleichstehende Personen    114, 115 StGB",4011000,Bremen,voll.,213,164,49,0,0,0,0,0,0,0,0,0,0,0,0,1,1,0,211,162,49,1,1,0,212,163,49,2019
621120,"T tlicher Angriff auf Vollstreckungsbeamte und gleichstehende Personen    114, 115 StGB",4011000,Bremen,vers.,0,0,0,0,0,0,0,0,0,0,0,0,0,0,0,0,0,0,0,0,0,0,0,0,0,0,0,2019
621120,"T tlicher Angriff auf Vollstreckungsbeamte und gleichstehende Personen    114, 115 StGB",4011000,Bremen,insg.,213,164,49,0,0,0,0,0,0,0,0,0,0,0,0,1,1,0,211,162,49,1,1,0,212,163,49,2019
621120,"T tlicher Angriff auf Vollstreckungsbeamte und gleichstehende Personen    114, 115 StGB",4012000,Bremerhaven,voll.,65,47,18,0,0,0,0,0,0,0,0,0,0,0,0,0,0,0,65,47,18,0,0,0,65,47,18,2019
621120,"T tlicher Angriff auf Vollstreckungsbeamte und gleichstehende Personen    114, 115 StGB",4012000,Bremerhaven,vers.,0,0,0,0,0,0,0,0,0,0,0,0,0,0,0,0,0,0,0,0,0,0,0,0,0,0,0,2019
621120,"T tlicher Angriff auf Vollstreckungsbeamte und gleichstehende Personen    114, 115 StGB",4012000,Bremerhaven,insg.,65,47,18,0,0,0,0,0,0,0,0,0,0,0,0,0,0,0,65,47,18,0,0,0,65,47,18,2019
621120,"T tlicher Angriff auf Vollstreckungsbeamte und gleichstehende Personen    114, 115 StGB",14511000,Chemnitz,voll.,40,32,8,0,0,0,0,0,0,0,0,0,0,0,0,0,0,0,40,32,8,0,0,0,40,32,8,2019
621120,"T tlicher Angriff auf Vollstreckungsbeamte und gleichstehende Personen    114, 115 StGB",14511000,Chemnitz,vers.,0,0,0,0,0,0,0,0,0,0,0,0,0,0,0,0,0,0,0,0,0,0,0,0,0,0,0,2019
621120,"T tlicher Angriff auf Vollstreckungsbeamte und gleichstehende Personen    114, 115 StGB",14511000,Chemnitz,insg.,40,32,8,0,0,0,0,0,0,0,0,0,0,0,0,0,0,0,40,32,8,0,0,0,40,32,8,2019
621120,"T tlicher Angriff auf Vollstreckungsbeamte und gleichstehende Personen    114, 115 StGB",12052000,Cottbus,voll.,124,105,19,0,0,0,0,0,0,0,0,0,0,0,0,5,5,0,115,96,19,4,4,0,119,100,19,2019
621120,"T tlicher Angriff auf Vollstreckungsbeamte und gleichstehende Personen    114, 115 StGB",12052000,Cottbus,vers.,0,0,0,0,0,0,0,0,0,0,0,0,0,0,0,0,0,0,0,0,0,0,0,0,0,0,0,2019
621120,"T tlicher Angriff auf Vollstreckungsbeamte und gleichstehende Personen    114, 115 StGB",12052000,Cottbus,insg.,124,105,19,0,0,0,0,0,0,0,0,0,0,0,0,5,5,0,115,96,19,4,4,0,119,100,19,2019
621120,"T tlicher Angriff auf Vollstreckungsbeamte und gleichstehende Personen    114, 115 StGB",6411000,Darmstadt,voll.,44,38,6,0,0,0,0,0,0,0,0,0,0,0,0,1,1,0,42,36,6,1,1,0,43,37,6,2019
621120,"T tlicher Angriff auf Vollstreckungsbeamte und gleichstehende Personen    114, 115 StGB",6411000,Darmstadt,vers.,0,0,0,0,0,0,0,0,0,0,0,0,0,0,0,0,0,0,0,0,0,0,0,0,0,0,0,2019
621120,"T tlicher Angriff auf Vollstreckungsbeamte und gleichstehende Personen    114, 115 StGB",6411000,Darmstadt,insg.,44,38,6,0,0,0,0,0,0,0,0,0,0,0,0,1,1,0,42,36,6,1,1,0,43,37,6,2019
621120,"T tlicher Angriff auf Vollstreckungsbeamte und gleichstehende Personen    114, 115 StGB",5913000,Dortmund,voll.,906,698,208,0,0,0,0,0,0,0,0,0,0,0,0,16,10,6,889,687,202,1,1,0,890,688,202,2019
621120,"T tlicher Angriff auf Vollstreckungsbeamte und gleichstehende Personen    114, 115 StGB",5913000,Dortmund,vers.,0,0,0,0,0,0,0,0,0,0,0,0,0,0,0,0,0,0,0,0,0,0,0,0,0,0,0,2019
621120,"T tlicher Angriff auf Vollstreckungsbeamte und gleichstehende Personen    114, 115 StGB",5913000,Dortmund,insg.,906,698,208,0,0,0,0,0,0,0,0,0,0,0,0,16,10,6,889,687,202,1,1,0,890,688,202,2019
621120,"T tlicher Angriff auf Vollstreckungsbeamte und gleichstehende Personen    114, 115 StGB",14612000,Dresden,voll.,74,59,15,0,0,0,0,0,0,0,0,0,0,0,0,0,0,0,74,59,15,0,0,0,74,59,15,2019
621120,"T tlicher Angriff auf Vollstreckungsbeamte und gleichstehende Personen    114, 115 StGB",14612000,Dresden,vers.,0,0,0,0,0,0,0,0,0,0,0,0,0,0,0,0,0,0,0,0,0,0,0,0,0,0,0,2019
621120,"T tlicher Angriff auf Vollstreckungsbeamte und gleichstehende Personen    114, 115 StGB",14612000,Dresden,insg.,74,59,15,0,0,0,0,0,0,0,0,0,0,0,0,0,0,0,74,59,15,0,0,0,74,59,15,2019
621120,"T tlicher Angriff auf Vollstreckungsbeamte und gleichstehende Personen    114, 115 StGB",5112000,Duisburg,voll.,61,52,9,0,0,0,0,0,0,0,0,0,0,0,0,1,1,0,60,51,9,0,0,0,60,51,9,2019
621120,"T tlicher Angriff auf Vollstreckungsbeamte und gleichstehende Personen    114, 115 StGB",5112000,Duisburg,vers.,0,0,0,0,0,0,0,0,0,0,0,0,0,0,0,0,0,0,0,0,0,0,0,0,0,0,0,2019
621120,"T tlicher Angriff auf Vollstreckungsbeamte und gleichstehende Personen    114, 115 StGB",5112000,Duisburg,insg.,61,52,9,0,0,0,0,0,0,0,0,0,0,0,0,1,1,0,60,51,9,0,0,0,60,51,9,2019
621120,"T tlicher Angriff auf Vollstreckungsbeamte und gleichstehende Personen    114, 115 StGB",5111000,D sseldorf,voll.,399,307,92,0,0,0,0,0,0,0,0,0,0,0,0,10,6,4,388,300,88,1,1,0,389,301,88,2019
621120,"T tlicher Angriff auf Vollstreckungsbeamte und gleichstehende Personen    114, 115 StGB",5111000,D sseldorf,vers.,0,0,0,0,0,0,0,0,0,0,0,0,0,0,0,0,0,0,0,0,0,0,0,0,0,0,0,2019
621120,"T tlicher Angriff auf Vollstreckungsbeamte und gleichstehende Personen    114, 115 StGB",5111000,D sseldorf,insg.,399,307,92,0,0,0,0,0,0,0,0,0,0,0,0,10,6,4,388,300,88,1,1,0,389,301,88,2019
621120,"T tlicher Angriff auf Vollstreckungsbeamte und gleichstehende Personen    114, 115 StGB",16051000,Erfurt,voll.,36,32,4,0,0,0,0,0,0,0,0,0,0,0,0,2,1,1,34,31,3,0,0,0,34,31,3,2019
621120,"T tlicher Angriff auf Vollstreckungsbeamte und gleichstehende Personen    114, 115 StGB",16051000,Erfurt,vers.,0,0,0,0,0,0,0,0,0,0,0,0,0,0,0,0,0,0,0,0,0,0,0,0,0,0,0,2019
621120,"T tlicher Angriff auf Vollstreckungsbeamte und gleichstehende Personen    114, 115 StGB",16051000,Erfurt,insg.,36,32,4,0,0,0,0,0,0,0,0,0,0,0,0,2,1,1,34,31,3,0,0,0,34,31,3,2019
621120,"T tlicher Angriff auf Vollstreckungsbeamte und gleichstehende Personen    114, 115 StGB",9562000,Erlangen,voll.,73,64,9,0,0,0,0,0,0,0,0,0,0,0,0,2,1,1,71,63,8,0,0,0,71,63,8,2019
621120,"T tlicher Angriff auf Vollstreckungsbeamte und gleichstehende Personen    114, 115 StGB",9562000,Erlangen,vers.,0,0,0,0,0,0,0,0,0,0,0,0,0,0,0,0,0,0,0,0,0,0,0,0,0,0,0,2019
621120,"T tlicher Angriff auf Vollstreckungsbeamte und gleichstehende Personen    114, 115 StGB",9562000,Erlangen,insg.,73,64,9,0,0,0,0,0,0,0,0,0,0,0,0,2,1,1,71,63,8,0,0,0,71,63,8,2019
621120,"T tlicher Angriff auf Vollstreckungsbeamte und gleichstehende Personen    114, 115 StGB",5113000,Essen,voll.,151,127,24,0,0,0,0,0,0,0,0,0,0,0,0,5,2,3,146,125,21,0,0,0,146,125,21,2019
621120,"T tlicher Angriff auf Vollstreckungsbeamte und gleichstehende Personen    114, 115 StGB",5113000,Essen,vers.,0,0,0,0,0,0,0,0,0,0,0,0,0,0,0,0,0,0,0,0,0,0,0,0,0,0,0,2019
621120,"T tlicher Angriff auf Vollstreckungsbeamte und gleichstehende Personen    114, 115 StGB",5113000,Essen,insg.,151,127,24,0,0,0,0,0,0,0,0,0,0,0,0,5,2,3,146,125,21,0,0,0,146,125,21,2019
621120,"T tlicher Angriff auf Vollstreckungsbeamte und gleichstehende Personen    114, 115 StGB",6412000,Frankfurt am Main,voll.,642,526,116,0,0,0,0,0,0,0,0,0,1,1,0,11,8,3,630,517,113,0,0,0,630,517,113,2019
621120,"T tlicher Angriff auf Vollstreckungsbeamte und gleichstehende Personen    114, 115 StGB",6412000,Frankfurt am Main,vers.,0,0,0,0,0,0,0,0,0,0,0,0,0,0,0,0,0,0,0,0,0,0,0,0,0,0,0,2019
621120,"T tlicher Angriff auf Vollstreckungsbeamte und gleichstehende Personen    114, 115 StGB",6412000,Frankfurt am Main,insg.,642,526,116,0,0,0,0,0,0,0,0,0,1,1,0,11,8,3,630,517,113,0,0,0,630,517,113,2019
621120,"T tlicher Angriff auf Vollstreckungsbeamte und gleichstehende Personen    114, 115 StGB",8311000,Freiburg im Breisgau,voll.,317,265,52,0,0,0,0,0,0,0,0,0,0,0,0,6,5,1,310,259,51,1,1,0,311,260,51,2019
621120,"T tlicher Angriff auf Vollstreckungsbeamte und gleichstehende Personen    114, 115 StGB",8311000,Freiburg im Breisgau,vers.,0,0,0,0,0,0,0,0,0,0,0,0,0,0,0,0,0,0,0,0,0,0,0,0,0,0,0,2019
621120,"T tlicher Angriff auf Vollstreckungsbeamte und gleichstehende Personen    114, 115 StGB",8311000,Freiburg im Breisgau,insg.,317,265,52,0,0,0,0,0,0,0,0,0,0,0,0,6,5,1,310,259,51,1,1,0,311,260,51,2019
621120,"T tlicher Angriff auf Vollstreckungsbeamte und gleichstehende Personen    114, 115 StGB",9563000,F rth,voll.,67,57,10,0,0,0,0,0,0,0,0,0,0,0,0,2,1,1,65,56,9,0,0,0,65,56,9,2019
621120,"T tlicher Angriff auf Vollstreckungsbeamte und gleichstehende Personen    114, 115 StGB",9563000,F rth,vers.,0,0,0,0,0,0,0,0,0,0,0,0,0,0,0,0,0,0,0,0,0,0,0,0,0,0,0,2019
621120,"T tlicher Angriff auf Vollstreckungsbeamte und gleichstehende Personen    114, 115 StGB",9563000,F rth,insg.,67,57,10,0,0,0,0,0,0,0,0,0,0,0,0,2,1,1,65,56,9,0,0,0,65,56,9,2019
621120,"T tlicher Angriff auf Vollstreckungsbeamte und gleichstehende Personen    114, 115 StGB",5513000,Gelsenkirchen,voll.,51,43,8,0,0,0,0,0,0,0,0,0,0,0,0,3,2,1,48,41,7,0,0,0,48,41,7,2019
621120,"T tlicher Angriff auf Vollstreckungsbeamte und gleichstehende Personen    114, 115 StGB",5513000,Gelsenkirchen,vers.,0,0,0,0,0,0,0,0,0,0,0,0,0,0,0,0,0,0,0,0,0,0,0,0,0,0,0,2019
621120,"T tlicher Angriff auf Vollstreckungsbeamte und gleichstehende Personen    114, 115 StGB",5513000,Gelsenkirchen,insg.,51,43,8,0,0,0,0,0,0,0,0,0,0,0,0,3,2,1,48,41,7,0,0,0,48,41,7,2019
621120,"T tlicher Angriff auf Vollstreckungsbeamte und gleichstehende Personen    114, 115 StGB",3159016,G ttingen,voll.,115,89,26,0,0,0,0,0,0,0,0,0,0,0,0,4,3,1,110,85,25,1,1,0,111,86,25,2019
621120,"T tlicher Angriff auf Vollstreckungsbeamte und gleichstehende Personen    114, 115 StGB",3159016,G ttingen,vers.,0,0,0,0,0,0,0,0,0,0,0,0,0,0,0,0,0,0,0,0,0,0,0,0,0,0,0,2019
621120,"T tlicher Angriff auf Vollstreckungsbeamte und gleichstehende Personen    114, 115 StGB",3159016,G ttingen,insg.,115,89,26,0,0,0,0,0,0,0,0,0,0,0,0,4,3,1,110,85,25,1,1,0,111,86,25,2019
621120,"T tlicher Angriff auf Vollstreckungsbeamte und gleichstehende Personen    114, 115 StGB",5754008,G tersloh,voll.,24,18,6,0,0,0,0,0,0,0,0,0,0,0,0,0,0,0,24,18,6,0,0,0,24,18,6,2019
621120,"T tlicher Angriff auf Vollstreckungsbeamte und gleichstehende Personen    114, 115 StGB",5754008,G tersloh,vers.,0,0,0,0,0,0,0,0,0,0,0,0,0,0,0,0,0,0,0,0,0,0,0,0,0,0,0,2019
621120,"T tlicher Angriff auf Vollstreckungsbeamte und gleichstehende Personen    114, 115 StGB",5754008,G tersloh,insg.,24,18,6,0,0,0,0,0,0,0,0,0,0,0,0,0,0,0,24,18,6,0,0,0,24,18,6,2019
621120,"T tlicher Angriff auf Vollstreckungsbeamte und gleichstehende Personen    114, 115 StGB",5914000,Hagen,voll.,24,17,7,0,0,0,0,0,0,0,0,0,0,0,0,1,0,1,23,17,6,0,0,0,23,17,6,2019
621120,"T tlicher Angriff auf Vollstreckungsbeamte und gleichstehende Personen    114, 115 StGB",5914000,Hagen,vers.,0,0,0,0,0,0,0,0,0,0,0,0,0,0,0,0,0,0,0,0,0,0,0,0,0,0,0,2019
621120,"T tlicher Angriff auf Vollstreckungsbeamte und gleichstehende Personen    114, 115 StGB",5914000,Hagen,insg.,24,17,7,0,0,0,0,0,0,0,0,0,0,0,0,1,0,1,23,17,6,0,0,0,23,17,6,2019
621120,"T tlicher Angriff auf Vollstreckungsbeamte und gleichstehende Personen    114, 115 StGB",15002000,Halle (Saale),voll.,101,88,13,0,0,0,0,0,0,0,0,0,0,0,0,5,4,1,96,84,12,0,0,0,96,84,12,2019
621120,"T tlicher Angriff auf Vollstreckungsbeamte und gleichstehende Personen    114, 115 StGB",15002000,Halle (Saale),vers.,0,0,0,0,0,0,0,0,0,0,0,0,0,0,0,0,0,0,0,0,0,0,0,0,0,0,0,2019
621120,"T tlicher Angriff auf Vollstreckungsbeamte und gleichstehende Personen    114, 115 StGB",15002000,Halle (Saale),insg.,101,88,13,0,0,0,0,0,0,0,0,0,0,0,0,5,4,1,96,84,12,0,0,0,96,84,12,2019
621120,"T tlicher Angriff auf Vollstreckungsbeamte und gleichstehende Personen    114, 115 StGB",2000000,Hamburg,voll.,1070,875,195,0,0,0,0,0,0,0,0,0,0,0,0,8,6,2,1060,867,193,2,2,0,1062,869,193,2019
621120,"T tlicher Angriff auf Vollstreckungsbeamte und gleichstehende Personen    114, 115 StGB",2000000,Hamburg,vers.,0,0,0,0,0,0,0,0,0,0,0,0,0,0,0,0,0,0,0,0,0,0,0,0,0,0,0,2019
621120,"T tlicher Angriff auf Vollstreckungsbeamte und gleichstehende Personen    114, 115 StGB",2000000,Hamburg,insg.,1070,875,195,0,0,0,0,0,0,0,0,0,0,0,0,8,6,2,1060,867,193,2,2,0,1062,869,193,2019
621120,"T tlicher Angriff auf Vollstreckungsbeamte und gleichstehende Personen    114, 115 StGB",5915000,Hamm,voll.,35,31,4,0,0,0,0,0,0,0,0,0,0,0,0,1,1,0,34,30,4,0,0,0,34,30,4,2019
621120,"T tlicher Angriff auf Vollstreckungsbeamte und gleichstehende Personen    114, 115 StGB",5915000,Hamm,vers.,0,0,0,0,0,0,0,0,0,0,0,0,0,0,0,0,0,0,0,0,0,0,0,0,0,0,0,2019
621120,"T tlicher Angriff auf Vollstreckungsbeamte und gleichstehende Personen    114, 115 StGB",5915000,Hamm,insg.,35,31,4,0,0,0,0,0,0,0,0,0,0,0,0,1,1,0,34,30,4,0,0,0,34,30,4,2019
621120,"T tlicher Angriff auf Vollstreckungsbeamte und gleichstehende Personen    114, 115 StGB",3241001,Hannover,voll.,464,356,108,0,0,0,0,0,0,0,0,0,0,0,0,3,1,2,455,349,106,6,6,0,461,355,106,2019
621120,"T tlicher Angriff auf Vollstreckungsbeamte und gleichstehende Personen    114, 115 StGB",3241001,Hannover,vers.,0,0,0,0,0,0,0,0,0,0,0,0,0,0,0,0,0,0,0,0,0,0,0,0,0,0,0,2019
621120,"T tlicher Angriff auf Vollstreckungsbeamte und gleichstehende Personen    114, 115 StGB",3241001,Hannover,insg.,464,356,108,0,0,0,0,0,0,0,0,0,0,0,0,3,1,2,455,349,106,6,6,0,461,355,106,2019
621120,"T tlicher Angriff auf Vollstreckungsbeamte und gleichstehende Personen    114, 115 StGB",8221000,Heidelberg,voll.,133,99,34,0,0,0,0,0,0,0,0,0,0,0,0,1,0,1,132,99,33,0,0,0,132,99,33,2019
621120,"T tlicher Angriff auf Vollstreckungsbeamte und gleichstehende Personen    114, 115 StGB",8221000,Heidelberg,vers.,0,0,0,0,0,0,0,0,0,0,0,0,0,0,0,0,0,0,0,0,0,0,0,0,0,0,0,2019
621120,"T tlicher Angriff auf Vollstreckungsbeamte und gleichstehende Personen    114, 115 StGB",8221000,Heidelberg,insg.,133,99,34,0,0,0,0,0,0,0,0,0,0,0,0,1,0,1,132,99,33,0,0,0,132,99,33,2019
621120,"T tlicher Angriff auf Vollstreckungsbeamte und gleichstehende Personen    114, 115 StGB",8121000,Heilbronn,voll.,96,81,15,0,0,0,0,0,0,0,0,0,0,0,0,3,3,0,93,78,15,0,0,0,93,78,15,2019
621120,"T tlicher Angriff auf Vollstreckungsbeamte und gleichstehende Personen    114, 115 StGB",8121000,Heilbronn,vers.,0,0,0,0,0,0,0,0,0,0,0,0,0,0,0,0,0,0,0,0,0,0,0,0,0,0,0,2019
621120,"T tlicher Angriff auf Vollstreckungsbeamte und gleichstehende Personen    114, 115 StGB",8121000,Heilbronn,insg.,96,81,15,0,0,0,0,0,0,0,0,0,0,0,0,3,3,0,93,78,15,0,0,0,93,78,15,2019
621120,"T tlicher Angriff auf Vollstreckungsbeamte und gleichstehende Personen    114, 115 StGB",5916000,Herne,voll.,52,41,11,0,0,0,0,0,0,0,0,0,0,0,0,0,0,0,52,41,11,0,0,0,52,41,11,2019
621120,"T tlicher Angriff auf Vollstreckungsbeamte und gleichstehende Personen    114, 115 StGB",5916000,Herne,vers.,0,0,0,0,0,0,0,0,0,0,0,0,0,0,0,0,0,0,0,0,0,0,0,0,0,0,0,2019
621120,"T tlicher Angriff auf Vollstreckungsbeamte und gleichstehende Personen    114, 115 StGB",5916000,Herne,insg.,52,41,11,0,0,0,0,0,0,0,0,0,0,0,0,0,0,0,52,41,11,0,0,0,52,41,11,2019
621120,"T tlicher Angriff auf Vollstreckungsbeamte und gleichstehende Personen    114, 115 StGB",3254021,Hildesheim,voll.,61,44,17,0,0,0,0,0,0,0,0,0,0,0,0,1,0,1,60,44,16,0,0,0,60,44,16,2019
621120,"T tlicher Angriff auf Vollstreckungsbeamte und gleichstehende Personen    114, 115 StGB",3254021,Hildesheim,vers.,0,0,0,0,0,0,0,0,0,0,0,0,0,0,0,0,0,0,0,0,0,0,0,0,0,0,0,2019
621120,"T tlicher Angriff auf Vollstreckungsbeamte und gleichstehende Personen    114, 115 StGB",3254021,Hildesheim,insg.,61,44,17,0,0,0,0,0,0,0,0,0,0,0,0,1,0,1,60,44,16,0,0,0,60,44,16,2019
621120,"T tlicher Angriff auf Vollstreckungsbeamte und gleichstehende Personen    114, 115 StGB",9161000,Ingolstadt,voll.,116,90,26,0,0,0,0,0,0,0,0,0,0,0,0,5,5,0,111,85,26,0,0,0,111,85,26,2019
621120,"T tlicher Angriff auf Vollstreckungsbeamte und gleichstehende Personen    114, 115 StGB",9161000,Ingolstadt,vers.,0,0,0,0,0,0,0,0,0,0,0,0,0,0,0,0,0,0,0,0,0,0,0,0,0,0,0,2019
621120,"T tlicher Angriff auf Vollstreckungsbeamte und gleichstehende Personen    114, 115 StGB",9161000,Ingolstadt,insg.,116,90,26,0,0,0,0,0,0,0,0,0,0,0,0,5,5,0,111,85,26,0,0,0,111,85,26,2019
621120,"T tlicher Angriff auf Vollstreckungsbeamte und gleichstehende Personen    114, 115 StGB",16053000,Jena,voll.,37,31,6,0,0,0,0,0,0,0,0,0,0,0,0,1,1,0,36,30,6,0,0,0,36,30,6,2019
621120,"T tlicher Angriff auf Vollstreckungsbeamte und gleichstehende Personen    114, 115 StGB",16053000,Jena,vers.,0,0,0,0,0,0,0,0,0,0,0,0,0,0,0,0,0,0,0,0,0,0,0,0,0,0,0,2019
621120,"T tlicher Angriff auf Vollstreckungsbeamte und gleichstehende Personen    114, 115 StGB",16053000,Jena,insg.,37,31,6,0,0,0,0,0,0,0,0,0,0,0,0,1,1,0,36,30,6,0,0,0,36,30,6,2019
621120,"T tlicher Angriff auf Vollstreckungsbeamte und gleichstehende Personen    114, 115 StGB",8212000,Karlsruhe,voll.,275,236,39,0,0,0,0,0,0,0,0,0,0,0,0,6,4,2,269,232,37,0,0,0,269,232,37,2019
621120,"T tlicher Angriff auf Vollstreckungsbeamte und gleichstehende Personen    114, 115 StGB",8212000,Karlsruhe,vers.,0,0,0,0,0,0,0,0,0,0,0,0,0,0,0,0,0,0,0,0,0,0,0,0,0,0,0,2019
621120,"T tlicher Angriff auf Vollstreckungsbeamte und gleichstehende Personen    114, 115 StGB",8212000,Karlsruhe,insg.,275,236,39,0,0,0,0,0,0,0,0,0,0,0,0,6,4,2,269,232,37,0,0,0,269,232,37,2019
621120,"T tlicher Angriff auf Vollstreckungsbeamte und gleichstehende Personen    114, 115 StGB",6611000,Kassel,voll.,73,63,10,0,0,0,0,0,0,0,0,0,0,0,0,13,10,3,59,52,7,1,1,0,60,53,7,2019
621120,"T tlicher Angriff auf Vollstreckungsbeamte und gleichstehende Personen    114, 115 StGB",6611000,Kassel,vers.,0,0,0,0,0,0,0,0,0,0,0,0,0,0,0,0,0,0,0,0,0,0,0,0,0,0,0,2019
621120,"T tlicher Angriff auf Vollstreckungsbeamte und gleichstehende Personen    114, 115 StGB",6611000,Kassel,insg.,73,63,10,0,0,0,0,0,0,0,0,0,0,0,0,13,10,3,59,52,7,1,1,0,60,53,7,2019
621120,"T tlicher Angriff auf Vollstreckungsbeamte und gleichstehende Personen    114, 115 StGB",1002000,Kiel,voll.,185,156,29,0,0,0,0,0,0,0,0,0,0,0,0,4,3,1,180,152,28,1,1,0,181,153,28,2019
621120,"T tlicher Angriff auf Vollstreckungsbeamte und gleichstehende Personen    114, 115 StGB",1002000,Kiel,vers.,0,0,0,0,0,0,0,0,0,0,0,0,0,0,0,0,0,0,0,0,0,0,0,0,0,0,0,2019
621120,"T tlicher Angriff auf Vollstreckungsbeamte und gleichstehende Personen    114, 115 StGB",1002000,Kiel,insg.,185,156,29,0,0,0,0,0,0,0,0,0,0,0,0,4,3,1,180,152,28,1,1,0,181,153,28,2019
621120,"T tlicher Angriff auf Vollstreckungsbeamte und gleichstehende Personen    114, 115 StGB",7111000,Koblenz,voll.,79,65,14,0,0,0,0,0,0,0,0,0,0,0,0,3,1,2,76,64,12,0,0,0,76,64,12,2019
621120,"T tlicher Angriff auf Vollstreckungsbeamte und gleichstehende Personen    114, 115 StGB",7111000,Koblenz,vers.,0,0,0,0,0,0,0,0,0,0,0,0,0,0,0,0,0,0,0,0,0,0,0,0,0,0,0,2019
621120,"T tlicher Angriff auf Vollstreckungsbeamte und gleichstehende Personen    114, 115 StGB",7111000,Koblenz,insg.,79,65,14,0,0,0,0,0,0,0,0,0,0,0,0,3,1,2,76,64,12,0,0,0,76,64,12,2019
621120,"T tlicher Angriff auf Vollstreckungsbeamte und gleichstehende Personen    114, 115 StGB",5315000,K ln,voll.,313,233,80,0,0,0,0,0,0,0,0,0,0,0,0,2,2,0,309,229,80,2,2,0,311,231,80,2019
621120,"T tlicher Angriff auf Vollstreckungsbeamte und gleichstehende Personen    114, 115 StGB",5315000,K ln,vers.,0,0,0,0,0,0,0,0,0,0,0,0,0,0,0,0,0,0,0,0,0,0,0,0,0,0,0,2019
621120,"T tlicher Angriff auf Vollstreckungsbeamte und gleichstehende Personen    114, 115 StGB",5315000,K ln,insg.,313,233,80,0,0,0,0,0,0,0,0,0,0,0,0,2,2,0,309,229,80,2,2,0,311,231,80,2019
621120,"T tlicher Angriff auf Vollstreckungsbeamte und gleichstehende Personen    114, 115 StGB",5114000,Krefeld,voll.,164,99,65,0,0,0,1,0,1,1,0,1,1,1,0,6,2,4,155,95,60,1,1,0,156,96,60,2019
621120,"T tlicher Angriff auf Vollstreckungsbeamte und gleichstehende Personen    114, 115 StGB",5114000,Krefeld,vers.,0,0,0,0,0,0,0,0,0,0,0,0,0,0,0,0,0,0,0,0,0,0,0,0,0,0,0,2019
621120,"T tlicher Angriff auf Vollstreckungsbeamte und gleichstehende Personen    114, 115 StGB",5114000,Krefeld,insg.,164,99,65,0,0,0,1,0,1,1,0,1,1,1,0,6,2,4,155,95,60,1,1,0,156,96,60,2019
621120,"T tlicher Angriff auf Vollstreckungsbeamte und gleichstehende Personen    114, 115 StGB",14713000,Leipzig,voll.,205,172,33,0,0,0,0,0,0,0,0,0,0,0,0,3,3,0,201,168,33,1,1,0,202,169,33,2019
621120,"T tlicher Angriff auf Vollstreckungsbeamte und gleichstehende Personen    114, 115 StGB",14713000,Leipzig,vers.,0,0,0,0,0,0,0,0,0,0,0,0,0,0,0,0,0,0,0,0,0,0,0,0,0,0,0,2019
621120,"T tlicher Angriff auf Vollstreckungsbeamte und gleichstehende Personen    114, 115 StGB",14713000,Leipzig,insg.,205,172,33,0,0,0,0,0,0,0,0,0,0,0,0,3,3,0,201,168,33,1,1,0,202,169,33,2019
621120,"T tlicher Angriff auf Vollstreckungsbeamte und gleichstehende Personen    114, 115 StGB",5316000,Leverkusen,voll.,9,7,2,0,0,0,0,0,0,0,0,0,0,0,0,0,0,0,9,7,2,0,0,0,9,7,2,2019
621120,"T tlicher Angriff auf Vollstreckungsbeamte und gleichstehende Personen    114, 115 StGB",5316000,Leverkusen,vers.,0,0,0,0,0,0,0,0,0,0,0,0,0,0,0,0,0,0,0,0,0,0,0,0,0,0,0,2019
621120,"T tlicher Angriff auf Vollstreckungsbeamte und gleichstehende Personen    114, 115 StGB",5316000,Leverkusen,insg.,9,7,2,0,0,0,0,0,0,0,0,0,0,0,0,0,0,0,9,7,2,0,0,0,9,7,2,2019
621120,"T tlicher Angriff auf Vollstreckungsbeamte und gleichstehende Personen    114, 115 StGB",1003000,L beck,voll.,223,155,68,0,0,0,0,0,0,0,0,0,0,0,0,5,1,4,217,153,64,1,1,0,218,154,64,2019
621120,"T tlicher Angriff auf Vollstreckungsbeamte und gleichstehende Personen    114, 115 StGB",1003000,L beck,vers.,0,0,0,0,0,0,0,0,0,0,0,0,0,0,0,0,0,0,0,0,0,0,0,0,0,0,0,2019
621120,"T tlicher Angriff auf Vollstreckungsbeamte und gleichstehende Personen    114, 115 StGB",1003000,L beck,insg.,223,155,68,0,0,0,0,0,0,0,0,0,0,0,0,5,1,4,217,153,64,1,1,0,218,154,64,2019
621120,"T tlicher Angriff auf Vollstreckungsbeamte und gleichstehende Personen    114, 115 StGB",7314000,Ludwigshafen am Rhein,voll.,17,12,5,0,0,0,0,0,0,0,0,0,0,0,0,0,0,0,17,12,5,0,0,0,17,12,5,2019
621120,"T tlicher Angriff auf Vollstreckungsbeamte und gleichstehende Personen    114, 115 StGB",7314000,Ludwigshafen am Rhein,vers.,0,0,0,0,0,0,0,0,0,0,0,0,0,0,0,0,0,0,0,0,0,0,0,0,0,0,0,2019
621120,"T tlicher Angriff auf Vollstreckungsbeamte und gleichstehende Personen    114, 115 StGB",7314000,Ludwigshafen am Rhein,insg.,17,12,5,0,0,0,0,0,0,0,0,0,0,0,0,0,0,0,17,12,5,0,0,0,17,12,5,2019
621120,"T tlicher Angriff auf Vollstreckungsbeamte und gleichstehende Personen    114, 115 StGB",15003000,Magdeburg,voll.,69,55,14,0,0,0,0,0,0,0,0,0,0,0,0,4,3,1,65,52,13,0,0,0,65,52,13,2019
621120,"T tlicher Angriff auf Vollstreckungsbeamte und gleichstehende Personen    114, 115 StGB",15003000,Magdeburg,vers.,0,0,0,0,0,0,0,0,0,0,0,0,0,0,0,0,0,0,0,0,0,0,0,0,0,0,0,2019
621120,"T tlicher Angriff auf Vollstreckungsbeamte und gleichstehende Personen    114, 115 StGB",15003000,Magdeburg,insg.,69,55,14,0,0,0,0,0,0,0,0,0,0,0,0,4,3,1,65,52,13,0,0,0,65,52,13,2019
621120,"T tlicher Angriff auf Vollstreckungsbeamte und gleichstehende Personen    114, 115 StGB",7315000,Mainz,voll.,68,58,10,0,0,0,0,0,0,0,0,0,0,0,0,4,3,1,64,55,9,0,0,0,64,55,9,2019
621120,"T tlicher Angriff auf Vollstreckungsbeamte und gleichstehende Personen    114, 115 StGB",7315000,Mainz,vers.,0,0,0,0,0,0,0,0,0,0,0,0,0,0,0,0,0,0,0,0,0,0,0,0,0,0,0,2019
621120,"T tlicher Angriff auf Vollstreckungsbeamte und gleichstehende Personen    114, 115 StGB",7315000,Mainz,insg.,68,58,10,0,0,0,0,0,0,0,0,0,0,0,0,4,3,1,64,55,9,0,0,0,64,55,9,2019
621120,"T tlicher Angriff auf Vollstreckungsbeamte und gleichstehende Personen    114, 115 StGB",8222000,Mannheim,voll.,318,269,49,0,0,0,0,0,0,0,0,0,1,0,1,12,11,1,305,258,47,0,0,0,305,258,47,2019
621120,"T tlicher Angriff auf Vollstreckungsbeamte und gleichstehende Personen    114, 115 StGB",8222000,Mannheim,vers.,0,0,0,0,0,0,0,0,0,0,0,0,0,0,0,0,0,0,0,0,0,0,0,0,0,0,0,2019
621120,"T tlicher Angriff auf Vollstreckungsbeamte und gleichstehende Personen    114, 115 StGB",8222000,Mannheim,insg.,318,269,49,0,0,0,0,0,0,0,0,0,1,0,1,12,11,1,305,258,47,0,0,0,305,258,47,2019
621120,"T tlicher Angriff auf Vollstreckungsbeamte und gleichstehende Personen    114, 115 StGB",5170024,Moers,voll.,10,7,3,0,0,0,0,0,0,0,0,0,1,0,1,0,0,0,9,7,2,0,0,0,9,7,2,2019
621120,"T tlicher Angriff auf Vollstreckungsbeamte und gleichstehende Personen    114, 115 StGB",5170024,Moers,vers.,0,0,0,0,0,0,0,0,0,0,0,0,0,0,0,0,0,0,0,0,0,0,0,0,0,0,0,2019
621120,"T tlicher Angriff auf Vollstreckungsbeamte und gleichstehende Personen    114, 115 StGB",5170024,Moers,insg.,10,7,3,0,0,0,0,0,0,0,0,0,1,0,1,0,0,0,9,7,2,0,0,0,9,7,2,2019
621120,"T tlicher Angriff auf Vollstreckungsbeamte und gleichstehende Personen    114, 115 StGB",5116000,M nchengladbach,voll.,56,47,9,0,0,0,0,0,0,0,0,0,0,0,0,1,0,1,55,47,8,0,0,0,55,47,8,2019
621120,"T tlicher Angriff auf Vollstreckungsbeamte und gleichstehende Personen    114, 115 StGB",5116000,M nchengladbach,vers.,0,0,0,0,0,0,0,0,0,0,0,0,0,0,0,0,0,0,0,0,0,0,0,0,0,0,0,2019
621120,"T tlicher Angriff auf Vollstreckungsbeamte und gleichstehende Personen    114, 115 StGB",5116000,M nchengladbach,insg.,56,47,9,0,0,0,0,0,0,0,0,0,0,0,0,1,0,1,55,47,8,0,0,0,55,47,8,2019
621120,"T tlicher Angriff auf Vollstreckungsbeamte und gleichstehende Personen    114, 115 StGB",5117000,M lheim an der Ruhr,voll.,10,8,2,0,0,0,0,0,0,0,0,0,0,0,0,0,0,0,10,8,2,0,0,0,10,8,2,2019
621120,"T tlicher Angriff auf Vollstreckungsbeamte und gleichstehende Personen    114, 115 StGB",5117000,M lheim an der Ruhr,vers.,0,0,0,0,0,0,0,0,0,0,0,0,0,0,0,0,0,0,0,0,0,0,0,0,0,0,0,2019
621120,"T tlicher Angriff auf Vollstreckungsbeamte und gleichstehende Personen    114, 115 StGB",5117000,M lheim an der Ruhr,insg.,10,8,2,0,0,0,0,0,0,0,0,0,0,0,0,0,0,0,10,8,2,0,0,0,10,8,2,2019
621120,"T tlicher Angriff auf Vollstreckungsbeamte und gleichstehende Personen    114, 115 StGB",9162000,M nchen,voll.,1119,919,200,0,0,0,0,0,0,0,0,0,0,0,0,33,23,10,1085,895,190,1,1,0,1086,896,190,2019
621120,"T tlicher Angriff auf Vollstreckungsbeamte und gleichstehende Personen    114, 115 StGB",9162000,M nchen,vers.,0,0,0,0,0,0,0,0,0,0,0,0,0,0,0,0,0,0,0,0,0,0,0,0,0,0,0,2019
621120,"T tlicher Angriff auf Vollstreckungsbeamte und gleichstehende Personen    114, 115 StGB",9162000,M nchen,insg.,1119,919,200,0,0,0,0,0,0,0,0,0,0,0,0,33,23,10,1085,895,190,1,1,0,1086,896,190,2019
621120,"T tlicher Angriff auf Vollstreckungsbeamte und gleichstehende Personen    114, 115 StGB",5515000,M nster,voll.,83,73,10,0,0,0,0,0,0,0,0,0,0,0,0,8,6,2,75,67,8,0,0,0,75,67,8,2019
621120,"T tlicher Angriff auf Vollstreckungsbeamte und gleichstehende Personen    114, 115 StGB",5515000,M nster,vers.,0,0,0,0,0,0,0,0,0,0,0,0,0,0,0,0,0,0,0,0,0,0,0,0,0,0,0,2019
621120,"T tlicher Angriff auf Vollstreckungsbeamte und gleichstehende Personen    114, 115 StGB",5515000,M nster,insg.,83,73,10,0,0,0,0,0,0,0,0,0,0,0,0,8,6,2,75,67,8,0,0,0,75,67,8,2019
621120,"T tlicher Angriff auf Vollstreckungsbeamte und gleichstehende Personen    114, 115 StGB",5162024,Neuss,voll.,14,11,3,0,0,0,0,0,0,0,0,0,0,0,0,1,0,1,13,11,2,0,0,0,13,11,2,2019
621120,"T tlicher Angriff auf Vollstreckungsbeamte und gleichstehende Personen    114, 115 StGB",5162024,Neuss,vers.,0,0,0,0,0,0,0,0,0,0,0,0,0,0,0,0,0,0,0,0,0,0,0,0,0,0,0,2019
621120,"T tlicher Angriff auf Vollstreckungsbeamte und gleichstehende Personen    114, 115 StGB",5162024,Neuss,insg.,14,11,3,0,0,0,0,0,0,0,0,0,0,0,0,1,0,1,13,11,2,0,0,0,13,11,2,2019
621120,"T tlicher Angriff auf Vollstreckungsbeamte und gleichstehende Personen    114, 115 StGB",9564000,N rnberg,voll.,482,374,108,0,0,0,0,0,0,0,0,0,0,0,0,8,6,2,473,367,106,1,1,0,474,368,106,2019
621120,"T tlicher Angriff auf Vollstreckungsbeamte und gleichstehende Personen    114, 115 StGB",9564000,N rnberg,vers.,0,0,0,0,0,0,0,0,0,0,0,0,0,0,0,0,0,0,0,0,0,0,0,0,0,0,0,2019
621120,"T tlicher Angriff auf Vollstreckungsbeamte und gleichstehende Personen    114, 115 StGB",9564000,N rnberg,insg.,482,374,108,0,0,0,0,0,0,0,0,0,0,0,0,8,6,2,473,367,106,1,1,0,474,368,106,2019
621120,"T tlicher Angriff auf Vollstreckungsbeamte und gleichstehende Personen    114, 115 StGB",5119000,Oberhausen,voll.,18,15,3,0,0,0,0,0,0,0,0,0,0,0,0,0,0,0,18,15,3,0,0,0,18,15,3,2019
621120,"T tlicher Angriff auf Vollstreckungsbeamte und gleichstehende Personen    114, 115 StGB",5119000,Oberhausen,vers.,0,0,0,0,0,0,0,0,0,0,0,0,0,0,0,0,0,0,0,0,0,0,0,0,0,0,0,2019
621120,"T tlicher Angriff auf Vollstreckungsbeamte und gleichstehende Personen    114, 115 StGB",5119000,Oberhausen,insg.,18,15,3,0,0,0,0,0,0,0,0,0,0,0,0,0,0,0,18,15,3,0,0,0,18,15,3,2019
621120,"T tlicher Angriff auf Vollstreckungsbeamte und gleichstehende Personen    114, 115 StGB",6413000,Offenbach am Main,voll.,47,38,9,0,0,0,0,0,0,0,0,0,0,0,0,1,1,0,46,37,9,0,0,0,46,37,9,2019
621120,"T tlicher Angriff auf Vollstreckungsbeamte und gleichstehende Personen    114, 115 StGB",6413000,Offenbach am Main,vers.,0,0,0,0,0,0,0,0,0,0,0,0,0,0,0,0,0,0,0,0,0,0,0,0,0,0,0,2019
621120,"T tlicher Angriff auf Vollstreckungsbeamte und gleichstehende Personen    114, 115 StGB",6413000,Offenbach am Main,insg.,47,38,9,0,0,0,0,0,0,0,0,0,0,0,0,1,1,0,46,37,9,0,0,0,46,37,9,2019
621120,"T tlicher Angriff auf Vollstreckungsbeamte und gleichstehende Personen    114, 115 StGB",3403000,Oldenburg (Oldenburg),voll.,115,86,29,0,0,0,0,0,0,0,0,0,0,0,0,0,0,0,113,84,29,2,2,0,115,86,29,2019
621120,"T tlicher Angriff auf Vollstreckungsbeamte und gleichstehende Personen    114, 115 StGB",3403000,Oldenburg (Oldenburg),vers.,0,0,0,0,0,0,0,0,0,0,0,0,0,0,0,0,0,0,0,0,0,0,0,0,0,0,0,2019
621120,"T tlicher Angriff auf Vollstreckungsbeamte und gleichstehende Personen    114, 115 StGB",3403000,Oldenburg (Oldenburg),insg.,115,86,29,0,0,0,0,0,0,0,0,0,0,0,0,0,0,0,113,84,29,2,2,0,115,86,29,2019
621120,"T tlicher Angriff auf Vollstreckungsbeamte und gleichstehende Personen    114, 115 StGB",3404000,Osnabr ck,voll.,131,102,29,0,0,0,0,0,0,0,0,0,0,0,0,1,1,0,129,100,29,1,1,0,130,101,29,2019
621120,"T tlicher Angriff auf Vollstreckungsbeamte und gleichstehende Personen    114, 115 StGB",3404000,Osnabr ck,vers.,0,0,0,0,0,0,0,0,0,0,0,0,0,0,0,0,0,0,0,0,0,0,0,0,0,0,0,2019
621120,"T tlicher Angriff auf Vollstreckungsbeamte und gleichstehende Personen    114, 115 StGB",3404000,Osnabr ck,insg.,131,102,29,0,0,0,0,0,0,0,0,0,0,0,0,1,1,0,129,100,29,1,1,0,130,101,29,2019
621120,"T tlicher Angriff auf Vollstreckungsbeamte und gleichstehende Personen    114, 115 StGB",5774032,Paderborn,voll.,34,30,4,0,0,0,0,0,0,0,0,0,0,0,0,3,1,2,31,29,2,0,0,0,31,29,2,2019
621120,"T tlicher Angriff auf Vollstreckungsbeamte und gleichstehende Personen    114, 115 StGB",5774032,Paderborn,vers.,0,0,0,0,0,0,0,0,0,0,0,0,0,0,0,0,0,0,0,0,0,0,0,0,0,0,0,2019
621120,"T tlicher Angriff auf Vollstreckungsbeamte und gleichstehende Personen    114, 115 StGB",5774032,Paderborn,insg.,34,30,4,0,0,0,0,0,0,0,0,0,0,0,0,3,1,2,31,29,2,0,0,0,31,29,2,2019
621120,"T tlicher Angriff auf Vollstreckungsbeamte und gleichstehende Personen    114, 115 StGB",8231000,Pforzheim,voll.,76,55,21,0,0,0,0,0,0,0,0,0,0,0,0,2,2,0,74,53,21,0,0,0,74,53,21,2019
621120,"T tlicher Angriff auf Vollstreckungsbeamte und gleichstehende Personen    114, 115 StGB",8231000,Pforzheim,vers.,0,0,0,0,0,0,0,0,0,0,0,0,0,0,0,0,0,0,0,0,0,0,0,0,0,0,0,2019
621120,"T tlicher Angriff auf Vollstreckungsbeamte und gleichstehende Personen    114, 115 StGB",8231000,Pforzheim,insg.,76,55,21,0,0,0,0,0,0,0,0,0,0,0,0,2,2,0,74,53,21,0,0,0,74,53,21,2019
621120,"T tlicher Angriff auf Vollstreckungsbeamte und gleichstehende Personen    114, 115 StGB",12054000,Potsdam,voll.,104,84,20,0,0,0,0,0,0,0,0,0,0,0,0,4,2,2,98,80,18,2,2,0,100,82,18,2019
621120,"T tlicher Angriff auf Vollstreckungsbeamte und gleichstehende Personen    114, 115 StGB",12054000,Potsdam,vers.,0,0,0,0,0,0,0,0,0,0,0,0,0,0,0,0,0,0,0,0,0,0,0,0,0,0,0,2019
621120,"T tlicher Angriff auf Vollstreckungsbeamte und gleichstehende Personen    114, 115 StGB",12054000,Potsdam,insg.,104,84,20,0,0,0,0,0,0,0,0,0,0,0,0,4,2,2,98,80,18,2,2,0,100,82,18,2019
621120,"T tlicher Angriff auf Vollstreckungsbeamte und gleichstehende Personen    114, 115 StGB",5562032,Recklinghausen,voll.,61,48,13,0,0,0,0,0,0,0,0,0,0,0,0,3,1,2,57,46,11,1,1,0,58,47,11,2019
621120,"T tlicher Angriff auf Vollstreckungsbeamte und gleichstehende Personen    114, 115 StGB",5562032,Recklinghausen,vers.,0,0,0,0,0,0,0,0,0,0,0,0,0,0,0,0,0,0,0,0,0,0,0,0,0,0,0,2019
621120,"T tlicher Angriff auf Vollstreckungsbeamte und gleichstehende Personen    114, 115 StGB",5562032,Recklinghausen,insg.,61,48,13,0,0,0,0,0,0,0,0,0,0,0,0,3,1,2,57,46,11,1,1,0,58,47,11,2019
621120,"T tlicher Angriff auf Vollstreckungsbeamte und gleichstehende Personen    114, 115 StGB",9362000,Regensburg,voll.,133,119,14,0,0,0,0,0,0,0,0,0,0,0,0,3,2,1,129,116,13,1,1,0,130,117,13,2019
621120,"T tlicher Angriff auf Vollstreckungsbeamte und gleichstehende Personen    114, 115 StGB",9362000,Regensburg,vers.,0,0,0,0,0,0,0,0,0,0,0,0,0,0,0,0,0,0,0,0,0,0,0,0,0,0,0,2019
621120,"T tlicher Angriff auf Vollstreckungsbeamte und gleichstehende Personen    114, 115 StGB",9362000,Regensburg,insg.,133,119,14,0,0,0,0,0,0,0,0,0,0,0,0,3,2,1,129,116,13,1,1,0,130,117,13,2019
621120,"T tlicher Angriff auf Vollstreckungsbeamte und gleichstehende Personen    114, 115 StGB",5120000,Remscheid,voll.,12,10,2,0,0,0,0,0,0,0,0,0,0,0,0,0,0,0,12,10,2,0,0,0,12,10,2,2019
621120,"T tlicher Angriff auf Vollstreckungsbeamte und gleichstehende Personen    114, 115 StGB",5120000,Remscheid,vers.,0,0,0,0,0,0,0,0,0,0,0,0,0,0,0,0,0,0,0,0,0,0,0,0,0,0,0,2019
621120,"T tlicher Angriff auf Vollstreckungsbeamte und gleichstehende Personen    114, 115 StGB",5120000,Remscheid,insg.,12,10,2,0,0,0,0,0,0,0,0,0,0,0,0,0,0,0,12,10,2,0,0,0,12,10,2,2019
621120,"T tlicher Angriff auf Vollstreckungsbeamte und gleichstehende Personen    114, 115 StGB",8415061,Reutlingen,voll.,66,47,19,0,0,0,0,0,0,0,0,0,0,0,0,4,2,2,61,44,17,1,1,0,62,45,17,2019
621120,"T tlicher Angriff auf Vollstreckungsbeamte und gleichstehende Personen    114, 115 StGB",8415061,Reutlingen,vers.,0,0,0,0,0,0,0,0,0,0,0,0,0,0,0,0,0,0,0,0,0,0,0,0,0,0,0,2019
621120,"T tlicher Angriff auf Vollstreckungsbeamte und gleichstehende Personen    114, 115 StGB",8415061,Reutlingen,insg.,66,47,19,0,0,0,0,0,0,0,0,0,0,0,0,4,2,2,61,44,17,1,1,0,62,45,17,2019
621120,"T tlicher Angriff auf Vollstreckungsbeamte und gleichstehende Personen    114, 115 StGB",13003000,Rostock,voll.,90,73,17,0,0,0,0,0,0,0,0,0,0,0,0,2,2,0,84,67,17,4,4,0,88,71,17,2019
621120,"T tlicher Angriff auf Vollstreckungsbeamte und gleichstehende Personen    114, 115 StGB",13003000,Rostock,vers.,0,0,0,0,0,0,0,0,0,0,0,0,0,0,0,0,0,0,0,0,0,0,0,0,0,0,0,2019
621120,"T tlicher Angriff auf Vollstreckungsbeamte und gleichstehende Personen    114, 115 StGB",13003000,Rostock,insg.,90,73,17,0,0,0,0,0,0,0,0,0,0,0,0,2,2,0,84,67,17,4,4,0,88,71,17,2019
621120,"T tlicher Angriff auf Vollstreckungsbeamte und gleichstehende Personen    114, 115 StGB",10041100,Saarbr cken,voll.,117,98,19,0,0,0,0,0,0,0,0,0,0,0,0,1,0,1,116,98,18,0,0,0,116,98,18,2019
621120,"T tlicher Angriff auf Vollstreckungsbeamte und gleichstehende Personen    114, 115 StGB",10041100,Saarbr cken,vers.,0,0,0,0,0,0,0,0,0,0,0,0,0,0,0,0,0,0,0,0,0,0,0,0,0,0,0,2019
621120,"T tlicher Angriff auf Vollstreckungsbeamte und gleichstehende Personen    114, 115 StGB",10041100,Saarbr cken,insg.,117,98,19,0,0,0,0,0,0,0,0,0,0,0,0,1,0,1,116,98,18,0,0,0,116,98,18,2019
621120,"T tlicher Angriff auf Vollstreckungsbeamte und gleichstehende Personen    114, 115 StGB",3102000,Salzgitter,voll.,14,9,5,0,0,0,0,0,0,0,0,0,0,0,0,0,0,0,14,9,5,0,0,0,14,9,5,2019
621120,"T tlicher Angriff auf Vollstreckungsbeamte und gleichstehende Personen    114, 115 StGB",3102000,Salzgitter,vers.,0,0,0,0,0,0,0,0,0,0,0,0,0,0,0,0,0,0,0,0,0,0,0,0,0,0,0,2019
621120,"T tlicher Angriff auf Vollstreckungsbeamte und gleichstehende Personen    114, 115 StGB",3102000,Salzgitter,insg.,14,9,5,0,0,0,0,0,0,0,0,0,0,0,0,0,0,0,14,9,5,0,0,0,14,9,5,2019
621120,"T tlicher Angriff auf Vollstreckungsbeamte und gleichstehende Personen    114, 115 StGB",13004000,Schwerin,voll.,51,43,8,0,0,0,0,0,0,0,0,0,0,0,0,1,1,0,50,42,8,0,0,0,50,42,8,2019
621120,"T tlicher Angriff auf Vollstreckungsbeamte und gleichstehende Personen    114, 115 StGB",13004000,Schwerin,vers.,0,0,0,0,0,0,0,0,0,0,0,0,0,0,0,0,0,0,0,0,0,0,0,0,0,0,0,2019
621120,"T tlicher Angriff auf Vollstreckungsbeamte und gleichstehende Personen    114, 115 StGB",13004000,Schwerin,insg.,51,43,8,0,0,0,0,0,0,0,0,0,0,0,0,1,1,0,50,42,8,0,0,0,50,42,8,2019
621120,"T tlicher Angriff auf Vollstreckungsbeamte und gleichstehende Personen    114, 115 StGB",5970040,Siegen,voll.,49,38,11,0,0,0,0,0,0,0,0,0,0,0,0,2,1,1,47,37,10,0,0,0,47,37,10,2019
621120,"T tlicher Angriff auf Vollstreckungsbeamte und gleichstehende Personen    114, 115 StGB",5970040,Siegen,vers.,0,0,0,0,0,0,0,0,0,0,0,0,0,0,0,0,0,0,0,0,0,0,0,0,0,0,0,2019
621120,"T tlicher Angriff auf Vollstreckungsbeamte und gleichstehende Personen    114, 115 StGB",5970040,Siegen,insg.,49,38,11,0,0,0,0,0,0,0,0,0,0,0,0,2,1,1,47,37,10,0,0,0,47,37,10,2019
621120,"T tlicher Angriff auf Vollstreckungsbeamte und gleichstehende Personen    114, 115 StGB",5122000,Solingen,voll.,7,5,2,0,0,0,0,0,0,0,0,0,0,0,0,0,0,0,7,5,2,0,0,0,7,5,2,2019
621120,"T tlicher Angriff auf Vollstreckungsbeamte und gleichstehende Personen    114, 115 StGB",5122000,Solingen,vers.,0,0,0,0,0,0,0,0,0,0,0,0,0,0,0,0,0,0,0,0,0,0,0,0,0,0,0,2019
621120,"T tlicher Angriff auf Vollstreckungsbeamte und gleichstehende Personen    114, 115 StGB",5122000,Solingen,insg.,7,5,2,0,0,0,0,0,0,0,0,0,0,0,0,0,0,0,7,5,2,0,0,0,7,5,2,2019
621120,"T tlicher Angriff auf Vollstreckungsbeamte und gleichstehende Personen    114, 115 StGB",8111000,Stuttgart,voll.,920,727,193,0,0,0,0,0,0,0,0,0,1,0,1,14,7,7,904,719,185,1,1,0,905,720,185,2019
621120,"T tlicher Angriff auf Vollstreckungsbeamte und gleichstehende Personen    114, 115 StGB",8111000,Stuttgart,vers.,0,0,0,0,0,0,0,0,0,0,0,0,0,0,0,0,0,0,0,0,0,0,0,0,0,0,0,2019
621120,"T tlicher Angriff auf Vollstreckungsbeamte und gleichstehende Personen    114, 115 StGB",8111000,Stuttgart,insg.,920,727,193,0,0,0,0,0,0,0,0,0,1,0,1,14,7,7,904,719,185,1,1,0,905,720,185,2019
621120,"T tlicher Angriff auf Vollstreckungsbeamte und gleichstehende Personen    114, 115 StGB",7211000,Trier,voll.,63,50,13,0,0,0,0,0,0,0,0,0,0,0,0,0,0,0,62,49,13,1,1,0,63,50,13,2019
621120,"T tlicher Angriff auf Vollstreckungsbeamte und gleichstehende Personen    114, 115 StGB",7211000,Trier,vers.,0,0,0,0,0,0,0,0,0,0,0,0,0,0,0,0,0,0,0,0,0,0,0,0,0,0,0,2019
621120,"T tlicher Angriff auf Vollstreckungsbeamte und gleichstehende Personen    114, 115 StGB",7211000,Trier,insg.,63,50,13,0,0,0,0,0,0,0,0,0,0,0,0,0,0,0,62,49,13,1,1,0,63,50,13,2019
621120,"T tlicher Angriff auf Vollstreckungsbeamte und gleichstehende Personen    114, 115 StGB",8421000,Ulm,voll.,116,96,20,0,0,0,0,0,0,0,0,0,0,0,0,2,1,1,113,94,19,1,1,0,114,95,19,2019
621120,"T tlicher Angriff auf Vollstreckungsbeamte und gleichstehende Personen    114, 115 StGB",8421000,Ulm,vers.,0,0,0,0,0,0,0,0,0,0,0,0,0,0,0,0,0,0,0,0,0,0,0,0,0,0,0,2019
621120,"T tlicher Angriff auf Vollstreckungsbeamte und gleichstehende Personen    114, 115 StGB",8421000,Ulm,insg.,116,96,20,0,0,0,0,0,0,0,0,0,0,0,0,2,1,1,113,94,19,1,1,0,114,95,19,2019
621120,"T tlicher Angriff auf Vollstreckungsbeamte und gleichstehende Personen    114, 115 StGB",6414000,Wiesbaden,voll.,55,47,8,0,0,0,0,0,0,0,0,0,0,0,0,2,1,1,53,46,7,0,0,0,53,46,7,2019
621120,"T tlicher Angriff auf Vollstreckungsbeamte und gleichstehende Personen    114, 115 StGB",6414000,Wiesbaden,vers.,0,0,0,0,0,0,0,0,0,0,0,0,0,0,0,0,0,0,0,0,0,0,0,0,0,0,0,2019
621120,"T tlicher Angriff auf Vollstreckungsbeamte und gleichstehende Personen    114, 115 StGB",6414000,Wiesbaden,insg.,55,47,8,0,0,0,0,0,0,0,0,0,0,0,0,2,1,1,53,46,7,0,0,0,53,46,7,2019
621120,"T tlicher Angriff auf Vollstreckungsbeamte und gleichstehende Personen    114, 115 StGB",3103000,Wolfsburg,voll.,105,94,11,0,0,0,0,0,0,0,0,0,0,0,0,4,4,0,101,90,11,0,0,0,101,90,11,2019
621120,"T tlicher Angriff auf Vollstreckungsbeamte und gleichstehende Personen    114, 115 StGB",3103000,Wolfsburg,vers.,0,0,0,0,0,0,0,0,0,0,0,0,0,0,0,0,0,0,0,0,0,0,0,0,0,0,0,2019
621120,"T tlicher Angriff auf Vollstreckungsbeamte und gleichstehende Personen    114, 115 StGB",3103000,Wolfsburg,insg.,105,94,11,0,0,0,0,0,0,0,0,0,0,0,0,4,4,0,101,90,11,0,0,0,101,90,11,2019
621120,"T tlicher Angriff auf Vollstreckungsbeamte und gleichstehende Personen    114, 115 StGB",5124000,Wuppertal,voll.,84,63,21,0,0,0,0,0,0,0,0,0,0,0,0,1,1,0,83,62,21,0,0,0,83,62,21,2019
621120,"T tlicher Angriff auf Vollstreckungsbeamte und gleichstehende Personen    114, 115 StGB",5124000,Wuppertal,vers.,0,0,0,0,0,0,0,0,0,0,0,0,0,0,0,0,0,0,0,0,0,0,0,0,0,0,0,2019
621120,"T tlicher Angriff auf Vollstreckungsbeamte und gleichstehende Personen    114, 115 StGB",5124000,Wuppertal,insg.,84,63,21,0,0,0,0,0,0,0,0,0,0,0,0,1,1,0,83,62,21,0,0,0,83,62,21,2019
621120,"T tlicher Angriff auf Vollstreckungsbeamte und gleichstehende Personen    114, 115 StGB",9663000,W rzburg,voll.,107,91,16,0,0,0,0,0,0,0,0,0,0,0,0,3,1,2,104,90,14,0,0,0,104,90,14,2019
621120,"T tlicher Angriff auf Vollstreckungsbeamte und gleichstehende Personen    114, 115 StGB",9663000,W rzburg,vers.,0,0,0,0,0,0,0,0,0,0,0,0,0,0,0,0,0,0,0,0,0,0,0,0,0,0,0,2019
621120,"T tlicher Angriff auf Vollstreckungsbeamte und gleichstehende Personen    114, 115 StGB",9663000,W rzburg,insg.,107,91,16,0,0,0,0,0,0,0,0,0,0,0,0,3,1,2,104,90,14,0,0,0,104,90,14,2019
892000,Gewaltkriminalit t,5334002,Aachen,voll.,915,657,258,5,2,3,37,24,13,42,26,16,84,61,23,115,90,25,610,437,173,64,43,21,674,480,194,2019
892000,Gewaltkriminalit t,5334002,Aachen,vers.,228,144,84,0,0,0,5,5,0,5,5,0,8,4,4,29,22,7,173,108,65,13,5,8,186,113,73,2019
892000,Gewaltkriminalit t,5334002,Aachen,insg.,1143,801,342,5,2,3,42,29,13,47,31,16,92,65,27,144,112,32,783,545,238,77,48,29,860,593,267,2019
892000,Gewaltkriminalit t,9761000,Augsburg,voll.,832,618,214,5,3,2,32,19,13,37,22,15,90,59,31,136,105,31,538,412,126,31,20,11,569,432,137,2019
892000,Gewaltkriminalit t,9761000,Augsburg,vers.,182,126,56,2,1,1,4,1,3,6,2,4,15,9,6,11,9,2,140,101,39,10,5,5,150,106,44,2019
892000,Gewaltkriminalit t,9761000,Augsburg,insg.,1014,744,270,7,4,3,36,20,16,43,24,19,105,68,37,147,114,33,678,513,165,41,25,16,719,538,181,2019
892000,Gewaltkriminalit t,5378004,Bergisch Gladbach,voll.,207,146,61,1,0,1,14,10,4,15,10,5,42,30,12,20,13,7,114,86,28,16,7,9,130,93,37,2019
892000,Gewaltkriminalit t,5378004,Bergisch Gladbach,vers.,48,29,19,0,0,0,3,3,0,3,3,0,7,6,1,1,0,1,34,19,15,3,1,2,37,20,17,2019
892000,Gewaltkriminalit t,5378004,Bergisch Gladbach,insg.,255,175,80,1,0,1,17,13,4,18,13,5,49,36,13,21,13,8,148,105,43,19,8,11,167,113,54,2019
892000,Gewaltkriminalit t,11000000,Berlin,voll.,15681,11536,4145,56,27,29,674,498,176,730,525,205,1768,1331,437,1590,1224,366,10798,8011,2787,795,445,350,11593,8456,3137,2019
892000,Gewaltkriminalit t,11000000,Berlin,vers.,3954,2898,1056,30,20,10,209,153,56,239,173,66,302,230,72,255,193,62,2891,2145,746,267,157,110,3158,2302,856,2019
892000,Gewaltkriminalit t,11000000,Berlin,insg.,19635,14434,5201,86,47,39,883,651,232,969,698,271,2070,1561,509,1845,1417,428,13689,10156,3533,1062,602,460,14751,10758,3993,2019
892000,Gewaltkriminalit t,5711000,Bielefeld,voll.,804,556,248,3,1,2,37,30,7,40,31,9,81,56,25,98,69,29,546,376,170,39,24,15,585,400,185,2019
892000,Gewaltkriminalit t,5711000,Bielefeld,vers.,139,106,33,2,2,0,6,4,2,8,6,2,7,5,2,16,15,1,101,75,26,7,5,2,108,80,28,2019
892000,Gewaltkriminalit t,5711000,Bielefeld,insg.,943,662,281,5,3,2,43,34,9,48,37,11,88,61,27,114,84,30,647,451,196,46,29,17,693,480,213,2019
892000,Gewaltkriminalit t,5911000,Bochum,voll.,1216,691,525,6,5,1,65,44,21,71,49,22,119,78,41,156,86,70,812,451,361,58,27,31,870,478,392,2019
892000,Gewaltkriminalit t,5911000,Bochum,vers.,231,165,66,0,0,0,7,6,1,7,6,1,22,16,6,16,13,3,171,122,49,15,8,7,186,130,56,2019
892000,Gewaltkriminalit t,5911000,Bochum,insg.,1447,856,591,6,5,1,72,50,22,78,55,23,141,94,47,172,99,73,983,573,410,73,35,38,1056,608,448,2019
892000,Gewaltkriminalit t,5314000,Bonn,voll.,1025,714,311,4,2,2,32,21,11,36,23,13,136,100,36,129,91,38,681,474,207,43,26,17,724,500,224,2019
892000,Gewaltkriminalit t,5314000,Bonn,vers.,198,141,57,0,0,0,9,8,1,9,8,1,21,18,3,17,13,4,138,94,44,13,8,5,151,102,49,2019
892000,Gewaltkriminalit t,5314000,Bonn,insg.,1223,855,368,4,2,2,41,29,12,45,31,14,157,118,39,146,104,42,819,568,251,56,34,22,875,602,273,2019
892000,Gewaltkriminalit t,5512000,Bottrop,voll.,408,260,148,6,5,1,25,15,10,31,20,11,45,30,15,51,40,11,250,154,96,31,16,15,281,170,111,2019
892000,Gewaltkriminalit t,5512000,Bottrop,vers.,53,33,20,0,0,0,0,0,0,0,0,0,2,2,0,4,3,1,39,24,15,8,4,4,47,28,19,2019
892000,Gewaltkriminalit t,5512000,Bottrop,insg.,461,293,168,6,5,1,25,15,10,31,20,11,47,32,15,55,43,12,289,178,111,39,20,19,328,198,130,2019
892000,Gewaltkriminalit t,3101000,Braunschweig,voll.,788,527,261,0,0,0,30,16,14,30,16,14,69,40,29,140,104,36,509,344,165,40,23,17,549,367,182,2019
892000,Gewaltkriminalit t,3101000,Braunschweig,vers.,120,93,27,0,0,0,0,0,0,0,0,0,3,2,1,12,8,4,102,81,21,3,2,1,105,83,22,2019
892000,Gewaltkriminalit t,3101000,Braunschweig,insg.,908,620,288,0,0,0,30,16,14,30,16,14,72,42,30,152,112,40,611,425,186,43,25,18,654,450,204,2019
892000,Gewaltkriminalit t,4011000,Bremen,voll.,2408,1688,720,2,1,1,57,38,19,59,39,20,267,186,81,322,238,84,1628,1151,477,132,74,58,1760,1225,535,2019
892000,Gewaltkriminalit t,4011000,Bremen,vers.,375,260,115,1,1,0,12,5,7,13,6,7,26,17,9,25,18,7,275,202,73,36,17,19,311,219,92,2019
892000,Gewaltkriminalit t,4011000,Bremen,insg.,2783,1948,835,3,2,1,69,43,26,72,45,27,293,203,90,347,256,91,1903,1353,550,168,91,77,2071,1444,627,2019
892000,Gewaltkriminalit t,4012000,Bremerhaven,voll.,581,411,170,0,0,0,25,17,8,25,17,8,73,53,20,54,35,19,389,287,102,40,19,21,429,306,123,2019
892000,Gewaltkriminalit t,4012000,Bremerhaven,vers.,77,51,26,0,0,0,1,1,0,1,1,0,3,2,1,8,6,2,60,39,21,5,3,2,65,42,23,2019
892000,Gewaltkriminalit t,4012000,Bremerhaven,insg.,658,462,196,0,0,0,26,18,8,26,18,8,76,55,21,62,41,21,449,326,123,45,22,23,494,348,146,2019
892000,Gewaltkriminalit t,14511000,Chemnitz,voll.,632,456,176,6,3,3,29,16,13,35,19,16,84,63,21,73,55,18,400,298,102,40,21,19,440,319,121,2019
892000,Gewaltkriminalit t,14511000,Chemnitz,vers.,121,95,26,0,0,0,5,2,3,5,2,3,10,8,2,5,5,0,98,79,19,3,1,2,101,80,21,2019
892000,Gewaltkriminalit t,14511000,Chemnitz,insg.,753,551,202,6,3,3,34,18,16,40,21,19,94,71,23,78,60,18,498,377,121,43,22,21,541,399,142,2019
892000,Gewaltkriminalit t,12052000,Cottbus,voll.,328,228,100,0,0,0,22,16,6,22,16,6,21,12,9,35,23,12,229,163,66,21,14,7,250,177,73,2019
892000,Gewaltkriminalit t,12052000,Cottbus,vers.,76,45,31,2,1,1,4,1,3,6,2,4,6,1,5,3,3,0,53,35,18,8,4,4,61,39,22,2019
892000,Gewaltkriminalit t,12052000,Cottbus,insg.,404,273,131,2,1,1,26,17,9,28,18,10,27,13,14,38,26,12,282,198,84,29,18,11,311,216,95,2019
892000,Gewaltkriminalit t,6411000,Darmstadt,voll.,367,261,106,2,1,1,9,5,4,11,6,5,32,23,9,41,24,17,265,198,67,18,10,8,283,208,75,2019
892000,Gewaltkriminalit t,6411000,Darmstadt,vers.,45,33,12,0,0,0,3,2,1,3,2,1,3,1,2,4,4,0,32,23,9,3,3,0,35,26,9,2019
892000,Gewaltkriminalit t,6411000,Darmstadt,insg.,412,294,118,2,1,1,12,7,5,14,8,6,35,24,11,45,28,17,297,221,76,21,13,8,318,234,84,2019
892000,Gewaltkriminalit t,5913000,Dortmund,voll.,2889,2073,816,7,4,3,141,99,42,148,103,45,322,210,112,330,236,94,1968,1449,519,121,75,46,2089,1524,565,2019
892000,Gewaltkriminalit t,5913000,Dortmund,vers.,437,303,134,1,1,0,19,16,3,20,17,3,46,34,12,40,28,12,291,201,90,40,23,17,331,224,107,2019
892000,Gewaltkriminalit t,5913000,Dortmund,insg.,3326,2376,950,8,5,3,160,115,45,168,120,48,368,244,124,370,264,106,2259,1650,609,161,98,63,2420,1748,672,2019
892000,Gewaltkriminalit t,14612000,Dresden,voll.,1648,1297,351,6,4,2,83,55,28,89,59,30,182,139,43,199,168,31,1112,889,223,66,42,24,1178,931,247,2019
892000,Gewaltkriminalit t,14612000,Dresden,vers.,256,192,64,2,1,1,9,7,2,11,8,3,12,8,4,28,23,5,194,148,46,11,5,6,205,153,52,2019
892000,Gewaltkriminalit t,14612000,Dresden,insg.,1904,1489,415,8,5,3,92,62,30,100,67,33,194,147,47,227,191,36,1306,1037,269,77,47,30,1383,1084,299,2019
892000,Gewaltkriminalit t,5112000,Duisburg,voll.,1821,1197,624,10,5,5,120,86,34,130,91,39,251,166,85,171,104,67,1178,790,388,91,46,45,1269,836,433,2019
892000,Gewaltkriminalit t,5112000,Duisburg,vers.,360,233,127,1,1,0,23,12,11,24,13,11,41,33,8,33,25,8,238,146,92,24,16,8,262,162,100,2019
892000,Gewaltkriminalit t,5112000,Duisburg,insg.,2181,1430,751,11,6,5,143,98,45,154,104,50,292,199,93,204,129,75,1416,936,480,115,62,53,1531,998,533,2019
892000,Gewaltkriminalit t,5111000,D sseldorf,voll.,2267,1640,627,2,1,1,68,47,21,70,48,22,277,204,73,289,209,80,1518,1112,406,113,67,46,1631,1179,452,2019
892000,Gewaltkriminalit t,5111000,D sseldorf,vers.,393,272,121,4,2,2,9,9,0,13,11,2,18,12,6,38,20,18,293,211,82,31,18,13,324,229,95,2019
892000,Gewaltkriminalit t,5111000,D sseldorf,insg.,2660,1912,748,6,3,3,77,56,21,83,59,24,295,216,79,327,229,98,1811,1323,488,144,85,59,1955,1408,547,2019
892000,Gewaltkriminalit t,16051000,Erfurt,voll.,471,340,131,3,3,0,21,15,6,24,18,6,43,29,14,78,63,15,305,218,87,21,12,9,326,230,96,2019
892000,Gewaltkriminalit t,16051000,Erfurt,vers.,115,80,35,1,1,0,10,5,5,11,6,5,13,11,2,19,13,6,66,46,20,6,4,2,72,50,22,2019
892000,Gewaltkriminalit t,16051000,Erfurt,insg.,586,420,166,4,4,0,31,20,11,35,24,11,56,40,16,97,76,21,371,264,107,27,16,11,398,280,118,2019
892000,Gewaltkriminalit t,9562000,Erlangen,voll.,157,114,43,0,0,0,2,2,0,2,2,0,15,11,4,23,16,7,112,82,30,5,3,2,117,85,32,2019
892000,Gewaltkriminalit t,9562000,Erlangen,vers.,31,19,12,2,1,1,1,1,0,3,2,1,0,0,0,3,1,2,23,15,8,2,1,1,25,16,9,2019
892000,Gewaltkriminalit t,9562000,Erlangen,insg.,188,133,55,2,1,1,3,3,0,5,4,1,15,11,4,26,17,9,135,97,38,7,4,3,142,101,41,2019
892000,Gewaltkriminalit t,5113000,Essen,voll.,1666,1102,564,1,1,0,111,81,30,112,82,30,193,128,65,159,109,50,1100,722,378,102,61,41,1202,783,419,2019
892000,Gewaltkriminalit t,5113000,Essen,vers.,286,201,85,0,0,0,20,16,4,20,16,4,20,14,6,22,11,11,196,144,52,28,16,12,224,160,64,2019
892000,Gewaltkriminalit t,5113000,Essen,insg.,1952,1303,649,1,1,0,131,97,34,132,98,34,213,142,71,181,120,61,1296,866,430,130,77,53,1426,943,483,2019
892000,Gewaltkriminalit t,6412000,Frankfurt am Main,voll.,3223,2376,847,14,8,6,83,56,27,97,64,33,267,200,67,343,248,95,2357,1764,593,159,100,59,2516,1864,652,2019
892000,Gewaltkriminalit t,6412000,Frankfurt am Main,vers.,669,499,170,8,5,3,32,25,7,40,30,10,38,28,10,55,42,13,492,373,119,44,26,18,536,399,137,2019
892000,Gewaltkriminalit t,6412000,Frankfurt am Main,insg.,3892,2875,1017,22,13,9,115,81,34,137,94,43,305,228,77,398,290,108,2849,2137,712,203,126,77,3052,2263,789,2019
892000,Gewaltkriminalit t,8311000,Freiburg im Breisgau,voll.,859,693,166,7,7,0,22,16,6,29,23,6,115,86,29,122,106,16,565,458,107,28,20,8,593,478,115,2019
892000,Gewaltkriminalit t,8311000,Freiburg im Breisgau,vers.,168,126,42,2,2,0,2,1,1,4,3,1,12,8,4,16,11,5,127,100,27,9,4,5,136,104,32,2019
892000,Gewaltkriminalit t,8311000,Freiburg im Breisgau,insg.,1027,819,208,9,9,0,24,17,7,33,26,7,127,94,33,138,117,21,692,558,134,37,24,13,729,582,147,2019
892000,Gewaltkriminalit t,9563000,F rth,voll.,169,106,63,0,0,0,7,4,3,7,4,3,19,10,9,27,17,10,107,68,39,9,7,2,116,75,41,2019
892000,Gewaltkriminalit t,9563000,F rth,vers.,35,22,13,0,0,0,0,0,0,0,0,0,3,2,1,3,2,1,27,18,9,2,0,2,29,18,11,2019
892000,Gewaltkriminalit t,9563000,F rth,insg.,204,128,76,0,0,0,7,4,3,7,4,3,22,12,10,30,19,11,134,86,48,11,7,4,145,93,52,2019
892000,Gewaltkriminalit t,5513000,Gelsenkirchen,voll.,969,658,311,3,2,1,71,46,25,74,48,26,126,88,38,85,62,23,638,427,211,46,33,13,684,460,224,2019
892000,Gewaltkriminalit t,5513000,Gelsenkirchen,vers.,159,100,59,2,1,1,16,11,5,18,12,6,20,15,5,11,8,3,99,59,40,11,6,5,110,65,45,2019
892000,Gewaltkriminalit t,5513000,Gelsenkirchen,insg.,1128,758,370,5,3,2,87,57,30,92,60,32,146,103,43,96,70,26,737,486,251,57,39,18,794,525,269,2019
892000,Gewaltkriminalit t,3159016,G ttingen,voll.,471,353,118,2,0,2,16,9,7,18,9,9,38,24,14,71,59,12,329,250,79,15,11,4,344,261,83,2019
892000,Gewaltkriminalit t,3159016,G ttingen,vers.,91,64,27,0,0,0,2,2,0,2,2,0,3,2,1,10,7,3,67,48,19,9,5,4,76,53,23,2019
892000,Gewaltkriminalit t,3159016,G ttingen,insg.,562,417,145,2,0,2,18,11,7,20,11,9,41,26,15,81,66,15,396,298,98,24,16,8,420,314,106,2019
892000,Gewaltkriminalit t,5754008,G tersloh,voll.,219,156,63,1,0,1,5,3,2,6,3,3,26,19,7,24,18,6,153,111,42,10,5,5,163,116,47,2019
892000,Gewaltkriminalit t,5754008,G tersloh,vers.,52,28,24,0,0,0,1,1,0,1,1,0,4,2,2,5,1,4,41,24,17,1,0,1,42,24,18,2019
892000,Gewaltkriminalit t,5754008,G tersloh,insg.,271,184,87,1,0,1,6,4,2,7,4,3,30,21,9,29,19,10,194,135,59,11,5,6,205,140,65,2019
892000,Gewaltkriminalit t,5914000,Hagen,voll.,585,418,167,5,5,0,41,30,11,46,35,11,65,44,21,86,61,25,358,260,98,30,18,12,388,278,110,2019
892000,Gewaltkriminalit t,5914000,Hagen,vers.,102,67,35,0,0,0,0,0,0,0,0,0,8,6,2,6,4,2,83,55,28,5,2,3,88,57,31,2019
892000,Gewaltkriminalit t,5914000,Hagen,insg.,687,485,202,5,5,0,41,30,11,46,35,11,73,50,23,92,65,27,441,315,126,35,20,15,476,335,141,2019
892000,Gewaltkriminalit t,15002000,Halle (Saale),voll.,919,651,268,4,3,1,47,31,16,51,34,17,106,87,19,104,71,33,611,431,180,47,28,19,658,459,199,2019
892000,Gewaltkriminalit t,15002000,Halle (Saale),vers.,191,128,63,1,1,0,17,14,3,18,15,3,18,7,11,15,13,2,129,89,40,11,4,7,140,93,47,2019
892000,Gewaltkriminalit t,15002000,Halle (Saale),insg.,1110,779,331,5,4,1,64,45,19,69,49,20,124,94,30,119,84,35,740,520,220,58,32,26,798,552,246,2019
892000,Gewaltkriminalit t,2000000,Hamburg,voll.,7092,5213,1879,22,12,10,386,292,94,408,304,104,654,446,208,805,595,210,4936,3684,1252,289,184,105,5225,3868,1357,2019
892000,Gewaltkriminalit t,2000000,Hamburg,vers.,1108,781,327,7,3,4,62,51,11,69,54,15,70,48,22,81,55,26,822,586,236,66,38,28,888,624,264,2019
892000,Gewaltkriminalit t,2000000,Hamburg,insg.,8200,5994,2206,29,15,14,448,343,105,477,358,119,724,494,230,886,650,236,5758,4270,1488,355,222,133,6113,4492,1621,2019
892000,Gewaltkriminalit t,5915000,Hamm,voll.,545,386,159,6,5,1,26,21,5,32,26,6,57,36,21,62,49,13,369,265,104,25,10,15,394,275,119,2019
892000,Gewaltkriminalit t,5915000,Hamm,vers.,79,49,30,2,0,2,3,0,3,5,0,5,6,3,3,7,5,2,56,38,18,5,3,2,61,41,20,2019
892000,Gewaltkriminalit t,5915000,Hamm,insg.,624,435,189,8,5,3,29,21,8,37,26,11,63,39,24,69,54,15,425,303,122,30,13,17,455,316,139,2019
892000,Gewaltkriminalit t,3241001,Hannover,voll.,2467,1861,606,3,3,0,75,47,28,78,50,28,209,153,56,280,220,60,1794,1384,410,106,54,52,1900,1438,462,2019
892000,Gewaltkriminalit t,3241001,Hannover,vers.,457,345,112,4,2,2,7,6,1,11,8,3,31,23,8,38,25,13,346,271,75,31,18,13,377,289,88,2019
892000,Gewaltkriminalit t,3241001,Hannover,insg.,2924,2206,718,7,5,2,82,53,29,89,58,31,240,176,64,318,245,73,2140,1655,485,137,72,65,2277,1727,550,2019
892000,Gewaltkriminalit t,8221000,Heidelberg,voll.,390,301,89,2,2,0,12,8,4,14,10,4,23,19,4,57,46,11,281,217,64,15,9,6,296,226,70,2019
892000,Gewaltkriminalit t,8221000,Heidelberg,vers.,61,44,17,0,0,0,5,5,0,5,5,0,0,0,0,2,2,0,50,36,14,4,1,3,54,37,17,2019
892000,Gewaltkriminalit t,8221000,Heidelberg,insg.,451,345,106,2,2,0,17,13,4,19,15,4,23,19,4,59,48,11,331,253,78,19,10,9,350,263,87,2019
892000,Gewaltkriminalit t,8121000,Heilbronn,voll.,274,183,91,1,1,0,9,6,3,10,7,3,23,14,9,34,24,10,196,132,64,11,6,5,207,138,69,2019
892000,Gewaltkriminalit t,8121000,Heilbronn,vers.,42,27,15,1,0,1,1,0,1,2,0,2,2,2,0,6,2,4,25,18,7,7,5,2,32,23,9,2019
892000,Gewaltkriminalit t,8121000,Heilbronn,insg.,316,210,106,2,1,1,10,6,4,12,7,5,25,16,9,40,26,14,221,150,71,18,11,7,239,161,78,2019
892000,Gewaltkriminalit t,5916000,Herne,voll.,413,280,133,1,1,0,33,22,11,34,23,11,57,43,14,30,19,11,276,186,90,16,9,7,292,195,97,2019
892000,Gewaltkriminalit t,5916000,Herne,vers.,104,70,34,0,0,0,4,4,0,4,4,0,10,7,3,14,10,4,70,47,23,6,2,4,76,49,27,2019
892000,Gewaltkriminalit t,5916000,Herne,insg.,517,350,167,1,1,0,37,26,11,38,27,11,67,50,17,44,29,15,346,233,113,22,11,11,368,244,124,2019
892000,Gewaltkriminalit t,3254021,Hildesheim,voll.,319,220,99,0,0,0,23,18,5,23,18,5,48,31,17,32,27,5,199,135,64,17,9,8,216,144,72,2019
892000,Gewaltkriminalit t,3254021,Hildesheim,vers.,52,34,18,0,0,0,2,1,1,2,1,1,4,3,1,4,3,1,38,24,14,4,3,1,42,27,15,2019
892000,Gewaltkriminalit t,3254021,Hildesheim,insg.,371,254,117,0,0,0,25,19,6,25,19,6,52,34,18,36,30,6,237,159,78,21,12,9,258,171,87,2019
892000,Gewaltkriminalit t,9161000,Ingolstadt,voll.,347,253,94,2,2,0,7,6,1,9,8,1,45,33,12,40,35,5,231,165,66,22,12,10,253,177,76,2019
892000,Gewaltkriminalit t,9161000,Ingolstadt,vers.,91,65,26,1,0,1,2,1,1,3,1,2,6,2,4,6,5,1,72,54,18,4,3,1,76,57,19,2019
892000,Gewaltkriminalit t,9161000,Ingolstadt,insg.,438,318,120,3,2,1,9,7,2,12,9,3,51,35,16,46,40,6,303,219,84,26,15,11,329,234,95,2019
892000,Gewaltkriminalit t,16053000,Jena,voll.,235,168,67,14,1,13,18,10,8,32,11,21,18,12,6,23,20,3,158,122,36,4,3,1,162,125,37,2019
892000,Gewaltkriminalit t,16053000,Jena,vers.,43,37,6,1,1,0,3,2,1,4,3,1,1,0,1,4,4,0,32,29,3,2,1,1,34,30,4,2019
892000,Gewaltkriminalit t,16053000,Jena,insg.,278,205,73,15,2,13,21,12,9,36,14,22,19,12,7,27,24,3,190,151,39,6,4,2,196,155,41,2019
892000,Gewaltkriminalit t,8212000,Karlsruhe,voll.,824,583,241,9,6,3,41,23,18,50,29,21,82,53,29,119,95,24,539,389,150,34,17,17,573,406,167,2019
892000,Gewaltkriminalit t,8212000,Karlsruhe,vers.,158,127,31,7,6,1,2,2,0,9,8,1,6,5,1,18,15,3,119,95,24,6,4,2,125,99,26,2019
892000,Gewaltkriminalit t,8212000,Karlsruhe,insg.,982,710,272,16,12,4,43,25,18,59,37,22,88,58,30,137,110,27,658,484,174,40,21,19,698,505,193,2019
892000,Gewaltkriminalit t,6611000,Kassel,voll.,851,591,260,8,4,4,18,15,3,26,19,7,55,34,21,87,64,23,645,449,196,38,25,13,683,474,209,2019
892000,Gewaltkriminalit t,6611000,Kassel,vers.,128,93,35,0,0,0,3,2,1,3,2,1,0,0,0,6,6,0,113,81,32,6,4,2,119,85,34,2019
892000,Gewaltkriminalit t,6611000,Kassel,insg.,979,684,295,8,4,4,21,17,4,29,21,8,55,34,21,93,70,23,758,530,228,44,29,15,802,559,243,2019
892000,Gewaltkriminalit t,1002000,Kiel,voll.,898,648,250,6,2,4,18,14,4,24,16,8,85,66,19,115,81,34,634,468,166,40,17,23,674,485,189,2019
892000,Gewaltkriminalit t,1002000,Kiel,vers.,155,116,39,1,0,1,6,5,1,7,5,2,10,6,4,10,8,2,122,91,31,6,6,0,128,97,31,2019
892000,Gewaltkriminalit t,1002000,Kiel,insg.,1053,764,289,7,2,5,24,19,5,31,21,10,95,72,23,125,89,36,756,559,197,46,23,23,802,582,220,2019
892000,Gewaltkriminalit t,7111000,Koblenz,voll.,512,377,135,0,0,0,8,6,2,8,6,2,56,37,19,94,67,27,331,251,80,23,16,7,354,267,87,2019
892000,Gewaltkriminalit t,7111000,Koblenz,vers.,63,50,13,1,1,0,1,1,0,2,2,0,3,2,1,7,5,2,48,38,10,3,3,0,51,41,10,2019
892000,Gewaltkriminalit t,7111000,Koblenz,insg.,575,427,148,1,1,0,9,7,2,10,8,2,59,39,20,101,72,29,379,289,90,26,19,7,405,308,97,2019
892000,Gewaltkriminalit t,5315000,K ln,voll.,5305,3781,1524,14,7,7,175,122,53,189,129,60,500,357,143,587,428,159,3777,2720,1057,252,147,105,4029,2867,1162,2019
892000,Gewaltkriminalit t,5315000,K ln,vers.,870,570,300,4,3,1,35,26,9,39,29,10,59,41,18,81,56,25,632,412,220,59,32,27,691,444,247,2019
892000,Gewaltkriminalit t,5315000,K ln,insg.,6175,4351,1824,18,10,8,210,148,62,228,158,70,559,398,161,668,484,184,4409,3132,1277,311,179,132,4720,3311,1409,2019
892000,Gewaltkriminalit t,5114000,Krefeld,voll.,720,506,214,1,1,0,47,30,17,48,31,17,73,58,15,73,52,21,489,346,143,37,19,18,526,365,161,2019
892000,Gewaltkriminalit t,5114000,Krefeld,vers.,135,83,52,1,0,1,5,4,1,6,4,2,7,4,3,13,10,3,93,58,35,16,7,9,109,65,44,2019
892000,Gewaltkriminalit t,5114000,Krefeld,insg.,855,589,266,2,1,1,52,34,18,54,35,19,80,62,18,86,62,24,582,404,178,53,26,27,635,430,205,2019
892000,Gewaltkriminalit t,14713000,Leipzig,voll.,1820,1369,451,10,5,5,50,38,12,60,43,17,217,158,59,197,160,37,1250,959,291,96,49,47,1346,1008,338,2019
892000,Gewaltkriminalit t,14713000,Leipzig,vers.,330,240,90,7,7,0,11,8,3,18,15,3,23,18,5,28,23,5,241,171,70,20,13,7,261,184,77,2019
892000,Gewaltkriminalit t,14713000,Leipzig,insg.,2150,1609,541,17,12,5,61,46,15,78,58,20,240,176,64,225,183,42,1491,1130,361,116,62,54,1607,1192,415,2019
892000,Gewaltkriminalit t,5316000,Leverkusen,voll.,570,375,195,2,0,2,23,16,7,25,16,9,76,44,32,58,41,17,383,255,128,28,19,9,411,274,137,2019
892000,Gewaltkriminalit t,5316000,Leverkusen,vers.,142,101,41,1,0,1,2,2,0,3,2,1,7,5,2,11,8,3,105,76,29,16,10,6,121,86,35,2019
892000,Gewaltkriminalit t,5316000,Leverkusen,insg.,712,476,236,3,0,3,25,18,7,28,18,10,83,49,34,69,49,20,488,331,157,44,29,15,532,360,172,2019
892000,Gewaltkriminalit t,1003000,L beck,voll.,818,570,248,2,1,1,18,12,6,20,13,7,65,43,22,90,70,20,603,426,177,40,18,22,643,444,199,2019
892000,Gewaltkriminalit t,1003000,L beck,vers.,160,110,50,2,0,2,5,4,1,7,4,3,7,6,1,9,6,3,131,89,42,6,5,1,137,94,43,2019
892000,Gewaltkriminalit t,1003000,L beck,insg.,978,680,298,4,1,3,23,16,7,27,17,10,72,49,23,99,76,23,734,515,219,46,23,23,780,538,242,2019
892000,Gewaltkriminalit t,7314000,Ludwigshafen am Rhein,voll.,862,601,261,2,2,0,79,48,31,81,50,31,95,75,20,92,66,26,549,381,168,45,29,16,594,410,184,2019
892000,Gewaltkriminalit t,7314000,Ludwigshafen am Rhein,vers.,138,100,38,1,1,0,13,12,1,14,13,1,25,18,7,9,8,1,78,53,25,12,8,4,90,61,29,2019
892000,Gewaltkriminalit t,7314000,Ludwigshafen am Rhein,insg.,1000,701,299,3,3,0,92,60,32,95,63,32,120,93,27,101,74,27,627,434,193,57,37,20,684,471,213,2019
892000,Gewaltkriminalit t,15003000,Magdeburg,voll.,843,609,234,5,2,3,36,24,12,41,26,15,88,60,28,103,71,32,573,431,142,38,21,17,611,452,159,2019
892000,Gewaltkriminalit t,15003000,Magdeburg,vers.,191,135,56,2,1,1,9,2,7,11,3,8,14,8,6,16,11,5,138,106,32,12,7,5,150,113,37,2019
892000,Gewaltkriminalit t,15003000,Magdeburg,insg.,1034,744,290,7,3,4,45,26,19,52,29,23,102,68,34,119,82,37,711,537,174,50,28,22,761,565,196,2019
892000,Gewaltkriminalit t,7315000,Mainz,voll.,764,568,196,3,2,1,43,30,13,46,32,14,117,79,38,96,82,14,480,359,121,25,16,9,505,375,130,2019
892000,Gewaltkriminalit t,7315000,Mainz,vers.,114,84,30,0,0,0,3,2,1,3,2,1,16,15,1,11,8,3,79,56,23,5,3,2,84,59,25,2019
892000,Gewaltkriminalit t,7315000,Mainz,insg.,878,652,226,3,2,1,46,32,14,49,34,15,133,94,39,107,90,17,559,415,144,30,19,11,589,434,155,2019
892000,Gewaltkriminalit t,8222000,Mannheim,voll.,980,713,267,9,6,3,19,17,2,28,23,5,58,38,20,122,80,42,720,546,174,52,26,26,772,572,200,2019
892000,Gewaltkriminalit t,8222000,Mannheim,vers.,149,102,47,2,1,1,2,2,0,4,3,1,11,5,6,15,9,6,112,78,34,7,7,0,119,85,34,2019
892000,Gewaltkriminalit t,8222000,Mannheim,insg.,1129,815,314,11,7,4,21,19,2,32,26,6,69,43,26,137,89,48,832,624,208,59,33,26,891,657,234,2019
892000,Gewaltkriminalit t,5170024,Moers,voll.,221,134,87,1,0,1,14,7,7,15,7,8,22,11,11,26,17,9,147,94,53,11,5,6,158,99,59,2019
892000,Gewaltkriminalit t,5170024,Moers,vers.,61,40,21,2,1,1,5,2,3,7,3,4,13,12,1,2,1,1,35,22,13,4,2,2,39,24,15,2019
892000,Gewaltkriminalit t,5170024,Moers,insg.,282,174,108,3,1,2,19,9,10,22,10,12,35,23,12,28,18,10,182,116,66,15,7,8,197,123,74,2019
892000,Gewaltkriminalit t,5116000,M nchengladbach,voll.,734,497,237,2,2,0,31,23,8,33,25,8,95,72,23,77,54,23,496,331,165,33,15,18,529,346,183,2019
892000,Gewaltkriminalit t,5116000,M nchengladbach,vers.,139,97,42,0,0,0,6,4,2,6,4,2,20,19,1,16,13,3,85,55,30,12,6,6,97,61,36,2019
892000,Gewaltkriminalit t,5116000,M nchengladbach,insg.,873,594,279,2,2,0,37,27,10,39,29,10,115,91,24,93,67,26,581,386,195,45,21,24,626,407,219,2019
892000,Gewaltkriminalit t,5117000,M lheim an der Ruhr,voll.,361,219,142,0,0,0,24,13,11,24,13,11,46,32,14,53,38,15,211,126,85,27,10,17,238,136,102,2019
892000,Gewaltkriminalit t,5117000,M lheim an der Ruhr,vers.,73,54,19,0,0,0,1,1,0,1,1,0,7,7,0,6,5,1,52,37,15,7,4,3,59,41,18,2019
892000,Gewaltkriminalit t,5117000,M lheim an der Ruhr,insg.,434,273,161,0,0,0,25,14,11,25,14,11,53,39,14,59,43,16,263,163,100,34,14,20,297,177,120,2019
892000,Gewaltkriminalit t,9162000,M nchen,voll.,3502,2540,962,27,18,9,91,60,31,118,78,40,301,204,97,445,318,127,2494,1841,653,144,99,45,2638,1940,698,2019
892000,Gewaltkriminalit t,9162000,M nchen,vers.,753,525,228,8,6,2,25,14,11,33,20,13,32,20,12,48,25,23,605,438,167,35,22,13,640,460,180,2019
892000,Gewaltkriminalit t,9162000,M nchen,insg.,4255,3065,1190,35,24,11,116,74,42,151,98,53,333,224,109,493,343,150,3099,2279,820,179,121,58,3278,2400,878,2019
892000,Gewaltkriminalit t,5515000,M nster,voll.,829,593,236,0,0,0,23,15,8,23,15,8,93,59,34,116,91,25,557,403,154,40,25,15,597,428,169,2019
892000,Gewaltkriminalit t,5515000,M nster,vers.,173,121,52,0,0,0,6,5,1,6,5,1,15,12,3,11,8,3,130,90,40,11,6,5,141,96,45,2019
892000,Gewaltkriminalit t,5515000,M nster,insg.,1002,714,288,0,0,0,29,20,9,29,20,9,108,71,37,127,99,28,687,493,194,51,31,20,738,524,214,2019
892000,Gewaltkriminalit t,5162024,Neuss,voll.,362,260,102,1,1,0,14,12,2,15,13,2,36,29,7,48,35,13,251,177,74,12,6,6,263,183,80,2019
892000,Gewaltkriminalit t,5162024,Neuss,vers.,53,33,20,0,0,0,1,0,1,1,0,1,7,6,1,6,5,1,36,20,16,3,2,1,39,22,17,2019
892000,Gewaltkriminalit t,5162024,Neuss,insg.,415,293,122,1,1,0,15,12,3,16,13,3,43,35,8,54,40,14,287,197,90,15,8,7,302,205,97,2019
892000,Gewaltkriminalit t,9564000,N rnberg,voll.,1528,1091,437,5,2,3,47,31,16,52,33,19,152,97,55,158,121,37,1092,799,293,74,41,33,1166,840,326,2019
892000,Gewaltkriminalit t,9564000,N rnberg,vers.,350,257,93,3,2,1,9,5,4,12,7,5,15,11,4,20,13,7,286,218,68,17,8,9,303,226,77,2019
892000,Gewaltkriminalit t,9564000,N rnberg,insg.,1878,1348,530,8,4,4,56,36,20,64,40,24,167,108,59,178,134,44,1378,1017,361,91,49,42,1469,1066,403,2019
892000,Gewaltkriminalit t,5119000,Oberhausen,voll.,579,416,163,0,0,0,38,33,5,38,33,5,67,52,15,83,61,22,370,260,110,21,10,11,391,270,121,2019
892000,Gewaltkriminalit t,5119000,Oberhausen,vers.,108,78,30,0,0,0,4,3,1,4,3,1,12,8,4,11,9,2,72,52,20,9,6,3,81,58,23,2019
892000,Gewaltkriminalit t,5119000,Oberhausen,insg.,687,494,193,0,0,0,42,36,6,42,36,6,79,60,19,94,70,24,442,312,130,30,16,14,472,328,144,2019
892000,Gewaltkriminalit t,6413000,Offenbach am Main,voll.,366,264,102,2,2,0,14,6,8,16,8,8,38,26,12,28,25,3,271,199,72,13,6,7,284,205,79,2019
892000,Gewaltkriminalit t,6413000,Offenbach am Main,vers.,51,37,14,0,0,0,1,1,0,1,1,0,3,3,0,3,3,0,38,25,13,6,5,1,44,30,14,2019
892000,Gewaltkriminalit t,6413000,Offenbach am Main,insg.,417,301,116,2,2,0,15,7,8,17,9,8,41,29,12,31,28,3,309,224,85,19,11,8,328,235,93,2019
892000,Gewaltkriminalit t,3403000,Oldenburg (Oldenburg),voll.,480,344,136,0,0,0,12,8,4,12,8,4,52,37,15,61,52,9,333,231,102,22,16,6,355,247,108,2019
892000,Gewaltkriminalit t,3403000,Oldenburg (Oldenburg),vers.,79,53,26,0,0,0,3,0,3,3,0,3,8,3,5,8,7,1,56,40,16,4,3,1,60,43,17,2019
892000,Gewaltkriminalit t,3403000,Oldenburg (Oldenburg),insg.,559,397,162,0,0,0,15,8,7,15,8,7,60,40,20,69,59,10,389,271,118,26,19,7,415,290,125,2019
892000,Gewaltkriminalit t,3404000,Osnabr ck,voll.,860,618,242,0,0,0,14,9,5,14,9,5,89,46,43,131,91,40,601,458,143,25,14,11,626,472,154,2019
892000,Gewaltkriminalit t,3404000,Osnabr ck,vers.,118,86,32,0,0,0,9,3,6,9,3,6,10,8,2,16,13,3,78,58,20,5,4,1,83,62,21,2019
892000,Gewaltkriminalit t,3404000,Osnabr ck,insg.,978,704,274,0,0,0,23,12,11,23,12,11,99,54,45,147,104,43,679,516,163,30,18,12,709,534,175,2019
892000,Gewaltkriminalit t,5774032,Paderborn,voll.,468,309,159,4,2,2,16,10,6,20,12,8,45,27,18,56,43,13,322,218,104,25,9,16,347,227,120,2019
892000,Gewaltkriminalit t,5774032,Paderborn,vers.,90,56,34,0,0,0,0,0,0,0,0,0,11,6,5,10,6,4,65,44,21,4,0,4,69,44,25,2019
892000,Gewaltkriminalit t,5774032,Paderborn,insg.,558,365,193,4,2,2,16,10,6,20,12,8,56,33,23,66,49,17,387,262,125,29,9,20,416,271,145,2019
892000,Gewaltkriminalit t,8231000,Pforzheim,voll.,421,293,128,2,1,1,16,12,4,18,13,5,40,27,13,52,42,10,298,204,94,13,7,6,311,211,100,2019
892000,Gewaltkriminalit t,8231000,Pforzheim,vers.,72,50,22,2,1,1,1,1,0,3,2,1,6,4,2,4,3,1,56,40,16,3,1,2,59,41,18,2019
892000,Gewaltkriminalit t,8231000,Pforzheim,insg.,493,343,150,4,2,2,17,13,4,21,15,6,46,31,15,56,45,11,354,244,110,16,8,8,370,252,118,2019
892000,Gewaltkriminalit t,12054000,Potsdam,voll.,350,249,101,2,1,1,13,9,4,15,10,5,37,26,11,44,36,8,228,157,71,26,20,6,254,177,77,2019
892000,Gewaltkriminalit t,12054000,Potsdam,vers.,95,75,20,0,0,0,3,2,1,3,2,1,6,3,3,10,10,0,72,57,15,4,3,1,76,60,16,2019
892000,Gewaltkriminalit t,12054000,Potsdam,insg.,445,324,121,2,1,1,16,11,5,18,12,6,43,29,14,54,46,8,300,214,86,30,23,7,330,237,93,2019
892000,Gewaltkriminalit t,5562032,Recklinghausen,voll.,304,193,111,1,1,0,15,9,6,16,10,6,34,16,18,27,16,11,209,142,67,18,9,9,227,151,76,2019
892000,Gewaltkriminalit t,5562032,Recklinghausen,vers.,91,50,41,0,0,0,3,3,0,3,3,0,4,3,1,8,5,3,66,36,30,10,3,7,76,39,37,2019
892000,Gewaltkriminalit t,5562032,Recklinghausen,insg.,395,243,152,1,1,0,18,12,6,19,13,6,38,19,19,35,21,14,275,178,97,28,12,16,303,190,113,2019
892000,Gewaltkriminalit t,9362000,Regensburg,voll.,367,277,90,0,0,0,5,3,2,5,3,2,27,15,12,66,52,14,257,200,57,12,7,5,269,207,62,2019
892000,Gewaltkriminalit t,9362000,Regensburg,vers.,73,45,28,1,0,1,1,1,0,2,1,1,2,2,0,4,1,3,61,37,24,4,4,0,65,41,24,2019
892000,Gewaltkriminalit t,9362000,Regensburg,insg.,440,322,118,1,0,1,6,4,2,7,4,3,29,17,12,70,53,17,318,237,81,16,11,5,334,248,86,2019
892000,Gewaltkriminalit t,5120000,Remscheid,voll.,246,162,84,1,1,0,14,10,4,15,11,4,20,15,5,36,27,9,159,97,62,16,12,4,175,109,66,2019
892000,Gewaltkriminalit t,5120000,Remscheid,vers.,51,32,19,0,0,0,3,2,1,3,2,1,3,1,2,7,3,4,34,24,10,4,2,2,38,26,12,2019
892000,Gewaltkriminalit t,5120000,Remscheid,insg.,297,194,103,1,1,0,17,12,5,18,13,5,23,16,7,43,30,13,193,121,72,20,14,6,213,135,78,2019
892000,Gewaltkriminalit t,8415061,Reutlingen,voll.,294,199,95,1,0,1,13,6,7,14,6,8,32,21,11,44,34,10,188,129,59,16,9,7,204,138,66,2019
892000,Gewaltkriminalit t,8415061,Reutlingen,vers.,46,31,15,1,1,0,1,0,1,2,1,1,6,3,3,2,1,1,34,26,8,2,0,2,36,26,10,2019
892000,Gewaltkriminalit t,8415061,Reutlingen,insg.,340,230,110,2,1,1,14,6,8,16,7,9,38,24,14,46,35,11,222,155,67,18,9,9,240,164,76,2019
892000,Gewaltkriminalit t,13003000,Rostock,voll.,650,465,185,1,0,1,41,26,15,42,26,16,65,51,14,86,63,23,425,307,118,32,18,14,457,325,132,2019
892000,Gewaltkriminalit t,13003000,Rostock,vers.,148,86,62,2,2,0,9,8,1,11,10,1,13,6,7,11,6,5,104,62,42,9,2,7,113,64,49,2019
892000,Gewaltkriminalit t,13003000,Rostock,insg.,798,551,247,3,2,1,50,34,16,53,36,17,78,57,21,97,69,28,529,369,160,41,20,21,570,389,181,2019
892000,Gewaltkriminalit t,10041100,Saarbr cken,voll.,1068,787,281,2,1,1,28,18,10,30,19,11,106,83,23,145,108,37,734,540,194,53,37,16,787,577,210,2019
892000,Gewaltkriminalit t,10041100,Saarbr cken,vers.,168,110,58,1,1,0,4,4,0,5,5,0,8,6,2,16,9,7,123,81,42,16,9,7,139,90,49,2019
892000,Gewaltkriminalit t,10041100,Saarbr cken,insg.,1236,897,339,3,2,1,32,22,10,35,24,11,114,89,25,161,117,44,857,621,236,69,46,23,926,667,259,2019
892000,Gewaltkriminalit t,3102000,Salzgitter,voll.,308,195,113,2,0,2,20,18,2,22,18,4,51,24,27,26,12,14,198,136,62,11,5,6,209,141,68,2019
892000,Gewaltkriminalit t,3102000,Salzgitter,vers.,40,22,18,0,0,0,5,3,2,5,3,2,2,2,0,0,0,0,26,15,11,7,2,5,33,17,16,2019
892000,Gewaltkriminalit t,3102000,Salzgitter,insg.,348,217,131,2,0,2,25,21,4,27,21,6,53,26,27,26,12,14,224,151,73,18,7,11,242,158,84,2019
892000,Gewaltkriminalit t,13004000,Schwerin,voll.,383,282,101,3,1,2,39,28,11,42,29,13,40,27,13,66,50,16,223,168,55,12,8,4,235,176,59,2019
892000,Gewaltkriminalit t,13004000,Schwerin,vers.,76,53,23,0,0,0,5,4,1,5,4,1,8,6,2,6,4,2,48,35,13,9,4,5,57,39,18,2019
892000,Gewaltkriminalit t,13004000,Schwerin,insg.,459,335,124,3,1,2,44,32,12,47,33,14,48,33,15,72,54,18,271,203,68,21,12,9,292,215,77,2019
892000,Gewaltkriminalit t,5970040,Siegen,voll.,248,184,64,1,1,0,5,5,0,6,6,0,33,25,8,23,19,4,169,124,45,17,10,7,186,134,52,2019
892000,Gewaltkriminalit t,5970040,Siegen,vers.,34,25,9,0,0,0,1,1,0,1,1,0,3,2,1,2,0,2,25,19,6,3,3,0,28,22,6,2019
892000,Gewaltkriminalit t,5970040,Siegen,insg.,282,209,73,1,1,0,6,6,0,7,7,0,36,27,9,25,19,6,194,143,51,20,13,7,214,156,58,2019
892000,Gewaltkriminalit t,5122000,Solingen,voll.,376,221,155,2,2,0,23,16,7,25,18,7,38,19,19,45,25,20,248,143,105,20,16,4,268,159,109,2019
892000,Gewaltkriminalit t,5122000,Solingen,vers.,75,48,27,1,1,0,4,3,1,5,4,1,7,4,3,3,3,0,54,34,20,6,3,3,60,37,23,2019
892000,Gewaltkriminalit t,5122000,Solingen,insg.,451,269,182,3,3,0,27,19,8,30,22,8,45,23,22,48,28,20,302,177,125,26,19,7,328,196,132,2019
892000,Gewaltkriminalit t,8111000,Stuttgart,voll.,2422,1826,596,10,8,2,103,64,39,113,72,41,226,164,62,377,309,68,1608,1220,388,98,61,37,1706,1281,425,2019
892000,Gewaltkriminalit t,8111000,Stuttgart,vers.,549,431,118,3,1,2,9,6,3,12,7,5,35,29,6,59,51,8,406,324,82,37,20,17,443,344,99,2019
892000,Gewaltkriminalit t,8111000,Stuttgart,insg.,2971,2257,714,13,9,4,112,70,42,125,79,46,261,193,68,436,360,76,2014,1544,470,135,81,54,2149,1625,524,2019
892000,Gewaltkriminalit t,7211000,Trier,voll.,329,225,104,0,0,0,11,9,2,11,9,2,32,16,16,42,35,7,227,160,67,17,5,12,244,165,79,2019
892000,Gewaltkriminalit t,7211000,Trier,vers.,40,30,10,0,0,0,1,1,0,1,1,0,1,1,0,1,1,0,35,25,10,2,2,0,37,27,10,2019
892000,Gewaltkriminalit t,7211000,Trier,insg.,369,255,114,0,0,0,12,10,2,12,10,2,33,17,16,43,36,7,262,185,77,19,7,12,281,192,89,2019
892000,Gewaltkriminalit t,8421000,Ulm,voll.,398,296,102,3,1,2,15,10,5,18,11,7,42,33,9,50,39,11,275,206,69,13,7,6,288,213,75,2019
892000,Gewaltkriminalit t,8421000,Ulm,vers.,58,40,18,0,0,0,0,0,0,0,0,0,0,0,0,5,4,1,50,35,15,3,1,2,53,36,17,2019
892000,Gewaltkriminalit t,8421000,Ulm,insg.,456,336,120,3,1,2,15,10,5,18,11,7,42,33,9,55,43,12,325,241,84,16,8,8,341,249,92,2019
892000,Gewaltkriminalit t,6414000,Wiesbaden,voll.,1024,718,306,4,4,0,44,37,7,48,41,7,123,89,34,135,105,30,681,461,220,37,22,15,718,483,235,2019
892000,Gewaltkriminalit t,6414000,Wiesbaden,vers.,162,102,60,0,0,0,7,5,2,7,5,2,29,20,9,18,14,4,97,59,38,11,4,7,108,63,45,2019
892000,Gewaltkriminalit t,6414000,Wiesbaden,insg.,1186,820,366,4,4,0,51,42,9,55,46,9,152,109,43,153,119,34,778,520,258,48,26,22,826,546,280,2019
892000,Gewaltkriminalit t,3103000,Wolfsburg,voll.,281,205,76,3,2,1,15,11,4,18,13,5,33,24,9,34,26,8,180,131,49,16,11,5,196,142,54,2019
892000,Gewaltkriminalit t,3103000,Wolfsburg,vers.,38,28,10,0,0,0,0,0,0,0,0,0,0,0,0,4,4,0,34,24,10,0,0,0,34,24,10,2019
892000,Gewaltkriminalit t,3103000,Wolfsburg,insg.,319,233,86,3,2,1,15,11,4,18,13,5,33,24,9,38,30,8,214,155,59,16,11,5,230,166,64,2019
892000,Gewaltkriminalit t,5124000,Wuppertal,voll.,1161,740,421,4,3,1,65,42,23,69,45,24,132,77,55,133,92,41,782,498,284,45,28,17,827,526,301,2019
892000,Gewaltkriminalit t,5124000,Wuppertal,vers.,233,140,93,4,1,3,12,10,2,16,11,5,20,9,11,15,11,4,172,104,68,10,5,5,182,109,73,2019
892000,Gewaltkriminalit t,5124000,Wuppertal,insg.,1394,880,514,8,4,4,77,52,25,85,56,29,152,86,66,148,103,45,954,602,352,55,33,22,1009,635,374,2019
892000,Gewaltkriminalit t,9663000,W rzburg,voll.,404,305,99,2,2,0,15,8,7,17,10,7,81,65,16,93,78,15,203,148,55,10,4,6,213,152,61,2019
892000,Gewaltkriminalit t,9663000,W rzburg,vers.,97,73,24,0,0,0,2,2,0,2,2,0,13,9,4,8,8,0,70,50,20,4,4,0,74,54,20,2019
892000,Gewaltkriminalit t,9663000,W rzburg,insg.,501,378,123,2,2,0,17,10,7,19,12,7,94,74,20,101,86,15,273,198,75,14,8,6,287,206,81,2019
892500,"Mord, Totschlag und T tung auf Verlangen",5334002,Aachen,voll.,1,0,1,0,0,0,0,0,0,0,0,0,0,0,0,0,0,0,0,0,0,1,0,1,1,0,1,2019
892500,"Mord, Totschlag und T tung auf Verlangen",5334002,Aachen,vers.,10,7,3,0,0,0,0,0,0,0,0,0,1,0,1,1,1,0,8,6,2,0,0,0,8,6,2,2019
892500,"Mord, Totschlag und T tung auf Verlangen",5334002,Aachen,insg.,11,7,4,0,0,0,0,0,0,0,0,0,1,0,1,1,1,0,8,6,2,1,0,1,9,6,3,2019
892500,"Mord, Totschlag und T tung auf Verlangen",9761000,Augsburg,voll.,1,1,0,0,0,0,1,1,0,1,1,0,0,0,0,0,0,0,0,0,0,0,0,0,0,0,0,2019
892500,"Mord, Totschlag und T tung auf Verlangen",9761000,Augsburg,vers.,12,9,3,1,1,0,0,0,0,1,1,0,1,1,0,1,1,0,8,6,2,1,0,1,9,6,3,2019
892500,"Mord, Totschlag und T tung auf Verlangen",9761000,Augsburg,insg.,13,10,3,1,1,0,1,1,0,2,2,0,1,1,0,1,1,0,8,6,2,1,0,1,9,6,3,2019
892500,"Mord, Totschlag und T tung auf Verlangen",5378004,Bergisch Gladbach,voll.,1,1,0,0,0,0,0,0,0,0,0,0,0,0,0,0,0,0,1,1,0,0,0,0,1,1,0,2019
892500,"Mord, Totschlag und T tung auf Verlangen",5378004,Bergisch Gladbach,vers.,1,1,0,0,0,0,0,0,0,0,0,0,0,0,0,0,0,0,1,1,0,0,0,0,1,1,0,2019
892500,"Mord, Totschlag und T tung auf Verlangen",5378004,Bergisch Gladbach,insg.,2,2,0,0,0,0,0,0,0,0,0,0,0,0,0,0,0,0,2,2,0,0,0,0,2,2,0,2019
892500,"Mord, Totschlag und T tung auf Verlangen",11000000,Berlin,voll.,43,26,17,3,2,1,0,0,0,3,2,1,1,0,1,1,1,0,28,19,9,10,4,6,38,23,15,2019
892500,"Mord, Totschlag und T tung auf Verlangen",11000000,Berlin,vers.,98,77,21,2,2,0,0,0,0,2,2,0,3,2,1,3,3,0,79,64,15,11,6,5,90,70,20,2019
892500,"Mord, Totschlag und T tung auf Verlangen",11000000,Berlin,insg.,141,103,38,5,4,1,0,0,0,5,4,1,4,2,2,4,4,0,107,83,24,21,10,11,128,93,35,2019
892500,"Mord, Totschlag und T tung auf Verlangen",5711000,Bielefeld,voll.,4,2,2,2,1,1,0,0,0,2,1,1,0,0,0,0,0,0,1,1,0,1,0,1,2,1,1,2019
892500,"Mord, Totschlag und T tung auf Verlangen",5711000,Bielefeld,vers.,5,2,3,0,0,0,1,0,1,1,0,1,0,0,0,1,1,0,2,0,2,1,1,0,3,1,2,2019
892500,"Mord, Totschlag und T tung auf Verlangen",5711000,Bielefeld,insg.,9,4,5,2,1,1,1,0,1,3,1,2,0,0,0,1,1,0,3,1,2,2,1,1,5,2,3,2019
892500,"Mord, Totschlag und T tung auf Verlangen",5911000,Bochum,voll.,0,0,0,0,0,0,0,0,0,0,0,0,0,0,0,0,0,0,0,0,0,0,0,0,0,0,0,2019
892500,"Mord, Totschlag und T tung auf Verlangen",5911000,Bochum,vers.,12,8,4,0,0,0,0,0,0,0,0,0,1,1,0,0,0,0,10,7,3,1,0,1,11,7,4,2019
892500,"Mord, Totschlag und T tung auf Verlangen",5911000,Bochum,insg.,12,8,4,0,0,0,0,0,0,0,0,0,1,1,0,0,0,0,10,7,3,1,0,1,11,7,4,2019
892500,"Mord, Totschlag und T tung auf Verlangen",5314000,Bonn,voll.,2,1,1,0,0,0,0,0,0,0,0,0,0,0,0,0,0,0,1,1,0,1,0,1,2,1,1,2019
892500,"Mord, Totschlag und T tung auf Verlangen",5314000,Bonn,vers.,21,16,5,0,0,0,0,0,0,0,0,0,2,1,1,2,2,0,15,11,4,2,2,0,17,13,4,2019
892500,"Mord, Totschlag und T tung auf Verlangen",5314000,Bonn,insg.,23,17,6,0,0,0,0,0,0,0,0,0,2,1,1,2,2,0,16,12,4,3,2,1,19,14,5,2019
892500,"Mord, Totschlag und T tung auf Verlangen",5512000,Bottrop,voll.,0,0,0,0,0,0,0,0,0,0,0,0,0,0,0,0,0,0,0,0,0,0,0,0,0,0,0,2019
892500,"Mord, Totschlag und T tung auf Verlangen",5512000,Bottrop,vers.,3,3,0,0,0,0,0,0,0,0,0,0,0,0,0,0,0,0,1,1,0,2,2,0,3,3,0,2019
892500,"Mord, Totschlag und T tung auf Verlangen",5512000,Bottrop,insg.,3,3,0,0,0,0,0,0,0,0,0,0,0,0,0,0,0,0,1,1,0,2,2,0,3,3,0,2019
892500,"Mord, Totschlag und T tung auf Verlangen",3101000,Braunschweig,voll.,0,0,0,0,0,0,0,0,0,0,0,0,0,0,0,0,0,0,0,0,0,0,0,0,0,0,0,2019
892500,"Mord, Totschlag und T tung auf Verlangen",3101000,Braunschweig,vers.,6,4,2,0,0,0,0,0,0,0,0,0,0,0,0,1,1,0,5,3,2,0,0,0,5,3,2,2019
892500,"Mord, Totschlag und T tung auf Verlangen",3101000,Braunschweig,insg.,6,4,2,0,0,0,0,0,0,0,0,0,0,0,0,1,1,0,5,3,2,0,0,0,5,3,2,2019
892500,"Mord, Totschlag und T tung auf Verlangen",4011000,Bremen,voll.,4,2,2,0,0,0,0,0,0,0,0,0,0,0,0,1,0,1,3,2,1,0,0,0,3,2,1,2019
892500,"Mord, Totschlag und T tung auf Verlangen",4011000,Bremen,vers.,26,18,8,0,0,0,1,0,1,1,0,1,0,0,0,3,2,1,18,16,2,4,0,4,22,16,6,2019
892500,"Mord, Totschlag und T tung auf Verlangen",4011000,Bremen,insg.,30,20,10,0,0,0,1,0,1,1,0,1,0,0,0,4,2,2,21,18,3,4,0,4,25,18,7,2019
892500,"Mord, Totschlag und T tung auf Verlangen",4012000,Bremerhaven,voll.,2,2,0,0,0,0,0,0,0,0,0,0,0,0,0,0,0,0,1,1,0,1,1,0,2,2,0,2019
892500,"Mord, Totschlag und T tung auf Verlangen",4012000,Bremerhaven,vers.,9,8,1,0,0,0,0,0,0,0,0,0,0,0,0,1,0,1,8,8,0,0,0,0,8,8,0,2019
892500,"Mord, Totschlag und T tung auf Verlangen",4012000,Bremerhaven,insg.,11,10,1,0,0,0,0,0,0,0,0,0,0,0,0,1,0,1,9,9,0,1,1,0,10,10,0,2019
892500,"Mord, Totschlag und T tung auf Verlangen",14511000,Chemnitz,voll.,1,1,0,0,0,0,0,0,0,0,0,0,0,0,0,1,1,0,0,0,0,0,0,0,0,0,0,2019
892500,"Mord, Totschlag und T tung auf Verlangen",14511000,Chemnitz,vers.,5,4,1,0,0,0,0,0,0,0,0,0,0,0,0,1,1,0,3,3,0,1,0,1,4,3,1,2019
892500,"Mord, Totschlag und T tung auf Verlangen",14511000,Chemnitz,insg.,6,5,1,0,0,0,0,0,0,0,0,0,0,0,0,2,2,0,3,3,0,1,0,1,4,3,1,2019
892500,"Mord, Totschlag und T tung auf Verlangen",12052000,Cottbus,voll.,0,0,0,0,0,0,0,0,0,0,0,0,0,0,0,0,0,0,0,0,0,0,0,0,0,0,0,2019
892500,"Mord, Totschlag und T tung auf Verlangen",12052000,Cottbus,vers.,0,0,0,0,0,0,0,0,0,0,0,0,0,0,0,0,0,0,0,0,0,0,0,0,0,0,0,2019
892500,"Mord, Totschlag und T tung auf Verlangen",12052000,Cottbus,insg.,0,0,0,0,0,0,0,0,0,0,0,0,0,0,0,0,0,0,0,0,0,0,0,0,0,0,0,2019
892500,"Mord, Totschlag und T tung auf Verlangen",6411000,Darmstadt,voll.,3,0,3,0,0,0,0,0,0,0,0,0,0,0,0,0,0,0,2,0,2,1,0,1,3,0,3,2019
892500,"Mord, Totschlag und T tung auf Verlangen",6411000,Darmstadt,vers.,2,2,0,0,0,0,0,0,0,0,0,0,0,0,0,0,0,0,2,2,0,0,0,0,2,2,0,2019
892500,"Mord, Totschlag und T tung auf Verlangen",6411000,Darmstadt,insg.,5,2,3,0,0,0,0,0,0,0,0,0,0,0,0,0,0,0,4,2,2,1,0,1,5,2,3,2019
892500,"Mord, Totschlag und T tung auf Verlangen",5913000,Dortmund,voll.,5,2,3,0,0,0,0,0,0,0,0,0,0,0,0,0,0,0,3,1,2,2,1,1,5,2,3,2019
892500,"Mord, Totschlag und T tung auf Verlangen",5913000,Dortmund,vers.,12,9,3,0,0,0,0,0,0,0,0,0,0,0,0,0,0,0,11,8,3,1,1,0,12,9,3,2019
892500,"Mord, Totschlag und T tung auf Verlangen",5913000,Dortmund,insg.,17,11,6,0,0,0,0,0,0,0,0,0,0,0,0,0,0,0,14,9,5,3,2,1,17,11,6,2019
892500,"Mord, Totschlag und T tung auf Verlangen",14612000,Dresden,voll.,4,0,4,0,0,0,0,0,0,0,0,0,0,0,0,0,0,0,0,0,0,4,0,4,4,0,4,2019
892500,"Mord, Totschlag und T tung auf Verlangen",14612000,Dresden,vers.,10,7,3,0,0,0,0,0,0,0,0,0,0,0,0,1,1,0,8,5,3,1,1,0,9,6,3,2019
892500,"Mord, Totschlag und T tung auf Verlangen",14612000,Dresden,insg.,14,7,7,0,0,0,0,0,0,0,0,0,0,0,0,1,1,0,8,5,3,5,1,4,13,6,7,2019
892500,"Mord, Totschlag und T tung auf Verlangen",5112000,Duisburg,voll.,2,0,2,1,0,1,0,0,0,1,0,1,0,0,0,0,0,0,0,0,0,1,0,1,1,0,1,2019
892500,"Mord, Totschlag und T tung auf Verlangen",5112000,Duisburg,vers.,22,19,3,0,0,0,0,0,0,0,0,0,0,0,0,0,0,0,22,19,3,0,0,0,22,19,3,2019
892500,"Mord, Totschlag und T tung auf Verlangen",5112000,Duisburg,insg.,24,19,5,1,0,1,0,0,0,1,0,1,0,0,0,0,0,0,22,19,3,1,0,1,23,19,4,2019
892500,"Mord, Totschlag und T tung auf Verlangen",5111000,D sseldorf,voll.,3,2,1,0,0,0,0,0,0,0,0,0,0,0,0,0,0,0,2,1,1,1,1,0,3,2,1,2019
892500,"Mord, Totschlag und T tung auf Verlangen",5111000,D sseldorf,vers.,18,16,2,0,0,0,0,0,0,0,0,0,0,0,0,1,1,0,16,14,2,1,1,0,17,15,2,2019
892500,"Mord, Totschlag und T tung auf Verlangen",5111000,D sseldorf,insg.,21,18,3,0,0,0,0,0,0,0,0,0,0,0,0,1,1,0,18,15,3,2,2,0,20,17,3,2019
892500,"Mord, Totschlag und T tung auf Verlangen",16051000,Erfurt,voll.,1,0,1,0,0,0,0,0,0,0,0,0,0,0,0,0,0,0,0,0,0,1,0,1,1,0,1,2019
892500,"Mord, Totschlag und T tung auf Verlangen",16051000,Erfurt,vers.,7,5,2,0,0,0,0,0,0,0,0,0,0,0,0,2,2,0,5,3,2,0,0,0,5,3,2,2019
892500,"Mord, Totschlag und T tung auf Verlangen",16051000,Erfurt,insg.,8,5,3,0,0,0,0,0,0,0,0,0,0,0,0,2,2,0,5,3,2,1,0,1,6,3,3,2019
892500,"Mord, Totschlag und T tung auf Verlangen",9562000,Erlangen,voll.,0,0,0,0,0,0,0,0,0,0,0,0,0,0,0,0,0,0,0,0,0,0,0,0,0,0,0,2019
892500,"Mord, Totschlag und T tung auf Verlangen",9562000,Erlangen,vers.,3,3,0,0,0,0,0,0,0,0,0,0,0,0,0,0,0,0,3,3,0,0,0,0,3,3,0,2019
892500,"Mord, Totschlag und T tung auf Verlangen",9562000,Erlangen,insg.,3,3,0,0,0,0,0,0,0,0,0,0,0,0,0,0,0,0,3,3,0,0,0,0,3,3,0,2019
892500,"Mord, Totschlag und T tung auf Verlangen",5113000,Essen,voll.,2,2,0,1,1,0,0,0,0,1,1,0,0,0,0,0,0,0,1,1,0,0,0,0,1,1,0,2019
892500,"Mord, Totschlag und T tung auf Verlangen",5113000,Essen,vers.,4,3,1,0,0,0,0,0,0,0,0,0,0,0,0,2,1,1,2,2,0,0,0,0,2,2,0,2019
892500,"Mord, Totschlag und T tung auf Verlangen",5113000,Essen,insg.,6,5,1,1,1,0,0,0,0,1,1,0,0,0,0,2,1,1,3,3,0,0,0,0,3,3,0,2019
892500,"Mord, Totschlag und T tung auf Verlangen",6412000,Frankfurt am Main,voll.,14,6,8,0,0,0,1,1,0,1,1,0,0,0,0,0,0,0,9,3,6,4,2,2,13,5,8,2019
892500,"Mord, Totschlag und T tung auf Verlangen",6412000,Frankfurt am Main,vers.,72,58,14,0,0,0,0,0,0,0,0,0,1,1,0,9,9,0,59,47,12,3,1,2,62,48,14,2019
892500,"Mord, Totschlag und T tung auf Verlangen",6412000,Frankfurt am Main,insg.,86,64,22,0,0,0,1,1,0,1,1,0,1,1,0,9,9,0,68,50,18,7,3,4,75,53,22,2019
892500,"Mord, Totschlag und T tung auf Verlangen",8311000,Freiburg im Breisgau,voll.,1,1,0,0,0,0,0,0,0,0,0,0,0,0,0,0,0,0,1,1,0,0,0,0,1,1,0,2019
892500,"Mord, Totschlag und T tung auf Verlangen",8311000,Freiburg im Breisgau,vers.,7,6,1,0,0,0,0,0,0,0,0,0,0,0,0,0,0,0,7,6,1,0,0,0,7,6,1,2019
892500,"Mord, Totschlag und T tung auf Verlangen",8311000,Freiburg im Breisgau,insg.,8,7,1,0,0,0,0,0,0,0,0,0,0,0,0,0,0,0,8,7,1,0,0,0,8,7,1,2019
892500,"Mord, Totschlag und T tung auf Verlangen",9563000,F rth,voll.,0,0,0,0,0,0,0,0,0,0,0,0,0,0,0,0,0,0,0,0,0,0,0,0,0,0,0,2019
892500,"Mord, Totschlag und T tung auf Verlangen",9563000,F rth,vers.,3,2,1,0,0,0,0,0,0,0,0,0,0,0,0,0,0,0,3,2,1,0,0,0,3,2,1,2019
892500,"Mord, Totschlag und T tung auf Verlangen",9563000,F rth,insg.,3,2,1,0,0,0,0,0,0,0,0,0,0,0,0,0,0,0,3,2,1,0,0,0,3,2,1,2019
892500,"Mord, Totschlag und T tung auf Verlangen",5513000,Gelsenkirchen,voll.,1,1,0,1,1,0,0,0,0,1,1,0,0,0,0,0,0,0,0,0,0,0,0,0,0,0,0,2019
892500,"Mord, Totschlag und T tung auf Verlangen",5513000,Gelsenkirchen,vers.,9,5,4,0,0,0,0,0,0,0,0,0,0,0,0,0,0,0,9,5,4,0,0,0,9,5,4,2019
892500,"Mord, Totschlag und T tung auf Verlangen",5513000,Gelsenkirchen,insg.,10,6,4,1,1,0,0,0,0,1,1,0,0,0,0,0,0,0,9,5,4,0,0,0,9,5,4,2019
892500,"Mord, Totschlag und T tung auf Verlangen",3159016,G ttingen,voll.,12,8,4,0,0,0,0,0,0,0,0,0,0,0,0,0,0,0,10,7,3,2,1,1,12,8,4,2019
892500,"Mord, Totschlag und T tung auf Verlangen",3159016,G ttingen,vers.,1,1,0,0,0,0,0,0,0,0,0,0,0,0,0,0,0,0,1,1,0,0,0,0,1,1,0,2019
892500,"Mord, Totschlag und T tung auf Verlangen",3159016,G ttingen,insg.,13,9,4,0,0,0,0,0,0,0,0,0,0,0,0,0,0,0,11,8,3,2,1,1,13,9,4,2019
892500,"Mord, Totschlag und T tung auf Verlangen",5754008,G tersloh,voll.,0,0,0,0,0,0,0,0,0,0,0,0,0,0,0,0,0,0,0,0,0,0,0,0,0,0,0,2019
892500,"Mord, Totschlag und T tung auf Verlangen",5754008,G tersloh,vers.,2,1,1,0,0,0,0,0,0,0,0,0,0,0,0,0,0,0,2,1,1,0,0,0,2,1,1,2019
892500,"Mord, Totschlag und T tung auf Verlangen",5754008,G tersloh,insg.,2,1,1,0,0,0,0,0,0,0,0,0,0,0,0,0,0,0,2,1,1,0,0,0,2,1,1,2019
892500,"Mord, Totschlag und T tung auf Verlangen",5914000,Hagen,voll.,2,1,1,0,0,0,0,0,0,0,0,0,0,0,0,0,0,0,2,1,1,0,0,0,2,1,1,2019
892500,"Mord, Totschlag und T tung auf Verlangen",5914000,Hagen,vers.,7,6,1,0,0,0,0,0,0,0,0,0,0,0,0,0,0,0,6,5,1,1,1,0,7,6,1,2019
892500,"Mord, Totschlag und T tung auf Verlangen",5914000,Hagen,insg.,9,7,2,0,0,0,0,0,0,0,0,0,0,0,0,0,0,0,8,6,2,1,1,0,9,7,2,2019
892500,"Mord, Totschlag und T tung auf Verlangen",15002000,Halle (Saale),voll.,0,0,0,0,0,0,0,0,0,0,0,0,0,0,0,0,0,0,0,0,0,0,0,0,0,0,0,2019
892500,"Mord, Totschlag und T tung auf Verlangen",15002000,Halle (Saale),vers.,4,3,1,0,0,0,0,0,0,0,0,0,0,0,0,0,0,0,4,3,1,0,0,0,4,3,1,2019
892500,"Mord, Totschlag und T tung auf Verlangen",15002000,Halle (Saale),insg.,4,3,1,0,0,0,0,0,0,0,0,0,0,0,0,0,0,0,4,3,1,0,0,0,4,3,1,2019
892500,"Mord, Totschlag und T tung auf Verlangen",2000000,Hamburg,voll.,13,7,6,0,0,0,0,0,0,0,0,0,0,0,0,0,0,0,10,7,3,3,0,3,13,7,6,2019
892500,"Mord, Totschlag und T tung auf Verlangen",2000000,Hamburg,vers.,43,34,9,0,0,0,0,0,0,0,0,0,2,2,0,2,2,0,37,28,9,2,2,0,39,30,9,2019
892500,"Mord, Totschlag und T tung auf Verlangen",2000000,Hamburg,insg.,56,41,15,0,0,0,0,0,0,0,0,0,2,2,0,2,2,0,47,35,12,5,2,3,52,37,15,2019
892500,"Mord, Totschlag und T tung auf Verlangen",5915000,Hamm,voll.,1,1,0,0,0,0,0,0,0,0,0,0,0,0,0,0,0,0,0,0,0,1,1,0,1,1,0,2019
892500,"Mord, Totschlag und T tung auf Verlangen",5915000,Hamm,vers.,5,5,0,0,0,0,0,0,0,0,0,0,1,1,0,1,1,0,3,3,0,0,0,0,3,3,0,2019
892500,"Mord, Totschlag und T tung auf Verlangen",5915000,Hamm,insg.,6,6,0,0,0,0,0,0,0,0,0,0,1,1,0,1,1,0,3,3,0,1,1,0,4,4,0,2019
892500,"Mord, Totschlag und T tung auf Verlangen",3241001,Hannover,voll.,3,3,0,0,0,0,0,0,0,0,0,0,0,0,0,0,0,0,2,2,0,1,1,0,3,3,0,2019
892500,"Mord, Totschlag und T tung auf Verlangen",3241001,Hannover,vers.,22,17,5,0,0,0,1,0,1,1,0,1,0,0,0,2,2,0,19,15,4,0,0,0,19,15,4,2019
892500,"Mord, Totschlag und T tung auf Verlangen",3241001,Hannover,insg.,25,20,5,0,0,0,1,0,1,1,0,1,0,0,0,2,2,0,21,17,4,1,1,0,22,18,4,2019
892500,"Mord, Totschlag und T tung auf Verlangen",8221000,Heidelberg,voll.,2,0,2,0,0,0,0,0,0,0,0,0,0,0,0,0,0,0,2,0,2,0,0,0,2,0,2,2019
892500,"Mord, Totschlag und T tung auf Verlangen",8221000,Heidelberg,vers.,5,2,3,0,0,0,0,0,0,0,0,0,0,0,0,0,0,0,4,2,2,1,0,1,5,2,3,2019
892500,"Mord, Totschlag und T tung auf Verlangen",8221000,Heidelberg,insg.,7,2,5,0,0,0,0,0,0,0,0,0,0,0,0,0,0,0,6,2,4,1,0,1,7,2,5,2019
892500,"Mord, Totschlag und T tung auf Verlangen",8121000,Heilbronn,voll.,2,0,2,0,0,0,0,0,0,0,0,0,0,0,0,0,0,0,2,0,2,0,0,0,2,0,2,2019
892500,"Mord, Totschlag und T tung auf Verlangen",8121000,Heilbronn,vers.,4,4,0,0,0,0,0,0,0,0,0,0,0,0,0,0,0,0,4,4,0,0,0,0,4,4,0,2019
892500,"Mord, Totschlag und T tung auf Verlangen",8121000,Heilbronn,insg.,6,4,2,0,0,0,0,0,0,0,0,0,0,0,0,0,0,0,6,4,2,0,0,0,6,4,2,2019
892500,"Mord, Totschlag und T tung auf Verlangen",5916000,Herne,voll.,0,0,0,0,0,0,0,0,0,0,0,0,0,0,0,0,0,0,0,0,0,0,0,0,0,0,0,2019
892500,"Mord, Totschlag und T tung auf Verlangen",5916000,Herne,vers.,4,3,1,0,0,0,0,0,0,0,0,0,0,0,0,0,0,0,4,3,1,0,0,0,4,3,1,2019
892500,"Mord, Totschlag und T tung auf Verlangen",5916000,Herne,insg.,4,3,1,0,0,0,0,0,0,0,0,0,0,0,0,0,0,0,4,3,1,0,0,0,4,3,1,2019
892500,"Mord, Totschlag und T tung auf Verlangen",3254021,Hildesheim,voll.,0,0,0,0,0,0,0,0,0,0,0,0,0,0,0,0,0,0,0,0,0,0,0,0,0,0,0,2019
892500,"Mord, Totschlag und T tung auf Verlangen",3254021,Hildesheim,vers.,6,6,0,0,0,0,0,0,0,0,0,0,0,0,0,0,0,0,5,5,0,1,1,0,6,6,0,2019
892500,"Mord, Totschlag und T tung auf Verlangen",3254021,Hildesheim,insg.,6,6,0,0,0,0,0,0,0,0,0,0,0,0,0,0,0,0,5,5,0,1,1,0,6,6,0,2019
892500,"Mord, Totschlag und T tung auf Verlangen",9161000,Ingolstadt,voll.,2,1,1,0,0,0,0,0,0,0,0,0,0,0,0,0,0,0,1,1,0,1,0,1,2,1,1,2019
892500,"Mord, Totschlag und T tung auf Verlangen",9161000,Ingolstadt,vers.,4,3,1,0,0,0,0,0,0,0,0,0,0,0,0,1,1,0,3,2,1,0,0,0,3,2,1,2019
892500,"Mord, Totschlag und T tung auf Verlangen",9161000,Ingolstadt,insg.,6,4,2,0,0,0,0,0,0,0,0,0,0,0,0,1,1,0,4,3,1,1,0,1,5,3,2,2019
892500,"Mord, Totschlag und T tung auf Verlangen",16053000,Jena,voll.,3,2,1,1,1,0,0,0,0,1,1,0,0,0,0,0,0,0,2,1,1,0,0,0,2,1,1,2019
892500,"Mord, Totschlag und T tung auf Verlangen",16053000,Jena,vers.,2,2,0,1,1,0,0,0,0,1,1,0,0,0,0,0,0,0,1,1,0,0,0,0,1,1,0,2019
892500,"Mord, Totschlag und T tung auf Verlangen",16053000,Jena,insg.,5,4,1,2,2,0,0,0,0,2,2,0,0,0,0,0,0,0,3,2,1,0,0,0,3,2,1,2019
892500,"Mord, Totschlag und T tung auf Verlangen",8212000,Karlsruhe,voll.,1,1,0,0,0,0,0,0,0,0,0,0,0,0,0,0,0,0,1,1,0,0,0,0,1,1,0,2019
892500,"Mord, Totschlag und T tung auf Verlangen",8212000,Karlsruhe,vers.,4,4,0,0,0,0,0,0,0,0,0,0,0,0,0,0,0,0,4,4,0,0,0,0,4,4,0,2019
892500,"Mord, Totschlag und T tung auf Verlangen",8212000,Karlsruhe,insg.,5,5,0,0,0,0,0,0,0,0,0,0,0,0,0,0,0,0,5,5,0,0,0,0,5,5,0,2019
892500,"Mord, Totschlag und T tung auf Verlangen",6611000,Kassel,voll.,1,1,0,0,0,0,0,0,0,0,0,0,0,0,0,0,0,0,1,1,0,0,0,0,1,1,0,2019
892500,"Mord, Totschlag und T tung auf Verlangen",6611000,Kassel,vers.,22,17,5,0,0,0,0,0,0,0,0,0,0,0,0,2,2,0,19,14,5,1,1,0,20,15,5,2019
892500,"Mord, Totschlag und T tung auf Verlangen",6611000,Kassel,insg.,23,18,5,0,0,0,0,0,0,0,0,0,0,0,0,2,2,0,20,15,5,1,1,0,21,16,5,2019
892500,"Mord, Totschlag und T tung auf Verlangen",1002000,Kiel,voll.,3,2,1,0,0,0,1,1,0,1,1,0,0,0,0,0,0,0,1,1,0,1,0,1,2,1,1,2019
892500,"Mord, Totschlag und T tung auf Verlangen",1002000,Kiel,vers.,13,11,2,0,0,0,0,0,0,0,0,0,0,0,0,0,0,0,13,11,2,0,0,0,13,11,2,2019
892500,"Mord, Totschlag und T tung auf Verlangen",1002000,Kiel,insg.,16,13,3,0,0,0,1,1,0,1,1,0,0,0,0,0,0,0,14,12,2,1,0,1,15,12,3,2019
892500,"Mord, Totschlag und T tung auf Verlangen",7111000,Koblenz,voll.,1,1,0,0,0,0,0,0,0,0,0,0,0,0,0,0,0,0,1,1,0,0,0,0,1,1,0,2019
892500,"Mord, Totschlag und T tung auf Verlangen",7111000,Koblenz,vers.,1,1,0,0,0,0,0,0,0,0,0,0,0,0,0,0,0,0,1,1,0,0,0,0,1,1,0,2019
892500,"Mord, Totschlag und T tung auf Verlangen",7111000,Koblenz,insg.,2,2,0,0,0,0,0,0,0,0,0,0,0,0,0,0,0,0,2,2,0,0,0,0,2,2,0,2019
892500,"Mord, Totschlag und T tung auf Verlangen",5315000,K ln,voll.,12,7,5,0,0,0,0,0,0,0,0,0,0,0,0,0,0,0,9,6,3,3,1,2,12,7,5,2019
892500,"Mord, Totschlag und T tung auf Verlangen",5315000,K ln,vers.,17,17,0,0,0,0,0,0,0,0,0,0,0,0,0,1,1,0,15,15,0,1,1,0,16,16,0,2019
892500,"Mord, Totschlag und T tung auf Verlangen",5315000,K ln,insg.,29,24,5,0,0,0,0,0,0,0,0,0,0,0,0,1,1,0,24,21,3,4,2,2,28,23,5,2019
892500,"Mord, Totschlag und T tung auf Verlangen",5114000,Krefeld,voll.,3,2,1,0,0,0,0,0,0,0,0,0,0,0,0,0,0,0,1,0,1,2,2,0,3,2,1,2019
892500,"Mord, Totschlag und T tung auf Verlangen",5114000,Krefeld,vers.,7,5,2,0,0,0,0,0,0,0,0,0,0,0,0,0,0,0,6,4,2,1,1,0,7,5,2,2019
892500,"Mord, Totschlag und T tung auf Verlangen",5114000,Krefeld,insg.,10,7,3,0,0,0,0,0,0,0,0,0,0,0,0,0,0,0,7,4,3,3,3,0,10,7,3,2019
892500,"Mord, Totschlag und T tung auf Verlangen",14713000,Leipzig,voll.,0,0,0,0,0,0,0,0,0,0,0,0,0,0,0,0,0,0,0,0,0,0,0,0,0,0,0,2019
892500,"Mord, Totschlag und T tung auf Verlangen",14713000,Leipzig,vers.,69,50,19,3,3,0,3,1,2,6,4,2,5,4,1,5,4,1,47,34,13,6,4,2,53,38,15,2019
892500,"Mord, Totschlag und T tung auf Verlangen",14713000,Leipzig,insg.,69,50,19,3,3,0,3,1,2,6,4,2,5,4,1,5,4,1,47,34,13,6,4,2,53,38,15,2019
892500,"Mord, Totschlag und T tung auf Verlangen",5316000,Leverkusen,voll.,1,1,0,0,0,0,0,0,0,0,0,0,0,0,0,0,0,0,1,1,0,0,0,0,1,1,0,2019
892500,"Mord, Totschlag und T tung auf Verlangen",5316000,Leverkusen,vers.,1,1,0,0,0,0,0,0,0,0,0,0,0,0,0,0,0,0,1,1,0,0,0,0,1,1,0,2019
892500,"Mord, Totschlag und T tung auf Verlangen",5316000,Leverkusen,insg.,2,2,0,0,0,0,0,0,0,0,0,0,0,0,0,0,0,0,2,2,0,0,0,0,2,2,0,2019
892500,"Mord, Totschlag und T tung auf Verlangen",1003000,L beck,voll.,2,1,1,0,0,0,0,0,0,0,0,0,0,0,0,0,0,0,1,1,0,1,0,1,2,1,1,2019
892500,"Mord, Totschlag und T tung auf Verlangen",1003000,L beck,vers.,1,1,0,0,0,0,0,0,0,0,0,0,0,0,0,0,0,0,1,1,0,0,0,0,1,1,0,2019
892500,"Mord, Totschlag und T tung auf Verlangen",1003000,L beck,insg.,3,2,1,0,0,0,0,0,0,0,0,0,0,0,0,0,0,0,2,2,0,1,0,1,3,2,1,2019
892500,"Mord, Totschlag und T tung auf Verlangen",7314000,Ludwigshafen am Rhein,voll.,1,1,0,0,0,0,0,0,0,0,0,0,0,0,0,0,0,0,1,1,0,0,0,0,1,1,0,2019
892500,"Mord, Totschlag und T tung auf Verlangen",7314000,Ludwigshafen am Rhein,vers.,2,2,0,0,0,0,0,0,0,0,0,0,0,0,0,1,1,0,1,1,0,0,0,0,1,1,0,2019
892500,"Mord, Totschlag und T tung auf Verlangen",7314000,Ludwigshafen am Rhein,insg.,3,3,0,0,0,0,0,0,0,0,0,0,0,0,0,1,1,0,2,2,0,0,0,0,2,2,0,2019
892500,"Mord, Totschlag und T tung auf Verlangen",15003000,Magdeburg,voll.,0,0,0,0,0,0,0,0,0,0,0,0,0,0,0,0,0,0,0,0,0,0,0,0,0,0,0,2019
892500,"Mord, Totschlag und T tung auf Verlangen",15003000,Magdeburg,vers.,12,9,3,2,1,1,0,0,0,2,1,1,0,0,0,1,0,1,8,7,1,1,1,0,9,8,1,2019
892500,"Mord, Totschlag und T tung auf Verlangen",15003000,Magdeburg,insg.,12,9,3,2,1,1,0,0,0,2,1,1,0,0,0,1,0,1,8,7,1,1,1,0,9,8,1,2019
892500,"Mord, Totschlag und T tung auf Verlangen",7315000,Mainz,voll.,0,0,0,0,0,0,0,0,0,0,0,0,0,0,0,0,0,0,0,0,0,0,0,0,0,0,0,2019
892500,"Mord, Totschlag und T tung auf Verlangen",7315000,Mainz,vers.,4,3,1,0,0,0,0,0,0,0,0,0,0,0,0,0,0,0,3,3,0,1,0,1,4,3,1,2019
892500,"Mord, Totschlag und T tung auf Verlangen",7315000,Mainz,insg.,4,3,1,0,0,0,0,0,0,0,0,0,0,0,0,0,0,0,3,3,0,1,0,1,4,3,1,2019
892500,"Mord, Totschlag und T tung auf Verlangen",8222000,Mannheim,voll.,3,2,1,1,0,1,0,0,0,1,0,1,0,0,0,0,0,0,2,2,0,0,0,0,2,2,0,2019
892500,"Mord, Totschlag und T tung auf Verlangen",8222000,Mannheim,vers.,19,18,1,0,0,0,0,0,0,0,0,0,1,1,0,2,2,0,16,15,1,0,0,0,16,15,1,2019
892500,"Mord, Totschlag und T tung auf Verlangen",8222000,Mannheim,insg.,22,20,2,1,0,1,0,0,0,1,0,1,1,1,0,2,2,0,18,17,1,0,0,0,18,17,1,2019
892500,"Mord, Totschlag und T tung auf Verlangen",5170024,Moers,voll.,3,0,3,0,0,0,0,0,0,0,0,0,0,0,0,0,0,0,2,0,2,1,0,1,3,0,3,2019
892500,"Mord, Totschlag und T tung auf Verlangen",5170024,Moers,vers.,5,5,0,0,0,0,0,0,0,0,0,0,0,0,0,1,1,0,4,4,0,0,0,0,4,4,0,2019
892500,"Mord, Totschlag und T tung auf Verlangen",5170024,Moers,insg.,8,5,3,0,0,0,0,0,0,0,0,0,0,0,0,1,1,0,6,4,2,1,0,1,7,4,3,2019
892500,"Mord, Totschlag und T tung auf Verlangen",5116000,M nchengladbach,voll.,1,1,0,0,0,0,0,0,0,0,0,0,0,0,0,0,0,0,1,1,0,0,0,0,1,1,0,2019
892500,"Mord, Totschlag und T tung auf Verlangen",5116000,M nchengladbach,vers.,1,1,0,0,0,0,0,0,0,0,0,0,0,0,0,0,0,0,1,1,0,0,0,0,1,1,0,2019
892500,"Mord, Totschlag und T tung auf Verlangen",5116000,M nchengladbach,insg.,2,2,0,0,0,0,0,0,0,0,0,0,0,0,0,0,0,0,2,2,0,0,0,0,2,2,0,2019
892500,"Mord, Totschlag und T tung auf Verlangen",5117000,M lheim an der Ruhr,voll.,1,1,0,0,0,0,0,0,0,0,0,0,0,0,0,0,0,0,0,0,0,1,1,0,1,1,0,2019
892500,"Mord, Totschlag und T tung auf Verlangen",5117000,M lheim an der Ruhr,vers.,2,0,2,0,0,0,0,0,0,0,0,0,0,0,0,0,0,0,1,0,1,1,0,1,2,0,2,2019
892500,"Mord, Totschlag und T tung auf Verlangen",5117000,M lheim an der Ruhr,insg.,3,1,2,0,0,0,0,0,0,0,0,0,0,0,0,0,0,0,1,0,1,2,1,1,3,1,2,2019
892500,"Mord, Totschlag und T tung auf Verlangen",9162000,M nchen,voll.,3,2,1,0,0,0,0,0,0,0,0,0,0,0,0,0,0,0,3,2,1,0,0,0,3,2,1,2019
892500,"Mord, Totschlag und T tung auf Verlangen",9162000,M nchen,vers.,21,16,5,2,2,0,0,0,0,2,2,0,0,0,0,1,1,0,17,13,4,1,0,1,18,13,5,2019
892500,"Mord, Totschlag und T tung auf Verlangen",9162000,M nchen,insg.,24,18,6,2,2,0,0,0,0,2,2,0,0,0,0,1,1,0,20,15,5,1,0,1,21,15,6,2019
892500,"Mord, Totschlag und T tung auf Verlangen",5515000,M nster,voll.,0,0,0,0,0,0,0,0,0,0,0,0,0,0,0,0,0,0,0,0,0,0,0,0,0,0,0,2019
892500,"Mord, Totschlag und T tung auf Verlangen",5515000,M nster,vers.,9,7,2,0,0,0,0,0,0,0,0,0,1,1,0,0,0,0,7,5,2,1,1,0,8,6,2,2019
892500,"Mord, Totschlag und T tung auf Verlangen",5515000,M nster,insg.,9,7,2,0,0,0,0,0,0,0,0,0,1,1,0,0,0,0,7,5,2,1,1,0,8,6,2,2019
892500,"Mord, Totschlag und T tung auf Verlangen",5162024,Neuss,voll.,1,1,0,1,1,0,0,0,0,1,1,0,0,0,0,0,0,0,0,0,0,0,0,0,0,0,0,2019
892500,"Mord, Totschlag und T tung auf Verlangen",5162024,Neuss,vers.,2,2,0,0,0,0,0,0,0,0,0,0,1,1,0,1,1,0,0,0,0,0,0,0,0,0,0,2019
892500,"Mord, Totschlag und T tung auf Verlangen",5162024,Neuss,insg.,3,3,0,1,1,0,0,0,0,1,1,0,1,1,0,1,1,0,0,0,0,0,0,0,0,0,0,2019
892500,"Mord, Totschlag und T tung auf Verlangen",9564000,N rnberg,voll.,5,4,1,0,0,0,0,0,0,0,0,0,2,2,0,0,0,0,2,1,1,1,1,0,3,2,1,2019
892500,"Mord, Totschlag und T tung auf Verlangen",9564000,N rnberg,vers.,35,28,7,0,0,0,1,0,1,1,0,1,3,2,1,0,0,0,27,23,4,4,3,1,31,26,5,2019
892500,"Mord, Totschlag und T tung auf Verlangen",9564000,N rnberg,insg.,40,32,8,0,0,0,1,0,1,1,0,1,5,4,1,0,0,0,29,24,5,5,4,1,34,28,6,2019
892500,"Mord, Totschlag und T tung auf Verlangen",5119000,Oberhausen,voll.,2,2,0,0,0,0,0,0,0,0,0,0,0,0,0,0,0,0,2,2,0,0,0,0,2,2,0,2019
892500,"Mord, Totschlag und T tung auf Verlangen",5119000,Oberhausen,vers.,6,6,0,0,0,0,0,0,0,0,0,0,0,0,0,0,0,0,5,5,0,1,1,0,6,6,0,2019
892500,"Mord, Totschlag und T tung auf Verlangen",5119000,Oberhausen,insg.,8,8,0,0,0,0,0,0,0,0,0,0,0,0,0,0,0,0,7,7,0,1,1,0,8,8,0,2019
892500,"Mord, Totschlag und T tung auf Verlangen",6413000,Offenbach am Main,voll.,4,2,2,0,0,0,0,0,0,0,0,0,0,0,0,1,1,0,3,1,2,0,0,0,3,1,2,2019
892500,"Mord, Totschlag und T tung auf Verlangen",6413000,Offenbach am Main,vers.,3,2,1,0,0,0,0,0,0,0,0,0,0,0,0,0,0,0,2,1,1,1,1,0,3,2,1,2019
892500,"Mord, Totschlag und T tung auf Verlangen",6413000,Offenbach am Main,insg.,7,4,3,0,0,0,0,0,0,0,0,0,0,0,0,1,1,0,5,2,3,1,1,0,6,3,3,2019
892500,"Mord, Totschlag und T tung auf Verlangen",3403000,Oldenburg (Oldenburg),voll.,4,1,3,0,0,0,0,0,0,0,0,0,0,0,0,0,0,0,3,1,2,1,0,1,4,1,3,2019
892500,"Mord, Totschlag und T tung auf Verlangen",3403000,Oldenburg (Oldenburg),vers.,4,3,1,0,0,0,0,0,0,0,0,0,0,0,0,0,0,0,4,3,1,0,0,0,4,3,1,2019
892500,"Mord, Totschlag und T tung auf Verlangen",3403000,Oldenburg (Oldenburg),insg.,8,4,4,0,0,0,0,0,0,0,0,0,0,0,0,0,0,0,7,4,3,1,0,1,8,4,4,2019
892500,"Mord, Totschlag und T tung auf Verlangen",3404000,Osnabr ck,voll.,0,0,0,0,0,0,0,0,0,0,0,0,0,0,0,0,0,0,0,0,0,0,0,0,0,0,0,2019
892500,"Mord, Totschlag und T tung auf Verlangen",3404000,Osnabr ck,vers.,20,20,0,0,0,0,0,0,0,0,0,0,0,0,0,4,4,0,15,15,0,1,1,0,16,16,0,2019
892500,"Mord, Totschlag und T tung auf Verlangen",3404000,Osnabr ck,insg.,20,20,0,0,0,0,0,0,0,0,0,0,0,0,0,4,4,0,15,15,0,1,1,0,16,16,0,2019
892500,"Mord, Totschlag und T tung auf Verlangen",5774032,Paderborn,voll.,4,2,2,0,0,0,0,0,0,0,0,0,0,0,0,0,0,0,2,1,1,2,1,1,4,2,2,2019
892500,"Mord, Totschlag und T tung auf Verlangen",5774032,Paderborn,vers.,0,0,0,0,0,0,0,0,0,0,0,0,0,0,0,0,0,0,0,0,0,0,0,0,0,0,0,2019
892500,"Mord, Totschlag und T tung auf Verlangen",5774032,Paderborn,insg.,4,2,2,0,0,0,0,0,0,0,0,0,0,0,0,0,0,0,2,1,1,2,1,1,4,2,2,2019
892500,"Mord, Totschlag und T tung auf Verlangen",8231000,Pforzheim,voll.,3,1,2,0,0,0,0,0,0,0,0,0,0,0,0,0,0,0,3,1,2,0,0,0,3,1,2,2019
892500,"Mord, Totschlag und T tung auf Verlangen",8231000,Pforzheim,vers.,9,4,5,2,1,1,0,0,0,2,1,1,1,0,1,1,0,1,3,3,0,2,0,2,5,3,2,2019
892500,"Mord, Totschlag und T tung auf Verlangen",8231000,Pforzheim,insg.,12,5,7,2,1,1,0,0,0,2,1,1,1,0,1,1,0,1,6,4,2,2,0,2,8,4,4,2019
892500,"Mord, Totschlag und T tung auf Verlangen",12054000,Potsdam,voll.,1,1,0,0,0,0,0,0,0,0,0,0,0,0,0,0,0,0,0,0,0,1,1,0,1,1,0,2019
892500,"Mord, Totschlag und T tung auf Verlangen",12054000,Potsdam,vers.,2,2,0,0,0,0,0,0,0,0,0,0,0,0,0,0,0,0,2,2,0,0,0,0,2,2,0,2019
892500,"Mord, Totschlag und T tung auf Verlangen",12054000,Potsdam,insg.,3,3,0,0,0,0,0,0,0,0,0,0,0,0,0,0,0,0,2,2,0,1,1,0,3,3,0,2019
892500,"Mord, Totschlag und T tung auf Verlangen",5562032,Recklinghausen,voll.,1,0,1,0,0,0,0,0,0,0,0,0,0,0,0,0,0,0,0,0,0,1,0,1,1,0,1,2019
892500,"Mord, Totschlag und T tung auf Verlangen",5562032,Recklinghausen,vers.,1,1,0,0,0,0,0,0,0,0,0,0,0,0,0,0,0,0,1,1,0,0,0,0,1,1,0,2019
892500,"Mord, Totschlag und T tung auf Verlangen",5562032,Recklinghausen,insg.,2,1,1,0,0,0,0,0,0,0,0,0,0,0,0,0,0,0,1,1,0,1,0,1,2,1,1,2019
892500,"Mord, Totschlag und T tung auf Verlangen",9362000,Regensburg,voll.,0,0,0,0,0,0,0,0,0,0,0,0,0,0,0,0,0,0,0,0,0,0,0,0,0,0,0,2019
892500,"Mord, Totschlag und T tung auf Verlangen",9362000,Regensburg,vers.,6,6,0,0,0,0,0,0,0,0,0,0,1,1,0,0,0,0,5,5,0,0,0,0,5,5,0,2019
892500,"Mord, Totschlag und T tung auf Verlangen",9362000,Regensburg,insg.,6,6,0,0,0,0,0,0,0,0,0,0,1,1,0,0,0,0,5,5,0,0,0,0,5,5,0,2019
892500,"Mord, Totschlag und T tung auf Verlangen",5120000,Remscheid,voll.,1,1,0,0,0,0,0,0,0,0,0,0,0,0,0,0,0,0,1,1,0,0,0,0,1,1,0,2019
892500,"Mord, Totschlag und T tung auf Verlangen",5120000,Remscheid,vers.,3,2,1,0,0,0,0,0,0,0,0,0,0,0,0,1,0,1,2,2,0,0,0,0,2,2,0,2019
892500,"Mord, Totschlag und T tung auf Verlangen",5120000,Remscheid,insg.,4,3,1,0,0,0,0,0,0,0,0,0,0,0,0,1,0,1,3,3,0,0,0,0,3,3,0,2019
892500,"Mord, Totschlag und T tung auf Verlangen",8415061,Reutlingen,voll.,0,0,0,0,0,0,0,0,0,0,0,0,0,0,0,0,0,0,0,0,0,0,0,0,0,0,0,2019
892500,"Mord, Totschlag und T tung auf Verlangen",8415061,Reutlingen,vers.,3,3,0,0,0,0,0,0,0,0,0,0,0,0,0,0,0,0,3,3,0,0,0,0,3,3,0,2019
892500,"Mord, Totschlag und T tung auf Verlangen",8415061,Reutlingen,insg.,3,3,0,0,0,0,0,0,0,0,0,0,0,0,0,0,0,0,3,3,0,0,0,0,3,3,0,2019
892500,"Mord, Totschlag und T tung auf Verlangen",13003000,Rostock,voll.,2,1,1,1,0,1,0,0,0,1,0,1,0,0,0,0,0,0,1,1,0,0,0,0,1,1,0,2019
892500,"Mord, Totschlag und T tung auf Verlangen",13003000,Rostock,vers.,5,3,2,1,1,0,0,0,0,1,1,0,0,0,0,1,0,1,3,2,1,0,0,0,3,2,1,2019
892500,"Mord, Totschlag und T tung auf Verlangen",13003000,Rostock,insg.,7,4,3,2,1,1,0,0,0,2,1,1,0,0,0,1,0,1,4,3,1,0,0,0,4,3,1,2019
892500,"Mord, Totschlag und T tung auf Verlangen",10041100,Saarbr cken,voll.,5,3,2,0,0,0,0,0,0,0,0,0,0,0,0,0,0,0,3,3,0,2,0,2,5,3,2,2019
892500,"Mord, Totschlag und T tung auf Verlangen",10041100,Saarbr cken,vers.,6,5,1,0,0,0,0,0,0,0,0,0,0,0,0,0,0,0,5,4,1,1,1,0,6,5,1,2019
892500,"Mord, Totschlag und T tung auf Verlangen",10041100,Saarbr cken,insg.,11,8,3,0,0,0,0,0,0,0,0,0,0,0,0,0,0,0,8,7,1,3,1,2,11,8,3,2019
892500,"Mord, Totschlag und T tung auf Verlangen",3102000,Salzgitter,voll.,1,0,1,0,0,0,0,0,0,0,0,0,0,0,0,0,0,0,1,0,1,0,0,0,1,0,1,2019
892500,"Mord, Totschlag und T tung auf Verlangen",3102000,Salzgitter,vers.,1,1,0,0,0,0,0,0,0,0,0,0,0,0,0,0,0,0,1,1,0,0,0,0,1,1,0,2019
892500,"Mord, Totschlag und T tung auf Verlangen",3102000,Salzgitter,insg.,2,1,1,0,0,0,0,0,0,0,0,0,0,0,0,0,0,0,2,1,1,0,0,0,2,1,1,2019
892500,"Mord, Totschlag und T tung auf Verlangen",13004000,Schwerin,voll.,0,0,0,0,0,0,0,0,0,0,0,0,0,0,0,0,0,0,0,0,0,0,0,0,0,0,0,2019
892500,"Mord, Totschlag und T tung auf Verlangen",13004000,Schwerin,vers.,2,1,1,0,0,0,0,0,0,0,0,0,0,0,0,1,0,1,1,1,0,0,0,0,1,1,0,2019
892500,"Mord, Totschlag und T tung auf Verlangen",13004000,Schwerin,insg.,2,1,1,0,0,0,0,0,0,0,0,0,0,0,0,1,0,1,1,1,0,0,0,0,1,1,0,2019
892500,"Mord, Totschlag und T tung auf Verlangen",5970040,Siegen,voll.,1,1,0,0,0,0,0,0,0,0,0,0,0,0,0,0,0,0,1,1,0,0,0,0,1,1,0,2019
892500,"Mord, Totschlag und T tung auf Verlangen",5970040,Siegen,vers.,1,1,0,0,0,0,0,0,0,0,0,0,0,0,0,0,0,0,1,1,0,0,0,0,1,1,0,2019
892500,"Mord, Totschlag und T tung auf Verlangen",5970040,Siegen,insg.,2,2,0,0,0,0,0,0,0,0,0,0,0,0,0,0,0,0,2,2,0,0,0,0,2,2,0,2019
892500,"Mord, Totschlag und T tung auf Verlangen",5122000,Solingen,voll.,0,0,0,0,0,0,0,0,0,0,0,0,0,0,0,0,0,0,0,0,0,0,0,0,0,0,0,2019
892500,"Mord, Totschlag und T tung auf Verlangen",5122000,Solingen,vers.,2,1,1,0,0,0,0,0,0,0,0,0,0,0,0,0,0,0,2,1,1,0,0,0,2,1,1,2019
892500,"Mord, Totschlag und T tung auf Verlangen",5122000,Solingen,insg.,2,1,1,0,0,0,0,0,0,0,0,0,0,0,0,0,0,0,2,1,1,0,0,0,2,1,1,2019
892500,"Mord, Totschlag und T tung auf Verlangen",8111000,Stuttgart,voll.,3,1,2,1,0,1,0,0,0,1,0,1,0,0,0,0,0,0,1,1,0,1,0,1,2,1,1,2019
892500,"Mord, Totschlag und T tung auf Verlangen",8111000,Stuttgart,vers.,29,26,3,0,0,0,0,0,0,0,0,0,0,0,0,6,5,1,21,20,1,2,1,1,23,21,2,2019
892500,"Mord, Totschlag und T tung auf Verlangen",8111000,Stuttgart,insg.,32,27,5,1,0,1,0,0,0,1,0,1,0,0,0,6,5,1,22,21,1,3,1,2,25,22,3,2019
892500,"Mord, Totschlag und T tung auf Verlangen",7211000,Trier,voll.,0,0,0,0,0,0,0,0,0,0,0,0,0,0,0,0,0,0,0,0,0,0,0,0,0,0,0,2019
892500,"Mord, Totschlag und T tung auf Verlangen",7211000,Trier,vers.,4,2,2,0,0,0,0,0,0,0,0,0,0,0,0,0,0,0,4,2,2,0,0,0,4,2,2,2019
892500,"Mord, Totschlag und T tung auf Verlangen",7211000,Trier,insg.,4,2,2,0,0,0,0,0,0,0,0,0,0,0,0,0,0,0,4,2,2,0,0,0,4,2,2,2019
892500,"Mord, Totschlag und T tung auf Verlangen",8421000,Ulm,voll.,0,0,0,0,0,0,0,0,0,0,0,0,0,0,0,0,0,0,0,0,0,0,0,0,0,0,0,2019
892500,"Mord, Totschlag und T tung auf Verlangen",8421000,Ulm,vers.,7,5,2,0,0,0,0,0,0,0,0,0,0,0,0,1,1,0,5,4,1,1,0,1,6,4,2,2019
892500,"Mord, Totschlag und T tung auf Verlangen",8421000,Ulm,insg.,7,5,2,0,0,0,0,0,0,0,0,0,0,0,0,1,1,0,5,4,1,1,0,1,6,4,2,2019
892500,"Mord, Totschlag und T tung auf Verlangen",6414000,Wiesbaden,voll.,1,0,1,0,0,0,0,0,0,0,0,0,1,0,1,0,0,0,0,0,0,0,0,0,0,0,0,2019
892500,"Mord, Totschlag und T tung auf Verlangen",6414000,Wiesbaden,vers.,9,8,1,0,0,0,0,0,0,0,0,0,0,0,0,0,0,0,9,8,1,0,0,0,9,8,1,2019
892500,"Mord, Totschlag und T tung auf Verlangen",6414000,Wiesbaden,insg.,10,8,2,0,0,0,0,0,0,0,0,0,1,0,1,0,0,0,9,8,1,0,0,0,9,8,1,2019
892500,"Mord, Totschlag und T tung auf Verlangen",3103000,Wolfsburg,voll.,4,0,4,0,0,0,1,0,1,1,0,1,0,0,0,0,0,0,2,0,2,1,0,1,3,0,3,2019
892500,"Mord, Totschlag und T tung auf Verlangen",3103000,Wolfsburg,vers.,3,3,0,0,0,0,0,0,0,0,0,0,0,0,0,0,0,0,3,3,0,0,0,0,3,3,0,2019
892500,"Mord, Totschlag und T tung auf Verlangen",3103000,Wolfsburg,insg.,7,3,4,0,0,0,1,0,1,1,0,1,0,0,0,0,0,0,5,3,2,1,0,1,6,3,3,2019
892500,"Mord, Totschlag und T tung auf Verlangen",5124000,Wuppertal,voll.,4,2,2,0,0,0,0,0,0,0,0,0,0,0,0,0,0,0,2,2,0,2,0,2,4,2,2,2019
892500,"Mord, Totschlag und T tung auf Verlangen",5124000,Wuppertal,vers.,2,2,0,0,0,0,0,0,0,0,0,0,0,0,0,2,2,0,0,0,0,0,0,0,0,0,0,2019
892500,"Mord, Totschlag und T tung auf Verlangen",5124000,Wuppertal,insg.,6,4,2,0,0,0,0,0,0,0,0,0,0,0,0,2,2,0,2,2,0,2,0,2,4,2,2,2019
892500,"Mord, Totschlag und T tung auf Verlangen",9663000,W rzburg,voll.,0,0,0,0,0,0,0,0,0,0,0,0,0,0,0,0,0,0,0,0,0,0,0,0,0,0,0,2019
892500,"Mord, Totschlag und T tung auf Verlangen",9663000,W rzburg,vers.,6,6,0,0,0,0,0,0,0,0,0,0,0,0,0,0,0,0,5,5,0,1,1,0,6,6,0,2019
892500,"Mord, Totschlag und T tung auf Verlangen",9663000,W rzburg,insg.,6,6,0,0,0,0,0,0,0,0,0,0,0,0,0,0,0,0,5,5,0,1,1,0,6,6,0,2019
------,Straftaten insgesamt,5334002,Aachen,voll.,3981,2335,1646,40,22,18,143,80,63,183,102,81,235,115,120,320,192,128,2973,1763,1210,270,163,107,3243,1926,1317,2020
------,Straftaten insgesamt,5334002,Aachen,vers.,282,168,114,2,2,0,5,2,3,7,4,3,20,12,8,13,6,7,205,129,76,37,17,20,242,146,96,2020
------,Straftaten insgesamt,5334002,Aachen,insg.,4263,2503,1760,42,24,18,148,82,66,190,106,84,255,127,128,333,198,135,3178,1892,1286,307,180,127,3485,2072,1413,2020
------,Straftaten insgesamt,9761000,Augsburg,voll.,4541,2874,1667,44,19,25,231,141,90,275,160,115,296,166,130,431,249,182,3303,2163,1140,236,136,100,3539,2299,1240,2020
------,Straftaten insgesamt,9761000,Augsburg,vers.,462,327,135,2,0,2,16,14,2,18,14,4,37,24,13,36,31,5,340,238,102,31,20,11,371,258,113,2020
------,Straftaten insgesamt,9761000,Augsburg,insg.,5003,3201,1802,46,19,27,247,155,92,293,174,119,333,190,143,467,280,187,3643,2401,1242,267,156,111,3910,2557,1353,2020
------,Straftaten insgesamt,5378004,Bergisch Gladbach,voll.,1248,636,612,17,1,16,54,23,31,71,24,47,102,46,56,94,60,34,859,439,420,122,67,55,981,506,475,2020
------,Straftaten insgesamt,5378004,Bergisch Gladbach,vers.,91,51,40,3,0,3,2,1,1,5,1,4,10,5,5,4,0,4,64,40,24,8,5,3,72,45,27,2020
------,Straftaten insgesamt,5378004,Bergisch Gladbach,insg.,1339,687,652,20,1,19,56,24,32,76,25,51,112,51,61,98,60,38,923,479,444,130,72,58,1053,551,502,2020
------,Straftaten insgesamt,11000000,Berlin,voll.,76830,47237,29593,777,416,361,4499,2599,1900,5276,3015,2261,5016,2983,2033,4603,2685,1918,57210,35883,21327,4725,2671,2054,61935,38554,23381,2020
------,Straftaten insgesamt,11000000,Berlin,vers.,7440,5200,2240,77,44,33,330,217,113,407,261,146,471,336,135,402,280,122,5664,4031,1633,496,292,204,6160,4323,1837,2020
------,Straftaten insgesamt,11000000,Berlin,insg.,84270,52437,31833,854,460,394,4829,2816,2013,5683,3276,2407,5487,3319,2168,5005,2965,2040,62874,39914,22960,5221,2963,2258,68095,42877,25218,2020
------,Straftaten insgesamt,5711000,Bielefeld,voll.,3887,2156,1731,37,22,15,182,98,84,219,120,99,266,131,135,343,186,157,2811,1580,1231,248,139,109,3059,1719,1340,2020
------,Straftaten insgesamt,5711000,Bielefeld,vers.,274,168,106,0,0,0,10,4,6,10,4,6,19,10,9,21,11,10,205,129,76,19,14,5,224,143,81,2020
------,Straftaten insgesamt,5711000,Bielefeld,insg.,4161,2324,1837,37,22,15,192,102,90,229,124,105,285,141,144,364,197,167,3016,1709,1307,267,153,114,3283,1862,1421,2020
------,Straftaten insgesamt,5911000,Bochum,voll.,5494,3058,2436,60,30,30,275,145,130,335,175,160,427,258,169,459,219,240,3921,2216,1705,352,190,162,4273,2406,1867,2020
------,Straftaten insgesamt,5911000,Bochum,vers.,403,278,125,2,1,1,10,4,6,12,5,7,27,18,9,24,17,7,308,218,90,32,20,12,340,238,102,2020
------,Straftaten insgesamt,5911000,Bochum,insg.,5897,3336,2561,62,31,31,285,149,136,347,180,167,454,276,178,483,236,247,4229,2434,1795,384,210,174,4613,2644,1969,2020
------,Straftaten insgesamt,5314000,Bonn,voll.,5066,3009,2057,36,20,16,214,106,108,250,126,124,353,199,154,424,241,183,3687,2218,1469,352,225,127,4039,2443,1596,2020
------,Straftaten insgesamt,5314000,Bonn,vers.,396,260,136,4,1,3,19,14,5,23,15,8,27,16,11,29,22,7,289,189,100,28,18,10,317,207,110,2020
------,Straftaten insgesamt,5314000,Bonn,insg.,5462,3269,2193,40,21,19,233,120,113,273,141,132,380,215,165,453,263,190,3976,2407,1569,380,243,137,4356,2650,1706,2020
------,Straftaten insgesamt,5512000,Bottrop,voll.,1259,680,579,12,8,4,69,27,42,81,35,46,104,51,53,103,59,44,883,483,400,88,52,36,971,535,436,2020
------,Straftaten insgesamt,5512000,Bottrop,vers.,79,55,24,1,1,0,2,1,1,3,2,1,6,4,2,6,5,1,54,38,16,10,6,4,64,44,20,2020
------,Straftaten insgesamt,5512000,Bottrop,insg.,1338,735,603,13,9,4,71,28,43,84,37,47,110,55,55,109,64,45,937,521,416,98,58,40,1035,579,456,2020
------,Straftaten insgesamt,3101000,Braunschweig,voll.,3487,2098,1389,26,11,15,217,127,90,243,138,105,280,147,133,286,171,115,2477,1530,947,201,112,89,2678,1642,1036,2020
------,Straftaten insgesamt,3101000,Braunschweig,vers.,241,147,94,4,0,4,10,4,6,14,4,10,11,4,7,24,17,7,174,111,63,18,11,7,192,122,70,2020
------,Straftaten insgesamt,3101000,Braunschweig,insg.,3728,2245,1483,30,11,19,227,131,96,257,142,115,291,151,140,310,188,122,2651,1641,1010,219,123,96,2870,1764,1106,2020
------,Straftaten insgesamt,4011000,Bremen,voll.,10123,6014,4109,77,41,36,419,217,202,496,258,238,696,380,316,744,457,287,7539,4571,2968,648,348,300,8187,4919,3268,2020
------,Straftaten insgesamt,4011000,Bremen,vers.,710,481,229,3,2,1,33,20,13,36,22,14,30,19,11,53,42,11,519,361,158,72,37,35,591,398,193,2020
------,Straftaten insgesamt,4011000,Bremen,insg.,10833,6495,4338,80,43,37,452,237,215,532,280,252,726,399,327,797,499,298,8058,4932,3126,720,385,335,8778,5317,3461,2020
------,Straftaten insgesamt,4012000,Bremerhaven,voll.,2470,1473,997,35,20,15,113,59,54,148,79,69,199,104,95,203,99,104,1788,1115,673,132,76,56,1920,1191,729,2020
------,Straftaten insgesamt,4012000,Bremerhaven,vers.,111,79,32,3,2,1,3,1,2,6,3,3,7,5,2,13,7,6,77,58,19,8,6,2,85,64,21,2020
------,Straftaten insgesamt,4012000,Bremerhaven,insg.,2581,1552,1029,38,22,16,116,60,56,154,82,72,206,109,97,216,106,110,1865,1173,692,140,82,58,2005,1255,750,2020
------,Straftaten insgesamt,14511000,Chemnitz,voll.,3048,1866,1182,59,35,24,187,88,99,246,123,123,256,145,111,267,147,120,2084,1335,749,195,116,79,2279,1451,828,2020
------,Straftaten insgesamt,14511000,Chemnitz,vers.,185,124,61,1,1,0,13,6,7,14,7,7,14,8,6,29,22,7,109,75,34,19,12,7,128,87,41,2020
------,Straftaten insgesamt,14511000,Chemnitz,insg.,3233,1990,1243,60,36,24,200,94,106,260,130,130,270,153,117,296,169,127,2193,1410,783,214,128,86,2407,1538,869,2020
------,Straftaten insgesamt,6411000,Darmstadt,voll.,1565,888,677,11,7,4,67,34,33,78,41,37,121,59,62,128,73,55,1149,671,478,89,44,45,1238,715,523,2020
------,Straftaten insgesamt,6411000,Darmstadt,vers.,97,69,28,0,0,0,4,0,4,4,0,4,7,4,3,5,3,2,73,54,19,8,8,0,81,62,19,2020
------,Straftaten insgesamt,6411000,Darmstadt,insg.,1662,957,705,11,7,4,71,34,37,82,41,41,128,63,65,133,76,57,1222,725,497,97,52,45,1319,777,542,2020
------,Straftaten insgesamt,5913000,Dortmund,voll.,10431,6264,4167,74,33,41,499,283,216,573,316,257,759,448,311,816,468,348,7709,4686,3023,574,346,228,8283,5032,3251,2020
------,Straftaten insgesamt,5913000,Dortmund,vers.,743,500,243,2,1,1,32,19,13,34,20,14,67,42,25,67,50,17,527,361,166,48,27,21,575,388,187,2020
------,Straftaten insgesamt,5913000,Dortmund,insg.,11174,6764,4410,76,34,42,531,302,229,607,336,271,826,490,336,883,518,365,8236,5047,3189,622,373,249,8858,5420,3438,2020
------,Straftaten insgesamt,14612000,Dresden,voll.,6971,4271,2700,102,60,42,511,257,254,613,317,296,595,353,242,580,334,246,4788,3064,1724,395,203,192,5183,3267,1916,2020
------,Straftaten insgesamt,14612000,Dresden,vers.,422,311,111,7,2,5,24,20,4,31,22,9,28,21,7,40,29,11,298,224,74,25,15,10,323,239,84,2020
------,Straftaten insgesamt,14612000,Dresden,insg.,7393,4582,2811,109,62,47,535,277,258,644,339,305,623,374,249,620,363,257,5086,3288,1798,420,218,202,5506,3506,2000,2020
------,Straftaten insgesamt,5112000,Duisburg,voll.,7503,3961,3542,81,40,41,529,276,253,610,316,294,590,308,282,512,258,254,5305,2811,2494,486,268,218,5791,3079,2712,2020
------,Straftaten insgesamt,5112000,Duisburg,vers.,540,316,224,9,2,7,29,14,15,38,16,22,39,26,13,38,24,14,377,222,155,48,28,20,425,250,175,2020
------,Straftaten insgesamt,5112000,Duisburg,insg.,8043,4277,3766,90,42,48,558,290,268,648,332,316,629,334,295,550,282,268,5682,3033,2649,534,296,238,6216,3329,2887,2020
------,Straftaten insgesamt,5111000,D sseldorf,voll.,10427,6426,4001,82,41,41,360,199,161,442,240,202,775,453,322,975,630,345,7575,4727,2848,660,376,284,8235,5103,3132,2020
------,Straftaten insgesamt,5111000,D sseldorf,vers.,649,451,198,5,3,2,28,18,10,33,21,12,53,42,11,49,36,13,473,326,147,41,26,15,514,352,162,2020
------,Straftaten insgesamt,5111000,D sseldorf,insg.,11076,6877,4199,87,44,43,388,217,171,475,261,214,828,495,333,1024,666,358,8048,5053,2995,701,402,299,8749,5455,3294,2020
------,Straftaten insgesamt,16051000,Erfurt,voll.,3880,2427,1453,44,18,26,196,114,82,240,132,108,282,160,122,372,223,149,2800,1813,987,186,99,87,2986,1912,1074,2020
------,Straftaten insgesamt,16051000,Erfurt,vers.,398,272,126,1,1,0,22,10,12,23,11,12,20,19,1,33,23,10,292,197,95,30,22,8,322,219,103,2020
------,Straftaten insgesamt,16051000,Erfurt,insg.,4278,2699,1579,45,19,26,218,124,94,263,143,120,302,179,123,405,246,159,3092,2010,1082,216,121,95,3308,2131,1177,2020
------,Straftaten insgesamt,9562000,Erlangen,voll.,987,598,389,9,8,1,32,17,15,41,25,16,76,42,34,75,36,39,733,461,272,62,34,28,795,495,300,2020
------,Straftaten insgesamt,9562000,Erlangen,vers.,84,56,28,1,0,1,2,1,1,3,1,2,11,9,2,10,7,3,54,35,19,6,4,2,60,39,21,2020
------,Straftaten insgesamt,9562000,Erlangen,insg.,1071,654,417,10,8,2,34,18,16,44,26,18,87,51,36,85,43,42,787,496,291,68,38,30,855,534,321,2020
------,Straftaten insgesamt,5113000,Essen,voll.,7747,4213,3534,93,42,51,456,243,213,549,285,264,611,318,293,492,245,247,5652,3119,2533,443,246,197,6095,3365,2730,2020
------,Straftaten insgesamt,5113000,Essen,vers.,486,295,191,3,3,0,23,11,12,26,14,12,32,18,14,38,23,15,354,215,139,36,25,11,390,240,150,2020
------,Straftaten insgesamt,5113000,Essen,insg.,8233,4508,3725,96,45,51,479,254,225,575,299,276,643,336,307,530,268,262,6006,3334,2672,479,271,208,6485,3605,2880,2020
------,Straftaten insgesamt,6412000,Frankfurt am Main,voll.,12321,7910,4411,96,53,43,316,198,118,412,251,161,516,301,215,837,476,361,9857,6466,3391,699,416,283,10556,6882,3674,2020
------,Straftaten insgesamt,6412000,Frankfurt am Main,vers.,998,720,278,8,4,4,32,19,13,40,23,17,44,26,18,58,40,18,785,586,199,71,45,26,856,631,225,2020
------,Straftaten insgesamt,6412000,Frankfurt am Main,insg.,13319,8630,4689,104,57,47,348,217,131,452,274,178,560,327,233,895,516,379,10642,7052,3590,770,461,309,11412,7513,3899,2020
------,Straftaten insgesamt,8311000,Freiburg im Breisgau,voll.,4005,2745,1260,29,19,10,143,82,61,172,101,71,219,126,93,382,250,132,2961,2085,876,271,183,88,3232,2268,964,2020
------,Straftaten insgesamt,8311000,Freiburg im Breisgau,vers.,314,219,95,4,4,0,5,3,2,9,7,2,7,5,2,27,19,8,241,166,75,30,22,8,271,188,83,2020
------,Straftaten insgesamt,8311000,Freiburg im Breisgau,insg.,4319,2964,1355,33,23,10,148,85,63,181,108,73,226,131,95,409,269,140,3202,2251,951,301,205,96,3503,2456,1047,2020
------,Straftaten insgesamt,9563000,F rth,voll.,933,538,395,9,6,3,60,33,27,69,39,30,73,43,30,77,33,44,654,386,268,60,37,23,714,423,291,2020
------,Straftaten insgesamt,9563000,F rth,vers.,82,58,24,0,0,0,3,0,3,3,0,3,9,6,3,8,5,3,53,39,14,9,8,1,62,47,15,2020
------,Straftaten insgesamt,9563000,F rth,insg.,1015,596,419,9,6,3,63,33,30,72,39,33,82,49,33,85,38,47,707,425,282,69,45,24,776,470,306,2020
------,Straftaten insgesamt,5513000,Gelsenkirchen,voll.,4402,2435,1967,43,15,28,274,161,113,317,176,141,360,182,178,344,196,148,3106,1730,1376,275,151,124,3381,1881,1500,2020
------,Straftaten insgesamt,5513000,Gelsenkirchen,vers.,256,161,95,2,1,1,14,7,7,16,8,8,27,19,8,10,5,5,174,113,61,29,16,13,203,129,74,2020
------,Straftaten insgesamt,5513000,Gelsenkirchen,insg.,4658,2596,2062,45,16,29,288,168,120,333,184,149,387,201,186,354,201,153,3280,1843,1437,304,167,137,3584,2010,1574,2020
------,Straftaten insgesamt,3159016,G ttingen,voll.,2006,1203,803,22,14,8,67,43,24,89,57,32,121,54,67,180,106,74,1487,907,580,129,79,50,1616,986,630,2020
------,Straftaten insgesamt,3159016,G ttingen,vers.,198,139,59,2,1,1,2,1,1,4,2,2,10,8,2,17,11,6,150,105,45,17,13,4,167,118,49,2020
------,Straftaten insgesamt,3159016,G ttingen,insg.,2204,1342,862,24,15,9,69,44,25,93,59,34,131,62,69,197,117,80,1637,1012,625,146,92,54,1783,1104,679,2020
------,Straftaten insgesamt,5754008,G tersloh,voll.,1300,745,555,6,4,2,53,21,32,59,25,34,81,42,39,98,70,28,974,559,415,88,49,39,1062,608,454,2020
------,Straftaten insgesamt,5754008,G tersloh,vers.,81,48,33,0,0,0,8,6,2,8,6,2,2,0,2,2,2,0,57,37,20,12,3,9,69,40,29,2020
------,Straftaten insgesamt,5754008,G tersloh,insg.,1381,793,588,6,4,2,61,27,34,67,31,36,83,42,41,100,72,28,1031,596,435,100,52,48,1131,648,483,2020
------,Straftaten insgesamt,5914000,Hagen,voll.,2871,1676,1195,32,16,16,186,116,70,218,132,86,225,128,97,209,110,99,2061,1197,864,158,109,49,2219,1306,913,2020
------,Straftaten insgesamt,5914000,Hagen,vers.,183,106,77,0,0,0,14,5,9,14,5,9,7,6,1,10,3,7,144,88,56,8,4,4,152,92,60,2020
------,Straftaten insgesamt,5914000,Hagen,insg.,3054,1782,1272,32,16,16,200,121,79,232,137,95,232,134,98,219,113,106,2205,1285,920,166,113,53,2371,1398,973,2020
------,Straftaten insgesamt,15002000,Halle (Saale),voll.,5118,3090,2028,58,33,25,408,229,179,466,262,204,391,229,162,441,258,183,3556,2194,1362,264,147,117,3820,2341,1479,2020
------,Straftaten insgesamt,15002000,Halle (Saale),vers.,403,270,133,3,2,1,11,6,5,14,8,6,28,22,6,28,20,8,303,203,100,30,17,13,333,220,113,2020
------,Straftaten insgesamt,15002000,Halle (Saale),insg.,5521,3360,2161,61,35,26,419,235,184,480,270,210,419,251,168,469,278,191,3859,2397,1462,294,164,130,4153,2561,1592,2020
------,Straftaten insgesamt,2000000,Hamburg,voll.,31109,18863,12246,218,132,86,1423,792,631,1641,924,717,1863,1028,835,2316,1364,952,23440,14453,8987,1849,1094,755,25289,15547,9742,2020
------,Straftaten insgesamt,2000000,Hamburg,vers.,1887,1294,593,11,7,4,66,41,25,77,48,29,127,86,41,111,82,29,1447,1001,446,125,77,48,1572,1078,494,2020
------,Straftaten insgesamt,2000000,Hamburg,insg.,32996,20157,12839,229,139,90,1489,833,656,1718,972,746,1990,1114,876,2427,1446,981,24887,15454,9433,1974,1171,803,26861,16625,10236,2020
------,Straftaten insgesamt,5915000,Hamm,voll.,2665,1439,1226,36,16,20,177,106,71,213,122,91,262,125,137,181,91,90,1872,1022,850,137,79,58,2009,1101,908,2020
------,Straftaten insgesamt,5915000,Hamm,vers.,207,127,80,2,1,1,14,9,5,16,10,6,24,15,9,13,6,7,142,90,52,12,6,6,154,96,58,2020
------,Straftaten insgesamt,5915000,Hamm,insg.,2872,1566,1306,38,17,21,191,115,76,229,132,97,286,140,146,194,97,97,2014,1112,902,149,85,64,2163,1197,966,2020
------,Straftaten insgesamt,3241001,Hannover,voll.,11426,7247,4179,119,64,55,498,311,187,617,375,242,730,393,337,890,590,300,8590,5522,3068,599,367,232,9189,5889,3300,2020
------,Straftaten insgesamt,3241001,Hannover,vers.,917,651,266,9,4,5,28,20,8,37,24,13,62,42,20,60,43,17,704,511,193,54,31,23,758,542,216,2020
------,Straftaten insgesamt,3241001,Hannover,insg.,12343,7898,4445,128,68,60,526,331,195,654,399,255,792,435,357,950,633,317,9294,6033,3261,653,398,255,9947,6431,3516,2020
------,Straftaten insgesamt,8221000,Heidelberg,voll.,1976,1251,725,20,13,7,61,36,25,81,49,32,83,54,29,159,91,68,1516,977,539,137,80,57,1653,1057,596,2020
------,Straftaten insgesamt,8221000,Heidelberg,vers.,140,90,50,4,2,2,0,0,0,4,2,2,12,11,1,11,7,4,97,61,36,16,9,7,113,70,43,2020
------,Straftaten insgesamt,8221000,Heidelberg,insg.,2116,1341,775,24,15,9,61,36,25,85,51,34,95,65,30,170,98,72,1613,1038,575,153,89,64,1766,1127,639,2020
------,Straftaten insgesamt,8121000,Heilbronn,voll.,1548,951,597,17,14,3,59,35,24,76,49,27,96,48,48,121,68,53,1158,722,436,97,64,33,1255,786,469,2020
------,Straftaten insgesamt,8121000,Heilbronn,vers.,104,79,25,1,1,0,1,1,0,2,2,0,5,5,0,4,4,0,83,64,19,10,4,6,93,68,25,2020
------,Straftaten insgesamt,8121000,Heilbronn,insg.,1652,1030,622,18,15,3,60,36,24,78,51,27,101,53,48,125,72,53,1241,786,455,107,68,39,1348,854,494,2020
------,Straftaten insgesamt,5916000,Herne,voll.,2384,1235,1149,19,10,9,147,84,63,166,94,72,209,105,104,233,111,122,1623,841,782,153,84,69,1776,925,851,2020
------,Straftaten insgesamt,5916000,Herne,vers.,147,88,59,3,1,2,9,3,6,12,4,8,10,7,3,17,13,4,93,55,38,15,9,6,108,64,44,2020
------,Straftaten insgesamt,5916000,Herne,insg.,2531,1323,1208,22,11,11,156,87,69,178,98,80,219,112,107,250,124,126,1716,896,820,168,93,75,1884,989,895,2020
------,Straftaten insgesamt,3254021,Hildesheim,voll.,1673,896,777,17,10,7,99,43,56,116,53,63,130,60,70,149,66,83,1185,660,525,93,57,36,1278,717,561,2020
------,Straftaten insgesamt,3254021,Hildesheim,vers.,110,65,45,0,0,0,4,1,3,4,1,3,13,11,2,5,2,3,80,45,35,8,6,2,88,51,37,2020
------,Straftaten insgesamt,3254021,Hildesheim,insg.,1783,961,822,17,10,7,103,44,59,120,54,66,143,71,72,154,68,86,1265,705,560,101,63,38,1366,768,598,2020
------,Straftaten insgesamt,9161000,Ingolstadt,voll.,1739,1034,705,28,17,11,90,49,41,118,66,52,115,63,52,119,78,41,1294,778,516,93,49,44,1387,827,560,2020
------,Straftaten insgesamt,9161000,Ingolstadt,vers.,180,126,54,3,2,1,15,13,2,18,15,3,11,4,7,14,10,4,124,87,37,13,10,3,137,97,40,2020
------,Straftaten insgesamt,9161000,Ingolstadt,insg.,1919,1160,759,31,19,12,105,62,43,136,81,55,126,67,59,133,88,45,1418,865,553,106,59,47,1524,924,600,2020
------,Straftaten insgesamt,16053000,Jena,voll.,1255,813,442,11,8,3,74,45,29,85,53,32,78,27,51,108,55,53,936,650,286,48,28,20,984,678,306,2020
------,Straftaten insgesamt,16053000,Jena,vers.,115,84,31,7,7,0,2,0,2,9,7,2,5,5,0,11,8,3,83,60,23,7,4,3,90,64,26,2020
------,Straftaten insgesamt,16053000,Jena,insg.,1370,897,473,18,15,3,76,45,31,94,60,34,83,32,51,119,63,56,1019,710,309,55,32,23,1074,742,332,2020
------,Straftaten insgesamt,7312000,Kaiserslautern,voll.,2485,1550,935,26,15,11,109,47,62,135,62,73,231,149,82,269,173,96,1716,1088,628,134,78,56,1850,1166,684,2020
------,Straftaten insgesamt,7312000,Kaiserslautern,vers.,238,156,82,6,4,2,6,5,1,12,9,3,22,13,9,20,11,9,167,111,56,17,12,5,184,123,61,2020
------,Straftaten insgesamt,7312000,Kaiserslautern,insg.,2723,1706,1017,32,19,13,115,52,63,147,71,76,253,162,91,289,184,105,1883,1199,684,151,90,61,2034,1289,745,2020
------,Straftaten insgesamt,8212000,Karlsruhe,voll.,3360,2113,1247,26,14,12,163,89,74,189,103,86,187,103,84,281,173,108,2478,1590,888,225,144,81,2703,1734,969,2020
------,Straftaten insgesamt,8212000,Karlsruhe,vers.,278,203,75,36,35,1,15,8,7,51,43,8,11,10,1,17,10,7,177,128,49,22,12,10,199,140,59,2020
------,Straftaten insgesamt,8212000,Karlsruhe,insg.,3638,2316,1322,62,49,13,178,97,81,240,146,94,198,113,85,298,183,115,2655,1718,937,247,156,91,2902,1874,1028,2020
------,Straftaten insgesamt,6611000,Kassel,voll.,3160,1836,1324,41,24,17,134,65,69,175,89,86,228,124,104,257,152,105,2326,1358,968,174,113,61,2500,1471,1029,2020
------,Straftaten insgesamt,6611000,Kassel,vers.,213,136,77,3,3,0,5,3,2,8,6,2,9,5,4,20,14,6,158,99,59,18,12,6,176,111,65,2020
------,Straftaten insgesamt,6611000,Kassel,insg.,3373,1972,1401,44,27,17,139,68,71,183,95,88,237,129,108,277,166,111,2484,1457,1027,192,125,67,2676,1582,1094,2020
------,Straftaten insgesamt,1002000,Kiel,voll.,3885,2377,1508,21,16,5,169,86,83,190,102,88,266,160,106,318,184,134,2919,1828,1091,192,103,89,3111,1931,1180,2020
------,Straftaten insgesamt,1002000,Kiel,vers.,240,140,100,1,0,1,10,3,7,11,3,8,17,12,5,23,11,12,161,98,63,28,16,12,189,114,75,2020
------,Straftaten insgesamt,1002000,Kiel,insg.,4125,2517,1608,22,16,6,179,89,90,201,105,96,283,172,111,341,195,146,3080,1926,1154,220,119,101,3300,2045,1255,2020
------,Straftaten insgesamt,7111000,Koblenz,voll.,2204,1387,817,10,4,6,63,30,33,73,34,39,140,84,56,210,136,74,1678,1073,605,103,60,43,1781,1133,648,2020
------,Straftaten insgesamt,7111000,Koblenz,vers.,157,98,59,0,0,0,2,1,1,2,1,1,12,6,6,11,7,4,118,74,44,14,10,4,132,84,48,2020
------,Straftaten insgesamt,7111000,Koblenz,insg.,2361,1485,876,10,4,6,65,31,34,75,35,40,152,90,62,221,143,78,1796,1147,649,117,70,47,1913,1217,696,2020
------,Straftaten insgesamt,5315000,K ln,voll.,20896,12172,8724,137,73,64,780,429,351,917,502,415,1227,671,556,1551,875,676,15899,9346,6553,1302,778,524,17201,10124,7077,2020
------,Straftaten insgesamt,5315000,K ln,vers.,1531,962,569,10,6,4,74,52,22,84,58,26,93,52,41,113,77,36,1117,705,412,124,70,54,1241,775,466,2020
------,Straftaten insgesamt,5315000,K ln,insg.,22427,13134,9293,147,79,68,854,481,373,1001,560,441,1320,723,597,1664,952,712,17016,10051,6965,1426,848,578,18442,10899,7543,2020
------,Straftaten insgesamt,5114000,Krefeld,voll.,3801,2114,1687,31,18,13,207,131,76,238,149,89,283,152,131,286,154,132,2752,1516,1236,242,143,99,2994,1659,1335,2020
------,Straftaten insgesamt,5114000,Krefeld,vers.,210,132,78,1,1,0,6,6,0,7,7,0,13,6,7,22,16,6,153,96,57,15,7,8,168,103,65,2020
------,Straftaten insgesamt,5114000,Krefeld,insg.,4011,2246,1765,32,19,13,213,137,76,245,156,89,296,158,138,308,170,138,2905,1612,1293,257,150,107,3162,1762,1400,2020
------,Straftaten insgesamt,14713000,Leipzig,voll.,8125,4975,3150,97,50,47,397,216,181,494,266,228,577,304,273,647,399,248,5945,3731,2214,462,275,187,6407,4006,2401,2020
------,Straftaten insgesamt,14713000,Leipzig,vers.,506,364,142,4,3,1,17,10,7,21,13,8,30,20,10,26,17,9,395,290,105,34,24,10,429,314,115,2020
------,Straftaten insgesamt,14713000,Leipzig,insg.,8631,5339,3292,101,53,48,414,226,188,515,279,236,607,324,283,673,416,257,6340,4021,2319,496,299,197,6836,4320,2516,2020
------,Straftaten insgesamt,5316000,Leverkusen,voll.,2351,1283,1068,19,7,12,100,51,49,119,58,61,181,86,95,183,106,77,1723,945,778,145,88,57,1868,1033,835,2020
------,Straftaten insgesamt,5316000,Leverkusen,vers.,177,117,60,0,0,0,8,4,4,8,4,4,18,14,4,11,10,1,126,81,45,14,8,6,140,89,51,2020
------,Straftaten insgesamt,5316000,Leverkusen,insg.,2528,1400,1128,19,7,12,108,55,53,127,62,65,199,100,99,194,116,78,1849,1026,823,159,96,63,2008,1122,886,2020
------,Straftaten insgesamt,1003000,L beck,voll.,4095,2488,1607,26,16,10,189,94,95,215,110,105,292,161,131,292,161,131,3016,1881,1135,280,175,105,3296,2056,1240,2020
------,Straftaten insgesamt,1003000,L beck,vers.,291,198,93,7,6,1,15,8,7,22,14,8,15,9,6,19,11,8,211,149,62,24,15,9,235,164,71,2020
------,Straftaten insgesamt,1003000,L beck,insg.,4386,2686,1700,33,22,11,204,102,102,237,124,113,307,170,137,311,172,139,3227,2030,1197,304,190,114,3531,2220,1311,2020
------,Straftaten insgesamt,7314000,Ludwigshafen am Rhein,voll.,3279,1910,1369,36,17,19,242,149,93,278,166,112,254,153,101,229,143,86,2301,1321,980,217,127,90,2518,1448,1070,2020
------,Straftaten insgesamt,7314000,Ludwigshafen am Rhein,vers.,286,205,81,1,1,0,22,17,5,23,18,5,29,18,11,23,17,6,189,135,54,22,17,5,211,152,59,2020
------,Straftaten insgesamt,7314000,Ludwigshafen am Rhein,insg.,3565,2115,1450,37,18,19,264,166,98,301,184,117,283,171,112,252,160,92,2490,1456,1034,239,144,95,2729,1600,1129,2020
------,Straftaten insgesamt,15003000,Magdeburg,voll.,3687,2189,1498,40,22,18,242,125,117,282,147,135,331,188,143,289,168,121,2550,1556,994,235,130,105,2785,1686,1099,2020
------,Straftaten insgesamt,15003000,Magdeburg,vers.,312,209,103,2,1,1,14,7,7,16,8,8,20,13,7,28,16,12,233,162,71,15,10,5,248,172,76,2020
------,Straftaten insgesamt,15003000,Magdeburg,insg.,3999,2398,1601,42,23,19,256,132,124,298,155,143,351,201,150,317,184,133,2783,1718,1065,250,140,110,3033,1858,1175,2020
------,Straftaten insgesamt,7315000,Mainz,voll.,2975,1902,1073,18,9,9,132,71,61,150,80,70,230,136,94,281,176,105,2155,1411,744,159,99,60,2314,1510,804,2020
------,Straftaten insgesamt,7315000,Mainz,vers.,230,162,68,3,1,2,8,8,0,11,9,2,19,14,5,13,9,4,164,118,46,23,12,11,187,130,57,2020
------,Straftaten insgesamt,7315000,Mainz,insg.,3205,2064,1141,21,10,11,140,79,61,161,89,72,249,150,99,294,185,109,2319,1529,790,182,111,71,2501,1640,861,2020
------,Straftaten insgesamt,8222000,Mannheim,voll.,4184,2396,1788,38,22,16,184,100,84,222,122,100,263,144,119,313,179,134,3136,1803,1333,250,148,102,3386,1951,1435,2020
------,Straftaten insgesamt,8222000,Mannheim,vers.,238,168,70,3,3,0,14,10,4,17,13,4,11,9,2,15,10,5,174,122,52,21,14,7,195,136,59,2020
------,Straftaten insgesamt,8222000,Mannheim,insg.,4422,2564,1858,41,25,16,198,110,88,239,135,104,274,153,121,328,189,139,3310,1925,1385,271,162,109,3581,2087,1494,2020
------,Straftaten insgesamt,5170024,Moers,voll.,1267,651,616,35,20,15,79,38,41,114,58,56,101,50,51,123,52,71,842,441,401,87,50,37,929,491,438,2020
------,Straftaten insgesamt,5170024,Moers,vers.,85,61,24,1,1,0,6,5,1,7,6,1,11,6,5,11,11,0,46,33,13,10,5,5,56,38,18,2020
------,Straftaten insgesamt,5170024,Moers,insg.,1352,712,640,36,21,15,85,43,42,121,64,57,112,56,56,134,63,71,888,474,414,97,55,42,985,529,456,2020
------,Straftaten insgesamt,5116000,M nchengladbach,voll.,3722,1993,1729,35,21,14,162,76,86,197,97,100,250,135,115,316,161,155,2735,1470,1265,224,130,94,2959,1600,1359,2020
------,Straftaten insgesamt,5116000,M nchengladbach,vers.,234,156,78,2,1,1,12,10,2,14,11,3,21,12,9,16,8,8,163,108,55,20,17,3,183,125,58,2020
------,Straftaten insgesamt,5116000,M nchengladbach,insg.,3956,2149,1807,37,22,15,174,86,88,211,108,103,271,147,124,332,169,163,2898,1578,1320,244,147,97,3142,1725,1417,2020
------,Straftaten insgesamt,5117000,M lheim an der Ruhr,voll.,1641,876,765,16,8,8,95,56,39,111,64,47,144,91,53,113,51,62,1143,597,546,130,73,57,1273,670,603,2020
------,Straftaten insgesamt,5117000,M lheim an der Ruhr,vers.,129,87,42,1,1,0,6,4,2,7,5,2,10,6,4,9,7,2,91,59,32,12,10,2,103,69,34,2020
------,Straftaten insgesamt,5117000,M lheim an der Ruhr,insg.,1770,963,807,17,9,8,101,60,41,118,69,49,154,97,57,122,58,64,1234,656,578,142,83,59,1376,739,637,2020
------,Straftaten insgesamt,9162000,M nchen,voll.,16032,9949,6083,170,86,84,596,315,281,766,401,365,974,577,397,1203,717,486,12183,7746,4437,906,508,398,13089,8254,4835,2020
------,Straftaten insgesamt,9162000,M nchen,vers.,1620,1126,494,22,10,12,36,19,17,58,29,29,81,42,39,98,65,33,1282,927,355,101,63,38,1383,990,393,2020
------,Straftaten insgesamt,9162000,M nchen,insg.,17652,11075,6577,192,96,96,632,334,298,824,430,394,1055,619,436,1301,782,519,13465,8673,4792,1007,571,436,14472,9244,5228,2020
------,Straftaten insgesamt,5515000,M nster,voll.,4215,2469,1746,34,22,12,245,177,68,279,199,80,291,166,125,403,219,184,2981,1736,1245,261,149,112,3242,1885,1357,2020
------,Straftaten insgesamt,5515000,M nster,vers.,291,189,102,3,3,0,11,7,4,14,10,4,19,13,6,24,16,8,207,133,74,27,17,10,234,150,84,2020
------,Straftaten insgesamt,5515000,M nster,insg.,4506,2658,1848,37,25,12,256,184,72,293,209,84,310,179,131,427,235,192,3188,1869,1319,288,166,122,3476,2035,1441,2020
------,Straftaten insgesamt,5162024,Neuss,voll.,1826,1001,825,24,9,15,86,40,46,110,49,61,146,90,56,177,104,73,1277,693,584,116,65,51,1393,758,635,2020
------,Straftaten insgesamt,5162024,Neuss,vers.,124,66,58,6,2,4,10,6,4,16,8,8,14,8,6,5,2,3,76,39,37,13,9,4,89,48,41,2020
------,Straftaten insgesamt,5162024,Neuss,insg.,1950,1067,883,30,11,19,96,46,50,126,57,69,160,98,62,182,106,76,1353,732,621,129,74,55,1482,806,676,2020
------,Straftaten insgesamt,9564000,N rnberg,voll.,7029,4358,2671,61,25,36,332,170,162,393,195,198,432,228,204,554,331,223,5295,3389,1906,355,215,140,5650,3604,2046,2020
------,Straftaten insgesamt,9564000,N rnberg,vers.,729,518,211,6,5,1,44,31,13,50,36,14,35,18,17,44,31,13,554,402,152,46,31,15,600,433,167,2020
------,Straftaten insgesamt,9564000,N rnberg,insg.,7758,4876,2882,67,30,37,376,201,175,443,231,212,467,246,221,598,362,236,5849,3791,2058,401,246,155,6250,4037,2213,2020
------,Straftaten insgesamt,5119000,Oberhausen,voll.,2635,1372,1263,28,10,18,162,91,71,190,101,89,225,116,109,220,124,96,1828,943,885,172,88,84,2000,1031,969,2020
------,Straftaten insgesamt,5119000,Oberhausen,vers.,161,99,62,0,0,0,11,5,6,11,5,6,19,11,8,14,10,4,106,66,40,11,7,4,117,73,44,2020
------,Straftaten insgesamt,5119000,Oberhausen,insg.,2796,1471,1325,28,10,18,173,96,77,201,106,95,244,127,117,234,134,100,1934,1009,925,183,95,88,2117,1104,1013,2020
------,Straftaten insgesamt,6413000,Offenbach am Main,voll.,1343,681,662,11,5,6,77,36,41,88,41,47,100,46,54,85,39,46,994,515,479,76,40,36,1070,555,515,2020
------,Straftaten insgesamt,6413000,Offenbach am Main,vers.,93,60,33,5,1,4,8,7,1,13,8,5,7,5,2,4,3,1,64,40,24,5,4,1,69,44,25,2020
------,Straftaten insgesamt,6413000,Offenbach am Main,insg.,1436,741,695,16,6,10,85,43,42,101,49,52,107,51,56,89,42,47,1058,555,503,81,44,37,1139,599,540,2020
------,Straftaten insgesamt,3403000,Oldenburg (Oldenburg),voll.,2171,1241,930,22,10,12,111,48,63,133,58,75,162,81,81,205,116,89,1545,917,628,126,69,57,1671,986,685,2020
------,Straftaten insgesamt,3403000,Oldenburg (Oldenburg),vers.,167,111,56,2,2,0,6,2,4,8,4,4,8,3,5,11,8,3,129,89,40,11,7,4,140,96,44,2020
------,Straftaten insgesamt,3403000,Oldenburg (Oldenburg),insg.,2338,1352,986,24,12,12,117,50,67,141,62,79,170,84,86,216,124,92,1674,1006,668,137,76,61,1811,1082,729,2020
------,Straftaten insgesamt,3404000,Osnabr ck,voll.,2786,1619,1167,27,13,14,120,57,63,147,70,77,228,110,118,212,115,97,2025,1242,783,174,82,92,2199,1324,875,2020
------,Straftaten insgesamt,3404000,Osnabr ck,vers.,137,101,36,0,0,0,1,0,1,1,0,1,10,6,4,7,5,2,109,84,25,10,6,4,119,90,29,2020
------,Straftaten insgesamt,3404000,Osnabr ck,insg.,2923,1720,1203,27,13,14,121,57,64,148,70,78,238,116,122,219,120,99,2134,1326,808,184,88,96,2318,1414,904,2020
------,Straftaten insgesamt,5774032,Paderborn,voll.,2098,1280,818,28,20,8,81,40,41,109,60,49,172,106,66,190,115,75,1510,924,586,117,75,42,1627,999,628,2020
------,Straftaten insgesamt,5774032,Paderborn,vers.,169,111,58,1,1,0,8,4,4,9,5,4,11,7,4,13,7,6,119,80,39,17,12,5,136,92,44,2020
------,Straftaten insgesamt,5774032,Paderborn,insg.,2267,1391,876,29,21,8,89,44,45,118,65,53,183,113,70,203,122,81,1629,1004,625,134,87,47,1763,1091,672,2020
------,Straftaten insgesamt,8231000,Pforzheim,voll.,1974,1188,786,25,17,8,102,64,38,127,81,46,156,85,71,162,89,73,1426,869,557,103,64,39,1529,933,596,2020
------,Straftaten insgesamt,8231000,Pforzheim,vers.,128,94,34,2,2,0,3,1,2,5,3,2,13,10,3,8,8,0,100,72,28,2,1,1,102,73,29,2020
------,Straftaten insgesamt,8231000,Pforzheim,insg.,2102,1282,820,27,19,8,105,65,40,132,84,48,169,95,74,170,97,73,1526,941,585,105,65,40,1631,1006,625,2020
------,Straftaten insgesamt,12054000,Potsdam,voll.,2257,1310,947,25,9,16,174,91,83,199,100,99,179,94,85,178,117,61,1553,926,627,148,73,75,1701,999,702,2020
------,Straftaten insgesamt,12054000,Potsdam,vers.,146,108,38,2,1,1,8,4,4,10,5,5,8,7,1,10,8,2,101,76,25,17,12,5,118,88,30,2020
------,Straftaten insgesamt,12054000,Potsdam,insg.,2403,1418,985,27,10,17,182,95,87,209,105,104,187,101,86,188,125,63,1654,1002,652,165,85,80,1819,1087,732,2020
------,Straftaten insgesamt,5562032,Recklinghausen,voll.,1955,1149,806,8,5,3,107,62,45,115,67,48,125,70,55,141,84,57,1444,851,593,130,77,53,1574,928,646,2020
------,Straftaten insgesamt,5562032,Recklinghausen,vers.,130,68,62,1,1,0,10,10,0,11,11,0,4,3,1,4,3,1,93,46,47,18,5,13,111,51,60,2020
------,Straftaten insgesamt,5562032,Recklinghausen,insg.,2085,1217,868,9,6,3,117,72,45,126,78,48,129,73,56,145,87,58,1537,897,640,148,82,66,1685,979,706,2020
------,Straftaten insgesamt,9362000,Regensburg,voll.,1983,1249,734,10,6,4,70,38,32,80,44,36,136,91,45,192,125,67,1464,928,536,111,61,50,1575,989,586,2020
------,Straftaten insgesamt,9362000,Regensburg,vers.,193,135,58,4,3,1,6,3,3,10,6,4,10,4,6,19,15,4,147,106,41,7,4,3,154,110,44,2020
------,Straftaten insgesamt,9362000,Regensburg,insg.,2176,1384,792,14,9,5,76,41,35,90,50,40,146,95,51,211,140,71,1611,1034,577,118,65,53,1729,1099,630,2020
------,Straftaten insgesamt,5120000,Remscheid,voll.,1467,804,663,19,10,9,88,50,38,107,60,47,121,68,53,130,77,53,1020,546,474,89,53,36,1109,599,510,2020
------,Straftaten insgesamt,5120000,Remscheid,vers.,75,55,20,0,0,0,9,8,1,9,8,1,13,11,2,6,5,1,42,27,15,5,4,1,47,31,16,2020
------,Straftaten insgesamt,5120000,Remscheid,insg.,1542,859,683,19,10,9,97,58,39,116,68,48,134,79,55,136,82,54,1062,573,489,94,57,37,1156,630,526,2020
------,Straftaten insgesamt,8415061,Reutlingen,voll.,1473,925,548,11,6,5,75,38,37,86,44,42,148,96,52,153,87,66,1012,659,353,74,39,35,1086,698,388,2020
------,Straftaten insgesamt,8415061,Reutlingen,vers.,82,61,21,1,1,0,4,2,2,5,3,2,3,3,0,11,9,2,60,44,16,3,2,1,63,46,17,2020
------,Straftaten insgesamt,8415061,Reutlingen,insg.,1555,986,569,12,7,5,79,40,39,91,47,44,151,99,52,164,96,68,1072,703,369,77,41,36,1149,744,405,2020
------,Straftaten insgesamt,13003000,Rostock,voll.,2883,1696,1187,61,32,29,234,124,110,295,156,139,258,133,125,232,136,96,1922,1167,755,176,104,72,2098,1271,827,2020
------,Straftaten insgesamt,13003000,Rostock,vers.,217,134,83,6,6,0,19,4,15,25,10,15,16,8,8,6,2,4,150,101,49,20,13,7,170,114,56,2020
------,Straftaten insgesamt,13003000,Rostock,insg.,3100,1830,1270,67,38,29,253,128,125,320,166,154,274,141,133,238,138,100,2072,1268,804,196,117,79,2268,1385,883,2020
------,Straftaten insgesamt,10041100,Saarbr cken,voll.,4261,2576,1685,19,14,5,182,97,85,201,111,90,281,164,117,338,185,153,3132,1933,1199,309,183,126,3441,2116,1325,2020
------,Straftaten insgesamt,10041100,Saarbr cken,vers.,341,227,114,3,1,2,16,9,7,19,10,9,20,14,6,19,13,6,253,171,82,30,19,11,283,190,93,2020
------,Straftaten insgesamt,10041100,Saarbr cken,insg.,4602,2803,1799,22,15,7,198,106,92,220,121,99,301,178,123,357,198,159,3385,2104,1281,339,202,137,3724,2306,1418,2020
------,Straftaten insgesamt,3102000,Salzgitter,voll.,1607,930,677,18,7,11,122,78,44,140,85,55,172,110,62,124,73,51,1103,623,480,68,39,29,1171,662,509,2020
------,Straftaten insgesamt,3102000,Salzgitter,vers.,84,44,40,0,0,0,4,1,3,4,1,3,7,6,1,5,2,3,61,30,31,7,5,2,68,35,33,2020
------,Straftaten insgesamt,3102000,Salzgitter,insg.,1691,974,717,18,7,11,126,79,47,144,86,58,179,116,63,129,75,54,1164,653,511,75,44,31,1239,697,542,2020
------,Straftaten insgesamt,13004000,Schwerin,voll.,1679,1018,661,25,14,11,123,82,41,148,96,52,147,72,75,155,94,61,1116,696,420,113,60,53,1229,756,473,2020
------,Straftaten insgesamt,13004000,Schwerin,vers.,134,88,46,4,3,1,14,8,6,18,11,7,8,3,5,9,7,2,89,60,29,10,7,3,99,67,32,2020
------,Straftaten insgesamt,13004000,Schwerin,insg.,1813,1106,707,29,17,12,137,90,47,166,107,59,155,75,80,164,101,63,1205,756,449,123,67,56,1328,823,505,2020
------,Straftaten insgesamt,5970040,Siegen,voll.,1693,984,709,8,6,2,81,42,39,89,48,41,129,59,70,170,105,65,1227,724,503,78,48,30,1305,772,533,2020
------,Straftaten insgesamt,5970040,Siegen,vers.,96,66,30,1,1,0,5,3,2,6,4,2,7,4,3,9,6,3,71,49,22,3,3,0,74,52,22,2020
------,Straftaten insgesamt,5970040,Siegen,insg.,1789,1050,739,9,7,2,86,45,41,95,52,43,136,63,73,179,111,68,1298,773,525,81,51,30,1379,824,555,2020
------,Straftaten insgesamt,5122000,Solingen,voll.,1934,1004,930,25,5,20,125,79,46,150,84,66,169,97,72,166,81,85,1302,656,646,147,86,61,1449,742,707,2020
------,Straftaten insgesamt,5122000,Solingen,vers.,138,81,57,0,0,0,6,4,2,6,4,2,12,9,3,12,6,6,96,56,40,12,6,6,108,62,46,2020
------,Straftaten insgesamt,5122000,Solingen,insg.,2072,1085,987,25,5,20,131,83,48,156,88,68,181,106,75,178,87,91,1398,712,686,159,92,67,1557,804,753,2020
------,Straftaten insgesamt,8111000,Stuttgart,voll.,11346,7366,3980,99,66,33,426,217,209,525,283,242,640,327,313,1054,702,352,8578,5734,2844,549,320,229,9127,6054,3073,2020
------,Straftaten insgesamt,8111000,Stuttgart,vers.,986,704,282,4,4,0,17,7,10,21,11,10,47,26,21,82,54,28,763,569,194,73,44,29,836,613,223,2020
------,Straftaten insgesamt,8111000,Stuttgart,insg.,12332,8070,4262,103,70,33,443,224,219,546,294,252,687,353,334,1136,756,380,9341,6303,3038,622,364,258,9963,6667,3296,2020
------,Straftaten insgesamt,7211000,Trier,voll.,1763,1084,679,5,3,2,48,21,27,53,24,29,133,81,52,196,122,74,1285,801,484,96,56,40,1381,857,524,2020
------,Straftaten insgesamt,7211000,Trier,vers.,116,75,41,0,0,0,0,0,0,0,0,0,6,3,3,16,11,5,89,59,30,5,2,3,94,61,33,2020
------,Straftaten insgesamt,7211000,Trier,insg.,1879,1159,720,5,3,2,48,21,27,53,24,29,139,84,55,212,133,79,1374,860,514,101,58,43,1475,918,557,2020
------,Straftaten insgesamt,8421000,Ulm,voll.,1597,963,634,10,6,4,77,33,44,87,39,48,96,52,44,127,76,51,1193,740,453,94,56,38,1287,796,491,2020
------,Straftaten insgesamt,8421000,Ulm,vers.,106,66,40,7,4,3,5,2,3,12,6,6,11,8,3,3,2,1,72,48,24,8,2,6,80,50,30,2020
------,Straftaten insgesamt,8421000,Ulm,insg.,1703,1029,674,17,10,7,82,35,47,99,45,54,107,60,47,130,78,52,1265,788,477,102,58,44,1367,846,521,2020
------,Straftaten insgesamt,6414000,Wiesbaden,voll.,4091,2244,1847,44,22,22,186,88,98,230,110,120,279,151,128,385,244,141,2929,1589,1340,268,150,118,3197,1739,1458,2020
------,Straftaten insgesamt,6414000,Wiesbaden,vers.,271,160,111,5,3,2,14,11,3,19,14,5,26,18,8,12,6,6,196,112,84,18,10,8,214,122,92,2020
------,Straftaten insgesamt,6414000,Wiesbaden,insg.,4362,2404,1958,49,25,24,200,99,101,249,124,125,305,169,136,397,250,147,3125,1701,1424,286,160,126,3411,1861,1550,2020
------,Straftaten insgesamt,3103000,Wolfsburg,voll.,1480,863,617,25,11,14,94,50,44,119,61,58,110,57,53,107,56,51,1043,627,416,101,62,39,1144,689,455,2020
------,Straftaten insgesamt,3103000,Wolfsburg,vers.,96,55,41,1,0,1,5,4,1,6,4,2,5,4,1,8,5,3,70,38,32,7,4,3,77,42,35,2020
------,Straftaten insgesamt,3103000,Wolfsburg,insg.,1576,918,658,26,11,15,99,54,45,125,65,60,115,61,54,115,61,54,1113,665,448,108,66,42,1221,731,490,2020
------,Straftaten insgesamt,5124000,Wuppertal,voll.,5973,3355,2618,45,32,13,335,186,149,380,218,162,511,302,209,508,286,222,4201,2329,1872,373,220,153,4574,2549,2025,2020
------,Straftaten insgesamt,5124000,Wuppertal,vers.,490,302,188,7,0,7,31,23,8,38,23,15,44,31,13,34,23,11,339,203,136,35,22,13,374,225,149,2020
------,Straftaten insgesamt,5124000,Wuppertal,insg.,6463,3657,2806,52,32,20,366,209,157,418,241,177,555,333,222,542,309,233,4540,2532,2008,408,242,166,4948,2774,2174,2020
------,Straftaten insgesamt,9663000,W rzburg,voll.,1570,948,622,19,11,8,59,30,29,78,41,37,109,58,51,191,118,73,1100,682,418,92,49,43,1192,731,461,2020
------,Straftaten insgesamt,9663000,W rzburg,vers.,159,111,48,1,1,0,2,2,0,3,3,0,8,7,1,11,7,4,125,83,42,12,11,1,137,94,43,2020
------,Straftaten insgesamt,9663000,W rzburg,insg.,1729,1059,670,20,12,8,61,32,29,81,44,37,117,65,52,202,125,77,1225,765,460,104,60,44,1329,825,504,2020
111000,"Vergewaltigung, sexuelle N tigung und sexueller  bergriff im besonders schweren Fall einschl. mit Todesfolge    177, 178 StGB",5334002,Aachen,voll.,57,4,53,0,0,0,3,0,3,3,0,3,5,0,5,16,0,16,33,4,29,0,0,0,33,4,29,2020
111000,"Vergewaltigung, sexuelle N tigung und sexueller  bergriff im besonders schweren Fall einschl. mit Todesfolge    177, 178 StGB",5334002,Aachen,vers.,9,3,6,0,0,0,0,0,0,0,0,0,0,0,0,1,0,1,8,3,5,0,0,0,8,3,5,2020
111000,"Vergewaltigung, sexuelle N tigung und sexueller  bergriff im besonders schweren Fall einschl. mit Todesfolge    177, 178 StGB",5334002,Aachen,insg.,66,7,59,0,0,0,3,0,3,3,0,3,5,0,5,17,0,17,41,7,34,0,0,0,41,7,34,2020
111000,"Vergewaltigung, sexuelle N tigung und sexueller  bergriff im besonders schweren Fall einschl. mit Todesfolge    177, 178 StGB",9761000,Augsburg,voll.,40,5,35,0,0,0,1,0,1,1,0,1,8,1,7,6,1,5,24,3,21,1,0,1,25,3,22,2020
111000,"Vergewaltigung, sexuelle N tigung und sexueller  bergriff im besonders schweren Fall einschl. mit Todesfolge    177, 178 StGB",9761000,Augsburg,vers.,3,0,3,0,0,0,0,0,0,0,0,0,0,0,0,0,0,0,3,0,3,0,0,0,3,0,3,2020
111000,"Vergewaltigung, sexuelle N tigung und sexueller  bergriff im besonders schweren Fall einschl. mit Todesfolge    177, 178 StGB",9761000,Augsburg,insg.,43,5,38,0,0,0,1,0,1,1,0,1,8,1,7,6,1,5,27,3,24,1,0,1,28,3,25,2020
111000,"Vergewaltigung, sexuelle N tigung und sexueller  bergriff im besonders schweren Fall einschl. mit Todesfolge    177, 178 StGB",5378004,Bergisch Gladbach,voll.,17,0,17,0,0,0,2,0,2,2,0,2,6,0,6,1,0,1,8,0,8,0,0,0,8,0,8,2020
111000,"Vergewaltigung, sexuelle N tigung und sexueller  bergriff im besonders schweren Fall einschl. mit Todesfolge    177, 178 StGB",5378004,Bergisch Gladbach,vers.,3,0,3,0,0,0,0,0,0,0,0,0,0,0,0,0,0,0,2,0,2,1,0,1,3,0,3,2020
111000,"Vergewaltigung, sexuelle N tigung und sexueller  bergriff im besonders schweren Fall einschl. mit Todesfolge    177, 178 StGB",5378004,Bergisch Gladbach,insg.,20,0,20,0,0,0,2,0,2,2,0,2,6,0,6,1,0,1,10,0,10,1,0,1,11,0,11,2020
111000,"Vergewaltigung, sexuelle N tigung und sexueller  bergriff im besonders schweren Fall einschl. mit Todesfolge    177, 178 StGB",11000000,Berlin,voll.,809,69,740,1,0,1,15,1,14,16,1,15,161,4,157,100,10,90,514,52,462,18,2,16,532,54,478,2020
111000,"Vergewaltigung, sexuelle N tigung und sexueller  bergriff im besonders schweren Fall einschl. mit Todesfolge    177, 178 StGB",11000000,Berlin,vers.,89,6,83,0,0,0,4,1,3,4,1,3,9,0,9,6,1,5,67,4,63,3,0,3,70,4,66,2020
111000,"Vergewaltigung, sexuelle N tigung und sexueller  bergriff im besonders schweren Fall einschl. mit Todesfolge    177, 178 StGB",11000000,Berlin,insg.,898,75,823,1,0,1,19,2,17,20,2,18,170,4,166,106,11,95,581,56,525,21,2,19,602,58,544,2020
111000,"Vergewaltigung, sexuelle N tigung und sexueller  bergriff im besonders schweren Fall einschl. mit Todesfolge    177, 178 StGB",5711000,Bielefeld,voll.,69,6,63,2,1,1,1,0,1,3,1,2,12,0,12,9,2,7,40,3,37,5,0,5,45,3,42,2020
111000,"Vergewaltigung, sexuelle N tigung und sexueller  bergriff im besonders schweren Fall einschl. mit Todesfolge    177, 178 StGB",5711000,Bielefeld,vers.,4,0,4,0,0,0,0,0,0,0,0,0,0,0,0,1,0,1,3,0,3,0,0,0,3,0,3,2020
111000,"Vergewaltigung, sexuelle N tigung und sexueller  bergriff im besonders schweren Fall einschl. mit Todesfolge    177, 178 StGB",5711000,Bielefeld,insg.,73,6,67,2,1,1,1,0,1,3,1,2,12,0,12,10,2,8,43,3,40,5,0,5,48,3,45,2020
111000,"Vergewaltigung, sexuelle N tigung und sexueller  bergriff im besonders schweren Fall einschl. mit Todesfolge    177, 178 StGB",5911000,Bochum,voll.,48,3,45,0,0,0,1,1,0,1,1,0,8,0,8,6,0,6,31,2,29,2,0,2,33,2,31,2020
111000,"Vergewaltigung, sexuelle N tigung und sexueller  bergriff im besonders schweren Fall einschl. mit Todesfolge    177, 178 StGB",5911000,Bochum,vers.,11,1,10,0,0,0,0,0,0,0,0,0,1,0,1,1,1,0,6,0,6,3,0,3,9,0,9,2020
111000,"Vergewaltigung, sexuelle N tigung und sexueller  bergriff im besonders schweren Fall einschl. mit Todesfolge    177, 178 StGB",5911000,Bochum,insg.,59,4,55,0,0,0,1,1,0,1,1,0,9,0,9,7,1,6,37,2,35,5,0,5,42,2,40,2020
111000,"Vergewaltigung, sexuelle N tigung und sexueller  bergriff im besonders schweren Fall einschl. mit Todesfolge    177, 178 StGB",5314000,Bonn,voll.,55,4,51,1,1,0,2,1,1,3,2,1,11,0,11,10,0,10,30,2,28,1,0,1,31,2,29,2020
111000,"Vergewaltigung, sexuelle N tigung und sexueller  bergriff im besonders schweren Fall einschl. mit Todesfolge    177, 178 StGB",5314000,Bonn,vers.,11,0,11,0,0,0,0,0,0,0,0,0,0,0,0,1,0,1,10,0,10,0,0,0,10,0,10,2020
111000,"Vergewaltigung, sexuelle N tigung und sexueller  bergriff im besonders schweren Fall einschl. mit Todesfolge    177, 178 StGB",5314000,Bonn,insg.,66,4,62,1,1,0,2,1,1,3,2,1,11,0,11,11,0,11,40,2,38,1,0,1,41,2,39,2020
111000,"Vergewaltigung, sexuelle N tigung und sexueller  bergriff im besonders schweren Fall einschl. mit Todesfolge    177, 178 StGB",5512000,Bottrop,voll.,13,0,13,0,0,0,0,0,0,0,0,0,8,0,8,4,0,4,1,0,1,0,0,0,1,0,1,2020
111000,"Vergewaltigung, sexuelle N tigung und sexueller  bergriff im besonders schweren Fall einschl. mit Todesfolge    177, 178 StGB",5512000,Bottrop,vers.,0,0,0,0,0,0,0,0,0,0,0,0,0,0,0,0,0,0,0,0,0,0,0,0,0,0,0,2020
111000,"Vergewaltigung, sexuelle N tigung und sexueller  bergriff im besonders schweren Fall einschl. mit Todesfolge    177, 178 StGB",5512000,Bottrop,insg.,13,0,13,0,0,0,0,0,0,0,0,0,8,0,8,4,0,4,1,0,1,0,0,0,1,0,1,2020
111000,"Vergewaltigung, sexuelle N tigung und sexueller  bergriff im besonders schweren Fall einschl. mit Todesfolge    177, 178 StGB",3101000,Braunschweig,voll.,30,1,29,0,0,0,3,1,2,3,1,2,8,0,8,6,0,6,13,0,13,0,0,0,13,0,13,2020
111000,"Vergewaltigung, sexuelle N tigung und sexueller  bergriff im besonders schweren Fall einschl. mit Todesfolge    177, 178 StGB",3101000,Braunschweig,vers.,1,0,1,0,0,0,1,0,1,1,0,1,0,0,0,0,0,0,0,0,0,0,0,0,0,0,0,2020
111000,"Vergewaltigung, sexuelle N tigung und sexueller  bergriff im besonders schweren Fall einschl. mit Todesfolge    177, 178 StGB",3101000,Braunschweig,insg.,31,1,30,0,0,0,4,1,3,4,1,3,8,0,8,6,0,6,13,0,13,0,0,0,13,0,13,2020
111000,"Vergewaltigung, sexuelle N tigung und sexueller  bergriff im besonders schweren Fall einschl. mit Todesfolge    177, 178 StGB",4011000,Bremen,voll.,88,7,81,0,0,0,0,0,0,0,0,0,14,0,14,15,0,15,56,7,49,3,0,3,59,7,52,2020
111000,"Vergewaltigung, sexuelle N tigung und sexueller  bergriff im besonders schweren Fall einschl. mit Todesfolge    177, 178 StGB",4011000,Bremen,vers.,22,0,22,0,0,0,0,0,0,0,0,0,0,0,0,2,0,2,14,0,14,6,0,6,20,0,20,2020
111000,"Vergewaltigung, sexuelle N tigung und sexueller  bergriff im besonders schweren Fall einschl. mit Todesfolge    177, 178 StGB",4011000,Bremen,insg.,110,7,103,0,0,0,0,0,0,0,0,0,14,0,14,17,0,17,70,7,63,9,0,9,79,7,72,2020
111000,"Vergewaltigung, sexuelle N tigung und sexueller  bergriff im besonders schweren Fall einschl. mit Todesfolge    177, 178 StGB",4012000,Bremerhaven,voll.,22,1,21,0,0,0,0,0,0,0,0,0,5,0,5,4,0,4,13,1,12,0,0,0,13,1,12,2020
111000,"Vergewaltigung, sexuelle N tigung und sexueller  bergriff im besonders schweren Fall einschl. mit Todesfolge    177, 178 StGB",4012000,Bremerhaven,vers.,2,0,2,0,0,0,0,0,0,0,0,0,1,0,1,0,0,0,1,0,1,0,0,0,1,0,1,2020
111000,"Vergewaltigung, sexuelle N tigung und sexueller  bergriff im besonders schweren Fall einschl. mit Todesfolge    177, 178 StGB",4012000,Bremerhaven,insg.,24,1,23,0,0,0,0,0,0,0,0,0,6,0,6,4,0,4,14,1,13,0,0,0,14,1,13,2020
111000,"Vergewaltigung, sexuelle N tigung und sexueller  bergriff im besonders schweren Fall einschl. mit Todesfolge    177, 178 StGB",14511000,Chemnitz,voll.,36,1,35,0,0,0,0,0,0,0,0,0,11,0,11,5,0,5,19,1,18,1,0,1,20,1,19,2020
111000,"Vergewaltigung, sexuelle N tigung und sexueller  bergriff im besonders schweren Fall einschl. mit Todesfolge    177, 178 StGB",14511000,Chemnitz,vers.,3,0,3,0,0,0,0,0,0,0,0,0,1,0,1,0,0,0,2,0,2,0,0,0,2,0,2,2020
111000,"Vergewaltigung, sexuelle N tigung und sexueller  bergriff im besonders schweren Fall einschl. mit Todesfolge    177, 178 StGB",14511000,Chemnitz,insg.,39,1,38,0,0,0,0,0,0,0,0,0,12,0,12,5,0,5,21,1,20,1,0,1,22,1,21,2020
111000,"Vergewaltigung, sexuelle N tigung und sexueller  bergriff im besonders schweren Fall einschl. mit Todesfolge    177, 178 StGB",6411000,Darmstadt,voll.,15,1,14,0,0,0,0,0,0,0,0,0,4,1,3,2,0,2,9,0,9,0,0,0,9,0,9,2020
111000,"Vergewaltigung, sexuelle N tigung und sexueller  bergriff im besonders schweren Fall einschl. mit Todesfolge    177, 178 StGB",6411000,Darmstadt,vers.,3,0,3,0,0,0,0,0,0,0,0,0,0,0,0,0,0,0,3,0,3,0,0,0,3,0,3,2020
111000,"Vergewaltigung, sexuelle N tigung und sexueller  bergriff im besonders schweren Fall einschl. mit Todesfolge    177, 178 StGB",6411000,Darmstadt,insg.,18,1,17,0,0,0,0,0,0,0,0,0,4,1,3,2,0,2,12,0,12,0,0,0,12,0,12,2020
111000,"Vergewaltigung, sexuelle N tigung und sexueller  bergriff im besonders schweren Fall einschl. mit Todesfolge    177, 178 StGB",5913000,Dortmund,voll.,89,4,85,2,2,0,4,0,4,6,2,4,16,0,16,19,1,18,46,1,45,2,0,2,48,1,47,2020
111000,"Vergewaltigung, sexuelle N tigung und sexueller  bergriff im besonders schweren Fall einschl. mit Todesfolge    177, 178 StGB",5913000,Dortmund,vers.,17,1,16,0,0,0,1,0,1,1,0,1,1,0,1,5,0,5,9,1,8,1,0,1,10,1,9,2020
111000,"Vergewaltigung, sexuelle N tigung und sexueller  bergriff im besonders schweren Fall einschl. mit Todesfolge    177, 178 StGB",5913000,Dortmund,insg.,106,5,101,2,2,0,5,0,5,7,2,5,17,0,17,24,1,23,55,2,53,3,0,3,58,2,56,2020
111000,"Vergewaltigung, sexuelle N tigung und sexueller  bergriff im besonders schweren Fall einschl. mit Todesfolge    177, 178 StGB",14612000,Dresden,voll.,53,3,50,0,0,0,1,1,0,1,1,0,12,1,11,7,0,7,32,1,31,1,0,1,33,1,32,2020
111000,"Vergewaltigung, sexuelle N tigung und sexueller  bergriff im besonders schweren Fall einschl. mit Todesfolge    177, 178 StGB",14612000,Dresden,vers.,3,0,3,0,0,0,0,0,0,0,0,0,1,0,1,1,0,1,1,0,1,0,0,0,1,0,1,2020
111000,"Vergewaltigung, sexuelle N tigung und sexueller  bergriff im besonders schweren Fall einschl. mit Todesfolge    177, 178 StGB",14612000,Dresden,insg.,56,3,53,0,0,0,1,1,0,1,1,0,13,1,12,8,0,8,33,1,32,1,0,1,34,1,33,2020
111000,"Vergewaltigung, sexuelle N tigung und sexueller  bergriff im besonders schweren Fall einschl. mit Todesfolge    177, 178 StGB",5112000,Duisburg,voll.,72,0,72,0,0,0,4,0,4,4,0,4,16,0,16,15,0,15,37,0,37,0,0,0,37,0,37,2020
111000,"Vergewaltigung, sexuelle N tigung und sexueller  bergriff im besonders schweren Fall einschl. mit Todesfolge    177, 178 StGB",5112000,Duisburg,vers.,9,0,9,0,0,0,0,0,0,0,0,0,3,0,3,1,0,1,5,0,5,0,0,0,5,0,5,2020
111000,"Vergewaltigung, sexuelle N tigung und sexueller  bergriff im besonders schweren Fall einschl. mit Todesfolge    177, 178 StGB",5112000,Duisburg,insg.,81,0,81,0,0,0,4,0,4,4,0,4,19,0,19,16,0,16,42,0,42,0,0,0,42,0,42,2020
111000,"Vergewaltigung, sexuelle N tigung und sexueller  bergriff im besonders schweren Fall einschl. mit Todesfolge    177, 178 StGB",5111000,D sseldorf,voll.,120,5,115,0,0,0,2,0,2,2,0,2,28,0,28,15,0,15,73,4,69,2,1,1,75,5,70,2020
111000,"Vergewaltigung, sexuelle N tigung und sexueller  bergriff im besonders schweren Fall einschl. mit Todesfolge    177, 178 StGB",5111000,D sseldorf,vers.,11,0,11,0,0,0,0,0,0,0,0,0,3,0,3,0,0,0,8,0,8,0,0,0,8,0,8,2020
111000,"Vergewaltigung, sexuelle N tigung und sexueller  bergriff im besonders schweren Fall einschl. mit Todesfolge    177, 178 StGB",5111000,D sseldorf,insg.,131,5,126,0,0,0,2,0,2,2,0,2,31,0,31,15,0,15,81,4,77,2,1,1,83,5,78,2020
111000,"Vergewaltigung, sexuelle N tigung und sexueller  bergriff im besonders schweren Fall einschl. mit Todesfolge    177, 178 StGB",16051000,Erfurt,voll.,17,0,17,0,0,0,0,0,0,0,0,0,8,0,8,3,0,3,6,0,6,0,0,0,6,0,6,2020
111000,"Vergewaltigung, sexuelle N tigung und sexueller  bergriff im besonders schweren Fall einschl. mit Todesfolge    177, 178 StGB",16051000,Erfurt,vers.,0,0,0,0,0,0,0,0,0,0,0,0,0,0,0,0,0,0,0,0,0,0,0,0,0,0,0,2020
111000,"Vergewaltigung, sexuelle N tigung und sexueller  bergriff im besonders schweren Fall einschl. mit Todesfolge    177, 178 StGB",16051000,Erfurt,insg.,17,0,17,0,0,0,0,0,0,0,0,0,8,0,8,3,0,3,6,0,6,0,0,0,6,0,6,2020
111000,"Vergewaltigung, sexuelle N tigung und sexueller  bergriff im besonders schweren Fall einschl. mit Todesfolge    177, 178 StGB",9562000,Erlangen,voll.,17,1,16,0,0,0,0,0,0,0,0,0,5,0,5,3,0,3,9,1,8,0,0,0,9,1,8,2020
111000,"Vergewaltigung, sexuelle N tigung und sexueller  bergriff im besonders schweren Fall einschl. mit Todesfolge    177, 178 StGB",9562000,Erlangen,vers.,1,0,1,0,0,0,0,0,0,0,0,0,0,0,0,1,0,1,0,0,0,0,0,0,0,0,0,2020
111000,"Vergewaltigung, sexuelle N tigung und sexueller  bergriff im besonders schweren Fall einschl. mit Todesfolge    177, 178 StGB",9562000,Erlangen,insg.,18,1,17,0,0,0,0,0,0,0,0,0,5,0,5,4,0,4,9,1,8,0,0,0,9,1,8,2020
111000,"Vergewaltigung, sexuelle N tigung und sexueller  bergriff im besonders schweren Fall einschl. mit Todesfolge    177, 178 StGB",5113000,Essen,voll.,83,5,78,0,0,0,1,0,1,1,0,1,16,0,16,5,0,5,61,5,56,0,0,0,61,5,56,2020
111000,"Vergewaltigung, sexuelle N tigung und sexueller  bergriff im besonders schweren Fall einschl. mit Todesfolge    177, 178 StGB",5113000,Essen,vers.,18,2,16,0,0,0,0,0,0,0,0,0,1,0,1,5,1,4,10,1,9,2,0,2,12,1,11,2020
111000,"Vergewaltigung, sexuelle N tigung und sexueller  bergriff im besonders schweren Fall einschl. mit Todesfolge    177, 178 StGB",5113000,Essen,insg.,101,7,94,0,0,0,1,0,1,1,0,1,17,0,17,10,1,9,71,6,65,2,0,2,73,6,67,2020
111000,"Vergewaltigung, sexuelle N tigung und sexueller  bergriff im besonders schweren Fall einschl. mit Todesfolge    177, 178 StGB",6412000,Frankfurt am Main,voll.,83,1,82,0,0,0,1,0,1,1,0,1,11,0,11,16,0,16,53,1,52,2,0,2,55,1,54,2020
111000,"Vergewaltigung, sexuelle N tigung und sexueller  bergriff im besonders schweren Fall einschl. mit Todesfolge    177, 178 StGB",6412000,Frankfurt am Main,vers.,15,1,14,0,0,0,0,0,0,0,0,0,0,0,0,2,0,2,13,1,12,0,0,0,13,1,12,2020
111000,"Vergewaltigung, sexuelle N tigung und sexueller  bergriff im besonders schweren Fall einschl. mit Todesfolge    177, 178 StGB",6412000,Frankfurt am Main,insg.,98,2,96,0,0,0,1,0,1,1,0,1,11,0,11,18,0,18,66,2,64,2,0,2,68,2,66,2020
111000,"Vergewaltigung, sexuelle N tigung und sexueller  bergriff im besonders schweren Fall einschl. mit Todesfolge    177, 178 StGB",8311000,Freiburg im Breisgau,voll.,26,2,24,0,0,0,0,0,0,0,0,0,4,1,3,6,0,6,16,1,15,0,0,0,16,1,15,2020
111000,"Vergewaltigung, sexuelle N tigung und sexueller  bergriff im besonders schweren Fall einschl. mit Todesfolge    177, 178 StGB",8311000,Freiburg im Breisgau,vers.,3,0,3,0,0,0,0,0,0,0,0,0,1,0,1,0,0,0,2,0,2,0,0,0,2,0,2,2020
111000,"Vergewaltigung, sexuelle N tigung und sexueller  bergriff im besonders schweren Fall einschl. mit Todesfolge    177, 178 StGB",8311000,Freiburg im Breisgau,insg.,29,2,27,0,0,0,0,0,0,0,0,0,5,1,4,6,0,6,18,1,17,0,0,0,18,1,17,2020
111000,"Vergewaltigung, sexuelle N tigung und sexueller  bergriff im besonders schweren Fall einschl. mit Todesfolge    177, 178 StGB",9563000,F rth,voll.,6,0,6,0,0,0,0,0,0,0,0,0,1,0,1,1,0,1,4,0,4,0,0,0,4,0,4,2020
111000,"Vergewaltigung, sexuelle N tigung und sexueller  bergriff im besonders schweren Fall einschl. mit Todesfolge    177, 178 StGB",9563000,F rth,vers.,2,0,2,0,0,0,1,0,1,1,0,1,1,0,1,0,0,0,0,0,0,0,0,0,0,0,0,2020
111000,"Vergewaltigung, sexuelle N tigung und sexueller  bergriff im besonders schweren Fall einschl. mit Todesfolge    177, 178 StGB",9563000,F rth,insg.,8,0,8,0,0,0,1,0,1,1,0,1,2,0,2,1,0,1,4,0,4,0,0,0,4,0,4,2020
111000,"Vergewaltigung, sexuelle N tigung und sexueller  bergriff im besonders schweren Fall einschl. mit Todesfolge    177, 178 StGB",5513000,Gelsenkirchen,voll.,27,0,27,0,0,0,1,0,1,1,0,1,6,0,6,4,0,4,14,0,14,2,0,2,16,0,16,2020
111000,"Vergewaltigung, sexuelle N tigung und sexueller  bergriff im besonders schweren Fall einschl. mit Todesfolge    177, 178 StGB",5513000,Gelsenkirchen,vers.,3,0,3,0,0,0,0,0,0,0,0,0,1,0,1,0,0,0,2,0,2,0,0,0,2,0,2,2020
111000,"Vergewaltigung, sexuelle N tigung und sexueller  bergriff im besonders schweren Fall einschl. mit Todesfolge    177, 178 StGB",5513000,Gelsenkirchen,insg.,30,0,30,0,0,0,1,0,1,1,0,1,7,0,7,4,0,4,16,0,16,2,0,2,18,0,18,2020
111000,"Vergewaltigung, sexuelle N tigung und sexueller  bergriff im besonders schweren Fall einschl. mit Todesfolge    177, 178 StGB",3159016,G ttingen,voll.,22,0,22,0,0,0,1,0,1,1,0,1,7,0,7,2,0,2,12,0,12,0,0,0,12,0,12,2020
111000,"Vergewaltigung, sexuelle N tigung und sexueller  bergriff im besonders schweren Fall einschl. mit Todesfolge    177, 178 StGB",3159016,G ttingen,vers.,2,0,2,0,0,0,0,0,0,0,0,0,0,0,0,1,0,1,1,0,1,0,0,0,1,0,1,2020
111000,"Vergewaltigung, sexuelle N tigung und sexueller  bergriff im besonders schweren Fall einschl. mit Todesfolge    177, 178 StGB",3159016,G ttingen,insg.,24,0,24,0,0,0,1,0,1,1,0,1,7,0,7,3,0,3,13,0,13,0,0,0,13,0,13,2020
111000,"Vergewaltigung, sexuelle N tigung und sexueller  bergriff im besonders schweren Fall einschl. mit Todesfolge    177, 178 StGB",5754008,G tersloh,voll.,10,2,8,0,0,0,0,0,0,0,0,0,3,0,3,3,0,3,4,2,2,0,0,0,4,2,2,2020
111000,"Vergewaltigung, sexuelle N tigung und sexueller  bergriff im besonders schweren Fall einschl. mit Todesfolge    177, 178 StGB",5754008,G tersloh,vers.,0,0,0,0,0,0,0,0,0,0,0,0,0,0,0,0,0,0,0,0,0,0,0,0,0,0,0,2020
111000,"Vergewaltigung, sexuelle N tigung und sexueller  bergriff im besonders schweren Fall einschl. mit Todesfolge    177, 178 StGB",5754008,G tersloh,insg.,10,2,8,0,0,0,0,0,0,0,0,0,3,0,3,3,0,3,4,2,2,0,0,0,4,2,2,2020
111000,"Vergewaltigung, sexuelle N tigung und sexueller  bergriff im besonders schweren Fall einschl. mit Todesfolge    177, 178 StGB",5914000,Hagen,voll.,35,1,34,0,0,0,1,0,1,1,0,1,10,0,10,6,0,6,17,1,16,1,0,1,18,1,17,2020
111000,"Vergewaltigung, sexuelle N tigung und sexueller  bergriff im besonders schweren Fall einschl. mit Todesfolge    177, 178 StGB",5914000,Hagen,vers.,2,1,1,0,0,0,0,0,0,0,0,0,0,0,0,1,1,0,1,0,1,0,0,0,1,0,1,2020
111000,"Vergewaltigung, sexuelle N tigung und sexueller  bergriff im besonders schweren Fall einschl. mit Todesfolge    177, 178 StGB",5914000,Hagen,insg.,37,2,35,0,0,0,1,0,1,1,0,1,10,0,10,7,1,6,18,1,17,1,0,1,19,1,18,2020
111000,"Vergewaltigung, sexuelle N tigung und sexueller  bergriff im besonders schweren Fall einschl. mit Todesfolge    177, 178 StGB",15002000,Halle (Saale),voll.,33,4,29,0,0,0,1,0,1,1,0,1,2,0,2,7,1,6,22,3,19,1,0,1,23,3,20,2020
111000,"Vergewaltigung, sexuelle N tigung und sexueller  bergriff im besonders schweren Fall einschl. mit Todesfolge    177, 178 StGB",15002000,Halle (Saale),vers.,8,3,5,0,0,0,0,0,0,0,0,0,0,0,0,0,0,0,4,1,3,4,2,2,8,3,5,2020
111000,"Vergewaltigung, sexuelle N tigung und sexueller  bergriff im besonders schweren Fall einschl. mit Todesfolge    177, 178 StGB",15002000,Halle (Saale),insg.,41,7,34,0,0,0,1,0,1,1,0,1,2,0,2,7,1,6,26,4,22,5,2,3,31,6,25,2020
111000,"Vergewaltigung, sexuelle N tigung und sexueller  bergriff im besonders schweren Fall einschl. mit Todesfolge    177, 178 StGB",2000000,Hamburg,voll.,262,26,236,0,0,0,9,6,3,9,6,3,49,3,46,46,2,44,153,15,138,5,0,5,158,15,143,2020
111000,"Vergewaltigung, sexuelle N tigung und sexueller  bergriff im besonders schweren Fall einschl. mit Todesfolge    177, 178 StGB",2000000,Hamburg,vers.,34,4,30,0,0,0,1,0,1,1,0,1,4,2,2,4,0,4,25,2,23,0,0,0,25,2,23,2020
111000,"Vergewaltigung, sexuelle N tigung und sexueller  bergriff im besonders schweren Fall einschl. mit Todesfolge    177, 178 StGB",2000000,Hamburg,insg.,296,30,266,0,0,0,10,6,4,10,6,4,53,5,48,50,2,48,178,17,161,5,0,5,183,17,166,2020
111000,"Vergewaltigung, sexuelle N tigung und sexueller  bergriff im besonders schweren Fall einschl. mit Todesfolge    177, 178 StGB",5915000,Hamm,voll.,32,1,31,0,0,0,1,0,1,1,0,1,12,0,12,2,0,2,17,1,16,0,0,0,17,1,16,2020
111000,"Vergewaltigung, sexuelle N tigung und sexueller  bergriff im besonders schweren Fall einschl. mit Todesfolge    177, 178 StGB",5915000,Hamm,vers.,3,0,3,0,0,0,0,0,0,0,0,0,1,0,1,0,0,0,2,0,2,0,0,0,2,0,2,2020
111000,"Vergewaltigung, sexuelle N tigung und sexueller  bergriff im besonders schweren Fall einschl. mit Todesfolge    177, 178 StGB",5915000,Hamm,insg.,35,1,34,0,0,0,1,0,1,1,0,1,13,0,13,2,0,2,19,1,18,0,0,0,19,1,18,2020
111000,"Vergewaltigung, sexuelle N tigung und sexueller  bergriff im besonders schweren Fall einschl. mit Todesfolge    177, 178 StGB",3241001,Hannover,voll.,120,9,111,0,0,0,3,2,1,3,2,1,13,2,11,23,2,21,78,3,75,3,0,3,81,3,78,2020
111000,"Vergewaltigung, sexuelle N tigung und sexueller  bergriff im besonders schweren Fall einschl. mit Todesfolge    177, 178 StGB",3241001,Hannover,vers.,13,0,13,0,0,0,0,0,0,0,0,0,2,0,2,2,0,2,9,0,9,0,0,0,9,0,9,2020
111000,"Vergewaltigung, sexuelle N tigung und sexueller  bergriff im besonders schweren Fall einschl. mit Todesfolge    177, 178 StGB",3241001,Hannover,insg.,133,9,124,0,0,0,3,2,1,3,2,1,15,2,13,25,2,23,87,3,84,3,0,3,90,3,87,2020
111000,"Vergewaltigung, sexuelle N tigung und sexueller  bergriff im besonders schweren Fall einschl. mit Todesfolge    177, 178 StGB",8221000,Heidelberg,voll.,22,1,21,0,0,0,1,0,1,1,0,1,2,0,2,7,0,7,12,1,11,0,0,0,12,1,11,2020
111000,"Vergewaltigung, sexuelle N tigung und sexueller  bergriff im besonders schweren Fall einschl. mit Todesfolge    177, 178 StGB",8221000,Heidelberg,vers.,0,0,0,0,0,0,0,0,0,0,0,0,0,0,0,0,0,0,0,0,0,0,0,0,0,0,0,2020
111000,"Vergewaltigung, sexuelle N tigung und sexueller  bergriff im besonders schweren Fall einschl. mit Todesfolge    177, 178 StGB",8221000,Heidelberg,insg.,22,1,21,0,0,0,1,0,1,1,0,1,2,0,2,7,0,7,12,1,11,0,0,0,12,1,11,2020
111000,"Vergewaltigung, sexuelle N tigung und sexueller  bergriff im besonders schweren Fall einschl. mit Todesfolge    177, 178 StGB",8121000,Heilbronn,voll.,12,1,11,0,0,0,1,0,1,1,0,1,3,0,3,1,0,1,6,1,5,1,0,1,7,1,6,2020
111000,"Vergewaltigung, sexuelle N tigung und sexueller  bergriff im besonders schweren Fall einschl. mit Todesfolge    177, 178 StGB",8121000,Heilbronn,vers.,1,0,1,0,0,0,0,0,0,0,0,0,0,0,0,0,0,0,0,0,0,1,0,1,1,0,1,2020
111000,"Vergewaltigung, sexuelle N tigung und sexueller  bergriff im besonders schweren Fall einschl. mit Todesfolge    177, 178 StGB",8121000,Heilbronn,insg.,13,1,12,0,0,0,1,0,1,1,0,1,3,0,3,1,0,1,6,1,5,2,0,2,8,1,7,2020
111000,"Vergewaltigung, sexuelle N tigung und sexueller  bergriff im besonders schweren Fall einschl. mit Todesfolge    177, 178 StGB",5916000,Herne,voll.,28,1,27,0,0,0,1,0,1,1,0,1,8,0,8,5,0,5,14,1,13,0,0,0,14,1,13,2020
111000,"Vergewaltigung, sexuelle N tigung und sexueller  bergriff im besonders schweren Fall einschl. mit Todesfolge    177, 178 StGB",5916000,Herne,vers.,2,0,2,0,0,0,0,0,0,0,0,0,0,0,0,0,0,0,2,0,2,0,0,0,2,0,2,2020
111000,"Vergewaltigung, sexuelle N tigung und sexueller  bergriff im besonders schweren Fall einschl. mit Todesfolge    177, 178 StGB",5916000,Herne,insg.,30,1,29,0,0,0,1,0,1,1,0,1,8,0,8,5,0,5,16,1,15,0,0,0,16,1,15,2020
111000,"Vergewaltigung, sexuelle N tigung und sexueller  bergriff im besonders schweren Fall einschl. mit Todesfolge    177, 178 StGB",3254021,Hildesheim,voll.,14,0,14,0,0,0,0,0,0,0,0,0,2,0,2,4,0,4,7,0,7,1,0,1,8,0,8,2020
111000,"Vergewaltigung, sexuelle N tigung und sexueller  bergriff im besonders schweren Fall einschl. mit Todesfolge    177, 178 StGB",3254021,Hildesheim,vers.,3,0,3,0,0,0,0,0,0,0,0,0,0,0,0,1,0,1,2,0,2,0,0,0,2,0,2,2020
111000,"Vergewaltigung, sexuelle N tigung und sexueller  bergriff im besonders schweren Fall einschl. mit Todesfolge    177, 178 StGB",3254021,Hildesheim,insg.,17,0,17,0,0,0,0,0,0,0,0,0,2,0,2,5,0,5,9,0,9,1,0,1,10,0,10,2020
111000,"Vergewaltigung, sexuelle N tigung und sexueller  bergriff im besonders schweren Fall einschl. mit Todesfolge    177, 178 StGB",9161000,Ingolstadt,voll.,13,1,12,1,0,1,0,0,0,1,0,1,4,0,4,1,0,1,7,1,6,0,0,0,7,1,6,2020
111000,"Vergewaltigung, sexuelle N tigung und sexueller  bergriff im besonders schweren Fall einschl. mit Todesfolge    177, 178 StGB",9161000,Ingolstadt,vers.,0,0,0,0,0,0,0,0,0,0,0,0,0,0,0,0,0,0,0,0,0,0,0,0,0,0,0,2020
111000,"Vergewaltigung, sexuelle N tigung und sexueller  bergriff im besonders schweren Fall einschl. mit Todesfolge    177, 178 StGB",9161000,Ingolstadt,insg.,13,1,12,1,0,1,0,0,0,1,0,1,4,0,4,1,0,1,7,1,6,0,0,0,7,1,6,2020
111000,"Vergewaltigung, sexuelle N tigung und sexueller  bergriff im besonders schweren Fall einschl. mit Todesfolge    177, 178 StGB",16053000,Jena,voll.,7,0,7,0,0,0,0,0,0,0,0,0,1,0,1,1,0,1,5,0,5,0,0,0,5,0,5,2020
111000,"Vergewaltigung, sexuelle N tigung und sexueller  bergriff im besonders schweren Fall einschl. mit Todesfolge    177, 178 StGB",16053000,Jena,vers.,0,0,0,0,0,0,0,0,0,0,0,0,0,0,0,0,0,0,0,0,0,0,0,0,0,0,0,2020
111000,"Vergewaltigung, sexuelle N tigung und sexueller  bergriff im besonders schweren Fall einschl. mit Todesfolge    177, 178 StGB",16053000,Jena,insg.,7,0,7,0,0,0,0,0,0,0,0,0,1,0,1,1,0,1,5,0,5,0,0,0,5,0,5,2020
111000,"Vergewaltigung, sexuelle N tigung und sexueller  bergriff im besonders schweren Fall einschl. mit Todesfolge    177, 178 StGB",7312000,Kaiserslautern,voll.,10,0,10,0,0,0,0,0,0,0,0,0,1,0,1,2,0,2,7,0,7,0,0,0,7,0,7,2020
111000,"Vergewaltigung, sexuelle N tigung und sexueller  bergriff im besonders schweren Fall einschl. mit Todesfolge    177, 178 StGB",7312000,Kaiserslautern,vers.,2,0,2,0,0,0,0,0,0,0,0,0,1,0,1,1,0,1,0,0,0,0,0,0,0,0,0,2020
111000,"Vergewaltigung, sexuelle N tigung und sexueller  bergriff im besonders schweren Fall einschl. mit Todesfolge    177, 178 StGB",7312000,Kaiserslautern,insg.,12,0,12,0,0,0,0,0,0,0,0,0,2,0,2,3,0,3,7,0,7,0,0,0,7,0,7,2020
111000,"Vergewaltigung, sexuelle N tigung und sexueller  bergriff im besonders schweren Fall einschl. mit Todesfolge    177, 178 StGB",8212000,Karlsruhe,voll.,41,1,40,0,0,0,0,0,0,0,0,0,8,0,8,10,1,9,23,0,23,0,0,0,23,0,23,2020
111000,"Vergewaltigung, sexuelle N tigung und sexueller  bergriff im besonders schweren Fall einschl. mit Todesfolge    177, 178 StGB",8212000,Karlsruhe,vers.,4,1,3,0,0,0,0,0,0,0,0,0,1,1,0,2,0,2,1,0,1,0,0,0,1,0,1,2020
111000,"Vergewaltigung, sexuelle N tigung und sexueller  bergriff im besonders schweren Fall einschl. mit Todesfolge    177, 178 StGB",8212000,Karlsruhe,insg.,45,2,43,0,0,0,0,0,0,0,0,0,9,1,8,12,1,11,24,0,24,0,0,0,24,0,24,2020
111000,"Vergewaltigung, sexuelle N tigung und sexueller  bergriff im besonders schweren Fall einschl. mit Todesfolge    177, 178 StGB",6611000,Kassel,voll.,52,2,50,0,0,0,0,0,0,0,0,0,9,0,9,9,0,9,32,2,30,2,0,2,34,2,32,2020
111000,"Vergewaltigung, sexuelle N tigung und sexueller  bergriff im besonders schweren Fall einschl. mit Todesfolge    177, 178 StGB",6611000,Kassel,vers.,7,0,7,0,0,0,0,0,0,0,0,0,1,0,1,1,0,1,5,0,5,0,0,0,5,0,5,2020
111000,"Vergewaltigung, sexuelle N tigung und sexueller  bergriff im besonders schweren Fall einschl. mit Todesfolge    177, 178 StGB",6611000,Kassel,insg.,59,2,57,0,0,0,0,0,0,0,0,0,10,0,10,10,0,10,37,2,35,2,0,2,39,2,37,2020
111000,"Vergewaltigung, sexuelle N tigung und sexueller  bergriff im besonders schweren Fall einschl. mit Todesfolge    177, 178 StGB",1002000,Kiel,voll.,43,2,41,0,0,0,0,0,0,0,0,0,10,1,9,8,0,8,25,1,24,0,0,0,25,1,24,2020
111000,"Vergewaltigung, sexuelle N tigung und sexueller  bergriff im besonders schweren Fall einschl. mit Todesfolge    177, 178 StGB",1002000,Kiel,vers.,4,0,4,0,0,0,0,0,0,0,0,0,0,0,0,0,0,0,4,0,4,0,0,0,4,0,4,2020
111000,"Vergewaltigung, sexuelle N tigung und sexueller  bergriff im besonders schweren Fall einschl. mit Todesfolge    177, 178 StGB",1002000,Kiel,insg.,47,2,45,0,0,0,0,0,0,0,0,0,10,1,9,8,0,8,29,1,28,0,0,0,29,1,28,2020
111000,"Vergewaltigung, sexuelle N tigung und sexueller  bergriff im besonders schweren Fall einschl. mit Todesfolge    177, 178 StGB",7111000,Koblenz,voll.,9,0,9,0,0,0,0,0,0,0,0,0,1,0,1,2,0,2,6,0,6,0,0,0,6,0,6,2020
111000,"Vergewaltigung, sexuelle N tigung und sexueller  bergriff im besonders schweren Fall einschl. mit Todesfolge    177, 178 StGB",7111000,Koblenz,vers.,0,0,0,0,0,0,0,0,0,0,0,0,0,0,0,0,0,0,0,0,0,0,0,0,0,0,0,2020
111000,"Vergewaltigung, sexuelle N tigung und sexueller  bergriff im besonders schweren Fall einschl. mit Todesfolge    177, 178 StGB",7111000,Koblenz,insg.,9,0,9,0,0,0,0,0,0,0,0,0,1,0,1,2,0,2,6,0,6,0,0,0,6,0,6,2020
111000,"Vergewaltigung, sexuelle N tigung und sexueller  bergriff im besonders schweren Fall einschl. mit Todesfolge    177, 178 StGB",5315000,K ln,voll.,197,15,182,0,0,0,1,0,1,1,0,1,34,0,34,31,1,30,131,14,117,0,0,0,131,14,117,2020
111000,"Vergewaltigung, sexuelle N tigung und sexueller  bergriff im besonders schweren Fall einschl. mit Todesfolge    177, 178 StGB",5315000,K ln,vers.,35,2,33,0,0,0,1,0,1,1,0,1,4,0,4,5,0,5,24,1,23,1,1,0,25,2,23,2020
111000,"Vergewaltigung, sexuelle N tigung und sexueller  bergriff im besonders schweren Fall einschl. mit Todesfolge    177, 178 StGB",5315000,K ln,insg.,232,17,215,0,0,0,2,0,2,2,0,2,38,0,38,36,1,35,155,15,140,1,1,0,156,16,140,2020
111000,"Vergewaltigung, sexuelle N tigung und sexueller  bergriff im besonders schweren Fall einschl. mit Todesfolge    177, 178 StGB",5114000,Krefeld,voll.,37,0,37,0,0,0,0,0,0,0,0,0,8,0,8,10,0,10,19,0,19,0,0,0,19,0,19,2020
111000,"Vergewaltigung, sexuelle N tigung und sexueller  bergriff im besonders schweren Fall einschl. mit Todesfolge    177, 178 StGB",5114000,Krefeld,vers.,3,0,3,0,0,0,0,0,0,0,0,0,0,0,0,1,0,1,2,0,2,0,0,0,2,0,2,2020
111000,"Vergewaltigung, sexuelle N tigung und sexueller  bergriff im besonders schweren Fall einschl. mit Todesfolge    177, 178 StGB",5114000,Krefeld,insg.,40,0,40,0,0,0,0,0,0,0,0,0,8,0,8,11,0,11,21,0,21,0,0,0,21,0,21,2020
111000,"Vergewaltigung, sexuelle N tigung und sexueller  bergriff im besonders schweren Fall einschl. mit Todesfolge    177, 178 StGB",14713000,Leipzig,voll.,29,1,28,0,0,0,2,0,2,2,0,2,9,1,8,6,0,6,11,0,11,1,0,1,12,0,12,2020
111000,"Vergewaltigung, sexuelle N tigung und sexueller  bergriff im besonders schweren Fall einschl. mit Todesfolge    177, 178 StGB",14713000,Leipzig,vers.,5,0,5,0,0,0,0,0,0,0,0,0,0,0,0,1,0,1,3,0,3,1,0,1,4,0,4,2020
111000,"Vergewaltigung, sexuelle N tigung und sexueller  bergriff im besonders schweren Fall einschl. mit Todesfolge    177, 178 StGB",14713000,Leipzig,insg.,34,1,33,0,0,0,2,0,2,2,0,2,9,1,8,7,0,7,14,0,14,2,0,2,16,0,16,2020
111000,"Vergewaltigung, sexuelle N tigung und sexueller  bergriff im besonders schweren Fall einschl. mit Todesfolge    177, 178 StGB",5316000,Leverkusen,voll.,22,1,21,0,0,0,0,0,0,0,0,0,7,0,7,5,0,5,10,1,9,0,0,0,10,1,9,2020
111000,"Vergewaltigung, sexuelle N tigung und sexueller  bergriff im besonders schweren Fall einschl. mit Todesfolge    177, 178 StGB",5316000,Leverkusen,vers.,1,0,1,0,0,0,1,0,1,1,0,1,0,0,0,0,0,0,0,0,0,0,0,0,0,0,0,2020
111000,"Vergewaltigung, sexuelle N tigung und sexueller  bergriff im besonders schweren Fall einschl. mit Todesfolge    177, 178 StGB",5316000,Leverkusen,insg.,23,1,22,0,0,0,1,0,1,1,0,1,7,0,7,5,0,5,10,1,9,0,0,0,10,1,9,2020
111000,"Vergewaltigung, sexuelle N tigung und sexueller  bergriff im besonders schweren Fall einschl. mit Todesfolge    177, 178 StGB",1003000,L beck,voll.,20,0,20,0,0,0,0,0,0,0,0,0,5,0,5,2,0,2,11,0,11,2,0,2,13,0,13,2020
111000,"Vergewaltigung, sexuelle N tigung und sexueller  bergriff im besonders schweren Fall einschl. mit Todesfolge    177, 178 StGB",1003000,L beck,vers.,4,1,3,0,0,0,0,0,0,0,0,0,1,0,1,1,1,0,2,0,2,0,0,0,2,0,2,2020
111000,"Vergewaltigung, sexuelle N tigung und sexueller  bergriff im besonders schweren Fall einschl. mit Todesfolge    177, 178 StGB",1003000,L beck,insg.,24,1,23,0,0,0,0,0,0,0,0,0,6,0,6,3,1,2,13,0,13,2,0,2,15,0,15,2020
111000,"Vergewaltigung, sexuelle N tigung und sexueller  bergriff im besonders schweren Fall einschl. mit Todesfolge    177, 178 StGB",7314000,Ludwigshafen am Rhein,voll.,27,1,26,0,0,0,0,0,0,0,0,0,3,0,3,4,0,4,20,1,19,0,0,0,20,1,19,2020
111000,"Vergewaltigung, sexuelle N tigung und sexueller  bergriff im besonders schweren Fall einschl. mit Todesfolge    177, 178 StGB",7314000,Ludwigshafen am Rhein,vers.,3,0,3,0,0,0,0,0,0,0,0,0,0,0,0,0,0,0,3,0,3,0,0,0,3,0,3,2020
111000,"Vergewaltigung, sexuelle N tigung und sexueller  bergriff im besonders schweren Fall einschl. mit Todesfolge    177, 178 StGB",7314000,Ludwigshafen am Rhein,insg.,30,1,29,0,0,0,0,0,0,0,0,0,3,0,3,4,0,4,23,1,22,0,0,0,23,1,22,2020
111000,"Vergewaltigung, sexuelle N tigung und sexueller  bergriff im besonders schweren Fall einschl. mit Todesfolge    177, 178 StGB",15003000,Magdeburg,voll.,34,5,29,0,0,0,0,0,0,0,0,0,10,1,9,4,0,4,20,4,16,0,0,0,20,4,16,2020
111000,"Vergewaltigung, sexuelle N tigung und sexueller  bergriff im besonders schweren Fall einschl. mit Todesfolge    177, 178 StGB",15003000,Magdeburg,vers.,3,0,3,0,0,0,0,0,0,0,0,0,0,0,0,0,0,0,3,0,3,0,0,0,3,0,3,2020
111000,"Vergewaltigung, sexuelle N tigung und sexueller  bergriff im besonders schweren Fall einschl. mit Todesfolge    177, 178 StGB",15003000,Magdeburg,insg.,37,5,32,0,0,0,0,0,0,0,0,0,10,1,9,4,0,4,23,4,19,0,0,0,23,4,19,2020
111000,"Vergewaltigung, sexuelle N tigung und sexueller  bergriff im besonders schweren Fall einschl. mit Todesfolge    177, 178 StGB",7315000,Mainz,voll.,25,1,24,0,0,0,0,0,0,0,0,0,4,0,4,4,0,4,17,1,16,0,0,0,17,1,16,2020
111000,"Vergewaltigung, sexuelle N tigung und sexueller  bergriff im besonders schweren Fall einschl. mit Todesfolge    177, 178 StGB",7315000,Mainz,vers.,3,0,3,0,0,0,0,0,0,0,0,0,1,0,1,0,0,0,2,0,2,0,0,0,2,0,2,2020
111000,"Vergewaltigung, sexuelle N tigung und sexueller  bergriff im besonders schweren Fall einschl. mit Todesfolge    177, 178 StGB",7315000,Mainz,insg.,28,1,27,0,0,0,0,0,0,0,0,0,5,0,5,4,0,4,19,1,18,0,0,0,19,1,18,2020
111000,"Vergewaltigung, sexuelle N tigung und sexueller  bergriff im besonders schweren Fall einschl. mit Todesfolge    177, 178 StGB",8222000,Mannheim,voll.,41,1,40,0,0,0,0,0,0,0,0,0,10,0,10,3,0,3,28,1,27,0,0,0,28,1,27,2020
111000,"Vergewaltigung, sexuelle N tigung und sexueller  bergriff im besonders schweren Fall einschl. mit Todesfolge    177, 178 StGB",8222000,Mannheim,vers.,2,0,2,0,0,0,0,0,0,0,0,0,0,0,0,0,0,0,2,0,2,0,0,0,2,0,2,2020
111000,"Vergewaltigung, sexuelle N tigung und sexueller  bergriff im besonders schweren Fall einschl. mit Todesfolge    177, 178 StGB",8222000,Mannheim,insg.,43,1,42,0,0,0,0,0,0,0,0,0,10,0,10,3,0,3,30,1,29,0,0,0,30,1,29,2020
111000,"Vergewaltigung, sexuelle N tigung und sexueller  bergriff im besonders schweren Fall einschl. mit Todesfolge    177, 178 StGB",5170024,Moers,voll.,7,0,7,0,0,0,0,0,0,0,0,0,2,0,2,4,0,4,1,0,1,0,0,0,1,0,1,2020
111000,"Vergewaltigung, sexuelle N tigung und sexueller  bergriff im besonders schweren Fall einschl. mit Todesfolge    177, 178 StGB",5170024,Moers,vers.,0,0,0,0,0,0,0,0,0,0,0,0,0,0,0,0,0,0,0,0,0,0,0,0,0,0,0,2020
111000,"Vergewaltigung, sexuelle N tigung und sexueller  bergriff im besonders schweren Fall einschl. mit Todesfolge    177, 178 StGB",5170024,Moers,insg.,7,0,7,0,0,0,0,0,0,0,0,0,2,0,2,4,0,4,1,0,1,0,0,0,1,0,1,2020
111000,"Vergewaltigung, sexuelle N tigung und sexueller  bergriff im besonders schweren Fall einschl. mit Todesfolge    177, 178 StGB",5116000,M nchengladbach,voll.,49,2,47,1,0,1,0,0,0,1,0,1,12,0,12,8,0,8,28,2,26,0,0,0,28,2,26,2020
111000,"Vergewaltigung, sexuelle N tigung und sexueller  bergriff im besonders schweren Fall einschl. mit Todesfolge    177, 178 StGB",5116000,M nchengladbach,vers.,3,0,3,0,0,0,0,0,0,0,0,0,1,0,1,1,0,1,1,0,1,0,0,0,1,0,1,2020
111000,"Vergewaltigung, sexuelle N tigung und sexueller  bergriff im besonders schweren Fall einschl. mit Todesfolge    177, 178 StGB",5116000,M nchengladbach,insg.,52,2,50,1,0,1,0,0,0,1,0,1,13,0,13,9,0,9,29,2,27,0,0,0,29,2,27,2020
111000,"Vergewaltigung, sexuelle N tigung und sexueller  bergriff im besonders schweren Fall einschl. mit Todesfolge    177, 178 StGB",5117000,M lheim an der Ruhr,voll.,23,0,23,0,0,0,0,0,0,0,0,0,6,0,6,5,0,5,11,0,11,1,0,1,12,0,12,2020
111000,"Vergewaltigung, sexuelle N tigung und sexueller  bergriff im besonders schweren Fall einschl. mit Todesfolge    177, 178 StGB",5117000,M lheim an der Ruhr,vers.,0,0,0,0,0,0,0,0,0,0,0,0,0,0,0,0,0,0,0,0,0,0,0,0,0,0,0,2020
111000,"Vergewaltigung, sexuelle N tigung und sexueller  bergriff im besonders schweren Fall einschl. mit Todesfolge    177, 178 StGB",5117000,M lheim an der Ruhr,insg.,23,0,23,0,0,0,0,0,0,0,0,0,6,0,6,5,0,5,11,0,11,1,0,1,12,0,12,2020
111000,"Vergewaltigung, sexuelle N tigung und sexueller  bergriff im besonders schweren Fall einschl. mit Todesfolge    177, 178 StGB",9162000,M nchen,voll.,263,12,251,0,0,0,1,0,1,1,0,1,43,2,41,44,1,43,174,9,165,1,0,1,175,9,166,2020
111000,"Vergewaltigung, sexuelle N tigung und sexueller  bergriff im besonders schweren Fall einschl. mit Todesfolge    177, 178 StGB",9162000,M nchen,vers.,30,0,30,0,0,0,0,0,0,0,0,0,8,0,8,3,0,3,18,0,18,1,0,1,19,0,19,2020
111000,"Vergewaltigung, sexuelle N tigung und sexueller  bergriff im besonders schweren Fall einschl. mit Todesfolge    177, 178 StGB",9162000,M nchen,insg.,293,12,281,0,0,0,1,0,1,1,0,1,51,2,49,47,1,46,192,9,183,2,0,2,194,9,185,2020
111000,"Vergewaltigung, sexuelle N tigung und sexueller  bergriff im besonders schweren Fall einschl. mit Todesfolge    177, 178 StGB",5515000,M nster,voll.,36,2,34,0,0,0,1,0,1,1,0,1,6,1,5,4,0,4,25,1,24,0,0,0,25,1,24,2020
111000,"Vergewaltigung, sexuelle N tigung und sexueller  bergriff im besonders schweren Fall einschl. mit Todesfolge    177, 178 StGB",5515000,M nster,vers.,9,0,9,0,0,0,0,0,0,0,0,0,0,0,0,2,0,2,6,0,6,1,0,1,7,0,7,2020
111000,"Vergewaltigung, sexuelle N tigung und sexueller  bergriff im besonders schweren Fall einschl. mit Todesfolge    177, 178 StGB",5515000,M nster,insg.,45,2,43,0,0,0,1,0,1,1,0,1,6,1,5,6,0,6,31,1,30,1,0,1,32,1,31,2020
111000,"Vergewaltigung, sexuelle N tigung und sexueller  bergriff im besonders schweren Fall einschl. mit Todesfolge    177, 178 StGB",5162024,Neuss,voll.,15,2,13,0,0,0,0,0,0,0,0,0,3,0,3,5,2,3,7,0,7,0,0,0,7,0,7,2020
111000,"Vergewaltigung, sexuelle N tigung und sexueller  bergriff im besonders schweren Fall einschl. mit Todesfolge    177, 178 StGB",5162024,Neuss,vers.,3,0,3,0,0,0,0,0,0,0,0,0,0,0,0,0,0,0,3,0,3,0,0,0,3,0,3,2020
111000,"Vergewaltigung, sexuelle N tigung und sexueller  bergriff im besonders schweren Fall einschl. mit Todesfolge    177, 178 StGB",5162024,Neuss,insg.,18,2,16,0,0,0,0,0,0,0,0,0,3,0,3,5,2,3,10,0,10,0,0,0,10,0,10,2020
111000,"Vergewaltigung, sexuelle N tigung und sexueller  bergriff im besonders schweren Fall einschl. mit Todesfolge    177, 178 StGB",9564000,N rnberg,voll.,39,1,38,0,0,0,0,0,0,0,0,0,6,0,6,9,0,9,24,1,23,0,0,0,24,1,23,2020
111000,"Vergewaltigung, sexuelle N tigung und sexueller  bergriff im besonders schweren Fall einschl. mit Todesfolge    177, 178 StGB",9564000,N rnberg,vers.,3,0,3,0,0,0,0,0,0,0,0,0,0,0,0,1,0,1,2,0,2,0,0,0,2,0,2,2020
111000,"Vergewaltigung, sexuelle N tigung und sexueller  bergriff im besonders schweren Fall einschl. mit Todesfolge    177, 178 StGB",9564000,N rnberg,insg.,42,1,41,0,0,0,0,0,0,0,0,0,6,0,6,10,0,10,26,1,25,0,0,0,26,1,25,2020
111000,"Vergewaltigung, sexuelle N tigung und sexueller  bergriff im besonders schweren Fall einschl. mit Todesfolge    177, 178 StGB",5119000,Oberhausen,voll.,17,0,17,0,0,0,1,0,1,1,0,1,1,0,1,3,0,3,12,0,12,0,0,0,12,0,12,2020
111000,"Vergewaltigung, sexuelle N tigung und sexueller  bergriff im besonders schweren Fall einschl. mit Todesfolge    177, 178 StGB",5119000,Oberhausen,vers.,2,0,2,0,0,0,0,0,0,0,0,0,0,0,0,1,0,1,1,0,1,0,0,0,1,0,1,2020
111000,"Vergewaltigung, sexuelle N tigung und sexueller  bergriff im besonders schweren Fall einschl. mit Todesfolge    177, 178 StGB",5119000,Oberhausen,insg.,19,0,19,0,0,0,1,0,1,1,0,1,1,0,1,4,0,4,13,0,13,0,0,0,13,0,13,2020
111000,"Vergewaltigung, sexuelle N tigung und sexueller  bergriff im besonders schweren Fall einschl. mit Todesfolge    177, 178 StGB",6413000,Offenbach am Main,voll.,15,0,15,0,0,0,0,0,0,0,0,0,2,0,2,3,0,3,9,0,9,1,0,1,10,0,10,2020
111000,"Vergewaltigung, sexuelle N tigung und sexueller  bergriff im besonders schweren Fall einschl. mit Todesfolge    177, 178 StGB",6413000,Offenbach am Main,vers.,2,0,2,0,0,0,0,0,0,0,0,0,0,0,0,0,0,0,2,0,2,0,0,0,2,0,2,2020
111000,"Vergewaltigung, sexuelle N tigung und sexueller  bergriff im besonders schweren Fall einschl. mit Todesfolge    177, 178 StGB",6413000,Offenbach am Main,insg.,17,0,17,0,0,0,0,0,0,0,0,0,2,0,2,3,0,3,11,0,11,1,0,1,12,0,12,2020
111000,"Vergewaltigung, sexuelle N tigung und sexueller  bergriff im besonders schweren Fall einschl. mit Todesfolge    177, 178 StGB",3403000,Oldenburg (Oldenburg),voll.,24,0,24,0,0,0,1,0,1,1,0,1,6,0,6,6,0,6,10,0,10,1,0,1,11,0,11,2020
111000,"Vergewaltigung, sexuelle N tigung und sexueller  bergriff im besonders schweren Fall einschl. mit Todesfolge    177, 178 StGB",3403000,Oldenburg (Oldenburg),vers.,0,0,0,0,0,0,0,0,0,0,0,0,0,0,0,0,0,0,0,0,0,0,0,0,0,0,0,2020
111000,"Vergewaltigung, sexuelle N tigung und sexueller  bergriff im besonders schweren Fall einschl. mit Todesfolge    177, 178 StGB",3403000,Oldenburg (Oldenburg),insg.,24,0,24,0,0,0,1,0,1,1,0,1,6,0,6,6,0,6,10,0,10,1,0,1,11,0,11,2020
111000,"Vergewaltigung, sexuelle N tigung und sexueller  bergriff im besonders schweren Fall einschl. mit Todesfolge    177, 178 StGB",3404000,Osnabr ck,voll.,35,2,33,0,0,0,1,0,1,1,0,1,15,1,14,2,0,2,17,1,16,0,0,0,17,1,16,2020
111000,"Vergewaltigung, sexuelle N tigung und sexueller  bergriff im besonders schweren Fall einschl. mit Todesfolge    177, 178 StGB",3404000,Osnabr ck,vers.,2,1,1,0,0,0,0,0,0,0,0,0,1,1,0,0,0,0,1,0,1,0,0,0,1,0,1,2020
111000,"Vergewaltigung, sexuelle N tigung und sexueller  bergriff im besonders schweren Fall einschl. mit Todesfolge    177, 178 StGB",3404000,Osnabr ck,insg.,37,3,34,0,0,0,1,0,1,1,0,1,16,2,14,2,0,2,18,1,17,0,0,0,18,1,17,2020
111000,"Vergewaltigung, sexuelle N tigung und sexueller  bergriff im besonders schweren Fall einschl. mit Todesfolge    177, 178 StGB",5774032,Paderborn,voll.,22,1,21,0,0,0,0,0,0,0,0,0,3,0,3,5,0,5,14,1,13,0,0,0,14,1,13,2020
111000,"Vergewaltigung, sexuelle N tigung und sexueller  bergriff im besonders schweren Fall einschl. mit Todesfolge    177, 178 StGB",5774032,Paderborn,vers.,2,1,1,0,0,0,0,0,0,0,0,0,0,0,0,1,0,1,1,1,0,0,0,0,1,1,0,2020
111000,"Vergewaltigung, sexuelle N tigung und sexueller  bergriff im besonders schweren Fall einschl. mit Todesfolge    177, 178 StGB",5774032,Paderborn,insg.,24,2,22,0,0,0,0,0,0,0,0,0,3,0,3,6,0,6,15,2,13,0,0,0,15,2,13,2020
111000,"Vergewaltigung, sexuelle N tigung und sexueller  bergriff im besonders schweren Fall einschl. mit Todesfolge    177, 178 StGB",8231000,Pforzheim,voll.,21,1,20,0,0,0,0,0,0,0,0,0,5,0,5,4,1,3,12,0,12,0,0,0,12,0,12,2020
111000,"Vergewaltigung, sexuelle N tigung und sexueller  bergriff im besonders schweren Fall einschl. mit Todesfolge    177, 178 StGB",8231000,Pforzheim,vers.,3,0,3,0,0,0,0,0,0,0,0,0,0,0,0,0,0,0,3,0,3,0,0,0,3,0,3,2020
111000,"Vergewaltigung, sexuelle N tigung und sexueller  bergriff im besonders schweren Fall einschl. mit Todesfolge    177, 178 StGB",8231000,Pforzheim,insg.,24,1,23,0,0,0,0,0,0,0,0,0,5,0,5,4,1,3,15,0,15,0,0,0,15,0,15,2020
111000,"Vergewaltigung, sexuelle N tigung und sexueller  bergriff im besonders schweren Fall einschl. mit Todesfolge    177, 178 StGB",12054000,Potsdam,voll.,21,1,20,0,0,0,0,0,0,0,0,0,5,0,5,2,0,2,14,1,13,0,0,0,14,1,13,2020
111000,"Vergewaltigung, sexuelle N tigung und sexueller  bergriff im besonders schweren Fall einschl. mit Todesfolge    177, 178 StGB",12054000,Potsdam,vers.,3,0,3,0,0,0,0,0,0,0,0,0,1,0,1,0,0,0,2,0,2,0,0,0,2,0,2,2020
111000,"Vergewaltigung, sexuelle N tigung und sexueller  bergriff im besonders schweren Fall einschl. mit Todesfolge    177, 178 StGB",12054000,Potsdam,insg.,24,1,23,0,0,0,0,0,0,0,0,0,6,0,6,2,0,2,16,1,15,0,0,0,16,1,15,2020
111000,"Vergewaltigung, sexuelle N tigung und sexueller  bergriff im besonders schweren Fall einschl. mit Todesfolge    177, 178 StGB",5562032,Recklinghausen,voll.,12,3,9,0,0,0,0,0,0,0,0,0,1,1,0,2,0,2,9,2,7,0,0,0,9,2,7,2020
111000,"Vergewaltigung, sexuelle N tigung und sexueller  bergriff im besonders schweren Fall einschl. mit Todesfolge    177, 178 StGB",5562032,Recklinghausen,vers.,0,0,0,0,0,0,0,0,0,0,0,0,0,0,0,0,0,0,0,0,0,0,0,0,0,0,0,2020
111000,"Vergewaltigung, sexuelle N tigung und sexueller  bergriff im besonders schweren Fall einschl. mit Todesfolge    177, 178 StGB",5562032,Recklinghausen,insg.,12,3,9,0,0,0,0,0,0,0,0,0,1,1,0,2,0,2,9,2,7,0,0,0,9,2,7,2020
111000,"Vergewaltigung, sexuelle N tigung und sexueller  bergriff im besonders schweren Fall einschl. mit Todesfolge    177, 178 StGB",9362000,Regensburg,voll.,16,0,16,0,0,0,0,0,0,0,0,0,5,0,5,1,0,1,10,0,10,0,0,0,10,0,10,2020
111000,"Vergewaltigung, sexuelle N tigung und sexueller  bergriff im besonders schweren Fall einschl. mit Todesfolge    177, 178 StGB",9362000,Regensburg,vers.,5,0,5,0,0,0,0,0,0,0,0,0,1,0,1,1,0,1,3,0,3,0,0,0,3,0,3,2020
111000,"Vergewaltigung, sexuelle N tigung und sexueller  bergriff im besonders schweren Fall einschl. mit Todesfolge    177, 178 StGB",9362000,Regensburg,insg.,21,0,21,0,0,0,0,0,0,0,0,0,6,0,6,2,0,2,13,0,13,0,0,0,13,0,13,2020
111000,"Vergewaltigung, sexuelle N tigung und sexueller  bergriff im besonders schweren Fall einschl. mit Todesfolge    177, 178 StGB",5120000,Remscheid,voll.,16,1,15,0,0,0,0,0,0,0,0,0,4,0,4,3,0,3,9,1,8,0,0,0,9,1,8,2020
111000,"Vergewaltigung, sexuelle N tigung und sexueller  bergriff im besonders schweren Fall einschl. mit Todesfolge    177, 178 StGB",5120000,Remscheid,vers.,0,0,0,0,0,0,0,0,0,0,0,0,0,0,0,0,0,0,0,0,0,0,0,0,0,0,0,2020
111000,"Vergewaltigung, sexuelle N tigung und sexueller  bergriff im besonders schweren Fall einschl. mit Todesfolge    177, 178 StGB",5120000,Remscheid,insg.,16,1,15,0,0,0,0,0,0,0,0,0,4,0,4,3,0,3,9,1,8,0,0,0,9,1,8,2020
111000,"Vergewaltigung, sexuelle N tigung und sexueller  bergriff im besonders schweren Fall einschl. mit Todesfolge    177, 178 StGB",8415061,Reutlingen,voll.,8,0,8,0,0,0,0,0,0,0,0,0,2,0,2,3,0,3,3,0,3,0,0,0,3,0,3,2020
111000,"Vergewaltigung, sexuelle N tigung und sexueller  bergriff im besonders schweren Fall einschl. mit Todesfolge    177, 178 StGB",8415061,Reutlingen,vers.,0,0,0,0,0,0,0,0,0,0,0,0,0,0,0,0,0,0,0,0,0,0,0,0,0,0,0,2020
111000,"Vergewaltigung, sexuelle N tigung und sexueller  bergriff im besonders schweren Fall einschl. mit Todesfolge    177, 178 StGB",8415061,Reutlingen,insg.,8,0,8,0,0,0,0,0,0,0,0,0,2,0,2,3,0,3,3,0,3,0,0,0,3,0,3,2020
111000,"Vergewaltigung, sexuelle N tigung und sexueller  bergriff im besonders schweren Fall einschl. mit Todesfolge    177, 178 StGB",13003000,Rostock,voll.,22,2,20,0,0,0,0,0,0,0,0,0,5,0,5,5,2,3,11,0,11,1,0,1,12,0,12,2020
111000,"Vergewaltigung, sexuelle N tigung und sexueller  bergriff im besonders schweren Fall einschl. mit Todesfolge    177, 178 StGB",13003000,Rostock,vers.,11,1,10,0,0,0,0,0,0,0,0,0,4,1,3,2,0,2,4,0,4,1,0,1,5,0,5,2020
111000,"Vergewaltigung, sexuelle N tigung und sexueller  bergriff im besonders schweren Fall einschl. mit Todesfolge    177, 178 StGB",13003000,Rostock,insg.,33,3,30,0,0,0,0,0,0,0,0,0,9,1,8,7,2,5,15,0,15,2,0,2,17,0,17,2020
111000,"Vergewaltigung, sexuelle N tigung und sexueller  bergriff im besonders schweren Fall einschl. mit Todesfolge    177, 178 StGB",10041100,Saarbr cken,voll.,17,2,15,0,0,0,0,0,0,0,0,0,1,0,1,4,1,3,12,1,11,0,0,0,12,1,11,2020
111000,"Vergewaltigung, sexuelle N tigung und sexueller  bergriff im besonders schweren Fall einschl. mit Todesfolge    177, 178 StGB",10041100,Saarbr cken,vers.,3,0,3,0,0,0,0,0,0,0,0,0,0,0,0,0,0,0,3,0,3,0,0,0,3,0,3,2020
111000,"Vergewaltigung, sexuelle N tigung und sexueller  bergriff im besonders schweren Fall einschl. mit Todesfolge    177, 178 StGB",10041100,Saarbr cken,insg.,20,2,18,0,0,0,0,0,0,0,0,0,1,0,1,4,1,3,15,1,14,0,0,0,15,1,14,2020
111000,"Vergewaltigung, sexuelle N tigung und sexueller  bergriff im besonders schweren Fall einschl. mit Todesfolge    177, 178 StGB",3102000,Salzgitter,voll.,18,2,16,0,0,0,0,0,0,0,0,0,5,1,4,6,0,6,7,1,6,0,0,0,7,1,6,2020
111000,"Vergewaltigung, sexuelle N tigung und sexueller  bergriff im besonders schweren Fall einschl. mit Todesfolge    177, 178 StGB",3102000,Salzgitter,vers.,2,0,2,0,0,0,0,0,0,0,0,0,0,0,0,1,0,1,1,0,1,0,0,0,1,0,1,2020
111000,"Vergewaltigung, sexuelle N tigung und sexueller  bergriff im besonders schweren Fall einschl. mit Todesfolge    177, 178 StGB",3102000,Salzgitter,insg.,20,2,18,0,0,0,0,0,0,0,0,0,5,1,4,7,0,7,8,1,7,0,0,0,8,1,7,2020
111000,"Vergewaltigung, sexuelle N tigung und sexueller  bergriff im besonders schweren Fall einschl. mit Todesfolge    177, 178 StGB",13004000,Schwerin,voll.,8,0,8,0,0,0,0,0,0,0,0,0,2,0,2,1,0,1,5,0,5,0,0,0,5,0,5,2020
111000,"Vergewaltigung, sexuelle N tigung und sexueller  bergriff im besonders schweren Fall einschl. mit Todesfolge    177, 178 StGB",13004000,Schwerin,vers.,1,0,1,0,0,0,0,0,0,0,0,0,0,0,0,0,0,0,1,0,1,0,0,0,1,0,1,2020
111000,"Vergewaltigung, sexuelle N tigung und sexueller  bergriff im besonders schweren Fall einschl. mit Todesfolge    177, 178 StGB",13004000,Schwerin,insg.,9,0,9,0,0,0,0,0,0,0,0,0,2,0,2,1,0,1,6,0,6,0,0,0,6,0,6,2020
111000,"Vergewaltigung, sexuelle N tigung und sexueller  bergriff im besonders schweren Fall einschl. mit Todesfolge    177, 178 StGB",5970040,Siegen,voll.,19,1,18,0,0,0,0,0,0,0,0,0,4,0,4,3,0,3,12,1,11,0,0,0,12,1,11,2020
111000,"Vergewaltigung, sexuelle N tigung und sexueller  bergriff im besonders schweren Fall einschl. mit Todesfolge    177, 178 StGB",5970040,Siegen,vers.,0,0,0,0,0,0,0,0,0,0,0,0,0,0,0,0,0,0,0,0,0,0,0,0,0,0,0,2020
111000,"Vergewaltigung, sexuelle N tigung und sexueller  bergriff im besonders schweren Fall einschl. mit Todesfolge    177, 178 StGB",5970040,Siegen,insg.,19,1,18,0,0,0,0,0,0,0,0,0,4,0,4,3,0,3,12,1,11,0,0,0,12,1,11,2020
111000,"Vergewaltigung, sexuelle N tigung und sexueller  bergriff im besonders schweren Fall einschl. mit Todesfolge    177, 178 StGB",5122000,Solingen,voll.,21,0,21,0,0,0,0,0,0,0,0,0,4,0,4,4,0,4,12,0,12,1,0,1,13,0,13,2020
111000,"Vergewaltigung, sexuelle N tigung und sexueller  bergriff im besonders schweren Fall einschl. mit Todesfolge    177, 178 StGB",5122000,Solingen,vers.,3,0,3,0,0,0,0,0,0,0,0,0,0,0,0,0,0,0,3,0,3,0,0,0,3,0,3,2020
111000,"Vergewaltigung, sexuelle N tigung und sexueller  bergriff im besonders schweren Fall einschl. mit Todesfolge    177, 178 StGB",5122000,Solingen,insg.,24,0,24,0,0,0,0,0,0,0,0,0,4,0,4,4,0,4,15,0,15,1,0,1,16,0,16,2020
111000,"Vergewaltigung, sexuelle N tigung und sexueller  bergriff im besonders schweren Fall einschl. mit Todesfolge    177, 178 StGB",8111000,Stuttgart,voll.,95,6,89,0,0,0,4,1,3,4,1,3,18,1,17,14,2,12,59,2,57,0,0,0,59,2,57,2020
111000,"Vergewaltigung, sexuelle N tigung und sexueller  bergriff im besonders schweren Fall einschl. mit Todesfolge    177, 178 StGB",8111000,Stuttgart,vers.,6,0,6,0,0,0,0,0,0,0,0,0,2,0,2,1,0,1,3,0,3,0,0,0,3,0,3,2020
111000,"Vergewaltigung, sexuelle N tigung und sexueller  bergriff im besonders schweren Fall einschl. mit Todesfolge    177, 178 StGB",8111000,Stuttgart,insg.,101,6,95,0,0,0,4,1,3,4,1,3,20,1,19,15,2,13,62,2,60,0,0,0,62,2,60,2020
111000,"Vergewaltigung, sexuelle N tigung und sexueller  bergriff im besonders schweren Fall einschl. mit Todesfolge    177, 178 StGB",7211000,Trier,voll.,18,1,17,0,0,0,0,0,0,0,0,0,6,0,6,2,1,1,10,0,10,0,0,0,10,0,10,2020
111000,"Vergewaltigung, sexuelle N tigung und sexueller  bergriff im besonders schweren Fall einschl. mit Todesfolge    177, 178 StGB",7211000,Trier,vers.,2,0,2,0,0,0,0,0,0,0,0,0,0,0,0,1,0,1,1,0,1,0,0,0,1,0,1,2020
111000,"Vergewaltigung, sexuelle N tigung und sexueller  bergriff im besonders schweren Fall einschl. mit Todesfolge    177, 178 StGB",7211000,Trier,insg.,20,1,19,0,0,0,0,0,0,0,0,0,6,0,6,3,1,2,11,0,11,0,0,0,11,0,11,2020
111000,"Vergewaltigung, sexuelle N tigung und sexueller  bergriff im besonders schweren Fall einschl. mit Todesfolge    177, 178 StGB",8421000,Ulm,voll.,14,1,13,0,0,0,0,0,0,0,0,0,3,0,3,1,0,1,10,1,9,0,0,0,10,1,9,2020
111000,"Vergewaltigung, sexuelle N tigung und sexueller  bergriff im besonders schweren Fall einschl. mit Todesfolge    177, 178 StGB",8421000,Ulm,vers.,1,0,1,0,0,0,0,0,0,0,0,0,0,0,0,0,0,0,1,0,1,0,0,0,1,0,1,2020
111000,"Vergewaltigung, sexuelle N tigung und sexueller  bergriff im besonders schweren Fall einschl. mit Todesfolge    177, 178 StGB",8421000,Ulm,insg.,15,1,14,0,0,0,0,0,0,0,0,0,3,0,3,1,0,1,11,1,10,0,0,0,11,1,10,2020
111000,"Vergewaltigung, sexuelle N tigung und sexueller  bergriff im besonders schweren Fall einschl. mit Todesfolge    177, 178 StGB",6414000,Wiesbaden,voll.,38,0,38,0,0,0,0,0,0,0,0,0,5,0,5,5,0,5,27,0,27,1,0,1,28,0,28,2020
111000,"Vergewaltigung, sexuelle N tigung und sexueller  bergriff im besonders schweren Fall einschl. mit Todesfolge    177, 178 StGB",6414000,Wiesbaden,vers.,6,2,4,0,0,0,0,0,0,0,0,0,2,1,1,2,0,2,2,1,1,0,0,0,2,1,1,2020
111000,"Vergewaltigung, sexuelle N tigung und sexueller  bergriff im besonders schweren Fall einschl. mit Todesfolge    177, 178 StGB",6414000,Wiesbaden,insg.,44,2,42,0,0,0,0,0,0,0,0,0,7,1,6,7,0,7,29,1,28,1,0,1,30,1,29,2020
111000,"Vergewaltigung, sexuelle N tigung und sexueller  bergriff im besonders schweren Fall einschl. mit Todesfolge    177, 178 StGB",3103000,Wolfsburg,voll.,9,0,9,0,0,0,0,0,0,0,0,0,4,0,4,0,0,0,5,0,5,0,0,0,5,0,5,2020
111000,"Vergewaltigung, sexuelle N tigung und sexueller  bergriff im besonders schweren Fall einschl. mit Todesfolge    177, 178 StGB",3103000,Wolfsburg,vers.,2,0,2,0,0,0,0,0,0,0,0,0,0,0,0,1,0,1,1,0,1,0,0,0,1,0,1,2020
111000,"Vergewaltigung, sexuelle N tigung und sexueller  bergriff im besonders schweren Fall einschl. mit Todesfolge    177, 178 StGB",3103000,Wolfsburg,insg.,11,0,11,0,0,0,0,0,0,0,0,0,4,0,4,1,0,1,6,0,6,0,0,0,6,0,6,2020
111000,"Vergewaltigung, sexuelle N tigung und sexueller  bergriff im besonders schweren Fall einschl. mit Todesfolge    177, 178 StGB",5124000,Wuppertal,voll.,55,2,53,0,0,0,4,1,3,4,1,3,19,0,19,8,0,8,24,1,23,0,0,0,24,1,23,2020
111000,"Vergewaltigung, sexuelle N tigung und sexueller  bergriff im besonders schweren Fall einschl. mit Todesfolge    177, 178 StGB",5124000,Wuppertal,vers.,6,0,6,0,0,0,0,0,0,0,0,0,0,0,0,0,0,0,6,0,6,0,0,0,6,0,6,2020
111000,"Vergewaltigung, sexuelle N tigung und sexueller  bergriff im besonders schweren Fall einschl. mit Todesfolge    177, 178 StGB",5124000,Wuppertal,insg.,61,2,59,0,0,0,4,1,3,4,1,3,19,0,19,8,0,8,30,1,29,0,0,0,30,1,29,2020
111000,"Vergewaltigung, sexuelle N tigung und sexueller  bergriff im besonders schweren Fall einschl. mit Todesfolge    177, 178 StGB",9663000,W rzburg,voll.,31,1,30,0,0,0,0,0,0,0,0,0,1,0,1,8,0,8,22,1,21,0,0,0,22,1,21,2020
111000,"Vergewaltigung, sexuelle N tigung und sexueller  bergriff im besonders schweren Fall einschl. mit Todesfolge    177, 178 StGB",9663000,W rzburg,vers.,3,0,3,0,0,0,0,0,0,0,0,0,0,0,0,0,0,0,3,0,3,0,0,0,3,0,3,2020
111000,"Vergewaltigung, sexuelle N tigung und sexueller  bergriff im besonders schweren Fall einschl. mit Todesfolge    177, 178 StGB",9663000,W rzburg,insg.,34,1,33,0,0,0,0,0,0,0,0,0,1,0,1,8,0,8,25,1,24,0,0,0,25,1,24,2020
210000,"Raub, r uberische Erpressung und r uberischer Angriff auf Kraftfahrer    249-252, 255, 316a StGB",5334002,Aachen,voll.,175,133,42,0,0,0,3,2,1,3,2,1,8,8,0,18,18,0,131,95,36,15,10,5,146,105,41,2020
210000,"Raub, r uberische Erpressung und r uberischer Angriff auf Kraftfahrer    249-252, 255, 316a StGB",5334002,Aachen,vers.,59,36,23,0,0,0,0,0,0,0,0,0,7,4,3,3,2,1,38,26,12,11,4,7,49,30,19,2020
210000,"Raub, r uberische Erpressung und r uberischer Angriff auf Kraftfahrer    249-252, 255, 316a StGB",5334002,Aachen,insg.,234,169,65,0,0,0,3,2,1,3,2,1,15,12,3,21,20,1,169,121,48,26,14,12,195,135,60,2020
210000,"Raub, r uberische Erpressung und r uberischer Angriff auf Kraftfahrer    249-252, 255, 316a StGB",9761000,Augsburg,voll.,96,70,26,0,0,0,10,10,0,10,10,0,9,8,1,12,8,4,59,43,16,6,1,5,65,44,21,2020
210000,"Raub, r uberische Erpressung und r uberischer Angriff auf Kraftfahrer    249-252, 255, 316a StGB",9761000,Augsburg,vers.,38,26,12,0,0,0,9,9,0,9,9,0,2,2,0,2,2,0,19,12,7,6,1,5,25,13,12,2020
210000,"Raub, r uberische Erpressung und r uberischer Angriff auf Kraftfahrer    249-252, 255, 316a StGB",9761000,Augsburg,insg.,134,96,38,0,0,0,19,19,0,19,19,0,11,10,1,14,10,4,78,55,23,12,2,10,90,57,33,2020
210000,"Raub, r uberische Erpressung und r uberischer Angriff auf Kraftfahrer    249-252, 255, 316a StGB",5378004,Bergisch Gladbach,voll.,32,23,9,0,0,0,0,0,0,0,0,0,8,6,2,5,5,0,19,12,7,0,0,0,19,12,7,2020
210000,"Raub, r uberische Erpressung und r uberischer Angriff auf Kraftfahrer    249-252, 255, 316a StGB",5378004,Bergisch Gladbach,vers.,7,4,3,0,0,0,1,0,1,1,0,1,2,2,0,0,0,0,2,1,1,2,1,1,4,2,2,2020
210000,"Raub, r uberische Erpressung und r uberischer Angriff auf Kraftfahrer    249-252, 255, 316a StGB",5378004,Bergisch Gladbach,insg.,39,27,12,0,0,0,1,0,1,1,0,1,10,8,2,5,5,0,21,13,8,2,1,1,23,14,9,2020
210000,"Raub, r uberische Erpressung und r uberischer Angriff auf Kraftfahrer    249-252, 255, 316a StGB",11000000,Berlin,voll.,4184,3223,961,3,1,2,213,190,23,216,191,25,710,652,58,429,379,50,2470,1835,635,359,166,193,2829,2001,828,2020
210000,"Raub, r uberische Erpressung und r uberischer Angriff auf Kraftfahrer    249-252, 255, 316a StGB",11000000,Berlin,vers.,988,766,222,1,0,1,87,73,14,88,73,15,163,146,17,100,83,17,562,424,138,75,40,35,637,464,173,2020
210000,"Raub, r uberische Erpressung und r uberischer Angriff auf Kraftfahrer    249-252, 255, 316a StGB",11000000,Berlin,insg.,5172,3989,1183,4,1,3,300,263,37,304,264,40,873,798,75,529,462,67,3032,2259,773,434,206,228,3466,2465,1001,2020
210000,"Raub, r uberische Erpressung und r uberischer Angriff auf Kraftfahrer    249-252, 255, 316a StGB",5711000,Bielefeld,voll.,197,163,34,0,0,0,3,2,1,3,2,1,19,18,1,27,23,4,139,117,22,9,3,6,148,120,28,2020
210000,"Raub, r uberische Erpressung und r uberischer Angriff auf Kraftfahrer    249-252, 255, 316a StGB",5711000,Bielefeld,vers.,53,36,17,0,0,0,2,1,1,2,1,1,4,4,0,6,6,0,37,23,14,4,2,2,41,25,16,2020
210000,"Raub, r uberische Erpressung und r uberischer Angriff auf Kraftfahrer    249-252, 255, 316a StGB",5711000,Bielefeld,insg.,250,199,51,0,0,0,5,3,2,5,3,2,23,22,1,33,29,4,176,140,36,13,5,8,189,145,44,2020
210000,"Raub, r uberische Erpressung und r uberischer Angriff auf Kraftfahrer    249-252, 255, 316a StGB",5911000,Bochum,voll.,152,109,43,0,0,0,1,1,0,1,1,0,16,15,1,19,16,3,101,69,32,15,8,7,116,77,39,2020
210000,"Raub, r uberische Erpressung und r uberischer Angriff auf Kraftfahrer    249-252, 255, 316a StGB",5911000,Bochum,vers.,45,37,8,0,0,0,2,1,1,2,1,1,5,5,0,7,6,1,27,22,5,4,3,1,31,25,6,2020
210000,"Raub, r uberische Erpressung und r uberischer Angriff auf Kraftfahrer    249-252, 255, 316a StGB",5911000,Bochum,insg.,197,146,51,0,0,0,3,2,1,3,2,1,21,20,1,26,22,4,128,91,37,19,11,8,147,102,45,2020
210000,"Raub, r uberische Erpressung und r uberischer Angriff auf Kraftfahrer    249-252, 255, 316a StGB",5314000,Bonn,voll.,254,210,44,0,0,0,18,16,2,18,16,2,36,35,1,26,21,5,156,123,33,18,15,3,174,138,36,2020
210000,"Raub, r uberische Erpressung und r uberischer Angriff auf Kraftfahrer    249-252, 255, 316a StGB",5314000,Bonn,vers.,77,62,15,0,0,0,4,4,0,4,4,0,6,6,0,9,5,4,51,42,9,7,5,2,58,47,11,2020
210000,"Raub, r uberische Erpressung und r uberischer Angriff auf Kraftfahrer    249-252, 255, 316a StGB",5314000,Bonn,insg.,331,272,59,0,0,0,22,20,2,22,20,2,42,41,1,35,26,9,207,165,42,25,20,5,232,185,47,2020
210000,"Raub, r uberische Erpressung und r uberischer Angriff auf Kraftfahrer    249-252, 255, 316a StGB",5512000,Bottrop,voll.,64,44,20,0,0,0,2,1,1,2,1,1,4,4,0,4,3,1,48,32,16,6,4,2,54,36,18,2020
210000,"Raub, r uberische Erpressung und r uberischer Angriff auf Kraftfahrer    249-252, 255, 316a StGB",5512000,Bottrop,vers.,16,11,5,0,0,0,0,0,0,0,0,0,3,1,2,2,2,0,7,6,1,4,2,2,11,8,3,2020
210000,"Raub, r uberische Erpressung und r uberischer Angriff auf Kraftfahrer    249-252, 255, 316a StGB",5512000,Bottrop,insg.,80,55,25,0,0,0,2,1,1,2,1,1,7,5,2,6,5,1,55,38,17,10,6,4,65,44,21,2020
210000,"Raub, r uberische Erpressung und r uberischer Angriff auf Kraftfahrer    249-252, 255, 316a StGB",3101000,Braunschweig,voll.,88,61,27,0,0,0,1,1,0,1,1,0,10,9,1,12,8,4,56,39,17,9,4,5,65,43,22,2020
210000,"Raub, r uberische Erpressung und r uberischer Angriff auf Kraftfahrer    249-252, 255, 316a StGB",3101000,Braunschweig,vers.,28,19,9,0,0,0,0,0,0,0,0,0,0,0,0,3,2,1,22,15,7,3,2,1,25,17,8,2020
210000,"Raub, r uberische Erpressung und r uberischer Angriff auf Kraftfahrer    249-252, 255, 316a StGB",3101000,Braunschweig,insg.,116,80,36,0,0,0,1,1,0,1,1,0,10,9,1,15,10,5,78,54,24,12,6,6,90,60,30,2020
210000,"Raub, r uberische Erpressung und r uberischer Angriff auf Kraftfahrer    249-252, 255, 316a StGB",4011000,Bremen,voll.,525,383,142,0,0,0,14,13,1,14,13,1,45,41,4,49,39,10,351,252,99,66,38,28,417,290,127,2020
210000,"Raub, r uberische Erpressung und r uberischer Angriff auf Kraftfahrer    249-252, 255, 316a StGB",4011000,Bremen,vers.,190,122,68,0,0,0,10,9,1,10,9,1,10,8,2,8,7,1,135,86,49,27,12,15,162,98,64,2020
210000,"Raub, r uberische Erpressung und r uberischer Angriff auf Kraftfahrer    249-252, 255, 316a StGB",4011000,Bremen,insg.,715,505,210,0,0,0,24,22,2,24,22,2,55,49,6,57,46,11,486,338,148,93,50,43,579,388,191,2020
210000,"Raub, r uberische Erpressung und r uberischer Angriff auf Kraftfahrer    249-252, 255, 316a StGB",4012000,Bremerhaven,voll.,109,74,35,0,0,0,2,2,0,2,2,0,3,3,0,11,7,4,78,53,25,15,9,6,93,62,31,2020
210000,"Raub, r uberische Erpressung und r uberischer Angriff auf Kraftfahrer    249-252, 255, 316a StGB",4012000,Bremerhaven,vers.,28,21,7,0,0,0,2,1,1,2,1,1,3,3,0,4,1,3,18,15,3,1,1,0,19,16,3,2020
210000,"Raub, r uberische Erpressung und r uberischer Angriff auf Kraftfahrer    249-252, 255, 316a StGB",4012000,Bremerhaven,insg.,137,95,42,0,0,0,4,3,1,4,3,1,6,6,0,15,8,7,96,68,28,16,10,6,112,78,34,2020
210000,"Raub, r uberische Erpressung und r uberischer Angriff auf Kraftfahrer    249-252, 255, 316a StGB",14511000,Chemnitz,voll.,175,138,37,0,0,0,4,2,2,4,2,2,16,13,3,23,21,2,118,91,27,14,11,3,132,102,30,2020
210000,"Raub, r uberische Erpressung und r uberischer Angriff auf Kraftfahrer    249-252, 255, 316a StGB",14511000,Chemnitz,vers.,18,14,4,0,0,0,0,0,0,0,0,0,4,4,0,3,3,0,10,7,3,1,0,1,11,7,4,2020
210000,"Raub, r uberische Erpressung und r uberischer Angriff auf Kraftfahrer    249-252, 255, 316a StGB",14511000,Chemnitz,insg.,193,152,41,0,0,0,4,2,2,4,2,2,20,17,3,26,24,2,128,98,30,15,11,4,143,109,34,2020
210000,"Raub, r uberische Erpressung und r uberischer Angriff auf Kraftfahrer    249-252, 255, 316a StGB",6411000,Darmstadt,voll.,72,61,11,0,0,0,2,2,0,2,2,0,10,10,0,7,7,0,47,38,9,6,4,2,53,42,11,2020
210000,"Raub, r uberische Erpressung und r uberischer Angriff auf Kraftfahrer    249-252, 255, 316a StGB",6411000,Darmstadt,vers.,19,17,2,0,0,0,1,0,1,1,0,1,0,0,0,3,3,0,12,11,1,3,3,0,15,14,1,2020
210000,"Raub, r uberische Erpressung und r uberischer Angriff auf Kraftfahrer    249-252, 255, 316a StGB",6411000,Darmstadt,insg.,91,78,13,0,0,0,3,2,1,3,2,1,10,10,0,10,10,0,59,49,10,9,7,2,68,56,12,2020
210000,"Raub, r uberische Erpressung und r uberischer Angriff auf Kraftfahrer    249-252, 255, 316a StGB",5913000,Dortmund,voll.,558,453,105,0,0,0,17,16,1,17,16,1,94,86,8,81,72,9,329,257,72,37,22,15,366,279,87,2020
210000,"Raub, r uberische Erpressung und r uberischer Angriff auf Kraftfahrer    249-252, 255, 316a StGB",5913000,Dortmund,vers.,139,111,28,0,0,0,5,4,1,5,4,1,32,28,4,22,18,4,70,57,13,10,4,6,80,61,19,2020
210000,"Raub, r uberische Erpressung und r uberischer Angriff auf Kraftfahrer    249-252, 255, 316a StGB",5913000,Dortmund,insg.,697,564,133,0,0,0,22,20,2,22,20,2,126,114,12,103,90,13,399,314,85,47,26,21,446,340,106,2020
210000,"Raub, r uberische Erpressung und r uberischer Angriff auf Kraftfahrer    249-252, 255, 316a StGB",14612000,Dresden,voll.,326,270,56,0,0,0,22,18,4,22,18,4,40,36,4,31,27,4,216,181,35,17,8,9,233,189,44,2020
210000,"Raub, r uberische Erpressung und r uberischer Angriff auf Kraftfahrer    249-252, 255, 316a StGB",14612000,Dresden,vers.,54,40,14,0,0,0,8,6,2,8,6,2,9,7,2,8,7,1,27,19,8,2,1,1,29,20,9,2020
210000,"Raub, r uberische Erpressung und r uberischer Angriff auf Kraftfahrer    249-252, 255, 316a StGB",14612000,Dresden,insg.,380,310,70,0,0,0,30,24,6,30,24,6,49,43,6,39,34,5,243,200,43,19,9,10,262,209,53,2020
210000,"Raub, r uberische Erpressung und r uberischer Angriff auf Kraftfahrer    249-252, 255, 316a StGB",5112000,Duisburg,voll.,341,210,131,0,0,0,22,19,3,22,19,3,43,37,6,40,24,16,203,117,86,33,13,20,236,130,106,2020
210000,"Raub, r uberische Erpressung und r uberischer Angriff auf Kraftfahrer    249-252, 255, 316a StGB",5112000,Duisburg,vers.,117,78,39,1,0,1,10,7,3,11,7,4,9,9,0,9,8,1,74,46,28,14,8,6,88,54,34,2020
210000,"Raub, r uberische Erpressung und r uberischer Angriff auf Kraftfahrer    249-252, 255, 316a StGB",5112000,Duisburg,insg.,458,288,170,1,0,1,32,26,6,33,26,7,52,46,6,49,32,17,277,163,114,47,21,26,324,184,140,2020
210000,"Raub, r uberische Erpressung und r uberischer Angriff auf Kraftfahrer    249-252, 255, 316a StGB",5111000,D sseldorf,voll.,541,422,119,1,1,0,17,14,3,18,15,3,83,77,6,65,57,8,336,251,85,39,22,17,375,273,102,2020
210000,"Raub, r uberische Erpressung und r uberischer Angriff auf Kraftfahrer    249-252, 255, 316a StGB",5111000,D sseldorf,vers.,116,92,24,0,0,0,4,4,0,4,4,0,17,15,2,12,11,1,71,54,17,12,8,4,83,62,21,2020
210000,"Raub, r uberische Erpressung und r uberischer Angriff auf Kraftfahrer    249-252, 255, 316a StGB",5111000,D sseldorf,insg.,657,514,143,1,1,0,21,18,3,22,19,3,100,92,8,77,68,9,407,305,102,51,30,21,458,335,123,2020
210000,"Raub, r uberische Erpressung und r uberischer Angriff auf Kraftfahrer    249-252, 255, 316a StGB",16051000,Erfurt,voll.,155,117,38,0,0,0,5,3,2,5,3,2,23,20,3,20,16,4,101,74,27,6,4,2,107,78,29,2020
210000,"Raub, r uberische Erpressung und r uberischer Angriff auf Kraftfahrer    249-252, 255, 316a StGB",16051000,Erfurt,vers.,42,34,8,0,0,0,2,1,1,2,1,1,3,3,0,3,3,0,32,25,7,2,2,0,34,27,7,2020
210000,"Raub, r uberische Erpressung und r uberischer Angriff auf Kraftfahrer    249-252, 255, 316a StGB",16051000,Erfurt,insg.,197,151,46,0,0,0,7,4,3,7,4,3,26,23,3,23,19,4,133,99,34,8,6,2,141,105,36,2020
210000,"Raub, r uberische Erpressung und r uberischer Angriff auf Kraftfahrer    249-252, 255, 316a StGB",9562000,Erlangen,voll.,15,11,4,0,0,0,1,0,1,1,0,1,2,2,0,4,3,1,8,6,2,0,0,0,8,6,2,2020
210000,"Raub, r uberische Erpressung und r uberischer Angriff auf Kraftfahrer    249-252, 255, 316a StGB",9562000,Erlangen,vers.,8,5,3,0,0,0,0,0,0,0,0,0,1,1,0,2,1,1,5,3,2,0,0,0,5,3,2,2020
210000,"Raub, r uberische Erpressung und r uberischer Angriff auf Kraftfahrer    249-252, 255, 316a StGB",9562000,Erlangen,insg.,23,16,7,0,0,0,1,0,1,1,0,1,3,3,0,6,4,2,13,9,4,0,0,0,13,9,4,2020
210000,"Raub, r uberische Erpressung und r uberischer Angriff auf Kraftfahrer    249-252, 255, 316a StGB",5113000,Essen,voll.,403,286,117,0,0,0,27,24,3,27,24,3,53,47,6,24,18,6,252,176,76,47,21,26,299,197,102,2020
210000,"Raub, r uberische Erpressung und r uberischer Angriff auf Kraftfahrer    249-252, 255, 316a StGB",5113000,Essen,vers.,95,73,22,0,0,0,6,4,2,6,4,2,11,10,1,12,11,1,56,39,17,10,9,1,66,48,18,2020
210000,"Raub, r uberische Erpressung und r uberischer Angriff auf Kraftfahrer    249-252, 255, 316a StGB",5113000,Essen,insg.,498,359,139,0,0,0,33,28,5,33,28,5,64,57,7,36,29,7,308,215,93,57,30,27,365,245,120,2020
210000,"Raub, r uberische Erpressung und r uberischer Angriff auf Kraftfahrer    249-252, 255, 316a StGB",6412000,Frankfurt am Main,voll.,802,671,131,0,0,0,21,20,1,21,20,1,59,54,5,63,54,9,595,504,91,64,39,25,659,543,116,2020
210000,"Raub, r uberische Erpressung und r uberischer Angriff auf Kraftfahrer    249-252, 255, 316a StGB",6412000,Frankfurt am Main,vers.,175,134,41,0,0,0,15,11,4,15,11,4,16,14,2,12,12,0,120,91,29,12,6,6,132,97,35,2020
210000,"Raub, r uberische Erpressung und r uberischer Angriff auf Kraftfahrer    249-252, 255, 316a StGB",6412000,Frankfurt am Main,insg.,977,805,172,0,0,0,36,31,5,36,31,5,75,68,7,75,66,9,715,595,120,76,45,31,791,640,151,2020
210000,"Raub, r uberische Erpressung und r uberischer Angriff auf Kraftfahrer    249-252, 255, 316a StGB",8311000,Freiburg im Breisgau,voll.,123,97,26,1,1,0,2,2,0,3,3,0,10,7,3,25,21,4,76,60,16,9,6,3,85,66,19,2020
210000,"Raub, r uberische Erpressung und r uberischer Angriff auf Kraftfahrer    249-252, 255, 316a StGB",8311000,Freiburg im Breisgau,vers.,32,24,8,0,0,0,1,0,1,1,0,1,4,4,0,3,2,1,22,16,6,2,2,0,24,18,6,2020
210000,"Raub, r uberische Erpressung und r uberischer Angriff auf Kraftfahrer    249-252, 255, 316a StGB",8311000,Freiburg im Breisgau,insg.,155,121,34,1,1,0,3,2,1,4,3,1,14,11,3,28,23,5,98,76,22,11,8,3,109,84,25,2020
210000,"Raub, r uberische Erpressung und r uberischer Angriff auf Kraftfahrer    249-252, 255, 316a StGB",9563000,F rth,voll.,30,21,9,0,0,0,1,1,0,1,1,0,1,1,0,0,0,0,25,18,7,3,1,2,28,19,9,2020
210000,"Raub, r uberische Erpressung und r uberischer Angriff auf Kraftfahrer    249-252, 255, 316a StGB",9563000,F rth,vers.,15,12,3,0,0,0,0,0,0,0,0,0,4,4,0,3,2,1,6,4,2,2,2,0,8,6,2,2020
210000,"Raub, r uberische Erpressung und r uberischer Angriff auf Kraftfahrer    249-252, 255, 316a StGB",9563000,F rth,insg.,45,33,12,0,0,0,1,1,0,1,1,0,5,5,0,3,2,1,31,22,9,5,3,2,36,25,11,2020
210000,"Raub, r uberische Erpressung und r uberischer Angriff auf Kraftfahrer    249-252, 255, 316a StGB",5513000,Gelsenkirchen,voll.,186,136,50,0,0,0,9,9,0,9,9,0,19,19,0,20,17,3,115,79,36,23,12,11,138,91,47,2020
210000,"Raub, r uberische Erpressung und r uberischer Angriff auf Kraftfahrer    249-252, 255, 316a StGB",5513000,Gelsenkirchen,vers.,51,33,18,0,0,0,7,5,2,7,5,2,9,8,1,3,2,1,26,16,10,6,2,4,32,18,14,2020
210000,"Raub, r uberische Erpressung und r uberischer Angriff auf Kraftfahrer    249-252, 255, 316a StGB",5513000,Gelsenkirchen,insg.,237,169,68,0,0,0,16,14,2,16,14,2,28,27,1,23,19,4,141,95,46,29,14,15,170,109,61,2020
210000,"Raub, r uberische Erpressung und r uberischer Angriff auf Kraftfahrer    249-252, 255, 316a StGB",3159016,G ttingen,voll.,73,53,20,0,0,0,0,0,0,0,0,0,7,7,0,6,6,0,53,37,16,7,3,4,60,40,20,2020
210000,"Raub, r uberische Erpressung und r uberischer Angriff auf Kraftfahrer    249-252, 255, 316a StGB",3159016,G ttingen,vers.,27,21,6,0,0,0,0,0,0,0,0,0,3,3,0,3,3,0,19,14,5,2,1,1,21,15,6,2020
210000,"Raub, r uberische Erpressung und r uberischer Angriff auf Kraftfahrer    249-252, 255, 316a StGB",3159016,G ttingen,insg.,100,74,26,0,0,0,0,0,0,0,0,0,10,10,0,9,9,0,72,51,21,9,4,5,81,55,26,2020
210000,"Raub, r uberische Erpressung und r uberischer Angriff auf Kraftfahrer    249-252, 255, 316a StGB",5754008,G tersloh,voll.,54,38,16,0,0,0,2,2,0,2,2,0,8,8,0,5,5,0,34,20,14,5,3,2,39,23,16,2020
210000,"Raub, r uberische Erpressung und r uberischer Angriff auf Kraftfahrer    249-252, 255, 316a StGB",5754008,G tersloh,vers.,11,8,3,0,0,0,3,3,0,3,3,0,0,0,0,1,1,0,6,4,2,1,0,1,7,4,3,2020
210000,"Raub, r uberische Erpressung und r uberischer Angriff auf Kraftfahrer    249-252, 255, 316a StGB",5754008,G tersloh,insg.,65,46,19,0,0,0,5,5,0,5,5,0,8,8,0,6,6,0,40,24,16,6,3,3,46,27,19,2020
210000,"Raub, r uberische Erpressung und r uberischer Angriff auf Kraftfahrer    249-252, 255, 316a StGB",5914000,Hagen,voll.,159,131,28,0,0,0,9,9,0,9,9,0,17,14,3,10,7,3,111,90,21,12,11,1,123,101,22,2020
210000,"Raub, r uberische Erpressung und r uberischer Angriff auf Kraftfahrer    249-252, 255, 316a StGB",5914000,Hagen,vers.,33,21,12,0,0,0,4,4,0,4,4,0,2,2,0,2,0,2,23,15,8,2,0,2,25,15,10,2020
210000,"Raub, r uberische Erpressung und r uberischer Angriff auf Kraftfahrer    249-252, 255, 316a StGB",5914000,Hagen,insg.,192,152,40,0,0,0,13,13,0,13,13,0,19,16,3,12,7,5,134,105,29,14,11,3,148,116,32,2020
210000,"Raub, r uberische Erpressung und r uberischer Angriff auf Kraftfahrer    249-252, 255, 316a StGB",15002000,Halle (Saale),voll.,214,161,53,0,0,0,18,18,0,18,18,0,39,38,1,24,21,3,121,78,43,12,6,6,133,84,49,2020
210000,"Raub, r uberische Erpressung und r uberischer Angriff auf Kraftfahrer    249-252, 255, 316a StGB",15002000,Halle (Saale),vers.,50,34,16,0,0,0,1,1,0,1,1,0,8,8,0,3,3,0,34,20,14,4,2,2,38,22,16,2020
210000,"Raub, r uberische Erpressung und r uberischer Angriff auf Kraftfahrer    249-252, 255, 316a StGB",15002000,Halle (Saale),insg.,264,195,69,0,0,0,19,19,0,19,19,0,47,46,1,27,24,3,155,98,57,16,8,8,171,106,65,2020
210000,"Raub, r uberische Erpressung und r uberischer Angriff auf Kraftfahrer    249-252, 255, 316a StGB",2000000,Hamburg,voll.,1465,1157,308,1,1,0,39,38,1,40,39,1,120,105,15,153,142,11,1008,783,225,144,88,56,1152,871,281,2020
210000,"Raub, r uberische Erpressung und r uberischer Angriff auf Kraftfahrer    249-252, 255, 316a StGB",2000000,Hamburg,vers.,353,256,97,0,0,0,17,15,2,17,15,2,40,33,7,36,31,5,226,160,66,34,17,17,260,177,83,2020
210000,"Raub, r uberische Erpressung und r uberischer Angriff auf Kraftfahrer    249-252, 255, 316a StGB",2000000,Hamburg,insg.,1818,1413,405,1,1,0,56,53,3,57,54,3,160,138,22,189,173,16,1234,943,291,178,105,73,1412,1048,364,2020
210000,"Raub, r uberische Erpressung und r uberischer Angriff auf Kraftfahrer    249-252, 255, 316a StGB",5915000,Hamm,voll.,129,89,40,0,0,0,6,3,3,6,3,3,12,7,5,14,11,3,85,62,23,12,6,6,97,68,29,2020
210000,"Raub, r uberische Erpressung und r uberischer Angriff auf Kraftfahrer    249-252, 255, 316a StGB",5915000,Hamm,vers.,44,34,10,0,0,0,3,3,0,3,3,0,4,4,0,3,2,1,30,24,6,4,1,3,34,25,9,2020
210000,"Raub, r uberische Erpressung und r uberischer Angriff auf Kraftfahrer    249-252, 255, 316a StGB",5915000,Hamm,insg.,173,123,50,0,0,0,9,6,3,9,6,3,16,11,5,17,13,4,115,86,29,16,7,9,131,93,38,2020
210000,"Raub, r uberische Erpressung und r uberischer Angriff auf Kraftfahrer    249-252, 255, 316a StGB",3241001,Hannover,voll.,653,525,128,1,1,0,9,8,1,10,9,1,45,41,4,55,50,5,485,398,87,58,27,31,543,425,118,2020
210000,"Raub, r uberische Erpressung und r uberischer Angriff auf Kraftfahrer    249-252, 255, 316a StGB",3241001,Hannover,vers.,135,104,31,0,0,0,4,4,0,4,4,0,17,14,3,11,9,2,91,71,20,12,6,6,103,77,26,2020
210000,"Raub, r uberische Erpressung und r uberischer Angriff auf Kraftfahrer    249-252, 255, 316a StGB",3241001,Hannover,insg.,788,629,159,1,1,0,13,12,1,14,13,1,62,55,7,66,59,7,576,469,107,70,33,37,646,502,144,2020
210000,"Raub, r uberische Erpressung und r uberischer Angriff auf Kraftfahrer    249-252, 255, 316a StGB",8221000,Heidelberg,voll.,51,39,12,0,0,0,1,1,0,1,1,0,3,3,0,4,3,1,39,29,10,4,3,1,43,32,11,2020
210000,"Raub, r uberische Erpressung und r uberischer Angriff auf Kraftfahrer    249-252, 255, 316a StGB",8221000,Heidelberg,vers.,10,7,3,0,0,0,0,0,0,0,0,0,3,3,0,2,2,0,4,1,3,1,1,0,5,2,3,2020
210000,"Raub, r uberische Erpressung und r uberischer Angriff auf Kraftfahrer    249-252, 255, 316a StGB",8221000,Heidelberg,insg.,61,46,15,0,0,0,1,1,0,1,1,0,6,6,0,6,5,1,43,30,13,5,4,1,48,34,14,2020
210000,"Raub, r uberische Erpressung und r uberischer Angriff auf Kraftfahrer    249-252, 255, 316a StGB",8121000,Heilbronn,voll.,33,25,8,0,0,0,1,1,0,1,1,0,2,1,1,1,1,0,27,21,6,2,1,1,29,22,7,2020
210000,"Raub, r uberische Erpressung und r uberischer Angriff auf Kraftfahrer    249-252, 255, 316a StGB",8121000,Heilbronn,vers.,16,11,5,0,0,0,0,0,0,0,0,0,0,0,0,1,1,0,13,10,3,2,0,2,15,10,5,2020
210000,"Raub, r uberische Erpressung und r uberischer Angriff auf Kraftfahrer    249-252, 255, 316a StGB",8121000,Heilbronn,insg.,49,36,13,0,0,0,1,1,0,1,1,0,2,1,1,2,2,0,40,31,9,4,1,3,44,32,12,2020
210000,"Raub, r uberische Erpressung und r uberischer Angriff auf Kraftfahrer    249-252, 255, 316a StGB",5916000,Herne,voll.,85,62,23,0,0,0,4,4,0,4,4,0,12,11,1,9,9,0,47,31,16,13,7,6,60,38,22,2020
210000,"Raub, r uberische Erpressung und r uberischer Angriff auf Kraftfahrer    249-252, 255, 316a StGB",5916000,Herne,vers.,15,12,3,0,0,0,1,1,0,1,1,0,2,2,0,3,3,0,4,4,0,5,2,3,9,6,3,2020
210000,"Raub, r uberische Erpressung und r uberischer Angriff auf Kraftfahrer    249-252, 255, 316a StGB",5916000,Herne,insg.,100,74,26,0,0,0,5,5,0,5,5,0,14,13,1,12,12,0,51,35,16,18,9,9,69,44,25,2020
210000,"Raub, r uberische Erpressung und r uberischer Angriff auf Kraftfahrer    249-252, 255, 316a StGB",3254021,Hildesheim,voll.,60,42,18,0,0,0,2,2,0,2,2,0,1,1,0,12,8,4,41,29,12,4,2,2,45,31,14,2020
210000,"Raub, r uberische Erpressung und r uberischer Angriff auf Kraftfahrer    249-252, 255, 316a StGB",3254021,Hildesheim,vers.,9,6,3,0,0,0,1,1,0,1,1,0,2,2,0,0,0,0,6,3,3,0,0,0,6,3,3,2020
210000,"Raub, r uberische Erpressung und r uberischer Angriff auf Kraftfahrer    249-252, 255, 316a StGB",3254021,Hildesheim,insg.,69,48,21,0,0,0,3,3,0,3,3,0,3,3,0,12,8,4,47,32,15,4,2,2,51,34,17,2020
210000,"Raub, r uberische Erpressung und r uberischer Angriff auf Kraftfahrer    249-252, 255, 316a StGB",9161000,Ingolstadt,voll.,28,18,10,0,0,0,0,0,0,0,0,0,1,1,0,4,4,0,20,11,9,3,2,1,23,13,10,2020
210000,"Raub, r uberische Erpressung und r uberischer Angriff auf Kraftfahrer    249-252, 255, 316a StGB",9161000,Ingolstadt,vers.,9,6,3,0,0,0,0,0,0,0,0,0,0,0,0,0,0,0,8,5,3,1,1,0,9,6,3,2020
210000,"Raub, r uberische Erpressung und r uberischer Angriff auf Kraftfahrer    249-252, 255, 316a StGB",9161000,Ingolstadt,insg.,37,24,13,0,0,0,0,0,0,0,0,0,1,1,0,4,4,0,28,16,12,4,3,1,32,19,13,2020
210000,"Raub, r uberische Erpressung und r uberischer Angriff auf Kraftfahrer    249-252, 255, 316a StGB",16053000,Jena,voll.,49,39,10,0,0,0,0,0,0,0,0,0,2,2,0,10,9,1,35,27,8,2,1,1,37,28,9,2020
210000,"Raub, r uberische Erpressung und r uberischer Angriff auf Kraftfahrer    249-252, 255, 316a StGB",16053000,Jena,vers.,10,9,1,0,0,0,0,0,0,0,0,0,1,1,0,1,1,0,7,6,1,1,1,0,8,7,1,2020
210000,"Raub, r uberische Erpressung und r uberischer Angriff auf Kraftfahrer    249-252, 255, 316a StGB",16053000,Jena,insg.,59,48,11,0,0,0,0,0,0,0,0,0,3,3,0,11,10,1,42,33,9,3,2,1,45,35,10,2020
210000,"Raub, r uberische Erpressung und r uberischer Angriff auf Kraftfahrer    249-252, 255, 316a StGB",7312000,Kaiserslautern,voll.,56,41,15,0,0,0,1,1,0,1,1,0,2,1,1,4,3,1,38,29,9,11,7,4,49,36,13,2020
210000,"Raub, r uberische Erpressung und r uberischer Angriff auf Kraftfahrer    249-252, 255, 316a StGB",7312000,Kaiserslautern,vers.,19,13,6,0,0,0,0,0,0,0,0,0,1,1,0,2,2,0,13,9,4,3,1,2,16,10,6,2020
210000,"Raub, r uberische Erpressung und r uberischer Angriff auf Kraftfahrer    249-252, 255, 316a StGB",7312000,Kaiserslautern,insg.,75,54,21,0,0,0,1,1,0,1,1,0,3,2,1,6,5,1,51,38,13,14,8,6,65,46,19,2020
210000,"Raub, r uberische Erpressung und r uberischer Angriff auf Kraftfahrer    249-252, 255, 316a StGB",8212000,Karlsruhe,voll.,139,106,33,1,1,0,3,3,0,4,4,0,9,5,4,11,8,3,97,77,20,18,12,6,115,89,26,2020
210000,"Raub, r uberische Erpressung und r uberischer Angriff auf Kraftfahrer    249-252, 255, 316a StGB",8212000,Karlsruhe,vers.,31,21,10,0,0,0,2,2,0,2,2,0,3,3,0,3,1,2,20,14,6,3,1,2,23,15,8,2020
210000,"Raub, r uberische Erpressung und r uberischer Angriff auf Kraftfahrer    249-252, 255, 316a StGB",8212000,Karlsruhe,insg.,170,127,43,1,1,0,5,5,0,6,6,0,12,8,4,14,9,5,117,91,26,21,13,8,138,104,34,2020
210000,"Raub, r uberische Erpressung und r uberischer Angriff auf Kraftfahrer    249-252, 255, 316a StGB",6611000,Kassel,voll.,149,107,42,1,1,0,8,7,1,9,8,1,20,17,3,9,6,3,95,67,28,16,9,7,111,76,35,2020
210000,"Raub, r uberische Erpressung und r uberischer Angriff auf Kraftfahrer    249-252, 255, 316a StGB",6611000,Kassel,vers.,40,28,12,1,1,0,3,3,0,4,4,0,2,2,0,3,2,1,27,18,9,4,2,2,31,20,11,2020
210000,"Raub, r uberische Erpressung und r uberischer Angriff auf Kraftfahrer    249-252, 255, 316a StGB",6611000,Kassel,insg.,189,135,54,2,2,0,11,10,1,13,12,1,22,19,3,12,8,4,122,85,37,20,11,9,142,96,46,2020
210000,"Raub, r uberische Erpressung und r uberischer Angriff auf Kraftfahrer    249-252, 255, 316a StGB",1002000,Kiel,voll.,204,152,52,0,0,0,3,3,0,3,3,0,18,17,1,16,14,2,139,107,32,28,11,17,167,118,49,2020
210000,"Raub, r uberische Erpressung und r uberischer Angriff auf Kraftfahrer    249-252, 255, 316a StGB",1002000,Kiel,vers.,52,38,14,0,0,0,0,0,0,0,0,0,6,6,0,5,4,1,34,24,10,7,4,3,41,28,13,2020
210000,"Raub, r uberische Erpressung und r uberischer Angriff auf Kraftfahrer    249-252, 255, 316a StGB",1002000,Kiel,insg.,256,190,66,0,0,0,3,3,0,3,3,0,24,23,1,21,18,3,173,131,42,35,15,20,208,146,62,2020
210000,"Raub, r uberische Erpressung und r uberischer Angriff auf Kraftfahrer    249-252, 255, 316a StGB",7111000,Koblenz,voll.,55,40,15,0,0,0,1,1,0,1,1,0,4,4,0,4,2,2,43,32,11,3,1,2,46,33,13,2020
210000,"Raub, r uberische Erpressung und r uberischer Angriff auf Kraftfahrer    249-252, 255, 316a StGB",7111000,Koblenz,vers.,16,10,6,0,0,0,0,0,0,0,0,0,1,1,0,2,2,0,12,7,5,1,0,1,13,7,6,2020
210000,"Raub, r uberische Erpressung und r uberischer Angriff auf Kraftfahrer    249-252, 255, 316a StGB",7111000,Koblenz,insg.,71,50,21,0,0,0,1,1,0,1,1,0,5,5,0,6,4,2,55,39,16,4,1,3,59,40,19,2020
210000,"Raub, r uberische Erpressung und r uberischer Angriff auf Kraftfahrer    249-252, 255, 316a StGB",5315000,K ln,voll.,882,667,215,0,0,0,18,16,2,18,16,2,124,105,19,73,65,8,592,433,159,75,48,27,667,481,186,2020
210000,"Raub, r uberische Erpressung und r uberischer Angriff auf Kraftfahrer    249-252, 255, 316a StGB",5315000,K ln,vers.,271,198,73,0,0,0,29,25,4,29,25,4,28,20,8,39,33,6,146,107,39,29,13,16,175,120,55,2020
210000,"Raub, r uberische Erpressung und r uberischer Angriff auf Kraftfahrer    249-252, 255, 316a StGB",5315000,K ln,insg.,1153,865,288,0,0,0,47,41,6,47,41,6,152,125,27,112,98,14,738,540,198,104,61,43,842,601,241,2020
210000,"Raub, r uberische Erpressung und r uberischer Angriff auf Kraftfahrer    249-252, 255, 316a StGB",5114000,Krefeld,voll.,178,133,45,0,0,0,8,7,1,8,7,1,18,15,3,12,9,3,122,90,32,18,12,6,140,102,38,2020
210000,"Raub, r uberische Erpressung und r uberischer Angriff auf Kraftfahrer    249-252, 255, 316a StGB",5114000,Krefeld,vers.,33,21,12,0,0,0,2,2,0,2,2,0,1,0,1,5,4,1,24,15,9,1,0,1,25,15,10,2020
210000,"Raub, r uberische Erpressung und r uberischer Angriff auf Kraftfahrer    249-252, 255, 316a StGB",5114000,Krefeld,insg.,211,154,57,0,0,0,10,9,1,10,9,1,19,15,4,17,13,4,146,105,41,19,12,7,165,117,48,2020
210000,"Raub, r uberische Erpressung und r uberischer Angriff auf Kraftfahrer    249-252, 255, 316a StGB",14713000,Leipzig,voll.,451,365,86,0,0,0,12,10,2,12,10,2,77,72,5,51,42,9,276,218,58,35,23,12,311,241,70,2020
210000,"Raub, r uberische Erpressung und r uberischer Angriff auf Kraftfahrer    249-252, 255, 316a StGB",14713000,Leipzig,vers.,69,55,14,0,0,0,7,4,3,7,4,3,13,10,3,10,8,2,35,30,5,4,3,1,39,33,6,2020
210000,"Raub, r uberische Erpressung und r uberischer Angriff auf Kraftfahrer    249-252, 255, 316a StGB",14713000,Leipzig,insg.,520,420,100,0,0,0,19,14,5,19,14,5,90,82,8,61,50,11,311,248,63,39,26,13,350,274,76,2020
210000,"Raub, r uberische Erpressung und r uberischer Angriff auf Kraftfahrer    249-252, 255, 316a StGB",5316000,Leverkusen,voll.,77,51,26,0,0,0,0,0,0,0,0,0,13,13,0,14,9,5,49,29,20,1,0,1,50,29,21,2020
210000,"Raub, r uberische Erpressung und r uberischer Angriff auf Kraftfahrer    249-252, 255, 316a StGB",5316000,Leverkusen,vers.,17,11,6,0,0,0,1,1,0,1,1,0,1,0,1,1,1,0,12,8,4,2,1,1,14,9,5,2020
210000,"Raub, r uberische Erpressung und r uberischer Angriff auf Kraftfahrer    249-252, 255, 316a StGB",5316000,Leverkusen,insg.,94,62,32,0,0,0,1,1,0,1,1,0,14,13,1,15,10,5,61,37,24,3,1,2,64,38,26,2020
210000,"Raub, r uberische Erpressung und r uberischer Angriff auf Kraftfahrer    249-252, 255, 316a StGB",1003000,L beck,voll.,113,79,34,0,0,0,0,0,0,0,0,0,7,7,0,6,3,3,86,63,23,14,6,8,100,69,31,2020
210000,"Raub, r uberische Erpressung und r uberischer Angriff auf Kraftfahrer    249-252, 255, 316a StGB",1003000,L beck,vers.,43,36,7,0,0,0,1,1,0,1,1,0,6,6,0,2,1,1,30,25,5,4,3,1,34,28,6,2020
210000,"Raub, r uberische Erpressung und r uberischer Angriff auf Kraftfahrer    249-252, 255, 316a StGB",1003000,L beck,insg.,156,115,41,0,0,0,1,1,0,1,1,0,13,13,0,8,4,4,116,88,28,18,9,9,134,97,37,2020
210000,"Raub, r uberische Erpressung und r uberischer Angriff auf Kraftfahrer    249-252, 255, 316a StGB",7314000,Ludwigshafen am Rhein,voll.,121,105,16,0,0,0,17,15,2,17,15,2,16,15,1,19,18,1,61,52,9,8,5,3,69,57,12,2020
210000,"Raub, r uberische Erpressung und r uberischer Angriff auf Kraftfahrer    249-252, 255, 316a StGB",7314000,Ludwigshafen am Rhein,vers.,36,30,6,0,0,0,7,7,0,7,7,0,10,8,2,2,2,0,14,11,3,3,2,1,17,13,4,2020
210000,"Raub, r uberische Erpressung und r uberischer Angriff auf Kraftfahrer    249-252, 255, 316a StGB",7314000,Ludwigshafen am Rhein,insg.,157,135,22,0,0,0,24,22,2,24,22,2,26,23,3,21,20,1,75,63,12,11,7,4,86,70,16,2020
210000,"Raub, r uberische Erpressung und r uberischer Angriff auf Kraftfahrer    249-252, 255, 316a StGB",15003000,Magdeburg,voll.,203,148,55,1,0,1,13,12,1,14,12,2,43,38,5,28,25,3,103,65,38,15,8,7,118,73,45,2020
210000,"Raub, r uberische Erpressung und r uberischer Angriff auf Kraftfahrer    249-252, 255, 316a StGB",15003000,Magdeburg,vers.,48,39,9,0,0,0,2,2,0,2,2,0,8,8,0,8,6,2,28,22,6,2,1,1,30,23,7,2020
210000,"Raub, r uberische Erpressung und r uberischer Angriff auf Kraftfahrer    249-252, 255, 316a StGB",15003000,Magdeburg,insg.,251,187,64,1,0,1,15,14,1,16,14,2,51,46,5,36,31,5,131,87,44,17,9,8,148,96,52,2020
210000,"Raub, r uberische Erpressung und r uberischer Angriff auf Kraftfahrer    249-252, 255, 316a StGB",7315000,Mainz,voll.,78,64,14,0,0,0,1,1,0,1,1,0,11,10,1,6,6,0,55,44,11,5,3,2,60,47,13,2020
210000,"Raub, r uberische Erpressung und r uberischer Angriff auf Kraftfahrer    249-252, 255, 316a StGB",7315000,Mainz,vers.,30,26,4,0,0,0,2,2,0,2,2,0,6,6,0,2,2,0,15,12,3,5,4,1,20,16,4,2020
210000,"Raub, r uberische Erpressung und r uberischer Angriff auf Kraftfahrer    249-252, 255, 316a StGB",7315000,Mainz,insg.,108,90,18,0,0,0,3,3,0,3,3,0,17,16,1,8,8,0,70,56,14,10,7,3,80,63,17,2020
210000,"Raub, r uberische Erpressung und r uberischer Angriff auf Kraftfahrer    249-252, 255, 316a StGB",8222000,Mannheim,voll.,153,112,41,0,0,0,6,6,0,6,6,0,14,13,1,13,10,3,106,77,29,14,6,8,120,83,37,2020
210000,"Raub, r uberische Erpressung und r uberischer Angriff auf Kraftfahrer    249-252, 255, 316a StGB",8222000,Mannheim,vers.,35,26,9,0,0,0,4,3,1,4,3,1,3,3,0,3,3,0,23,17,6,2,0,2,25,17,8,2020
210000,"Raub, r uberische Erpressung und r uberischer Angriff auf Kraftfahrer    249-252, 255, 316a StGB",8222000,Mannheim,insg.,188,138,50,0,0,0,10,9,1,10,9,1,17,16,1,16,13,3,129,94,35,16,6,10,145,100,45,2020
210000,"Raub, r uberische Erpressung und r uberischer Angriff auf Kraftfahrer    249-252, 255, 316a StGB",5170024,Moers,voll.,32,21,11,0,0,0,1,1,0,1,1,0,2,2,0,3,3,0,20,11,9,6,4,2,26,15,11,2020
210000,"Raub, r uberische Erpressung und r uberischer Angriff auf Kraftfahrer    249-252, 255, 316a StGB",5170024,Moers,vers.,24,17,7,0,0,0,3,3,0,3,3,0,8,4,4,4,4,0,6,3,3,3,3,0,9,6,3,2020
210000,"Raub, r uberische Erpressung und r uberischer Angriff auf Kraftfahrer    249-252, 255, 316a StGB",5170024,Moers,insg.,56,38,18,0,0,0,4,4,0,4,4,0,10,6,4,7,7,0,26,14,12,9,7,2,35,21,14,2020
210000,"Raub, r uberische Erpressung und r uberischer Angriff auf Kraftfahrer    249-252, 255, 316a StGB",5116000,M nchengladbach,voll.,163,119,44,0,0,0,3,3,0,3,3,0,21,21,0,12,11,1,112,75,37,15,9,6,127,84,43,2020
210000,"Raub, r uberische Erpressung und r uberischer Angriff auf Kraftfahrer    249-252, 255, 316a StGB",5116000,M nchengladbach,vers.,47,37,10,0,0,0,4,2,2,4,2,2,12,9,3,4,3,1,25,22,3,2,1,1,27,23,4,2020
210000,"Raub, r uberische Erpressung und r uberischer Angriff auf Kraftfahrer    249-252, 255, 316a StGB",5116000,M nchengladbach,insg.,210,156,54,0,0,0,7,5,2,7,5,2,33,30,3,16,14,2,137,97,40,17,10,7,154,107,47,2020
210000,"Raub, r uberische Erpressung und r uberischer Angriff auf Kraftfahrer    249-252, 255, 316a StGB",5117000,M lheim an der Ruhr,voll.,60,36,24,0,0,0,8,7,1,8,7,1,10,7,3,7,5,2,28,15,13,7,2,5,35,17,18,2020
210000,"Raub, r uberische Erpressung und r uberischer Angriff auf Kraftfahrer    249-252, 255, 316a StGB",5117000,M lheim an der Ruhr,vers.,27,24,3,0,0,0,2,2,0,2,2,0,3,3,0,3,3,0,18,16,2,1,0,1,19,16,3,2020
210000,"Raub, r uberische Erpressung und r uberischer Angriff auf Kraftfahrer    249-252, 255, 316a StGB",5117000,M lheim an der Ruhr,insg.,87,60,27,0,0,0,10,9,1,10,9,1,13,10,3,10,8,2,46,31,15,8,2,6,54,33,21,2020
210000,"Raub, r uberische Erpressung und r uberischer Angriff auf Kraftfahrer    249-252, 255, 316a StGB",9162000,M nchen,voll.,410,310,100,0,0,0,6,6,0,6,6,0,29,24,5,42,36,6,299,226,73,34,18,16,333,244,89,2020
210000,"Raub, r uberische Erpressung und r uberischer Angriff auf Kraftfahrer    249-252, 255, 316a StGB",9162000,M nchen,vers.,141,101,40,1,1,0,2,2,0,3,3,0,16,12,4,15,12,3,100,71,29,7,3,4,107,74,33,2020
210000,"Raub, r uberische Erpressung und r uberischer Angriff auf Kraftfahrer    249-252, 255, 316a StGB",9162000,M nchen,insg.,551,411,140,1,1,0,8,8,0,9,9,0,45,36,9,57,48,9,399,297,102,41,21,20,440,318,122,2020
210000,"Raub, r uberische Erpressung und r uberischer Angriff auf Kraftfahrer    249-252, 255, 316a StGB",5515000,M nster,voll.,167,133,34,0,0,0,5,4,1,5,4,1,20,19,1,24,19,5,105,85,20,13,6,7,118,91,27,2020
210000,"Raub, r uberische Erpressung und r uberischer Angriff auf Kraftfahrer    249-252, 255, 316a StGB",5515000,M nster,vers.,41,32,9,0,0,0,3,2,1,3,2,1,4,4,0,6,6,0,23,16,7,5,4,1,28,20,8,2020
210000,"Raub, r uberische Erpressung und r uberischer Angriff auf Kraftfahrer    249-252, 255, 316a StGB",5515000,M nster,insg.,208,165,43,0,0,0,8,6,2,8,6,2,24,23,1,30,25,5,128,101,27,18,10,8,146,111,35,2020
210000,"Raub, r uberische Erpressung und r uberischer Angriff auf Kraftfahrer    249-252, 255, 316a StGB",5162024,Neuss,voll.,101,79,22,0,0,0,5,4,1,5,4,1,22,20,2,11,10,1,57,42,15,6,3,3,63,45,18,2020
210000,"Raub, r uberische Erpressung und r uberischer Angriff auf Kraftfahrer    249-252, 255, 316a StGB",5162024,Neuss,vers.,26,16,10,0,0,0,3,3,0,3,3,0,5,4,1,2,0,2,13,8,5,3,1,2,16,9,7,2020
210000,"Raub, r uberische Erpressung und r uberischer Angriff auf Kraftfahrer    249-252, 255, 316a StGB",5162024,Neuss,insg.,127,95,32,0,0,0,8,7,1,8,7,1,27,24,3,13,10,3,70,50,20,9,4,5,79,54,25,2020
210000,"Raub, r uberische Erpressung und r uberischer Angriff auf Kraftfahrer    249-252, 255, 316a StGB",9564000,N rnberg,voll.,154,108,46,0,0,0,5,5,0,5,5,0,7,4,3,14,11,3,114,85,29,14,3,11,128,88,40,2020
210000,"Raub, r uberische Erpressung und r uberischer Angriff auf Kraftfahrer    249-252, 255, 316a StGB",9564000,N rnberg,vers.,64,49,15,0,0,0,10,10,0,10,10,0,5,3,2,0,0,0,44,33,11,5,3,2,49,36,13,2020
210000,"Raub, r uberische Erpressung und r uberischer Angriff auf Kraftfahrer    249-252, 255, 316a StGB",9564000,N rnberg,insg.,218,157,61,0,0,0,15,15,0,15,15,0,12,7,5,14,11,3,158,118,40,19,6,13,177,124,53,2020
210000,"Raub, r uberische Erpressung und r uberischer Angriff auf Kraftfahrer    249-252, 255, 316a StGB",5119000,Oberhausen,voll.,133,91,42,0,0,0,10,9,1,10,9,1,17,16,1,15,14,1,79,50,29,12,2,10,91,52,39,2020
210000,"Raub, r uberische Erpressung und r uberischer Angriff auf Kraftfahrer    249-252, 255, 316a StGB",5119000,Oberhausen,vers.,28,20,8,0,0,0,3,2,1,3,2,1,6,4,2,4,3,1,13,10,3,2,1,1,15,11,4,2020
210000,"Raub, r uberische Erpressung und r uberischer Angriff auf Kraftfahrer    249-252, 255, 316a StGB",5119000,Oberhausen,insg.,161,111,50,0,0,0,13,11,2,13,11,2,23,20,3,19,17,2,92,60,32,14,3,11,106,63,43,2020
210000,"Raub, r uberische Erpressung und r uberischer Angriff auf Kraftfahrer    249-252, 255, 316a StGB",6413000,Offenbach am Main,voll.,59,40,19,0,0,0,1,1,0,1,1,0,7,6,1,3,1,2,41,29,12,7,3,4,48,32,16,2020
210000,"Raub, r uberische Erpressung und r uberischer Angriff auf Kraftfahrer    249-252, 255, 316a StGB",6413000,Offenbach am Main,vers.,20,14,6,0,0,0,3,2,1,3,2,1,1,1,0,2,2,0,14,9,5,0,0,0,14,9,5,2020
210000,"Raub, r uberische Erpressung und r uberischer Angriff auf Kraftfahrer    249-252, 255, 316a StGB",6413000,Offenbach am Main,insg.,79,54,25,0,0,0,4,3,1,4,3,1,8,7,1,5,3,2,55,38,17,7,3,4,62,41,21,2020
210000,"Raub, r uberische Erpressung und r uberischer Angriff auf Kraftfahrer    249-252, 255, 316a StGB",3403000,Oldenburg (Oldenburg),voll.,111,72,39,0,0,0,4,2,2,4,2,2,11,10,1,14,7,7,74,50,24,8,3,5,82,53,29,2020
210000,"Raub, r uberische Erpressung und r uberischer Angriff auf Kraftfahrer    249-252, 255, 316a StGB",3403000,Oldenburg (Oldenburg),vers.,35,22,13,0,0,0,1,1,0,1,1,0,5,3,2,2,2,0,24,16,8,3,0,3,27,16,11,2020
210000,"Raub, r uberische Erpressung und r uberischer Angriff auf Kraftfahrer    249-252, 255, 316a StGB",3403000,Oldenburg (Oldenburg),insg.,146,94,52,0,0,0,5,3,2,5,3,2,16,13,3,16,9,7,98,66,32,11,3,8,109,69,40,2020
210000,"Raub, r uberische Erpressung und r uberischer Angriff auf Kraftfahrer    249-252, 255, 316a StGB",3404000,Osnabr ck,voll.,107,83,24,0,0,0,3,3,0,3,3,0,5,5,0,14,12,2,70,52,18,15,11,4,85,63,22,2020
210000,"Raub, r uberische Erpressung und r uberischer Angriff auf Kraftfahrer    249-252, 255, 316a StGB",3404000,Osnabr ck,vers.,38,31,7,0,0,0,0,0,0,0,0,0,3,3,0,2,2,0,29,24,5,4,2,2,33,26,7,2020
210000,"Raub, r uberische Erpressung und r uberischer Angriff auf Kraftfahrer    249-252, 255, 316a StGB",3404000,Osnabr ck,insg.,145,114,31,0,0,0,3,3,0,3,3,0,8,8,0,16,14,2,99,76,23,19,13,6,118,89,29,2020
210000,"Raub, r uberische Erpressung und r uberischer Angriff auf Kraftfahrer    249-252, 255, 316a StGB",5774032,Paderborn,voll.,71,59,12,0,0,0,2,2,0,2,2,0,8,8,0,11,9,2,44,37,7,6,3,3,50,40,10,2020
210000,"Raub, r uberische Erpressung und r uberischer Angriff auf Kraftfahrer    249-252, 255, 316a StGB",5774032,Paderborn,vers.,20,17,3,0,0,0,0,0,0,0,0,0,1,1,0,4,4,0,11,10,1,4,2,2,15,12,3,2020
210000,"Raub, r uberische Erpressung und r uberischer Angriff auf Kraftfahrer    249-252, 255, 316a StGB",5774032,Paderborn,insg.,91,76,15,0,0,0,2,2,0,2,2,0,9,9,0,15,13,2,55,47,8,10,5,5,65,52,13,2020
210000,"Raub, r uberische Erpressung und r uberischer Angriff auf Kraftfahrer    249-252, 255, 316a StGB",8231000,Pforzheim,voll.,48,38,10,1,1,0,0,0,0,1,1,0,7,7,0,8,6,2,29,22,7,3,2,1,32,24,8,2020
210000,"Raub, r uberische Erpressung und r uberischer Angriff auf Kraftfahrer    249-252, 255, 316a StGB",8231000,Pforzheim,vers.,13,11,2,1,1,0,0,0,0,1,1,0,2,2,0,1,1,0,9,7,2,0,0,0,9,7,2,2020
210000,"Raub, r uberische Erpressung und r uberischer Angriff auf Kraftfahrer    249-252, 255, 316a StGB",8231000,Pforzheim,insg.,61,49,12,2,2,0,0,0,0,2,2,0,9,9,0,9,7,2,38,29,9,3,2,1,41,31,10,2020
210000,"Raub, r uberische Erpressung und r uberischer Angriff auf Kraftfahrer    249-252, 255, 316a StGB",12054000,Potsdam,voll.,84,73,11,0,0,0,0,0,0,0,0,0,23,22,1,15,15,0,42,36,6,4,0,4,46,36,10,2020
210000,"Raub, r uberische Erpressung und r uberischer Angriff auf Kraftfahrer    249-252, 255, 316a StGB",12054000,Potsdam,vers.,17,14,3,0,0,0,0,0,0,0,0,0,3,3,0,3,2,1,9,8,1,2,1,1,11,9,2,2020
210000,"Raub, r uberische Erpressung und r uberischer Angriff auf Kraftfahrer    249-252, 255, 316a StGB",12054000,Potsdam,insg.,101,87,14,0,0,0,0,0,0,0,0,0,26,25,1,18,17,1,51,44,7,6,1,5,57,45,12,2020
210000,"Raub, r uberische Erpressung und r uberischer Angriff auf Kraftfahrer    249-252, 255, 316a StGB",5562032,Recklinghausen,voll.,72,43,29,0,0,0,2,0,2,2,0,2,6,4,2,8,5,3,44,30,14,12,4,8,56,34,22,2020
210000,"Raub, r uberische Erpressung und r uberischer Angriff auf Kraftfahrer    249-252, 255, 316a StGB",5562032,Recklinghausen,vers.,27,12,15,0,0,0,6,6,0,6,6,0,1,1,0,1,1,0,14,4,10,5,0,5,19,4,15,2020
210000,"Raub, r uberische Erpressung und r uberischer Angriff auf Kraftfahrer    249-252, 255, 316a StGB",5562032,Recklinghausen,insg.,99,55,44,0,0,0,8,6,2,8,6,2,7,5,2,9,6,3,58,34,24,17,4,13,75,38,37,2020
210000,"Raub, r uberische Erpressung und r uberischer Angriff auf Kraftfahrer    249-252, 255, 316a StGB",9362000,Regensburg,voll.,42,33,9,0,0,0,0,0,0,0,0,0,9,8,1,10,7,3,22,17,5,1,1,0,23,18,5,2020
210000,"Raub, r uberische Erpressung und r uberischer Angriff auf Kraftfahrer    249-252, 255, 316a StGB",9362000,Regensburg,vers.,19,17,2,0,0,0,0,0,0,0,0,0,2,2,0,2,2,0,14,12,2,1,1,0,15,13,2,2020
210000,"Raub, r uberische Erpressung und r uberischer Angriff auf Kraftfahrer    249-252, 255, 316a StGB",9362000,Regensburg,insg.,61,50,11,0,0,0,0,0,0,0,0,0,11,10,1,12,9,3,36,29,7,2,2,0,38,31,7,2020
210000,"Raub, r uberische Erpressung und r uberischer Angriff auf Kraftfahrer    249-252, 255, 316a StGB",5120000,Remscheid,voll.,43,32,11,0,0,0,2,2,0,2,2,0,4,4,0,6,6,0,25,16,9,6,4,2,31,20,11,2020
210000,"Raub, r uberische Erpressung und r uberischer Angriff auf Kraftfahrer    249-252, 255, 316a StGB",5120000,Remscheid,vers.,8,7,1,0,0,0,1,1,0,1,1,0,1,1,0,1,1,0,3,2,1,2,2,0,5,4,1,2020
210000,"Raub, r uberische Erpressung und r uberischer Angriff auf Kraftfahrer    249-252, 255, 316a StGB",5120000,Remscheid,insg.,51,39,12,0,0,0,3,3,0,3,3,0,5,5,0,7,7,0,28,18,10,8,6,2,36,24,12,2020
210000,"Raub, r uberische Erpressung und r uberischer Angriff auf Kraftfahrer    249-252, 255, 316a StGB",8415061,Reutlingen,voll.,38,32,6,0,0,0,1,1,0,1,1,0,7,7,0,6,5,1,24,19,5,0,0,0,24,19,5,2020
210000,"Raub, r uberische Erpressung und r uberischer Angriff auf Kraftfahrer    249-252, 255, 316a StGB",8415061,Reutlingen,vers.,6,5,1,0,0,0,1,1,0,1,1,0,1,1,0,1,1,0,3,2,1,0,0,0,3,2,1,2020
210000,"Raub, r uberische Erpressung und r uberischer Angriff auf Kraftfahrer    249-252, 255, 316a StGB",8415061,Reutlingen,insg.,44,37,7,0,0,0,2,2,0,2,2,0,8,8,0,7,6,1,27,21,6,0,0,0,27,21,6,2020
210000,"Raub, r uberische Erpressung und r uberischer Angriff auf Kraftfahrer    249-252, 255, 316a StGB",13003000,Rostock,voll.,133,103,30,0,0,0,4,4,0,4,4,0,18,18,0,15,14,1,88,61,27,8,6,2,96,67,29,2020
210000,"Raub, r uberische Erpressung und r uberischer Angriff auf Kraftfahrer    249-252, 255, 316a StGB",13003000,Rostock,vers.,18,12,6,0,0,0,1,0,1,1,0,1,1,0,1,0,0,0,15,12,3,1,0,1,16,12,4,2020
210000,"Raub, r uberische Erpressung und r uberischer Angriff auf Kraftfahrer    249-252, 255, 316a StGB",13003000,Rostock,insg.,151,115,36,0,0,0,5,4,1,5,4,1,19,18,1,15,14,1,103,73,30,9,6,3,112,79,33,2020
210000,"Raub, r uberische Erpressung und r uberischer Angriff auf Kraftfahrer    249-252, 255, 316a StGB",10041100,Saarbr cken,voll.,204,162,42,0,0,0,3,2,1,3,2,1,14,14,0,20,16,4,139,111,28,28,19,9,167,130,37,2020
210000,"Raub, r uberische Erpressung und r uberischer Angriff auf Kraftfahrer    249-252, 255, 316a StGB",10041100,Saarbr cken,vers.,40,23,17,0,0,0,2,1,1,2,1,1,6,3,3,4,4,0,26,13,13,2,2,0,28,15,13,2020
210000,"Raub, r uberische Erpressung und r uberischer Angriff auf Kraftfahrer    249-252, 255, 316a StGB",10041100,Saarbr cken,insg.,244,185,59,0,0,0,5,3,2,5,3,2,20,17,3,24,20,4,165,124,41,30,21,9,195,145,50,2020
210000,"Raub, r uberische Erpressung und r uberischer Angriff auf Kraftfahrer    249-252, 255, 316a StGB",3102000,Salzgitter,voll.,48,32,16,0,0,0,0,0,0,0,0,0,10,10,0,7,7,0,27,13,14,4,2,2,31,15,16,2020
210000,"Raub, r uberische Erpressung und r uberischer Angriff auf Kraftfahrer    249-252, 255, 316a StGB",3102000,Salzgitter,vers.,16,11,5,0,0,0,1,1,0,1,1,0,4,4,0,0,0,0,9,5,4,2,1,1,11,6,5,2020
210000,"Raub, r uberische Erpressung und r uberischer Angriff auf Kraftfahrer    249-252, 255, 316a StGB",3102000,Salzgitter,insg.,64,43,21,0,0,0,1,1,0,1,1,0,14,14,0,7,7,0,36,18,18,6,3,3,42,21,21,2020
210000,"Raub, r uberische Erpressung und r uberischer Angriff auf Kraftfahrer    249-252, 255, 316a StGB",13004000,Schwerin,voll.,51,35,16,0,0,0,0,0,0,0,0,0,1,0,1,4,4,0,36,27,9,10,4,6,46,31,15,2020
210000,"Raub, r uberische Erpressung und r uberischer Angriff auf Kraftfahrer    249-252, 255, 316a StGB",13004000,Schwerin,vers.,16,8,8,0,0,0,2,0,2,2,0,2,0,0,0,4,3,1,9,4,5,1,1,0,10,5,5,2020
210000,"Raub, r uberische Erpressung und r uberischer Angriff auf Kraftfahrer    249-252, 255, 316a StGB",13004000,Schwerin,insg.,67,43,24,0,0,0,2,0,2,2,0,2,1,0,1,8,7,1,45,31,14,11,5,6,56,36,20,2020
210000,"Raub, r uberische Erpressung und r uberischer Angriff auf Kraftfahrer    249-252, 255, 316a StGB",5970040,Siegen,voll.,55,36,19,0,0,0,0,0,0,0,0,0,5,4,1,7,5,2,40,25,15,3,2,1,43,27,16,2020
210000,"Raub, r uberische Erpressung und r uberischer Angriff auf Kraftfahrer    249-252, 255, 316a StGB",5970040,Siegen,vers.,11,9,2,0,0,0,0,0,0,0,0,0,2,2,0,0,0,0,9,7,2,0,0,0,9,7,2,2020
210000,"Raub, r uberische Erpressung und r uberischer Angriff auf Kraftfahrer    249-252, 255, 316a StGB",5970040,Siegen,insg.,66,45,21,0,0,0,0,0,0,0,0,0,7,6,1,7,5,2,49,32,17,3,2,1,52,34,18,2020
210000,"Raub, r uberische Erpressung und r uberischer Angriff auf Kraftfahrer    249-252, 255, 316a StGB",5122000,Solingen,voll.,75,58,17,0,0,0,9,8,1,9,8,1,9,8,1,8,7,1,46,33,13,3,2,1,49,35,14,2020
210000,"Raub, r uberische Erpressung und r uberischer Angriff auf Kraftfahrer    249-252, 255, 316a StGB",5122000,Solingen,vers.,14,12,2,0,0,0,1,1,0,1,1,0,3,3,0,0,0,0,10,8,2,0,0,0,10,8,2,2020
210000,"Raub, r uberische Erpressung und r uberischer Angriff auf Kraftfahrer    249-252, 255, 316a StGB",5122000,Solingen,insg.,89,70,19,0,0,0,10,9,1,10,9,1,12,11,1,8,7,1,56,41,15,3,2,1,59,43,16,2020
210000,"Raub, r uberische Erpressung und r uberischer Angriff auf Kraftfahrer    249-252, 255, 316a StGB",8111000,Stuttgart,voll.,419,301,118,0,0,0,10,5,5,10,5,5,23,21,2,43,36,7,312,222,90,31,17,14,343,239,104,2020
210000,"Raub, r uberische Erpressung und r uberischer Angriff auf Kraftfahrer    249-252, 255, 316a StGB",8111000,Stuttgart,vers.,158,115,43,0,0,0,2,2,0,2,2,0,12,7,5,14,12,2,118,89,29,12,5,7,130,94,36,2020
210000,"Raub, r uberische Erpressung und r uberischer Angriff auf Kraftfahrer    249-252, 255, 316a StGB",8111000,Stuttgart,insg.,577,416,161,0,0,0,12,7,5,12,7,5,35,28,7,57,48,9,430,311,119,43,22,21,473,333,140,2020
210000,"Raub, r uberische Erpressung und r uberischer Angriff auf Kraftfahrer    249-252, 255, 316a StGB",7211000,Trier,voll.,65,49,16,0,0,0,2,1,1,2,1,1,6,6,0,9,8,1,47,33,14,1,1,0,48,34,14,2020
210000,"Raub, r uberische Erpressung und r uberischer Angriff auf Kraftfahrer    249-252, 255, 316a StGB",7211000,Trier,vers.,8,4,4,0,0,0,0,0,0,0,0,0,0,0,0,1,0,1,7,4,3,0,0,0,7,4,3,2020
210000,"Raub, r uberische Erpressung und r uberischer Angriff auf Kraftfahrer    249-252, 255, 316a StGB",7211000,Trier,insg.,73,53,20,0,0,0,2,1,1,2,1,1,6,6,0,10,8,2,54,37,17,1,1,0,55,38,17,2020
210000,"Raub, r uberische Erpressung und r uberischer Angriff auf Kraftfahrer    249-252, 255, 316a StGB",8421000,Ulm,voll.,54,43,11,2,2,0,2,2,0,4,4,0,3,3,0,7,7,0,38,27,11,2,2,0,40,29,11,2020
210000,"Raub, r uberische Erpressung und r uberischer Angriff auf Kraftfahrer    249-252, 255, 316a StGB",8421000,Ulm,vers.,16,9,7,0,0,0,1,0,1,1,0,1,4,3,1,0,0,0,9,6,3,2,0,2,11,6,5,2020
210000,"Raub, r uberische Erpressung und r uberischer Angriff auf Kraftfahrer    249-252, 255, 316a StGB",8421000,Ulm,insg.,70,52,18,2,2,0,3,2,1,5,4,1,7,6,1,7,7,0,47,33,14,4,2,2,51,35,16,2020
210000,"Raub, r uberische Erpressung und r uberischer Angriff auf Kraftfahrer    249-252, 255, 316a StGB",6414000,Wiesbaden,voll.,125,98,27,0,0,0,6,6,0,6,6,0,18,16,2,21,19,2,72,53,19,8,4,4,80,57,23,2020
210000,"Raub, r uberische Erpressung und r uberischer Angriff auf Kraftfahrer    249-252, 255, 316a StGB",6414000,Wiesbaden,vers.,30,21,9,0,0,0,1,1,0,1,1,0,9,7,2,0,0,0,17,11,6,3,2,1,20,13,7,2020
210000,"Raub, r uberische Erpressung und r uberischer Angriff auf Kraftfahrer    249-252, 255, 316a StGB",6414000,Wiesbaden,insg.,155,119,36,0,0,0,7,7,0,7,7,0,27,23,4,21,19,2,89,64,25,11,6,5,100,70,30,2020
210000,"Raub, r uberische Erpressung und r uberischer Angriff auf Kraftfahrer    249-252, 255, 316a StGB",3103000,Wolfsburg,voll.,46,33,13,0,0,0,0,0,0,0,0,0,6,4,2,2,1,1,36,28,8,2,0,2,38,28,10,2020
210000,"Raub, r uberische Erpressung und r uberischer Angriff auf Kraftfahrer    249-252, 255, 316a StGB",3103000,Wolfsburg,vers.,10,6,4,0,0,0,2,2,0,2,2,0,1,1,0,0,0,0,6,3,3,1,0,1,7,3,4,2020
210000,"Raub, r uberische Erpressung und r uberischer Angriff auf Kraftfahrer    249-252, 255, 316a StGB",3103000,Wolfsburg,insg.,56,39,17,0,0,0,2,2,0,2,2,0,7,5,2,2,1,1,42,31,11,3,0,3,45,31,14,2020
210000,"Raub, r uberische Erpressung und r uberischer Angriff auf Kraftfahrer    249-252, 255, 316a StGB",5124000,Wuppertal,voll.,272,205,67,0,0,0,13,12,1,13,12,1,50,47,3,21,16,5,168,123,45,20,7,13,188,130,58,2020
210000,"Raub, r uberische Erpressung und r uberischer Angriff auf Kraftfahrer    249-252, 255, 316a StGB",5124000,Wuppertal,vers.,91,66,25,0,0,0,12,10,2,12,10,2,14,14,0,8,7,1,44,29,15,13,6,7,57,35,22,2020
210000,"Raub, r uberische Erpressung und r uberischer Angriff auf Kraftfahrer    249-252, 255, 316a StGB",5124000,Wuppertal,insg.,363,271,92,0,0,0,25,22,3,25,22,3,64,61,3,29,23,6,212,152,60,33,13,20,245,165,80,2020
210000,"Raub, r uberische Erpressung und r uberischer Angriff auf Kraftfahrer    249-252, 255, 316a StGB",9663000,W rzburg,voll.,37,32,5,0,0,0,1,1,0,1,1,0,6,6,0,2,1,1,26,24,2,2,0,2,28,24,4,2020
210000,"Raub, r uberische Erpressung und r uberischer Angriff auf Kraftfahrer    249-252, 255, 316a StGB",9663000,W rzburg,vers.,7,5,2,0,0,0,1,1,0,1,1,0,1,1,0,3,2,1,2,1,1,0,0,0,2,1,1,2020
210000,"Raub, r uberische Erpressung und r uberischer Angriff auf Kraftfahrer    249-252, 255, 316a StGB",9663000,W rzburg,insg.,44,37,7,0,0,0,2,2,0,2,2,0,7,7,0,5,3,2,28,25,3,2,0,2,30,25,5,2020
211000,"Raub, r uberische Erpressung auf/gegen Geldinstitute, Postfilialen und -agenturen",5334002,Aachen,voll.,0,0,0,0,0,0,0,0,0,0,0,0,0,0,0,0,0,0,0,0,0,0,0,0,0,0,0,2020
211000,"Raub, r uberische Erpressung auf/gegen Geldinstitute, Postfilialen und -agenturen",5334002,Aachen,vers.,0,0,0,0,0,0,0,0,0,0,0,0,0,0,0,0,0,0,0,0,0,0,0,0,0,0,0,2020
211000,"Raub, r uberische Erpressung auf/gegen Geldinstitute, Postfilialen und -agenturen",5334002,Aachen,insg.,0,0,0,0,0,0,0,0,0,0,0,0,0,0,0,0,0,0,0,0,0,0,0,0,0,0,0,2020
211000,"Raub, r uberische Erpressung auf/gegen Geldinstitute, Postfilialen und -agenturen",9761000,Augsburg,voll.,0,0,0,0,0,0,0,0,0,0,0,0,0,0,0,0,0,0,0,0,0,0,0,0,0,0,0,2020
211000,"Raub, r uberische Erpressung auf/gegen Geldinstitute, Postfilialen und -agenturen",9761000,Augsburg,vers.,1,1,0,0,0,0,0,0,0,0,0,0,0,0,0,0,0,0,1,1,0,0,0,0,1,1,0,2020
211000,"Raub, r uberische Erpressung auf/gegen Geldinstitute, Postfilialen und -agenturen",9761000,Augsburg,insg.,1,1,0,0,0,0,0,0,0,0,0,0,0,0,0,0,0,0,1,1,0,0,0,0,1,1,0,2020
211000,"Raub, r uberische Erpressung auf/gegen Geldinstitute, Postfilialen und -agenturen",5378004,Bergisch Gladbach,voll.,0,0,0,0,0,0,0,0,0,0,0,0,0,0,0,0,0,0,0,0,0,0,0,0,0,0,0,2020
211000,"Raub, r uberische Erpressung auf/gegen Geldinstitute, Postfilialen und -agenturen",5378004,Bergisch Gladbach,vers.,0,0,0,0,0,0,0,0,0,0,0,0,0,0,0,0,0,0,0,0,0,0,0,0,0,0,0,2020
211000,"Raub, r uberische Erpressung auf/gegen Geldinstitute, Postfilialen und -agenturen",5378004,Bergisch Gladbach,insg.,0,0,0,0,0,0,0,0,0,0,0,0,0,0,0,0,0,0,0,0,0,0,0,0,0,0,0,2020
211000,"Raub, r uberische Erpressung auf/gegen Geldinstitute, Postfilialen und -agenturen",11000000,Berlin,voll.,16,9,7,0,0,0,0,0,0,0,0,0,0,0,0,0,0,0,16,9,7,0,0,0,16,9,7,2020
211000,"Raub, r uberische Erpressung auf/gegen Geldinstitute, Postfilialen und -agenturen",11000000,Berlin,vers.,6,3,3,0,0,0,0,0,0,0,0,0,0,0,0,0,0,0,6,3,3,0,0,0,6,3,3,2020
211000,"Raub, r uberische Erpressung auf/gegen Geldinstitute, Postfilialen und -agenturen",11000000,Berlin,insg.,22,12,10,0,0,0,0,0,0,0,0,0,0,0,0,0,0,0,22,12,10,0,0,0,22,12,10,2020
211000,"Raub, r uberische Erpressung auf/gegen Geldinstitute, Postfilialen und -agenturen",5711000,Bielefeld,voll.,0,0,0,0,0,0,0,0,0,0,0,0,0,0,0,0,0,0,0,0,0,0,0,0,0,0,0,2020
211000,"Raub, r uberische Erpressung auf/gegen Geldinstitute, Postfilialen und -agenturen",5711000,Bielefeld,vers.,0,0,0,0,0,0,0,0,0,0,0,0,0,0,0,0,0,0,0,0,0,0,0,0,0,0,0,2020
211000,"Raub, r uberische Erpressung auf/gegen Geldinstitute, Postfilialen und -agenturen",5711000,Bielefeld,insg.,0,0,0,0,0,0,0,0,0,0,0,0,0,0,0,0,0,0,0,0,0,0,0,0,0,0,0,2020
211000,"Raub, r uberische Erpressung auf/gegen Geldinstitute, Postfilialen und -agenturen",5911000,Bochum,voll.,0,0,0,0,0,0,0,0,0,0,0,0,0,0,0,0,0,0,0,0,0,0,0,0,0,0,0,2020
211000,"Raub, r uberische Erpressung auf/gegen Geldinstitute, Postfilialen und -agenturen",5911000,Bochum,vers.,0,0,0,0,0,0,0,0,0,0,0,0,0,0,0,0,0,0,0,0,0,0,0,0,0,0,0,2020
211000,"Raub, r uberische Erpressung auf/gegen Geldinstitute, Postfilialen und -agenturen",5911000,Bochum,insg.,0,0,0,0,0,0,0,0,0,0,0,0,0,0,0,0,0,0,0,0,0,0,0,0,0,0,0,2020
211000,"Raub, r uberische Erpressung auf/gegen Geldinstitute, Postfilialen und -agenturen",5314000,Bonn,voll.,2,0,2,0,0,0,0,0,0,0,0,0,0,0,0,0,0,0,2,0,2,0,0,0,2,0,2,2020
211000,"Raub, r uberische Erpressung auf/gegen Geldinstitute, Postfilialen und -agenturen",5314000,Bonn,vers.,0,0,0,0,0,0,0,0,0,0,0,0,0,0,0,0,0,0,0,0,0,0,0,0,0,0,0,2020
211000,"Raub, r uberische Erpressung auf/gegen Geldinstitute, Postfilialen und -agenturen",5314000,Bonn,insg.,2,0,2,0,0,0,0,0,0,0,0,0,0,0,0,0,0,0,2,0,2,0,0,0,2,0,2,2020
211000,"Raub, r uberische Erpressung auf/gegen Geldinstitute, Postfilialen und -agenturen",5512000,Bottrop,voll.,0,0,0,0,0,0,0,0,0,0,0,0,0,0,0,0,0,0,0,0,0,0,0,0,0,0,0,2020
211000,"Raub, r uberische Erpressung auf/gegen Geldinstitute, Postfilialen und -agenturen",5512000,Bottrop,vers.,0,0,0,0,0,0,0,0,0,0,0,0,0,0,0,0,0,0,0,0,0,0,0,0,0,0,0,2020
211000,"Raub, r uberische Erpressung auf/gegen Geldinstitute, Postfilialen und -agenturen",5512000,Bottrop,insg.,0,0,0,0,0,0,0,0,0,0,0,0,0,0,0,0,0,0,0,0,0,0,0,0,0,0,0,2020
211000,"Raub, r uberische Erpressung auf/gegen Geldinstitute, Postfilialen und -agenturen",3101000,Braunschweig,voll.,1,1,0,0,0,0,0,0,0,0,0,0,0,0,0,0,0,0,1,1,0,0,0,0,1,1,0,2020
211000,"Raub, r uberische Erpressung auf/gegen Geldinstitute, Postfilialen und -agenturen",3101000,Braunschweig,vers.,0,0,0,0,0,0,0,0,0,0,0,0,0,0,0,0,0,0,0,0,0,0,0,0,0,0,0,2020
211000,"Raub, r uberische Erpressung auf/gegen Geldinstitute, Postfilialen und -agenturen",3101000,Braunschweig,insg.,1,1,0,0,0,0,0,0,0,0,0,0,0,0,0,0,0,0,1,1,0,0,0,0,1,1,0,2020
211000,"Raub, r uberische Erpressung auf/gegen Geldinstitute, Postfilialen und -agenturen",4011000,Bremen,voll.,1,1,0,0,0,0,0,0,0,0,0,0,0,0,0,0,0,0,1,1,0,0,0,0,1,1,0,2020
211000,"Raub, r uberische Erpressung auf/gegen Geldinstitute, Postfilialen und -agenturen",4011000,Bremen,vers.,0,0,0,0,0,0,0,0,0,0,0,0,0,0,0,0,0,0,0,0,0,0,0,0,0,0,0,2020
211000,"Raub, r uberische Erpressung auf/gegen Geldinstitute, Postfilialen und -agenturen",4011000,Bremen,insg.,1,1,0,0,0,0,0,0,0,0,0,0,0,0,0,0,0,0,1,1,0,0,0,0,1,1,0,2020
211000,"Raub, r uberische Erpressung auf/gegen Geldinstitute, Postfilialen und -agenturen",4012000,Bremerhaven,voll.,0,0,0,0,0,0,0,0,0,0,0,0,0,0,0,0,0,0,0,0,0,0,0,0,0,0,0,2020
211000,"Raub, r uberische Erpressung auf/gegen Geldinstitute, Postfilialen und -agenturen",4012000,Bremerhaven,vers.,0,0,0,0,0,0,0,0,0,0,0,0,0,0,0,0,0,0,0,0,0,0,0,0,0,0,0,2020
211000,"Raub, r uberische Erpressung auf/gegen Geldinstitute, Postfilialen und -agenturen",4012000,Bremerhaven,insg.,0,0,0,0,0,0,0,0,0,0,0,0,0,0,0,0,0,0,0,0,0,0,0,0,0,0,0,2020
211000,"Raub, r uberische Erpressung auf/gegen Geldinstitute, Postfilialen und -agenturen",14511000,Chemnitz,voll.,0,0,0,0,0,0,0,0,0,0,0,0,0,0,0,0,0,0,0,0,0,0,0,0,0,0,0,2020
211000,"Raub, r uberische Erpressung auf/gegen Geldinstitute, Postfilialen und -agenturen",14511000,Chemnitz,vers.,1,0,1,0,0,0,0,0,0,0,0,0,0,0,0,0,0,0,1,0,1,0,0,0,1,0,1,2020
211000,"Raub, r uberische Erpressung auf/gegen Geldinstitute, Postfilialen und -agenturen",14511000,Chemnitz,insg.,1,0,1,0,0,0,0,0,0,0,0,0,0,0,0,0,0,0,1,0,1,0,0,0,1,0,1,2020
211000,"Raub, r uberische Erpressung auf/gegen Geldinstitute, Postfilialen und -agenturen",6411000,Darmstadt,voll.,0,0,0,0,0,0,0,0,0,0,0,0,0,0,0,0,0,0,0,0,0,0,0,0,0,0,0,2020
211000,"Raub, r uberische Erpressung auf/gegen Geldinstitute, Postfilialen und -agenturen",6411000,Darmstadt,vers.,0,0,0,0,0,0,0,0,0,0,0,0,0,0,0,0,0,0,0,0,0,0,0,0,0,0,0,2020
211000,"Raub, r uberische Erpressung auf/gegen Geldinstitute, Postfilialen und -agenturen",6411000,Darmstadt,insg.,0,0,0,0,0,0,0,0,0,0,0,0,0,0,0,0,0,0,0,0,0,0,0,0,0,0,0,2020
211000,"Raub, r uberische Erpressung auf/gegen Geldinstitute, Postfilialen und -agenturen",5913000,Dortmund,voll.,0,0,0,0,0,0,0,0,0,0,0,0,0,0,0,0,0,0,0,0,0,0,0,0,0,0,0,2020
211000,"Raub, r uberische Erpressung auf/gegen Geldinstitute, Postfilialen und -agenturen",5913000,Dortmund,vers.,0,0,0,0,0,0,0,0,0,0,0,0,0,0,0,0,0,0,0,0,0,0,0,0,0,0,0,2020
211000,"Raub, r uberische Erpressung auf/gegen Geldinstitute, Postfilialen und -agenturen",5913000,Dortmund,insg.,0,0,0,0,0,0,0,0,0,0,0,0,0,0,0,0,0,0,0,0,0,0,0,0,0,0,0,2020
211000,"Raub, r uberische Erpressung auf/gegen Geldinstitute, Postfilialen und -agenturen",14612000,Dresden,voll.,0,0,0,0,0,0,0,0,0,0,0,0,0,0,0,0,0,0,0,0,0,0,0,0,0,0,0,2020
211000,"Raub, r uberische Erpressung auf/gegen Geldinstitute, Postfilialen und -agenturen",14612000,Dresden,vers.,3,1,2,0,0,0,0,0,0,0,0,0,0,0,0,0,0,0,3,1,2,0,0,0,3,1,2,2020
211000,"Raub, r uberische Erpressung auf/gegen Geldinstitute, Postfilialen und -agenturen",14612000,Dresden,insg.,3,1,2,0,0,0,0,0,0,0,0,0,0,0,0,0,0,0,3,1,2,0,0,0,3,1,2,2020
211000,"Raub, r uberische Erpressung auf/gegen Geldinstitute, Postfilialen und -agenturen",5112000,Duisburg,voll.,0,0,0,0,0,0,0,0,0,0,0,0,0,0,0,0,0,0,0,0,0,0,0,0,0,0,0,2020
211000,"Raub, r uberische Erpressung auf/gegen Geldinstitute, Postfilialen und -agenturen",5112000,Duisburg,vers.,1,1,0,0,0,0,0,0,0,0,0,0,0,0,0,0,0,0,1,1,0,0,0,0,1,1,0,2020
211000,"Raub, r uberische Erpressung auf/gegen Geldinstitute, Postfilialen und -agenturen",5112000,Duisburg,insg.,1,1,0,0,0,0,0,0,0,0,0,0,0,0,0,0,0,0,1,1,0,0,0,0,1,1,0,2020
211000,"Raub, r uberische Erpressung auf/gegen Geldinstitute, Postfilialen und -agenturen",5111000,D sseldorf,voll.,0,0,0,0,0,0,0,0,0,0,0,0,0,0,0,0,0,0,0,0,0,0,0,0,0,0,0,2020
211000,"Raub, r uberische Erpressung auf/gegen Geldinstitute, Postfilialen und -agenturen",5111000,D sseldorf,vers.,0,0,0,0,0,0,0,0,0,0,0,0,0,0,0,0,0,0,0,0,0,0,0,0,0,0,0,2020
211000,"Raub, r uberische Erpressung auf/gegen Geldinstitute, Postfilialen und -agenturen",5111000,D sseldorf,insg.,0,0,0,0,0,0,0,0,0,0,0,0,0,0,0,0,0,0,0,0,0,0,0,0,0,0,0,2020
211000,"Raub, r uberische Erpressung auf/gegen Geldinstitute, Postfilialen und -agenturen",16051000,Erfurt,voll.,0,0,0,0,0,0,0,0,0,0,0,0,0,0,0,0,0,0,0,0,0,0,0,0,0,0,0,2020
211000,"Raub, r uberische Erpressung auf/gegen Geldinstitute, Postfilialen und -agenturen",16051000,Erfurt,vers.,1,1,0,0,0,0,0,0,0,0,0,0,0,0,0,0,0,0,1,1,0,0,0,0,1,1,0,2020
211000,"Raub, r uberische Erpressung auf/gegen Geldinstitute, Postfilialen und -agenturen",16051000,Erfurt,insg.,1,1,0,0,0,0,0,0,0,0,0,0,0,0,0,0,0,0,1,1,0,0,0,0,1,1,0,2020
211000,"Raub, r uberische Erpressung auf/gegen Geldinstitute, Postfilialen und -agenturen",9562000,Erlangen,voll.,0,0,0,0,0,0,0,0,0,0,0,0,0,0,0,0,0,0,0,0,0,0,0,0,0,0,0,2020
211000,"Raub, r uberische Erpressung auf/gegen Geldinstitute, Postfilialen und -agenturen",9562000,Erlangen,vers.,0,0,0,0,0,0,0,0,0,0,0,0,0,0,0,0,0,0,0,0,0,0,0,0,0,0,0,2020
211000,"Raub, r uberische Erpressung auf/gegen Geldinstitute, Postfilialen und -agenturen",9562000,Erlangen,insg.,0,0,0,0,0,0,0,0,0,0,0,0,0,0,0,0,0,0,0,0,0,0,0,0,0,0,0,2020
211000,"Raub, r uberische Erpressung auf/gegen Geldinstitute, Postfilialen und -agenturen",5113000,Essen,voll.,0,0,0,0,0,0,0,0,0,0,0,0,0,0,0,0,0,0,0,0,0,0,0,0,0,0,0,2020
211000,"Raub, r uberische Erpressung auf/gegen Geldinstitute, Postfilialen und -agenturen",5113000,Essen,vers.,0,0,0,0,0,0,0,0,0,0,0,0,0,0,0,0,0,0,0,0,0,0,0,0,0,0,0,2020
211000,"Raub, r uberische Erpressung auf/gegen Geldinstitute, Postfilialen und -agenturen",5113000,Essen,insg.,0,0,0,0,0,0,0,0,0,0,0,0,0,0,0,0,0,0,0,0,0,0,0,0,0,0,0,2020
211000,"Raub, r uberische Erpressung auf/gegen Geldinstitute, Postfilialen und -agenturen",6412000,Frankfurt am Main,voll.,0,0,0,0,0,0,0,0,0,0,0,0,0,0,0,0,0,0,0,0,0,0,0,0,0,0,0,2020
211000,"Raub, r uberische Erpressung auf/gegen Geldinstitute, Postfilialen und -agenturen",6412000,Frankfurt am Main,vers.,0,0,0,0,0,0,0,0,0,0,0,0,0,0,0,0,0,0,0,0,0,0,0,0,0,0,0,2020
211000,"Raub, r uberische Erpressung auf/gegen Geldinstitute, Postfilialen und -agenturen",6412000,Frankfurt am Main,insg.,0,0,0,0,0,0,0,0,0,0,0,0,0,0,0,0,0,0,0,0,0,0,0,0,0,0,0,2020
211000,"Raub, r uberische Erpressung auf/gegen Geldinstitute, Postfilialen und -agenturen",8311000,Freiburg im Breisgau,voll.,0,0,0,0,0,0,0,0,0,0,0,0,0,0,0,0,0,0,0,0,0,0,0,0,0,0,0,2020
211000,"Raub, r uberische Erpressung auf/gegen Geldinstitute, Postfilialen und -agenturen",8311000,Freiburg im Breisgau,vers.,0,0,0,0,0,0,0,0,0,0,0,0,0,0,0,0,0,0,0,0,0,0,0,0,0,0,0,2020
211000,"Raub, r uberische Erpressung auf/gegen Geldinstitute, Postfilialen und -agenturen",8311000,Freiburg im Breisgau,insg.,0,0,0,0,0,0,0,0,0,0,0,0,0,0,0,0,0,0,0,0,0,0,0,0,0,0,0,2020
211000,"Raub, r uberische Erpressung auf/gegen Geldinstitute, Postfilialen und -agenturen",9563000,F rth,voll.,0,0,0,0,0,0,0,0,0,0,0,0,0,0,0,0,0,0,0,0,0,0,0,0,0,0,0,2020
211000,"Raub, r uberische Erpressung auf/gegen Geldinstitute, Postfilialen und -agenturen",9563000,F rth,vers.,0,0,0,0,0,0,0,0,0,0,0,0,0,0,0,0,0,0,0,0,0,0,0,0,0,0,0,2020
211000,"Raub, r uberische Erpressung auf/gegen Geldinstitute, Postfilialen und -agenturen",9563000,F rth,insg.,0,0,0,0,0,0,0,0,0,0,0,0,0,0,0,0,0,0,0,0,0,0,0,0,0,0,0,2020
211000,"Raub, r uberische Erpressung auf/gegen Geldinstitute, Postfilialen und -agenturen",5513000,Gelsenkirchen,voll.,0,0,0,0,0,0,0,0,0,0,0,0,0,0,0,0,0,0,0,0,0,0,0,0,0,0,0,2020
211000,"Raub, r uberische Erpressung auf/gegen Geldinstitute, Postfilialen und -agenturen",5513000,Gelsenkirchen,vers.,0,0,0,0,0,0,0,0,0,0,0,0,0,0,0,0,0,0,0,0,0,0,0,0,0,0,0,2020
211000,"Raub, r uberische Erpressung auf/gegen Geldinstitute, Postfilialen und -agenturen",5513000,Gelsenkirchen,insg.,0,0,0,0,0,0,0,0,0,0,0,0,0,0,0,0,0,0,0,0,0,0,0,0,0,0,0,2020
211000,"Raub, r uberische Erpressung auf/gegen Geldinstitute, Postfilialen und -agenturen",3159016,G ttingen,voll.,0,0,0,0,0,0,0,0,0,0,0,0,0,0,0,0,0,0,0,0,0,0,0,0,0,0,0,2020
211000,"Raub, r uberische Erpressung auf/gegen Geldinstitute, Postfilialen und -agenturen",3159016,G ttingen,vers.,0,0,0,0,0,0,0,0,0,0,0,0,0,0,0,0,0,0,0,0,0,0,0,0,0,0,0,2020
211000,"Raub, r uberische Erpressung auf/gegen Geldinstitute, Postfilialen und -agenturen",3159016,G ttingen,insg.,0,0,0,0,0,0,0,0,0,0,0,0,0,0,0,0,0,0,0,0,0,0,0,0,0,0,0,2020
211000,"Raub, r uberische Erpressung auf/gegen Geldinstitute, Postfilialen und -agenturen",5754008,G tersloh,voll.,0,0,0,0,0,0,0,0,0,0,0,0,0,0,0,0,0,0,0,0,0,0,0,0,0,0,0,2020
211000,"Raub, r uberische Erpressung auf/gegen Geldinstitute, Postfilialen und -agenturen",5754008,G tersloh,vers.,0,0,0,0,0,0,0,0,0,0,0,0,0,0,0,0,0,0,0,0,0,0,0,0,0,0,0,2020
211000,"Raub, r uberische Erpressung auf/gegen Geldinstitute, Postfilialen und -agenturen",5754008,G tersloh,insg.,0,0,0,0,0,0,0,0,0,0,0,0,0,0,0,0,0,0,0,0,0,0,0,0,0,0,0,2020
211000,"Raub, r uberische Erpressung auf/gegen Geldinstitute, Postfilialen und -agenturen",5914000,Hagen,voll.,0,0,0,0,0,0,0,0,0,0,0,0,0,0,0,0,0,0,0,0,0,0,0,0,0,0,0,2020
211000,"Raub, r uberische Erpressung auf/gegen Geldinstitute, Postfilialen und -agenturen",5914000,Hagen,vers.,0,0,0,0,0,0,0,0,0,0,0,0,0,0,0,0,0,0,0,0,0,0,0,0,0,0,0,2020
211000,"Raub, r uberische Erpressung auf/gegen Geldinstitute, Postfilialen und -agenturen",5914000,Hagen,insg.,0,0,0,0,0,0,0,0,0,0,0,0,0,0,0,0,0,0,0,0,0,0,0,0,0,0,0,2020
211000,"Raub, r uberische Erpressung auf/gegen Geldinstitute, Postfilialen und -agenturen",15002000,Halle (Saale),voll.,0,0,0,0,0,0,0,0,0,0,0,0,0,0,0,0,0,0,0,0,0,0,0,0,0,0,0,2020
211000,"Raub, r uberische Erpressung auf/gegen Geldinstitute, Postfilialen und -agenturen",15002000,Halle (Saale),vers.,1,0,1,0,0,0,0,0,0,0,0,0,0,0,0,0,0,0,1,0,1,0,0,0,1,0,1,2020
211000,"Raub, r uberische Erpressung auf/gegen Geldinstitute, Postfilialen und -agenturen",15002000,Halle (Saale),insg.,1,0,1,0,0,0,0,0,0,0,0,0,0,0,0,0,0,0,1,0,1,0,0,0,1,0,1,2020
211000,"Raub, r uberische Erpressung auf/gegen Geldinstitute, Postfilialen und -agenturen",2000000,Hamburg,voll.,2,1,1,0,0,0,0,0,0,0,0,0,0,0,0,0,0,0,2,1,1,0,0,0,2,1,1,2020
211000,"Raub, r uberische Erpressung auf/gegen Geldinstitute, Postfilialen und -agenturen",2000000,Hamburg,vers.,0,0,0,0,0,0,0,0,0,0,0,0,0,0,0,0,0,0,0,0,0,0,0,0,0,0,0,2020
211000,"Raub, r uberische Erpressung auf/gegen Geldinstitute, Postfilialen und -agenturen",2000000,Hamburg,insg.,2,1,1,0,0,0,0,0,0,0,0,0,0,0,0,0,0,0,2,1,1,0,0,0,2,1,1,2020
211000,"Raub, r uberische Erpressung auf/gegen Geldinstitute, Postfilialen und -agenturen",5915000,Hamm,voll.,0,0,0,0,0,0,0,0,0,0,0,0,0,0,0,0,0,0,0,0,0,0,0,0,0,0,0,2020
211000,"Raub, r uberische Erpressung auf/gegen Geldinstitute, Postfilialen und -agenturen",5915000,Hamm,vers.,0,0,0,0,0,0,0,0,0,0,0,0,0,0,0,0,0,0,0,0,0,0,0,0,0,0,0,2020
211000,"Raub, r uberische Erpressung auf/gegen Geldinstitute, Postfilialen und -agenturen",5915000,Hamm,insg.,0,0,0,0,0,0,0,0,0,0,0,0,0,0,0,0,0,0,0,0,0,0,0,0,0,0,0,2020
211000,"Raub, r uberische Erpressung auf/gegen Geldinstitute, Postfilialen und -agenturen",3241001,Hannover,voll.,1,0,1,0,0,0,0,0,0,0,0,0,0,0,0,0,0,0,1,0,1,0,0,0,1,0,1,2020
211000,"Raub, r uberische Erpressung auf/gegen Geldinstitute, Postfilialen und -agenturen",3241001,Hannover,vers.,0,0,0,0,0,0,0,0,0,0,0,0,0,0,0,0,0,0,0,0,0,0,0,0,0,0,0,2020
211000,"Raub, r uberische Erpressung auf/gegen Geldinstitute, Postfilialen und -agenturen",3241001,Hannover,insg.,1,0,1,0,0,0,0,0,0,0,0,0,0,0,0,0,0,0,1,0,1,0,0,0,1,0,1,2020
211000,"Raub, r uberische Erpressung auf/gegen Geldinstitute, Postfilialen und -agenturen",8221000,Heidelberg,voll.,0,0,0,0,0,0,0,0,0,0,0,0,0,0,0,0,0,0,0,0,0,0,0,0,0,0,0,2020
211000,"Raub, r uberische Erpressung auf/gegen Geldinstitute, Postfilialen und -agenturen",8221000,Heidelberg,vers.,0,0,0,0,0,0,0,0,0,0,0,0,0,0,0,0,0,0,0,0,0,0,0,0,0,0,0,2020
211000,"Raub, r uberische Erpressung auf/gegen Geldinstitute, Postfilialen und -agenturen",8221000,Heidelberg,insg.,0,0,0,0,0,0,0,0,0,0,0,0,0,0,0,0,0,0,0,0,0,0,0,0,0,0,0,2020
211000,"Raub, r uberische Erpressung auf/gegen Geldinstitute, Postfilialen und -agenturen",8121000,Heilbronn,voll.,0,0,0,0,0,0,0,0,0,0,0,0,0,0,0,0,0,0,0,0,0,0,0,0,0,0,0,2020
211000,"Raub, r uberische Erpressung auf/gegen Geldinstitute, Postfilialen und -agenturen",8121000,Heilbronn,vers.,0,0,0,0,0,0,0,0,0,0,0,0,0,0,0,0,0,0,0,0,0,0,0,0,0,0,0,2020
211000,"Raub, r uberische Erpressung auf/gegen Geldinstitute, Postfilialen und -agenturen",8121000,Heilbronn,insg.,0,0,0,0,0,0,0,0,0,0,0,0,0,0,0,0,0,0,0,0,0,0,0,0,0,0,0,2020
211000,"Raub, r uberische Erpressung auf/gegen Geldinstitute, Postfilialen und -agenturen",5916000,Herne,voll.,0,0,0,0,0,0,0,0,0,0,0,0,0,0,0,0,0,0,0,0,0,0,0,0,0,0,0,2020
211000,"Raub, r uberische Erpressung auf/gegen Geldinstitute, Postfilialen und -agenturen",5916000,Herne,vers.,0,0,0,0,0,0,0,0,0,0,0,0,0,0,0,0,0,0,0,0,0,0,0,0,0,0,0,2020
211000,"Raub, r uberische Erpressung auf/gegen Geldinstitute, Postfilialen und -agenturen",5916000,Herne,insg.,0,0,0,0,0,0,0,0,0,0,0,0,0,0,0,0,0,0,0,0,0,0,0,0,0,0,0,2020
211000,"Raub, r uberische Erpressung auf/gegen Geldinstitute, Postfilialen und -agenturen",3254021,Hildesheim,voll.,0,0,0,0,0,0,0,0,0,0,0,0,0,0,0,0,0,0,0,0,0,0,0,0,0,0,0,2020
211000,"Raub, r uberische Erpressung auf/gegen Geldinstitute, Postfilialen und -agenturen",3254021,Hildesheim,vers.,0,0,0,0,0,0,0,0,0,0,0,0,0,0,0,0,0,0,0,0,0,0,0,0,0,0,0,2020
211000,"Raub, r uberische Erpressung auf/gegen Geldinstitute, Postfilialen und -agenturen",3254021,Hildesheim,insg.,0,0,0,0,0,0,0,0,0,0,0,0,0,0,0,0,0,0,0,0,0,0,0,0,0,0,0,2020
211000,"Raub, r uberische Erpressung auf/gegen Geldinstitute, Postfilialen und -agenturen",9161000,Ingolstadt,voll.,0,0,0,0,0,0,0,0,0,0,0,0,0,0,0,0,0,0,0,0,0,0,0,0,0,0,0,2020
211000,"Raub, r uberische Erpressung auf/gegen Geldinstitute, Postfilialen und -agenturen",9161000,Ingolstadt,vers.,0,0,0,0,0,0,0,0,0,0,0,0,0,0,0,0,0,0,0,0,0,0,0,0,0,0,0,2020
211000,"Raub, r uberische Erpressung auf/gegen Geldinstitute, Postfilialen und -agenturen",9161000,Ingolstadt,insg.,0,0,0,0,0,0,0,0,0,0,0,0,0,0,0,0,0,0,0,0,0,0,0,0,0,0,0,2020
211000,"Raub, r uberische Erpressung auf/gegen Geldinstitute, Postfilialen und -agenturen",16053000,Jena,voll.,0,0,0,0,0,0,0,0,0,0,0,0,0,0,0,0,0,0,0,0,0,0,0,0,0,0,0,2020
211000,"Raub, r uberische Erpressung auf/gegen Geldinstitute, Postfilialen und -agenturen",16053000,Jena,vers.,0,0,0,0,0,0,0,0,0,0,0,0,0,0,0,0,0,0,0,0,0,0,0,0,0,0,0,2020
211000,"Raub, r uberische Erpressung auf/gegen Geldinstitute, Postfilialen und -agenturen",16053000,Jena,insg.,0,0,0,0,0,0,0,0,0,0,0,0,0,0,0,0,0,0,0,0,0,0,0,0,0,0,0,2020
211000,"Raub, r uberische Erpressung auf/gegen Geldinstitute, Postfilialen und -agenturen",7312000,Kaiserslautern,voll.,1,1,0,0,0,0,0,0,0,0,0,0,0,0,0,0,0,0,0,0,0,1,1,0,1,1,0,2020
211000,"Raub, r uberische Erpressung auf/gegen Geldinstitute, Postfilialen und -agenturen",7312000,Kaiserslautern,vers.,0,0,0,0,0,0,0,0,0,0,0,0,0,0,0,0,0,0,0,0,0,0,0,0,0,0,0,2020
211000,"Raub, r uberische Erpressung auf/gegen Geldinstitute, Postfilialen und -agenturen",7312000,Kaiserslautern,insg.,1,1,0,0,0,0,0,0,0,0,0,0,0,0,0,0,0,0,0,0,0,1,1,0,1,1,0,2020
211000,"Raub, r uberische Erpressung auf/gegen Geldinstitute, Postfilialen und -agenturen",8212000,Karlsruhe,voll.,0,0,0,0,0,0,0,0,0,0,0,0,0,0,0,0,0,0,0,0,0,0,0,0,0,0,0,2020
211000,"Raub, r uberische Erpressung auf/gegen Geldinstitute, Postfilialen und -agenturen",8212000,Karlsruhe,vers.,0,0,0,0,0,0,0,0,0,0,0,0,0,0,0,0,0,0,0,0,0,0,0,0,0,0,0,2020
211000,"Raub, r uberische Erpressung auf/gegen Geldinstitute, Postfilialen und -agenturen",8212000,Karlsruhe,insg.,0,0,0,0,0,0,0,0,0,0,0,0,0,0,0,0,0,0,0,0,0,0,0,0,0,0,0,2020
211000,"Raub, r uberische Erpressung auf/gegen Geldinstitute, Postfilialen und -agenturen",6611000,Kassel,voll.,0,0,0,0,0,0,0,0,0,0,0,0,0,0,0,0,0,0,0,0,0,0,0,0,0,0,0,2020
211000,"Raub, r uberische Erpressung auf/gegen Geldinstitute, Postfilialen und -agenturen",6611000,Kassel,vers.,0,0,0,0,0,0,0,0,0,0,0,0,0,0,0,0,0,0,0,0,0,0,0,0,0,0,0,2020
211000,"Raub, r uberische Erpressung auf/gegen Geldinstitute, Postfilialen und -agenturen",6611000,Kassel,insg.,0,0,0,0,0,0,0,0,0,0,0,0,0,0,0,0,0,0,0,0,0,0,0,0,0,0,0,2020
211000,"Raub, r uberische Erpressung auf/gegen Geldinstitute, Postfilialen und -agenturen",1002000,Kiel,voll.,0,0,0,0,0,0,0,0,0,0,0,0,0,0,0,0,0,0,0,0,0,0,0,0,0,0,0,2020
211000,"Raub, r uberische Erpressung auf/gegen Geldinstitute, Postfilialen und -agenturen",1002000,Kiel,vers.,1,0,1,0,0,0,0,0,0,0,0,0,0,0,0,0,0,0,1,0,1,0,0,0,1,0,1,2020
211000,"Raub, r uberische Erpressung auf/gegen Geldinstitute, Postfilialen und -agenturen",1002000,Kiel,insg.,1,0,1,0,0,0,0,0,0,0,0,0,0,0,0,0,0,0,1,0,1,0,0,0,1,0,1,2020
211000,"Raub, r uberische Erpressung auf/gegen Geldinstitute, Postfilialen und -agenturen",7111000,Koblenz,voll.,0,0,0,0,0,0,0,0,0,0,0,0,0,0,0,0,0,0,0,0,0,0,0,0,0,0,0,2020
211000,"Raub, r uberische Erpressung auf/gegen Geldinstitute, Postfilialen und -agenturen",7111000,Koblenz,vers.,0,0,0,0,0,0,0,0,0,0,0,0,0,0,0,0,0,0,0,0,0,0,0,0,0,0,0,2020
211000,"Raub, r uberische Erpressung auf/gegen Geldinstitute, Postfilialen und -agenturen",7111000,Koblenz,insg.,0,0,0,0,0,0,0,0,0,0,0,0,0,0,0,0,0,0,0,0,0,0,0,0,0,0,0,2020
211000,"Raub, r uberische Erpressung auf/gegen Geldinstitute, Postfilialen und -agenturen",5315000,K ln,voll.,0,0,0,0,0,0,0,0,0,0,0,0,0,0,0,0,0,0,0,0,0,0,0,0,0,0,0,2020
211000,"Raub, r uberische Erpressung auf/gegen Geldinstitute, Postfilialen und -agenturen",5315000,K ln,vers.,2,1,1,0,0,0,0,0,0,0,0,0,0,0,0,0,0,0,2,1,1,0,0,0,2,1,1,2020
211000,"Raub, r uberische Erpressung auf/gegen Geldinstitute, Postfilialen und -agenturen",5315000,K ln,insg.,2,1,1,0,0,0,0,0,0,0,0,0,0,0,0,0,0,0,2,1,1,0,0,0,2,1,1,2020
211000,"Raub, r uberische Erpressung auf/gegen Geldinstitute, Postfilialen und -agenturen",5114000,Krefeld,voll.,0,0,0,0,0,0,0,0,0,0,0,0,0,0,0,0,0,0,0,0,0,0,0,0,0,0,0,2020
211000,"Raub, r uberische Erpressung auf/gegen Geldinstitute, Postfilialen und -agenturen",5114000,Krefeld,vers.,0,0,0,0,0,0,0,0,0,0,0,0,0,0,0,0,0,0,0,0,0,0,0,0,0,0,0,2020
211000,"Raub, r uberische Erpressung auf/gegen Geldinstitute, Postfilialen und -agenturen",5114000,Krefeld,insg.,0,0,0,0,0,0,0,0,0,0,0,0,0,0,0,0,0,0,0,0,0,0,0,0,0,0,0,2020
211000,"Raub, r uberische Erpressung auf/gegen Geldinstitute, Postfilialen und -agenturen",14713000,Leipzig,voll.,0,0,0,0,0,0,0,0,0,0,0,0,0,0,0,0,0,0,0,0,0,0,0,0,0,0,0,2020
211000,"Raub, r uberische Erpressung auf/gegen Geldinstitute, Postfilialen und -agenturen",14713000,Leipzig,vers.,0,0,0,0,0,0,0,0,0,0,0,0,0,0,0,0,0,0,0,0,0,0,0,0,0,0,0,2020
211000,"Raub, r uberische Erpressung auf/gegen Geldinstitute, Postfilialen und -agenturen",14713000,Leipzig,insg.,0,0,0,0,0,0,0,0,0,0,0,0,0,0,0,0,0,0,0,0,0,0,0,0,0,0,0,2020
211000,"Raub, r uberische Erpressung auf/gegen Geldinstitute, Postfilialen und -agenturen",5316000,Leverkusen,voll.,3,0,3,0,0,0,0,0,0,0,0,0,0,0,0,1,0,1,2,0,2,0,0,0,2,0,2,2020
211000,"Raub, r uberische Erpressung auf/gegen Geldinstitute, Postfilialen und -agenturen",5316000,Leverkusen,vers.,0,0,0,0,0,0,0,0,0,0,0,0,0,0,0,0,0,0,0,0,0,0,0,0,0,0,0,2020
211000,"Raub, r uberische Erpressung auf/gegen Geldinstitute, Postfilialen und -agenturen",5316000,Leverkusen,insg.,3,0,3,0,0,0,0,0,0,0,0,0,0,0,0,1,0,1,2,0,2,0,0,0,2,0,2,2020
211000,"Raub, r uberische Erpressung auf/gegen Geldinstitute, Postfilialen und -agenturen",1003000,L beck,voll.,0,0,0,0,0,0,0,0,0,0,0,0,0,0,0,0,0,0,0,0,0,0,0,0,0,0,0,2020
211000,"Raub, r uberische Erpressung auf/gegen Geldinstitute, Postfilialen und -agenturen",1003000,L beck,vers.,1,1,0,0,0,0,0,0,0,0,0,0,0,0,0,0,0,0,1,1,0,0,0,0,1,1,0,2020
211000,"Raub, r uberische Erpressung auf/gegen Geldinstitute, Postfilialen und -agenturen",1003000,L beck,insg.,1,1,0,0,0,0,0,0,0,0,0,0,0,0,0,0,0,0,1,1,0,0,0,0,1,1,0,2020
211000,"Raub, r uberische Erpressung auf/gegen Geldinstitute, Postfilialen und -agenturen",7314000,Ludwigshafen am Rhein,voll.,0,0,0,0,0,0,0,0,0,0,0,0,0,0,0,0,0,0,0,0,0,0,0,0,0,0,0,2020
211000,"Raub, r uberische Erpressung auf/gegen Geldinstitute, Postfilialen und -agenturen",7314000,Ludwigshafen am Rhein,vers.,0,0,0,0,0,0,0,0,0,0,0,0,0,0,0,0,0,0,0,0,0,0,0,0,0,0,0,2020
211000,"Raub, r uberische Erpressung auf/gegen Geldinstitute, Postfilialen und -agenturen",7314000,Ludwigshafen am Rhein,insg.,0,0,0,0,0,0,0,0,0,0,0,0,0,0,0,0,0,0,0,0,0,0,0,0,0,0,0,2020
211000,"Raub, r uberische Erpressung auf/gegen Geldinstitute, Postfilialen und -agenturen",15003000,Magdeburg,voll.,1,0,1,0,0,0,0,0,0,0,0,0,0,0,0,0,0,0,1,0,1,0,0,0,1,0,1,2020
211000,"Raub, r uberische Erpressung auf/gegen Geldinstitute, Postfilialen und -agenturen",15003000,Magdeburg,vers.,1,1,0,0,0,0,0,0,0,0,0,0,0,0,0,0,0,0,1,1,0,0,0,0,1,1,0,2020
211000,"Raub, r uberische Erpressung auf/gegen Geldinstitute, Postfilialen und -agenturen",15003000,Magdeburg,insg.,2,1,1,0,0,0,0,0,0,0,0,0,0,0,0,0,0,0,2,1,1,0,0,0,2,1,1,2020
211000,"Raub, r uberische Erpressung auf/gegen Geldinstitute, Postfilialen und -agenturen",7315000,Mainz,voll.,0,0,0,0,0,0,0,0,0,0,0,0,0,0,0,0,0,0,0,0,0,0,0,0,0,0,0,2020
211000,"Raub, r uberische Erpressung auf/gegen Geldinstitute, Postfilialen und -agenturen",7315000,Mainz,vers.,0,0,0,0,0,0,0,0,0,0,0,0,0,0,0,0,0,0,0,0,0,0,0,0,0,0,0,2020
211000,"Raub, r uberische Erpressung auf/gegen Geldinstitute, Postfilialen und -agenturen",7315000,Mainz,insg.,0,0,0,0,0,0,0,0,0,0,0,0,0,0,0,0,0,0,0,0,0,0,0,0,0,0,0,2020
211000,"Raub, r uberische Erpressung auf/gegen Geldinstitute, Postfilialen und -agenturen",8222000,Mannheim,voll.,2,1,1,0,0,0,0,0,0,0,0,0,0,0,0,0,0,0,2,1,1,0,0,0,2,1,1,2020
211000,"Raub, r uberische Erpressung auf/gegen Geldinstitute, Postfilialen und -agenturen",8222000,Mannheim,vers.,0,0,0,0,0,0,0,0,0,0,0,0,0,0,0,0,0,0,0,0,0,0,0,0,0,0,0,2020
211000,"Raub, r uberische Erpressung auf/gegen Geldinstitute, Postfilialen und -agenturen",8222000,Mannheim,insg.,2,1,1,0,0,0,0,0,0,0,0,0,0,0,0,0,0,0,2,1,1,0,0,0,2,1,1,2020
211000,"Raub, r uberische Erpressung auf/gegen Geldinstitute, Postfilialen und -agenturen",5170024,Moers,voll.,0,0,0,0,0,0,0,0,0,0,0,0,0,0,0,0,0,0,0,0,0,0,0,0,0,0,0,2020
211000,"Raub, r uberische Erpressung auf/gegen Geldinstitute, Postfilialen und -agenturen",5170024,Moers,vers.,1,0,1,0,0,0,0,0,0,0,0,0,0,0,0,0,0,0,1,0,1,0,0,0,1,0,1,2020
211000,"Raub, r uberische Erpressung auf/gegen Geldinstitute, Postfilialen und -agenturen",5170024,Moers,insg.,1,0,1,0,0,0,0,0,0,0,0,0,0,0,0,0,0,0,1,0,1,0,0,0,1,0,1,2020
211000,"Raub, r uberische Erpressung auf/gegen Geldinstitute, Postfilialen und -agenturen",5116000,M nchengladbach,voll.,1,1,0,0,0,0,0,0,0,0,0,0,0,0,0,0,0,0,1,1,0,0,0,0,1,1,0,2020
211000,"Raub, r uberische Erpressung auf/gegen Geldinstitute, Postfilialen und -agenturen",5116000,M nchengladbach,vers.,0,0,0,0,0,0,0,0,0,0,0,0,0,0,0,0,0,0,0,0,0,0,0,0,0,0,0,2020
211000,"Raub, r uberische Erpressung auf/gegen Geldinstitute, Postfilialen und -agenturen",5116000,M nchengladbach,insg.,1,1,0,0,0,0,0,0,0,0,0,0,0,0,0,0,0,0,1,1,0,0,0,0,1,1,0,2020
211000,"Raub, r uberische Erpressung auf/gegen Geldinstitute, Postfilialen und -agenturen",5117000,M lheim an der Ruhr,voll.,0,0,0,0,0,0,0,0,0,0,0,0,0,0,0,0,0,0,0,0,0,0,0,0,0,0,0,2020
211000,"Raub, r uberische Erpressung auf/gegen Geldinstitute, Postfilialen und -agenturen",5117000,M lheim an der Ruhr,vers.,0,0,0,0,0,0,0,0,0,0,0,0,0,0,0,0,0,0,0,0,0,0,0,0,0,0,0,2020
211000,"Raub, r uberische Erpressung auf/gegen Geldinstitute, Postfilialen und -agenturen",5117000,M lheim an der Ruhr,insg.,0,0,0,0,0,0,0,0,0,0,0,0,0,0,0,0,0,0,0,0,0,0,0,0,0,0,0,2020
211000,"Raub, r uberische Erpressung auf/gegen Geldinstitute, Postfilialen und -agenturen",9162000,M nchen,voll.,0,0,0,0,0,0,0,0,0,0,0,0,0,0,0,0,0,0,0,0,0,0,0,0,0,0,0,2020
211000,"Raub, r uberische Erpressung auf/gegen Geldinstitute, Postfilialen und -agenturen",9162000,M nchen,vers.,0,0,0,0,0,0,0,0,0,0,0,0,0,0,0,0,0,0,0,0,0,0,0,0,0,0,0,2020
211000,"Raub, r uberische Erpressung auf/gegen Geldinstitute, Postfilialen und -agenturen",9162000,M nchen,insg.,0,0,0,0,0,0,0,0,0,0,0,0,0,0,0,0,0,0,0,0,0,0,0,0,0,0,0,2020
211000,"Raub, r uberische Erpressung auf/gegen Geldinstitute, Postfilialen und -agenturen",5515000,M nster,voll.,0,0,0,0,0,0,0,0,0,0,0,0,0,0,0,0,0,0,0,0,0,0,0,0,0,0,0,2020
211000,"Raub, r uberische Erpressung auf/gegen Geldinstitute, Postfilialen und -agenturen",5515000,M nster,vers.,0,0,0,0,0,0,0,0,0,0,0,0,0,0,0,0,0,0,0,0,0,0,0,0,0,0,0,2020
211000,"Raub, r uberische Erpressung auf/gegen Geldinstitute, Postfilialen und -agenturen",5515000,M nster,insg.,0,0,0,0,0,0,0,0,0,0,0,0,0,0,0,0,0,0,0,0,0,0,0,0,0,0,0,2020
211000,"Raub, r uberische Erpressung auf/gegen Geldinstitute, Postfilialen und -agenturen",5162024,Neuss,voll.,0,0,0,0,0,0,0,0,0,0,0,0,0,0,0,0,0,0,0,0,0,0,0,0,0,0,0,2020
211000,"Raub, r uberische Erpressung auf/gegen Geldinstitute, Postfilialen und -agenturen",5162024,Neuss,vers.,0,0,0,0,0,0,0,0,0,0,0,0,0,0,0,0,0,0,0,0,0,0,0,0,0,0,0,2020
211000,"Raub, r uberische Erpressung auf/gegen Geldinstitute, Postfilialen und -agenturen",5162024,Neuss,insg.,0,0,0,0,0,0,0,0,0,0,0,0,0,0,0,0,0,0,0,0,0,0,0,0,0,0,0,2020
211000,"Raub, r uberische Erpressung auf/gegen Geldinstitute, Postfilialen und -agenturen",9564000,N rnberg,voll.,0,0,0,0,0,0,0,0,0,0,0,0,0,0,0,0,0,0,0,0,0,0,0,0,0,0,0,2020
211000,"Raub, r uberische Erpressung auf/gegen Geldinstitute, Postfilialen und -agenturen",9564000,N rnberg,vers.,0,0,0,0,0,0,0,0,0,0,0,0,0,0,0,0,0,0,0,0,0,0,0,0,0,0,0,2020
211000,"Raub, r uberische Erpressung auf/gegen Geldinstitute, Postfilialen und -agenturen",9564000,N rnberg,insg.,0,0,0,0,0,0,0,0,0,0,0,0,0,0,0,0,0,0,0,0,0,0,0,0,0,0,0,2020
211000,"Raub, r uberische Erpressung auf/gegen Geldinstitute, Postfilialen und -agenturen",5119000,Oberhausen,voll.,0,0,0,0,0,0,0,0,0,0,0,0,0,0,0,0,0,0,0,0,0,0,0,0,0,0,0,2020
211000,"Raub, r uberische Erpressung auf/gegen Geldinstitute, Postfilialen und -agenturen",5119000,Oberhausen,vers.,0,0,0,0,0,0,0,0,0,0,0,0,0,0,0,0,0,0,0,0,0,0,0,0,0,0,0,2020
211000,"Raub, r uberische Erpressung auf/gegen Geldinstitute, Postfilialen und -agenturen",5119000,Oberhausen,insg.,0,0,0,0,0,0,0,0,0,0,0,0,0,0,0,0,0,0,0,0,0,0,0,0,0,0,0,2020
211000,"Raub, r uberische Erpressung auf/gegen Geldinstitute, Postfilialen und -agenturen",6413000,Offenbach am Main,voll.,0,0,0,0,0,0,0,0,0,0,0,0,0,0,0,0,0,0,0,0,0,0,0,0,0,0,0,2020
211000,"Raub, r uberische Erpressung auf/gegen Geldinstitute, Postfilialen und -agenturen",6413000,Offenbach am Main,vers.,0,0,0,0,0,0,0,0,0,0,0,0,0,0,0,0,0,0,0,0,0,0,0,0,0,0,0,2020
211000,"Raub, r uberische Erpressung auf/gegen Geldinstitute, Postfilialen und -agenturen",6413000,Offenbach am Main,insg.,0,0,0,0,0,0,0,0,0,0,0,0,0,0,0,0,0,0,0,0,0,0,0,0,0,0,0,2020
211000,"Raub, r uberische Erpressung auf/gegen Geldinstitute, Postfilialen und -agenturen",3403000,Oldenburg (Oldenburg),voll.,1,1,0,0,0,0,0,0,0,0,0,0,0,0,0,0,0,0,1,1,0,0,0,0,1,1,0,2020
211000,"Raub, r uberische Erpressung auf/gegen Geldinstitute, Postfilialen und -agenturen",3403000,Oldenburg (Oldenburg),vers.,3,2,1,0,0,0,0,0,0,0,0,0,0,0,0,0,0,0,3,2,1,0,0,0,3,2,1,2020
211000,"Raub, r uberische Erpressung auf/gegen Geldinstitute, Postfilialen und -agenturen",3403000,Oldenburg (Oldenburg),insg.,4,3,1,0,0,0,0,0,0,0,0,0,0,0,0,0,0,0,4,3,1,0,0,0,4,3,1,2020
211000,"Raub, r uberische Erpressung auf/gegen Geldinstitute, Postfilialen und -agenturen",3404000,Osnabr ck,voll.,0,0,0,0,0,0,0,0,0,0,0,0,0,0,0,0,0,0,0,0,0,0,0,0,0,0,0,2020
211000,"Raub, r uberische Erpressung auf/gegen Geldinstitute, Postfilialen und -agenturen",3404000,Osnabr ck,vers.,0,0,0,0,0,0,0,0,0,0,0,0,0,0,0,0,0,0,0,0,0,0,0,0,0,0,0,2020
211000,"Raub, r uberische Erpressung auf/gegen Geldinstitute, Postfilialen und -agenturen",3404000,Osnabr ck,insg.,0,0,0,0,0,0,0,0,0,0,0,0,0,0,0,0,0,0,0,0,0,0,0,0,0,0,0,2020
211000,"Raub, r uberische Erpressung auf/gegen Geldinstitute, Postfilialen und -agenturen",5774032,Paderborn,voll.,0,0,0,0,0,0,0,0,0,0,0,0,0,0,0,0,0,0,0,0,0,0,0,0,0,0,0,2020
211000,"Raub, r uberische Erpressung auf/gegen Geldinstitute, Postfilialen und -agenturen",5774032,Paderborn,vers.,0,0,0,0,0,0,0,0,0,0,0,0,0,0,0,0,0,0,0,0,0,0,0,0,0,0,0,2020
211000,"Raub, r uberische Erpressung auf/gegen Geldinstitute, Postfilialen und -agenturen",5774032,Paderborn,insg.,0,0,0,0,0,0,0,0,0,0,0,0,0,0,0,0,0,0,0,0,0,0,0,0,0,0,0,2020
211000,"Raub, r uberische Erpressung auf/gegen Geldinstitute, Postfilialen und -agenturen",8231000,Pforzheim,voll.,0,0,0,0,0,0,0,0,0,0,0,0,0,0,0,0,0,0,0,0,0,0,0,0,0,0,0,2020
211000,"Raub, r uberische Erpressung auf/gegen Geldinstitute, Postfilialen und -agenturen",8231000,Pforzheim,vers.,2,1,1,1,1,0,0,0,0,1,1,0,0,0,0,0,0,0,1,0,1,0,0,0,1,0,1,2020
211000,"Raub, r uberische Erpressung auf/gegen Geldinstitute, Postfilialen und -agenturen",8231000,Pforzheim,insg.,2,1,1,1,1,0,0,0,0,1,1,0,0,0,0,0,0,0,1,0,1,0,0,0,1,0,1,2020
211000,"Raub, r uberische Erpressung auf/gegen Geldinstitute, Postfilialen und -agenturen",12054000,Potsdam,voll.,0,0,0,0,0,0,0,0,0,0,0,0,0,0,0,0,0,0,0,0,0,0,0,0,0,0,0,2020
211000,"Raub, r uberische Erpressung auf/gegen Geldinstitute, Postfilialen und -agenturen",12054000,Potsdam,vers.,0,0,0,0,0,0,0,0,0,0,0,0,0,0,0,0,0,0,0,0,0,0,0,0,0,0,0,2020
211000,"Raub, r uberische Erpressung auf/gegen Geldinstitute, Postfilialen und -agenturen",12054000,Potsdam,insg.,0,0,0,0,0,0,0,0,0,0,0,0,0,0,0,0,0,0,0,0,0,0,0,0,0,0,0,2020
211000,"Raub, r uberische Erpressung auf/gegen Geldinstitute, Postfilialen und -agenturen",5562032,Recklinghausen,voll.,0,0,0,0,0,0,0,0,0,0,0,0,0,0,0,0,0,0,0,0,0,0,0,0,0,0,0,2020
211000,"Raub, r uberische Erpressung auf/gegen Geldinstitute, Postfilialen und -agenturen",5562032,Recklinghausen,vers.,0,0,0,0,0,0,0,0,0,0,0,0,0,0,0,0,0,0,0,0,0,0,0,0,0,0,0,2020
211000,"Raub, r uberische Erpressung auf/gegen Geldinstitute, Postfilialen und -agenturen",5562032,Recklinghausen,insg.,0,0,0,0,0,0,0,0,0,0,0,0,0,0,0,0,0,0,0,0,0,0,0,0,0,0,0,2020
211000,"Raub, r uberische Erpressung auf/gegen Geldinstitute, Postfilialen und -agenturen",9362000,Regensburg,voll.,0,0,0,0,0,0,0,0,0,0,0,0,0,0,0,0,0,0,0,0,0,0,0,0,0,0,0,2020
211000,"Raub, r uberische Erpressung auf/gegen Geldinstitute, Postfilialen und -agenturen",9362000,Regensburg,vers.,0,0,0,0,0,0,0,0,0,0,0,0,0,0,0,0,0,0,0,0,0,0,0,0,0,0,0,2020
211000,"Raub, r uberische Erpressung auf/gegen Geldinstitute, Postfilialen und -agenturen",9362000,Regensburg,insg.,0,0,0,0,0,0,0,0,0,0,0,0,0,0,0,0,0,0,0,0,0,0,0,0,0,0,0,2020
211000,"Raub, r uberische Erpressung auf/gegen Geldinstitute, Postfilialen und -agenturen",5120000,Remscheid,voll.,0,0,0,0,0,0,0,0,0,0,0,0,0,0,0,0,0,0,0,0,0,0,0,0,0,0,0,2020
211000,"Raub, r uberische Erpressung auf/gegen Geldinstitute, Postfilialen und -agenturen",5120000,Remscheid,vers.,0,0,0,0,0,0,0,0,0,0,0,0,0,0,0,0,0,0,0,0,0,0,0,0,0,0,0,2020
211000,"Raub, r uberische Erpressung auf/gegen Geldinstitute, Postfilialen und -agenturen",5120000,Remscheid,insg.,0,0,0,0,0,0,0,0,0,0,0,0,0,0,0,0,0,0,0,0,0,0,0,0,0,0,0,2020
211000,"Raub, r uberische Erpressung auf/gegen Geldinstitute, Postfilialen und -agenturen",8415061,Reutlingen,voll.,0,0,0,0,0,0,0,0,0,0,0,0,0,0,0,0,0,0,0,0,0,0,0,0,0,0,0,2020
211000,"Raub, r uberische Erpressung auf/gegen Geldinstitute, Postfilialen und -agenturen",8415061,Reutlingen,vers.,0,0,0,0,0,0,0,0,0,0,0,0,0,0,0,0,0,0,0,0,0,0,0,0,0,0,0,2020
211000,"Raub, r uberische Erpressung auf/gegen Geldinstitute, Postfilialen und -agenturen",8415061,Reutlingen,insg.,0,0,0,0,0,0,0,0,0,0,0,0,0,0,0,0,0,0,0,0,0,0,0,0,0,0,0,2020
211000,"Raub, r uberische Erpressung auf/gegen Geldinstitute, Postfilialen und -agenturen",13003000,Rostock,voll.,0,0,0,0,0,0,0,0,0,0,0,0,0,0,0,0,0,0,0,0,0,0,0,0,0,0,0,2020
211000,"Raub, r uberische Erpressung auf/gegen Geldinstitute, Postfilialen und -agenturen",13003000,Rostock,vers.,0,0,0,0,0,0,0,0,0,0,0,0,0,0,0,0,0,0,0,0,0,0,0,0,0,0,0,2020
211000,"Raub, r uberische Erpressung auf/gegen Geldinstitute, Postfilialen und -agenturen",13003000,Rostock,insg.,0,0,0,0,0,0,0,0,0,0,0,0,0,0,0,0,0,0,0,0,0,0,0,0,0,0,0,2020
211000,"Raub, r uberische Erpressung auf/gegen Geldinstitute, Postfilialen und -agenturen",10041100,Saarbr cken,voll.,0,0,0,0,0,0,0,0,0,0,0,0,0,0,0,0,0,0,0,0,0,0,0,0,0,0,0,2020
211000,"Raub, r uberische Erpressung auf/gegen Geldinstitute, Postfilialen und -agenturen",10041100,Saarbr cken,vers.,0,0,0,0,0,0,0,0,0,0,0,0,0,0,0,0,0,0,0,0,0,0,0,0,0,0,0,2020
211000,"Raub, r uberische Erpressung auf/gegen Geldinstitute, Postfilialen und -agenturen",10041100,Saarbr cken,insg.,0,0,0,0,0,0,0,0,0,0,0,0,0,0,0,0,0,0,0,0,0,0,0,0,0,0,0,2020
211000,"Raub, r uberische Erpressung auf/gegen Geldinstitute, Postfilialen und -agenturen",3102000,Salzgitter,voll.,0,0,0,0,0,0,0,0,0,0,0,0,0,0,0,0,0,0,0,0,0,0,0,0,0,0,0,2020
211000,"Raub, r uberische Erpressung auf/gegen Geldinstitute, Postfilialen und -agenturen",3102000,Salzgitter,vers.,0,0,0,0,0,0,0,0,0,0,0,0,0,0,0,0,0,0,0,0,0,0,0,0,0,0,0,2020
211000,"Raub, r uberische Erpressung auf/gegen Geldinstitute, Postfilialen und -agenturen",3102000,Salzgitter,insg.,0,0,0,0,0,0,0,0,0,0,0,0,0,0,0,0,0,0,0,0,0,0,0,0,0,0,0,2020
211000,"Raub, r uberische Erpressung auf/gegen Geldinstitute, Postfilialen und -agenturen",13004000,Schwerin,voll.,0,0,0,0,0,0,0,0,0,0,0,0,0,0,0,0,0,0,0,0,0,0,0,0,0,0,0,2020
211000,"Raub, r uberische Erpressung auf/gegen Geldinstitute, Postfilialen und -agenturen",13004000,Schwerin,vers.,0,0,0,0,0,0,0,0,0,0,0,0,0,0,0,0,0,0,0,0,0,0,0,0,0,0,0,2020
211000,"Raub, r uberische Erpressung auf/gegen Geldinstitute, Postfilialen und -agenturen",13004000,Schwerin,insg.,0,0,0,0,0,0,0,0,0,0,0,0,0,0,0,0,0,0,0,0,0,0,0,0,0,0,0,2020
211000,"Raub, r uberische Erpressung auf/gegen Geldinstitute, Postfilialen und -agenturen",5970040,Siegen,voll.,0,0,0,0,0,0,0,0,0,0,0,0,0,0,0,0,0,0,0,0,0,0,0,0,0,0,0,2020
211000,"Raub, r uberische Erpressung auf/gegen Geldinstitute, Postfilialen und -agenturen",5970040,Siegen,vers.,0,0,0,0,0,0,0,0,0,0,0,0,0,0,0,0,0,0,0,0,0,0,0,0,0,0,0,2020
211000,"Raub, r uberische Erpressung auf/gegen Geldinstitute, Postfilialen und -agenturen",5970040,Siegen,insg.,0,0,0,0,0,0,0,0,0,0,0,0,0,0,0,0,0,0,0,0,0,0,0,0,0,0,0,2020
211000,"Raub, r uberische Erpressung auf/gegen Geldinstitute, Postfilialen und -agenturen",5122000,Solingen,voll.,0,0,0,0,0,0,0,0,0,0,0,0,0,0,0,0,0,0,0,0,0,0,0,0,0,0,0,2020
211000,"Raub, r uberische Erpressung auf/gegen Geldinstitute, Postfilialen und -agenturen",5122000,Solingen,vers.,0,0,0,0,0,0,0,0,0,0,0,0,0,0,0,0,0,0,0,0,0,0,0,0,0,0,0,2020
211000,"Raub, r uberische Erpressung auf/gegen Geldinstitute, Postfilialen und -agenturen",5122000,Solingen,insg.,0,0,0,0,0,0,0,0,0,0,0,0,0,0,0,0,0,0,0,0,0,0,0,0,0,0,0,2020
211000,"Raub, r uberische Erpressung auf/gegen Geldinstitute, Postfilialen und -agenturen",8111000,Stuttgart,voll.,0,0,0,0,0,0,0,0,0,0,0,0,0,0,0,0,0,0,0,0,0,0,0,0,0,0,0,2020
211000,"Raub, r uberische Erpressung auf/gegen Geldinstitute, Postfilialen und -agenturen",8111000,Stuttgart,vers.,0,0,0,0,0,0,0,0,0,0,0,0,0,0,0,0,0,0,0,0,0,0,0,0,0,0,0,2020
211000,"Raub, r uberische Erpressung auf/gegen Geldinstitute, Postfilialen und -agenturen",8111000,Stuttgart,insg.,0,0,0,0,0,0,0,0,0,0,0,0,0,0,0,0,0,0,0,0,0,0,0,0,0,0,0,2020
211000,"Raub, r uberische Erpressung auf/gegen Geldinstitute, Postfilialen und -agenturen",7211000,Trier,voll.,0,0,0,0,0,0,0,0,0,0,0,0,0,0,0,0,0,0,0,0,0,0,0,0,0,0,0,2020
211000,"Raub, r uberische Erpressung auf/gegen Geldinstitute, Postfilialen und -agenturen",7211000,Trier,vers.,0,0,0,0,0,0,0,0,0,0,0,0,0,0,0,0,0,0,0,0,0,0,0,0,0,0,0,2020
211000,"Raub, r uberische Erpressung auf/gegen Geldinstitute, Postfilialen und -agenturen",7211000,Trier,insg.,0,0,0,0,0,0,0,0,0,0,0,0,0,0,0,0,0,0,0,0,0,0,0,0,0,0,0,2020
211000,"Raub, r uberische Erpressung auf/gegen Geldinstitute, Postfilialen und -agenturen",8421000,Ulm,voll.,0,0,0,0,0,0,0,0,0,0,0,0,0,0,0,0,0,0,0,0,0,0,0,0,0,0,0,2020
211000,"Raub, r uberische Erpressung auf/gegen Geldinstitute, Postfilialen und -agenturen",8421000,Ulm,vers.,0,0,0,0,0,0,0,0,0,0,0,0,0,0,0,0,0,0,0,0,0,0,0,0,0,0,0,2020
211000,"Raub, r uberische Erpressung auf/gegen Geldinstitute, Postfilialen und -agenturen",8421000,Ulm,insg.,0,0,0,0,0,0,0,0,0,0,0,0,0,0,0,0,0,0,0,0,0,0,0,0,0,0,0,2020
211000,"Raub, r uberische Erpressung auf/gegen Geldinstitute, Postfilialen und -agenturen",6414000,Wiesbaden,voll.,0,0,0,0,0,0,0,0,0,0,0,0,0,0,0,0,0,0,0,0,0,0,0,0,0,0,0,2020
211000,"Raub, r uberische Erpressung auf/gegen Geldinstitute, Postfilialen und -agenturen",6414000,Wiesbaden,vers.,0,0,0,0,0,0,0,0,0,0,0,0,0,0,0,0,0,0,0,0,0,0,0,0,0,0,0,2020
211000,"Raub, r uberische Erpressung auf/gegen Geldinstitute, Postfilialen und -agenturen",6414000,Wiesbaden,insg.,0,0,0,0,0,0,0,0,0,0,0,0,0,0,0,0,0,0,0,0,0,0,0,0,0,0,0,2020
211000,"Raub, r uberische Erpressung auf/gegen Geldinstitute, Postfilialen und -agenturen",3103000,Wolfsburg,voll.,0,0,0,0,0,0,0,0,0,0,0,0,0,0,0,0,0,0,0,0,0,0,0,0,0,0,0,2020
211000,"Raub, r uberische Erpressung auf/gegen Geldinstitute, Postfilialen und -agenturen",3103000,Wolfsburg,vers.,0,0,0,0,0,0,0,0,0,0,0,0,0,0,0,0,0,0,0,0,0,0,0,0,0,0,0,2020
211000,"Raub, r uberische Erpressung auf/gegen Geldinstitute, Postfilialen und -agenturen",3103000,Wolfsburg,insg.,0,0,0,0,0,0,0,0,0,0,0,0,0,0,0,0,0,0,0,0,0,0,0,0,0,0,0,2020
211000,"Raub, r uberische Erpressung auf/gegen Geldinstitute, Postfilialen und -agenturen",5124000,Wuppertal,voll.,0,0,0,0,0,0,0,0,0,0,0,0,0,0,0,0,0,0,0,0,0,0,0,0,0,0,0,2020
211000,"Raub, r uberische Erpressung auf/gegen Geldinstitute, Postfilialen und -agenturen",5124000,Wuppertal,vers.,0,0,0,0,0,0,0,0,0,0,0,0,0,0,0,0,0,0,0,0,0,0,0,0,0,0,0,2020
211000,"Raub, r uberische Erpressung auf/gegen Geldinstitute, Postfilialen und -agenturen",5124000,Wuppertal,insg.,0,0,0,0,0,0,0,0,0,0,0,0,0,0,0,0,0,0,0,0,0,0,0,0,0,0,0,2020
211000,"Raub, r uberische Erpressung auf/gegen Geldinstitute, Postfilialen und -agenturen",9663000,W rzburg,voll.,0,0,0,0,0,0,0,0,0,0,0,0,0,0,0,0,0,0,0,0,0,0,0,0,0,0,0,2020
211000,"Raub, r uberische Erpressung auf/gegen Geldinstitute, Postfilialen und -agenturen",9663000,W rzburg,vers.,0,0,0,0,0,0,0,0,0,0,0,0,0,0,0,0,0,0,0,0,0,0,0,0,0,0,0,2020
211000,"Raub, r uberische Erpressung auf/gegen Geldinstitute, Postfilialen und -agenturen",9663000,W rzburg,insg.,0,0,0,0,0,0,0,0,0,0,0,0,0,0,0,0,0,0,0,0,0,0,0,0,0,0,0,2020
212000,"Raub, r uberische Erpressung auf/gegen sonstige Kassenr ume und Gesch fte",5334002,Aachen,voll.,1,0,1,0,0,0,0,0,0,0,0,0,0,0,0,0,0,0,1,0,1,0,0,0,1,0,1,2020
212000,"Raub, r uberische Erpressung auf/gegen sonstige Kassenr ume und Gesch fte",5334002,Aachen,vers.,4,2,2,0,0,0,0,0,0,0,0,0,0,0,0,0,0,0,2,1,1,2,1,1,4,2,2,2020
212000,"Raub, r uberische Erpressung auf/gegen sonstige Kassenr ume und Gesch fte",5334002,Aachen,insg.,5,2,3,0,0,0,0,0,0,0,0,0,0,0,0,0,0,0,3,1,2,2,1,1,5,2,3,2020
212000,"Raub, r uberische Erpressung auf/gegen sonstige Kassenr ume und Gesch fte",9761000,Augsburg,voll.,0,0,0,0,0,0,0,0,0,0,0,0,0,0,0,0,0,0,0,0,0,0,0,0,0,0,0,2020
212000,"Raub, r uberische Erpressung auf/gegen sonstige Kassenr ume und Gesch fte",9761000,Augsburg,vers.,1,0,1,0,0,0,0,0,0,0,0,0,0,0,0,0,0,0,1,0,1,0,0,0,1,0,1,2020
212000,"Raub, r uberische Erpressung auf/gegen sonstige Kassenr ume und Gesch fte",9761000,Augsburg,insg.,1,0,1,0,0,0,0,0,0,0,0,0,0,0,0,0,0,0,1,0,1,0,0,0,1,0,1,2020
212000,"Raub, r uberische Erpressung auf/gegen sonstige Kassenr ume und Gesch fte",5378004,Bergisch Gladbach,voll.,3,2,1,0,0,0,0,0,0,0,0,0,0,0,0,1,1,0,2,1,1,0,0,0,2,1,1,2020
212000,"Raub, r uberische Erpressung auf/gegen sonstige Kassenr ume und Gesch fte",5378004,Bergisch Gladbach,vers.,0,0,0,0,0,0,0,0,0,0,0,0,0,0,0,0,0,0,0,0,0,0,0,0,0,0,0,2020
212000,"Raub, r uberische Erpressung auf/gegen sonstige Kassenr ume und Gesch fte",5378004,Bergisch Gladbach,insg.,3,2,1,0,0,0,0,0,0,0,0,0,0,0,0,1,1,0,2,1,1,0,0,0,2,1,1,2020
212000,"Raub, r uberische Erpressung auf/gegen sonstige Kassenr ume und Gesch fte",11000000,Berlin,voll.,399,210,189,0,0,0,2,0,2,2,0,2,3,2,1,23,19,4,318,166,152,53,23,30,371,189,182,2020
212000,"Raub, r uberische Erpressung auf/gegen sonstige Kassenr ume und Gesch fte",11000000,Berlin,vers.,100,67,33,0,0,0,1,0,1,1,0,1,0,0,0,3,2,1,90,60,30,6,5,1,96,65,31,2020
212000,"Raub, r uberische Erpressung auf/gegen sonstige Kassenr ume und Gesch fte",11000000,Berlin,insg.,499,277,222,0,0,0,3,0,3,3,0,3,3,2,1,26,21,5,408,226,182,59,28,31,467,254,213,2020
212000,"Raub, r uberische Erpressung auf/gegen sonstige Kassenr ume und Gesch fte",5711000,Bielefeld,voll.,24,15,9,0,0,0,0,0,0,0,0,0,0,0,0,3,2,1,20,12,8,1,1,0,21,13,8,2020
212000,"Raub, r uberische Erpressung auf/gegen sonstige Kassenr ume und Gesch fte",5711000,Bielefeld,vers.,3,3,0,0,0,0,0,0,0,0,0,0,0,0,0,0,0,0,3,3,0,0,0,0,3,3,0,2020
212000,"Raub, r uberische Erpressung auf/gegen sonstige Kassenr ume und Gesch fte",5711000,Bielefeld,insg.,27,18,9,0,0,0,0,0,0,0,0,0,0,0,0,3,2,1,23,15,8,1,1,0,24,16,8,2020
212000,"Raub, r uberische Erpressung auf/gegen sonstige Kassenr ume und Gesch fte",5911000,Bochum,voll.,14,5,9,0,0,0,0,0,0,0,0,0,1,1,0,0,0,0,10,3,7,3,1,2,13,4,9,2020
212000,"Raub, r uberische Erpressung auf/gegen sonstige Kassenr ume und Gesch fte",5911000,Bochum,vers.,3,1,2,0,0,0,0,0,0,0,0,0,0,0,0,1,0,1,1,1,0,1,0,1,2,1,1,2020
212000,"Raub, r uberische Erpressung auf/gegen sonstige Kassenr ume und Gesch fte",5911000,Bochum,insg.,17,6,11,0,0,0,0,0,0,0,0,0,1,1,0,1,0,1,11,4,7,4,1,3,15,5,10,2020
212000,"Raub, r uberische Erpressung auf/gegen sonstige Kassenr ume und Gesch fte",5314000,Bonn,voll.,9,6,3,0,0,0,0,0,0,0,0,0,0,0,0,1,1,0,8,5,3,0,0,0,8,5,3,2020
212000,"Raub, r uberische Erpressung auf/gegen sonstige Kassenr ume und Gesch fte",5314000,Bonn,vers.,9,6,3,0,0,0,0,0,0,0,0,0,0,0,0,0,0,0,8,6,2,1,0,1,9,6,3,2020
212000,"Raub, r uberische Erpressung auf/gegen sonstige Kassenr ume und Gesch fte",5314000,Bonn,insg.,18,12,6,0,0,0,0,0,0,0,0,0,0,0,0,1,1,0,16,11,5,1,0,1,17,11,6,2020
212000,"Raub, r uberische Erpressung auf/gegen sonstige Kassenr ume und Gesch fte",5512000,Bottrop,voll.,16,7,9,0,0,0,0,0,0,0,0,0,1,1,0,1,0,1,11,4,7,3,2,1,14,6,8,2020
212000,"Raub, r uberische Erpressung auf/gegen sonstige Kassenr ume und Gesch fte",5512000,Bottrop,vers.,5,2,3,0,0,0,0,0,0,0,0,0,0,0,0,0,0,0,2,1,1,3,1,2,5,2,3,2020
212000,"Raub, r uberische Erpressung auf/gegen sonstige Kassenr ume und Gesch fte",5512000,Bottrop,insg.,21,9,12,0,0,0,0,0,0,0,0,0,1,1,0,1,0,1,13,5,8,6,3,3,19,8,11,2020
212000,"Raub, r uberische Erpressung auf/gegen sonstige Kassenr ume und Gesch fte",3101000,Braunschweig,voll.,13,7,6,0,0,0,0,0,0,0,0,0,0,0,0,0,0,0,11,7,4,2,0,2,13,7,6,2020
212000,"Raub, r uberische Erpressung auf/gegen sonstige Kassenr ume und Gesch fte",3101000,Braunschweig,vers.,3,2,1,0,0,0,0,0,0,0,0,0,0,0,0,0,0,0,3,2,1,0,0,0,3,2,1,2020
212000,"Raub, r uberische Erpressung auf/gegen sonstige Kassenr ume und Gesch fte",3101000,Braunschweig,insg.,16,9,7,0,0,0,0,0,0,0,0,0,0,0,0,0,0,0,14,9,5,2,0,2,16,9,7,2020
212000,"Raub, r uberische Erpressung auf/gegen sonstige Kassenr ume und Gesch fte",4011000,Bremen,voll.,43,16,27,0,0,0,0,0,0,0,0,0,0,0,0,1,1,0,29,9,20,13,6,7,42,15,27,2020
212000,"Raub, r uberische Erpressung auf/gegen sonstige Kassenr ume und Gesch fte",4011000,Bremen,vers.,19,6,13,0,0,0,0,0,0,0,0,0,0,0,0,1,1,0,15,3,12,3,2,1,18,5,13,2020
212000,"Raub, r uberische Erpressung auf/gegen sonstige Kassenr ume und Gesch fte",4011000,Bremen,insg.,62,22,40,0,0,0,0,0,0,0,0,0,0,0,0,2,2,0,44,12,32,16,8,8,60,20,40,2020
212000,"Raub, r uberische Erpressung auf/gegen sonstige Kassenr ume und Gesch fte",4012000,Bremerhaven,voll.,6,3,3,0,0,0,0,0,0,0,0,0,0,0,0,2,2,0,4,1,3,0,0,0,4,1,3,2020
212000,"Raub, r uberische Erpressung auf/gegen sonstige Kassenr ume und Gesch fte",4012000,Bremerhaven,vers.,0,0,0,0,0,0,0,0,0,0,0,0,0,0,0,0,0,0,0,0,0,0,0,0,0,0,0,2020
212000,"Raub, r uberische Erpressung auf/gegen sonstige Kassenr ume und Gesch fte",4012000,Bremerhaven,insg.,6,3,3,0,0,0,0,0,0,0,0,0,0,0,0,2,2,0,4,1,3,0,0,0,4,1,3,2020
212000,"Raub, r uberische Erpressung auf/gegen sonstige Kassenr ume und Gesch fte",14511000,Chemnitz,voll.,3,3,0,0,0,0,0,0,0,0,0,0,0,0,0,0,0,0,3,3,0,0,0,0,3,3,0,2020
212000,"Raub, r uberische Erpressung auf/gegen sonstige Kassenr ume und Gesch fte",14511000,Chemnitz,vers.,0,0,0,0,0,0,0,0,0,0,0,0,0,0,0,0,0,0,0,0,0,0,0,0,0,0,0,2020
212000,"Raub, r uberische Erpressung auf/gegen sonstige Kassenr ume und Gesch fte",14511000,Chemnitz,insg.,3,3,0,0,0,0,0,0,0,0,0,0,0,0,0,0,0,0,3,3,0,0,0,0,3,3,0,2020
212000,"Raub, r uberische Erpressung auf/gegen sonstige Kassenr ume und Gesch fte",6411000,Darmstadt,voll.,2,1,1,0,0,0,0,0,0,0,0,0,0,0,0,0,0,0,2,1,1,0,0,0,2,1,1,2020
212000,"Raub, r uberische Erpressung auf/gegen sonstige Kassenr ume und Gesch fte",6411000,Darmstadt,vers.,2,2,0,0,0,0,0,0,0,0,0,0,0,0,0,0,0,0,1,1,0,1,1,0,2,2,0,2020
212000,"Raub, r uberische Erpressung auf/gegen sonstige Kassenr ume und Gesch fte",6411000,Darmstadt,insg.,4,3,1,0,0,0,0,0,0,0,0,0,0,0,0,0,0,0,3,2,1,1,1,0,4,3,1,2020
212000,"Raub, r uberische Erpressung auf/gegen sonstige Kassenr ume und Gesch fte",5913000,Dortmund,voll.,11,7,4,0,0,0,0,0,0,0,0,0,0,0,0,1,1,0,10,6,4,0,0,0,10,6,4,2020
212000,"Raub, r uberische Erpressung auf/gegen sonstige Kassenr ume und Gesch fte",5913000,Dortmund,vers.,8,3,5,0,0,0,0,0,0,0,0,0,0,0,0,0,0,0,5,3,2,3,0,3,8,3,5,2020
212000,"Raub, r uberische Erpressung auf/gegen sonstige Kassenr ume und Gesch fte",5913000,Dortmund,insg.,19,10,9,0,0,0,0,0,0,0,0,0,0,0,0,1,1,0,15,9,6,3,0,3,18,9,9,2020
212000,"Raub, r uberische Erpressung auf/gegen sonstige Kassenr ume und Gesch fte",14612000,Dresden,voll.,0,0,0,0,0,0,0,0,0,0,0,0,0,0,0,0,0,0,0,0,0,0,0,0,0,0,0,2020
212000,"Raub, r uberische Erpressung auf/gegen sonstige Kassenr ume und Gesch fte",14612000,Dresden,vers.,2,1,1,0,0,0,0,0,0,0,0,0,0,0,0,0,0,0,2,1,1,0,0,0,2,1,1,2020
212000,"Raub, r uberische Erpressung auf/gegen sonstige Kassenr ume und Gesch fte",14612000,Dresden,insg.,2,1,1,0,0,0,0,0,0,0,0,0,0,0,0,0,0,0,2,1,1,0,0,0,2,1,1,2020
212000,"Raub, r uberische Erpressung auf/gegen sonstige Kassenr ume und Gesch fte",5112000,Duisburg,voll.,29,7,22,0,0,0,0,0,0,0,0,0,0,0,0,2,0,2,21,6,15,6,1,5,27,7,20,2020
212000,"Raub, r uberische Erpressung auf/gegen sonstige Kassenr ume und Gesch fte",5112000,Duisburg,vers.,16,7,9,0,0,0,0,0,0,0,0,0,0,0,0,0,0,0,12,5,7,4,2,2,16,7,9,2020
212000,"Raub, r uberische Erpressung auf/gegen sonstige Kassenr ume und Gesch fte",5112000,Duisburg,insg.,45,14,31,0,0,0,0,0,0,0,0,0,0,0,0,2,0,2,33,11,22,10,3,7,43,14,29,2020
212000,"Raub, r uberische Erpressung auf/gegen sonstige Kassenr ume und Gesch fte",5111000,D sseldorf,voll.,16,8,8,0,0,0,0,0,0,0,0,0,0,0,0,0,0,0,16,8,8,0,0,0,16,8,8,2020
212000,"Raub, r uberische Erpressung auf/gegen sonstige Kassenr ume und Gesch fte",5111000,D sseldorf,vers.,8,4,4,0,0,0,0,0,0,0,0,0,1,1,0,0,0,0,6,2,4,1,1,0,7,3,4,2020
212000,"Raub, r uberische Erpressung auf/gegen sonstige Kassenr ume und Gesch fte",5111000,D sseldorf,insg.,24,12,12,0,0,0,0,0,0,0,0,0,1,1,0,0,0,0,22,10,12,1,1,0,23,11,12,2020
212000,"Raub, r uberische Erpressung auf/gegen sonstige Kassenr ume und Gesch fte",16051000,Erfurt,voll.,1,0,1,0,0,0,0,0,0,0,0,0,0,0,0,1,0,1,0,0,0,0,0,0,0,0,0,2020
212000,"Raub, r uberische Erpressung auf/gegen sonstige Kassenr ume und Gesch fte",16051000,Erfurt,vers.,0,0,0,0,0,0,0,0,0,0,0,0,0,0,0,0,0,0,0,0,0,0,0,0,0,0,0,2020
212000,"Raub, r uberische Erpressung auf/gegen sonstige Kassenr ume und Gesch fte",16051000,Erfurt,insg.,1,0,1,0,0,0,0,0,0,0,0,0,0,0,0,1,0,1,0,0,0,0,0,0,0,0,0,2020
212000,"Raub, r uberische Erpressung auf/gegen sonstige Kassenr ume und Gesch fte",9562000,Erlangen,voll.,1,1,0,0,0,0,0,0,0,0,0,0,0,0,0,1,1,0,0,0,0,0,0,0,0,0,0,2020
212000,"Raub, r uberische Erpressung auf/gegen sonstige Kassenr ume und Gesch fte",9562000,Erlangen,vers.,0,0,0,0,0,0,0,0,0,0,0,0,0,0,0,0,0,0,0,0,0,0,0,0,0,0,0,2020
212000,"Raub, r uberische Erpressung auf/gegen sonstige Kassenr ume und Gesch fte",9562000,Erlangen,insg.,1,1,0,0,0,0,0,0,0,0,0,0,0,0,0,1,1,0,0,0,0,0,0,0,0,0,0,2020
212000,"Raub, r uberische Erpressung auf/gegen sonstige Kassenr ume und Gesch fte",5113000,Essen,voll.,24,11,13,0,0,0,0,0,0,0,0,0,0,0,0,3,1,2,17,8,9,4,2,2,21,10,11,2020
212000,"Raub, r uberische Erpressung auf/gegen sonstige Kassenr ume und Gesch fte",5113000,Essen,vers.,10,3,7,0,0,0,0,0,0,0,0,0,0,0,0,1,0,1,7,1,6,2,2,0,9,3,6,2020
212000,"Raub, r uberische Erpressung auf/gegen sonstige Kassenr ume und Gesch fte",5113000,Essen,insg.,34,14,20,0,0,0,0,0,0,0,0,0,0,0,0,4,1,3,24,9,15,6,4,2,30,13,17,2020
212000,"Raub, r uberische Erpressung auf/gegen sonstige Kassenr ume und Gesch fte",6412000,Frankfurt am Main,voll.,27,14,13,0,0,0,0,0,0,0,0,0,0,0,0,2,2,0,24,11,13,1,1,0,25,12,13,2020
212000,"Raub, r uberische Erpressung auf/gegen sonstige Kassenr ume und Gesch fte",6412000,Frankfurt am Main,vers.,5,4,1,0,0,0,0,0,0,0,0,0,0,0,0,0,0,0,4,3,1,1,1,0,5,4,1,2020
212000,"Raub, r uberische Erpressung auf/gegen sonstige Kassenr ume und Gesch fte",6412000,Frankfurt am Main,insg.,32,18,14,0,0,0,0,0,0,0,0,0,0,0,0,2,2,0,28,14,14,2,2,0,30,16,14,2020
212000,"Raub, r uberische Erpressung auf/gegen sonstige Kassenr ume und Gesch fte",8311000,Freiburg im Breisgau,voll.,14,7,7,0,0,0,0,0,0,0,0,0,1,0,1,1,0,1,11,7,4,1,0,1,12,7,5,2020
212000,"Raub, r uberische Erpressung auf/gegen sonstige Kassenr ume und Gesch fte",8311000,Freiburg im Breisgau,vers.,2,2,0,0,0,0,0,0,0,0,0,0,0,0,0,0,0,0,1,1,0,1,1,0,2,2,0,2020
212000,"Raub, r uberische Erpressung auf/gegen sonstige Kassenr ume und Gesch fte",8311000,Freiburg im Breisgau,insg.,16,9,7,0,0,0,0,0,0,0,0,0,1,0,1,1,0,1,12,8,4,2,1,1,14,9,5,2020
212000,"Raub, r uberische Erpressung auf/gegen sonstige Kassenr ume und Gesch fte",9563000,F rth,voll.,5,3,2,0,0,0,0,0,0,0,0,0,0,0,0,0,0,0,5,3,2,0,0,0,5,3,2,2020
212000,"Raub, r uberische Erpressung auf/gegen sonstige Kassenr ume und Gesch fte",9563000,F rth,vers.,0,0,0,0,0,0,0,0,0,0,0,0,0,0,0,0,0,0,0,0,0,0,0,0,0,0,0,2020
212000,"Raub, r uberische Erpressung auf/gegen sonstige Kassenr ume und Gesch fte",9563000,F rth,insg.,5,3,2,0,0,0,0,0,0,0,0,0,0,0,0,0,0,0,5,3,2,0,0,0,5,3,2,2020
212000,"Raub, r uberische Erpressung auf/gegen sonstige Kassenr ume und Gesch fte",5513000,Gelsenkirchen,voll.,10,1,9,0,0,0,0,0,0,0,0,0,0,0,0,0,0,0,8,1,7,2,0,2,10,1,9,2020
212000,"Raub, r uberische Erpressung auf/gegen sonstige Kassenr ume und Gesch fte",5513000,Gelsenkirchen,vers.,2,1,1,0,0,0,0,0,0,0,0,0,0,0,0,0,0,0,0,0,0,2,1,1,2,1,1,2020
212000,"Raub, r uberische Erpressung auf/gegen sonstige Kassenr ume und Gesch fte",5513000,Gelsenkirchen,insg.,12,2,10,0,0,0,0,0,0,0,0,0,0,0,0,0,0,0,8,1,7,4,1,3,12,2,10,2020
212000,"Raub, r uberische Erpressung auf/gegen sonstige Kassenr ume und Gesch fte",3159016,G ttingen,voll.,2,0,2,0,0,0,0,0,0,0,0,0,0,0,0,0,0,0,2,0,2,0,0,0,2,0,2,2020
212000,"Raub, r uberische Erpressung auf/gegen sonstige Kassenr ume und Gesch fte",3159016,G ttingen,vers.,0,0,0,0,0,0,0,0,0,0,0,0,0,0,0,0,0,0,0,0,0,0,0,0,0,0,0,2020
212000,"Raub, r uberische Erpressung auf/gegen sonstige Kassenr ume und Gesch fte",3159016,G ttingen,insg.,2,0,2,0,0,0,0,0,0,0,0,0,0,0,0,0,0,0,2,0,2,0,0,0,2,0,2,2020
212000,"Raub, r uberische Erpressung auf/gegen sonstige Kassenr ume und Gesch fte",5754008,G tersloh,voll.,3,1,2,0,0,0,0,0,0,0,0,0,0,0,0,0,0,0,3,1,2,0,0,0,3,1,2,2020
212000,"Raub, r uberische Erpressung auf/gegen sonstige Kassenr ume und Gesch fte",5754008,G tersloh,vers.,1,0,1,0,0,0,0,0,0,0,0,0,0,0,0,0,0,0,0,0,0,1,0,1,1,0,1,2020
212000,"Raub, r uberische Erpressung auf/gegen sonstige Kassenr ume und Gesch fte",5754008,G tersloh,insg.,4,1,3,0,0,0,0,0,0,0,0,0,0,0,0,0,0,0,3,1,2,1,0,1,4,1,3,2020
212000,"Raub, r uberische Erpressung auf/gegen sonstige Kassenr ume und Gesch fte",5914000,Hagen,voll.,7,3,4,0,0,0,0,0,0,0,0,0,0,0,0,1,0,1,6,3,3,0,0,0,6,3,3,2020
212000,"Raub, r uberische Erpressung auf/gegen sonstige Kassenr ume und Gesch fte",5914000,Hagen,vers.,2,1,1,0,0,0,0,0,0,0,0,0,0,0,0,0,0,0,2,1,1,0,0,0,2,1,1,2020
212000,"Raub, r uberische Erpressung auf/gegen sonstige Kassenr ume und Gesch fte",5914000,Hagen,insg.,9,4,5,0,0,0,0,0,0,0,0,0,0,0,0,1,0,1,8,4,4,0,0,0,8,4,4,2020
212000,"Raub, r uberische Erpressung auf/gegen sonstige Kassenr ume und Gesch fte",15002000,Halle (Saale),voll.,8,3,5,0,0,0,0,0,0,0,0,0,0,0,0,2,2,0,5,1,4,1,0,1,6,1,5,2020
212000,"Raub, r uberische Erpressung auf/gegen sonstige Kassenr ume und Gesch fte",15002000,Halle (Saale),vers.,1,0,1,0,0,0,0,0,0,0,0,0,0,0,0,0,0,0,1,0,1,0,0,0,1,0,1,2020
212000,"Raub, r uberische Erpressung auf/gegen sonstige Kassenr ume und Gesch fte",15002000,Halle (Saale),insg.,9,3,6,0,0,0,0,0,0,0,0,0,0,0,0,2,2,0,6,1,5,1,0,1,7,1,6,2020
212000,"Raub, r uberische Erpressung auf/gegen sonstige Kassenr ume und Gesch fte",2000000,Hamburg,voll.,26,19,7,0,0,0,2,2,0,2,2,0,0,0,0,2,1,1,21,16,5,1,0,1,22,16,6,2020
212000,"Raub, r uberische Erpressung auf/gegen sonstige Kassenr ume und Gesch fte",2000000,Hamburg,vers.,17,14,3,0,0,0,0,0,0,0,0,0,0,0,0,1,1,0,13,11,2,3,2,1,16,13,3,2020
212000,"Raub, r uberische Erpressung auf/gegen sonstige Kassenr ume und Gesch fte",2000000,Hamburg,insg.,43,33,10,0,0,0,2,2,0,2,2,0,0,0,0,3,2,1,34,27,7,4,2,2,38,29,9,2020
212000,"Raub, r uberische Erpressung auf/gegen sonstige Kassenr ume und Gesch fte",5915000,Hamm,voll.,14,6,8,0,0,0,0,0,0,0,0,0,0,0,0,1,1,0,10,4,6,3,1,2,13,5,8,2020
212000,"Raub, r uberische Erpressung auf/gegen sonstige Kassenr ume und Gesch fte",5915000,Hamm,vers.,5,3,2,0,0,0,0,0,0,0,0,0,1,1,0,0,0,0,4,2,2,0,0,0,4,2,2,2020
212000,"Raub, r uberische Erpressung auf/gegen sonstige Kassenr ume und Gesch fte",5915000,Hamm,insg.,19,9,10,0,0,0,0,0,0,0,0,0,1,1,0,1,1,0,14,6,8,3,1,2,17,7,10,2020
212000,"Raub, r uberische Erpressung auf/gegen sonstige Kassenr ume und Gesch fte",3241001,Hannover,voll.,27,6,21,0,0,0,0,0,0,0,0,0,1,0,1,1,0,1,21,6,15,4,0,4,25,6,19,2020
212000,"Raub, r uberische Erpressung auf/gegen sonstige Kassenr ume und Gesch fte",3241001,Hannover,vers.,3,1,2,0,0,0,0,0,0,0,0,0,0,0,0,0,0,0,2,1,1,1,0,1,3,1,2,2020
212000,"Raub, r uberische Erpressung auf/gegen sonstige Kassenr ume und Gesch fte",3241001,Hannover,insg.,30,7,23,0,0,0,0,0,0,0,0,0,1,0,1,1,0,1,23,7,16,5,0,5,28,7,21,2020
212000,"Raub, r uberische Erpressung auf/gegen sonstige Kassenr ume und Gesch fte",8221000,Heidelberg,voll.,2,1,1,0,0,0,0,0,0,0,0,0,0,0,0,0,0,0,1,1,0,1,0,1,2,1,1,2020
212000,"Raub, r uberische Erpressung auf/gegen sonstige Kassenr ume und Gesch fte",8221000,Heidelberg,vers.,0,0,0,0,0,0,0,0,0,0,0,0,0,0,0,0,0,0,0,0,0,0,0,0,0,0,0,2020
212000,"Raub, r uberische Erpressung auf/gegen sonstige Kassenr ume und Gesch fte",8221000,Heidelberg,insg.,2,1,1,0,0,0,0,0,0,0,0,0,0,0,0,0,0,0,1,1,0,1,0,1,2,1,1,2020
212000,"Raub, r uberische Erpressung auf/gegen sonstige Kassenr ume und Gesch fte",8121000,Heilbronn,voll.,1,1,0,0,0,0,0,0,0,0,0,0,0,0,0,0,0,0,1,1,0,0,0,0,1,1,0,2020
212000,"Raub, r uberische Erpressung auf/gegen sonstige Kassenr ume und Gesch fte",8121000,Heilbronn,vers.,1,0,1,0,0,0,0,0,0,0,0,0,0,0,0,0,0,0,0,0,0,1,0,1,1,0,1,2020
212000,"Raub, r uberische Erpressung auf/gegen sonstige Kassenr ume und Gesch fte",8121000,Heilbronn,insg.,2,1,1,0,0,0,0,0,0,0,0,0,0,0,0,0,0,0,1,1,0,1,0,1,2,1,1,2020
212000,"Raub, r uberische Erpressung auf/gegen sonstige Kassenr ume und Gesch fte",5916000,Herne,voll.,4,2,2,0,0,0,0,0,0,0,0,0,0,0,0,1,1,0,3,1,2,0,0,0,3,1,2,2020
212000,"Raub, r uberische Erpressung auf/gegen sonstige Kassenr ume und Gesch fte",5916000,Herne,vers.,2,1,1,0,0,0,0,0,0,0,0,0,0,0,0,0,0,0,0,0,0,2,1,1,2,1,1,2020
212000,"Raub, r uberische Erpressung auf/gegen sonstige Kassenr ume und Gesch fte",5916000,Herne,insg.,6,3,3,0,0,0,0,0,0,0,0,0,0,0,0,1,1,0,3,1,2,2,1,1,5,2,3,2020
212000,"Raub, r uberische Erpressung auf/gegen sonstige Kassenr ume und Gesch fte",3254021,Hildesheim,voll.,3,1,2,0,0,0,0,0,0,0,0,0,0,0,0,1,0,1,2,1,1,0,0,0,2,1,1,2020
212000,"Raub, r uberische Erpressung auf/gegen sonstige Kassenr ume und Gesch fte",3254021,Hildesheim,vers.,2,0,2,0,0,0,0,0,0,0,0,0,0,0,0,0,0,0,2,0,2,0,0,0,2,0,2,2020
212000,"Raub, r uberische Erpressung auf/gegen sonstige Kassenr ume und Gesch fte",3254021,Hildesheim,insg.,5,1,4,0,0,0,0,0,0,0,0,0,0,0,0,1,0,1,4,1,3,0,0,0,4,1,3,2020
212000,"Raub, r uberische Erpressung auf/gegen sonstige Kassenr ume und Gesch fte",9161000,Ingolstadt,voll.,2,0,2,0,0,0,0,0,0,0,0,0,0,0,0,0,0,0,2,0,2,0,0,0,2,0,2,2020
212000,"Raub, r uberische Erpressung auf/gegen sonstige Kassenr ume und Gesch fte",9161000,Ingolstadt,vers.,1,0,1,0,0,0,0,0,0,0,0,0,0,0,0,0,0,0,1,0,1,0,0,0,1,0,1,2020
212000,"Raub, r uberische Erpressung auf/gegen sonstige Kassenr ume und Gesch fte",9161000,Ingolstadt,insg.,3,0,3,0,0,0,0,0,0,0,0,0,0,0,0,0,0,0,3,0,3,0,0,0,3,0,3,2020
212000,"Raub, r uberische Erpressung auf/gegen sonstige Kassenr ume und Gesch fte",16053000,Jena,voll.,0,0,0,0,0,0,0,0,0,0,0,0,0,0,0,0,0,0,0,0,0,0,0,0,0,0,0,2020
212000,"Raub, r uberische Erpressung auf/gegen sonstige Kassenr ume und Gesch fte",16053000,Jena,vers.,0,0,0,0,0,0,0,0,0,0,0,0,0,0,0,0,0,0,0,0,0,0,0,0,0,0,0,2020
212000,"Raub, r uberische Erpressung auf/gegen sonstige Kassenr ume und Gesch fte",16053000,Jena,insg.,0,0,0,0,0,0,0,0,0,0,0,0,0,0,0,0,0,0,0,0,0,0,0,0,0,0,0,2020
212000,"Raub, r uberische Erpressung auf/gegen sonstige Kassenr ume und Gesch fte",7312000,Kaiserslautern,voll.,1,0,1,0,0,0,0,0,0,0,0,0,0,0,0,0,0,0,0,0,0,1,0,1,1,0,1,2020
212000,"Raub, r uberische Erpressung auf/gegen sonstige Kassenr ume und Gesch fte",7312000,Kaiserslautern,vers.,2,0,2,0,0,0,0,0,0,0,0,0,0,0,0,0,0,0,2,0,2,0,0,0,2,0,2,2020
212000,"Raub, r uberische Erpressung auf/gegen sonstige Kassenr ume und Gesch fte",7312000,Kaiserslautern,insg.,3,0,3,0,0,0,0,0,0,0,0,0,0,0,0,0,0,0,2,0,2,1,0,1,3,0,3,2020
212000,"Raub, r uberische Erpressung auf/gegen sonstige Kassenr ume und Gesch fte",8212000,Karlsruhe,voll.,2,1,1,0,0,0,0,0,0,0,0,0,0,0,0,0,0,0,2,1,1,0,0,0,2,1,1,2020
212000,"Raub, r uberische Erpressung auf/gegen sonstige Kassenr ume und Gesch fte",8212000,Karlsruhe,vers.,2,1,1,0,0,0,0,0,0,0,0,0,0,0,0,0,0,0,1,0,1,1,1,0,2,1,1,2020
212000,"Raub, r uberische Erpressung auf/gegen sonstige Kassenr ume und Gesch fte",8212000,Karlsruhe,insg.,4,2,2,0,0,0,0,0,0,0,0,0,0,0,0,0,0,0,3,1,2,1,1,0,4,2,2,2020
212000,"Raub, r uberische Erpressung auf/gegen sonstige Kassenr ume und Gesch fte",6611000,Kassel,voll.,12,5,7,0,0,0,0,0,0,0,0,0,0,0,0,1,0,1,10,5,5,1,0,1,11,5,6,2020
212000,"Raub, r uberische Erpressung auf/gegen sonstige Kassenr ume und Gesch fte",6611000,Kassel,vers.,8,4,4,0,0,0,0,0,0,0,0,0,0,0,0,0,0,0,8,4,4,0,0,0,8,4,4,2020
212000,"Raub, r uberische Erpressung auf/gegen sonstige Kassenr ume und Gesch fte",6611000,Kassel,insg.,20,9,11,0,0,0,0,0,0,0,0,0,0,0,0,1,0,1,18,9,9,1,0,1,19,9,10,2020
212000,"Raub, r uberische Erpressung auf/gegen sonstige Kassenr ume und Gesch fte",1002000,Kiel,voll.,12,7,5,0,0,0,0,0,0,0,0,0,0,0,0,1,0,1,8,5,3,3,2,1,11,7,4,2020
212000,"Raub, r uberische Erpressung auf/gegen sonstige Kassenr ume und Gesch fte",1002000,Kiel,vers.,2,1,1,0,0,0,0,0,0,0,0,0,0,0,0,0,0,0,1,1,0,1,0,1,2,1,1,2020
212000,"Raub, r uberische Erpressung auf/gegen sonstige Kassenr ume und Gesch fte",1002000,Kiel,insg.,14,8,6,0,0,0,0,0,0,0,0,0,0,0,0,1,0,1,9,6,3,4,2,2,13,8,5,2020
212000,"Raub, r uberische Erpressung auf/gegen sonstige Kassenr ume und Gesch fte",7111000,Koblenz,voll.,3,2,1,0,0,0,0,0,0,0,0,0,0,0,0,0,0,0,3,2,1,0,0,0,3,2,1,2020
212000,"Raub, r uberische Erpressung auf/gegen sonstige Kassenr ume und Gesch fte",7111000,Koblenz,vers.,0,0,0,0,0,0,0,0,0,0,0,0,0,0,0,0,0,0,0,0,0,0,0,0,0,0,0,2020
212000,"Raub, r uberische Erpressung auf/gegen sonstige Kassenr ume und Gesch fte",7111000,Koblenz,insg.,3,2,1,0,0,0,0,0,0,0,0,0,0,0,0,0,0,0,3,2,1,0,0,0,3,2,1,2020
212000,"Raub, r uberische Erpressung auf/gegen sonstige Kassenr ume und Gesch fte",5315000,K ln,voll.,42,22,20,0,0,0,0,0,0,0,0,0,0,0,0,2,1,1,36,18,18,4,3,1,40,21,19,2020
212000,"Raub, r uberische Erpressung auf/gegen sonstige Kassenr ume und Gesch fte",5315000,K ln,vers.,17,10,7,0,0,0,0,0,0,0,0,0,0,0,0,0,0,0,13,8,5,4,2,2,17,10,7,2020
212000,"Raub, r uberische Erpressung auf/gegen sonstige Kassenr ume und Gesch fte",5315000,K ln,insg.,59,32,27,0,0,0,0,0,0,0,0,0,0,0,0,2,1,1,49,26,23,8,5,3,57,31,26,2020
212000,"Raub, r uberische Erpressung auf/gegen sonstige Kassenr ume und Gesch fte",5114000,Krefeld,voll.,6,3,3,0,0,0,0,0,0,0,0,0,0,0,0,1,0,1,4,2,2,1,1,0,5,3,2,2020
212000,"Raub, r uberische Erpressung auf/gegen sonstige Kassenr ume und Gesch fte",5114000,Krefeld,vers.,4,2,2,0,0,0,0,0,0,0,0,0,0,0,0,1,1,0,3,1,2,0,0,0,3,1,2,2020
212000,"Raub, r uberische Erpressung auf/gegen sonstige Kassenr ume und Gesch fte",5114000,Krefeld,insg.,10,5,5,0,0,0,0,0,0,0,0,0,0,0,0,2,1,1,7,3,4,1,1,0,8,4,4,2020
212000,"Raub, r uberische Erpressung auf/gegen sonstige Kassenr ume und Gesch fte",14713000,Leipzig,voll.,7,1,6,0,0,0,0,0,0,0,0,0,0,0,0,2,0,2,4,1,3,1,0,1,5,1,4,2020
212000,"Raub, r uberische Erpressung auf/gegen sonstige Kassenr ume und Gesch fte",14713000,Leipzig,vers.,0,0,0,0,0,0,0,0,0,0,0,0,0,0,0,0,0,0,0,0,0,0,0,0,0,0,0,2020
212000,"Raub, r uberische Erpressung auf/gegen sonstige Kassenr ume und Gesch fte",14713000,Leipzig,insg.,7,1,6,0,0,0,0,0,0,0,0,0,0,0,0,2,0,2,4,1,3,1,0,1,5,1,4,2020
212000,"Raub, r uberische Erpressung auf/gegen sonstige Kassenr ume und Gesch fte",5316000,Leverkusen,voll.,15,9,6,0,0,0,0,0,0,0,0,0,0,0,0,4,2,2,11,7,4,0,0,0,11,7,4,2020
212000,"Raub, r uberische Erpressung auf/gegen sonstige Kassenr ume und Gesch fte",5316000,Leverkusen,vers.,0,0,0,0,0,0,0,0,0,0,0,0,0,0,0,0,0,0,0,0,0,0,0,0,0,0,0,2020
212000,"Raub, r uberische Erpressung auf/gegen sonstige Kassenr ume und Gesch fte",5316000,Leverkusen,insg.,15,9,6,0,0,0,0,0,0,0,0,0,0,0,0,4,2,2,11,7,4,0,0,0,11,7,4,2020
212000,"Raub, r uberische Erpressung auf/gegen sonstige Kassenr ume und Gesch fte",1003000,L beck,voll.,8,2,6,0,0,0,0,0,0,0,0,0,0,0,0,1,0,1,7,2,5,0,0,0,7,2,5,2020
212000,"Raub, r uberische Erpressung auf/gegen sonstige Kassenr ume und Gesch fte",1003000,L beck,vers.,1,1,0,0,0,0,0,0,0,0,0,0,0,0,0,0,0,0,1,1,0,0,0,0,1,1,0,2020
212000,"Raub, r uberische Erpressung auf/gegen sonstige Kassenr ume und Gesch fte",1003000,L beck,insg.,9,3,6,0,0,0,0,0,0,0,0,0,0,0,0,1,0,1,8,3,5,0,0,0,8,3,5,2020
212000,"Raub, r uberische Erpressung auf/gegen sonstige Kassenr ume und Gesch fte",7314000,Ludwigshafen am Rhein,voll.,2,2,0,0,0,0,0,0,0,0,0,0,0,0,0,0,0,0,2,2,0,0,0,0,2,2,0,2020
212000,"Raub, r uberische Erpressung auf/gegen sonstige Kassenr ume und Gesch fte",7314000,Ludwigshafen am Rhein,vers.,1,0,1,0,0,0,0,0,0,0,0,0,0,0,0,0,0,0,1,0,1,0,0,0,1,0,1,2020
212000,"Raub, r uberische Erpressung auf/gegen sonstige Kassenr ume und Gesch fte",7314000,Ludwigshafen am Rhein,insg.,3,2,1,0,0,0,0,0,0,0,0,0,0,0,0,0,0,0,3,2,1,0,0,0,3,2,1,2020
212000,"Raub, r uberische Erpressung auf/gegen sonstige Kassenr ume und Gesch fte",15003000,Magdeburg,voll.,22,7,15,0,0,0,0,0,0,0,0,0,0,0,0,3,2,1,18,4,14,1,1,0,19,5,14,2020
212000,"Raub, r uberische Erpressung auf/gegen sonstige Kassenr ume und Gesch fte",15003000,Magdeburg,vers.,8,5,3,0,0,0,0,0,0,0,0,0,0,0,0,0,0,0,7,4,3,1,1,0,8,5,3,2020
212000,"Raub, r uberische Erpressung auf/gegen sonstige Kassenr ume und Gesch fte",15003000,Magdeburg,insg.,30,12,18,0,0,0,0,0,0,0,0,0,0,0,0,3,2,1,25,8,17,2,2,0,27,10,17,2020
212000,"Raub, r uberische Erpressung auf/gegen sonstige Kassenr ume und Gesch fte",7315000,Mainz,voll.,5,3,2,0,0,0,0,0,0,0,0,0,0,0,0,1,1,0,4,2,2,0,0,0,4,2,2,2020
212000,"Raub, r uberische Erpressung auf/gegen sonstige Kassenr ume und Gesch fte",7315000,Mainz,vers.,0,0,0,0,0,0,0,0,0,0,0,0,0,0,0,0,0,0,0,0,0,0,0,0,0,0,0,2020
212000,"Raub, r uberische Erpressung auf/gegen sonstige Kassenr ume und Gesch fte",7315000,Mainz,insg.,5,3,2,0,0,0,0,0,0,0,0,0,0,0,0,1,1,0,4,2,2,0,0,0,4,2,2,2020
212000,"Raub, r uberische Erpressung auf/gegen sonstige Kassenr ume und Gesch fte",8222000,Mannheim,voll.,4,2,2,0,0,0,0,0,0,0,0,0,0,0,0,0,0,0,3,2,1,1,0,1,4,2,2,2020
212000,"Raub, r uberische Erpressung auf/gegen sonstige Kassenr ume und Gesch fte",8222000,Mannheim,vers.,1,1,0,0,0,0,0,0,0,0,0,0,0,0,0,0,0,0,1,1,0,0,0,0,1,1,0,2020
212000,"Raub, r uberische Erpressung auf/gegen sonstige Kassenr ume und Gesch fte",8222000,Mannheim,insg.,5,3,2,0,0,0,0,0,0,0,0,0,0,0,0,0,0,0,4,3,1,1,0,1,5,3,2,2020
212000,"Raub, r uberische Erpressung auf/gegen sonstige Kassenr ume und Gesch fte",5170024,Moers,voll.,6,2,4,0,0,0,0,0,0,0,0,0,0,0,0,0,0,0,5,1,4,1,1,0,6,2,4,2020
212000,"Raub, r uberische Erpressung auf/gegen sonstige Kassenr ume und Gesch fte",5170024,Moers,vers.,3,2,1,0,0,0,0,0,0,0,0,0,0,0,0,0,0,0,1,0,1,2,2,0,3,2,1,2020
212000,"Raub, r uberische Erpressung auf/gegen sonstige Kassenr ume und Gesch fte",5170024,Moers,insg.,9,4,5,0,0,0,0,0,0,0,0,0,0,0,0,0,0,0,6,1,5,3,3,0,9,4,5,2020
212000,"Raub, r uberische Erpressung auf/gegen sonstige Kassenr ume und Gesch fte",5116000,M nchengladbach,voll.,3,1,2,0,0,0,0,0,0,0,0,0,0,0,0,0,0,0,3,1,2,0,0,0,3,1,2,2020
212000,"Raub, r uberische Erpressung auf/gegen sonstige Kassenr ume und Gesch fte",5116000,M nchengladbach,vers.,4,4,0,0,0,0,0,0,0,0,0,0,1,1,0,0,0,0,3,3,0,0,0,0,3,3,0,2020
212000,"Raub, r uberische Erpressung auf/gegen sonstige Kassenr ume und Gesch fte",5116000,M nchengladbach,insg.,7,5,2,0,0,0,0,0,0,0,0,0,1,1,0,0,0,0,6,4,2,0,0,0,6,4,2,2020
212000,"Raub, r uberische Erpressung auf/gegen sonstige Kassenr ume und Gesch fte",5117000,M lheim an der Ruhr,voll.,5,0,5,0,0,0,0,0,0,0,0,0,0,0,0,0,0,0,5,0,5,0,0,0,5,0,5,2020
212000,"Raub, r uberische Erpressung auf/gegen sonstige Kassenr ume und Gesch fte",5117000,M lheim an der Ruhr,vers.,1,1,0,0,0,0,0,0,0,0,0,0,0,0,0,0,0,0,1,1,0,0,0,0,1,1,0,2020
212000,"Raub, r uberische Erpressung auf/gegen sonstige Kassenr ume und Gesch fte",5117000,M lheim an der Ruhr,insg.,6,1,5,0,0,0,0,0,0,0,0,0,0,0,0,0,0,0,6,1,5,0,0,0,6,1,5,2020
212000,"Raub, r uberische Erpressung auf/gegen sonstige Kassenr ume und Gesch fte",9162000,M nchen,voll.,28,19,9,0,0,0,0,0,0,0,0,0,1,1,0,2,2,0,24,15,9,1,1,0,25,16,9,2020
212000,"Raub, r uberische Erpressung auf/gegen sonstige Kassenr ume und Gesch fte",9162000,M nchen,vers.,12,5,7,0,0,0,0,0,0,0,0,0,1,0,1,3,1,2,8,4,4,0,0,0,8,4,4,2020
212000,"Raub, r uberische Erpressung auf/gegen sonstige Kassenr ume und Gesch fte",9162000,M nchen,insg.,40,24,16,0,0,0,0,0,0,0,0,0,2,1,1,5,3,2,32,19,13,1,1,0,33,20,13,2020
212000,"Raub, r uberische Erpressung auf/gegen sonstige Kassenr ume und Gesch fte",5515000,M nster,voll.,10,7,3,0,0,0,0,0,0,0,0,0,0,0,0,1,0,1,8,7,1,1,0,1,9,7,2,2020
212000,"Raub, r uberische Erpressung auf/gegen sonstige Kassenr ume und Gesch fte",5515000,M nster,vers.,2,0,2,0,0,0,0,0,0,0,0,0,0,0,0,0,0,0,2,0,2,0,0,0,2,0,2,2020
212000,"Raub, r uberische Erpressung auf/gegen sonstige Kassenr ume und Gesch fte",5515000,M nster,insg.,12,7,5,0,0,0,0,0,0,0,0,0,0,0,0,1,0,1,10,7,3,1,0,1,11,7,4,2020
212000,"Raub, r uberische Erpressung auf/gegen sonstige Kassenr ume und Gesch fte",5162024,Neuss,voll.,4,1,3,0,0,0,0,0,0,0,0,0,0,0,0,0,0,0,4,1,3,0,0,0,4,1,3,2020
212000,"Raub, r uberische Erpressung auf/gegen sonstige Kassenr ume und Gesch fte",5162024,Neuss,vers.,4,3,1,0,0,0,0,0,0,0,0,0,0,0,0,0,0,0,2,2,0,2,1,1,4,3,1,2020
212000,"Raub, r uberische Erpressung auf/gegen sonstige Kassenr ume und Gesch fte",5162024,Neuss,insg.,8,4,4,0,0,0,0,0,0,0,0,0,0,0,0,0,0,0,6,3,3,2,1,1,8,4,4,2020
212000,"Raub, r uberische Erpressung auf/gegen sonstige Kassenr ume und Gesch fte",9564000,N rnberg,voll.,3,1,2,0,0,0,0,0,0,0,0,0,0,0,0,0,0,0,2,0,2,1,1,0,3,1,2,2020
212000,"Raub, r uberische Erpressung auf/gegen sonstige Kassenr ume und Gesch fte",9564000,N rnberg,vers.,2,2,0,0,0,0,0,0,0,0,0,0,0,0,0,0,0,0,2,2,0,0,0,0,2,2,0,2020
212000,"Raub, r uberische Erpressung auf/gegen sonstige Kassenr ume und Gesch fte",9564000,N rnberg,insg.,5,3,2,0,0,0,0,0,0,0,0,0,0,0,0,0,0,0,4,2,2,1,1,0,5,3,2,2020
212000,"Raub, r uberische Erpressung auf/gegen sonstige Kassenr ume und Gesch fte",5119000,Oberhausen,voll.,8,4,4,0,0,0,0,0,0,0,0,0,0,0,0,0,0,0,7,3,4,1,1,0,8,4,4,2020
212000,"Raub, r uberische Erpressung auf/gegen sonstige Kassenr ume und Gesch fte",5119000,Oberhausen,vers.,2,1,1,0,0,0,0,0,0,0,0,0,0,0,0,0,0,0,1,0,1,1,1,0,2,1,1,2020
212000,"Raub, r uberische Erpressung auf/gegen sonstige Kassenr ume und Gesch fte",5119000,Oberhausen,insg.,10,5,5,0,0,0,0,0,0,0,0,0,0,0,0,0,0,0,8,3,5,2,2,0,10,5,5,2020
212000,"Raub, r uberische Erpressung auf/gegen sonstige Kassenr ume und Gesch fte",6413000,Offenbach am Main,voll.,5,1,4,0,0,0,0,0,0,0,0,0,0,0,0,1,0,1,4,1,3,0,0,0,4,1,3,2020
212000,"Raub, r uberische Erpressung auf/gegen sonstige Kassenr ume und Gesch fte",6413000,Offenbach am Main,vers.,0,0,0,0,0,0,0,0,0,0,0,0,0,0,0,0,0,0,0,0,0,0,0,0,0,0,0,2020
212000,"Raub, r uberische Erpressung auf/gegen sonstige Kassenr ume und Gesch fte",6413000,Offenbach am Main,insg.,5,1,4,0,0,0,0,0,0,0,0,0,0,0,0,1,0,1,4,1,3,0,0,0,4,1,3,2020
212000,"Raub, r uberische Erpressung auf/gegen sonstige Kassenr ume und Gesch fte",3403000,Oldenburg (Oldenburg),voll.,8,4,4,0,0,0,0,0,0,0,0,0,0,0,0,0,0,0,8,4,4,0,0,0,8,4,4,2020
212000,"Raub, r uberische Erpressung auf/gegen sonstige Kassenr ume und Gesch fte",3403000,Oldenburg (Oldenburg),vers.,8,3,5,0,0,0,0,0,0,0,0,0,0,0,0,0,0,0,6,3,3,2,0,2,8,3,5,2020
212000,"Raub, r uberische Erpressung auf/gegen sonstige Kassenr ume und Gesch fte",3403000,Oldenburg (Oldenburg),insg.,16,7,9,0,0,0,0,0,0,0,0,0,0,0,0,0,0,0,14,7,7,2,0,2,16,7,9,2020
212000,"Raub, r uberische Erpressung auf/gegen sonstige Kassenr ume und Gesch fte",3404000,Osnabr ck,voll.,8,3,5,0,0,0,0,0,0,0,0,0,0,0,0,2,1,1,4,1,3,2,1,1,6,2,4,2020
212000,"Raub, r uberische Erpressung auf/gegen sonstige Kassenr ume und Gesch fte",3404000,Osnabr ck,vers.,1,0,1,0,0,0,0,0,0,0,0,0,0,0,0,0,0,0,1,0,1,0,0,0,1,0,1,2020
212000,"Raub, r uberische Erpressung auf/gegen sonstige Kassenr ume und Gesch fte",3404000,Osnabr ck,insg.,9,3,6,0,0,0,0,0,0,0,0,0,0,0,0,2,1,1,5,1,4,2,1,1,7,2,5,2020
212000,"Raub, r uberische Erpressung auf/gegen sonstige Kassenr ume und Gesch fte",5774032,Paderborn,voll.,2,1,1,0,0,0,0,0,0,0,0,0,0,0,0,0,0,0,2,1,1,0,0,0,2,1,1,2020
212000,"Raub, r uberische Erpressung auf/gegen sonstige Kassenr ume und Gesch fte",5774032,Paderborn,vers.,1,0,1,0,0,0,0,0,0,0,0,0,0,0,0,0,0,0,0,0,0,1,0,1,1,0,1,2020
212000,"Raub, r uberische Erpressung auf/gegen sonstige Kassenr ume und Gesch fte",5774032,Paderborn,insg.,3,1,2,0,0,0,0,0,0,0,0,0,0,0,0,0,0,0,2,1,1,1,0,1,3,1,2,2020
212000,"Raub, r uberische Erpressung auf/gegen sonstige Kassenr ume und Gesch fte",8231000,Pforzheim,voll.,4,3,1,1,1,0,0,0,0,1,1,0,0,0,0,0,0,0,3,2,1,0,0,0,3,2,1,2020
212000,"Raub, r uberische Erpressung auf/gegen sonstige Kassenr ume und Gesch fte",8231000,Pforzheim,vers.,0,0,0,0,0,0,0,0,0,0,0,0,0,0,0,0,0,0,0,0,0,0,0,0,0,0,0,2020
212000,"Raub, r uberische Erpressung auf/gegen sonstige Kassenr ume und Gesch fte",8231000,Pforzheim,insg.,4,3,1,1,1,0,0,0,0,1,1,0,0,0,0,0,0,0,3,2,1,0,0,0,3,2,1,2020
212000,"Raub, r uberische Erpressung auf/gegen sonstige Kassenr ume und Gesch fte",12054000,Potsdam,voll.,4,2,2,0,0,0,0,0,0,0,0,0,0,0,0,0,0,0,3,2,1,1,0,1,4,2,2,2020
212000,"Raub, r uberische Erpressung auf/gegen sonstige Kassenr ume und Gesch fte",12054000,Potsdam,vers.,0,0,0,0,0,0,0,0,0,0,0,0,0,0,0,0,0,0,0,0,0,0,0,0,0,0,0,2020
212000,"Raub, r uberische Erpressung auf/gegen sonstige Kassenr ume und Gesch fte",12054000,Potsdam,insg.,4,2,2,0,0,0,0,0,0,0,0,0,0,0,0,0,0,0,3,2,1,1,0,1,4,2,2,2020
212000,"Raub, r uberische Erpressung auf/gegen sonstige Kassenr ume und Gesch fte",5562032,Recklinghausen,voll.,3,1,2,0,0,0,0,0,0,0,0,0,0,0,0,0,0,0,3,1,2,0,0,0,3,1,2,2020
212000,"Raub, r uberische Erpressung auf/gegen sonstige Kassenr ume und Gesch fte",5562032,Recklinghausen,vers.,3,0,3,0,0,0,0,0,0,0,0,0,0,0,0,0,0,0,3,0,3,0,0,0,3,0,3,2020
212000,"Raub, r uberische Erpressung auf/gegen sonstige Kassenr ume und Gesch fte",5562032,Recklinghausen,insg.,6,1,5,0,0,0,0,0,0,0,0,0,0,0,0,0,0,0,6,1,5,0,0,0,6,1,5,2020
212000,"Raub, r uberische Erpressung auf/gegen sonstige Kassenr ume und Gesch fte",9362000,Regensburg,voll.,1,0,1,0,0,0,0,0,0,0,0,0,0,0,0,0,0,0,1,0,1,0,0,0,1,0,1,2020
212000,"Raub, r uberische Erpressung auf/gegen sonstige Kassenr ume und Gesch fte",9362000,Regensburg,vers.,0,0,0,0,0,0,0,0,0,0,0,0,0,0,0,0,0,0,0,0,0,0,0,0,0,0,0,2020
212000,"Raub, r uberische Erpressung auf/gegen sonstige Kassenr ume und Gesch fte",9362000,Regensburg,insg.,1,0,1,0,0,0,0,0,0,0,0,0,0,0,0,0,0,0,1,0,1,0,0,0,1,0,1,2020
212000,"Raub, r uberische Erpressung auf/gegen sonstige Kassenr ume und Gesch fte",5120000,Remscheid,voll.,1,1,0,0,0,0,0,0,0,0,0,0,0,0,0,0,0,0,1,1,0,0,0,0,1,1,0,2020
212000,"Raub, r uberische Erpressung auf/gegen sonstige Kassenr ume und Gesch fte",5120000,Remscheid,vers.,0,0,0,0,0,0,0,0,0,0,0,0,0,0,0,0,0,0,0,0,0,0,0,0,0,0,0,2020
212000,"Raub, r uberische Erpressung auf/gegen sonstige Kassenr ume und Gesch fte",5120000,Remscheid,insg.,1,1,0,0,0,0,0,0,0,0,0,0,0,0,0,0,0,0,1,1,0,0,0,0,1,1,0,2020
212000,"Raub, r uberische Erpressung auf/gegen sonstige Kassenr ume und Gesch fte",8415061,Reutlingen,voll.,0,0,0,0,0,0,0,0,0,0,0,0,0,0,0,0,0,0,0,0,0,0,0,0,0,0,0,2020
212000,"Raub, r uberische Erpressung auf/gegen sonstige Kassenr ume und Gesch fte",8415061,Reutlingen,vers.,0,0,0,0,0,0,0,0,0,0,0,0,0,0,0,0,0,0,0,0,0,0,0,0,0,0,0,2020
212000,"Raub, r uberische Erpressung auf/gegen sonstige Kassenr ume und Gesch fte",8415061,Reutlingen,insg.,0,0,0,0,0,0,0,0,0,0,0,0,0,0,0,0,0,0,0,0,0,0,0,0,0,0,0,2020
212000,"Raub, r uberische Erpressung auf/gegen sonstige Kassenr ume und Gesch fte",13003000,Rostock,voll.,1,0,1,0,0,0,0,0,0,0,0,0,0,0,0,0,0,0,1,0,1,0,0,0,1,0,1,2020
212000,"Raub, r uberische Erpressung auf/gegen sonstige Kassenr ume und Gesch fte",13003000,Rostock,vers.,1,1,0,0,0,0,0,0,0,0,0,0,0,0,0,0,0,0,1,1,0,0,0,0,1,1,0,2020
212000,"Raub, r uberische Erpressung auf/gegen sonstige Kassenr ume und Gesch fte",13003000,Rostock,insg.,2,1,1,0,0,0,0,0,0,0,0,0,0,0,0,0,0,0,2,1,1,0,0,0,2,1,1,2020
212000,"Raub, r uberische Erpressung auf/gegen sonstige Kassenr ume und Gesch fte",10041100,Saarbr cken,voll.,22,14,8,0,0,0,0,0,0,0,0,0,2,2,0,1,1,0,13,8,5,6,3,3,19,11,8,2020
212000,"Raub, r uberische Erpressung auf/gegen sonstige Kassenr ume und Gesch fte",10041100,Saarbr cken,vers.,3,1,2,0,0,0,0,0,0,0,0,0,0,0,0,0,0,0,3,1,2,0,0,0,3,1,2,2020
212000,"Raub, r uberische Erpressung auf/gegen sonstige Kassenr ume und Gesch fte",10041100,Saarbr cken,insg.,25,15,10,0,0,0,0,0,0,0,0,0,2,2,0,1,1,0,16,9,7,6,3,3,22,12,10,2020
212000,"Raub, r uberische Erpressung auf/gegen sonstige Kassenr ume und Gesch fte",3102000,Salzgitter,voll.,4,0,4,0,0,0,0,0,0,0,0,0,0,0,0,0,0,0,4,0,4,0,0,0,4,0,4,2020
212000,"Raub, r uberische Erpressung auf/gegen sonstige Kassenr ume und Gesch fte",3102000,Salzgitter,vers.,2,0,2,0,0,0,0,0,0,0,0,0,0,0,0,0,0,0,1,0,1,1,0,1,2,0,2,2020
212000,"Raub, r uberische Erpressung auf/gegen sonstige Kassenr ume und Gesch fte",3102000,Salzgitter,insg.,6,0,6,0,0,0,0,0,0,0,0,0,0,0,0,0,0,0,5,0,5,1,0,1,6,0,6,2020
212000,"Raub, r uberische Erpressung auf/gegen sonstige Kassenr ume und Gesch fte",13004000,Schwerin,voll.,0,0,0,0,0,0,0,0,0,0,0,0,0,0,0,0,0,0,0,0,0,0,0,0,0,0,0,2020
212000,"Raub, r uberische Erpressung auf/gegen sonstige Kassenr ume und Gesch fte",13004000,Schwerin,vers.,0,0,0,0,0,0,0,0,0,0,0,0,0,0,0,0,0,0,0,0,0,0,0,0,0,0,0,2020
212000,"Raub, r uberische Erpressung auf/gegen sonstige Kassenr ume und Gesch fte",13004000,Schwerin,insg.,0,0,0,0,0,0,0,0,0,0,0,0,0,0,0,0,0,0,0,0,0,0,0,0,0,0,0,2020
212000,"Raub, r uberische Erpressung auf/gegen sonstige Kassenr ume und Gesch fte",5970040,Siegen,voll.,4,1,3,0,0,0,0,0,0,0,0,0,0,0,0,0,0,0,4,1,3,0,0,0,4,1,3,2020
212000,"Raub, r uberische Erpressung auf/gegen sonstige Kassenr ume und Gesch fte",5970040,Siegen,vers.,0,0,0,0,0,0,0,0,0,0,0,0,0,0,0,0,0,0,0,0,0,0,0,0,0,0,0,2020
212000,"Raub, r uberische Erpressung auf/gegen sonstige Kassenr ume und Gesch fte",5970040,Siegen,insg.,4,1,3,0,0,0,0,0,0,0,0,0,0,0,0,0,0,0,4,1,3,0,0,0,4,1,3,2020
212000,"Raub, r uberische Erpressung auf/gegen sonstige Kassenr ume und Gesch fte",5122000,Solingen,voll.,3,1,2,0,0,0,0,0,0,0,0,0,0,0,0,0,0,0,3,1,2,0,0,0,3,1,2,2020
212000,"Raub, r uberische Erpressung auf/gegen sonstige Kassenr ume und Gesch fte",5122000,Solingen,vers.,1,0,1,0,0,0,0,0,0,0,0,0,0,0,0,0,0,0,1,0,1,0,0,0,1,0,1,2020
212000,"Raub, r uberische Erpressung auf/gegen sonstige Kassenr ume und Gesch fte",5122000,Solingen,insg.,4,1,3,0,0,0,0,0,0,0,0,0,0,0,0,0,0,0,4,1,3,0,0,0,4,1,3,2020
212000,"Raub, r uberische Erpressung auf/gegen sonstige Kassenr ume und Gesch fte",8111000,Stuttgart,voll.,9,6,3,0,0,0,0,0,0,0,0,0,0,0,0,3,2,1,6,4,2,0,0,0,6,4,2,2020
212000,"Raub, r uberische Erpressung auf/gegen sonstige Kassenr ume und Gesch fte",8111000,Stuttgart,vers.,7,4,3,0,0,0,0,0,0,0,0,0,0,0,0,0,0,0,4,3,1,3,1,2,7,4,3,2020
212000,"Raub, r uberische Erpressung auf/gegen sonstige Kassenr ume und Gesch fte",8111000,Stuttgart,insg.,16,10,6,0,0,0,0,0,0,0,0,0,0,0,0,3,2,1,10,7,3,3,1,2,13,8,5,2020
212000,"Raub, r uberische Erpressung auf/gegen sonstige Kassenr ume und Gesch fte",7211000,Trier,voll.,2,1,1,0,0,0,0,0,0,0,0,0,0,0,0,0,0,0,2,1,1,0,0,0,2,1,1,2020
212000,"Raub, r uberische Erpressung auf/gegen sonstige Kassenr ume und Gesch fte",7211000,Trier,vers.,2,0,2,0,0,0,0,0,0,0,0,0,0,0,0,0,0,0,2,0,2,0,0,0,2,0,2,2020
212000,"Raub, r uberische Erpressung auf/gegen sonstige Kassenr ume und Gesch fte",7211000,Trier,insg.,4,1,3,0,0,0,0,0,0,0,0,0,0,0,0,0,0,0,4,1,3,0,0,0,4,1,3,2020
212000,"Raub, r uberische Erpressung auf/gegen sonstige Kassenr ume und Gesch fte",8421000,Ulm,voll.,2,0,2,0,0,0,0,0,0,0,0,0,0,0,0,0,0,0,2,0,2,0,0,0,2,0,2,2020
212000,"Raub, r uberische Erpressung auf/gegen sonstige Kassenr ume und Gesch fte",8421000,Ulm,vers.,0,0,0,0,0,0,0,0,0,0,0,0,0,0,0,0,0,0,0,0,0,0,0,0,0,0,0,2020
212000,"Raub, r uberische Erpressung auf/gegen sonstige Kassenr ume und Gesch fte",8421000,Ulm,insg.,2,0,2,0,0,0,0,0,0,0,0,0,0,0,0,0,0,0,2,0,2,0,0,0,2,0,2,2020
212000,"Raub, r uberische Erpressung auf/gegen sonstige Kassenr ume und Gesch fte",6414000,Wiesbaden,voll.,2,1,1,0,0,0,0,0,0,0,0,0,0,0,0,0,0,0,2,1,1,0,0,0,2,1,1,2020
212000,"Raub, r uberische Erpressung auf/gegen sonstige Kassenr ume und Gesch fte",6414000,Wiesbaden,vers.,1,0,1,0,0,0,0,0,0,0,0,0,0,0,0,0,0,0,1,0,1,0,0,0,1,0,1,2020
212000,"Raub, r uberische Erpressung auf/gegen sonstige Kassenr ume und Gesch fte",6414000,Wiesbaden,insg.,3,1,2,0,0,0,0,0,0,0,0,0,0,0,0,0,0,0,3,1,2,0,0,0,3,1,2,2020
212000,"Raub, r uberische Erpressung auf/gegen sonstige Kassenr ume und Gesch fte",3103000,Wolfsburg,voll.,4,3,1,0,0,0,0,0,0,0,0,0,0,0,0,1,1,0,2,2,0,1,0,1,3,2,1,2020
212000,"Raub, r uberische Erpressung auf/gegen sonstige Kassenr ume und Gesch fte",3103000,Wolfsburg,vers.,2,0,2,0,0,0,0,0,0,0,0,0,0,0,0,0,0,0,2,0,2,0,0,0,2,0,2,2020
212000,"Raub, r uberische Erpressung auf/gegen sonstige Kassenr ume und Gesch fte",3103000,Wolfsburg,insg.,6,3,3,0,0,0,0,0,0,0,0,0,0,0,0,1,1,0,4,2,2,1,0,1,5,2,3,2020
212000,"Raub, r uberische Erpressung auf/gegen sonstige Kassenr ume und Gesch fte",5124000,Wuppertal,voll.,7,3,4,0,0,0,0,0,0,0,0,0,0,0,0,0,0,0,6,3,3,1,0,1,7,3,4,2020
212000,"Raub, r uberische Erpressung auf/gegen sonstige Kassenr ume und Gesch fte",5124000,Wuppertal,vers.,0,0,0,0,0,0,0,0,0,0,0,0,0,0,0,0,0,0,0,0,0,0,0,0,0,0,0,2020
212000,"Raub, r uberische Erpressung auf/gegen sonstige Kassenr ume und Gesch fte",5124000,Wuppertal,insg.,7,3,4,0,0,0,0,0,0,0,0,0,0,0,0,0,0,0,6,3,3,1,0,1,7,3,4,2020
212000,"Raub, r uberische Erpressung auf/gegen sonstige Kassenr ume und Gesch fte",9663000,W rzburg,voll.,0,0,0,0,0,0,0,0,0,0,0,0,0,0,0,0,0,0,0,0,0,0,0,0,0,0,0,2020
212000,"Raub, r uberische Erpressung auf/gegen sonstige Kassenr ume und Gesch fte",9663000,W rzburg,vers.,0,0,0,0,0,0,0,0,0,0,0,0,0,0,0,0,0,0,0,0,0,0,0,0,0,0,0,2020
212000,"Raub, r uberische Erpressung auf/gegen sonstige Kassenr ume und Gesch fte",9663000,W rzburg,insg.,0,0,0,0,0,0,0,0,0,0,0,0,0,0,0,0,0,0,0,0,0,0,0,0,0,0,0,2020
216000,Handtaschenraub,5334002,Aachen,voll.,6,2,4,0,0,0,0,0,0,0,0,0,0,0,0,0,0,0,3,1,2,3,1,2,6,2,4,2020
216000,Handtaschenraub,5334002,Aachen,vers.,3,0,3,0,0,0,0,0,0,0,0,0,1,0,1,0,0,0,0,0,0,2,0,2,2,0,2,2020
216000,Handtaschenraub,5334002,Aachen,insg.,9,2,7,0,0,0,0,0,0,0,0,0,1,0,1,0,0,0,3,1,2,5,1,4,8,2,6,2020
216000,Handtaschenraub,9761000,Augsburg,voll.,2,0,2,0,0,0,0,0,0,0,0,0,0,0,0,0,0,0,0,0,0,2,0,2,2,0,2,2020
216000,Handtaschenraub,9761000,Augsburg,vers.,2,0,2,0,0,0,0,0,0,0,0,0,0,0,0,0,0,0,0,0,0,2,0,2,2,0,2,2020
216000,Handtaschenraub,9761000,Augsburg,insg.,4,0,4,0,0,0,0,0,0,0,0,0,0,0,0,0,0,0,0,0,0,4,0,4,4,0,4,2020
216000,Handtaschenraub,5378004,Bergisch Gladbach,voll.,0,0,0,0,0,0,0,0,0,0,0,0,0,0,0,0,0,0,0,0,0,0,0,0,0,0,0,2020
216000,Handtaschenraub,5378004,Bergisch Gladbach,vers.,0,0,0,0,0,0,0,0,0,0,0,0,0,0,0,0,0,0,0,0,0,0,0,0,0,0,0,2020
216000,Handtaschenraub,5378004,Bergisch Gladbach,insg.,0,0,0,0,0,0,0,0,0,0,0,0,0,0,0,0,0,0,0,0,0,0,0,0,0,0,0,2020
216000,Handtaschenraub,11000000,Berlin,voll.,116,16,100,0,0,0,0,0,0,0,0,0,1,1,0,2,0,2,65,11,54,48,4,44,113,15,98,2020
216000,Handtaschenraub,11000000,Berlin,vers.,21,6,15,0,0,0,1,1,0,1,1,0,1,1,0,2,0,2,13,2,11,4,2,2,17,4,13,2020
216000,Handtaschenraub,11000000,Berlin,insg.,137,22,115,0,0,0,1,1,0,1,1,0,2,2,0,4,0,4,78,13,65,52,6,46,130,19,111,2020
216000,Handtaschenraub,5711000,Bielefeld,voll.,3,1,2,0,0,0,0,0,0,0,0,0,0,0,0,0,0,0,1,1,0,2,0,2,3,1,2,2020
216000,Handtaschenraub,5711000,Bielefeld,vers.,1,0,1,0,0,0,0,0,0,0,0,0,0,0,0,0,0,0,1,0,1,0,0,0,1,0,1,2020
216000,Handtaschenraub,5711000,Bielefeld,insg.,4,1,3,0,0,0,0,0,0,0,0,0,0,0,0,0,0,0,2,1,1,2,0,2,4,1,3,2020
216000,Handtaschenraub,5911000,Bochum,voll.,0,0,0,0,0,0,0,0,0,0,0,0,0,0,0,0,0,0,0,0,0,0,0,0,0,0,0,2020
216000,Handtaschenraub,5911000,Bochum,vers.,0,0,0,0,0,0,0,0,0,0,0,0,0,0,0,0,0,0,0,0,0,0,0,0,0,0,0,2020
216000,Handtaschenraub,5911000,Bochum,insg.,0,0,0,0,0,0,0,0,0,0,0,0,0,0,0,0,0,0,0,0,0,0,0,0,0,0,0,2020
216000,Handtaschenraub,5314000,Bonn,voll.,9,2,7,0,0,0,0,0,0,0,0,0,1,1,0,0,0,0,6,1,5,2,0,2,8,1,7,2020
216000,Handtaschenraub,5314000,Bonn,vers.,2,0,2,0,0,0,0,0,0,0,0,0,0,0,0,2,0,2,0,0,0,0,0,0,0,0,0,2020
216000,Handtaschenraub,5314000,Bonn,insg.,11,2,9,0,0,0,0,0,0,0,0,0,1,1,0,2,0,2,6,1,5,2,0,2,8,1,7,2020
216000,Handtaschenraub,5512000,Bottrop,voll.,1,0,1,0,0,0,0,0,0,0,0,0,0,0,0,0,0,0,1,0,1,0,0,0,1,0,1,2020
216000,Handtaschenraub,5512000,Bottrop,vers.,0,0,0,0,0,0,0,0,0,0,0,0,0,0,0,0,0,0,0,0,0,0,0,0,0,0,0,2020
216000,Handtaschenraub,5512000,Bottrop,insg.,1,0,1,0,0,0,0,0,0,0,0,0,0,0,0,0,0,0,1,0,1,0,0,0,1,0,1,2020
216000,Handtaschenraub,3101000,Braunschweig,voll.,2,0,2,0,0,0,0,0,0,0,0,0,0,0,0,0,0,0,0,0,0,2,0,2,2,0,2,2020
216000,Handtaschenraub,3101000,Braunschweig,vers.,2,0,2,0,0,0,0,0,0,0,0,0,0,0,0,0,0,0,2,0,2,0,0,0,2,0,2,2020
216000,Handtaschenraub,3101000,Braunschweig,insg.,4,0,4,0,0,0,0,0,0,0,0,0,0,0,0,0,0,0,2,0,2,2,0,2,4,0,4,2020
216000,Handtaschenraub,4011000,Bremen,voll.,7,0,7,0,0,0,0,0,0,0,0,0,0,0,0,1,0,1,5,0,5,1,0,1,6,0,6,2020
216000,Handtaschenraub,4011000,Bremen,vers.,3,0,3,0,0,0,0,0,0,0,0,0,0,0,0,0,0,0,2,0,2,1,0,1,3,0,3,2020
216000,Handtaschenraub,4011000,Bremen,insg.,10,0,10,0,0,0,0,0,0,0,0,0,0,0,0,1,0,1,7,0,7,2,0,2,9,0,9,2020
216000,Handtaschenraub,4012000,Bremerhaven,voll.,2,0,2,0,0,0,0,0,0,0,0,0,0,0,0,0,0,0,1,0,1,1,0,1,2,0,2,2020
216000,Handtaschenraub,4012000,Bremerhaven,vers.,0,0,0,0,0,0,0,0,0,0,0,0,0,0,0,0,0,0,0,0,0,0,0,0,0,0,0,2020
216000,Handtaschenraub,4012000,Bremerhaven,insg.,2,0,2,0,0,0,0,0,0,0,0,0,0,0,0,0,0,0,1,0,1,1,0,1,2,0,2,2020
216000,Handtaschenraub,14511000,Chemnitz,voll.,3,2,1,0,0,0,0,0,0,0,0,0,0,0,0,0,0,0,2,2,0,1,0,1,3,2,1,2020
216000,Handtaschenraub,14511000,Chemnitz,vers.,2,0,2,0,0,0,0,0,0,0,0,0,0,0,0,0,0,0,1,0,1,1,0,1,2,0,2,2020
216000,Handtaschenraub,14511000,Chemnitz,insg.,5,2,3,0,0,0,0,0,0,0,0,0,0,0,0,0,0,0,3,2,1,2,0,2,5,2,3,2020
216000,Handtaschenraub,6411000,Darmstadt,voll.,1,0,1,0,0,0,0,0,0,0,0,0,0,0,0,0,0,0,0,0,0,1,0,1,1,0,1,2020
216000,Handtaschenraub,6411000,Darmstadt,vers.,0,0,0,0,0,0,0,0,0,0,0,0,0,0,0,0,0,0,0,0,0,0,0,0,0,0,0,2020
216000,Handtaschenraub,6411000,Darmstadt,insg.,1,0,1,0,0,0,0,0,0,0,0,0,0,0,0,0,0,0,0,0,0,1,0,1,1,0,1,2020
216000,Handtaschenraub,5913000,Dortmund,voll.,15,4,11,0,0,0,0,0,0,0,0,0,0,0,0,2,1,1,8,3,5,5,0,5,13,3,10,2020
216000,Handtaschenraub,5913000,Dortmund,vers.,2,1,1,0,0,0,0,0,0,0,0,0,0,0,0,0,0,0,1,1,0,1,0,1,2,1,1,2020
216000,Handtaschenraub,5913000,Dortmund,insg.,17,5,12,0,0,0,0,0,0,0,0,0,0,0,0,2,1,1,9,4,5,6,0,6,15,4,11,2020
216000,Handtaschenraub,14612000,Dresden,voll.,7,2,5,0,0,0,1,0,1,1,0,1,0,0,0,1,1,0,1,0,1,4,1,3,5,1,4,2020
216000,Handtaschenraub,14612000,Dresden,vers.,3,1,2,0,0,0,0,0,0,0,0,0,0,0,0,0,0,0,2,1,1,1,0,1,3,1,2,2020
216000,Handtaschenraub,14612000,Dresden,insg.,10,3,7,0,0,0,1,0,1,1,0,1,0,0,0,1,1,0,3,1,2,5,1,4,8,2,6,2020
216000,Handtaschenraub,5112000,Duisburg,voll.,12,3,9,0,0,0,0,0,0,0,0,0,0,0,0,3,2,1,2,0,2,7,1,6,9,1,8,2020
216000,Handtaschenraub,5112000,Duisburg,vers.,2,0,2,0,0,0,0,0,0,0,0,0,0,0,0,0,0,0,2,0,2,0,0,0,2,0,2,2020
216000,Handtaschenraub,5112000,Duisburg,insg.,14,3,11,0,0,0,0,0,0,0,0,0,0,0,0,3,2,1,4,0,4,7,1,6,11,1,10,2020
216000,Handtaschenraub,5111000,D sseldorf,voll.,13,5,8,0,0,0,1,1,0,1,1,0,0,0,0,1,0,1,7,3,4,4,1,3,11,4,7,2020
216000,Handtaschenraub,5111000,D sseldorf,vers.,1,0,1,0,0,0,0,0,0,0,0,0,0,0,0,0,0,0,0,0,0,1,0,1,1,0,1,2020
216000,Handtaschenraub,5111000,D sseldorf,insg.,14,5,9,0,0,0,1,1,0,1,1,0,0,0,0,1,0,1,7,3,4,5,1,4,12,4,8,2020
216000,Handtaschenraub,16051000,Erfurt,voll.,2,0,2,0,0,0,0,0,0,0,0,0,0,0,0,0,0,0,2,0,2,0,0,0,2,0,2,2020
216000,Handtaschenraub,16051000,Erfurt,vers.,1,1,0,0,0,0,0,0,0,0,0,0,0,0,0,1,1,0,0,0,0,0,0,0,0,0,0,2020
216000,Handtaschenraub,16051000,Erfurt,insg.,3,1,2,0,0,0,0,0,0,0,0,0,0,0,0,1,1,0,2,0,2,0,0,0,2,0,2,2020
216000,Handtaschenraub,9562000,Erlangen,voll.,0,0,0,0,0,0,0,0,0,0,0,0,0,0,0,0,0,0,0,0,0,0,0,0,0,0,0,2020
216000,Handtaschenraub,9562000,Erlangen,vers.,0,0,0,0,0,0,0,0,0,0,0,0,0,0,0,0,0,0,0,0,0,0,0,0,0,0,0,2020
216000,Handtaschenraub,9562000,Erlangen,insg.,0,0,0,0,0,0,0,0,0,0,0,0,0,0,0,0,0,0,0,0,0,0,0,0,0,0,0,2020
216000,Handtaschenraub,5113000,Essen,voll.,6,2,4,0,0,0,0,0,0,0,0,0,0,0,0,0,0,0,2,0,2,4,2,2,6,2,4,2020
216000,Handtaschenraub,5113000,Essen,vers.,2,0,2,0,0,0,0,0,0,0,0,0,1,0,1,0,0,0,1,0,1,0,0,0,1,0,1,2020
216000,Handtaschenraub,5113000,Essen,insg.,8,2,6,0,0,0,0,0,0,0,0,0,1,0,1,0,0,0,3,0,3,4,2,2,7,2,5,2020
216000,Handtaschenraub,6412000,Frankfurt am Main,voll.,28,8,20,0,0,0,0,0,0,0,0,0,1,1,0,3,1,2,14,6,8,10,0,10,24,6,18,2020
216000,Handtaschenraub,6412000,Frankfurt am Main,vers.,13,1,12,0,0,0,0,0,0,0,0,0,0,0,0,0,0,0,10,1,9,3,0,3,13,1,12,2020
216000,Handtaschenraub,6412000,Frankfurt am Main,insg.,41,9,32,0,0,0,0,0,0,0,0,0,1,1,0,3,1,2,24,7,17,13,0,13,37,7,30,2020
216000,Handtaschenraub,8311000,Freiburg im Breisgau,voll.,2,1,1,0,0,0,0,0,0,0,0,0,0,0,0,1,1,0,1,0,1,0,0,0,1,0,1,2020
216000,Handtaschenraub,8311000,Freiburg im Breisgau,vers.,1,0,1,0,0,0,0,0,0,0,0,0,0,0,0,1,0,1,0,0,0,0,0,0,0,0,0,2020
216000,Handtaschenraub,8311000,Freiburg im Breisgau,insg.,3,1,2,0,0,0,0,0,0,0,0,0,0,0,0,2,1,1,1,0,1,0,0,0,1,0,1,2020
216000,Handtaschenraub,9563000,F rth,voll.,0,0,0,0,0,0,0,0,0,0,0,0,0,0,0,0,0,0,0,0,0,0,0,0,0,0,0,2020
216000,Handtaschenraub,9563000,F rth,vers.,1,0,1,0,0,0,0,0,0,0,0,0,0,0,0,0,0,0,1,0,1,0,0,0,1,0,1,2020
216000,Handtaschenraub,9563000,F rth,insg.,1,0,1,0,0,0,0,0,0,0,0,0,0,0,0,0,0,0,1,0,1,0,0,0,1,0,1,2020
216000,Handtaschenraub,5513000,Gelsenkirchen,voll.,1,0,1,0,0,0,0,0,0,0,0,0,0,0,0,0,0,0,0,0,0,1,0,1,1,0,1,2020
216000,Handtaschenraub,5513000,Gelsenkirchen,vers.,1,0,1,0,0,0,0,0,0,0,0,0,0,0,0,0,0,0,0,0,0,1,0,1,1,0,1,2020
216000,Handtaschenraub,5513000,Gelsenkirchen,insg.,2,0,2,0,0,0,0,0,0,0,0,0,0,0,0,0,0,0,0,0,0,2,0,2,2,0,2,2020
216000,Handtaschenraub,3159016,G ttingen,voll.,3,0,3,0,0,0,0,0,0,0,0,0,0,0,0,0,0,0,3,0,3,0,0,0,3,0,3,2020
216000,Handtaschenraub,3159016,G ttingen,vers.,1,0,1,0,0,0,0,0,0,0,0,0,0,0,0,0,0,0,1,0,1,0,0,0,1,0,1,2020
216000,Handtaschenraub,3159016,G ttingen,insg.,4,0,4,0,0,0,0,0,0,0,0,0,0,0,0,0,0,0,4,0,4,0,0,0,4,0,4,2020
216000,Handtaschenraub,5754008,G tersloh,voll.,1,0,1,0,0,0,0,0,0,0,0,0,0,0,0,0,0,0,1,0,1,0,0,0,1,0,1,2020
216000,Handtaschenraub,5754008,G tersloh,vers.,0,0,0,0,0,0,0,0,0,0,0,0,0,0,0,0,0,0,0,0,0,0,0,0,0,0,0,2020
216000,Handtaschenraub,5754008,G tersloh,insg.,1,0,1,0,0,0,0,0,0,0,0,0,0,0,0,0,0,0,1,0,1,0,0,0,1,0,1,2020
216000,Handtaschenraub,5914000,Hagen,voll.,2,1,1,0,0,0,0,0,0,0,0,0,0,0,0,0,0,0,1,0,1,1,1,0,2,1,1,2020
216000,Handtaschenraub,5914000,Hagen,vers.,1,0,1,0,0,0,0,0,0,0,0,0,0,0,0,0,0,0,1,0,1,0,0,0,1,0,1,2020
216000,Handtaschenraub,5914000,Hagen,insg.,3,1,2,0,0,0,0,0,0,0,0,0,0,0,0,0,0,0,2,0,2,1,1,0,3,1,2,2020
216000,Handtaschenraub,15002000,Halle (Saale),voll.,1,0,1,0,0,0,0,0,0,0,0,0,0,0,0,0,0,0,1,0,1,0,0,0,1,0,1,2020
216000,Handtaschenraub,15002000,Halle (Saale),vers.,3,0,3,0,0,0,0,0,0,0,0,0,0,0,0,0,0,0,3,0,3,0,0,0,3,0,3,2020
216000,Handtaschenraub,15002000,Halle (Saale),insg.,4,0,4,0,0,0,0,0,0,0,0,0,0,0,0,0,0,0,4,0,4,0,0,0,4,0,4,2020
216000,Handtaschenraub,2000000,Hamburg,voll.,62,20,42,0,0,0,0,0,0,0,0,0,1,1,0,4,2,2,39,13,26,18,4,14,57,17,40,2020
216000,Handtaschenraub,2000000,Hamburg,vers.,17,5,12,0,0,0,2,2,0,2,2,0,0,0,0,3,1,2,10,2,8,2,0,2,12,2,10,2020
216000,Handtaschenraub,2000000,Hamburg,insg.,79,25,54,0,0,0,2,2,0,2,2,0,1,1,0,7,3,4,49,15,34,20,4,16,69,19,50,2020
216000,Handtaschenraub,5915000,Hamm,voll.,5,1,4,0,0,0,0,0,0,0,0,0,0,0,0,2,0,2,1,0,1,2,1,1,3,1,2,2020
216000,Handtaschenraub,5915000,Hamm,vers.,5,1,4,0,0,0,0,0,0,0,0,0,0,0,0,0,0,0,3,1,2,2,0,2,5,1,4,2020
216000,Handtaschenraub,5915000,Hamm,insg.,10,2,8,0,0,0,0,0,0,0,0,0,0,0,0,2,0,2,4,1,3,4,1,3,8,2,6,2020
216000,Handtaschenraub,3241001,Hannover,voll.,17,4,13,1,1,0,0,0,0,1,1,0,0,0,0,0,0,0,10,2,8,6,1,5,16,3,13,2020
216000,Handtaschenraub,3241001,Hannover,vers.,3,0,3,0,0,0,0,0,0,0,0,0,0,0,0,0,0,0,2,0,2,1,0,1,3,0,3,2020
216000,Handtaschenraub,3241001,Hannover,insg.,20,4,16,1,1,0,0,0,0,1,1,0,0,0,0,0,0,0,12,2,10,7,1,6,19,3,16,2020
216000,Handtaschenraub,8221000,Heidelberg,voll.,1,0,1,0,0,0,0,0,0,0,0,0,0,0,0,1,0,1,0,0,0,0,0,0,0,0,0,2020
216000,Handtaschenraub,8221000,Heidelberg,vers.,1,0,1,0,0,0,0,0,0,0,0,0,0,0,0,0,0,0,1,0,1,0,0,0,1,0,1,2020
216000,Handtaschenraub,8221000,Heidelberg,insg.,2,0,2,0,0,0,0,0,0,0,0,0,0,0,0,1,0,1,1,0,1,0,0,0,1,0,1,2020
216000,Handtaschenraub,8121000,Heilbronn,voll.,1,0,1,0,0,0,0,0,0,0,0,0,0,0,0,0,0,0,0,0,0,1,0,1,1,0,1,2020
216000,Handtaschenraub,8121000,Heilbronn,vers.,0,0,0,0,0,0,0,0,0,0,0,0,0,0,0,0,0,0,0,0,0,0,0,0,0,0,0,2020
216000,Handtaschenraub,8121000,Heilbronn,insg.,1,0,1,0,0,0,0,0,0,0,0,0,0,0,0,0,0,0,0,0,0,1,0,1,1,0,1,2020
216000,Handtaschenraub,5916000,Herne,voll.,1,0,1,0,0,0,0,0,0,0,0,0,0,0,0,0,0,0,0,0,0,1,0,1,1,0,1,2020
216000,Handtaschenraub,5916000,Herne,vers.,1,0,1,0,0,0,0,0,0,0,0,0,0,0,0,0,0,0,0,0,0,1,0,1,1,0,1,2020
216000,Handtaschenraub,5916000,Herne,insg.,2,0,2,0,0,0,0,0,0,0,0,0,0,0,0,0,0,0,0,0,0,2,0,2,2,0,2,2020
216000,Handtaschenraub,3254021,Hildesheim,voll.,0,0,0,0,0,0,0,0,0,0,0,0,0,0,0,0,0,0,0,0,0,0,0,0,0,0,0,2020
216000,Handtaschenraub,3254021,Hildesheim,vers.,0,0,0,0,0,0,0,0,0,0,0,0,0,0,0,0,0,0,0,0,0,0,0,0,0,0,0,2020
216000,Handtaschenraub,3254021,Hildesheim,insg.,0,0,0,0,0,0,0,0,0,0,0,0,0,0,0,0,0,0,0,0,0,0,0,0,0,0,0,2020
216000,Handtaschenraub,9161000,Ingolstadt,voll.,0,0,0,0,0,0,0,0,0,0,0,0,0,0,0,0,0,0,0,0,0,0,0,0,0,0,0,2020
216000,Handtaschenraub,9161000,Ingolstadt,vers.,0,0,0,0,0,0,0,0,0,0,0,0,0,0,0,0,0,0,0,0,0,0,0,0,0,0,0,2020
216000,Handtaschenraub,9161000,Ingolstadt,insg.,0,0,0,0,0,0,0,0,0,0,0,0,0,0,0,0,0,0,0,0,0,0,0,0,0,0,0,2020
216000,Handtaschenraub,16053000,Jena,voll.,0,0,0,0,0,0,0,0,0,0,0,0,0,0,0,0,0,0,0,0,0,0,0,0,0,0,0,2020
216000,Handtaschenraub,16053000,Jena,vers.,0,0,0,0,0,0,0,0,0,0,0,0,0,0,0,0,0,0,0,0,0,0,0,0,0,0,0,2020
216000,Handtaschenraub,16053000,Jena,insg.,0,0,0,0,0,0,0,0,0,0,0,0,0,0,0,0,0,0,0,0,0,0,0,0,0,0,0,2020
216000,Handtaschenraub,7312000,Kaiserslautern,voll.,2,0,2,0,0,0,0,0,0,0,0,0,0,0,0,0,0,0,2,0,2,0,0,0,2,0,2,2020
216000,Handtaschenraub,7312000,Kaiserslautern,vers.,0,0,0,0,0,0,0,0,0,0,0,0,0,0,0,0,0,0,0,0,0,0,0,0,0,0,0,2020
216000,Handtaschenraub,7312000,Kaiserslautern,insg.,2,0,2,0,0,0,0,0,0,0,0,0,0,0,0,0,0,0,2,0,2,0,0,0,2,0,2,2020
216000,Handtaschenraub,8212000,Karlsruhe,voll.,6,1,5,0,0,0,0,0,0,0,0,0,0,0,0,1,0,1,3,1,2,2,0,2,5,1,4,2020
216000,Handtaschenraub,8212000,Karlsruhe,vers.,2,1,1,0,0,0,0,0,0,0,0,0,0,0,0,1,0,1,1,1,0,0,0,0,1,1,0,2020
216000,Handtaschenraub,8212000,Karlsruhe,insg.,8,2,6,0,0,0,0,0,0,0,0,0,0,0,0,2,0,2,4,2,2,2,0,2,6,2,4,2020
216000,Handtaschenraub,6611000,Kassel,voll.,4,0,4,0,0,0,0,0,0,0,0,0,1,0,1,0,0,0,1,0,1,2,0,2,3,0,3,2020
216000,Handtaschenraub,6611000,Kassel,vers.,2,0,2,0,0,0,0,0,0,0,0,0,0,0,0,0,0,0,0,0,0,2,0,2,2,0,2,2020
216000,Handtaschenraub,6611000,Kassel,insg.,6,0,6,0,0,0,0,0,0,0,0,0,1,0,1,0,0,0,1,0,1,4,0,4,5,0,5,2020
216000,Handtaschenraub,1002000,Kiel,voll.,3,0,3,0,0,0,0,0,0,0,0,0,0,0,0,0,0,0,2,0,2,1,0,1,3,0,3,2020
216000,Handtaschenraub,1002000,Kiel,vers.,1,0,1,0,0,0,0,0,0,0,0,0,0,0,0,0,0,0,0,0,0,1,0,1,1,0,1,2020
216000,Handtaschenraub,1002000,Kiel,insg.,4,0,4,0,0,0,0,0,0,0,0,0,0,0,0,0,0,0,2,0,2,2,0,2,4,0,4,2020
216000,Handtaschenraub,7111000,Koblenz,voll.,3,0,3,0,0,0,0,0,0,0,0,0,0,0,0,0,0,0,2,0,2,1,0,1,3,0,3,2020
216000,Handtaschenraub,7111000,Koblenz,vers.,0,0,0,0,0,0,0,0,0,0,0,0,0,0,0,0,0,0,0,0,0,0,0,0,0,0,0,2020
216000,Handtaschenraub,7111000,Koblenz,insg.,3,0,3,0,0,0,0,0,0,0,0,0,0,0,0,0,0,0,2,0,2,1,0,1,3,0,3,2020
216000,Handtaschenraub,5315000,K ln,voll.,34,3,31,0,0,0,0,0,0,0,0,0,0,0,0,1,0,1,23,2,21,10,1,9,33,3,30,2020
216000,Handtaschenraub,5315000,K ln,vers.,11,2,9,0,0,0,0,0,0,0,0,0,0,0,0,2,1,1,7,1,6,2,0,2,9,1,8,2020
216000,Handtaschenraub,5315000,K ln,insg.,45,5,40,0,0,0,0,0,0,0,0,0,0,0,0,3,1,2,30,3,27,12,1,11,42,4,38,2020
216000,Handtaschenraub,5114000,Krefeld,voll.,6,0,6,0,0,0,0,0,0,0,0,0,0,0,0,0,0,0,5,0,5,1,0,1,6,0,6,2020
216000,Handtaschenraub,5114000,Krefeld,vers.,1,0,1,0,0,0,0,0,0,0,0,0,0,0,0,0,0,0,1,0,1,0,0,0,1,0,1,2020
216000,Handtaschenraub,5114000,Krefeld,insg.,7,0,7,0,0,0,0,0,0,0,0,0,0,0,0,0,0,0,6,0,6,1,0,1,7,0,7,2020
216000,Handtaschenraub,14713000,Leipzig,voll.,7,2,5,0,0,0,0,0,0,0,0,0,0,0,0,0,0,0,2,0,2,5,2,3,7,2,5,2020
216000,Handtaschenraub,14713000,Leipzig,vers.,3,1,2,0,0,0,0,0,0,0,0,0,0,0,0,0,0,0,1,0,1,2,1,1,3,1,2,2020
216000,Handtaschenraub,14713000,Leipzig,insg.,10,3,7,0,0,0,0,0,0,0,0,0,0,0,0,0,0,0,3,0,3,7,3,4,10,3,7,2020
216000,Handtaschenraub,5316000,Leverkusen,voll.,4,0,4,0,0,0,0,0,0,0,0,0,0,0,0,0,0,0,4,0,4,0,0,0,4,0,4,2020
216000,Handtaschenraub,5316000,Leverkusen,vers.,0,0,0,0,0,0,0,0,0,0,0,0,0,0,0,0,0,0,0,0,0,0,0,0,0,0,0,2020
216000,Handtaschenraub,5316000,Leverkusen,insg.,4,0,4,0,0,0,0,0,0,0,0,0,0,0,0,0,0,0,4,0,4,0,0,0,4,0,4,2020
216000,Handtaschenraub,1003000,L beck,voll.,6,0,6,0,0,0,0,0,0,0,0,0,0,0,0,1,0,1,1,0,1,4,0,4,5,0,5,2020
216000,Handtaschenraub,1003000,L beck,vers.,1,0,1,0,0,0,0,0,0,0,0,0,0,0,0,0,0,0,1,0,1,0,0,0,1,0,1,2020
216000,Handtaschenraub,1003000,L beck,insg.,7,0,7,0,0,0,0,0,0,0,0,0,0,0,0,1,0,1,2,0,2,4,0,4,6,0,6,2020
216000,Handtaschenraub,7314000,Ludwigshafen am Rhein,voll.,1,0,1,0,0,0,0,0,0,0,0,0,0,0,0,0,0,0,0,0,0,1,0,1,1,0,1,2020
216000,Handtaschenraub,7314000,Ludwigshafen am Rhein,vers.,0,0,0,0,0,0,0,0,0,0,0,0,0,0,0,0,0,0,0,0,0,0,0,0,0,0,0,2020
216000,Handtaschenraub,7314000,Ludwigshafen am Rhein,insg.,1,0,1,0,0,0,0,0,0,0,0,0,0,0,0,0,0,0,0,0,0,1,0,1,1,0,1,2020
216000,Handtaschenraub,15003000,Magdeburg,voll.,3,0,3,0,0,0,0,0,0,0,0,0,0,0,0,0,0,0,1,0,1,2,0,2,3,0,3,2020
216000,Handtaschenraub,15003000,Magdeburg,vers.,0,0,0,0,0,0,0,0,0,0,0,0,0,0,0,0,0,0,0,0,0,0,0,0,0,0,0,2020
216000,Handtaschenraub,15003000,Magdeburg,insg.,3,0,3,0,0,0,0,0,0,0,0,0,0,0,0,0,0,0,1,0,1,2,0,2,3,0,3,2020
216000,Handtaschenraub,7315000,Mainz,voll.,0,0,0,0,0,0,0,0,0,0,0,0,0,0,0,0,0,0,0,0,0,0,0,0,0,0,0,2020
216000,Handtaschenraub,7315000,Mainz,vers.,1,1,0,0,0,0,0,0,0,0,0,0,0,0,0,0,0,0,1,1,0,0,0,0,1,1,0,2020
216000,Handtaschenraub,7315000,Mainz,insg.,1,1,0,0,0,0,0,0,0,0,0,0,0,0,0,0,0,0,1,1,0,0,0,0,1,1,0,2020
216000,Handtaschenraub,8222000,Mannheim,voll.,2,0,2,0,0,0,0,0,0,0,0,0,0,0,0,0,0,0,2,0,2,0,0,0,2,0,2,2020
216000,Handtaschenraub,8222000,Mannheim,vers.,2,0,2,0,0,0,0,0,0,0,0,0,0,0,0,0,0,0,2,0,2,0,0,0,2,0,2,2020
216000,Handtaschenraub,8222000,Mannheim,insg.,4,0,4,0,0,0,0,0,0,0,0,0,0,0,0,0,0,0,4,0,4,0,0,0,4,0,4,2020
216000,Handtaschenraub,5170024,Moers,voll.,0,0,0,0,0,0,0,0,0,0,0,0,0,0,0,0,0,0,0,0,0,0,0,0,0,0,0,2020
216000,Handtaschenraub,5170024,Moers,vers.,0,0,0,0,0,0,0,0,0,0,0,0,0,0,0,0,0,0,0,0,0,0,0,0,0,0,0,2020
216000,Handtaschenraub,5170024,Moers,insg.,0,0,0,0,0,0,0,0,0,0,0,0,0,0,0,0,0,0,0,0,0,0,0,0,0,0,0,2020
216000,Handtaschenraub,5116000,M nchengladbach,voll.,3,1,2,0,0,0,0,0,0,0,0,0,1,1,0,0,0,0,1,0,1,1,0,1,2,0,2,2020
216000,Handtaschenraub,5116000,M nchengladbach,vers.,1,0,1,0,0,0,0,0,0,0,0,0,0,0,0,1,0,1,0,0,0,0,0,0,0,0,0,2020
216000,Handtaschenraub,5116000,M nchengladbach,insg.,4,1,3,0,0,0,0,0,0,0,0,0,1,1,0,1,0,1,1,0,1,1,0,1,2,0,2,2020
216000,Handtaschenraub,5117000,M lheim an der Ruhr,voll.,2,0,2,0,0,0,0,0,0,0,0,0,0,0,0,0,0,0,0,0,0,2,0,2,2,0,2,2020
216000,Handtaschenraub,5117000,M lheim an der Ruhr,vers.,0,0,0,0,0,0,0,0,0,0,0,0,0,0,0,0,0,0,0,0,0,0,0,0,0,0,0,2020
216000,Handtaschenraub,5117000,M lheim an der Ruhr,insg.,2,0,2,0,0,0,0,0,0,0,0,0,0,0,0,0,0,0,0,0,0,2,0,2,2,0,2,2020
216000,Handtaschenraub,9162000,M nchen,voll.,28,9,19,0,0,0,0,0,0,0,0,0,1,1,0,1,0,1,17,6,11,9,2,7,26,8,18,2020
216000,Handtaschenraub,9162000,M nchen,vers.,13,3,10,0,0,0,0,0,0,0,0,0,2,0,2,1,1,0,8,2,6,2,0,2,10,2,8,2020
216000,Handtaschenraub,9162000,M nchen,insg.,41,12,29,0,0,0,0,0,0,0,0,0,3,1,2,2,1,1,25,8,17,11,2,9,36,10,26,2020
216000,Handtaschenraub,5515000,M nster,voll.,6,2,4,0,0,0,0,0,0,0,0,0,1,1,0,2,1,1,1,0,1,2,0,2,3,0,3,2020
216000,Handtaschenraub,5515000,M nster,vers.,0,0,0,0,0,0,0,0,0,0,0,0,0,0,0,0,0,0,0,0,0,0,0,0,0,0,0,2020
216000,Handtaschenraub,5515000,M nster,insg.,6,2,4,0,0,0,0,0,0,0,0,0,1,1,0,2,1,1,1,0,1,2,0,2,3,0,3,2020
216000,Handtaschenraub,5162024,Neuss,voll.,0,0,0,0,0,0,0,0,0,0,0,0,0,0,0,0,0,0,0,0,0,0,0,0,0,0,0,2020
216000,Handtaschenraub,5162024,Neuss,vers.,1,0,1,0,0,0,0,0,0,0,0,0,0,0,0,0,0,0,1,0,1,0,0,0,1,0,1,2020
216000,Handtaschenraub,5162024,Neuss,insg.,1,0,1,0,0,0,0,0,0,0,0,0,0,0,0,0,0,0,1,0,1,0,0,0,1,0,1,2020
216000,Handtaschenraub,9564000,N rnberg,voll.,8,3,5,0,0,0,0,0,0,0,0,0,1,0,1,0,0,0,7,3,4,0,0,0,7,3,4,2020
216000,Handtaschenraub,9564000,N rnberg,vers.,1,0,1,0,0,0,0,0,0,0,0,0,0,0,0,0,0,0,1,0,1,0,0,0,1,0,1,2020
216000,Handtaschenraub,9564000,N rnberg,insg.,9,3,6,0,0,0,0,0,0,0,0,0,1,0,1,0,0,0,8,3,5,0,0,0,8,3,5,2020
216000,Handtaschenraub,5119000,Oberhausen,voll.,4,0,4,0,0,0,0,0,0,0,0,0,0,0,0,0,0,0,1,0,1,3,0,3,4,0,4,2020
216000,Handtaschenraub,5119000,Oberhausen,vers.,0,0,0,0,0,0,0,0,0,0,0,0,0,0,0,0,0,0,0,0,0,0,0,0,0,0,0,2020
216000,Handtaschenraub,5119000,Oberhausen,insg.,4,0,4,0,0,0,0,0,0,0,0,0,0,0,0,0,0,0,1,0,1,3,0,3,4,0,4,2020
216000,Handtaschenraub,6413000,Offenbach am Main,voll.,1,0,1,0,0,0,0,0,0,0,0,0,0,0,0,0,0,0,1,0,1,0,0,0,1,0,1,2020
216000,Handtaschenraub,6413000,Offenbach am Main,vers.,1,1,0,0,0,0,0,0,0,0,0,0,1,1,0,0,0,0,0,0,0,0,0,0,0,0,0,2020
216000,Handtaschenraub,6413000,Offenbach am Main,insg.,2,1,1,0,0,0,0,0,0,0,0,0,1,1,0,0,0,0,1,0,1,0,0,0,1,0,1,2020
216000,Handtaschenraub,3403000,Oldenburg (Oldenburg),voll.,2,0,2,0,0,0,0,0,0,0,0,0,0,0,0,0,0,0,1,0,1,1,0,1,2,0,2,2020
216000,Handtaschenraub,3403000,Oldenburg (Oldenburg),vers.,2,0,2,0,0,0,0,0,0,0,0,0,2,0,2,0,0,0,0,0,0,0,0,0,0,0,0,2020
216000,Handtaschenraub,3403000,Oldenburg (Oldenburg),insg.,4,0,4,0,0,0,0,0,0,0,0,0,2,0,2,0,0,0,1,0,1,1,0,1,2,0,2,2020
216000,Handtaschenraub,3404000,Osnabr ck,voll.,3,0,3,0,0,0,0,0,0,0,0,0,0,0,0,0,0,0,3,0,3,0,0,0,3,0,3,2020
216000,Handtaschenraub,3404000,Osnabr ck,vers.,0,0,0,0,0,0,0,0,0,0,0,0,0,0,0,0,0,0,0,0,0,0,0,0,0,0,0,2020
216000,Handtaschenraub,3404000,Osnabr ck,insg.,3,0,3,0,0,0,0,0,0,0,0,0,0,0,0,0,0,0,3,0,3,0,0,0,3,0,3,2020
216000,Handtaschenraub,5774032,Paderborn,voll.,4,0,4,0,0,0,0,0,0,0,0,0,0,0,0,0,0,0,2,0,2,2,0,2,4,0,4,2020
216000,Handtaschenraub,5774032,Paderborn,vers.,0,0,0,0,0,0,0,0,0,0,0,0,0,0,0,0,0,0,0,0,0,0,0,0,0,0,0,2020
216000,Handtaschenraub,5774032,Paderborn,insg.,4,0,4,0,0,0,0,0,0,0,0,0,0,0,0,0,0,0,2,0,2,2,0,2,4,0,4,2020
216000,Handtaschenraub,8231000,Pforzheim,voll.,3,2,1,0,0,0,0,0,0,0,0,0,0,0,0,0,0,0,1,1,0,2,1,1,3,2,1,2020
216000,Handtaschenraub,8231000,Pforzheim,vers.,1,0,1,0,0,0,0,0,0,0,0,0,0,0,0,0,0,0,1,0,1,0,0,0,1,0,1,2020
216000,Handtaschenraub,8231000,Pforzheim,insg.,4,2,2,0,0,0,0,0,0,0,0,0,0,0,0,0,0,0,2,1,1,2,1,1,4,2,2,2020
216000,Handtaschenraub,12054000,Potsdam,voll.,1,1,0,0,0,0,0,0,0,0,0,0,0,0,0,0,0,0,1,1,0,0,0,0,1,1,0,2020
216000,Handtaschenraub,12054000,Potsdam,vers.,1,0,1,0,0,0,0,0,0,0,0,0,0,0,0,0,0,0,1,0,1,0,0,0,1,0,1,2020
216000,Handtaschenraub,12054000,Potsdam,insg.,2,1,1,0,0,0,0,0,0,0,0,0,0,0,0,0,0,0,2,1,1,0,0,0,2,1,1,2020
216000,Handtaschenraub,5562032,Recklinghausen,voll.,2,0,2,0,0,0,1,0,1,1,0,1,0,0,0,0,0,0,0,0,0,1,0,1,1,0,1,2020
216000,Handtaschenraub,5562032,Recklinghausen,vers.,1,0,1,0,0,0,0,0,0,0,0,0,0,0,0,0,0,0,1,0,1,0,0,0,1,0,1,2020
216000,Handtaschenraub,5562032,Recklinghausen,insg.,3,0,3,0,0,0,1,0,1,1,0,1,0,0,0,0,0,0,1,0,1,1,0,1,2,0,2,2020
216000,Handtaschenraub,9362000,Regensburg,voll.,0,0,0,0,0,0,0,0,0,0,0,0,0,0,0,0,0,0,0,0,0,0,0,0,0,0,0,2020
216000,Handtaschenraub,9362000,Regensburg,vers.,0,0,0,0,0,0,0,0,0,0,0,0,0,0,0,0,0,0,0,0,0,0,0,0,0,0,0,2020
216000,Handtaschenraub,9362000,Regensburg,insg.,0,0,0,0,0,0,0,0,0,0,0,0,0,0,0,0,0,0,0,0,0,0,0,0,0,0,0,2020
216000,Handtaschenraub,5120000,Remscheid,voll.,1,0,1,0,0,0,0,0,0,0,0,0,0,0,0,0,0,0,0,0,0,1,0,1,1,0,1,2020
216000,Handtaschenraub,5120000,Remscheid,vers.,0,0,0,0,0,0,0,0,0,0,0,0,0,0,0,0,0,0,0,0,0,0,0,0,0,0,0,2020
216000,Handtaschenraub,5120000,Remscheid,insg.,1,0,1,0,0,0,0,0,0,0,0,0,0,0,0,0,0,0,0,0,0,1,0,1,1,0,1,2020
216000,Handtaschenraub,8415061,Reutlingen,voll.,0,0,0,0,0,0,0,0,0,0,0,0,0,0,0,0,0,0,0,0,0,0,0,0,0,0,0,2020
216000,Handtaschenraub,8415061,Reutlingen,vers.,0,0,0,0,0,0,0,0,0,0,0,0,0,0,0,0,0,0,0,0,0,0,0,0,0,0,0,2020
216000,Handtaschenraub,8415061,Reutlingen,insg.,0,0,0,0,0,0,0,0,0,0,0,0,0,0,0,0,0,0,0,0,0,0,0,0,0,0,0,2020
216000,Handtaschenraub,13003000,Rostock,voll.,3,1,2,0,0,0,0,0,0,0,0,0,0,0,0,0,0,0,3,1,2,0,0,0,3,1,2,2020
216000,Handtaschenraub,13003000,Rostock,vers.,0,0,0,0,0,0,0,0,0,0,0,0,0,0,0,0,0,0,0,0,0,0,0,0,0,0,0,2020
216000,Handtaschenraub,13003000,Rostock,insg.,3,1,2,0,0,0,0,0,0,0,0,0,0,0,0,0,0,0,3,1,2,0,0,0,3,1,2,2020
216000,Handtaschenraub,10041100,Saarbr cken,voll.,10,1,9,0,0,0,0,0,0,0,0,0,0,0,0,0,0,0,6,1,5,4,0,4,10,1,9,2020
216000,Handtaschenraub,10041100,Saarbr cken,vers.,2,0,2,0,0,0,0,0,0,0,0,0,0,0,0,0,0,0,2,0,2,0,0,0,2,0,2,2020
216000,Handtaschenraub,10041100,Saarbr cken,insg.,12,1,11,0,0,0,0,0,0,0,0,0,0,0,0,0,0,0,8,1,7,4,0,4,12,1,11,2020
216000,Handtaschenraub,3102000,Salzgitter,voll.,5,0,5,0,0,0,0,0,0,0,0,0,0,0,0,0,0,0,4,0,4,1,0,1,5,0,5,2020
216000,Handtaschenraub,3102000,Salzgitter,vers.,2,0,2,0,0,0,0,0,0,0,0,0,0,0,0,0,0,0,2,0,2,0,0,0,2,0,2,2020
216000,Handtaschenraub,3102000,Salzgitter,insg.,7,0,7,0,0,0,0,0,0,0,0,0,0,0,0,0,0,0,6,0,6,1,0,1,7,0,7,2020
216000,Handtaschenraub,13004000,Schwerin,voll.,8,0,8,0,0,0,0,0,0,0,0,0,1,0,1,0,0,0,1,0,1,6,0,6,7,0,7,2020
216000,Handtaschenraub,13004000,Schwerin,vers.,1,0,1,0,0,0,0,0,0,0,0,0,0,0,0,0,0,0,1,0,1,0,0,0,1,0,1,2020
216000,Handtaschenraub,13004000,Schwerin,insg.,9,0,9,0,0,0,0,0,0,0,0,0,1,0,1,0,0,0,2,0,2,6,0,6,8,0,8,2020
216000,Handtaschenraub,5970040,Siegen,voll.,0,0,0,0,0,0,0,0,0,0,0,0,0,0,0,0,0,0,0,0,0,0,0,0,0,0,0,2020
216000,Handtaschenraub,5970040,Siegen,vers.,0,0,0,0,0,0,0,0,0,0,0,0,0,0,0,0,0,0,0,0,0,0,0,0,0,0,0,2020
216000,Handtaschenraub,5970040,Siegen,insg.,0,0,0,0,0,0,0,0,0,0,0,0,0,0,0,0,0,0,0,0,0,0,0,0,0,0,0,2020
216000,Handtaschenraub,5122000,Solingen,voll.,0,0,0,0,0,0,0,0,0,0,0,0,0,0,0,0,0,0,0,0,0,0,0,0,0,0,0,2020
216000,Handtaschenraub,5122000,Solingen,vers.,0,0,0,0,0,0,0,0,0,0,0,0,0,0,0,0,0,0,0,0,0,0,0,0,0,0,0,2020
216000,Handtaschenraub,5122000,Solingen,insg.,0,0,0,0,0,0,0,0,0,0,0,0,0,0,0,0,0,0,0,0,0,0,0,0,0,0,0,2020
216000,Handtaschenraub,8111000,Stuttgart,voll.,12,2,10,0,0,0,0,0,0,0,0,0,0,0,0,2,0,2,8,2,6,2,0,2,10,2,8,2020
216000,Handtaschenraub,8111000,Stuttgart,vers.,4,0,4,0,0,0,0,0,0,0,0,0,0,0,0,2,0,2,2,0,2,0,0,0,2,0,2,2020
216000,Handtaschenraub,8111000,Stuttgart,insg.,16,2,14,0,0,0,0,0,0,0,0,0,0,0,0,4,0,4,10,2,8,2,0,2,12,2,10,2020
216000,Handtaschenraub,7211000,Trier,voll.,0,0,0,0,0,0,0,0,0,0,0,0,0,0,0,0,0,0,0,0,0,0,0,0,0,0,0,2020
216000,Handtaschenraub,7211000,Trier,vers.,0,0,0,0,0,0,0,0,0,0,0,0,0,0,0,0,0,0,0,0,0,0,0,0,0,0,0,2020
216000,Handtaschenraub,7211000,Trier,insg.,0,0,0,0,0,0,0,0,0,0,0,0,0,0,0,0,0,0,0,0,0,0,0,0,0,0,0,2020
216000,Handtaschenraub,8421000,Ulm,voll.,1,1,0,0,0,0,0,0,0,0,0,0,0,0,0,0,0,0,1,1,0,0,0,0,1,1,0,2020
216000,Handtaschenraub,8421000,Ulm,vers.,0,0,0,0,0,0,0,0,0,0,0,0,0,0,0,0,0,0,0,0,0,0,0,0,0,0,0,2020
216000,Handtaschenraub,8421000,Ulm,insg.,1,1,0,0,0,0,0,0,0,0,0,0,0,0,0,0,0,0,1,1,0,0,0,0,1,1,0,2020
216000,Handtaschenraub,6414000,Wiesbaden,voll.,2,0,2,0,0,0,0,0,0,0,0,0,0,0,0,0,0,0,0,0,0,2,0,2,2,0,2,2020
216000,Handtaschenraub,6414000,Wiesbaden,vers.,1,0,1,0,0,0,0,0,0,0,0,0,1,0,1,0,0,0,0,0,0,0,0,0,0,0,0,2020
216000,Handtaschenraub,6414000,Wiesbaden,insg.,3,0,3,0,0,0,0,0,0,0,0,0,1,0,1,0,0,0,0,0,0,2,0,2,2,0,2,2020
216000,Handtaschenraub,3103000,Wolfsburg,voll.,0,0,0,0,0,0,0,0,0,0,0,0,0,0,0,0,0,0,0,0,0,0,0,0,0,0,0,2020
216000,Handtaschenraub,3103000,Wolfsburg,vers.,1,0,1,0,0,0,0,0,0,0,0,0,0,0,0,0,0,0,0,0,0,1,0,1,1,0,1,2020
216000,Handtaschenraub,3103000,Wolfsburg,insg.,1,0,1,0,0,0,0,0,0,0,0,0,0,0,0,0,0,0,0,0,0,1,0,1,1,0,1,2020
216000,Handtaschenraub,5124000,Wuppertal,voll.,3,0,3,0,0,0,0,0,0,0,0,0,0,0,0,0,0,0,0,0,0,3,0,3,3,0,3,2020
216000,Handtaschenraub,5124000,Wuppertal,vers.,3,1,2,0,0,0,0,0,0,0,0,0,0,0,0,1,0,1,2,1,1,0,0,0,2,1,1,2020
216000,Handtaschenraub,5124000,Wuppertal,insg.,6,1,5,0,0,0,0,0,0,0,0,0,0,0,0,1,0,1,2,1,1,3,0,3,5,1,4,2020
216000,Handtaschenraub,9663000,W rzburg,voll.,0,0,0,0,0,0,0,0,0,0,0,0,0,0,0,0,0,0,0,0,0,0,0,0,0,0,0,2020
216000,Handtaschenraub,9663000,W rzburg,vers.,0,0,0,0,0,0,0,0,0,0,0,0,0,0,0,0,0,0,0,0,0,0,0,0,0,0,0,2020
216000,Handtaschenraub,9663000,W rzburg,insg.,0,0,0,0,0,0,0,0,0,0,0,0,0,0,0,0,0,0,0,0,0,0,0,0,0,0,0,2020
217000,"Sonstige Raub berf lle auf Stra en, Wegen oder Pl tzen",5334002,Aachen,voll.,87,75,12,0,0,0,3,2,1,3,2,1,5,5,0,13,13,0,58,48,10,8,7,1,66,55,11,2020
217000,"Sonstige Raub berf lle auf Stra en, Wegen oder Pl tzen",5334002,Aachen,vers.,26,18,8,0,0,0,0,0,0,0,0,0,4,2,2,2,2,0,17,13,4,3,1,2,20,14,6,2020
217000,"Sonstige Raub berf lle auf Stra en, Wegen oder Pl tzen",5334002,Aachen,insg.,113,93,20,0,0,0,3,2,1,3,2,1,9,7,2,15,15,0,75,61,14,11,8,3,86,69,17,2020
217000,"Sonstige Raub berf lle auf Stra en, Wegen oder Pl tzen",9761000,Augsburg,voll.,28,25,3,0,0,0,1,1,0,1,1,0,9,8,1,3,3,0,15,13,2,0,0,0,15,13,2,2020
217000,"Sonstige Raub berf lle auf Stra en, Wegen oder Pl tzen",9761000,Augsburg,vers.,12,10,2,0,0,0,1,1,0,1,1,0,2,2,0,1,1,0,7,5,2,1,1,0,8,6,2,2020
217000,"Sonstige Raub berf lle auf Stra en, Wegen oder Pl tzen",9761000,Augsburg,insg.,40,35,5,0,0,0,2,2,0,2,2,0,11,10,1,4,4,0,22,18,4,1,1,0,23,19,4,2020
217000,"Sonstige Raub berf lle auf Stra en, Wegen oder Pl tzen",5378004,Bergisch Gladbach,voll.,6,3,3,0,0,0,0,0,0,0,0,0,3,1,2,2,2,0,1,0,1,0,0,0,1,0,1,2020
217000,"Sonstige Raub berf lle auf Stra en, Wegen oder Pl tzen",5378004,Bergisch Gladbach,vers.,3,3,0,0,0,0,0,0,0,0,0,0,2,2,0,0,0,0,1,1,0,0,0,0,1,1,0,2020
217000,"Sonstige Raub berf lle auf Stra en, Wegen oder Pl tzen",5378004,Bergisch Gladbach,insg.,9,6,3,0,0,0,0,0,0,0,0,0,5,3,2,2,2,0,2,1,1,0,0,0,2,1,1,2020
217000,"Sonstige Raub berf lle auf Stra en, Wegen oder Pl tzen",11000000,Berlin,voll.,2244,1934,310,0,0,0,151,138,13,151,138,13,547,516,31,284,262,22,1124,933,191,138,85,53,1262,1018,244,2020
217000,"Sonstige Raub berf lle auf Stra en, Wegen oder Pl tzen",11000000,Berlin,vers.,583,494,89,0,0,0,69,59,10,69,59,10,135,126,9,79,68,11,276,231,45,24,10,14,300,241,59,2020
217000,"Sonstige Raub berf lle auf Stra en, Wegen oder Pl tzen",11000000,Berlin,insg.,2827,2428,399,0,0,0,220,197,23,220,197,23,682,642,40,363,330,33,1400,1164,236,162,95,67,1562,1259,303,2020
217000,"Sonstige Raub berf lle auf Stra en, Wegen oder Pl tzen",5711000,Bielefeld,voll.,86,78,8,0,0,0,2,2,0,2,2,0,12,11,1,15,14,1,56,50,6,1,1,0,57,51,6,2020
217000,"Sonstige Raub berf lle auf Stra en, Wegen oder Pl tzen",5711000,Bielefeld,vers.,21,12,9,0,0,0,2,1,1,2,1,1,0,0,0,3,3,0,15,8,7,1,0,1,16,8,8,2020
217000,"Sonstige Raub berf lle auf Stra en, Wegen oder Pl tzen",5711000,Bielefeld,insg.,107,90,17,0,0,0,4,3,1,4,3,1,12,11,1,18,17,1,71,58,13,2,1,1,73,59,14,2020
217000,"Sonstige Raub berf lle auf Stra en, Wegen oder Pl tzen",5911000,Bochum,voll.,68,56,12,0,0,0,1,1,0,1,1,0,11,11,0,12,11,1,35,29,6,9,4,5,44,33,11,2020
217000,"Sonstige Raub berf lle auf Stra en, Wegen oder Pl tzen",5911000,Bochum,vers.,22,20,2,0,0,0,0,0,0,0,0,0,4,4,0,6,6,0,11,9,2,1,1,0,12,10,2,2020
217000,"Sonstige Raub berf lle auf Stra en, Wegen oder Pl tzen",5911000,Bochum,insg.,90,76,14,0,0,0,1,1,0,1,1,0,15,15,0,18,17,1,46,38,8,10,5,5,56,43,13,2020
217000,"Sonstige Raub berf lle auf Stra en, Wegen oder Pl tzen",5314000,Bonn,voll.,130,117,13,0,0,0,9,9,0,9,9,0,27,27,0,16,13,3,71,61,10,7,7,0,78,68,10,2020
217000,"Sonstige Raub berf lle auf Stra en, Wegen oder Pl tzen",5314000,Bonn,vers.,31,28,3,0,0,0,3,3,0,3,3,0,5,5,0,5,3,2,17,16,1,1,1,0,18,17,1,2020
217000,"Sonstige Raub berf lle auf Stra en, Wegen oder Pl tzen",5314000,Bonn,insg.,161,145,16,0,0,0,12,12,0,12,12,0,32,32,0,21,16,5,88,77,11,8,8,0,96,85,11,2020
217000,"Sonstige Raub berf lle auf Stra en, Wegen oder Pl tzen",5512000,Bottrop,voll.,21,18,3,0,0,0,2,1,1,2,1,1,2,2,0,2,2,0,14,12,2,1,1,0,15,13,2,2020
217000,"Sonstige Raub berf lle auf Stra en, Wegen oder Pl tzen",5512000,Bottrop,vers.,5,3,2,0,0,0,0,0,0,0,0,0,2,0,2,2,2,0,0,0,0,1,1,0,1,1,0,2020
217000,"Sonstige Raub berf lle auf Stra en, Wegen oder Pl tzen",5512000,Bottrop,insg.,26,21,5,0,0,0,2,1,1,2,1,1,4,2,2,4,4,0,14,12,2,2,2,0,16,14,2,2020
217000,"Sonstige Raub berf lle auf Stra en, Wegen oder Pl tzen",3101000,Braunschweig,voll.,34,28,6,0,0,0,1,1,0,1,1,0,8,8,0,9,7,2,12,9,3,4,3,1,16,12,4,2020
217000,"Sonstige Raub berf lle auf Stra en, Wegen oder Pl tzen",3101000,Braunschweig,vers.,13,10,3,0,0,0,0,0,0,0,0,0,0,0,0,2,1,1,11,9,2,0,0,0,11,9,2,2020
217000,"Sonstige Raub berf lle auf Stra en, Wegen oder Pl tzen",3101000,Braunschweig,insg.,47,38,9,0,0,0,1,1,0,1,1,0,8,8,0,11,8,3,23,18,5,4,3,1,27,21,6,2020
217000,"Sonstige Raub berf lle auf Stra en, Wegen oder Pl tzen",4011000,Bremen,voll.,195,152,43,0,0,0,10,9,1,10,9,1,26,23,3,26,21,5,117,92,25,16,7,9,133,99,34,2020
217000,"Sonstige Raub berf lle auf Stra en, Wegen oder Pl tzen",4011000,Bremen,vers.,60,49,11,0,0,0,8,8,0,8,8,0,6,5,1,3,2,1,40,32,8,3,2,1,43,34,9,2020
217000,"Sonstige Raub berf lle auf Stra en, Wegen oder Pl tzen",4011000,Bremen,insg.,255,201,54,0,0,0,18,17,1,18,17,1,32,28,4,29,23,6,157,124,33,19,9,10,176,133,43,2020
217000,"Sonstige Raub berf lle auf Stra en, Wegen oder Pl tzen",4012000,Bremerhaven,voll.,31,24,7,0,0,0,1,1,0,1,1,0,2,2,0,6,3,3,17,16,1,5,2,3,22,18,4,2020
217000,"Sonstige Raub berf lle auf Stra en, Wegen oder Pl tzen",4012000,Bremerhaven,vers.,16,15,1,0,0,0,2,1,1,2,1,1,2,2,0,1,1,0,10,10,0,1,1,0,11,11,0,2020
217000,"Sonstige Raub berf lle auf Stra en, Wegen oder Pl tzen",4012000,Bremerhaven,insg.,47,39,8,0,0,0,3,2,1,3,2,1,4,4,0,7,4,3,27,26,1,6,3,3,33,29,4,2020
217000,"Sonstige Raub berf lle auf Stra en, Wegen oder Pl tzen",14511000,Chemnitz,voll.,83,73,10,0,0,0,4,2,2,4,2,2,10,10,0,19,17,2,45,39,6,5,5,0,50,44,6,2020
217000,"Sonstige Raub berf lle auf Stra en, Wegen oder Pl tzen",14511000,Chemnitz,vers.,9,9,0,0,0,0,0,0,0,0,0,0,4,4,0,3,3,0,2,2,0,0,0,0,2,2,0,2020
217000,"Sonstige Raub berf lle auf Stra en, Wegen oder Pl tzen",14511000,Chemnitz,insg.,92,82,10,0,0,0,4,2,2,4,2,2,14,14,0,22,20,2,47,41,6,5,5,0,52,46,6,2020
217000,"Sonstige Raub berf lle auf Stra en, Wegen oder Pl tzen",6411000,Darmstadt,voll.,31,27,4,0,0,0,2,2,0,2,2,0,8,8,0,4,4,0,15,11,4,2,2,0,17,13,4,2020
217000,"Sonstige Raub berf lle auf Stra en, Wegen oder Pl tzen",6411000,Darmstadt,vers.,10,9,1,0,0,0,1,0,1,1,0,1,0,0,0,2,2,0,7,7,0,0,0,0,7,7,0,2020
217000,"Sonstige Raub berf lle auf Stra en, Wegen oder Pl tzen",6411000,Darmstadt,insg.,41,36,5,0,0,0,3,2,1,3,2,1,8,8,0,6,6,0,22,18,4,2,2,0,24,20,4,2020
217000,"Sonstige Raub berf lle auf Stra en, Wegen oder Pl tzen",5913000,Dortmund,voll.,337,294,43,0,0,0,15,14,1,15,14,1,69,62,7,64,60,4,171,147,24,18,11,7,189,158,31,2020
217000,"Sonstige Raub berf lle auf Stra en, Wegen oder Pl tzen",5913000,Dortmund,vers.,76,64,12,0,0,0,2,2,0,2,2,0,19,17,2,15,12,3,38,31,7,2,2,0,40,33,7,2020
217000,"Sonstige Raub berf lle auf Stra en, Wegen oder Pl tzen",5913000,Dortmund,insg.,413,358,55,0,0,0,17,16,1,17,16,1,88,79,9,79,72,7,209,178,31,20,13,7,229,191,38,2020
217000,"Sonstige Raub berf lle auf Stra en, Wegen oder Pl tzen",14612000,Dresden,voll.,160,146,14,0,0,0,14,11,3,14,11,3,31,30,1,17,15,2,95,88,7,3,2,1,98,90,8,2020
217000,"Sonstige Raub berf lle auf Stra en, Wegen oder Pl tzen",14612000,Dresden,vers.,34,27,7,0,0,0,8,6,2,8,6,2,7,5,2,8,7,1,10,8,2,1,1,0,11,9,2,2020
217000,"Sonstige Raub berf lle auf Stra en, Wegen oder Pl tzen",14612000,Dresden,insg.,194,173,21,0,0,0,22,17,5,22,17,5,38,35,3,25,22,3,105,96,9,4,3,1,109,99,10,2020
217000,"Sonstige Raub berf lle auf Stra en, Wegen oder Pl tzen",5112000,Duisburg,voll.,131,103,28,0,0,0,17,14,3,17,14,3,28,26,2,15,10,5,63,47,16,8,6,2,71,53,18,2020
217000,"Sonstige Raub berf lle auf Stra en, Wegen oder Pl tzen",5112000,Duisburg,vers.,49,37,12,1,0,1,7,4,3,8,4,4,6,6,0,9,8,1,24,18,6,2,1,1,26,19,7,2020
217000,"Sonstige Raub berf lle auf Stra en, Wegen oder Pl tzen",5112000,Duisburg,insg.,180,140,40,1,0,1,24,18,6,25,18,7,34,32,2,24,18,6,87,65,22,10,7,3,97,72,25,2020
217000,"Sonstige Raub berf lle auf Stra en, Wegen oder Pl tzen",5111000,D sseldorf,voll.,256,224,32,0,0,0,13,11,2,13,11,2,49,48,1,40,35,5,138,117,21,16,13,3,154,130,24,2020
217000,"Sonstige Raub berf lle auf Stra en, Wegen oder Pl tzen",5111000,D sseldorf,vers.,49,41,8,0,0,0,1,1,0,1,1,0,10,9,1,8,7,1,24,18,6,6,6,0,30,24,6,2020
217000,"Sonstige Raub berf lle auf Stra en, Wegen oder Pl tzen",5111000,D sseldorf,insg.,305,265,40,0,0,0,14,12,2,14,12,2,59,57,2,48,42,6,162,135,27,22,19,3,184,154,30,2020
217000,"Sonstige Raub berf lle auf Stra en, Wegen oder Pl tzen",16051000,Erfurt,voll.,35,31,4,0,0,0,3,3,0,3,3,0,14,11,3,2,1,1,15,15,0,1,1,0,16,16,0,2020
217000,"Sonstige Raub berf lle auf Stra en, Wegen oder Pl tzen",16051000,Erfurt,vers.,11,8,3,0,0,0,1,0,1,1,0,1,1,1,0,0,0,0,9,7,2,0,0,0,9,7,2,2020
217000,"Sonstige Raub berf lle auf Stra en, Wegen oder Pl tzen",16051000,Erfurt,insg.,46,39,7,0,0,0,4,3,1,4,3,1,15,12,3,2,1,1,24,22,2,1,1,0,25,23,2,2020
217000,"Sonstige Raub berf lle auf Stra en, Wegen oder Pl tzen",9562000,Erlangen,voll.,2,1,1,0,0,0,0,0,0,0,0,0,0,0,0,1,1,0,1,0,1,0,0,0,1,0,1,2020
217000,"Sonstige Raub berf lle auf Stra en, Wegen oder Pl tzen",9562000,Erlangen,vers.,3,3,0,0,0,0,0,0,0,0,0,0,1,1,0,0,0,0,2,2,0,0,0,0,2,2,0,2020
217000,"Sonstige Raub berf lle auf Stra en, Wegen oder Pl tzen",9562000,Erlangen,insg.,5,4,1,0,0,0,0,0,0,0,0,0,1,1,0,1,1,0,3,2,1,0,0,0,3,2,1,2020
217000,"Sonstige Raub berf lle auf Stra en, Wegen oder Pl tzen",5113000,Essen,voll.,138,113,25,0,0,0,14,13,1,14,13,1,32,29,3,10,10,0,73,57,16,9,4,5,82,61,21,2020
217000,"Sonstige Raub berf lle auf Stra en, Wegen oder Pl tzen",5113000,Essen,vers.,45,38,7,0,0,0,4,4,0,4,4,0,7,7,0,7,7,0,20,14,6,7,6,1,27,20,7,2020
217000,"Sonstige Raub berf lle auf Stra en, Wegen oder Pl tzen",5113000,Essen,insg.,183,151,32,0,0,0,18,17,1,18,17,1,39,36,3,17,17,0,93,71,22,16,10,6,109,81,28,2020
217000,"Sonstige Raub berf lle auf Stra en, Wegen oder Pl tzen",6412000,Frankfurt am Main,voll.,465,422,43,0,0,0,17,17,0,17,17,0,42,39,3,46,41,5,328,299,29,32,26,6,360,325,35,2020
217000,"Sonstige Raub berf lle auf Stra en, Wegen oder Pl tzen",6412000,Frankfurt am Main,vers.,99,86,13,0,0,0,12,8,4,12,8,4,9,9,0,8,8,0,67,59,8,3,2,1,70,61,9,2020
217000,"Sonstige Raub berf lle auf Stra en, Wegen oder Pl tzen",6412000,Frankfurt am Main,insg.,564,508,56,0,0,0,29,25,4,29,25,4,51,48,3,54,49,5,395,358,37,35,28,7,430,386,44,2020
217000,"Sonstige Raub berf lle auf Stra en, Wegen oder Pl tzen",8311000,Freiburg im Breisgau,voll.,48,43,5,0,0,0,2,2,0,2,2,0,5,5,0,13,11,2,26,23,3,2,2,0,28,25,3,2020
217000,"Sonstige Raub berf lle auf Stra en, Wegen oder Pl tzen",8311000,Freiburg im Breisgau,vers.,17,15,2,0,0,0,0,0,0,0,0,0,4,4,0,2,2,0,11,9,2,0,0,0,11,9,2,2020
217000,"Sonstige Raub berf lle auf Stra en, Wegen oder Pl tzen",8311000,Freiburg im Breisgau,insg.,65,58,7,0,0,0,2,2,0,2,2,0,9,9,0,15,13,2,37,32,5,2,2,0,39,34,5,2020
217000,"Sonstige Raub berf lle auf Stra en, Wegen oder Pl tzen",9563000,F rth,voll.,4,3,1,0,0,0,0,0,0,0,0,0,1,1,0,0,0,0,2,2,0,1,0,1,3,2,1,2020
217000,"Sonstige Raub berf lle auf Stra en, Wegen oder Pl tzen",9563000,F rth,vers.,6,5,1,0,0,0,0,0,0,0,0,0,2,2,0,2,1,1,2,2,0,0,0,0,2,2,0,2020
217000,"Sonstige Raub berf lle auf Stra en, Wegen oder Pl tzen",9563000,F rth,insg.,10,8,2,0,0,0,0,0,0,0,0,0,3,3,0,2,1,1,4,4,0,1,0,1,5,4,1,2020
217000,"Sonstige Raub berf lle auf Stra en, Wegen oder Pl tzen",5513000,Gelsenkirchen,voll.,59,52,7,0,0,0,4,4,0,4,4,0,8,8,0,10,8,2,30,27,3,7,5,2,37,32,5,2020
217000,"Sonstige Raub berf lle auf Stra en, Wegen oder Pl tzen",5513000,Gelsenkirchen,vers.,25,19,6,0,0,0,3,3,0,3,3,0,6,5,1,2,1,1,12,9,3,2,1,1,14,10,4,2020
217000,"Sonstige Raub berf lle auf Stra en, Wegen oder Pl tzen",5513000,Gelsenkirchen,insg.,84,71,13,0,0,0,7,7,0,7,7,0,14,13,1,12,9,3,42,36,6,9,6,3,51,42,9,2020
217000,"Sonstige Raub berf lle auf Stra en, Wegen oder Pl tzen",3159016,G ttingen,voll.,13,13,0,0,0,0,0,0,0,0,0,0,3,3,0,2,2,0,7,7,0,1,1,0,8,8,0,2020
217000,"Sonstige Raub berf lle auf Stra en, Wegen oder Pl tzen",3159016,G ttingen,vers.,4,3,1,0,0,0,0,0,0,0,0,0,0,0,0,0,0,0,3,3,0,1,0,1,4,3,1,2020
217000,"Sonstige Raub berf lle auf Stra en, Wegen oder Pl tzen",3159016,G ttingen,insg.,17,16,1,0,0,0,0,0,0,0,0,0,3,3,0,2,2,0,10,10,0,2,1,1,12,11,1,2020
217000,"Sonstige Raub berf lle auf Stra en, Wegen oder Pl tzen",5754008,G tersloh,voll.,17,16,1,0,0,0,2,2,0,2,2,0,5,5,0,2,2,0,6,6,0,2,1,1,8,7,1,2020
217000,"Sonstige Raub berf lle auf Stra en, Wegen oder Pl tzen",5754008,G tersloh,vers.,2,2,0,0,0,0,1,1,0,1,1,0,0,0,0,0,0,0,1,1,0,0,0,0,1,1,0,2020
217000,"Sonstige Raub berf lle auf Stra en, Wegen oder Pl tzen",5754008,G tersloh,insg.,19,18,1,0,0,0,3,3,0,3,3,0,5,5,0,2,2,0,7,7,0,2,1,1,9,8,1,2020
217000,"Sonstige Raub berf lle auf Stra en, Wegen oder Pl tzen",5914000,Hagen,voll.,64,57,7,0,0,0,5,5,0,5,5,0,10,8,2,7,5,2,38,35,3,4,4,0,42,39,3,2020
217000,"Sonstige Raub berf lle auf Stra en, Wegen oder Pl tzen",5914000,Hagen,vers.,15,9,6,0,0,0,2,2,0,2,2,0,1,1,0,1,0,1,9,6,3,2,0,2,11,6,5,2020
217000,"Sonstige Raub berf lle auf Stra en, Wegen oder Pl tzen",5914000,Hagen,insg.,79,66,13,0,0,0,7,7,0,7,7,0,11,9,2,8,5,3,47,41,6,6,4,2,53,45,8,2020
217000,"Sonstige Raub berf lle auf Stra en, Wegen oder Pl tzen",15002000,Halle (Saale),voll.,98,88,10,0,0,0,9,9,0,9,9,0,23,23,0,16,14,2,48,40,8,2,2,0,50,42,8,2020
217000,"Sonstige Raub berf lle auf Stra en, Wegen oder Pl tzen",15002000,Halle (Saale),vers.,24,19,5,0,0,0,1,1,0,1,1,0,6,6,0,1,1,0,14,10,4,2,1,1,16,11,5,2020
217000,"Sonstige Raub berf lle auf Stra en, Wegen oder Pl tzen",15002000,Halle (Saale),insg.,122,107,15,0,0,0,10,10,0,10,10,0,29,29,0,17,15,2,62,50,12,4,3,1,66,53,13,2020
217000,"Sonstige Raub berf lle auf Stra en, Wegen oder Pl tzen",2000000,Hamburg,voll.,732,628,104,0,0,0,19,18,1,19,18,1,88,80,8,105,100,5,459,389,70,61,41,20,520,430,90,2020
217000,"Sonstige Raub berf lle auf Stra en, Wegen oder Pl tzen",2000000,Hamburg,vers.,190,153,37,0,0,0,11,10,1,11,10,1,27,24,3,25,24,1,112,86,26,15,9,6,127,95,32,2020
217000,"Sonstige Raub berf lle auf Stra en, Wegen oder Pl tzen",2000000,Hamburg,insg.,922,781,141,0,0,0,30,28,2,30,28,2,115,104,11,130,124,6,571,475,96,76,50,26,647,525,122,2020
217000,"Sonstige Raub berf lle auf Stra en, Wegen oder Pl tzen",5915000,Hamm,voll.,45,36,9,0,0,0,6,3,3,6,3,3,9,6,3,9,9,0,18,15,3,3,3,0,21,18,3,2020
217000,"Sonstige Raub berf lle auf Stra en, Wegen oder Pl tzen",5915000,Hamm,vers.,21,19,2,0,0,0,2,2,0,2,2,0,3,3,0,3,2,1,11,11,0,2,1,1,13,12,1,2020
217000,"Sonstige Raub berf lle auf Stra en, Wegen oder Pl tzen",5915000,Hamm,insg.,66,55,11,0,0,0,8,5,3,8,5,3,12,9,3,12,11,1,29,26,3,5,4,1,34,30,4,2020
217000,"Sonstige Raub berf lle auf Stra en, Wegen oder Pl tzen",3241001,Hannover,voll.,302,271,31,0,0,0,3,3,0,3,3,0,32,29,3,35,33,2,212,198,14,20,8,12,232,206,26,2020
217000,"Sonstige Raub berf lle auf Stra en, Wegen oder Pl tzen",3241001,Hannover,vers.,62,49,13,0,0,0,2,2,0,2,2,0,12,9,3,8,7,1,37,29,8,3,2,1,40,31,9,2020
217000,"Sonstige Raub berf lle auf Stra en, Wegen oder Pl tzen",3241001,Hannover,insg.,364,320,44,0,0,0,5,5,0,5,5,0,44,38,6,43,40,3,249,227,22,23,10,13,272,237,35,2020
217000,"Sonstige Raub berf lle auf Stra en, Wegen oder Pl tzen",8221000,Heidelberg,voll.,13,10,3,0,0,0,1,1,0,1,1,0,1,1,0,2,2,0,9,6,3,0,0,0,9,6,3,2020
217000,"Sonstige Raub berf lle auf Stra en, Wegen oder Pl tzen",8221000,Heidelberg,vers.,4,4,0,0,0,0,0,0,0,0,0,0,3,3,0,1,1,0,0,0,0,0,0,0,0,0,0,2020
217000,"Sonstige Raub berf lle auf Stra en, Wegen oder Pl tzen",8221000,Heidelberg,insg.,17,14,3,0,0,0,1,1,0,1,1,0,4,4,0,3,3,0,9,6,3,0,0,0,9,6,3,2020
217000,"Sonstige Raub berf lle auf Stra en, Wegen oder Pl tzen",8121000,Heilbronn,voll.,12,10,2,0,0,0,0,0,0,0,0,0,2,1,1,1,1,0,8,7,1,1,1,0,9,8,1,2020
217000,"Sonstige Raub berf lle auf Stra en, Wegen oder Pl tzen",8121000,Heilbronn,vers.,9,7,2,0,0,0,0,0,0,0,0,0,0,0,0,1,1,0,7,6,1,1,0,1,8,6,2,2020
217000,"Sonstige Raub berf lle auf Stra en, Wegen oder Pl tzen",8121000,Heilbronn,insg.,21,17,4,0,0,0,0,0,0,0,0,0,2,1,1,2,2,0,15,13,2,2,1,1,17,14,3,2020
217000,"Sonstige Raub berf lle auf Stra en, Wegen oder Pl tzen",5916000,Herne,voll.,25,20,5,0,0,0,1,1,0,1,1,0,6,5,1,4,4,0,9,7,2,5,3,2,14,10,4,2020
217000,"Sonstige Raub berf lle auf Stra en, Wegen oder Pl tzen",5916000,Herne,vers.,7,7,0,0,0,0,1,1,0,1,1,0,1,1,0,2,2,0,3,3,0,0,0,0,3,3,0,2020
217000,"Sonstige Raub berf lle auf Stra en, Wegen oder Pl tzen",5916000,Herne,insg.,32,27,5,0,0,0,2,2,0,2,2,0,7,6,1,6,6,0,12,10,2,5,3,2,17,13,4,2020
217000,"Sonstige Raub berf lle auf Stra en, Wegen oder Pl tzen",3254021,Hildesheim,voll.,12,10,2,0,0,0,1,1,0,1,1,0,0,0,0,3,3,0,7,5,2,1,1,0,8,6,2,2020
217000,"Sonstige Raub berf lle auf Stra en, Wegen oder Pl tzen",3254021,Hildesheim,vers.,3,2,1,0,0,0,1,1,0,1,1,0,1,1,0,0,0,0,1,0,1,0,0,0,1,0,1,2020
217000,"Sonstige Raub berf lle auf Stra en, Wegen oder Pl tzen",3254021,Hildesheim,insg.,15,12,3,0,0,0,2,2,0,2,2,0,1,1,0,3,3,0,8,5,3,1,1,0,9,6,3,2020
217000,"Sonstige Raub berf lle auf Stra en, Wegen oder Pl tzen",9161000,Ingolstadt,voll.,4,4,0,0,0,0,0,0,0,0,0,0,0,0,0,3,3,0,0,0,0,1,1,0,1,1,0,2020
217000,"Sonstige Raub berf lle auf Stra en, Wegen oder Pl tzen",9161000,Ingolstadt,vers.,1,1,0,0,0,0,0,0,0,0,0,0,0,0,0,0,0,0,1,1,0,0,0,0,1,1,0,2020
217000,"Sonstige Raub berf lle auf Stra en, Wegen oder Pl tzen",9161000,Ingolstadt,insg.,5,5,0,0,0,0,0,0,0,0,0,0,0,0,0,3,3,0,1,1,0,1,1,0,2,2,0,2020
217000,"Sonstige Raub berf lle auf Stra en, Wegen oder Pl tzen",16053000,Jena,voll.,11,9,2,0,0,0,0,0,0,0,0,0,0,0,0,3,3,0,7,5,2,1,1,0,8,6,2,2020
217000,"Sonstige Raub berf lle auf Stra en, Wegen oder Pl tzen",16053000,Jena,vers.,9,8,1,0,0,0,0,0,0,0,0,0,1,1,0,1,1,0,7,6,1,0,0,0,7,6,1,2020
217000,"Sonstige Raub berf lle auf Stra en, Wegen oder Pl tzen",16053000,Jena,insg.,20,17,3,0,0,0,0,0,0,0,0,0,1,1,0,4,4,0,14,11,3,1,1,0,15,12,3,2020
217000,"Sonstige Raub berf lle auf Stra en, Wegen oder Pl tzen",7312000,Kaiserslautern,voll.,18,16,2,0,0,0,1,1,0,1,1,0,2,1,1,2,2,0,10,10,0,3,2,1,13,12,1,2020
217000,"Sonstige Raub berf lle auf Stra en, Wegen oder Pl tzen",7312000,Kaiserslautern,vers.,9,9,0,0,0,0,0,0,0,0,0,0,1,1,0,2,2,0,6,6,0,0,0,0,6,6,0,2020
217000,"Sonstige Raub berf lle auf Stra en, Wegen oder Pl tzen",7312000,Kaiserslautern,insg.,27,25,2,0,0,0,1,1,0,1,1,0,3,2,1,4,4,0,16,16,0,3,2,1,19,18,1,2020
217000,"Sonstige Raub berf lle auf Stra en, Wegen oder Pl tzen",8212000,Karlsruhe,voll.,58,52,6,0,0,0,3,3,0,3,3,0,5,3,2,6,5,1,37,35,2,7,6,1,44,41,3,2020
217000,"Sonstige Raub berf lle auf Stra en, Wegen oder Pl tzen",8212000,Karlsruhe,vers.,16,12,4,0,0,0,2,2,0,2,2,0,2,2,0,1,1,0,10,7,3,1,0,1,11,7,4,2020
217000,"Sonstige Raub berf lle auf Stra en, Wegen oder Pl tzen",8212000,Karlsruhe,insg.,74,64,10,0,0,0,5,5,0,5,5,0,7,5,2,7,6,1,47,42,5,8,6,2,55,48,7,2020
217000,"Sonstige Raub berf lle auf Stra en, Wegen oder Pl tzen",6611000,Kassel,voll.,67,56,11,0,0,0,6,5,1,6,5,1,14,13,1,5,4,1,33,28,5,9,6,3,42,34,8,2020
217000,"Sonstige Raub berf lle auf Stra en, Wegen oder Pl tzen",6611000,Kassel,vers.,12,12,0,0,0,0,3,3,0,3,3,0,1,1,0,1,1,0,6,6,0,1,1,0,7,7,0,2020
217000,"Sonstige Raub berf lle auf Stra en, Wegen oder Pl tzen",6611000,Kassel,insg.,79,68,11,0,0,0,9,8,1,9,8,1,15,14,1,6,5,1,39,34,5,10,7,3,49,41,8,2020
217000,"Sonstige Raub berf lle auf Stra en, Wegen oder Pl tzen",1002000,Kiel,voll.,76,62,14,0,0,0,3,3,0,3,3,0,15,14,1,6,6,0,38,33,5,14,6,8,52,39,13,2020
217000,"Sonstige Raub berf lle auf Stra en, Wegen oder Pl tzen",1002000,Kiel,vers.,27,21,6,0,0,0,0,0,0,0,0,0,6,6,0,3,3,0,16,10,6,2,2,0,18,12,6,2020
217000,"Sonstige Raub berf lle auf Stra en, Wegen oder Pl tzen",1002000,Kiel,insg.,103,83,20,0,0,0,3,3,0,3,3,0,21,20,1,9,9,0,54,43,11,16,8,8,70,51,19,2020
217000,"Sonstige Raub berf lle auf Stra en, Wegen oder Pl tzen",7111000,Koblenz,voll.,25,22,3,0,0,0,1,1,0,1,1,0,3,3,0,3,1,2,17,17,0,1,0,1,18,17,1,2020
217000,"Sonstige Raub berf lle auf Stra en, Wegen oder Pl tzen",7111000,Koblenz,vers.,12,9,3,0,0,0,0,0,0,0,0,0,1,1,0,1,1,0,9,7,2,1,0,1,10,7,3,2020
217000,"Sonstige Raub berf lle auf Stra en, Wegen oder Pl tzen",7111000,Koblenz,insg.,37,31,6,0,0,0,1,1,0,1,1,0,4,4,0,4,2,2,26,24,2,2,0,2,28,24,4,2020
217000,"Sonstige Raub berf lle auf Stra en, Wegen oder Pl tzen",5315000,K ln,voll.,451,386,65,0,0,0,14,13,1,14,13,1,96,84,12,50,47,3,259,217,42,32,25,7,291,242,49,2020
217000,"Sonstige Raub berf lle auf Stra en, Wegen oder Pl tzen",5315000,K ln,vers.,157,122,35,0,0,0,25,21,4,25,21,4,24,16,8,27,23,4,70,55,15,11,7,4,81,62,19,2020
217000,"Sonstige Raub berf lle auf Stra en, Wegen oder Pl tzen",5315000,K ln,insg.,608,508,100,0,0,0,39,34,5,39,34,5,120,100,20,77,70,7,329,272,57,43,32,11,372,304,68,2020
217000,"Sonstige Raub berf lle auf Stra en, Wegen oder Pl tzen",5114000,Krefeld,voll.,59,49,10,0,0,0,4,3,1,4,3,1,15,13,2,2,2,0,36,29,7,2,2,0,38,31,7,2020
217000,"Sonstige Raub berf lle auf Stra en, Wegen oder Pl tzen",5114000,Krefeld,vers.,12,9,3,0,0,0,2,2,0,2,2,0,1,0,1,2,2,0,7,5,2,0,0,0,7,5,2,2020
217000,"Sonstige Raub berf lle auf Stra en, Wegen oder Pl tzen",5114000,Krefeld,insg.,71,58,13,0,0,0,6,5,1,6,5,1,16,13,3,4,4,0,43,34,9,2,2,0,45,36,9,2020
217000,"Sonstige Raub berf lle auf Stra en, Wegen oder Pl tzen",14713000,Leipzig,voll.,241,215,26,0,0,0,10,9,1,10,9,1,61,60,1,38,33,5,116,101,15,16,12,4,132,113,19,2020
217000,"Sonstige Raub berf lle auf Stra en, Wegen oder Pl tzen",14713000,Leipzig,vers.,48,38,10,0,0,0,7,4,3,7,4,3,10,8,2,9,7,2,21,18,3,1,1,0,22,19,3,2020
217000,"Sonstige Raub berf lle auf Stra en, Wegen oder Pl tzen",14713000,Leipzig,insg.,289,253,36,0,0,0,17,13,4,17,13,4,71,68,3,47,40,7,137,119,18,17,13,4,154,132,22,2020
217000,"Sonstige Raub berf lle auf Stra en, Wegen oder Pl tzen",5316000,Leverkusen,voll.,22,19,3,0,0,0,0,0,0,0,0,0,9,9,0,5,5,0,8,5,3,0,0,0,8,5,3,2020
217000,"Sonstige Raub berf lle auf Stra en, Wegen oder Pl tzen",5316000,Leverkusen,vers.,6,4,2,0,0,0,1,1,0,1,1,0,1,0,1,1,1,0,3,2,1,0,0,0,3,2,1,2020
217000,"Sonstige Raub berf lle auf Stra en, Wegen oder Pl tzen",5316000,Leverkusen,insg.,28,23,5,0,0,0,1,1,0,1,1,0,10,9,1,6,6,0,11,7,4,0,0,0,11,7,4,2020
217000,"Sonstige Raub berf lle auf Stra en, Wegen oder Pl tzen",1003000,L beck,voll.,36,31,5,0,0,0,0,0,0,0,0,0,7,7,0,4,3,1,23,20,3,2,1,1,25,21,4,2020
217000,"Sonstige Raub berf lle auf Stra en, Wegen oder Pl tzen",1003000,L beck,vers.,17,15,2,0,0,0,1,1,0,1,1,0,1,1,0,1,1,0,12,10,2,2,2,0,14,12,2,2020
217000,"Sonstige Raub berf lle auf Stra en, Wegen oder Pl tzen",1003000,L beck,insg.,53,46,7,0,0,0,1,1,0,1,1,0,8,8,0,5,4,1,35,30,5,4,3,1,39,33,6,2020
217000,"Sonstige Raub berf lle auf Stra en, Wegen oder Pl tzen",7314000,Ludwigshafen am Rhein,voll.,65,57,8,0,0,0,9,8,1,9,8,1,13,12,1,15,14,1,26,21,5,2,2,0,28,23,5,2020
217000,"Sonstige Raub berf lle auf Stra en, Wegen oder Pl tzen",7314000,Ludwigshafen am Rhein,vers.,20,18,2,0,0,0,6,6,0,6,6,0,7,5,2,1,1,0,5,5,0,1,1,0,6,6,0,2020
217000,"Sonstige Raub berf lle auf Stra en, Wegen oder Pl tzen",7314000,Ludwigshafen am Rhein,insg.,85,75,10,0,0,0,15,14,1,15,14,1,20,17,3,16,15,1,31,26,5,3,3,0,34,29,5,2020
217000,"Sonstige Raub berf lle auf Stra en, Wegen oder Pl tzen",15003000,Magdeburg,voll.,114,98,16,0,0,0,12,11,1,12,11,1,37,34,3,20,18,2,39,31,8,6,4,2,45,35,10,2020
217000,"Sonstige Raub berf lle auf Stra en, Wegen oder Pl tzen",15003000,Magdeburg,vers.,23,22,1,0,0,0,2,2,0,2,2,0,6,6,0,6,6,0,8,8,0,1,0,1,9,8,1,2020
217000,"Sonstige Raub berf lle auf Stra en, Wegen oder Pl tzen",15003000,Magdeburg,insg.,137,120,17,0,0,0,14,13,1,14,13,1,43,40,3,26,24,2,47,39,8,7,4,3,54,43,11,2020
217000,"Sonstige Raub berf lle auf Stra en, Wegen oder Pl tzen",7315000,Mainz,voll.,41,38,3,0,0,0,1,1,0,1,1,0,9,9,0,4,4,0,26,23,3,1,1,0,27,24,3,2020
217000,"Sonstige Raub berf lle auf Stra en, Wegen oder Pl tzen",7315000,Mainz,vers.,25,21,4,0,0,0,2,2,0,2,2,0,4,4,0,2,2,0,13,10,3,4,3,1,17,13,4,2020
217000,"Sonstige Raub berf lle auf Stra en, Wegen oder Pl tzen",7315000,Mainz,insg.,66,59,7,0,0,0,3,3,0,3,3,0,13,13,0,6,6,0,39,33,6,5,4,1,44,37,7,2020
217000,"Sonstige Raub berf lle auf Stra en, Wegen oder Pl tzen",8222000,Mannheim,voll.,60,51,9,0,0,0,5,5,0,5,5,0,8,8,0,10,8,2,31,26,5,6,4,2,37,30,7,2020
217000,"Sonstige Raub berf lle auf Stra en, Wegen oder Pl tzen",8222000,Mannheim,vers.,19,14,5,0,0,0,1,0,1,1,0,1,3,3,0,1,1,0,13,10,3,1,0,1,14,10,4,2020
217000,"Sonstige Raub berf lle auf Stra en, Wegen oder Pl tzen",8222000,Mannheim,insg.,79,65,14,0,0,0,6,5,1,6,5,1,11,11,0,11,9,2,44,36,8,7,4,3,51,40,11,2020
217000,"Sonstige Raub berf lle auf Stra en, Wegen oder Pl tzen",5170024,Moers,voll.,11,9,2,0,0,0,1,1,0,1,1,0,1,1,0,1,1,0,7,5,2,1,1,0,8,6,2,2020
217000,"Sonstige Raub berf lle auf Stra en, Wegen oder Pl tzen",5170024,Moers,vers.,12,9,3,0,0,0,3,3,0,3,3,0,5,3,2,1,1,0,2,1,1,1,1,0,3,2,1,2020
217000,"Sonstige Raub berf lle auf Stra en, Wegen oder Pl tzen",5170024,Moers,insg.,23,18,5,0,0,0,4,4,0,4,4,0,6,4,2,2,2,0,9,6,3,2,2,0,11,8,3,2020
217000,"Sonstige Raub berf lle auf Stra en, Wegen oder Pl tzen",5116000,M nchengladbach,voll.,68,55,13,0,0,0,2,2,0,2,2,0,10,10,0,5,5,0,47,35,12,4,3,1,51,38,13,2020
217000,"Sonstige Raub berf lle auf Stra en, Wegen oder Pl tzen",5116000,M nchengladbach,vers.,25,20,5,0,0,0,2,0,2,2,0,2,9,7,2,2,2,0,11,10,1,1,1,0,12,11,1,2020
217000,"Sonstige Raub berf lle auf Stra en, Wegen oder Pl tzen",5116000,M nchengladbach,insg.,93,75,18,0,0,0,4,2,2,4,2,2,19,17,2,7,7,0,58,45,13,5,4,1,63,49,14,2020
217000,"Sonstige Raub berf lle auf Stra en, Wegen oder Pl tzen",5117000,M lheim an der Ruhr,voll.,25,19,6,0,0,0,6,6,0,6,6,0,7,5,2,2,2,0,7,5,2,3,1,2,10,6,4,2020
217000,"Sonstige Raub berf lle auf Stra en, Wegen oder Pl tzen",5117000,M lheim an der Ruhr,vers.,7,6,1,0,0,0,1,1,0,1,1,0,1,1,0,1,1,0,4,3,1,0,0,0,4,3,1,2020
217000,"Sonstige Raub berf lle auf Stra en, Wegen oder Pl tzen",5117000,M lheim an der Ruhr,insg.,32,25,7,0,0,0,7,7,0,7,7,0,8,6,2,3,3,0,11,8,3,3,1,2,14,9,5,2020
217000,"Sonstige Raub berf lle auf Stra en, Wegen oder Pl tzen",9162000,M nchen,voll.,88,78,10,0,0,0,2,2,0,2,2,0,10,10,0,19,17,2,54,47,7,3,2,1,57,49,8,2020
217000,"Sonstige Raub berf lle auf Stra en, Wegen oder Pl tzen",9162000,M nchen,vers.,34,31,3,0,0,0,0,0,0,0,0,0,8,7,1,3,3,0,23,21,2,0,0,0,23,21,2,2020
217000,"Sonstige Raub berf lle auf Stra en, Wegen oder Pl tzen",9162000,M nchen,insg.,122,109,13,0,0,0,2,2,0,2,2,0,18,17,1,22,20,2,77,68,9,3,2,1,80,70,10,2020
217000,"Sonstige Raub berf lle auf Stra en, Wegen oder Pl tzen",5515000,M nster,voll.,66,59,7,0,0,0,3,2,1,3,2,1,13,12,1,12,12,0,32,30,2,6,3,3,38,33,5,2020
217000,"Sonstige Raub berf lle auf Stra en, Wegen oder Pl tzen",5515000,M nster,vers.,15,14,1,0,0,0,1,1,0,1,1,0,4,4,0,1,1,0,6,5,1,3,3,0,9,8,1,2020
217000,"Sonstige Raub berf lle auf Stra en, Wegen oder Pl tzen",5515000,M nster,insg.,81,73,8,0,0,0,4,3,1,4,3,1,17,16,1,13,13,0,38,35,3,9,6,3,47,41,6,2020
217000,"Sonstige Raub berf lle auf Stra en, Wegen oder Pl tzen",5162024,Neuss,voll.,49,46,3,0,0,0,3,3,0,3,3,0,19,18,1,8,8,0,17,16,1,2,1,1,19,17,2,2020
217000,"Sonstige Raub berf lle auf Stra en, Wegen oder Pl tzen",5162024,Neuss,vers.,13,7,6,0,0,0,1,1,0,1,1,0,5,4,1,2,0,2,4,2,2,1,0,1,5,2,3,2020
217000,"Sonstige Raub berf lle auf Stra en, Wegen oder Pl tzen",5162024,Neuss,insg.,62,53,9,0,0,0,4,4,0,4,4,0,24,22,2,10,8,2,21,18,3,3,1,2,24,19,5,2020
217000,"Sonstige Raub berf lle auf Stra en, Wegen oder Pl tzen",9564000,N rnberg,voll.,54,46,8,0,0,0,0,0,0,0,0,0,2,2,0,9,9,0,38,34,4,5,1,4,43,35,8,2020
217000,"Sonstige Raub berf lle auf Stra en, Wegen oder Pl tzen",9564000,N rnberg,vers.,19,16,3,0,0,0,1,1,0,1,1,0,4,2,2,0,0,0,13,12,1,1,1,0,14,13,1,2020
217000,"Sonstige Raub berf lle auf Stra en, Wegen oder Pl tzen",9564000,N rnberg,insg.,73,62,11,0,0,0,1,1,0,1,1,0,6,4,2,9,9,0,51,46,5,6,2,4,57,48,9,2020
217000,"Sonstige Raub berf lle auf Stra en, Wegen oder Pl tzen",5119000,Oberhausen,voll.,51,43,8,0,0,0,3,3,0,3,3,0,9,9,0,7,7,0,29,23,6,3,1,2,32,24,8,2020
217000,"Sonstige Raub berf lle auf Stra en, Wegen oder Pl tzen",5119000,Oberhausen,vers.,12,9,3,0,0,0,0,0,0,0,0,0,4,2,2,2,2,0,6,5,1,0,0,0,6,5,1,2020
217000,"Sonstige Raub berf lle auf Stra en, Wegen oder Pl tzen",5119000,Oberhausen,insg.,63,52,11,0,0,0,3,3,0,3,3,0,13,11,2,9,9,0,35,28,7,3,1,2,38,29,9,2020
217000,"Sonstige Raub berf lle auf Stra en, Wegen oder Pl tzen",6413000,Offenbach am Main,voll.,35,27,8,0,0,0,1,1,0,1,1,0,6,5,1,2,1,1,22,18,4,4,2,2,26,20,6,2020
217000,"Sonstige Raub berf lle auf Stra en, Wegen oder Pl tzen",6413000,Offenbach am Main,vers.,17,11,6,0,0,0,3,2,1,3,2,1,0,0,0,2,2,0,12,7,5,0,0,0,12,7,5,2020
217000,"Sonstige Raub berf lle auf Stra en, Wegen oder Pl tzen",6413000,Offenbach am Main,insg.,52,38,14,0,0,0,4,3,1,4,3,1,6,5,1,4,3,1,34,25,9,4,2,2,38,27,11,2020
217000,"Sonstige Raub berf lle auf Stra en, Wegen oder Pl tzen",3403000,Oldenburg (Oldenburg),voll.,25,23,2,0,0,0,3,2,1,3,2,1,8,8,0,3,3,0,10,9,1,1,1,0,11,10,1,2020
217000,"Sonstige Raub berf lle auf Stra en, Wegen oder Pl tzen",3403000,Oldenburg (Oldenburg),vers.,9,6,3,0,0,0,1,1,0,1,1,0,2,2,0,1,1,0,5,2,3,0,0,0,5,2,3,2020
217000,"Sonstige Raub berf lle auf Stra en, Wegen oder Pl tzen",3403000,Oldenburg (Oldenburg),insg.,34,29,5,0,0,0,4,3,1,4,3,1,10,10,0,4,4,0,15,11,4,1,1,0,16,12,4,2020
217000,"Sonstige Raub berf lle auf Stra en, Wegen oder Pl tzen",3404000,Osnabr ck,voll.,38,34,4,0,0,0,2,2,0,2,2,0,1,1,0,9,9,0,21,17,4,5,5,0,26,22,4,2020
217000,"Sonstige Raub berf lle auf Stra en, Wegen oder Pl tzen",3404000,Osnabr ck,vers.,8,8,0,0,0,0,0,0,0,0,0,0,2,2,0,1,1,0,5,5,0,0,0,0,5,5,0,2020
217000,"Sonstige Raub berf lle auf Stra en, Wegen oder Pl tzen",3404000,Osnabr ck,insg.,46,42,4,0,0,0,2,2,0,2,2,0,3,3,0,10,10,0,26,22,4,5,5,0,31,27,4,2020
217000,"Sonstige Raub berf lle auf Stra en, Wegen oder Pl tzen",5774032,Paderborn,voll.,25,23,2,0,0,0,0,0,0,0,0,0,4,4,0,3,2,1,16,15,1,2,2,0,18,17,1,2020
217000,"Sonstige Raub berf lle auf Stra en, Wegen oder Pl tzen",5774032,Paderborn,vers.,4,3,1,0,0,0,0,0,0,0,0,0,0,0,0,1,1,0,2,2,0,1,0,1,3,2,1,2020
217000,"Sonstige Raub berf lle auf Stra en, Wegen oder Pl tzen",5774032,Paderborn,insg.,29,26,3,0,0,0,0,0,0,0,0,0,4,4,0,4,3,1,18,17,1,3,2,1,21,19,2,2020
217000,"Sonstige Raub berf lle auf Stra en, Wegen oder Pl tzen",8231000,Pforzheim,voll.,21,19,2,0,0,0,0,0,0,0,0,0,5,5,0,5,4,1,10,9,1,1,1,0,11,10,1,2020
217000,"Sonstige Raub berf lle auf Stra en, Wegen oder Pl tzen",8231000,Pforzheim,vers.,6,6,0,0,0,0,0,0,0,0,0,0,2,2,0,1,1,0,3,3,0,0,0,0,3,3,0,2020
217000,"Sonstige Raub berf lle auf Stra en, Wegen oder Pl tzen",8231000,Pforzheim,insg.,27,25,2,0,0,0,0,0,0,0,0,0,7,7,0,6,5,1,13,12,1,1,1,0,14,13,1,2020
217000,"Sonstige Raub berf lle auf Stra en, Wegen oder Pl tzen",12054000,Potsdam,voll.,42,39,3,0,0,0,0,0,0,0,0,0,17,16,1,12,12,0,13,11,2,0,0,0,13,11,2,2020
217000,"Sonstige Raub berf lle auf Stra en, Wegen oder Pl tzen",12054000,Potsdam,vers.,8,6,2,0,0,0,0,0,0,0,0,0,2,2,0,2,1,1,3,3,0,1,0,1,4,3,1,2020
217000,"Sonstige Raub berf lle auf Stra en, Wegen oder Pl tzen",12054000,Potsdam,insg.,50,45,5,0,0,0,0,0,0,0,0,0,19,18,1,14,13,1,16,14,2,1,0,1,17,14,3,2020
217000,"Sonstige Raub berf lle auf Stra en, Wegen oder Pl tzen",5562032,Recklinghausen,voll.,27,18,9,0,0,0,1,0,1,1,0,1,4,3,1,3,3,0,16,11,5,3,1,2,19,12,7,2020
217000,"Sonstige Raub berf lle auf Stra en, Wegen oder Pl tzen",5562032,Recklinghausen,vers.,4,3,1,0,0,0,1,1,0,1,1,0,0,0,0,1,1,0,2,1,1,0,0,0,2,1,1,2020
217000,"Sonstige Raub berf lle auf Stra en, Wegen oder Pl tzen",5562032,Recklinghausen,insg.,31,21,10,0,0,0,2,1,1,2,1,1,4,3,1,4,4,0,18,12,6,3,1,2,21,13,8,2020
217000,"Sonstige Raub berf lle auf Stra en, Wegen oder Pl tzen",9362000,Regensburg,voll.,18,17,1,0,0,0,0,0,0,0,0,0,6,6,0,3,3,0,9,8,1,0,0,0,9,8,1,2020
217000,"Sonstige Raub berf lle auf Stra en, Wegen oder Pl tzen",9362000,Regensburg,vers.,2,2,0,0,0,0,0,0,0,0,0,0,0,0,0,0,0,0,2,2,0,0,0,0,2,2,0,2020
217000,"Sonstige Raub berf lle auf Stra en, Wegen oder Pl tzen",9362000,Regensburg,insg.,20,19,1,0,0,0,0,0,0,0,0,0,6,6,0,3,3,0,11,10,1,0,0,0,11,10,1,2020
217000,"Sonstige Raub berf lle auf Stra en, Wegen oder Pl tzen",5120000,Remscheid,voll.,10,9,1,0,0,0,1,1,0,1,1,0,1,1,0,2,2,0,4,4,0,2,1,1,6,5,1,2020
217000,"Sonstige Raub berf lle auf Stra en, Wegen oder Pl tzen",5120000,Remscheid,vers.,4,4,0,0,0,0,0,0,0,0,0,0,1,1,0,1,1,0,1,1,0,1,1,0,2,2,0,2020
217000,"Sonstige Raub berf lle auf Stra en, Wegen oder Pl tzen",5120000,Remscheid,insg.,14,13,1,0,0,0,1,1,0,1,1,0,2,2,0,3,3,0,5,5,0,3,2,1,8,7,1,2020
217000,"Sonstige Raub berf lle auf Stra en, Wegen oder Pl tzen",8415061,Reutlingen,voll.,14,14,0,0,0,0,0,0,0,0,0,0,6,6,0,4,4,0,4,4,0,0,0,0,4,4,0,2020
217000,"Sonstige Raub berf lle auf Stra en, Wegen oder Pl tzen",8415061,Reutlingen,vers.,3,3,0,0,0,0,1,1,0,1,1,0,1,1,0,1,1,0,0,0,0,0,0,0,0,0,0,2020
217000,"Sonstige Raub berf lle auf Stra en, Wegen oder Pl tzen",8415061,Reutlingen,insg.,17,17,0,0,0,0,1,1,0,1,1,0,7,7,0,5,5,0,4,4,0,0,0,0,4,4,0,2020
217000,"Sonstige Raub berf lle auf Stra en, Wegen oder Pl tzen",13003000,Rostock,voll.,39,33,6,0,0,0,2,2,0,2,2,0,13,13,0,5,4,1,17,13,4,2,1,1,19,14,5,2020
217000,"Sonstige Raub berf lle auf Stra en, Wegen oder Pl tzen",13003000,Rostock,vers.,6,4,2,0,0,0,1,0,1,1,0,1,0,0,0,0,0,0,4,4,0,1,0,1,5,4,1,2020
217000,"Sonstige Raub berf lle auf Stra en, Wegen oder Pl tzen",13003000,Rostock,insg.,45,37,8,0,0,0,3,2,1,3,2,1,13,13,0,5,4,1,21,17,4,3,1,2,24,18,6,2020
217000,"Sonstige Raub berf lle auf Stra en, Wegen oder Pl tzen",10041100,Saarbr cken,voll.,57,53,4,0,0,0,3,2,1,3,2,1,8,8,0,7,5,2,31,30,1,8,8,0,39,38,1,2020
217000,"Sonstige Raub berf lle auf Stra en, Wegen oder Pl tzen",10041100,Saarbr cken,vers.,15,10,5,0,0,0,1,0,1,1,0,1,4,3,1,4,4,0,6,3,3,0,0,0,6,3,3,2020
217000,"Sonstige Raub berf lle auf Stra en, Wegen oder Pl tzen",10041100,Saarbr cken,insg.,72,63,9,0,0,0,4,2,2,4,2,2,12,11,1,11,9,2,37,33,4,8,8,0,45,41,4,2020
217000,"Sonstige Raub berf lle auf Stra en, Wegen oder Pl tzen",3102000,Salzgitter,voll.,16,16,0,0,0,0,0,0,0,0,0,0,7,7,0,3,3,0,5,5,0,1,1,0,6,6,0,2020
217000,"Sonstige Raub berf lle auf Stra en, Wegen oder Pl tzen",3102000,Salzgitter,vers.,7,6,1,0,0,0,0,0,0,0,0,0,2,2,0,0,0,0,4,3,1,1,1,0,5,4,1,2020
217000,"Sonstige Raub berf lle auf Stra en, Wegen oder Pl tzen",3102000,Salzgitter,insg.,23,22,1,0,0,0,0,0,0,0,0,0,9,9,0,3,3,0,9,8,1,2,2,0,11,10,1,2020
217000,"Sonstige Raub berf lle auf Stra en, Wegen oder Pl tzen",13004000,Schwerin,voll.,18,14,4,0,0,0,0,0,0,0,0,0,0,0,0,1,1,0,13,9,4,4,4,0,17,13,4,2020
217000,"Sonstige Raub berf lle auf Stra en, Wegen oder Pl tzen",13004000,Schwerin,vers.,5,4,1,0,0,0,1,0,1,1,0,1,0,0,0,2,2,0,2,2,0,0,0,0,2,2,0,2020
217000,"Sonstige Raub berf lle auf Stra en, Wegen oder Pl tzen",13004000,Schwerin,insg.,23,18,5,0,0,0,1,0,1,1,0,1,0,0,0,3,3,0,15,11,4,4,4,0,19,15,4,2020
217000,"Sonstige Raub berf lle auf Stra en, Wegen oder Pl tzen",5970040,Siegen,voll.,11,9,2,0,0,0,0,0,0,0,0,0,2,2,0,2,2,0,7,5,2,0,0,0,7,5,2,2020
217000,"Sonstige Raub berf lle auf Stra en, Wegen oder Pl tzen",5970040,Siegen,vers.,1,1,0,0,0,0,0,0,0,0,0,0,0,0,0,0,0,0,1,1,0,0,0,0,1,1,0,2020
217000,"Sonstige Raub berf lle auf Stra en, Wegen oder Pl tzen",5970040,Siegen,insg.,12,10,2,0,0,0,0,0,0,0,0,0,2,2,0,2,2,0,8,6,2,0,0,0,8,6,2,2020
217000,"Sonstige Raub berf lle auf Stra en, Wegen oder Pl tzen",5122000,Solingen,voll.,26,21,5,0,0,0,9,8,1,9,8,1,4,3,1,1,1,0,11,8,3,1,1,0,12,9,3,2020
217000,"Sonstige Raub berf lle auf Stra en, Wegen oder Pl tzen",5122000,Solingen,vers.,9,8,1,0,0,0,0,0,0,0,0,0,3,3,0,0,0,0,6,5,1,0,0,0,6,5,1,2020
217000,"Sonstige Raub berf lle auf Stra en, Wegen oder Pl tzen",5122000,Solingen,insg.,35,29,6,0,0,0,9,8,1,9,8,1,7,6,1,1,1,0,17,13,4,1,1,0,18,14,4,2020
217000,"Sonstige Raub berf lle auf Stra en, Wegen oder Pl tzen",8111000,Stuttgart,voll.,182,150,32,0,0,0,4,3,1,4,3,1,19,17,2,28,25,3,124,101,23,7,4,3,131,105,26,2020
217000,"Sonstige Raub berf lle auf Stra en, Wegen oder Pl tzen",8111000,Stuttgart,vers.,80,65,15,0,0,0,1,1,0,1,1,0,8,4,4,7,7,0,62,52,10,2,1,1,64,53,11,2020
217000,"Sonstige Raub berf lle auf Stra en, Wegen oder Pl tzen",8111000,Stuttgart,insg.,262,215,47,0,0,0,5,4,1,5,4,1,27,21,6,35,32,3,186,153,33,9,5,4,195,158,37,2020
217000,"Sonstige Raub berf lle auf Stra en, Wegen oder Pl tzen",7211000,Trier,voll.,22,20,2,0,0,0,2,1,1,2,1,1,5,5,0,5,5,0,9,8,1,1,1,0,10,9,1,2020
217000,"Sonstige Raub berf lle auf Stra en, Wegen oder Pl tzen",7211000,Trier,vers.,1,1,0,0,0,0,0,0,0,0,0,0,0,0,0,0,0,0,1,1,0,0,0,0,1,1,0,2020
217000,"Sonstige Raub berf lle auf Stra en, Wegen oder Pl tzen",7211000,Trier,insg.,23,21,2,0,0,0,2,1,1,2,1,1,5,5,0,5,5,0,10,9,1,1,1,0,11,10,1,2020
217000,"Sonstige Raub berf lle auf Stra en, Wegen oder Pl tzen",8421000,Ulm,voll.,12,10,2,0,0,0,0,0,0,0,0,0,2,2,0,2,2,0,8,6,2,0,0,0,8,6,2,2020
217000,"Sonstige Raub berf lle auf Stra en, Wegen oder Pl tzen",8421000,Ulm,vers.,12,8,4,0,0,0,1,0,1,1,0,1,4,3,1,0,0,0,6,5,1,1,0,1,7,5,2,2020
217000,"Sonstige Raub berf lle auf Stra en, Wegen oder Pl tzen",8421000,Ulm,insg.,24,18,6,0,0,0,1,0,1,1,0,1,6,5,1,2,2,0,14,11,3,1,0,1,15,11,4,2020
217000,"Sonstige Raub berf lle auf Stra en, Wegen oder Pl tzen",6414000,Wiesbaden,voll.,58,53,5,0,0,0,3,3,0,3,3,0,10,10,0,18,17,1,26,23,3,1,0,1,27,23,4,2020
217000,"Sonstige Raub berf lle auf Stra en, Wegen oder Pl tzen",6414000,Wiesbaden,vers.,11,11,0,0,0,0,0,0,0,0,0,0,4,4,0,0,0,0,5,5,0,2,2,0,7,7,0,2020
217000,"Sonstige Raub berf lle auf Stra en, Wegen oder Pl tzen",6414000,Wiesbaden,insg.,69,64,5,0,0,0,3,3,0,3,3,0,14,14,0,18,17,1,31,28,3,3,2,1,34,30,4,2020
217000,"Sonstige Raub berf lle auf Stra en, Wegen oder Pl tzen",3103000,Wolfsburg,voll.,10,8,2,0,0,0,0,0,0,0,0,0,1,1,0,1,0,1,8,7,1,0,0,0,8,7,1,2020
217000,"Sonstige Raub berf lle auf Stra en, Wegen oder Pl tzen",3103000,Wolfsburg,vers.,1,0,1,0,0,0,0,0,0,0,0,0,0,0,0,0,0,0,1,0,1,0,0,0,1,0,1,2020
217000,"Sonstige Raub berf lle auf Stra en, Wegen oder Pl tzen",3103000,Wolfsburg,insg.,11,8,3,0,0,0,0,0,0,0,0,0,1,1,0,1,0,1,9,7,2,0,0,0,9,7,2,2020
217000,"Sonstige Raub berf lle auf Stra en, Wegen oder Pl tzen",5124000,Wuppertal,voll.,129,106,23,0,0,0,4,4,0,4,4,0,40,39,1,13,10,3,66,52,14,6,1,5,72,53,19,2020
217000,"Sonstige Raub berf lle auf Stra en, Wegen oder Pl tzen",5124000,Wuppertal,vers.,43,30,13,0,0,0,6,4,2,6,4,2,8,8,0,5,5,0,19,11,8,5,2,3,24,13,11,2020
217000,"Sonstige Raub berf lle auf Stra en, Wegen oder Pl tzen",5124000,Wuppertal,insg.,172,136,36,0,0,0,10,8,2,10,8,2,48,47,1,18,15,3,85,63,22,11,3,8,96,66,30,2020
217000,"Sonstige Raub berf lle auf Stra en, Wegen oder Pl tzen",9663000,W rzburg,voll.,3,3,0,0,0,0,1,1,0,1,1,0,1,1,0,0,0,0,1,1,0,0,0,0,1,1,0,2020
217000,"Sonstige Raub berf lle auf Stra en, Wegen oder Pl tzen",9663000,W rzburg,vers.,3,3,0,0,0,0,0,0,0,0,0,0,1,1,0,2,2,0,0,0,0,0,0,0,0,0,0,2020
217000,"Sonstige Raub berf lle auf Stra en, Wegen oder Pl tzen",9663000,W rzburg,insg.,6,6,0,0,0,0,1,1,0,1,1,0,2,2,0,2,2,0,1,1,0,0,0,0,1,1,0,2020
219000,Raub berf lle in Wohnungen,5334002,Aachen,voll.,4,3,1,0,0,0,0,0,0,0,0,0,0,0,0,0,0,0,3,2,1,1,1,0,4,3,1,2020
219000,Raub berf lle in Wohnungen,5334002,Aachen,vers.,5,4,1,0,0,0,0,0,0,0,0,0,0,0,0,0,0,0,3,3,0,2,1,1,5,4,1,2020
219000,Raub berf lle in Wohnungen,5334002,Aachen,insg.,9,7,2,0,0,0,0,0,0,0,0,0,0,0,0,0,0,0,6,5,1,3,2,1,9,7,2,2020
219000,Raub berf lle in Wohnungen,9761000,Augsburg,voll.,2,2,0,0,0,0,1,1,0,1,1,0,0,0,0,0,0,0,1,1,0,0,0,0,1,1,0,2020
219000,Raub berf lle in Wohnungen,9761000,Augsburg,vers.,0,0,0,0,0,0,0,0,0,0,0,0,0,0,0,0,0,0,0,0,0,0,0,0,0,0,0,2020
219000,Raub berf lle in Wohnungen,9761000,Augsburg,insg.,2,2,0,0,0,0,1,1,0,1,1,0,0,0,0,0,0,0,1,1,0,0,0,0,1,1,0,2020
219000,Raub berf lle in Wohnungen,5378004,Bergisch Gladbach,voll.,1,1,0,0,0,0,0,0,0,0,0,0,0,0,0,0,0,0,1,1,0,0,0,0,1,1,0,2020
219000,Raub berf lle in Wohnungen,5378004,Bergisch Gladbach,vers.,2,1,1,0,0,0,0,0,0,0,0,0,0,0,0,0,0,0,0,0,0,2,1,1,2,1,1,2020
219000,Raub berf lle in Wohnungen,5378004,Bergisch Gladbach,insg.,3,2,1,0,0,0,0,0,0,0,0,0,0,0,0,0,0,0,1,1,0,2,1,1,3,2,1,2020
219000,Raub berf lle in Wohnungen,11000000,Berlin,voll.,264,155,109,2,1,1,6,1,5,8,2,6,31,20,11,12,7,5,153,102,51,60,24,36,213,126,87,2020
219000,Raub berf lle in Wohnungen,11000000,Berlin,vers.,45,23,22,1,0,1,0,0,0,1,0,1,1,1,0,1,0,1,26,14,12,16,8,8,42,22,20,2020
219000,Raub berf lle in Wohnungen,11000000,Berlin,insg.,309,178,131,3,1,2,6,1,5,9,2,7,32,21,11,13,7,6,179,116,63,76,32,44,255,148,107,2020
219000,Raub berf lle in Wohnungen,5711000,Bielefeld,voll.,6,4,2,0,0,0,0,0,0,0,0,0,1,1,0,0,0,0,3,3,0,2,0,2,5,3,2,2020
219000,Raub berf lle in Wohnungen,5711000,Bielefeld,vers.,0,0,0,0,0,0,0,0,0,0,0,0,0,0,0,0,0,0,0,0,0,0,0,0,0,0,0,2020
219000,Raub berf lle in Wohnungen,5711000,Bielefeld,insg.,6,4,2,0,0,0,0,0,0,0,0,0,1,1,0,0,0,0,3,3,0,2,0,2,5,3,2,2020
219000,Raub berf lle in Wohnungen,5911000,Bochum,voll.,11,4,7,0,0,0,0,0,0,0,0,0,1,0,1,0,0,0,10,4,6,0,0,0,10,4,6,2020
219000,Raub berf lle in Wohnungen,5911000,Bochum,vers.,3,1,2,0,0,0,0,0,0,0,0,0,0,0,0,0,0,0,3,1,2,0,0,0,3,1,2,2020
219000,Raub berf lle in Wohnungen,5911000,Bochum,insg.,14,5,9,0,0,0,0,0,0,0,0,0,1,0,1,0,0,0,13,5,8,0,0,0,13,5,8,2020
219000,Raub berf lle in Wohnungen,5314000,Bonn,voll.,17,12,5,0,0,0,1,0,1,1,0,1,2,2,0,0,0,0,11,7,4,3,3,0,14,10,4,2020
219000,Raub berf lle in Wohnungen,5314000,Bonn,vers.,9,6,3,0,0,0,0,0,0,0,0,0,0,0,0,0,0,0,6,4,2,3,2,1,9,6,3,2020
219000,Raub berf lle in Wohnungen,5314000,Bonn,insg.,26,18,8,0,0,0,1,0,1,1,0,1,2,2,0,0,0,0,17,11,6,6,5,1,23,16,7,2020
219000,Raub berf lle in Wohnungen,5512000,Bottrop,voll.,3,3,0,0,0,0,0,0,0,0,0,0,0,0,0,0,0,0,2,2,0,1,1,0,3,3,0,2020
219000,Raub berf lle in Wohnungen,5512000,Bottrop,vers.,0,0,0,0,0,0,0,0,0,0,0,0,0,0,0,0,0,0,0,0,0,0,0,0,0,0,0,2020
219000,Raub berf lle in Wohnungen,5512000,Bottrop,insg.,3,3,0,0,0,0,0,0,0,0,0,0,0,0,0,0,0,0,2,2,0,1,1,0,3,3,0,2020
219000,Raub berf lle in Wohnungen,3101000,Braunschweig,voll.,5,3,2,0,0,0,0,0,0,0,0,0,0,0,0,0,0,0,4,2,2,1,1,0,5,3,2,2020
219000,Raub berf lle in Wohnungen,3101000,Braunschweig,vers.,1,0,1,0,0,0,0,0,0,0,0,0,0,0,0,0,0,0,0,0,0,1,0,1,1,0,1,2020
219000,Raub berf lle in Wohnungen,3101000,Braunschweig,insg.,6,3,3,0,0,0,0,0,0,0,0,0,0,0,0,0,0,0,4,2,2,2,1,1,6,3,3,2020
219000,Raub berf lle in Wohnungen,4011000,Bremen,voll.,24,14,10,0,0,0,0,0,0,0,0,0,1,1,0,2,2,0,16,8,8,5,3,2,21,11,10,2020
219000,Raub berf lle in Wohnungen,4011000,Bremen,vers.,17,10,7,0,0,0,0,0,0,0,0,0,0,0,0,0,0,0,11,7,4,6,3,3,17,10,7,2020
219000,Raub berf lle in Wohnungen,4011000,Bremen,insg.,41,24,17,0,0,0,0,0,0,0,0,0,1,1,0,2,2,0,27,15,12,11,6,5,38,21,17,2020
219000,Raub berf lle in Wohnungen,4012000,Bremerhaven,voll.,13,10,3,0,0,0,0,0,0,0,0,0,0,0,0,0,0,0,11,8,3,2,2,0,13,10,3,2020
219000,Raub berf lle in Wohnungen,4012000,Bremerhaven,vers.,2,2,0,0,0,0,0,0,0,0,0,0,0,0,0,0,0,0,2,2,0,0,0,0,2,2,0,2020
219000,Raub berf lle in Wohnungen,4012000,Bremerhaven,insg.,15,12,3,0,0,0,0,0,0,0,0,0,0,0,0,0,0,0,13,10,3,2,2,0,15,12,3,2020
219000,Raub berf lle in Wohnungen,14511000,Chemnitz,voll.,8,5,3,0,0,0,0,0,0,0,0,0,0,0,0,0,0,0,7,4,3,1,1,0,8,5,3,2020
219000,Raub berf lle in Wohnungen,14511000,Chemnitz,vers.,1,1,0,0,0,0,0,0,0,0,0,0,0,0,0,0,0,0,1,1,0,0,0,0,1,1,0,2020
219000,Raub berf lle in Wohnungen,14511000,Chemnitz,insg.,9,6,3,0,0,0,0,0,0,0,0,0,0,0,0,0,0,0,8,5,3,1,1,0,9,6,3,2020
219000,Raub berf lle in Wohnungen,6411000,Darmstadt,voll.,4,1,3,0,0,0,0,0,0,0,0,0,0,0,0,0,0,0,4,1,3,0,0,0,4,1,3,2020
219000,Raub berf lle in Wohnungen,6411000,Darmstadt,vers.,0,0,0,0,0,0,0,0,0,0,0,0,0,0,0,0,0,0,0,0,0,0,0,0,0,0,0,2020
219000,Raub berf lle in Wohnungen,6411000,Darmstadt,insg.,4,1,3,0,0,0,0,0,0,0,0,0,0,0,0,0,0,0,4,1,3,0,0,0,4,1,3,2020
219000,Raub berf lle in Wohnungen,5913000,Dortmund,voll.,26,13,13,0,0,0,1,1,0,1,1,0,0,0,0,1,0,1,20,10,10,4,2,2,24,12,12,2020
219000,Raub berf lle in Wohnungen,5913000,Dortmund,vers.,6,4,2,0,0,0,0,0,0,0,0,0,2,2,0,1,0,1,2,2,0,1,0,1,3,2,1,2020
219000,Raub berf lle in Wohnungen,5913000,Dortmund,insg.,32,17,15,0,0,0,1,1,0,1,1,0,2,2,0,2,0,2,22,12,10,5,2,3,27,14,13,2020
219000,Raub berf lle in Wohnungen,14612000,Dresden,voll.,31,22,9,0,0,0,0,0,0,0,0,0,0,0,0,3,3,0,25,18,7,3,1,2,28,19,9,2020
219000,Raub berf lle in Wohnungen,14612000,Dresden,vers.,1,1,0,0,0,0,0,0,0,0,0,0,0,0,0,0,0,0,1,1,0,0,0,0,1,1,0,2020
219000,Raub berf lle in Wohnungen,14612000,Dresden,insg.,32,23,9,0,0,0,0,0,0,0,0,0,0,0,0,3,3,0,26,19,7,3,1,2,29,20,9,2020
219000,Raub berf lle in Wohnungen,5112000,Duisburg,voll.,26,15,11,0,0,0,0,0,0,0,0,0,0,0,0,3,1,2,19,12,7,4,2,2,23,14,9,2020
219000,Raub berf lle in Wohnungen,5112000,Duisburg,vers.,3,1,2,0,0,0,0,0,0,0,0,0,0,0,0,0,0,0,3,1,2,0,0,0,3,1,2,2020
219000,Raub berf lle in Wohnungen,5112000,Duisburg,insg.,29,16,13,0,0,0,0,0,0,0,0,0,0,0,0,3,1,2,22,13,9,4,2,2,26,15,11,2020
219000,Raub berf lle in Wohnungen,5111000,D sseldorf,voll.,23,11,12,1,1,0,0,0,0,1,1,0,1,1,0,0,0,0,17,8,9,4,1,3,21,9,12,2020
219000,Raub berf lle in Wohnungen,5111000,D sseldorf,vers.,8,6,2,0,0,0,0,0,0,0,0,0,0,0,0,0,0,0,7,6,1,1,0,1,8,6,2,2020
219000,Raub berf lle in Wohnungen,5111000,D sseldorf,insg.,31,17,14,1,1,0,0,0,0,1,1,0,1,1,0,0,0,0,24,14,10,5,1,4,29,15,14,2020
219000,Raub berf lle in Wohnungen,16051000,Erfurt,voll.,11,8,3,0,0,0,0,0,0,0,0,0,1,1,0,0,0,0,8,5,3,2,2,0,10,7,3,2020
219000,Raub berf lle in Wohnungen,16051000,Erfurt,vers.,6,3,3,0,0,0,0,0,0,0,0,0,0,0,0,0,0,0,6,3,3,0,0,0,6,3,3,2020
219000,Raub berf lle in Wohnungen,16051000,Erfurt,insg.,17,11,6,0,0,0,0,0,0,0,0,0,1,1,0,0,0,0,14,8,6,2,2,0,16,10,6,2020
219000,Raub berf lle in Wohnungen,9562000,Erlangen,voll.,2,1,1,0,0,0,0,0,0,0,0,0,0,0,0,1,0,1,1,1,0,0,0,0,1,1,0,2020
219000,Raub berf lle in Wohnungen,9562000,Erlangen,vers.,0,0,0,0,0,0,0,0,0,0,0,0,0,0,0,0,0,0,0,0,0,0,0,0,0,0,0,2020
219000,Raub berf lle in Wohnungen,9562000,Erlangen,insg.,2,1,1,0,0,0,0,0,0,0,0,0,0,0,0,1,0,1,1,1,0,0,0,0,1,1,0,2020
219000,Raub berf lle in Wohnungen,5113000,Essen,voll.,33,17,16,0,0,0,0,0,0,0,0,0,1,0,1,1,0,1,18,11,7,13,6,7,31,17,14,2020
219000,Raub berf lle in Wohnungen,5113000,Essen,vers.,2,2,0,0,0,0,0,0,0,0,0,0,0,0,0,0,0,0,1,1,0,1,1,0,2,2,0,2020
219000,Raub berf lle in Wohnungen,5113000,Essen,insg.,35,19,16,0,0,0,0,0,0,0,0,0,1,0,1,1,0,1,19,12,7,14,7,7,33,19,14,2020
219000,Raub berf lle in Wohnungen,6412000,Frankfurt am Main,voll.,16,10,6,0,0,0,0,0,0,0,0,0,1,1,0,0,0,0,8,7,1,7,2,5,15,9,6,2020
219000,Raub berf lle in Wohnungen,6412000,Frankfurt am Main,vers.,8,5,3,0,0,0,0,0,0,0,0,0,0,0,0,1,1,0,7,4,3,0,0,0,7,4,3,2020
219000,Raub berf lle in Wohnungen,6412000,Frankfurt am Main,insg.,24,15,9,0,0,0,0,0,0,0,0,0,1,1,0,1,1,0,15,11,4,7,2,5,22,13,9,2020
219000,Raub berf lle in Wohnungen,8311000,Freiburg im Breisgau,voll.,4,2,2,0,0,0,0,0,0,0,0,0,0,0,0,0,0,0,2,2,0,2,0,2,4,2,2,2020
219000,Raub berf lle in Wohnungen,8311000,Freiburg im Breisgau,vers.,1,0,1,0,0,0,0,0,0,0,0,0,0,0,0,0,0,0,1,0,1,0,0,0,1,0,1,2020
219000,Raub berf lle in Wohnungen,8311000,Freiburg im Breisgau,insg.,5,2,3,0,0,0,0,0,0,0,0,0,0,0,0,0,0,0,3,2,1,2,0,2,5,2,3,2020
219000,Raub berf lle in Wohnungen,9563000,F rth,voll.,1,1,0,0,0,0,0,0,0,0,0,0,0,0,0,0,0,0,1,1,0,0,0,0,1,1,0,2020
219000,Raub berf lle in Wohnungen,9563000,F rth,vers.,1,1,0,0,0,0,0,0,0,0,0,0,0,0,0,0,0,0,1,1,0,0,0,0,1,1,0,2020
219000,Raub berf lle in Wohnungen,9563000,F rth,insg.,2,2,0,0,0,0,0,0,0,0,0,0,0,0,0,0,0,0,2,2,0,0,0,0,2,2,0,2020
219000,Raub berf lle in Wohnungen,5513000,Gelsenkirchen,voll.,5,5,0,0,0,0,0,0,0,0,0,0,0,0,0,0,0,0,2,2,0,3,3,0,5,5,0,2020
219000,Raub berf lle in Wohnungen,5513000,Gelsenkirchen,vers.,3,0,3,0,0,0,0,0,0,0,0,0,0,0,0,0,0,0,2,0,2,1,0,1,3,0,3,2020
219000,Raub berf lle in Wohnungen,5513000,Gelsenkirchen,insg.,8,5,3,0,0,0,0,0,0,0,0,0,0,0,0,0,0,0,4,2,2,4,3,1,8,5,3,2020
219000,Raub berf lle in Wohnungen,3159016,G ttingen,voll.,8,6,2,0,0,0,0,0,0,0,0,0,1,1,0,1,1,0,4,3,1,2,1,1,6,4,2,2020
219000,Raub berf lle in Wohnungen,3159016,G ttingen,vers.,3,2,1,0,0,0,0,0,0,0,0,0,0,0,0,1,1,0,1,0,1,1,1,0,2,1,1,2020
219000,Raub berf lle in Wohnungen,3159016,G ttingen,insg.,11,8,3,0,0,0,0,0,0,0,0,0,1,1,0,2,2,0,5,3,2,3,2,1,8,5,3,2020
219000,Raub berf lle in Wohnungen,5754008,G tersloh,voll.,4,1,3,0,0,0,0,0,0,0,0,0,0,0,0,0,0,0,3,1,2,1,0,1,4,1,3,2020
219000,Raub berf lle in Wohnungen,5754008,G tersloh,vers.,1,0,1,0,0,0,0,0,0,0,0,0,0,0,0,0,0,0,1,0,1,0,0,0,1,0,1,2020
219000,Raub berf lle in Wohnungen,5754008,G tersloh,insg.,5,1,4,0,0,0,0,0,0,0,0,0,0,0,0,0,0,0,4,1,3,1,0,1,5,1,4,2020
219000,Raub berf lle in Wohnungen,5914000,Hagen,voll.,14,10,4,0,0,0,0,0,0,0,0,0,0,0,0,1,1,0,9,6,3,4,3,1,13,9,4,2020
219000,Raub berf lle in Wohnungen,5914000,Hagen,vers.,4,2,2,0,0,0,0,0,0,0,0,0,0,0,0,0,0,0,4,2,2,0,0,0,4,2,2,2020
219000,Raub berf lle in Wohnungen,5914000,Hagen,insg.,18,12,6,0,0,0,0,0,0,0,0,0,0,0,0,1,1,0,13,8,5,4,3,1,17,11,6,2020
219000,Raub berf lle in Wohnungen,15002000,Halle (Saale),voll.,15,7,8,0,0,0,1,1,0,1,1,0,2,2,0,0,0,0,9,3,6,3,1,2,12,4,8,2020
219000,Raub berf lle in Wohnungen,15002000,Halle (Saale),vers.,1,1,0,0,0,0,0,0,0,0,0,0,0,0,0,0,0,0,1,1,0,0,0,0,1,1,0,2020
219000,Raub berf lle in Wohnungen,15002000,Halle (Saale),insg.,16,8,8,0,0,0,1,1,0,1,1,0,2,2,0,0,0,0,10,4,6,3,1,2,13,5,8,2020
219000,Raub berf lle in Wohnungen,2000000,Hamburg,voll.,61,35,26,0,0,0,0,0,0,0,0,0,3,0,3,4,4,0,37,20,17,17,11,6,54,31,23,2020
219000,Raub berf lle in Wohnungen,2000000,Hamburg,vers.,11,6,5,0,0,0,0,0,0,0,0,0,0,0,0,1,1,0,10,5,5,0,0,0,10,5,5,2020
219000,Raub berf lle in Wohnungen,2000000,Hamburg,insg.,72,41,31,0,0,0,0,0,0,0,0,0,3,0,3,5,5,0,47,25,22,17,11,6,64,36,28,2020
219000,Raub berf lle in Wohnungen,5915000,Hamm,voll.,5,4,1,0,0,0,0,0,0,0,0,0,0,0,0,0,0,0,4,4,0,1,0,1,5,4,1,2020
219000,Raub berf lle in Wohnungen,5915000,Hamm,vers.,1,1,0,0,0,0,0,0,0,0,0,0,0,0,0,0,0,0,1,1,0,0,0,0,1,1,0,2020
219000,Raub berf lle in Wohnungen,5915000,Hamm,insg.,6,5,1,0,0,0,0,0,0,0,0,0,0,0,0,0,0,0,5,5,0,1,0,1,6,5,1,2020
219000,Raub berf lle in Wohnungen,3241001,Hannover,voll.,37,20,17,0,0,0,1,0,1,1,0,1,1,1,0,9,8,1,16,9,7,10,2,8,26,11,15,2020
219000,Raub berf lle in Wohnungen,3241001,Hannover,vers.,6,2,4,0,0,0,0,0,0,0,0,0,1,1,0,0,0,0,2,1,1,3,0,3,5,1,4,2020
219000,Raub berf lle in Wohnungen,3241001,Hannover,insg.,43,22,21,0,0,0,1,0,1,1,0,1,2,2,0,9,8,1,18,10,8,13,2,11,31,12,19,2020
219000,Raub berf lle in Wohnungen,8221000,Heidelberg,voll.,1,1,0,0,0,0,0,0,0,0,0,0,0,0,0,0,0,0,1,1,0,0,0,0,1,1,0,2020
219000,Raub berf lle in Wohnungen,8221000,Heidelberg,vers.,1,1,0,0,0,0,0,0,0,0,0,0,0,0,0,0,0,0,0,0,0,1,1,0,1,1,0,2020
219000,Raub berf lle in Wohnungen,8221000,Heidelberg,insg.,2,2,0,0,0,0,0,0,0,0,0,0,0,0,0,0,0,0,1,1,0,1,1,0,2,2,0,2020
219000,Raub berf lle in Wohnungen,8121000,Heilbronn,voll.,2,1,1,0,0,0,1,1,0,1,1,0,0,0,0,0,0,0,1,0,1,0,0,0,1,0,1,2020
219000,Raub berf lle in Wohnungen,8121000,Heilbronn,vers.,3,2,1,0,0,0,0,0,0,0,0,0,0,0,0,0,0,0,3,2,1,0,0,0,3,2,1,2020
219000,Raub berf lle in Wohnungen,8121000,Heilbronn,insg.,5,3,2,0,0,0,1,1,0,1,1,0,0,0,0,0,0,0,4,2,2,0,0,0,4,2,2,2020
219000,Raub berf lle in Wohnungen,5916000,Herne,voll.,4,2,2,0,0,0,0,0,0,0,0,0,0,0,0,0,0,0,4,2,2,0,0,0,4,2,2,2020
219000,Raub berf lle in Wohnungen,5916000,Herne,vers.,2,2,0,0,0,0,0,0,0,0,0,0,0,0,0,1,1,0,0,0,0,1,1,0,1,1,0,2020
219000,Raub berf lle in Wohnungen,5916000,Herne,insg.,6,4,2,0,0,0,0,0,0,0,0,0,0,0,0,1,1,0,4,2,2,1,1,0,5,3,2,2020
219000,Raub berf lle in Wohnungen,3254021,Hildesheim,voll.,12,10,2,0,0,0,0,0,0,0,0,0,0,0,0,5,5,0,6,5,1,1,0,1,7,5,2,2020
219000,Raub berf lle in Wohnungen,3254021,Hildesheim,vers.,0,0,0,0,0,0,0,0,0,0,0,0,0,0,0,0,0,0,0,0,0,0,0,0,0,0,0,2020
219000,Raub berf lle in Wohnungen,3254021,Hildesheim,insg.,12,10,2,0,0,0,0,0,0,0,0,0,0,0,0,5,5,0,6,5,1,1,0,1,7,5,2,2020
219000,Raub berf lle in Wohnungen,9161000,Ingolstadt,voll.,1,0,1,0,0,0,0,0,0,0,0,0,0,0,0,0,0,0,1,0,1,0,0,0,1,0,1,2020
219000,Raub berf lle in Wohnungen,9161000,Ingolstadt,vers.,1,1,0,0,0,0,0,0,0,0,0,0,0,0,0,0,0,0,1,1,0,0,0,0,1,1,0,2020
219000,Raub berf lle in Wohnungen,9161000,Ingolstadt,insg.,2,1,1,0,0,0,0,0,0,0,0,0,0,0,0,0,0,0,2,1,1,0,0,0,2,1,1,2020
219000,Raub berf lle in Wohnungen,16053000,Jena,voll.,2,2,0,0,0,0,0,0,0,0,0,0,0,0,0,1,1,0,1,1,0,0,0,0,1,1,0,2020
219000,Raub berf lle in Wohnungen,16053000,Jena,vers.,0,0,0,0,0,0,0,0,0,0,0,0,0,0,0,0,0,0,0,0,0,0,0,0,0,0,0,2020
219000,Raub berf lle in Wohnungen,16053000,Jena,insg.,2,2,0,0,0,0,0,0,0,0,0,0,0,0,0,1,1,0,1,1,0,0,0,0,1,1,0,2020
219000,Raub berf lle in Wohnungen,7312000,Kaiserslautern,voll.,6,4,2,0,0,0,0,0,0,0,0,0,0,0,0,0,0,0,5,4,1,1,0,1,6,4,2,2020
219000,Raub berf lle in Wohnungen,7312000,Kaiserslautern,vers.,5,1,4,0,0,0,0,0,0,0,0,0,0,0,0,0,0,0,2,0,2,3,1,2,5,1,4,2020
219000,Raub berf lle in Wohnungen,7312000,Kaiserslautern,insg.,11,5,6,0,0,0,0,0,0,0,0,0,0,0,0,0,0,0,7,4,3,4,1,3,11,5,6,2020
219000,Raub berf lle in Wohnungen,8212000,Karlsruhe,voll.,10,8,2,0,0,0,0,0,0,0,0,0,0,0,0,1,1,0,5,5,0,4,2,2,9,7,2,2020
219000,Raub berf lle in Wohnungen,8212000,Karlsruhe,vers.,0,0,0,0,0,0,0,0,0,0,0,0,0,0,0,0,0,0,0,0,0,0,0,0,0,0,0,2020
219000,Raub berf lle in Wohnungen,8212000,Karlsruhe,insg.,10,8,2,0,0,0,0,0,0,0,0,0,0,0,0,1,1,0,5,5,0,4,2,2,9,7,2,2020
219000,Raub berf lle in Wohnungen,6611000,Kassel,voll.,12,8,4,1,1,0,0,0,0,1,1,0,0,0,0,0,0,0,11,7,4,0,0,0,11,7,4,2020
219000,Raub berf lle in Wohnungen,6611000,Kassel,vers.,1,0,1,0,0,0,0,0,0,0,0,0,0,0,0,0,0,0,1,0,1,0,0,0,1,0,1,2020
219000,Raub berf lle in Wohnungen,6611000,Kassel,insg.,13,8,5,1,1,0,0,0,0,1,1,0,0,0,0,0,0,0,12,7,5,0,0,0,12,7,5,2020
219000,Raub berf lle in Wohnungen,1002000,Kiel,voll.,32,22,10,0,0,0,0,0,0,0,0,0,0,0,0,3,3,0,23,18,5,6,1,5,29,19,10,2020
219000,Raub berf lle in Wohnungen,1002000,Kiel,vers.,10,7,3,0,0,0,0,0,0,0,0,0,0,0,0,1,0,1,8,7,1,1,0,1,9,7,2,2020
219000,Raub berf lle in Wohnungen,1002000,Kiel,insg.,42,29,13,0,0,0,0,0,0,0,0,0,0,0,0,4,3,1,31,25,6,7,1,6,38,26,12,2020
219000,Raub berf lle in Wohnungen,7111000,Koblenz,voll.,2,1,1,0,0,0,0,0,0,0,0,0,1,1,0,0,0,0,1,0,1,0,0,0,1,0,1,2020
219000,Raub berf lle in Wohnungen,7111000,Koblenz,vers.,1,1,0,0,0,0,0,0,0,0,0,0,0,0,0,1,1,0,0,0,0,0,0,0,0,0,0,2020
219000,Raub berf lle in Wohnungen,7111000,Koblenz,insg.,3,2,1,0,0,0,0,0,0,0,0,0,1,1,0,1,1,0,1,0,1,0,0,0,1,0,1,2020
219000,Raub berf lle in Wohnungen,5315000,K ln,voll.,54,30,24,0,0,0,0,0,0,0,0,0,3,3,0,1,1,0,37,18,19,13,8,5,50,26,24,2020
219000,Raub berf lle in Wohnungen,5315000,K ln,vers.,13,9,4,0,0,0,0,0,0,0,0,0,0,0,0,1,1,0,8,6,2,4,2,2,12,8,4,2020
219000,Raub berf lle in Wohnungen,5315000,K ln,insg.,67,39,28,0,0,0,0,0,0,0,0,0,3,3,0,2,2,0,45,24,21,17,10,7,62,34,28,2020
219000,Raub berf lle in Wohnungen,5114000,Krefeld,voll.,14,11,3,0,0,0,0,0,0,0,0,0,0,0,0,2,2,0,11,8,3,1,1,0,12,9,3,2020
219000,Raub berf lle in Wohnungen,5114000,Krefeld,vers.,3,1,2,0,0,0,0,0,0,0,0,0,0,0,0,0,0,0,3,1,2,0,0,0,3,1,2,2020
219000,Raub berf lle in Wohnungen,5114000,Krefeld,insg.,17,12,5,0,0,0,0,0,0,0,0,0,0,0,0,2,2,0,14,9,5,1,1,0,15,10,5,2020
219000,Raub berf lle in Wohnungen,14713000,Leipzig,voll.,24,14,10,0,0,0,0,0,0,0,0,0,0,0,0,4,3,1,17,10,7,3,1,2,20,11,9,2020
219000,Raub berf lle in Wohnungen,14713000,Leipzig,vers.,1,1,0,0,0,0,0,0,0,0,0,0,0,0,0,0,0,0,1,1,0,0,0,0,1,1,0,2020
219000,Raub berf lle in Wohnungen,14713000,Leipzig,insg.,25,15,10,0,0,0,0,0,0,0,0,0,0,0,0,4,3,1,18,11,7,3,1,2,21,12,9,2020
219000,Raub berf lle in Wohnungen,5316000,Leverkusen,voll.,5,4,1,0,0,0,0,0,0,0,0,0,0,0,0,0,0,0,5,4,1,0,0,0,5,4,1,2020
219000,Raub berf lle in Wohnungen,5316000,Leverkusen,vers.,3,1,2,0,0,0,0,0,0,0,0,0,0,0,0,0,0,0,1,0,1,2,1,1,3,1,2,2020
219000,Raub berf lle in Wohnungen,5316000,Leverkusen,insg.,8,5,3,0,0,0,0,0,0,0,0,0,0,0,0,0,0,0,6,4,2,2,1,1,8,5,3,2020
219000,Raub berf lle in Wohnungen,1003000,L beck,voll.,10,8,2,0,0,0,0,0,0,0,0,0,0,0,0,0,0,0,7,7,0,3,1,2,10,8,2,2020
219000,Raub berf lle in Wohnungen,1003000,L beck,vers.,4,2,2,0,0,0,0,0,0,0,0,0,0,0,0,1,0,1,1,1,0,2,1,1,3,2,1,2020
219000,Raub berf lle in Wohnungen,1003000,L beck,insg.,14,10,4,0,0,0,0,0,0,0,0,0,0,0,0,1,0,1,8,8,0,5,2,3,13,10,3,2020
219000,Raub berf lle in Wohnungen,7314000,Ludwigshafen am Rhein,voll.,13,10,3,0,0,0,0,0,0,0,0,0,0,0,0,1,1,0,9,8,1,3,1,2,12,9,3,2020
219000,Raub berf lle in Wohnungen,7314000,Ludwigshafen am Rhein,vers.,0,0,0,0,0,0,0,0,0,0,0,0,0,0,0,0,0,0,0,0,0,0,0,0,0,0,0,2020
219000,Raub berf lle in Wohnungen,7314000,Ludwigshafen am Rhein,insg.,13,10,3,0,0,0,0,0,0,0,0,0,0,0,0,1,1,0,9,8,1,3,1,2,12,9,3,2020
219000,Raub berf lle in Wohnungen,15003000,Magdeburg,voll.,8,7,1,0,0,0,0,0,0,0,0,0,1,1,0,3,3,0,2,2,0,2,1,1,4,3,1,2020
219000,Raub berf lle in Wohnungen,15003000,Magdeburg,vers.,3,1,2,0,0,0,0,0,0,0,0,0,1,1,0,1,0,1,1,0,1,0,0,0,1,0,1,2020
219000,Raub berf lle in Wohnungen,15003000,Magdeburg,insg.,11,8,3,0,0,0,0,0,0,0,0,0,2,2,0,4,3,1,3,2,1,2,1,1,5,3,2,2020
219000,Raub berf lle in Wohnungen,7315000,Mainz,voll.,5,5,0,0,0,0,0,0,0,0,0,0,0,0,0,0,0,0,5,5,0,0,0,0,5,5,0,2020
219000,Raub berf lle in Wohnungen,7315000,Mainz,vers.,0,0,0,0,0,0,0,0,0,0,0,0,0,0,0,0,0,0,0,0,0,0,0,0,0,0,0,2020
219000,Raub berf lle in Wohnungen,7315000,Mainz,insg.,5,5,0,0,0,0,0,0,0,0,0,0,0,0,0,0,0,0,5,5,0,0,0,0,5,5,0,2020
219000,Raub berf lle in Wohnungen,8222000,Mannheim,voll.,12,7,5,0,0,0,0,0,0,0,0,0,0,0,0,1,0,1,9,6,3,2,1,1,11,7,4,2020
219000,Raub berf lle in Wohnungen,8222000,Mannheim,vers.,1,1,0,0,0,0,0,0,0,0,0,0,0,0,0,0,0,0,1,1,0,0,0,0,1,1,0,2020
219000,Raub berf lle in Wohnungen,8222000,Mannheim,insg.,13,8,5,0,0,0,0,0,0,0,0,0,0,0,0,1,0,1,10,7,3,2,1,1,12,8,4,2020
219000,Raub berf lle in Wohnungen,5170024,Moers,voll.,3,2,1,0,0,0,0,0,0,0,0,0,0,0,0,1,1,0,0,0,0,2,1,1,2,1,1,2020
219000,Raub berf lle in Wohnungen,5170024,Moers,vers.,0,0,0,0,0,0,0,0,0,0,0,0,0,0,0,0,0,0,0,0,0,0,0,0,0,0,0,2020
219000,Raub berf lle in Wohnungen,5170024,Moers,insg.,3,2,1,0,0,0,0,0,0,0,0,0,0,0,0,1,1,0,0,0,0,2,1,1,2,1,1,2020
219000,Raub berf lle in Wohnungen,5116000,M nchengladbach,voll.,7,3,4,0,0,0,0,0,0,0,0,0,0,0,0,0,0,0,6,3,3,1,0,1,7,3,4,2020
219000,Raub berf lle in Wohnungen,5116000,M nchengladbach,vers.,0,0,0,0,0,0,0,0,0,0,0,0,0,0,0,0,0,0,0,0,0,0,0,0,0,0,0,2020
219000,Raub berf lle in Wohnungen,5116000,M nchengladbach,insg.,7,3,4,0,0,0,0,0,0,0,0,0,0,0,0,0,0,0,6,3,3,1,0,1,7,3,4,2020
219000,Raub berf lle in Wohnungen,5117000,M lheim an der Ruhr,voll.,4,2,2,0,0,0,0,0,0,0,0,0,0,0,0,0,0,0,2,1,1,2,1,1,4,2,2,2020
219000,Raub berf lle in Wohnungen,5117000,M lheim an der Ruhr,vers.,0,0,0,0,0,0,0,0,0,0,0,0,0,0,0,0,0,0,0,0,0,0,0,0,0,0,0,2020
219000,Raub berf lle in Wohnungen,5117000,M lheim an der Ruhr,insg.,4,2,2,0,0,0,0,0,0,0,0,0,0,0,0,0,0,0,2,1,1,2,1,1,4,2,2,2020
219000,Raub berf lle in Wohnungen,9162000,M nchen,voll.,20,12,8,0,0,0,0,0,0,0,0,0,0,0,0,0,0,0,17,10,7,3,2,1,20,12,8,2020
219000,Raub berf lle in Wohnungen,9162000,M nchen,vers.,4,3,1,0,0,0,0,0,0,0,0,0,0,0,0,0,0,0,4,3,1,0,0,0,4,3,1,2020
219000,Raub berf lle in Wohnungen,9162000,M nchen,insg.,24,15,9,0,0,0,0,0,0,0,0,0,0,0,0,0,0,0,21,13,8,3,2,1,24,15,9,2020
219000,Raub berf lle in Wohnungen,5515000,M nster,voll.,5,3,2,0,0,0,0,0,0,0,0,0,0,0,0,2,2,0,3,1,2,0,0,0,3,1,2,2020
219000,Raub berf lle in Wohnungen,5515000,M nster,vers.,1,1,0,0,0,0,0,0,0,0,0,0,0,0,0,0,0,0,0,0,0,1,1,0,1,1,0,2020
219000,Raub berf lle in Wohnungen,5515000,M nster,insg.,6,4,2,0,0,0,0,0,0,0,0,0,0,0,0,2,2,0,3,1,2,1,1,0,4,2,2,2020
219000,Raub berf lle in Wohnungen,5162024,Neuss,voll.,7,4,3,0,0,0,0,0,0,0,0,0,1,1,0,0,0,0,5,2,3,1,1,0,6,3,3,2020
219000,Raub berf lle in Wohnungen,5162024,Neuss,vers.,4,2,2,0,0,0,0,0,0,0,0,0,0,0,0,0,0,0,4,2,2,0,0,0,4,2,2,2020
219000,Raub berf lle in Wohnungen,5162024,Neuss,insg.,11,6,5,0,0,0,0,0,0,0,0,0,1,1,0,0,0,0,9,4,5,1,1,0,10,5,5,2020
219000,Raub berf lle in Wohnungen,9564000,N rnberg,voll.,12,8,4,0,0,0,0,0,0,0,0,0,0,0,0,0,0,0,10,8,2,2,0,2,12,8,4,2020
219000,Raub berf lle in Wohnungen,9564000,N rnberg,vers.,4,1,3,0,0,0,0,0,0,0,0,0,0,0,0,0,0,0,4,1,3,0,0,0,4,1,3,2020
219000,Raub berf lle in Wohnungen,9564000,N rnberg,insg.,16,9,7,0,0,0,0,0,0,0,0,0,0,0,0,0,0,0,14,9,5,2,0,2,16,9,7,2020
219000,Raub berf lle in Wohnungen,5119000,Oberhausen,voll.,14,9,5,0,0,0,0,0,0,0,0,0,3,3,0,2,2,0,7,4,3,2,0,2,9,4,5,2020
219000,Raub berf lle in Wohnungen,5119000,Oberhausen,vers.,0,0,0,0,0,0,0,0,0,0,0,0,0,0,0,0,0,0,0,0,0,0,0,0,0,0,0,2020
219000,Raub berf lle in Wohnungen,5119000,Oberhausen,insg.,14,9,5,0,0,0,0,0,0,0,0,0,3,3,0,2,2,0,7,4,3,2,0,2,9,4,5,2020
219000,Raub berf lle in Wohnungen,6413000,Offenbach am Main,voll.,3,1,2,0,0,0,0,0,0,0,0,0,0,0,0,0,0,0,2,1,1,1,0,1,3,1,2,2020
219000,Raub berf lle in Wohnungen,6413000,Offenbach am Main,vers.,1,1,0,0,0,0,0,0,0,0,0,0,0,0,0,0,0,0,1,1,0,0,0,0,1,1,0,2020
219000,Raub berf lle in Wohnungen,6413000,Offenbach am Main,insg.,4,2,2,0,0,0,0,0,0,0,0,0,0,0,0,0,0,0,3,2,1,1,0,1,4,2,2,2020
219000,Raub berf lle in Wohnungen,3403000,Oldenburg (Oldenburg),voll.,9,4,5,0,0,0,0,0,0,0,0,0,0,0,0,2,1,1,5,3,2,2,0,2,7,3,4,2020
219000,Raub berf lle in Wohnungen,3403000,Oldenburg (Oldenburg),vers.,1,1,0,0,0,0,0,0,0,0,0,0,0,0,0,0,0,0,1,1,0,0,0,0,1,1,0,2020
219000,Raub berf lle in Wohnungen,3403000,Oldenburg (Oldenburg),insg.,10,5,5,0,0,0,0,0,0,0,0,0,0,0,0,2,1,1,6,4,2,2,0,2,8,4,4,2020
219000,Raub berf lle in Wohnungen,3404000,Osnabr ck,voll.,13,10,3,0,0,0,0,0,0,0,0,0,0,0,0,1,1,0,10,8,2,2,1,1,12,9,3,2020
219000,Raub berf lle in Wohnungen,3404000,Osnabr ck,vers.,2,1,1,0,0,0,0,0,0,0,0,0,0,0,0,0,0,0,1,1,0,1,0,1,2,1,1,2020
219000,Raub berf lle in Wohnungen,3404000,Osnabr ck,insg.,15,11,4,0,0,0,0,0,0,0,0,0,0,0,0,1,1,0,11,9,2,3,1,2,14,10,4,2020
219000,Raub berf lle in Wohnungen,5774032,Paderborn,voll.,3,3,0,0,0,0,0,0,0,0,0,0,0,0,0,1,1,0,2,2,0,0,0,0,2,2,0,2020
219000,Raub berf lle in Wohnungen,5774032,Paderborn,vers.,3,3,0,0,0,0,0,0,0,0,0,0,0,0,0,0,0,0,3,3,0,0,0,0,3,3,0,2020
219000,Raub berf lle in Wohnungen,5774032,Paderborn,insg.,6,6,0,0,0,0,0,0,0,0,0,0,0,0,0,1,1,0,5,5,0,0,0,0,5,5,0,2020
219000,Raub berf lle in Wohnungen,8231000,Pforzheim,voll.,2,1,1,0,0,0,0,0,0,0,0,0,0,0,0,0,0,0,2,1,1,0,0,0,2,1,1,2020
219000,Raub berf lle in Wohnungen,8231000,Pforzheim,vers.,0,0,0,0,0,0,0,0,0,0,0,0,0,0,0,0,0,0,0,0,0,0,0,0,0,0,0,2020
219000,Raub berf lle in Wohnungen,8231000,Pforzheim,insg.,2,1,1,0,0,0,0,0,0,0,0,0,0,0,0,0,0,0,2,1,1,0,0,0,2,1,1,2020
219000,Raub berf lle in Wohnungen,12054000,Potsdam,voll.,3,2,1,0,0,0,0,0,0,0,0,0,0,0,0,0,0,0,2,2,0,1,0,1,3,2,1,2020
219000,Raub berf lle in Wohnungen,12054000,Potsdam,vers.,4,4,0,0,0,0,0,0,0,0,0,0,0,0,0,1,1,0,3,3,0,0,0,0,3,3,0,2020
219000,Raub berf lle in Wohnungen,12054000,Potsdam,insg.,7,6,1,0,0,0,0,0,0,0,0,0,0,0,0,1,1,0,5,5,0,1,0,1,6,5,1,2020
219000,Raub berf lle in Wohnungen,5562032,Recklinghausen,voll.,5,3,2,0,0,0,0,0,0,0,0,0,0,0,0,1,1,0,1,1,0,3,1,2,4,2,2,2020
219000,Raub berf lle in Wohnungen,5562032,Recklinghausen,vers.,4,0,4,0,0,0,0,0,0,0,0,0,0,0,0,0,0,0,0,0,0,4,0,4,4,0,4,2020
219000,Raub berf lle in Wohnungen,5562032,Recklinghausen,insg.,9,3,6,0,0,0,0,0,0,0,0,0,0,0,0,1,1,0,1,1,0,7,1,6,8,2,6,2020
219000,Raub berf lle in Wohnungen,9362000,Regensburg,voll.,4,1,3,0,0,0,0,0,0,0,0,0,1,0,1,1,1,0,2,0,2,0,0,0,2,0,2,2020
219000,Raub berf lle in Wohnungen,9362000,Regensburg,vers.,1,1,0,0,0,0,0,0,0,0,0,0,0,0,0,1,1,0,0,0,0,0,0,0,0,0,0,2020
219000,Raub berf lle in Wohnungen,9362000,Regensburg,insg.,5,2,3,0,0,0,0,0,0,0,0,0,1,0,1,2,2,0,2,0,2,0,0,0,2,0,2,2020
219000,Raub berf lle in Wohnungen,5120000,Remscheid,voll.,9,5,4,0,0,0,0,0,0,0,0,0,0,0,0,2,2,0,5,1,4,2,2,0,7,3,4,2020
219000,Raub berf lle in Wohnungen,5120000,Remscheid,vers.,0,0,0,0,0,0,0,0,0,0,0,0,0,0,0,0,0,0,0,0,0,0,0,0,0,0,0,2020
219000,Raub berf lle in Wohnungen,5120000,Remscheid,insg.,9,5,4,0,0,0,0,0,0,0,0,0,0,0,0,2,2,0,5,1,4,2,2,0,7,3,4,2020
219000,Raub berf lle in Wohnungen,8415061,Reutlingen,voll.,0,0,0,0,0,0,0,0,0,0,0,0,0,0,0,0,0,0,0,0,0,0,0,0,0,0,0,2020
219000,Raub berf lle in Wohnungen,8415061,Reutlingen,vers.,1,0,1,0,0,0,0,0,0,0,0,0,0,0,0,0,0,0,1,0,1,0,0,0,1,0,1,2020
219000,Raub berf lle in Wohnungen,8415061,Reutlingen,insg.,1,0,1,0,0,0,0,0,0,0,0,0,0,0,0,0,0,0,1,0,1,0,0,0,1,0,1,2020
219000,Raub berf lle in Wohnungen,13003000,Rostock,voll.,9,8,1,0,0,0,0,0,0,0,0,0,1,1,0,4,4,0,3,2,1,1,1,0,4,3,1,2020
219000,Raub berf lle in Wohnungen,13003000,Rostock,vers.,3,1,2,0,0,0,0,0,0,0,0,0,0,0,0,0,0,0,3,1,2,0,0,0,3,1,2,2020
219000,Raub berf lle in Wohnungen,13003000,Rostock,insg.,12,9,3,0,0,0,0,0,0,0,0,0,1,1,0,4,4,0,6,3,3,1,1,0,7,4,3,2020
219000,Raub berf lle in Wohnungen,10041100,Saarbr cken,voll.,9,6,3,0,0,0,0,0,0,0,0,0,0,0,0,0,0,0,9,6,3,0,0,0,9,6,3,2020
219000,Raub berf lle in Wohnungen,10041100,Saarbr cken,vers.,1,1,0,0,0,0,0,0,0,0,0,0,0,0,0,0,0,0,0,0,0,1,1,0,1,1,0,2020
219000,Raub berf lle in Wohnungen,10041100,Saarbr cken,insg.,10,7,3,0,0,0,0,0,0,0,0,0,0,0,0,0,0,0,9,6,3,1,1,0,10,7,3,2020
219000,Raub berf lle in Wohnungen,3102000,Salzgitter,voll.,1,0,1,0,0,0,0,0,0,0,0,0,0,0,0,0,0,0,1,0,1,0,0,0,1,0,1,2020
219000,Raub berf lle in Wohnungen,3102000,Salzgitter,vers.,0,0,0,0,0,0,0,0,0,0,0,0,0,0,0,0,0,0,0,0,0,0,0,0,0,0,0,2020
219000,Raub berf lle in Wohnungen,3102000,Salzgitter,insg.,1,0,1,0,0,0,0,0,0,0,0,0,0,0,0,0,0,0,1,0,1,0,0,0,1,0,1,2020
219000,Raub berf lle in Wohnungen,13004000,Schwerin,voll.,8,7,1,0,0,0,0,0,0,0,0,0,0,0,0,2,2,0,6,5,1,0,0,0,6,5,1,2020
219000,Raub berf lle in Wohnungen,13004000,Schwerin,vers.,1,0,1,0,0,0,0,0,0,0,0,0,0,0,0,0,0,0,1,0,1,0,0,0,1,0,1,2020
219000,Raub berf lle in Wohnungen,13004000,Schwerin,insg.,9,7,2,0,0,0,0,0,0,0,0,0,0,0,0,2,2,0,7,5,2,0,0,0,7,5,2,2020
219000,Raub berf lle in Wohnungen,5970040,Siegen,voll.,10,7,3,0,0,0,0,0,0,0,0,0,0,0,0,0,0,0,8,5,3,2,2,0,10,7,3,2020
219000,Raub berf lle in Wohnungen,5970040,Siegen,vers.,0,0,0,0,0,0,0,0,0,0,0,0,0,0,0,0,0,0,0,0,0,0,0,0,0,0,0,2020
219000,Raub berf lle in Wohnungen,5970040,Siegen,insg.,10,7,3,0,0,0,0,0,0,0,0,0,0,0,0,0,0,0,8,5,3,2,2,0,10,7,3,2020
219000,Raub berf lle in Wohnungen,5122000,Solingen,voll.,3,2,1,0,0,0,0,0,0,0,0,0,0,0,0,1,1,0,1,1,0,1,0,1,2,1,1,2020
219000,Raub berf lle in Wohnungen,5122000,Solingen,vers.,0,0,0,0,0,0,0,0,0,0,0,0,0,0,0,0,0,0,0,0,0,0,0,0,0,0,0,2020
219000,Raub berf lle in Wohnungen,5122000,Solingen,insg.,3,2,1,0,0,0,0,0,0,0,0,0,0,0,0,1,1,0,1,1,0,1,0,1,2,1,1,2020
219000,Raub berf lle in Wohnungen,8111000,Stuttgart,voll.,18,6,12,0,0,0,0,0,0,0,0,0,0,0,0,0,0,0,12,6,6,6,0,6,18,6,12,2020
219000,Raub berf lle in Wohnungen,8111000,Stuttgart,vers.,9,6,3,0,0,0,0,0,0,0,0,0,0,0,0,1,1,0,7,5,2,1,0,1,8,5,3,2020
219000,Raub berf lle in Wohnungen,8111000,Stuttgart,insg.,27,12,15,0,0,0,0,0,0,0,0,0,0,0,0,1,1,0,19,11,8,7,0,7,26,11,15,2020
219000,Raub berf lle in Wohnungen,7211000,Trier,voll.,4,3,1,0,0,0,0,0,0,0,0,0,0,0,0,0,0,0,4,3,1,0,0,0,4,3,1,2020
219000,Raub berf lle in Wohnungen,7211000,Trier,vers.,2,2,0,0,0,0,0,0,0,0,0,0,0,0,0,0,0,0,2,2,0,0,0,0,2,2,0,2020
219000,Raub berf lle in Wohnungen,7211000,Trier,insg.,6,5,1,0,0,0,0,0,0,0,0,0,0,0,0,0,0,0,6,5,1,0,0,0,6,5,1,2020
219000,Raub berf lle in Wohnungen,8421000,Ulm,voll.,5,3,2,0,0,0,0,0,0,0,0,0,0,0,0,2,2,0,3,1,2,0,0,0,3,1,2,2020
219000,Raub berf lle in Wohnungen,8421000,Ulm,vers.,0,0,0,0,0,0,0,0,0,0,0,0,0,0,0,0,0,0,0,0,0,0,0,0,0,0,0,2020
219000,Raub berf lle in Wohnungen,8421000,Ulm,insg.,5,3,2,0,0,0,0,0,0,0,0,0,0,0,0,2,2,0,3,1,2,0,0,0,3,1,2,2020
219000,Raub berf lle in Wohnungen,6414000,Wiesbaden,voll.,11,7,4,0,0,0,0,0,0,0,0,0,2,2,0,0,0,0,6,3,3,3,2,1,9,5,4,2020
219000,Raub berf lle in Wohnungen,6414000,Wiesbaden,vers.,2,1,1,0,0,0,0,0,0,0,0,0,0,0,0,0,0,0,1,1,0,1,0,1,2,1,1,2020
219000,Raub berf lle in Wohnungen,6414000,Wiesbaden,insg.,13,8,5,0,0,0,0,0,0,0,0,0,2,2,0,0,0,0,7,4,3,4,2,2,11,6,5,2020
219000,Raub berf lle in Wohnungen,3103000,Wolfsburg,voll.,2,0,2,0,0,0,0,0,0,0,0,0,1,0,1,0,0,0,0,0,0,1,0,1,1,0,1,2020
219000,Raub berf lle in Wohnungen,3103000,Wolfsburg,vers.,0,0,0,0,0,0,0,0,0,0,0,0,0,0,0,0,0,0,0,0,0,0,0,0,0,0,0,2020
219000,Raub berf lle in Wohnungen,3103000,Wolfsburg,insg.,2,0,2,0,0,0,0,0,0,0,0,0,1,0,1,0,0,0,0,0,0,1,0,1,1,0,1,2020
219000,Raub berf lle in Wohnungen,5124000,Wuppertal,voll.,16,8,8,0,0,0,0,0,0,0,0,0,1,1,0,3,1,2,11,6,5,1,0,1,12,6,6,2020
219000,Raub berf lle in Wohnungen,5124000,Wuppertal,vers.,2,2,0,0,0,0,0,0,0,0,0,0,0,0,0,0,0,0,0,0,0,2,2,0,2,2,0,2020
219000,Raub berf lle in Wohnungen,5124000,Wuppertal,insg.,18,10,8,0,0,0,0,0,0,0,0,0,1,1,0,3,1,2,11,6,5,3,2,1,14,8,6,2020
219000,Raub berf lle in Wohnungen,9663000,W rzburg,voll.,0,0,0,0,0,0,0,0,0,0,0,0,0,0,0,0,0,0,0,0,0,0,0,0,0,0,0,2020
219000,Raub berf lle in Wohnungen,9663000,W rzburg,vers.,0,0,0,0,0,0,0,0,0,0,0,0,0,0,0,0,0,0,0,0,0,0,0,0,0,0,0,2020
219000,Raub berf lle in Wohnungen,9663000,W rzburg,insg.,0,0,0,0,0,0,0,0,0,0,0,0,0,0,0,0,0,0,0,0,0,0,0,0,0,0,0,2020
222000,"Gef hrliche und schwere K rperverletzung, Verst mmelung weiblicher Genitalien    224, 226, 226a, 231 StGB",5334002,Aachen,voll.,682,499,183,11,5,6,16,12,4,27,17,10,58,41,17,72,59,13,488,359,129,37,23,14,525,382,143,2020
222000,"Gef hrliche und schwere K rperverletzung, Verst mmelung weiblicher Genitalien    224, 226, 226a, 231 StGB",5334002,Aachen,vers.,116,73,43,1,1,0,2,1,1,3,2,1,10,7,3,6,3,3,82,53,29,15,8,7,97,61,36,2020
222000,"Gef hrliche und schwere K rperverletzung, Verst mmelung weiblicher Genitalien    224, 226, 226a, 231 StGB",5334002,Aachen,insg.,798,572,226,12,6,6,18,13,5,30,19,11,68,48,20,78,62,16,570,412,158,52,31,21,622,443,179,2020
222000,"Gef hrliche und schwere K rperverletzung, Verst mmelung weiblicher Genitalien    224, 226, 226a, 231 StGB",9761000,Augsburg,voll.,596,468,128,2,1,1,28,17,11,30,18,12,51,38,13,88,71,17,394,320,74,33,21,12,427,341,86,2020
222000,"Gef hrliche und schwere K rperverletzung, Verst mmelung weiblicher Genitalien    224, 226, 226a, 231 StGB",9761000,Augsburg,vers.,176,126,50,0,0,0,2,2,0,2,2,0,19,12,7,16,13,3,131,91,40,8,8,0,139,99,40,2020
222000,"Gef hrliche und schwere K rperverletzung, Verst mmelung weiblicher Genitalien    224, 226, 226a, 231 StGB",9761000,Augsburg,insg.,772,594,178,2,1,1,30,19,11,32,20,12,70,50,20,104,84,20,525,411,114,41,29,12,566,440,126,2020
222000,"Gef hrliche und schwere K rperverletzung, Verst mmelung weiblicher Genitalien    224, 226, 226a, 231 StGB",5378004,Bergisch Gladbach,voll.,122,83,39,1,0,1,5,2,3,6,2,4,14,11,3,15,12,3,81,55,26,6,3,3,87,58,29,2020
222000,"Gef hrliche und schwere K rperverletzung, Verst mmelung weiblicher Genitalien    224, 226, 226a, 231 StGB",5378004,Bergisch Gladbach,vers.,38,25,13,0,0,0,0,0,0,0,0,0,4,2,2,3,0,3,29,21,8,2,2,0,31,23,8,2020
222000,"Gef hrliche und schwere K rperverletzung, Verst mmelung weiblicher Genitalien    224, 226, 226a, 231 StGB",5378004,Bergisch Gladbach,insg.,160,108,52,1,0,1,5,2,3,6,2,4,18,13,5,18,12,6,110,76,34,8,5,3,118,81,37,2020
222000,"Gef hrliche und schwere K rperverletzung, Verst mmelung weiblicher Genitalien    224, 226, 226a, 231 StGB",11000000,Berlin,voll.,10278,7875,2403,40,16,24,511,342,169,551,358,193,851,637,214,982,783,199,7427,5776,1651,467,321,146,7894,6097,1797,2020
222000,"Gef hrliche und schwere K rperverletzung, Verst mmelung weiblicher Genitalien    224, 226, 226a, 231 StGB",11000000,Berlin,vers.,2938,2182,756,38,21,17,85,52,33,123,73,50,110,74,36,138,102,36,2418,1848,570,149,85,64,2567,1933,634,2020
222000,"Gef hrliche und schwere K rperverletzung, Verst mmelung weiblicher Genitalien    224, 226, 226a, 231 StGB",11000000,Berlin,insg.,13216,10057,3159,78,37,41,596,394,202,674,431,243,961,711,250,1120,885,235,9845,7624,2221,616,406,210,10461,8030,2431,2020
222000,"Gef hrliche und schwere K rperverletzung, Verst mmelung weiblicher Genitalien    224, 226, 226a, 231 StGB",5711000,Bielefeld,voll.,579,401,178,1,1,0,23,16,7,24,17,7,59,39,20,68,47,21,397,276,121,31,22,9,428,298,130,2020
222000,"Gef hrliche und schwere K rperverletzung, Verst mmelung weiblicher Genitalien    224, 226, 226a, 231 StGB",5711000,Bielefeld,vers.,112,85,27,0,0,0,1,1,0,1,1,0,8,4,4,7,3,4,93,74,19,3,3,0,96,77,19,2020
222000,"Gef hrliche und schwere K rperverletzung, Verst mmelung weiblicher Genitalien    224, 226, 226a, 231 StGB",5711000,Bielefeld,insg.,691,486,205,1,1,0,24,17,7,25,18,7,67,43,24,75,50,25,490,350,140,34,25,9,524,375,149,2020
222000,"Gef hrliche und schwere K rperverletzung, Verst mmelung weiblicher Genitalien    224, 226, 226a, 231 StGB",5911000,Bochum,voll.,869,575,294,3,3,0,27,18,9,30,21,9,94,65,29,145,81,64,562,381,181,38,27,11,600,408,192,2020
222000,"Gef hrliche und schwere K rperverletzung, Verst mmelung weiblicher Genitalien    224, 226, 226a, 231 StGB",5911000,Bochum,vers.,171,132,39,1,1,0,4,2,2,5,3,2,14,9,5,6,5,1,140,109,31,6,6,0,146,115,31,2020
222000,"Gef hrliche und schwere K rperverletzung, Verst mmelung weiblicher Genitalien    224, 226, 226a, 231 StGB",5911000,Bochum,insg.,1040,707,333,4,4,0,31,20,11,35,24,11,108,74,34,151,86,65,702,490,212,44,33,11,746,523,223,2020
222000,"Gef hrliche und schwere K rperverletzung, Verst mmelung weiblicher Genitalien    224, 226, 226a, 231 StGB",5314000,Bonn,voll.,808,592,216,5,2,3,35,22,13,40,24,16,72,44,28,96,77,19,563,421,142,37,26,11,600,447,153,2020
222000,"Gef hrliche und schwere K rperverletzung, Verst mmelung weiblicher Genitalien    224, 226, 226a, 231 StGB",5314000,Bonn,vers.,165,111,54,1,0,1,7,7,0,8,7,1,13,8,5,10,9,1,124,81,43,10,6,4,134,87,47,2020
222000,"Gef hrliche und schwere K rperverletzung, Verst mmelung weiblicher Genitalien    224, 226, 226a, 231 StGB",5314000,Bonn,insg.,973,703,270,6,2,4,42,29,13,48,31,17,85,52,33,106,86,20,687,502,185,47,32,15,734,534,200,2020
222000,"Gef hrliche und schwere K rperverletzung, Verst mmelung weiblicher Genitalien    224, 226, 226a, 231 StGB",5512000,Bottrop,voll.,198,152,46,0,0,0,5,2,3,5,2,3,21,18,3,23,20,3,136,103,33,13,9,4,149,112,37,2020
222000,"Gef hrliche und schwere K rperverletzung, Verst mmelung weiblicher Genitalien    224, 226, 226a, 231 StGB",5512000,Bottrop,vers.,32,22,10,0,0,0,0,0,0,0,0,0,2,2,0,3,3,0,24,15,9,3,2,1,27,17,10,2020
222000,"Gef hrliche und schwere K rperverletzung, Verst mmelung weiblicher Genitalien    224, 226, 226a, 231 StGB",5512000,Bottrop,insg.,230,174,56,0,0,0,5,2,3,5,2,3,23,20,3,26,23,3,160,118,42,16,11,5,176,129,47,2020
222000,"Gef hrliche und schwere K rperverletzung, Verst mmelung weiblicher Genitalien    224, 226, 226a, 231 StGB",3101000,Braunschweig,voll.,530,386,144,2,1,1,19,19,0,21,20,1,73,47,26,55,42,13,363,269,94,18,8,10,381,277,104,2020
222000,"Gef hrliche und schwere K rperverletzung, Verst mmelung weiblicher Genitalien    224, 226, 226a, 231 StGB",3101000,Braunschweig,vers.,93,63,30,2,0,2,4,1,3,6,1,5,1,0,1,15,11,4,67,48,19,4,3,1,71,51,20,2020
222000,"Gef hrliche und schwere K rperverletzung, Verst mmelung weiblicher Genitalien    224, 226, 226a, 231 StGB",3101000,Braunschweig,insg.,623,449,174,4,1,3,23,20,3,27,21,6,74,47,27,70,53,17,430,317,113,22,11,11,452,328,124,2020
222000,"Gef hrliche und schwere K rperverletzung, Verst mmelung weiblicher Genitalien    224, 226, 226a, 231 StGB",4011000,Bremen,voll.,1536,1154,382,11,5,6,42,26,16,53,31,22,185,130,55,178,148,30,1070,815,255,50,30,20,1120,845,275,2020
222000,"Gef hrliche und schwere K rperverletzung, Verst mmelung weiblicher Genitalien    224, 226, 226a, 231 StGB",4011000,Bremen,vers.,200,155,45,1,1,0,10,7,3,11,8,3,7,5,2,19,17,2,152,118,34,11,7,4,163,125,38,2020
222000,"Gef hrliche und schwere K rperverletzung, Verst mmelung weiblicher Genitalien    224, 226, 226a, 231 StGB",4011000,Bremen,insg.,1736,1309,427,12,6,6,52,33,19,64,39,25,192,135,57,197,165,32,1222,933,289,61,37,24,1283,970,313,2020
222000,"Gef hrliche und schwere K rperverletzung, Verst mmelung weiblicher Genitalien    224, 226, 226a, 231 StGB",4012000,Bremerhaven,voll.,441,324,117,1,1,0,14,7,7,15,8,7,43,32,11,40,28,12,329,247,82,14,9,5,343,256,87,2020
222000,"Gef hrliche und schwere K rperverletzung, Verst mmelung weiblicher Genitalien    224, 226, 226a, 231 StGB",4012000,Bremerhaven,vers.,33,25,8,2,1,1,0,0,0,2,1,1,1,1,0,5,4,1,23,17,6,2,2,0,25,19,6,2020
222000,"Gef hrliche und schwere K rperverletzung, Verst mmelung weiblicher Genitalien    224, 226, 226a, 231 StGB",4012000,Bremerhaven,insg.,474,349,125,3,2,1,14,7,7,17,9,8,44,33,11,45,32,13,352,264,88,16,11,5,368,275,93,2020
222000,"Gef hrliche und schwere K rperverletzung, Verst mmelung weiblicher Genitalien    224, 226, 226a, 231 StGB",14511000,Chemnitz,voll.,476,390,86,2,2,0,15,10,5,17,12,5,44,38,6,50,42,8,345,283,62,20,15,5,365,298,67,2020
222000,"Gef hrliche und schwere K rperverletzung, Verst mmelung weiblicher Genitalien    224, 226, 226a, 231 StGB",14511000,Chemnitz,vers.,105,77,28,1,1,0,3,2,1,4,3,1,5,2,3,20,15,5,66,50,16,10,7,3,76,57,19,2020
222000,"Gef hrliche und schwere K rperverletzung, Verst mmelung weiblicher Genitalien    224, 226, 226a, 231 StGB",14511000,Chemnitz,insg.,581,467,114,3,3,0,18,12,6,21,15,6,49,40,9,70,57,13,411,333,78,30,22,8,441,355,86,2020
222000,"Gef hrliche und schwere K rperverletzung, Verst mmelung weiblicher Genitalien    224, 226, 226a, 231 StGB",6411000,Darmstadt,voll.,313,237,76,1,1,0,10,9,1,11,10,1,22,14,8,33,28,5,235,178,57,12,7,5,247,185,62,2020
222000,"Gef hrliche und schwere K rperverletzung, Verst mmelung weiblicher Genitalien    224, 226, 226a, 231 StGB",6411000,Darmstadt,vers.,35,31,4,0,0,0,1,0,1,1,0,1,3,3,0,0,0,0,29,26,3,2,2,0,31,28,3,2020
222000,"Gef hrliche und schwere K rperverletzung, Verst mmelung weiblicher Genitalien    224, 226, 226a, 231 StGB",6411000,Darmstadt,insg.,348,268,80,1,1,0,11,9,2,12,10,2,25,17,8,33,28,5,264,204,60,14,9,5,278,213,65,2020
222000,"Gef hrliche und schwere K rperverletzung, Verst mmelung weiblicher Genitalien    224, 226, 226a, 231 StGB",5913000,Dortmund,voll.,1811,1313,498,8,4,4,83,55,28,91,59,32,160,109,51,210,160,50,1285,935,350,65,50,15,1350,985,365,2020
222000,"Gef hrliche und schwere K rperverletzung, Verst mmelung weiblicher Genitalien    224, 226, 226a, 231 StGB",5913000,Dortmund,vers.,333,242,91,0,0,0,11,7,4,11,7,4,20,8,12,34,29,5,249,186,63,19,12,7,268,198,70,2020
222000,"Gef hrliche und schwere K rperverletzung, Verst mmelung weiblicher Genitalien    224, 226, 226a, 231 StGB",5913000,Dortmund,insg.,2144,1555,589,8,4,4,94,62,32,102,66,36,180,117,63,244,189,55,1534,1121,413,84,62,22,1618,1183,435,2020
222000,"Gef hrliche und schwere K rperverletzung, Verst mmelung weiblicher Genitalien    224, 226, 226a, 231 StGB",14612000,Dresden,voll.,1250,973,277,5,2,3,73,39,34,78,41,37,129,97,32,148,112,36,853,695,158,42,28,14,895,723,172,2020
222000,"Gef hrliche und schwere K rperverletzung, Verst mmelung weiblicher Genitalien    224, 226, 226a, 231 StGB",14612000,Dresden,vers.,186,145,41,5,1,4,2,2,0,7,3,4,8,5,3,17,13,4,141,115,26,13,9,4,154,124,30,2020
222000,"Gef hrliche und schwere K rperverletzung, Verst mmelung weiblicher Genitalien    224, 226, 226a, 231 StGB",14612000,Dresden,insg.,1436,1118,318,10,3,7,75,41,34,85,44,41,137,102,35,165,125,40,994,810,184,55,37,18,1049,847,202,2020
222000,"Gef hrliche und schwere K rperverletzung, Verst mmelung weiblicher Genitalien    224, 226, 226a, 231 StGB",5112000,Duisburg,voll.,1227,849,378,7,4,3,102,73,29,109,77,32,115,79,36,95,70,25,843,583,260,65,40,25,908,623,285,2020
222000,"Gef hrliche und schwere K rperverletzung, Verst mmelung weiblicher Genitalien    224, 226, 226a, 231 StGB",5112000,Duisburg,vers.,241,157,84,2,0,2,11,5,6,13,5,8,17,13,4,18,12,6,177,116,61,16,11,5,193,127,66,2020
222000,"Gef hrliche und schwere K rperverletzung, Verst mmelung weiblicher Genitalien    224, 226, 226a, 231 StGB",5112000,Duisburg,insg.,1468,1006,462,9,4,5,113,78,35,122,82,40,132,92,40,113,82,31,1020,699,321,81,51,30,1101,750,351,2020
222000,"Gef hrliche und schwere K rperverletzung, Verst mmelung weiblicher Genitalien    224, 226, 226a, 231 StGB",5111000,D sseldorf,voll.,1852,1385,467,4,2,2,50,33,17,54,35,19,196,137,59,283,227,56,1239,927,312,80,59,21,1319,986,333,2020
222000,"Gef hrliche und schwere K rperverletzung, Verst mmelung weiblicher Genitalien    224, 226, 226a, 231 StGB",5111000,D sseldorf,vers.,279,188,91,1,1,0,8,4,4,9,5,4,18,15,3,21,18,3,221,143,78,10,7,3,231,150,81,2020
222000,"Gef hrliche und schwere K rperverletzung, Verst mmelung weiblicher Genitalien    224, 226, 226a, 231 StGB",5111000,D sseldorf,insg.,2131,1573,558,5,3,2,58,37,21,63,40,23,214,152,62,304,245,59,1460,1070,390,90,66,24,1550,1136,414,2020
222000,"Gef hrliche und schwere K rperverletzung, Verst mmelung weiblicher Genitalien    224, 226, 226a, 231 StGB",16051000,Erfurt,voll.,405,320,85,0,0,0,16,10,6,16,10,6,27,21,6,61,47,14,286,236,50,15,6,9,301,242,59,2020
222000,"Gef hrliche und schwere K rperverletzung, Verst mmelung weiblicher Genitalien    224, 226, 226a, 231 StGB",16051000,Erfurt,vers.,139,102,37,1,1,0,9,4,5,10,5,5,10,10,0,10,9,1,103,74,29,6,4,2,109,78,31,2020
222000,"Gef hrliche und schwere K rperverletzung, Verst mmelung weiblicher Genitalien    224, 226, 226a, 231 StGB",16051000,Erfurt,insg.,544,422,122,1,1,0,25,14,11,26,15,11,37,31,6,71,56,15,389,310,79,21,10,11,410,320,90,2020
222000,"Gef hrliche und schwere K rperverletzung, Verst mmelung weiblicher Genitalien    224, 226, 226a, 231 StGB",9562000,Erlangen,voll.,129,105,24,1,1,0,3,1,2,4,2,2,19,16,3,11,8,3,91,75,16,4,4,0,95,79,16,2020
222000,"Gef hrliche und schwere K rperverletzung, Verst mmelung weiblicher Genitalien    224, 226, 226a, 231 StGB",9562000,Erlangen,vers.,27,16,11,1,0,1,2,1,1,3,1,2,9,7,2,2,1,1,10,6,4,3,1,2,13,7,6,2020
222000,"Gef hrliche und schwere K rperverletzung, Verst mmelung weiblicher Genitalien    224, 226, 226a, 231 StGB",9562000,Erlangen,insg.,156,121,35,2,1,1,5,2,3,7,3,4,28,23,5,13,9,4,101,81,20,7,5,2,108,86,22,2020
222000,"Gef hrliche und schwere K rperverletzung, Verst mmelung weiblicher Genitalien    224, 226, 226a, 231 StGB",5113000,Essen,voll.,1188,809,379,11,3,8,67,46,21,78,49,29,136,90,46,108,75,33,814,561,253,52,34,18,866,595,271,2020
222000,"Gef hrliche und schwere K rperverletzung, Verst mmelung weiblicher Genitalien    224, 226, 226a, 231 StGB",5113000,Essen,vers.,185,120,65,1,1,0,8,5,3,9,6,3,9,6,3,8,6,2,149,95,54,10,7,3,159,102,57,2020
222000,"Gef hrliche und schwere K rperverletzung, Verst mmelung weiblicher Genitalien    224, 226, 226a, 231 StGB",5113000,Essen,insg.,1373,929,444,12,4,8,75,51,24,87,55,32,145,96,49,116,81,35,963,656,307,62,41,21,1025,697,328,2020
222000,"Gef hrliche und schwere K rperverletzung, Verst mmelung weiblicher Genitalien    224, 226, 226a, 231 StGB",6412000,Frankfurt am Main,voll.,2556,1977,579,9,4,5,52,38,14,61,42,19,138,97,41,286,220,66,1956,1539,417,115,79,36,2071,1618,453,2020
222000,"Gef hrliche und schwere K rperverletzung, Verst mmelung weiblicher Genitalien    224, 226, 226a, 231 StGB",6412000,Frankfurt am Main,vers.,464,353,111,7,4,3,8,7,1,15,11,4,13,5,8,27,18,9,382,300,82,27,19,8,409,319,90,2020
222000,"Gef hrliche und schwere K rperverletzung, Verst mmelung weiblicher Genitalien    224, 226, 226a, 231 StGB",6412000,Frankfurt am Main,insg.,3020,2330,690,16,8,8,60,45,15,76,53,23,151,102,49,313,238,75,2338,1839,499,142,98,44,2480,1937,543,2020
222000,"Gef hrliche und schwere K rperverletzung, Verst mmelung weiblicher Genitalien    224, 226, 226a, 231 StGB",8311000,Freiburg im Breisgau,voll.,613,525,88,2,2,0,10,7,3,12,9,3,35,31,4,80,66,14,464,403,61,22,16,6,486,419,67,2020
222000,"Gef hrliche und schwere K rperverletzung, Verst mmelung weiblicher Genitalien    224, 226, 226a, 231 StGB",8311000,Freiburg im Breisgau,vers.,116,101,15,2,2,0,0,0,0,2,2,0,1,1,0,12,9,3,93,83,10,8,6,2,101,89,12,2020
222000,"Gef hrliche und schwere K rperverletzung, Verst mmelung weiblicher Genitalien    224, 226, 226a, 231 StGB",8311000,Freiburg im Breisgau,insg.,729,626,103,4,4,0,10,7,3,14,11,3,36,32,4,92,75,17,557,486,71,30,22,8,587,508,79,2020
222000,"Gef hrliche und schwere K rperverletzung, Verst mmelung weiblicher Genitalien    224, 226, 226a, 231 StGB",9563000,F rth,voll.,155,120,35,0,0,0,15,14,1,15,14,1,20,16,4,19,13,6,99,75,24,2,2,0,101,77,24,2020
222000,"Gef hrliche und schwere K rperverletzung, Verst mmelung weiblicher Genitalien    224, 226, 226a, 231 StGB",9563000,F rth,vers.,27,19,8,0,0,0,1,0,1,1,0,1,2,2,0,0,0,0,22,15,7,2,2,0,24,17,7,2020
222000,"Gef hrliche und schwere K rperverletzung, Verst mmelung weiblicher Genitalien    224, 226, 226a, 231 StGB",9563000,F rth,insg.,182,139,43,0,0,0,16,14,2,16,14,2,22,18,4,19,13,6,121,90,31,4,4,0,125,94,31,2020
222000,"Gef hrliche und schwere K rperverletzung, Verst mmelung weiblicher Genitalien    224, 226, 226a, 231 StGB",5513000,Gelsenkirchen,voll.,747,529,218,2,2,0,44,26,18,46,28,18,95,56,39,80,60,20,502,368,134,24,17,7,526,385,141,2020
222000,"Gef hrliche und schwere K rperverletzung, Verst mmelung weiblicher Genitalien    224, 226, 226a, 231 StGB",5513000,Gelsenkirchen,vers.,111,82,29,1,1,0,1,1,0,2,2,0,9,8,1,4,2,2,88,65,23,8,5,3,96,70,26,2020
222000,"Gef hrliche und schwere K rperverletzung, Verst mmelung weiblicher Genitalien    224, 226, 226a, 231 StGB",5513000,Gelsenkirchen,insg.,858,611,247,3,3,0,45,27,18,48,30,18,104,64,40,84,62,22,590,433,157,32,22,10,622,455,167,2020
222000,"Gef hrliche und schwere K rperverletzung, Verst mmelung weiblicher Genitalien    224, 226, 226a, 231 StGB",3159016,G ttingen,voll.,313,248,65,0,0,0,9,7,2,9,7,2,16,12,4,34,29,5,241,191,50,13,9,4,254,200,54,2020
222000,"Gef hrliche und schwere K rperverletzung, Verst mmelung weiblicher Genitalien    224, 226, 226a, 231 StGB",3159016,G ttingen,vers.,80,58,22,1,0,1,1,1,0,2,1,1,4,3,1,5,4,1,64,45,19,5,5,0,69,50,19,2020
222000,"Gef hrliche und schwere K rperverletzung, Verst mmelung weiblicher Genitalien    224, 226, 226a, 231 StGB",3159016,G ttingen,insg.,393,306,87,1,0,1,10,8,2,11,8,3,20,15,5,39,33,6,305,236,69,18,14,4,323,250,73,2020
222000,"Gef hrliche und schwere K rperverletzung, Verst mmelung weiblicher Genitalien    224, 226, 226a, 231 StGB",5754008,G tersloh,voll.,205,138,67,0,0,0,3,2,1,3,2,1,20,11,9,20,17,3,156,105,51,6,3,3,162,108,54,2020
222000,"Gef hrliche und schwere K rperverletzung, Verst mmelung weiblicher Genitalien    224, 226, 226a, 231 StGB",5754008,G tersloh,vers.,29,15,14,0,0,0,2,1,1,2,1,1,0,0,0,0,0,0,26,14,12,1,0,1,27,14,13,2020
222000,"Gef hrliche und schwere K rperverletzung, Verst mmelung weiblicher Genitalien    224, 226, 226a, 231 StGB",5754008,G tersloh,insg.,234,153,81,0,0,0,5,3,2,5,3,2,20,11,9,20,17,3,182,119,63,7,3,4,189,122,67,2020
222000,"Gef hrliche und schwere K rperverletzung, Verst mmelung weiblicher Genitalien    224, 226, 226a, 231 StGB",5914000,Hagen,voll.,398,285,113,4,1,3,21,14,7,25,15,10,33,26,7,39,29,10,283,202,81,18,13,5,301,215,86,2020
222000,"Gef hrliche und schwere K rperverletzung, Verst mmelung weiblicher Genitalien    224, 226, 226a, 231 StGB",5914000,Hagen,vers.,73,41,32,0,0,0,5,0,5,5,0,5,3,2,1,3,0,3,60,38,22,2,1,1,62,39,23,2020
222000,"Gef hrliche und schwere K rperverletzung, Verst mmelung weiblicher Genitalien    224, 226, 226a, 231 StGB",5914000,Hagen,insg.,471,326,145,4,1,3,26,14,12,30,15,15,36,28,8,42,29,13,343,240,103,20,14,6,363,254,109,2020
222000,"Gef hrliche und schwere K rperverletzung, Verst mmelung weiblicher Genitalien    224, 226, 226a, 231 StGB",15002000,Halle (Saale),voll.,736,574,162,4,3,1,53,41,12,57,44,13,60,46,14,75,64,11,515,402,113,29,18,11,544,420,124,2020
222000,"Gef hrliche und schwere K rperverletzung, Verst mmelung weiblicher Genitalien    224, 226, 226a, 231 StGB",15002000,Halle (Saale),vers.,132,93,39,3,2,1,6,4,2,9,6,3,8,4,4,9,6,3,99,72,27,7,5,2,106,77,29,2020
222000,"Gef hrliche und schwere K rperverletzung, Verst mmelung weiblicher Genitalien    224, 226, 226a, 231 StGB",15002000,Halle (Saale),insg.,868,667,201,7,5,2,59,45,14,66,50,16,68,50,18,84,70,14,614,474,140,36,23,13,650,497,153,2020
222000,"Gef hrliche und schwere K rperverletzung, Verst mmelung weiblicher Genitalien    224, 226, 226a, 231 StGB",2000000,Hamburg,voll.,4947,3694,1253,20,14,6,264,172,92,284,186,98,412,282,130,485,372,113,3572,2718,854,194,136,58,3766,2854,912,2020
222000,"Gef hrliche und schwere K rperverletzung, Verst mmelung weiblicher Genitalien    224, 226, 226a, 231 StGB",2000000,Hamburg,vers.,775,557,218,7,4,3,29,18,11,36,22,14,42,28,14,40,31,9,612,447,165,45,29,16,657,476,181,2020
222000,"Gef hrliche und schwere K rperverletzung, Verst mmelung weiblicher Genitalien    224, 226, 226a, 231 StGB",2000000,Hamburg,insg.,5722,4251,1471,27,18,9,293,190,103,320,208,112,454,310,144,525,403,122,4184,3165,1019,239,165,74,4423,3330,1093,2020
222000,"Gef hrliche und schwere K rperverletzung, Verst mmelung weiblicher Genitalien    224, 226, 226a, 231 StGB",5915000,Hamm,voll.,358,223,135,2,0,2,19,12,7,21,12,9,58,31,27,34,27,7,235,149,86,10,4,6,245,153,92,2020
222000,"Gef hrliche und schwere K rperverletzung, Verst mmelung weiblicher Genitalien    224, 226, 226a, 231 StGB",5915000,Hamm,vers.,76,50,26,0,0,0,6,4,2,6,4,2,6,5,1,3,2,1,59,38,21,2,1,1,61,39,22,2020
222000,"Gef hrliche und schwere K rperverletzung, Verst mmelung weiblicher Genitalien    224, 226, 226a, 231 StGB",5915000,Hamm,insg.,434,273,161,2,0,2,25,16,9,27,16,11,64,36,28,37,29,8,294,187,107,12,5,7,306,192,114,2020
222000,"Gef hrliche und schwere K rperverletzung, Verst mmelung weiblicher Genitalien    224, 226, 226a, 231 StGB",3241001,Hannover,voll.,1982,1554,428,12,6,6,79,59,20,91,65,26,158,102,56,224,188,36,1444,1147,297,65,52,13,1509,1199,310,2020
222000,"Gef hrliche und schwere K rperverletzung, Verst mmelung weiblicher Genitalien    224, 226, 226a, 231 StGB",3241001,Hannover,vers.,313,238,75,4,3,1,9,6,3,13,9,4,24,18,6,25,19,6,239,184,55,12,8,4,251,192,59,2020
222000,"Gef hrliche und schwere K rperverletzung, Verst mmelung weiblicher Genitalien    224, 226, 226a, 231 StGB",3241001,Hannover,insg.,2295,1792,503,16,9,7,88,65,23,104,74,30,182,120,62,249,207,42,1683,1331,352,77,60,17,1760,1391,369,2020
222000,"Gef hrliche und schwere K rperverletzung, Verst mmelung weiblicher Genitalien    224, 226, 226a, 231 StGB",8221000,Heidelberg,voll.,313,238,75,1,1,0,2,1,1,3,2,1,17,11,6,44,32,12,240,187,53,9,6,3,249,193,56,2020
222000,"Gef hrliche und schwere K rperverletzung, Verst mmelung weiblicher Genitalien    224, 226, 226a, 231 StGB",8221000,Heidelberg,vers.,63,45,18,1,0,1,0,0,0,1,0,1,6,6,0,7,4,3,47,35,12,2,0,2,49,35,14,2020
222000,"Gef hrliche und schwere K rperverletzung, Verst mmelung weiblicher Genitalien    224, 226, 226a, 231 StGB",8221000,Heidelberg,insg.,376,283,93,2,1,1,2,1,1,4,2,2,23,17,6,51,36,15,287,222,65,11,6,5,298,228,70,2020
222000,"Gef hrliche und schwere K rperverletzung, Verst mmelung weiblicher Genitalien    224, 226, 226a, 231 StGB",8121000,Heilbronn,voll.,242,191,51,0,0,0,3,2,1,3,2,1,15,7,8,25,19,6,186,155,31,13,8,5,199,163,36,2020
222000,"Gef hrliche und schwere K rperverletzung, Verst mmelung weiblicher Genitalien    224, 226, 226a, 231 StGB",8121000,Heilbronn,vers.,50,41,9,1,1,0,1,1,0,2,2,0,4,4,0,3,3,0,40,32,8,1,0,1,41,32,9,2020
222000,"Gef hrliche und schwere K rperverletzung, Verst mmelung weiblicher Genitalien    224, 226, 226a, 231 StGB",8121000,Heilbronn,insg.,292,232,60,1,1,0,4,3,1,5,4,1,19,11,8,28,22,6,226,187,39,14,8,6,240,195,45,2020
222000,"Gef hrliche und schwere K rperverletzung, Verst mmelung weiblicher Genitalien    224, 226, 226a, 231 StGB",5916000,Herne,voll.,299,214,85,1,1,0,20,16,4,21,17,4,31,24,7,44,32,12,186,131,55,17,10,7,203,141,62,2020
222000,"Gef hrliche und schwere K rperverletzung, Verst mmelung weiblicher Genitalien    224, 226, 226a, 231 StGB",5916000,Herne,vers.,79,43,36,3,1,2,6,1,5,9,2,7,5,3,2,11,9,2,46,24,22,8,5,3,54,29,25,2020
222000,"Gef hrliche und schwere K rperverletzung, Verst mmelung weiblicher Genitalien    224, 226, 226a, 231 StGB",5916000,Herne,insg.,378,257,121,4,2,2,26,17,9,30,19,11,36,27,9,55,41,14,232,155,77,25,15,10,257,170,87,2020
222000,"Gef hrliche und schwere K rperverletzung, Verst mmelung weiblicher Genitalien    224, 226, 226a, 231 StGB",3254021,Hildesheim,voll.,252,168,84,0,0,0,9,4,5,9,4,5,23,11,12,30,17,13,183,132,51,7,4,3,190,136,54,2020
222000,"Gef hrliche und schwere K rperverletzung, Verst mmelung weiblicher Genitalien    224, 226, 226a, 231 StGB",3254021,Hildesheim,vers.,45,26,19,0,0,0,1,0,1,1,0,1,4,4,0,2,2,0,37,20,17,1,0,1,38,20,18,2020
222000,"Gef hrliche und schwere K rperverletzung, Verst mmelung weiblicher Genitalien    224, 226, 226a, 231 StGB",3254021,Hildesheim,insg.,297,194,103,0,0,0,10,4,6,10,4,6,27,15,12,32,19,13,220,152,68,8,4,4,228,156,72,2020
222000,"Gef hrliche und schwere K rperverletzung, Verst mmelung weiblicher Genitalien    224, 226, 226a, 231 StGB",9161000,Ingolstadt,voll.,239,172,67,0,0,0,8,5,3,8,5,3,30,19,11,28,25,3,169,122,47,4,1,3,173,123,50,2020
222000,"Gef hrliche und schwere K rperverletzung, Verst mmelung weiblicher Genitalien    224, 226, 226a, 231 StGB",9161000,Ingolstadt,vers.,79,58,21,1,0,1,12,10,2,13,10,3,2,1,1,5,5,0,50,35,15,9,7,2,59,42,17,2020
222000,"Gef hrliche und schwere K rperverletzung, Verst mmelung weiblicher Genitalien    224, 226, 226a, 231 StGB",9161000,Ingolstadt,insg.,318,230,88,1,0,1,20,15,5,21,15,6,32,20,12,33,30,3,219,157,62,13,8,5,232,165,67,2020
222000,"Gef hrliche und schwere K rperverletzung, Verst mmelung weiblicher Genitalien    224, 226, 226a, 231 StGB",16053000,Jena,voll.,165,128,37,0,0,0,5,2,3,5,2,3,4,1,3,22,16,6,130,106,24,4,3,1,134,109,25,2020
222000,"Gef hrliche und schwere K rperverletzung, Verst mmelung weiblicher Genitalien    224, 226, 226a, 231 StGB",16053000,Jena,vers.,66,49,17,7,7,0,0,0,0,7,7,0,1,1,0,5,3,2,50,37,13,3,1,2,53,38,15,2020
222000,"Gef hrliche und schwere K rperverletzung, Verst mmelung weiblicher Genitalien    224, 226, 226a, 231 StGB",16053000,Jena,insg.,231,177,54,7,7,0,5,2,3,12,9,3,5,2,3,27,19,8,180,143,37,7,4,3,187,147,40,2020
222000,"Gef hrliche und schwere K rperverletzung, Verst mmelung weiblicher Genitalien    224, 226, 226a, 231 StGB",7312000,Kaiserslautern,voll.,371,288,83,0,0,0,16,11,5,16,11,5,49,37,12,84,71,13,215,163,52,7,6,1,222,169,53,2020
222000,"Gef hrliche und schwere K rperverletzung, Verst mmelung weiblicher Genitalien    224, 226, 226a, 231 StGB",7312000,Kaiserslautern,vers.,81,53,28,2,1,1,4,3,1,6,4,2,9,6,3,11,5,6,51,35,16,4,3,1,55,38,17,2020
222000,"Gef hrliche und schwere K rperverletzung, Verst mmelung weiblicher Genitalien    224, 226, 226a, 231 StGB",7312000,Kaiserslautern,insg.,452,341,111,2,1,1,20,14,6,22,15,7,58,43,15,95,76,19,266,198,68,11,9,2,277,207,70,2020
222000,"Gef hrliche und schwere K rperverletzung, Verst mmelung weiblicher Genitalien    224, 226, 226a, 231 StGB",8212000,Karlsruhe,voll.,604,464,140,3,3,0,19,11,8,22,14,8,52,36,16,80,62,18,425,331,94,25,21,4,450,352,98,2020
222000,"Gef hrliche und schwere K rperverletzung, Verst mmelung weiblicher Genitalien    224, 226, 226a, 231 StGB",8212000,Karlsruhe,vers.,132,114,18,34,33,1,2,1,1,36,34,2,1,1,0,5,4,1,84,71,13,6,4,2,90,75,15,2020
222000,"Gef hrliche und schwere K rperverletzung, Verst mmelung weiblicher Genitalien    224, 226, 226a, 231 StGB",8212000,Karlsruhe,insg.,736,578,158,37,36,1,21,12,9,58,48,10,53,37,16,85,66,19,509,402,107,31,25,6,540,427,113,2020
222000,"Gef hrliche und schwere K rperverletzung, Verst mmelung weiblicher Genitalien    224, 226, 226a, 231 StGB",6611000,Kassel,voll.,672,496,176,4,4,0,19,9,10,23,13,10,47,29,18,57,51,6,525,390,135,20,13,7,545,403,142,2020
222000,"Gef hrliche und schwere K rperverletzung, Verst mmelung weiblicher Genitalien    224, 226, 226a, 231 StGB",6611000,Kassel,vers.,98,70,28,0,0,0,1,0,1,1,0,1,5,3,2,9,9,0,76,53,23,7,5,2,83,58,25,2020
222000,"Gef hrliche und schwere K rperverletzung, Verst mmelung weiblicher Genitalien    224, 226, 226a, 231 StGB",6611000,Kassel,insg.,770,566,204,4,4,0,20,9,11,24,13,11,52,32,20,66,60,6,601,443,158,27,18,9,628,461,167,2020
222000,"Gef hrliche und schwere K rperverletzung, Verst mmelung weiblicher Genitalien    224, 226, 226a, 231 StGB",1002000,Kiel,voll.,565,433,132,2,2,0,12,7,5,14,9,5,57,43,14,72,58,14,408,315,93,14,8,6,422,323,99,2020
222000,"Gef hrliche und schwere K rperverletzung, Verst mmelung weiblicher Genitalien    224, 226, 226a, 231 StGB",1002000,Kiel,vers.,73,50,23,0,0,0,3,0,3,3,0,3,1,1,0,9,6,3,50,37,13,10,6,4,60,43,17,2020
222000,"Gef hrliche und schwere K rperverletzung, Verst mmelung weiblicher Genitalien    224, 226, 226a, 231 StGB",1002000,Kiel,insg.,638,483,155,2,2,0,15,7,8,17,9,8,58,44,14,81,64,17,458,352,106,24,14,10,482,366,116,2020
222000,"Gef hrliche und schwere K rperverletzung, Verst mmelung weiblicher Genitalien    224, 226, 226a, 231 StGB",7111000,Koblenz,voll.,446,335,111,4,2,2,12,8,4,16,10,6,39,29,10,56,48,8,323,242,81,12,6,6,335,248,87,2020
222000,"Gef hrliche und schwere K rperverletzung, Verst mmelung weiblicher Genitalien    224, 226, 226a, 231 StGB",7111000,Koblenz,vers.,56,40,16,0,0,0,0,0,0,0,0,0,3,1,2,2,1,1,49,36,13,2,2,0,51,38,13,2020
222000,"Gef hrliche und schwere K rperverletzung, Verst mmelung weiblicher Genitalien    224, 226, 226a, 231 StGB",7111000,Koblenz,insg.,502,375,127,4,2,2,12,8,4,16,10,6,42,30,12,58,49,9,372,278,94,14,8,6,386,286,100,2020
222000,"Gef hrliche und schwere K rperverletzung, Verst mmelung weiblicher Genitalien    224, 226, 226a, 231 StGB",5315000,K ln,voll.,3732,2680,1052,13,7,6,120,86,34,133,93,40,302,206,96,400,290,110,2744,1979,765,153,112,41,2897,2091,806,2020
222000,"Gef hrliche und schwere K rperverletzung, Verst mmelung weiblicher Genitalien    224, 226, 226a, 231 StGB",5315000,K ln,vers.,690,464,226,5,3,2,23,18,5,28,21,7,34,20,14,40,29,11,550,371,179,38,23,15,588,394,194,2020
222000,"Gef hrliche und schwere K rperverletzung, Verst mmelung weiblicher Genitalien    224, 226, 226a, 231 StGB",5315000,K ln,insg.,4422,3144,1278,18,10,8,143,104,39,161,114,47,336,226,110,440,319,121,3294,2350,944,191,135,56,3485,2485,1000,2020
222000,"Gef hrliche und schwere K rperverletzung, Verst mmelung weiblicher Genitalien    224, 226, 226a, 231 StGB",5114000,Krefeld,voll.,510,378,132,2,1,1,40,29,11,42,30,12,50,39,11,60,49,11,335,241,94,23,19,4,358,260,98,2020
222000,"Gef hrliche und schwere K rperverletzung, Verst mmelung weiblicher Genitalien    224, 226, 226a, 231 StGB",5114000,Krefeld,vers.,92,58,34,0,0,0,1,1,0,1,1,0,6,5,1,9,7,2,70,43,27,6,2,4,76,45,31,2020
222000,"Gef hrliche und schwere K rperverletzung, Verst mmelung weiblicher Genitalien    224, 226, 226a, 231 StGB",5114000,Krefeld,insg.,602,436,166,2,1,1,41,30,11,43,31,12,56,44,12,69,56,13,405,284,121,29,21,8,434,305,129,2020
222000,"Gef hrliche und schwere K rperverletzung, Verst mmelung weiblicher Genitalien    224, 226, 226a, 231 StGB",14713000,Leipzig,voll.,1313,988,325,7,4,3,38,26,12,45,30,15,106,59,47,143,118,25,975,748,227,44,33,11,1019,781,238,2020
222000,"Gef hrliche und schwere K rperverletzung, Verst mmelung weiblicher Genitalien    224, 226, 226a, 231 StGB",14713000,Leipzig,vers.,226,169,57,2,2,0,3,2,1,5,4,1,5,2,3,8,4,4,195,149,46,13,10,3,208,159,49,2020
222000,"Gef hrliche und schwere K rperverletzung, Verst mmelung weiblicher Genitalien    224, 226, 226a, 231 StGB",14713000,Leipzig,insg.,1539,1157,382,9,6,3,41,28,13,50,34,16,111,61,50,151,122,29,1170,897,273,57,43,14,1227,940,287,2020
222000,"Gef hrliche und schwere K rperverletzung, Verst mmelung weiblicher Genitalien    224, 226, 226a, 231 StGB",5316000,Leverkusen,voll.,369,248,121,1,0,1,12,8,4,13,8,5,43,26,17,28,20,8,261,178,83,24,16,8,285,194,91,2020
222000,"Gef hrliche und schwere K rperverletzung, Verst mmelung weiblicher Genitalien    224, 226, 226a, 231 StGB",5316000,Leverkusen,vers.,87,65,22,0,0,0,1,1,0,1,1,0,12,11,1,7,6,1,63,45,18,4,2,2,67,47,20,2020
222000,"Gef hrliche und schwere K rperverletzung, Verst mmelung weiblicher Genitalien    224, 226, 226a, 231 StGB",5316000,Leverkusen,insg.,456,313,143,1,0,1,13,9,4,14,9,5,55,37,18,35,26,9,324,223,101,28,18,10,352,241,111,2020
222000,"Gef hrliche und schwere K rperverletzung, Verst mmelung weiblicher Genitalien    224, 226, 226a, 231 StGB",1003000,L beck,voll.,567,405,162,2,1,1,19,13,6,21,14,7,51,32,19,56,44,12,406,287,119,33,28,5,439,315,124,2020
222000,"Gef hrliche und schwere K rperverletzung, Verst mmelung weiblicher Genitalien    224, 226, 226a, 231 StGB",1003000,L beck,vers.,96,67,29,5,4,1,6,5,1,11,9,2,2,1,1,6,3,3,72,50,22,5,4,1,77,54,23,2020
222000,"Gef hrliche und schwere K rperverletzung, Verst mmelung weiblicher Genitalien    224, 226, 226a, 231 StGB",1003000,L beck,insg.,663,472,191,7,5,2,25,18,7,32,23,9,53,33,20,62,47,15,478,337,141,38,32,6,516,369,147,2020
222000,"Gef hrliche und schwere K rperverletzung, Verst mmelung weiblicher Genitalien    224, 226, 226a, 231 StGB",7314000,Ludwigshafen am Rhein,voll.,561,407,154,3,2,1,40,24,16,43,26,17,61,50,11,57,48,9,375,265,110,25,18,7,400,283,117,2020
222000,"Gef hrliche und schwere K rperverletzung, Verst mmelung weiblicher Genitalien    224, 226, 226a, 231 StGB",7314000,Ludwigshafen am Rhein,vers.,106,83,23,0,0,0,9,7,2,9,7,2,6,4,2,6,6,0,75,59,16,10,7,3,85,66,19,2020
222000,"Gef hrliche und schwere K rperverletzung, Verst mmelung weiblicher Genitalien    224, 226, 226a, 231 StGB",7314000,Ludwigshafen am Rhein,insg.,667,490,177,3,2,1,49,31,18,52,33,19,67,54,13,63,54,9,450,324,126,35,25,10,485,349,136,2020
222000,"Gef hrliche und schwere K rperverletzung, Verst mmelung weiblicher Genitalien    224, 226, 226a, 231 StGB",15003000,Magdeburg,voll.,587,443,144,3,2,1,28,17,11,31,19,12,71,54,17,67,48,19,399,312,87,19,10,9,418,322,96,2020
222000,"Gef hrliche und schwere K rperverletzung, Verst mmelung weiblicher Genitalien    224, 226, 226a, 231 StGB",15003000,Magdeburg,vers.,150,102,48,2,1,1,5,3,2,7,4,3,5,2,3,10,5,5,122,87,35,6,4,2,128,91,37,2020
222000,"Gef hrliche und schwere K rperverletzung, Verst mmelung weiblicher Genitalien    224, 226, 226a, 231 StGB",15003000,Magdeburg,insg.,737,545,192,5,3,2,33,20,13,38,23,15,76,56,20,77,53,24,521,399,122,25,14,11,546,413,133,2020
222000,"Gef hrliche und schwere K rperverletzung, Verst mmelung weiblicher Genitalien    224, 226, 226a, 231 StGB",7315000,Mainz,voll.,494,385,109,0,0,0,26,16,10,26,16,10,59,44,15,63,45,18,333,268,65,13,12,1,346,280,66,2020
222000,"Gef hrliche und schwere K rperverletzung, Verst mmelung weiblicher Genitalien    224, 226, 226a, 231 StGB",7315000,Mainz,vers.,87,62,25,1,1,0,2,2,0,3,3,0,5,4,1,2,1,1,74,53,21,3,1,2,77,54,23,2020
222000,"Gef hrliche und schwere K rperverletzung, Verst mmelung weiblicher Genitalien    224, 226, 226a, 231 StGB",7315000,Mainz,insg.,581,447,134,1,1,0,28,18,10,29,19,10,64,48,16,65,46,19,407,321,86,16,13,3,423,334,89,2020
222000,"Gef hrliche und schwere K rperverletzung, Verst mmelung weiblicher Genitalien    224, 226, 226a, 231 StGB",8222000,Mannheim,voll.,738,538,200,5,3,2,26,17,9,31,20,11,54,39,15,84,68,16,528,386,142,41,25,16,569,411,158,2020
222000,"Gef hrliche und schwere K rperverletzung, Verst mmelung weiblicher Genitalien    224, 226, 226a, 231 StGB",8222000,Mannheim,vers.,84,62,22,1,1,0,7,6,1,8,7,1,6,5,1,7,5,2,60,43,17,3,2,1,63,45,18,2020
222000,"Gef hrliche und schwere K rperverletzung, Verst mmelung weiblicher Genitalien    224, 226, 226a, 231 StGB",8222000,Mannheim,insg.,822,600,222,6,4,2,33,23,10,39,27,12,60,44,16,91,73,18,588,429,159,44,27,17,632,456,176,2020
222000,"Gef hrliche und schwere K rperverletzung, Verst mmelung weiblicher Genitalien    224, 226, 226a, 231 StGB",5170024,Moers,voll.,163,115,48,5,3,2,9,7,2,14,10,4,17,14,3,27,21,6,92,62,30,13,8,5,105,70,35,2020
222000,"Gef hrliche und schwere K rperverletzung, Verst mmelung weiblicher Genitalien    224, 226, 226a, 231 StGB",5170024,Moers,vers.,45,34,11,0,0,0,3,2,1,3,2,1,2,2,0,6,6,0,30,24,6,4,0,4,34,24,10,2020
222000,"Gef hrliche und schwere K rperverletzung, Verst mmelung weiblicher Genitalien    224, 226, 226a, 231 StGB",5170024,Moers,insg.,208,149,59,5,3,2,12,9,3,17,12,5,19,16,3,33,27,6,122,86,36,17,8,9,139,94,45,2020
222000,"Gef hrliche und schwere K rperverletzung, Verst mmelung weiblicher Genitalien    224, 226, 226a, 231 StGB",5116000,M nchengladbach,voll.,602,401,201,2,1,1,23,14,9,25,15,10,54,38,16,71,43,28,426,287,139,26,18,8,452,305,147,2020
222000,"Gef hrliche und schwere K rperverletzung, Verst mmelung weiblicher Genitalien    224, 226, 226a, 231 StGB",5116000,M nchengladbach,vers.,95,66,29,0,0,0,2,2,0,2,2,0,5,2,3,5,4,1,72,49,23,11,9,2,83,58,25,2020
222000,"Gef hrliche und schwere K rperverletzung, Verst mmelung weiblicher Genitalien    224, 226, 226a, 231 StGB",5116000,M nchengladbach,insg.,697,467,230,2,1,1,25,16,9,27,17,10,59,40,19,76,47,29,498,336,162,37,27,10,535,363,172,2020
222000,"Gef hrliche und schwere K rperverletzung, Verst mmelung weiblicher Genitalien    224, 226, 226a, 231 StGB",5117000,M lheim an der Ruhr,voll.,242,156,86,1,0,1,13,7,6,14,7,7,33,25,8,18,11,7,165,107,58,12,6,6,177,113,64,2020
222000,"Gef hrliche und schwere K rperverletzung, Verst mmelung weiblicher Genitalien    224, 226, 226a, 231 StGB",5117000,M lheim an der Ruhr,vers.,45,28,17,0,0,0,3,2,1,3,2,1,3,2,1,2,2,0,33,19,14,4,3,1,37,22,15,2020
222000,"Gef hrliche und schwere K rperverletzung, Verst mmelung weiblicher Genitalien    224, 226, 226a, 231 StGB",5117000,M lheim an der Ruhr,insg.,287,184,103,1,0,1,16,9,7,17,9,8,36,27,9,20,13,7,198,126,72,16,9,7,214,135,79,2020
222000,"Gef hrliche und schwere K rperverletzung, Verst mmelung weiblicher Genitalien    224, 226, 226a, 231 StGB",9162000,M nchen,voll.,2820,2076,744,16,6,10,71,44,27,87,50,37,287,225,62,319,254,65,2029,1482,547,98,65,33,2127,1547,580,2020
222000,"Gef hrliche und schwere K rperverletzung, Verst mmelung weiblicher Genitalien    224, 226, 226a, 231 StGB",9162000,M nchen,vers.,671,494,177,8,6,2,10,5,5,18,11,7,20,10,10,36,23,13,565,430,135,32,20,12,597,450,147,2020
222000,"Gef hrliche und schwere K rperverletzung, Verst mmelung weiblicher Genitalien    224, 226, 226a, 231 StGB",9162000,M nchen,insg.,3491,2570,921,24,12,12,81,49,32,105,61,44,307,235,72,355,277,78,2594,1912,682,130,85,45,2724,1997,727,2020
222000,"Gef hrliche und schwere K rperverletzung, Verst mmelung weiblicher Genitalien    224, 226, 226a, 231 StGB",5515000,M nster,voll.,557,406,151,5,3,2,26,16,10,31,19,12,46,32,14,73,54,19,394,291,103,13,10,3,407,301,106,2020
222000,"Gef hrliche und schwere K rperverletzung, Verst mmelung weiblicher Genitalien    224, 226, 226a, 231 StGB",5515000,M nster,vers.,110,76,34,2,2,0,1,0,1,3,2,1,9,7,2,10,6,4,77,54,23,11,7,4,88,61,27,2020
222000,"Gef hrliche und schwere K rperverletzung, Verst mmelung weiblicher Genitalien    224, 226, 226a, 231 StGB",5515000,M nster,insg.,667,482,185,7,5,2,27,16,11,34,21,13,55,39,16,83,60,23,471,345,126,24,17,7,495,362,133,2020
222000,"Gef hrliche und schwere K rperverletzung, Verst mmelung weiblicher Genitalien    224, 226, 226a, 231 StGB",5162024,Neuss,voll.,242,170,72,3,2,1,12,9,3,15,11,4,21,14,7,34,24,10,159,110,49,13,11,2,172,121,51,2020
222000,"Gef hrliche und schwere K rperverletzung, Verst mmelung weiblicher Genitalien    224, 226, 226a, 231 StGB",5162024,Neuss,vers.,40,24,16,3,1,2,5,3,2,8,4,4,5,2,3,1,1,0,22,14,8,4,3,1,26,17,9,2020
222000,"Gef hrliche und schwere K rperverletzung, Verst mmelung weiblicher Genitalien    224, 226, 226a, 231 StGB",5162024,Neuss,insg.,282,194,88,6,3,3,17,12,5,23,15,8,26,16,10,35,25,10,181,124,57,17,14,3,198,138,60,2020
222000,"Gef hrliche und schwere K rperverletzung, Verst mmelung weiblicher Genitalien    224, 226, 226a, 231 StGB",9564000,N rnberg,voll.,1098,820,278,3,2,1,52,38,14,55,40,15,99,71,28,115,95,20,781,579,202,48,35,13,829,614,215,2020
222000,"Gef hrliche und schwere K rperverletzung, Verst mmelung weiblicher Genitalien    224, 226, 226a, 231 StGB",9564000,N rnberg,vers.,267,202,65,5,4,1,17,15,2,22,19,3,9,5,4,20,18,2,201,150,51,15,10,5,216,160,56,2020
222000,"Gef hrliche und schwere K rperverletzung, Verst mmelung weiblicher Genitalien    224, 226, 226a, 231 StGB",9564000,N rnberg,insg.,1365,1022,343,8,6,2,69,53,16,77,59,18,108,76,32,135,113,22,982,729,253,63,45,18,1045,774,271,2020
222000,"Gef hrliche und schwere K rperverletzung, Verst mmelung weiblicher Genitalien    224, 226, 226a, 231 StGB",5119000,Oberhausen,voll.,395,261,134,3,1,2,18,10,8,21,11,10,50,32,18,43,35,8,272,181,91,9,2,7,281,183,98,2020
222000,"Gef hrliche und schwere K rperverletzung, Verst mmelung weiblicher Genitalien    224, 226, 226a, 231 StGB",5119000,Oberhausen,vers.,57,41,16,0,0,0,3,2,1,3,2,1,6,3,3,4,4,0,41,29,12,3,3,0,44,32,12,2020
222000,"Gef hrliche und schwere K rperverletzung, Verst mmelung weiblicher Genitalien    224, 226, 226a, 231 StGB",5119000,Oberhausen,insg.,452,302,150,3,1,2,21,12,9,24,13,11,56,35,21,47,39,8,313,210,103,12,5,7,325,215,110,2020
222000,"Gef hrliche und schwere K rperverletzung, Verst mmelung weiblicher Genitalien    224, 226, 226a, 231 StGB",6413000,Offenbach am Main,voll.,248,174,74,1,0,1,16,8,8,17,8,9,34,24,10,15,9,6,172,129,43,10,4,6,182,133,49,2020
222000,"Gef hrliche und schwere K rperverletzung, Verst mmelung weiblicher Genitalien    224, 226, 226a, 231 StGB",6413000,Offenbach am Main,vers.,36,31,5,1,1,0,5,5,0,6,6,0,3,3,0,1,1,0,23,19,4,3,2,1,26,21,5,2020
222000,"Gef hrliche und schwere K rperverletzung, Verst mmelung weiblicher Genitalien    224, 226, 226a, 231 StGB",6413000,Offenbach am Main,insg.,284,205,79,2,1,1,21,13,8,23,14,9,37,27,10,16,10,6,195,148,47,13,6,7,208,154,54,2020
222000,"Gef hrliche und schwere K rperverletzung, Verst mmelung weiblicher Genitalien    224, 226, 226a, 231 StGB",3403000,Oldenburg (Oldenburg),voll.,302,230,72,0,0,0,11,8,3,11,8,3,21,12,9,45,37,8,214,167,47,11,6,5,225,173,52,2020
222000,"Gef hrliche und schwere K rperverletzung, Verst mmelung weiblicher Genitalien    224, 226, 226a, 231 StGB",3403000,Oldenburg (Oldenburg),vers.,52,36,16,0,0,0,3,1,2,3,1,2,1,0,1,2,2,0,43,30,13,3,3,0,46,33,13,2020
222000,"Gef hrliche und schwere K rperverletzung, Verst mmelung weiblicher Genitalien    224, 226, 226a, 231 StGB",3403000,Oldenburg (Oldenburg),insg.,354,266,88,0,0,0,14,9,5,14,9,5,22,12,10,47,39,8,257,197,60,14,9,5,271,206,65,2020
222000,"Gef hrliche und schwere K rperverletzung, Verst mmelung weiblicher Genitalien    224, 226, 226a, 231 StGB",3404000,Osnabr ck,voll.,537,401,136,0,0,0,24,12,12,24,12,12,49,32,17,56,37,19,386,308,78,22,12,10,408,320,88,2020
222000,"Gef hrliche und schwere K rperverletzung, Verst mmelung weiblicher Genitalien    224, 226, 226a, 231 StGB",3404000,Osnabr ck,vers.,48,37,11,0,0,0,1,0,1,1,0,1,2,1,1,3,2,1,40,33,7,2,1,1,42,34,8,2020
222000,"Gef hrliche und schwere K rperverletzung, Verst mmelung weiblicher Genitalien    224, 226, 226a, 231 StGB",3404000,Osnabr ck,insg.,585,438,147,0,0,0,25,12,13,25,12,13,51,33,18,59,39,20,426,341,85,24,13,11,450,354,96,2020
222000,"Gef hrliche und schwere K rperverletzung, Verst mmelung weiblicher Genitalien    224, 226, 226a, 231 StGB",5774032,Paderborn,voll.,323,247,76,2,1,1,6,5,1,8,6,2,38,29,9,40,33,7,225,171,54,12,8,4,237,179,58,2020
222000,"Gef hrliche und schwere K rperverletzung, Verst mmelung weiblicher Genitalien    224, 226, 226a, 231 StGB",5774032,Paderborn,vers.,73,47,26,0,0,0,6,3,3,6,3,3,5,4,1,2,1,1,52,34,18,8,5,3,60,39,21,2020
222000,"Gef hrliche und schwere K rperverletzung, Verst mmelung weiblicher Genitalien    224, 226, 226a, 231 StGB",5774032,Paderborn,insg.,396,294,102,2,1,1,12,8,4,14,9,5,43,33,10,42,34,8,277,205,72,20,13,7,297,218,79,2020
222000,"Gef hrliche und schwere K rperverletzung, Verst mmelung weiblicher Genitalien    224, 226, 226a, 231 StGB",8231000,Pforzheim,voll.,323,247,76,0,0,0,13,10,3,13,10,3,52,38,14,30,23,7,212,166,46,16,10,6,228,176,52,2020
222000,"Gef hrliche und schwere K rperverletzung, Verst mmelung weiblicher Genitalien    224, 226, 226a, 231 StGB",8231000,Pforzheim,vers.,51,41,10,1,1,0,0,0,0,1,1,0,5,2,3,7,7,0,37,31,6,1,0,1,38,31,7,2020
222000,"Gef hrliche und schwere K rperverletzung, Verst mmelung weiblicher Genitalien    224, 226, 226a, 231 StGB",8231000,Pforzheim,insg.,374,288,86,1,1,0,13,10,3,14,11,3,57,40,17,37,30,7,249,197,52,17,10,7,266,207,59,2020
222000,"Gef hrliche und schwere K rperverletzung, Verst mmelung weiblicher Genitalien    224, 226, 226a, 231 StGB",12054000,Potsdam,voll.,236,166,70,1,0,1,6,5,1,7,5,2,18,10,8,30,25,5,174,124,50,7,2,5,181,126,55,2020
222000,"Gef hrliche und schwere K rperverletzung, Verst mmelung weiblicher Genitalien    224, 226, 226a, 231 StGB",12054000,Potsdam,vers.,53,43,10,0,0,0,2,2,0,2,2,0,2,2,0,2,2,0,38,31,7,9,6,3,47,37,10,2020
222000,"Gef hrliche und schwere K rperverletzung, Verst mmelung weiblicher Genitalien    224, 226, 226a, 231 StGB",12054000,Potsdam,insg.,289,209,80,1,0,1,8,7,1,9,7,2,20,12,8,32,27,5,212,155,57,16,8,8,228,163,65,2020
222000,"Gef hrliche und schwere K rperverletzung, Verst mmelung weiblicher Genitalien    224, 226, 226a, 231 StGB",5562032,Recklinghausen,voll.,241,170,71,0,0,0,12,9,3,12,9,3,18,13,5,25,17,8,175,123,52,11,8,3,186,131,55,2020
222000,"Gef hrliche und schwere K rperverletzung, Verst mmelung weiblicher Genitalien    224, 226, 226a, 231 StGB",5562032,Recklinghausen,vers.,46,26,20,0,0,0,1,1,0,1,1,0,1,1,0,1,0,1,42,24,18,1,0,1,43,24,19,2020
222000,"Gef hrliche und schwere K rperverletzung, Verst mmelung weiblicher Genitalien    224, 226, 226a, 231 StGB",5562032,Recklinghausen,insg.,287,196,91,0,0,0,13,10,3,13,10,3,19,14,5,26,17,9,217,147,70,12,8,4,229,155,74,2020
222000,"Gef hrliche und schwere K rperverletzung, Verst mmelung weiblicher Genitalien    224, 226, 226a, 231 StGB",9362000,Regensburg,voll.,349,268,81,0,0,0,5,5,0,5,5,0,34,30,4,44,41,3,250,182,68,16,10,6,266,192,74,2020
222000,"Gef hrliche und schwere K rperverletzung, Verst mmelung weiblicher Genitalien    224, 226, 226a, 231 StGB",9362000,Regensburg,vers.,69,53,16,3,3,0,0,0,0,3,3,0,1,1,0,4,4,0,58,45,13,3,0,3,61,45,16,2020
222000,"Gef hrliche und schwere K rperverletzung, Verst mmelung weiblicher Genitalien    224, 226, 226a, 231 StGB",9362000,Regensburg,insg.,418,321,97,3,3,0,5,5,0,8,8,0,35,31,4,48,45,3,308,227,81,19,10,9,327,237,90,2020
222000,"Gef hrliche und schwere K rperverletzung, Verst mmelung weiblicher Genitalien    224, 226, 226a, 231 StGB",5120000,Remscheid,voll.,185,128,57,2,2,0,8,8,0,10,10,0,24,18,6,27,22,5,116,74,42,8,4,4,124,78,46,2020
222000,"Gef hrliche und schwere K rperverletzung, Verst mmelung weiblicher Genitalien    224, 226, 226a, 231 StGB",5120000,Remscheid,vers.,37,31,6,0,0,0,3,3,0,3,3,0,4,4,0,4,4,0,23,18,5,3,2,1,26,20,6,2020
222000,"Gef hrliche und schwere K rperverletzung, Verst mmelung weiblicher Genitalien    224, 226, 226a, 231 StGB",5120000,Remscheid,insg.,222,159,63,2,2,0,11,11,0,13,13,0,28,22,6,31,26,5,139,92,47,11,6,5,150,98,52,2020
222000,"Gef hrliche und schwere K rperverletzung, Verst mmelung weiblicher Genitalien    224, 226, 226a, 231 StGB",8415061,Reutlingen,voll.,260,205,55,2,2,0,6,4,2,8,6,2,33,28,5,34,26,8,174,136,38,11,9,2,185,145,40,2020
222000,"Gef hrliche und schwere K rperverletzung, Verst mmelung weiblicher Genitalien    224, 226, 226a, 231 StGB",8415061,Reutlingen,vers.,37,31,6,0,0,0,0,0,0,0,0,0,1,1,0,10,8,2,24,21,3,2,1,1,26,22,4,2020
222000,"Gef hrliche und schwere K rperverletzung, Verst mmelung weiblicher Genitalien    224, 226, 226a, 231 StGB",8415061,Reutlingen,insg.,297,236,61,2,2,0,6,4,2,8,6,2,34,29,5,44,34,10,198,157,41,13,10,3,211,167,44,2020
222000,"Gef hrliche und schwere K rperverletzung, Verst mmelung weiblicher Genitalien    224, 226, 226a, 231 StGB",13003000,Rostock,voll.,420,298,122,0,0,0,39,21,18,39,21,18,46,34,12,53,35,18,264,198,66,18,10,8,282,208,74,2020
222000,"Gef hrliche und schwere K rperverletzung, Verst mmelung weiblicher Genitalien    224, 226, 226a, 231 StGB",13003000,Rostock,vers.,75,47,28,2,2,0,7,2,5,9,4,5,6,6,0,3,1,2,53,32,21,4,4,0,57,36,21,2020
222000,"Gef hrliche und schwere K rperverletzung, Verst mmelung weiblicher Genitalien    224, 226, 226a, 231 StGB",13003000,Rostock,insg.,495,345,150,2,2,0,46,23,23,48,25,23,52,40,12,56,36,20,317,230,87,22,14,8,339,244,95,2020
222000,"Gef hrliche und schwere K rperverletzung, Verst mmelung weiblicher Genitalien    224, 226, 226a, 231 StGB",10041100,Saarbr cken,voll.,715,546,169,1,1,0,22,16,6,23,17,6,74,53,21,81,63,18,499,385,114,38,28,10,537,413,124,2020
222000,"Gef hrliche und schwere K rperverletzung, Verst mmelung weiblicher Genitalien    224, 226, 226a, 231 StGB",10041100,Saarbr cken,vers.,119,87,32,1,1,0,8,5,3,9,6,3,8,7,1,5,4,1,82,62,20,15,8,7,97,70,27,2020
222000,"Gef hrliche und schwere K rperverletzung, Verst mmelung weiblicher Genitalien    224, 226, 226a, 231 StGB",10041100,Saarbr cken,insg.,834,633,201,2,2,0,30,21,9,32,23,9,82,60,22,86,67,19,581,447,134,53,36,17,634,483,151,2020
222000,"Gef hrliche und schwere K rperverletzung, Verst mmelung weiblicher Genitalien    224, 226, 226a, 231 StGB",3102000,Salzgitter,voll.,245,182,63,1,1,0,17,14,3,18,15,3,29,21,8,25,21,4,160,116,44,13,9,4,173,125,48,2020
222000,"Gef hrliche und schwere K rperverletzung, Verst mmelung weiblicher Genitalien    224, 226, 226a, 231 StGB",3102000,Salzgitter,vers.,28,15,13,0,0,0,2,0,2,2,0,2,1,1,0,2,1,1,21,11,10,2,2,0,23,13,10,2020
222000,"Gef hrliche und schwere K rperverletzung, Verst mmelung weiblicher Genitalien    224, 226, 226a, 231 StGB",3102000,Salzgitter,insg.,273,197,76,1,1,0,19,14,5,20,15,5,30,22,8,27,22,5,181,127,54,15,11,4,196,138,58,2020
222000,"Gef hrliche und schwere K rperverletzung, Verst mmelung weiblicher Genitalien    224, 226, 226a, 231 StGB",13004000,Schwerin,voll.,220,147,73,1,0,1,25,19,6,26,19,7,23,11,12,23,19,4,137,94,43,11,4,7,148,98,50,2020
222000,"Gef hrliche und schwere K rperverletzung, Verst mmelung weiblicher Genitalien    224, 226, 226a, 231 StGB",13004000,Schwerin,vers.,59,39,20,4,3,1,11,7,4,15,10,5,5,1,4,2,2,0,35,24,11,2,2,0,37,26,11,2020
222000,"Gef hrliche und schwere K rperverletzung, Verst mmelung weiblicher Genitalien    224, 226, 226a, 231 StGB",13004000,Schwerin,insg.,279,186,93,5,3,2,36,26,10,41,29,12,28,12,16,25,21,4,172,118,54,13,6,7,185,124,61,2020
222000,"Gef hrliche und schwere K rperverletzung, Verst mmelung weiblicher Genitalien    224, 226, 226a, 231 StGB",5970040,Siegen,voll.,194,151,43,0,0,0,8,6,2,8,6,2,16,11,5,25,19,6,138,111,27,7,4,3,145,115,30,2020
222000,"Gef hrliche und schwere K rperverletzung, Verst mmelung weiblicher Genitalien    224, 226, 226a, 231 StGB",5970040,Siegen,vers.,40,32,8,0,0,0,1,1,0,1,1,0,1,1,0,5,3,2,31,25,6,2,2,0,33,27,6,2020
222000,"Gef hrliche und schwere K rperverletzung, Verst mmelung weiblicher Genitalien    224, 226, 226a, 231 StGB",5970040,Siegen,insg.,234,183,51,0,0,0,9,7,2,9,7,2,17,12,5,30,22,8,169,136,33,9,6,3,178,142,36,2020
222000,"Gef hrliche und schwere K rperverletzung, Verst mmelung weiblicher Genitalien    224, 226, 226a, 231 StGB",5122000,Solingen,voll.,268,176,92,5,1,4,16,9,7,21,10,11,36,26,10,28,19,9,169,109,60,14,12,2,183,121,62,2020
222000,"Gef hrliche und schwere K rperverletzung, Verst mmelung weiblicher Genitalien    224, 226, 226a, 231 StGB",5122000,Solingen,vers.,64,41,23,0,0,0,1,1,0,1,1,0,4,3,1,8,5,3,43,28,15,8,4,4,51,32,19,2020
222000,"Gef hrliche und schwere K rperverletzung, Verst mmelung weiblicher Genitalien    224, 226, 226a, 231 StGB",5122000,Solingen,insg.,332,217,115,5,1,4,17,10,7,22,11,11,40,29,11,36,24,12,212,137,75,22,16,6,234,153,81,2020
222000,"Gef hrliche und schwere K rperverletzung, Verst mmelung weiblicher Genitalien    224, 226, 226a, 231 StGB",8111000,Stuttgart,voll.,1885,1501,384,6,4,2,43,26,17,49,30,19,166,114,52,278,234,44,1334,1082,252,58,41,17,1392,1123,269,2020
222000,"Gef hrliche und schwere K rperverletzung, Verst mmelung weiblicher Genitalien    224, 226, 226a, 231 StGB",8111000,Stuttgart,vers.,436,329,107,2,2,0,6,4,2,8,6,2,17,11,6,34,22,12,356,275,81,21,15,6,377,290,87,2020
222000,"Gef hrliche und schwere K rperverletzung, Verst mmelung weiblicher Genitalien    224, 226, 226a, 231 StGB",8111000,Stuttgart,insg.,2321,1830,491,8,6,2,49,30,19,57,36,21,183,125,58,312,256,56,1690,1357,333,79,56,23,1769,1413,356,2020
222000,"Gef hrliche und schwere K rperverletzung, Verst mmelung weiblicher Genitalien    224, 226, 226a, 231 StGB",7211000,Trier,voll.,230,178,52,0,0,0,2,1,1,2,1,1,23,16,7,30,23,7,171,135,36,4,3,1,175,138,37,2020
222000,"Gef hrliche und schwere K rperverletzung, Verst mmelung weiblicher Genitalien    224, 226, 226a, 231 StGB",7211000,Trier,vers.,52,38,14,0,0,0,0,0,0,0,0,0,4,2,2,7,6,1,40,30,10,1,0,1,41,30,11,2020
222000,"Gef hrliche und schwere K rperverletzung, Verst mmelung weiblicher Genitalien    224, 226, 226a, 231 StGB",7211000,Trier,insg.,282,216,66,0,0,0,2,1,1,2,1,1,27,18,9,37,29,8,211,165,46,5,3,2,216,168,48,2020
222000,"Gef hrliche und schwere K rperverletzung, Verst mmelung weiblicher Genitalien    224, 226, 226a, 231 StGB",8421000,Ulm,voll.,275,201,74,0,0,0,7,4,3,7,4,3,34,24,10,33,25,8,191,140,51,10,8,2,201,148,53,2020
222000,"Gef hrliche und schwere K rperverletzung, Verst mmelung weiblicher Genitalien    224, 226, 226a, 231 StGB",8421000,Ulm,vers.,44,31,13,0,0,0,2,1,1,2,1,1,3,3,0,2,1,1,35,26,9,2,0,2,37,26,11,2020
222000,"Gef hrliche und schwere K rperverletzung, Verst mmelung weiblicher Genitalien    224, 226, 226a, 231 StGB",8421000,Ulm,insg.,319,232,87,0,0,0,9,5,4,9,5,4,37,27,10,35,26,9,226,166,60,12,8,4,238,174,64,2020
222000,"Gef hrliche und schwere K rperverletzung, Verst mmelung weiblicher Genitalien    224, 226, 226a, 231 StGB",6414000,Wiesbaden,voll.,756,549,207,1,0,1,27,11,16,28,11,17,53,42,11,114,89,25,530,387,143,31,20,11,561,407,154,2020
222000,"Gef hrliche und schwere K rperverletzung, Verst mmelung weiblicher Genitalien    224, 226, 226a, 231 StGB",6414000,Wiesbaden,vers.,116,71,45,2,1,1,6,5,1,8,6,2,8,7,1,8,6,2,82,46,36,10,6,4,92,52,40,2020
222000,"Gef hrliche und schwere K rperverletzung, Verst mmelung weiblicher Genitalien    224, 226, 226a, 231 StGB",6414000,Wiesbaden,insg.,872,620,252,3,1,2,33,16,17,36,17,19,61,49,12,122,95,27,612,433,179,41,26,15,653,459,194,2020
222000,"Gef hrliche und schwere K rperverletzung, Verst mmelung weiblicher Genitalien    224, 226, 226a, 231 StGB",3103000,Wolfsburg,voll.,193,140,53,2,0,2,8,6,2,10,6,4,24,13,11,26,18,8,126,98,28,7,5,2,133,103,30,2020
222000,"Gef hrliche und schwere K rperverletzung, Verst mmelung weiblicher Genitalien    224, 226, 226a, 231 StGB",3103000,Wolfsburg,vers.,33,22,11,1,0,1,0,0,0,1,0,1,2,2,0,5,4,1,22,15,7,3,1,2,25,16,9,2020
222000,"Gef hrliche und schwere K rperverletzung, Verst mmelung weiblicher Genitalien    224, 226, 226a, 231 StGB",3103000,Wolfsburg,insg.,226,162,64,3,0,3,8,6,2,11,6,5,26,15,11,31,22,9,148,113,35,10,6,4,158,119,39,2020
222000,"Gef hrliche und schwere K rperverletzung, Verst mmelung weiblicher Genitalien    224, 226, 226a, 231 StGB",5124000,Wuppertal,voll.,922,612,310,4,3,1,63,34,29,67,37,30,102,72,30,100,73,27,611,397,214,42,33,9,653,430,223,2020
222000,"Gef hrliche und schwere K rperverletzung, Verst mmelung weiblicher Genitalien    224, 226, 226a, 231 StGB",5124000,Wuppertal,vers.,215,131,84,5,0,5,13,9,4,18,9,9,14,11,3,16,9,7,155,94,61,12,8,4,167,102,65,2020
222000,"Gef hrliche und schwere K rperverletzung, Verst mmelung weiblicher Genitalien    224, 226, 226a, 231 StGB",5124000,Wuppertal,insg.,1137,743,394,9,3,6,76,43,33,85,46,39,116,83,33,116,82,34,766,491,275,54,41,13,820,532,288,2020
222000,"Gef hrliche und schwere K rperverletzung, Verst mmelung weiblicher Genitalien    224, 226, 226a, 231 StGB",9663000,W rzburg,voll.,268,203,65,1,0,1,8,5,3,9,5,4,23,13,10,44,36,8,183,145,38,9,4,5,192,149,43,2020
222000,"Gef hrliche und schwere K rperverletzung, Verst mmelung weiblicher Genitalien    224, 226, 226a, 231 StGB",9663000,W rzburg,vers.,75,53,22,1,1,0,0,0,0,1,1,0,3,3,0,6,3,3,62,44,18,3,2,1,65,46,19,2020
222000,"Gef hrliche und schwere K rperverletzung, Verst mmelung weiblicher Genitalien    224, 226, 226a, 231 StGB",9663000,W rzburg,insg.,343,256,87,2,1,1,8,5,3,10,6,4,26,16,10,50,39,11,245,189,56,12,6,6,257,195,62,2020
224000,Vors tzliche einfache K rperverletzung   223 StGB,5334002,Aachen,voll.,1685,963,722,15,13,2,59,39,20,74,52,22,98,46,52,142,88,54,1253,704,549,118,73,45,1371,777,594,2020
224000,Vors tzliche einfache K rperverletzung   223 StGB,5334002,Aachen,vers.,67,43,24,0,0,0,2,1,1,2,1,1,1,1,0,1,1,0,59,39,20,4,1,3,63,40,23,2020
224000,Vors tzliche einfache K rperverletzung   223 StGB,5334002,Aachen,insg.,1752,1006,746,15,13,2,61,40,21,76,53,23,99,47,52,143,89,54,1312,743,569,122,74,48,1434,817,617,2020
224000,Vors tzliche einfache K rperverletzung   223 StGB,9761000,Augsburg,voll.,2074,1269,805,21,10,11,98,64,34,119,74,45,136,85,51,237,132,105,1485,926,559,97,52,45,1582,978,604,2020
224000,Vors tzliche einfache K rperverletzung   223 StGB,9761000,Augsburg,vers.,190,144,46,1,0,1,1,1,0,2,1,1,13,8,5,13,11,2,149,116,33,13,8,5,162,124,38,2020
224000,Vors tzliche einfache K rperverletzung   223 StGB,9761000,Augsburg,insg.,2264,1413,851,22,10,12,99,65,34,121,75,46,149,93,56,250,143,107,1634,1042,592,110,60,50,1744,1102,642,2020
224000,Vors tzliche einfache K rperverletzung   223 StGB,5378004,Bergisch Gladbach,voll.,520,269,251,5,1,4,21,14,7,26,15,11,44,18,26,40,28,12,361,179,182,49,29,20,410,208,202,2020
224000,Vors tzliche einfache K rperverletzung   223 StGB,5378004,Bergisch Gladbach,vers.,29,19,10,1,0,1,1,1,0,2,1,1,3,1,2,0,0,0,21,15,6,3,2,1,24,17,7,2020
224000,Vors tzliche einfache K rperverletzung   223 StGB,5378004,Bergisch Gladbach,insg.,549,288,261,6,1,5,22,15,7,28,16,12,47,19,28,40,28,12,382,194,188,52,31,21,434,225,209,2020
224000,Vors tzliche einfache K rperverletzung   223 StGB,11000000,Berlin,voll.,29297,17016,12281,233,136,97,1711,1111,600,1944,1247,697,1761,1041,720,1761,946,815,21973,12689,9284,1858,1093,765,23831,13782,10049,2020
224000,Vors tzliche einfache K rperverletzung   223 StGB,11000000,Berlin,vers.,2496,1736,760,20,12,8,70,50,20,90,62,28,112,73,39,105,72,33,1980,1397,583,209,132,77,2189,1529,660,2020
224000,Vors tzliche einfache K rperverletzung   223 StGB,11000000,Berlin,insg.,31793,18752,13041,253,148,105,1781,1161,620,2034,1309,725,1873,1114,759,1866,1018,848,23953,14086,9867,2067,1225,842,26020,15311,10709,2020
224000,Vors tzliche einfache K rperverletzung   223 StGB,5711000,Bielefeld,voll.,1625,881,744,13,8,5,76,50,26,89,58,31,97,55,42,140,75,65,1200,636,564,99,57,42,1299,693,606,2020
224000,Vors tzliche einfache K rperverletzung   223 StGB,5711000,Bielefeld,vers.,56,28,28,0,0,0,0,0,0,0,0,0,4,2,2,1,1,0,44,20,24,7,5,2,51,25,26,2020
224000,Vors tzliche einfache K rperverletzung   223 StGB,5711000,Bielefeld,insg.,1681,909,772,13,8,5,76,50,26,89,58,31,101,57,44,141,76,65,1244,656,588,106,62,44,1350,718,632,2020
224000,Vors tzliche einfache K rperverletzung   223 StGB,5911000,Bochum,voll.,2267,1261,1006,22,14,8,119,82,37,141,96,45,199,133,66,181,86,95,1588,862,726,158,84,74,1746,946,800,2020
224000,Vors tzliche einfache K rperverletzung   223 StGB,5911000,Bochum,vers.,99,68,31,0,0,0,0,0,0,0,0,0,2,1,1,6,4,2,79,56,23,12,7,5,91,63,28,2020
224000,Vors tzliche einfache K rperverletzung   223 StGB,5911000,Bochum,insg.,2366,1329,1037,22,14,8,119,82,37,141,96,45,201,134,67,187,90,97,1667,918,749,170,91,79,1837,1009,828,2020
224000,Vors tzliche einfache K rperverletzung   223 StGB,5314000,Bonn,voll.,1922,1080,842,12,6,6,71,40,31,83,46,37,133,80,53,184,105,79,1366,757,609,156,92,64,1522,849,673,2020
224000,Vors tzliche einfache K rperverletzung   223 StGB,5314000,Bonn,vers.,109,71,38,3,1,2,6,3,3,9,4,5,5,2,3,7,7,0,82,53,29,6,5,1,88,58,30,2020
224000,Vors tzliche einfache K rperverletzung   223 StGB,5314000,Bonn,insg.,2031,1151,880,15,7,8,77,43,34,92,50,42,138,82,56,191,112,79,1448,810,638,162,97,65,1610,907,703,2020
224000,Vors tzliche einfache K rperverletzung   223 StGB,5512000,Bottrop,voll.,467,221,246,3,2,1,29,13,16,32,15,17,44,19,25,38,23,15,319,151,168,34,13,21,353,164,189,2020
224000,Vors tzliche einfache K rperverletzung   223 StGB,5512000,Bottrop,vers.,21,15,6,0,0,0,1,1,0,1,1,0,1,1,0,0,0,0,16,11,5,3,2,1,19,13,6,2020
224000,Vors tzliche einfache K rperverletzung   223 StGB,5512000,Bottrop,insg.,488,236,252,3,2,1,30,14,16,33,16,17,45,20,25,38,23,15,335,162,173,37,15,22,372,177,195,2020
224000,Vors tzliche einfache K rperverletzung   223 StGB,3101000,Braunschweig,voll.,1407,832,575,8,6,2,77,38,39,85,44,41,124,69,55,144,92,52,972,583,389,82,44,38,1054,627,427,2020
224000,Vors tzliche einfache K rperverletzung   223 StGB,3101000,Braunschweig,vers.,70,41,29,0,0,0,2,1,1,2,1,1,8,4,4,4,3,1,51,30,21,5,3,2,56,33,23,2020
224000,Vors tzliche einfache K rperverletzung   223 StGB,3101000,Braunschweig,insg.,1477,873,604,8,6,2,79,39,40,87,45,42,132,73,59,148,95,53,1023,613,410,87,47,40,1110,660,450,2020
224000,Vors tzliche einfache K rperverletzung   223 StGB,4011000,Bremen,voll.,4036,2431,1605,23,11,12,136,88,48,159,99,60,233,130,103,313,197,116,3063,1849,1214,268,156,112,3331,2005,1326,2020
224000,Vors tzliche einfache K rperverletzung   223 StGB,4011000,Bremen,vers.,189,150,39,0,0,0,4,3,1,4,3,1,5,5,0,15,15,0,152,117,35,13,10,3,165,127,38,2020
224000,Vors tzliche einfache K rperverletzung   223 StGB,4011000,Bremen,insg.,4225,2581,1644,23,11,12,140,91,49,163,102,61,238,135,103,328,212,116,3215,1966,1249,281,166,115,3496,2132,1364,2020
224000,Vors tzliche einfache K rperverletzung   223 StGB,4012000,Bremerhaven,voll.,967,550,417,6,4,2,55,39,16,61,43,18,90,39,51,74,41,33,684,387,297,58,40,18,742,427,315,2020
224000,Vors tzliche einfache K rperverletzung   223 StGB,4012000,Bremerhaven,vers.,24,17,7,0,0,0,0,0,0,0,0,0,1,1,0,1,1,0,18,13,5,4,2,2,22,15,7,2020
224000,Vors tzliche einfache K rperverletzung   223 StGB,4012000,Bremerhaven,insg.,991,567,424,6,4,2,55,39,16,61,43,18,91,40,51,75,42,33,702,400,302,62,42,20,764,442,322,2020
224000,Vors tzliche einfache K rperverletzung   223 StGB,14511000,Chemnitz,voll.,1090,623,467,9,4,5,49,31,18,58,35,23,107,68,39,107,56,51,752,423,329,66,41,25,818,464,354,2020
224000,Vors tzliche einfache K rperverletzung   223 StGB,14511000,Chemnitz,vers.,25,17,8,0,0,0,0,0,0,0,0,0,1,1,0,1,1,0,20,13,7,3,2,1,23,15,8,2020
224000,Vors tzliche einfache K rperverletzung   223 StGB,14511000,Chemnitz,insg.,1115,640,475,9,4,5,49,31,18,58,35,23,108,69,39,108,57,51,772,436,336,69,43,26,841,479,362,2020
224000,Vors tzliche einfache K rperverletzung   223 StGB,6411000,Darmstadt,voll.,663,330,333,6,3,3,30,20,10,36,23,13,45,28,17,58,28,30,485,230,255,39,21,18,524,251,273,2020
224000,Vors tzliche einfache K rperverletzung   223 StGB,6411000,Darmstadt,vers.,20,13,7,0,0,0,0,0,0,0,0,0,0,0,0,1,0,1,17,11,6,2,2,0,19,13,6,2020
224000,Vors tzliche einfache K rperverletzung   223 StGB,6411000,Darmstadt,insg.,683,343,340,6,3,3,30,20,10,36,23,13,45,28,17,59,28,31,502,241,261,41,23,18,543,264,279,2020
224000,Vors tzliche einfache K rperverletzung   223 StGB,5913000,Dortmund,voll.,4047,2176,1871,24,13,11,184,108,76,208,121,87,310,173,137,306,153,153,2964,1581,1383,259,148,111,3223,1729,1494,2020
224000,Vors tzliche einfache K rperverletzung   223 StGB,5913000,Dortmund,vers.,190,110,80,2,1,1,6,6,0,8,7,1,6,5,1,4,2,2,158,87,71,14,9,5,172,96,76,2020
224000,Vors tzliche einfache K rperverletzung   223 StGB,5913000,Dortmund,insg.,4237,2286,1951,26,14,12,190,114,76,216,128,88,316,178,138,310,155,155,3122,1668,1454,273,157,116,3395,1825,1570,2020
224000,Vors tzliche einfache K rperverletzung   223 StGB,14612000,Dresden,voll.,2628,1566,1062,36,26,10,172,110,62,208,136,72,234,148,86,244,146,98,1774,1041,733,168,95,73,1942,1136,806,2020
224000,Vors tzliche einfache K rperverletzung   223 StGB,14612000,Dresden,vers.,120,87,33,0,0,0,5,4,1,5,4,1,8,7,1,6,3,3,92,69,23,9,4,5,101,73,28,2020
224000,Vors tzliche einfache K rperverletzung   223 StGB,14612000,Dresden,insg.,2748,1653,1095,36,26,10,177,114,63,213,140,73,242,155,87,250,149,101,1866,1110,756,177,99,78,2043,1209,834,2020
224000,Vors tzliche einfache K rperverletzung   223 StGB,5112000,Duisburg,voll.,3133,1533,1600,29,19,10,199,110,89,228,129,99,274,146,128,210,107,103,2223,1041,1182,198,110,88,2421,1151,1270,2020
224000,Vors tzliche einfache K rperverletzung   223 StGB,5112000,Duisburg,vers.,113,57,56,3,0,3,2,0,2,5,0,5,4,3,1,6,2,4,84,44,40,14,8,6,98,52,46,2020
224000,Vors tzliche einfache K rperverletzung   223 StGB,5112000,Duisburg,insg.,3246,1590,1656,32,19,13,201,110,91,233,129,104,278,149,129,216,109,107,2307,1085,1222,212,118,94,2519,1203,1316,2020
224000,Vors tzliche einfache K rperverletzung   223 StGB,5111000,D sseldorf,voll.,4101,2529,1572,21,9,12,140,94,46,161,103,58,300,183,117,410,274,136,2948,1797,1151,282,172,110,3230,1969,1261,2020
224000,Vors tzliche einfache K rperverletzung   223 StGB,5111000,D sseldorf,vers.,168,121,47,2,1,1,3,2,1,5,3,2,7,6,1,10,5,5,131,99,32,15,8,7,146,107,39,2020
224000,Vors tzliche einfache K rperverletzung   223 StGB,5111000,D sseldorf,insg.,4269,2650,1619,23,10,13,143,96,47,166,106,60,307,189,118,420,279,141,3079,1896,1183,297,180,117,3376,2076,1300,2020
224000,Vors tzliche einfache K rperverletzung   223 StGB,16051000,Erfurt,voll.,1888,1107,781,16,7,9,91,59,32,107,66,41,149,82,67,200,119,81,1337,792,545,95,48,47,1432,840,592,2020
224000,Vors tzliche einfache K rperverletzung   223 StGB,16051000,Erfurt,vers.,148,94,54,0,0,0,6,3,3,6,3,3,3,2,1,13,7,6,109,71,38,17,11,6,126,82,44,2020
224000,Vors tzliche einfache K rperverletzung   223 StGB,16051000,Erfurt,insg.,2036,1201,835,16,7,9,97,62,35,113,69,44,152,84,68,213,126,87,1446,863,583,112,59,53,1558,922,636,2020
224000,Vors tzliche einfache K rperverletzung   223 StGB,9562000,Erlangen,voll.,414,235,179,3,3,0,8,5,3,11,8,3,26,15,11,43,22,21,309,176,133,25,14,11,334,190,144,2020
224000,Vors tzliche einfache K rperverletzung   223 StGB,9562000,Erlangen,vers.,32,25,7,0,0,0,0,0,0,0,0,0,1,1,0,5,5,0,24,17,7,2,2,0,26,19,7,2020
224000,Vors tzliche einfache K rperverletzung   223 StGB,9562000,Erlangen,insg.,446,260,186,3,3,0,8,5,3,11,8,3,27,16,11,48,27,21,333,193,140,27,16,11,360,209,151,2020
224000,Vors tzliche einfache K rperverletzung   223 StGB,5113000,Essen,voll.,3001,1573,1428,22,13,9,186,115,71,208,128,80,222,122,100,185,90,95,2198,1124,1074,188,109,79,2386,1233,1153,2020
224000,Vors tzliche einfache K rperverletzung   223 StGB,5113000,Essen,vers.,106,64,42,0,0,0,3,1,2,3,1,2,4,2,2,4,2,2,87,55,32,8,4,4,95,59,36,2020
224000,Vors tzliche einfache K rperverletzung   223 StGB,5113000,Essen,insg.,3107,1637,1470,22,13,9,189,116,73,211,129,82,226,124,102,189,92,97,2285,1179,1106,196,113,83,2481,1292,1189,2020
224000,Vors tzliche einfache K rperverletzung   223 StGB,6412000,Frankfurt am Main,voll.,4363,2526,1837,37,25,12,99,69,30,136,94,42,181,101,80,268,120,148,3494,2032,1462,284,179,105,3778,2211,1567,2020
224000,Vors tzliche einfache K rperverletzung   223 StGB,6412000,Frankfurt am Main,vers.,234,156,78,0,0,0,4,1,3,4,1,3,8,4,4,10,6,4,190,132,58,22,13,9,212,145,67,2020
224000,Vors tzliche einfache K rperverletzung   223 StGB,6412000,Frankfurt am Main,insg.,4597,2682,1915,37,25,12,103,70,33,140,95,45,189,105,84,278,126,152,3684,2164,1520,306,192,114,3990,2356,1634,2020
224000,Vors tzliche einfache K rperverletzung   223 StGB,8311000,Freiburg im Breisgau,voll.,1831,1189,642,12,7,5,76,44,32,88,51,37,111,62,49,188,124,64,1285,843,442,159,109,50,1444,952,492,2020
224000,Vors tzliche einfache K rperverletzung   223 StGB,8311000,Freiburg im Breisgau,vers.,127,81,46,1,1,0,2,2,0,3,3,0,1,0,1,10,8,2,94,56,38,19,14,5,113,70,43,2020
224000,Vors tzliche einfache K rperverletzung   223 StGB,8311000,Freiburg im Breisgau,insg.,1958,1270,688,13,8,5,78,46,32,91,54,37,112,62,50,198,132,66,1379,899,480,178,123,55,1557,1022,535,2020
224000,Vors tzliche einfache K rperverletzung   223 StGB,9563000,F rth,voll.,395,219,176,7,4,3,21,10,11,28,14,14,33,19,14,29,14,15,282,157,125,23,15,8,305,172,133,2020
224000,Vors tzliche einfache K rperverletzung   223 StGB,9563000,F rth,vers.,28,21,7,0,0,0,0,0,0,0,0,0,0,0,0,4,3,1,20,15,5,4,3,1,24,18,6,2020
224000,Vors tzliche einfache K rperverletzung   223 StGB,9563000,F rth,insg.,423,240,183,7,4,3,21,10,11,28,14,14,33,19,14,33,17,16,302,172,130,27,18,9,329,190,139,2020
224000,Vors tzliche einfache K rperverletzung   223 StGB,5513000,Gelsenkirchen,voll.,1841,934,907,6,3,3,119,80,39,125,83,42,156,79,77,143,73,70,1284,626,658,133,73,60,1417,699,718,2020
224000,Vors tzliche einfache K rperverletzung   223 StGB,5513000,Gelsenkirchen,vers.,65,37,28,1,0,1,2,1,1,3,1,2,5,3,2,2,1,1,43,26,17,12,6,6,55,32,23,2020
224000,Vors tzliche einfache K rperverletzung   223 StGB,5513000,Gelsenkirchen,insg.,1906,971,935,7,3,4,121,81,40,128,84,44,161,82,79,145,74,71,1327,652,675,145,79,66,1472,731,741,2020
224000,Vors tzliche einfache K rperverletzung   223 StGB,3159016,G ttingen,voll.,858,501,357,5,4,1,25,16,9,30,20,10,46,23,23,85,51,34,634,370,264,63,37,26,697,407,290,2020
224000,Vors tzliche einfache K rperverletzung   223 StGB,3159016,G ttingen,vers.,55,38,17,0,0,0,1,0,1,1,0,1,1,0,1,5,3,2,42,31,11,6,4,2,48,35,13,2020
224000,Vors tzliche einfache K rperverletzung   223 StGB,3159016,G ttingen,insg.,913,539,374,5,4,1,26,16,10,31,20,11,47,23,24,90,54,36,676,401,275,69,41,28,745,442,303,2020
224000,Vors tzliche einfache K rperverletzung   223 StGB,5754008,G tersloh,voll.,481,254,227,3,2,1,21,9,12,24,11,13,27,18,9,36,27,9,354,175,179,40,23,17,394,198,196,2020
224000,Vors tzliche einfache K rperverletzung   223 StGB,5754008,G tersloh,vers.,20,12,8,0,0,0,0,0,0,0,0,0,1,0,1,0,0,0,15,12,3,4,0,4,19,12,7,2020
224000,Vors tzliche einfache K rperverletzung   223 StGB,5754008,G tersloh,insg.,501,266,235,3,2,1,21,9,12,24,11,13,28,18,10,36,27,9,369,187,182,44,23,21,413,210,203,2020
224000,Vors tzliche einfache K rperverletzung   223 StGB,5914000,Hagen,voll.,1220,679,541,6,1,5,83,62,21,89,63,26,111,64,47,112,58,54,832,446,386,76,48,28,908,494,414,2020
224000,Vors tzliche einfache K rperverletzung   223 StGB,5914000,Hagen,vers.,54,33,21,0,0,0,1,1,0,1,1,0,1,1,0,2,1,1,47,28,19,3,2,1,50,30,20,2020
224000,Vors tzliche einfache K rperverletzung   223 StGB,5914000,Hagen,insg.,1274,712,562,6,1,5,84,63,21,90,64,26,112,65,47,114,59,55,879,474,405,79,50,29,958,524,434,2020
224000,Vors tzliche einfache K rperverletzung   223 StGB,15002000,Halle (Saale),voll.,2113,1257,856,18,10,8,159,106,53,177,116,61,169,98,71,194,111,83,1476,875,601,97,57,40,1573,932,641,2020
224000,Vors tzliche einfache K rperverletzung   223 StGB,15002000,Halle (Saale),vers.,151,103,48,0,0,0,1,1,0,1,1,0,10,9,1,12,8,4,118,79,39,10,6,4,128,85,43,2020
224000,Vors tzliche einfache K rperverletzung   223 StGB,15002000,Halle (Saale),insg.,2264,1360,904,18,10,8,160,107,53,178,117,61,179,107,72,206,119,87,1594,954,640,107,63,44,1701,1017,684,2020
224000,Vors tzliche einfache K rperverletzung   223 StGB,2000000,Hamburg,voll.,14866,8744,6122,86,55,31,624,407,217,710,462,248,812,463,349,1115,626,489,11301,6646,4655,928,547,381,12229,7193,5036,2020
224000,Vors tzliche einfache K rperverletzung   223 StGB,2000000,Hamburg,vers.,556,381,175,2,2,0,6,2,4,8,4,4,20,15,5,23,15,8,467,322,145,38,25,13,505,347,158,2020
224000,Vors tzliche einfache K rperverletzung   223 StGB,2000000,Hamburg,insg.,15422,9125,6297,88,57,31,630,409,221,718,466,252,832,478,354,1138,641,497,11768,6968,4800,966,572,394,12734,7540,5194,2020
224000,Vors tzliche einfache K rperverletzung   223 StGB,5915000,Hamm,voll.,1155,586,569,14,8,6,64,50,14,78,58,20,111,60,51,84,36,48,818,393,425,64,39,25,882,432,450,2020
224000,Vors tzliche einfache K rperverletzung   223 StGB,5915000,Hamm,vers.,50,28,22,0,0,0,2,1,1,2,1,1,2,1,1,5,1,4,35,21,14,6,4,2,41,25,16,2020
224000,Vors tzliche einfache K rperverletzung   223 StGB,5915000,Hamm,insg.,1205,614,591,14,8,6,66,51,15,80,59,21,113,61,52,89,37,52,853,414,439,70,43,27,923,457,466,2020
224000,Vors tzliche einfache K rperverletzung   223 StGB,3241001,Hannover,voll.,4628,2802,1826,27,17,10,206,142,64,233,159,74,320,155,165,383,248,135,3444,2078,1366,248,162,86,3692,2240,1452,2020
224000,Vors tzliche einfache K rperverletzung   223 StGB,3241001,Hannover,vers.,332,245,87,4,0,4,8,6,2,12,6,6,12,8,4,15,13,2,270,205,65,23,13,10,293,218,75,2020
224000,Vors tzliche einfache K rperverletzung   223 StGB,3241001,Hannover,insg.,4960,3047,1913,31,17,14,214,148,66,245,165,80,332,163,169,398,261,137,3714,2283,1431,271,175,96,3985,2458,1527,2020
224000,Vors tzliche einfache K rperverletzung   223 StGB,8221000,Heidelberg,voll.,769,490,279,5,4,1,28,22,6,33,26,7,30,20,10,59,37,22,578,369,209,69,38,31,647,407,240,2020
224000,Vors tzliche einfache K rperverletzung   223 StGB,8221000,Heidelberg,vers.,51,33,18,2,2,0,0,0,0,2,2,0,2,2,0,0,0,0,36,22,14,11,7,4,47,29,18,2020
224000,Vors tzliche einfache K rperverletzung   223 StGB,8221000,Heidelberg,insg.,820,523,297,7,6,1,28,22,6,35,28,7,32,22,10,59,37,22,614,391,223,80,45,35,694,436,258,2020
224000,Vors tzliche einfache K rperverletzung   223 StGB,8121000,Heilbronn,voll.,673,414,259,4,4,0,26,18,8,30,22,8,47,27,20,48,33,15,506,303,203,42,29,13,548,332,216,2020
224000,Vors tzliche einfache K rperverletzung   223 StGB,8121000,Heilbronn,vers.,24,18,6,0,0,0,0,0,0,0,0,0,1,1,0,0,0,0,20,15,5,3,2,1,23,17,6,2020
224000,Vors tzliche einfache K rperverletzung   223 StGB,8121000,Heilbronn,insg.,697,432,265,4,4,0,26,18,8,30,22,8,48,28,20,48,33,15,526,318,208,45,31,14,571,349,222,2020
224000,Vors tzliche einfache K rperverletzung   223 StGB,5916000,Herne,voll.,1053,517,536,5,3,2,51,40,11,56,43,13,90,44,46,109,47,62,733,355,378,65,28,37,798,383,415,2020
224000,Vors tzliche einfache K rperverletzung   223 StGB,5916000,Herne,vers.,26,18,8,0,0,0,0,0,0,0,0,0,1,1,0,2,1,1,22,15,7,1,1,0,23,16,7,2020
224000,Vors tzliche einfache K rperverletzung   223 StGB,5916000,Herne,insg.,1079,535,544,5,3,2,51,40,11,56,43,13,91,45,46,111,48,63,755,370,385,66,29,37,821,399,422,2020
224000,Vors tzliche einfache K rperverletzung   223 StGB,3254021,Hildesheim,voll.,716,365,351,4,2,2,39,24,15,43,26,17,73,33,40,67,25,42,492,252,240,41,29,12,533,281,252,2020
224000,Vors tzliche einfache K rperverletzung   223 StGB,3254021,Hildesheim,vers.,36,22,14,0,0,0,0,0,0,0,0,0,2,1,1,2,0,2,28,17,11,4,4,0,32,21,11,2020
224000,Vors tzliche einfache K rperverletzung   223 StGB,3254021,Hildesheim,insg.,752,387,365,4,2,2,39,24,15,43,26,17,75,34,41,69,25,44,520,269,251,45,33,12,565,302,263,2020
224000,Vors tzliche einfache K rperverletzung   223 StGB,9161000,Ingolstadt,voll.,728,433,295,10,8,2,41,30,11,51,38,13,45,29,16,52,34,18,542,310,232,38,22,16,580,332,248,2020
224000,Vors tzliche einfache K rperverletzung   223 StGB,9161000,Ingolstadt,vers.,72,49,23,2,2,0,2,2,0,4,4,0,5,2,3,8,5,3,54,38,16,1,0,1,55,38,17,2020
224000,Vors tzliche einfache K rperverletzung   223 StGB,9161000,Ingolstadt,insg.,800,482,318,12,10,2,43,32,11,55,42,13,50,31,19,60,39,21,596,348,248,39,22,17,635,370,265,2020
224000,Vors tzliche einfache K rperverletzung   223 StGB,16053000,Jena,voll.,479,296,183,4,4,0,25,20,5,29,24,5,40,18,22,35,14,21,362,233,129,13,7,6,375,240,135,2020
224000,Vors tzliche einfache K rperverletzung   223 StGB,16053000,Jena,vers.,29,22,7,0,0,0,0,0,0,0,0,0,3,3,0,4,3,1,19,14,5,3,2,1,22,16,6,2020
224000,Vors tzliche einfache K rperverletzung   223 StGB,16053000,Jena,insg.,508,318,190,4,4,0,25,20,5,29,24,5,43,21,22,39,17,22,381,247,134,16,9,7,397,256,141,2020
224000,Vors tzliche einfache K rperverletzung   223 StGB,7312000,Kaiserslautern,voll.,1024,622,402,8,3,5,34,24,10,42,27,15,127,89,38,131,78,53,667,399,268,57,29,28,724,428,296,2020
224000,Vors tzliche einfache K rperverletzung   223 StGB,7312000,Kaiserslautern,vers.,106,77,29,4,3,1,2,2,0,6,5,1,8,6,2,2,2,0,83,58,25,7,6,1,90,64,26,2020
224000,Vors tzliche einfache K rperverletzung   223 StGB,7312000,Kaiserslautern,insg.,1130,699,431,12,6,6,36,26,10,48,32,16,135,95,40,133,80,53,750,457,293,64,35,29,814,492,322,2020
224000,Vors tzliche einfache K rperverletzung   223 StGB,8212000,Karlsruhe,voll.,1357,806,551,9,5,4,58,39,19,67,44,23,73,46,27,113,71,42,1007,591,416,97,54,43,1104,645,459,2020
224000,Vors tzliche einfache K rperverletzung   223 StGB,8212000,Karlsruhe,vers.,84,50,34,1,1,0,2,0,2,3,1,2,6,5,1,6,4,2,59,34,25,10,6,4,69,40,29,2020
224000,Vors tzliche einfache K rperverletzung   223 StGB,8212000,Karlsruhe,insg.,1441,856,585,10,6,4,60,39,21,70,45,25,79,51,28,119,75,44,1066,625,441,107,60,47,1173,685,488,2020
224000,Vors tzliche einfache K rperverletzung   223 StGB,6611000,Kassel,voll.,1151,607,544,8,4,4,45,28,17,53,32,21,81,48,33,92,45,47,857,435,422,68,47,21,925,482,443,2020
224000,Vors tzliche einfache K rperverletzung   223 StGB,6611000,Kassel,vers.,43,25,18,0,0,0,0,0,0,0,0,0,1,0,1,2,2,0,33,18,15,7,5,2,40,23,17,2020
224000,Vors tzliche einfache K rperverletzung   223 StGB,6611000,Kassel,insg.,1194,632,562,8,4,4,45,28,17,53,32,21,82,48,34,94,47,47,890,453,437,75,52,23,965,505,460,2020
224000,Vors tzliche einfache K rperverletzung   223 StGB,1002000,Kiel,voll.,1735,1051,684,6,4,2,76,50,26,82,54,28,121,78,43,145,90,55,1303,781,522,84,48,36,1387,829,558,2020
224000,Vors tzliche einfache K rperverletzung   223 StGB,1002000,Kiel,vers.,53,37,16,0,0,0,1,1,0,1,1,0,4,3,1,1,0,1,42,29,13,5,4,1,47,33,14,2020
224000,Vors tzliche einfache K rperverletzung   223 StGB,1002000,Kiel,insg.,1788,1088,700,6,4,2,77,51,26,83,55,28,125,81,44,146,90,56,1345,810,535,89,52,37,1434,862,572,2020
224000,Vors tzliche einfache K rperverletzung   223 StGB,7111000,Koblenz,voll.,839,492,347,2,0,2,27,17,10,29,17,12,65,39,26,83,57,26,626,361,265,36,18,18,662,379,283,2020
224000,Vors tzliche einfache K rperverletzung   223 StGB,7111000,Koblenz,vers.,78,46,32,0,0,0,0,0,0,0,0,0,8,4,4,7,4,3,53,30,23,10,8,2,63,38,25,2020
224000,Vors tzliche einfache K rperverletzung   223 StGB,7111000,Koblenz,insg.,917,538,379,2,0,2,27,17,10,29,17,12,73,43,30,90,61,29,679,391,288,46,26,20,725,417,308,2020
224000,Vors tzliche einfache K rperverletzung   223 StGB,5315000,K ln,voll.,8584,4851,3733,47,30,17,313,206,107,360,236,124,477,259,218,660,395,265,6480,3615,2865,607,346,261,7087,3961,3126,2020
224000,Vors tzliche einfache K rperverletzung   223 StGB,5315000,K ln,vers.,409,240,169,1,0,1,7,3,4,8,3,5,13,9,4,22,13,9,326,190,136,40,25,15,366,215,151,2020
224000,Vors tzliche einfache K rperverletzung   223 StGB,5315000,K ln,insg.,8993,5091,3902,48,30,18,320,209,111,368,239,129,490,268,222,682,408,274,6806,3805,3001,647,371,276,7453,4176,3277,2020
224000,Vors tzliche einfache K rperverletzung   223 StGB,5114000,Krefeld,voll.,1737,925,812,14,8,6,86,63,23,100,71,29,142,83,59,143,76,67,1236,629,607,116,66,50,1352,695,657,2020
224000,Vors tzliche einfache K rperverletzung   223 StGB,5114000,Krefeld,vers.,65,45,20,0,0,0,2,2,0,2,2,0,5,1,4,3,2,1,49,36,13,6,4,2,55,40,15,2020
224000,Vors tzliche einfache K rperverletzung   223 StGB,5114000,Krefeld,insg.,1802,970,832,14,8,6,88,65,23,102,73,29,147,84,63,146,78,68,1285,665,620,122,70,52,1407,735,672,2020
224000,Vors tzliche einfache K rperverletzung   223 StGB,14713000,Leipzig,voll.,3163,1843,1320,31,18,13,149,99,50,180,117,63,227,113,114,257,163,94,2303,1335,968,196,115,81,2499,1450,1049,2020
224000,Vors tzliche einfache K rperverletzung   223 StGB,14713000,Leipzig,vers.,148,107,41,1,1,0,5,3,2,6,4,2,6,5,1,4,2,2,118,86,32,14,10,4,132,96,36,2020
224000,Vors tzliche einfache K rperverletzung   223 StGB,14713000,Leipzig,insg.,3311,1950,1361,32,19,13,154,102,52,186,121,65,233,118,115,261,165,96,2421,1421,1000,210,125,85,2631,1546,1085,2020
224000,Vors tzliche einfache K rperverletzung   223 StGB,5316000,Leverkusen,voll.,935,483,452,2,0,2,40,24,16,42,24,18,77,34,43,86,53,33,667,332,335,63,40,23,730,372,358,2020
224000,Vors tzliche einfache K rperverletzung   223 StGB,5316000,Leverkusen,vers.,52,32,20,0,0,0,0,0,0,0,0,0,4,2,2,3,3,0,38,22,16,7,5,2,45,27,18,2020
224000,Vors tzliche einfache K rperverletzung   223 StGB,5316000,Leverkusen,insg.,987,515,472,2,0,2,40,24,16,42,24,18,81,36,45,89,56,33,705,354,351,70,45,25,775,399,376,2020
224000,Vors tzliche einfache K rperverletzung   223 StGB,1003000,L beck,voll.,1696,1005,691,10,9,1,92,53,39,102,62,40,133,88,45,128,75,53,1218,708,510,115,72,43,1333,780,553,2020
224000,Vors tzliche einfache K rperverletzung   223 StGB,1003000,L beck,vers.,118,82,36,0,0,0,1,1,0,1,1,0,4,2,2,7,5,2,92,66,26,14,8,6,106,74,32,2020
224000,Vors tzliche einfache K rperverletzung   223 StGB,1003000,L beck,insg.,1814,1087,727,10,9,1,93,54,39,103,63,40,137,90,47,135,80,55,1310,774,536,129,80,49,1439,854,585,2020
224000,Vors tzliche einfache K rperverletzung   223 StGB,7314000,Ludwigshafen am Rhein,voll.,1413,763,650,11,6,5,93,63,30,104,69,35,109,60,49,95,57,38,1027,529,498,78,48,30,1105,577,528,2020
224000,Vors tzliche einfache K rperverletzung   223 StGB,7314000,Ludwigshafen am Rhein,vers.,116,81,35,1,1,0,4,2,2,5,3,2,9,5,4,11,8,3,83,58,25,8,7,1,91,65,26,2020
224000,Vors tzliche einfache K rperverletzung   223 StGB,7314000,Ludwigshafen am Rhein,insg.,1529,844,685,12,7,5,97,65,32,109,72,37,118,65,53,106,65,41,1110,587,523,86,55,31,1196,642,554,2020
224000,Vors tzliche einfache K rperverletzung   223 StGB,15003000,Magdeburg,voll.,1476,869,607,8,5,3,98,64,34,106,69,37,124,67,57,110,64,46,1026,606,420,110,63,47,1136,669,467,2020
224000,Vors tzliche einfache K rperverletzung   223 StGB,15003000,Magdeburg,vers.,82,55,27,0,0,0,3,1,2,3,1,2,1,1,0,9,4,5,62,44,18,7,5,2,69,49,20,2020
224000,Vors tzliche einfache K rperverletzung   223 StGB,15003000,Magdeburg,insg.,1558,924,634,8,5,3,101,65,36,109,70,39,125,68,57,119,68,51,1088,650,438,117,68,49,1205,718,487,2020
224000,Vors tzliche einfache K rperverletzung   223 StGB,7315000,Mainz,voll.,1231,785,446,8,6,2,45,32,13,53,38,15,105,59,46,136,88,48,866,552,314,71,48,23,937,600,337,2020
224000,Vors tzliche einfache K rperverletzung   223 StGB,7315000,Mainz,vers.,93,64,29,1,0,1,1,1,0,2,1,1,5,3,2,7,5,2,66,49,17,13,6,7,79,55,24,2020
224000,Vors tzliche einfache K rperverletzung   223 StGB,7315000,Mainz,insg.,1324,849,475,9,6,3,46,33,13,55,39,16,110,62,48,143,93,50,932,601,331,84,54,30,1016,655,361,2020
224000,Vors tzliche einfache K rperverletzung   223 StGB,8222000,Mannheim,voll.,1603,847,756,6,4,2,81,51,30,87,55,32,118,69,49,121,63,58,1183,599,584,94,61,33,1277,660,617,2020
224000,Vors tzliche einfache K rperverletzung   223 StGB,8222000,Mannheim,vers.,73,55,18,1,1,0,1,1,0,2,2,0,2,1,1,4,1,3,55,43,12,10,8,2,65,51,14,2020
224000,Vors tzliche einfache K rperverletzung   223 StGB,8222000,Mannheim,insg.,1676,902,774,7,5,2,82,52,30,89,57,32,120,70,50,125,64,61,1238,642,596,104,69,35,1342,711,631,2020
224000,Vors tzliche einfache K rperverletzung   223 StGB,5170024,Moers,voll.,494,235,259,21,11,10,36,19,17,57,30,27,41,23,18,45,18,27,319,149,170,32,15,17,351,164,187,2020
224000,Vors tzliche einfache K rperverletzung   223 StGB,5170024,Moers,vers.,12,9,3,0,0,0,0,0,0,0,0,0,0,0,0,1,1,0,9,6,3,2,2,0,11,8,3,2020
224000,Vors tzliche einfache K rperverletzung   223 StGB,5170024,Moers,insg.,506,244,262,21,11,10,36,19,17,57,30,27,41,23,18,46,19,27,328,155,173,34,17,17,362,172,190,2020
224000,Vors tzliche einfache K rperverletzung   223 StGB,5116000,M nchengladbach,voll.,1528,774,754,10,8,2,53,31,22,63,39,24,102,55,47,136,71,65,1125,553,572,102,56,46,1227,609,618,2020
224000,Vors tzliche einfache K rperverletzung   223 StGB,5116000,M nchengladbach,vers.,71,46,25,0,0,0,4,4,0,4,4,0,2,1,1,2,1,1,57,34,23,6,6,0,63,40,23,2020
224000,Vors tzliche einfache K rperverletzung   223 StGB,5116000,M nchengladbach,insg.,1599,820,779,10,8,2,57,35,22,67,43,24,104,56,48,138,72,66,1182,587,595,108,62,46,1290,649,641,2020
224000,Vors tzliche einfache K rperverletzung   223 StGB,5117000,M lheim an der Ruhr,voll.,635,344,291,7,4,3,35,28,7,42,32,10,60,41,19,48,23,25,433,222,211,52,26,26,485,248,237,2020
224000,Vors tzliche einfache K rperverletzung   223 StGB,5117000,M lheim an der Ruhr,vers.,40,26,14,1,1,0,0,0,0,1,1,0,1,0,1,2,0,2,30,19,11,6,6,0,36,25,11,2020
224000,Vors tzliche einfache K rperverletzung   223 StGB,5117000,M lheim an der Ruhr,insg.,675,370,305,8,5,3,35,28,7,43,33,10,61,41,20,50,23,27,463,241,222,58,32,26,521,273,248,2020
224000,Vors tzliche einfache K rperverletzung   223 StGB,9162000,M nchen,voll.,6452,4010,2442,37,22,15,229,141,88,266,163,103,381,257,124,486,304,182,4908,3042,1866,411,244,167,5319,3286,2033,2020
224000,Vors tzliche einfache K rperverletzung   223 StGB,9162000,M nchen,vers.,500,365,135,6,2,4,10,6,4,16,8,8,17,10,7,24,18,6,400,301,99,43,28,15,443,329,114,2020
224000,Vors tzliche einfache K rperverletzung   223 StGB,9162000,M nchen,insg.,6952,4375,2577,43,24,19,239,147,92,282,171,111,398,267,131,510,322,188,5308,3343,1965,454,272,182,5762,3615,2147,2020
224000,Vors tzliche einfache K rperverletzung   223 StGB,5515000,M nster,voll.,1695,972,723,11,9,2,51,39,12,62,48,14,127,81,46,198,116,82,1210,674,536,98,53,45,1308,727,581,2020
224000,Vors tzliche einfache K rperverletzung   223 StGB,5515000,M nster,vers.,101,62,39,0,0,0,2,1,1,2,1,1,3,2,1,4,2,2,82,51,31,10,6,4,92,57,35,2020
224000,Vors tzliche einfache K rperverletzung   223 StGB,5515000,M nster,insg.,1796,1034,762,11,9,2,53,40,13,64,49,15,130,83,47,202,118,84,1292,725,567,108,59,49,1400,784,616,2020
224000,Vors tzliche einfache K rperverletzung   223 StGB,5162024,Neuss,voll.,832,450,382,5,2,3,23,16,7,28,18,10,75,44,31,81,47,34,588,308,280,60,33,27,648,341,307,2020
224000,Vors tzliche einfache K rperverletzung   223 StGB,5162024,Neuss,vers.,33,15,18,2,0,2,0,0,0,2,0,2,2,2,0,2,1,1,23,9,14,4,3,1,27,12,15,2020
224000,Vors tzliche einfache K rperverletzung   223 StGB,5162024,Neuss,insg.,865,465,400,7,2,5,23,16,7,30,18,12,77,46,31,83,48,35,611,317,294,64,36,28,675,353,322,2020
224000,Vors tzliche einfache K rperverletzung   223 StGB,9564000,N rnberg,voll.,3177,1954,1223,21,8,13,146,84,62,167,92,75,226,123,103,276,177,99,2340,1456,884,168,106,62,2508,1562,946,2020
224000,Vors tzliche einfache K rperverletzung   223 StGB,9564000,N rnberg,vers.,270,201,69,1,1,0,12,5,7,13,6,7,12,7,5,14,10,4,212,164,48,19,14,5,231,178,53,2020
224000,Vors tzliche einfache K rperverletzung   223 StGB,9564000,N rnberg,insg.,3447,2155,1292,22,9,13,158,89,69,180,98,82,238,130,108,290,187,103,2552,1620,932,187,120,67,2739,1740,999,2020
224000,Vors tzliche einfache K rperverletzung   223 StGB,5119000,Oberhausen,voll.,1157,584,573,8,3,5,73,52,21,81,55,26,98,44,54,98,44,54,795,394,401,85,47,38,880,441,439,2020
224000,Vors tzliche einfache K rperverletzung   223 StGB,5119000,Oberhausen,vers.,55,32,23,0,0,0,3,1,2,3,1,2,3,2,1,3,2,1,41,24,17,5,3,2,46,27,19,2020
224000,Vors tzliche einfache K rperverletzung   223 StGB,5119000,Oberhausen,insg.,1212,616,596,8,3,5,76,53,23,84,56,28,101,46,55,101,46,55,836,418,418,90,50,40,926,468,458,2020
224000,Vors tzliche einfache K rperverletzung   223 StGB,6413000,Offenbach am Main,voll.,555,217,338,3,1,2,28,16,12,31,17,14,34,12,22,38,17,21,415,151,264,37,20,17,452,171,281,2020
224000,Vors tzliche einfache K rperverletzung   223 StGB,6413000,Offenbach am Main,vers.,21,11,10,0,0,0,0,0,0,0,0,0,0,0,0,1,0,1,18,9,9,2,2,0,20,11,9,2020
224000,Vors tzliche einfache K rperverletzung   223 StGB,6413000,Offenbach am Main,insg.,576,228,348,3,1,2,28,16,12,31,17,14,34,12,22,39,17,22,433,160,273,39,22,17,472,182,290,2020
224000,Vors tzliche einfache K rperverletzung   223 StGB,3403000,Oldenburg (Oldenburg),voll.,909,504,405,10,4,6,40,22,18,50,26,24,85,47,38,83,53,30,628,342,286,63,36,27,691,378,313,2020
224000,Vors tzliche einfache K rperverletzung   223 StGB,3403000,Oldenburg (Oldenburg),vers.,49,31,18,0,0,0,0,0,0,0,0,0,0,0,0,5,3,2,39,24,15,5,4,1,44,28,16,2020
224000,Vors tzliche einfache K rperverletzung   223 StGB,3403000,Oldenburg (Oldenburg),insg.,958,535,423,10,4,6,40,22,18,50,26,24,85,47,38,88,56,32,667,366,301,68,40,28,735,406,329,2020
224000,Vors tzliche einfache K rperverletzung   223 StGB,3404000,Osnabr ck,voll.,890,501,389,7,5,2,53,30,23,60,35,25,79,48,31,70,44,26,628,350,278,53,24,29,681,374,307,2020
224000,Vors tzliche einfache K rperverletzung   223 StGB,3404000,Osnabr ck,vers.,28,20,8,0,0,0,0,0,0,0,0,0,1,1,0,1,1,0,23,16,7,3,2,1,26,18,8,2020
224000,Vors tzliche einfache K rperverletzung   223 StGB,3404000,Osnabr ck,insg.,918,521,397,7,5,2,53,30,23,60,35,25,80,49,31,71,45,26,651,366,285,56,26,30,707,392,315,2020
224000,Vors tzliche einfache K rperverletzung   223 StGB,5774032,Paderborn,voll.,881,537,344,7,5,2,29,18,11,36,23,13,78,55,23,90,58,32,626,367,259,51,34,17,677,401,276,2020
224000,Vors tzliche einfache K rperverletzung   223 StGB,5774032,Paderborn,vers.,53,36,17,0,0,0,1,0,1,1,0,1,1,0,1,2,1,1,44,30,14,5,5,0,49,35,14,2020
224000,Vors tzliche einfache K rperverletzung   223 StGB,5774032,Paderborn,insg.,934,573,361,7,5,2,30,18,12,37,23,14,79,55,24,92,59,33,670,397,273,56,39,17,726,436,290,2020
224000,Vors tzliche einfache K rperverletzung   223 StGB,8231000,Pforzheim,voll.,897,534,363,10,8,2,48,39,9,58,47,11,59,30,29,77,45,32,655,383,272,48,29,19,703,412,291,2020
224000,Vors tzliche einfache K rperverletzung   223 StGB,8231000,Pforzheim,vers.,47,32,15,0,0,0,2,1,1,2,1,1,6,6,0,0,0,0,38,24,14,1,1,0,39,25,14,2020
224000,Vors tzliche einfache K rperverletzung   223 StGB,8231000,Pforzheim,insg.,944,566,378,10,8,2,50,40,10,60,48,12,65,36,29,77,45,32,693,407,286,49,30,19,742,437,305,2020
224000,Vors tzliche einfache K rperverletzung   223 StGB,12054000,Potsdam,voll.,922,530,392,8,4,4,78,50,28,86,54,32,68,42,26,80,53,27,619,347,272,69,34,35,688,381,307,2020
224000,Vors tzliche einfache K rperverletzung   223 StGB,12054000,Potsdam,vers.,47,34,13,1,0,1,0,0,0,1,0,1,1,1,0,4,3,1,37,26,11,4,4,0,41,30,11,2020
224000,Vors tzliche einfache K rperverletzung   223 StGB,12054000,Potsdam,insg.,969,564,405,9,4,5,78,50,28,87,54,33,69,43,26,84,56,28,656,373,283,73,38,35,729,411,318,2020
224000,Vors tzliche einfache K rperverletzung   223 StGB,5562032,Recklinghausen,voll.,723,408,315,0,0,0,50,30,20,50,30,20,54,30,24,61,41,20,522,285,237,36,22,14,558,307,251,2020
224000,Vors tzliche einfache K rperverletzung   223 StGB,5562032,Recklinghausen,vers.,43,21,22,1,1,0,1,1,0,2,2,0,0,0,0,0,0,0,33,17,16,8,2,6,41,19,22,2020
224000,Vors tzliche einfache K rperverletzung   223 StGB,5562032,Recklinghausen,insg.,766,429,337,1,1,0,51,31,20,52,32,20,54,30,24,61,41,20,555,302,253,44,24,20,599,326,273,2020
224000,Vors tzliche einfache K rperverletzung   223 StGB,9362000,Regensburg,voll.,832,525,307,2,2,0,31,21,10,33,23,10,60,44,16,90,58,32,613,374,239,36,26,10,649,400,249,2020
224000,Vors tzliche einfache K rperverletzung   223 StGB,9362000,Regensburg,vers.,51,36,15,0,0,0,1,1,0,1,1,0,0,0,0,4,3,1,44,30,14,2,2,0,46,32,14,2020
224000,Vors tzliche einfache K rperverletzung   223 StGB,9362000,Regensburg,insg.,883,561,322,2,2,0,32,22,10,34,24,10,60,44,16,94,61,33,657,404,253,38,28,10,695,432,263,2020
224000,Vors tzliche einfache K rperverletzung   223 StGB,5120000,Remscheid,voll.,672,361,311,4,3,1,34,25,9,38,28,10,48,33,15,56,27,29,485,243,242,45,30,15,530,273,257,2020
224000,Vors tzliche einfache K rperverletzung   223 StGB,5120000,Remscheid,vers.,15,10,5,0,0,0,1,1,0,1,1,0,4,3,1,1,0,1,9,6,3,0,0,0,9,6,3,2020
224000,Vors tzliche einfache K rperverletzung   223 StGB,5120000,Remscheid,insg.,687,371,316,4,3,1,35,26,9,39,29,10,52,36,16,57,27,30,494,249,245,45,30,15,539,279,260,2020
224000,Vors tzliche einfache K rperverletzung   223 StGB,8415061,Reutlingen,voll.,632,379,253,1,0,1,42,26,16,43,26,17,61,45,16,67,43,24,427,250,177,34,15,19,461,265,196,2020
224000,Vors tzliche einfache K rperverletzung   223 StGB,8415061,Reutlingen,vers.,21,15,6,0,0,0,0,0,0,0,0,0,0,0,0,0,0,0,20,14,6,1,1,0,21,15,6,2020
224000,Vors tzliche einfache K rperverletzung   223 StGB,8415061,Reutlingen,insg.,653,394,259,1,0,1,42,26,16,43,26,17,61,45,16,67,43,24,447,264,183,35,16,19,482,280,202,2020
224000,Vors tzliche einfache K rperverletzung   223 StGB,13003000,Rostock,voll.,1111,665,446,22,11,11,85,54,31,107,65,42,100,54,46,96,63,33,735,433,302,73,50,23,808,483,325,2020
224000,Vors tzliche einfache K rperverletzung   223 StGB,13003000,Rostock,vers.,102,69,33,3,3,0,9,2,7,12,5,7,4,1,3,1,1,0,72,53,19,13,9,4,85,62,23,2020
224000,Vors tzliche einfache K rperverletzung   223 StGB,13003000,Rostock,insg.,1213,734,479,25,14,11,94,56,38,119,70,49,104,55,49,97,64,33,807,486,321,86,59,27,893,545,348,2020
224000,Vors tzliche einfache K rperverletzung   223 StGB,10041100,Saarbr cken,voll.,1664,921,743,11,9,2,84,46,38,95,55,40,123,71,52,151,81,70,1196,661,535,99,53,46,1295,714,581,2020
224000,Vors tzliche einfache K rperverletzung   223 StGB,10041100,Saarbr cken,vers.,150,99,51,2,0,2,3,2,1,5,2,3,6,4,2,6,3,3,124,84,40,9,6,3,133,90,43,2020
224000,Vors tzliche einfache K rperverletzung   223 StGB,10041100,Saarbr cken,insg.,1814,1020,794,13,9,4,87,48,39,100,57,43,129,75,54,157,84,73,1320,745,575,108,59,49,1428,804,624,2020
224000,Vors tzliche einfache K rperverletzung   223 StGB,3102000,Salzgitter,voll.,673,375,298,5,1,4,55,41,14,60,42,18,84,55,29,63,31,32,439,231,208,27,16,11,466,247,219,2020
224000,Vors tzliche einfache K rperverletzung   223 StGB,3102000,Salzgitter,vers.,20,11,9,0,0,0,0,0,0,0,0,0,0,0,0,1,1,0,17,9,8,2,1,1,19,10,9,2020
224000,Vors tzliche einfache K rperverletzung   223 StGB,3102000,Salzgitter,insg.,693,386,307,5,1,4,55,41,14,60,42,18,84,55,29,64,32,32,456,240,216,29,17,12,485,257,228,2020
224000,Vors tzliche einfache K rperverletzung   223 StGB,13004000,Schwerin,voll.,700,416,284,11,7,4,59,44,15,70,51,19,80,45,35,69,41,28,439,252,187,42,27,15,481,279,202,2020
224000,Vors tzliche einfache K rperverletzung   223 StGB,13004000,Schwerin,vers.,52,39,13,0,0,0,1,1,0,1,1,0,3,2,1,1,0,1,41,32,9,6,4,2,47,36,11,2020
224000,Vors tzliche einfache K rperverletzung   223 StGB,13004000,Schwerin,insg.,752,455,297,11,7,4,60,45,15,71,52,19,83,47,36,70,41,29,480,284,196,48,31,17,528,315,213,2020
224000,Vors tzliche einfache K rperverletzung   223 StGB,5970040,Siegen,voll.,720,415,305,3,2,1,33,21,12,36,23,13,66,31,35,87,56,31,494,281,213,37,24,13,531,305,226,2020
224000,Vors tzliche einfache K rperverletzung   223 StGB,5970040,Siegen,vers.,24,18,6,0,0,0,1,1,0,1,1,0,1,0,1,3,2,1,18,14,4,1,1,0,19,15,4,2020
224000,Vors tzliche einfache K rperverletzung   223 StGB,5970040,Siegen,insg.,744,433,311,3,2,1,34,22,12,37,24,13,67,31,36,90,58,32,512,295,217,38,25,13,550,320,230,2020
224000,Vors tzliche einfache K rperverletzung   223 StGB,5122000,Solingen,voll.,844,412,432,7,1,6,51,38,13,58,39,19,81,49,32,76,35,41,562,251,311,67,38,29,629,289,340,2020
224000,Vors tzliche einfache K rperverletzung   223 StGB,5122000,Solingen,vers.,38,19,19,0,0,0,0,0,0,0,0,0,5,3,2,1,0,1,29,15,14,3,1,2,32,16,16,2020
224000,Vors tzliche einfache K rperverletzung   223 StGB,5122000,Solingen,insg.,882,431,451,7,1,6,51,38,13,58,39,19,86,52,34,77,35,42,591,266,325,70,39,31,661,305,356,2020
224000,Vors tzliche einfache K rperverletzung   223 StGB,8111000,Stuttgart,voll.,4686,2901,1785,56,42,14,196,132,64,252,174,78,292,152,140,472,312,160,3387,2107,1280,283,156,127,3670,2263,1407,2020
224000,Vors tzliche einfache K rperverletzung   223 StGB,8111000,Stuttgart,vers.,272,197,75,1,1,0,3,1,2,4,2,2,12,7,5,22,15,7,206,155,51,28,18,10,234,173,61,2020
224000,Vors tzliche einfache K rperverletzung   223 StGB,8111000,Stuttgart,insg.,4958,3098,1860,57,43,14,199,133,66,256,176,80,304,159,145,494,327,167,3593,2262,1331,311,174,137,3904,2436,1468,2020
224000,Vors tzliche einfache K rperverletzung   223 StGB,7211000,Trier,voll.,845,531,314,2,1,1,21,13,8,23,14,9,61,43,18,106,68,38,608,382,226,47,24,23,655,406,249,2020
224000,Vors tzliche einfache K rperverletzung   223 StGB,7211000,Trier,vers.,49,32,17,0,0,0,0,0,0,0,0,0,1,1,0,7,5,2,39,24,15,2,2,0,41,26,15,2020
224000,Vors tzliche einfache K rperverletzung   223 StGB,7211000,Trier,insg.,894,563,331,2,1,1,21,13,8,23,14,9,62,44,18,113,73,40,647,406,241,49,26,23,696,432,264,2020
224000,Vors tzliche einfache K rperverletzung   223 StGB,8421000,Ulm,voll.,718,425,293,5,2,3,31,18,13,36,20,16,36,19,17,52,31,21,546,323,223,48,32,16,594,355,239,2020
224000,Vors tzliche einfache K rperverletzung   223 StGB,8421000,Ulm,vers.,26,16,10,0,0,0,0,0,0,0,0,0,1,0,1,1,1,0,20,13,7,4,2,2,24,15,9,2020
224000,Vors tzliche einfache K rperverletzung   223 StGB,8421000,Ulm,insg.,744,441,303,5,2,3,31,18,13,36,20,16,37,19,18,53,32,21,566,336,230,52,34,18,618,370,248,2020
224000,Vors tzliche einfache K rperverletzung   223 StGB,6414000,Wiesbaden,voll.,1760,917,843,14,8,6,58,33,25,72,41,31,125,59,66,167,96,71,1272,650,622,124,71,53,1396,721,675,2020
224000,Vors tzliche einfache K rperverletzung   223 StGB,6414000,Wiesbaden,vers.,84,45,39,1,0,1,3,1,2,4,1,3,2,2,0,1,0,1,73,41,32,4,1,3,77,42,35,2020
224000,Vors tzliche einfache K rperverletzung   223 StGB,6414000,Wiesbaden,insg.,1844,962,882,15,8,7,61,34,27,76,42,34,127,61,66,168,96,72,1345,691,654,128,72,56,1473,763,710,2020
224000,Vors tzliche einfache K rperverletzung   223 StGB,3103000,Wolfsburg,voll.,659,384,275,8,8,0,33,24,9,41,32,9,53,35,18,47,22,25,461,259,202,57,36,21,518,295,223,2020
224000,Vors tzliche einfache K rperverletzung   223 StGB,3103000,Wolfsburg,vers.,27,17,10,0,0,0,3,2,1,3,2,1,1,1,0,1,1,0,21,12,9,1,1,0,22,13,9,2020
224000,Vors tzliche einfache K rperverletzung   223 StGB,3103000,Wolfsburg,insg.,686,401,285,8,8,0,36,26,10,44,34,10,54,36,18,48,23,25,482,271,211,58,37,21,540,308,232,2020
224000,Vors tzliche einfache K rperverletzung   223 StGB,5124000,Wuppertal,voll.,2632,1447,1185,26,19,7,143,99,44,169,118,51,215,130,85,227,136,91,1848,968,880,173,95,78,2021,1063,958,2020
224000,Vors tzliche einfache K rperverletzung   223 StGB,5124000,Wuppertal,vers.,148,93,55,1,0,1,5,4,1,6,4,2,7,5,2,10,7,3,117,70,47,8,7,1,125,77,48,2020
224000,Vors tzliche einfache K rperverletzung   223 StGB,5124000,Wuppertal,insg.,2780,1540,1240,27,19,8,148,103,45,175,122,53,222,135,87,237,143,94,1965,1038,927,181,102,79,2146,1140,1006,2020
224000,Vors tzliche einfache K rperverletzung   223 StGB,9663000,W rzburg,voll.,649,398,251,3,3,0,21,16,5,24,19,5,42,25,17,95,66,29,440,264,176,48,24,24,488,288,200,2020
224000,Vors tzliche einfache K rperverletzung   223 StGB,9663000,W rzburg,vers.,40,31,9,0,0,0,0,0,0,0,0,0,1,1,0,2,2,0,31,22,9,6,6,0,37,28,9,2020
224000,Vors tzliche einfache K rperverletzung   223 StGB,9663000,W rzburg,insg.,689,429,260,3,3,0,21,16,5,24,19,5,43,26,17,97,68,29,471,286,185,54,30,24,525,316,209,2020
621100,Widerstand gegen und t tlicher Angriff auf Vollstreckungsbeamte und gleichstehende Personen    113-115 StGB,5334002,Aachen,voll.,311,231,80,0,0,0,0,0,0,0,0,0,0,0,0,5,4,1,298,221,77,8,6,2,306,227,79,2020
621100,Widerstand gegen und t tlicher Angriff auf Vollstreckungsbeamte und gleichstehende Personen    113-115 StGB,5334002,Aachen,vers.,0,0,0,0,0,0,0,0,0,0,0,0,0,0,0,0,0,0,0,0,0,0,0,0,0,0,0,2020
621100,Widerstand gegen und t tlicher Angriff auf Vollstreckungsbeamte und gleichstehende Personen    113-115 StGB,5334002,Aachen,insg.,311,231,80,0,0,0,0,0,0,0,0,0,0,0,0,5,4,1,298,221,77,8,6,2,306,227,79,2020
621100,Widerstand gegen und t tlicher Angriff auf Vollstreckungsbeamte und gleichstehende Personen    113-115 StGB,9761000,Augsburg,voll.,561,470,91,0,0,0,0,0,0,0,0,0,0,0,0,14,8,6,543,460,83,4,2,2,547,462,85,2020
621100,Widerstand gegen und t tlicher Angriff auf Vollstreckungsbeamte und gleichstehende Personen    113-115 StGB,9761000,Augsburg,vers.,0,0,0,0,0,0,0,0,0,0,0,0,0,0,0,0,0,0,0,0,0,0,0,0,0,0,0,2020
621100,Widerstand gegen und t tlicher Angriff auf Vollstreckungsbeamte und gleichstehende Personen    113-115 StGB,9761000,Augsburg,insg.,561,470,91,0,0,0,0,0,0,0,0,0,0,0,0,14,8,6,543,460,83,4,2,2,547,462,85,2020
621100,Widerstand gegen und t tlicher Angriff auf Vollstreckungsbeamte und gleichstehende Personen    113-115 StGB,5378004,Bergisch Gladbach,voll.,88,67,21,0,0,0,0,0,0,0,0,0,0,0,0,6,6,0,81,60,21,1,1,0,82,61,21,2020
621100,Widerstand gegen und t tlicher Angriff auf Vollstreckungsbeamte und gleichstehende Personen    113-115 StGB,5378004,Bergisch Gladbach,vers.,0,0,0,0,0,0,0,0,0,0,0,0,0,0,0,0,0,0,0,0,0,0,0,0,0,0,0,2020
621100,Widerstand gegen und t tlicher Angriff auf Vollstreckungsbeamte und gleichstehende Personen    113-115 StGB,5378004,Bergisch Gladbach,insg.,88,67,21,0,0,0,0,0,0,0,0,0,0,0,0,6,6,0,81,60,21,1,1,0,82,61,21,2020
621100,Widerstand gegen und t tlicher Angriff auf Vollstreckungsbeamte und gleichstehende Personen    113-115 StGB,11000000,Berlin,voll.,7625,6560,1065,1,1,0,0,0,0,1,1,0,1,0,1,83,61,22,7503,6464,1039,37,34,3,7540,6498,1042,2020
621100,Widerstand gegen und t tlicher Angriff auf Vollstreckungsbeamte und gleichstehende Personen    113-115 StGB,11000000,Berlin,vers.,0,0,0,0,0,0,0,0,0,0,0,0,0,0,0,0,0,0,0,0,0,0,0,0,0,0,0,2020
621100,Widerstand gegen und t tlicher Angriff auf Vollstreckungsbeamte und gleichstehende Personen    113-115 StGB,11000000,Berlin,insg.,7625,6560,1065,1,1,0,0,0,0,1,1,0,1,0,1,83,61,22,7503,6464,1039,37,34,3,7540,6498,1042,2020
621100,Widerstand gegen und t tlicher Angriff auf Vollstreckungsbeamte und gleichstehende Personen    113-115 StGB,5711000,Bielefeld,voll.,214,170,44,0,0,0,0,0,0,0,0,0,0,0,0,15,11,4,189,150,39,10,9,1,199,159,40,2020
621100,Widerstand gegen und t tlicher Angriff auf Vollstreckungsbeamte und gleichstehende Personen    113-115 StGB,5711000,Bielefeld,vers.,0,0,0,0,0,0,0,0,0,0,0,0,0,0,0,0,0,0,0,0,0,0,0,0,0,0,0,2020
621100,Widerstand gegen und t tlicher Angriff auf Vollstreckungsbeamte und gleichstehende Personen    113-115 StGB,5711000,Bielefeld,insg.,214,170,44,0,0,0,0,0,0,0,0,0,0,0,0,15,11,4,189,150,39,10,9,1,199,159,40,2020
621100,Widerstand gegen und t tlicher Angriff auf Vollstreckungsbeamte und gleichstehende Personen    113-115 StGB,5911000,Bochum,voll.,499,387,112,0,0,0,0,0,0,0,0,0,0,0,0,5,3,2,492,382,110,2,2,0,494,384,110,2020
621100,Widerstand gegen und t tlicher Angriff auf Vollstreckungsbeamte und gleichstehende Personen    113-115 StGB,5911000,Bochum,vers.,0,0,0,0,0,0,0,0,0,0,0,0,0,0,0,0,0,0,0,0,0,0,0,0,0,0,0,2020
621100,Widerstand gegen und t tlicher Angriff auf Vollstreckungsbeamte und gleichstehende Personen    113-115 StGB,5911000,Bochum,insg.,499,387,112,0,0,0,0,0,0,0,0,0,0,0,0,5,3,2,492,382,110,2,2,0,494,384,110,2020
621100,Widerstand gegen und t tlicher Angriff auf Vollstreckungsbeamte und gleichstehende Personen    113-115 StGB,5314000,Bonn,voll.,537,419,118,0,0,0,0,0,0,0,0,0,0,0,0,7,5,2,525,410,115,5,4,1,530,414,116,2020
621100,Widerstand gegen und t tlicher Angriff auf Vollstreckungsbeamte und gleichstehende Personen    113-115 StGB,5314000,Bonn,vers.,0,0,0,0,0,0,0,0,0,0,0,0,0,0,0,0,0,0,0,0,0,0,0,0,0,0,0,2020
621100,Widerstand gegen und t tlicher Angriff auf Vollstreckungsbeamte und gleichstehende Personen    113-115 StGB,5314000,Bonn,insg.,537,419,118,0,0,0,0,0,0,0,0,0,0,0,0,7,5,2,525,410,115,5,4,1,530,414,116,2020
621100,Widerstand gegen und t tlicher Angriff auf Vollstreckungsbeamte und gleichstehende Personen    113-115 StGB,5512000,Bottrop,voll.,92,78,14,0,0,0,0,0,0,0,0,0,0,0,0,3,3,0,89,75,14,0,0,0,89,75,14,2020
621100,Widerstand gegen und t tlicher Angriff auf Vollstreckungsbeamte und gleichstehende Personen    113-115 StGB,5512000,Bottrop,vers.,0,0,0,0,0,0,0,0,0,0,0,0,0,0,0,0,0,0,0,0,0,0,0,0,0,0,0,2020
621100,Widerstand gegen und t tlicher Angriff auf Vollstreckungsbeamte und gleichstehende Personen    113-115 StGB,5512000,Bottrop,insg.,92,78,14,0,0,0,0,0,0,0,0,0,0,0,0,3,3,0,89,75,14,0,0,0,89,75,14,2020
621100,Widerstand gegen und t tlicher Angriff auf Vollstreckungsbeamte und gleichstehende Personen    113-115 StGB,3101000,Braunschweig,voll.,422,336,86,0,0,0,0,0,0,0,0,0,0,0,0,2,2,0,410,324,86,10,10,0,420,334,86,2020
621100,Widerstand gegen und t tlicher Angriff auf Vollstreckungsbeamte und gleichstehende Personen    113-115 StGB,3101000,Braunschweig,vers.,0,0,0,0,0,0,0,0,0,0,0,0,0,0,0,0,0,0,0,0,0,0,0,0,0,0,0,2020
621100,Widerstand gegen und t tlicher Angriff auf Vollstreckungsbeamte und gleichstehende Personen    113-115 StGB,3101000,Braunschweig,insg.,422,336,86,0,0,0,0,0,0,0,0,0,0,0,0,2,2,0,410,324,86,10,10,0,420,334,86,2020
621100,Widerstand gegen und t tlicher Angriff auf Vollstreckungsbeamte und gleichstehende Personen    113-115 StGB,4011000,Bremen,voll.,981,764,217,0,0,0,0,0,0,0,0,0,0,0,0,8,6,2,967,753,214,6,5,1,973,758,215,2020
621100,Widerstand gegen und t tlicher Angriff auf Vollstreckungsbeamte und gleichstehende Personen    113-115 StGB,4011000,Bremen,vers.,0,0,0,0,0,0,0,0,0,0,0,0,0,0,0,0,0,0,0,0,0,0,0,0,0,0,0,2020
621100,Widerstand gegen und t tlicher Angriff auf Vollstreckungsbeamte und gleichstehende Personen    113-115 StGB,4011000,Bremen,insg.,981,764,217,0,0,0,0,0,0,0,0,0,0,0,0,8,6,2,967,753,214,6,5,1,973,758,215,2020
621100,Widerstand gegen und t tlicher Angriff auf Vollstreckungsbeamte und gleichstehende Personen    113-115 StGB,4012000,Bremerhaven,voll.,294,246,48,0,0,0,0,0,0,0,0,0,0,0,0,1,1,0,292,244,48,1,1,0,293,245,48,2020
621100,Widerstand gegen und t tlicher Angriff auf Vollstreckungsbeamte und gleichstehende Personen    113-115 StGB,4012000,Bremerhaven,vers.,0,0,0,0,0,0,0,0,0,0,0,0,0,0,0,0,0,0,0,0,0,0,0,0,0,0,0,2020
621100,Widerstand gegen und t tlicher Angriff auf Vollstreckungsbeamte und gleichstehende Personen    113-115 StGB,4012000,Bremerhaven,insg.,294,246,48,0,0,0,0,0,0,0,0,0,0,0,0,1,1,0,292,244,48,1,1,0,293,245,48,2020
621100,Widerstand gegen und t tlicher Angriff auf Vollstreckungsbeamte und gleichstehende Personen    113-115 StGB,14511000,Chemnitz,voll.,225,202,23,0,0,0,0,0,0,0,0,0,0,0,0,1,1,0,220,197,23,4,4,0,224,201,23,2020
621100,Widerstand gegen und t tlicher Angriff auf Vollstreckungsbeamte und gleichstehende Personen    113-115 StGB,14511000,Chemnitz,vers.,0,0,0,0,0,0,0,0,0,0,0,0,0,0,0,0,0,0,0,0,0,0,0,0,0,0,0,2020
621100,Widerstand gegen und t tlicher Angriff auf Vollstreckungsbeamte und gleichstehende Personen    113-115 StGB,14511000,Chemnitz,insg.,225,202,23,0,0,0,0,0,0,0,0,0,0,0,0,1,1,0,220,197,23,4,4,0,224,201,23,2020
621100,Widerstand gegen und t tlicher Angriff auf Vollstreckungsbeamte und gleichstehende Personen    113-115 StGB,6411000,Darmstadt,voll.,74,66,8,0,0,0,0,0,0,0,0,0,0,0,0,3,1,2,70,64,6,1,1,0,71,65,6,2020
621100,Widerstand gegen und t tlicher Angriff auf Vollstreckungsbeamte und gleichstehende Personen    113-115 StGB,6411000,Darmstadt,vers.,0,0,0,0,0,0,0,0,0,0,0,0,0,0,0,0,0,0,0,0,0,0,0,0,0,0,0,2020
621100,Widerstand gegen und t tlicher Angriff auf Vollstreckungsbeamte und gleichstehende Personen    113-115 StGB,6411000,Darmstadt,insg.,74,66,8,0,0,0,0,0,0,0,0,0,0,0,0,3,1,2,70,64,6,1,1,0,71,65,6,2020
621100,Widerstand gegen und t tlicher Angriff auf Vollstreckungsbeamte und gleichstehende Personen    113-115 StGB,5913000,Dortmund,voll.,1437,1110,327,0,0,0,3,3,0,3,3,0,1,0,1,36,23,13,1391,1078,313,6,6,0,1397,1084,313,2020
621100,Widerstand gegen und t tlicher Angriff auf Vollstreckungsbeamte und gleichstehende Personen    113-115 StGB,5913000,Dortmund,vers.,0,0,0,0,0,0,0,0,0,0,0,0,0,0,0,0,0,0,0,0,0,0,0,0,0,0,0,2020
621100,Widerstand gegen und t tlicher Angriff auf Vollstreckungsbeamte und gleichstehende Personen    113-115 StGB,5913000,Dortmund,insg.,1437,1110,327,0,0,0,3,3,0,3,3,0,1,0,1,36,23,13,1391,1078,313,6,6,0,1397,1084,313,2020
621100,Widerstand gegen und t tlicher Angriff auf Vollstreckungsbeamte und gleichstehende Personen    113-115 StGB,14612000,Dresden,voll.,506,417,89,0,0,0,0,0,0,0,0,0,0,0,0,6,3,3,500,414,86,0,0,0,500,414,86,2020
621100,Widerstand gegen und t tlicher Angriff auf Vollstreckungsbeamte und gleichstehende Personen    113-115 StGB,14612000,Dresden,vers.,0,0,0,0,0,0,0,0,0,0,0,0,0,0,0,0,0,0,0,0,0,0,0,0,0,0,0,2020
621100,Widerstand gegen und t tlicher Angriff auf Vollstreckungsbeamte und gleichstehende Personen    113-115 StGB,14612000,Dresden,insg.,506,417,89,0,0,0,0,0,0,0,0,0,0,0,0,6,3,3,500,414,86,0,0,0,500,414,86,2020
621100,Widerstand gegen und t tlicher Angriff auf Vollstreckungsbeamte und gleichstehende Personen    113-115 StGB,5112000,Duisburg,voll.,485,344,141,0,0,0,1,1,0,1,1,0,0,0,0,9,7,2,468,331,137,7,5,2,475,336,139,2020
621100,Widerstand gegen und t tlicher Angriff auf Vollstreckungsbeamte und gleichstehende Personen    113-115 StGB,5112000,Duisburg,vers.,0,0,0,0,0,0,0,0,0,0,0,0,0,0,0,0,0,0,0,0,0,0,0,0,0,0,0,2020
621100,Widerstand gegen und t tlicher Angriff auf Vollstreckungsbeamte und gleichstehende Personen    113-115 StGB,5112000,Duisburg,insg.,485,344,141,0,0,0,1,1,0,1,1,0,0,0,0,9,7,2,468,331,137,7,5,2,475,336,139,2020
621100,Widerstand gegen und t tlicher Angriff auf Vollstreckungsbeamte und gleichstehende Personen    113-115 StGB,5111000,D sseldorf,voll.,1149,880,269,0,0,0,0,0,0,0,0,0,1,1,0,29,22,7,1112,852,260,7,5,2,1119,857,262,2020
621100,Widerstand gegen und t tlicher Angriff auf Vollstreckungsbeamte und gleichstehende Personen    113-115 StGB,5111000,D sseldorf,vers.,0,0,0,0,0,0,0,0,0,0,0,0,0,0,0,0,0,0,0,0,0,0,0,0,0,0,0,2020
621100,Widerstand gegen und t tlicher Angriff auf Vollstreckungsbeamte und gleichstehende Personen    113-115 StGB,5111000,D sseldorf,insg.,1149,880,269,0,0,0,0,0,0,0,0,0,1,1,0,29,22,7,1112,852,260,7,5,2,1119,857,262,2020
621100,Widerstand gegen und t tlicher Angriff auf Vollstreckungsbeamte und gleichstehende Personen    113-115 StGB,16051000,Erfurt,voll.,452,400,52,0,0,0,0,0,0,0,0,0,0,0,0,9,7,2,443,393,50,0,0,0,443,393,50,2020
621100,Widerstand gegen und t tlicher Angriff auf Vollstreckungsbeamte und gleichstehende Personen    113-115 StGB,16051000,Erfurt,vers.,0,0,0,0,0,0,0,0,0,0,0,0,0,0,0,0,0,0,0,0,0,0,0,0,0,0,0,2020
621100,Widerstand gegen und t tlicher Angriff auf Vollstreckungsbeamte und gleichstehende Personen    113-115 StGB,16051000,Erfurt,insg.,452,400,52,0,0,0,0,0,0,0,0,0,0,0,0,9,7,2,443,393,50,0,0,0,443,393,50,2020
621100,Widerstand gegen und t tlicher Angriff auf Vollstreckungsbeamte und gleichstehende Personen    113-115 StGB,9562000,Erlangen,voll.,129,106,23,0,0,0,0,0,0,0,0,0,0,0,0,0,0,0,129,106,23,0,0,0,129,106,23,2020
621100,Widerstand gegen und t tlicher Angriff auf Vollstreckungsbeamte und gleichstehende Personen    113-115 StGB,9562000,Erlangen,vers.,0,0,0,0,0,0,0,0,0,0,0,0,0,0,0,0,0,0,0,0,0,0,0,0,0,0,0,2020
621100,Widerstand gegen und t tlicher Angriff auf Vollstreckungsbeamte und gleichstehende Personen    113-115 StGB,9562000,Erlangen,insg.,129,106,23,0,0,0,0,0,0,0,0,0,0,0,0,0,0,0,129,106,23,0,0,0,129,106,23,2020
621100,Widerstand gegen und t tlicher Angriff auf Vollstreckungsbeamte und gleichstehende Personen    113-115 StGB,5113000,Essen,voll.,765,580,185,0,0,0,1,1,0,1,1,0,3,3,0,26,22,4,727,547,180,8,7,1,735,554,181,2020
621100,Widerstand gegen und t tlicher Angriff auf Vollstreckungsbeamte und gleichstehende Personen    113-115 StGB,5113000,Essen,vers.,0,0,0,0,0,0,0,0,0,0,0,0,0,0,0,0,0,0,0,0,0,0,0,0,0,0,0,2020
621100,Widerstand gegen und t tlicher Angriff auf Vollstreckungsbeamte und gleichstehende Personen    113-115 StGB,5113000,Essen,insg.,765,580,185,0,0,0,1,1,0,1,1,0,3,3,0,26,22,4,727,547,180,8,7,1,735,554,181,2020
621100,Widerstand gegen und t tlicher Angriff auf Vollstreckungsbeamte und gleichstehende Personen    113-115 StGB,6412000,Frankfurt am Main,voll.,1670,1379,291,0,0,0,0,0,0,0,0,0,0,0,0,34,29,5,1635,1349,286,1,1,0,1636,1350,286,2020
621100,Widerstand gegen und t tlicher Angriff auf Vollstreckungsbeamte und gleichstehende Personen    113-115 StGB,6412000,Frankfurt am Main,vers.,0,0,0,0,0,0,0,0,0,0,0,0,0,0,0,0,0,0,0,0,0,0,0,0,0,0,0,2020
621100,Widerstand gegen und t tlicher Angriff auf Vollstreckungsbeamte und gleichstehende Personen    113-115 StGB,6412000,Frankfurt am Main,insg.,1670,1379,291,0,0,0,0,0,0,0,0,0,0,0,0,34,29,5,1635,1349,286,1,1,0,1636,1350,286,2020
621100,Widerstand gegen und t tlicher Angriff auf Vollstreckungsbeamte und gleichstehende Personen    113-115 StGB,8311000,Freiburg im Breisgau,voll.,612,516,96,0,0,0,0,0,0,0,0,0,2,1,1,24,17,7,582,494,88,4,4,0,586,498,88,2020
621100,Widerstand gegen und t tlicher Angriff auf Vollstreckungsbeamte und gleichstehende Personen    113-115 StGB,8311000,Freiburg im Breisgau,vers.,0,0,0,0,0,0,0,0,0,0,0,0,0,0,0,0,0,0,0,0,0,0,0,0,0,0,0,2020
621100,Widerstand gegen und t tlicher Angriff auf Vollstreckungsbeamte und gleichstehende Personen    113-115 StGB,8311000,Freiburg im Breisgau,insg.,612,516,96,0,0,0,0,0,0,0,0,0,2,1,1,24,17,7,582,494,88,4,4,0,586,498,88,2020
621100,Widerstand gegen und t tlicher Angriff auf Vollstreckungsbeamte und gleichstehende Personen    113-115 StGB,9563000,F rth,voll.,100,73,27,0,0,0,0,0,0,0,0,0,0,0,0,2,0,2,97,73,24,1,0,1,98,73,25,2020
621100,Widerstand gegen und t tlicher Angriff auf Vollstreckungsbeamte und gleichstehende Personen    113-115 StGB,9563000,F rth,vers.,0,0,0,0,0,0,0,0,0,0,0,0,0,0,0,0,0,0,0,0,0,0,0,0,0,0,0,2020
621100,Widerstand gegen und t tlicher Angriff auf Vollstreckungsbeamte und gleichstehende Personen    113-115 StGB,9563000,F rth,insg.,100,73,27,0,0,0,0,0,0,0,0,0,0,0,0,2,0,2,97,73,24,1,0,1,98,73,25,2020
621100,Widerstand gegen und t tlicher Angriff auf Vollstreckungsbeamte und gleichstehende Personen    113-115 StGB,5513000,Gelsenkirchen,voll.,406,310,96,0,0,0,0,0,0,0,0,0,0,0,0,7,6,1,396,301,95,3,3,0,399,304,95,2020
621100,Widerstand gegen und t tlicher Angriff auf Vollstreckungsbeamte und gleichstehende Personen    113-115 StGB,5513000,Gelsenkirchen,vers.,0,0,0,0,0,0,0,0,0,0,0,0,0,0,0,0,0,0,0,0,0,0,0,0,0,0,0,2020
621100,Widerstand gegen und t tlicher Angriff auf Vollstreckungsbeamte und gleichstehende Personen    113-115 StGB,5513000,Gelsenkirchen,insg.,406,310,96,0,0,0,0,0,0,0,0,0,0,0,0,7,6,1,396,301,95,3,3,0,399,304,95,2020
621100,Widerstand gegen und t tlicher Angriff auf Vollstreckungsbeamte und gleichstehende Personen    113-115 StGB,3159016,G ttingen,voll.,135,104,31,0,0,0,0,0,0,0,0,0,0,0,0,1,1,0,134,103,31,0,0,0,134,103,31,2020
621100,Widerstand gegen und t tlicher Angriff auf Vollstreckungsbeamte und gleichstehende Personen    113-115 StGB,3159016,G ttingen,vers.,0,0,0,0,0,0,0,0,0,0,0,0,0,0,0,0,0,0,0,0,0,0,0,0,0,0,0,2020
621100,Widerstand gegen und t tlicher Angriff auf Vollstreckungsbeamte und gleichstehende Personen    113-115 StGB,3159016,G ttingen,insg.,135,104,31,0,0,0,0,0,0,0,0,0,0,0,0,1,1,0,134,103,31,0,0,0,134,103,31,2020
621100,Widerstand gegen und t tlicher Angriff auf Vollstreckungsbeamte und gleichstehende Personen    113-115 StGB,5754008,G tersloh,voll.,207,149,58,0,0,0,1,0,1,1,0,1,1,1,0,4,4,0,200,143,57,1,1,0,201,144,57,2020
621100,Widerstand gegen und t tlicher Angriff auf Vollstreckungsbeamte und gleichstehende Personen    113-115 StGB,5754008,G tersloh,vers.,0,0,0,0,0,0,0,0,0,0,0,0,0,0,0,0,0,0,0,0,0,0,0,0,0,0,0,2020
621100,Widerstand gegen und t tlicher Angriff auf Vollstreckungsbeamte und gleichstehende Personen    113-115 StGB,5754008,G tersloh,insg.,207,149,58,0,0,0,1,0,1,1,0,1,1,1,0,4,4,0,200,143,57,1,1,0,201,144,57,2020
621100,Widerstand gegen und t tlicher Angriff auf Vollstreckungsbeamte und gleichstehende Personen    113-115 StGB,5914000,Hagen,voll.,297,201,96,0,0,0,0,0,0,0,0,0,1,1,0,0,0,0,293,198,95,3,2,1,296,200,96,2020
621100,Widerstand gegen und t tlicher Angriff auf Vollstreckungsbeamte und gleichstehende Personen    113-115 StGB,5914000,Hagen,vers.,0,0,0,0,0,0,0,0,0,0,0,0,0,0,0,0,0,0,0,0,0,0,0,0,0,0,0,2020
621100,Widerstand gegen und t tlicher Angriff auf Vollstreckungsbeamte und gleichstehende Personen    113-115 StGB,5914000,Hagen,insg.,297,201,96,0,0,0,0,0,0,0,0,0,1,1,0,0,0,0,293,198,95,3,2,1,296,200,96,2020
621100,Widerstand gegen und t tlicher Angriff auf Vollstreckungsbeamte und gleichstehende Personen    113-115 StGB,15002000,Halle (Saale),voll.,407,343,64,0,0,0,0,0,0,0,0,0,0,0,0,20,14,6,386,328,58,1,1,0,387,329,58,2020
621100,Widerstand gegen und t tlicher Angriff auf Vollstreckungsbeamte und gleichstehende Personen    113-115 StGB,15002000,Halle (Saale),vers.,0,0,0,0,0,0,0,0,0,0,0,0,0,0,0,0,0,0,0,0,0,0,0,0,0,0,0,2020
621100,Widerstand gegen und t tlicher Angriff auf Vollstreckungsbeamte und gleichstehende Personen    113-115 StGB,15002000,Halle (Saale),insg.,407,343,64,0,0,0,0,0,0,0,0,0,0,0,0,20,14,6,386,328,58,1,1,0,387,329,58,2020
621100,Widerstand gegen und t tlicher Angriff auf Vollstreckungsbeamte und gleichstehende Personen    113-115 StGB,2000000,Hamburg,voll.,2080,1687,393,0,0,0,0,0,0,0,0,0,0,0,0,45,33,12,2031,1650,381,4,4,0,2035,1654,381,2020
621100,Widerstand gegen und t tlicher Angriff auf Vollstreckungsbeamte und gleichstehende Personen    113-115 StGB,2000000,Hamburg,vers.,0,0,0,0,0,0,0,0,0,0,0,0,0,0,0,0,0,0,0,0,0,0,0,0,0,0,0,2020
621100,Widerstand gegen und t tlicher Angriff auf Vollstreckungsbeamte und gleichstehende Personen    113-115 StGB,2000000,Hamburg,insg.,2080,1687,393,0,0,0,0,0,0,0,0,0,0,0,0,45,33,12,2031,1650,381,4,4,0,2035,1654,381,2020
621100,Widerstand gegen und t tlicher Angriff auf Vollstreckungsbeamte und gleichstehende Personen    113-115 StGB,5915000,Hamm,voll.,247,200,47,0,0,0,1,1,0,1,1,0,1,1,0,0,0,0,243,196,47,2,2,0,245,198,47,2020
621100,Widerstand gegen und t tlicher Angriff auf Vollstreckungsbeamte und gleichstehende Personen    113-115 StGB,5915000,Hamm,vers.,0,0,0,0,0,0,0,0,0,0,0,0,0,0,0,0,0,0,0,0,0,0,0,0,0,0,0,2020
621100,Widerstand gegen und t tlicher Angriff auf Vollstreckungsbeamte und gleichstehende Personen    113-115 StGB,5915000,Hamm,insg.,247,200,47,0,0,0,1,1,0,1,1,0,1,1,0,0,0,0,243,196,47,2,2,0,245,198,47,2020
621100,Widerstand gegen und t tlicher Angriff auf Vollstreckungsbeamte und gleichstehende Personen    113-115 StGB,3241001,Hannover,voll.,1108,848,260,0,0,0,0,0,0,0,0,0,0,0,0,27,16,11,1073,824,249,8,8,0,1081,832,249,2020
621100,Widerstand gegen und t tlicher Angriff auf Vollstreckungsbeamte und gleichstehende Personen    113-115 StGB,3241001,Hannover,vers.,0,0,0,0,0,0,0,0,0,0,0,0,0,0,0,0,0,0,0,0,0,0,0,0,0,0,0,2020
621100,Widerstand gegen und t tlicher Angriff auf Vollstreckungsbeamte und gleichstehende Personen    113-115 StGB,3241001,Hannover,insg.,1108,848,260,0,0,0,0,0,0,0,0,0,0,0,0,27,16,11,1073,824,249,8,8,0,1081,832,249,2020
621100,Widerstand gegen und t tlicher Angriff auf Vollstreckungsbeamte und gleichstehende Personen    113-115 StGB,8221000,Heidelberg,voll.,269,205,64,1,0,1,0,0,0,1,0,1,0,0,0,7,7,0,258,196,62,3,2,1,261,198,63,2020
621100,Widerstand gegen und t tlicher Angriff auf Vollstreckungsbeamte und gleichstehende Personen    113-115 StGB,8221000,Heidelberg,vers.,0,0,0,0,0,0,0,0,0,0,0,0,0,0,0,0,0,0,0,0,0,0,0,0,0,0,0,2020
621100,Widerstand gegen und t tlicher Angriff auf Vollstreckungsbeamte und gleichstehende Personen    113-115 StGB,8221000,Heidelberg,insg.,269,205,64,1,0,1,0,0,0,1,0,1,0,0,0,7,7,0,258,196,62,3,2,1,261,198,63,2020
621100,Widerstand gegen und t tlicher Angriff auf Vollstreckungsbeamte und gleichstehende Personen    113-115 StGB,8121000,Heilbronn,voll.,148,116,32,0,0,0,0,0,0,0,0,0,0,0,0,7,1,6,139,113,26,2,2,0,141,115,26,2020
621100,Widerstand gegen und t tlicher Angriff auf Vollstreckungsbeamte und gleichstehende Personen    113-115 StGB,8121000,Heilbronn,vers.,0,0,0,0,0,0,0,0,0,0,0,0,0,0,0,0,0,0,0,0,0,0,0,0,0,0,0,2020
621100,Widerstand gegen und t tlicher Angriff auf Vollstreckungsbeamte und gleichstehende Personen    113-115 StGB,8121000,Heilbronn,insg.,148,116,32,0,0,0,0,0,0,0,0,0,0,0,0,7,1,6,139,113,26,2,2,0,141,115,26,2020
621100,Widerstand gegen und t tlicher Angriff auf Vollstreckungsbeamte und gleichstehende Personen    113-115 StGB,5916000,Herne,voll.,138,109,29,0,0,0,0,0,0,0,0,0,1,1,0,7,6,1,130,102,28,0,0,0,130,102,28,2020
621100,Widerstand gegen und t tlicher Angriff auf Vollstreckungsbeamte und gleichstehende Personen    113-115 StGB,5916000,Herne,vers.,0,0,0,0,0,0,0,0,0,0,0,0,0,0,0,0,0,0,0,0,0,0,0,0,0,0,0,2020
621100,Widerstand gegen und t tlicher Angriff auf Vollstreckungsbeamte und gleichstehende Personen    113-115 StGB,5916000,Herne,insg.,138,109,29,0,0,0,0,0,0,0,0,0,1,1,0,7,6,1,130,102,28,0,0,0,130,102,28,2020
621100,Widerstand gegen und t tlicher Angriff auf Vollstreckungsbeamte und gleichstehende Personen    113-115 StGB,3254021,Hildesheim,voll.,122,99,23,0,0,0,0,0,0,0,0,0,1,1,0,3,1,2,116,95,21,2,2,0,118,97,21,2020
621100,Widerstand gegen und t tlicher Angriff auf Vollstreckungsbeamte und gleichstehende Personen    113-115 StGB,3254021,Hildesheim,vers.,0,0,0,0,0,0,0,0,0,0,0,0,0,0,0,0,0,0,0,0,0,0,0,0,0,0,0,2020
621100,Widerstand gegen und t tlicher Angriff auf Vollstreckungsbeamte und gleichstehende Personen    113-115 StGB,3254021,Hildesheim,insg.,122,99,23,0,0,0,0,0,0,0,0,0,1,1,0,3,1,2,116,95,21,2,2,0,118,97,21,2020
621100,Widerstand gegen und t tlicher Angriff auf Vollstreckungsbeamte und gleichstehende Personen    113-115 StGB,9161000,Ingolstadt,voll.,210,162,48,0,0,0,0,0,0,0,0,0,0,0,0,6,5,1,203,156,47,1,1,0,204,157,47,2020
621100,Widerstand gegen und t tlicher Angriff auf Vollstreckungsbeamte und gleichstehende Personen    113-115 StGB,9161000,Ingolstadt,vers.,0,0,0,0,0,0,0,0,0,0,0,0,0,0,0,0,0,0,0,0,0,0,0,0,0,0,0,2020
621100,Widerstand gegen und t tlicher Angriff auf Vollstreckungsbeamte und gleichstehende Personen    113-115 StGB,9161000,Ingolstadt,insg.,210,162,48,0,0,0,0,0,0,0,0,0,0,0,0,6,5,1,203,156,47,1,1,0,204,157,47,2020
621100,Widerstand gegen und t tlicher Angriff auf Vollstreckungsbeamte und gleichstehende Personen    113-115 StGB,16053000,Jena,voll.,150,141,9,0,0,0,0,0,0,0,0,0,0,0,0,4,3,1,146,138,8,0,0,0,146,138,8,2020
621100,Widerstand gegen und t tlicher Angriff auf Vollstreckungsbeamte und gleichstehende Personen    113-115 StGB,16053000,Jena,vers.,0,0,0,0,0,0,0,0,0,0,0,0,0,0,0,0,0,0,0,0,0,0,0,0,0,0,0,2020
621100,Widerstand gegen und t tlicher Angriff auf Vollstreckungsbeamte und gleichstehende Personen    113-115 StGB,16053000,Jena,insg.,150,141,9,0,0,0,0,0,0,0,0,0,0,0,0,4,3,1,146,138,8,0,0,0,146,138,8,2020
621100,Widerstand gegen und t tlicher Angriff auf Vollstreckungsbeamte und gleichstehende Personen    113-115 StGB,7312000,Kaiserslautern,voll.,292,232,60,0,0,0,0,0,0,0,0,0,0,0,0,3,1,2,288,230,58,1,1,0,289,231,58,2020
621100,Widerstand gegen und t tlicher Angriff auf Vollstreckungsbeamte und gleichstehende Personen    113-115 StGB,7312000,Kaiserslautern,vers.,0,0,0,0,0,0,0,0,0,0,0,0,0,0,0,0,0,0,0,0,0,0,0,0,0,0,0,2020
621100,Widerstand gegen und t tlicher Angriff auf Vollstreckungsbeamte und gleichstehende Personen    113-115 StGB,7312000,Kaiserslautern,insg.,292,232,60,0,0,0,0,0,0,0,0,0,0,0,0,3,1,2,288,230,58,1,1,0,289,231,58,2020
621100,Widerstand gegen und t tlicher Angriff auf Vollstreckungsbeamte und gleichstehende Personen    113-115 StGB,8212000,Karlsruhe,voll.,360,302,58,0,0,0,0,0,0,0,0,0,1,0,1,12,8,4,345,292,53,2,2,0,347,294,53,2020
621100,Widerstand gegen und t tlicher Angriff auf Vollstreckungsbeamte und gleichstehende Personen    113-115 StGB,8212000,Karlsruhe,vers.,0,0,0,0,0,0,0,0,0,0,0,0,0,0,0,0,0,0,0,0,0,0,0,0,0,0,0,2020
621100,Widerstand gegen und t tlicher Angriff auf Vollstreckungsbeamte und gleichstehende Personen    113-115 StGB,8212000,Karlsruhe,insg.,360,302,58,0,0,0,0,0,0,0,0,0,1,0,1,12,8,4,345,292,53,2,2,0,347,294,53,2020
621100,Widerstand gegen und t tlicher Angriff auf Vollstreckungsbeamte und gleichstehende Personen    113-115 StGB,6611000,Kassel,voll.,242,193,49,1,1,0,0,0,0,1,1,0,4,3,1,26,21,5,210,167,43,1,1,0,211,168,43,2020
621100,Widerstand gegen und t tlicher Angriff auf Vollstreckungsbeamte und gleichstehende Personen    113-115 StGB,6611000,Kassel,vers.,0,0,0,0,0,0,0,0,0,0,0,0,0,0,0,0,0,0,0,0,0,0,0,0,0,0,0,2020
621100,Widerstand gegen und t tlicher Angriff auf Vollstreckungsbeamte und gleichstehende Personen    113-115 StGB,6611000,Kassel,insg.,242,193,49,1,1,0,0,0,0,1,1,0,4,3,1,26,21,5,210,167,43,1,1,0,211,168,43,2020
621100,Widerstand gegen und t tlicher Angriff auf Vollstreckungsbeamte und gleichstehende Personen    113-115 StGB,1002000,Kiel,voll.,369,292,77,0,0,0,0,0,0,0,0,0,0,0,0,4,2,2,364,289,75,1,1,0,365,290,75,2020
621100,Widerstand gegen und t tlicher Angriff auf Vollstreckungsbeamte und gleichstehende Personen    113-115 StGB,1002000,Kiel,vers.,0,0,0,0,0,0,0,0,0,0,0,0,0,0,0,0,0,0,0,0,0,0,0,0,0,0,0,2020
621100,Widerstand gegen und t tlicher Angriff auf Vollstreckungsbeamte und gleichstehende Personen    113-115 StGB,1002000,Kiel,insg.,369,292,77,0,0,0,0,0,0,0,0,0,0,0,0,4,2,2,364,289,75,1,1,0,365,290,75,2020
621100,Widerstand gegen und t tlicher Angriff auf Vollstreckungsbeamte und gleichstehende Personen    113-115 StGB,7111000,Koblenz,voll.,272,229,43,0,0,0,0,0,0,0,0,0,0,0,0,2,2,0,270,227,43,0,0,0,270,227,43,2020
621100,Widerstand gegen und t tlicher Angriff auf Vollstreckungsbeamte und gleichstehende Personen    113-115 StGB,7111000,Koblenz,vers.,0,0,0,0,0,0,0,0,0,0,0,0,0,0,0,0,0,0,0,0,0,0,0,0,0,0,0,2020
621100,Widerstand gegen und t tlicher Angriff auf Vollstreckungsbeamte und gleichstehende Personen    113-115 StGB,7111000,Koblenz,insg.,272,229,43,0,0,0,0,0,0,0,0,0,0,0,0,2,2,0,270,227,43,0,0,0,270,227,43,2020
621100,Widerstand gegen und t tlicher Angriff auf Vollstreckungsbeamte und gleichstehende Personen    113-115 StGB,5315000,K ln,voll.,1795,1302,493,0,0,0,0,0,0,0,0,0,0,0,0,40,31,9,1748,1264,484,7,7,0,1755,1271,484,2020
621100,Widerstand gegen und t tlicher Angriff auf Vollstreckungsbeamte und gleichstehende Personen    113-115 StGB,5315000,K ln,vers.,0,0,0,0,0,0,0,0,0,0,0,0,0,0,0,0,0,0,0,0,0,0,0,0,0,0,0,2020
621100,Widerstand gegen und t tlicher Angriff auf Vollstreckungsbeamte und gleichstehende Personen    113-115 StGB,5315000,K ln,insg.,1795,1302,493,0,0,0,0,0,0,0,0,0,0,0,0,40,31,9,1748,1264,484,7,7,0,1755,1271,484,2020
621100,Widerstand gegen und t tlicher Angriff auf Vollstreckungsbeamte und gleichstehende Personen    113-115 StGB,5114000,Krefeld,voll.,358,236,122,0,0,0,0,0,0,0,0,0,0,0,0,3,1,2,350,231,119,5,4,1,355,235,120,2020
621100,Widerstand gegen und t tlicher Angriff auf Vollstreckungsbeamte und gleichstehende Personen    113-115 StGB,5114000,Krefeld,vers.,0,0,0,0,0,0,0,0,0,0,0,0,0,0,0,0,0,0,0,0,0,0,0,0,0,0,0,2020
621100,Widerstand gegen und t tlicher Angriff auf Vollstreckungsbeamte und gleichstehende Personen    113-115 StGB,5114000,Krefeld,insg.,358,236,122,0,0,0,0,0,0,0,0,0,0,0,0,3,1,2,350,231,119,5,4,1,355,235,120,2020
621100,Widerstand gegen und t tlicher Angriff auf Vollstreckungsbeamte und gleichstehende Personen    113-115 StGB,14713000,Leipzig,voll.,732,616,116,0,0,0,0,0,0,0,0,0,1,1,0,21,17,4,705,593,112,5,5,0,710,598,112,2020
621100,Widerstand gegen und t tlicher Angriff auf Vollstreckungsbeamte und gleichstehende Personen    113-115 StGB,14713000,Leipzig,vers.,0,0,0,0,0,0,0,0,0,0,0,0,0,0,0,0,0,0,0,0,0,0,0,0,0,0,0,2020
621100,Widerstand gegen und t tlicher Angriff auf Vollstreckungsbeamte und gleichstehende Personen    113-115 StGB,14713000,Leipzig,insg.,732,616,116,0,0,0,0,0,0,0,0,0,1,1,0,21,17,4,705,593,112,5,5,0,710,598,112,2020
621100,Widerstand gegen und t tlicher Angriff auf Vollstreckungsbeamte und gleichstehende Personen    113-115 StGB,5316000,Leverkusen,voll.,185,140,45,0,0,0,0,0,0,0,0,0,0,0,0,1,0,1,184,140,44,0,0,0,184,140,44,2020
621100,Widerstand gegen und t tlicher Angriff auf Vollstreckungsbeamte und gleichstehende Personen    113-115 StGB,5316000,Leverkusen,vers.,0,0,0,0,0,0,0,0,0,0,0,0,0,0,0,0,0,0,0,0,0,0,0,0,0,0,0,2020
621100,Widerstand gegen und t tlicher Angriff auf Vollstreckungsbeamte und gleichstehende Personen    113-115 StGB,5316000,Leverkusen,insg.,185,140,45,0,0,0,0,0,0,0,0,0,0,0,0,1,0,1,184,140,44,0,0,0,184,140,44,2020
621100,Widerstand gegen und t tlicher Angriff auf Vollstreckungsbeamte und gleichstehende Personen    113-115 StGB,1003000,L beck,voll.,509,390,119,0,0,0,0,0,0,0,0,0,0,0,0,11,6,5,495,381,114,3,3,0,498,384,114,2020
621100,Widerstand gegen und t tlicher Angriff auf Vollstreckungsbeamte und gleichstehende Personen    113-115 StGB,1003000,L beck,vers.,0,0,0,0,0,0,0,0,0,0,0,0,0,0,0,0,0,0,0,0,0,0,0,0,0,0,0,2020
621100,Widerstand gegen und t tlicher Angriff auf Vollstreckungsbeamte und gleichstehende Personen    113-115 StGB,1003000,L beck,insg.,509,390,119,0,0,0,0,0,0,0,0,0,0,0,0,11,6,5,495,381,114,3,3,0,498,384,114,2020
621100,Widerstand gegen und t tlicher Angriff auf Vollstreckungsbeamte und gleichstehende Personen    113-115 StGB,7314000,Ludwigshafen am Rhein,voll.,153,114,39,0,0,0,0,0,0,0,0,0,0,0,0,1,1,0,151,112,39,1,1,0,152,113,39,2020
621100,Widerstand gegen und t tlicher Angriff auf Vollstreckungsbeamte und gleichstehende Personen    113-115 StGB,7314000,Ludwigshafen am Rhein,vers.,0,0,0,0,0,0,0,0,0,0,0,0,0,0,0,0,0,0,0,0,0,0,0,0,0,0,0,2020
621100,Widerstand gegen und t tlicher Angriff auf Vollstreckungsbeamte und gleichstehende Personen    113-115 StGB,7314000,Ludwigshafen am Rhein,insg.,153,114,39,0,0,0,0,0,0,0,0,0,0,0,0,1,1,0,151,112,39,1,1,0,152,113,39,2020
621100,Widerstand gegen und t tlicher Angriff auf Vollstreckungsbeamte und gleichstehende Personen    113-115 StGB,15003000,Magdeburg,voll.,218,171,47,0,0,0,0,0,0,0,0,0,0,0,0,10,6,4,207,164,43,1,1,0,208,165,43,2020
621100,Widerstand gegen und t tlicher Angriff auf Vollstreckungsbeamte und gleichstehende Personen    113-115 StGB,15003000,Magdeburg,vers.,0,0,0,0,0,0,0,0,0,0,0,0,0,0,0,0,0,0,0,0,0,0,0,0,0,0,0,2020
621100,Widerstand gegen und t tlicher Angriff auf Vollstreckungsbeamte und gleichstehende Personen    113-115 StGB,15003000,Magdeburg,insg.,218,171,47,0,0,0,0,0,0,0,0,0,0,0,0,10,6,4,207,164,43,1,1,0,208,165,43,2020
621100,Widerstand gegen und t tlicher Angriff auf Vollstreckungsbeamte und gleichstehende Personen    113-115 StGB,7315000,Mainz,voll.,263,223,40,0,0,0,0,0,0,0,0,0,0,0,0,5,4,1,258,219,39,0,0,0,258,219,39,2020
621100,Widerstand gegen und t tlicher Angriff auf Vollstreckungsbeamte und gleichstehende Personen    113-115 StGB,7315000,Mainz,vers.,0,0,0,0,0,0,0,0,0,0,0,0,0,0,0,0,0,0,0,0,0,0,0,0,0,0,0,2020
621100,Widerstand gegen und t tlicher Angriff auf Vollstreckungsbeamte und gleichstehende Personen    113-115 StGB,7315000,Mainz,insg.,263,223,40,0,0,0,0,0,0,0,0,0,0,0,0,5,4,1,258,219,39,0,0,0,258,219,39,2020
621100,Widerstand gegen und t tlicher Angriff auf Vollstreckungsbeamte und gleichstehende Personen    113-115 StGB,8222000,Mannheim,voll.,405,332,73,0,0,0,0,0,0,0,0,0,0,0,0,12,11,1,393,321,72,0,0,0,393,321,72,2020
621100,Widerstand gegen und t tlicher Angriff auf Vollstreckungsbeamte und gleichstehende Personen    113-115 StGB,8222000,Mannheim,vers.,0,0,0,0,0,0,0,0,0,0,0,0,0,0,0,0,0,0,0,0,0,0,0,0,0,0,0,2020
621100,Widerstand gegen und t tlicher Angriff auf Vollstreckungsbeamte und gleichstehende Personen    113-115 StGB,8222000,Mannheim,insg.,405,332,73,0,0,0,0,0,0,0,0,0,0,0,0,12,11,1,393,321,72,0,0,0,393,321,72,2020
621100,Widerstand gegen und t tlicher Angriff auf Vollstreckungsbeamte und gleichstehende Personen    113-115 StGB,5170024,Moers,voll.,126,83,43,0,0,0,0,0,0,0,0,0,0,0,0,7,5,2,119,78,41,0,0,0,119,78,41,2020
621100,Widerstand gegen und t tlicher Angriff auf Vollstreckungsbeamte und gleichstehende Personen    113-115 StGB,5170024,Moers,vers.,0,0,0,0,0,0,0,0,0,0,0,0,0,0,0,0,0,0,0,0,0,0,0,0,0,0,0,2020
621100,Widerstand gegen und t tlicher Angriff auf Vollstreckungsbeamte und gleichstehende Personen    113-115 StGB,5170024,Moers,insg.,126,83,43,0,0,0,0,0,0,0,0,0,0,0,0,7,5,2,119,78,41,0,0,0,119,78,41,2020
621100,Widerstand gegen und t tlicher Angriff auf Vollstreckungsbeamte und gleichstehende Personen    113-115 StGB,5116000,M nchengladbach,voll.,362,264,98,0,0,0,0,0,0,0,0,0,0,0,0,8,6,2,347,251,96,7,7,0,354,258,96,2020
621100,Widerstand gegen und t tlicher Angriff auf Vollstreckungsbeamte und gleichstehende Personen    113-115 StGB,5116000,M nchengladbach,vers.,0,0,0,0,0,0,0,0,0,0,0,0,0,0,0,0,0,0,0,0,0,0,0,0,0,0,0,2020
621100,Widerstand gegen und t tlicher Angriff auf Vollstreckungsbeamte und gleichstehende Personen    113-115 StGB,5116000,M nchengladbach,insg.,362,264,98,0,0,0,0,0,0,0,0,0,0,0,0,8,6,2,347,251,96,7,7,0,354,258,96,2020
621100,Widerstand gegen und t tlicher Angriff auf Vollstreckungsbeamte und gleichstehende Personen    113-115 StGB,5117000,M lheim an der Ruhr,voll.,105,69,36,0,0,0,0,0,0,0,0,0,0,0,0,0,0,0,101,65,36,4,4,0,105,69,36,2020
621100,Widerstand gegen und t tlicher Angriff auf Vollstreckungsbeamte und gleichstehende Personen    113-115 StGB,5117000,M lheim an der Ruhr,vers.,0,0,0,0,0,0,0,0,0,0,0,0,0,0,0,0,0,0,0,0,0,0,0,0,0,0,0,2020
621100,Widerstand gegen und t tlicher Angriff auf Vollstreckungsbeamte und gleichstehende Personen    113-115 StGB,5117000,M lheim an der Ruhr,insg.,105,69,36,0,0,0,0,0,0,0,0,0,0,0,0,0,0,0,101,65,36,4,4,0,105,69,36,2020
621100,Widerstand gegen und t tlicher Angriff auf Vollstreckungsbeamte und gleichstehende Personen    113-115 StGB,9162000,M nchen,voll.,2033,1674,359,0,0,0,0,0,0,0,0,0,0,0,0,58,45,13,1971,1625,346,4,4,0,1975,1629,346,2020
621100,Widerstand gegen und t tlicher Angriff auf Vollstreckungsbeamte und gleichstehende Personen    113-115 StGB,9162000,M nchen,vers.,0,0,0,0,0,0,0,0,0,0,0,0,0,0,0,0,0,0,0,0,0,0,0,0,0,0,0,2020
621100,Widerstand gegen und t tlicher Angriff auf Vollstreckungsbeamte und gleichstehende Personen    113-115 StGB,9162000,M nchen,insg.,2033,1674,359,0,0,0,0,0,0,0,0,0,0,0,0,58,45,13,1971,1625,346,4,4,0,1975,1629,346,2020
621100,Widerstand gegen und t tlicher Angriff auf Vollstreckungsbeamte und gleichstehende Personen    113-115 StGB,5515000,M nster,voll.,373,294,79,0,0,0,0,0,0,0,0,0,1,1,0,10,7,3,359,283,76,3,3,0,362,286,76,2020
621100,Widerstand gegen und t tlicher Angriff auf Vollstreckungsbeamte und gleichstehende Personen    113-115 StGB,5515000,M nster,vers.,0,0,0,0,0,0,0,0,0,0,0,0,0,0,0,0,0,0,0,0,0,0,0,0,0,0,0,2020
621100,Widerstand gegen und t tlicher Angriff auf Vollstreckungsbeamte und gleichstehende Personen    113-115 StGB,5515000,M nster,insg.,373,294,79,0,0,0,0,0,0,0,0,0,1,1,0,10,7,3,359,283,76,3,3,0,362,286,76,2020
621100,Widerstand gegen und t tlicher Angriff auf Vollstreckungsbeamte und gleichstehende Personen    113-115 StGB,5162024,Neuss,voll.,149,99,50,0,0,0,0,0,0,0,0,0,0,0,0,0,0,0,147,97,50,2,2,0,149,99,50,2020
621100,Widerstand gegen und t tlicher Angriff auf Vollstreckungsbeamte und gleichstehende Personen    113-115 StGB,5162024,Neuss,vers.,0,0,0,0,0,0,0,0,0,0,0,0,0,0,0,0,0,0,0,0,0,0,0,0,0,0,0,2020
621100,Widerstand gegen und t tlicher Angriff auf Vollstreckungsbeamte und gleichstehende Personen    113-115 StGB,5162024,Neuss,insg.,149,99,50,0,0,0,0,0,0,0,0,0,0,0,0,0,0,0,147,97,50,2,2,0,149,99,50,2020
621100,Widerstand gegen und t tlicher Angriff auf Vollstreckungsbeamte und gleichstehende Personen    113-115 StGB,9564000,N rnberg,voll.,924,767,157,0,0,0,0,0,0,0,0,0,0,0,0,16,13,3,907,753,154,1,1,0,908,754,154,2020
621100,Widerstand gegen und t tlicher Angriff auf Vollstreckungsbeamte und gleichstehende Personen    113-115 StGB,9564000,N rnberg,vers.,0,0,0,0,0,0,0,0,0,0,0,0,0,0,0,0,0,0,0,0,0,0,0,0,0,0,0,2020
621100,Widerstand gegen und t tlicher Angriff auf Vollstreckungsbeamte und gleichstehende Personen    113-115 StGB,9564000,N rnberg,insg.,924,767,157,0,0,0,0,0,0,0,0,0,0,0,0,16,13,3,907,753,154,1,1,0,908,754,154,2020
621100,Widerstand gegen und t tlicher Angriff auf Vollstreckungsbeamte und gleichstehende Personen    113-115 StGB,5119000,Oberhausen,voll.,149,82,67,0,0,0,0,0,0,0,0,0,0,0,0,12,8,4,137,74,63,0,0,0,137,74,63,2020
621100,Widerstand gegen und t tlicher Angriff auf Vollstreckungsbeamte und gleichstehende Personen    113-115 StGB,5119000,Oberhausen,vers.,0,0,0,0,0,0,0,0,0,0,0,0,0,0,0,0,0,0,0,0,0,0,0,0,0,0,0,2020
621100,Widerstand gegen und t tlicher Angriff auf Vollstreckungsbeamte und gleichstehende Personen    113-115 StGB,5119000,Oberhausen,insg.,149,82,67,0,0,0,0,0,0,0,0,0,0,0,0,12,8,4,137,74,63,0,0,0,137,74,63,2020
621100,Widerstand gegen und t tlicher Angriff auf Vollstreckungsbeamte und gleichstehende Personen    113-115 StGB,6413000,Offenbach am Main,voll.,126,97,29,0,0,0,0,0,0,0,0,0,0,0,0,1,1,0,125,96,29,0,0,0,125,96,29,2020
621100,Widerstand gegen und t tlicher Angriff auf Vollstreckungsbeamte und gleichstehende Personen    113-115 StGB,6413000,Offenbach am Main,vers.,0,0,0,0,0,0,0,0,0,0,0,0,0,0,0,0,0,0,0,0,0,0,0,0,0,0,0,2020
621100,Widerstand gegen und t tlicher Angriff auf Vollstreckungsbeamte und gleichstehende Personen    113-115 StGB,6413000,Offenbach am Main,insg.,126,97,29,0,0,0,0,0,0,0,0,0,0,0,0,1,1,0,125,96,29,0,0,0,125,96,29,2020
621100,Widerstand gegen und t tlicher Angriff auf Vollstreckungsbeamte und gleichstehende Personen    113-115 StGB,3403000,Oldenburg (Oldenburg),voll.,166,118,48,0,0,0,0,0,0,0,0,0,0,0,0,7,5,2,158,112,46,1,1,0,159,113,46,2020
621100,Widerstand gegen und t tlicher Angriff auf Vollstreckungsbeamte und gleichstehende Personen    113-115 StGB,3403000,Oldenburg (Oldenburg),vers.,0,0,0,0,0,0,0,0,0,0,0,0,0,0,0,0,0,0,0,0,0,0,0,0,0,0,0,2020
621100,Widerstand gegen und t tlicher Angriff auf Vollstreckungsbeamte und gleichstehende Personen    113-115 StGB,3403000,Oldenburg (Oldenburg),insg.,166,118,48,0,0,0,0,0,0,0,0,0,0,0,0,7,5,2,158,112,46,1,1,0,159,113,46,2020
621100,Widerstand gegen und t tlicher Angriff auf Vollstreckungsbeamte und gleichstehende Personen    113-115 StGB,3404000,Osnabr ck,voll.,316,252,64,0,0,0,0,0,0,0,0,0,0,0,0,6,5,1,307,244,63,3,3,0,310,247,63,2020
621100,Widerstand gegen und t tlicher Angriff auf Vollstreckungsbeamte und gleichstehende Personen    113-115 StGB,3404000,Osnabr ck,vers.,0,0,0,0,0,0,0,0,0,0,0,0,0,0,0,0,0,0,0,0,0,0,0,0,0,0,0,2020
621100,Widerstand gegen und t tlicher Angriff auf Vollstreckungsbeamte und gleichstehende Personen    113-115 StGB,3404000,Osnabr ck,insg.,316,252,64,0,0,0,0,0,0,0,0,0,0,0,0,6,5,1,307,244,63,3,3,0,310,247,63,2020
621100,Widerstand gegen und t tlicher Angriff auf Vollstreckungsbeamte und gleichstehende Personen    113-115 StGB,5774032,Paderborn,voll.,168,135,33,0,0,0,0,0,0,0,0,0,0,0,0,2,2,0,161,128,33,5,5,0,166,133,33,2020
621100,Widerstand gegen und t tlicher Angriff auf Vollstreckungsbeamte und gleichstehende Personen    113-115 StGB,5774032,Paderborn,vers.,0,0,0,0,0,0,0,0,0,0,0,0,0,0,0,0,0,0,0,0,0,0,0,0,0,0,0,2020
621100,Widerstand gegen und t tlicher Angriff auf Vollstreckungsbeamte und gleichstehende Personen    113-115 StGB,5774032,Paderborn,insg.,168,135,33,0,0,0,0,0,0,0,0,0,0,0,0,2,2,0,161,128,33,5,5,0,166,133,33,2020
621100,Widerstand gegen und t tlicher Angriff auf Vollstreckungsbeamte und gleichstehende Personen    113-115 StGB,8231000,Pforzheim,voll.,224,165,59,0,0,0,0,0,0,0,0,0,0,0,0,6,2,4,218,163,55,0,0,0,218,163,55,2020
621100,Widerstand gegen und t tlicher Angriff auf Vollstreckungsbeamte und gleichstehende Personen    113-115 StGB,8231000,Pforzheim,vers.,0,0,0,0,0,0,0,0,0,0,0,0,0,0,0,0,0,0,0,0,0,0,0,0,0,0,0,2020
621100,Widerstand gegen und t tlicher Angriff auf Vollstreckungsbeamte und gleichstehende Personen    113-115 StGB,8231000,Pforzheim,insg.,224,165,59,0,0,0,0,0,0,0,0,0,0,0,0,6,2,4,218,163,55,0,0,0,218,163,55,2020
621100,Widerstand gegen und t tlicher Angriff auf Vollstreckungsbeamte und gleichstehende Personen    113-115 StGB,12054000,Potsdam,voll.,159,123,36,0,0,0,0,0,0,0,0,0,0,0,0,4,0,4,154,123,31,1,0,1,155,123,32,2020
621100,Widerstand gegen und t tlicher Angriff auf Vollstreckungsbeamte und gleichstehende Personen    113-115 StGB,12054000,Potsdam,vers.,0,0,0,0,0,0,0,0,0,0,0,0,0,0,0,0,0,0,0,0,0,0,0,0,0,0,0,2020
621100,Widerstand gegen und t tlicher Angriff auf Vollstreckungsbeamte und gleichstehende Personen    113-115 StGB,12054000,Potsdam,insg.,159,123,36,0,0,0,0,0,0,0,0,0,0,0,0,4,0,4,154,123,31,1,0,1,155,123,32,2020
621100,Widerstand gegen und t tlicher Angriff auf Vollstreckungsbeamte und gleichstehende Personen    113-115 StGB,5562032,Recklinghausen,voll.,247,194,53,0,0,0,0,0,0,0,0,0,0,0,0,4,2,2,240,190,50,3,2,1,243,192,51,2020
621100,Widerstand gegen und t tlicher Angriff auf Vollstreckungsbeamte und gleichstehende Personen    113-115 StGB,5562032,Recklinghausen,vers.,0,0,0,0,0,0,0,0,0,0,0,0,0,0,0,0,0,0,0,0,0,0,0,0,0,0,0,2020
621100,Widerstand gegen und t tlicher Angriff auf Vollstreckungsbeamte und gleichstehende Personen    113-115 StGB,5562032,Recklinghausen,insg.,247,194,53,0,0,0,0,0,0,0,0,0,0,0,0,4,2,2,240,190,50,3,2,1,243,192,51,2020
621100,Widerstand gegen und t tlicher Angriff auf Vollstreckungsbeamte und gleichstehende Personen    113-115 StGB,9362000,Regensburg,voll.,229,194,35,0,0,0,0,0,0,0,0,0,0,0,0,4,2,2,224,191,33,1,1,0,225,192,33,2020
621100,Widerstand gegen und t tlicher Angriff auf Vollstreckungsbeamte und gleichstehende Personen    113-115 StGB,9362000,Regensburg,vers.,0,0,0,0,0,0,0,0,0,0,0,0,0,0,0,0,0,0,0,0,0,0,0,0,0,0,0,2020
621100,Widerstand gegen und t tlicher Angriff auf Vollstreckungsbeamte und gleichstehende Personen    113-115 StGB,9362000,Regensburg,insg.,229,194,35,0,0,0,0,0,0,0,0,0,0,0,0,4,2,2,224,191,33,1,1,0,225,192,33,2020
621100,Widerstand gegen und t tlicher Angriff auf Vollstreckungsbeamte und gleichstehende Personen    113-115 StGB,5120000,Remscheid,voll.,110,80,30,0,0,0,0,0,0,0,0,0,0,0,0,4,2,2,106,78,28,0,0,0,106,78,28,2020
621100,Widerstand gegen und t tlicher Angriff auf Vollstreckungsbeamte und gleichstehende Personen    113-115 StGB,5120000,Remscheid,vers.,0,0,0,0,0,0,0,0,0,0,0,0,0,0,0,0,0,0,0,0,0,0,0,0,0,0,0,2020
621100,Widerstand gegen und t tlicher Angriff auf Vollstreckungsbeamte und gleichstehende Personen    113-115 StGB,5120000,Remscheid,insg.,110,80,30,0,0,0,0,0,0,0,0,0,0,0,0,4,2,2,106,78,28,0,0,0,106,78,28,2020
621100,Widerstand gegen und t tlicher Angriff auf Vollstreckungsbeamte und gleichstehende Personen    113-115 StGB,8415061,Reutlingen,voll.,153,125,28,0,0,0,0,0,0,0,0,0,0,0,0,1,1,0,151,123,28,1,1,0,152,124,28,2020
621100,Widerstand gegen und t tlicher Angriff auf Vollstreckungsbeamte und gleichstehende Personen    113-115 StGB,8415061,Reutlingen,vers.,0,0,0,0,0,0,0,0,0,0,0,0,0,0,0,0,0,0,0,0,0,0,0,0,0,0,0,2020
621100,Widerstand gegen und t tlicher Angriff auf Vollstreckungsbeamte und gleichstehende Personen    113-115 StGB,8415061,Reutlingen,insg.,153,125,28,0,0,0,0,0,0,0,0,0,0,0,0,1,1,0,151,123,28,1,1,0,152,124,28,2020
621100,Widerstand gegen und t tlicher Angriff auf Vollstreckungsbeamte und gleichstehende Personen    113-115 StGB,13003000,Rostock,voll.,239,196,43,0,0,0,0,0,0,0,0,0,0,0,0,5,5,0,233,190,43,1,1,0,234,191,43,2020
621100,Widerstand gegen und t tlicher Angriff auf Vollstreckungsbeamte und gleichstehende Personen    113-115 StGB,13003000,Rostock,vers.,0,0,0,0,0,0,0,0,0,0,0,0,0,0,0,0,0,0,0,0,0,0,0,0,0,0,0,2020
621100,Widerstand gegen und t tlicher Angriff auf Vollstreckungsbeamte und gleichstehende Personen    113-115 StGB,13003000,Rostock,insg.,239,196,43,0,0,0,0,0,0,0,0,0,0,0,0,5,5,0,233,190,43,1,1,0,234,191,43,2020
621100,Widerstand gegen und t tlicher Angriff auf Vollstreckungsbeamte und gleichstehende Personen    113-115 StGB,10041100,Saarbr cken,voll.,445,340,105,0,0,0,0,0,0,0,0,0,0,0,0,5,4,1,440,336,104,0,0,0,440,336,104,2020
621100,Widerstand gegen und t tlicher Angriff auf Vollstreckungsbeamte und gleichstehende Personen    113-115 StGB,10041100,Saarbr cken,vers.,0,0,0,0,0,0,0,0,0,0,0,0,0,0,0,0,0,0,0,0,0,0,0,0,0,0,0,2020
621100,Widerstand gegen und t tlicher Angriff auf Vollstreckungsbeamte und gleichstehende Personen    113-115 StGB,10041100,Saarbr cken,insg.,445,340,105,0,0,0,0,0,0,0,0,0,0,0,0,5,4,1,440,336,104,0,0,0,440,336,104,2020
621100,Widerstand gegen und t tlicher Angriff auf Vollstreckungsbeamte und gleichstehende Personen    113-115 StGB,3102000,Salzgitter,voll.,135,101,34,0,0,0,0,0,0,0,0,0,0,0,0,2,1,1,133,100,33,0,0,0,133,100,33,2020
621100,Widerstand gegen und t tlicher Angriff auf Vollstreckungsbeamte und gleichstehende Personen    113-115 StGB,3102000,Salzgitter,vers.,0,0,0,0,0,0,0,0,0,0,0,0,0,0,0,0,0,0,0,0,0,0,0,0,0,0,0,2020
621100,Widerstand gegen und t tlicher Angriff auf Vollstreckungsbeamte und gleichstehende Personen    113-115 StGB,3102000,Salzgitter,insg.,135,101,34,0,0,0,0,0,0,0,0,0,0,0,0,2,1,1,133,100,33,0,0,0,133,100,33,2020
621100,Widerstand gegen und t tlicher Angriff auf Vollstreckungsbeamte und gleichstehende Personen    113-115 StGB,13004000,Schwerin,voll.,173,152,21,0,0,0,0,0,0,0,0,0,0,0,0,10,9,1,163,143,20,0,0,0,163,143,20,2020
621100,Widerstand gegen und t tlicher Angriff auf Vollstreckungsbeamte und gleichstehende Personen    113-115 StGB,13004000,Schwerin,vers.,0,0,0,0,0,0,0,0,0,0,0,0,0,0,0,0,0,0,0,0,0,0,0,0,0,0,0,2020
621100,Widerstand gegen und t tlicher Angriff auf Vollstreckungsbeamte und gleichstehende Personen    113-115 StGB,13004000,Schwerin,insg.,173,152,21,0,0,0,0,0,0,0,0,0,0,0,0,10,9,1,163,143,20,0,0,0,163,143,20,2020
621100,Widerstand gegen und t tlicher Angriff auf Vollstreckungsbeamte und gleichstehende Personen    113-115 StGB,5970040,Siegen,voll.,217,166,51,0,0,0,0,0,0,0,0,0,1,1,0,3,2,1,211,161,50,2,2,0,213,163,50,2020
621100,Widerstand gegen und t tlicher Angriff auf Vollstreckungsbeamte und gleichstehende Personen    113-115 StGB,5970040,Siegen,vers.,0,0,0,0,0,0,0,0,0,0,0,0,0,0,0,0,0,0,0,0,0,0,0,0,0,0,0,2020
621100,Widerstand gegen und t tlicher Angriff auf Vollstreckungsbeamte und gleichstehende Personen    113-115 StGB,5970040,Siegen,insg.,217,166,51,0,0,0,0,0,0,0,0,0,1,1,0,3,2,1,211,161,50,2,2,0,213,163,50,2020
621100,Widerstand gegen und t tlicher Angriff auf Vollstreckungsbeamte und gleichstehende Personen    113-115 StGB,5122000,Solingen,voll.,133,95,38,0,0,0,0,0,0,0,0,0,2,1,1,2,1,1,127,91,36,2,2,0,129,93,36,2020
621100,Widerstand gegen und t tlicher Angriff auf Vollstreckungsbeamte und gleichstehende Personen    113-115 StGB,5122000,Solingen,vers.,0,0,0,0,0,0,0,0,0,0,0,0,0,0,0,0,0,0,0,0,0,0,0,0,0,0,0,2020
621100,Widerstand gegen und t tlicher Angriff auf Vollstreckungsbeamte und gleichstehende Personen    113-115 StGB,5122000,Solingen,insg.,133,95,38,0,0,0,0,0,0,0,0,0,2,1,1,2,1,1,127,91,36,2,2,0,129,93,36,2020
621100,Widerstand gegen und t tlicher Angriff auf Vollstreckungsbeamte und gleichstehende Personen    113-115 StGB,8111000,Stuttgart,voll.,1925,1537,388,0,0,0,0,0,0,0,0,0,0,0,0,60,44,16,1857,1487,370,8,6,2,1865,1493,372,2020
621100,Widerstand gegen und t tlicher Angriff auf Vollstreckungsbeamte und gleichstehende Personen    113-115 StGB,8111000,Stuttgart,vers.,0,0,0,0,0,0,0,0,0,0,0,0,0,0,0,0,0,0,0,0,0,0,0,0,0,0,0,2020
621100,Widerstand gegen und t tlicher Angriff auf Vollstreckungsbeamte und gleichstehende Personen    113-115 StGB,8111000,Stuttgart,insg.,1925,1537,388,0,0,0,0,0,0,0,0,0,0,0,0,60,44,16,1857,1487,370,8,6,2,1865,1493,372,2020
621100,Widerstand gegen und t tlicher Angriff auf Vollstreckungsbeamte und gleichstehende Personen    113-115 StGB,7211000,Trier,voll.,113,96,17,0,0,0,0,0,0,0,0,0,0,0,0,0,0,0,112,95,17,1,1,0,113,96,17,2020
621100,Widerstand gegen und t tlicher Angriff auf Vollstreckungsbeamte und gleichstehende Personen    113-115 StGB,7211000,Trier,vers.,0,0,0,0,0,0,0,0,0,0,0,0,0,0,0,0,0,0,0,0,0,0,0,0,0,0,0,2020
621100,Widerstand gegen und t tlicher Angriff auf Vollstreckungsbeamte und gleichstehende Personen    113-115 StGB,7211000,Trier,insg.,113,96,17,0,0,0,0,0,0,0,0,0,0,0,0,0,0,0,112,95,17,1,1,0,113,96,17,2020
621100,Widerstand gegen und t tlicher Angriff auf Vollstreckungsbeamte und gleichstehende Personen    113-115 StGB,8421000,Ulm,voll.,130,108,22,0,0,0,0,0,0,0,0,0,0,0,0,4,3,1,124,103,21,2,2,0,126,105,21,2020
621100,Widerstand gegen und t tlicher Angriff auf Vollstreckungsbeamte und gleichstehende Personen    113-115 StGB,8421000,Ulm,vers.,0,0,0,0,0,0,0,0,0,0,0,0,0,0,0,0,0,0,0,0,0,0,0,0,0,0,0,2020
621100,Widerstand gegen und t tlicher Angriff auf Vollstreckungsbeamte und gleichstehende Personen    113-115 StGB,8421000,Ulm,insg.,130,108,22,0,0,0,0,0,0,0,0,0,0,0,0,4,3,1,124,103,21,2,2,0,126,105,21,2020
621100,Widerstand gegen und t tlicher Angriff auf Vollstreckungsbeamte und gleichstehende Personen    113-115 StGB,6414000,Wiesbaden,voll.,168,141,27,0,0,0,0,0,0,0,0,0,0,0,0,1,1,0,167,140,27,0,0,0,167,140,27,2020
621100,Widerstand gegen und t tlicher Angriff auf Vollstreckungsbeamte und gleichstehende Personen    113-115 StGB,6414000,Wiesbaden,vers.,0,0,0,0,0,0,0,0,0,0,0,0,0,0,0,0,0,0,0,0,0,0,0,0,0,0,0,2020
621100,Widerstand gegen und t tlicher Angriff auf Vollstreckungsbeamte und gleichstehende Personen    113-115 StGB,6414000,Wiesbaden,insg.,168,141,27,0,0,0,0,0,0,0,0,0,0,0,0,1,1,0,167,140,27,0,0,0,167,140,27,2020
621100,Widerstand gegen und t tlicher Angriff auf Vollstreckungsbeamte und gleichstehende Personen    113-115 StGB,3103000,Wolfsburg,voll.,140,119,21,0,0,0,0,0,0,0,0,0,0,0,0,3,2,1,136,116,20,1,1,0,137,117,20,2020
621100,Widerstand gegen und t tlicher Angriff auf Vollstreckungsbeamte und gleichstehende Personen    113-115 StGB,3103000,Wolfsburg,vers.,0,0,0,0,0,0,0,0,0,0,0,0,0,0,0,0,0,0,0,0,0,0,0,0,0,0,0,2020
621100,Widerstand gegen und t tlicher Angriff auf Vollstreckungsbeamte und gleichstehende Personen    113-115 StGB,3103000,Wolfsburg,insg.,140,119,21,0,0,0,0,0,0,0,0,0,0,0,0,3,2,1,136,116,20,1,1,0,137,117,20,2020
621100,Widerstand gegen und t tlicher Angriff auf Vollstreckungsbeamte und gleichstehende Personen    113-115 StGB,5124000,Wuppertal,voll.,404,276,128,0,0,0,1,0,1,1,0,1,0,0,0,27,18,9,371,255,116,5,3,2,376,258,118,2020
621100,Widerstand gegen und t tlicher Angriff auf Vollstreckungsbeamte und gleichstehende Personen    113-115 StGB,5124000,Wuppertal,vers.,0,0,0,0,0,0,0,0,0,0,0,0,0,0,0,0,0,0,0,0,0,0,0,0,0,0,0,2020
621100,Widerstand gegen und t tlicher Angriff auf Vollstreckungsbeamte und gleichstehende Personen    113-115 StGB,5124000,Wuppertal,insg.,404,276,128,0,0,0,1,0,1,1,0,1,0,0,0,27,18,9,371,255,116,5,3,2,376,258,118,2020
621100,Widerstand gegen und t tlicher Angriff auf Vollstreckungsbeamte und gleichstehende Personen    113-115 StGB,9663000,W rzburg,voll.,140,112,28,0,0,0,0,0,0,0,0,0,0,0,0,6,5,1,134,107,27,0,0,0,134,107,27,2020
621100,Widerstand gegen und t tlicher Angriff auf Vollstreckungsbeamte und gleichstehende Personen    113-115 StGB,9663000,W rzburg,vers.,0,0,0,0,0,0,0,0,0,0,0,0,0,0,0,0,0,0,0,0,0,0,0,0,0,0,0,2020
621100,Widerstand gegen und t tlicher Angriff auf Vollstreckungsbeamte und gleichstehende Personen    113-115 StGB,9663000,W rzburg,insg.,140,112,28,0,0,0,0,0,0,0,0,0,0,0,0,6,5,1,134,107,27,0,0,0,134,107,27,2020
621110,"Widerstand gegen Vollstreckungsbeamte und gleichstehende Personen    113, 115 StGB",5334002,Aachen,voll.,235,174,61,0,0,0,0,0,0,0,0,0,0,0,0,3,3,0,226,166,60,6,5,1,232,171,61,2020
621110,"Widerstand gegen Vollstreckungsbeamte und gleichstehende Personen    113, 115 StGB",5334002,Aachen,vers.,0,0,0,0,0,0,0,0,0,0,0,0,0,0,0,0,0,0,0,0,0,0,0,0,0,0,0,2020
621110,"Widerstand gegen Vollstreckungsbeamte und gleichstehende Personen    113, 115 StGB",5334002,Aachen,insg.,235,174,61,0,0,0,0,0,0,0,0,0,0,0,0,3,3,0,226,166,60,6,5,1,232,171,61,2020
621110,"Widerstand gegen Vollstreckungsbeamte und gleichstehende Personen    113, 115 StGB",9761000,Augsburg,voll.,264,223,41,0,0,0,0,0,0,0,0,0,0,0,0,7,5,2,257,218,39,0,0,0,257,218,39,2020
621110,"Widerstand gegen Vollstreckungsbeamte und gleichstehende Personen    113, 115 StGB",9761000,Augsburg,vers.,0,0,0,0,0,0,0,0,0,0,0,0,0,0,0,0,0,0,0,0,0,0,0,0,0,0,0,2020
621110,"Widerstand gegen Vollstreckungsbeamte und gleichstehende Personen    113, 115 StGB",9761000,Augsburg,insg.,264,223,41,0,0,0,0,0,0,0,0,0,0,0,0,7,5,2,257,218,39,0,0,0,257,218,39,2020
621110,"Widerstand gegen Vollstreckungsbeamte und gleichstehende Personen    113, 115 StGB",5378004,Bergisch Gladbach,voll.,85,64,21,0,0,0,0,0,0,0,0,0,0,0,0,6,6,0,78,57,21,1,1,0,79,58,21,2020
621110,"Widerstand gegen Vollstreckungsbeamte und gleichstehende Personen    113, 115 StGB",5378004,Bergisch Gladbach,vers.,0,0,0,0,0,0,0,0,0,0,0,0,0,0,0,0,0,0,0,0,0,0,0,0,0,0,0,2020
621110,"Widerstand gegen Vollstreckungsbeamte und gleichstehende Personen    113, 115 StGB",5378004,Bergisch Gladbach,insg.,85,64,21,0,0,0,0,0,0,0,0,0,0,0,0,6,6,0,78,57,21,1,1,0,79,58,21,2020
621110,"Widerstand gegen Vollstreckungsbeamte und gleichstehende Personen    113, 115 StGB",11000000,Berlin,voll.,5424,4692,732,1,1,0,0,0,0,1,1,0,1,0,1,55,37,18,5340,4628,712,27,26,1,5367,4654,713,2020
621110,"Widerstand gegen Vollstreckungsbeamte und gleichstehende Personen    113, 115 StGB",11000000,Berlin,vers.,0,0,0,0,0,0,0,0,0,0,0,0,0,0,0,0,0,0,0,0,0,0,0,0,0,0,0,2020
621110,"Widerstand gegen Vollstreckungsbeamte und gleichstehende Personen    113, 115 StGB",11000000,Berlin,insg.,5424,4692,732,1,1,0,0,0,0,1,1,0,1,0,1,55,37,18,5340,4628,712,27,26,1,5367,4654,713,2020
621110,"Widerstand gegen Vollstreckungsbeamte und gleichstehende Personen    113, 115 StGB",5711000,Bielefeld,voll.,180,147,33,0,0,0,0,0,0,0,0,0,0,0,0,13,10,3,158,129,29,9,8,1,167,137,30,2020
621110,"Widerstand gegen Vollstreckungsbeamte und gleichstehende Personen    113, 115 StGB",5711000,Bielefeld,vers.,0,0,0,0,0,0,0,0,0,0,0,0,0,0,0,0,0,0,0,0,0,0,0,0,0,0,0,2020
621110,"Widerstand gegen Vollstreckungsbeamte und gleichstehende Personen    113, 115 StGB",5711000,Bielefeld,insg.,180,147,33,0,0,0,0,0,0,0,0,0,0,0,0,13,10,3,158,129,29,9,8,1,167,137,30,2020
621110,"Widerstand gegen Vollstreckungsbeamte und gleichstehende Personen    113, 115 StGB",5911000,Bochum,voll.,369,282,87,0,0,0,0,0,0,0,0,0,0,0,0,5,3,2,363,278,85,1,1,0,364,279,85,2020
621110,"Widerstand gegen Vollstreckungsbeamte und gleichstehende Personen    113, 115 StGB",5911000,Bochum,vers.,0,0,0,0,0,0,0,0,0,0,0,0,0,0,0,0,0,0,0,0,0,0,0,0,0,0,0,2020
621110,"Widerstand gegen Vollstreckungsbeamte und gleichstehende Personen    113, 115 StGB",5911000,Bochum,insg.,369,282,87,0,0,0,0,0,0,0,0,0,0,0,0,5,3,2,363,278,85,1,1,0,364,279,85,2020
621110,"Widerstand gegen Vollstreckungsbeamte und gleichstehende Personen    113, 115 StGB",5314000,Bonn,voll.,324,255,69,0,0,0,0,0,0,0,0,0,0,0,0,6,4,2,314,248,66,4,3,1,318,251,67,2020
621110,"Widerstand gegen Vollstreckungsbeamte und gleichstehende Personen    113, 115 StGB",5314000,Bonn,vers.,0,0,0,0,0,0,0,0,0,0,0,0,0,0,0,0,0,0,0,0,0,0,0,0,0,0,0,2020
621110,"Widerstand gegen Vollstreckungsbeamte und gleichstehende Personen    113, 115 StGB",5314000,Bonn,insg.,324,255,69,0,0,0,0,0,0,0,0,0,0,0,0,6,4,2,314,248,66,4,3,1,318,251,67,2020
621110,"Widerstand gegen Vollstreckungsbeamte und gleichstehende Personen    113, 115 StGB",5512000,Bottrop,voll.,68,58,10,0,0,0,0,0,0,0,0,0,0,0,0,1,1,0,67,57,10,0,0,0,67,57,10,2020
621110,"Widerstand gegen Vollstreckungsbeamte und gleichstehende Personen    113, 115 StGB",5512000,Bottrop,vers.,0,0,0,0,0,0,0,0,0,0,0,0,0,0,0,0,0,0,0,0,0,0,0,0,0,0,0,2020
621110,"Widerstand gegen Vollstreckungsbeamte und gleichstehende Personen    113, 115 StGB",5512000,Bottrop,insg.,68,58,10,0,0,0,0,0,0,0,0,0,0,0,0,1,1,0,67,57,10,0,0,0,67,57,10,2020
621110,"Widerstand gegen Vollstreckungsbeamte und gleichstehende Personen    113, 115 StGB",3101000,Braunschweig,voll.,201,163,38,0,0,0,0,0,0,0,0,0,0,0,0,1,1,0,196,158,38,4,4,0,200,162,38,2020
621110,"Widerstand gegen Vollstreckungsbeamte und gleichstehende Personen    113, 115 StGB",3101000,Braunschweig,vers.,0,0,0,0,0,0,0,0,0,0,0,0,0,0,0,0,0,0,0,0,0,0,0,0,0,0,0,2020
621110,"Widerstand gegen Vollstreckungsbeamte und gleichstehende Personen    113, 115 StGB",3101000,Braunschweig,insg.,201,163,38,0,0,0,0,0,0,0,0,0,0,0,0,1,1,0,196,158,38,4,4,0,200,162,38,2020
621110,"Widerstand gegen Vollstreckungsbeamte und gleichstehende Personen    113, 115 StGB",4011000,Bremen,voll.,728,571,157,0,0,0,0,0,0,0,0,0,0,0,0,7,5,2,716,562,154,5,4,1,721,566,155,2020
621110,"Widerstand gegen Vollstreckungsbeamte und gleichstehende Personen    113, 115 StGB",4011000,Bremen,vers.,0,0,0,0,0,0,0,0,0,0,0,0,0,0,0,0,0,0,0,0,0,0,0,0,0,0,0,2020
621110,"Widerstand gegen Vollstreckungsbeamte und gleichstehende Personen    113, 115 StGB",4011000,Bremen,insg.,728,571,157,0,0,0,0,0,0,0,0,0,0,0,0,7,5,2,716,562,154,5,4,1,721,566,155,2020
621110,"Widerstand gegen Vollstreckungsbeamte und gleichstehende Personen    113, 115 StGB",4012000,Bremerhaven,voll.,230,191,39,0,0,0,0,0,0,0,0,0,0,0,0,1,1,0,229,190,39,0,0,0,229,190,39,2020
621110,"Widerstand gegen Vollstreckungsbeamte und gleichstehende Personen    113, 115 StGB",4012000,Bremerhaven,vers.,0,0,0,0,0,0,0,0,0,0,0,0,0,0,0,0,0,0,0,0,0,0,0,0,0,0,0,2020
621110,"Widerstand gegen Vollstreckungsbeamte und gleichstehende Personen    113, 115 StGB",4012000,Bremerhaven,insg.,230,191,39,0,0,0,0,0,0,0,0,0,0,0,0,1,1,0,229,190,39,0,0,0,229,190,39,2020
621110,"Widerstand gegen Vollstreckungsbeamte und gleichstehende Personen    113, 115 StGB",14511000,Chemnitz,voll.,184,167,17,0,0,0,0,0,0,0,0,0,0,0,0,0,0,0,182,165,17,2,2,0,184,167,17,2020
621110,"Widerstand gegen Vollstreckungsbeamte und gleichstehende Personen    113, 115 StGB",14511000,Chemnitz,vers.,0,0,0,0,0,0,0,0,0,0,0,0,0,0,0,0,0,0,0,0,0,0,0,0,0,0,0,2020
621110,"Widerstand gegen Vollstreckungsbeamte und gleichstehende Personen    113, 115 StGB",14511000,Chemnitz,insg.,184,167,17,0,0,0,0,0,0,0,0,0,0,0,0,0,0,0,182,165,17,2,2,0,184,167,17,2020
621110,"Widerstand gegen Vollstreckungsbeamte und gleichstehende Personen    113, 115 StGB",6411000,Darmstadt,voll.,52,47,5,0,0,0,0,0,0,0,0,0,0,0,0,2,0,2,50,47,3,0,0,0,50,47,3,2020
621110,"Widerstand gegen Vollstreckungsbeamte und gleichstehende Personen    113, 115 StGB",6411000,Darmstadt,vers.,0,0,0,0,0,0,0,0,0,0,0,0,0,0,0,0,0,0,0,0,0,0,0,0,0,0,0,2020
621110,"Widerstand gegen Vollstreckungsbeamte und gleichstehende Personen    113, 115 StGB",6411000,Darmstadt,insg.,52,47,5,0,0,0,0,0,0,0,0,0,0,0,0,2,0,2,50,47,3,0,0,0,50,47,3,2020
621110,"Widerstand gegen Vollstreckungsbeamte und gleichstehende Personen    113, 115 StGB",5913000,Dortmund,voll.,781,596,185,0,0,0,0,0,0,0,0,0,1,0,1,24,16,8,752,576,176,4,4,0,756,580,176,2020
621110,"Widerstand gegen Vollstreckungsbeamte und gleichstehende Personen    113, 115 StGB",5913000,Dortmund,vers.,0,0,0,0,0,0,0,0,0,0,0,0,0,0,0,0,0,0,0,0,0,0,0,0,0,0,0,2020
621110,"Widerstand gegen Vollstreckungsbeamte und gleichstehende Personen    113, 115 StGB",5913000,Dortmund,insg.,781,596,185,0,0,0,0,0,0,0,0,0,1,0,1,24,16,8,752,576,176,4,4,0,756,580,176,2020
621110,"Widerstand gegen Vollstreckungsbeamte und gleichstehende Personen    113, 115 StGB",14612000,Dresden,voll.,377,313,64,0,0,0,0,0,0,0,0,0,0,0,0,4,2,2,373,311,62,0,0,0,373,311,62,2020
621110,"Widerstand gegen Vollstreckungsbeamte und gleichstehende Personen    113, 115 StGB",14612000,Dresden,vers.,0,0,0,0,0,0,0,0,0,0,0,0,0,0,0,0,0,0,0,0,0,0,0,0,0,0,0,2020
621110,"Widerstand gegen Vollstreckungsbeamte und gleichstehende Personen    113, 115 StGB",14612000,Dresden,insg.,377,313,64,0,0,0,0,0,0,0,0,0,0,0,0,4,2,2,373,311,62,0,0,0,373,311,62,2020
621110,"Widerstand gegen Vollstreckungsbeamte und gleichstehende Personen    113, 115 StGB",5112000,Duisburg,voll.,405,287,118,0,0,0,1,1,0,1,1,0,0,0,0,8,6,2,389,275,114,7,5,2,396,280,116,2020
621110,"Widerstand gegen Vollstreckungsbeamte und gleichstehende Personen    113, 115 StGB",5112000,Duisburg,vers.,0,0,0,0,0,0,0,0,0,0,0,0,0,0,0,0,0,0,0,0,0,0,0,0,0,0,0,2020
621110,"Widerstand gegen Vollstreckungsbeamte und gleichstehende Personen    113, 115 StGB",5112000,Duisburg,insg.,405,287,118,0,0,0,1,1,0,1,1,0,0,0,0,8,6,2,389,275,114,7,5,2,396,280,116,2020
621110,"Widerstand gegen Vollstreckungsbeamte und gleichstehende Personen    113, 115 StGB",5111000,D sseldorf,voll.,686,523,163,0,0,0,0,0,0,0,0,0,1,1,0,21,17,4,657,500,157,7,5,2,664,505,159,2020
621110,"Widerstand gegen Vollstreckungsbeamte und gleichstehende Personen    113, 115 StGB",5111000,D sseldorf,vers.,0,0,0,0,0,0,0,0,0,0,0,0,0,0,0,0,0,0,0,0,0,0,0,0,0,0,0,2020
621110,"Widerstand gegen Vollstreckungsbeamte und gleichstehende Personen    113, 115 StGB",5111000,D sseldorf,insg.,686,523,163,0,0,0,0,0,0,0,0,0,1,1,0,21,17,4,657,500,157,7,5,2,664,505,159,2020
621110,"Widerstand gegen Vollstreckungsbeamte und gleichstehende Personen    113, 115 StGB",16051000,Erfurt,voll.,339,306,33,0,0,0,0,0,0,0,0,0,0,0,0,8,7,1,331,299,32,0,0,0,331,299,32,2020
621110,"Widerstand gegen Vollstreckungsbeamte und gleichstehende Personen    113, 115 StGB",16051000,Erfurt,vers.,0,0,0,0,0,0,0,0,0,0,0,0,0,0,0,0,0,0,0,0,0,0,0,0,0,0,0,2020
621110,"Widerstand gegen Vollstreckungsbeamte und gleichstehende Personen    113, 115 StGB",16051000,Erfurt,insg.,339,306,33,0,0,0,0,0,0,0,0,0,0,0,0,8,7,1,331,299,32,0,0,0,331,299,32,2020
621110,"Widerstand gegen Vollstreckungsbeamte und gleichstehende Personen    113, 115 StGB",9562000,Erlangen,voll.,12,10,2,0,0,0,0,0,0,0,0,0,0,0,0,0,0,0,12,10,2,0,0,0,12,10,2,2020
621110,"Widerstand gegen Vollstreckungsbeamte und gleichstehende Personen    113, 115 StGB",9562000,Erlangen,vers.,0,0,0,0,0,0,0,0,0,0,0,0,0,0,0,0,0,0,0,0,0,0,0,0,0,0,0,2020
621110,"Widerstand gegen Vollstreckungsbeamte und gleichstehende Personen    113, 115 StGB",9562000,Erlangen,insg.,12,10,2,0,0,0,0,0,0,0,0,0,0,0,0,0,0,0,12,10,2,0,0,0,12,10,2,2020
621110,"Widerstand gegen Vollstreckungsbeamte und gleichstehende Personen    113, 115 StGB",5113000,Essen,voll.,576,435,141,0,0,0,1,1,0,1,1,0,3,3,0,17,13,4,550,414,136,5,4,1,555,418,137,2020
621110,"Widerstand gegen Vollstreckungsbeamte und gleichstehende Personen    113, 115 StGB",5113000,Essen,vers.,0,0,0,0,0,0,0,0,0,0,0,0,0,0,0,0,0,0,0,0,0,0,0,0,0,0,0,2020
621110,"Widerstand gegen Vollstreckungsbeamte und gleichstehende Personen    113, 115 StGB",5113000,Essen,insg.,576,435,141,0,0,0,1,1,0,1,1,0,3,3,0,17,13,4,550,414,136,5,4,1,555,418,137,2020
621110,"Widerstand gegen Vollstreckungsbeamte und gleichstehende Personen    113, 115 StGB",6412000,Frankfurt am Main,voll.,662,553,109,0,0,0,0,0,0,0,0,0,0,0,0,8,6,2,654,547,107,0,0,0,654,547,107,2020
621110,"Widerstand gegen Vollstreckungsbeamte und gleichstehende Personen    113, 115 StGB",6412000,Frankfurt am Main,vers.,0,0,0,0,0,0,0,0,0,0,0,0,0,0,0,0,0,0,0,0,0,0,0,0,0,0,0,2020
621110,"Widerstand gegen Vollstreckungsbeamte und gleichstehende Personen    113, 115 StGB",6412000,Frankfurt am Main,insg.,662,553,109,0,0,0,0,0,0,0,0,0,0,0,0,8,6,2,654,547,107,0,0,0,654,547,107,2020
621110,"Widerstand gegen Vollstreckungsbeamte und gleichstehende Personen    113, 115 StGB",8311000,Freiburg im Breisgau,voll.,291,258,33,0,0,0,0,0,0,0,0,0,2,1,1,14,10,4,274,246,28,1,1,0,275,247,28,2020
621110,"Widerstand gegen Vollstreckungsbeamte und gleichstehende Personen    113, 115 StGB",8311000,Freiburg im Breisgau,vers.,0,0,0,0,0,0,0,0,0,0,0,0,0,0,0,0,0,0,0,0,0,0,0,0,0,0,0,2020
621110,"Widerstand gegen Vollstreckungsbeamte und gleichstehende Personen    113, 115 StGB",8311000,Freiburg im Breisgau,insg.,291,258,33,0,0,0,0,0,0,0,0,0,2,1,1,14,10,4,274,246,28,1,1,0,275,247,28,2020
621110,"Widerstand gegen Vollstreckungsbeamte und gleichstehende Personen    113, 115 StGB",9563000,F rth,voll.,15,11,4,0,0,0,0,0,0,0,0,0,0,0,0,0,0,0,15,11,4,0,0,0,15,11,4,2020
621110,"Widerstand gegen Vollstreckungsbeamte und gleichstehende Personen    113, 115 StGB",9563000,F rth,vers.,0,0,0,0,0,0,0,0,0,0,0,0,0,0,0,0,0,0,0,0,0,0,0,0,0,0,0,2020
621110,"Widerstand gegen Vollstreckungsbeamte und gleichstehende Personen    113, 115 StGB",9563000,F rth,insg.,15,11,4,0,0,0,0,0,0,0,0,0,0,0,0,0,0,0,15,11,4,0,0,0,15,11,4,2020
621110,"Widerstand gegen Vollstreckungsbeamte und gleichstehende Personen    113, 115 StGB",5513000,Gelsenkirchen,voll.,328,247,81,0,0,0,0,0,0,0,0,0,0,0,0,4,3,1,321,241,80,3,3,0,324,244,80,2020
621110,"Widerstand gegen Vollstreckungsbeamte und gleichstehende Personen    113, 115 StGB",5513000,Gelsenkirchen,vers.,0,0,0,0,0,0,0,0,0,0,0,0,0,0,0,0,0,0,0,0,0,0,0,0,0,0,0,2020
621110,"Widerstand gegen Vollstreckungsbeamte und gleichstehende Personen    113, 115 StGB",5513000,Gelsenkirchen,insg.,328,247,81,0,0,0,0,0,0,0,0,0,0,0,0,4,3,1,321,241,80,3,3,0,324,244,80,2020
621110,"Widerstand gegen Vollstreckungsbeamte und gleichstehende Personen    113, 115 StGB",3159016,G ttingen,voll.,63,46,17,0,0,0,0,0,0,0,0,0,0,0,0,1,1,0,62,45,17,0,0,0,62,45,17,2020
621110,"Widerstand gegen Vollstreckungsbeamte und gleichstehende Personen    113, 115 StGB",3159016,G ttingen,vers.,0,0,0,0,0,0,0,0,0,0,0,0,0,0,0,0,0,0,0,0,0,0,0,0,0,0,0,2020
621110,"Widerstand gegen Vollstreckungsbeamte und gleichstehende Personen    113, 115 StGB",3159016,G ttingen,insg.,63,46,17,0,0,0,0,0,0,0,0,0,0,0,0,1,1,0,62,45,17,0,0,0,62,45,17,2020
621110,"Widerstand gegen Vollstreckungsbeamte und gleichstehende Personen    113, 115 StGB",5754008,G tersloh,voll.,173,125,48,0,0,0,1,0,1,1,0,1,1,1,0,0,0,0,170,123,47,1,1,0,171,124,47,2020
621110,"Widerstand gegen Vollstreckungsbeamte und gleichstehende Personen    113, 115 StGB",5754008,G tersloh,vers.,0,0,0,0,0,0,0,0,0,0,0,0,0,0,0,0,0,0,0,0,0,0,0,0,0,0,0,2020
621110,"Widerstand gegen Vollstreckungsbeamte und gleichstehende Personen    113, 115 StGB",5754008,G tersloh,insg.,173,125,48,0,0,0,1,0,1,1,0,1,1,1,0,0,0,0,170,123,47,1,1,0,171,124,47,2020
621110,"Widerstand gegen Vollstreckungsbeamte und gleichstehende Personen    113, 115 StGB",5914000,Hagen,voll.,230,153,77,0,0,0,0,0,0,0,0,0,1,1,0,0,0,0,227,151,76,2,1,1,229,152,77,2020
621110,"Widerstand gegen Vollstreckungsbeamte und gleichstehende Personen    113, 115 StGB",5914000,Hagen,vers.,0,0,0,0,0,0,0,0,0,0,0,0,0,0,0,0,0,0,0,0,0,0,0,0,0,0,0,2020
621110,"Widerstand gegen Vollstreckungsbeamte und gleichstehende Personen    113, 115 StGB",5914000,Hagen,insg.,230,153,77,0,0,0,0,0,0,0,0,0,1,1,0,0,0,0,227,151,76,2,1,1,229,152,77,2020
621110,"Widerstand gegen Vollstreckungsbeamte und gleichstehende Personen    113, 115 StGB",15002000,Halle (Saale),voll.,237,204,33,0,0,0,0,0,0,0,0,0,0,0,0,15,10,5,221,193,28,1,1,0,222,194,28,2020
621110,"Widerstand gegen Vollstreckungsbeamte und gleichstehende Personen    113, 115 StGB",15002000,Halle (Saale),vers.,0,0,0,0,0,0,0,0,0,0,0,0,0,0,0,0,0,0,0,0,0,0,0,0,0,0,0,2020
621110,"Widerstand gegen Vollstreckungsbeamte und gleichstehende Personen    113, 115 StGB",15002000,Halle (Saale),insg.,237,204,33,0,0,0,0,0,0,0,0,0,0,0,0,15,10,5,221,193,28,1,1,0,222,194,28,2020
621110,"Widerstand gegen Vollstreckungsbeamte und gleichstehende Personen    113, 115 StGB",2000000,Hamburg,voll.,881,762,119,0,0,0,0,0,0,0,0,0,0,0,0,16,13,3,864,748,116,1,1,0,865,749,116,2020
621110,"Widerstand gegen Vollstreckungsbeamte und gleichstehende Personen    113, 115 StGB",2000000,Hamburg,vers.,0,0,0,0,0,0,0,0,0,0,0,0,0,0,0,0,0,0,0,0,0,0,0,0,0,0,0,2020
621110,"Widerstand gegen Vollstreckungsbeamte und gleichstehende Personen    113, 115 StGB",2000000,Hamburg,insg.,881,762,119,0,0,0,0,0,0,0,0,0,0,0,0,16,13,3,864,748,116,1,1,0,865,749,116,2020
621110,"Widerstand gegen Vollstreckungsbeamte und gleichstehende Personen    113, 115 StGB",5915000,Hamm,voll.,184,151,33,0,0,0,1,1,0,1,1,0,1,1,0,0,0,0,181,148,33,1,1,0,182,149,33,2020
621110,"Widerstand gegen Vollstreckungsbeamte und gleichstehende Personen    113, 115 StGB",5915000,Hamm,vers.,0,0,0,0,0,0,0,0,0,0,0,0,0,0,0,0,0,0,0,0,0,0,0,0,0,0,0,2020
621110,"Widerstand gegen Vollstreckungsbeamte und gleichstehende Personen    113, 115 StGB",5915000,Hamm,insg.,184,151,33,0,0,0,1,1,0,1,1,0,1,1,0,0,0,0,181,148,33,1,1,0,182,149,33,2020
621110,"Widerstand gegen Vollstreckungsbeamte und gleichstehende Personen    113, 115 StGB",3241001,Hannover,voll.,607,469,138,0,0,0,0,0,0,0,0,0,0,0,0,18,10,8,582,452,130,7,7,0,589,459,130,2020
621110,"Widerstand gegen Vollstreckungsbeamte und gleichstehende Personen    113, 115 StGB",3241001,Hannover,vers.,0,0,0,0,0,0,0,0,0,0,0,0,0,0,0,0,0,0,0,0,0,0,0,0,0,0,0,2020
621110,"Widerstand gegen Vollstreckungsbeamte und gleichstehende Personen    113, 115 StGB",3241001,Hannover,insg.,607,469,138,0,0,0,0,0,0,0,0,0,0,0,0,18,10,8,582,452,130,7,7,0,589,459,130,2020
621110,"Widerstand gegen Vollstreckungsbeamte und gleichstehende Personen    113, 115 StGB",8221000,Heidelberg,voll.,99,80,19,1,0,1,0,0,0,1,0,1,0,0,0,4,4,0,94,76,18,0,0,0,94,76,18,2020
621110,"Widerstand gegen Vollstreckungsbeamte und gleichstehende Personen    113, 115 StGB",8221000,Heidelberg,vers.,0,0,0,0,0,0,0,0,0,0,0,0,0,0,0,0,0,0,0,0,0,0,0,0,0,0,0,2020
621110,"Widerstand gegen Vollstreckungsbeamte und gleichstehende Personen    113, 115 StGB",8221000,Heidelberg,insg.,99,80,19,1,0,1,0,0,0,1,0,1,0,0,0,4,4,0,94,76,18,0,0,0,94,76,18,2020
621110,"Widerstand gegen Vollstreckungsbeamte und gleichstehende Personen    113, 115 StGB",8121000,Heilbronn,voll.,66,52,14,0,0,0,0,0,0,0,0,0,0,0,0,5,1,4,61,51,10,0,0,0,61,51,10,2020
621110,"Widerstand gegen Vollstreckungsbeamte und gleichstehende Personen    113, 115 StGB",8121000,Heilbronn,vers.,0,0,0,0,0,0,0,0,0,0,0,0,0,0,0,0,0,0,0,0,0,0,0,0,0,0,0,2020
621110,"Widerstand gegen Vollstreckungsbeamte und gleichstehende Personen    113, 115 StGB",8121000,Heilbronn,insg.,66,52,14,0,0,0,0,0,0,0,0,0,0,0,0,5,1,4,61,51,10,0,0,0,61,51,10,2020
621110,"Widerstand gegen Vollstreckungsbeamte und gleichstehende Personen    113, 115 StGB",5916000,Herne,voll.,76,58,18,0,0,0,0,0,0,0,0,0,1,1,0,5,5,0,70,52,18,0,0,0,70,52,18,2020
621110,"Widerstand gegen Vollstreckungsbeamte und gleichstehende Personen    113, 115 StGB",5916000,Herne,vers.,0,0,0,0,0,0,0,0,0,0,0,0,0,0,0,0,0,0,0,0,0,0,0,0,0,0,0,2020
621110,"Widerstand gegen Vollstreckungsbeamte und gleichstehende Personen    113, 115 StGB",5916000,Herne,insg.,76,58,18,0,0,0,0,0,0,0,0,0,1,1,0,5,5,0,70,52,18,0,0,0,70,52,18,2020
621110,"Widerstand gegen Vollstreckungsbeamte und gleichstehende Personen    113, 115 StGB",3254021,Hildesheim,voll.,49,43,6,0,0,0,0,0,0,0,0,0,1,1,0,0,0,0,47,41,6,1,1,0,48,42,6,2020
621110,"Widerstand gegen Vollstreckungsbeamte und gleichstehende Personen    113, 115 StGB",3254021,Hildesheim,vers.,0,0,0,0,0,0,0,0,0,0,0,0,0,0,0,0,0,0,0,0,0,0,0,0,0,0,0,2020
621110,"Widerstand gegen Vollstreckungsbeamte und gleichstehende Personen    113, 115 StGB",3254021,Hildesheim,insg.,49,43,6,0,0,0,0,0,0,0,0,0,1,1,0,0,0,0,47,41,6,1,1,0,48,42,6,2020
621110,"Widerstand gegen Vollstreckungsbeamte und gleichstehende Personen    113, 115 StGB",9161000,Ingolstadt,voll.,110,86,24,0,0,0,0,0,0,0,0,0,0,0,0,3,3,0,107,83,24,0,0,0,107,83,24,2020
621110,"Widerstand gegen Vollstreckungsbeamte und gleichstehende Personen    113, 115 StGB",9161000,Ingolstadt,vers.,0,0,0,0,0,0,0,0,0,0,0,0,0,0,0,0,0,0,0,0,0,0,0,0,0,0,0,2020
621110,"Widerstand gegen Vollstreckungsbeamte und gleichstehende Personen    113, 115 StGB",9161000,Ingolstadt,insg.,110,86,24,0,0,0,0,0,0,0,0,0,0,0,0,3,3,0,107,83,24,0,0,0,107,83,24,2020
621110,"Widerstand gegen Vollstreckungsbeamte und gleichstehende Personen    113, 115 StGB",16053000,Jena,voll.,110,103,7,0,0,0,0,0,0,0,0,0,0,0,0,2,1,1,108,102,6,0,0,0,108,102,6,2020
621110,"Widerstand gegen Vollstreckungsbeamte und gleichstehende Personen    113, 115 StGB",16053000,Jena,vers.,0,0,0,0,0,0,0,0,0,0,0,0,0,0,0,0,0,0,0,0,0,0,0,0,0,0,0,2020
621110,"Widerstand gegen Vollstreckungsbeamte und gleichstehende Personen    113, 115 StGB",16053000,Jena,insg.,110,103,7,0,0,0,0,0,0,0,0,0,0,0,0,2,1,1,108,102,6,0,0,0,108,102,6,2020
621110,"Widerstand gegen Vollstreckungsbeamte und gleichstehende Personen    113, 115 StGB",7312000,Kaiserslautern,voll.,187,148,39,0,0,0,0,0,0,0,0,0,0,0,0,2,0,2,184,147,37,1,1,0,185,148,37,2020
621110,"Widerstand gegen Vollstreckungsbeamte und gleichstehende Personen    113, 115 StGB",7312000,Kaiserslautern,vers.,0,0,0,0,0,0,0,0,0,0,0,0,0,0,0,0,0,0,0,0,0,0,0,0,0,0,0,2020
621110,"Widerstand gegen Vollstreckungsbeamte und gleichstehende Personen    113, 115 StGB",7312000,Kaiserslautern,insg.,187,148,39,0,0,0,0,0,0,0,0,0,0,0,0,2,0,2,184,147,37,1,1,0,185,148,37,2020
621110,"Widerstand gegen Vollstreckungsbeamte und gleichstehende Personen    113, 115 StGB",8212000,Karlsruhe,voll.,164,145,19,0,0,0,0,0,0,0,0,0,0,0,0,7,4,3,155,139,16,2,2,0,157,141,16,2020
621110,"Widerstand gegen Vollstreckungsbeamte und gleichstehende Personen    113, 115 StGB",8212000,Karlsruhe,vers.,0,0,0,0,0,0,0,0,0,0,0,0,0,0,0,0,0,0,0,0,0,0,0,0,0,0,0,2020
621110,"Widerstand gegen Vollstreckungsbeamte und gleichstehende Personen    113, 115 StGB",8212000,Karlsruhe,insg.,164,145,19,0,0,0,0,0,0,0,0,0,0,0,0,7,4,3,155,139,16,2,2,0,157,141,16,2020
621110,"Widerstand gegen Vollstreckungsbeamte und gleichstehende Personen    113, 115 StGB",6611000,Kassel,voll.,149,116,33,0,0,0,0,0,0,0,0,0,0,0,0,14,11,3,135,105,30,0,0,0,135,105,30,2020
621110,"Widerstand gegen Vollstreckungsbeamte und gleichstehende Personen    113, 115 StGB",6611000,Kassel,vers.,0,0,0,0,0,0,0,0,0,0,0,0,0,0,0,0,0,0,0,0,0,0,0,0,0,0,0,2020
621110,"Widerstand gegen Vollstreckungsbeamte und gleichstehende Personen    113, 115 StGB",6611000,Kassel,insg.,149,116,33,0,0,0,0,0,0,0,0,0,0,0,0,14,11,3,135,105,30,0,0,0,135,105,30,2020
621110,"Widerstand gegen Vollstreckungsbeamte und gleichstehende Personen    113, 115 StGB",1002000,Kiel,voll.,151,123,28,0,0,0,0,0,0,0,0,0,0,0,0,3,1,2,148,122,26,0,0,0,148,122,26,2020
621110,"Widerstand gegen Vollstreckungsbeamte und gleichstehende Personen    113, 115 StGB",1002000,Kiel,vers.,0,0,0,0,0,0,0,0,0,0,0,0,0,0,0,0,0,0,0,0,0,0,0,0,0,0,0,2020
621110,"Widerstand gegen Vollstreckungsbeamte und gleichstehende Personen    113, 115 StGB",1002000,Kiel,insg.,151,123,28,0,0,0,0,0,0,0,0,0,0,0,0,3,1,2,148,122,26,0,0,0,148,122,26,2020
621110,"Widerstand gegen Vollstreckungsbeamte und gleichstehende Personen    113, 115 StGB",7111000,Koblenz,voll.,211,174,37,0,0,0,0,0,0,0,0,0,0,0,0,0,0,0,211,174,37,0,0,0,211,174,37,2020
621110,"Widerstand gegen Vollstreckungsbeamte und gleichstehende Personen    113, 115 StGB",7111000,Koblenz,vers.,0,0,0,0,0,0,0,0,0,0,0,0,0,0,0,0,0,0,0,0,0,0,0,0,0,0,0,2020
621110,"Widerstand gegen Vollstreckungsbeamte und gleichstehende Personen    113, 115 StGB",7111000,Koblenz,insg.,211,174,37,0,0,0,0,0,0,0,0,0,0,0,0,0,0,0,211,174,37,0,0,0,211,174,37,2020
621110,"Widerstand gegen Vollstreckungsbeamte und gleichstehende Personen    113, 115 StGB",5315000,K ln,voll.,1448,1050,398,0,0,0,0,0,0,0,0,0,0,0,0,31,24,7,1411,1020,391,6,6,0,1417,1026,391,2020
621110,"Widerstand gegen Vollstreckungsbeamte und gleichstehende Personen    113, 115 StGB",5315000,K ln,vers.,0,0,0,0,0,0,0,0,0,0,0,0,0,0,0,0,0,0,0,0,0,0,0,0,0,0,0,2020
621110,"Widerstand gegen Vollstreckungsbeamte und gleichstehende Personen    113, 115 StGB",5315000,K ln,insg.,1448,1050,398,0,0,0,0,0,0,0,0,0,0,0,0,31,24,7,1411,1020,391,6,6,0,1417,1026,391,2020
621110,"Widerstand gegen Vollstreckungsbeamte und gleichstehende Personen    113, 115 StGB",5114000,Krefeld,voll.,170,115,55,0,0,0,0,0,0,0,0,0,0,0,0,1,0,1,166,113,53,3,2,1,169,115,54,2020
621110,"Widerstand gegen Vollstreckungsbeamte und gleichstehende Personen    113, 115 StGB",5114000,Krefeld,vers.,0,0,0,0,0,0,0,0,0,0,0,0,0,0,0,0,0,0,0,0,0,0,0,0,0,0,0,2020
621110,"Widerstand gegen Vollstreckungsbeamte und gleichstehende Personen    113, 115 StGB",5114000,Krefeld,insg.,170,115,55,0,0,0,0,0,0,0,0,0,0,0,0,1,0,1,166,113,53,3,2,1,169,115,54,2020
621110,"Widerstand gegen Vollstreckungsbeamte und gleichstehende Personen    113, 115 StGB",14713000,Leipzig,voll.,500,424,76,0,0,0,0,0,0,0,0,0,1,1,0,11,8,3,486,413,73,2,2,0,488,415,73,2020
621110,"Widerstand gegen Vollstreckungsbeamte und gleichstehende Personen    113, 115 StGB",14713000,Leipzig,vers.,0,0,0,0,0,0,0,0,0,0,0,0,0,0,0,0,0,0,0,0,0,0,0,0,0,0,0,2020
621110,"Widerstand gegen Vollstreckungsbeamte und gleichstehende Personen    113, 115 StGB",14713000,Leipzig,insg.,500,424,76,0,0,0,0,0,0,0,0,0,1,1,0,11,8,3,486,413,73,2,2,0,488,415,73,2020
621110,"Widerstand gegen Vollstreckungsbeamte und gleichstehende Personen    113, 115 StGB",5316000,Leverkusen,voll.,147,112,35,0,0,0,0,0,0,0,0,0,0,0,0,1,0,1,146,112,34,0,0,0,146,112,34,2020
621110,"Widerstand gegen Vollstreckungsbeamte und gleichstehende Personen    113, 115 StGB",5316000,Leverkusen,vers.,0,0,0,0,0,0,0,0,0,0,0,0,0,0,0,0,0,0,0,0,0,0,0,0,0,0,0,2020
621110,"Widerstand gegen Vollstreckungsbeamte und gleichstehende Personen    113, 115 StGB",5316000,Leverkusen,insg.,147,112,35,0,0,0,0,0,0,0,0,0,0,0,0,1,0,1,146,112,34,0,0,0,146,112,34,2020
621110,"Widerstand gegen Vollstreckungsbeamte und gleichstehende Personen    113, 115 StGB",1003000,L beck,voll.,272,204,68,0,0,0,0,0,0,0,0,0,0,0,0,6,3,3,264,199,65,2,2,0,266,201,65,2020
621110,"Widerstand gegen Vollstreckungsbeamte und gleichstehende Personen    113, 115 StGB",1003000,L beck,vers.,0,0,0,0,0,0,0,0,0,0,0,0,0,0,0,0,0,0,0,0,0,0,0,0,0,0,0,2020
621110,"Widerstand gegen Vollstreckungsbeamte und gleichstehende Personen    113, 115 StGB",1003000,L beck,insg.,272,204,68,0,0,0,0,0,0,0,0,0,0,0,0,6,3,3,264,199,65,2,2,0,266,201,65,2020
621110,"Widerstand gegen Vollstreckungsbeamte und gleichstehende Personen    113, 115 StGB",7314000,Ludwigshafen am Rhein,voll.,103,75,28,0,0,0,0,0,0,0,0,0,0,0,0,0,0,0,103,75,28,0,0,0,103,75,28,2020
621110,"Widerstand gegen Vollstreckungsbeamte und gleichstehende Personen    113, 115 StGB",7314000,Ludwigshafen am Rhein,vers.,0,0,0,0,0,0,0,0,0,0,0,0,0,0,0,0,0,0,0,0,0,0,0,0,0,0,0,2020
621110,"Widerstand gegen Vollstreckungsbeamte und gleichstehende Personen    113, 115 StGB",7314000,Ludwigshafen am Rhein,insg.,103,75,28,0,0,0,0,0,0,0,0,0,0,0,0,0,0,0,103,75,28,0,0,0,103,75,28,2020
621110,"Widerstand gegen Vollstreckungsbeamte und gleichstehende Personen    113, 115 StGB",15003000,Magdeburg,voll.,117,95,22,0,0,0,0,0,0,0,0,0,0,0,0,5,3,2,111,91,20,1,1,0,112,92,20,2020
621110,"Widerstand gegen Vollstreckungsbeamte und gleichstehende Personen    113, 115 StGB",15003000,Magdeburg,vers.,0,0,0,0,0,0,0,0,0,0,0,0,0,0,0,0,0,0,0,0,0,0,0,0,0,0,0,2020
621110,"Widerstand gegen Vollstreckungsbeamte und gleichstehende Personen    113, 115 StGB",15003000,Magdeburg,insg.,117,95,22,0,0,0,0,0,0,0,0,0,0,0,0,5,3,2,111,91,20,1,1,0,112,92,20,2020
621110,"Widerstand gegen Vollstreckungsbeamte und gleichstehende Personen    113, 115 StGB",7315000,Mainz,voll.,188,163,25,0,0,0,0,0,0,0,0,0,0,0,0,3,2,1,185,161,24,0,0,0,185,161,24,2020
621110,"Widerstand gegen Vollstreckungsbeamte und gleichstehende Personen    113, 115 StGB",7315000,Mainz,vers.,0,0,0,0,0,0,0,0,0,0,0,0,0,0,0,0,0,0,0,0,0,0,0,0,0,0,0,2020
621110,"Widerstand gegen Vollstreckungsbeamte und gleichstehende Personen    113, 115 StGB",7315000,Mainz,insg.,188,163,25,0,0,0,0,0,0,0,0,0,0,0,0,3,2,1,185,161,24,0,0,0,185,161,24,2020
621110,"Widerstand gegen Vollstreckungsbeamte und gleichstehende Personen    113, 115 StGB",8222000,Mannheim,voll.,114,83,31,0,0,0,0,0,0,0,0,0,0,0,0,5,4,1,109,79,30,0,0,0,109,79,30,2020
621110,"Widerstand gegen Vollstreckungsbeamte und gleichstehende Personen    113, 115 StGB",8222000,Mannheim,vers.,0,0,0,0,0,0,0,0,0,0,0,0,0,0,0,0,0,0,0,0,0,0,0,0,0,0,0,2020
621110,"Widerstand gegen Vollstreckungsbeamte und gleichstehende Personen    113, 115 StGB",8222000,Mannheim,insg.,114,83,31,0,0,0,0,0,0,0,0,0,0,0,0,5,4,1,109,79,30,0,0,0,109,79,30,2020
621110,"Widerstand gegen Vollstreckungsbeamte und gleichstehende Personen    113, 115 StGB",5170024,Moers,voll.,104,68,36,0,0,0,0,0,0,0,0,0,0,0,0,5,3,2,99,65,34,0,0,0,99,65,34,2020
621110,"Widerstand gegen Vollstreckungsbeamte und gleichstehende Personen    113, 115 StGB",5170024,Moers,vers.,0,0,0,0,0,0,0,0,0,0,0,0,0,0,0,0,0,0,0,0,0,0,0,0,0,0,0,2020
621110,"Widerstand gegen Vollstreckungsbeamte und gleichstehende Personen    113, 115 StGB",5170024,Moers,insg.,104,68,36,0,0,0,0,0,0,0,0,0,0,0,0,5,3,2,99,65,34,0,0,0,99,65,34,2020
621110,"Widerstand gegen Vollstreckungsbeamte und gleichstehende Personen    113, 115 StGB",5116000,M nchengladbach,voll.,290,205,85,0,0,0,0,0,0,0,0,0,0,0,0,6,4,2,278,195,83,6,6,0,284,201,83,2020
621110,"Widerstand gegen Vollstreckungsbeamte und gleichstehende Personen    113, 115 StGB",5116000,M nchengladbach,vers.,0,0,0,0,0,0,0,0,0,0,0,0,0,0,0,0,0,0,0,0,0,0,0,0,0,0,0,2020
621110,"Widerstand gegen Vollstreckungsbeamte und gleichstehende Personen    113, 115 StGB",5116000,M nchengladbach,insg.,290,205,85,0,0,0,0,0,0,0,0,0,0,0,0,6,4,2,278,195,83,6,6,0,284,201,83,2020
621110,"Widerstand gegen Vollstreckungsbeamte und gleichstehende Personen    113, 115 StGB",5117000,M lheim an der Ruhr,voll.,95,62,33,0,0,0,0,0,0,0,0,0,0,0,0,0,0,0,91,58,33,4,4,0,95,62,33,2020
621110,"Widerstand gegen Vollstreckungsbeamte und gleichstehende Personen    113, 115 StGB",5117000,M lheim an der Ruhr,vers.,0,0,0,0,0,0,0,0,0,0,0,0,0,0,0,0,0,0,0,0,0,0,0,0,0,0,0,2020
621110,"Widerstand gegen Vollstreckungsbeamte und gleichstehende Personen    113, 115 StGB",5117000,M lheim an der Ruhr,insg.,95,62,33,0,0,0,0,0,0,0,0,0,0,0,0,0,0,0,91,58,33,4,4,0,95,62,33,2020
621110,"Widerstand gegen Vollstreckungsbeamte und gleichstehende Personen    113, 115 StGB",9162000,M nchen,voll.,927,782,145,0,0,0,0,0,0,0,0,0,0,0,0,35,29,6,891,752,139,1,1,0,892,753,139,2020
621110,"Widerstand gegen Vollstreckungsbeamte und gleichstehende Personen    113, 115 StGB",9162000,M nchen,vers.,0,0,0,0,0,0,0,0,0,0,0,0,0,0,0,0,0,0,0,0,0,0,0,0,0,0,0,2020
621110,"Widerstand gegen Vollstreckungsbeamte und gleichstehende Personen    113, 115 StGB",9162000,M nchen,insg.,927,782,145,0,0,0,0,0,0,0,0,0,0,0,0,35,29,6,891,752,139,1,1,0,892,753,139,2020
621110,"Widerstand gegen Vollstreckungsbeamte und gleichstehende Personen    113, 115 StGB",5515000,M nster,voll.,316,245,71,0,0,0,0,0,0,0,0,0,1,1,0,9,7,2,303,234,69,3,3,0,306,237,69,2020
621110,"Widerstand gegen Vollstreckungsbeamte und gleichstehende Personen    113, 115 StGB",5515000,M nster,vers.,0,0,0,0,0,0,0,0,0,0,0,0,0,0,0,0,0,0,0,0,0,0,0,0,0,0,0,2020
621110,"Widerstand gegen Vollstreckungsbeamte und gleichstehende Personen    113, 115 StGB",5515000,M nster,insg.,316,245,71,0,0,0,0,0,0,0,0,0,1,1,0,9,7,2,303,234,69,3,3,0,306,237,69,2020
621110,"Widerstand gegen Vollstreckungsbeamte und gleichstehende Personen    113, 115 StGB",5162024,Neuss,voll.,131,85,46,0,0,0,0,0,0,0,0,0,0,0,0,0,0,0,129,83,46,2,2,0,131,85,46,2020
621110,"Widerstand gegen Vollstreckungsbeamte und gleichstehende Personen    113, 115 StGB",5162024,Neuss,vers.,0,0,0,0,0,0,0,0,0,0,0,0,0,0,0,0,0,0,0,0,0,0,0,0,0,0,0,2020
621110,"Widerstand gegen Vollstreckungsbeamte und gleichstehende Personen    113, 115 StGB",5162024,Neuss,insg.,131,85,46,0,0,0,0,0,0,0,0,0,0,0,0,0,0,0,129,83,46,2,2,0,131,85,46,2020
621110,"Widerstand gegen Vollstreckungsbeamte und gleichstehende Personen    113, 115 StGB",9564000,N rnberg,voll.,281,227,54,0,0,0,0,0,0,0,0,0,0,0,0,4,4,0,277,223,54,0,0,0,277,223,54,2020
621110,"Widerstand gegen Vollstreckungsbeamte und gleichstehende Personen    113, 115 StGB",9564000,N rnberg,vers.,0,0,0,0,0,0,0,0,0,0,0,0,0,0,0,0,0,0,0,0,0,0,0,0,0,0,0,2020
621110,"Widerstand gegen Vollstreckungsbeamte und gleichstehende Personen    113, 115 StGB",9564000,N rnberg,insg.,281,227,54,0,0,0,0,0,0,0,0,0,0,0,0,4,4,0,277,223,54,0,0,0,277,223,54,2020
621110,"Widerstand gegen Vollstreckungsbeamte und gleichstehende Personen    113, 115 StGB",5119000,Oberhausen,voll.,130,74,56,0,0,0,0,0,0,0,0,0,0,0,0,12,8,4,118,66,52,0,0,0,118,66,52,2020
621110,"Widerstand gegen Vollstreckungsbeamte und gleichstehende Personen    113, 115 StGB",5119000,Oberhausen,vers.,0,0,0,0,0,0,0,0,0,0,0,0,0,0,0,0,0,0,0,0,0,0,0,0,0,0,0,2020
621110,"Widerstand gegen Vollstreckungsbeamte und gleichstehende Personen    113, 115 StGB",5119000,Oberhausen,insg.,130,74,56,0,0,0,0,0,0,0,0,0,0,0,0,12,8,4,118,66,52,0,0,0,118,66,52,2020
621110,"Widerstand gegen Vollstreckungsbeamte und gleichstehende Personen    113, 115 StGB",6413000,Offenbach am Main,voll.,29,20,9,0,0,0,0,0,0,0,0,0,0,0,0,0,0,0,29,20,9,0,0,0,29,20,9,2020
621110,"Widerstand gegen Vollstreckungsbeamte und gleichstehende Personen    113, 115 StGB",6413000,Offenbach am Main,vers.,0,0,0,0,0,0,0,0,0,0,0,0,0,0,0,0,0,0,0,0,0,0,0,0,0,0,0,2020
621110,"Widerstand gegen Vollstreckungsbeamte und gleichstehende Personen    113, 115 StGB",6413000,Offenbach am Main,insg.,29,20,9,0,0,0,0,0,0,0,0,0,0,0,0,0,0,0,29,20,9,0,0,0,29,20,9,2020
621110,"Widerstand gegen Vollstreckungsbeamte und gleichstehende Personen    113, 115 StGB",3403000,Oldenburg (Oldenburg),voll.,82,56,26,0,0,0,0,0,0,0,0,0,0,0,0,2,0,2,80,56,24,0,0,0,80,56,24,2020
621110,"Widerstand gegen Vollstreckungsbeamte und gleichstehende Personen    113, 115 StGB",3403000,Oldenburg (Oldenburg),vers.,0,0,0,0,0,0,0,0,0,0,0,0,0,0,0,0,0,0,0,0,0,0,0,0,0,0,0,2020
621110,"Widerstand gegen Vollstreckungsbeamte und gleichstehende Personen    113, 115 StGB",3403000,Oldenburg (Oldenburg),insg.,82,56,26,0,0,0,0,0,0,0,0,0,0,0,0,2,0,2,80,56,24,0,0,0,80,56,24,2020
621110,"Widerstand gegen Vollstreckungsbeamte und gleichstehende Personen    113, 115 StGB",3404000,Osnabr ck,voll.,134,110,24,0,0,0,0,0,0,0,0,0,0,0,0,3,2,1,130,107,23,1,1,0,131,108,23,2020
621110,"Widerstand gegen Vollstreckungsbeamte und gleichstehende Personen    113, 115 StGB",3404000,Osnabr ck,vers.,0,0,0,0,0,0,0,0,0,0,0,0,0,0,0,0,0,0,0,0,0,0,0,0,0,0,0,2020
621110,"Widerstand gegen Vollstreckungsbeamte und gleichstehende Personen    113, 115 StGB",3404000,Osnabr ck,insg.,134,110,24,0,0,0,0,0,0,0,0,0,0,0,0,3,2,1,130,107,23,1,1,0,131,108,23,2020
621110,"Widerstand gegen Vollstreckungsbeamte und gleichstehende Personen    113, 115 StGB",5774032,Paderborn,voll.,114,92,22,0,0,0,0,0,0,0,0,0,0,0,0,1,1,0,108,86,22,5,5,0,113,91,22,2020
621110,"Widerstand gegen Vollstreckungsbeamte und gleichstehende Personen    113, 115 StGB",5774032,Paderborn,vers.,0,0,0,0,0,0,0,0,0,0,0,0,0,0,0,0,0,0,0,0,0,0,0,0,0,0,0,2020
621110,"Widerstand gegen Vollstreckungsbeamte und gleichstehende Personen    113, 115 StGB",5774032,Paderborn,insg.,114,92,22,0,0,0,0,0,0,0,0,0,0,0,0,1,1,0,108,86,22,5,5,0,113,91,22,2020
621110,"Widerstand gegen Vollstreckungsbeamte und gleichstehende Personen    113, 115 StGB",8231000,Pforzheim,voll.,69,49,20,0,0,0,0,0,0,0,0,0,0,0,0,2,0,2,67,49,18,0,0,0,67,49,18,2020
621110,"Widerstand gegen Vollstreckungsbeamte und gleichstehende Personen    113, 115 StGB",8231000,Pforzheim,vers.,0,0,0,0,0,0,0,0,0,0,0,0,0,0,0,0,0,0,0,0,0,0,0,0,0,0,0,2020
621110,"Widerstand gegen Vollstreckungsbeamte und gleichstehende Personen    113, 115 StGB",8231000,Pforzheim,insg.,69,49,20,0,0,0,0,0,0,0,0,0,0,0,0,2,0,2,67,49,18,0,0,0,67,49,18,2020
621110,"Widerstand gegen Vollstreckungsbeamte und gleichstehende Personen    113, 115 StGB",12054000,Potsdam,voll.,64,53,11,0,0,0,0,0,0,0,0,0,0,0,0,1,0,1,63,53,10,0,0,0,63,53,10,2020
621110,"Widerstand gegen Vollstreckungsbeamte und gleichstehende Personen    113, 115 StGB",12054000,Potsdam,vers.,0,0,0,0,0,0,0,0,0,0,0,0,0,0,0,0,0,0,0,0,0,0,0,0,0,0,0,2020
621110,"Widerstand gegen Vollstreckungsbeamte und gleichstehende Personen    113, 115 StGB",12054000,Potsdam,insg.,64,53,11,0,0,0,0,0,0,0,0,0,0,0,0,1,0,1,63,53,10,0,0,0,63,53,10,2020
621110,"Widerstand gegen Vollstreckungsbeamte und gleichstehende Personen    113, 115 StGB",5562032,Recklinghausen,voll.,122,93,29,0,0,0,0,0,0,0,0,0,0,0,0,0,0,0,120,92,28,2,1,1,122,93,29,2020
621110,"Widerstand gegen Vollstreckungsbeamte und gleichstehende Personen    113, 115 StGB",5562032,Recklinghausen,vers.,0,0,0,0,0,0,0,0,0,0,0,0,0,0,0,0,0,0,0,0,0,0,0,0,0,0,0,2020
621110,"Widerstand gegen Vollstreckungsbeamte und gleichstehende Personen    113, 115 StGB",5562032,Recklinghausen,insg.,122,93,29,0,0,0,0,0,0,0,0,0,0,0,0,0,0,0,120,92,28,2,1,1,122,93,29,2020
621110,"Widerstand gegen Vollstreckungsbeamte und gleichstehende Personen    113, 115 StGB",9362000,Regensburg,voll.,62,57,5,0,0,0,0,0,0,0,0,0,0,0,0,0,0,0,62,57,5,0,0,0,62,57,5,2020
621110,"Widerstand gegen Vollstreckungsbeamte und gleichstehende Personen    113, 115 StGB",9362000,Regensburg,vers.,0,0,0,0,0,0,0,0,0,0,0,0,0,0,0,0,0,0,0,0,0,0,0,0,0,0,0,2020
621110,"Widerstand gegen Vollstreckungsbeamte und gleichstehende Personen    113, 115 StGB",9362000,Regensburg,insg.,62,57,5,0,0,0,0,0,0,0,0,0,0,0,0,0,0,0,62,57,5,0,0,0,62,57,5,2020
621110,"Widerstand gegen Vollstreckungsbeamte und gleichstehende Personen    113, 115 StGB",5120000,Remscheid,voll.,84,64,20,0,0,0,0,0,0,0,0,0,0,0,0,3,2,1,81,62,19,0,0,0,81,62,19,2020
621110,"Widerstand gegen Vollstreckungsbeamte und gleichstehende Personen    113, 115 StGB",5120000,Remscheid,vers.,0,0,0,0,0,0,0,0,0,0,0,0,0,0,0,0,0,0,0,0,0,0,0,0,0,0,0,2020
621110,"Widerstand gegen Vollstreckungsbeamte und gleichstehende Personen    113, 115 StGB",5120000,Remscheid,insg.,84,64,20,0,0,0,0,0,0,0,0,0,0,0,0,3,2,1,81,62,19,0,0,0,81,62,19,2020
621110,"Widerstand gegen Vollstreckungsbeamte und gleichstehende Personen    113, 115 StGB",8415061,Reutlingen,voll.,68,56,12,0,0,0,0,0,0,0,0,0,0,0,0,1,1,0,67,55,12,0,0,0,67,55,12,2020
621110,"Widerstand gegen Vollstreckungsbeamte und gleichstehende Personen    113, 115 StGB",8415061,Reutlingen,vers.,0,0,0,0,0,0,0,0,0,0,0,0,0,0,0,0,0,0,0,0,0,0,0,0,0,0,0,2020
621110,"Widerstand gegen Vollstreckungsbeamte und gleichstehende Personen    113, 115 StGB",8415061,Reutlingen,insg.,68,56,12,0,0,0,0,0,0,0,0,0,0,0,0,1,1,0,67,55,12,0,0,0,67,55,12,2020
621110,"Widerstand gegen Vollstreckungsbeamte und gleichstehende Personen    113, 115 StGB",13003000,Rostock,voll.,169,135,34,0,0,0,0,0,0,0,0,0,0,0,0,4,4,0,164,130,34,1,1,0,165,131,34,2020
621110,"Widerstand gegen Vollstreckungsbeamte und gleichstehende Personen    113, 115 StGB",13003000,Rostock,vers.,0,0,0,0,0,0,0,0,0,0,0,0,0,0,0,0,0,0,0,0,0,0,0,0,0,0,0,2020
621110,"Widerstand gegen Vollstreckungsbeamte und gleichstehende Personen    113, 115 StGB",13003000,Rostock,insg.,169,135,34,0,0,0,0,0,0,0,0,0,0,0,0,4,4,0,164,130,34,1,1,0,165,131,34,2020
621110,"Widerstand gegen Vollstreckungsbeamte und gleichstehende Personen    113, 115 StGB",10041100,Saarbr cken,voll.,301,230,71,0,0,0,0,0,0,0,0,0,0,0,0,4,3,1,297,227,70,0,0,0,297,227,70,2020
621110,"Widerstand gegen Vollstreckungsbeamte und gleichstehende Personen    113, 115 StGB",10041100,Saarbr cken,vers.,0,0,0,0,0,0,0,0,0,0,0,0,0,0,0,0,0,0,0,0,0,0,0,0,0,0,0,2020
621110,"Widerstand gegen Vollstreckungsbeamte und gleichstehende Personen    113, 115 StGB",10041100,Saarbr cken,insg.,301,230,71,0,0,0,0,0,0,0,0,0,0,0,0,4,3,1,297,227,70,0,0,0,297,227,70,2020
621110,"Widerstand gegen Vollstreckungsbeamte und gleichstehende Personen    113, 115 StGB",3102000,Salzgitter,voll.,119,90,29,0,0,0,0,0,0,0,0,0,0,0,0,1,1,0,118,89,29,0,0,0,118,89,29,2020
621110,"Widerstand gegen Vollstreckungsbeamte und gleichstehende Personen    113, 115 StGB",3102000,Salzgitter,vers.,0,0,0,0,0,0,0,0,0,0,0,0,0,0,0,0,0,0,0,0,0,0,0,0,0,0,0,2020
621110,"Widerstand gegen Vollstreckungsbeamte und gleichstehende Personen    113, 115 StGB",3102000,Salzgitter,insg.,119,90,29,0,0,0,0,0,0,0,0,0,0,0,0,1,1,0,118,89,29,0,0,0,118,89,29,2020
621110,"Widerstand gegen Vollstreckungsbeamte und gleichstehende Personen    113, 115 StGB",13004000,Schwerin,voll.,106,94,12,0,0,0,0,0,0,0,0,0,0,0,0,4,4,0,102,90,12,0,0,0,102,90,12,2020
621110,"Widerstand gegen Vollstreckungsbeamte und gleichstehende Personen    113, 115 StGB",13004000,Schwerin,vers.,0,0,0,0,0,0,0,0,0,0,0,0,0,0,0,0,0,0,0,0,0,0,0,0,0,0,0,2020
621110,"Widerstand gegen Vollstreckungsbeamte und gleichstehende Personen    113, 115 StGB",13004000,Schwerin,insg.,106,94,12,0,0,0,0,0,0,0,0,0,0,0,0,4,4,0,102,90,12,0,0,0,102,90,12,2020
621110,"Widerstand gegen Vollstreckungsbeamte und gleichstehende Personen    113, 115 StGB",5970040,Siegen,voll.,136,109,27,0,0,0,0,0,0,0,0,0,1,1,0,1,1,0,133,106,27,1,1,0,134,107,27,2020
621110,"Widerstand gegen Vollstreckungsbeamte und gleichstehende Personen    113, 115 StGB",5970040,Siegen,vers.,0,0,0,0,0,0,0,0,0,0,0,0,0,0,0,0,0,0,0,0,0,0,0,0,0,0,0,2020
621110,"Widerstand gegen Vollstreckungsbeamte und gleichstehende Personen    113, 115 StGB",5970040,Siegen,insg.,136,109,27,0,0,0,0,0,0,0,0,0,1,1,0,1,1,0,133,106,27,1,1,0,134,107,27,2020
621110,"Widerstand gegen Vollstreckungsbeamte und gleichstehende Personen    113, 115 StGB",5122000,Solingen,voll.,113,80,33,0,0,0,0,0,0,0,0,0,2,1,1,2,1,1,107,76,31,2,2,0,109,78,31,2020
621110,"Widerstand gegen Vollstreckungsbeamte und gleichstehende Personen    113, 115 StGB",5122000,Solingen,vers.,0,0,0,0,0,0,0,0,0,0,0,0,0,0,0,0,0,0,0,0,0,0,0,0,0,0,0,2020
621110,"Widerstand gegen Vollstreckungsbeamte und gleichstehende Personen    113, 115 StGB",5122000,Solingen,insg.,113,80,33,0,0,0,0,0,0,0,0,0,2,1,1,2,1,1,107,76,31,2,2,0,109,78,31,2020
621110,"Widerstand gegen Vollstreckungsbeamte und gleichstehende Personen    113, 115 StGB",8111000,Stuttgart,voll.,951,769,182,0,0,0,0,0,0,0,0,0,0,0,0,28,21,7,920,745,175,3,3,0,923,748,175,2020
621110,"Widerstand gegen Vollstreckungsbeamte und gleichstehende Personen    113, 115 StGB",8111000,Stuttgart,vers.,0,0,0,0,0,0,0,0,0,0,0,0,0,0,0,0,0,0,0,0,0,0,0,0,0,0,0,2020
621110,"Widerstand gegen Vollstreckungsbeamte und gleichstehende Personen    113, 115 StGB",8111000,Stuttgart,insg.,951,769,182,0,0,0,0,0,0,0,0,0,0,0,0,28,21,7,920,745,175,3,3,0,923,748,175,2020
621110,"Widerstand gegen Vollstreckungsbeamte und gleichstehende Personen    113, 115 StGB",7211000,Trier,voll.,71,62,9,0,0,0,0,0,0,0,0,0,0,0,0,0,0,0,70,61,9,1,1,0,71,62,9,2020
621110,"Widerstand gegen Vollstreckungsbeamte und gleichstehende Personen    113, 115 StGB",7211000,Trier,vers.,0,0,0,0,0,0,0,0,0,0,0,0,0,0,0,0,0,0,0,0,0,0,0,0,0,0,0,2020
621110,"Widerstand gegen Vollstreckungsbeamte und gleichstehende Personen    113, 115 StGB",7211000,Trier,insg.,71,62,9,0,0,0,0,0,0,0,0,0,0,0,0,0,0,0,70,61,9,1,1,0,71,62,9,2020
621110,"Widerstand gegen Vollstreckungsbeamte und gleichstehende Personen    113, 115 StGB",8421000,Ulm,voll.,44,37,7,0,0,0,0,0,0,0,0,0,0,0,0,1,1,0,43,36,7,0,0,0,43,36,7,2020
621110,"Widerstand gegen Vollstreckungsbeamte und gleichstehende Personen    113, 115 StGB",8421000,Ulm,vers.,0,0,0,0,0,0,0,0,0,0,0,0,0,0,0,0,0,0,0,0,0,0,0,0,0,0,0,2020
621110,"Widerstand gegen Vollstreckungsbeamte und gleichstehende Personen    113, 115 StGB",8421000,Ulm,insg.,44,37,7,0,0,0,0,0,0,0,0,0,0,0,0,1,1,0,43,36,7,0,0,0,43,36,7,2020
621110,"Widerstand gegen Vollstreckungsbeamte und gleichstehende Personen    113, 115 StGB",6414000,Wiesbaden,voll.,105,88,17,0,0,0,0,0,0,0,0,0,0,0,0,1,1,0,104,87,17,0,0,0,104,87,17,2020
621110,"Widerstand gegen Vollstreckungsbeamte und gleichstehende Personen    113, 115 StGB",6414000,Wiesbaden,vers.,0,0,0,0,0,0,0,0,0,0,0,0,0,0,0,0,0,0,0,0,0,0,0,0,0,0,0,2020
621110,"Widerstand gegen Vollstreckungsbeamte und gleichstehende Personen    113, 115 StGB",6414000,Wiesbaden,insg.,105,88,17,0,0,0,0,0,0,0,0,0,0,0,0,1,1,0,104,87,17,0,0,0,104,87,17,2020
621110,"Widerstand gegen Vollstreckungsbeamte und gleichstehende Personen    113, 115 StGB",3103000,Wolfsburg,voll.,74,63,11,0,0,0,0,0,0,0,0,0,0,0,0,1,0,1,72,62,10,1,1,0,73,63,10,2020
621110,"Widerstand gegen Vollstreckungsbeamte und gleichstehende Personen    113, 115 StGB",3103000,Wolfsburg,vers.,0,0,0,0,0,0,0,0,0,0,0,0,0,0,0,0,0,0,0,0,0,0,0,0,0,0,0,2020
621110,"Widerstand gegen Vollstreckungsbeamte und gleichstehende Personen    113, 115 StGB",3103000,Wolfsburg,insg.,74,63,11,0,0,0,0,0,0,0,0,0,0,0,0,1,0,1,72,62,10,1,1,0,73,63,10,2020
621110,"Widerstand gegen Vollstreckungsbeamte und gleichstehende Personen    113, 115 StGB",5124000,Wuppertal,voll.,333,227,106,0,0,0,1,0,1,1,0,1,0,0,0,11,6,5,317,219,98,4,2,2,321,221,100,2020
621110,"Widerstand gegen Vollstreckungsbeamte und gleichstehende Personen    113, 115 StGB",5124000,Wuppertal,vers.,0,0,0,0,0,0,0,0,0,0,0,0,0,0,0,0,0,0,0,0,0,0,0,0,0,0,0,2020
621110,"Widerstand gegen Vollstreckungsbeamte und gleichstehende Personen    113, 115 StGB",5124000,Wuppertal,insg.,333,227,106,0,0,0,1,0,1,1,0,1,0,0,0,11,6,5,317,219,98,4,2,2,321,221,100,2020
621110,"Widerstand gegen Vollstreckungsbeamte und gleichstehende Personen    113, 115 StGB",9663000,W rzburg,voll.,42,37,5,0,0,0,0,0,0,0,0,0,0,0,0,3,2,1,39,35,4,0,0,0,39,35,4,2020
621110,"Widerstand gegen Vollstreckungsbeamte und gleichstehende Personen    113, 115 StGB",9663000,W rzburg,vers.,0,0,0,0,0,0,0,0,0,0,0,0,0,0,0,0,0,0,0,0,0,0,0,0,0,0,0,2020
621110,"Widerstand gegen Vollstreckungsbeamte und gleichstehende Personen    113, 115 StGB",9663000,W rzburg,insg.,42,37,5,0,0,0,0,0,0,0,0,0,0,0,0,3,2,1,39,35,4,0,0,0,39,35,4,2020
621120,"T tlicher Angriff auf Vollstreckungsbeamte und gleichstehende Personen    114, 115 StGB",5334002,Aachen,voll.,76,57,19,0,0,0,0,0,0,0,0,0,0,0,0,2,1,1,72,55,17,2,1,1,74,56,18,2020
621120,"T tlicher Angriff auf Vollstreckungsbeamte und gleichstehende Personen    114, 115 StGB",5334002,Aachen,vers.,0,0,0,0,0,0,0,0,0,0,0,0,0,0,0,0,0,0,0,0,0,0,0,0,0,0,0,2020
621120,"T tlicher Angriff auf Vollstreckungsbeamte und gleichstehende Personen    114, 115 StGB",5334002,Aachen,insg.,76,57,19,0,0,0,0,0,0,0,0,0,0,0,0,2,1,1,72,55,17,2,1,1,74,56,18,2020
621120,"T tlicher Angriff auf Vollstreckungsbeamte und gleichstehende Personen    114, 115 StGB",9761000,Augsburg,voll.,297,247,50,0,0,0,0,0,0,0,0,0,0,0,0,7,3,4,286,242,44,4,2,2,290,244,46,2020
621120,"T tlicher Angriff auf Vollstreckungsbeamte und gleichstehende Personen    114, 115 StGB",9761000,Augsburg,vers.,0,0,0,0,0,0,0,0,0,0,0,0,0,0,0,0,0,0,0,0,0,0,0,0,0,0,0,2020
621120,"T tlicher Angriff auf Vollstreckungsbeamte und gleichstehende Personen    114, 115 StGB",9761000,Augsburg,insg.,297,247,50,0,0,0,0,0,0,0,0,0,0,0,0,7,3,4,286,242,44,4,2,2,290,244,46,2020
621120,"T tlicher Angriff auf Vollstreckungsbeamte und gleichstehende Personen    114, 115 StGB",5378004,Bergisch Gladbach,voll.,3,3,0,0,0,0,0,0,0,0,0,0,0,0,0,0,0,0,3,3,0,0,0,0,3,3,0,2020
621120,"T tlicher Angriff auf Vollstreckungsbeamte und gleichstehende Personen    114, 115 StGB",5378004,Bergisch Gladbach,vers.,0,0,0,0,0,0,0,0,0,0,0,0,0,0,0,0,0,0,0,0,0,0,0,0,0,0,0,2020
621120,"T tlicher Angriff auf Vollstreckungsbeamte und gleichstehende Personen    114, 115 StGB",5378004,Bergisch Gladbach,insg.,3,3,0,0,0,0,0,0,0,0,0,0,0,0,0,0,0,0,3,3,0,0,0,0,3,3,0,2020
621120,"T tlicher Angriff auf Vollstreckungsbeamte und gleichstehende Personen    114, 115 StGB",11000000,Berlin,voll.,2201,1868,333,0,0,0,0,0,0,0,0,0,0,0,0,28,24,4,2163,1836,327,10,8,2,2173,1844,329,2020
621120,"T tlicher Angriff auf Vollstreckungsbeamte und gleichstehende Personen    114, 115 StGB",11000000,Berlin,vers.,0,0,0,0,0,0,0,0,0,0,0,0,0,0,0,0,0,0,0,0,0,0,0,0,0,0,0,2020
621120,"T tlicher Angriff auf Vollstreckungsbeamte und gleichstehende Personen    114, 115 StGB",11000000,Berlin,insg.,2201,1868,333,0,0,0,0,0,0,0,0,0,0,0,0,28,24,4,2163,1836,327,10,8,2,2173,1844,329,2020
621120,"T tlicher Angriff auf Vollstreckungsbeamte und gleichstehende Personen    114, 115 StGB",5711000,Bielefeld,voll.,34,23,11,0,0,0,0,0,0,0,0,0,0,0,0,2,1,1,31,21,10,1,1,0,32,22,10,2020
621120,"T tlicher Angriff auf Vollstreckungsbeamte und gleichstehende Personen    114, 115 StGB",5711000,Bielefeld,vers.,0,0,0,0,0,0,0,0,0,0,0,0,0,0,0,0,0,0,0,0,0,0,0,0,0,0,0,2020
621120,"T tlicher Angriff auf Vollstreckungsbeamte und gleichstehende Personen    114, 115 StGB",5711000,Bielefeld,insg.,34,23,11,0,0,0,0,0,0,0,0,0,0,0,0,2,1,1,31,21,10,1,1,0,32,22,10,2020
621120,"T tlicher Angriff auf Vollstreckungsbeamte und gleichstehende Personen    114, 115 StGB",5911000,Bochum,voll.,130,105,25,0,0,0,0,0,0,0,0,0,0,0,0,0,0,0,129,104,25,1,1,0,130,105,25,2020
621120,"T tlicher Angriff auf Vollstreckungsbeamte und gleichstehende Personen    114, 115 StGB",5911000,Bochum,vers.,0,0,0,0,0,0,0,0,0,0,0,0,0,0,0,0,0,0,0,0,0,0,0,0,0,0,0,2020
621120,"T tlicher Angriff auf Vollstreckungsbeamte und gleichstehende Personen    114, 115 StGB",5911000,Bochum,insg.,130,105,25,0,0,0,0,0,0,0,0,0,0,0,0,0,0,0,129,104,25,1,1,0,130,105,25,2020
621120,"T tlicher Angriff auf Vollstreckungsbeamte und gleichstehende Personen    114, 115 StGB",5314000,Bonn,voll.,213,164,49,0,0,0,0,0,0,0,0,0,0,0,0,1,1,0,211,162,49,1,1,0,212,163,49,2020
621120,"T tlicher Angriff auf Vollstreckungsbeamte und gleichstehende Personen    114, 115 StGB",5314000,Bonn,vers.,0,0,0,0,0,0,0,0,0,0,0,0,0,0,0,0,0,0,0,0,0,0,0,0,0,0,0,2020
621120,"T tlicher Angriff auf Vollstreckungsbeamte und gleichstehende Personen    114, 115 StGB",5314000,Bonn,insg.,213,164,49,0,0,0,0,0,0,0,0,0,0,0,0,1,1,0,211,162,49,1,1,0,212,163,49,2020
621120,"T tlicher Angriff auf Vollstreckungsbeamte und gleichstehende Personen    114, 115 StGB",5512000,Bottrop,voll.,24,20,4,0,0,0,0,0,0,0,0,0,0,0,0,2,2,0,22,18,4,0,0,0,22,18,4,2020
621120,"T tlicher Angriff auf Vollstreckungsbeamte und gleichstehende Personen    114, 115 StGB",5512000,Bottrop,vers.,0,0,0,0,0,0,0,0,0,0,0,0,0,0,0,0,0,0,0,0,0,0,0,0,0,0,0,2020
621120,"T tlicher Angriff auf Vollstreckungsbeamte und gleichstehende Personen    114, 115 StGB",5512000,Bottrop,insg.,24,20,4,0,0,0,0,0,0,0,0,0,0,0,0,2,2,0,22,18,4,0,0,0,22,18,4,2020
621120,"T tlicher Angriff auf Vollstreckungsbeamte und gleichstehende Personen    114, 115 StGB",3101000,Braunschweig,voll.,221,173,48,0,0,0,0,0,0,0,0,0,0,0,0,1,1,0,214,166,48,6,6,0,220,172,48,2020
621120,"T tlicher Angriff auf Vollstreckungsbeamte und gleichstehende Personen    114, 115 StGB",3101000,Braunschweig,vers.,0,0,0,0,0,0,0,0,0,0,0,0,0,0,0,0,0,0,0,0,0,0,0,0,0,0,0,2020
621120,"T tlicher Angriff auf Vollstreckungsbeamte und gleichstehende Personen    114, 115 StGB",3101000,Braunschweig,insg.,221,173,48,0,0,0,0,0,0,0,0,0,0,0,0,1,1,0,214,166,48,6,6,0,220,172,48,2020
621120,"T tlicher Angriff auf Vollstreckungsbeamte und gleichstehende Personen    114, 115 StGB",4011000,Bremen,voll.,253,193,60,0,0,0,0,0,0,0,0,0,0,0,0,1,1,0,251,191,60,1,1,0,252,192,60,2020
621120,"T tlicher Angriff auf Vollstreckungsbeamte und gleichstehende Personen    114, 115 StGB",4011000,Bremen,vers.,0,0,0,0,0,0,0,0,0,0,0,0,0,0,0,0,0,0,0,0,0,0,0,0,0,0,0,2020
621120,"T tlicher Angriff auf Vollstreckungsbeamte und gleichstehende Personen    114, 115 StGB",4011000,Bremen,insg.,253,193,60,0,0,0,0,0,0,0,0,0,0,0,0,1,1,0,251,191,60,1,1,0,252,192,60,2020
621120,"T tlicher Angriff auf Vollstreckungsbeamte und gleichstehende Personen    114, 115 StGB",4012000,Bremerhaven,voll.,64,55,9,0,0,0,0,0,0,0,0,0,0,0,0,0,0,0,63,54,9,1,1,0,64,55,9,2020
621120,"T tlicher Angriff auf Vollstreckungsbeamte und gleichstehende Personen    114, 115 StGB",4012000,Bremerhaven,vers.,0,0,0,0,0,0,0,0,0,0,0,0,0,0,0,0,0,0,0,0,0,0,0,0,0,0,0,2020
621120,"T tlicher Angriff auf Vollstreckungsbeamte und gleichstehende Personen    114, 115 StGB",4012000,Bremerhaven,insg.,64,55,9,0,0,0,0,0,0,0,0,0,0,0,0,0,0,0,63,54,9,1,1,0,64,55,9,2020
621120,"T tlicher Angriff auf Vollstreckungsbeamte und gleichstehende Personen    114, 115 StGB",14511000,Chemnitz,voll.,41,35,6,0,0,0,0,0,0,0,0,0,0,0,0,1,1,0,38,32,6,2,2,0,40,34,6,2020
621120,"T tlicher Angriff auf Vollstreckungsbeamte und gleichstehende Personen    114, 115 StGB",14511000,Chemnitz,vers.,0,0,0,0,0,0,0,0,0,0,0,0,0,0,0,0,0,0,0,0,0,0,0,0,0,0,0,2020
621120,"T tlicher Angriff auf Vollstreckungsbeamte und gleichstehende Personen    114, 115 StGB",14511000,Chemnitz,insg.,41,35,6,0,0,0,0,0,0,0,0,0,0,0,0,1,1,0,38,32,6,2,2,0,40,34,6,2020
621120,"T tlicher Angriff auf Vollstreckungsbeamte und gleichstehende Personen    114, 115 StGB",6411000,Darmstadt,voll.,22,19,3,0,0,0,0,0,0,0,0,0,0,0,0,1,1,0,20,17,3,1,1,0,21,18,3,2020
621120,"T tlicher Angriff auf Vollstreckungsbeamte und gleichstehende Personen    114, 115 StGB",6411000,Darmstadt,vers.,0,0,0,0,0,0,0,0,0,0,0,0,0,0,0,0,0,0,0,0,0,0,0,0,0,0,0,2020
621120,"T tlicher Angriff auf Vollstreckungsbeamte und gleichstehende Personen    114, 115 StGB",6411000,Darmstadt,insg.,22,19,3,0,0,0,0,0,0,0,0,0,0,0,0,1,1,0,20,17,3,1,1,0,21,18,3,2020
621120,"T tlicher Angriff auf Vollstreckungsbeamte und gleichstehende Personen    114, 115 StGB",5913000,Dortmund,voll.,656,514,142,0,0,0,3,3,0,3,3,0,0,0,0,12,7,5,639,502,137,2,2,0,641,504,137,2020
621120,"T tlicher Angriff auf Vollstreckungsbeamte und gleichstehende Personen    114, 115 StGB",5913000,Dortmund,vers.,0,0,0,0,0,0,0,0,0,0,0,0,0,0,0,0,0,0,0,0,0,0,0,0,0,0,0,2020
621120,"T tlicher Angriff auf Vollstreckungsbeamte und gleichstehende Personen    114, 115 StGB",5913000,Dortmund,insg.,656,514,142,0,0,0,3,3,0,3,3,0,0,0,0,12,7,5,639,502,137,2,2,0,641,504,137,2020
621120,"T tlicher Angriff auf Vollstreckungsbeamte und gleichstehende Personen    114, 115 StGB",14612000,Dresden,voll.,129,104,25,0,0,0,0,0,0,0,0,0,0,0,0,2,1,1,127,103,24,0,0,0,127,103,24,2020
621120,"T tlicher Angriff auf Vollstreckungsbeamte und gleichstehende Personen    114, 115 StGB",14612000,Dresden,vers.,0,0,0,0,0,0,0,0,0,0,0,0,0,0,0,0,0,0,0,0,0,0,0,0,0,0,0,2020
621120,"T tlicher Angriff auf Vollstreckungsbeamte und gleichstehende Personen    114, 115 StGB",14612000,Dresden,insg.,129,104,25,0,0,0,0,0,0,0,0,0,0,0,0,2,1,1,127,103,24,0,0,0,127,103,24,2020
621120,"T tlicher Angriff auf Vollstreckungsbeamte und gleichstehende Personen    114, 115 StGB",5112000,Duisburg,voll.,80,57,23,0,0,0,0,0,0,0,0,0,0,0,0,1,1,0,79,56,23,0,0,0,79,56,23,2020
621120,"T tlicher Angriff auf Vollstreckungsbeamte und gleichstehende Personen    114, 115 StGB",5112000,Duisburg,vers.,0,0,0,0,0,0,0,0,0,0,0,0,0,0,0,0,0,0,0,0,0,0,0,0,0,0,0,2020
621120,"T tlicher Angriff auf Vollstreckungsbeamte und gleichstehende Personen    114, 115 StGB",5112000,Duisburg,insg.,80,57,23,0,0,0,0,0,0,0,0,0,0,0,0,1,1,0,79,56,23,0,0,0,79,56,23,2020
621120,"T tlicher Angriff auf Vollstreckungsbeamte und gleichstehende Personen    114, 115 StGB",5111000,D sseldorf,voll.,463,357,106,0,0,0,0,0,0,0,0,0,0,0,0,8,5,3,455,352,103,0,0,0,455,352,103,2020
621120,"T tlicher Angriff auf Vollstreckungsbeamte und gleichstehende Personen    114, 115 StGB",5111000,D sseldorf,vers.,0,0,0,0,0,0,0,0,0,0,0,0,0,0,0,0,0,0,0,0,0,0,0,0,0,0,0,2020
621120,"T tlicher Angriff auf Vollstreckungsbeamte und gleichstehende Personen    114, 115 StGB",5111000,D sseldorf,insg.,463,357,106,0,0,0,0,0,0,0,0,0,0,0,0,8,5,3,455,352,103,0,0,0,455,352,103,2020
621120,"T tlicher Angriff auf Vollstreckungsbeamte und gleichstehende Personen    114, 115 StGB",16051000,Erfurt,voll.,113,94,19,0,0,0,0,0,0,0,0,0,0,0,0,1,0,1,112,94,18,0,0,0,112,94,18,2020
621120,"T tlicher Angriff auf Vollstreckungsbeamte und gleichstehende Personen    114, 115 StGB",16051000,Erfurt,vers.,0,0,0,0,0,0,0,0,0,0,0,0,0,0,0,0,0,0,0,0,0,0,0,0,0,0,0,2020
621120,"T tlicher Angriff auf Vollstreckungsbeamte und gleichstehende Personen    114, 115 StGB",16051000,Erfurt,insg.,113,94,19,0,0,0,0,0,0,0,0,0,0,0,0,1,0,1,112,94,18,0,0,0,112,94,18,2020
621120,"T tlicher Angriff auf Vollstreckungsbeamte und gleichstehende Personen    114, 115 StGB",9562000,Erlangen,voll.,117,96,21,0,0,0,0,0,0,0,0,0,0,0,0,0,0,0,117,96,21,0,0,0,117,96,21,2020
621120,"T tlicher Angriff auf Vollstreckungsbeamte und gleichstehende Personen    114, 115 StGB",9562000,Erlangen,vers.,0,0,0,0,0,0,0,0,0,0,0,0,0,0,0,0,0,0,0,0,0,0,0,0,0,0,0,2020
621120,"T tlicher Angriff auf Vollstreckungsbeamte und gleichstehende Personen    114, 115 StGB",9562000,Erlangen,insg.,117,96,21,0,0,0,0,0,0,0,0,0,0,0,0,0,0,0,117,96,21,0,0,0,117,96,21,2020
621120,"T tlicher Angriff auf Vollstreckungsbeamte und gleichstehende Personen    114, 115 StGB",5113000,Essen,voll.,189,145,44,0,0,0,0,0,0,0,0,0,0,0,0,9,9,0,177,133,44,3,3,0,180,136,44,2020
621120,"T tlicher Angriff auf Vollstreckungsbeamte und gleichstehende Personen    114, 115 StGB",5113000,Essen,vers.,0,0,0,0,0,0,0,0,0,0,0,0,0,0,0,0,0,0,0,0,0,0,0,0,0,0,0,2020
621120,"T tlicher Angriff auf Vollstreckungsbeamte und gleichstehende Personen    114, 115 StGB",5113000,Essen,insg.,189,145,44,0,0,0,0,0,0,0,0,0,0,0,0,9,9,0,177,133,44,3,3,0,180,136,44,2020
621120,"T tlicher Angriff auf Vollstreckungsbeamte und gleichstehende Personen    114, 115 StGB",6412000,Frankfurt am Main,voll.,1008,826,182,0,0,0,0,0,0,0,0,0,0,0,0,26,23,3,981,802,179,1,1,0,982,803,179,2020
621120,"T tlicher Angriff auf Vollstreckungsbeamte und gleichstehende Personen    114, 115 StGB",6412000,Frankfurt am Main,vers.,0,0,0,0,0,0,0,0,0,0,0,0,0,0,0,0,0,0,0,0,0,0,0,0,0,0,0,2020
621120,"T tlicher Angriff auf Vollstreckungsbeamte und gleichstehende Personen    114, 115 StGB",6412000,Frankfurt am Main,insg.,1008,826,182,0,0,0,0,0,0,0,0,0,0,0,0,26,23,3,981,802,179,1,1,0,982,803,179,2020
621120,"T tlicher Angriff auf Vollstreckungsbeamte und gleichstehende Personen    114, 115 StGB",8311000,Freiburg im Breisgau,voll.,321,258,63,0,0,0,0,0,0,0,0,0,0,0,0,10,7,3,308,248,60,3,3,0,311,251,60,2020
621120,"T tlicher Angriff auf Vollstreckungsbeamte und gleichstehende Personen    114, 115 StGB",8311000,Freiburg im Breisgau,vers.,0,0,0,0,0,0,0,0,0,0,0,0,0,0,0,0,0,0,0,0,0,0,0,0,0,0,0,2020
621120,"T tlicher Angriff auf Vollstreckungsbeamte und gleichstehende Personen    114, 115 StGB",8311000,Freiburg im Breisgau,insg.,321,258,63,0,0,0,0,0,0,0,0,0,0,0,0,10,7,3,308,248,60,3,3,0,311,251,60,2020
621120,"T tlicher Angriff auf Vollstreckungsbeamte und gleichstehende Personen    114, 115 StGB",9563000,F rth,voll.,85,62,23,0,0,0,0,0,0,0,0,0,0,0,0,2,0,2,82,62,20,1,0,1,83,62,21,2020
621120,"T tlicher Angriff auf Vollstreckungsbeamte und gleichstehende Personen    114, 115 StGB",9563000,F rth,vers.,0,0,0,0,0,0,0,0,0,0,0,0,0,0,0,0,0,0,0,0,0,0,0,0,0,0,0,2020
621120,"T tlicher Angriff auf Vollstreckungsbeamte und gleichstehende Personen    114, 115 StGB",9563000,F rth,insg.,85,62,23,0,0,0,0,0,0,0,0,0,0,0,0,2,0,2,82,62,20,1,0,1,83,62,21,2020
621120,"T tlicher Angriff auf Vollstreckungsbeamte und gleichstehende Personen    114, 115 StGB",5513000,Gelsenkirchen,voll.,78,63,15,0,0,0,0,0,0,0,0,0,0,0,0,3,3,0,75,60,15,0,0,0,75,60,15,2020
621120,"T tlicher Angriff auf Vollstreckungsbeamte und gleichstehende Personen    114, 115 StGB",5513000,Gelsenkirchen,vers.,0,0,0,0,0,0,0,0,0,0,0,0,0,0,0,0,0,0,0,0,0,0,0,0,0,0,0,2020
621120,"T tlicher Angriff auf Vollstreckungsbeamte und gleichstehende Personen    114, 115 StGB",5513000,Gelsenkirchen,insg.,78,63,15,0,0,0,0,0,0,0,0,0,0,0,0,3,3,0,75,60,15,0,0,0,75,60,15,2020
621120,"T tlicher Angriff auf Vollstreckungsbeamte und gleichstehende Personen    114, 115 StGB",3159016,G ttingen,voll.,72,58,14,0,0,0,0,0,0,0,0,0,0,0,0,0,0,0,72,58,14,0,0,0,72,58,14,2020
621120,"T tlicher Angriff auf Vollstreckungsbeamte und gleichstehende Personen    114, 115 StGB",3159016,G ttingen,vers.,0,0,0,0,0,0,0,0,0,0,0,0,0,0,0,0,0,0,0,0,0,0,0,0,0,0,0,2020
621120,"T tlicher Angriff auf Vollstreckungsbeamte und gleichstehende Personen    114, 115 StGB",3159016,G ttingen,insg.,72,58,14,0,0,0,0,0,0,0,0,0,0,0,0,0,0,0,72,58,14,0,0,0,72,58,14,2020
621120,"T tlicher Angriff auf Vollstreckungsbeamte und gleichstehende Personen    114, 115 StGB",5754008,G tersloh,voll.,34,24,10,0,0,0,0,0,0,0,0,0,0,0,0,4,4,0,30,20,10,0,0,0,30,20,10,2020
621120,"T tlicher Angriff auf Vollstreckungsbeamte und gleichstehende Personen    114, 115 StGB",5754008,G tersloh,vers.,0,0,0,0,0,0,0,0,0,0,0,0,0,0,0,0,0,0,0,0,0,0,0,0,0,0,0,2020
621120,"T tlicher Angriff auf Vollstreckungsbeamte und gleichstehende Personen    114, 115 StGB",5754008,G tersloh,insg.,34,24,10,0,0,0,0,0,0,0,0,0,0,0,0,4,4,0,30,20,10,0,0,0,30,20,10,2020
621120,"T tlicher Angriff auf Vollstreckungsbeamte und gleichstehende Personen    114, 115 StGB",5914000,Hagen,voll.,67,48,19,0,0,0,0,0,0,0,0,0,0,0,0,0,0,0,66,47,19,1,1,0,67,48,19,2020
621120,"T tlicher Angriff auf Vollstreckungsbeamte und gleichstehende Personen    114, 115 StGB",5914000,Hagen,vers.,0,0,0,0,0,0,0,0,0,0,0,0,0,0,0,0,0,0,0,0,0,0,0,0,0,0,0,2020
621120,"T tlicher Angriff auf Vollstreckungsbeamte und gleichstehende Personen    114, 115 StGB",5914000,Hagen,insg.,67,48,19,0,0,0,0,0,0,0,0,0,0,0,0,0,0,0,66,47,19,1,1,0,67,48,19,2020
621120,"T tlicher Angriff auf Vollstreckungsbeamte und gleichstehende Personen    114, 115 StGB",15002000,Halle (Saale),voll.,170,139,31,0,0,0,0,0,0,0,0,0,0,0,0,5,4,1,165,135,30,0,0,0,165,135,30,2020
621120,"T tlicher Angriff auf Vollstreckungsbeamte und gleichstehende Personen    114, 115 StGB",15002000,Halle (Saale),vers.,0,0,0,0,0,0,0,0,0,0,0,0,0,0,0,0,0,0,0,0,0,0,0,0,0,0,0,2020
621120,"T tlicher Angriff auf Vollstreckungsbeamte und gleichstehende Personen    114, 115 StGB",15002000,Halle (Saale),insg.,170,139,31,0,0,0,0,0,0,0,0,0,0,0,0,5,4,1,165,135,30,0,0,0,165,135,30,2020
621120,"T tlicher Angriff auf Vollstreckungsbeamte und gleichstehende Personen    114, 115 StGB",2000000,Hamburg,voll.,1199,925,274,0,0,0,0,0,0,0,0,0,0,0,0,29,20,9,1167,902,265,3,3,0,1170,905,265,2020
621120,"T tlicher Angriff auf Vollstreckungsbeamte und gleichstehende Personen    114, 115 StGB",2000000,Hamburg,vers.,0,0,0,0,0,0,0,0,0,0,0,0,0,0,0,0,0,0,0,0,0,0,0,0,0,0,0,2020
621120,"T tlicher Angriff auf Vollstreckungsbeamte und gleichstehende Personen    114, 115 StGB",2000000,Hamburg,insg.,1199,925,274,0,0,0,0,0,0,0,0,0,0,0,0,29,20,9,1167,902,265,3,3,0,1170,905,265,2020
621120,"T tlicher Angriff auf Vollstreckungsbeamte und gleichstehende Personen    114, 115 StGB",5915000,Hamm,voll.,63,49,14,0,0,0,0,0,0,0,0,0,0,0,0,0,0,0,62,48,14,1,1,0,63,49,14,2020
621120,"T tlicher Angriff auf Vollstreckungsbeamte und gleichstehende Personen    114, 115 StGB",5915000,Hamm,vers.,0,0,0,0,0,0,0,0,0,0,0,0,0,0,0,0,0,0,0,0,0,0,0,0,0,0,0,2020
621120,"T tlicher Angriff auf Vollstreckungsbeamte und gleichstehende Personen    114, 115 StGB",5915000,Hamm,insg.,63,49,14,0,0,0,0,0,0,0,0,0,0,0,0,0,0,0,62,48,14,1,1,0,63,49,14,2020
621120,"T tlicher Angriff auf Vollstreckungsbeamte und gleichstehende Personen    114, 115 StGB",3241001,Hannover,voll.,501,379,122,0,0,0,0,0,0,0,0,0,0,0,0,9,6,3,491,372,119,1,1,0,492,373,119,2020
621120,"T tlicher Angriff auf Vollstreckungsbeamte und gleichstehende Personen    114, 115 StGB",3241001,Hannover,vers.,0,0,0,0,0,0,0,0,0,0,0,0,0,0,0,0,0,0,0,0,0,0,0,0,0,0,0,2020
621120,"T tlicher Angriff auf Vollstreckungsbeamte und gleichstehende Personen    114, 115 StGB",3241001,Hannover,insg.,501,379,122,0,0,0,0,0,0,0,0,0,0,0,0,9,6,3,491,372,119,1,1,0,492,373,119,2020
621120,"T tlicher Angriff auf Vollstreckungsbeamte und gleichstehende Personen    114, 115 StGB",8221000,Heidelberg,voll.,170,125,45,0,0,0,0,0,0,0,0,0,0,0,0,3,3,0,164,120,44,3,2,1,167,122,45,2020
621120,"T tlicher Angriff auf Vollstreckungsbeamte und gleichstehende Personen    114, 115 StGB",8221000,Heidelberg,vers.,0,0,0,0,0,0,0,0,0,0,0,0,0,0,0,0,0,0,0,0,0,0,0,0,0,0,0,2020
621120,"T tlicher Angriff auf Vollstreckungsbeamte und gleichstehende Personen    114, 115 StGB",8221000,Heidelberg,insg.,170,125,45,0,0,0,0,0,0,0,0,0,0,0,0,3,3,0,164,120,44,3,2,1,167,122,45,2020
621120,"T tlicher Angriff auf Vollstreckungsbeamte und gleichstehende Personen    114, 115 StGB",8121000,Heilbronn,voll.,82,64,18,0,0,0,0,0,0,0,0,0,0,0,0,2,0,2,78,62,16,2,2,0,80,64,16,2020
621120,"T tlicher Angriff auf Vollstreckungsbeamte und gleichstehende Personen    114, 115 StGB",8121000,Heilbronn,vers.,0,0,0,0,0,0,0,0,0,0,0,0,0,0,0,0,0,0,0,0,0,0,0,0,0,0,0,2020
621120,"T tlicher Angriff auf Vollstreckungsbeamte und gleichstehende Personen    114, 115 StGB",8121000,Heilbronn,insg.,82,64,18,0,0,0,0,0,0,0,0,0,0,0,0,2,0,2,78,62,16,2,2,0,80,64,16,2020
621120,"T tlicher Angriff auf Vollstreckungsbeamte und gleichstehende Personen    114, 115 StGB",5916000,Herne,voll.,62,51,11,0,0,0,0,0,0,0,0,0,0,0,0,2,1,1,60,50,10,0,0,0,60,50,10,2020
621120,"T tlicher Angriff auf Vollstreckungsbeamte und gleichstehende Personen    114, 115 StGB",5916000,Herne,vers.,0,0,0,0,0,0,0,0,0,0,0,0,0,0,0,0,0,0,0,0,0,0,0,0,0,0,0,2020
621120,"T tlicher Angriff auf Vollstreckungsbeamte und gleichstehende Personen    114, 115 StGB",5916000,Herne,insg.,62,51,11,0,0,0,0,0,0,0,0,0,0,0,0,2,1,1,60,50,10,0,0,0,60,50,10,2020
621120,"T tlicher Angriff auf Vollstreckungsbeamte und gleichstehende Personen    114, 115 StGB",3254021,Hildesheim,voll.,73,56,17,0,0,0,0,0,0,0,0,0,0,0,0,3,1,2,69,54,15,1,1,0,70,55,15,2020
621120,"T tlicher Angriff auf Vollstreckungsbeamte und gleichstehende Personen    114, 115 StGB",3254021,Hildesheim,vers.,0,0,0,0,0,0,0,0,0,0,0,0,0,0,0,0,0,0,0,0,0,0,0,0,0,0,0,2020
621120,"T tlicher Angriff auf Vollstreckungsbeamte und gleichstehende Personen    114, 115 StGB",3254021,Hildesheim,insg.,73,56,17,0,0,0,0,0,0,0,0,0,0,0,0,3,1,2,69,54,15,1,1,0,70,55,15,2020
621120,"T tlicher Angriff auf Vollstreckungsbeamte und gleichstehende Personen    114, 115 StGB",9161000,Ingolstadt,voll.,100,76,24,0,0,0,0,0,0,0,0,0,0,0,0,3,2,1,96,73,23,1,1,0,97,74,23,2020
621120,"T tlicher Angriff auf Vollstreckungsbeamte und gleichstehende Personen    114, 115 StGB",9161000,Ingolstadt,vers.,0,0,0,0,0,0,0,0,0,0,0,0,0,0,0,0,0,0,0,0,0,0,0,0,0,0,0,2020
621120,"T tlicher Angriff auf Vollstreckungsbeamte und gleichstehende Personen    114, 115 StGB",9161000,Ingolstadt,insg.,100,76,24,0,0,0,0,0,0,0,0,0,0,0,0,3,2,1,96,73,23,1,1,0,97,74,23,2020
621120,"T tlicher Angriff auf Vollstreckungsbeamte und gleichstehende Personen    114, 115 StGB",16053000,Jena,voll.,40,38,2,0,0,0,0,0,0,0,0,0,0,0,0,2,2,0,38,36,2,0,0,0,38,36,2,2020
621120,"T tlicher Angriff auf Vollstreckungsbeamte und gleichstehende Personen    114, 115 StGB",16053000,Jena,vers.,0,0,0,0,0,0,0,0,0,0,0,0,0,0,0,0,0,0,0,0,0,0,0,0,0,0,0,2020
621120,"T tlicher Angriff auf Vollstreckungsbeamte und gleichstehende Personen    114, 115 StGB",16053000,Jena,insg.,40,38,2,0,0,0,0,0,0,0,0,0,0,0,0,2,2,0,38,36,2,0,0,0,38,36,2,2020
621120,"T tlicher Angriff auf Vollstreckungsbeamte und gleichstehende Personen    114, 115 StGB",7312000,Kaiserslautern,voll.,105,84,21,0,0,0,0,0,0,0,0,0,0,0,0,1,1,0,104,83,21,0,0,0,104,83,21,2020
621120,"T tlicher Angriff auf Vollstreckungsbeamte und gleichstehende Personen    114, 115 StGB",7312000,Kaiserslautern,vers.,0,0,0,0,0,0,0,0,0,0,0,0,0,0,0,0,0,0,0,0,0,0,0,0,0,0,0,2020
621120,"T tlicher Angriff auf Vollstreckungsbeamte und gleichstehende Personen    114, 115 StGB",7312000,Kaiserslautern,insg.,105,84,21,0,0,0,0,0,0,0,0,0,0,0,0,1,1,0,104,83,21,0,0,0,104,83,21,2020
621120,"T tlicher Angriff auf Vollstreckungsbeamte und gleichstehende Personen    114, 115 StGB",8212000,Karlsruhe,voll.,196,157,39,0,0,0,0,0,0,0,0,0,1,0,1,5,4,1,190,153,37,0,0,0,190,153,37,2020
621120,"T tlicher Angriff auf Vollstreckungsbeamte und gleichstehende Personen    114, 115 StGB",8212000,Karlsruhe,vers.,0,0,0,0,0,0,0,0,0,0,0,0,0,0,0,0,0,0,0,0,0,0,0,0,0,0,0,2020
621120,"T tlicher Angriff auf Vollstreckungsbeamte und gleichstehende Personen    114, 115 StGB",8212000,Karlsruhe,insg.,196,157,39,0,0,0,0,0,0,0,0,0,1,0,1,5,4,1,190,153,37,0,0,0,190,153,37,2020
621120,"T tlicher Angriff auf Vollstreckungsbeamte und gleichstehende Personen    114, 115 StGB",6611000,Kassel,voll.,93,77,16,1,1,0,0,0,0,1,1,0,4,3,1,12,10,2,75,62,13,1,1,0,76,63,13,2020
621120,"T tlicher Angriff auf Vollstreckungsbeamte und gleichstehende Personen    114, 115 StGB",6611000,Kassel,vers.,0,0,0,0,0,0,0,0,0,0,0,0,0,0,0,0,0,0,0,0,0,0,0,0,0,0,0,2020
621120,"T tlicher Angriff auf Vollstreckungsbeamte und gleichstehende Personen    114, 115 StGB",6611000,Kassel,insg.,93,77,16,1,1,0,0,0,0,1,1,0,4,3,1,12,10,2,75,62,13,1,1,0,76,63,13,2020
621120,"T tlicher Angriff auf Vollstreckungsbeamte und gleichstehende Personen    114, 115 StGB",1002000,Kiel,voll.,218,169,49,0,0,0,0,0,0,0,0,0,0,0,0,1,1,0,216,167,49,1,1,0,217,168,49,2020
621120,"T tlicher Angriff auf Vollstreckungsbeamte und gleichstehende Personen    114, 115 StGB",1002000,Kiel,vers.,0,0,0,0,0,0,0,0,0,0,0,0,0,0,0,0,0,0,0,0,0,0,0,0,0,0,0,2020
621120,"T tlicher Angriff auf Vollstreckungsbeamte und gleichstehende Personen    114, 115 StGB",1002000,Kiel,insg.,218,169,49,0,0,0,0,0,0,0,0,0,0,0,0,1,1,0,216,167,49,1,1,0,217,168,49,2020
621120,"T tlicher Angriff auf Vollstreckungsbeamte und gleichstehende Personen    114, 115 StGB",7111000,Koblenz,voll.,61,55,6,0,0,0,0,0,0,0,0,0,0,0,0,2,2,0,59,53,6,0,0,0,59,53,6,2020
621120,"T tlicher Angriff auf Vollstreckungsbeamte und gleichstehende Personen    114, 115 StGB",7111000,Koblenz,vers.,0,0,0,0,0,0,0,0,0,0,0,0,0,0,0,0,0,0,0,0,0,0,0,0,0,0,0,2020
621120,"T tlicher Angriff auf Vollstreckungsbeamte und gleichstehende Personen    114, 115 StGB",7111000,Koblenz,insg.,61,55,6,0,0,0,0,0,0,0,0,0,0,0,0,2,2,0,59,53,6,0,0,0,59,53,6,2020
621120,"T tlicher Angriff auf Vollstreckungsbeamte und gleichstehende Personen    114, 115 StGB",5315000,K ln,voll.,347,252,95,0,0,0,0,0,0,0,0,0,0,0,0,9,7,2,337,244,93,1,1,0,338,245,93,2020
621120,"T tlicher Angriff auf Vollstreckungsbeamte und gleichstehende Personen    114, 115 StGB",5315000,K ln,vers.,0,0,0,0,0,0,0,0,0,0,0,0,0,0,0,0,0,0,0,0,0,0,0,0,0,0,0,2020
621120,"T tlicher Angriff auf Vollstreckungsbeamte und gleichstehende Personen    114, 115 StGB",5315000,K ln,insg.,347,252,95,0,0,0,0,0,0,0,0,0,0,0,0,9,7,2,337,244,93,1,1,0,338,245,93,2020
621120,"T tlicher Angriff auf Vollstreckungsbeamte und gleichstehende Personen    114, 115 StGB",5114000,Krefeld,voll.,188,121,67,0,0,0,0,0,0,0,0,0,0,0,0,2,1,1,184,118,66,2,2,0,186,120,66,2020
621120,"T tlicher Angriff auf Vollstreckungsbeamte und gleichstehende Personen    114, 115 StGB",5114000,Krefeld,vers.,0,0,0,0,0,0,0,0,0,0,0,0,0,0,0,0,0,0,0,0,0,0,0,0,0,0,0,2020
621120,"T tlicher Angriff auf Vollstreckungsbeamte und gleichstehende Personen    114, 115 StGB",5114000,Krefeld,insg.,188,121,67,0,0,0,0,0,0,0,0,0,0,0,0,2,1,1,184,118,66,2,2,0,186,120,66,2020
621120,"T tlicher Angriff auf Vollstreckungsbeamte und gleichstehende Personen    114, 115 StGB",14713000,Leipzig,voll.,232,192,40,0,0,0,0,0,0,0,0,0,0,0,0,10,9,1,219,180,39,3,3,0,222,183,39,2020
621120,"T tlicher Angriff auf Vollstreckungsbeamte und gleichstehende Personen    114, 115 StGB",14713000,Leipzig,vers.,0,0,0,0,0,0,0,0,0,0,0,0,0,0,0,0,0,0,0,0,0,0,0,0,0,0,0,2020
621120,"T tlicher Angriff auf Vollstreckungsbeamte und gleichstehende Personen    114, 115 StGB",14713000,Leipzig,insg.,232,192,40,0,0,0,0,0,0,0,0,0,0,0,0,10,9,1,219,180,39,3,3,0,222,183,39,2020
621120,"T tlicher Angriff auf Vollstreckungsbeamte und gleichstehende Personen    114, 115 StGB",5316000,Leverkusen,voll.,38,28,10,0,0,0,0,0,0,0,0,0,0,0,0,0,0,0,38,28,10,0,0,0,38,28,10,2020
621120,"T tlicher Angriff auf Vollstreckungsbeamte und gleichstehende Personen    114, 115 StGB",5316000,Leverkusen,vers.,0,0,0,0,0,0,0,0,0,0,0,0,0,0,0,0,0,0,0,0,0,0,0,0,0,0,0,2020
621120,"T tlicher Angriff auf Vollstreckungsbeamte und gleichstehende Personen    114, 115 StGB",5316000,Leverkusen,insg.,38,28,10,0,0,0,0,0,0,0,0,0,0,0,0,0,0,0,38,28,10,0,0,0,38,28,10,2020
621120,"T tlicher Angriff auf Vollstreckungsbeamte und gleichstehende Personen    114, 115 StGB",1003000,L beck,voll.,237,186,51,0,0,0,0,0,0,0,0,0,0,0,0,5,3,2,231,182,49,1,1,0,232,183,49,2020
621120,"T tlicher Angriff auf Vollstreckungsbeamte und gleichstehende Personen    114, 115 StGB",1003000,L beck,vers.,0,0,0,0,0,0,0,0,0,0,0,0,0,0,0,0,0,0,0,0,0,0,0,0,0,0,0,2020
621120,"T tlicher Angriff auf Vollstreckungsbeamte und gleichstehende Personen    114, 115 StGB",1003000,L beck,insg.,237,186,51,0,0,0,0,0,0,0,0,0,0,0,0,5,3,2,231,182,49,1,1,0,232,183,49,2020
621120,"T tlicher Angriff auf Vollstreckungsbeamte und gleichstehende Personen    114, 115 StGB",7314000,Ludwigshafen am Rhein,voll.,50,39,11,0,0,0,0,0,0,0,0,0,0,0,0,1,1,0,48,37,11,1,1,0,49,38,11,2020
621120,"T tlicher Angriff auf Vollstreckungsbeamte und gleichstehende Personen    114, 115 StGB",7314000,Ludwigshafen am Rhein,vers.,0,0,0,0,0,0,0,0,0,0,0,0,0,0,0,0,0,0,0,0,0,0,0,0,0,0,0,2020
621120,"T tlicher Angriff auf Vollstreckungsbeamte und gleichstehende Personen    114, 115 StGB",7314000,Ludwigshafen am Rhein,insg.,50,39,11,0,0,0,0,0,0,0,0,0,0,0,0,1,1,0,48,37,11,1,1,0,49,38,11,2020
621120,"T tlicher Angriff auf Vollstreckungsbeamte und gleichstehende Personen    114, 115 StGB",15003000,Magdeburg,voll.,101,76,25,0,0,0,0,0,0,0,0,0,0,0,0,5,3,2,96,73,23,0,0,0,96,73,23,2020
621120,"T tlicher Angriff auf Vollstreckungsbeamte und gleichstehende Personen    114, 115 StGB",15003000,Magdeburg,vers.,0,0,0,0,0,0,0,0,0,0,0,0,0,0,0,0,0,0,0,0,0,0,0,0,0,0,0,2020
621120,"T tlicher Angriff auf Vollstreckungsbeamte und gleichstehende Personen    114, 115 StGB",15003000,Magdeburg,insg.,101,76,25,0,0,0,0,0,0,0,0,0,0,0,0,5,3,2,96,73,23,0,0,0,96,73,23,2020
621120,"T tlicher Angriff auf Vollstreckungsbeamte und gleichstehende Personen    114, 115 StGB",7315000,Mainz,voll.,75,60,15,0,0,0,0,0,0,0,0,0,0,0,0,2,2,0,73,58,15,0,0,0,73,58,15,2020
621120,"T tlicher Angriff auf Vollstreckungsbeamte und gleichstehende Personen    114, 115 StGB",7315000,Mainz,vers.,0,0,0,0,0,0,0,0,0,0,0,0,0,0,0,0,0,0,0,0,0,0,0,0,0,0,0,2020
621120,"T tlicher Angriff auf Vollstreckungsbeamte und gleichstehende Personen    114, 115 StGB",7315000,Mainz,insg.,75,60,15,0,0,0,0,0,0,0,0,0,0,0,0,2,2,0,73,58,15,0,0,0,73,58,15,2020
621120,"T tlicher Angriff auf Vollstreckungsbeamte und gleichstehende Personen    114, 115 StGB",8222000,Mannheim,voll.,291,249,42,0,0,0,0,0,0,0,0,0,0,0,0,7,7,0,284,242,42,0,0,0,284,242,42,2020
621120,"T tlicher Angriff auf Vollstreckungsbeamte und gleichstehende Personen    114, 115 StGB",8222000,Mannheim,vers.,0,0,0,0,0,0,0,0,0,0,0,0,0,0,0,0,0,0,0,0,0,0,0,0,0,0,0,2020
621120,"T tlicher Angriff auf Vollstreckungsbeamte und gleichstehende Personen    114, 115 StGB",8222000,Mannheim,insg.,291,249,42,0,0,0,0,0,0,0,0,0,0,0,0,7,7,0,284,242,42,0,0,0,284,242,42,2020
621120,"T tlicher Angriff auf Vollstreckungsbeamte und gleichstehende Personen    114, 115 StGB",5170024,Moers,voll.,22,15,7,0,0,0,0,0,0,0,0,0,0,0,0,2,2,0,20,13,7,0,0,0,20,13,7,2020
621120,"T tlicher Angriff auf Vollstreckungsbeamte und gleichstehende Personen    114, 115 StGB",5170024,Moers,vers.,0,0,0,0,0,0,0,0,0,0,0,0,0,0,0,0,0,0,0,0,0,0,0,0,0,0,0,2020
621120,"T tlicher Angriff auf Vollstreckungsbeamte und gleichstehende Personen    114, 115 StGB",5170024,Moers,insg.,22,15,7,0,0,0,0,0,0,0,0,0,0,0,0,2,2,0,20,13,7,0,0,0,20,13,7,2020
621120,"T tlicher Angriff auf Vollstreckungsbeamte und gleichstehende Personen    114, 115 StGB",5116000,M nchengladbach,voll.,72,59,13,0,0,0,0,0,0,0,0,0,0,0,0,2,2,0,69,56,13,1,1,0,70,57,13,2020
621120,"T tlicher Angriff auf Vollstreckungsbeamte und gleichstehende Personen    114, 115 StGB",5116000,M nchengladbach,vers.,0,0,0,0,0,0,0,0,0,0,0,0,0,0,0,0,0,0,0,0,0,0,0,0,0,0,0,2020
621120,"T tlicher Angriff auf Vollstreckungsbeamte und gleichstehende Personen    114, 115 StGB",5116000,M nchengladbach,insg.,72,59,13,0,0,0,0,0,0,0,0,0,0,0,0,2,2,0,69,56,13,1,1,0,70,57,13,2020
621120,"T tlicher Angriff auf Vollstreckungsbeamte und gleichstehende Personen    114, 115 StGB",5117000,M lheim an der Ruhr,voll.,10,7,3,0,0,0,0,0,0,0,0,0,0,0,0,0,0,0,10,7,3,0,0,0,10,7,3,2020
621120,"T tlicher Angriff auf Vollstreckungsbeamte und gleichstehende Personen    114, 115 StGB",5117000,M lheim an der Ruhr,vers.,0,0,0,0,0,0,0,0,0,0,0,0,0,0,0,0,0,0,0,0,0,0,0,0,0,0,0,2020
621120,"T tlicher Angriff auf Vollstreckungsbeamte und gleichstehende Personen    114, 115 StGB",5117000,M lheim an der Ruhr,insg.,10,7,3,0,0,0,0,0,0,0,0,0,0,0,0,0,0,0,10,7,3,0,0,0,10,7,3,2020
621120,"T tlicher Angriff auf Vollstreckungsbeamte und gleichstehende Personen    114, 115 StGB",9162000,M nchen,voll.,1106,892,214,0,0,0,0,0,0,0,0,0,0,0,0,23,16,7,1080,873,207,3,3,0,1083,876,207,2020
621120,"T tlicher Angriff auf Vollstreckungsbeamte und gleichstehende Personen    114, 115 StGB",9162000,M nchen,vers.,0,0,0,0,0,0,0,0,0,0,0,0,0,0,0,0,0,0,0,0,0,0,0,0,0,0,0,2020
621120,"T tlicher Angriff auf Vollstreckungsbeamte und gleichstehende Personen    114, 115 StGB",9162000,M nchen,insg.,1106,892,214,0,0,0,0,0,0,0,0,0,0,0,0,23,16,7,1080,873,207,3,3,0,1083,876,207,2020
621120,"T tlicher Angriff auf Vollstreckungsbeamte und gleichstehende Personen    114, 115 StGB",5515000,M nster,voll.,57,49,8,0,0,0,0,0,0,0,0,0,0,0,0,1,0,1,56,49,7,0,0,0,56,49,7,2020
621120,"T tlicher Angriff auf Vollstreckungsbeamte und gleichstehende Personen    114, 115 StGB",5515000,M nster,vers.,0,0,0,0,0,0,0,0,0,0,0,0,0,0,0,0,0,0,0,0,0,0,0,0,0,0,0,2020
621120,"T tlicher Angriff auf Vollstreckungsbeamte und gleichstehende Personen    114, 115 StGB",5515000,M nster,insg.,57,49,8,0,0,0,0,0,0,0,0,0,0,0,0,1,0,1,56,49,7,0,0,0,56,49,7,2020
621120,"T tlicher Angriff auf Vollstreckungsbeamte und gleichstehende Personen    114, 115 StGB",5162024,Neuss,voll.,18,14,4,0,0,0,0,0,0,0,0,0,0,0,0,0,0,0,18,14,4,0,0,0,18,14,4,2020
621120,"T tlicher Angriff auf Vollstreckungsbeamte und gleichstehende Personen    114, 115 StGB",5162024,Neuss,vers.,0,0,0,0,0,0,0,0,0,0,0,0,0,0,0,0,0,0,0,0,0,0,0,0,0,0,0,2020
621120,"T tlicher Angriff auf Vollstreckungsbeamte und gleichstehende Personen    114, 115 StGB",5162024,Neuss,insg.,18,14,4,0,0,0,0,0,0,0,0,0,0,0,0,0,0,0,18,14,4,0,0,0,18,14,4,2020
621120,"T tlicher Angriff auf Vollstreckungsbeamte und gleichstehende Personen    114, 115 StGB",9564000,N rnberg,voll.,643,540,103,0,0,0,0,0,0,0,0,0,0,0,0,12,9,3,630,530,100,1,1,0,631,531,100,2020
621120,"T tlicher Angriff auf Vollstreckungsbeamte und gleichstehende Personen    114, 115 StGB",9564000,N rnberg,vers.,0,0,0,0,0,0,0,0,0,0,0,0,0,0,0,0,0,0,0,0,0,0,0,0,0,0,0,2020
621120,"T tlicher Angriff auf Vollstreckungsbeamte und gleichstehende Personen    114, 115 StGB",9564000,N rnberg,insg.,643,540,103,0,0,0,0,0,0,0,0,0,0,0,0,12,9,3,630,530,100,1,1,0,631,531,100,2020
621120,"T tlicher Angriff auf Vollstreckungsbeamte und gleichstehende Personen    114, 115 StGB",5119000,Oberhausen,voll.,19,8,11,0,0,0,0,0,0,0,0,0,0,0,0,0,0,0,19,8,11,0,0,0,19,8,11,2020
621120,"T tlicher Angriff auf Vollstreckungsbeamte und gleichstehende Personen    114, 115 StGB",5119000,Oberhausen,vers.,0,0,0,0,0,0,0,0,0,0,0,0,0,0,0,0,0,0,0,0,0,0,0,0,0,0,0,2020
621120,"T tlicher Angriff auf Vollstreckungsbeamte und gleichstehende Personen    114, 115 StGB",5119000,Oberhausen,insg.,19,8,11,0,0,0,0,0,0,0,0,0,0,0,0,0,0,0,19,8,11,0,0,0,19,8,11,2020
621120,"T tlicher Angriff auf Vollstreckungsbeamte und gleichstehende Personen    114, 115 StGB",6413000,Offenbach am Main,voll.,97,77,20,0,0,0,0,0,0,0,0,0,0,0,0,1,1,0,96,76,20,0,0,0,96,76,20,2020
621120,"T tlicher Angriff auf Vollstreckungsbeamte und gleichstehende Personen    114, 115 StGB",6413000,Offenbach am Main,vers.,0,0,0,0,0,0,0,0,0,0,0,0,0,0,0,0,0,0,0,0,0,0,0,0,0,0,0,2020
621120,"T tlicher Angriff auf Vollstreckungsbeamte und gleichstehende Personen    114, 115 StGB",6413000,Offenbach am Main,insg.,97,77,20,0,0,0,0,0,0,0,0,0,0,0,0,1,1,0,96,76,20,0,0,0,96,76,20,2020
621120,"T tlicher Angriff auf Vollstreckungsbeamte und gleichstehende Personen    114, 115 StGB",3403000,Oldenburg (Oldenburg),voll.,84,62,22,0,0,0,0,0,0,0,0,0,0,0,0,5,5,0,78,56,22,1,1,0,79,57,22,2020
621120,"T tlicher Angriff auf Vollstreckungsbeamte und gleichstehende Personen    114, 115 StGB",3403000,Oldenburg (Oldenburg),vers.,0,0,0,0,0,0,0,0,0,0,0,0,0,0,0,0,0,0,0,0,0,0,0,0,0,0,0,2020
621120,"T tlicher Angriff auf Vollstreckungsbeamte und gleichstehende Personen    114, 115 StGB",3403000,Oldenburg (Oldenburg),insg.,84,62,22,0,0,0,0,0,0,0,0,0,0,0,0,5,5,0,78,56,22,1,1,0,79,57,22,2020
621120,"T tlicher Angriff auf Vollstreckungsbeamte und gleichstehende Personen    114, 115 StGB",3404000,Osnabr ck,voll.,182,142,40,0,0,0,0,0,0,0,0,0,0,0,0,3,3,0,177,137,40,2,2,0,179,139,40,2020
621120,"T tlicher Angriff auf Vollstreckungsbeamte und gleichstehende Personen    114, 115 StGB",3404000,Osnabr ck,vers.,0,0,0,0,0,0,0,0,0,0,0,0,0,0,0,0,0,0,0,0,0,0,0,0,0,0,0,2020
621120,"T tlicher Angriff auf Vollstreckungsbeamte und gleichstehende Personen    114, 115 StGB",3404000,Osnabr ck,insg.,182,142,40,0,0,0,0,0,0,0,0,0,0,0,0,3,3,0,177,137,40,2,2,0,179,139,40,2020
621120,"T tlicher Angriff auf Vollstreckungsbeamte und gleichstehende Personen    114, 115 StGB",5774032,Paderborn,voll.,54,43,11,0,0,0,0,0,0,0,0,0,0,0,0,1,1,0,53,42,11,0,0,0,53,42,11,2020
621120,"T tlicher Angriff auf Vollstreckungsbeamte und gleichstehende Personen    114, 115 StGB",5774032,Paderborn,vers.,0,0,0,0,0,0,0,0,0,0,0,0,0,0,0,0,0,0,0,0,0,0,0,0,0,0,0,2020
621120,"T tlicher Angriff auf Vollstreckungsbeamte und gleichstehende Personen    114, 115 StGB",5774032,Paderborn,insg.,54,43,11,0,0,0,0,0,0,0,0,0,0,0,0,1,1,0,53,42,11,0,0,0,53,42,11,2020
621120,"T tlicher Angriff auf Vollstreckungsbeamte und gleichstehende Personen    114, 115 StGB",8231000,Pforzheim,voll.,155,116,39,0,0,0,0,0,0,0,0,0,0,0,0,4,2,2,151,114,37,0,0,0,151,114,37,2020
621120,"T tlicher Angriff auf Vollstreckungsbeamte und gleichstehende Personen    114, 115 StGB",8231000,Pforzheim,vers.,0,0,0,0,0,0,0,0,0,0,0,0,0,0,0,0,0,0,0,0,0,0,0,0,0,0,0,2020
621120,"T tlicher Angriff auf Vollstreckungsbeamte und gleichstehende Personen    114, 115 StGB",8231000,Pforzheim,insg.,155,116,39,0,0,0,0,0,0,0,0,0,0,0,0,4,2,2,151,114,37,0,0,0,151,114,37,2020
621120,"T tlicher Angriff auf Vollstreckungsbeamte und gleichstehende Personen    114, 115 StGB",12054000,Potsdam,voll.,95,70,25,0,0,0,0,0,0,0,0,0,0,0,0,3,0,3,91,70,21,1,0,1,92,70,22,2020
621120,"T tlicher Angriff auf Vollstreckungsbeamte und gleichstehende Personen    114, 115 StGB",12054000,Potsdam,vers.,0,0,0,0,0,0,0,0,0,0,0,0,0,0,0,0,0,0,0,0,0,0,0,0,0,0,0,2020
621120,"T tlicher Angriff auf Vollstreckungsbeamte und gleichstehende Personen    114, 115 StGB",12054000,Potsdam,insg.,95,70,25,0,0,0,0,0,0,0,0,0,0,0,0,3,0,3,91,70,21,1,0,1,92,70,22,2020
621120,"T tlicher Angriff auf Vollstreckungsbeamte und gleichstehende Personen    114, 115 StGB",5562032,Recklinghausen,voll.,125,101,24,0,0,0,0,0,0,0,0,0,0,0,0,4,2,2,120,98,22,1,1,0,121,99,22,2020
621120,"T tlicher Angriff auf Vollstreckungsbeamte und gleichstehende Personen    114, 115 StGB",5562032,Recklinghausen,vers.,0,0,0,0,0,0,0,0,0,0,0,0,0,0,0,0,0,0,0,0,0,0,0,0,0,0,0,2020
621120,"T tlicher Angriff auf Vollstreckungsbeamte und gleichstehende Personen    114, 115 StGB",5562032,Recklinghausen,insg.,125,101,24,0,0,0,0,0,0,0,0,0,0,0,0,4,2,2,120,98,22,1,1,0,121,99,22,2020
621120,"T tlicher Angriff auf Vollstreckungsbeamte und gleichstehende Personen    114, 115 StGB",9362000,Regensburg,voll.,167,137,30,0,0,0,0,0,0,0,0,0,0,0,0,4,2,2,162,134,28,1,1,0,163,135,28,2020
621120,"T tlicher Angriff auf Vollstreckungsbeamte und gleichstehende Personen    114, 115 StGB",9362000,Regensburg,vers.,0,0,0,0,0,0,0,0,0,0,0,0,0,0,0,0,0,0,0,0,0,0,0,0,0,0,0,2020
621120,"T tlicher Angriff auf Vollstreckungsbeamte und gleichstehende Personen    114, 115 StGB",9362000,Regensburg,insg.,167,137,30,0,0,0,0,0,0,0,0,0,0,0,0,4,2,2,162,134,28,1,1,0,163,135,28,2020
621120,"T tlicher Angriff auf Vollstreckungsbeamte und gleichstehende Personen    114, 115 StGB",5120000,Remscheid,voll.,26,16,10,0,0,0,0,0,0,0,0,0,0,0,0,1,0,1,25,16,9,0,0,0,25,16,9,2020
621120,"T tlicher Angriff auf Vollstreckungsbeamte und gleichstehende Personen    114, 115 StGB",5120000,Remscheid,vers.,0,0,0,0,0,0,0,0,0,0,0,0,0,0,0,0,0,0,0,0,0,0,0,0,0,0,0,2020
621120,"T tlicher Angriff auf Vollstreckungsbeamte und gleichstehende Personen    114, 115 StGB",5120000,Remscheid,insg.,26,16,10,0,0,0,0,0,0,0,0,0,0,0,0,1,0,1,25,16,9,0,0,0,25,16,9,2020
621120,"T tlicher Angriff auf Vollstreckungsbeamte und gleichstehende Personen    114, 115 StGB",8415061,Reutlingen,voll.,85,69,16,0,0,0,0,0,0,0,0,0,0,0,0,0,0,0,84,68,16,1,1,0,85,69,16,2020
621120,"T tlicher Angriff auf Vollstreckungsbeamte und gleichstehende Personen    114, 115 StGB",8415061,Reutlingen,vers.,0,0,0,0,0,0,0,0,0,0,0,0,0,0,0,0,0,0,0,0,0,0,0,0,0,0,0,2020
621120,"T tlicher Angriff auf Vollstreckungsbeamte und gleichstehende Personen    114, 115 StGB",8415061,Reutlingen,insg.,85,69,16,0,0,0,0,0,0,0,0,0,0,0,0,0,0,0,84,68,16,1,1,0,85,69,16,2020
621120,"T tlicher Angriff auf Vollstreckungsbeamte und gleichstehende Personen    114, 115 StGB",13003000,Rostock,voll.,70,61,9,0,0,0,0,0,0,0,0,0,0,0,0,1,1,0,69,60,9,0,0,0,69,60,9,2020
621120,"T tlicher Angriff auf Vollstreckungsbeamte und gleichstehende Personen    114, 115 StGB",13003000,Rostock,vers.,0,0,0,0,0,0,0,0,0,0,0,0,0,0,0,0,0,0,0,0,0,0,0,0,0,0,0,2020
621120,"T tlicher Angriff auf Vollstreckungsbeamte und gleichstehende Personen    114, 115 StGB",13003000,Rostock,insg.,70,61,9,0,0,0,0,0,0,0,0,0,0,0,0,1,1,0,69,60,9,0,0,0,69,60,9,2020
621120,"T tlicher Angriff auf Vollstreckungsbeamte und gleichstehende Personen    114, 115 StGB",10041100,Saarbr cken,voll.,144,110,34,0,0,0,0,0,0,0,0,0,0,0,0,1,1,0,143,109,34,0,0,0,143,109,34,2020
621120,"T tlicher Angriff auf Vollstreckungsbeamte und gleichstehende Personen    114, 115 StGB",10041100,Saarbr cken,vers.,0,0,0,0,0,0,0,0,0,0,0,0,0,0,0,0,0,0,0,0,0,0,0,0,0,0,0,2020
621120,"T tlicher Angriff auf Vollstreckungsbeamte und gleichstehende Personen    114, 115 StGB",10041100,Saarbr cken,insg.,144,110,34,0,0,0,0,0,0,0,0,0,0,0,0,1,1,0,143,109,34,0,0,0,143,109,34,2020
621120,"T tlicher Angriff auf Vollstreckungsbeamte und gleichstehende Personen    114, 115 StGB",3102000,Salzgitter,voll.,16,11,5,0,0,0,0,0,0,0,0,0,0,0,0,1,0,1,15,11,4,0,0,0,15,11,4,2020
621120,"T tlicher Angriff auf Vollstreckungsbeamte und gleichstehende Personen    114, 115 StGB",3102000,Salzgitter,vers.,0,0,0,0,0,0,0,0,0,0,0,0,0,0,0,0,0,0,0,0,0,0,0,0,0,0,0,2020
621120,"T tlicher Angriff auf Vollstreckungsbeamte und gleichstehende Personen    114, 115 StGB",3102000,Salzgitter,insg.,16,11,5,0,0,0,0,0,0,0,0,0,0,0,0,1,0,1,15,11,4,0,0,0,15,11,4,2020
621120,"T tlicher Angriff auf Vollstreckungsbeamte und gleichstehende Personen    114, 115 StGB",13004000,Schwerin,voll.,67,58,9,0,0,0,0,0,0,0,0,0,0,0,0,6,5,1,61,53,8,0,0,0,61,53,8,2020
621120,"T tlicher Angriff auf Vollstreckungsbeamte und gleichstehende Personen    114, 115 StGB",13004000,Schwerin,vers.,0,0,0,0,0,0,0,0,0,0,0,0,0,0,0,0,0,0,0,0,0,0,0,0,0,0,0,2020
621120,"T tlicher Angriff auf Vollstreckungsbeamte und gleichstehende Personen    114, 115 StGB",13004000,Schwerin,insg.,67,58,9,0,0,0,0,0,0,0,0,0,0,0,0,6,5,1,61,53,8,0,0,0,61,53,8,2020
621120,"T tlicher Angriff auf Vollstreckungsbeamte und gleichstehende Personen    114, 115 StGB",5970040,Siegen,voll.,81,57,24,0,0,0,0,0,0,0,0,0,0,0,0,2,1,1,78,55,23,1,1,0,79,56,23,2020
621120,"T tlicher Angriff auf Vollstreckungsbeamte und gleichstehende Personen    114, 115 StGB",5970040,Siegen,vers.,0,0,0,0,0,0,0,0,0,0,0,0,0,0,0,0,0,0,0,0,0,0,0,0,0,0,0,2020
621120,"T tlicher Angriff auf Vollstreckungsbeamte und gleichstehende Personen    114, 115 StGB",5970040,Siegen,insg.,81,57,24,0,0,0,0,0,0,0,0,0,0,0,0,2,1,1,78,55,23,1,1,0,79,56,23,2020
621120,"T tlicher Angriff auf Vollstreckungsbeamte und gleichstehende Personen    114, 115 StGB",5122000,Solingen,voll.,20,15,5,0,0,0,0,0,0,0,0,0,0,0,0,0,0,0,20,15,5,0,0,0,20,15,5,2020
621120,"T tlicher Angriff auf Vollstreckungsbeamte und gleichstehende Personen    114, 115 StGB",5122000,Solingen,vers.,0,0,0,0,0,0,0,0,0,0,0,0,0,0,0,0,0,0,0,0,0,0,0,0,0,0,0,2020
621120,"T tlicher Angriff auf Vollstreckungsbeamte und gleichstehende Personen    114, 115 StGB",5122000,Solingen,insg.,20,15,5,0,0,0,0,0,0,0,0,0,0,0,0,0,0,0,20,15,5,0,0,0,20,15,5,2020
621120,"T tlicher Angriff auf Vollstreckungsbeamte und gleichstehende Personen    114, 115 StGB",8111000,Stuttgart,voll.,974,768,206,0,0,0,0,0,0,0,0,0,0,0,0,32,23,9,937,742,195,5,3,2,942,745,197,2020
621120,"T tlicher Angriff auf Vollstreckungsbeamte und gleichstehende Personen    114, 115 StGB",8111000,Stuttgart,vers.,0,0,0,0,0,0,0,0,0,0,0,0,0,0,0,0,0,0,0,0,0,0,0,0,0,0,0,2020
621120,"T tlicher Angriff auf Vollstreckungsbeamte und gleichstehende Personen    114, 115 StGB",8111000,Stuttgart,insg.,974,768,206,0,0,0,0,0,0,0,0,0,0,0,0,32,23,9,937,742,195,5,3,2,942,745,197,2020
621120,"T tlicher Angriff auf Vollstreckungsbeamte und gleichstehende Personen    114, 115 StGB",7211000,Trier,voll.,42,34,8,0,0,0,0,0,0,0,0,0,0,0,0,0,0,0,42,34,8,0,0,0,42,34,8,2020
621120,"T tlicher Angriff auf Vollstreckungsbeamte und gleichstehende Personen    114, 115 StGB",7211000,Trier,vers.,0,0,0,0,0,0,0,0,0,0,0,0,0,0,0,0,0,0,0,0,0,0,0,0,0,0,0,2020
621120,"T tlicher Angriff auf Vollstreckungsbeamte und gleichstehende Personen    114, 115 StGB",7211000,Trier,insg.,42,34,8,0,0,0,0,0,0,0,0,0,0,0,0,0,0,0,42,34,8,0,0,0,42,34,8,2020
621120,"T tlicher Angriff auf Vollstreckungsbeamte und gleichstehende Personen    114, 115 StGB",8421000,Ulm,voll.,86,71,15,0,0,0,0,0,0,0,0,0,0,0,0,3,2,1,81,67,14,2,2,0,83,69,14,2020
621120,"T tlicher Angriff auf Vollstreckungsbeamte und gleichstehende Personen    114, 115 StGB",8421000,Ulm,vers.,0,0,0,0,0,0,0,0,0,0,0,0,0,0,0,0,0,0,0,0,0,0,0,0,0,0,0,2020
621120,"T tlicher Angriff auf Vollstreckungsbeamte und gleichstehende Personen    114, 115 StGB",8421000,Ulm,insg.,86,71,15,0,0,0,0,0,0,0,0,0,0,0,0,3,2,1,81,67,14,2,2,0,83,69,14,2020
621120,"T tlicher Angriff auf Vollstreckungsbeamte und gleichstehende Personen    114, 115 StGB",6414000,Wiesbaden,voll.,63,53,10,0,0,0,0,0,0,0,0,0,0,0,0,0,0,0,63,53,10,0,0,0,63,53,10,2020
621120,"T tlicher Angriff auf Vollstreckungsbeamte und gleichstehende Personen    114, 115 StGB",6414000,Wiesbaden,vers.,0,0,0,0,0,0,0,0,0,0,0,0,0,0,0,0,0,0,0,0,0,0,0,0,0,0,0,2020
621120,"T tlicher Angriff auf Vollstreckungsbeamte und gleichstehende Personen    114, 115 StGB",6414000,Wiesbaden,insg.,63,53,10,0,0,0,0,0,0,0,0,0,0,0,0,0,0,0,63,53,10,0,0,0,63,53,10,2020
621120,"T tlicher Angriff auf Vollstreckungsbeamte und gleichstehende Personen    114, 115 StGB",3103000,Wolfsburg,voll.,66,56,10,0,0,0,0,0,0,0,0,0,0,0,0,2,2,0,64,54,10,0,0,0,64,54,10,2020
621120,"T tlicher Angriff auf Vollstreckungsbeamte und gleichstehende Personen    114, 115 StGB",3103000,Wolfsburg,vers.,0,0,0,0,0,0,0,0,0,0,0,0,0,0,0,0,0,0,0,0,0,0,0,0,0,0,0,2020
621120,"T tlicher Angriff auf Vollstreckungsbeamte und gleichstehende Personen    114, 115 StGB",3103000,Wolfsburg,insg.,66,56,10,0,0,0,0,0,0,0,0,0,0,0,0,2,2,0,64,54,10,0,0,0,64,54,10,2020
621120,"T tlicher Angriff auf Vollstreckungsbeamte und gleichstehende Personen    114, 115 StGB",5124000,Wuppertal,voll.,71,49,22,0,0,0,0,0,0,0,0,0,0,0,0,16,12,4,54,36,18,1,1,0,55,37,18,2020
621120,"T tlicher Angriff auf Vollstreckungsbeamte und gleichstehende Personen    114, 115 StGB",5124000,Wuppertal,vers.,0,0,0,0,0,0,0,0,0,0,0,0,0,0,0,0,0,0,0,0,0,0,0,0,0,0,0,2020
621120,"T tlicher Angriff auf Vollstreckungsbeamte und gleichstehende Personen    114, 115 StGB",5124000,Wuppertal,insg.,71,49,22,0,0,0,0,0,0,0,0,0,0,0,0,16,12,4,54,36,18,1,1,0,55,37,18,2020
621120,"T tlicher Angriff auf Vollstreckungsbeamte und gleichstehende Personen    114, 115 StGB",9663000,W rzburg,voll.,98,75,23,0,0,0,0,0,0,0,0,0,0,0,0,3,3,0,95,72,23,0,0,0,95,72,23,2020
621120,"T tlicher Angriff auf Vollstreckungsbeamte und gleichstehende Personen    114, 115 StGB",9663000,W rzburg,vers.,0,0,0,0,0,0,0,0,0,0,0,0,0,0,0,0,0,0,0,0,0,0,0,0,0,0,0,2020
621120,"T tlicher Angriff auf Vollstreckungsbeamte und gleichstehende Personen    114, 115 StGB",9663000,W rzburg,insg.,98,75,23,0,0,0,0,0,0,0,0,0,0,0,0,3,3,0,95,72,23,0,0,0,95,72,23,2020
892000,Gewaltkriminalit t,5334002,Aachen,voll.,918,639,279,11,5,6,22,14,8,33,19,14,71,49,22,106,77,29,656,461,195,52,33,19,708,494,214,2020
892000,Gewaltkriminalit t,5334002,Aachen,vers.,193,118,75,2,2,0,2,1,1,4,3,1,17,11,6,10,5,5,134,86,48,28,13,15,162,99,63,2020
892000,Gewaltkriminalit t,5334002,Aachen,insg.,1111,757,354,13,7,6,24,15,9,37,22,15,88,60,28,116,82,34,790,547,243,80,46,34,870,593,277,2020
892000,Gewaltkriminalit t,9761000,Augsburg,voll.,739,547,192,2,1,1,39,27,12,41,28,13,70,48,22,107,80,27,481,369,112,40,22,18,521,391,130,2020
892000,Gewaltkriminalit t,9761000,Augsburg,vers.,220,154,66,0,0,0,11,11,0,11,11,0,21,14,7,18,15,3,156,105,51,14,9,5,170,114,56,2020
892000,Gewaltkriminalit t,9761000,Augsburg,insg.,959,701,258,2,1,1,50,38,12,52,39,13,91,62,29,125,95,30,637,474,163,54,31,23,691,505,186,2020
892000,Gewaltkriminalit t,5378004,Bergisch Gladbach,voll.,172,107,65,1,0,1,7,2,5,8,2,6,28,17,11,21,17,4,108,67,41,7,4,3,115,71,44,2020
892000,Gewaltkriminalit t,5378004,Bergisch Gladbach,vers.,50,31,19,0,0,0,1,0,1,1,0,1,6,4,2,3,0,3,35,24,11,5,3,2,40,27,13,2020
892000,Gewaltkriminalit t,5378004,Bergisch Gladbach,insg.,222,138,84,1,0,1,8,2,6,9,2,7,34,21,13,24,17,7,143,91,52,12,7,5,155,98,57,2020
892000,Gewaltkriminalit t,11000000,Berlin,voll.,15323,11198,4125,47,19,28,742,534,208,789,553,236,1722,1293,429,1513,1173,340,10446,7684,2762,853,495,358,11299,8179,3120,2020
892000,Gewaltkriminalit t,11000000,Berlin,vers.,4089,3013,1076,39,21,18,176,126,50,215,147,68,283,221,62,246,188,58,3117,2332,785,228,125,103,3345,2457,888,2020
892000,Gewaltkriminalit t,11000000,Berlin,insg.,19412,14211,5201,86,40,46,918,660,258,1004,700,304,2005,1514,491,1759,1361,398,13563,10016,3547,1081,620,461,14644,10636,4008,2020
892000,Gewaltkriminalit t,5711000,Bielefeld,voll.,851,573,278,3,2,1,28,19,9,31,21,10,90,57,33,105,73,32,578,396,182,47,26,21,625,422,203,2020
892000,Gewaltkriminalit t,5711000,Bielefeld,vers.,176,126,50,0,0,0,3,2,1,3,2,1,13,8,5,15,10,5,138,101,37,7,5,2,145,106,39,2020
892000,Gewaltkriminalit t,5711000,Bielefeld,insg.,1027,699,328,3,2,1,31,21,10,34,23,11,103,65,38,120,83,37,716,497,219,54,31,23,770,528,242,2020
892000,Gewaltkriminalit t,5911000,Bochum,voll.,1070,688,382,3,3,0,29,20,9,32,23,9,118,80,38,170,97,73,695,453,242,55,35,20,750,488,262,2020
892000,Gewaltkriminalit t,5911000,Bochum,vers.,232,173,59,1,1,0,6,3,3,7,4,3,20,14,6,15,12,3,177,134,43,13,9,4,190,143,47,2020
892000,Gewaltkriminalit t,5911000,Bochum,insg.,1302,861,441,4,4,0,35,23,12,39,27,12,138,94,44,185,109,76,872,587,285,68,44,24,940,631,309,2020
892000,Gewaltkriminalit t,5314000,Bonn,voll.,1120,808,312,6,3,3,55,39,16,61,42,19,119,79,40,132,98,34,751,548,203,57,41,16,808,589,219,2020
892000,Gewaltkriminalit t,5314000,Bonn,vers.,258,178,80,1,0,1,11,11,0,12,11,1,19,14,5,20,14,6,190,128,62,17,11,6,207,139,68,2020
892000,Gewaltkriminalit t,5314000,Bonn,insg.,1378,986,392,7,3,4,66,50,16,73,53,20,138,93,45,152,112,40,941,676,265,74,52,22,1015,728,287,2020
892000,Gewaltkriminalit t,5512000,Bottrop,voll.,275,196,79,0,0,0,7,3,4,7,3,4,33,22,11,31,23,8,185,135,50,19,13,6,204,148,56,2020
892000,Gewaltkriminalit t,5512000,Bottrop,vers.,53,38,15,0,0,0,0,0,0,0,0,0,5,3,2,5,5,0,36,26,10,7,4,3,43,30,13,2020
892000,Gewaltkriminalit t,5512000,Bottrop,insg.,328,234,94,0,0,0,7,3,4,7,3,4,38,25,13,36,28,8,221,161,60,26,17,9,247,178,69,2020
892000,Gewaltkriminalit t,3101000,Braunschweig,voll.,653,451,202,2,1,1,23,21,2,25,22,3,91,56,35,73,50,23,435,310,125,29,13,16,464,323,141,2020
892000,Gewaltkriminalit t,3101000,Braunschweig,vers.,128,87,41,2,0,2,5,1,4,7,1,6,1,0,1,18,13,5,92,66,26,10,7,3,102,73,29,2020
892000,Gewaltkriminalit t,3101000,Braunschweig,insg.,781,538,243,4,1,3,28,22,6,32,23,9,92,56,36,91,63,28,527,376,151,39,20,19,566,396,170,2020
892000,Gewaltkriminalit t,4011000,Bremen,voll.,2162,1552,610,11,5,6,56,39,17,67,44,23,244,171,73,242,187,55,1487,1080,407,122,70,52,1609,1150,459,2020
892000,Gewaltkriminalit t,4011000,Bremen,vers.,451,305,146,1,1,0,20,16,4,21,17,4,17,13,4,31,25,6,331,228,103,51,22,29,382,250,132,2020
892000,Gewaltkriminalit t,4011000,Bremen,insg.,2613,1857,756,12,6,6,76,55,21,88,61,27,261,184,77,273,212,61,1818,1308,510,173,92,81,1991,1400,591,2020
892000,Gewaltkriminalit t,4012000,Bremerhaven,voll.,575,400,175,1,1,0,17,9,8,18,10,8,51,35,16,55,35,20,422,302,120,29,18,11,451,320,131,2020
892000,Gewaltkriminalit t,4012000,Bremerhaven,vers.,74,55,19,2,1,1,2,1,1,4,2,2,5,4,1,9,5,4,52,40,12,4,4,0,56,44,12,2020
892000,Gewaltkriminalit t,4012000,Bremerhaven,insg.,649,455,194,3,2,1,19,10,9,22,12,10,56,39,17,64,40,24,474,342,132,33,22,11,507,364,143,2020
892000,Gewaltkriminalit t,14511000,Chemnitz,voll.,688,530,158,2,2,0,19,12,7,21,14,7,71,51,20,78,63,15,483,376,107,35,26,9,518,402,116,2020
892000,Gewaltkriminalit t,14511000,Chemnitz,vers.,131,95,36,1,1,0,4,3,1,5,4,1,11,7,4,24,19,5,78,57,21,13,8,5,91,65,26,2020
892000,Gewaltkriminalit t,14511000,Chemnitz,insg.,819,625,194,3,3,0,23,15,8,26,18,8,82,58,24,102,82,20,561,433,128,48,34,14,609,467,142,2020
892000,Gewaltkriminalit t,6411000,Darmstadt,voll.,401,299,102,1,1,0,12,11,1,13,12,1,36,25,11,42,35,7,291,216,75,19,11,8,310,227,83,2020
892000,Gewaltkriminalit t,6411000,Darmstadt,vers.,61,52,9,0,0,0,2,0,2,2,0,2,4,4,0,3,3,0,47,40,7,5,5,0,52,45,7,2020
892000,Gewaltkriminalit t,6411000,Darmstadt,insg.,462,351,111,1,1,0,14,11,3,15,12,3,40,29,11,45,38,7,338,256,82,24,16,8,362,272,90,2020
892000,Gewaltkriminalit t,5913000,Dortmund,voll.,2468,1775,693,11,6,5,106,72,34,117,78,39,270,195,75,310,233,77,1667,1197,470,104,72,32,1771,1269,502,2020
892000,Gewaltkriminalit t,5913000,Dortmund,vers.,513,373,140,0,0,0,17,11,6,17,11,6,53,36,17,61,47,14,349,261,88,33,18,15,382,279,103,2020
892000,Gewaltkriminalit t,5913000,Dortmund,insg.,2981,2148,833,11,6,5,123,83,40,134,89,45,323,231,92,371,280,91,2016,1458,558,137,90,47,2153,1548,605,2020
892000,Gewaltkriminalit t,14612000,Dresden,voll.,1640,1250,390,10,4,6,97,58,39,107,62,45,181,134,47,186,139,47,1104,879,225,62,36,26,1166,915,251,2020
892000,Gewaltkriminalit t,14612000,Dresden,vers.,258,196,62,5,1,4,12,10,2,17,11,6,20,14,6,30,23,7,176,138,38,15,10,5,191,148,43,2020
892000,Gewaltkriminalit t,14612000,Dresden,insg.,1898,1446,452,15,5,10,109,68,41,124,73,51,201,148,53,216,162,54,1280,1017,263,77,46,31,1357,1063,294,2020
892000,Gewaltkriminalit t,5112000,Duisburg,voll.,1642,1061,581,7,4,3,128,92,36,135,96,39,174,116,58,150,94,56,1085,702,383,98,53,45,1183,755,428,2020
892000,Gewaltkriminalit t,5112000,Duisburg,vers.,380,243,137,3,0,3,21,12,9,24,12,12,29,22,7,29,20,9,267,170,97,31,19,12,298,189,109,2020
892000,Gewaltkriminalit t,5112000,Duisburg,insg.,2022,1304,718,10,4,6,149,104,45,159,108,51,203,138,65,179,114,65,1352,872,480,129,72,57,1481,944,537,2020
892000,Gewaltkriminalit t,5111000,D sseldorf,voll.,2521,1818,703,6,4,2,69,47,22,75,51,24,310,216,94,364,285,79,1651,1184,467,121,82,39,1772,1266,506,2020
892000,Gewaltkriminalit t,5111000,D sseldorf,vers.,423,295,128,1,1,0,12,8,4,13,9,4,39,31,8,34,30,4,311,207,104,26,18,8,337,225,112,2020
892000,Gewaltkriminalit t,5111000,D sseldorf,insg.,2944,2113,831,7,5,2,81,55,26,88,60,28,349,247,102,398,315,83,1962,1391,571,147,100,47,2109,1491,618,2020
892000,Gewaltkriminalit t,16051000,Erfurt,voll.,581,440,141,2,1,1,21,13,8,23,14,9,58,41,17,84,63,21,395,312,83,21,10,11,416,322,94,2020
892000,Gewaltkriminalit t,16051000,Erfurt,vers.,187,142,45,1,1,0,11,5,6,12,6,6,16,16,0,14,13,1,137,101,36,8,6,2,145,107,38,2020
892000,Gewaltkriminalit t,16051000,Erfurt,insg.,768,582,186,3,2,1,32,18,14,35,20,15,74,57,17,98,76,22,532,413,119,29,16,13,561,429,132,2020
892000,Gewaltkriminalit t,9562000,Erlangen,voll.,161,117,44,1,1,0,4,1,3,5,2,3,26,18,8,18,11,7,108,82,26,4,4,0,112,86,26,2020
892000,Gewaltkriminalit t,9562000,Erlangen,vers.,37,21,16,1,0,1,2,1,1,3,1,2,10,8,2,5,2,3,16,9,7,3,1,2,19,10,9,2020
892000,Gewaltkriminalit t,9562000,Erlangen,insg.,198,138,60,2,1,1,6,2,4,8,3,5,36,26,10,23,13,10,124,91,33,7,5,2,131,96,35,2020
892000,Gewaltkriminalit t,5113000,Essen,voll.,1681,1103,578,11,3,8,95,70,25,106,73,33,206,138,68,138,93,45,1130,744,386,101,55,46,1231,799,432,2020
892000,Gewaltkriminalit t,5113000,Essen,vers.,332,217,115,2,2,0,14,9,5,16,11,5,21,16,5,31,21,10,238,150,88,26,19,7,264,169,95,2020
892000,Gewaltkriminalit t,5113000,Essen,insg.,2013,1320,693,13,5,8,109,79,30,122,84,38,227,154,73,169,114,55,1368,894,474,127,74,53,1495,968,527,2020
892000,Gewaltkriminalit t,6412000,Frankfurt am Main,voll.,3450,2653,797,10,4,6,74,58,16,84,62,22,208,151,57,366,274,92,2609,2047,562,183,119,64,2792,2166,626,2020
892000,Gewaltkriminalit t,6412000,Frankfurt am Main,vers.,722,545,177,7,4,3,23,18,5,30,22,8,31,21,10,46,34,12,569,438,131,46,30,16,615,468,147,2020
892000,Gewaltkriminalit t,6412000,Frankfurt am Main,insg.,4172,3198,974,17,8,9,97,76,21,114,84,30,239,172,67,412,308,104,3178,2485,693,229,149,80,3407,2634,773,2020
892000,Gewaltkriminalit t,8311000,Freiburg im Breisgau,voll.,763,625,138,3,3,0,12,9,3,15,12,3,49,39,10,112,88,24,556,464,92,31,22,9,587,486,101,2020
892000,Gewaltkriminalit t,8311000,Freiburg im Breisgau,vers.,158,128,30,2,2,0,1,0,1,3,2,1,6,5,1,16,11,5,123,102,21,10,8,2,133,110,23,2020
892000,Gewaltkriminalit t,8311000,Freiburg im Breisgau,insg.,921,753,168,5,5,0,13,9,4,18,14,4,55,44,11,128,99,29,679,566,113,41,30,11,720,596,124,2020
892000,Gewaltkriminalit t,9563000,F rth,voll.,191,141,50,0,0,0,16,15,1,16,15,1,22,17,5,20,13,7,128,93,35,5,3,2,133,96,37,2020
892000,Gewaltkriminalit t,9563000,F rth,vers.,45,32,13,0,0,0,2,0,2,2,0,2,7,6,1,3,2,1,29,20,9,4,4,0,33,24,9,2020
892000,Gewaltkriminalit t,9563000,F rth,insg.,236,173,63,0,0,0,18,15,3,18,15,3,29,23,6,23,15,8,157,113,44,9,7,2,166,120,46,2020
892000,Gewaltkriminalit t,5513000,Gelsenkirchen,voll.,962,666,296,2,2,0,54,35,19,56,37,19,120,75,45,104,77,27,633,448,185,49,29,20,682,477,205,2020
892000,Gewaltkriminalit t,5513000,Gelsenkirchen,vers.,169,118,51,1,1,0,8,6,2,9,7,2,19,16,3,7,4,3,120,84,36,14,7,7,134,91,43,2020
892000,Gewaltkriminalit t,5513000,Gelsenkirchen,insg.,1131,784,347,3,3,0,62,41,21,65,44,21,139,91,48,111,81,30,753,532,221,63,36,27,816,568,248,2020
892000,Gewaltkriminalit t,3159016,G ttingen,voll.,408,301,107,0,0,0,10,7,3,10,7,3,30,19,11,42,35,7,306,228,78,20,12,8,326,240,86,2020
892000,Gewaltkriminalit t,3159016,G ttingen,vers.,114,84,30,1,0,1,1,1,0,2,1,1,8,7,1,10,8,2,86,61,25,8,7,1,94,68,26,2020
892000,Gewaltkriminalit t,3159016,G ttingen,insg.,522,385,137,1,0,1,11,8,3,12,8,4,38,26,12,52,43,9,392,289,103,28,19,9,420,308,112,2020
892000,Gewaltkriminalit t,5754008,G tersloh,voll.,269,178,91,0,0,0,5,4,1,5,4,1,31,19,12,28,22,6,194,127,67,11,6,5,205,133,72,2020
892000,Gewaltkriminalit t,5754008,G tersloh,vers.,45,27,18,0,0,0,5,4,1,5,4,1,0,0,0,1,1,0,35,21,14,4,1,3,39,22,17,2020
892000,Gewaltkriminalit t,5754008,G tersloh,insg.,314,205,109,0,0,0,10,8,2,10,8,2,31,19,12,29,23,6,229,148,81,15,7,8,244,155,89,2020
892000,Gewaltkriminalit t,5914000,Hagen,voll.,595,419,176,4,1,3,31,23,8,35,24,11,60,40,20,55,36,19,414,295,119,31,24,7,445,319,126,2020
892000,Gewaltkriminalit t,5914000,Hagen,vers.,112,67,45,0,0,0,9,4,5,9,4,5,5,4,1,7,2,5,87,56,31,4,1,3,91,57,34,2020
892000,Gewaltkriminalit t,5914000,Hagen,insg.,707,486,221,4,1,3,40,27,13,44,28,16,65,44,21,62,38,24,501,351,150,35,25,10,536,376,160,2020
892000,Gewaltkriminalit t,15002000,Halle (Saale),voll.,986,740,246,4,3,1,72,59,13,76,62,14,101,84,17,107,86,21,659,483,176,43,25,18,702,508,194,2020
892000,Gewaltkriminalit t,15002000,Halle (Saale),vers.,209,143,66,3,2,1,7,5,2,10,7,3,16,12,4,13,9,4,154,106,48,16,9,7,170,115,55,2020
892000,Gewaltkriminalit t,15002000,Halle (Saale),insg.,1195,883,312,7,5,2,79,64,15,86,69,17,117,96,21,120,95,25,813,589,224,59,34,25,872,623,249,2020
892000,Gewaltkriminalit t,2000000,Hamburg,voll.,6689,4888,1801,21,15,6,312,216,96,333,231,102,581,390,191,684,516,168,4741,3522,1219,350,229,121,5091,3751,1340,2020
892000,Gewaltkriminalit t,2000000,Hamburg,vers.,1208,855,353,8,4,4,49,34,15,57,38,19,87,64,23,82,64,18,900,640,260,82,49,33,982,689,293,2020
892000,Gewaltkriminalit t,2000000,Hamburg,insg.,7897,5743,2154,29,19,10,361,250,111,390,269,121,668,454,214,766,580,186,5641,4162,1479,432,278,154,6073,4440,1633,2020
892000,Gewaltkriminalit t,5915000,Hamm,voll.,521,315,206,2,0,2,26,15,11,28,15,13,82,38,44,50,38,12,338,213,125,23,11,12,361,224,137,2020
892000,Gewaltkriminalit t,5915000,Hamm,vers.,127,88,39,0,0,0,9,7,2,9,7,2,11,9,2,7,5,2,94,65,29,6,2,4,100,67,33,2020
892000,Gewaltkriminalit t,5915000,Hamm,insg.,648,403,245,2,0,2,35,22,13,37,22,15,93,47,46,57,43,14,432,278,154,29,13,16,461,291,170,2020
892000,Gewaltkriminalit t,3241001,Hannover,voll.,2766,2096,670,13,7,6,91,69,22,104,76,28,216,145,71,305,243,62,2014,1553,461,127,79,48,2141,1632,509,2020
892000,Gewaltkriminalit t,3241001,Hannover,vers.,490,365,125,4,3,1,14,11,3,18,14,4,43,32,11,39,29,10,366,276,90,24,14,10,390,290,100,2020
892000,Gewaltkriminalit t,3241001,Hannover,insg.,3256,2461,795,17,10,7,105,80,25,122,90,32,259,177,82,344,272,72,2380,1829,551,151,93,58,2531,1922,609,2020
892000,Gewaltkriminalit t,8221000,Heidelberg,voll.,390,280,110,1,1,0,4,2,2,5,3,2,22,14,8,55,35,20,295,219,76,13,9,4,308,228,80,2020
892000,Gewaltkriminalit t,8221000,Heidelberg,vers.,80,54,26,2,0,2,0,0,0,2,0,2,9,9,0,11,7,4,54,37,17,4,1,3,58,38,20,2020
892000,Gewaltkriminalit t,8221000,Heidelberg,insg.,470,334,136,3,1,2,4,2,2,7,3,4,31,23,8,66,42,24,349,256,93,17,10,7,366,266,100,2020
892000,Gewaltkriminalit t,8121000,Heilbronn,voll.,291,219,72,1,1,0,5,3,2,6,4,2,20,8,12,27,20,7,220,177,43,18,10,8,238,187,51,2020
892000,Gewaltkriminalit t,8121000,Heilbronn,vers.,75,59,16,1,1,0,1,1,0,2,2,0,4,4,0,4,4,0,60,48,12,5,1,4,65,49,16,2020
892000,Gewaltkriminalit t,8121000,Heilbronn,insg.,366,278,88,2,2,0,6,4,2,8,6,2,24,12,12,31,24,7,280,225,55,23,11,12,303,236,67,2020
892000,Gewaltkriminalit t,5916000,Herne,voll.,413,277,136,1,1,0,25,20,5,26,21,5,51,35,16,58,41,17,247,163,84,31,17,14,278,180,98,2020
892000,Gewaltkriminalit t,5916000,Herne,vers.,99,58,41,3,1,2,7,2,5,10,3,7,7,5,2,14,12,2,55,31,24,13,7,6,68,38,30,2020
892000,Gewaltkriminalit t,5916000,Herne,insg.,512,335,177,4,2,2,32,22,10,36,24,12,58,40,18,72,53,19,302,194,108,44,24,20,346,218,128,2020
892000,Gewaltkriminalit t,3254021,Hildesheim,voll.,326,210,116,0,0,0,11,6,5,11,6,5,26,12,14,46,25,21,231,161,70,12,6,6,243,167,76,2020
892000,Gewaltkriminalit t,3254021,Hildesheim,vers.,63,38,25,0,0,0,2,1,1,2,1,1,8,8,0,3,2,1,49,27,22,1,0,1,50,27,23,2020
892000,Gewaltkriminalit t,3254021,Hildesheim,insg.,389,248,141,0,0,0,13,7,6,13,7,6,34,20,14,49,27,22,280,188,92,13,6,7,293,194,99,2020
892000,Gewaltkriminalit t,9161000,Ingolstadt,voll.,283,192,91,1,0,1,8,5,3,9,5,4,35,20,15,33,29,4,197,135,62,9,3,6,206,138,68,2020
892000,Gewaltkriminalit t,9161000,Ingolstadt,vers.,89,65,24,1,0,1,12,10,2,13,10,3,2,1,1,5,5,0,59,41,18,10,8,2,69,49,20,2020
892000,Gewaltkriminalit t,9161000,Ingolstadt,insg.,372,257,115,2,0,2,20,15,5,22,15,7,37,21,16,38,34,4,256,176,80,19,11,8,275,187,88,2020
892000,Gewaltkriminalit t,16053000,Jena,voll.,223,168,55,1,0,1,5,2,3,6,2,4,7,3,4,33,25,8,171,134,37,6,4,2,177,138,39,2020
892000,Gewaltkriminalit t,16053000,Jena,vers.,76,58,18,7,7,0,0,0,0,7,7,0,2,2,0,6,4,2,57,43,14,4,2,2,61,45,16,2020
892000,Gewaltkriminalit t,16053000,Jena,insg.,299,226,73,8,7,1,5,2,3,13,9,4,9,5,4,39,29,10,228,177,51,10,6,4,238,183,55,2020
892000,Gewaltkriminalit t,7312000,Kaiserslautern,voll.,439,330,109,0,0,0,17,12,5,17,12,5,52,38,14,90,74,16,261,193,68,19,13,6,280,206,74,2020
892000,Gewaltkriminalit t,7312000,Kaiserslautern,vers.,117,72,45,2,1,1,4,3,1,6,4,2,13,7,6,17,9,8,74,48,26,7,4,3,81,52,29,2020
892000,Gewaltkriminalit t,7312000,Kaiserslautern,insg.,556,402,154,2,1,1,21,15,6,23,16,7,65,45,20,107,83,24,335,241,94,26,17,9,361,258,103,2020
892000,Gewaltkriminalit t,8212000,Karlsruhe,voll.,785,572,213,4,4,0,22,14,8,26,18,8,69,41,28,101,71,30,546,409,137,43,33,10,589,442,147,2020
892000,Gewaltkriminalit t,8212000,Karlsruhe,vers.,176,143,33,34,33,1,4,3,1,38,36,2,5,5,0,10,5,5,113,92,21,10,5,5,123,97,26,2020
892000,Gewaltkriminalit t,8212000,Karlsruhe,insg.,961,715,246,38,37,1,26,17,9,64,54,10,74,46,28,111,76,35,659,501,158,53,38,15,712,539,173,2020
892000,Gewaltkriminalit t,6611000,Kassel,voll.,874,606,268,5,5,0,27,16,11,32,21,11,76,46,30,75,57,18,653,460,193,38,22,16,691,482,209,2020
892000,Gewaltkriminalit t,6611000,Kassel,vers.,158,108,50,1,1,0,4,3,1,5,4,1,8,5,3,14,11,3,120,81,39,11,7,4,131,88,43,2020
892000,Gewaltkriminalit t,6611000,Kassel,insg.,1032,714,318,6,6,0,31,19,12,37,25,12,84,51,33,89,68,21,773,541,232,49,29,20,822,570,252,2020
892000,Gewaltkriminalit t,1002000,Kiel,voll.,814,588,226,2,2,0,15,10,5,17,12,5,85,61,24,96,72,24,573,424,149,43,19,24,616,443,173,2020
892000,Gewaltkriminalit t,1002000,Kiel,vers.,137,92,45,1,0,1,4,0,4,5,0,5,7,7,0,14,10,4,94,65,29,17,10,7,111,75,36,2020
892000,Gewaltkriminalit t,1002000,Kiel,insg.,951,680,271,3,2,1,19,10,9,22,12,10,92,68,24,110,82,28,667,489,178,60,29,31,727,518,209,2020
892000,Gewaltkriminalit t,7111000,Koblenz,voll.,510,375,135,4,2,2,13,9,4,17,11,6,44,33,11,62,50,12,372,274,98,15,7,8,387,281,106,2020
892000,Gewaltkriminalit t,7111000,Koblenz,vers.,74,50,24,0,0,0,0,0,0,0,0,0,4,2,2,4,3,1,62,43,19,4,2,2,66,45,21,2020
892000,Gewaltkriminalit t,7111000,Koblenz,insg.,584,425,159,4,2,2,13,9,4,17,11,6,48,35,13,66,53,13,434,317,117,19,9,10,453,326,127,2020
892000,Gewaltkriminalit t,5315000,K ln,voll.,4822,3369,1453,13,7,6,139,102,37,152,109,43,460,311,149,504,356,148,3474,2431,1043,232,162,70,3706,2593,1113,2020
892000,Gewaltkriminalit t,5315000,K ln,vers.,1023,687,336,5,3,2,53,43,10,58,46,12,67,41,26,85,63,22,744,499,245,69,38,31,813,537,276,2020
892000,Gewaltkriminalit t,5315000,K ln,insg.,5845,4056,1789,18,10,8,192,145,47,210,155,55,527,352,175,589,419,170,4218,2930,1288,301,200,101,4519,3130,1389,2020
892000,Gewaltkriminalit t,5114000,Krefeld,voll.,727,512,215,2,1,1,48,36,12,50,37,13,76,54,22,82,58,24,478,332,146,41,31,10,519,363,156,2020
892000,Gewaltkriminalit t,5114000,Krefeld,vers.,135,82,53,0,0,0,3,3,0,3,3,0,7,5,2,16,12,4,100,59,41,9,3,6,109,62,47,2020
892000,Gewaltkriminalit t,5114000,Krefeld,insg.,862,594,268,2,1,1,51,39,12,53,40,13,83,59,24,98,70,28,578,391,187,50,34,16,628,425,203,2020
892000,Gewaltkriminalit t,14713000,Leipzig,voll.,1796,1355,441,7,4,3,52,36,16,59,40,19,192,132,60,200,160,40,1264,966,298,81,57,24,1345,1023,322,2020
892000,Gewaltkriminalit t,14713000,Leipzig,vers.,322,241,81,2,2,0,10,6,4,12,8,4,20,14,6,21,14,7,250,192,58,19,13,6,269,205,64,2020
892000,Gewaltkriminalit t,14713000,Leipzig,insg.,2118,1596,522,9,6,3,62,42,20,71,48,23,212,146,66,221,174,47,1514,1158,356,100,70,30,1614,1228,386,2020
892000,Gewaltkriminalit t,5316000,Leverkusen,voll.,471,302,169,1,0,1,12,8,4,13,8,5,63,39,24,47,29,18,323,210,113,25,16,9,348,226,122,2020
892000,Gewaltkriminalit t,5316000,Leverkusen,vers.,105,76,29,0,0,0,3,2,1,3,2,1,13,11,2,8,7,1,75,53,22,6,3,3,81,56,25,2020
892000,Gewaltkriminalit t,5316000,Leverkusen,insg.,576,378,198,1,0,1,15,10,5,16,10,6,76,50,26,55,36,19,398,263,135,31,19,12,429,282,147,2020
892000,Gewaltkriminalit t,1003000,L beck,voll.,702,486,216,2,1,1,19,13,6,21,14,7,63,39,24,64,47,17,504,351,153,50,35,15,554,386,168,2020
892000,Gewaltkriminalit t,1003000,L beck,vers.,144,105,39,5,4,1,7,6,1,12,10,2,9,7,2,9,5,4,105,76,29,9,7,2,114,83,31,2020
892000,Gewaltkriminalit t,1003000,L beck,insg.,846,591,255,7,5,2,26,19,7,33,24,9,72,46,26,73,52,21,609,427,182,59,42,17,668,469,199,2020
892000,Gewaltkriminalit t,7314000,Ludwigshafen am Rhein,voll.,711,514,197,3,2,1,57,39,18,60,41,19,80,65,15,80,66,14,457,319,138,34,23,11,491,342,149,2020
892000,Gewaltkriminalit t,7314000,Ludwigshafen am Rhein,vers.,146,114,32,0,0,0,16,14,2,16,14,2,16,12,4,8,8,0,93,71,22,13,9,4,106,80,26,2020
892000,Gewaltkriminalit t,7314000,Ludwigshafen am Rhein,insg.,857,628,229,3,2,1,73,53,20,76,55,21,96,77,19,88,74,14,550,390,160,47,32,15,597,422,175,2020
892000,Gewaltkriminalit t,15003000,Magdeburg,voll.,828,599,229,4,2,2,41,29,12,45,31,14,124,93,31,100,74,26,525,383,142,34,18,16,559,401,158,2020
892000,Gewaltkriminalit t,15003000,Magdeburg,vers.,208,147,61,2,1,1,7,5,2,9,6,3,13,10,3,18,11,7,160,115,45,8,5,3,168,120,48,2020
892000,Gewaltkriminalit t,15003000,Magdeburg,insg.,1036,746,290,6,3,3,48,34,14,54,37,17,137,103,34,118,85,33,685,498,187,42,23,19,727,521,206,2020
892000,Gewaltkriminalit t,7315000,Mainz,voll.,598,451,147,0,0,0,27,17,10,27,17,10,74,54,20,73,51,22,406,314,92,18,15,3,424,329,95,2020
892000,Gewaltkriminalit t,7315000,Mainz,vers.,122,89,33,1,1,0,4,4,0,5,5,0,12,10,2,4,3,1,92,65,27,9,6,3,101,71,30,2020
892000,Gewaltkriminalit t,7315000,Mainz,insg.,720,540,180,1,1,0,31,21,10,32,22,10,86,64,22,77,54,23,498,379,119,27,21,6,525,400,125,2020
892000,Gewaltkriminalit t,8222000,Mannheim,voll.,937,655,282,5,3,2,32,23,9,37,26,11,78,52,26,100,78,22,666,467,199,56,32,24,722,499,223,2020
892000,Gewaltkriminalit t,8222000,Mannheim,vers.,135,99,36,1,1,0,11,9,2,12,10,2,9,8,1,10,8,2,97,70,27,7,3,4,104,73,31,2020
892000,Gewaltkriminalit t,8222000,Mannheim,insg.,1072,754,318,6,4,2,43,32,11,49,36,13,87,60,27,110,86,24,763,537,226,63,35,28,826,572,254,2020
892000,Gewaltkriminalit t,5170024,Moers,voll.,204,137,67,6,3,3,10,8,2,16,11,5,21,16,5,34,24,10,114,74,40,19,12,7,133,86,47,2020
892000,Gewaltkriminalit t,5170024,Moers,vers.,70,51,19,0,0,0,6,5,1,6,5,1,10,6,4,10,10,0,36,27,9,8,3,5,44,30,14,2020
892000,Gewaltkriminalit t,5170024,Moers,insg.,274,188,86,6,3,3,16,13,3,22,16,6,31,22,9,44,34,10,150,101,49,27,15,12,177,116,61,2020
892000,Gewaltkriminalit t,5116000,M nchengladbach,voll.,816,523,293,3,1,2,26,17,9,29,18,11,87,59,28,91,54,37,567,364,203,42,28,14,609,392,217,2020
892000,Gewaltkriminalit t,5116000,M nchengladbach,vers.,146,104,42,0,0,0,6,4,2,6,4,2,18,11,7,10,7,3,99,72,27,13,10,3,112,82,30,2020
892000,Gewaltkriminalit t,5116000,M nchengladbach,insg.,962,627,335,3,1,2,32,21,11,35,22,13,105,70,35,101,61,40,666,436,230,55,38,17,721,474,247,2020
892000,Gewaltkriminalit t,5117000,M lheim an der Ruhr,voll.,328,194,134,1,0,1,21,14,7,22,14,8,49,32,17,30,16,14,205,122,83,22,10,12,227,132,95,2020
892000,Gewaltkriminalit t,5117000,M lheim an der Ruhr,vers.,76,56,20,0,0,0,5,4,1,5,4,1,6,5,1,7,7,0,53,37,16,5,3,2,58,40,18,2020
892000,Gewaltkriminalit t,5117000,M lheim an der Ruhr,insg.,404,250,154,1,0,1,26,18,8,27,18,9,55,37,18,37,23,14,258,159,99,27,13,14,285,172,113,2020
892000,Gewaltkriminalit t,9162000,M nchen,voll.,3507,2404,1103,17,6,11,79,50,29,96,56,40,361,252,109,405,291,114,2509,1721,788,136,84,52,2645,1805,840,2020
892000,Gewaltkriminalit t,9162000,M nchen,vers.,910,650,260,9,7,2,13,8,5,22,15,7,45,23,22,63,43,20,732,539,193,48,30,18,780,569,211,2020
892000,Gewaltkriminalit t,9162000,M nchen,insg.,4417,3054,1363,26,13,13,92,58,34,118,71,47,406,275,131,468,334,134,3241,2260,981,184,114,70,3425,2374,1051,2020
892000,Gewaltkriminalit t,5515000,M nster,voll.,765,543,222,5,3,2,32,20,12,37,23,14,72,52,20,101,73,28,528,379,149,27,16,11,555,395,160,2020
892000,Gewaltkriminalit t,5515000,M nster,vers.,165,112,53,2,2,0,4,2,2,6,4,2,13,11,2,18,12,6,111,74,37,17,11,6,128,85,43,2020
892000,Gewaltkriminalit t,5515000,M nster,insg.,930,655,275,7,5,2,36,22,14,43,27,16,85,63,22,119,85,34,639,453,186,44,27,17,683,480,203,2020
892000,Gewaltkriminalit t,5162024,Neuss,voll.,359,251,108,3,2,1,17,13,4,20,15,5,46,34,12,50,36,14,224,152,72,19,14,5,243,166,77,2020
892000,Gewaltkriminalit t,5162024,Neuss,vers.,75,43,32,3,1,2,8,6,2,11,7,4,10,6,4,3,1,2,43,24,19,8,5,3,51,29,22,2020
892000,Gewaltkriminalit t,5162024,Neuss,insg.,434,294,140,6,3,3,25,19,6,31,22,9,56,40,16,53,37,16,267,176,91,27,19,8,294,195,99,2020
892000,Gewaltkriminalit t,9564000,N rnberg,voll.,1292,929,363,3,2,1,57,43,14,60,45,15,112,75,37,138,106,32,920,665,255,62,38,24,982,703,279,2020
892000,Gewaltkriminalit t,9564000,N rnberg,vers.,354,266,88,5,4,1,29,26,3,34,30,4,15,9,6,21,18,3,263,196,67,21,13,8,284,209,75,2020
892000,Gewaltkriminalit t,9564000,N rnberg,insg.,1646,1195,451,8,6,2,86,69,17,94,75,19,127,84,43,159,124,35,1183,861,322,83,51,32,1266,912,354,2020
892000,Gewaltkriminalit t,5119000,Oberhausen,voll.,548,355,193,3,1,2,29,19,10,32,20,12,68,48,20,62,50,12,364,232,132,22,5,17,386,237,149,2020
892000,Gewaltkriminalit t,5119000,Oberhausen,vers.,94,63,31,0,0,0,7,4,3,7,4,3,12,7,5,10,8,2,59,40,19,6,4,2,65,44,21,2020
892000,Gewaltkriminalit t,5119000,Oberhausen,insg.,642,418,224,3,1,2,36,23,13,39,24,15,80,55,25,72,58,14,423,272,151,28,9,19,451,281,170,2020
892000,Gewaltkriminalit t,6413000,Offenbach am Main,voll.,323,215,108,1,0,1,17,9,8,18,9,9,43,30,13,21,10,11,223,159,64,18,7,11,241,166,75,2020
892000,Gewaltkriminalit t,6413000,Offenbach am Main,vers.,62,48,14,1,1,0,8,7,1,9,8,1,4,4,0,3,3,0,43,31,12,3,2,1,46,33,13,2020
892000,Gewaltkriminalit t,6413000,Offenbach am Main,insg.,385,263,122,2,1,1,25,16,9,27,17,10,47,34,13,24,13,11,266,190,76,21,9,12,287,199,88,2020
892000,Gewaltkriminalit t,3403000,Oldenburg (Oldenburg),voll.,439,303,136,0,0,0,16,10,6,16,10,6,38,22,16,65,44,21,299,218,81,21,9,12,320,227,93,2020
892000,Gewaltkriminalit t,3403000,Oldenburg (Oldenburg),vers.,95,65,30,1,1,0,4,2,2,5,3,2,6,3,3,4,4,0,74,52,22,6,3,3,80,55,25,2020
892000,Gewaltkriminalit t,3403000,Oldenburg (Oldenburg),insg.,534,368,166,1,1,0,20,12,8,21,13,8,44,25,19,69,48,21,373,270,103,27,12,15,400,282,118,2020
892000,Gewaltkriminalit t,3404000,Osnabr ck,voll.,683,488,195,0,0,0,28,15,13,28,15,13,69,38,31,74,51,23,475,361,114,37,23,14,512,384,128,2020
892000,Gewaltkriminalit t,3404000,Osnabr ck,vers.,93,73,20,0,0,0,1,0,1,1,0,1,6,5,1,5,4,1,75,61,14,6,3,3,81,64,17,2020
892000,Gewaltkriminalit t,3404000,Osnabr ck,insg.,776,561,215,0,0,0,29,15,14,29,15,14,75,43,32,79,55,24,550,422,128,43,26,17,593,448,145,2020
892000,Gewaltkriminalit t,5774032,Paderborn,voll.,417,308,109,2,1,1,8,7,1,10,8,2,49,37,12,56,42,14,283,209,74,19,12,7,302,221,81,2020
892000,Gewaltkriminalit t,5774032,Paderborn,vers.,97,67,30,1,1,0,6,3,3,7,4,3,6,5,1,7,5,2,65,46,19,12,7,5,77,53,24,2020
892000,Gewaltkriminalit t,5774032,Paderborn,insg.,514,375,139,3,2,1,14,10,4,17,12,5,55,42,13,63,47,16,348,255,93,31,19,12,379,274,105,2020
892000,Gewaltkriminalit t,8231000,Pforzheim,voll.,393,287,106,1,1,0,13,10,3,14,11,3,64,45,19,42,30,12,253,188,65,20,13,7,273,201,72,2020
892000,Gewaltkriminalit t,8231000,Pforzheim,vers.,73,58,15,2,2,0,0,0,0,2,2,0,7,4,3,8,8,0,55,44,11,1,0,1,56,44,12,2020
892000,Gewaltkriminalit t,8231000,Pforzheim,insg.,466,345,121,3,3,0,13,10,3,16,13,3,71,49,22,50,38,12,308,232,76,21,13,8,329,245,84,2020
892000,Gewaltkriminalit t,12054000,Potsdam,voll.,341,240,101,1,0,1,6,5,1,7,5,2,46,32,14,47,40,7,230,161,69,11,2,9,241,163,78,2020
892000,Gewaltkriminalit t,12054000,Potsdam,vers.,76,59,17,0,0,0,2,2,0,2,2,0,6,5,1,6,5,1,50,40,10,12,7,5,62,47,15,2020
892000,Gewaltkriminalit t,12054000,Potsdam,insg.,417,299,118,1,0,1,8,7,1,9,7,2,52,37,15,53,45,8,280,201,79,23,9,14,303,210,93,2020
892000,Gewaltkriminalit t,5562032,Recklinghausen,voll.,326,217,109,0,0,0,14,9,5,14,9,5,25,18,7,35,22,13,228,155,73,24,13,11,252,168,84,2020
892000,Gewaltkriminalit t,5562032,Recklinghausen,vers.,77,40,37,0,0,0,7,7,0,7,7,0,2,2,0,3,2,1,57,28,29,8,1,7,65,29,36,2020
892000,Gewaltkriminalit t,5562032,Recklinghausen,insg.,403,257,146,0,0,0,21,16,5,21,16,5,27,20,7,38,24,14,285,183,102,32,14,18,317,197,120,2020
892000,Gewaltkriminalit t,9362000,Regensburg,voll.,410,302,108,0,0,0,5,5,0,5,5,0,48,38,10,55,48,7,285,200,85,17,11,6,302,211,91,2020
892000,Gewaltkriminalit t,9362000,Regensburg,vers.,102,79,23,3,3,0,0,0,0,3,3,0,4,3,1,11,10,1,80,62,18,4,1,3,84,63,21,2020
892000,Gewaltkriminalit t,9362000,Regensburg,insg.,512,381,131,3,3,0,5,5,0,8,8,0,52,41,11,66,58,8,365,262,103,21,12,9,386,274,112,2020
892000,Gewaltkriminalit t,5120000,Remscheid,voll.,245,161,84,2,2,0,10,10,0,12,12,0,32,22,10,36,28,8,150,91,59,15,8,7,165,99,66,2020
892000,Gewaltkriminalit t,5120000,Remscheid,vers.,47,39,8,0,0,0,4,4,0,4,4,0,6,6,0,5,5,0,27,20,7,5,4,1,32,24,8,2020
892000,Gewaltkriminalit t,5120000,Remscheid,insg.,292,200,92,2,2,0,14,14,0,16,16,0,38,28,10,41,33,8,177,111,66,20,12,8,197,123,74,2020
892000,Gewaltkriminalit t,8415061,Reutlingen,voll.,309,239,70,2,2,0,7,5,2,9,7,2,42,35,7,45,33,12,202,155,47,11,9,2,213,164,49,2020
892000,Gewaltkriminalit t,8415061,Reutlingen,vers.,51,42,9,1,1,0,1,1,0,2,2,0,2,2,0,11,9,2,34,28,6,2,1,1,36,29,7,2020
892000,Gewaltkriminalit t,8415061,Reutlingen,insg.,360,281,79,3,3,0,8,6,2,11,9,2,44,37,7,56,42,14,236,183,53,13,10,3,249,193,56,2020
892000,Gewaltkriminalit t,13003000,Rostock,voll.,578,404,174,1,0,1,43,25,18,44,25,19,69,52,17,73,51,22,363,259,104,29,17,12,392,276,116,2020
892000,Gewaltkriminalit t,13003000,Rostock,vers.,104,60,44,2,2,0,8,2,6,10,4,6,11,7,4,5,1,4,72,44,28,6,4,2,78,48,30,2020
892000,Gewaltkriminalit t,13003000,Rostock,insg.,682,464,218,3,2,1,51,27,24,54,29,25,80,59,21,78,52,26,435,303,132,35,21,14,470,324,146,2020
892000,Gewaltkriminalit t,10041100,Saarbr cken,voll.,941,712,229,1,1,0,25,18,7,26,19,7,89,67,22,105,80,25,653,498,155,68,48,20,721,546,175,2020
892000,Gewaltkriminalit t,10041100,Saarbr cken,vers.,169,117,52,1,1,0,10,6,4,11,7,4,14,10,4,11,10,1,115,79,36,18,11,7,133,90,43,2020
892000,Gewaltkriminalit t,10041100,Saarbr cken,insg.,1110,829,281,2,2,0,35,24,11,37,26,11,103,77,26,116,90,26,768,577,191,86,59,27,854,636,218,2020
892000,Gewaltkriminalit t,3102000,Salzgitter,voll.,314,217,97,1,1,0,17,14,3,18,15,3,44,32,12,38,28,10,197,131,66,17,11,6,214,142,72,2020
892000,Gewaltkriminalit t,3102000,Salzgitter,vers.,53,29,24,0,0,0,3,1,2,3,1,2,5,5,0,4,1,3,37,19,18,4,3,1,41,22,19,2020
892000,Gewaltkriminalit t,3102000,Salzgitter,insg.,367,246,121,1,1,0,20,15,5,21,16,5,49,37,12,42,29,13,234,150,84,21,14,7,255,164,91,2020
892000,Gewaltkriminalit t,13004000,Schwerin,voll.,279,182,97,1,0,1,25,19,6,26,19,7,26,11,15,28,23,5,178,121,57,21,8,13,199,129,70,2020
892000,Gewaltkriminalit t,13004000,Schwerin,vers.,79,49,30,4,3,1,13,7,6,17,10,7,5,1,4,8,7,1,45,28,17,4,3,1,49,31,18,2020
892000,Gewaltkriminalit t,13004000,Schwerin,insg.,358,231,127,5,3,2,38,26,12,43,29,14,31,12,19,36,30,6,223,149,74,25,11,14,248,160,88,2020
892000,Gewaltkriminalit t,5970040,Siegen,voll.,268,188,80,0,0,0,8,6,2,8,6,2,25,15,10,35,24,11,190,137,53,10,6,4,200,143,57,2020
892000,Gewaltkriminalit t,5970040,Siegen,vers.,51,41,10,0,0,0,1,1,0,1,1,0,3,3,0,5,3,2,40,32,8,2,2,0,42,34,8,2020
892000,Gewaltkriminalit t,5970040,Siegen,insg.,319,229,90,0,0,0,9,7,2,9,7,2,28,18,10,40,27,13,230,169,61,12,8,4,242,177,65,2020
892000,Gewaltkriminalit t,5122000,Solingen,voll.,364,234,130,5,1,4,25,17,8,30,18,12,49,34,15,40,26,14,227,142,85,18,14,4,245,156,89,2020
892000,Gewaltkriminalit t,5122000,Solingen,vers.,83,54,29,0,0,0,2,2,0,2,2,0,7,6,1,8,5,3,57,36,21,9,5,4,66,41,25,2020
892000,Gewaltkriminalit t,5122000,Solingen,insg.,447,288,159,5,1,4,27,19,8,32,20,12,56,40,16,48,31,17,284,178,106,27,19,8,311,197,114,2020
892000,Gewaltkriminalit t,8111000,Stuttgart,voll.,2405,1810,595,6,4,2,57,32,25,63,36,27,207,136,71,335,272,63,1709,1308,401,91,58,33,1800,1366,434,2020
892000,Gewaltkriminalit t,8111000,Stuttgart,vers.,637,472,165,2,2,0,9,6,3,11,8,3,32,19,13,54,39,15,507,386,121,33,20,13,540,406,134,2020
892000,Gewaltkriminalit t,8111000,Stuttgart,insg.,3042,2282,760,8,6,2,66,38,28,74,44,30,239,155,84,389,311,78,2216,1694,522,124,78,46,2340,1772,568,2020
892000,Gewaltkriminalit t,7211000,Trier,voll.,315,230,85,0,0,0,4,2,2,4,2,2,35,22,13,43,34,9,228,168,60,5,4,1,233,172,61,2020
892000,Gewaltkriminalit t,7211000,Trier,vers.,63,43,20,0,0,0,0,0,0,0,0,0,4,2,2,9,6,3,49,35,14,1,0,1,50,35,15,2020
892000,Gewaltkriminalit t,7211000,Trier,insg.,378,273,105,0,0,0,4,2,2,4,2,2,39,24,15,52,40,12,277,203,74,6,4,2,283,207,76,2020
892000,Gewaltkriminalit t,8421000,Ulm,voll.,345,246,99,2,2,0,9,6,3,11,8,3,40,27,13,42,33,9,240,168,72,12,10,2,252,178,74,2020
892000,Gewaltkriminalit t,8421000,Ulm,vers.,71,47,24,6,4,2,3,1,2,9,5,4,9,8,1,2,1,1,47,33,14,4,0,4,51,33,18,2020
892000,Gewaltkriminalit t,8421000,Ulm,insg.,416,293,123,8,6,2,12,7,5,20,13,7,49,35,14,44,34,10,287,201,86,16,10,6,303,211,92,2020
892000,Gewaltkriminalit t,6414000,Wiesbaden,voll.,925,650,275,1,0,1,33,17,16,34,17,17,76,58,18,140,108,32,630,441,189,45,26,19,675,467,208,2020
892000,Gewaltkriminalit t,6414000,Wiesbaden,vers.,162,102,60,3,2,1,7,6,1,10,8,2,20,16,4,10,6,4,109,64,45,13,8,5,122,72,50,2020
892000,Gewaltkriminalit t,6414000,Wiesbaden,insg.,1087,752,335,4,2,2,40,23,17,44,25,19,96,74,22,150,114,36,739,505,234,58,34,24,797,539,258,2020
892000,Gewaltkriminalit t,3103000,Wolfsburg,voll.,248,173,75,2,0,2,8,6,2,10,6,4,34,17,17,28,19,9,167,126,41,9,5,4,176,131,45,2020
892000,Gewaltkriminalit t,3103000,Wolfsburg,vers.,49,31,18,1,0,1,2,2,0,3,2,1,3,3,0,6,4,2,32,20,12,5,2,3,37,22,15,2020
892000,Gewaltkriminalit t,3103000,Wolfsburg,insg.,297,204,93,3,0,3,10,8,2,13,8,5,37,20,17,34,23,11,199,146,53,14,7,7,213,153,60,2020
892000,Gewaltkriminalit t,5124000,Wuppertal,voll.,1251,820,431,4,3,1,80,47,33,84,50,34,171,119,52,129,89,40,805,522,283,62,40,22,867,562,305,2020
892000,Gewaltkriminalit t,5124000,Wuppertal,vers.,315,200,115,5,0,5,25,19,6,30,19,11,28,25,3,24,16,8,208,126,82,25,14,11,233,140,93,2020
892000,Gewaltkriminalit t,5124000,Wuppertal,insg.,1566,1020,546,9,3,6,105,66,39,114,69,45,199,144,55,153,105,48,1013,648,365,87,54,33,1100,702,398,2020
892000,Gewaltkriminalit t,9663000,W rzburg,voll.,337,236,101,1,0,1,9,6,3,10,6,4,30,19,11,54,37,17,231,170,61,12,4,8,243,174,69,2020
892000,Gewaltkriminalit t,9663000,W rzburg,vers.,97,64,33,1,1,0,1,1,0,2,2,0,4,4,0,9,5,4,78,50,28,4,3,1,82,53,29,2020
892000,Gewaltkriminalit t,9663000,W rzburg,insg.,434,300,134,2,1,1,10,7,3,12,8,4,34,23,11,63,42,21,309,220,89,16,7,9,325,227,98,2020
892500,"Mord, Totschlag und T tung auf Verlangen",5334002,Aachen,voll.,0,0,0,0,0,0,0,0,0,0,0,0,0,0,0,0,0,0,0,0,0,0,0,0,0,0,0,2020
892500,"Mord, Totschlag und T tung auf Verlangen",5334002,Aachen,vers.,9,6,3,1,1,0,0,0,0,1,1,0,0,0,0,0,0,0,6,4,2,2,1,1,8,5,3,2020
892500,"Mord, Totschlag und T tung auf Verlangen",5334002,Aachen,insg.,9,6,3,1,1,0,0,0,0,1,1,0,0,0,0,0,0,0,6,4,2,2,1,1,8,5,3,2020
892500,"Mord, Totschlag und T tung auf Verlangen",9761000,Augsburg,voll.,5,2,3,0,0,0,0,0,0,0,0,0,2,1,1,1,0,1,2,1,1,0,0,0,2,1,1,2020
892500,"Mord, Totschlag und T tung auf Verlangen",9761000,Augsburg,vers.,3,2,1,0,0,0,0,0,0,0,0,0,0,0,0,0,0,0,3,2,1,0,0,0,3,2,1,2020
892500,"Mord, Totschlag und T tung auf Verlangen",9761000,Augsburg,insg.,8,4,4,0,0,0,0,0,0,0,0,0,2,1,1,1,0,1,5,3,2,0,0,0,5,3,2,2020
892500,"Mord, Totschlag und T tung auf Verlangen",5378004,Bergisch Gladbach,voll.,0,0,0,0,0,0,0,0,0,0,0,0,0,0,0,0,0,0,0,0,0,0,0,0,0,0,0,2020
892500,"Mord, Totschlag und T tung auf Verlangen",5378004,Bergisch Gladbach,vers.,2,2,0,0,0,0,0,0,0,0,0,0,0,0,0,0,0,0,2,2,0,0,0,0,2,2,0,2020
892500,"Mord, Totschlag und T tung auf Verlangen",5378004,Bergisch Gladbach,insg.,2,2,0,0,0,0,0,0,0,0,0,0,0,0,0,0,0,0,2,2,0,0,0,0,2,2,0,2020
892500,"Mord, Totschlag und T tung auf Verlangen",11000000,Berlin,voll.,43,23,20,3,2,1,3,1,2,6,3,3,0,0,0,1,0,1,31,18,13,5,2,3,36,20,16,2020
892500,"Mord, Totschlag und T tung auf Verlangen",11000000,Berlin,vers.,71,58,13,0,0,0,0,0,0,0,0,0,1,1,0,2,2,0,67,55,12,1,0,1,68,55,13,2020
892500,"Mord, Totschlag und T tung auf Verlangen",11000000,Berlin,insg.,114,81,33,3,2,1,3,1,2,6,3,3,1,1,0,3,2,1,98,73,25,6,2,4,104,75,29,2020
892500,"Mord, Totschlag und T tung auf Verlangen",5711000,Bielefeld,voll.,4,2,2,0,0,0,1,1,0,1,1,0,0,0,0,0,0,0,2,0,2,1,1,0,3,1,2,2020
892500,"Mord, Totschlag und T tung auf Verlangen",5711000,Bielefeld,vers.,6,4,2,0,0,0,0,0,0,0,0,0,1,0,1,0,0,0,5,4,1,0,0,0,5,4,1,2020
892500,"Mord, Totschlag und T tung auf Verlangen",5711000,Bielefeld,insg.,10,6,4,0,0,0,1,1,0,1,1,0,1,0,1,0,0,0,7,4,3,1,1,0,8,5,3,2020
892500,"Mord, Totschlag und T tung auf Verlangen",5911000,Bochum,voll.,0,0,0,0,0,0,0,0,0,0,0,0,0,0,0,0,0,0,0,0,0,0,0,0,0,0,0,2020
892500,"Mord, Totschlag und T tung auf Verlangen",5911000,Bochum,vers.,5,3,2,0,0,0,0,0,0,0,0,0,0,0,0,1,0,1,4,3,1,0,0,0,4,3,1,2020
892500,"Mord, Totschlag und T tung auf Verlangen",5911000,Bochum,insg.,5,3,2,0,0,0,0,0,0,0,0,0,0,0,0,1,0,1,4,3,1,0,0,0,4,3,1,2020
892500,"Mord, Totschlag und T tung auf Verlangen",5314000,Bonn,voll.,3,2,1,0,0,0,0,0,0,0,0,0,0,0,0,0,0,0,2,2,0,1,0,1,3,2,1,2020
892500,"Mord, Totschlag und T tung auf Verlangen",5314000,Bonn,vers.,5,5,0,0,0,0,0,0,0,0,0,0,0,0,0,0,0,0,5,5,0,0,0,0,5,5,0,2020
892500,"Mord, Totschlag und T tung auf Verlangen",5314000,Bonn,insg.,8,7,1,0,0,0,0,0,0,0,0,0,0,0,0,0,0,0,7,7,0,1,0,1,8,7,1,2020
892500,"Mord, Totschlag und T tung auf Verlangen",5512000,Bottrop,voll.,0,0,0,0,0,0,0,0,0,0,0,0,0,0,0,0,0,0,0,0,0,0,0,0,0,0,0,2020
892500,"Mord, Totschlag und T tung auf Verlangen",5512000,Bottrop,vers.,5,5,0,0,0,0,0,0,0,0,0,0,0,0,0,0,0,0,5,5,0,0,0,0,5,5,0,2020
892500,"Mord, Totschlag und T tung auf Verlangen",5512000,Bottrop,insg.,5,5,0,0,0,0,0,0,0,0,0,0,0,0,0,0,0,0,5,5,0,0,0,0,5,5,0,2020
892500,"Mord, Totschlag und T tung auf Verlangen",3101000,Braunschweig,voll.,2,1,1,0,0,0,0,0,0,0,0,0,0,0,0,0,0,0,1,1,0,1,0,1,2,1,1,2020
892500,"Mord, Totschlag und T tung auf Verlangen",3101000,Braunschweig,vers.,5,4,1,0,0,0,0,0,0,0,0,0,0,0,0,0,0,0,2,2,0,3,2,1,5,4,1,2020
892500,"Mord, Totschlag und T tung auf Verlangen",3101000,Braunschweig,insg.,7,5,2,0,0,0,0,0,0,0,0,0,0,0,0,0,0,0,3,3,0,4,2,2,7,5,2,2020
892500,"Mord, Totschlag und T tung auf Verlangen",4011000,Bremen,voll.,12,7,5,0,0,0,0,0,0,0,0,0,0,0,0,0,0,0,10,6,4,2,1,1,12,7,5,2020
892500,"Mord, Totschlag und T tung auf Verlangen",4011000,Bremen,vers.,38,28,10,0,0,0,0,0,0,0,0,0,0,0,0,2,1,1,29,24,5,7,3,4,36,27,9,2020
892500,"Mord, Totschlag und T tung auf Verlangen",4011000,Bremen,insg.,50,35,15,0,0,0,0,0,0,0,0,0,0,0,0,2,1,1,39,30,9,9,4,5,48,34,14,2020
892500,"Mord, Totschlag und T tung auf Verlangen",4012000,Bremerhaven,voll.,2,0,2,0,0,0,1,0,1,1,0,1,0,0,0,0,0,0,1,0,1,0,0,0,1,0,1,2020
892500,"Mord, Totschlag und T tung auf Verlangen",4012000,Bremerhaven,vers.,11,9,2,0,0,0,0,0,0,0,0,0,0,0,0,0,0,0,10,8,2,1,1,0,11,9,2,2020
892500,"Mord, Totschlag und T tung auf Verlangen",4012000,Bremerhaven,insg.,13,9,4,0,0,0,1,0,1,1,0,1,0,0,0,0,0,0,11,8,3,1,1,0,12,9,3,2020
892500,"Mord, Totschlag und T tung auf Verlangen",14511000,Chemnitz,voll.,1,1,0,0,0,0,0,0,0,0,0,0,0,0,0,0,0,0,1,1,0,0,0,0,1,1,0,2020
892500,"Mord, Totschlag und T tung auf Verlangen",14511000,Chemnitz,vers.,5,4,1,0,0,0,1,1,0,1,1,0,1,1,0,1,1,0,0,0,0,2,1,1,2,1,1,2020
892500,"Mord, Totschlag und T tung auf Verlangen",14511000,Chemnitz,insg.,6,5,1,0,0,0,1,1,0,1,1,0,1,1,0,1,1,0,1,1,0,2,1,1,3,2,1,2020
892500,"Mord, Totschlag und T tung auf Verlangen",6411000,Darmstadt,voll.,0,0,0,0,0,0,0,0,0,0,0,0,0,0,0,0,0,0,0,0,0,0,0,0,0,0,0,2020
892500,"Mord, Totschlag und T tung auf Verlangen",6411000,Darmstadt,vers.,4,4,0,0,0,0,0,0,0,0,0,0,1,1,0,0,0,0,3,3,0,0,0,0,3,3,0,2020
892500,"Mord, Totschlag und T tung auf Verlangen",6411000,Darmstadt,insg.,4,4,0,0,0,0,0,0,0,0,0,0,1,1,0,0,0,0,3,3,0,0,0,0,3,3,0,2020
892500,"Mord, Totschlag und T tung auf Verlangen",5913000,Dortmund,voll.,8,4,4,1,0,1,2,1,1,3,1,2,0,0,0,0,0,0,5,3,2,0,0,0,5,3,2,2020
892500,"Mord, Totschlag und T tung auf Verlangen",5913000,Dortmund,vers.,24,19,5,0,0,0,0,0,0,0,0,0,0,0,0,0,0,0,21,17,4,3,2,1,24,19,5,2020
892500,"Mord, Totschlag und T tung auf Verlangen",5913000,Dortmund,insg.,32,23,9,1,0,1,2,1,1,3,1,2,0,0,0,0,0,0,26,20,6,3,2,1,29,22,7,2020
892500,"Mord, Totschlag und T tung auf Verlangen",14612000,Dresden,voll.,9,3,6,5,2,3,1,0,1,6,2,4,0,0,0,0,0,0,2,1,1,1,0,1,3,1,2,2020
892500,"Mord, Totschlag und T tung auf Verlangen",14612000,Dresden,vers.,15,11,4,0,0,0,2,2,0,2,2,0,2,2,0,4,3,1,7,4,3,0,0,0,7,4,3,2020
892500,"Mord, Totschlag und T tung auf Verlangen",14612000,Dresden,insg.,24,14,10,5,2,3,3,2,1,8,4,4,2,2,0,4,3,1,9,5,4,1,0,1,10,5,5,2020
892500,"Mord, Totschlag und T tung auf Verlangen",5112000,Duisburg,voll.,1,1,0,0,0,0,0,0,0,0,0,0,0,0,0,0,0,0,1,1,0,0,0,0,1,1,0,2020
892500,"Mord, Totschlag und T tung auf Verlangen",5112000,Duisburg,vers.,13,8,5,0,0,0,0,0,0,0,0,0,0,0,0,1,0,1,11,8,3,1,0,1,12,8,4,2020
892500,"Mord, Totschlag und T tung auf Verlangen",5112000,Duisburg,insg.,14,9,5,0,0,0,0,0,0,0,0,0,0,0,0,1,0,1,12,9,3,1,0,1,13,9,4,2020
892500,"Mord, Totschlag und T tung auf Verlangen",5111000,D sseldorf,voll.,4,3,1,1,1,0,0,0,0,1,1,0,0,0,0,0,0,0,3,2,1,0,0,0,3,2,1,2020
892500,"Mord, Totschlag und T tung auf Verlangen",5111000,D sseldorf,vers.,17,15,2,0,0,0,0,0,0,0,0,0,1,1,0,1,1,0,11,10,1,4,3,1,15,13,2,2020
892500,"Mord, Totschlag und T tung auf Verlangen",5111000,D sseldorf,insg.,21,18,3,1,1,0,0,0,0,1,1,0,1,1,0,1,1,0,14,12,2,4,3,1,18,15,3,2020
892500,"Mord, Totschlag und T tung auf Verlangen",16051000,Erfurt,voll.,3,2,1,2,1,1,0,0,0,2,1,1,0,0,0,0,0,0,1,1,0,0,0,0,1,1,0,2020
892500,"Mord, Totschlag und T tung auf Verlangen",16051000,Erfurt,vers.,6,6,0,0,0,0,0,0,0,0,0,0,3,3,0,1,1,0,2,2,0,0,0,0,2,2,0,2020
892500,"Mord, Totschlag und T tung auf Verlangen",16051000,Erfurt,insg.,9,8,1,2,1,1,0,0,0,2,1,1,3,3,0,1,1,0,3,3,0,0,0,0,3,3,0,2020
892500,"Mord, Totschlag und T tung auf Verlangen",9562000,Erlangen,voll.,0,0,0,0,0,0,0,0,0,0,0,0,0,0,0,0,0,0,0,0,0,0,0,0,0,0,0,2020
892500,"Mord, Totschlag und T tung auf Verlangen",9562000,Erlangen,vers.,1,0,1,0,0,0,0,0,0,0,0,0,0,0,0,0,0,0,1,0,1,0,0,0,1,0,1,2020
892500,"Mord, Totschlag und T tung auf Verlangen",9562000,Erlangen,insg.,1,0,1,0,0,0,0,0,0,0,0,0,0,0,0,0,0,0,1,0,1,0,0,0,1,0,1,2020
892500,"Mord, Totschlag und T tung auf Verlangen",5113000,Essen,voll.,7,3,4,0,0,0,0,0,0,0,0,0,1,1,0,1,0,1,3,2,1,2,0,2,5,2,3,2020
892500,"Mord, Totschlag und T tung auf Verlangen",5113000,Essen,vers.,34,22,12,1,1,0,0,0,0,1,1,0,0,0,0,6,3,3,23,15,8,4,3,1,27,18,9,2020
892500,"Mord, Totschlag und T tung auf Verlangen",5113000,Essen,insg.,41,25,16,1,1,0,0,0,0,1,1,0,1,1,0,7,3,4,26,17,9,6,3,3,32,20,12,2020
892500,"Mord, Totschlag und T tung auf Verlangen",6412000,Frankfurt am Main,voll.,5,3,2,0,0,0,0,0,0,0,0,0,0,0,0,1,0,1,2,2,0,2,1,1,4,3,1,2020
892500,"Mord, Totschlag und T tung auf Verlangen",6412000,Frankfurt am Main,vers.,68,57,11,0,0,0,0,0,0,0,0,0,2,2,0,5,4,1,54,46,8,7,5,2,61,51,10,2020
892500,"Mord, Totschlag und T tung auf Verlangen",6412000,Frankfurt am Main,insg.,73,60,13,0,0,0,0,0,0,0,0,0,2,2,0,6,4,2,56,48,8,9,6,3,65,54,11,2020
892500,"Mord, Totschlag und T tung auf Verlangen",8311000,Freiburg im Breisgau,voll.,1,1,0,0,0,0,0,0,0,0,0,0,0,0,0,1,1,0,0,0,0,0,0,0,0,0,0,2020
892500,"Mord, Totschlag und T tung auf Verlangen",8311000,Freiburg im Breisgau,vers.,7,3,4,0,0,0,0,0,0,0,0,0,0,0,0,1,0,1,6,3,3,0,0,0,6,3,3,2020
892500,"Mord, Totschlag und T tung auf Verlangen",8311000,Freiburg im Breisgau,insg.,8,4,4,0,0,0,0,0,0,0,0,0,0,0,0,2,1,1,6,3,3,0,0,0,6,3,3,2020
892500,"Mord, Totschlag und T tung auf Verlangen",9563000,F rth,voll.,0,0,0,0,0,0,0,0,0,0,0,0,0,0,0,0,0,0,0,0,0,0,0,0,0,0,0,2020
892500,"Mord, Totschlag und T tung auf Verlangen",9563000,F rth,vers.,1,1,0,0,0,0,0,0,0,0,0,0,0,0,0,0,0,0,1,1,0,0,0,0,1,1,0,2020
892500,"Mord, Totschlag und T tung auf Verlangen",9563000,F rth,insg.,1,1,0,0,0,0,0,0,0,0,0,0,0,0,0,0,0,0,1,1,0,0,0,0,1,1,0,2020
892500,"Mord, Totschlag und T tung auf Verlangen",5513000,Gelsenkirchen,voll.,2,1,1,0,0,0,0,0,0,0,0,0,0,0,0,0,0,0,2,1,1,0,0,0,2,1,1,2020
892500,"Mord, Totschlag und T tung auf Verlangen",5513000,Gelsenkirchen,vers.,3,3,0,0,0,0,0,0,0,0,0,0,0,0,0,0,0,0,3,3,0,0,0,0,3,3,0,2020
892500,"Mord, Totschlag und T tung auf Verlangen",5513000,Gelsenkirchen,insg.,5,4,1,0,0,0,0,0,0,0,0,0,0,0,0,0,0,0,5,4,1,0,0,0,5,4,1,2020
892500,"Mord, Totschlag und T tung auf Verlangen",3159016,G ttingen,voll.,0,0,0,0,0,0,0,0,0,0,0,0,0,0,0,0,0,0,0,0,0,0,0,0,0,0,0,2020
892500,"Mord, Totschlag und T tung auf Verlangen",3159016,G ttingen,vers.,5,5,0,0,0,0,0,0,0,0,0,0,1,1,0,1,1,0,2,2,0,1,1,0,3,3,0,2020
892500,"Mord, Totschlag und T tung auf Verlangen",3159016,G ttingen,insg.,5,5,0,0,0,0,0,0,0,0,0,0,1,1,0,1,1,0,2,2,0,1,1,0,3,3,0,2020
892500,"Mord, Totschlag und T tung auf Verlangen",5754008,G tersloh,voll.,0,0,0,0,0,0,0,0,0,0,0,0,0,0,0,0,0,0,0,0,0,0,0,0,0,0,0,2020
892500,"Mord, Totschlag und T tung auf Verlangen",5754008,G tersloh,vers.,5,4,1,0,0,0,0,0,0,0,0,0,0,0,0,0,0,0,3,3,0,2,1,1,5,4,1,2020
892500,"Mord, Totschlag und T tung auf Verlangen",5754008,G tersloh,insg.,5,4,1,0,0,0,0,0,0,0,0,0,0,0,0,0,0,0,3,3,0,2,1,1,5,4,1,2020
892500,"Mord, Totschlag und T tung auf Verlangen",5914000,Hagen,voll.,1,0,1,0,0,0,0,0,0,0,0,0,0,0,0,0,0,0,1,0,1,0,0,0,1,0,1,2020
892500,"Mord, Totschlag und T tung auf Verlangen",5914000,Hagen,vers.,4,4,0,0,0,0,0,0,0,0,0,0,0,0,0,1,1,0,3,3,0,0,0,0,3,3,0,2020
892500,"Mord, Totschlag und T tung auf Verlangen",5914000,Hagen,insg.,5,4,1,0,0,0,0,0,0,0,0,0,0,0,0,1,1,0,4,3,1,0,0,0,4,3,1,2020
892500,"Mord, Totschlag und T tung auf Verlangen",15002000,Halle (Saale),voll.,2,0,2,0,0,0,0,0,0,0,0,0,0,0,0,1,0,1,1,0,1,0,0,0,1,0,1,2020
892500,"Mord, Totschlag und T tung auf Verlangen",15002000,Halle (Saale),vers.,19,13,6,0,0,0,0,0,0,0,0,0,0,0,0,1,0,1,17,13,4,1,0,1,18,13,5,2020
892500,"Mord, Totschlag und T tung auf Verlangen",15002000,Halle (Saale),insg.,21,13,8,0,0,0,0,0,0,0,0,0,0,0,0,2,0,2,18,13,5,1,0,1,19,13,6,2020
892500,"Mord, Totschlag und T tung auf Verlangen",2000000,Hamburg,voll.,9,6,3,0,0,0,0,0,0,0,0,0,0,0,0,0,0,0,4,3,1,5,3,2,9,6,3,2020
892500,"Mord, Totschlag und T tung auf Verlangen",2000000,Hamburg,vers.,45,37,8,1,0,1,2,1,1,3,1,2,1,1,0,2,2,0,37,31,6,2,2,0,39,33,6,2020
892500,"Mord, Totschlag und T tung auf Verlangen",2000000,Hamburg,insg.,54,43,11,1,0,1,2,1,1,3,1,2,1,1,0,2,2,0,41,34,7,7,5,2,48,39,9,2020
892500,"Mord, Totschlag und T tung auf Verlangen",5915000,Hamm,voll.,2,2,0,0,0,0,0,0,0,0,0,0,0,0,0,0,0,0,1,1,0,1,1,0,2,2,0,2020
892500,"Mord, Totschlag und T tung auf Verlangen",5915000,Hamm,vers.,4,4,0,0,0,0,0,0,0,0,0,0,0,0,0,1,1,0,3,3,0,0,0,0,3,3,0,2020
892500,"Mord, Totschlag und T tung auf Verlangen",5915000,Hamm,insg.,6,6,0,0,0,0,0,0,0,0,0,0,0,0,0,1,1,0,4,4,0,1,1,0,5,5,0,2020
892500,"Mord, Totschlag und T tung auf Verlangen",3241001,Hannover,voll.,10,7,3,0,0,0,0,0,0,0,0,0,0,0,0,3,3,0,6,4,2,1,0,1,7,4,3,2020
892500,"Mord, Totschlag und T tung auf Verlangen",3241001,Hannover,vers.,29,23,6,0,0,0,1,1,0,1,1,0,0,0,0,1,1,0,27,21,6,0,0,0,27,21,6,2020
892500,"Mord, Totschlag und T tung auf Verlangen",3241001,Hannover,insg.,39,30,9,0,0,0,1,1,0,1,1,0,0,0,0,4,4,0,33,25,8,1,0,1,34,25,9,2020
892500,"Mord, Totschlag und T tung auf Verlangen",8221000,Heidelberg,voll.,2,0,2,0,0,0,0,0,0,0,0,0,0,0,0,0,0,0,2,0,2,0,0,0,2,0,2,2020
892500,"Mord, Totschlag und T tung auf Verlangen",8221000,Heidelberg,vers.,7,2,5,1,0,1,0,0,0,1,0,1,0,0,0,2,1,1,3,1,2,1,0,1,4,1,3,2020
892500,"Mord, Totschlag und T tung auf Verlangen",8221000,Heidelberg,insg.,9,2,7,1,0,1,0,0,0,1,0,1,0,0,0,2,1,1,5,1,4,1,0,1,6,1,5,2020
892500,"Mord, Totschlag und T tung auf Verlangen",8121000,Heilbronn,voll.,2,1,1,0,0,0,0,0,0,0,0,0,0,0,0,0,0,0,1,0,1,1,1,0,2,1,1,2020
892500,"Mord, Totschlag und T tung auf Verlangen",8121000,Heilbronn,vers.,8,7,1,0,0,0,0,0,0,0,0,0,0,0,0,0,0,0,7,6,1,1,1,0,8,7,1,2020
892500,"Mord, Totschlag und T tung auf Verlangen",8121000,Heilbronn,insg.,10,8,2,0,0,0,0,0,0,0,0,0,0,0,0,0,0,0,8,6,2,2,2,0,10,8,2,2020
892500,"Mord, Totschlag und T tung auf Verlangen",5916000,Herne,voll.,0,0,0,0,0,0,0,0,0,0,0,0,0,0,0,0,0,0,0,0,0,0,0,0,0,0,0,2020
892500,"Mord, Totschlag und T tung auf Verlangen",5916000,Herne,vers.,3,3,0,0,0,0,0,0,0,0,0,0,0,0,0,0,0,0,3,3,0,0,0,0,3,3,0,2020
892500,"Mord, Totschlag und T tung auf Verlangen",5916000,Herne,insg.,3,3,0,0,0,0,0,0,0,0,0,0,0,0,0,0,0,0,3,3,0,0,0,0,3,3,0,2020
892500,"Mord, Totschlag und T tung auf Verlangen",3254021,Hildesheim,voll.,0,0,0,0,0,0,0,0,0,0,0,0,0,0,0,0,0,0,0,0,0,0,0,0,0,0,0,2020
892500,"Mord, Totschlag und T tung auf Verlangen",3254021,Hildesheim,vers.,6,6,0,0,0,0,0,0,0,0,0,0,2,2,0,0,0,0,4,4,0,0,0,0,4,4,0,2020
892500,"Mord, Totschlag und T tung auf Verlangen",3254021,Hildesheim,insg.,6,6,0,0,0,0,0,0,0,0,0,0,2,2,0,0,0,0,4,4,0,0,0,0,4,4,0,2020
892500,"Mord, Totschlag und T tung auf Verlangen",9161000,Ingolstadt,voll.,3,1,2,0,0,0,0,0,0,0,0,0,0,0,0,0,0,0,1,1,0,2,0,2,3,1,2,2020
892500,"Mord, Totschlag und T tung auf Verlangen",9161000,Ingolstadt,vers.,1,1,0,0,0,0,0,0,0,0,0,0,0,0,0,0,0,0,1,1,0,0,0,0,1,1,0,2020
892500,"Mord, Totschlag und T tung auf Verlangen",9161000,Ingolstadt,insg.,4,2,2,0,0,0,0,0,0,0,0,0,0,0,0,0,0,0,2,2,0,2,0,2,4,2,2,2020
892500,"Mord, Totschlag und T tung auf Verlangen",16053000,Jena,voll.,2,1,1,1,0,1,0,0,0,1,0,1,0,0,0,0,0,0,1,1,0,0,0,0,1,1,0,2020
892500,"Mord, Totschlag und T tung auf Verlangen",16053000,Jena,vers.,0,0,0,0,0,0,0,0,0,0,0,0,0,0,0,0,0,0,0,0,0,0,0,0,0,0,0,2020
892500,"Mord, Totschlag und T tung auf Verlangen",16053000,Jena,insg.,2,1,1,1,0,1,0,0,0,1,0,1,0,0,0,0,0,0,1,1,0,0,0,0,1,1,0,2020
892500,"Mord, Totschlag und T tung auf Verlangen",7312000,Kaiserslautern,voll.,1,0,1,0,0,0,0,0,0,0,0,0,0,0,0,0,0,0,0,0,0,1,0,1,1,0,1,2020
892500,"Mord, Totschlag und T tung auf Verlangen",7312000,Kaiserslautern,vers.,15,6,9,0,0,0,0,0,0,0,0,0,2,0,2,3,2,1,10,4,6,0,0,0,10,4,6,2020
892500,"Mord, Totschlag und T tung auf Verlangen",7312000,Kaiserslautern,insg.,16,6,10,0,0,0,0,0,0,0,0,0,2,0,2,3,2,1,10,4,6,1,0,1,11,4,7,2020
892500,"Mord, Totschlag und T tung auf Verlangen",8212000,Karlsruhe,voll.,1,1,0,0,0,0,0,0,0,0,0,0,0,0,0,0,0,0,1,1,0,0,0,0,1,1,0,2020
892500,"Mord, Totschlag und T tung auf Verlangen",8212000,Karlsruhe,vers.,9,7,2,0,0,0,0,0,0,0,0,0,0,0,0,0,0,0,8,7,1,1,0,1,9,7,2,2020
892500,"Mord, Totschlag und T tung auf Verlangen",8212000,Karlsruhe,insg.,10,8,2,0,0,0,0,0,0,0,0,0,0,0,0,0,0,0,9,8,1,1,0,1,10,8,2,2020
892500,"Mord, Totschlag und T tung auf Verlangen",6611000,Kassel,voll.,1,1,0,0,0,0,0,0,0,0,0,0,0,0,0,0,0,0,1,1,0,0,0,0,1,1,0,2020
892500,"Mord, Totschlag und T tung auf Verlangen",6611000,Kassel,vers.,13,10,3,0,0,0,0,0,0,0,0,0,0,0,0,1,0,1,12,10,2,0,0,0,12,10,2,2020
892500,"Mord, Totschlag und T tung auf Verlangen",6611000,Kassel,insg.,14,11,3,0,0,0,0,0,0,0,0,0,0,0,0,1,0,1,13,11,2,0,0,0,13,11,2,2020
892500,"Mord, Totschlag und T tung auf Verlangen",1002000,Kiel,voll.,2,1,1,0,0,0,0,0,0,0,0,0,0,0,0,0,0,0,1,1,0,1,0,1,2,1,1,2020
892500,"Mord, Totschlag und T tung auf Verlangen",1002000,Kiel,vers.,8,4,4,1,0,1,1,0,1,2,0,2,0,0,0,0,0,0,6,4,2,0,0,0,6,4,2,2020
892500,"Mord, Totschlag und T tung auf Verlangen",1002000,Kiel,insg.,10,5,5,1,0,1,1,0,1,2,0,2,0,0,0,0,0,0,7,5,2,1,0,1,8,5,3,2020
892500,"Mord, Totschlag und T tung auf Verlangen",7111000,Koblenz,voll.,0,0,0,0,0,0,0,0,0,0,0,0,0,0,0,0,0,0,0,0,0,0,0,0,0,0,0,2020
892500,"Mord, Totschlag und T tung auf Verlangen",7111000,Koblenz,vers.,2,0,2,0,0,0,0,0,0,0,0,0,0,0,0,0,0,0,1,0,1,1,0,1,2,0,2,2020
892500,"Mord, Totschlag und T tung auf Verlangen",7111000,Koblenz,insg.,2,0,2,0,0,0,0,0,0,0,0,0,0,0,0,0,0,0,1,0,1,1,0,1,2,0,2,2020
892500,"Mord, Totschlag und T tung auf Verlangen",5315000,K ln,voll.,7,5,2,0,0,0,0,0,0,0,0,0,0,0,0,0,0,0,3,3,0,4,2,2,7,5,2,2020
892500,"Mord, Totschlag und T tung auf Verlangen",5315000,K ln,vers.,23,20,3,0,0,0,0,0,0,0,0,0,0,0,0,1,1,0,21,18,3,1,1,0,22,19,3,2020
892500,"Mord, Totschlag und T tung auf Verlangen",5315000,K ln,insg.,30,25,5,0,0,0,0,0,0,0,0,0,0,0,0,1,1,0,24,21,3,5,3,2,29,24,5,2020
892500,"Mord, Totschlag und T tung auf Verlangen",5114000,Krefeld,voll.,2,1,1,0,0,0,0,0,0,0,0,0,0,0,0,0,0,0,2,1,1,0,0,0,2,1,1,2020
892500,"Mord, Totschlag und T tung auf Verlangen",5114000,Krefeld,vers.,7,3,4,0,0,0,0,0,0,0,0,0,0,0,0,1,1,0,4,1,3,2,1,1,6,2,4,2020
892500,"Mord, Totschlag und T tung auf Verlangen",5114000,Krefeld,insg.,9,4,5,0,0,0,0,0,0,0,0,0,0,0,0,1,1,0,6,2,4,2,1,1,8,3,5,2020
892500,"Mord, Totschlag und T tung auf Verlangen",14713000,Leipzig,voll.,2,1,1,0,0,0,0,0,0,0,0,0,0,0,0,0,0,0,1,0,1,1,1,0,2,1,1,2020
892500,"Mord, Totschlag und T tung auf Verlangen",14713000,Leipzig,vers.,21,17,4,0,0,0,0,0,0,0,0,0,2,2,0,2,2,0,16,13,3,1,0,1,17,13,4,2020
892500,"Mord, Totschlag und T tung auf Verlangen",14713000,Leipzig,insg.,23,18,5,0,0,0,0,0,0,0,0,0,2,2,0,2,2,0,17,13,4,2,1,1,19,14,5,2020
892500,"Mord, Totschlag und T tung auf Verlangen",5316000,Leverkusen,voll.,2,1,1,0,0,0,0,0,0,0,0,0,0,0,0,0,0,0,2,1,1,0,0,0,2,1,1,2020
892500,"Mord, Totschlag und T tung auf Verlangen",5316000,Leverkusen,vers.,0,0,0,0,0,0,0,0,0,0,0,0,0,0,0,0,0,0,0,0,0,0,0,0,0,0,0,2020
892500,"Mord, Totschlag und T tung auf Verlangen",5316000,Leverkusen,insg.,2,1,1,0,0,0,0,0,0,0,0,0,0,0,0,0,0,0,2,1,1,0,0,0,2,1,1,2020
892500,"Mord, Totschlag und T tung auf Verlangen",1003000,L beck,voll.,2,2,0,0,0,0,0,0,0,0,0,0,0,0,0,0,0,0,1,1,0,1,1,0,2,2,0,2020
892500,"Mord, Totschlag und T tung auf Verlangen",1003000,L beck,vers.,1,1,0,0,0,0,0,0,0,0,0,0,0,0,0,0,0,0,1,1,0,0,0,0,1,1,0,2020
892500,"Mord, Totschlag und T tung auf Verlangen",1003000,L beck,insg.,3,3,0,0,0,0,0,0,0,0,0,0,0,0,0,0,0,0,2,2,0,1,1,0,3,3,0,2020
892500,"Mord, Totschlag und T tung auf Verlangen",7314000,Ludwigshafen am Rhein,voll.,2,1,1,0,0,0,0,0,0,0,0,0,0,0,0,0,0,0,1,1,0,1,0,1,2,1,1,2020
892500,"Mord, Totschlag und T tung auf Verlangen",7314000,Ludwigshafen am Rhein,vers.,1,1,0,0,0,0,0,0,0,0,0,0,0,0,0,0,0,0,1,1,0,0,0,0,1,1,0,2020
892500,"Mord, Totschlag und T tung auf Verlangen",7314000,Ludwigshafen am Rhein,insg.,3,2,1,0,0,0,0,0,0,0,0,0,0,0,0,0,0,0,2,2,0,1,0,1,3,2,1,2020
892500,"Mord, Totschlag und T tung auf Verlangen",15003000,Magdeburg,voll.,3,2,1,0,0,0,0,0,0,0,0,0,0,0,0,1,1,0,2,1,1,0,0,0,2,1,1,2020
892500,"Mord, Totschlag und T tung auf Verlangen",15003000,Magdeburg,vers.,7,6,1,0,0,0,0,0,0,0,0,0,0,0,0,0,0,0,7,6,1,0,0,0,7,6,1,2020
892500,"Mord, Totschlag und T tung auf Verlangen",15003000,Magdeburg,insg.,10,8,2,0,0,0,0,0,0,0,0,0,0,0,0,1,1,0,9,7,2,0,0,0,9,7,2,2020
892500,"Mord, Totschlag und T tung auf Verlangen",7315000,Mainz,voll.,0,0,0,0,0,0,0,0,0,0,0,0,0,0,0,0,0,0,0,0,0,0,0,0,0,0,0,2020
892500,"Mord, Totschlag und T tung auf Verlangen",7315000,Mainz,vers.,2,1,1,0,0,0,0,0,0,0,0,0,0,0,0,0,0,0,1,0,1,1,1,0,2,1,1,2020
892500,"Mord, Totschlag und T tung auf Verlangen",7315000,Mainz,insg.,2,1,1,0,0,0,0,0,0,0,0,0,0,0,0,0,0,0,1,0,1,1,1,0,2,1,1,2020
892500,"Mord, Totschlag und T tung auf Verlangen",8222000,Mannheim,voll.,5,4,1,0,0,0,0,0,0,0,0,0,0,0,0,0,0,0,4,3,1,1,1,0,5,4,1,2020
892500,"Mord, Totschlag und T tung auf Verlangen",8222000,Mannheim,vers.,14,11,3,0,0,0,0,0,0,0,0,0,0,0,0,0,0,0,12,10,2,2,1,1,14,11,3,2020
892500,"Mord, Totschlag und T tung auf Verlangen",8222000,Mannheim,insg.,19,15,4,0,0,0,0,0,0,0,0,0,0,0,0,0,0,0,16,13,3,3,2,1,19,15,4,2020
892500,"Mord, Totschlag und T tung auf Verlangen",5170024,Moers,voll.,2,1,1,1,0,1,0,0,0,1,0,1,0,0,0,0,0,0,1,1,0,0,0,0,1,1,0,2020
892500,"Mord, Totschlag und T tung auf Verlangen",5170024,Moers,vers.,1,0,1,0,0,0,0,0,0,0,0,0,0,0,0,0,0,0,0,0,0,1,0,1,1,0,1,2020
892500,"Mord, Totschlag und T tung auf Verlangen",5170024,Moers,insg.,3,1,2,1,0,1,0,0,0,1,0,1,0,0,0,0,0,0,1,1,0,1,0,1,2,1,1,2020
892500,"Mord, Totschlag und T tung auf Verlangen",5116000,M nchengladbach,voll.,1,0,1,0,0,0,0,0,0,0,0,0,0,0,0,0,0,0,1,0,1,0,0,0,1,0,1,2020
892500,"Mord, Totschlag und T tung auf Verlangen",5116000,M nchengladbach,vers.,1,1,0,0,0,0,0,0,0,0,0,0,0,0,0,0,0,0,1,1,0,0,0,0,1,1,0,2020
892500,"Mord, Totschlag und T tung auf Verlangen",5116000,M nchengladbach,insg.,2,1,1,0,0,0,0,0,0,0,0,0,0,0,0,0,0,0,2,1,1,0,0,0,2,1,1,2020
892500,"Mord, Totschlag und T tung auf Verlangen",5117000,M lheim an der Ruhr,voll.,2,1,1,0,0,0,0,0,0,0,0,0,0,0,0,0,0,0,1,0,1,1,1,0,2,1,1,2020
892500,"Mord, Totschlag und T tung auf Verlangen",5117000,M lheim an der Ruhr,vers.,4,4,0,0,0,0,0,0,0,0,0,0,0,0,0,2,2,0,2,2,0,0,0,0,2,2,0,2020
892500,"Mord, Totschlag und T tung auf Verlangen",5117000,M lheim an der Ruhr,insg.,6,5,1,0,0,0,0,0,0,0,0,0,0,0,0,2,2,0,3,2,1,1,1,0,4,3,1,2020
892500,"Mord, Totschlag und T tung auf Verlangen",9162000,M nchen,voll.,11,5,6,1,0,1,1,0,1,2,0,2,2,1,1,0,0,0,6,3,3,1,1,0,7,4,3,2020
892500,"Mord, Totschlag und T tung auf Verlangen",9162000,M nchen,vers.,67,54,13,0,0,0,1,1,0,1,1,0,1,1,0,9,8,1,48,37,11,8,7,1,56,44,12,2020
892500,"Mord, Totschlag und T tung auf Verlangen",9162000,M nchen,insg.,78,59,19,1,0,1,2,1,1,3,1,2,3,2,1,9,8,1,54,40,14,9,8,1,63,48,15,2020
892500,"Mord, Totschlag und T tung auf Verlangen",5515000,M nster,voll.,3,1,2,0,0,0,0,0,0,0,0,0,0,0,0,0,0,0,2,1,1,1,0,1,3,1,2,2020
892500,"Mord, Totschlag und T tung auf Verlangen",5515000,M nster,vers.,5,4,1,0,0,0,0,0,0,0,0,0,0,0,0,0,0,0,5,4,1,0,0,0,5,4,1,2020
892500,"Mord, Totschlag und T tung auf Verlangen",5515000,M nster,insg.,8,5,3,0,0,0,0,0,0,0,0,0,0,0,0,0,0,0,7,5,2,1,0,1,8,5,3,2020
892500,"Mord, Totschlag und T tung auf Verlangen",5162024,Neuss,voll.,1,0,1,0,0,0,0,0,0,0,0,0,0,0,0,0,0,0,1,0,1,0,0,0,1,0,1,2020
892500,"Mord, Totschlag und T tung auf Verlangen",5162024,Neuss,vers.,6,3,3,0,0,0,0,0,0,0,0,0,0,0,0,0,0,0,5,2,3,1,1,0,6,3,3,2020
892500,"Mord, Totschlag und T tung auf Verlangen",5162024,Neuss,insg.,7,3,4,0,0,0,0,0,0,0,0,0,0,0,0,0,0,0,6,2,4,1,1,0,7,3,4,2020
892500,"Mord, Totschlag und T tung auf Verlangen",9564000,N rnberg,voll.,1,0,1,0,0,0,0,0,0,0,0,0,0,0,0,0,0,0,1,0,1,0,0,0,1,0,1,2020
892500,"Mord, Totschlag und T tung auf Verlangen",9564000,N rnberg,vers.,20,15,5,0,0,0,2,1,1,2,1,1,1,1,0,0,0,0,16,13,3,1,0,1,17,13,4,2020
892500,"Mord, Totschlag und T tung auf Verlangen",9564000,N rnberg,insg.,21,15,6,0,0,0,2,1,1,2,1,1,1,1,0,0,0,0,17,13,4,1,0,1,18,13,5,2020
892500,"Mord, Totschlag und T tung auf Verlangen",5119000,Oberhausen,voll.,1,1,0,0,0,0,0,0,0,0,0,0,0,0,0,0,0,0,0,0,0,1,1,0,1,1,0,2020
892500,"Mord, Totschlag und T tung auf Verlangen",5119000,Oberhausen,vers.,6,1,5,0,0,0,1,0,1,1,0,1,0,0,0,1,1,0,3,0,3,1,0,1,4,0,4,2020
892500,"Mord, Totschlag und T tung auf Verlangen",5119000,Oberhausen,insg.,7,2,5,0,0,0,1,0,1,1,0,1,0,0,0,1,1,0,3,0,3,2,1,1,5,1,4,2020
892500,"Mord, Totschlag und T tung auf Verlangen",6413000,Offenbach am Main,voll.,1,1,0,0,0,0,0,0,0,0,0,0,0,0,0,0,0,0,1,1,0,0,0,0,1,1,0,2020
892500,"Mord, Totschlag und T tung auf Verlangen",6413000,Offenbach am Main,vers.,4,3,1,0,0,0,0,0,0,0,0,0,0,0,0,0,0,0,4,3,1,0,0,0,4,3,1,2020
892500,"Mord, Totschlag und T tung auf Verlangen",6413000,Offenbach am Main,insg.,5,4,1,0,0,0,0,0,0,0,0,0,0,0,0,0,0,0,5,4,1,0,0,0,5,4,1,2020
892500,"Mord, Totschlag und T tung auf Verlangen",3403000,Oldenburg (Oldenburg),voll.,1,0,1,0,0,0,0,0,0,0,0,0,0,0,0,0,0,0,0,0,0,1,0,1,1,0,1,2020
892500,"Mord, Totschlag und T tung auf Verlangen",3403000,Oldenburg (Oldenburg),vers.,8,7,1,1,1,0,0,0,0,1,1,0,0,0,0,0,0,0,7,6,1,0,0,0,7,6,1,2020
892500,"Mord, Totschlag und T tung auf Verlangen",3403000,Oldenburg (Oldenburg),insg.,9,7,2,1,1,0,0,0,0,1,1,0,0,0,0,0,0,0,7,6,1,1,0,1,8,6,2,2020
892500,"Mord, Totschlag und T tung auf Verlangen",3404000,Osnabr ck,voll.,1,0,1,0,0,0,0,0,0,0,0,0,0,0,0,0,0,0,1,0,1,0,0,0,1,0,1,2020
892500,"Mord, Totschlag und T tung auf Verlangen",3404000,Osnabr ck,vers.,5,4,1,0,0,0,0,0,0,0,0,0,0,0,0,0,0,0,5,4,1,0,0,0,5,4,1,2020
892500,"Mord, Totschlag und T tung auf Verlangen",3404000,Osnabr ck,insg.,6,4,2,0,0,0,0,0,0,0,0,0,0,0,0,0,0,0,6,4,2,0,0,0,6,4,2,2020
892500,"Mord, Totschlag und T tung auf Verlangen",5774032,Paderborn,voll.,1,1,0,0,0,0,0,0,0,0,0,0,0,0,0,0,0,0,0,0,0,1,1,0,1,1,0,2020
892500,"Mord, Totschlag und T tung auf Verlangen",5774032,Paderborn,vers.,2,2,0,1,1,0,0,0,0,1,1,0,0,0,0,0,0,0,1,1,0,0,0,0,1,1,0,2020
892500,"Mord, Totschlag und T tung auf Verlangen",5774032,Paderborn,insg.,3,3,0,1,1,0,0,0,0,1,1,0,0,0,0,0,0,0,1,1,0,1,1,0,2,2,0,2020
892500,"Mord, Totschlag und T tung auf Verlangen",8231000,Pforzheim,voll.,1,1,0,0,0,0,0,0,0,0,0,0,0,0,0,0,0,0,0,0,0,1,1,0,1,1,0,2020
892500,"Mord, Totschlag und T tung auf Verlangen",8231000,Pforzheim,vers.,6,6,0,0,0,0,0,0,0,0,0,0,0,0,0,0,0,0,6,6,0,0,0,0,6,6,0,2020
892500,"Mord, Totschlag und T tung auf Verlangen",8231000,Pforzheim,insg.,7,7,0,0,0,0,0,0,0,0,0,0,0,0,0,0,0,0,6,6,0,1,1,0,7,7,0,2020
892500,"Mord, Totschlag und T tung auf Verlangen",12054000,Potsdam,voll.,0,0,0,0,0,0,0,0,0,0,0,0,0,0,0,0,0,0,0,0,0,0,0,0,0,0,0,2020
892500,"Mord, Totschlag und T tung auf Verlangen",12054000,Potsdam,vers.,3,2,1,0,0,0,0,0,0,0,0,0,0,0,0,1,1,0,1,1,0,1,0,1,2,1,1,2020
892500,"Mord, Totschlag und T tung auf Verlangen",12054000,Potsdam,insg.,3,2,1,0,0,0,0,0,0,0,0,0,0,0,0,1,1,0,1,1,0,1,0,1,2,1,1,2020
892500,"Mord, Totschlag und T tung auf Verlangen",5562032,Recklinghausen,voll.,1,1,0,0,0,0,0,0,0,0,0,0,0,0,0,0,0,0,0,0,0,1,1,0,1,1,0,2020
892500,"Mord, Totschlag und T tung auf Verlangen",5562032,Recklinghausen,vers.,4,2,2,0,0,0,0,0,0,0,0,0,0,0,0,1,1,0,1,0,1,2,1,1,3,1,2,2020
892500,"Mord, Totschlag und T tung auf Verlangen",5562032,Recklinghausen,insg.,5,3,2,0,0,0,0,0,0,0,0,0,0,0,0,1,1,0,1,0,1,3,2,1,4,2,2,2020
892500,"Mord, Totschlag und T tung auf Verlangen",9362000,Regensburg,voll.,3,1,2,0,0,0,0,0,0,0,0,0,0,0,0,0,0,0,3,1,2,0,0,0,3,1,2,2020
892500,"Mord, Totschlag und T tung auf Verlangen",9362000,Regensburg,vers.,9,9,0,0,0,0,0,0,0,0,0,0,0,0,0,4,4,0,5,5,0,0,0,0,5,5,0,2020
892500,"Mord, Totschlag und T tung auf Verlangen",9362000,Regensburg,insg.,12,10,2,0,0,0,0,0,0,0,0,0,0,0,0,4,4,0,8,6,2,0,0,0,8,6,2,2020
892500,"Mord, Totschlag und T tung auf Verlangen",5120000,Remscheid,voll.,1,0,1,0,0,0,0,0,0,0,0,0,0,0,0,0,0,0,0,0,0,1,0,1,1,0,1,2020
892500,"Mord, Totschlag und T tung auf Verlangen",5120000,Remscheid,vers.,2,1,1,0,0,0,0,0,0,0,0,0,1,1,0,0,0,0,1,0,1,0,0,0,1,0,1,2020
892500,"Mord, Totschlag und T tung auf Verlangen",5120000,Remscheid,insg.,3,1,2,0,0,0,0,0,0,0,0,0,1,1,0,0,0,0,1,0,1,1,0,1,2,0,2,2020
892500,"Mord, Totschlag und T tung auf Verlangen",8415061,Reutlingen,voll.,3,2,1,0,0,0,0,0,0,0,0,0,0,0,0,2,2,0,1,0,1,0,0,0,1,0,1,2020
892500,"Mord, Totschlag und T tung auf Verlangen",8415061,Reutlingen,vers.,8,6,2,1,1,0,0,0,0,1,1,0,0,0,0,0,0,0,7,5,2,0,0,0,7,5,2,2020
892500,"Mord, Totschlag und T tung auf Verlangen",8415061,Reutlingen,insg.,11,8,3,1,1,0,0,0,0,1,1,0,0,0,0,2,2,0,8,5,3,0,0,0,8,5,3,2020
892500,"Mord, Totschlag und T tung auf Verlangen",13003000,Rostock,voll.,3,1,2,1,0,1,0,0,0,1,0,1,0,0,0,0,0,0,0,0,0,2,1,1,2,1,1,2020
892500,"Mord, Totschlag und T tung auf Verlangen",13003000,Rostock,vers.,0,0,0,0,0,0,0,0,0,0,0,0,0,0,0,0,0,0,0,0,0,0,0,0,0,0,0,2020
892500,"Mord, Totschlag und T tung auf Verlangen",13003000,Rostock,insg.,3,1,2,1,0,1,0,0,0,1,0,1,0,0,0,0,0,0,0,0,0,2,1,1,2,1,1,2020
892500,"Mord, Totschlag und T tung auf Verlangen",10041100,Saarbr cken,voll.,4,2,2,0,0,0,0,0,0,0,0,0,0,0,0,0,0,0,2,1,1,2,1,1,4,2,2,2020
892500,"Mord, Totschlag und T tung auf Verlangen",10041100,Saarbr cken,vers.,7,7,0,0,0,0,0,0,0,0,0,0,0,0,0,2,2,0,4,4,0,1,1,0,5,5,0,2020
892500,"Mord, Totschlag und T tung auf Verlangen",10041100,Saarbr cken,insg.,11,9,2,0,0,0,0,0,0,0,0,0,0,0,0,2,2,0,6,5,1,3,2,1,9,7,2,2020
892500,"Mord, Totschlag und T tung auf Verlangen",3102000,Salzgitter,voll.,3,1,2,0,0,0,0,0,0,0,0,0,0,0,0,0,0,0,3,1,2,0,0,0,3,1,2,2020
892500,"Mord, Totschlag und T tung auf Verlangen",3102000,Salzgitter,vers.,7,3,4,0,0,0,0,0,0,0,0,0,0,0,0,1,0,1,6,3,3,0,0,0,6,3,3,2020
892500,"Mord, Totschlag und T tung auf Verlangen",3102000,Salzgitter,insg.,10,4,6,0,0,0,0,0,0,0,0,0,0,0,0,1,0,1,9,4,5,0,0,0,9,4,5,2020
892500,"Mord, Totschlag und T tung auf Verlangen",13004000,Schwerin,voll.,0,0,0,0,0,0,0,0,0,0,0,0,0,0,0,0,0,0,0,0,0,0,0,0,0,0,0,2020
892500,"Mord, Totschlag und T tung auf Verlangen",13004000,Schwerin,vers.,3,2,1,0,0,0,0,0,0,0,0,0,0,0,0,2,2,0,0,0,0,1,0,1,1,0,1,2020
892500,"Mord, Totschlag und T tung auf Verlangen",13004000,Schwerin,insg.,3,2,1,0,0,0,0,0,0,0,0,0,0,0,0,2,2,0,0,0,0,1,0,1,1,0,1,2020
892500,"Mord, Totschlag und T tung auf Verlangen",5970040,Siegen,voll.,0,0,0,0,0,0,0,0,0,0,0,0,0,0,0,0,0,0,0,0,0,0,0,0,0,0,0,2020
892500,"Mord, Totschlag und T tung auf Verlangen",5970040,Siegen,vers.,0,0,0,0,0,0,0,0,0,0,0,0,0,0,0,0,0,0,0,0,0,0,0,0,0,0,0,2020
892500,"Mord, Totschlag und T tung auf Verlangen",5970040,Siegen,insg.,0,0,0,0,0,0,0,0,0,0,0,0,0,0,0,0,0,0,0,0,0,0,0,0,0,0,0,2020
892500,"Mord, Totschlag und T tung auf Verlangen",5122000,Solingen,voll.,0,0,0,0,0,0,0,0,0,0,0,0,0,0,0,0,0,0,0,0,0,0,0,0,0,0,0,2020
892500,"Mord, Totschlag und T tung auf Verlangen",5122000,Solingen,vers.,2,1,1,0,0,0,0,0,0,0,0,0,0,0,0,0,0,0,1,0,1,1,1,0,2,1,1,2020
892500,"Mord, Totschlag und T tung auf Verlangen",5122000,Solingen,insg.,2,1,1,0,0,0,0,0,0,0,0,0,0,0,0,0,0,0,1,0,1,1,1,0,2,1,1,2020
892500,"Mord, Totschlag und T tung auf Verlangen",8111000,Stuttgart,voll.,6,2,4,0,0,0,0,0,0,0,0,0,0,0,0,0,0,0,4,2,2,2,0,2,6,2,4,2020
892500,"Mord, Totschlag und T tung auf Verlangen",8111000,Stuttgart,vers.,37,28,9,0,0,0,1,0,1,1,0,1,1,1,0,5,5,0,30,22,8,0,0,0,30,22,8,2020
892500,"Mord, Totschlag und T tung auf Verlangen",8111000,Stuttgart,insg.,43,30,13,0,0,0,1,0,1,1,0,1,1,1,0,5,5,0,34,24,10,2,0,2,36,24,12,2020
892500,"Mord, Totschlag und T tung auf Verlangen",7211000,Trier,voll.,0,0,0,0,0,0,0,0,0,0,0,0,0,0,0,0,0,0,0,0,0,0,0,0,0,0,0,2020
892500,"Mord, Totschlag und T tung auf Verlangen",7211000,Trier,vers.,1,1,0,0,0,0,0,0,0,0,0,0,0,0,0,0,0,0,1,1,0,0,0,0,1,1,0,2020
892500,"Mord, Totschlag und T tung auf Verlangen",7211000,Trier,insg.,1,1,0,0,0,0,0,0,0,0,0,0,0,0,0,0,0,0,1,1,0,0,0,0,1,1,0,2020
892500,"Mord, Totschlag und T tung auf Verlangen",8421000,Ulm,voll.,0,0,0,0,0,0,0,0,0,0,0,0,0,0,0,0,0,0,0,0,0,0,0,0,0,0,0,2020
892500,"Mord, Totschlag und T tung auf Verlangen",8421000,Ulm,vers.,10,7,3,6,4,2,0,0,0,6,4,2,2,2,0,0,0,0,2,1,1,0,0,0,2,1,1,2020
892500,"Mord, Totschlag und T tung auf Verlangen",8421000,Ulm,insg.,10,7,3,6,4,2,0,0,0,6,4,2,2,2,0,0,0,0,2,1,1,0,0,0,2,1,1,2020
892500,"Mord, Totschlag und T tung auf Verlangen",6414000,Wiesbaden,voll.,6,3,3,0,0,0,0,0,0,0,0,0,0,0,0,0,0,0,1,1,0,5,2,3,6,3,3,2020
892500,"Mord, Totschlag und T tung auf Verlangen",6414000,Wiesbaden,vers.,10,8,2,1,1,0,0,0,0,1,1,0,1,1,0,0,0,0,8,6,2,0,0,0,8,6,2,2020
892500,"Mord, Totschlag und T tung auf Verlangen",6414000,Wiesbaden,insg.,16,11,5,1,1,0,0,0,0,1,1,0,1,1,0,0,0,0,9,7,2,5,2,3,14,9,5,2020
892500,"Mord, Totschlag und T tung auf Verlangen",3103000,Wolfsburg,voll.,0,0,0,0,0,0,0,0,0,0,0,0,0,0,0,0,0,0,0,0,0,0,0,0,0,0,0,2020
892500,"Mord, Totschlag und T tung auf Verlangen",3103000,Wolfsburg,vers.,4,3,1,0,0,0,0,0,0,0,0,0,0,0,0,0,0,0,3,2,1,1,1,0,4,3,1,2020
892500,"Mord, Totschlag und T tung auf Verlangen",3103000,Wolfsburg,insg.,4,3,1,0,0,0,0,0,0,0,0,0,0,0,0,0,0,0,3,2,1,1,1,0,4,3,1,2020
892500,"Mord, Totschlag und T tung auf Verlangen",5124000,Wuppertal,voll.,2,1,1,0,0,0,0,0,0,0,0,0,0,0,0,0,0,0,2,1,1,0,0,0,2,1,1,2020
892500,"Mord, Totschlag und T tung auf Verlangen",5124000,Wuppertal,vers.,3,3,0,0,0,0,0,0,0,0,0,0,0,0,0,0,0,0,3,3,0,0,0,0,3,3,0,2020
892500,"Mord, Totschlag und T tung auf Verlangen",5124000,Wuppertal,insg.,5,4,1,0,0,0,0,0,0,0,0,0,0,0,0,0,0,0,5,4,1,0,0,0,5,4,1,2020
892500,"Mord, Totschlag und T tung auf Verlangen",9663000,W rzburg,voll.,1,0,1,0,0,0,0,0,0,0,0,0,0,0,0,0,0,0,0,0,0,1,0,1,1,0,1,2020
892500,"Mord, Totschlag und T tung auf Verlangen",9663000,W rzburg,vers.,12,6,6,0,0,0,0,0,0,0,0,0,0,0,0,0,0,0,11,5,6,1,1,0,12,6,6,2020
892500,"Mord, Totschlag und T tung auf Verlangen",9663000,W rzburg,insg.,13,6,7,0,0,0,0,0,0,0,0,0,0,0,0,0,0,0,11,5,6,2,1,1,13,6,7,2020
------,Straftaten insgesamt,5334002,Aachen,voll.,3952,2304,1648,19,8,11,150,76,74,169,84,85,227,108,119,306,177,129,2970,1748,1222,280,187,93,3250,1935,1315,2021
------,Straftaten insgesamt,5334002,Aachen,vers.,345,203,142,2,1,1,13,7,6,15,8,7,13,4,9,19,12,7,249,156,93,49,23,26,298,179,119,2021
------,Straftaten insgesamt,5334002,Aachen,insg.,4297,2507,1790,21,9,12,163,83,80,184,92,92,240,112,128,325,189,136,3219,1904,1315,329,210,119,3548,2114,1434,2021
------,Straftaten insgesamt,9761000,Augsburg,voll.,4142,2565,1577,48,26,22,215,130,85,263,156,107,288,169,119,286,160,126,3066,1968,1098,239,112,127,3305,2080,1225,2021
------,Straftaten insgesamt,9761000,Augsburg,vers.,477,336,141,1,0,1,14,6,8,15,6,9,25,13,12,38,28,10,376,278,98,23,11,12,399,289,110,2021
------,Straftaten insgesamt,9761000,Augsburg,insg.,4619,2901,1718,49,26,23,229,136,93,278,162,116,313,182,131,324,188,136,3442,2246,1196,262,123,139,3704,2369,1335,2021
------,Straftaten insgesamt,5378004,Bergisch Gladbach,voll.,1454,788,666,13,6,7,66,38,28,79,44,35,93,59,34,103,53,50,1023,529,494,156,103,53,1179,632,547,2021
------,Straftaten insgesamt,5378004,Bergisch Gladbach,vers.,135,84,51,2,1,1,4,3,1,6,4,2,12,7,5,6,3,3,97,61,36,14,9,5,111,70,41,2021
------,Straftaten insgesamt,5378004,Bergisch Gladbach,insg.,1589,872,717,15,7,8,70,41,29,85,48,37,105,66,39,109,56,53,1120,590,530,170,112,58,1290,702,588,2021
------,Straftaten insgesamt,11000000,Berlin,voll.,76125,46939,29186,791,427,364,4297,2446,1851,5088,2873,2215,4937,2806,2131,4340,2470,1870,56976,36053,20923,4784,2737,2047,61760,38790,22970,2021
------,Straftaten insgesamt,11000000,Berlin,vers.,6831,4645,2186,81,39,42,311,190,121,392,229,163,430,278,152,393,266,127,5104,3550,1554,512,322,190,5616,3872,1744,2021
------,Straftaten insgesamt,11000000,Berlin,insg.,82956,51584,31372,872,466,406,4608,2636,1972,5480,3102,2378,5367,3084,2283,4733,2736,1997,62080,39603,22477,5296,3059,2237,67376,42662,24714,2021
------,Straftaten insgesamt,5711000,Bielefeld,voll.,3814,2045,1769,32,11,21,172,98,74,204,109,95,290,121,169,299,156,143,2753,1512,1241,268,147,121,3021,1659,1362,2021
------,Straftaten insgesamt,5711000,Bielefeld,vers.,304,187,117,2,1,1,21,17,4,23,18,5,21,13,8,24,13,11,217,133,84,19,10,9,236,143,93,2021
------,Straftaten insgesamt,5711000,Bielefeld,insg.,4118,2232,1886,34,12,22,193,115,78,227,127,100,311,134,177,323,169,154,2970,1645,1325,287,157,130,3257,1802,1455,2021
------,Straftaten insgesamt,5911000,Bochum,voll.,5283,2995,2288,37,19,18,305,148,157,342,167,175,362,193,169,357,209,148,3905,2255,1650,317,171,146,4222,2426,1796,2021
------,Straftaten insgesamt,5911000,Bochum,vers.,434,275,159,7,4,3,26,15,11,33,19,14,14,7,7,22,13,9,323,202,121,42,34,8,365,236,129,2021
------,Straftaten insgesamt,5911000,Bochum,insg.,5717,3270,2447,44,23,21,331,163,168,375,186,189,376,200,176,379,222,157,4228,2457,1771,359,205,154,4587,2662,1925,2021
------,Straftaten insgesamt,5314000,Bonn,voll.,5107,2998,2109,52,35,17,243,134,109,295,169,126,356,196,160,378,215,163,3728,2212,1516,350,206,144,4078,2418,1660,2021
------,Straftaten insgesamt,5314000,Bonn,vers.,589,389,200,2,1,1,23,19,4,25,20,5,26,12,14,28,17,11,461,306,155,49,34,15,510,340,170,2021
------,Straftaten insgesamt,5314000,Bonn,insg.,5696,3387,2309,54,36,18,266,153,113,320,189,131,382,208,174,406,232,174,4189,2518,1671,399,240,159,4588,2758,1830,2021
------,Straftaten insgesamt,5512000,Bottrop,voll.,1275,657,618,11,7,4,97,40,57,108,47,61,114,71,43,88,39,49,884,449,435,81,51,30,965,500,465,2021
------,Straftaten insgesamt,5512000,Bottrop,vers.,58,29,29,1,0,1,0,0,0,1,0,1,3,1,2,3,0,3,45,27,18,6,1,5,51,28,23,2021
------,Straftaten insgesamt,5512000,Bottrop,insg.,1333,686,647,12,7,5,97,40,57,109,47,62,117,72,45,91,39,52,929,476,453,87,52,35,1016,528,488,2021
------,Straftaten insgesamt,3101000,Braunschweig,voll.,3476,2023,1453,45,19,26,178,91,87,223,110,113,268,130,138,315,163,152,2465,1481,984,205,139,66,2670,1620,1050,2021
------,Straftaten insgesamt,3101000,Braunschweig,vers.,218,128,90,3,2,1,10,3,7,13,5,8,36,20,16,10,9,1,142,83,59,17,11,6,159,94,65,2021
------,Straftaten insgesamt,3101000,Braunschweig,insg.,3694,2151,1543,48,21,27,188,94,94,236,115,121,304,150,154,325,172,153,2607,1564,1043,222,150,72,2829,1714,1115,2021
------,Straftaten insgesamt,4011000,Bremen,voll.,10988,6482,4506,83,39,44,484,248,236,567,287,280,782,447,335,940,546,394,8052,4856,3196,647,346,301,8699,5202,3497,2021
------,Straftaten insgesamt,4011000,Bremen,vers.,764,503,261,2,1,1,38,23,15,40,24,16,55,34,21,41,23,18,567,388,179,61,34,27,628,422,206,2021
------,Straftaten insgesamt,4011000,Bremen,insg.,11752,6985,4767,85,40,45,522,271,251,607,311,296,837,481,356,981,569,412,8619,5244,3375,708,380,328,9327,5624,3703,2021
------,Straftaten insgesamt,4012000,Bremerhaven,voll.,2352,1340,1012,22,11,11,143,69,74,165,80,85,176,90,86,200,100,100,1678,994,684,133,76,57,1811,1070,741,2021
------,Straftaten insgesamt,4012000,Bremerhaven,vers.,108,74,34,1,0,1,2,2,0,3,2,1,9,6,3,12,9,3,73,51,22,11,6,5,84,57,27,2021
------,Straftaten insgesamt,4012000,Bremerhaven,insg.,2460,1414,1046,23,11,12,145,71,74,168,82,86,185,96,89,212,109,103,1751,1045,706,144,82,62,1895,1127,768,2021
------,Straftaten insgesamt,14511000,Chemnitz,voll.,3095,1856,1239,44,24,20,198,95,103,242,119,123,252,129,123,243,142,101,2157,1354,803,201,112,89,2358,1466,892,2021
------,Straftaten insgesamt,14511000,Chemnitz,vers.,215,142,73,2,2,0,8,6,2,10,8,2,20,9,11,25,16,9,144,98,46,16,11,5,160,109,51,2021
------,Straftaten insgesamt,14511000,Chemnitz,insg.,3310,1998,1312,46,26,20,206,101,105,252,127,125,272,138,134,268,158,110,2301,1452,849,217,123,94,2518,1575,943,2021
------,Straftaten insgesamt,12052000,Cottbus,voll.,1677,1001,676,14,6,8,102,60,42,116,66,50,106,72,34,155,88,67,1175,699,476,125,76,49,1300,775,525,2021
------,Straftaten insgesamt,12052000,Cottbus,vers.,119,75,44,1,1,0,14,11,3,15,12,3,8,4,4,14,6,8,72,47,25,10,6,4,82,53,29,2021
------,Straftaten insgesamt,12052000,Cottbus,insg.,1796,1076,720,15,7,8,116,71,45,131,78,53,114,76,38,169,94,75,1247,746,501,135,82,53,1382,828,554,2021
------,Straftaten insgesamt,6411000,Darmstadt,voll.,1495,842,653,10,6,4,74,33,41,84,39,45,118,66,52,119,64,55,1077,615,462,97,58,39,1174,673,501,2021
------,Straftaten insgesamt,6411000,Darmstadt,vers.,81,51,30,0,0,0,1,1,0,1,1,0,7,3,4,2,2,0,65,41,24,6,4,2,71,45,26,2021
------,Straftaten insgesamt,6411000,Darmstadt,insg.,1576,893,683,10,6,4,75,34,41,85,40,45,125,69,56,121,66,55,1142,656,486,103,62,41,1245,718,527,2021
------,Straftaten insgesamt,5913000,Dortmund,voll.,10710,6256,4454,90,44,46,514,267,247,604,311,293,761,413,348,785,413,372,7941,4734,3207,619,385,234,8560,5119,3441,2021
------,Straftaten insgesamt,5913000,Dortmund,vers.,872,547,325,9,6,3,50,33,17,59,39,20,59,39,20,64,45,19,619,379,240,71,45,26,690,424,266,2021
------,Straftaten insgesamt,5913000,Dortmund,insg.,11582,6803,4779,99,50,49,564,300,264,663,350,313,820,452,368,849,458,391,8560,5113,3447,690,430,260,9250,5543,3707,2021
------,Straftaten insgesamt,14612000,Dresden,voll.,6287,3845,2442,106,51,55,377,180,197,483,231,252,532,294,238,514,288,226,4419,2853,1566,339,179,160,4758,3032,1726,2021
------,Straftaten insgesamt,14612000,Dresden,vers.,356,249,107,3,2,1,17,10,7,20,12,8,26,19,7,31,19,12,253,187,66,26,12,14,279,199,80,2021
------,Straftaten insgesamt,14612000,Dresden,insg.,6643,4094,2549,109,53,56,394,190,204,503,243,260,558,313,245,545,307,238,4672,3040,1632,365,191,174,5037,3231,1806,2021
------,Straftaten insgesamt,5112000,Duisburg,voll.,7451,3962,3489,117,65,52,588,318,270,705,383,322,559,279,280,467,214,253,5238,2808,2430,482,278,204,5720,3086,2634,2021
------,Straftaten insgesamt,5112000,Duisburg,vers.,609,326,283,8,3,5,55,38,17,63,41,22,42,21,21,32,21,11,407,208,199,65,35,30,472,243,229,2021
------,Straftaten insgesamt,5112000,Duisburg,insg.,8060,4288,3772,125,68,57,643,356,287,768,424,344,601,300,301,499,235,264,5645,3016,2629,547,313,234,6192,3329,2863,2021
------,Straftaten insgesamt,5111000,D sseldorf,voll.,9236,5592,3644,90,40,50,443,241,202,533,281,252,640,354,286,736,428,308,6750,4212,2538,577,317,260,7327,4529,2798,2021
------,Straftaten insgesamt,5111000,D sseldorf,vers.,666,438,228,9,5,4,51,25,26,60,30,30,38,20,18,51,26,25,458,326,132,59,36,23,517,362,155,2021
------,Straftaten insgesamt,5111000,D sseldorf,insg.,9902,6030,3872,99,45,54,494,266,228,593,311,282,678,374,304,787,454,333,7208,4538,2670,636,353,283,7844,4891,2953,2021
------,Straftaten insgesamt,16051000,Erfurt,voll.,3029,1912,1117,24,11,13,172,99,73,196,110,86,189,104,85,283,174,109,2174,1417,757,187,107,80,2361,1524,837,2021
------,Straftaten insgesamt,16051000,Erfurt,vers.,298,191,107,1,1,0,11,2,9,12,3,9,13,8,5,22,12,10,228,155,73,23,13,10,251,168,83,2021
------,Straftaten insgesamt,16051000,Erfurt,insg.,3327,2103,1224,25,12,13,183,101,82,208,113,95,202,112,90,305,186,119,2402,1572,830,210,120,90,2612,1692,920,2021
------,Straftaten insgesamt,9562000,Erlangen,voll.,879,522,357,10,6,4,58,36,22,68,42,26,68,32,36,60,31,29,637,390,247,46,27,19,683,417,266,2021
------,Straftaten insgesamt,9562000,Erlangen,vers.,74,47,27,2,2,0,3,3,0,5,5,0,7,3,4,7,4,3,47,29,18,8,6,2,55,35,20,2021
------,Straftaten insgesamt,9562000,Erlangen,insg.,953,569,384,12,8,4,61,39,22,73,47,26,75,35,40,67,35,32,684,419,265,54,33,21,738,452,286,2021
------,Straftaten insgesamt,5113000,Essen,voll.,8112,4519,3593,113,51,62,534,278,256,647,329,318,670,359,311,547,269,278,5751,3279,2472,497,283,214,6248,3562,2686,2021
------,Straftaten insgesamt,5113000,Essen,vers.,595,355,240,6,2,4,45,25,20,51,27,24,48,33,15,41,25,16,395,238,157,60,32,28,455,270,185,2021
------,Straftaten insgesamt,5113000,Essen,insg.,8707,4874,3833,119,53,66,579,303,276,698,356,342,718,392,326,588,294,294,6146,3517,2629,557,315,242,6703,3832,2871,2021
------,Straftaten insgesamt,6412000,Frankfurt am Main,voll.,12041,7575,4466,108,58,50,428,249,179,536,307,229,667,379,288,802,464,338,9316,6003,3313,720,422,298,10036,6425,3611,2021
------,Straftaten insgesamt,6412000,Frankfurt am Main,vers.,881,611,270,15,14,1,21,10,11,36,24,12,46,30,16,55,37,18,673,479,194,71,41,30,744,520,224,2021
------,Straftaten insgesamt,6412000,Frankfurt am Main,insg.,12922,8186,4736,123,72,51,449,259,190,572,331,241,713,409,304,857,501,356,9989,6482,3507,791,463,328,10780,6945,3835,2021
------,Straftaten insgesamt,8311000,Freiburg im Breisgau,voll.,3673,2447,1226,32,20,12,163,90,73,195,110,85,241,138,103,301,204,97,2722,1858,864,214,137,77,2936,1995,941,2021
------,Straftaten insgesamt,8311000,Freiburg im Breisgau,vers.,279,207,72,7,4,3,9,4,5,16,8,8,18,12,6,22,14,8,204,164,40,19,9,10,223,173,50,2021
------,Straftaten insgesamt,8311000,Freiburg im Breisgau,insg.,3952,2654,1298,39,24,15,172,94,78,211,118,93,259,150,109,323,218,105,2926,2022,904,233,146,87,3159,2168,991,2021
------,Straftaten insgesamt,9563000,F rth,voll.,786,464,322,6,2,4,43,26,17,49,28,21,73,36,37,47,30,17,561,340,221,56,30,26,617,370,247,2021
------,Straftaten insgesamt,9563000,F rth,vers.,68,48,20,0,0,0,2,1,1,2,1,1,8,6,2,2,2,0,51,36,15,5,3,2,56,39,17,2021
------,Straftaten insgesamt,9563000,F rth,insg.,854,512,342,6,2,4,45,27,18,51,29,22,81,42,39,49,32,17,612,376,236,61,33,28,673,409,264,2021
------,Straftaten insgesamt,5513000,Gelsenkirchen,voll.,4359,2245,2114,55,33,22,495,193,302,550,226,324,383,200,183,276,130,146,2919,1562,1357,231,127,104,3150,1689,1461,2021
------,Straftaten insgesamt,5513000,Gelsenkirchen,vers.,260,157,103,2,1,1,8,4,4,10,5,5,22,16,6,11,8,3,200,122,78,17,6,11,217,128,89,2021
------,Straftaten insgesamt,5513000,Gelsenkirchen,insg.,4619,2402,2217,57,34,23,503,197,306,560,231,329,405,216,189,287,138,149,3119,1684,1435,248,133,115,3367,1817,1550,2021
------,Straftaten insgesamt,3159016,G ttingen,voll.,2211,1326,885,20,14,6,104,57,47,124,71,53,124,62,62,191,100,91,1632,1010,622,140,83,57,1772,1093,679,2021
------,Straftaten insgesamt,3159016,G ttingen,vers.,181,109,72,2,2,0,5,1,4,7,3,4,8,7,1,14,8,6,142,88,54,10,3,7,152,91,61,2021
------,Straftaten insgesamt,3159016,G ttingen,insg.,2392,1435,957,22,16,6,109,58,51,131,74,57,132,69,63,205,108,97,1774,1098,676,150,86,64,1924,1184,740,2021
------,Straftaten insgesamt,5754008,G tersloh,voll.,1379,750,629,14,4,10,63,34,29,77,38,39,113,51,62,108,56,52,1005,570,435,76,35,41,1081,605,476,2021
------,Straftaten insgesamt,5754008,G tersloh,vers.,130,67,63,3,1,2,4,1,3,7,2,5,5,1,4,11,6,5,97,55,42,10,3,7,107,58,49,2021
------,Straftaten insgesamt,5754008,G tersloh,insg.,1509,817,692,17,5,12,67,35,32,84,40,44,118,52,66,119,62,57,1102,625,477,86,38,48,1188,663,525,2021
------,Straftaten insgesamt,5914000,Hagen,voll.,2889,1685,1204,50,30,20,211,100,111,261,130,131,178,93,85,194,119,75,2092,1243,849,164,100,64,2256,1343,913,2021
------,Straftaten insgesamt,5914000,Hagen,vers.,203,128,75,2,1,1,17,8,9,19,9,10,11,4,7,16,9,7,136,95,41,21,11,10,157,106,51,2021
------,Straftaten insgesamt,5914000,Hagen,insg.,3092,1813,1279,52,31,21,228,108,120,280,139,141,189,97,92,210,128,82,2228,1338,890,185,111,74,2413,1449,964,2021
------,Straftaten insgesamt,15002000,Halle (Saale),voll.,5013,3036,1977,36,20,16,374,213,161,410,233,177,493,297,196,459,251,208,3401,2119,1282,250,136,114,3651,2255,1396,2021
------,Straftaten insgesamt,15002000,Halle (Saale),vers.,455,304,151,2,1,1,42,32,10,44,33,11,36,26,10,42,29,13,303,204,99,30,12,18,333,216,117,2021
------,Straftaten insgesamt,15002000,Halle (Saale),insg.,5468,3340,2128,38,21,17,416,245,171,454,266,188,529,323,206,501,280,221,3704,2323,1381,280,148,132,3984,2471,1513,2021
------,Straftaten insgesamt,2000000,Hamburg,voll.,29795,17969,11826,194,126,68,1657,963,694,1851,1089,762,1966,1046,920,2063,1145,918,22158,13664,8494,1757,1025,732,23915,14689,9226,2021
------,Straftaten insgesamt,2000000,Hamburg,vers.,1910,1370,540,9,6,3,89,56,33,98,62,36,120,86,34,135,92,43,1445,1052,393,112,78,34,1557,1130,427,2021
------,Straftaten insgesamt,2000000,Hamburg,insg.,31705,19339,12366,203,132,71,1746,1019,727,1949,1151,798,2086,1132,954,2198,1237,961,23603,14716,8887,1869,1103,766,25472,15819,9653,2021
------,Straftaten insgesamt,5915000,Hamm,voll.,2656,1506,1150,31,13,18,208,111,97,239,124,115,197,96,101,177,100,77,1897,1104,793,146,82,64,2043,1186,857,2021
------,Straftaten insgesamt,5915000,Hamm,vers.,254,162,92,0,0,0,10,4,6,10,4,6,15,9,6,15,8,7,193,129,64,21,12,9,214,141,73,2021
------,Straftaten insgesamt,5915000,Hamm,insg.,2910,1668,1242,31,13,18,218,115,103,249,128,121,212,105,107,192,108,84,2090,1233,857,167,94,73,2257,1327,930,2021
------,Straftaten insgesamt,3241001,Hannover,voll.,11289,6974,4315,111,62,49,486,276,210,597,338,259,766,420,346,840,483,357,8532,5408,3124,554,325,229,9086,5733,3353,2021
------,Straftaten insgesamt,3241001,Hannover,vers.,781,534,247,9,5,4,24,14,10,33,19,14,54,29,25,59,36,23,577,412,165,58,38,20,635,450,185,2021
------,Straftaten insgesamt,3241001,Hannover,insg.,12070,7508,4562,120,67,53,510,290,220,630,357,273,820,449,371,899,519,380,9109,5820,3289,612,363,249,9721,6183,3538,2021
------,Straftaten insgesamt,8221000,Heidelberg,voll.,1946,1268,678,16,10,6,82,52,30,98,62,36,121,65,56,185,127,58,1413,945,468,129,69,60,1542,1014,528,2021
------,Straftaten insgesamt,8221000,Heidelberg,vers.,108,72,36,0,0,0,2,1,1,2,1,1,2,1,1,10,6,4,88,60,28,6,4,2,94,64,30,2021
------,Straftaten insgesamt,8221000,Heidelberg,insg.,2054,1340,714,16,10,6,84,53,31,100,63,37,123,66,57,195,133,62,1501,1005,496,135,73,62,1636,1078,558,2021
------,Straftaten insgesamt,8121000,Heilbronn,voll.,1472,839,633,7,5,2,79,38,41,86,43,43,92,50,42,109,54,55,1114,651,463,71,41,30,1185,692,493,2021
------,Straftaten insgesamt,8121000,Heilbronn,vers.,87,54,33,3,1,2,3,3,0,6,4,2,2,1,1,3,2,1,67,39,28,9,8,1,76,47,29,2021
------,Straftaten insgesamt,8121000,Heilbronn,insg.,1559,893,666,10,6,4,82,41,41,92,47,45,94,51,43,112,56,56,1181,690,491,80,49,31,1261,739,522,2021
------,Straftaten insgesamt,5916000,Herne,voll.,2330,1194,1136,22,15,7,148,78,70,170,93,77,159,81,78,176,65,111,1660,850,810,165,105,60,1825,955,870,2021
------,Straftaten insgesamt,5916000,Herne,vers.,160,89,71,2,2,0,10,6,4,12,8,4,14,7,7,14,8,6,106,58,48,14,8,6,120,66,54,2021
------,Straftaten insgesamt,5916000,Herne,insg.,2490,1283,1207,24,17,7,158,84,74,182,101,81,173,88,85,190,73,117,1766,908,858,179,113,66,1945,1021,924,2021
------,Straftaten insgesamt,3254021,Hildesheim,voll.,1763,919,844,14,6,8,85,36,49,99,42,57,153,58,95,163,84,79,1229,669,560,119,66,53,1348,735,613,2021
------,Straftaten insgesamt,3254021,Hildesheim,vers.,106,69,37,0,0,0,6,1,5,6,1,5,9,3,6,13,9,4,76,55,21,2,1,1,78,56,22,2021
------,Straftaten insgesamt,3254021,Hildesheim,insg.,1869,988,881,14,6,8,91,37,54,105,43,62,162,61,101,176,93,83,1305,724,581,121,67,54,1426,791,635,2021
------,Straftaten insgesamt,9161000,Ingolstadt,voll.,1764,1065,699,15,11,4,87,48,39,102,59,43,111,61,50,133,73,60,1315,818,497,103,54,49,1418,872,546,2021
------,Straftaten insgesamt,9161000,Ingolstadt,vers.,206,139,67,2,2,0,6,2,4,8,4,4,12,7,5,17,13,4,150,107,43,19,8,11,169,115,54,2021
------,Straftaten insgesamt,9161000,Ingolstadt,insg.,1970,1204,766,17,13,4,93,50,43,110,63,47,123,68,55,150,86,64,1465,925,540,122,62,60,1587,987,600,2021
------,Straftaten insgesamt,16053000,Jena,voll.,1227,739,488,23,11,12,80,49,31,103,60,43,140,89,51,128,63,65,770,478,292,86,49,37,856,527,329,2021
------,Straftaten insgesamt,16053000,Jena,vers.,71,48,23,1,0,1,8,4,4,9,4,5,8,7,1,9,7,2,43,28,15,2,2,0,45,30,15,2021
------,Straftaten insgesamt,16053000,Jena,insg.,1298,787,511,24,11,13,88,53,35,112,64,48,148,96,52,137,70,67,813,506,307,88,51,37,901,557,344,2021
------,Straftaten insgesamt,7312000,Kaiserslautern,voll.,2007,1244,763,7,4,3,107,65,42,114,69,45,96,64,32,211,113,98,1462,924,538,124,74,50,1586,998,588,2021
------,Straftaten insgesamt,7312000,Kaiserslautern,vers.,174,116,58,2,0,2,12,6,6,14,6,8,13,8,5,19,15,4,122,84,38,6,3,3,128,87,41,2021
------,Straftaten insgesamt,7312000,Kaiserslautern,insg.,2181,1360,821,9,4,5,119,71,48,128,75,53,109,72,37,230,128,102,1584,1008,576,130,77,53,1714,1085,629,2021
------,Straftaten insgesamt,8212000,Karlsruhe,voll.,3305,2011,1294,42,20,22,128,67,61,170,87,83,219,113,106,280,169,111,2402,1503,899,234,139,95,2636,1642,994,2021
------,Straftaten insgesamt,8212000,Karlsruhe,vers.,257,167,90,7,5,2,9,4,5,16,9,7,11,8,3,13,10,3,196,124,72,21,16,5,217,140,77,2021
------,Straftaten insgesamt,8212000,Karlsruhe,insg.,3562,2178,1384,49,25,24,137,71,66,186,96,90,230,121,109,293,179,114,2598,1627,971,255,155,100,2853,1782,1071,2021
------,Straftaten insgesamt,6611000,Kassel,voll.,3261,1858,1403,35,22,13,142,71,71,177,93,84,189,96,93,298,169,129,2406,1390,1016,191,110,81,2597,1500,1097,2021
------,Straftaten insgesamt,6611000,Kassel,vers.,165,116,49,2,1,1,11,6,5,13,7,6,9,6,3,12,10,2,123,90,33,8,3,5,131,93,38,2021
------,Straftaten insgesamt,6611000,Kassel,insg.,3426,1974,1452,37,23,14,153,77,76,190,100,90,198,102,96,310,179,131,2529,1480,1049,199,113,86,2728,1593,1135,2021
------,Straftaten insgesamt,1002000,Kiel,voll.,3639,2231,1408,16,9,7,178,111,67,194,120,74,252,153,99,289,162,127,2710,1684,1026,194,112,82,2904,1796,1108,2021
------,Straftaten insgesamt,1002000,Kiel,vers.,209,130,79,4,4,0,16,13,3,20,17,3,9,8,1,17,8,9,149,91,58,14,6,8,163,97,66,2021
------,Straftaten insgesamt,1002000,Kiel,insg.,3848,2361,1487,20,13,7,194,124,70,214,137,77,261,161,100,306,170,136,2859,1775,1084,208,118,90,3067,1893,1174,2021
------,Straftaten insgesamt,7111000,Koblenz,voll.,1854,1123,731,17,11,6,69,41,28,86,52,34,105,64,41,149,79,70,1395,853,542,119,75,44,1514,928,586,2021
------,Straftaten insgesamt,7111000,Koblenz,vers.,145,88,57,0,0,0,14,8,6,14,8,6,15,8,7,10,6,4,96,60,36,10,6,4,106,66,40,2021
------,Straftaten insgesamt,7111000,Koblenz,insg.,1999,1211,788,17,11,6,83,49,34,100,60,40,120,72,48,159,85,74,1491,913,578,129,81,48,1620,994,626,2021
------,Straftaten insgesamt,5315000,K ln,voll.,20085,11723,8362,135,69,66,931,503,428,1066,572,494,1287,702,585,1321,717,604,15139,8953,6186,1272,779,493,16411,9732,6679,2021
------,Straftaten insgesamt,5315000,K ln,vers.,1648,1079,569,16,7,9,88,39,49,104,46,58,106,68,38,102,62,40,1173,792,381,163,111,52,1336,903,433,2021
------,Straftaten insgesamt,5315000,K ln,insg.,21733,12802,8931,151,76,75,1019,542,477,1170,618,552,1393,770,623,1423,779,644,16312,9745,6567,1435,890,545,17747,10635,7112,2021
------,Straftaten insgesamt,5114000,Krefeld,voll.,3421,1898,1523,19,11,8,222,134,88,241,145,96,275,135,140,262,140,122,2391,1332,1059,252,146,106,2643,1478,1165,2021
------,Straftaten insgesamt,5114000,Krefeld,vers.,207,122,85,1,0,1,18,9,9,19,9,10,12,9,3,16,9,7,134,81,53,26,14,12,160,95,65,2021
------,Straftaten insgesamt,5114000,Krefeld,insg.,3628,2020,1608,20,11,9,240,143,97,260,154,106,287,144,143,278,149,129,2525,1413,1112,278,160,118,2803,1573,1230,2021
------,Straftaten insgesamt,14713000,Leipzig,voll.,8135,4941,3194,94,46,48,371,176,195,465,222,243,513,277,236,600,335,265,6153,3870,2283,404,237,167,6557,4107,2450,2021
------,Straftaten insgesamt,14713000,Leipzig,vers.,551,377,174,17,9,8,18,6,12,35,15,20,29,22,7,48,30,18,403,289,114,36,21,15,439,310,129,2021
------,Straftaten insgesamt,14713000,Leipzig,insg.,8686,5318,3368,111,55,56,389,182,207,500,237,263,542,299,243,648,365,283,6556,4159,2397,440,258,182,6996,4417,2579,2021
------,Straftaten insgesamt,5316000,Leverkusen,voll.,2209,1154,1055,21,7,14,150,70,80,171,77,94,188,93,95,153,83,70,1515,796,719,182,105,77,1697,901,796,2021
------,Straftaten insgesamt,5316000,Leverkusen,vers.,205,119,86,2,1,1,12,6,6,14,7,7,15,7,8,17,9,8,142,88,54,17,8,9,159,96,63,2021
------,Straftaten insgesamt,5316000,Leverkusen,insg.,2414,1273,1141,23,8,15,162,76,86,185,84,101,203,100,103,170,92,78,1657,884,773,199,113,86,1856,997,859,2021
------,Straftaten insgesamt,1003000,L beck,voll.,4241,2483,1758,43,21,22,190,102,88,233,123,110,297,155,142,333,194,139,3081,1843,1238,297,168,129,3378,2011,1367,2021
------,Straftaten insgesamt,1003000,L beck,vers.,299,196,103,7,5,2,11,7,4,18,12,6,27,15,12,23,18,5,207,136,71,24,15,9,231,151,80,2021
------,Straftaten insgesamt,1003000,L beck,insg.,4540,2679,1861,50,26,24,201,109,92,251,135,116,324,170,154,356,212,144,3288,1979,1309,321,183,138,3609,2162,1447,2021
------,Straftaten insgesamt,7314000,Ludwigshafen am Rhein,voll.,3245,1786,1459,29,12,17,254,145,109,283,157,126,276,155,121,264,142,122,2213,1209,1004,209,123,86,2422,1332,1090,2021
------,Straftaten insgesamt,7314000,Ludwigshafen am Rhein,vers.,282,181,101,0,0,0,28,17,11,28,17,11,31,24,7,21,17,4,184,113,71,18,10,8,202,123,79,2021
------,Straftaten insgesamt,7314000,Ludwigshafen am Rhein,insg.,3527,1967,1560,29,12,17,282,162,120,311,174,137,307,179,128,285,159,126,2397,1322,1075,227,133,94,2624,1455,1169,2021
------,Straftaten insgesamt,15003000,Magdeburg,voll.,3972,2389,1583,45,23,22,252,142,110,297,165,132,352,210,142,283,169,114,2767,1691,1076,273,154,119,3040,1845,1195,2021
------,Straftaten insgesamt,15003000,Magdeburg,vers.,255,172,83,2,2,0,20,11,9,22,13,9,22,14,8,21,16,5,168,113,55,22,16,6,190,129,61,2021
------,Straftaten insgesamt,15003000,Magdeburg,insg.,4227,2561,1666,47,25,22,272,153,119,319,178,141,374,224,150,304,185,119,2935,1804,1131,295,170,125,3230,1974,1256,2021
------,Straftaten insgesamt,7315000,Mainz,voll.,2446,1470,976,26,13,13,122,71,51,148,84,64,161,85,76,203,99,104,1786,1112,674,148,90,58,1934,1202,732,2021
------,Straftaten insgesamt,7315000,Mainz,vers.,209,148,61,1,0,1,6,5,1,7,5,2,18,14,4,19,12,7,148,107,41,17,10,7,165,117,48,2021
------,Straftaten insgesamt,7315000,Mainz,insg.,2655,1618,1037,27,13,14,128,76,52,155,89,66,179,99,80,222,111,111,1934,1219,715,165,100,65,2099,1319,780,2021
------,Straftaten insgesamt,8222000,Mannheim,voll.,3306,1869,1437,29,24,5,156,92,64,185,116,69,194,107,87,240,123,117,2469,1401,1068,218,122,96,2687,1523,1164,2021
------,Straftaten insgesamt,8222000,Mannheim,vers.,212,146,66,4,1,3,16,8,8,20,9,11,8,6,2,12,9,3,157,110,47,15,12,3,172,122,50,2021
------,Straftaten insgesamt,8222000,Mannheim,insg.,3518,2015,1503,33,25,8,172,100,72,205,125,80,202,113,89,252,132,120,2626,1511,1115,233,134,99,2859,1645,1214,2021
------,Straftaten insgesamt,5170024,Moers,voll.,1149,619,530,43,19,24,105,70,35,148,89,59,73,33,40,80,36,44,774,424,350,74,37,37,848,461,387,2021
------,Straftaten insgesamt,5170024,Moers,vers.,65,40,25,0,0,0,7,7,0,7,7,0,5,4,1,5,4,1,41,21,20,7,4,3,48,25,23,2021
------,Straftaten insgesamt,5170024,Moers,insg.,1214,659,555,43,19,24,112,77,35,155,96,59,78,37,41,85,40,45,815,445,370,81,41,40,896,486,410,2021
------,Straftaten insgesamt,5116000,M nchengladbach,voll.,3954,2169,1785,41,21,20,227,114,113,268,135,133,233,122,111,286,155,131,2880,1576,1304,287,181,106,3167,1757,1410,2021
------,Straftaten insgesamt,5116000,M nchengladbach,vers.,260,168,92,6,2,4,10,6,4,16,8,8,18,12,6,15,9,6,184,122,62,27,17,10,211,139,72,2021
------,Straftaten insgesamt,5116000,M nchengladbach,insg.,4214,2337,1877,47,23,24,237,120,117,284,143,141,251,134,117,301,164,137,3064,1698,1366,314,198,116,3378,1896,1482,2021
------,Straftaten insgesamt,5117000,M lheim an der Ruhr,voll.,1847,954,893,23,9,14,108,52,56,131,61,70,147,79,68,93,39,54,1306,684,622,170,91,79,1476,775,701,2021
------,Straftaten insgesamt,5117000,M lheim an der Ruhr,vers.,137,81,56,0,0,0,7,1,6,7,1,6,16,8,8,6,3,3,86,57,29,22,12,10,108,69,39,2021
------,Straftaten insgesamt,5117000,M lheim an der Ruhr,insg.,1984,1035,949,23,9,14,115,53,62,138,62,76,163,87,76,99,42,57,1392,741,651,192,103,89,1584,844,740,2021
------,Straftaten insgesamt,9162000,M nchen,voll.,14613,9052,5561,157,84,73,719,400,319,876,484,392,1035,568,467,1131,693,438,10717,6827,3890,854,480,374,11571,7307,4264,2021
------,Straftaten insgesamt,9162000,M nchen,vers.,1409,942,467,12,6,6,72,46,26,84,52,32,114,75,39,74,51,23,1044,712,332,93,52,41,1137,764,373,2021
------,Straftaten insgesamt,9162000,M nchen,insg.,16022,9994,6028,169,90,79,791,446,345,960,536,424,1149,643,506,1205,744,461,11761,7539,4222,947,532,415,12708,8071,4637,2021
------,Straftaten insgesamt,5515000,M nster,voll.,4157,2591,1566,38,21,17,175,100,75,213,121,92,256,148,108,366,232,134,3065,1924,1141,257,166,91,3322,2090,1232,2021
------,Straftaten insgesamt,5515000,M nster,vers.,338,229,109,3,1,2,9,6,3,12,7,5,17,15,2,26,18,8,245,162,83,38,27,11,283,189,94,2021
------,Straftaten insgesamt,5515000,M nster,insg.,4495,2820,1675,41,22,19,184,106,78,225,128,97,273,163,110,392,250,142,3310,2086,1224,295,193,102,3605,2279,1326,2021
------,Straftaten insgesamt,5162024,Neuss,voll.,1745,937,808,14,10,4,107,60,47,121,70,51,141,78,63,146,71,75,1211,649,562,126,69,57,1337,718,619,2021
------,Straftaten insgesamt,5162024,Neuss,vers.,115,82,33,2,1,1,7,7,0,9,8,1,12,10,2,12,5,7,71,51,20,11,8,3,82,59,23,2021
------,Straftaten insgesamt,5162024,Neuss,insg.,1860,1019,841,16,11,5,114,67,47,130,78,52,153,88,65,158,76,82,1282,700,582,137,77,60,1419,777,642,2021
------,Straftaten insgesamt,9564000,N rnberg,voll.,6581,3980,2601,66,35,31,393,241,152,459,276,183,501,248,253,487,261,226,4770,2978,1792,364,217,147,5134,3195,1939,2021
------,Straftaten insgesamt,9564000,N rnberg,vers.,607,421,186,6,4,2,25,14,11,31,18,13,38,28,10,51,36,15,444,315,129,43,24,19,487,339,148,2021
------,Straftaten insgesamt,9564000,N rnberg,insg.,7188,4401,2787,72,39,33,418,255,163,490,294,196,539,276,263,538,297,241,5214,3293,1921,407,241,166,5621,3534,2087,2021
------,Straftaten insgesamt,5119000,Oberhausen,voll.,2755,1556,1199,53,19,34,191,95,96,244,114,130,212,120,92,177,99,78,1934,1099,835,188,124,64,2122,1223,899,2021
------,Straftaten insgesamt,5119000,Oberhausen,vers.,151,98,53,1,1,0,15,8,7,16,9,7,10,7,3,19,11,8,90,61,29,16,10,6,106,71,35,2021
------,Straftaten insgesamt,5119000,Oberhausen,insg.,2906,1654,1252,54,20,34,206,103,103,260,123,137,222,127,95,196,110,86,2024,1160,864,204,134,70,2228,1294,934,2021
------,Straftaten insgesamt,6413000,Offenbach am Main,voll.,1360,710,650,19,14,5,61,28,33,80,42,38,98,40,58,81,38,43,1001,534,467,100,56,44,1101,590,511,2021
------,Straftaten insgesamt,6413000,Offenbach am Main,vers.,57,39,18,0,0,0,1,1,0,1,1,0,3,3,0,2,2,0,40,24,16,11,9,2,51,33,18,2021
------,Straftaten insgesamt,6413000,Offenbach am Main,insg.,1417,749,668,19,14,5,62,29,33,81,43,38,101,43,58,83,40,43,1041,558,483,111,65,46,1152,623,529,2021
------,Straftaten insgesamt,3403000,Oldenburg (Oldenburg),voll.,2041,1171,870,18,9,9,80,36,44,98,45,53,145,72,73,224,117,107,1485,882,603,89,55,34,1574,937,637,2021
------,Straftaten insgesamt,3403000,Oldenburg (Oldenburg),vers.,150,99,51,0,0,0,6,3,3,6,3,3,11,5,6,13,12,1,110,70,40,10,9,1,120,79,41,2021
------,Straftaten insgesamt,3403000,Oldenburg (Oldenburg),insg.,2191,1270,921,18,9,9,86,39,47,104,48,56,156,77,79,237,129,108,1595,952,643,99,64,35,1694,1016,678,2021
------,Straftaten insgesamt,3404000,Osnabr ck,voll.,2693,1552,1141,40,15,25,128,48,80,168,63,105,208,94,114,212,117,95,1953,1195,758,152,83,69,2105,1278,827,2021
------,Straftaten insgesamt,3404000,Osnabr ck,vers.,176,107,69,1,0,1,4,3,1,5,3,2,21,7,14,13,7,6,126,84,42,11,6,5,137,90,47,2021
------,Straftaten insgesamt,3404000,Osnabr ck,insg.,2869,1659,1210,41,15,26,132,51,81,173,66,107,229,101,128,225,124,101,2079,1279,800,163,89,74,2242,1368,874,2021
------,Straftaten insgesamt,5774032,Paderborn,voll.,2076,1209,867,18,10,8,86,29,57,104,39,65,114,54,60,202,123,79,1522,924,598,134,69,65,1656,993,663,2021
------,Straftaten insgesamt,5774032,Paderborn,vers.,209,121,88,4,2,2,6,2,4,10,4,6,8,6,2,17,10,7,154,95,59,20,6,14,174,101,73,2021
------,Straftaten insgesamt,5774032,Paderborn,insg.,2285,1330,955,22,12,10,92,31,61,114,43,71,122,60,62,219,133,86,1676,1019,657,154,75,79,1830,1094,736,2021
------,Straftaten insgesamt,8231000,Pforzheim,voll.,1844,1074,770,19,15,4,96,50,46,115,65,50,151,86,65,184,98,86,1268,743,525,126,82,44,1394,825,569,2021
------,Straftaten insgesamt,8231000,Pforzheim,vers.,100,71,29,0,0,0,2,1,1,2,1,1,3,3,0,7,5,2,77,57,20,11,5,6,88,62,26,2021
------,Straftaten insgesamt,8231000,Pforzheim,insg.,1944,1145,799,19,15,4,98,51,47,117,66,51,154,89,65,191,103,88,1345,800,545,137,87,50,1482,887,595,2021
------,Straftaten insgesamt,12054000,Potsdam,voll.,1919,1120,799,39,23,16,139,80,59,178,103,75,146,81,65,137,83,54,1343,805,538,115,48,67,1458,853,605,2021
------,Straftaten insgesamt,12054000,Potsdam,vers.,156,94,62,4,2,2,11,4,7,15,6,9,17,9,8,10,9,1,108,67,41,6,3,3,114,70,44,2021
------,Straftaten insgesamt,12054000,Potsdam,insg.,2075,1214,861,43,25,18,150,84,66,193,109,84,163,90,73,147,92,55,1451,872,579,121,51,70,1572,923,649,2021
------,Straftaten insgesamt,5562032,Recklinghausen,voll.,1677,921,756,15,10,5,98,61,37,113,71,42,121,60,61,112,59,53,1197,661,536,134,70,64,1331,731,600,2021
------,Straftaten insgesamt,5562032,Recklinghausen,vers.,161,96,65,4,3,1,4,2,2,8,5,3,4,1,3,14,10,4,112,68,44,23,12,11,135,80,55,2021
------,Straftaten insgesamt,5562032,Recklinghausen,insg.,1838,1017,821,19,13,6,102,63,39,121,76,45,125,61,64,126,69,57,1309,729,580,157,82,75,1466,811,655,2021
------,Straftaten insgesamt,9362000,Regensburg,voll.,1675,1002,673,17,6,11,54,33,21,71,39,32,94,41,53,153,78,75,1258,790,468,99,54,45,1357,844,513,2021
------,Straftaten insgesamt,9362000,Regensburg,vers.,160,101,59,1,1,0,2,2,0,3,3,0,8,4,4,7,3,4,134,87,47,8,4,4,142,91,51,2021
------,Straftaten insgesamt,9362000,Regensburg,insg.,1835,1103,732,18,7,11,56,35,21,74,42,32,102,45,57,160,81,79,1392,877,515,107,58,49,1499,935,564,2021
------,Straftaten insgesamt,5120000,Remscheid,voll.,1489,789,700,16,5,11,102,49,53,118,54,64,134,68,66,92,47,45,1016,543,473,129,77,52,1145,620,525,2021
------,Straftaten insgesamt,5120000,Remscheid,vers.,138,80,58,1,1,0,9,3,6,10,4,6,13,5,8,10,7,3,89,59,30,16,5,11,105,64,41,2021
------,Straftaten insgesamt,5120000,Remscheid,insg.,1627,869,758,17,6,11,111,52,59,128,58,70,147,73,74,102,54,48,1105,602,503,145,82,63,1250,684,566,2021
------,Straftaten insgesamt,8415061,Reutlingen,voll.,1389,820,569,14,9,5,93,62,31,107,71,36,92,46,46,102,59,43,1010,589,421,78,55,23,1088,644,444,2021
------,Straftaten insgesamt,8415061,Reutlingen,vers.,105,70,35,0,0,0,3,1,2,3,1,2,12,3,9,5,3,2,76,56,20,9,7,2,85,63,22,2021
------,Straftaten insgesamt,8415061,Reutlingen,insg.,1494,890,604,14,9,5,96,63,33,110,72,38,104,49,55,107,62,45,1086,645,441,87,62,25,1173,707,466,2021
------,Straftaten insgesamt,13003000,Rostock,voll.,3093,1814,1279,89,55,34,250,133,117,339,188,151,295,145,150,245,145,100,2046,1252,794,168,84,84,2214,1336,878,2021
------,Straftaten insgesamt,13003000,Rostock,vers.,253,165,88,6,4,2,35,18,17,41,22,19,22,11,11,17,11,6,161,117,44,12,4,8,173,121,52,2021
------,Straftaten insgesamt,13003000,Rostock,insg.,3346,1979,1367,95,59,36,285,151,134,380,210,170,317,156,161,262,156,106,2207,1369,838,180,88,92,2387,1457,930,2021
------,Straftaten insgesamt,10041100,Saarbr cken,voll.,3854,2377,1477,33,20,13,169,87,82,202,107,95,256,141,115,315,180,135,2771,1750,1021,310,199,111,3081,1949,1132,2021
------,Straftaten insgesamt,10041100,Saarbr cken,vers.,362,248,114,2,1,1,9,5,4,11,6,5,25,22,3,29,20,9,262,178,84,35,22,13,297,200,97,2021
------,Straftaten insgesamt,10041100,Saarbr cken,insg.,4216,2625,1591,35,21,14,178,92,86,213,113,100,281,163,118,344,200,144,3033,1928,1105,345,221,124,3378,2149,1229,2021
------,Straftaten insgesamt,3102000,Salzgitter,voll.,1426,797,629,24,13,11,125,75,50,149,88,61,120,72,48,117,51,66,969,536,433,71,50,21,1040,586,454,2021
------,Straftaten insgesamt,3102000,Salzgitter,vers.,77,41,36,2,2,0,11,3,8,13,5,8,4,2,2,6,5,1,50,26,24,4,3,1,54,29,25,2021
------,Straftaten insgesamt,3102000,Salzgitter,insg.,1503,838,665,26,15,11,136,78,58,162,93,69,124,74,50,123,56,67,1019,562,457,75,53,22,1094,615,479,2021
------,Straftaten insgesamt,13004000,Schwerin,voll.,1968,1201,767,18,9,9,141,75,66,159,84,75,150,91,59,161,107,54,1391,859,532,107,60,47,1498,919,579,2021
------,Straftaten insgesamt,13004000,Schwerin,vers.,121,89,32,1,0,1,12,10,2,13,10,3,10,5,5,5,3,2,83,64,19,10,7,3,93,71,22,2021
------,Straftaten insgesamt,13004000,Schwerin,insg.,2089,1290,799,19,9,10,153,85,68,172,94,78,160,96,64,166,110,56,1474,923,551,117,67,50,1591,990,601,2021
------,Straftaten insgesamt,5970040,Siegen,voll.,1580,917,663,18,13,5,70,34,36,88,47,41,132,59,73,113,60,53,1153,690,463,94,61,33,1247,751,496,2021
------,Straftaten insgesamt,5970040,Siegen,vers.,161,103,58,4,4,0,7,5,2,11,9,2,9,8,1,13,5,8,116,73,43,12,8,4,128,81,47,2021
------,Straftaten insgesamt,5970040,Siegen,insg.,1741,1020,721,22,17,5,77,39,38,99,56,43,141,67,74,126,65,61,1269,763,506,106,69,37,1375,832,543,2021
------,Straftaten insgesamt,5122000,Solingen,voll.,1994,1057,937,36,13,23,150,92,58,186,105,81,170,93,77,130,70,60,1323,680,643,185,109,76,1508,789,719,2021
------,Straftaten insgesamt,5122000,Solingen,vers.,175,94,81,2,2,0,7,3,4,9,5,4,15,9,6,13,10,3,123,62,61,15,8,7,138,70,68,2021
------,Straftaten insgesamt,5122000,Solingen,insg.,2169,1151,1018,38,15,23,157,95,62,195,110,85,185,102,83,143,80,63,1446,742,704,200,117,83,1646,859,787,2021
------,Straftaten insgesamt,8111000,Stuttgart,voll.,9634,6000,3634,68,43,25,400,223,177,468,266,202,630,323,307,749,428,321,7240,4668,2572,547,315,232,7787,4983,2804,2021
------,Straftaten insgesamt,8111000,Stuttgart,vers.,886,628,258,6,2,4,29,20,9,35,22,13,54,38,16,50,35,15,695,497,198,52,36,16,747,533,214,2021
------,Straftaten insgesamt,8111000,Stuttgart,insg.,10520,6628,3892,74,45,29,429,243,186,503,288,215,684,361,323,799,463,336,7935,5165,2770,599,351,248,8534,5516,3018,2021
------,Straftaten insgesamt,7211000,Trier,voll.,1814,1064,750,12,7,5,80,40,40,92,47,45,115,63,52,183,105,78,1328,803,525,96,46,50,1424,849,575,2021
------,Straftaten insgesamt,7211000,Trier,vers.,151,94,57,2,2,0,1,0,1,3,2,1,12,9,3,11,9,2,113,66,47,12,8,4,125,74,51,2021
------,Straftaten insgesamt,7211000,Trier,insg.,1965,1158,807,14,9,5,81,40,41,95,49,46,127,72,55,194,114,80,1441,869,572,108,54,54,1549,923,626,2021
------,Straftaten insgesamt,8421000,Ulm,voll.,1589,902,687,24,15,9,77,34,43,101,49,52,156,72,84,165,84,81,1069,648,421,98,49,49,1167,697,470,2021
------,Straftaten insgesamt,8421000,Ulm,vers.,80,51,29,1,1,0,6,0,6,7,1,6,5,3,2,5,5,0,54,37,17,9,5,4,63,42,21,2021
------,Straftaten insgesamt,8421000,Ulm,insg.,1669,953,716,25,16,9,83,34,49,108,50,58,161,75,86,170,89,81,1123,685,438,107,54,53,1230,739,491,2021
------,Straftaten insgesamt,6414000,Wiesbaden,voll.,4032,2162,1870,37,20,17,174,88,86,211,108,103,247,115,132,328,163,165,2970,1619,1351,276,157,119,3246,1776,1470,2021
------,Straftaten insgesamt,6414000,Wiesbaden,vers.,250,166,84,0,0,0,9,5,4,9,5,4,16,13,3,18,10,8,191,126,65,16,12,4,207,138,69,2021
------,Straftaten insgesamt,6414000,Wiesbaden,insg.,4282,2328,1954,37,20,17,183,93,90,220,113,107,263,128,135,346,173,173,3161,1745,1416,292,169,123,3453,1914,1539,2021
------,Straftaten insgesamt,3103000,Wolfsburg,voll.,1468,824,644,31,14,17,92,47,45,123,61,62,91,50,41,97,43,54,1068,628,440,89,42,47,1157,670,487,2021
------,Straftaten insgesamt,3103000,Wolfsburg,vers.,62,35,27,0,0,0,4,1,3,4,1,3,4,3,1,6,2,4,39,24,15,9,5,4,48,29,19,2021
------,Straftaten insgesamt,3103000,Wolfsburg,insg.,1530,859,671,31,14,17,96,48,48,127,62,65,95,53,42,103,45,58,1107,652,455,98,47,51,1205,699,506,2021
------,Straftaten insgesamt,5124000,Wuppertal,voll.,5775,3144,2631,61,29,32,342,174,168,403,203,200,441,239,202,430,226,204,4116,2249,1867,385,227,158,4501,2476,2025,2021
------,Straftaten insgesamt,5124000,Wuppertal,vers.,446,261,185,4,1,3,29,14,15,33,15,18,34,16,18,25,17,8,315,190,125,39,23,16,354,213,141,2021
------,Straftaten insgesamt,5124000,Wuppertal,insg.,6221,3405,2816,65,30,35,371,188,183,436,218,218,475,255,220,455,243,212,4431,2439,1992,424,250,174,4855,2689,2166,2021
------,Straftaten insgesamt,9663000,W rzburg,voll.,1329,810,519,10,4,6,69,34,35,79,38,41,118,57,61,116,72,44,937,595,342,79,48,31,1016,643,373,2021
------,Straftaten insgesamt,9663000,W rzburg,vers.,152,99,53,2,2,0,4,0,4,6,2,4,2,1,1,10,7,3,119,85,34,15,4,11,134,89,45,2021
------,Straftaten insgesamt,9663000,W rzburg,insg.,1481,909,572,12,6,6,73,34,39,85,40,45,120,58,62,126,79,47,1056,680,376,94,52,42,1150,732,418,2021
111000,"Vergewaltigung, sexuelle N tigung und sexueller  bergriff im besonders schweren Fall einschl. mit Todesfolge    177, 178 StGB",5334002,Aachen,voll.,35,1,34,0,0,0,0,0,0,0,0,0,10,0,10,9,0,9,16,1,15,0,0,0,16,1,15,2021
111000,"Vergewaltigung, sexuelle N tigung und sexueller  bergriff im besonders schweren Fall einschl. mit Todesfolge    177, 178 StGB",5334002,Aachen,vers.,4,0,4,0,0,0,0,0,0,0,0,0,1,0,1,0,0,0,3,0,3,0,0,0,3,0,3,2021
111000,"Vergewaltigung, sexuelle N tigung und sexueller  bergriff im besonders schweren Fall einschl. mit Todesfolge    177, 178 StGB",5334002,Aachen,insg.,39,1,38,0,0,0,0,0,0,0,0,0,11,0,11,9,0,9,19,1,18,0,0,0,19,1,18,2021
111000,"Vergewaltigung, sexuelle N tigung und sexueller  bergriff im besonders schweren Fall einschl. mit Todesfolge    177, 178 StGB",9761000,Augsburg,voll.,28,1,27,0,0,0,0,0,0,0,0,0,10,0,10,4,1,3,13,0,13,1,0,1,14,0,14,2021
111000,"Vergewaltigung, sexuelle N tigung und sexueller  bergriff im besonders schweren Fall einschl. mit Todesfolge    177, 178 StGB",9761000,Augsburg,vers.,1,0,1,0,0,0,0,0,0,0,0,0,0,0,0,0,0,0,1,0,1,0,0,0,1,0,1,2021
111000,"Vergewaltigung, sexuelle N tigung und sexueller  bergriff im besonders schweren Fall einschl. mit Todesfolge    177, 178 StGB",9761000,Augsburg,insg.,29,1,28,0,0,0,0,0,0,0,0,0,10,0,10,4,1,3,14,0,14,1,0,1,15,0,15,2021
111000,"Vergewaltigung, sexuelle N tigung und sexueller  bergriff im besonders schweren Fall einschl. mit Todesfolge    177, 178 StGB",5378004,Bergisch Gladbach,voll.,5,0,5,0,0,0,0,0,0,0,0,0,3,0,3,1,0,1,1,0,1,0,0,0,1,0,1,2021
111000,"Vergewaltigung, sexuelle N tigung und sexueller  bergriff im besonders schweren Fall einschl. mit Todesfolge    177, 178 StGB",5378004,Bergisch Gladbach,vers.,1,0,1,0,0,0,0,0,0,0,0,0,0,0,0,1,0,1,0,0,0,0,0,0,0,0,0,2021
111000,"Vergewaltigung, sexuelle N tigung und sexueller  bergriff im besonders schweren Fall einschl. mit Todesfolge    177, 178 StGB",5378004,Bergisch Gladbach,insg.,6,0,6,0,0,0,0,0,0,0,0,0,3,0,3,2,0,2,1,0,1,0,0,0,1,0,1,2021
111000,"Vergewaltigung, sexuelle N tigung und sexueller  bergriff im besonders schweren Fall einschl. mit Todesfolge    177, 178 StGB",11000000,Berlin,voll.,883,94,789,1,0,1,24,3,21,25,3,22,188,7,181,128,8,120,533,75,458,9,1,8,542,76,466,2021
111000,"Vergewaltigung, sexuelle N tigung und sexueller  bergriff im besonders schweren Fall einschl. mit Todesfolge    177, 178 StGB",11000000,Berlin,vers.,87,5,82,1,1,0,0,0,0,1,1,0,12,1,11,12,0,12,59,3,56,3,0,3,62,3,59,2021
111000,"Vergewaltigung, sexuelle N tigung und sexueller  bergriff im besonders schweren Fall einschl. mit Todesfolge    177, 178 StGB",11000000,Berlin,insg.,970,99,871,2,1,1,24,3,21,26,4,22,200,8,192,140,8,132,592,78,514,12,1,11,604,79,525,2021
111000,"Vergewaltigung, sexuelle N tigung und sexueller  bergriff im besonders schweren Fall einschl. mit Todesfolge    177, 178 StGB",5711000,Bielefeld,voll.,50,0,50,0,0,0,1,0,1,1,0,1,8,0,8,5,0,5,35,0,35,1,0,1,36,0,36,2021
111000,"Vergewaltigung, sexuelle N tigung und sexueller  bergriff im besonders schweren Fall einschl. mit Todesfolge    177, 178 StGB",5711000,Bielefeld,vers.,7,0,7,0,0,0,0,0,0,0,0,0,1,0,1,2,0,2,4,0,4,0,0,0,4,0,4,2021
111000,"Vergewaltigung, sexuelle N tigung und sexueller  bergriff im besonders schweren Fall einschl. mit Todesfolge    177, 178 StGB",5711000,Bielefeld,insg.,57,0,57,0,0,0,1,0,1,1,0,1,9,0,9,7,0,7,39,0,39,1,0,1,40,0,40,2021
111000,"Vergewaltigung, sexuelle N tigung und sexueller  bergriff im besonders schweren Fall einschl. mit Todesfolge    177, 178 StGB",5911000,Bochum,voll.,40,4,36,0,0,0,2,0,2,2,0,2,9,1,8,5,0,5,24,3,21,0,0,0,24,3,21,2021
111000,"Vergewaltigung, sexuelle N tigung und sexueller  bergriff im besonders schweren Fall einschl. mit Todesfolge    177, 178 StGB",5911000,Bochum,vers.,5,0,5,0,0,0,0,0,0,0,0,0,0,0,0,1,0,1,4,0,4,0,0,0,4,0,4,2021
111000,"Vergewaltigung, sexuelle N tigung und sexueller  bergriff im besonders schweren Fall einschl. mit Todesfolge    177, 178 StGB",5911000,Bochum,insg.,45,4,41,0,0,0,2,0,2,2,0,2,9,1,8,6,0,6,28,3,25,0,0,0,28,3,25,2021
111000,"Vergewaltigung, sexuelle N tigung und sexueller  bergriff im besonders schweren Fall einschl. mit Todesfolge    177, 178 StGB",5314000,Bonn,voll.,54,3,51,0,0,0,0,0,0,0,0,0,11,0,11,10,0,10,33,3,30,0,0,0,33,3,30,2021
111000,"Vergewaltigung, sexuelle N tigung und sexueller  bergriff im besonders schweren Fall einschl. mit Todesfolge    177, 178 StGB",5314000,Bonn,vers.,5,2,3,0,0,0,0,0,0,0,0,0,0,0,0,0,0,0,5,2,3,0,0,0,5,2,3,2021
111000,"Vergewaltigung, sexuelle N tigung und sexueller  bergriff im besonders schweren Fall einschl. mit Todesfolge    177, 178 StGB",5314000,Bonn,insg.,59,5,54,0,0,0,0,0,0,0,0,0,11,0,11,10,0,10,38,5,33,0,0,0,38,5,33,2021
111000,"Vergewaltigung, sexuelle N tigung und sexueller  bergriff im besonders schweren Fall einschl. mit Todesfolge    177, 178 StGB",5512000,Bottrop,voll.,12,1,11,0,0,0,0,0,0,0,0,0,3,0,3,1,0,1,8,1,7,0,0,0,8,1,7,2021
111000,"Vergewaltigung, sexuelle N tigung und sexueller  bergriff im besonders schweren Fall einschl. mit Todesfolge    177, 178 StGB",5512000,Bottrop,vers.,0,0,0,0,0,0,0,0,0,0,0,0,0,0,0,0,0,0,0,0,0,0,0,0,0,0,0,2021
111000,"Vergewaltigung, sexuelle N tigung und sexueller  bergriff im besonders schweren Fall einschl. mit Todesfolge    177, 178 StGB",5512000,Bottrop,insg.,12,1,11,0,0,0,0,0,0,0,0,0,3,0,3,1,0,1,8,1,7,0,0,0,8,1,7,2021
111000,"Vergewaltigung, sexuelle N tigung und sexueller  bergriff im besonders schweren Fall einschl. mit Todesfolge    177, 178 StGB",3101000,Braunschweig,voll.,39,2,37,0,0,0,2,0,2,2,0,2,3,0,3,7,0,7,27,2,25,0,0,0,27,2,25,2021
111000,"Vergewaltigung, sexuelle N tigung und sexueller  bergriff im besonders schweren Fall einschl. mit Todesfolge    177, 178 StGB",3101000,Braunschweig,vers.,2,0,2,0,0,0,0,0,0,0,0,0,1,0,1,0,0,0,1,0,1,0,0,0,1,0,1,2021
111000,"Vergewaltigung, sexuelle N tigung und sexueller  bergriff im besonders schweren Fall einschl. mit Todesfolge    177, 178 StGB",3101000,Braunschweig,insg.,41,2,39,0,0,0,2,0,2,2,0,2,4,0,4,7,0,7,28,2,26,0,0,0,28,2,26,2021
111000,"Vergewaltigung, sexuelle N tigung und sexueller  bergriff im besonders schweren Fall einschl. mit Todesfolge    177, 178 StGB",4011000,Bremen,voll.,121,6,115,0,0,0,2,0,2,2,0,2,15,1,14,24,2,22,77,3,74,3,0,3,80,3,77,2021
111000,"Vergewaltigung, sexuelle N tigung und sexueller  bergriff im besonders schweren Fall einschl. mit Todesfolge    177, 178 StGB",4011000,Bremen,vers.,7,0,7,0,0,0,1,0,1,1,0,1,0,0,0,1,0,1,5,0,5,0,0,0,5,0,5,2021
111000,"Vergewaltigung, sexuelle N tigung und sexueller  bergriff im besonders schweren Fall einschl. mit Todesfolge    177, 178 StGB",4011000,Bremen,insg.,128,6,122,0,0,0,3,0,3,3,0,3,15,1,14,25,2,23,82,3,79,3,0,3,85,3,82,2021
111000,"Vergewaltigung, sexuelle N tigung und sexueller  bergriff im besonders schweren Fall einschl. mit Todesfolge    177, 178 StGB",4012000,Bremerhaven,voll.,34,2,32,0,0,0,1,0,1,1,0,1,9,0,9,3,1,2,20,1,19,1,0,1,21,1,20,2021
111000,"Vergewaltigung, sexuelle N tigung und sexueller  bergriff im besonders schweren Fall einschl. mit Todesfolge    177, 178 StGB",4012000,Bremerhaven,vers.,3,0,3,0,0,0,0,0,0,0,0,0,1,0,1,0,0,0,2,0,2,0,0,0,2,0,2,2021
111000,"Vergewaltigung, sexuelle N tigung und sexueller  bergriff im besonders schweren Fall einschl. mit Todesfolge    177, 178 StGB",4012000,Bremerhaven,insg.,37,2,35,0,0,0,1,0,1,1,0,1,10,0,10,3,1,2,22,1,21,1,0,1,23,1,22,2021
111000,"Vergewaltigung, sexuelle N tigung und sexueller  bergriff im besonders schweren Fall einschl. mit Todesfolge    177, 178 StGB",14511000,Chemnitz,voll.,27,3,24,0,0,0,0,0,0,0,0,0,8,1,7,7,0,7,12,2,10,0,0,0,12,2,10,2021
111000,"Vergewaltigung, sexuelle N tigung und sexueller  bergriff im besonders schweren Fall einschl. mit Todesfolge    177, 178 StGB",14511000,Chemnitz,vers.,1,0,1,0,0,0,0,0,0,0,0,0,0,0,0,1,0,1,0,0,0,0,0,0,0,0,0,2021
111000,"Vergewaltigung, sexuelle N tigung und sexueller  bergriff im besonders schweren Fall einschl. mit Todesfolge    177, 178 StGB",14511000,Chemnitz,insg.,28,3,25,0,0,0,0,0,0,0,0,0,8,1,7,8,0,8,12,2,10,0,0,0,12,2,10,2021
111000,"Vergewaltigung, sexuelle N tigung und sexueller  bergriff im besonders schweren Fall einschl. mit Todesfolge    177, 178 StGB",12052000,Cottbus,voll.,8,0,8,0,0,0,0,0,0,0,0,0,3,0,3,0,0,0,5,0,5,0,0,0,5,0,5,2021
111000,"Vergewaltigung, sexuelle N tigung und sexueller  bergriff im besonders schweren Fall einschl. mit Todesfolge    177, 178 StGB",12052000,Cottbus,vers.,1,0,1,0,0,0,0,0,0,0,0,0,0,0,0,0,0,0,1,0,1,0,0,0,1,0,1,2021
111000,"Vergewaltigung, sexuelle N tigung und sexueller  bergriff im besonders schweren Fall einschl. mit Todesfolge    177, 178 StGB",12052000,Cottbus,insg.,9,0,9,0,0,0,0,0,0,0,0,0,3,0,3,0,0,0,6,0,6,0,0,0,6,0,6,2021
111000,"Vergewaltigung, sexuelle N tigung und sexueller  bergriff im besonders schweren Fall einschl. mit Todesfolge    177, 178 StGB",6411000,Darmstadt,voll.,19,0,19,0,0,0,0,0,0,0,0,0,0,0,0,8,0,8,11,0,11,0,0,0,11,0,11,2021
111000,"Vergewaltigung, sexuelle N tigung und sexueller  bergriff im besonders schweren Fall einschl. mit Todesfolge    177, 178 StGB",6411000,Darmstadt,vers.,6,0,6,0,0,0,0,0,0,0,0,0,2,0,2,0,0,0,4,0,4,0,0,0,4,0,4,2021
111000,"Vergewaltigung, sexuelle N tigung und sexueller  bergriff im besonders schweren Fall einschl. mit Todesfolge    177, 178 StGB",6411000,Darmstadt,insg.,25,0,25,0,0,0,0,0,0,0,0,0,2,0,2,8,0,8,15,0,15,0,0,0,15,0,15,2021
111000,"Vergewaltigung, sexuelle N tigung und sexueller  bergriff im besonders schweren Fall einschl. mit Todesfolge    177, 178 StGB",5913000,Dortmund,voll.,112,5,107,0,0,0,1,1,0,1,1,0,27,0,27,18,2,16,65,2,63,1,0,1,66,2,64,2021
111000,"Vergewaltigung, sexuelle N tigung und sexueller  bergriff im besonders schweren Fall einschl. mit Todesfolge    177, 178 StGB",5913000,Dortmund,vers.,12,1,11,0,0,0,0,0,0,0,0,0,1,0,1,2,0,2,9,1,8,0,0,0,9,1,8,2021
111000,"Vergewaltigung, sexuelle N tigung und sexueller  bergriff im besonders schweren Fall einschl. mit Todesfolge    177, 178 StGB",5913000,Dortmund,insg.,124,6,118,0,0,0,1,1,0,1,1,0,28,0,28,20,2,18,74,3,71,1,0,1,75,3,72,2021
111000,"Vergewaltigung, sexuelle N tigung und sexueller  bergriff im besonders schweren Fall einschl. mit Todesfolge    177, 178 StGB",14612000,Dresden,voll.,42,5,37,1,0,1,0,0,0,1,0,1,13,1,12,6,1,5,21,3,18,1,0,1,22,3,19,2021
111000,"Vergewaltigung, sexuelle N tigung und sexueller  bergriff im besonders schweren Fall einschl. mit Todesfolge    177, 178 StGB",14612000,Dresden,vers.,2,0,2,0,0,0,0,0,0,0,0,0,0,0,0,0,0,0,2,0,2,0,0,0,2,0,2,2021
111000,"Vergewaltigung, sexuelle N tigung und sexueller  bergriff im besonders schweren Fall einschl. mit Todesfolge    177, 178 StGB",14612000,Dresden,insg.,44,5,39,1,0,1,0,0,0,1,0,1,13,1,12,6,1,5,23,3,20,1,0,1,24,3,21,2021
111000,"Vergewaltigung, sexuelle N tigung und sexueller  bergriff im besonders schweren Fall einschl. mit Todesfolge    177, 178 StGB",5112000,Duisburg,voll.,56,4,52,0,0,0,0,0,0,0,0,0,14,0,14,12,1,11,29,3,26,1,0,1,30,3,27,2021
111000,"Vergewaltigung, sexuelle N tigung und sexueller  bergriff im besonders schweren Fall einschl. mit Todesfolge    177, 178 StGB",5112000,Duisburg,vers.,6,1,5,0,0,0,0,0,0,0,0,0,1,0,1,0,0,0,5,1,4,0,0,0,5,1,4,2021
111000,"Vergewaltigung, sexuelle N tigung und sexueller  bergriff im besonders schweren Fall einschl. mit Todesfolge    177, 178 StGB",5112000,Duisburg,insg.,62,5,57,0,0,0,0,0,0,0,0,0,15,0,15,12,1,11,34,4,30,1,0,1,35,4,31,2021
111000,"Vergewaltigung, sexuelle N tigung und sexueller  bergriff im besonders schweren Fall einschl. mit Todesfolge    177, 178 StGB",5111000,D sseldorf,voll.,105,4,101,0,0,0,2,0,2,2,0,2,19,0,19,20,0,20,62,3,59,2,1,1,64,4,60,2021
111000,"Vergewaltigung, sexuelle N tigung und sexueller  bergriff im besonders schweren Fall einschl. mit Todesfolge    177, 178 StGB",5111000,D sseldorf,vers.,10,1,9,0,0,0,0,0,0,0,0,0,3,0,3,3,1,2,4,0,4,0,0,0,4,0,4,2021
111000,"Vergewaltigung, sexuelle N tigung und sexueller  bergriff im besonders schweren Fall einschl. mit Todesfolge    177, 178 StGB",5111000,D sseldorf,insg.,115,5,110,0,0,0,2,0,2,2,0,2,22,0,22,23,1,22,66,3,63,2,1,1,68,4,64,2021
111000,"Vergewaltigung, sexuelle N tigung und sexueller  bergriff im besonders schweren Fall einschl. mit Todesfolge    177, 178 StGB",16051000,Erfurt,voll.,10,1,9,0,0,0,0,0,0,0,0,0,4,0,4,0,0,0,6,1,5,0,0,0,6,1,5,2021
111000,"Vergewaltigung, sexuelle N tigung und sexueller  bergriff im besonders schweren Fall einschl. mit Todesfolge    177, 178 StGB",16051000,Erfurt,vers.,1,0,1,0,0,0,0,0,0,0,0,0,0,0,0,1,0,1,0,0,0,0,0,0,0,0,0,2021
111000,"Vergewaltigung, sexuelle N tigung und sexueller  bergriff im besonders schweren Fall einschl. mit Todesfolge    177, 178 StGB",16051000,Erfurt,insg.,11,1,10,0,0,0,0,0,0,0,0,0,4,0,4,1,0,1,6,1,5,0,0,0,6,1,5,2021
111000,"Vergewaltigung, sexuelle N tigung und sexueller  bergriff im besonders schweren Fall einschl. mit Todesfolge    177, 178 StGB",9562000,Erlangen,voll.,19,0,19,0,0,0,0,0,0,0,0,0,6,0,6,6,0,6,7,0,7,0,0,0,7,0,7,2021
111000,"Vergewaltigung, sexuelle N tigung und sexueller  bergriff im besonders schweren Fall einschl. mit Todesfolge    177, 178 StGB",9562000,Erlangen,vers.,1,0,1,0,0,0,0,0,0,0,0,0,0,0,0,0,0,0,1,0,1,0,0,0,1,0,1,2021
111000,"Vergewaltigung, sexuelle N tigung und sexueller  bergriff im besonders schweren Fall einschl. mit Todesfolge    177, 178 StGB",9562000,Erlangen,insg.,20,0,20,0,0,0,0,0,0,0,0,0,6,0,6,6,0,6,8,0,8,0,0,0,8,0,8,2021
111000,"Vergewaltigung, sexuelle N tigung und sexueller  bergriff im besonders schweren Fall einschl. mit Todesfolge    177, 178 StGB",5113000,Essen,voll.,106,9,97,0,0,0,2,0,2,2,0,2,25,1,24,23,1,22,55,7,48,1,0,1,56,7,49,2021
111000,"Vergewaltigung, sexuelle N tigung und sexueller  bergriff im besonders schweren Fall einschl. mit Todesfolge    177, 178 StGB",5113000,Essen,vers.,12,0,12,0,0,0,0,0,0,0,0,0,0,0,0,6,0,6,6,0,6,0,0,0,6,0,6,2021
111000,"Vergewaltigung, sexuelle N tigung und sexueller  bergriff im besonders schweren Fall einschl. mit Todesfolge    177, 178 StGB",5113000,Essen,insg.,118,9,109,0,0,0,2,0,2,2,0,2,25,1,24,29,1,28,61,7,54,1,0,1,62,7,55,2021
111000,"Vergewaltigung, sexuelle N tigung und sexueller  bergriff im besonders schweren Fall einschl. mit Todesfolge    177, 178 StGB",6412000,Frankfurt am Main,voll.,143,7,136,0,0,0,0,0,0,0,0,0,30,1,29,23,2,21,83,4,79,7,0,7,90,4,86,2021
111000,"Vergewaltigung, sexuelle N tigung und sexueller  bergriff im besonders schweren Fall einschl. mit Todesfolge    177, 178 StGB",6412000,Frankfurt am Main,vers.,7,0,7,0,0,0,0,0,0,0,0,0,1,0,1,1,0,1,5,0,5,0,0,0,5,0,5,2021
111000,"Vergewaltigung, sexuelle N tigung und sexueller  bergriff im besonders schweren Fall einschl. mit Todesfolge    177, 178 StGB",6412000,Frankfurt am Main,insg.,150,7,143,0,0,0,0,0,0,0,0,0,31,1,30,24,2,22,88,4,84,7,0,7,95,4,91,2021
111000,"Vergewaltigung, sexuelle N tigung und sexueller  bergriff im besonders schweren Fall einschl. mit Todesfolge    177, 178 StGB",8311000,Freiburg im Breisgau,voll.,20,0,20,0,0,0,0,0,0,0,0,0,5,0,5,6,0,6,9,0,9,0,0,0,9,0,9,2021
111000,"Vergewaltigung, sexuelle N tigung und sexueller  bergriff im besonders schweren Fall einschl. mit Todesfolge    177, 178 StGB",8311000,Freiburg im Breisgau,vers.,1,0,1,0,0,0,0,0,0,0,0,0,0,0,0,0,0,0,0,0,0,1,0,1,1,0,1,2021
111000,"Vergewaltigung, sexuelle N tigung und sexueller  bergriff im besonders schweren Fall einschl. mit Todesfolge    177, 178 StGB",8311000,Freiburg im Breisgau,insg.,21,0,21,0,0,0,0,0,0,0,0,0,5,0,5,6,0,6,9,0,9,1,0,1,10,0,10,2021
111000,"Vergewaltigung, sexuelle N tigung und sexueller  bergriff im besonders schweren Fall einschl. mit Todesfolge    177, 178 StGB",9563000,F rth,voll.,7,0,7,0,0,0,0,0,0,0,0,0,1,0,1,1,0,1,5,0,5,0,0,0,5,0,5,2021
111000,"Vergewaltigung, sexuelle N tigung und sexueller  bergriff im besonders schweren Fall einschl. mit Todesfolge    177, 178 StGB",9563000,F rth,vers.,1,0,1,0,0,0,0,0,0,0,0,0,1,0,1,0,0,0,0,0,0,0,0,0,0,0,0,2021
111000,"Vergewaltigung, sexuelle N tigung und sexueller  bergriff im besonders schweren Fall einschl. mit Todesfolge    177, 178 StGB",9563000,F rth,insg.,8,0,8,0,0,0,0,0,0,0,0,0,2,0,2,1,0,1,5,0,5,0,0,0,5,0,5,2021
111000,"Vergewaltigung, sexuelle N tigung und sexueller  bergriff im besonders schweren Fall einschl. mit Todesfolge    177, 178 StGB",5513000,Gelsenkirchen,voll.,43,3,40,0,0,0,0,0,0,0,0,0,9,0,9,4,0,4,28,3,25,2,0,2,30,3,27,2021
111000,"Vergewaltigung, sexuelle N tigung und sexueller  bergriff im besonders schweren Fall einschl. mit Todesfolge    177, 178 StGB",5513000,Gelsenkirchen,vers.,3,0,3,0,0,0,0,0,0,0,0,0,0,0,0,0,0,0,3,0,3,0,0,0,3,0,3,2021
111000,"Vergewaltigung, sexuelle N tigung und sexueller  bergriff im besonders schweren Fall einschl. mit Todesfolge    177, 178 StGB",5513000,Gelsenkirchen,insg.,46,3,43,0,0,0,0,0,0,0,0,0,9,0,9,4,0,4,31,3,28,2,0,2,33,3,30,2021
111000,"Vergewaltigung, sexuelle N tigung und sexueller  bergriff im besonders schweren Fall einschl. mit Todesfolge    177, 178 StGB",3159016,G ttingen,voll.,19,0,19,0,0,0,0,0,0,0,0,0,5,0,5,5,0,5,9,0,9,0,0,0,9,0,9,2021
111000,"Vergewaltigung, sexuelle N tigung und sexueller  bergriff im besonders schweren Fall einschl. mit Todesfolge    177, 178 StGB",3159016,G ttingen,vers.,7,0,7,0,0,0,0,0,0,0,0,0,1,0,1,1,0,1,4,0,4,1,0,1,5,0,5,2021
111000,"Vergewaltigung, sexuelle N tigung und sexueller  bergriff im besonders schweren Fall einschl. mit Todesfolge    177, 178 StGB",3159016,G ttingen,insg.,26,0,26,0,0,0,0,0,0,0,0,0,6,0,6,6,0,6,13,0,13,1,0,1,14,0,14,2021
111000,"Vergewaltigung, sexuelle N tigung und sexueller  bergriff im besonders schweren Fall einschl. mit Todesfolge    177, 178 StGB",5754008,G tersloh,voll.,17,1,16,0,0,0,0,0,0,0,0,0,2,0,2,1,0,1,14,1,13,0,0,0,14,1,13,2021
111000,"Vergewaltigung, sexuelle N tigung und sexueller  bergriff im besonders schweren Fall einschl. mit Todesfolge    177, 178 StGB",5754008,G tersloh,vers.,2,0,2,0,0,0,0,0,0,0,0,0,1,0,1,0,0,0,1,0,1,0,0,0,1,0,1,2021
111000,"Vergewaltigung, sexuelle N tigung und sexueller  bergriff im besonders schweren Fall einschl. mit Todesfolge    177, 178 StGB",5754008,G tersloh,insg.,19,1,18,0,0,0,0,0,0,0,0,0,3,0,3,1,0,1,15,1,14,0,0,0,15,1,14,2021
111000,"Vergewaltigung, sexuelle N tigung und sexueller  bergriff im besonders schweren Fall einschl. mit Todesfolge    177, 178 StGB",5914000,Hagen,voll.,28,3,25,0,0,0,0,0,0,0,0,0,7,0,7,4,1,3,17,2,15,0,0,0,17,2,15,2021
111000,"Vergewaltigung, sexuelle N tigung und sexueller  bergriff im besonders schweren Fall einschl. mit Todesfolge    177, 178 StGB",5914000,Hagen,vers.,4,0,4,0,0,0,0,0,0,0,0,0,0,0,0,2,0,2,2,0,2,0,0,0,2,0,2,2021
111000,"Vergewaltigung, sexuelle N tigung und sexueller  bergriff im besonders schweren Fall einschl. mit Todesfolge    177, 178 StGB",5914000,Hagen,insg.,32,3,29,0,0,0,0,0,0,0,0,0,7,0,7,6,1,5,19,2,17,0,0,0,19,2,17,2021
111000,"Vergewaltigung, sexuelle N tigung und sexueller  bergriff im besonders schweren Fall einschl. mit Todesfolge    177, 178 StGB",15002000,Halle (Saale),voll.,33,5,28,0,0,0,1,0,1,1,0,1,12,0,12,4,0,4,15,5,10,1,0,1,16,5,11,2021
111000,"Vergewaltigung, sexuelle N tigung und sexueller  bergriff im besonders schweren Fall einschl. mit Todesfolge    177, 178 StGB",15002000,Halle (Saale),vers.,2,0,2,0,0,0,0,0,0,0,0,0,0,0,0,1,0,1,1,0,1,0,0,0,1,0,1,2021
111000,"Vergewaltigung, sexuelle N tigung und sexueller  bergriff im besonders schweren Fall einschl. mit Todesfolge    177, 178 StGB",15002000,Halle (Saale),insg.,35,5,30,0,0,0,1,0,1,1,0,1,12,0,12,5,0,5,16,5,11,1,0,1,17,5,12,2021
111000,"Vergewaltigung, sexuelle N tigung und sexueller  bergriff im besonders schweren Fall einschl. mit Todesfolge    177, 178 StGB",2000000,Hamburg,voll.,182,5,177,0,0,0,5,0,5,5,0,5,42,1,41,30,0,30,98,4,94,7,0,7,105,4,101,2021
111000,"Vergewaltigung, sexuelle N tigung und sexueller  bergriff im besonders schweren Fall einschl. mit Todesfolge    177, 178 StGB",2000000,Hamburg,vers.,20,1,19,0,0,0,2,0,2,2,0,2,3,0,3,1,0,1,14,1,13,0,0,0,14,1,13,2021
111000,"Vergewaltigung, sexuelle N tigung und sexueller  bergriff im besonders schweren Fall einschl. mit Todesfolge    177, 178 StGB",2000000,Hamburg,insg.,202,6,196,0,0,0,7,0,7,7,0,7,45,1,44,31,0,31,112,5,107,7,0,7,119,5,114,2021
111000,"Vergewaltigung, sexuelle N tigung und sexueller  bergriff im besonders schweren Fall einschl. mit Todesfolge    177, 178 StGB",5915000,Hamm,voll.,34,2,32,1,0,1,0,0,0,1,0,1,10,0,10,2,0,2,20,2,18,1,0,1,21,2,19,2021
111000,"Vergewaltigung, sexuelle N tigung und sexueller  bergriff im besonders schweren Fall einschl. mit Todesfolge    177, 178 StGB",5915000,Hamm,vers.,2,0,2,0,0,0,0,0,0,0,0,0,0,0,0,0,0,0,2,0,2,0,0,0,2,0,2,2021
111000,"Vergewaltigung, sexuelle N tigung und sexueller  bergriff im besonders schweren Fall einschl. mit Todesfolge    177, 178 StGB",5915000,Hamm,insg.,36,2,34,1,0,1,0,0,0,1,0,1,10,0,10,2,0,2,22,2,20,1,0,1,23,2,21,2021
111000,"Vergewaltigung, sexuelle N tigung und sexueller  bergriff im besonders schweren Fall einschl. mit Todesfolge    177, 178 StGB",3241001,Hannover,voll.,114,7,107,0,0,0,1,0,1,1,0,1,27,2,25,19,0,19,67,5,62,0,0,0,67,5,62,2021
111000,"Vergewaltigung, sexuelle N tigung und sexueller  bergriff im besonders schweren Fall einschl. mit Todesfolge    177, 178 StGB",3241001,Hannover,vers.,10,0,10,0,0,0,0,0,0,0,0,0,4,0,4,2,0,2,4,0,4,0,0,0,4,0,4,2021
111000,"Vergewaltigung, sexuelle N tigung und sexueller  bergriff im besonders schweren Fall einschl. mit Todesfolge    177, 178 StGB",3241001,Hannover,insg.,124,7,117,0,0,0,1,0,1,1,0,1,31,2,29,21,0,21,71,5,66,0,0,0,71,5,66,2021
111000,"Vergewaltigung, sexuelle N tigung und sexueller  bergriff im besonders schweren Fall einschl. mit Todesfolge    177, 178 StGB",8221000,Heidelberg,voll.,17,0,17,0,0,0,0,0,0,0,0,0,4,0,4,4,0,4,9,0,9,0,0,0,9,0,9,2021
111000,"Vergewaltigung, sexuelle N tigung und sexueller  bergriff im besonders schweren Fall einschl. mit Todesfolge    177, 178 StGB",8221000,Heidelberg,vers.,0,0,0,0,0,0,0,0,0,0,0,0,0,0,0,0,0,0,0,0,0,0,0,0,0,0,0,2021
111000,"Vergewaltigung, sexuelle N tigung und sexueller  bergriff im besonders schweren Fall einschl. mit Todesfolge    177, 178 StGB",8221000,Heidelberg,insg.,17,0,17,0,0,0,0,0,0,0,0,0,4,0,4,4,0,4,9,0,9,0,0,0,9,0,9,2021
111000,"Vergewaltigung, sexuelle N tigung und sexueller  bergriff im besonders schweren Fall einschl. mit Todesfolge    177, 178 StGB",8121000,Heilbronn,voll.,14,1,13,0,0,0,0,0,0,0,0,0,3,0,3,2,0,2,9,1,8,0,0,0,9,1,8,2021
111000,"Vergewaltigung, sexuelle N tigung und sexueller  bergriff im besonders schweren Fall einschl. mit Todesfolge    177, 178 StGB",8121000,Heilbronn,vers.,1,0,1,0,0,0,0,0,0,0,0,0,0,0,0,0,0,0,1,0,1,0,0,0,1,0,1,2021
111000,"Vergewaltigung, sexuelle N tigung und sexueller  bergriff im besonders schweren Fall einschl. mit Todesfolge    177, 178 StGB",8121000,Heilbronn,insg.,15,1,14,0,0,0,0,0,0,0,0,0,3,0,3,2,0,2,10,1,9,0,0,0,10,1,9,2021
111000,"Vergewaltigung, sexuelle N tigung und sexueller  bergriff im besonders schweren Fall einschl. mit Todesfolge    177, 178 StGB",5916000,Herne,voll.,14,2,12,0,0,0,0,0,0,0,0,0,5,0,5,2,1,1,6,1,5,1,0,1,7,1,6,2021
111000,"Vergewaltigung, sexuelle N tigung und sexueller  bergriff im besonders schweren Fall einschl. mit Todesfolge    177, 178 StGB",5916000,Herne,vers.,3,0,3,0,0,0,0,0,0,0,0,0,1,0,1,1,0,1,1,0,1,0,0,0,1,0,1,2021
111000,"Vergewaltigung, sexuelle N tigung und sexueller  bergriff im besonders schweren Fall einschl. mit Todesfolge    177, 178 StGB",5916000,Herne,insg.,17,2,15,0,0,0,0,0,0,0,0,0,6,0,6,3,1,2,7,1,6,1,0,1,8,1,7,2021
111000,"Vergewaltigung, sexuelle N tigung und sexueller  bergriff im besonders schweren Fall einschl. mit Todesfolge    177, 178 StGB",3254021,Hildesheim,voll.,15,0,15,0,0,0,0,0,0,0,0,0,6,0,6,3,0,3,6,0,6,0,0,0,6,0,6,2021
111000,"Vergewaltigung, sexuelle N tigung und sexueller  bergriff im besonders schweren Fall einschl. mit Todesfolge    177, 178 StGB",3254021,Hildesheim,vers.,2,0,2,0,0,0,1,0,1,1,0,1,1,0,1,0,0,0,0,0,0,0,0,0,0,0,0,2021
111000,"Vergewaltigung, sexuelle N tigung und sexueller  bergriff im besonders schweren Fall einschl. mit Todesfolge    177, 178 StGB",3254021,Hildesheim,insg.,17,0,17,0,0,0,1,0,1,1,0,1,7,0,7,3,0,3,6,0,6,0,0,0,6,0,6,2021
111000,"Vergewaltigung, sexuelle N tigung und sexueller  bergriff im besonders schweren Fall einschl. mit Todesfolge    177, 178 StGB",9161000,Ingolstadt,voll.,19,2,17,0,0,0,0,0,0,0,0,0,4,0,4,3,0,3,12,2,10,0,0,0,12,2,10,2021
111000,"Vergewaltigung, sexuelle N tigung und sexueller  bergriff im besonders schweren Fall einschl. mit Todesfolge    177, 178 StGB",9161000,Ingolstadt,vers.,1,0,1,0,0,0,0,0,0,0,0,0,0,0,0,0,0,0,1,0,1,0,0,0,1,0,1,2021
111000,"Vergewaltigung, sexuelle N tigung und sexueller  bergriff im besonders schweren Fall einschl. mit Todesfolge    177, 178 StGB",9161000,Ingolstadt,insg.,20,2,18,0,0,0,0,0,0,0,0,0,4,0,4,3,0,3,13,2,11,0,0,0,13,2,11,2021
111000,"Vergewaltigung, sexuelle N tigung und sexueller  bergriff im besonders schweren Fall einschl. mit Todesfolge    177, 178 StGB",16053000,Jena,voll.,11,2,9,0,0,0,0,0,0,0,0,0,2,1,1,4,1,3,5,0,5,0,0,0,5,0,5,2021
111000,"Vergewaltigung, sexuelle N tigung und sexueller  bergriff im besonders schweren Fall einschl. mit Todesfolge    177, 178 StGB",16053000,Jena,vers.,0,0,0,0,0,0,0,0,0,0,0,0,0,0,0,0,0,0,0,0,0,0,0,0,0,0,0,2021
111000,"Vergewaltigung, sexuelle N tigung und sexueller  bergriff im besonders schweren Fall einschl. mit Todesfolge    177, 178 StGB",16053000,Jena,insg.,11,2,9,0,0,0,0,0,0,0,0,0,2,1,1,4,1,3,5,0,5,0,0,0,5,0,5,2021
111000,"Vergewaltigung, sexuelle N tigung und sexueller  bergriff im besonders schweren Fall einschl. mit Todesfolge    177, 178 StGB",7312000,Kaiserslautern,voll.,10,0,10,0,0,0,0,0,0,0,0,0,2,0,2,1,0,1,7,0,7,0,0,0,7,0,7,2021
111000,"Vergewaltigung, sexuelle N tigung und sexueller  bergriff im besonders schweren Fall einschl. mit Todesfolge    177, 178 StGB",7312000,Kaiserslautern,vers.,0,0,0,0,0,0,0,0,0,0,0,0,0,0,0,0,0,0,0,0,0,0,0,0,0,0,0,2021
111000,"Vergewaltigung, sexuelle N tigung und sexueller  bergriff im besonders schweren Fall einschl. mit Todesfolge    177, 178 StGB",7312000,Kaiserslautern,insg.,10,0,10,0,0,0,0,0,0,0,0,0,2,0,2,1,0,1,7,0,7,0,0,0,7,0,7,2021
111000,"Vergewaltigung, sexuelle N tigung und sexueller  bergriff im besonders schweren Fall einschl. mit Todesfolge    177, 178 StGB",8212000,Karlsruhe,voll.,37,1,36,0,0,0,0,0,0,0,0,0,9,0,9,6,1,5,21,0,21,1,0,1,22,0,22,2021
111000,"Vergewaltigung, sexuelle N tigung und sexueller  bergriff im besonders schweren Fall einschl. mit Todesfolge    177, 178 StGB",8212000,Karlsruhe,vers.,2,0,2,0,0,0,0,0,0,0,0,0,1,0,1,0,0,0,1,0,1,0,0,0,1,0,1,2021
111000,"Vergewaltigung, sexuelle N tigung und sexueller  bergriff im besonders schweren Fall einschl. mit Todesfolge    177, 178 StGB",8212000,Karlsruhe,insg.,39,1,38,0,0,0,0,0,0,0,0,0,10,0,10,6,1,5,22,0,22,1,0,1,23,0,23,2021
111000,"Vergewaltigung, sexuelle N tigung und sexueller  bergriff im besonders schweren Fall einschl. mit Todesfolge    177, 178 StGB",6611000,Kassel,voll.,41,1,40,0,0,0,1,0,1,1,0,1,10,0,10,6,0,6,23,1,22,1,0,1,24,1,23,2021
111000,"Vergewaltigung, sexuelle N tigung und sexueller  bergriff im besonders schweren Fall einschl. mit Todesfolge    177, 178 StGB",6611000,Kassel,vers.,3,1,2,0,0,0,0,0,0,0,0,0,0,0,0,0,0,0,3,1,2,0,0,0,3,1,2,2021
111000,"Vergewaltigung, sexuelle N tigung und sexueller  bergriff im besonders schweren Fall einschl. mit Todesfolge    177, 178 StGB",6611000,Kassel,insg.,44,2,42,0,0,0,1,0,1,1,0,1,10,0,10,6,0,6,26,2,24,1,0,1,27,2,25,2021
111000,"Vergewaltigung, sexuelle N tigung und sexueller  bergriff im besonders schweren Fall einschl. mit Todesfolge    177, 178 StGB",1002000,Kiel,voll.,32,0,32,0,0,0,0,0,0,0,0,0,6,0,6,9,0,9,17,0,17,0,0,0,17,0,17,2021
111000,"Vergewaltigung, sexuelle N tigung und sexueller  bergriff im besonders schweren Fall einschl. mit Todesfolge    177, 178 StGB",1002000,Kiel,vers.,5,0,5,0,0,0,0,0,0,0,0,0,0,0,0,3,0,3,2,0,2,0,0,0,2,0,2,2021
111000,"Vergewaltigung, sexuelle N tigung und sexueller  bergriff im besonders schweren Fall einschl. mit Todesfolge    177, 178 StGB",1002000,Kiel,insg.,37,0,37,0,0,0,0,0,0,0,0,0,6,0,6,12,0,12,19,0,19,0,0,0,19,0,19,2021
111000,"Vergewaltigung, sexuelle N tigung und sexueller  bergriff im besonders schweren Fall einschl. mit Todesfolge    177, 178 StGB",7111000,Koblenz,voll.,15,1,14,0,0,0,0,0,0,0,0,0,1,0,1,3,0,3,11,1,10,0,0,0,11,1,10,2021
111000,"Vergewaltigung, sexuelle N tigung und sexueller  bergriff im besonders schweren Fall einschl. mit Todesfolge    177, 178 StGB",7111000,Koblenz,vers.,2,0,2,0,0,0,0,0,0,0,0,0,0,0,0,0,0,0,2,0,2,0,0,0,2,0,2,2021
111000,"Vergewaltigung, sexuelle N tigung und sexueller  bergriff im besonders schweren Fall einschl. mit Todesfolge    177, 178 StGB",7111000,Koblenz,insg.,17,1,16,0,0,0,0,0,0,0,0,0,1,0,1,3,0,3,13,1,12,0,0,0,13,1,12,2021
111000,"Vergewaltigung, sexuelle N tigung und sexueller  bergriff im besonders schweren Fall einschl. mit Todesfolge    177, 178 StGB",5315000,K ln,voll.,196,11,185,0,0,0,0,0,0,0,0,0,35,1,34,34,2,32,125,8,117,2,0,2,127,8,119,2021
111000,"Vergewaltigung, sexuelle N tigung und sexueller  bergriff im besonders schweren Fall einschl. mit Todesfolge    177, 178 StGB",5315000,K ln,vers.,29,3,26,0,0,0,0,0,0,0,0,0,3,0,3,7,0,7,19,3,16,0,0,0,19,3,16,2021
111000,"Vergewaltigung, sexuelle N tigung und sexueller  bergriff im besonders schweren Fall einschl. mit Todesfolge    177, 178 StGB",5315000,K ln,insg.,225,14,211,0,0,0,0,0,0,0,0,0,38,1,37,41,2,39,144,11,133,2,0,2,146,11,135,2021
111000,"Vergewaltigung, sexuelle N tigung und sexueller  bergriff im besonders schweren Fall einschl. mit Todesfolge    177, 178 StGB",5114000,Krefeld,voll.,49,4,45,0,0,0,0,0,0,0,0,0,18,0,18,7,2,5,23,2,21,1,0,1,24,2,22,2021
111000,"Vergewaltigung, sexuelle N tigung und sexueller  bergriff im besonders schweren Fall einschl. mit Todesfolge    177, 178 StGB",5114000,Krefeld,vers.,5,0,5,0,0,0,0,0,0,0,0,0,0,0,0,2,0,2,3,0,3,0,0,0,3,0,3,2021
111000,"Vergewaltigung, sexuelle N tigung und sexueller  bergriff im besonders schweren Fall einschl. mit Todesfolge    177, 178 StGB",5114000,Krefeld,insg.,54,4,50,0,0,0,0,0,0,0,0,0,18,0,18,9,2,7,26,2,24,1,0,1,27,2,25,2021
111000,"Vergewaltigung, sexuelle N tigung und sexueller  bergriff im besonders schweren Fall einschl. mit Todesfolge    177, 178 StGB",14713000,Leipzig,voll.,35,0,35,0,0,0,1,0,1,1,0,1,7,0,7,6,0,6,18,0,18,3,0,3,21,0,21,2021
111000,"Vergewaltigung, sexuelle N tigung und sexueller  bergriff im besonders schweren Fall einschl. mit Todesfolge    177, 178 StGB",14713000,Leipzig,vers.,0,0,0,0,0,0,0,0,0,0,0,0,0,0,0,0,0,0,0,0,0,0,0,0,0,0,0,2021
111000,"Vergewaltigung, sexuelle N tigung und sexueller  bergriff im besonders schweren Fall einschl. mit Todesfolge    177, 178 StGB",14713000,Leipzig,insg.,35,0,35,0,0,0,1,0,1,1,0,1,7,0,7,6,0,6,18,0,18,3,0,3,21,0,21,2021
111000,"Vergewaltigung, sexuelle N tigung und sexueller  bergriff im besonders schweren Fall einschl. mit Todesfolge    177, 178 StGB",5316000,Leverkusen,voll.,24,0,24,0,0,0,1,0,1,1,0,1,5,0,5,6,0,6,10,0,10,2,0,2,12,0,12,2021
111000,"Vergewaltigung, sexuelle N tigung und sexueller  bergriff im besonders schweren Fall einschl. mit Todesfolge    177, 178 StGB",5316000,Leverkusen,vers.,0,0,0,0,0,0,0,0,0,0,0,0,0,0,0,0,0,0,0,0,0,0,0,0,0,0,0,2021
111000,"Vergewaltigung, sexuelle N tigung und sexueller  bergriff im besonders schweren Fall einschl. mit Todesfolge    177, 178 StGB",5316000,Leverkusen,insg.,24,0,24,0,0,0,1,0,1,1,0,1,5,0,5,6,0,6,10,0,10,2,0,2,12,0,12,2021
111000,"Vergewaltigung, sexuelle N tigung und sexueller  bergriff im besonders schweren Fall einschl. mit Todesfolge    177, 178 StGB",1003000,L beck,voll.,32,1,31,0,0,0,0,0,0,0,0,0,7,1,6,3,0,3,21,0,21,1,0,1,22,0,22,2021
111000,"Vergewaltigung, sexuelle N tigung und sexueller  bergriff im besonders schweren Fall einschl. mit Todesfolge    177, 178 StGB",1003000,L beck,vers.,5,0,5,0,0,0,0,0,0,0,0,0,2,0,2,0,0,0,3,0,3,0,0,0,3,0,3,2021
111000,"Vergewaltigung, sexuelle N tigung und sexueller  bergriff im besonders schweren Fall einschl. mit Todesfolge    177, 178 StGB",1003000,L beck,insg.,37,1,36,0,0,0,0,0,0,0,0,0,9,1,8,3,0,3,24,0,24,1,0,1,25,0,25,2021
111000,"Vergewaltigung, sexuelle N tigung und sexueller  bergriff im besonders schweren Fall einschl. mit Todesfolge    177, 178 StGB",7314000,Ludwigshafen am Rhein,voll.,30,1,29,0,0,0,0,0,0,0,0,0,7,1,6,7,0,7,16,0,16,0,0,0,16,0,16,2021
111000,"Vergewaltigung, sexuelle N tigung und sexueller  bergriff im besonders schweren Fall einschl. mit Todesfolge    177, 178 StGB",7314000,Ludwigshafen am Rhein,vers.,4,2,2,0,0,0,0,0,0,0,0,0,0,0,0,1,1,0,3,1,2,0,0,0,3,1,2,2021
111000,"Vergewaltigung, sexuelle N tigung und sexueller  bergriff im besonders schweren Fall einschl. mit Todesfolge    177, 178 StGB",7314000,Ludwigshafen am Rhein,insg.,34,3,31,0,0,0,0,0,0,0,0,0,7,1,6,8,1,7,19,1,18,0,0,0,19,1,18,2021
111000,"Vergewaltigung, sexuelle N tigung und sexueller  bergriff im besonders schweren Fall einschl. mit Todesfolge    177, 178 StGB",15003000,Magdeburg,voll.,37,2,35,0,0,0,0,0,0,0,0,0,8,0,8,5,1,4,23,1,22,1,0,1,24,1,23,2021
111000,"Vergewaltigung, sexuelle N tigung und sexueller  bergriff im besonders schweren Fall einschl. mit Todesfolge    177, 178 StGB",15003000,Magdeburg,vers.,2,0,2,0,0,0,0,0,0,0,0,0,0,0,0,0,0,0,1,0,1,1,0,1,2,0,2,2021
111000,"Vergewaltigung, sexuelle N tigung und sexueller  bergriff im besonders schweren Fall einschl. mit Todesfolge    177, 178 StGB",15003000,Magdeburg,insg.,39,2,37,0,0,0,0,0,0,0,0,0,8,0,8,5,1,4,24,1,23,2,0,2,26,1,25,2021
111000,"Vergewaltigung, sexuelle N tigung und sexueller  bergriff im besonders schweren Fall einschl. mit Todesfolge    177, 178 StGB",7315000,Mainz,voll.,33,0,33,0,0,0,0,0,0,0,0,0,7,0,7,6,0,6,19,0,19,1,0,1,20,0,20,2021
111000,"Vergewaltigung, sexuelle N tigung und sexueller  bergriff im besonders schweren Fall einschl. mit Todesfolge    177, 178 StGB",7315000,Mainz,vers.,2,0,2,0,0,0,0,0,0,0,0,0,0,0,0,1,0,1,1,0,1,0,0,0,1,0,1,2021
111000,"Vergewaltigung, sexuelle N tigung und sexueller  bergriff im besonders schweren Fall einschl. mit Todesfolge    177, 178 StGB",7315000,Mainz,insg.,35,0,35,0,0,0,0,0,0,0,0,0,7,0,7,7,0,7,20,0,20,1,0,1,21,0,21,2021
111000,"Vergewaltigung, sexuelle N tigung und sexueller  bergriff im besonders schweren Fall einschl. mit Todesfolge    177, 178 StGB",8222000,Mannheim,voll.,38,3,35,0,0,0,0,0,0,0,0,0,7,0,7,4,0,4,26,3,23,1,0,1,27,3,24,2021
111000,"Vergewaltigung, sexuelle N tigung und sexueller  bergriff im besonders schweren Fall einschl. mit Todesfolge    177, 178 StGB",8222000,Mannheim,vers.,3,1,2,0,0,0,0,0,0,0,0,0,0,0,0,0,0,0,3,1,2,0,0,0,3,1,2,2021
111000,"Vergewaltigung, sexuelle N tigung und sexueller  bergriff im besonders schweren Fall einschl. mit Todesfolge    177, 178 StGB",8222000,Mannheim,insg.,41,4,37,0,0,0,0,0,0,0,0,0,7,0,7,4,0,4,29,4,25,1,0,1,30,4,26,2021
111000,"Vergewaltigung, sexuelle N tigung und sexueller  bergriff im besonders schweren Fall einschl. mit Todesfolge    177, 178 StGB",5170024,Moers,voll.,17,0,17,0,0,0,0,0,0,0,0,0,2,0,2,3,0,3,12,0,12,0,0,0,12,0,12,2021
111000,"Vergewaltigung, sexuelle N tigung und sexueller  bergriff im besonders schweren Fall einschl. mit Todesfolge    177, 178 StGB",5170024,Moers,vers.,0,0,0,0,0,0,0,0,0,0,0,0,0,0,0,0,0,0,0,0,0,0,0,0,0,0,0,2021
111000,"Vergewaltigung, sexuelle N tigung und sexueller  bergriff im besonders schweren Fall einschl. mit Todesfolge    177, 178 StGB",5170024,Moers,insg.,17,0,17,0,0,0,0,0,0,0,0,0,2,0,2,3,0,3,12,0,12,0,0,0,12,0,12,2021
111000,"Vergewaltigung, sexuelle N tigung und sexueller  bergriff im besonders schweren Fall einschl. mit Todesfolge    177, 178 StGB",5116000,M nchengladbach,voll.,38,1,37,0,0,0,0,0,0,0,0,0,8,0,8,6,0,6,24,1,23,0,0,0,24,1,23,2021
111000,"Vergewaltigung, sexuelle N tigung und sexueller  bergriff im besonders schweren Fall einschl. mit Todesfolge    177, 178 StGB",5116000,M nchengladbach,vers.,4,0,4,0,0,0,0,0,0,0,0,0,2,0,2,0,0,0,2,0,2,0,0,0,2,0,2,2021
111000,"Vergewaltigung, sexuelle N tigung und sexueller  bergriff im besonders schweren Fall einschl. mit Todesfolge    177, 178 StGB",5116000,M nchengladbach,insg.,42,1,41,0,0,0,0,0,0,0,0,0,10,0,10,6,0,6,26,1,25,0,0,0,26,1,25,2021
111000,"Vergewaltigung, sexuelle N tigung und sexueller  bergriff im besonders schweren Fall einschl. mit Todesfolge    177, 178 StGB",5117000,M lheim an der Ruhr,voll.,32,7,25,2,1,1,0,0,0,2,1,1,5,1,4,5,1,4,14,3,11,6,1,5,20,4,16,2021
111000,"Vergewaltigung, sexuelle N tigung und sexueller  bergriff im besonders schweren Fall einschl. mit Todesfolge    177, 178 StGB",5117000,M lheim an der Ruhr,vers.,3,0,3,0,0,0,0,0,0,0,0,0,0,0,0,1,0,1,0,0,0,2,0,2,2,0,2,2021
111000,"Vergewaltigung, sexuelle N tigung und sexueller  bergriff im besonders schweren Fall einschl. mit Todesfolge    177, 178 StGB",5117000,M lheim an der Ruhr,insg.,35,7,28,2,1,1,0,0,0,2,1,1,5,1,4,6,1,5,14,3,11,8,1,7,22,4,18,2021
111000,"Vergewaltigung, sexuelle N tigung und sexueller  bergriff im besonders schweren Fall einschl. mit Todesfolge    177, 178 StGB",9162000,M nchen,voll.,178,11,167,0,0,0,0,0,0,0,0,0,32,2,30,33,1,32,111,8,103,2,0,2,113,8,105,2021
111000,"Vergewaltigung, sexuelle N tigung und sexueller  bergriff im besonders schweren Fall einschl. mit Todesfolge    177, 178 StGB",9162000,M nchen,vers.,27,0,27,0,0,0,0,0,0,0,0,0,4,0,4,0,0,0,22,0,22,1,0,1,23,0,23,2021
111000,"Vergewaltigung, sexuelle N tigung und sexueller  bergriff im besonders schweren Fall einschl. mit Todesfolge    177, 178 StGB",9162000,M nchen,insg.,205,11,194,0,0,0,0,0,0,0,0,0,36,2,34,33,1,32,133,8,125,3,0,3,136,8,128,2021
111000,"Vergewaltigung, sexuelle N tigung und sexueller  bergriff im besonders schweren Fall einschl. mit Todesfolge    177, 178 StGB",5515000,M nster,voll.,39,2,37,0,0,0,0,0,0,0,0,0,6,0,6,9,1,8,23,1,22,1,0,1,24,1,23,2021
111000,"Vergewaltigung, sexuelle N tigung und sexueller  bergriff im besonders schweren Fall einschl. mit Todesfolge    177, 178 StGB",5515000,M nster,vers.,3,0,3,0,0,0,0,0,0,0,0,0,0,0,0,2,0,2,1,0,1,0,0,0,1,0,1,2021
111000,"Vergewaltigung, sexuelle N tigung und sexueller  bergriff im besonders schweren Fall einschl. mit Todesfolge    177, 178 StGB",5515000,M nster,insg.,42,2,40,0,0,0,0,0,0,0,0,0,6,0,6,11,1,10,24,1,23,1,0,1,25,1,24,2021
111000,"Vergewaltigung, sexuelle N tigung und sexueller  bergriff im besonders schweren Fall einschl. mit Todesfolge    177, 178 StGB",5162024,Neuss,voll.,20,1,19,0,0,0,0,0,0,0,0,0,2,0,2,4,0,4,14,1,13,0,0,0,14,1,13,2021
111000,"Vergewaltigung, sexuelle N tigung und sexueller  bergriff im besonders schweren Fall einschl. mit Todesfolge    177, 178 StGB",5162024,Neuss,vers.,2,0,2,0,0,0,0,0,0,0,0,0,0,0,0,0,0,0,2,0,2,0,0,0,2,0,2,2021
111000,"Vergewaltigung, sexuelle N tigung und sexueller  bergriff im besonders schweren Fall einschl. mit Todesfolge    177, 178 StGB",5162024,Neuss,insg.,22,1,21,0,0,0,0,0,0,0,0,0,2,0,2,4,0,4,16,1,15,0,0,0,16,1,15,2021
111000,"Vergewaltigung, sexuelle N tigung und sexueller  bergriff im besonders schweren Fall einschl. mit Todesfolge    177, 178 StGB",9564000,N rnberg,voll.,55,2,53,0,0,0,0,0,0,0,0,0,14,0,14,7,1,6,31,1,30,3,0,3,34,1,33,2021
111000,"Vergewaltigung, sexuelle N tigung und sexueller  bergriff im besonders schweren Fall einschl. mit Todesfolge    177, 178 StGB",9564000,N rnberg,vers.,4,0,4,0,0,0,0,0,0,0,0,0,0,0,0,1,0,1,3,0,3,0,0,0,3,0,3,2021
111000,"Vergewaltigung, sexuelle N tigung und sexueller  bergriff im besonders schweren Fall einschl. mit Todesfolge    177, 178 StGB",9564000,N rnberg,insg.,59,2,57,0,0,0,0,0,0,0,0,0,14,0,14,8,1,7,34,1,33,3,0,3,37,1,36,2021
111000,"Vergewaltigung, sexuelle N tigung und sexueller  bergriff im besonders schweren Fall einschl. mit Todesfolge    177, 178 StGB",5119000,Oberhausen,voll.,14,1,13,0,0,0,1,0,1,1,0,1,2,0,2,4,0,4,7,1,6,0,0,0,7,1,6,2021
111000,"Vergewaltigung, sexuelle N tigung und sexueller  bergriff im besonders schweren Fall einschl. mit Todesfolge    177, 178 StGB",5119000,Oberhausen,vers.,0,0,0,0,0,0,0,0,0,0,0,0,0,0,0,0,0,0,0,0,0,0,0,0,0,0,0,2021
111000,"Vergewaltigung, sexuelle N tigung und sexueller  bergriff im besonders schweren Fall einschl. mit Todesfolge    177, 178 StGB",5119000,Oberhausen,insg.,14,1,13,0,0,0,1,0,1,1,0,1,2,0,2,4,0,4,7,1,6,0,0,0,7,1,6,2021
111000,"Vergewaltigung, sexuelle N tigung und sexueller  bergriff im besonders schweren Fall einschl. mit Todesfolge    177, 178 StGB",6413000,Offenbach am Main,voll.,27,2,25,0,0,0,0,0,0,0,0,0,10,0,10,4,0,4,12,2,10,1,0,1,13,2,11,2021
111000,"Vergewaltigung, sexuelle N tigung und sexueller  bergriff im besonders schweren Fall einschl. mit Todesfolge    177, 178 StGB",6413000,Offenbach am Main,vers.,2,0,2,0,0,0,0,0,0,0,0,0,0,0,0,0,0,0,2,0,2,0,0,0,2,0,2,2021
111000,"Vergewaltigung, sexuelle N tigung und sexueller  bergriff im besonders schweren Fall einschl. mit Todesfolge    177, 178 StGB",6413000,Offenbach am Main,insg.,29,2,27,0,0,0,0,0,0,0,0,0,10,0,10,4,0,4,14,2,12,1,0,1,15,2,13,2021
111000,"Vergewaltigung, sexuelle N tigung und sexueller  bergriff im besonders schweren Fall einschl. mit Todesfolge    177, 178 StGB",3403000,Oldenburg (Oldenburg),voll.,31,2,29,0,0,0,0,0,0,0,0,0,7,1,6,9,0,9,15,1,14,0,0,0,15,1,14,2021
111000,"Vergewaltigung, sexuelle N tigung und sexueller  bergriff im besonders schweren Fall einschl. mit Todesfolge    177, 178 StGB",3403000,Oldenburg (Oldenburg),vers.,3,0,3,0,0,0,0,0,0,0,0,0,1,0,1,0,0,0,2,0,2,0,0,0,2,0,2,2021
111000,"Vergewaltigung, sexuelle N tigung und sexueller  bergriff im besonders schweren Fall einschl. mit Todesfolge    177, 178 StGB",3403000,Oldenburg (Oldenburg),insg.,34,2,32,0,0,0,0,0,0,0,0,0,8,1,7,9,0,9,17,1,16,0,0,0,17,1,16,2021
111000,"Vergewaltigung, sexuelle N tigung und sexueller  bergriff im besonders schweren Fall einschl. mit Todesfolge    177, 178 StGB",3404000,Osnabr ck,voll.,26,1,25,0,0,0,0,0,0,0,0,0,4,0,4,3,0,3,18,1,17,1,0,1,19,1,18,2021
111000,"Vergewaltigung, sexuelle N tigung und sexueller  bergriff im besonders schweren Fall einschl. mit Todesfolge    177, 178 StGB",3404000,Osnabr ck,vers.,4,0,4,0,0,0,0,0,0,0,0,0,3,0,3,1,0,1,0,0,0,0,0,0,0,0,0,2021
111000,"Vergewaltigung, sexuelle N tigung und sexueller  bergriff im besonders schweren Fall einschl. mit Todesfolge    177, 178 StGB",3404000,Osnabr ck,insg.,30,1,29,0,0,0,0,0,0,0,0,0,7,0,7,4,0,4,18,1,17,1,0,1,19,1,18,2021
111000,"Vergewaltigung, sexuelle N tigung und sexueller  bergriff im besonders schweren Fall einschl. mit Todesfolge    177, 178 StGB",5774032,Paderborn,voll.,26,0,26,0,0,0,0,0,0,0,0,0,8,0,8,6,0,6,11,0,11,1,0,1,12,0,12,2021
111000,"Vergewaltigung, sexuelle N tigung und sexueller  bergriff im besonders schweren Fall einschl. mit Todesfolge    177, 178 StGB",5774032,Paderborn,vers.,4,0,4,0,0,0,0,0,0,0,0,0,1,0,1,1,0,1,1,0,1,1,0,1,2,0,2,2021
111000,"Vergewaltigung, sexuelle N tigung und sexueller  bergriff im besonders schweren Fall einschl. mit Todesfolge    177, 178 StGB",5774032,Paderborn,insg.,30,0,30,0,0,0,0,0,0,0,0,0,9,0,9,7,0,7,12,0,12,2,0,2,14,0,14,2021
111000,"Vergewaltigung, sexuelle N tigung und sexueller  bergriff im besonders schweren Fall einschl. mit Todesfolge    177, 178 StGB",8231000,Pforzheim,voll.,26,1,25,0,0,0,0,0,0,0,0,0,8,1,7,7,0,7,10,0,10,1,0,1,11,0,11,2021
111000,"Vergewaltigung, sexuelle N tigung und sexueller  bergriff im besonders schweren Fall einschl. mit Todesfolge    177, 178 StGB",8231000,Pforzheim,vers.,3,0,3,0,0,0,0,0,0,0,0,0,0,0,0,0,0,0,3,0,3,0,0,0,3,0,3,2021
111000,"Vergewaltigung, sexuelle N tigung und sexueller  bergriff im besonders schweren Fall einschl. mit Todesfolge    177, 178 StGB",8231000,Pforzheim,insg.,29,1,28,0,0,0,0,0,0,0,0,0,8,1,7,7,0,7,13,0,13,1,0,1,14,0,14,2021
111000,"Vergewaltigung, sexuelle N tigung und sexueller  bergriff im besonders schweren Fall einschl. mit Todesfolge    177, 178 StGB",12054000,Potsdam,voll.,32,0,32,0,0,0,0,0,0,0,0,0,7,0,7,4,0,4,19,0,19,2,0,2,21,0,21,2021
111000,"Vergewaltigung, sexuelle N tigung und sexueller  bergriff im besonders schweren Fall einschl. mit Todesfolge    177, 178 StGB",12054000,Potsdam,vers.,3,0,3,0,0,0,0,0,0,0,0,0,1,0,1,0,0,0,2,0,2,0,0,0,2,0,2,2021
111000,"Vergewaltigung, sexuelle N tigung und sexueller  bergriff im besonders schweren Fall einschl. mit Todesfolge    177, 178 StGB",12054000,Potsdam,insg.,35,0,35,0,0,0,0,0,0,0,0,0,8,0,8,4,0,4,21,0,21,2,0,2,23,0,23,2021
111000,"Vergewaltigung, sexuelle N tigung und sexueller  bergriff im besonders schweren Fall einschl. mit Todesfolge    177, 178 StGB",5562032,Recklinghausen,voll.,12,0,12,0,0,0,0,0,0,0,0,0,3,0,3,2,0,2,7,0,7,0,0,0,7,0,7,2021
111000,"Vergewaltigung, sexuelle N tigung und sexueller  bergriff im besonders schweren Fall einschl. mit Todesfolge    177, 178 StGB",5562032,Recklinghausen,vers.,1,0,1,0,0,0,0,0,0,0,0,0,0,0,0,0,0,0,1,0,1,0,0,0,1,0,1,2021
111000,"Vergewaltigung, sexuelle N tigung und sexueller  bergriff im besonders schweren Fall einschl. mit Todesfolge    177, 178 StGB",5562032,Recklinghausen,insg.,13,0,13,0,0,0,0,0,0,0,0,0,3,0,3,2,0,2,8,0,8,0,0,0,8,0,8,2021
111000,"Vergewaltigung, sexuelle N tigung und sexueller  bergriff im besonders schweren Fall einschl. mit Todesfolge    177, 178 StGB",9362000,Regensburg,voll.,21,1,20,0,0,0,0,0,0,0,0,0,5,0,5,3,0,3,13,1,12,0,0,0,13,1,12,2021
111000,"Vergewaltigung, sexuelle N tigung und sexueller  bergriff im besonders schweren Fall einschl. mit Todesfolge    177, 178 StGB",9362000,Regensburg,vers.,4,0,4,0,0,0,0,0,0,0,0,0,2,0,2,0,0,0,2,0,2,0,0,0,2,0,2,2021
111000,"Vergewaltigung, sexuelle N tigung und sexueller  bergriff im besonders schweren Fall einschl. mit Todesfolge    177, 178 StGB",9362000,Regensburg,insg.,25,1,24,0,0,0,0,0,0,0,0,0,7,0,7,3,0,3,15,1,14,0,0,0,15,1,14,2021
111000,"Vergewaltigung, sexuelle N tigung und sexueller  bergriff im besonders schweren Fall einschl. mit Todesfolge    177, 178 StGB",5120000,Remscheid,voll.,17,1,16,0,0,0,0,0,0,0,0,0,1,0,1,4,0,4,11,1,10,1,0,1,12,1,11,2021
111000,"Vergewaltigung, sexuelle N tigung und sexueller  bergriff im besonders schweren Fall einschl. mit Todesfolge    177, 178 StGB",5120000,Remscheid,vers.,2,0,2,0,0,0,0,0,0,0,0,0,1,0,1,0,0,0,1,0,1,0,0,0,1,0,1,2021
111000,"Vergewaltigung, sexuelle N tigung und sexueller  bergriff im besonders schweren Fall einschl. mit Todesfolge    177, 178 StGB",5120000,Remscheid,insg.,19,1,18,0,0,0,0,0,0,0,0,0,2,0,2,4,0,4,12,1,11,1,0,1,13,1,12,2021
111000,"Vergewaltigung, sexuelle N tigung und sexueller  bergriff im besonders schweren Fall einschl. mit Todesfolge    177, 178 StGB",8415061,Reutlingen,voll.,17,2,15,0,0,0,0,0,0,0,0,0,2,1,1,5,0,5,10,1,9,0,0,0,10,1,9,2021
111000,"Vergewaltigung, sexuelle N tigung und sexueller  bergriff im besonders schweren Fall einschl. mit Todesfolge    177, 178 StGB",8415061,Reutlingen,vers.,2,0,2,0,0,0,0,0,0,0,0,0,1,0,1,0,0,0,1,0,1,0,0,0,1,0,1,2021
111000,"Vergewaltigung, sexuelle N tigung und sexueller  bergriff im besonders schweren Fall einschl. mit Todesfolge    177, 178 StGB",8415061,Reutlingen,insg.,19,2,17,0,0,0,0,0,0,0,0,0,3,1,2,5,0,5,11,1,10,0,0,0,11,1,10,2021
111000,"Vergewaltigung, sexuelle N tigung und sexueller  bergriff im besonders schweren Fall einschl. mit Todesfolge    177, 178 StGB",13003000,Rostock,voll.,13,2,11,0,0,0,1,0,1,1,0,1,4,1,3,1,1,0,7,0,7,0,0,0,7,0,7,2021
111000,"Vergewaltigung, sexuelle N tigung und sexueller  bergriff im besonders schweren Fall einschl. mit Todesfolge    177, 178 StGB",13003000,Rostock,vers.,1,0,1,0,0,0,0,0,0,0,0,0,1,0,1,0,0,0,0,0,0,0,0,0,0,0,0,2021
111000,"Vergewaltigung, sexuelle N tigung und sexueller  bergriff im besonders schweren Fall einschl. mit Todesfolge    177, 178 StGB",13003000,Rostock,insg.,14,2,12,0,0,0,1,0,1,1,0,1,5,1,4,1,1,0,7,0,7,0,0,0,7,0,7,2021
111000,"Vergewaltigung, sexuelle N tigung und sexueller  bergriff im besonders schweren Fall einschl. mit Todesfolge    177, 178 StGB",10041100,Saarbr cken,voll.,26,1,25,0,0,0,0,0,0,0,0,0,5,0,5,8,0,8,12,1,11,1,0,1,13,1,12,2021
111000,"Vergewaltigung, sexuelle N tigung und sexueller  bergriff im besonders schweren Fall einschl. mit Todesfolge    177, 178 StGB",10041100,Saarbr cken,vers.,1,0,1,0,0,0,0,0,0,0,0,0,0,0,0,0,0,0,1,0,1,0,0,0,1,0,1,2021
111000,"Vergewaltigung, sexuelle N tigung und sexueller  bergriff im besonders schweren Fall einschl. mit Todesfolge    177, 178 StGB",10041100,Saarbr cken,insg.,27,1,26,0,0,0,0,0,0,0,0,0,5,0,5,8,0,8,13,1,12,1,0,1,14,1,13,2021
111000,"Vergewaltigung, sexuelle N tigung und sexueller  bergriff im besonders schweren Fall einschl. mit Todesfolge    177, 178 StGB",3102000,Salzgitter,voll.,15,0,15,0,0,0,0,0,0,0,0,0,4,0,4,2,0,2,8,0,8,1,0,1,9,0,9,2021
111000,"Vergewaltigung, sexuelle N tigung und sexueller  bergriff im besonders schweren Fall einschl. mit Todesfolge    177, 178 StGB",3102000,Salzgitter,vers.,0,0,0,0,0,0,0,0,0,0,0,0,0,0,0,0,0,0,0,0,0,0,0,0,0,0,0,2021
111000,"Vergewaltigung, sexuelle N tigung und sexueller  bergriff im besonders schweren Fall einschl. mit Todesfolge    177, 178 StGB",3102000,Salzgitter,insg.,15,0,15,0,0,0,0,0,0,0,0,0,4,0,4,2,0,2,8,0,8,1,0,1,9,0,9,2021
111000,"Vergewaltigung, sexuelle N tigung und sexueller  bergriff im besonders schweren Fall einschl. mit Todesfolge    177, 178 StGB",13004000,Schwerin,voll.,3,0,3,0,0,0,0,0,0,0,0,0,0,0,0,2,0,2,1,0,1,0,0,0,1,0,1,2021
111000,"Vergewaltigung, sexuelle N tigung und sexueller  bergriff im besonders schweren Fall einschl. mit Todesfolge    177, 178 StGB",13004000,Schwerin,vers.,0,0,0,0,0,0,0,0,0,0,0,0,0,0,0,0,0,0,0,0,0,0,0,0,0,0,0,2021
111000,"Vergewaltigung, sexuelle N tigung und sexueller  bergriff im besonders schweren Fall einschl. mit Todesfolge    177, 178 StGB",13004000,Schwerin,insg.,3,0,3,0,0,0,0,0,0,0,0,0,0,0,0,2,0,2,1,0,1,0,0,0,1,0,1,2021
111000,"Vergewaltigung, sexuelle N tigung und sexueller  bergriff im besonders schweren Fall einschl. mit Todesfolge    177, 178 StGB",5970040,Siegen,voll.,11,1,10,0,0,0,0,0,0,0,0,0,3,0,3,3,0,3,5,1,4,0,0,0,5,1,4,2021
111000,"Vergewaltigung, sexuelle N tigung und sexueller  bergriff im besonders schweren Fall einschl. mit Todesfolge    177, 178 StGB",5970040,Siegen,vers.,3,0,3,0,0,0,0,0,0,0,0,0,0,0,0,0,0,0,2,0,2,1,0,1,3,0,3,2021
111000,"Vergewaltigung, sexuelle N tigung und sexueller  bergriff im besonders schweren Fall einschl. mit Todesfolge    177, 178 StGB",5970040,Siegen,insg.,14,1,13,0,0,0,0,0,0,0,0,0,3,0,3,3,0,3,7,1,6,1,0,1,8,1,7,2021
111000,"Vergewaltigung, sexuelle N tigung und sexueller  bergriff im besonders schweren Fall einschl. mit Todesfolge    177, 178 StGB",5122000,Solingen,voll.,18,0,18,0,0,0,0,0,0,0,0,0,2,0,2,0,0,0,13,0,13,3,0,3,16,0,16,2021
111000,"Vergewaltigung, sexuelle N tigung und sexueller  bergriff im besonders schweren Fall einschl. mit Todesfolge    177, 178 StGB",5122000,Solingen,vers.,3,1,2,0,0,0,0,0,0,0,0,0,0,0,0,0,0,0,2,0,2,1,1,0,3,1,2,2021
111000,"Vergewaltigung, sexuelle N tigung und sexueller  bergriff im besonders schweren Fall einschl. mit Todesfolge    177, 178 StGB",5122000,Solingen,insg.,21,1,20,0,0,0,0,0,0,0,0,0,2,0,2,0,0,0,15,0,15,4,1,3,19,1,18,2021
111000,"Vergewaltigung, sexuelle N tigung und sexueller  bergriff im besonders schweren Fall einschl. mit Todesfolge    177, 178 StGB",8111000,Stuttgart,voll.,98,5,93,0,0,0,0,0,0,0,0,0,16,2,14,24,1,23,57,2,55,1,0,1,58,2,56,2021
111000,"Vergewaltigung, sexuelle N tigung und sexueller  bergriff im besonders schweren Fall einschl. mit Todesfolge    177, 178 StGB",8111000,Stuttgart,vers.,4,0,4,0,0,0,0,0,0,0,0,0,0,0,0,2,0,2,2,0,2,0,0,0,2,0,2,2021
111000,"Vergewaltigung, sexuelle N tigung und sexueller  bergriff im besonders schweren Fall einschl. mit Todesfolge    177, 178 StGB",8111000,Stuttgart,insg.,102,5,97,0,0,0,0,0,0,0,0,0,16,2,14,26,1,25,59,2,57,1,0,1,60,2,58,2021
111000,"Vergewaltigung, sexuelle N tigung und sexueller  bergriff im besonders schweren Fall einschl. mit Todesfolge    177, 178 StGB",7211000,Trier,voll.,18,2,16,0,0,0,0,0,0,0,0,0,3,0,3,4,1,3,11,1,10,0,0,0,11,1,10,2021
111000,"Vergewaltigung, sexuelle N tigung und sexueller  bergriff im besonders schweren Fall einschl. mit Todesfolge    177, 178 StGB",7211000,Trier,vers.,1,0,1,0,0,0,0,0,0,0,0,0,0,0,0,0,0,0,1,0,1,0,0,0,1,0,1,2021
111000,"Vergewaltigung, sexuelle N tigung und sexueller  bergriff im besonders schweren Fall einschl. mit Todesfolge    177, 178 StGB",7211000,Trier,insg.,19,2,17,0,0,0,0,0,0,0,0,0,3,0,3,4,1,3,12,1,11,0,0,0,12,1,11,2021
111000,"Vergewaltigung, sexuelle N tigung und sexueller  bergriff im besonders schweren Fall einschl. mit Todesfolge    177, 178 StGB",8421000,Ulm,voll.,22,0,22,0,0,0,4,0,4,4,0,4,5,0,5,5,0,5,8,0,8,0,0,0,8,0,8,2021
111000,"Vergewaltigung, sexuelle N tigung und sexueller  bergriff im besonders schweren Fall einschl. mit Todesfolge    177, 178 StGB",8421000,Ulm,vers.,0,0,0,0,0,0,0,0,0,0,0,0,0,0,0,0,0,0,0,0,0,0,0,0,0,0,0,2021
111000,"Vergewaltigung, sexuelle N tigung und sexueller  bergriff im besonders schweren Fall einschl. mit Todesfolge    177, 178 StGB",8421000,Ulm,insg.,22,0,22,0,0,0,4,0,4,4,0,4,5,0,5,5,0,5,8,0,8,0,0,0,8,0,8,2021
111000,"Vergewaltigung, sexuelle N tigung und sexueller  bergriff im besonders schweren Fall einschl. mit Todesfolge    177, 178 StGB",6414000,Wiesbaden,voll.,42,1,41,0,0,0,0,0,0,0,0,0,12,1,11,7,0,7,23,0,23,0,0,0,23,0,23,2021
111000,"Vergewaltigung, sexuelle N tigung und sexueller  bergriff im besonders schweren Fall einschl. mit Todesfolge    177, 178 StGB",6414000,Wiesbaden,vers.,0,0,0,0,0,0,0,0,0,0,0,0,0,0,0,0,0,0,0,0,0,0,0,0,0,0,0,2021
111000,"Vergewaltigung, sexuelle N tigung und sexueller  bergriff im besonders schweren Fall einschl. mit Todesfolge    177, 178 StGB",6414000,Wiesbaden,insg.,42,1,41,0,0,0,0,0,0,0,0,0,12,1,11,7,0,7,23,0,23,0,0,0,23,0,23,2021
111000,"Vergewaltigung, sexuelle N tigung und sexueller  bergriff im besonders schweren Fall einschl. mit Todesfolge    177, 178 StGB",3103000,Wolfsburg,voll.,14,0,14,0,0,0,0,0,0,0,0,0,4,0,4,1,0,1,9,0,9,0,0,0,9,0,9,2021
111000,"Vergewaltigung, sexuelle N tigung und sexueller  bergriff im besonders schweren Fall einschl. mit Todesfolge    177, 178 StGB",3103000,Wolfsburg,vers.,2,0,2,0,0,0,0,0,0,0,0,0,0,0,0,1,0,1,1,0,1,0,0,0,1,0,1,2021
111000,"Vergewaltigung, sexuelle N tigung und sexueller  bergriff im besonders schweren Fall einschl. mit Todesfolge    177, 178 StGB",3103000,Wolfsburg,insg.,16,0,16,0,0,0,0,0,0,0,0,0,4,0,4,2,0,2,10,0,10,0,0,0,10,0,10,2021
111000,"Vergewaltigung, sexuelle N tigung und sexueller  bergriff im besonders schweren Fall einschl. mit Todesfolge    177, 178 StGB",5124000,Wuppertal,voll.,72,2,70,1,0,1,2,1,1,3,1,2,11,1,10,13,0,13,43,0,43,2,0,2,45,0,45,2021
111000,"Vergewaltigung, sexuelle N tigung und sexueller  bergriff im besonders schweren Fall einschl. mit Todesfolge    177, 178 StGB",5124000,Wuppertal,vers.,7,1,6,0,0,0,0,0,0,0,0,0,1,0,1,0,0,0,6,1,5,0,0,0,6,1,5,2021
111000,"Vergewaltigung, sexuelle N tigung und sexueller  bergriff im besonders schweren Fall einschl. mit Todesfolge    177, 178 StGB",5124000,Wuppertal,insg.,79,3,76,1,0,1,2,1,1,3,1,2,12,1,11,13,0,13,49,1,48,2,0,2,51,1,50,2021
111000,"Vergewaltigung, sexuelle N tigung und sexueller  bergriff im besonders schweren Fall einschl. mit Todesfolge    177, 178 StGB",9663000,W rzburg,voll.,29,2,27,0,0,0,0,0,0,0,0,0,4,0,4,2,0,2,18,1,17,5,1,4,23,2,21,2021
111000,"Vergewaltigung, sexuelle N tigung und sexueller  bergriff im besonders schweren Fall einschl. mit Todesfolge    177, 178 StGB",9663000,W rzburg,vers.,1,0,1,0,0,0,0,0,0,0,0,0,0,0,0,0,0,0,1,0,1,0,0,0,1,0,1,2021
111000,"Vergewaltigung, sexuelle N tigung und sexueller  bergriff im besonders schweren Fall einschl. mit Todesfolge    177, 178 StGB",9663000,W rzburg,insg.,30,2,28,0,0,0,0,0,0,0,0,0,4,0,4,2,0,2,19,1,18,5,1,4,24,2,22,2021
210000,"Raub, r uberische Erpressung und r uberischer Angriff auf Kraftfahrer    249-252, 255, 316a StGB",5334002,Aachen,voll.,193,146,47,0,0,0,2,2,0,2,2,0,12,9,3,21,17,4,134,100,34,24,18,6,158,118,40,2021
210000,"Raub, r uberische Erpressung und r uberischer Angriff auf Kraftfahrer    249-252, 255, 316a StGB",5334002,Aachen,vers.,77,50,27,0,0,0,5,2,3,5,2,3,1,1,0,4,4,0,52,37,15,15,6,9,67,43,24,2021
210000,"Raub, r uberische Erpressung und r uberischer Angriff auf Kraftfahrer    249-252, 255, 316a StGB",5334002,Aachen,insg.,270,196,74,0,0,0,7,4,3,7,4,3,13,10,3,25,21,4,186,137,49,39,24,15,225,161,64,2021
210000,"Raub, r uberische Erpressung und r uberischer Angriff auf Kraftfahrer    249-252, 255, 316a StGB",9761000,Augsburg,voll.,90,54,36,1,1,0,6,6,0,7,7,0,3,3,0,8,6,2,69,37,32,3,1,2,72,38,34,2021
210000,"Raub, r uberische Erpressung und r uberischer Angriff auf Kraftfahrer    249-252, 255, 316a StGB",9761000,Augsburg,vers.,25,15,10,0,0,0,0,0,0,0,0,0,1,0,1,3,2,1,19,12,7,2,1,1,21,13,8,2021
210000,"Raub, r uberische Erpressung und r uberischer Angriff auf Kraftfahrer    249-252, 255, 316a StGB",9761000,Augsburg,insg.,115,69,46,1,1,0,6,6,0,7,7,0,4,3,1,11,8,3,88,49,39,5,2,3,93,51,42,2021
210000,"Raub, r uberische Erpressung und r uberischer Angriff auf Kraftfahrer    249-252, 255, 316a StGB",5378004,Bergisch Gladbach,voll.,32,24,8,0,0,0,9,8,1,9,8,1,3,3,0,4,3,1,11,8,3,5,2,3,16,10,6,2021
210000,"Raub, r uberische Erpressung und r uberischer Angriff auf Kraftfahrer    249-252, 255, 316a StGB",5378004,Bergisch Gladbach,vers.,15,10,5,0,0,0,2,2,0,2,2,0,1,1,0,1,1,0,9,5,4,2,1,1,11,6,5,2021
210000,"Raub, r uberische Erpressung und r uberischer Angriff auf Kraftfahrer    249-252, 255, 316a StGB",5378004,Bergisch Gladbach,insg.,47,34,13,0,0,0,11,10,1,11,10,1,4,4,0,5,4,1,20,13,7,7,3,4,27,16,11,2021
210000,"Raub, r uberische Erpressung und r uberischer Angriff auf Kraftfahrer    249-252, 255, 316a StGB",11000000,Berlin,voll.,3810,2989,821,0,0,0,155,136,19,155,136,19,589,549,40,389,328,61,2349,1787,562,328,189,139,2677,1976,701,2021
210000,"Raub, r uberische Erpressung und r uberischer Angriff auf Kraftfahrer    249-252, 255, 316a StGB",11000000,Berlin,vers.,968,738,230,1,1,0,85,71,14,86,72,14,120,111,9,91,75,16,590,437,153,81,43,38,671,480,191,2021
210000,"Raub, r uberische Erpressung und r uberischer Angriff auf Kraftfahrer    249-252, 255, 316a StGB",11000000,Berlin,insg.,4778,3727,1051,1,1,0,240,207,33,241,208,33,709,660,49,480,403,77,2939,2224,715,409,232,177,3348,2456,892,2021
210000,"Raub, r uberische Erpressung und r uberischer Angriff auf Kraftfahrer    249-252, 255, 316a StGB",5711000,Bielefeld,voll.,188,140,48,0,0,0,4,2,2,4,2,2,22,18,4,23,21,2,126,94,32,13,5,8,139,99,40,2021
210000,"Raub, r uberische Erpressung und r uberischer Angriff auf Kraftfahrer    249-252, 255, 316a StGB",5711000,Bielefeld,vers.,59,46,13,0,0,0,7,7,0,7,7,0,6,6,0,6,6,0,32,22,10,8,5,3,40,27,13,2021
210000,"Raub, r uberische Erpressung und r uberischer Angriff auf Kraftfahrer    249-252, 255, 316a StGB",5711000,Bielefeld,insg.,247,186,61,0,0,0,11,9,2,11,9,2,28,24,4,29,27,2,158,116,42,21,10,11,179,126,53,2021
210000,"Raub, r uberische Erpressung und r uberischer Angriff auf Kraftfahrer    249-252, 255, 316a StGB",5911000,Bochum,voll.,144,105,39,0,0,0,11,6,5,11,6,5,12,9,3,17,12,5,95,77,18,9,1,8,104,78,26,2021
210000,"Raub, r uberische Erpressung und r uberischer Angriff auf Kraftfahrer    249-252, 255, 316a StGB",5911000,Bochum,vers.,44,34,10,0,0,0,3,3,0,3,3,0,3,2,1,2,2,0,31,22,9,5,5,0,36,27,9,2021
210000,"Raub, r uberische Erpressung und r uberischer Angriff auf Kraftfahrer    249-252, 255, 316a StGB",5911000,Bochum,insg.,188,139,49,0,0,0,14,9,5,14,9,5,15,11,4,19,14,5,126,99,27,14,6,8,140,105,35,2021
210000,"Raub, r uberische Erpressung und r uberischer Angriff auf Kraftfahrer    249-252, 255, 316a StGB",5314000,Bonn,voll.,201,163,38,0,0,0,6,6,0,6,6,0,31,29,2,39,35,4,106,80,26,19,13,6,125,93,32,2021
210000,"Raub, r uberische Erpressung und r uberischer Angriff auf Kraftfahrer    249-252, 255, 316a StGB",5314000,Bonn,vers.,68,53,15,0,0,0,2,2,0,2,2,0,4,4,0,9,8,1,48,35,13,5,4,1,53,39,14,2021
210000,"Raub, r uberische Erpressung und r uberischer Angriff auf Kraftfahrer    249-252, 255, 316a StGB",5314000,Bonn,insg.,269,216,53,0,0,0,8,8,0,8,8,0,35,33,2,48,43,5,154,115,39,24,17,7,178,132,46,2021
210000,"Raub, r uberische Erpressung und r uberischer Angriff auf Kraftfahrer    249-252, 255, 316a StGB",5512000,Bottrop,voll.,31,18,13,0,0,0,0,0,0,0,0,0,4,3,1,4,2,2,18,11,7,5,2,3,23,13,10,2021
210000,"Raub, r uberische Erpressung und r uberischer Angriff auf Kraftfahrer    249-252, 255, 316a StGB",5512000,Bottrop,vers.,14,10,4,0,0,0,0,0,0,0,0,0,1,1,0,0,0,0,11,8,3,2,1,1,13,9,4,2021
210000,"Raub, r uberische Erpressung und r uberischer Angriff auf Kraftfahrer    249-252, 255, 316a StGB",5512000,Bottrop,insg.,45,28,17,0,0,0,0,0,0,0,0,0,5,4,1,4,2,2,29,19,10,7,3,4,36,22,14,2021
210000,"Raub, r uberische Erpressung und r uberischer Angriff auf Kraftfahrer    249-252, 255, 316a StGB",3101000,Braunschweig,voll.,108,90,18,0,0,0,3,3,0,3,3,0,18,15,3,9,7,2,72,60,12,6,5,1,78,65,13,2021
210000,"Raub, r uberische Erpressung und r uberischer Angriff auf Kraftfahrer    249-252, 255, 316a StGB",3101000,Braunschweig,vers.,19,13,6,0,0,0,1,1,0,1,1,0,4,4,0,0,0,0,12,7,5,2,1,1,14,8,6,2021
210000,"Raub, r uberische Erpressung und r uberischer Angriff auf Kraftfahrer    249-252, 255, 316a StGB",3101000,Braunschweig,insg.,127,103,24,0,0,0,4,4,0,4,4,0,22,19,3,9,7,2,84,67,17,8,6,2,92,73,19,2021
210000,"Raub, r uberische Erpressung und r uberischer Angriff auf Kraftfahrer    249-252, 255, 316a StGB",4011000,Bremen,voll.,629,457,172,0,0,0,11,11,0,11,11,0,44,41,3,74,57,17,408,299,109,92,49,43,500,348,152,2021
210000,"Raub, r uberische Erpressung und r uberischer Angriff auf Kraftfahrer    249-252, 255, 316a StGB",4011000,Bremen,vers.,158,105,53,0,0,0,11,9,2,11,9,2,9,9,0,9,5,4,106,72,34,23,10,13,129,82,47,2021
210000,"Raub, r uberische Erpressung und r uberischer Angriff auf Kraftfahrer    249-252, 255, 316a StGB",4011000,Bremen,insg.,787,562,225,0,0,0,22,20,2,22,20,2,53,50,3,83,62,21,514,371,143,115,59,56,629,430,199,2021
210000,"Raub, r uberische Erpressung und r uberischer Angriff auf Kraftfahrer    249-252, 255, 316a StGB",4012000,Bremerhaven,voll.,149,111,38,0,0,0,1,1,0,1,1,0,7,7,0,10,9,1,118,87,31,13,7,6,131,94,37,2021
210000,"Raub, r uberische Erpressung und r uberischer Angriff auf Kraftfahrer    249-252, 255, 316a StGB",4012000,Bremerhaven,vers.,28,18,10,1,0,1,0,0,0,1,0,1,2,2,0,4,2,2,15,11,4,6,3,3,21,14,7,2021
210000,"Raub, r uberische Erpressung und r uberischer Angriff auf Kraftfahrer    249-252, 255, 316a StGB",4012000,Bremerhaven,insg.,177,129,48,1,0,1,1,1,0,2,1,1,9,9,0,14,11,3,133,98,35,19,10,9,152,108,44,2021
210000,"Raub, r uberische Erpressung und r uberischer Angriff auf Kraftfahrer    249-252, 255, 316a StGB",14511000,Chemnitz,voll.,126,95,31,0,0,0,0,0,0,0,0,0,17,15,2,16,14,2,85,63,22,8,3,5,93,66,27,2021
210000,"Raub, r uberische Erpressung und r uberischer Angriff auf Kraftfahrer    249-252, 255, 316a StGB",14511000,Chemnitz,vers.,38,26,12,0,0,0,0,0,0,0,0,0,3,2,1,9,6,3,23,16,7,3,2,1,26,18,8,2021
210000,"Raub, r uberische Erpressung und r uberischer Angriff auf Kraftfahrer    249-252, 255, 316a StGB",14511000,Chemnitz,insg.,164,121,43,0,0,0,0,0,0,0,0,0,20,17,3,25,20,5,108,79,29,11,5,6,119,84,35,2021
210000,"Raub, r uberische Erpressung und r uberischer Angriff auf Kraftfahrer    249-252, 255, 316a StGB",12052000,Cottbus,voll.,60,39,21,0,0,0,2,2,0,2,2,0,3,3,0,9,7,2,44,27,17,2,0,2,46,27,19,2021
210000,"Raub, r uberische Erpressung und r uberischer Angriff auf Kraftfahrer    249-252, 255, 316a StGB",12052000,Cottbus,vers.,14,7,7,0,0,0,4,2,2,4,2,2,0,0,0,1,0,1,7,5,2,2,0,2,9,5,4,2021
210000,"Raub, r uberische Erpressung und r uberischer Angriff auf Kraftfahrer    249-252, 255, 316a StGB",12052000,Cottbus,insg.,74,46,28,0,0,0,6,4,2,6,4,2,3,3,0,10,7,3,51,32,19,4,0,4,55,32,23,2021
210000,"Raub, r uberische Erpressung und r uberischer Angriff auf Kraftfahrer    249-252, 255, 316a StGB",6411000,Darmstadt,voll.,63,53,10,0,0,0,3,3,0,3,3,0,13,13,0,9,8,1,35,28,7,3,1,2,38,29,9,2021
210000,"Raub, r uberische Erpressung und r uberischer Angriff auf Kraftfahrer    249-252, 255, 316a StGB",6411000,Darmstadt,vers.,14,11,3,0,0,0,0,0,0,0,0,0,1,1,0,0,0,0,11,9,2,2,1,1,13,10,3,2021
210000,"Raub, r uberische Erpressung und r uberischer Angriff auf Kraftfahrer    249-252, 255, 316a StGB",6411000,Darmstadt,insg.,77,64,13,0,0,0,3,3,0,3,3,0,14,14,0,9,8,1,46,37,9,5,2,3,51,39,12,2021
210000,"Raub, r uberische Erpressung und r uberischer Angriff auf Kraftfahrer    249-252, 255, 316a StGB",5913000,Dortmund,voll.,435,345,90,1,1,0,12,9,3,13,10,3,71,62,9,41,33,8,277,220,57,33,20,13,310,240,70,2021
210000,"Raub, r uberische Erpressung und r uberischer Angriff auf Kraftfahrer    249-252, 255, 316a StGB",5913000,Dortmund,vers.,106,78,28,0,0,0,14,10,4,14,10,4,16,13,3,5,4,1,64,45,19,7,6,1,71,51,20,2021
210000,"Raub, r uberische Erpressung und r uberischer Angriff auf Kraftfahrer    249-252, 255, 316a StGB",5913000,Dortmund,insg.,541,423,118,1,1,0,26,19,7,27,20,7,87,75,12,46,37,9,341,265,76,40,26,14,381,291,90,2021
210000,"Raub, r uberische Erpressung und r uberischer Angriff auf Kraftfahrer    249-252, 255, 316a StGB",14612000,Dresden,voll.,303,251,52,0,0,0,11,7,4,11,7,4,54,47,7,34,29,5,189,161,28,15,7,8,204,168,36,2021
210000,"Raub, r uberische Erpressung und r uberischer Angriff auf Kraftfahrer    249-252, 255, 316a StGB",14612000,Dresden,vers.,67,52,15,0,0,0,5,5,0,5,5,0,1,1,0,8,5,3,51,40,11,2,1,1,53,41,12,2021
210000,"Raub, r uberische Erpressung und r uberischer Angriff auf Kraftfahrer    249-252, 255, 316a StGB",14612000,Dresden,insg.,370,303,67,0,0,0,16,12,4,16,12,4,55,48,7,42,34,8,240,201,39,17,8,9,257,209,48,2021
210000,"Raub, r uberische Erpressung und r uberischer Angriff auf Kraftfahrer    249-252, 255, 316a StGB",5112000,Duisburg,voll.,291,193,98,1,1,0,24,22,2,25,23,2,28,20,8,21,15,6,186,119,67,31,16,15,217,135,82,2021
210000,"Raub, r uberische Erpressung und r uberischer Angriff auf Kraftfahrer    249-252, 255, 316a StGB",5112000,Duisburg,vers.,106,75,31,0,0,0,19,16,3,19,16,3,12,7,5,11,9,2,52,36,16,12,7,5,64,43,21,2021
210000,"Raub, r uberische Erpressung und r uberischer Angriff auf Kraftfahrer    249-252, 255, 316a StGB",5112000,Duisburg,insg.,397,268,129,1,1,0,43,38,5,44,39,5,40,27,13,32,24,8,238,155,83,43,23,20,281,178,103,2021
210000,"Raub, r uberische Erpressung und r uberischer Angriff auf Kraftfahrer    249-252, 255, 316a StGB",5111000,D sseldorf,voll.,475,365,110,0,0,0,10,10,0,10,10,0,71,62,9,46,37,9,292,228,64,56,28,28,348,256,92,2021
210000,"Raub, r uberische Erpressung und r uberischer Angriff auf Kraftfahrer    249-252, 255, 316a StGB",5111000,D sseldorf,vers.,88,69,19,0,0,0,3,3,0,3,3,0,13,11,2,8,7,1,57,45,12,7,3,4,64,48,16,2021
210000,"Raub, r uberische Erpressung und r uberischer Angriff auf Kraftfahrer    249-252, 255, 316a StGB",5111000,D sseldorf,insg.,563,434,129,0,0,0,13,13,0,13,13,0,84,73,11,54,44,10,349,273,76,63,31,32,412,304,108,2021
210000,"Raub, r uberische Erpressung und r uberischer Angriff auf Kraftfahrer    249-252, 255, 316a StGB",16051000,Erfurt,voll.,135,105,30,0,0,0,3,2,1,3,2,1,12,11,1,16,13,3,95,72,23,9,7,2,104,79,25,2021
210000,"Raub, r uberische Erpressung und r uberischer Angriff auf Kraftfahrer    249-252, 255, 316a StGB",16051000,Erfurt,vers.,28,26,2,0,0,0,2,1,1,2,1,1,2,2,0,5,4,1,17,17,0,2,2,0,19,19,0,2021
210000,"Raub, r uberische Erpressung und r uberischer Angriff auf Kraftfahrer    249-252, 255, 316a StGB",16051000,Erfurt,insg.,163,131,32,0,0,0,5,3,2,5,3,2,14,13,1,21,17,4,112,89,23,11,9,2,123,98,25,2021
210000,"Raub, r uberische Erpressung und r uberischer Angriff auf Kraftfahrer    249-252, 255, 316a StGB",9562000,Erlangen,voll.,20,16,4,0,0,0,1,1,0,1,1,0,2,2,0,3,3,0,11,9,2,3,1,2,14,10,4,2021
210000,"Raub, r uberische Erpressung und r uberischer Angriff auf Kraftfahrer    249-252, 255, 316a StGB",9562000,Erlangen,vers.,9,7,2,0,0,0,1,1,0,1,1,0,4,3,1,1,1,0,3,2,1,0,0,0,3,2,1,2021
210000,"Raub, r uberische Erpressung und r uberischer Angriff auf Kraftfahrer    249-252, 255, 316a StGB",9562000,Erlangen,insg.,29,23,6,0,0,0,2,2,0,2,2,0,6,5,1,4,4,0,14,11,3,3,1,2,17,12,5,2021
210000,"Raub, r uberische Erpressung und r uberischer Angriff auf Kraftfahrer    249-252, 255, 316a StGB",5113000,Essen,voll.,373,268,105,0,0,0,10,9,1,10,9,1,46,39,7,29,24,5,223,165,58,65,31,34,288,196,92,2021
210000,"Raub, r uberische Erpressung und r uberischer Angriff auf Kraftfahrer    249-252, 255, 316a StGB",5113000,Essen,vers.,95,68,27,0,0,0,6,6,0,6,6,0,14,14,0,7,7,0,55,37,18,13,4,9,68,41,27,2021
210000,"Raub, r uberische Erpressung und r uberischer Angriff auf Kraftfahrer    249-252, 255, 316a StGB",5113000,Essen,insg.,468,336,132,0,0,0,16,15,1,16,15,1,60,53,7,36,31,5,278,202,76,78,35,43,356,237,119,2021
210000,"Raub, r uberische Erpressung und r uberischer Angriff auf Kraftfahrer    249-252, 255, 316a StGB",6412000,Frankfurt am Main,voll.,736,604,132,1,1,0,17,15,2,18,16,2,77,71,6,55,48,7,534,441,93,52,28,24,586,469,117,2021
210000,"Raub, r uberische Erpressung und r uberischer Angriff auf Kraftfahrer    249-252, 255, 316a StGB",6412000,Frankfurt am Main,vers.,163,126,37,0,0,0,6,6,0,6,6,0,19,15,4,14,11,3,111,85,26,13,9,4,124,94,30,2021
210000,"Raub, r uberische Erpressung und r uberischer Angriff auf Kraftfahrer    249-252, 255, 316a StGB",6412000,Frankfurt am Main,insg.,899,730,169,1,1,0,23,21,2,24,22,2,96,86,10,69,59,10,645,526,119,65,37,28,710,563,147,2021
210000,"Raub, r uberische Erpressung und r uberischer Angriff auf Kraftfahrer    249-252, 255, 316a StGB",8311000,Freiburg im Breisgau,voll.,145,123,22,0,0,0,2,2,0,2,2,0,18,18,0,27,26,1,89,72,17,9,5,4,98,77,21,2021
210000,"Raub, r uberische Erpressung und r uberischer Angriff auf Kraftfahrer    249-252, 255, 316a StGB",8311000,Freiburg im Breisgau,vers.,36,30,6,0,0,0,0,0,0,0,0,0,4,4,0,2,2,0,29,24,5,1,0,1,30,24,6,2021
210000,"Raub, r uberische Erpressung und r uberischer Angriff auf Kraftfahrer    249-252, 255, 316a StGB",8311000,Freiburg im Breisgau,insg.,181,153,28,0,0,0,2,2,0,2,2,0,22,22,0,29,28,1,118,96,22,10,5,5,128,101,27,2021
210000,"Raub, r uberische Erpressung und r uberischer Angriff auf Kraftfahrer    249-252, 255, 316a StGB",9563000,F rth,voll.,27,23,4,0,0,0,1,1,0,1,1,0,3,3,0,3,3,0,19,15,4,1,1,0,20,16,4,2021
210000,"Raub, r uberische Erpressung und r uberischer Angriff auf Kraftfahrer    249-252, 255, 316a StGB",9563000,F rth,vers.,11,9,2,0,0,0,0,0,0,0,0,0,3,3,0,1,1,0,7,5,2,0,0,0,7,5,2,2021
210000,"Raub, r uberische Erpressung und r uberischer Angriff auf Kraftfahrer    249-252, 255, 316a StGB",9563000,F rth,insg.,38,32,6,0,0,0,1,1,0,1,1,0,6,6,0,4,4,0,26,20,6,1,1,0,27,21,6,2021
210000,"Raub, r uberische Erpressung und r uberischer Angriff auf Kraftfahrer    249-252, 255, 316a StGB",5513000,Gelsenkirchen,voll.,165,123,42,0,0,0,22,21,1,22,21,1,17,15,2,11,8,3,99,72,27,16,7,9,115,79,36,2021
210000,"Raub, r uberische Erpressung und r uberischer Angriff auf Kraftfahrer    249-252, 255, 316a StGB",5513000,Gelsenkirchen,vers.,41,28,13,0,0,0,2,2,0,2,2,0,8,8,0,2,2,0,25,15,10,4,1,3,29,16,13,2021
210000,"Raub, r uberische Erpressung und r uberischer Angriff auf Kraftfahrer    249-252, 255, 316a StGB",5513000,Gelsenkirchen,insg.,206,151,55,0,0,0,24,23,1,24,23,1,25,23,2,13,10,3,124,87,37,20,8,12,144,95,49,2021
210000,"Raub, r uberische Erpressung und r uberischer Angriff auf Kraftfahrer    249-252, 255, 316a StGB",3159016,G ttingen,voll.,67,56,11,0,0,0,0,0,0,0,0,0,6,6,0,4,4,0,52,43,9,5,3,2,57,46,11,2021
210000,"Raub, r uberische Erpressung und r uberischer Angriff auf Kraftfahrer    249-252, 255, 316a StGB",3159016,G ttingen,vers.,17,12,5,1,1,0,0,0,0,1,1,0,0,0,0,1,1,0,15,10,5,0,0,0,15,10,5,2021
210000,"Raub, r uberische Erpressung und r uberischer Angriff auf Kraftfahrer    249-252, 255, 316a StGB",3159016,G ttingen,insg.,84,68,16,1,1,0,0,0,0,1,1,0,6,6,0,5,5,0,67,53,14,5,3,2,72,56,16,2021
210000,"Raub, r uberische Erpressung und r uberischer Angriff auf Kraftfahrer    249-252, 255, 316a StGB",5754008,G tersloh,voll.,62,46,16,0,0,0,3,3,0,3,3,0,14,12,2,7,6,1,35,23,12,3,2,1,38,25,13,2021
210000,"Raub, r uberische Erpressung und r uberischer Angriff auf Kraftfahrer    249-252, 255, 316a StGB",5754008,G tersloh,vers.,14,10,4,0,0,0,0,0,0,0,0,0,2,1,1,2,1,1,8,8,0,2,0,2,10,8,2,2021
210000,"Raub, r uberische Erpressung und r uberischer Angriff auf Kraftfahrer    249-252, 255, 316a StGB",5754008,G tersloh,insg.,76,56,20,0,0,0,3,3,0,3,3,0,16,13,3,9,7,2,43,31,12,5,2,3,48,33,15,2021
210000,"Raub, r uberische Erpressung und r uberischer Angriff auf Kraftfahrer    249-252, 255, 316a StGB",5914000,Hagen,voll.,119,91,28,0,0,0,4,4,0,4,4,0,7,7,0,18,17,1,78,58,20,12,5,7,90,63,27,2021
210000,"Raub, r uberische Erpressung und r uberischer Angriff auf Kraftfahrer    249-252, 255, 316a StGB",5914000,Hagen,vers.,45,35,10,0,0,0,5,5,0,5,5,0,2,1,1,5,4,1,29,23,6,4,2,2,33,25,8,2021
210000,"Raub, r uberische Erpressung und r uberischer Angriff auf Kraftfahrer    249-252, 255, 316a StGB",5914000,Hagen,insg.,164,126,38,0,0,0,9,9,0,9,9,0,9,8,1,23,21,2,107,81,26,16,7,9,123,88,35,2021
210000,"Raub, r uberische Erpressung und r uberischer Angriff auf Kraftfahrer    249-252, 255, 316a StGB",15002000,Halle (Saale),voll.,191,149,42,0,0,0,10,10,0,10,10,0,33,30,3,31,27,4,105,77,28,12,5,7,117,82,35,2021
210000,"Raub, r uberische Erpressung und r uberischer Angriff auf Kraftfahrer    249-252, 255, 316a StGB",15002000,Halle (Saale),vers.,52,41,11,0,0,0,6,6,0,6,6,0,11,11,0,3,2,1,27,20,7,5,2,3,32,22,10,2021
210000,"Raub, r uberische Erpressung und r uberischer Angriff auf Kraftfahrer    249-252, 255, 316a StGB",15002000,Halle (Saale),insg.,243,190,53,0,0,0,16,16,0,16,16,0,44,41,3,34,29,5,132,97,35,17,7,10,149,104,45,2021
210000,"Raub, r uberische Erpressung und r uberischer Angriff auf Kraftfahrer    249-252, 255, 316a StGB",2000000,Hamburg,voll.,1258,1011,247,1,0,1,49,45,4,50,45,5,138,128,10,121,103,18,841,668,173,108,67,41,949,735,214,2021
210000,"Raub, r uberische Erpressung und r uberischer Angriff auf Kraftfahrer    249-252, 255, 316a StGB",2000000,Hamburg,vers.,354,275,79,0,0,0,39,28,11,39,28,11,56,50,6,33,28,5,201,153,48,25,16,9,226,169,57,2021
210000,"Raub, r uberische Erpressung und r uberischer Angriff auf Kraftfahrer    249-252, 255, 316a StGB",2000000,Hamburg,insg.,1612,1286,326,1,0,1,88,73,15,89,73,16,194,178,16,154,131,23,1042,821,221,133,83,50,1175,904,271,2021
210000,"Raub, r uberische Erpressung und r uberischer Angriff auf Kraftfahrer    249-252, 255, 316a StGB",5915000,Hamm,voll.,99,70,29,0,0,0,8,6,2,8,6,2,2,2,0,8,7,1,70,51,19,11,4,7,81,55,26,2021
210000,"Raub, r uberische Erpressung und r uberischer Angriff auf Kraftfahrer    249-252, 255, 316a StGB",5915000,Hamm,vers.,37,26,11,0,0,0,1,1,0,1,1,0,1,0,1,4,1,3,28,23,5,3,1,2,31,24,7,2021
210000,"Raub, r uberische Erpressung und r uberischer Angriff auf Kraftfahrer    249-252, 255, 316a StGB",5915000,Hamm,insg.,136,96,40,0,0,0,9,7,2,9,7,2,3,2,1,12,8,4,98,74,24,14,5,9,112,79,33,2021
210000,"Raub, r uberische Erpressung und r uberischer Angriff auf Kraftfahrer    249-252, 255, 316a StGB",3241001,Hannover,voll.,475,374,101,0,0,0,10,8,2,10,8,2,55,52,3,42,38,4,337,260,77,31,16,15,368,276,92,2021
210000,"Raub, r uberische Erpressung und r uberischer Angriff auf Kraftfahrer    249-252, 255, 316a StGB",3241001,Hannover,vers.,112,91,21,0,0,0,3,3,0,3,3,0,11,10,1,9,8,1,77,64,13,12,6,6,89,70,19,2021
210000,"Raub, r uberische Erpressung und r uberischer Angriff auf Kraftfahrer    249-252, 255, 316a StGB",3241001,Hannover,insg.,587,465,122,0,0,0,13,11,2,13,11,2,66,62,4,51,46,5,414,324,90,43,22,21,457,346,111,2021
210000,"Raub, r uberische Erpressung und r uberischer Angriff auf Kraftfahrer    249-252, 255, 316a StGB",8221000,Heidelberg,voll.,45,37,8,0,0,0,0,0,0,0,0,0,8,7,1,3,3,0,32,27,5,2,0,2,34,27,7,2021
210000,"Raub, r uberische Erpressung und r uberischer Angriff auf Kraftfahrer    249-252, 255, 316a StGB",8221000,Heidelberg,vers.,13,9,4,0,0,0,1,1,0,1,1,0,1,0,1,2,2,0,8,6,2,1,0,1,9,6,3,2021
210000,"Raub, r uberische Erpressung und r uberischer Angriff auf Kraftfahrer    249-252, 255, 316a StGB",8221000,Heidelberg,insg.,58,46,12,0,0,0,1,1,0,1,1,0,9,7,2,5,5,0,40,33,7,3,0,3,43,33,10,2021
210000,"Raub, r uberische Erpressung und r uberischer Angriff auf Kraftfahrer    249-252, 255, 316a StGB",8121000,Heilbronn,voll.,39,24,15,0,0,0,0,0,0,0,0,0,1,0,1,3,2,1,32,19,13,3,3,0,35,22,13,2021
210000,"Raub, r uberische Erpressung und r uberischer Angriff auf Kraftfahrer    249-252, 255, 316a StGB",8121000,Heilbronn,vers.,9,7,2,0,0,0,2,2,0,2,2,0,0,0,0,0,0,0,6,4,2,1,1,0,7,5,2,2021
210000,"Raub, r uberische Erpressung und r uberischer Angriff auf Kraftfahrer    249-252, 255, 316a StGB",8121000,Heilbronn,insg.,48,31,17,0,0,0,2,2,0,2,2,0,1,0,1,3,2,1,38,23,15,4,4,0,42,27,15,2021
210000,"Raub, r uberische Erpressung und r uberischer Angriff auf Kraftfahrer    249-252, 255, 316a StGB",5916000,Herne,voll.,75,47,28,0,0,0,1,1,0,1,1,0,8,7,1,5,4,1,56,33,23,5,2,3,61,35,26,2021
210000,"Raub, r uberische Erpressung und r uberischer Angriff auf Kraftfahrer    249-252, 255, 316a StGB",5916000,Herne,vers.,21,14,7,0,0,0,0,0,0,0,0,0,2,1,1,1,1,0,15,10,5,3,2,1,18,12,6,2021
210000,"Raub, r uberische Erpressung und r uberischer Angriff auf Kraftfahrer    249-252, 255, 316a StGB",5916000,Herne,insg.,96,61,35,0,0,0,1,1,0,1,1,0,10,8,2,6,5,1,71,43,28,8,4,4,79,47,32,2021
210000,"Raub, r uberische Erpressung und r uberischer Angriff auf Kraftfahrer    249-252, 255, 316a StGB",3254021,Hildesheim,voll.,65,40,25,0,0,0,2,0,2,2,0,2,7,4,3,8,5,3,42,27,15,6,4,2,48,31,17,2021
210000,"Raub, r uberische Erpressung und r uberischer Angriff auf Kraftfahrer    249-252, 255, 316a StGB",3254021,Hildesheim,vers.,10,6,4,0,0,0,0,0,0,0,0,0,1,0,1,2,1,1,7,5,2,0,0,0,7,5,2,2021
210000,"Raub, r uberische Erpressung und r uberischer Angriff auf Kraftfahrer    249-252, 255, 316a StGB",3254021,Hildesheim,insg.,75,46,29,0,0,0,2,0,2,2,0,2,8,4,4,10,6,4,49,32,17,6,4,2,55,36,19,2021
210000,"Raub, r uberische Erpressung und r uberischer Angriff auf Kraftfahrer    249-252, 255, 316a StGB",9161000,Ingolstadt,voll.,22,13,9,0,0,0,1,1,0,1,1,0,1,1,0,3,2,1,16,9,7,1,0,1,17,9,8,2021
210000,"Raub, r uberische Erpressung und r uberischer Angriff auf Kraftfahrer    249-252, 255, 316a StGB",9161000,Ingolstadt,vers.,4,4,0,0,0,0,0,0,0,0,0,0,0,0,0,1,1,0,3,3,0,0,0,0,3,3,0,2021
210000,"Raub, r uberische Erpressung und r uberischer Angriff auf Kraftfahrer    249-252, 255, 316a StGB",9161000,Ingolstadt,insg.,26,17,9,0,0,0,1,1,0,1,1,0,1,1,0,4,3,1,19,12,7,1,0,1,20,12,8,2021
210000,"Raub, r uberische Erpressung und r uberischer Angriff auf Kraftfahrer    249-252, 255, 316a StGB",16053000,Jena,voll.,27,16,11,0,0,0,1,0,1,1,0,1,4,3,1,1,0,1,19,12,7,2,1,1,21,13,8,2021
210000,"Raub, r uberische Erpressung und r uberischer Angriff auf Kraftfahrer    249-252, 255, 316a StGB",16053000,Jena,vers.,4,1,3,0,0,0,0,0,0,0,0,0,1,1,0,0,0,0,3,0,3,0,0,0,3,0,3,2021
210000,"Raub, r uberische Erpressung und r uberischer Angriff auf Kraftfahrer    249-252, 255, 316a StGB",16053000,Jena,insg.,31,17,14,0,0,0,1,0,1,1,0,1,5,4,1,1,0,1,22,12,10,2,1,1,24,13,11,2021
210000,"Raub, r uberische Erpressung und r uberischer Angriff auf Kraftfahrer    249-252, 255, 316a StGB",7312000,Kaiserslautern,voll.,40,31,9,0,0,0,2,2,0,2,2,0,1,1,0,5,5,0,32,23,9,0,0,0,32,23,9,2021
210000,"Raub, r uberische Erpressung und r uberischer Angriff auf Kraftfahrer    249-252, 255, 316a StGB",7312000,Kaiserslautern,vers.,4,1,3,0,0,0,1,0,1,1,0,1,0,0,0,0,0,0,3,1,2,0,0,0,3,1,2,2021
210000,"Raub, r uberische Erpressung und r uberischer Angriff auf Kraftfahrer    249-252, 255, 316a StGB",7312000,Kaiserslautern,insg.,44,32,12,0,0,0,3,2,1,3,2,1,1,1,0,5,5,0,35,24,11,0,0,0,35,24,11,2021
210000,"Raub, r uberische Erpressung und r uberischer Angriff auf Kraftfahrer    249-252, 255, 316a StGB",8212000,Karlsruhe,voll.,120,93,27,1,0,1,6,5,1,7,5,2,6,5,1,17,16,1,73,56,17,17,11,6,90,67,23,2021
210000,"Raub, r uberische Erpressung und r uberischer Angriff auf Kraftfahrer    249-252, 255, 316a StGB",8212000,Karlsruhe,vers.,18,14,4,0,0,0,0,0,0,0,0,0,1,1,0,1,1,0,14,10,4,2,2,0,16,12,4,2021
210000,"Raub, r uberische Erpressung und r uberischer Angriff auf Kraftfahrer    249-252, 255, 316a StGB",8212000,Karlsruhe,insg.,138,107,31,1,0,1,6,5,1,7,5,2,7,6,1,18,17,1,87,66,21,19,13,6,106,79,27,2021
210000,"Raub, r uberische Erpressung und r uberischer Angriff auf Kraftfahrer    249-252, 255, 316a StGB",6611000,Kassel,voll.,150,114,36,1,1,0,2,2,0,3,3,0,12,11,1,8,5,3,112,85,27,15,10,5,127,95,32,2021
210000,"Raub, r uberische Erpressung und r uberischer Angriff auf Kraftfahrer    249-252, 255, 316a StGB",6611000,Kassel,vers.,46,33,13,0,0,0,4,4,0,4,4,0,5,5,0,3,3,0,31,20,11,3,1,2,34,21,13,2021
210000,"Raub, r uberische Erpressung und r uberischer Angriff auf Kraftfahrer    249-252, 255, 316a StGB",6611000,Kassel,insg.,196,147,49,1,1,0,6,6,0,7,7,0,17,16,1,11,8,3,143,105,38,18,11,7,161,116,45,2021
210000,"Raub, r uberische Erpressung und r uberischer Angriff auf Kraftfahrer    249-252, 255, 316a StGB",1002000,Kiel,voll.,160,119,41,0,0,0,11,9,2,11,9,2,21,19,2,16,14,2,105,75,30,7,2,5,112,77,35,2021
210000,"Raub, r uberische Erpressung und r uberischer Angriff auf Kraftfahrer    249-252, 255, 316a StGB",1002000,Kiel,vers.,38,25,13,0,0,0,1,1,0,1,1,0,4,4,0,6,4,2,25,14,11,2,2,0,27,16,11,2021
210000,"Raub, r uberische Erpressung und r uberischer Angriff auf Kraftfahrer    249-252, 255, 316a StGB",1002000,Kiel,insg.,198,144,54,0,0,0,12,10,2,12,10,2,25,23,2,22,18,4,130,89,41,9,4,5,139,93,46,2021
210000,"Raub, r uberische Erpressung und r uberischer Angriff auf Kraftfahrer    249-252, 255, 316a StGB",7111000,Koblenz,voll.,58,42,16,0,0,0,0,0,0,0,0,0,2,2,0,4,3,1,44,31,13,8,6,2,52,37,15,2021
210000,"Raub, r uberische Erpressung und r uberischer Angriff auf Kraftfahrer    249-252, 255, 316a StGB",7111000,Koblenz,vers.,16,15,1,0,0,0,2,2,0,2,2,0,0,0,0,1,1,0,12,11,1,1,1,0,13,12,1,2021
210000,"Raub, r uberische Erpressung und r uberischer Angriff auf Kraftfahrer    249-252, 255, 316a StGB",7111000,Koblenz,insg.,74,57,17,0,0,0,2,2,0,2,2,0,2,2,0,5,4,1,56,42,14,9,7,2,65,49,16,2021
210000,"Raub, r uberische Erpressung und r uberischer Angriff auf Kraftfahrer    249-252, 255, 316a StGB",5315000,K ln,voll.,807,647,160,0,0,0,32,27,5,32,27,5,106,100,6,72,63,9,532,417,115,65,40,25,597,457,140,2021
210000,"Raub, r uberische Erpressung und r uberischer Angriff auf Kraftfahrer    249-252, 255, 316a StGB",5315000,K ln,vers.,210,150,60,1,0,1,12,7,5,13,7,6,30,26,4,18,12,6,134,96,38,15,9,6,149,105,44,2021
210000,"Raub, r uberische Erpressung und r uberischer Angriff auf Kraftfahrer    249-252, 255, 316a StGB",5315000,K ln,insg.,1017,797,220,1,0,1,44,34,10,45,34,11,136,126,10,90,75,15,666,513,153,80,49,31,746,562,184,2021
210000,"Raub, r uberische Erpressung und r uberischer Angriff auf Kraftfahrer    249-252, 255, 316a StGB",5114000,Krefeld,voll.,183,125,58,0,0,0,7,6,1,7,6,1,12,9,3,6,4,2,122,93,29,36,13,23,158,106,52,2021
210000,"Raub, r uberische Erpressung und r uberischer Angriff auf Kraftfahrer    249-252, 255, 316a StGB",5114000,Krefeld,vers.,42,29,13,0,0,0,2,2,0,2,2,0,2,2,0,2,2,0,26,20,6,10,3,7,36,23,13,2021
210000,"Raub, r uberische Erpressung und r uberischer Angriff auf Kraftfahrer    249-252, 255, 316a StGB",5114000,Krefeld,insg.,225,154,71,0,0,0,9,8,1,9,8,1,14,11,3,8,6,2,148,113,35,46,16,30,194,129,65,2021
210000,"Raub, r uberische Erpressung und r uberischer Angriff auf Kraftfahrer    249-252, 255, 316a StGB",14713000,Leipzig,voll.,387,296,91,1,1,0,13,10,3,14,11,3,44,43,1,36,30,6,271,198,73,22,14,8,293,212,81,2021
210000,"Raub, r uberische Erpressung und r uberischer Angriff auf Kraftfahrer    249-252, 255, 316a StGB",14713000,Leipzig,vers.,64,38,26,0,0,0,6,2,4,6,2,4,12,10,2,6,3,3,33,20,13,7,3,4,40,23,17,2021
210000,"Raub, r uberische Erpressung und r uberischer Angriff auf Kraftfahrer    249-252, 255, 316a StGB",14713000,Leipzig,insg.,451,334,117,1,1,0,19,12,7,20,13,7,56,53,3,42,33,9,304,218,86,29,17,12,333,235,98,2021
210000,"Raub, r uberische Erpressung und r uberischer Angriff auf Kraftfahrer    249-252, 255, 316a StGB",5316000,Leverkusen,voll.,61,44,17,1,0,1,3,2,1,4,2,2,5,5,0,9,9,0,32,23,9,11,5,6,43,28,15,2021
210000,"Raub, r uberische Erpressung und r uberischer Angriff auf Kraftfahrer    249-252, 255, 316a StGB",5316000,Leverkusen,vers.,19,12,7,0,0,0,0,0,0,0,0,0,4,3,1,2,2,0,11,5,6,2,2,0,13,7,6,2021
210000,"Raub, r uberische Erpressung und r uberischer Angriff auf Kraftfahrer    249-252, 255, 316a StGB",5316000,Leverkusen,insg.,80,56,24,1,0,1,3,2,1,4,2,2,9,8,1,11,11,0,43,28,15,13,7,6,56,35,21,2021
210000,"Raub, r uberische Erpressung und r uberischer Angriff auf Kraftfahrer    249-252, 255, 316a StGB",1003000,L beck,voll.,111,85,26,0,0,0,1,1,0,1,1,0,22,20,2,14,12,2,65,49,16,9,3,6,74,52,22,2021
210000,"Raub, r uberische Erpressung und r uberischer Angriff auf Kraftfahrer    249-252, 255, 316a StGB",1003000,L beck,vers.,27,19,8,0,0,0,1,1,0,1,1,0,5,4,1,2,1,1,17,11,6,2,2,0,19,13,6,2021
210000,"Raub, r uberische Erpressung und r uberischer Angriff auf Kraftfahrer    249-252, 255, 316a StGB",1003000,L beck,insg.,138,104,34,0,0,0,2,2,0,2,2,0,27,24,3,16,13,3,82,60,22,11,5,6,93,65,28,2021
210000,"Raub, r uberische Erpressung und r uberischer Angriff auf Kraftfahrer    249-252, 255, 316a StGB",7314000,Ludwigshafen am Rhein,voll.,87,67,20,0,0,0,17,16,1,17,16,1,12,9,3,9,7,2,43,30,13,6,5,1,49,35,14,2021
210000,"Raub, r uberische Erpressung und r uberischer Angriff auf Kraftfahrer    249-252, 255, 316a StGB",7314000,Ludwigshafen am Rhein,vers.,37,32,5,0,0,0,7,6,1,7,6,1,7,7,0,8,8,0,13,10,3,2,1,1,15,11,4,2021
210000,"Raub, r uberische Erpressung und r uberischer Angriff auf Kraftfahrer    249-252, 255, 316a StGB",7314000,Ludwigshafen am Rhein,insg.,124,99,25,0,0,0,24,22,2,24,22,2,19,16,3,17,15,2,56,40,16,8,6,2,64,46,18,2021
210000,"Raub, r uberische Erpressung und r uberischer Angriff auf Kraftfahrer    249-252, 255, 316a StGB",15003000,Magdeburg,voll.,155,130,25,0,0,0,7,6,1,7,6,1,28,28,0,21,20,1,89,68,21,10,8,2,99,76,23,2021
210000,"Raub, r uberische Erpressung und r uberischer Angriff auf Kraftfahrer    249-252, 255, 316a StGB",15003000,Magdeburg,vers.,46,34,12,0,0,0,7,5,2,7,5,2,10,10,0,3,2,1,25,16,9,1,1,0,26,17,9,2021
210000,"Raub, r uberische Erpressung und r uberischer Angriff auf Kraftfahrer    249-252, 255, 316a StGB",15003000,Magdeburg,insg.,201,164,37,0,0,0,14,11,3,14,11,3,38,38,0,24,22,2,114,84,30,11,9,2,125,93,32,2021
210000,"Raub, r uberische Erpressung und r uberischer Angriff auf Kraftfahrer    249-252, 255, 316a StGB",7315000,Mainz,voll.,66,57,9,0,0,0,2,2,0,2,2,0,17,17,0,10,9,1,31,24,7,6,5,1,37,29,8,2021
210000,"Raub, r uberische Erpressung und r uberischer Angriff auf Kraftfahrer    249-252, 255, 316a StGB",7315000,Mainz,vers.,24,18,6,0,0,0,0,0,0,0,0,0,5,5,0,5,4,1,12,8,4,2,1,1,14,9,5,2021
210000,"Raub, r uberische Erpressung und r uberischer Angriff auf Kraftfahrer    249-252, 255, 316a StGB",7315000,Mainz,insg.,90,75,15,0,0,0,2,2,0,2,2,0,22,22,0,15,13,2,43,32,11,8,6,2,51,38,13,2021
210000,"Raub, r uberische Erpressung und r uberischer Angriff auf Kraftfahrer    249-252, 255, 316a StGB",8222000,Mannheim,voll.,133,100,33,1,1,0,5,4,1,6,5,1,5,4,1,14,13,1,96,69,27,12,9,3,108,78,30,2021
210000,"Raub, r uberische Erpressung und r uberischer Angriff auf Kraftfahrer    249-252, 255, 316a StGB",8222000,Mannheim,vers.,31,24,7,0,0,0,5,4,1,5,4,1,1,1,0,3,3,0,21,15,6,1,1,0,22,16,6,2021
210000,"Raub, r uberische Erpressung und r uberischer Angriff auf Kraftfahrer    249-252, 255, 316a StGB",8222000,Mannheim,insg.,164,124,40,1,1,0,10,8,2,11,9,2,6,5,1,17,16,1,117,84,33,13,10,3,130,94,36,2021
210000,"Raub, r uberische Erpressung und r uberischer Angriff auf Kraftfahrer    249-252, 255, 316a StGB",5170024,Moers,voll.,36,27,9,0,0,0,5,4,1,5,4,1,1,1,0,5,5,0,22,16,6,3,1,2,25,17,8,2021
210000,"Raub, r uberische Erpressung und r uberischer Angriff auf Kraftfahrer    249-252, 255, 316a StGB",5170024,Moers,vers.,9,7,2,0,0,0,4,4,0,4,4,0,0,0,0,0,0,0,1,1,0,4,2,2,5,3,2,2021
210000,"Raub, r uberische Erpressung und r uberischer Angriff auf Kraftfahrer    249-252, 255, 316a StGB",5170024,Moers,insg.,45,34,11,0,0,0,9,8,1,9,8,1,1,1,0,5,5,0,23,17,6,7,3,4,30,20,10,2021
210000,"Raub, r uberische Erpressung und r uberischer Angriff auf Kraftfahrer    249-252, 255, 316a StGB",5116000,M nchengladbach,voll.,173,132,41,0,0,0,5,4,1,5,4,1,29,29,0,18,16,2,102,76,26,19,7,12,121,83,38,2021
210000,"Raub, r uberische Erpressung und r uberischer Angriff auf Kraftfahrer    249-252, 255, 316a StGB",5116000,M nchengladbach,vers.,51,39,12,0,0,0,5,4,1,5,4,1,4,4,0,5,4,1,30,23,7,7,4,3,37,27,10,2021
210000,"Raub, r uberische Erpressung und r uberischer Angriff auf Kraftfahrer    249-252, 255, 316a StGB",5116000,M nchengladbach,insg.,224,171,53,0,0,0,10,8,2,10,8,2,33,33,0,23,20,3,132,99,33,26,11,15,158,110,48,2021
210000,"Raub, r uberische Erpressung und r uberischer Angriff auf Kraftfahrer    249-252, 255, 316a StGB",5117000,M lheim an der Ruhr,voll.,49,33,16,0,0,0,2,2,0,2,2,0,9,9,0,2,0,2,26,16,10,10,6,4,36,22,14,2021
210000,"Raub, r uberische Erpressung und r uberischer Angriff auf Kraftfahrer    249-252, 255, 316a StGB",5117000,M lheim an der Ruhr,vers.,13,11,2,0,0,0,0,0,0,0,0,0,1,1,0,1,1,0,8,7,1,3,2,1,11,9,2,2021
210000,"Raub, r uberische Erpressung und r uberischer Angriff auf Kraftfahrer    249-252, 255, 316a StGB",5117000,M lheim an der Ruhr,insg.,62,44,18,0,0,0,2,2,0,2,2,0,10,10,0,3,1,2,34,23,11,13,8,5,47,31,16,2021
210000,"Raub, r uberische Erpressung und r uberischer Angriff auf Kraftfahrer    249-252, 255, 316a StGB",9162000,M nchen,voll.,364,275,89,0,0,0,12,10,2,12,10,2,72,64,8,39,32,7,212,154,58,29,15,14,241,169,72,2021
210000,"Raub, r uberische Erpressung und r uberischer Angriff auf Kraftfahrer    249-252, 255, 316a StGB",9162000,M nchen,vers.,159,108,51,1,1,0,16,16,0,17,17,0,32,28,4,13,9,4,83,49,34,14,5,9,97,54,43,2021
210000,"Raub, r uberische Erpressung und r uberischer Angriff auf Kraftfahrer    249-252, 255, 316a StGB",9162000,M nchen,insg.,523,383,140,1,1,0,28,26,2,29,27,2,104,92,12,52,41,11,295,203,92,43,20,23,338,223,115,2021
210000,"Raub, r uberische Erpressung und r uberischer Angriff auf Kraftfahrer    249-252, 255, 316a StGB",5515000,M nster,voll.,220,175,45,0,0,0,2,1,1,2,1,1,27,24,3,29,24,5,144,115,29,18,11,7,162,126,36,2021
210000,"Raub, r uberische Erpressung und r uberischer Angriff auf Kraftfahrer    249-252, 255, 316a StGB",5515000,M nster,vers.,40,33,7,0,0,0,2,2,0,2,2,0,2,2,0,7,6,1,23,19,4,6,4,2,29,23,6,2021
210000,"Raub, r uberische Erpressung und r uberischer Angriff auf Kraftfahrer    249-252, 255, 316a StGB",5515000,M nster,insg.,260,208,52,0,0,0,4,3,1,4,3,1,29,26,3,36,30,6,167,134,33,24,15,9,191,149,42,2021
210000,"Raub, r uberische Erpressung und r uberischer Angriff auf Kraftfahrer    249-252, 255, 316a StGB",5162024,Neuss,voll.,81,63,18,0,0,0,7,7,0,7,7,0,15,13,2,9,8,1,49,34,15,1,1,0,50,35,15,2021
210000,"Raub, r uberische Erpressung und r uberischer Angriff auf Kraftfahrer    249-252, 255, 316a StGB",5162024,Neuss,vers.,13,13,0,0,0,0,2,2,0,2,2,0,2,2,0,0,0,0,7,7,0,2,2,0,9,9,0,2021
210000,"Raub, r uberische Erpressung und r uberischer Angriff auf Kraftfahrer    249-252, 255, 316a StGB",5162024,Neuss,insg.,94,76,18,0,0,0,9,9,0,9,9,0,17,15,2,9,8,1,56,41,15,3,3,0,59,44,15,2021
210000,"Raub, r uberische Erpressung und r uberischer Angriff auf Kraftfahrer    249-252, 255, 316a StGB",9564000,N rnberg,voll.,144,112,32,0,0,0,3,2,1,3,2,1,18,17,1,12,11,1,98,74,24,13,8,5,111,82,29,2021
210000,"Raub, r uberische Erpressung und r uberischer Angriff auf Kraftfahrer    249-252, 255, 316a StGB",9564000,N rnberg,vers.,49,35,14,0,0,0,0,0,0,0,0,0,4,4,0,6,5,1,34,24,10,5,2,3,39,26,13,2021
210000,"Raub, r uberische Erpressung und r uberischer Angriff auf Kraftfahrer    249-252, 255, 316a StGB",9564000,N rnberg,insg.,193,147,46,0,0,0,3,2,1,3,2,1,22,21,1,18,16,2,132,98,34,18,10,8,150,108,42,2021
210000,"Raub, r uberische Erpressung und r uberischer Angriff auf Kraftfahrer    249-252, 255, 316a StGB",5119000,Oberhausen,voll.,91,66,25,0,0,0,10,9,1,10,9,1,28,24,4,6,4,2,42,25,17,5,4,1,47,29,18,2021
210000,"Raub, r uberische Erpressung und r uberischer Angriff auf Kraftfahrer    249-252, 255, 316a StGB",5119000,Oberhausen,vers.,25,19,6,0,0,0,5,3,2,5,3,2,4,3,1,9,7,2,5,5,0,2,1,1,7,6,1,2021
210000,"Raub, r uberische Erpressung und r uberischer Angriff auf Kraftfahrer    249-252, 255, 316a StGB",5119000,Oberhausen,insg.,116,85,31,0,0,0,15,12,3,15,12,3,32,27,5,15,11,4,47,30,17,7,5,2,54,35,19,2021
210000,"Raub, r uberische Erpressung und r uberischer Angriff auf Kraftfahrer    249-252, 255, 316a StGB",6413000,Offenbach am Main,voll.,65,45,20,0,0,0,0,0,0,0,0,0,1,1,0,5,3,2,43,35,8,16,6,10,59,41,18,2021
210000,"Raub, r uberische Erpressung und r uberischer Angriff auf Kraftfahrer    249-252, 255, 316a StGB",6413000,Offenbach am Main,vers.,11,9,2,0,0,0,0,0,0,0,0,0,1,1,0,0,0,0,6,5,1,4,3,1,10,8,2,2021
210000,"Raub, r uberische Erpressung und r uberischer Angriff auf Kraftfahrer    249-252, 255, 316a StGB",6413000,Offenbach am Main,insg.,76,54,22,0,0,0,0,0,0,0,0,0,2,2,0,5,3,2,49,40,9,20,9,11,69,49,20,2021
210000,"Raub, r uberische Erpressung und r uberischer Angriff auf Kraftfahrer    249-252, 255, 316a StGB",3403000,Oldenburg (Oldenburg),voll.,74,54,20,0,0,0,2,2,0,2,2,0,10,9,1,2,2,0,54,37,17,6,4,2,60,41,19,2021
210000,"Raub, r uberische Erpressung und r uberischer Angriff auf Kraftfahrer    249-252, 255, 316a StGB",3403000,Oldenburg (Oldenburg),vers.,23,16,7,0,0,0,2,1,1,2,1,1,4,2,2,3,3,0,13,9,4,1,1,0,14,10,4,2021
210000,"Raub, r uberische Erpressung und r uberischer Angriff auf Kraftfahrer    249-252, 255, 316a StGB",3403000,Oldenburg (Oldenburg),insg.,97,70,27,0,0,0,4,3,1,4,3,1,14,11,3,5,5,0,67,46,21,7,5,2,74,51,23,2021
210000,"Raub, r uberische Erpressung und r uberischer Angriff auf Kraftfahrer    249-252, 255, 316a StGB",3404000,Osnabr ck,voll.,96,66,30,0,0,0,1,0,1,1,0,1,13,9,4,10,8,2,62,43,19,10,6,4,72,49,23,2021
210000,"Raub, r uberische Erpressung und r uberischer Angriff auf Kraftfahrer    249-252, 255, 316a StGB",3404000,Osnabr ck,vers.,29,16,13,0,0,0,0,0,0,0,0,0,9,5,4,3,1,2,16,10,6,1,0,1,17,10,7,2021
210000,"Raub, r uberische Erpressung und r uberischer Angriff auf Kraftfahrer    249-252, 255, 316a StGB",3404000,Osnabr ck,insg.,125,82,43,0,0,0,1,0,1,1,0,1,22,14,8,13,9,4,78,53,25,11,6,5,89,59,30,2021
210000,"Raub, r uberische Erpressung und r uberischer Angriff auf Kraftfahrer    249-252, 255, 316a StGB",5774032,Paderborn,voll.,78,68,10,0,0,0,1,1,0,1,1,0,4,4,0,8,8,0,57,51,6,8,4,4,65,55,10,2021
210000,"Raub, r uberische Erpressung und r uberischer Angriff auf Kraftfahrer    249-252, 255, 316a StGB",5774032,Paderborn,vers.,18,12,6,0,0,0,2,2,0,2,2,0,1,1,0,3,3,0,7,6,1,5,0,5,12,6,6,2021
210000,"Raub, r uberische Erpressung und r uberischer Angriff auf Kraftfahrer    249-252, 255, 316a StGB",5774032,Paderborn,insg.,96,80,16,0,0,0,3,3,0,3,3,0,5,5,0,11,11,0,64,57,7,13,4,9,77,61,16,2021
210000,"Raub, r uberische Erpressung und r uberischer Angriff auf Kraftfahrer    249-252, 255, 316a StGB",8231000,Pforzheim,voll.,54,42,12,1,1,0,0,0,0,1,1,0,3,3,0,13,13,0,34,23,11,3,2,1,37,25,12,2021
210000,"Raub, r uberische Erpressung und r uberischer Angriff auf Kraftfahrer    249-252, 255, 316a StGB",8231000,Pforzheim,vers.,12,11,1,0,0,0,1,1,0,1,1,0,1,1,0,1,1,0,8,8,0,1,0,1,9,8,1,2021
210000,"Raub, r uberische Erpressung und r uberischer Angriff auf Kraftfahrer    249-252, 255, 316a StGB",8231000,Pforzheim,insg.,66,53,13,1,1,0,1,1,0,2,2,0,4,4,0,14,14,0,42,31,11,4,2,2,46,33,13,2021
210000,"Raub, r uberische Erpressung und r uberischer Angriff auf Kraftfahrer    249-252, 255, 316a StGB",12054000,Potsdam,voll.,85,71,14,0,0,0,5,5,0,5,5,0,18,18,0,12,11,1,42,33,9,8,4,4,50,37,13,2021
210000,"Raub, r uberische Erpressung und r uberischer Angriff auf Kraftfahrer    249-252, 255, 316a StGB",12054000,Potsdam,vers.,15,12,3,0,0,0,0,0,0,0,0,0,9,7,2,1,1,0,3,3,0,2,1,1,5,4,1,2021
210000,"Raub, r uberische Erpressung und r uberischer Angriff auf Kraftfahrer    249-252, 255, 316a StGB",12054000,Potsdam,insg.,100,83,17,0,0,0,5,5,0,5,5,0,27,25,2,13,12,1,45,36,9,10,5,5,55,41,14,2021
210000,"Raub, r uberische Erpressung und r uberischer Angriff auf Kraftfahrer    249-252, 255, 316a StGB",5562032,Recklinghausen,voll.,56,40,16,0,0,0,3,3,0,3,3,0,7,6,1,6,6,0,31,21,10,9,4,5,40,25,15,2021
210000,"Raub, r uberische Erpressung und r uberischer Angriff auf Kraftfahrer    249-252, 255, 316a StGB",5562032,Recklinghausen,vers.,9,6,3,0,0,0,0,0,0,0,0,0,0,0,0,1,1,0,7,5,2,1,0,1,8,5,3,2021
210000,"Raub, r uberische Erpressung und r uberischer Angriff auf Kraftfahrer    249-252, 255, 316a StGB",5562032,Recklinghausen,insg.,65,46,19,0,0,0,3,3,0,3,3,0,7,6,1,7,7,0,38,26,12,10,4,6,48,30,18,2021
210000,"Raub, r uberische Erpressung und r uberischer Angriff auf Kraftfahrer    249-252, 255, 316a StGB",9362000,Regensburg,voll.,34,28,6,0,0,0,1,1,0,1,1,0,0,0,0,3,3,0,26,20,6,4,4,0,30,24,6,2021
210000,"Raub, r uberische Erpressung und r uberischer Angriff auf Kraftfahrer    249-252, 255, 316a StGB",9362000,Regensburg,vers.,13,10,3,0,0,0,0,0,0,0,0,0,0,0,0,1,1,0,12,9,3,0,0,0,12,9,3,2021
210000,"Raub, r uberische Erpressung und r uberischer Angriff auf Kraftfahrer    249-252, 255, 316a StGB",9362000,Regensburg,insg.,47,38,9,0,0,0,1,1,0,1,1,0,0,0,0,4,4,0,38,29,9,4,4,0,42,33,9,2021
210000,"Raub, r uberische Erpressung und r uberischer Angriff auf Kraftfahrer    249-252, 255, 316a StGB",5120000,Remscheid,voll.,36,22,14,0,0,0,1,1,0,1,1,0,3,2,1,1,0,1,19,14,5,12,5,7,31,19,12,2021
210000,"Raub, r uberische Erpressung und r uberischer Angriff auf Kraftfahrer    249-252, 255, 316a StGB",5120000,Remscheid,vers.,20,12,8,0,0,0,0,0,0,0,0,0,1,1,0,3,2,1,10,8,2,6,1,5,16,9,7,2021
210000,"Raub, r uberische Erpressung und r uberischer Angriff auf Kraftfahrer    249-252, 255, 316a StGB",5120000,Remscheid,insg.,56,34,22,0,0,0,1,1,0,1,1,0,4,3,1,4,2,2,29,22,7,18,6,12,47,28,19,2021
210000,"Raub, r uberische Erpressung und r uberischer Angriff auf Kraftfahrer    249-252, 255, 316a StGB",8415061,Reutlingen,voll.,32,27,5,0,0,0,4,4,0,4,4,0,5,5,0,2,2,0,20,15,5,1,1,0,21,16,5,2021
210000,"Raub, r uberische Erpressung und r uberischer Angriff auf Kraftfahrer    249-252, 255, 316a StGB",8415061,Reutlingen,vers.,15,11,4,0,0,0,1,1,0,1,1,0,1,0,1,0,0,0,13,10,3,0,0,0,13,10,3,2021
210000,"Raub, r uberische Erpressung und r uberischer Angriff auf Kraftfahrer    249-252, 255, 316a StGB",8415061,Reutlingen,insg.,47,38,9,0,0,0,5,5,0,5,5,0,6,5,1,2,2,0,33,25,8,1,1,0,34,26,8,2021
210000,"Raub, r uberische Erpressung und r uberischer Angriff auf Kraftfahrer    249-252, 255, 316a StGB",13003000,Rostock,voll.,128,101,27,0,0,0,8,7,1,8,7,1,23,22,1,16,13,3,77,58,19,4,1,3,81,59,22,2021
210000,"Raub, r uberische Erpressung und r uberischer Angriff auf Kraftfahrer    249-252, 255, 316a StGB",13003000,Rostock,vers.,27,20,7,0,0,0,6,6,0,6,6,0,5,4,1,3,2,1,12,8,4,1,0,1,13,8,5,2021
210000,"Raub, r uberische Erpressung und r uberischer Angriff auf Kraftfahrer    249-252, 255, 316a StGB",13003000,Rostock,insg.,155,121,34,0,0,0,14,13,1,14,13,1,28,26,2,19,15,4,89,66,23,5,1,4,94,67,27,2021
210000,"Raub, r uberische Erpressung und r uberischer Angriff auf Kraftfahrer    249-252, 255, 316a StGB",10041100,Saarbr cken,voll.,130,97,33,0,0,0,3,2,1,3,2,1,9,7,2,13,9,4,95,71,24,10,8,2,105,79,26,2021
210000,"Raub, r uberische Erpressung und r uberischer Angriff auf Kraftfahrer    249-252, 255, 316a StGB",10041100,Saarbr cken,vers.,24,14,10,0,0,0,1,1,0,1,1,0,3,2,1,2,2,0,15,8,7,3,1,2,18,9,9,2021
210000,"Raub, r uberische Erpressung und r uberischer Angriff auf Kraftfahrer    249-252, 255, 316a StGB",10041100,Saarbr cken,insg.,154,111,43,0,0,0,4,3,1,4,3,1,12,9,3,15,11,4,110,79,31,13,9,4,123,88,35,2021
210000,"Raub, r uberische Erpressung und r uberischer Angriff auf Kraftfahrer    249-252, 255, 316a StGB",3102000,Salzgitter,voll.,32,23,9,2,1,1,5,4,1,7,5,2,1,1,0,4,4,0,17,12,5,3,1,2,20,13,7,2021
210000,"Raub, r uberische Erpressung und r uberischer Angriff auf Kraftfahrer    249-252, 255, 316a StGB",3102000,Salzgitter,vers.,9,6,3,0,0,0,0,0,0,0,0,0,1,1,0,1,1,0,6,3,3,1,1,0,7,4,3,2021
210000,"Raub, r uberische Erpressung und r uberischer Angriff auf Kraftfahrer    249-252, 255, 316a StGB",3102000,Salzgitter,insg.,41,29,12,2,1,1,5,4,1,7,5,2,2,2,0,5,5,0,23,15,8,4,2,2,27,17,10,2021
210000,"Raub, r uberische Erpressung und r uberischer Angriff auf Kraftfahrer    249-252, 255, 316a StGB",13004000,Schwerin,voll.,67,49,18,0,0,0,8,6,2,8,6,2,5,4,1,8,7,1,45,31,14,1,1,0,46,32,14,2021
210000,"Raub, r uberische Erpressung und r uberischer Angriff auf Kraftfahrer    249-252, 255, 316a StGB",13004000,Schwerin,vers.,11,8,3,0,0,0,0,0,0,0,0,0,0,0,0,1,0,1,9,7,2,1,1,0,10,8,2,2021
210000,"Raub, r uberische Erpressung und r uberischer Angriff auf Kraftfahrer    249-252, 255, 316a StGB",13004000,Schwerin,insg.,78,57,21,0,0,0,8,6,2,8,6,2,5,4,1,9,7,2,54,38,16,2,2,0,56,40,16,2021
210000,"Raub, r uberische Erpressung und r uberischer Angriff auf Kraftfahrer    249-252, 255, 316a StGB",5970040,Siegen,voll.,29,24,5,0,0,0,2,2,0,2,2,0,2,2,0,1,1,0,21,16,5,3,3,0,24,19,5,2021
210000,"Raub, r uberische Erpressung und r uberischer Angriff auf Kraftfahrer    249-252, 255, 316a StGB",5970040,Siegen,vers.,7,5,2,0,0,0,1,1,0,1,1,0,0,0,0,0,0,0,6,4,2,0,0,0,6,4,2,2021
210000,"Raub, r uberische Erpressung und r uberischer Angriff auf Kraftfahrer    249-252, 255, 316a StGB",5970040,Siegen,insg.,36,29,7,0,0,0,3,3,0,3,3,0,2,2,0,1,1,0,27,20,7,3,3,0,30,23,7,2021
210000,"Raub, r uberische Erpressung und r uberischer Angriff auf Kraftfahrer    249-252, 255, 316a StGB",5122000,Solingen,voll.,60,38,22,0,0,0,2,2,0,2,2,0,10,10,0,2,2,0,42,23,19,4,1,3,46,24,22,2021
210000,"Raub, r uberische Erpressung und r uberischer Angriff auf Kraftfahrer    249-252, 255, 316a StGB",5122000,Solingen,vers.,27,19,8,0,0,0,1,1,0,1,1,0,2,2,0,5,4,1,17,10,7,2,2,0,19,12,7,2021
210000,"Raub, r uberische Erpressung und r uberischer Angriff auf Kraftfahrer    249-252, 255, 316a StGB",5122000,Solingen,insg.,87,57,30,0,0,0,3,3,0,3,3,0,12,12,0,7,6,1,59,33,26,6,3,3,65,36,29,2021
210000,"Raub, r uberische Erpressung und r uberischer Angriff auf Kraftfahrer    249-252, 255, 316a StGB",8111000,Stuttgart,voll.,356,266,90,0,0,0,10,7,3,10,7,3,31,27,4,31,26,5,257,188,69,27,18,9,284,206,78,2021
210000,"Raub, r uberische Erpressung und r uberischer Angriff auf Kraftfahrer    249-252, 255, 316a StGB",8111000,Stuttgart,vers.,109,82,27,0,0,0,9,9,0,9,9,0,10,9,1,8,7,1,73,52,21,9,5,4,82,57,25,2021
210000,"Raub, r uberische Erpressung und r uberischer Angriff auf Kraftfahrer    249-252, 255, 316a StGB",8111000,Stuttgart,insg.,465,348,117,0,0,0,19,16,3,19,16,3,41,36,5,39,33,6,330,240,90,36,23,13,366,263,103,2021
210000,"Raub, r uberische Erpressung und r uberischer Angriff auf Kraftfahrer    249-252, 255, 316a StGB",7211000,Trier,voll.,37,27,10,0,0,0,0,0,0,0,0,0,7,7,0,3,2,1,22,17,5,5,1,4,27,18,9,2021
210000,"Raub, r uberische Erpressung und r uberischer Angriff auf Kraftfahrer    249-252, 255, 316a StGB",7211000,Trier,vers.,6,4,2,0,0,0,0,0,0,0,0,0,0,0,0,1,1,0,4,2,2,1,1,0,5,3,2,2021
210000,"Raub, r uberische Erpressung und r uberischer Angriff auf Kraftfahrer    249-252, 255, 316a StGB",7211000,Trier,insg.,43,31,12,0,0,0,0,0,0,0,0,0,7,7,0,4,3,1,26,19,7,6,2,4,32,21,11,2021
210000,"Raub, r uberische Erpressung und r uberischer Angriff auf Kraftfahrer    249-252, 255, 316a StGB",8421000,Ulm,voll.,60,42,18,0,0,0,1,1,0,1,1,0,5,5,0,3,1,2,50,34,16,1,1,0,51,35,16,2021
210000,"Raub, r uberische Erpressung und r uberischer Angriff auf Kraftfahrer    249-252, 255, 316a StGB",8421000,Ulm,vers.,17,14,3,0,0,0,0,0,0,0,0,0,1,1,0,3,3,0,13,10,3,0,0,0,13,10,3,2021
210000,"Raub, r uberische Erpressung und r uberischer Angriff auf Kraftfahrer    249-252, 255, 316a StGB",8421000,Ulm,insg.,77,56,21,0,0,0,1,1,0,1,1,0,6,6,0,6,4,2,63,44,19,1,1,0,64,45,19,2021
210000,"Raub, r uberische Erpressung und r uberischer Angriff auf Kraftfahrer    249-252, 255, 316a StGB",6414000,Wiesbaden,voll.,150,123,27,0,0,0,6,6,0,6,6,0,10,9,1,17,15,2,102,82,20,15,11,4,117,93,24,2021
210000,"Raub, r uberische Erpressung und r uberischer Angriff auf Kraftfahrer    249-252, 255, 316a StGB",6414000,Wiesbaden,vers.,35,24,11,0,0,0,3,2,1,3,2,1,0,0,0,2,2,0,26,17,9,4,3,1,30,20,10,2021
210000,"Raub, r uberische Erpressung und r uberischer Angriff auf Kraftfahrer    249-252, 255, 316a StGB",6414000,Wiesbaden,insg.,185,147,38,0,0,0,9,8,1,9,8,1,10,9,1,19,17,2,128,99,29,19,14,5,147,113,34,2021
210000,"Raub, r uberische Erpressung und r uberischer Angriff auf Kraftfahrer    249-252, 255, 316a StGB",3103000,Wolfsburg,voll.,32,20,12,0,0,0,0,0,0,0,0,0,2,2,0,2,2,0,20,12,8,8,4,4,28,16,12,2021
210000,"Raub, r uberische Erpressung und r uberischer Angriff auf Kraftfahrer    249-252, 255, 316a StGB",3103000,Wolfsburg,vers.,9,6,3,0,0,0,0,0,0,0,0,0,2,2,0,0,0,0,5,3,2,2,1,1,7,4,3,2021
210000,"Raub, r uberische Erpressung und r uberischer Angriff auf Kraftfahrer    249-252, 255, 316a StGB",3103000,Wolfsburg,insg.,41,26,15,0,0,0,0,0,0,0,0,0,4,4,0,2,2,0,25,15,10,10,5,5,35,20,15,2021
210000,"Raub, r uberische Erpressung und r uberischer Angriff auf Kraftfahrer    249-252, 255, 316a StGB",5124000,Wuppertal,voll.,254,187,67,0,0,0,10,9,1,10,9,1,28,27,1,19,17,2,167,122,45,30,12,18,197,134,63,2021
210000,"Raub, r uberische Erpressung und r uberischer Angriff auf Kraftfahrer    249-252, 255, 316a StGB",5124000,Wuppertal,vers.,51,35,16,0,0,0,5,4,1,5,4,1,6,4,2,9,8,1,28,17,11,3,2,1,31,19,12,2021
210000,"Raub, r uberische Erpressung und r uberischer Angriff auf Kraftfahrer    249-252, 255, 316a StGB",5124000,Wuppertal,insg.,305,222,83,0,0,0,15,13,2,15,13,2,34,31,3,28,25,3,195,139,56,33,14,19,228,153,75,2021
210000,"Raub, r uberische Erpressung und r uberischer Angriff auf Kraftfahrer    249-252, 255, 316a StGB",9663000,W rzburg,voll.,31,25,6,0,0,0,0,0,0,0,0,0,1,1,0,1,1,0,26,20,6,3,3,0,29,23,6,2021
210000,"Raub, r uberische Erpressung und r uberischer Angriff auf Kraftfahrer    249-252, 255, 316a StGB",9663000,W rzburg,vers.,9,5,4,0,0,0,0,0,0,0,0,0,0,0,0,1,0,1,8,5,3,0,0,0,8,5,3,2021
210000,"Raub, r uberische Erpressung und r uberischer Angriff auf Kraftfahrer    249-252, 255, 316a StGB",9663000,W rzburg,insg.,40,30,10,0,0,0,0,0,0,0,0,0,1,1,0,2,1,1,34,25,9,3,3,0,37,28,9,2021
211000,"Raub, r uberische Erpressung auf/gegen Geldinstitute, Postfilialen und -agenturen",5334002,Aachen,voll.,0,0,0,0,0,0,0,0,0,0,0,0,0,0,0,0,0,0,0,0,0,0,0,0,0,0,0,2021
211000,"Raub, r uberische Erpressung auf/gegen Geldinstitute, Postfilialen und -agenturen",5334002,Aachen,vers.,0,0,0,0,0,0,0,0,0,0,0,0,0,0,0,0,0,0,0,0,0,0,0,0,0,0,0,2021
211000,"Raub, r uberische Erpressung auf/gegen Geldinstitute, Postfilialen und -agenturen",5334002,Aachen,insg.,0,0,0,0,0,0,0,0,0,0,0,0,0,0,0,0,0,0,0,0,0,0,0,0,0,0,0,2021
211000,"Raub, r uberische Erpressung auf/gegen Geldinstitute, Postfilialen und -agenturen",9761000,Augsburg,voll.,0,0,0,0,0,0,0,0,0,0,0,0,0,0,0,0,0,0,0,0,0,0,0,0,0,0,0,2021
211000,"Raub, r uberische Erpressung auf/gegen Geldinstitute, Postfilialen und -agenturen",9761000,Augsburg,vers.,0,0,0,0,0,0,0,0,0,0,0,0,0,0,0,0,0,0,0,0,0,0,0,0,0,0,0,2021
211000,"Raub, r uberische Erpressung auf/gegen Geldinstitute, Postfilialen und -agenturen",9761000,Augsburg,insg.,0,0,0,0,0,0,0,0,0,0,0,0,0,0,0,0,0,0,0,0,0,0,0,0,0,0,0,2021
211000,"Raub, r uberische Erpressung auf/gegen Geldinstitute, Postfilialen und -agenturen",5378004,Bergisch Gladbach,voll.,0,0,0,0,0,0,0,0,0,0,0,0,0,0,0,0,0,0,0,0,0,0,0,0,0,0,0,2021
211000,"Raub, r uberische Erpressung auf/gegen Geldinstitute, Postfilialen und -agenturen",5378004,Bergisch Gladbach,vers.,0,0,0,0,0,0,0,0,0,0,0,0,0,0,0,0,0,0,0,0,0,0,0,0,0,0,0,2021
211000,"Raub, r uberische Erpressung auf/gegen Geldinstitute, Postfilialen und -agenturen",5378004,Bergisch Gladbach,insg.,0,0,0,0,0,0,0,0,0,0,0,0,0,0,0,0,0,0,0,0,0,0,0,0,0,0,0,2021
211000,"Raub, r uberische Erpressung auf/gegen Geldinstitute, Postfilialen und -agenturen",11000000,Berlin,voll.,5,2,3,0,0,0,0,0,0,0,0,0,0,0,0,0,0,0,2,1,1,3,1,2,5,2,3,2021
211000,"Raub, r uberische Erpressung auf/gegen Geldinstitute, Postfilialen und -agenturen",11000000,Berlin,vers.,1,1,0,0,0,0,0,0,0,0,0,0,0,0,0,0,0,0,1,1,0,0,0,0,1,1,0,2021
211000,"Raub, r uberische Erpressung auf/gegen Geldinstitute, Postfilialen und -agenturen",11000000,Berlin,insg.,6,3,3,0,0,0,0,0,0,0,0,0,0,0,0,0,0,0,3,2,1,3,1,2,6,3,3,2021
211000,"Raub, r uberische Erpressung auf/gegen Geldinstitute, Postfilialen und -agenturen",5711000,Bielefeld,voll.,0,0,0,0,0,0,0,0,0,0,0,0,0,0,0,0,0,0,0,0,0,0,0,0,0,0,0,2021
211000,"Raub, r uberische Erpressung auf/gegen Geldinstitute, Postfilialen und -agenturen",5711000,Bielefeld,vers.,0,0,0,0,0,0,0,0,0,0,0,0,0,0,0,0,0,0,0,0,0,0,0,0,0,0,0,2021
211000,"Raub, r uberische Erpressung auf/gegen Geldinstitute, Postfilialen und -agenturen",5711000,Bielefeld,insg.,0,0,0,0,0,0,0,0,0,0,0,0,0,0,0,0,0,0,0,0,0,0,0,0,0,0,0,2021
211000,"Raub, r uberische Erpressung auf/gegen Geldinstitute, Postfilialen und -agenturen",5911000,Bochum,voll.,0,0,0,0,0,0,0,0,0,0,0,0,0,0,0,0,0,0,0,0,0,0,0,0,0,0,0,2021
211000,"Raub, r uberische Erpressung auf/gegen Geldinstitute, Postfilialen und -agenturen",5911000,Bochum,vers.,0,0,0,0,0,0,0,0,0,0,0,0,0,0,0,0,0,0,0,0,0,0,0,0,0,0,0,2021
211000,"Raub, r uberische Erpressung auf/gegen Geldinstitute, Postfilialen und -agenturen",5911000,Bochum,insg.,0,0,0,0,0,0,0,0,0,0,0,0,0,0,0,0,0,0,0,0,0,0,0,0,0,0,0,2021
211000,"Raub, r uberische Erpressung auf/gegen Geldinstitute, Postfilialen und -agenturen",5314000,Bonn,voll.,0,0,0,0,0,0,0,0,0,0,0,0,0,0,0,0,0,0,0,0,0,0,0,0,0,0,0,2021
211000,"Raub, r uberische Erpressung auf/gegen Geldinstitute, Postfilialen und -agenturen",5314000,Bonn,vers.,1,0,1,0,0,0,0,0,0,0,0,0,0,0,0,0,0,0,1,0,1,0,0,0,1,0,1,2021
211000,"Raub, r uberische Erpressung auf/gegen Geldinstitute, Postfilialen und -agenturen",5314000,Bonn,insg.,1,0,1,0,0,0,0,0,0,0,0,0,0,0,0,0,0,0,1,0,1,0,0,0,1,0,1,2021
211000,"Raub, r uberische Erpressung auf/gegen Geldinstitute, Postfilialen und -agenturen",5512000,Bottrop,voll.,0,0,0,0,0,0,0,0,0,0,0,0,0,0,0,0,0,0,0,0,0,0,0,0,0,0,0,2021
211000,"Raub, r uberische Erpressung auf/gegen Geldinstitute, Postfilialen und -agenturen",5512000,Bottrop,vers.,0,0,0,0,0,0,0,0,0,0,0,0,0,0,0,0,0,0,0,0,0,0,0,0,0,0,0,2021
211000,"Raub, r uberische Erpressung auf/gegen Geldinstitute, Postfilialen und -agenturen",5512000,Bottrop,insg.,0,0,0,0,0,0,0,0,0,0,0,0,0,0,0,0,0,0,0,0,0,0,0,0,0,0,0,2021
211000,"Raub, r uberische Erpressung auf/gegen Geldinstitute, Postfilialen und -agenturen",3101000,Braunschweig,voll.,0,0,0,0,0,0,0,0,0,0,0,0,0,0,0,0,0,0,0,0,0,0,0,0,0,0,0,2021
211000,"Raub, r uberische Erpressung auf/gegen Geldinstitute, Postfilialen und -agenturen",3101000,Braunschweig,vers.,0,0,0,0,0,0,0,0,0,0,0,0,0,0,0,0,0,0,0,0,0,0,0,0,0,0,0,2021
211000,"Raub, r uberische Erpressung auf/gegen Geldinstitute, Postfilialen und -agenturen",3101000,Braunschweig,insg.,0,0,0,0,0,0,0,0,0,0,0,0,0,0,0,0,0,0,0,0,0,0,0,0,0,0,0,2021
211000,"Raub, r uberische Erpressung auf/gegen Geldinstitute, Postfilialen und -agenturen",4011000,Bremen,voll.,0,0,0,0,0,0,0,0,0,0,0,0,0,0,0,0,0,0,0,0,0,0,0,0,0,0,0,2021
211000,"Raub, r uberische Erpressung auf/gegen Geldinstitute, Postfilialen und -agenturen",4011000,Bremen,vers.,2,0,2,0,0,0,0,0,0,0,0,0,0,0,0,0,0,0,2,0,2,0,0,0,2,0,2,2021
211000,"Raub, r uberische Erpressung auf/gegen Geldinstitute, Postfilialen und -agenturen",4011000,Bremen,insg.,2,0,2,0,0,0,0,0,0,0,0,0,0,0,0,0,0,0,2,0,2,0,0,0,2,0,2,2021
211000,"Raub, r uberische Erpressung auf/gegen Geldinstitute, Postfilialen und -agenturen",4012000,Bremerhaven,voll.,0,0,0,0,0,0,0,0,0,0,0,0,0,0,0,0,0,0,0,0,0,0,0,0,0,0,0,2021
211000,"Raub, r uberische Erpressung auf/gegen Geldinstitute, Postfilialen und -agenturen",4012000,Bremerhaven,vers.,0,0,0,0,0,0,0,0,0,0,0,0,0,0,0,0,0,0,0,0,0,0,0,0,0,0,0,2021
211000,"Raub, r uberische Erpressung auf/gegen Geldinstitute, Postfilialen und -agenturen",4012000,Bremerhaven,insg.,0,0,0,0,0,0,0,0,0,0,0,0,0,0,0,0,0,0,0,0,0,0,0,0,0,0,0,2021
211000,"Raub, r uberische Erpressung auf/gegen Geldinstitute, Postfilialen und -agenturen",14511000,Chemnitz,voll.,0,0,0,0,0,0,0,0,0,0,0,0,0,0,0,0,0,0,0,0,0,0,0,0,0,0,0,2021
211000,"Raub, r uberische Erpressung auf/gegen Geldinstitute, Postfilialen und -agenturen",14511000,Chemnitz,vers.,0,0,0,0,0,0,0,0,0,0,0,0,0,0,0,0,0,0,0,0,0,0,0,0,0,0,0,2021
211000,"Raub, r uberische Erpressung auf/gegen Geldinstitute, Postfilialen und -agenturen",14511000,Chemnitz,insg.,0,0,0,0,0,0,0,0,0,0,0,0,0,0,0,0,0,0,0,0,0,0,0,0,0,0,0,2021
211000,"Raub, r uberische Erpressung auf/gegen Geldinstitute, Postfilialen und -agenturen",12052000,Cottbus,voll.,0,0,0,0,0,0,0,0,0,0,0,0,0,0,0,0,0,0,0,0,0,0,0,0,0,0,0,2021
211000,"Raub, r uberische Erpressung auf/gegen Geldinstitute, Postfilialen und -agenturen",12052000,Cottbus,vers.,0,0,0,0,0,0,0,0,0,0,0,0,0,0,0,0,0,0,0,0,0,0,0,0,0,0,0,2021
211000,"Raub, r uberische Erpressung auf/gegen Geldinstitute, Postfilialen und -agenturen",12052000,Cottbus,insg.,0,0,0,0,0,0,0,0,0,0,0,0,0,0,0,0,0,0,0,0,0,0,0,0,0,0,0,2021
211000,"Raub, r uberische Erpressung auf/gegen Geldinstitute, Postfilialen und -agenturen",6411000,Darmstadt,voll.,0,0,0,0,0,0,0,0,0,0,0,0,0,0,0,0,0,0,0,0,0,0,0,0,0,0,0,2021
211000,"Raub, r uberische Erpressung auf/gegen Geldinstitute, Postfilialen und -agenturen",6411000,Darmstadt,vers.,0,0,0,0,0,0,0,0,0,0,0,0,0,0,0,0,0,0,0,0,0,0,0,0,0,0,0,2021
211000,"Raub, r uberische Erpressung auf/gegen Geldinstitute, Postfilialen und -agenturen",6411000,Darmstadt,insg.,0,0,0,0,0,0,0,0,0,0,0,0,0,0,0,0,0,0,0,0,0,0,0,0,0,0,0,2021
211000,"Raub, r uberische Erpressung auf/gegen Geldinstitute, Postfilialen und -agenturen",5913000,Dortmund,voll.,0,0,0,0,0,0,0,0,0,0,0,0,0,0,0,0,0,0,0,0,0,0,0,0,0,0,0,2021
211000,"Raub, r uberische Erpressung auf/gegen Geldinstitute, Postfilialen und -agenturen",5913000,Dortmund,vers.,0,0,0,0,0,0,0,0,0,0,0,0,0,0,0,0,0,0,0,0,0,0,0,0,0,0,0,2021
211000,"Raub, r uberische Erpressung auf/gegen Geldinstitute, Postfilialen und -agenturen",5913000,Dortmund,insg.,0,0,0,0,0,0,0,0,0,0,0,0,0,0,0,0,0,0,0,0,0,0,0,0,0,0,0,2021
211000,"Raub, r uberische Erpressung auf/gegen Geldinstitute, Postfilialen und -agenturen",14612000,Dresden,voll.,0,0,0,0,0,0,0,0,0,0,0,0,0,0,0,0,0,0,0,0,0,0,0,0,0,0,0,2021
211000,"Raub, r uberische Erpressung auf/gegen Geldinstitute, Postfilialen und -agenturen",14612000,Dresden,vers.,1,1,0,0,0,0,0,0,0,0,0,0,0,0,0,0,0,0,1,1,0,0,0,0,1,1,0,2021
211000,"Raub, r uberische Erpressung auf/gegen Geldinstitute, Postfilialen und -agenturen",14612000,Dresden,insg.,1,1,0,0,0,0,0,0,0,0,0,0,0,0,0,0,0,0,1,1,0,0,0,0,1,1,0,2021
211000,"Raub, r uberische Erpressung auf/gegen Geldinstitute, Postfilialen und -agenturen",5112000,Duisburg,voll.,0,0,0,0,0,0,0,0,0,0,0,0,0,0,0,0,0,0,0,0,0,0,0,0,0,0,0,2021
211000,"Raub, r uberische Erpressung auf/gegen Geldinstitute, Postfilialen und -agenturen",5112000,Duisburg,vers.,0,0,0,0,0,0,0,0,0,0,0,0,0,0,0,0,0,0,0,0,0,0,0,0,0,0,0,2021
211000,"Raub, r uberische Erpressung auf/gegen Geldinstitute, Postfilialen und -agenturen",5112000,Duisburg,insg.,0,0,0,0,0,0,0,0,0,0,0,0,0,0,0,0,0,0,0,0,0,0,0,0,0,0,0,2021
211000,"Raub, r uberische Erpressung auf/gegen Geldinstitute, Postfilialen und -agenturen",5111000,D sseldorf,voll.,0,0,0,0,0,0,0,0,0,0,0,0,0,0,0,0,0,0,0,0,0,0,0,0,0,0,0,2021
211000,"Raub, r uberische Erpressung auf/gegen Geldinstitute, Postfilialen und -agenturen",5111000,D sseldorf,vers.,0,0,0,0,0,0,0,0,0,0,0,0,0,0,0,0,0,0,0,0,0,0,0,0,0,0,0,2021
211000,"Raub, r uberische Erpressung auf/gegen Geldinstitute, Postfilialen und -agenturen",5111000,D sseldorf,insg.,0,0,0,0,0,0,0,0,0,0,0,0,0,0,0,0,0,0,0,0,0,0,0,0,0,0,0,2021
211000,"Raub, r uberische Erpressung auf/gegen Geldinstitute, Postfilialen und -agenturen",16051000,Erfurt,voll.,0,0,0,0,0,0,0,0,0,0,0,0,0,0,0,0,0,0,0,0,0,0,0,0,0,0,0,2021
211000,"Raub, r uberische Erpressung auf/gegen Geldinstitute, Postfilialen und -agenturen",16051000,Erfurt,vers.,0,0,0,0,0,0,0,0,0,0,0,0,0,0,0,0,0,0,0,0,0,0,0,0,0,0,0,2021
211000,"Raub, r uberische Erpressung auf/gegen Geldinstitute, Postfilialen und -agenturen",16051000,Erfurt,insg.,0,0,0,0,0,0,0,0,0,0,0,0,0,0,0,0,0,0,0,0,0,0,0,0,0,0,0,2021
211000,"Raub, r uberische Erpressung auf/gegen Geldinstitute, Postfilialen und -agenturen",9562000,Erlangen,voll.,0,0,0,0,0,0,0,0,0,0,0,0,0,0,0,0,0,0,0,0,0,0,0,0,0,0,0,2021
211000,"Raub, r uberische Erpressung auf/gegen Geldinstitute, Postfilialen und -agenturen",9562000,Erlangen,vers.,0,0,0,0,0,0,0,0,0,0,0,0,0,0,0,0,0,0,0,0,0,0,0,0,0,0,0,2021
211000,"Raub, r uberische Erpressung auf/gegen Geldinstitute, Postfilialen und -agenturen",9562000,Erlangen,insg.,0,0,0,0,0,0,0,0,0,0,0,0,0,0,0,0,0,0,0,0,0,0,0,0,0,0,0,2021
211000,"Raub, r uberische Erpressung auf/gegen Geldinstitute, Postfilialen und -agenturen",5113000,Essen,voll.,0,0,0,0,0,0,0,0,0,0,0,0,0,0,0,0,0,0,0,0,0,0,0,0,0,0,0,2021
211000,"Raub, r uberische Erpressung auf/gegen Geldinstitute, Postfilialen und -agenturen",5113000,Essen,vers.,0,0,0,0,0,0,0,0,0,0,0,0,0,0,0,0,0,0,0,0,0,0,0,0,0,0,0,2021
211000,"Raub, r uberische Erpressung auf/gegen Geldinstitute, Postfilialen und -agenturen",5113000,Essen,insg.,0,0,0,0,0,0,0,0,0,0,0,0,0,0,0,0,0,0,0,0,0,0,0,0,0,0,0,2021
211000,"Raub, r uberische Erpressung auf/gegen Geldinstitute, Postfilialen und -agenturen",6412000,Frankfurt am Main,voll.,0,0,0,0,0,0,0,0,0,0,0,0,0,0,0,0,0,0,0,0,0,0,0,0,0,0,0,2021
211000,"Raub, r uberische Erpressung auf/gegen Geldinstitute, Postfilialen und -agenturen",6412000,Frankfurt am Main,vers.,0,0,0,0,0,0,0,0,0,0,0,0,0,0,0,0,0,0,0,0,0,0,0,0,0,0,0,2021
211000,"Raub, r uberische Erpressung auf/gegen Geldinstitute, Postfilialen und -agenturen",6412000,Frankfurt am Main,insg.,0,0,0,0,0,0,0,0,0,0,0,0,0,0,0,0,0,0,0,0,0,0,0,0,0,0,0,2021
211000,"Raub, r uberische Erpressung auf/gegen Geldinstitute, Postfilialen und -agenturen",8311000,Freiburg im Breisgau,voll.,0,0,0,0,0,0,0,0,0,0,0,0,0,0,0,0,0,0,0,0,0,0,0,0,0,0,0,2021
211000,"Raub, r uberische Erpressung auf/gegen Geldinstitute, Postfilialen und -agenturen",8311000,Freiburg im Breisgau,vers.,0,0,0,0,0,0,0,0,0,0,0,0,0,0,0,0,0,0,0,0,0,0,0,0,0,0,0,2021
211000,"Raub, r uberische Erpressung auf/gegen Geldinstitute, Postfilialen und -agenturen",8311000,Freiburg im Breisgau,insg.,0,0,0,0,0,0,0,0,0,0,0,0,0,0,0,0,0,0,0,0,0,0,0,0,0,0,0,2021
211000,"Raub, r uberische Erpressung auf/gegen Geldinstitute, Postfilialen und -agenturen",9563000,F rth,voll.,0,0,0,0,0,0,0,0,0,0,0,0,0,0,0,0,0,0,0,0,0,0,0,0,0,0,0,2021
211000,"Raub, r uberische Erpressung auf/gegen Geldinstitute, Postfilialen und -agenturen",9563000,F rth,vers.,0,0,0,0,0,0,0,0,0,0,0,0,0,0,0,0,0,0,0,0,0,0,0,0,0,0,0,2021
211000,"Raub, r uberische Erpressung auf/gegen Geldinstitute, Postfilialen und -agenturen",9563000,F rth,insg.,0,0,0,0,0,0,0,0,0,0,0,0,0,0,0,0,0,0,0,0,0,0,0,0,0,0,0,2021
211000,"Raub, r uberische Erpressung auf/gegen Geldinstitute, Postfilialen und -agenturen",5513000,Gelsenkirchen,voll.,0,0,0,0,0,0,0,0,0,0,0,0,0,0,0,0,0,0,0,0,0,0,0,0,0,0,0,2021
211000,"Raub, r uberische Erpressung auf/gegen Geldinstitute, Postfilialen und -agenturen",5513000,Gelsenkirchen,vers.,0,0,0,0,0,0,0,0,0,0,0,0,0,0,0,0,0,0,0,0,0,0,0,0,0,0,0,2021
211000,"Raub, r uberische Erpressung auf/gegen Geldinstitute, Postfilialen und -agenturen",5513000,Gelsenkirchen,insg.,0,0,0,0,0,0,0,0,0,0,0,0,0,0,0,0,0,0,0,0,0,0,0,0,0,0,0,2021
211000,"Raub, r uberische Erpressung auf/gegen Geldinstitute, Postfilialen und -agenturen",3159016,G ttingen,voll.,0,0,0,0,0,0,0,0,0,0,0,0,0,0,0,0,0,0,0,0,0,0,0,0,0,0,0,2021
211000,"Raub, r uberische Erpressung auf/gegen Geldinstitute, Postfilialen und -agenturen",3159016,G ttingen,vers.,0,0,0,0,0,0,0,0,0,0,0,0,0,0,0,0,0,0,0,0,0,0,0,0,0,0,0,2021
211000,"Raub, r uberische Erpressung auf/gegen Geldinstitute, Postfilialen und -agenturen",3159016,G ttingen,insg.,0,0,0,0,0,0,0,0,0,0,0,0,0,0,0,0,0,0,0,0,0,0,0,0,0,0,0,2021
211000,"Raub, r uberische Erpressung auf/gegen Geldinstitute, Postfilialen und -agenturen",5754008,G tersloh,voll.,0,0,0,0,0,0,0,0,0,0,0,0,0,0,0,0,0,0,0,0,0,0,0,0,0,0,0,2021
211000,"Raub, r uberische Erpressung auf/gegen Geldinstitute, Postfilialen und -agenturen",5754008,G tersloh,vers.,0,0,0,0,0,0,0,0,0,0,0,0,0,0,0,0,0,0,0,0,0,0,0,0,0,0,0,2021
211000,"Raub, r uberische Erpressung auf/gegen Geldinstitute, Postfilialen und -agenturen",5754008,G tersloh,insg.,0,0,0,0,0,0,0,0,0,0,0,0,0,0,0,0,0,0,0,0,0,0,0,0,0,0,0,2021
211000,"Raub, r uberische Erpressung auf/gegen Geldinstitute, Postfilialen und -agenturen",5914000,Hagen,voll.,0,0,0,0,0,0,0,0,0,0,0,0,0,0,0,0,0,0,0,0,0,0,0,0,0,0,0,2021
211000,"Raub, r uberische Erpressung auf/gegen Geldinstitute, Postfilialen und -agenturen",5914000,Hagen,vers.,0,0,0,0,0,0,0,0,0,0,0,0,0,0,0,0,0,0,0,0,0,0,0,0,0,0,0,2021
211000,"Raub, r uberische Erpressung auf/gegen Geldinstitute, Postfilialen und -agenturen",5914000,Hagen,insg.,0,0,0,0,0,0,0,0,0,0,0,0,0,0,0,0,0,0,0,0,0,0,0,0,0,0,0,2021
211000,"Raub, r uberische Erpressung auf/gegen Geldinstitute, Postfilialen und -agenturen",15002000,Halle (Saale),voll.,1,0,1,0,0,0,0,0,0,0,0,0,0,0,0,0,0,0,1,0,1,0,0,0,1,0,1,2021
211000,"Raub, r uberische Erpressung auf/gegen Geldinstitute, Postfilialen und -agenturen",15002000,Halle (Saale),vers.,0,0,0,0,0,0,0,0,0,0,0,0,0,0,0,0,0,0,0,0,0,0,0,0,0,0,0,2021
211000,"Raub, r uberische Erpressung auf/gegen Geldinstitute, Postfilialen und -agenturen",15002000,Halle (Saale),insg.,1,0,1,0,0,0,0,0,0,0,0,0,0,0,0,0,0,0,1,0,1,0,0,0,1,0,1,2021
211000,"Raub, r uberische Erpressung auf/gegen Geldinstitute, Postfilialen und -agenturen",2000000,Hamburg,voll.,1,0,1,0,0,0,0,0,0,0,0,0,0,0,0,0,0,0,1,0,1,0,0,0,1,0,1,2021
211000,"Raub, r uberische Erpressung auf/gegen Geldinstitute, Postfilialen und -agenturen",2000000,Hamburg,vers.,0,0,0,0,0,0,0,0,0,0,0,0,0,0,0,0,0,0,0,0,0,0,0,0,0,0,0,2021
211000,"Raub, r uberische Erpressung auf/gegen Geldinstitute, Postfilialen und -agenturen",2000000,Hamburg,insg.,1,0,1,0,0,0,0,0,0,0,0,0,0,0,0,0,0,0,1,0,1,0,0,0,1,0,1,2021
211000,"Raub, r uberische Erpressung auf/gegen Geldinstitute, Postfilialen und -agenturen",5915000,Hamm,voll.,0,0,0,0,0,0,0,0,0,0,0,0,0,0,0,0,0,0,0,0,0,0,0,0,0,0,0,2021
211000,"Raub, r uberische Erpressung auf/gegen Geldinstitute, Postfilialen und -agenturen",5915000,Hamm,vers.,0,0,0,0,0,0,0,0,0,0,0,0,0,0,0,0,0,0,0,0,0,0,0,0,0,0,0,2021
211000,"Raub, r uberische Erpressung auf/gegen Geldinstitute, Postfilialen und -agenturen",5915000,Hamm,insg.,0,0,0,0,0,0,0,0,0,0,0,0,0,0,0,0,0,0,0,0,0,0,0,0,0,0,0,2021
211000,"Raub, r uberische Erpressung auf/gegen Geldinstitute, Postfilialen und -agenturen",3241001,Hannover,voll.,0,0,0,0,0,0,0,0,0,0,0,0,0,0,0,0,0,0,0,0,0,0,0,0,0,0,0,2021
211000,"Raub, r uberische Erpressung auf/gegen Geldinstitute, Postfilialen und -agenturen",3241001,Hannover,vers.,1,1,0,0,0,0,0,0,0,0,0,0,0,0,0,0,0,0,1,1,0,0,0,0,1,1,0,2021
211000,"Raub, r uberische Erpressung auf/gegen Geldinstitute, Postfilialen und -agenturen",3241001,Hannover,insg.,1,1,0,0,0,0,0,0,0,0,0,0,0,0,0,0,0,0,1,1,0,0,0,0,1,1,0,2021
211000,"Raub, r uberische Erpressung auf/gegen Geldinstitute, Postfilialen und -agenturen",8221000,Heidelberg,voll.,0,0,0,0,0,0,0,0,0,0,0,0,0,0,0,0,0,0,0,0,0,0,0,0,0,0,0,2021
211000,"Raub, r uberische Erpressung auf/gegen Geldinstitute, Postfilialen und -agenturen",8221000,Heidelberg,vers.,0,0,0,0,0,0,0,0,0,0,0,0,0,0,0,0,0,0,0,0,0,0,0,0,0,0,0,2021
211000,"Raub, r uberische Erpressung auf/gegen Geldinstitute, Postfilialen und -agenturen",8221000,Heidelberg,insg.,0,0,0,0,0,0,0,0,0,0,0,0,0,0,0,0,0,0,0,0,0,0,0,0,0,0,0,2021
211000,"Raub, r uberische Erpressung auf/gegen Geldinstitute, Postfilialen und -agenturen",8121000,Heilbronn,voll.,0,0,0,0,0,0,0,0,0,0,0,0,0,0,0,0,0,0,0,0,0,0,0,0,0,0,0,2021
211000,"Raub, r uberische Erpressung auf/gegen Geldinstitute, Postfilialen und -agenturen",8121000,Heilbronn,vers.,0,0,0,0,0,0,0,0,0,0,0,0,0,0,0,0,0,0,0,0,0,0,0,0,0,0,0,2021
211000,"Raub, r uberische Erpressung auf/gegen Geldinstitute, Postfilialen und -agenturen",8121000,Heilbronn,insg.,0,0,0,0,0,0,0,0,0,0,0,0,0,0,0,0,0,0,0,0,0,0,0,0,0,0,0,2021
211000,"Raub, r uberische Erpressung auf/gegen Geldinstitute, Postfilialen und -agenturen",5916000,Herne,voll.,0,0,0,0,0,0,0,0,0,0,0,0,0,0,0,0,0,0,0,0,0,0,0,0,0,0,0,2021
211000,"Raub, r uberische Erpressung auf/gegen Geldinstitute, Postfilialen und -agenturen",5916000,Herne,vers.,0,0,0,0,0,0,0,0,0,0,0,0,0,0,0,0,0,0,0,0,0,0,0,0,0,0,0,2021
211000,"Raub, r uberische Erpressung auf/gegen Geldinstitute, Postfilialen und -agenturen",5916000,Herne,insg.,0,0,0,0,0,0,0,0,0,0,0,0,0,0,0,0,0,0,0,0,0,0,0,0,0,0,0,2021
211000,"Raub, r uberische Erpressung auf/gegen Geldinstitute, Postfilialen und -agenturen",3254021,Hildesheim,voll.,0,0,0,0,0,0,0,0,0,0,0,0,0,0,0,0,0,0,0,0,0,0,0,0,0,0,0,2021
211000,"Raub, r uberische Erpressung auf/gegen Geldinstitute, Postfilialen und -agenturen",3254021,Hildesheim,vers.,0,0,0,0,0,0,0,0,0,0,0,0,0,0,0,0,0,0,0,0,0,0,0,0,0,0,0,2021
211000,"Raub, r uberische Erpressung auf/gegen Geldinstitute, Postfilialen und -agenturen",3254021,Hildesheim,insg.,0,0,0,0,0,0,0,0,0,0,0,0,0,0,0,0,0,0,0,0,0,0,0,0,0,0,0,2021
211000,"Raub, r uberische Erpressung auf/gegen Geldinstitute, Postfilialen und -agenturen",9161000,Ingolstadt,voll.,0,0,0,0,0,0,0,0,0,0,0,0,0,0,0,0,0,0,0,0,0,0,0,0,0,0,0,2021
211000,"Raub, r uberische Erpressung auf/gegen Geldinstitute, Postfilialen und -agenturen",9161000,Ingolstadt,vers.,0,0,0,0,0,0,0,0,0,0,0,0,0,0,0,0,0,0,0,0,0,0,0,0,0,0,0,2021
211000,"Raub, r uberische Erpressung auf/gegen Geldinstitute, Postfilialen und -agenturen",9161000,Ingolstadt,insg.,0,0,0,0,0,0,0,0,0,0,0,0,0,0,0,0,0,0,0,0,0,0,0,0,0,0,0,2021
211000,"Raub, r uberische Erpressung auf/gegen Geldinstitute, Postfilialen und -agenturen",16053000,Jena,voll.,0,0,0,0,0,0,0,0,0,0,0,0,0,0,0,0,0,0,0,0,0,0,0,0,0,0,0,2021
211000,"Raub, r uberische Erpressung auf/gegen Geldinstitute, Postfilialen und -agenturen",16053000,Jena,vers.,0,0,0,0,0,0,0,0,0,0,0,0,0,0,0,0,0,0,0,0,0,0,0,0,0,0,0,2021
211000,"Raub, r uberische Erpressung auf/gegen Geldinstitute, Postfilialen und -agenturen",16053000,Jena,insg.,0,0,0,0,0,0,0,0,0,0,0,0,0,0,0,0,0,0,0,0,0,0,0,0,0,0,0,2021
211000,"Raub, r uberische Erpressung auf/gegen Geldinstitute, Postfilialen und -agenturen",7312000,Kaiserslautern,voll.,1,0,1,0,0,0,0,0,0,0,0,0,0,0,0,0,0,0,1,0,1,0,0,0,1,0,1,2021
211000,"Raub, r uberische Erpressung auf/gegen Geldinstitute, Postfilialen und -agenturen",7312000,Kaiserslautern,vers.,0,0,0,0,0,0,0,0,0,0,0,0,0,0,0,0,0,0,0,0,0,0,0,0,0,0,0,2021
211000,"Raub, r uberische Erpressung auf/gegen Geldinstitute, Postfilialen und -agenturen",7312000,Kaiserslautern,insg.,1,0,1,0,0,0,0,0,0,0,0,0,0,0,0,0,0,0,1,0,1,0,0,0,1,0,1,2021
211000,"Raub, r uberische Erpressung auf/gegen Geldinstitute, Postfilialen und -agenturen",8212000,Karlsruhe,voll.,0,0,0,0,0,0,0,0,0,0,0,0,0,0,0,0,0,0,0,0,0,0,0,0,0,0,0,2021
211000,"Raub, r uberische Erpressung auf/gegen Geldinstitute, Postfilialen und -agenturen",8212000,Karlsruhe,vers.,0,0,0,0,0,0,0,0,0,0,0,0,0,0,0,0,0,0,0,0,0,0,0,0,0,0,0,2021
211000,"Raub, r uberische Erpressung auf/gegen Geldinstitute, Postfilialen und -agenturen",8212000,Karlsruhe,insg.,0,0,0,0,0,0,0,0,0,0,0,0,0,0,0,0,0,0,0,0,0,0,0,0,0,0,0,2021
211000,"Raub, r uberische Erpressung auf/gegen Geldinstitute, Postfilialen und -agenturen",6611000,Kassel,voll.,0,0,0,0,0,0,0,0,0,0,0,0,0,0,0,0,0,0,0,0,0,0,0,0,0,0,0,2021
211000,"Raub, r uberische Erpressung auf/gegen Geldinstitute, Postfilialen und -agenturen",6611000,Kassel,vers.,0,0,0,0,0,0,0,0,0,0,0,0,0,0,0,0,0,0,0,0,0,0,0,0,0,0,0,2021
211000,"Raub, r uberische Erpressung auf/gegen Geldinstitute, Postfilialen und -agenturen",6611000,Kassel,insg.,0,0,0,0,0,0,0,0,0,0,0,0,0,0,0,0,0,0,0,0,0,0,0,0,0,0,0,2021
211000,"Raub, r uberische Erpressung auf/gegen Geldinstitute, Postfilialen und -agenturen",1002000,Kiel,voll.,0,0,0,0,0,0,0,0,0,0,0,0,0,0,0,0,0,0,0,0,0,0,0,0,0,0,0,2021
211000,"Raub, r uberische Erpressung auf/gegen Geldinstitute, Postfilialen und -agenturen",1002000,Kiel,vers.,0,0,0,0,0,0,0,0,0,0,0,0,0,0,0,0,0,0,0,0,0,0,0,0,0,0,0,2021
211000,"Raub, r uberische Erpressung auf/gegen Geldinstitute, Postfilialen und -agenturen",1002000,Kiel,insg.,0,0,0,0,0,0,0,0,0,0,0,0,0,0,0,0,0,0,0,0,0,0,0,0,0,0,0,2021
211000,"Raub, r uberische Erpressung auf/gegen Geldinstitute, Postfilialen und -agenturen",7111000,Koblenz,voll.,0,0,0,0,0,0,0,0,0,0,0,0,0,0,0,0,0,0,0,0,0,0,0,0,0,0,0,2021
211000,"Raub, r uberische Erpressung auf/gegen Geldinstitute, Postfilialen und -agenturen",7111000,Koblenz,vers.,0,0,0,0,0,0,0,0,0,0,0,0,0,0,0,0,0,0,0,0,0,0,0,0,0,0,0,2021
211000,"Raub, r uberische Erpressung auf/gegen Geldinstitute, Postfilialen und -agenturen",7111000,Koblenz,insg.,0,0,0,0,0,0,0,0,0,0,0,0,0,0,0,0,0,0,0,0,0,0,0,0,0,0,0,2021
211000,"Raub, r uberische Erpressung auf/gegen Geldinstitute, Postfilialen und -agenturen",5315000,K ln,voll.,1,0,1,0,0,0,0,0,0,0,0,0,0,0,0,0,0,0,1,0,1,0,0,0,1,0,1,2021
211000,"Raub, r uberische Erpressung auf/gegen Geldinstitute, Postfilialen und -agenturen",5315000,K ln,vers.,0,0,0,0,0,0,0,0,0,0,0,0,0,0,0,0,0,0,0,0,0,0,0,0,0,0,0,2021
211000,"Raub, r uberische Erpressung auf/gegen Geldinstitute, Postfilialen und -agenturen",5315000,K ln,insg.,1,0,1,0,0,0,0,0,0,0,0,0,0,0,0,0,0,0,1,0,1,0,0,0,1,0,1,2021
211000,"Raub, r uberische Erpressung auf/gegen Geldinstitute, Postfilialen und -agenturen",5114000,Krefeld,voll.,0,0,0,0,0,0,0,0,0,0,0,0,0,0,0,0,0,0,0,0,0,0,0,0,0,0,0,2021
211000,"Raub, r uberische Erpressung auf/gegen Geldinstitute, Postfilialen und -agenturen",5114000,Krefeld,vers.,0,0,0,0,0,0,0,0,0,0,0,0,0,0,0,0,0,0,0,0,0,0,0,0,0,0,0,2021
211000,"Raub, r uberische Erpressung auf/gegen Geldinstitute, Postfilialen und -agenturen",5114000,Krefeld,insg.,0,0,0,0,0,0,0,0,0,0,0,0,0,0,0,0,0,0,0,0,0,0,0,0,0,0,0,2021
211000,"Raub, r uberische Erpressung auf/gegen Geldinstitute, Postfilialen und -agenturen",14713000,Leipzig,voll.,0,0,0,0,0,0,0,0,0,0,0,0,0,0,0,0,0,0,0,0,0,0,0,0,0,0,0,2021
211000,"Raub, r uberische Erpressung auf/gegen Geldinstitute, Postfilialen und -agenturen",14713000,Leipzig,vers.,1,0,1,0,0,0,0,0,0,0,0,0,0,0,0,0,0,0,1,0,1,0,0,0,1,0,1,2021
211000,"Raub, r uberische Erpressung auf/gegen Geldinstitute, Postfilialen und -agenturen",14713000,Leipzig,insg.,1,0,1,0,0,0,0,0,0,0,0,0,0,0,0,0,0,0,1,0,1,0,0,0,1,0,1,2021
211000,"Raub, r uberische Erpressung auf/gegen Geldinstitute, Postfilialen und -agenturen",5316000,Leverkusen,voll.,0,0,0,0,0,0,0,0,0,0,0,0,0,0,0,0,0,0,0,0,0,0,0,0,0,0,0,2021
211000,"Raub, r uberische Erpressung auf/gegen Geldinstitute, Postfilialen und -agenturen",5316000,Leverkusen,vers.,0,0,0,0,0,0,0,0,0,0,0,0,0,0,0,0,0,0,0,0,0,0,0,0,0,0,0,2021
211000,"Raub, r uberische Erpressung auf/gegen Geldinstitute, Postfilialen und -agenturen",5316000,Leverkusen,insg.,0,0,0,0,0,0,0,0,0,0,0,0,0,0,0,0,0,0,0,0,0,0,0,0,0,0,0,2021
211000,"Raub, r uberische Erpressung auf/gegen Geldinstitute, Postfilialen und -agenturen",1003000,L beck,voll.,0,0,0,0,0,0,0,0,0,0,0,0,0,0,0,0,0,0,0,0,0,0,0,0,0,0,0,2021
211000,"Raub, r uberische Erpressung auf/gegen Geldinstitute, Postfilialen und -agenturen",1003000,L beck,vers.,0,0,0,0,0,0,0,0,0,0,0,0,0,0,0,0,0,0,0,0,0,0,0,0,0,0,0,2021
211000,"Raub, r uberische Erpressung auf/gegen Geldinstitute, Postfilialen und -agenturen",1003000,L beck,insg.,0,0,0,0,0,0,0,0,0,0,0,0,0,0,0,0,0,0,0,0,0,0,0,0,0,0,0,2021
211000,"Raub, r uberische Erpressung auf/gegen Geldinstitute, Postfilialen und -agenturen",7314000,Ludwigshafen am Rhein,voll.,0,0,0,0,0,0,0,0,0,0,0,0,0,0,0,0,0,0,0,0,0,0,0,0,0,0,0,2021
211000,"Raub, r uberische Erpressung auf/gegen Geldinstitute, Postfilialen und -agenturen",7314000,Ludwigshafen am Rhein,vers.,0,0,0,0,0,0,0,0,0,0,0,0,0,0,0,0,0,0,0,0,0,0,0,0,0,0,0,2021
211000,"Raub, r uberische Erpressung auf/gegen Geldinstitute, Postfilialen und -agenturen",7314000,Ludwigshafen am Rhein,insg.,0,0,0,0,0,0,0,0,0,0,0,0,0,0,0,0,0,0,0,0,0,0,0,0,0,0,0,2021
211000,"Raub, r uberische Erpressung auf/gegen Geldinstitute, Postfilialen und -agenturen",15003000,Magdeburg,voll.,0,0,0,0,0,0,0,0,0,0,0,0,0,0,0,0,0,0,0,0,0,0,0,0,0,0,0,2021
211000,"Raub, r uberische Erpressung auf/gegen Geldinstitute, Postfilialen und -agenturen",15003000,Magdeburg,vers.,0,0,0,0,0,0,0,0,0,0,0,0,0,0,0,0,0,0,0,0,0,0,0,0,0,0,0,2021
211000,"Raub, r uberische Erpressung auf/gegen Geldinstitute, Postfilialen und -agenturen",15003000,Magdeburg,insg.,0,0,0,0,0,0,0,0,0,0,0,0,0,0,0,0,0,0,0,0,0,0,0,0,0,0,0,2021
211000,"Raub, r uberische Erpressung auf/gegen Geldinstitute, Postfilialen und -agenturen",7315000,Mainz,voll.,1,0,1,0,0,0,0,0,0,0,0,0,0,0,0,0,0,0,1,0,1,0,0,0,1,0,1,2021
211000,"Raub, r uberische Erpressung auf/gegen Geldinstitute, Postfilialen und -agenturen",7315000,Mainz,vers.,0,0,0,0,0,0,0,0,0,0,0,0,0,0,0,0,0,0,0,0,0,0,0,0,0,0,0,2021
211000,"Raub, r uberische Erpressung auf/gegen Geldinstitute, Postfilialen und -agenturen",7315000,Mainz,insg.,1,0,1,0,0,0,0,0,0,0,0,0,0,0,0,0,0,0,1,0,1,0,0,0,1,0,1,2021
211000,"Raub, r uberische Erpressung auf/gegen Geldinstitute, Postfilialen und -agenturen",8222000,Mannheim,voll.,0,0,0,0,0,0,0,0,0,0,0,0,0,0,0,0,0,0,0,0,0,0,0,0,0,0,0,2021
211000,"Raub, r uberische Erpressung auf/gegen Geldinstitute, Postfilialen und -agenturen",8222000,Mannheim,vers.,0,0,0,0,0,0,0,0,0,0,0,0,0,0,0,0,0,0,0,0,0,0,0,0,0,0,0,2021
211000,"Raub, r uberische Erpressung auf/gegen Geldinstitute, Postfilialen und -agenturen",8222000,Mannheim,insg.,0,0,0,0,0,0,0,0,0,0,0,0,0,0,0,0,0,0,0,0,0,0,0,0,0,0,0,2021
211000,"Raub, r uberische Erpressung auf/gegen Geldinstitute, Postfilialen und -agenturen",5170024,Moers,voll.,0,0,0,0,0,0,0,0,0,0,0,0,0,0,0,0,0,0,0,0,0,0,0,0,0,0,0,2021
211000,"Raub, r uberische Erpressung auf/gegen Geldinstitute, Postfilialen und -agenturen",5170024,Moers,vers.,0,0,0,0,0,0,0,0,0,0,0,0,0,0,0,0,0,0,0,0,0,0,0,0,0,0,0,2021
211000,"Raub, r uberische Erpressung auf/gegen Geldinstitute, Postfilialen und -agenturen",5170024,Moers,insg.,0,0,0,0,0,0,0,0,0,0,0,0,0,0,0,0,0,0,0,0,0,0,0,0,0,0,0,2021
211000,"Raub, r uberische Erpressung auf/gegen Geldinstitute, Postfilialen und -agenturen",5116000,M nchengladbach,voll.,0,0,0,0,0,0,0,0,0,0,0,0,0,0,0,0,0,0,0,0,0,0,0,0,0,0,0,2021
211000,"Raub, r uberische Erpressung auf/gegen Geldinstitute, Postfilialen und -agenturen",5116000,M nchengladbach,vers.,0,0,0,0,0,0,0,0,0,0,0,0,0,0,0,0,0,0,0,0,0,0,0,0,0,0,0,2021
211000,"Raub, r uberische Erpressung auf/gegen Geldinstitute, Postfilialen und -agenturen",5116000,M nchengladbach,insg.,0,0,0,0,0,0,0,0,0,0,0,0,0,0,0,0,0,0,0,0,0,0,0,0,0,0,0,2021
211000,"Raub, r uberische Erpressung auf/gegen Geldinstitute, Postfilialen und -agenturen",5117000,M lheim an der Ruhr,voll.,0,0,0,0,0,0,0,0,0,0,0,0,0,0,0,0,0,0,0,0,0,0,0,0,0,0,0,2021
211000,"Raub, r uberische Erpressung auf/gegen Geldinstitute, Postfilialen und -agenturen",5117000,M lheim an der Ruhr,vers.,0,0,0,0,0,0,0,0,0,0,0,0,0,0,0,0,0,0,0,0,0,0,0,0,0,0,0,2021
211000,"Raub, r uberische Erpressung auf/gegen Geldinstitute, Postfilialen und -agenturen",5117000,M lheim an der Ruhr,insg.,0,0,0,0,0,0,0,0,0,0,0,0,0,0,0,0,0,0,0,0,0,0,0,0,0,0,0,2021
211000,"Raub, r uberische Erpressung auf/gegen Geldinstitute, Postfilialen und -agenturen",9162000,M nchen,voll.,0,0,0,0,0,0,0,0,0,0,0,0,0,0,0,0,0,0,0,0,0,0,0,0,0,0,0,2021
211000,"Raub, r uberische Erpressung auf/gegen Geldinstitute, Postfilialen und -agenturen",9162000,M nchen,vers.,0,0,0,0,0,0,0,0,0,0,0,0,0,0,0,0,0,0,0,0,0,0,0,0,0,0,0,2021
211000,"Raub, r uberische Erpressung auf/gegen Geldinstitute, Postfilialen und -agenturen",9162000,M nchen,insg.,0,0,0,0,0,0,0,0,0,0,0,0,0,0,0,0,0,0,0,0,0,0,0,0,0,0,0,2021
211000,"Raub, r uberische Erpressung auf/gegen Geldinstitute, Postfilialen und -agenturen",5515000,M nster,voll.,0,0,0,0,0,0,0,0,0,0,0,0,0,0,0,0,0,0,0,0,0,0,0,0,0,0,0,2021
211000,"Raub, r uberische Erpressung auf/gegen Geldinstitute, Postfilialen und -agenturen",5515000,M nster,vers.,0,0,0,0,0,0,0,0,0,0,0,0,0,0,0,0,0,0,0,0,0,0,0,0,0,0,0,2021
211000,"Raub, r uberische Erpressung auf/gegen Geldinstitute, Postfilialen und -agenturen",5515000,M nster,insg.,0,0,0,0,0,0,0,0,0,0,0,0,0,0,0,0,0,0,0,0,0,0,0,0,0,0,0,2021
211000,"Raub, r uberische Erpressung auf/gegen Geldinstitute, Postfilialen und -agenturen",5162024,Neuss,voll.,0,0,0,0,0,0,0,0,0,0,0,0,0,0,0,0,0,0,0,0,0,0,0,0,0,0,0,2021
211000,"Raub, r uberische Erpressung auf/gegen Geldinstitute, Postfilialen und -agenturen",5162024,Neuss,vers.,0,0,0,0,0,0,0,0,0,0,0,0,0,0,0,0,0,0,0,0,0,0,0,0,0,0,0,2021
211000,"Raub, r uberische Erpressung auf/gegen Geldinstitute, Postfilialen und -agenturen",5162024,Neuss,insg.,0,0,0,0,0,0,0,0,0,0,0,0,0,0,0,0,0,0,0,0,0,0,0,0,0,0,0,2021
211000,"Raub, r uberische Erpressung auf/gegen Geldinstitute, Postfilialen und -agenturen",9564000,N rnberg,voll.,0,0,0,0,0,0,0,0,0,0,0,0,0,0,0,0,0,0,0,0,0,0,0,0,0,0,0,2021
211000,"Raub, r uberische Erpressung auf/gegen Geldinstitute, Postfilialen und -agenturen",9564000,N rnberg,vers.,0,0,0,0,0,0,0,0,0,0,0,0,0,0,0,0,0,0,0,0,0,0,0,0,0,0,0,2021
211000,"Raub, r uberische Erpressung auf/gegen Geldinstitute, Postfilialen und -agenturen",9564000,N rnberg,insg.,0,0,0,0,0,0,0,0,0,0,0,0,0,0,0,0,0,0,0,0,0,0,0,0,0,0,0,2021
211000,"Raub, r uberische Erpressung auf/gegen Geldinstitute, Postfilialen und -agenturen",5119000,Oberhausen,voll.,0,0,0,0,0,0,0,0,0,0,0,0,0,0,0,0,0,0,0,0,0,0,0,0,0,0,0,2021
211000,"Raub, r uberische Erpressung auf/gegen Geldinstitute, Postfilialen und -agenturen",5119000,Oberhausen,vers.,0,0,0,0,0,0,0,0,0,0,0,0,0,0,0,0,0,0,0,0,0,0,0,0,0,0,0,2021
211000,"Raub, r uberische Erpressung auf/gegen Geldinstitute, Postfilialen und -agenturen",5119000,Oberhausen,insg.,0,0,0,0,0,0,0,0,0,0,0,0,0,0,0,0,0,0,0,0,0,0,0,0,0,0,0,2021
211000,"Raub, r uberische Erpressung auf/gegen Geldinstitute, Postfilialen und -agenturen",6413000,Offenbach am Main,voll.,0,0,0,0,0,0,0,0,0,0,0,0,0,0,0,0,0,0,0,0,0,0,0,0,0,0,0,2021
211000,"Raub, r uberische Erpressung auf/gegen Geldinstitute, Postfilialen und -agenturen",6413000,Offenbach am Main,vers.,0,0,0,0,0,0,0,0,0,0,0,0,0,0,0,0,0,0,0,0,0,0,0,0,0,0,0,2021
211000,"Raub, r uberische Erpressung auf/gegen Geldinstitute, Postfilialen und -agenturen",6413000,Offenbach am Main,insg.,0,0,0,0,0,0,0,0,0,0,0,0,0,0,0,0,0,0,0,0,0,0,0,0,0,0,0,2021
211000,"Raub, r uberische Erpressung auf/gegen Geldinstitute, Postfilialen und -agenturen",3403000,Oldenburg (Oldenburg),voll.,0,0,0,0,0,0,0,0,0,0,0,0,0,0,0,0,0,0,0,0,0,0,0,0,0,0,0,2021
211000,"Raub, r uberische Erpressung auf/gegen Geldinstitute, Postfilialen und -agenturen",3403000,Oldenburg (Oldenburg),vers.,0,0,0,0,0,0,0,0,0,0,0,0,0,0,0,0,0,0,0,0,0,0,0,0,0,0,0,2021
211000,"Raub, r uberische Erpressung auf/gegen Geldinstitute, Postfilialen und -agenturen",3403000,Oldenburg (Oldenburg),insg.,0,0,0,0,0,0,0,0,0,0,0,0,0,0,0,0,0,0,0,0,0,0,0,0,0,0,0,2021
211000,"Raub, r uberische Erpressung auf/gegen Geldinstitute, Postfilialen und -agenturen",3404000,Osnabr ck,voll.,0,0,0,0,0,0,0,0,0,0,0,0,0,0,0,0,0,0,0,0,0,0,0,0,0,0,0,2021
211000,"Raub, r uberische Erpressung auf/gegen Geldinstitute, Postfilialen und -agenturen",3404000,Osnabr ck,vers.,0,0,0,0,0,0,0,0,0,0,0,0,0,0,0,0,0,0,0,0,0,0,0,0,0,0,0,2021
211000,"Raub, r uberische Erpressung auf/gegen Geldinstitute, Postfilialen und -agenturen",3404000,Osnabr ck,insg.,0,0,0,0,0,0,0,0,0,0,0,0,0,0,0,0,0,0,0,0,0,0,0,0,0,0,0,2021
211000,"Raub, r uberische Erpressung auf/gegen Geldinstitute, Postfilialen und -agenturen",5774032,Paderborn,voll.,0,0,0,0,0,0,0,0,0,0,0,0,0,0,0,0,0,0,0,0,0,0,0,0,0,0,0,2021
211000,"Raub, r uberische Erpressung auf/gegen Geldinstitute, Postfilialen und -agenturen",5774032,Paderborn,vers.,0,0,0,0,0,0,0,0,0,0,0,0,0,0,0,0,0,0,0,0,0,0,0,0,0,0,0,2021
211000,"Raub, r uberische Erpressung auf/gegen Geldinstitute, Postfilialen und -agenturen",5774032,Paderborn,insg.,0,0,0,0,0,0,0,0,0,0,0,0,0,0,0,0,0,0,0,0,0,0,0,0,0,0,0,2021
211000,"Raub, r uberische Erpressung auf/gegen Geldinstitute, Postfilialen und -agenturen",8231000,Pforzheim,voll.,0,0,0,0,0,0,0,0,0,0,0,0,0,0,0,0,0,0,0,0,0,0,0,0,0,0,0,2021
211000,"Raub, r uberische Erpressung auf/gegen Geldinstitute, Postfilialen und -agenturen",8231000,Pforzheim,vers.,0,0,0,0,0,0,0,0,0,0,0,0,0,0,0,0,0,0,0,0,0,0,0,0,0,0,0,2021
211000,"Raub, r uberische Erpressung auf/gegen Geldinstitute, Postfilialen und -agenturen",8231000,Pforzheim,insg.,0,0,0,0,0,0,0,0,0,0,0,0,0,0,0,0,0,0,0,0,0,0,0,0,0,0,0,2021
211000,"Raub, r uberische Erpressung auf/gegen Geldinstitute, Postfilialen und -agenturen",12054000,Potsdam,voll.,0,0,0,0,0,0,0,0,0,0,0,0,0,0,0,0,0,0,0,0,0,0,0,0,0,0,0,2021
211000,"Raub, r uberische Erpressung auf/gegen Geldinstitute, Postfilialen und -agenturen",12054000,Potsdam,vers.,0,0,0,0,0,0,0,0,0,0,0,0,0,0,0,0,0,0,0,0,0,0,0,0,0,0,0,2021
211000,"Raub, r uberische Erpressung auf/gegen Geldinstitute, Postfilialen und -agenturen",12054000,Potsdam,insg.,0,0,0,0,0,0,0,0,0,0,0,0,0,0,0,0,0,0,0,0,0,0,0,0,0,0,0,2021
211000,"Raub, r uberische Erpressung auf/gegen Geldinstitute, Postfilialen und -agenturen",5562032,Recklinghausen,voll.,0,0,0,0,0,0,0,0,0,0,0,0,0,0,0,0,0,0,0,0,0,0,0,0,0,0,0,2021
211000,"Raub, r uberische Erpressung auf/gegen Geldinstitute, Postfilialen und -agenturen",5562032,Recklinghausen,vers.,0,0,0,0,0,0,0,0,0,0,0,0,0,0,0,0,0,0,0,0,0,0,0,0,0,0,0,2021
211000,"Raub, r uberische Erpressung auf/gegen Geldinstitute, Postfilialen und -agenturen",5562032,Recklinghausen,insg.,0,0,0,0,0,0,0,0,0,0,0,0,0,0,0,0,0,0,0,0,0,0,0,0,0,0,0,2021
211000,"Raub, r uberische Erpressung auf/gegen Geldinstitute, Postfilialen und -agenturen",9362000,Regensburg,voll.,0,0,0,0,0,0,0,0,0,0,0,0,0,0,0,0,0,0,0,0,0,0,0,0,0,0,0,2021
211000,"Raub, r uberische Erpressung auf/gegen Geldinstitute, Postfilialen und -agenturen",9362000,Regensburg,vers.,1,0,1,0,0,0,0,0,0,0,0,0,0,0,0,0,0,0,1,0,1,0,0,0,1,0,1,2021
211000,"Raub, r uberische Erpressung auf/gegen Geldinstitute, Postfilialen und -agenturen",9362000,Regensburg,insg.,1,0,1,0,0,0,0,0,0,0,0,0,0,0,0,0,0,0,1,0,1,0,0,0,1,0,1,2021
211000,"Raub, r uberische Erpressung auf/gegen Geldinstitute, Postfilialen und -agenturen",5120000,Remscheid,voll.,0,0,0,0,0,0,0,0,0,0,0,0,0,0,0,0,0,0,0,0,0,0,0,0,0,0,0,2021
211000,"Raub, r uberische Erpressung auf/gegen Geldinstitute, Postfilialen und -agenturen",5120000,Remscheid,vers.,0,0,0,0,0,0,0,0,0,0,0,0,0,0,0,0,0,0,0,0,0,0,0,0,0,0,0,2021
211000,"Raub, r uberische Erpressung auf/gegen Geldinstitute, Postfilialen und -agenturen",5120000,Remscheid,insg.,0,0,0,0,0,0,0,0,0,0,0,0,0,0,0,0,0,0,0,0,0,0,0,0,0,0,0,2021
211000,"Raub, r uberische Erpressung auf/gegen Geldinstitute, Postfilialen und -agenturen",8415061,Reutlingen,voll.,0,0,0,0,0,0,0,0,0,0,0,0,0,0,0,0,0,0,0,0,0,0,0,0,0,0,0,2021
211000,"Raub, r uberische Erpressung auf/gegen Geldinstitute, Postfilialen und -agenturen",8415061,Reutlingen,vers.,0,0,0,0,0,0,0,0,0,0,0,0,0,0,0,0,0,0,0,0,0,0,0,0,0,0,0,2021
211000,"Raub, r uberische Erpressung auf/gegen Geldinstitute, Postfilialen und -agenturen",8415061,Reutlingen,insg.,0,0,0,0,0,0,0,0,0,0,0,0,0,0,0,0,0,0,0,0,0,0,0,0,0,0,0,2021
211000,"Raub, r uberische Erpressung auf/gegen Geldinstitute, Postfilialen und -agenturen",13003000,Rostock,voll.,1,0,1,0,0,0,0,0,0,0,0,0,0,0,0,0,0,0,1,0,1,0,0,0,1,0,1,2021
211000,"Raub, r uberische Erpressung auf/gegen Geldinstitute, Postfilialen und -agenturen",13003000,Rostock,vers.,0,0,0,0,0,0,0,0,0,0,0,0,0,0,0,0,0,0,0,0,0,0,0,0,0,0,0,2021
211000,"Raub, r uberische Erpressung auf/gegen Geldinstitute, Postfilialen und -agenturen",13003000,Rostock,insg.,1,0,1,0,0,0,0,0,0,0,0,0,0,0,0,0,0,0,1,0,1,0,0,0,1,0,1,2021
211000,"Raub, r uberische Erpressung auf/gegen Geldinstitute, Postfilialen und -agenturen",10041100,Saarbr cken,voll.,0,0,0,0,0,0,0,0,0,0,0,0,0,0,0,0,0,0,0,0,0,0,0,0,0,0,0,2021
211000,"Raub, r uberische Erpressung auf/gegen Geldinstitute, Postfilialen und -agenturen",10041100,Saarbr cken,vers.,1,1,0,0,0,0,0,0,0,0,0,0,0,0,0,0,0,0,0,0,0,1,1,0,1,1,0,2021
211000,"Raub, r uberische Erpressung auf/gegen Geldinstitute, Postfilialen und -agenturen",10041100,Saarbr cken,insg.,1,1,0,0,0,0,0,0,0,0,0,0,0,0,0,0,0,0,0,0,0,1,1,0,1,1,0,2021
211000,"Raub, r uberische Erpressung auf/gegen Geldinstitute, Postfilialen und -agenturen",3102000,Salzgitter,voll.,0,0,0,0,0,0,0,0,0,0,0,0,0,0,0,0,0,0,0,0,0,0,0,0,0,0,0,2021
211000,"Raub, r uberische Erpressung auf/gegen Geldinstitute, Postfilialen und -agenturen",3102000,Salzgitter,vers.,0,0,0,0,0,0,0,0,0,0,0,0,0,0,0,0,0,0,0,0,0,0,0,0,0,0,0,2021
211000,"Raub, r uberische Erpressung auf/gegen Geldinstitute, Postfilialen und -agenturen",3102000,Salzgitter,insg.,0,0,0,0,0,0,0,0,0,0,0,0,0,0,0,0,0,0,0,0,0,0,0,0,0,0,0,2021
211000,"Raub, r uberische Erpressung auf/gegen Geldinstitute, Postfilialen und -agenturen",13004000,Schwerin,voll.,0,0,0,0,0,0,0,0,0,0,0,0,0,0,0,0,0,0,0,0,0,0,0,0,0,0,0,2021
211000,"Raub, r uberische Erpressung auf/gegen Geldinstitute, Postfilialen und -agenturen",13004000,Schwerin,vers.,0,0,0,0,0,0,0,0,0,0,0,0,0,0,0,0,0,0,0,0,0,0,0,0,0,0,0,2021
211000,"Raub, r uberische Erpressung auf/gegen Geldinstitute, Postfilialen und -agenturen",13004000,Schwerin,insg.,0,0,0,0,0,0,0,0,0,0,0,0,0,0,0,0,0,0,0,0,0,0,0,0,0,0,0,2021
211000,"Raub, r uberische Erpressung auf/gegen Geldinstitute, Postfilialen und -agenturen",5970040,Siegen,voll.,0,0,0,0,0,0,0,0,0,0,0,0,0,0,0,0,0,0,0,0,0,0,0,0,0,0,0,2021
211000,"Raub, r uberische Erpressung auf/gegen Geldinstitute, Postfilialen und -agenturen",5970040,Siegen,vers.,0,0,0,0,0,0,0,0,0,0,0,0,0,0,0,0,0,0,0,0,0,0,0,0,0,0,0,2021
211000,"Raub, r uberische Erpressung auf/gegen Geldinstitute, Postfilialen und -agenturen",5970040,Siegen,insg.,0,0,0,0,0,0,0,0,0,0,0,0,0,0,0,0,0,0,0,0,0,0,0,0,0,0,0,2021
211000,"Raub, r uberische Erpressung auf/gegen Geldinstitute, Postfilialen und -agenturen",5122000,Solingen,voll.,0,0,0,0,0,0,0,0,0,0,0,0,0,0,0,0,0,0,0,0,0,0,0,0,0,0,0,2021
211000,"Raub, r uberische Erpressung auf/gegen Geldinstitute, Postfilialen und -agenturen",5122000,Solingen,vers.,0,0,0,0,0,0,0,0,0,0,0,0,0,0,0,0,0,0,0,0,0,0,0,0,0,0,0,2021
211000,"Raub, r uberische Erpressung auf/gegen Geldinstitute, Postfilialen und -agenturen",5122000,Solingen,insg.,0,0,0,0,0,0,0,0,0,0,0,0,0,0,0,0,0,0,0,0,0,0,0,0,0,0,0,2021
211000,"Raub, r uberische Erpressung auf/gegen Geldinstitute, Postfilialen und -agenturen",8111000,Stuttgart,voll.,0,0,0,0,0,0,0,0,0,0,0,0,0,0,0,0,0,0,0,0,0,0,0,0,0,0,0,2021
211000,"Raub, r uberische Erpressung auf/gegen Geldinstitute, Postfilialen und -agenturen",8111000,Stuttgart,vers.,0,0,0,0,0,0,0,0,0,0,0,0,0,0,0,0,0,0,0,0,0,0,0,0,0,0,0,2021
211000,"Raub, r uberische Erpressung auf/gegen Geldinstitute, Postfilialen und -agenturen",8111000,Stuttgart,insg.,0,0,0,0,0,0,0,0,0,0,0,0,0,0,0,0,0,0,0,0,0,0,0,0,0,0,0,2021
211000,"Raub, r uberische Erpressung auf/gegen Geldinstitute, Postfilialen und -agenturen",7211000,Trier,voll.,0,0,0,0,0,0,0,0,0,0,0,0,0,0,0,0,0,0,0,0,0,0,0,0,0,0,0,2021
211000,"Raub, r uberische Erpressung auf/gegen Geldinstitute, Postfilialen und -agenturen",7211000,Trier,vers.,0,0,0,0,0,0,0,0,0,0,0,0,0,0,0,0,0,0,0,0,0,0,0,0,0,0,0,2021
211000,"Raub, r uberische Erpressung auf/gegen Geldinstitute, Postfilialen und -agenturen",7211000,Trier,insg.,0,0,0,0,0,0,0,0,0,0,0,0,0,0,0,0,0,0,0,0,0,0,0,0,0,0,0,2021
211000,"Raub, r uberische Erpressung auf/gegen Geldinstitute, Postfilialen und -agenturen",8421000,Ulm,voll.,0,0,0,0,0,0,0,0,0,0,0,0,0,0,0,0,0,0,0,0,0,0,0,0,0,0,0,2021
211000,"Raub, r uberische Erpressung auf/gegen Geldinstitute, Postfilialen und -agenturen",8421000,Ulm,vers.,0,0,0,0,0,0,0,0,0,0,0,0,0,0,0,0,0,0,0,0,0,0,0,0,0,0,0,2021
211000,"Raub, r uberische Erpressung auf/gegen Geldinstitute, Postfilialen und -agenturen",8421000,Ulm,insg.,0,0,0,0,0,0,0,0,0,0,0,0,0,0,0,0,0,0,0,0,0,0,0,0,0,0,0,2021
211000,"Raub, r uberische Erpressung auf/gegen Geldinstitute, Postfilialen und -agenturen",6414000,Wiesbaden,voll.,0,0,0,0,0,0,0,0,0,0,0,0,0,0,0,0,0,0,0,0,0,0,0,0,0,0,0,2021
211000,"Raub, r uberische Erpressung auf/gegen Geldinstitute, Postfilialen und -agenturen",6414000,Wiesbaden,vers.,0,0,0,0,0,0,0,0,0,0,0,0,0,0,0,0,0,0,0,0,0,0,0,0,0,0,0,2021
211000,"Raub, r uberische Erpressung auf/gegen Geldinstitute, Postfilialen und -agenturen",6414000,Wiesbaden,insg.,0,0,0,0,0,0,0,0,0,0,0,0,0,0,0,0,0,0,0,0,0,0,0,0,0,0,0,2021
211000,"Raub, r uberische Erpressung auf/gegen Geldinstitute, Postfilialen und -agenturen",3103000,Wolfsburg,voll.,0,0,0,0,0,0,0,0,0,0,0,0,0,0,0,0,0,0,0,0,0,0,0,0,0,0,0,2021
211000,"Raub, r uberische Erpressung auf/gegen Geldinstitute, Postfilialen und -agenturen",3103000,Wolfsburg,vers.,0,0,0,0,0,0,0,0,0,0,0,0,0,0,0,0,0,0,0,0,0,0,0,0,0,0,0,2021
211000,"Raub, r uberische Erpressung auf/gegen Geldinstitute, Postfilialen und -agenturen",3103000,Wolfsburg,insg.,0,0,0,0,0,0,0,0,0,0,0,0,0,0,0,0,0,0,0,0,0,0,0,0,0,0,0,2021
211000,"Raub, r uberische Erpressung auf/gegen Geldinstitute, Postfilialen und -agenturen",5124000,Wuppertal,voll.,0,0,0,0,0,0,0,0,0,0,0,0,0,0,0,0,0,0,0,0,0,0,0,0,0,0,0,2021
211000,"Raub, r uberische Erpressung auf/gegen Geldinstitute, Postfilialen und -agenturen",5124000,Wuppertal,vers.,0,0,0,0,0,0,0,0,0,0,0,0,0,0,0,0,0,0,0,0,0,0,0,0,0,0,0,2021
211000,"Raub, r uberische Erpressung auf/gegen Geldinstitute, Postfilialen und -agenturen",5124000,Wuppertal,insg.,0,0,0,0,0,0,0,0,0,0,0,0,0,0,0,0,0,0,0,0,0,0,0,0,0,0,0,2021
211000,"Raub, r uberische Erpressung auf/gegen Geldinstitute, Postfilialen und -agenturen",9663000,W rzburg,voll.,0,0,0,0,0,0,0,0,0,0,0,0,0,0,0,0,0,0,0,0,0,0,0,0,0,0,0,2021
211000,"Raub, r uberische Erpressung auf/gegen Geldinstitute, Postfilialen und -agenturen",9663000,W rzburg,vers.,0,0,0,0,0,0,0,0,0,0,0,0,0,0,0,0,0,0,0,0,0,0,0,0,0,0,0,2021
211000,"Raub, r uberische Erpressung auf/gegen Geldinstitute, Postfilialen und -agenturen",9663000,W rzburg,insg.,0,0,0,0,0,0,0,0,0,0,0,0,0,0,0,0,0,0,0,0,0,0,0,0,0,0,0,2021
212000,"Raub, r uberische Erpressung auf/gegen sonstige Kassenr ume und Gesch fte",5334002,Aachen,voll.,13,12,1,0,0,0,0,0,0,0,0,0,0,0,0,0,0,0,13,12,1,0,0,0,13,12,1,2021
212000,"Raub, r uberische Erpressung auf/gegen sonstige Kassenr ume und Gesch fte",5334002,Aachen,vers.,3,2,1,0,0,0,0,0,0,0,0,0,0,0,0,0,0,0,3,2,1,0,0,0,3,2,1,2021
212000,"Raub, r uberische Erpressung auf/gegen sonstige Kassenr ume und Gesch fte",5334002,Aachen,insg.,16,14,2,0,0,0,0,0,0,0,0,0,0,0,0,0,0,0,16,14,2,0,0,0,16,14,2,2021
212000,"Raub, r uberische Erpressung auf/gegen sonstige Kassenr ume und Gesch fte",9761000,Augsburg,voll.,1,0,1,0,0,0,0,0,0,0,0,0,0,0,0,0,0,0,1,0,1,0,0,0,1,0,1,2021
212000,"Raub, r uberische Erpressung auf/gegen sonstige Kassenr ume und Gesch fte",9761000,Augsburg,vers.,0,0,0,0,0,0,0,0,0,0,0,0,0,0,0,0,0,0,0,0,0,0,0,0,0,0,0,2021
212000,"Raub, r uberische Erpressung auf/gegen sonstige Kassenr ume und Gesch fte",9761000,Augsburg,insg.,1,0,1,0,0,0,0,0,0,0,0,0,0,0,0,0,0,0,1,0,1,0,0,0,1,0,1,2021
212000,"Raub, r uberische Erpressung auf/gegen sonstige Kassenr ume und Gesch fte",5378004,Bergisch Gladbach,voll.,2,0,2,0,0,0,0,0,0,0,0,0,0,0,0,0,0,0,1,0,1,1,0,1,2,0,2,2021
212000,"Raub, r uberische Erpressung auf/gegen sonstige Kassenr ume und Gesch fte",5378004,Bergisch Gladbach,vers.,2,0,2,0,0,0,0,0,0,0,0,0,0,0,0,0,0,0,2,0,2,0,0,0,2,0,2,2021
212000,"Raub, r uberische Erpressung auf/gegen sonstige Kassenr ume und Gesch fte",5378004,Bergisch Gladbach,insg.,4,0,4,0,0,0,0,0,0,0,0,0,0,0,0,0,0,0,3,0,3,1,0,1,4,0,4,2021
212000,"Raub, r uberische Erpressung auf/gegen sonstige Kassenr ume und Gesch fte",11000000,Berlin,voll.,237,127,110,0,0,0,0,0,0,0,0,0,3,3,0,21,12,9,194,99,95,19,13,6,213,112,101,2021
212000,"Raub, r uberische Erpressung auf/gegen sonstige Kassenr ume und Gesch fte",11000000,Berlin,vers.,67,40,27,0,0,0,0,0,0,0,0,0,0,0,0,3,0,3,53,34,19,11,6,5,64,40,24,2021
212000,"Raub, r uberische Erpressung auf/gegen sonstige Kassenr ume und Gesch fte",11000000,Berlin,insg.,304,167,137,0,0,0,0,0,0,0,0,0,3,3,0,24,12,12,247,133,114,30,19,11,277,152,125,2021
212000,"Raub, r uberische Erpressung auf/gegen sonstige Kassenr ume und Gesch fte",5711000,Bielefeld,voll.,24,7,17,0,0,0,0,0,0,0,0,0,0,0,0,3,2,1,18,5,13,3,0,3,21,5,16,2021
212000,"Raub, r uberische Erpressung auf/gegen sonstige Kassenr ume und Gesch fte",5711000,Bielefeld,vers.,5,3,2,0,0,0,0,0,0,0,0,0,0,0,0,0,0,0,3,2,1,2,1,1,5,3,2,2021
212000,"Raub, r uberische Erpressung auf/gegen sonstige Kassenr ume und Gesch fte",5711000,Bielefeld,insg.,29,10,19,0,0,0,0,0,0,0,0,0,0,0,0,3,2,1,21,7,14,5,1,4,26,8,18,2021
212000,"Raub, r uberische Erpressung auf/gegen sonstige Kassenr ume und Gesch fte",5911000,Bochum,voll.,3,0,3,0,0,0,0,0,0,0,0,0,0,0,0,0,0,0,3,0,3,0,0,0,3,0,3,2021
212000,"Raub, r uberische Erpressung auf/gegen sonstige Kassenr ume und Gesch fte",5911000,Bochum,vers.,4,1,3,0,0,0,0,0,0,0,0,0,0,0,0,0,0,0,4,1,3,0,0,0,4,1,3,2021
212000,"Raub, r uberische Erpressung auf/gegen sonstige Kassenr ume und Gesch fte",5911000,Bochum,insg.,7,1,6,0,0,0,0,0,0,0,0,0,0,0,0,0,0,0,7,1,6,0,0,0,7,1,6,2021
212000,"Raub, r uberische Erpressung auf/gegen sonstige Kassenr ume und Gesch fte",5314000,Bonn,voll.,16,6,10,0,0,0,0,0,0,0,0,0,0,0,0,1,1,0,10,3,7,5,2,3,15,5,10,2021
212000,"Raub, r uberische Erpressung auf/gegen sonstige Kassenr ume und Gesch fte",5314000,Bonn,vers.,5,3,2,0,0,0,0,0,0,0,0,0,0,0,0,0,0,0,5,3,2,0,0,0,5,3,2,2021
212000,"Raub, r uberische Erpressung auf/gegen sonstige Kassenr ume und Gesch fte",5314000,Bonn,insg.,21,9,12,0,0,0,0,0,0,0,0,0,0,0,0,1,1,0,15,6,9,5,2,3,20,8,12,2021
212000,"Raub, r uberische Erpressung auf/gegen sonstige Kassenr ume und Gesch fte",5512000,Bottrop,voll.,6,1,5,0,0,0,0,0,0,0,0,0,0,0,0,2,0,2,3,1,2,1,0,1,4,1,3,2021
212000,"Raub, r uberische Erpressung auf/gegen sonstige Kassenr ume und Gesch fte",5512000,Bottrop,vers.,0,0,0,0,0,0,0,0,0,0,0,0,0,0,0,0,0,0,0,0,0,0,0,0,0,0,0,2021
212000,"Raub, r uberische Erpressung auf/gegen sonstige Kassenr ume und Gesch fte",5512000,Bottrop,insg.,6,1,5,0,0,0,0,0,0,0,0,0,0,0,0,2,0,2,3,1,2,1,0,1,4,1,3,2021
212000,"Raub, r uberische Erpressung auf/gegen sonstige Kassenr ume und Gesch fte",3101000,Braunschweig,voll.,6,3,3,0,0,0,0,0,0,0,0,0,0,0,0,0,0,0,5,3,2,1,0,1,6,3,3,2021
212000,"Raub, r uberische Erpressung auf/gegen sonstige Kassenr ume und Gesch fte",3101000,Braunschweig,vers.,1,0,1,0,0,0,0,0,0,0,0,0,0,0,0,0,0,0,1,0,1,0,0,0,1,0,1,2021
212000,"Raub, r uberische Erpressung auf/gegen sonstige Kassenr ume und Gesch fte",3101000,Braunschweig,insg.,7,3,4,0,0,0,0,0,0,0,0,0,0,0,0,0,0,0,6,3,3,1,0,1,7,3,4,2021
212000,"Raub, r uberische Erpressung auf/gegen sonstige Kassenr ume und Gesch fte",4011000,Bremen,voll.,23,8,15,0,0,0,0,0,0,0,0,0,0,0,0,3,2,1,16,5,11,4,1,3,20,6,14,2021
212000,"Raub, r uberische Erpressung auf/gegen sonstige Kassenr ume und Gesch fte",4011000,Bremen,vers.,9,3,6,0,0,0,0,0,0,0,0,0,0,0,0,0,0,0,7,2,5,2,1,1,9,3,6,2021
212000,"Raub, r uberische Erpressung auf/gegen sonstige Kassenr ume und Gesch fte",4011000,Bremen,insg.,32,11,21,0,0,0,0,0,0,0,0,0,0,0,0,3,2,1,23,7,16,6,2,4,29,9,20,2021
212000,"Raub, r uberische Erpressung auf/gegen sonstige Kassenr ume und Gesch fte",4012000,Bremerhaven,voll.,12,8,4,0,0,0,0,0,0,0,0,0,0,0,0,0,0,0,12,8,4,0,0,0,12,8,4,2021
212000,"Raub, r uberische Erpressung auf/gegen sonstige Kassenr ume und Gesch fte",4012000,Bremerhaven,vers.,0,0,0,0,0,0,0,0,0,0,0,0,0,0,0,0,0,0,0,0,0,0,0,0,0,0,0,2021
212000,"Raub, r uberische Erpressung auf/gegen sonstige Kassenr ume und Gesch fte",4012000,Bremerhaven,insg.,12,8,4,0,0,0,0,0,0,0,0,0,0,0,0,0,0,0,12,8,4,0,0,0,12,8,4,2021
212000,"Raub, r uberische Erpressung auf/gegen sonstige Kassenr ume und Gesch fte",14511000,Chemnitz,voll.,2,0,2,0,0,0,0,0,0,0,0,0,0,0,0,0,0,0,1,0,1,1,0,1,2,0,2,2021
212000,"Raub, r uberische Erpressung auf/gegen sonstige Kassenr ume und Gesch fte",14511000,Chemnitz,vers.,0,0,0,0,0,0,0,0,0,0,0,0,0,0,0,0,0,0,0,0,0,0,0,0,0,0,0,2021
212000,"Raub, r uberische Erpressung auf/gegen sonstige Kassenr ume und Gesch fte",14511000,Chemnitz,insg.,2,0,2,0,0,0,0,0,0,0,0,0,0,0,0,0,0,0,1,0,1,1,0,1,2,0,2,2021
212000,"Raub, r uberische Erpressung auf/gegen sonstige Kassenr ume und Gesch fte",12052000,Cottbus,voll.,2,0,2,0,0,0,0,0,0,0,0,0,0,0,0,0,0,0,2,0,2,0,0,0,2,0,2,2021
212000,"Raub, r uberische Erpressung auf/gegen sonstige Kassenr ume und Gesch fte",12052000,Cottbus,vers.,0,0,0,0,0,0,0,0,0,0,0,0,0,0,0,0,0,0,0,0,0,0,0,0,0,0,0,2021
212000,"Raub, r uberische Erpressung auf/gegen sonstige Kassenr ume und Gesch fte",12052000,Cottbus,insg.,2,0,2,0,0,0,0,0,0,0,0,0,0,0,0,0,0,0,2,0,2,0,0,0,2,0,2,2021
212000,"Raub, r uberische Erpressung auf/gegen sonstige Kassenr ume und Gesch fte",6411000,Darmstadt,voll.,7,4,3,0,0,0,0,0,0,0,0,0,1,1,0,1,0,1,4,2,2,1,1,0,5,3,2,2021
212000,"Raub, r uberische Erpressung auf/gegen sonstige Kassenr ume und Gesch fte",6411000,Darmstadt,vers.,1,0,1,0,0,0,0,0,0,0,0,0,0,0,0,0,0,0,1,0,1,0,0,0,1,0,1,2021
212000,"Raub, r uberische Erpressung auf/gegen sonstige Kassenr ume und Gesch fte",6411000,Darmstadt,insg.,8,4,4,0,0,0,0,0,0,0,0,0,1,1,0,1,0,1,5,2,3,1,1,0,6,3,3,2021
212000,"Raub, r uberische Erpressung auf/gegen sonstige Kassenr ume und Gesch fte",5913000,Dortmund,voll.,12,9,3,0,0,0,0,0,0,0,0,0,0,0,0,0,0,0,11,9,2,1,0,1,12,9,3,2021
212000,"Raub, r uberische Erpressung auf/gegen sonstige Kassenr ume und Gesch fte",5913000,Dortmund,vers.,5,2,3,0,0,0,0,0,0,0,0,0,0,0,0,0,0,0,5,2,3,0,0,0,5,2,3,2021
212000,"Raub, r uberische Erpressung auf/gegen sonstige Kassenr ume und Gesch fte",5913000,Dortmund,insg.,17,11,6,0,0,0,0,0,0,0,0,0,0,0,0,0,0,0,16,11,5,1,0,1,17,11,6,2021
212000,"Raub, r uberische Erpressung auf/gegen sonstige Kassenr ume und Gesch fte",14612000,Dresden,voll.,6,3,3,0,0,0,0,0,0,0,0,0,0,0,0,0,0,0,6,3,3,0,0,0,6,3,3,2021
212000,"Raub, r uberische Erpressung auf/gegen sonstige Kassenr ume und Gesch fte",14612000,Dresden,vers.,1,0,1,0,0,0,0,0,0,0,0,0,0,0,0,0,0,0,1,0,1,0,0,0,1,0,1,2021
212000,"Raub, r uberische Erpressung auf/gegen sonstige Kassenr ume und Gesch fte",14612000,Dresden,insg.,7,3,4,0,0,0,0,0,0,0,0,0,0,0,0,0,0,0,7,3,4,0,0,0,7,3,4,2021
212000,"Raub, r uberische Erpressung auf/gegen sonstige Kassenr ume und Gesch fte",5112000,Duisburg,voll.,18,8,10,0,0,0,0,0,0,0,0,0,1,0,1,1,1,0,14,5,9,2,2,0,16,7,9,2021
212000,"Raub, r uberische Erpressung auf/gegen sonstige Kassenr ume und Gesch fte",5112000,Duisburg,vers.,9,5,4,0,0,0,0,0,0,0,0,0,1,1,0,0,0,0,6,3,3,2,1,1,8,4,4,2021
212000,"Raub, r uberische Erpressung auf/gegen sonstige Kassenr ume und Gesch fte",5112000,Duisburg,insg.,27,13,14,0,0,0,0,0,0,0,0,0,2,1,1,1,1,0,20,8,12,4,3,1,24,11,13,2021
212000,"Raub, r uberische Erpressung auf/gegen sonstige Kassenr ume und Gesch fte",5111000,D sseldorf,voll.,19,15,4,0,0,0,0,0,0,0,0,0,0,0,0,1,1,0,18,14,4,0,0,0,18,14,4,2021
212000,"Raub, r uberische Erpressung auf/gegen sonstige Kassenr ume und Gesch fte",5111000,D sseldorf,vers.,4,2,2,0,0,0,0,0,0,0,0,0,0,0,0,0,0,0,4,2,2,0,0,0,4,2,2,2021
212000,"Raub, r uberische Erpressung auf/gegen sonstige Kassenr ume und Gesch fte",5111000,D sseldorf,insg.,23,17,6,0,0,0,0,0,0,0,0,0,0,0,0,1,1,0,22,16,6,0,0,0,22,16,6,2021
212000,"Raub, r uberische Erpressung auf/gegen sonstige Kassenr ume und Gesch fte",16051000,Erfurt,voll.,0,0,0,0,0,0,0,0,0,0,0,0,0,0,0,0,0,0,0,0,0,0,0,0,0,0,0,2021
212000,"Raub, r uberische Erpressung auf/gegen sonstige Kassenr ume und Gesch fte",16051000,Erfurt,vers.,1,1,0,0,0,0,0,0,0,0,0,0,0,0,0,0,0,0,1,1,0,0,0,0,1,1,0,2021
212000,"Raub, r uberische Erpressung auf/gegen sonstige Kassenr ume und Gesch fte",16051000,Erfurt,insg.,1,1,0,0,0,0,0,0,0,0,0,0,0,0,0,0,0,0,1,1,0,0,0,0,1,1,0,2021
212000,"Raub, r uberische Erpressung auf/gegen sonstige Kassenr ume und Gesch fte",9562000,Erlangen,voll.,0,0,0,0,0,0,0,0,0,0,0,0,0,0,0,0,0,0,0,0,0,0,0,0,0,0,0,2021
212000,"Raub, r uberische Erpressung auf/gegen sonstige Kassenr ume und Gesch fte",9562000,Erlangen,vers.,0,0,0,0,0,0,0,0,0,0,0,0,0,0,0,0,0,0,0,0,0,0,0,0,0,0,0,2021
212000,"Raub, r uberische Erpressung auf/gegen sonstige Kassenr ume und Gesch fte",9562000,Erlangen,insg.,0,0,0,0,0,0,0,0,0,0,0,0,0,0,0,0,0,0,0,0,0,0,0,0,0,0,0,2021
212000,"Raub, r uberische Erpressung auf/gegen sonstige Kassenr ume und Gesch fte",5113000,Essen,voll.,12,7,5,0,0,0,0,0,0,0,0,0,0,0,0,0,0,0,9,5,4,3,2,1,12,7,5,2021
212000,"Raub, r uberische Erpressung auf/gegen sonstige Kassenr ume und Gesch fte",5113000,Essen,vers.,10,4,6,0,0,0,0,0,0,0,0,0,0,0,0,0,0,0,9,3,6,1,1,0,10,4,6,2021
212000,"Raub, r uberische Erpressung auf/gegen sonstige Kassenr ume und Gesch fte",5113000,Essen,insg.,22,11,11,0,0,0,0,0,0,0,0,0,0,0,0,0,0,0,18,8,10,4,3,1,22,11,11,2021
212000,"Raub, r uberische Erpressung auf/gegen sonstige Kassenr ume und Gesch fte",6412000,Frankfurt am Main,voll.,14,7,7,0,0,0,0,0,0,0,0,0,0,0,0,1,1,0,9,5,4,4,1,3,13,6,7,2021
212000,"Raub, r uberische Erpressung auf/gegen sonstige Kassenr ume und Gesch fte",6412000,Frankfurt am Main,vers.,8,8,0,0,0,0,0,0,0,0,0,0,0,0,0,0,0,0,8,8,0,0,0,0,8,8,0,2021
212000,"Raub, r uberische Erpressung auf/gegen sonstige Kassenr ume und Gesch fte",6412000,Frankfurt am Main,insg.,22,15,7,0,0,0,0,0,0,0,0,0,0,0,0,1,1,0,17,13,4,4,1,3,21,14,7,2021
212000,"Raub, r uberische Erpressung auf/gegen sonstige Kassenr ume und Gesch fte",8311000,Freiburg im Breisgau,voll.,4,1,3,0,0,0,0,0,0,0,0,0,0,0,0,1,1,0,3,0,3,0,0,0,3,0,3,2021
212000,"Raub, r uberische Erpressung auf/gegen sonstige Kassenr ume und Gesch fte",8311000,Freiburg im Breisgau,vers.,2,1,1,0,0,0,0,0,0,0,0,0,0,0,0,0,0,0,2,1,1,0,0,0,2,1,1,2021
212000,"Raub, r uberische Erpressung auf/gegen sonstige Kassenr ume und Gesch fte",8311000,Freiburg im Breisgau,insg.,6,2,4,0,0,0,0,0,0,0,0,0,0,0,0,1,1,0,5,1,4,0,0,0,5,1,4,2021
212000,"Raub, r uberische Erpressung auf/gegen sonstige Kassenr ume und Gesch fte",9563000,F rth,voll.,0,0,0,0,0,0,0,0,0,0,0,0,0,0,0,0,0,0,0,0,0,0,0,0,0,0,0,2021
212000,"Raub, r uberische Erpressung auf/gegen sonstige Kassenr ume und Gesch fte",9563000,F rth,vers.,1,0,1,0,0,0,0,0,0,0,0,0,0,0,0,0,0,0,1,0,1,0,0,0,1,0,1,2021
212000,"Raub, r uberische Erpressung auf/gegen sonstige Kassenr ume und Gesch fte",9563000,F rth,insg.,1,0,1,0,0,0,0,0,0,0,0,0,0,0,0,0,0,0,1,0,1,0,0,0,1,0,1,2021
212000,"Raub, r uberische Erpressung auf/gegen sonstige Kassenr ume und Gesch fte",5513000,Gelsenkirchen,voll.,7,4,3,0,0,0,0,0,0,0,0,0,0,0,0,1,1,0,4,2,2,2,1,1,6,3,3,2021
212000,"Raub, r uberische Erpressung auf/gegen sonstige Kassenr ume und Gesch fte",5513000,Gelsenkirchen,vers.,1,0,1,0,0,0,0,0,0,0,0,0,0,0,0,0,0,0,1,0,1,0,0,0,1,0,1,2021
212000,"Raub, r uberische Erpressung auf/gegen sonstige Kassenr ume und Gesch fte",5513000,Gelsenkirchen,insg.,8,4,4,0,0,0,0,0,0,0,0,0,0,0,0,1,1,0,5,2,3,2,1,1,7,3,4,2021
212000,"Raub, r uberische Erpressung auf/gegen sonstige Kassenr ume und Gesch fte",3159016,G ttingen,voll.,1,1,0,0,0,0,0,0,0,0,0,0,0,0,0,0,0,0,1,1,0,0,0,0,1,1,0,2021
212000,"Raub, r uberische Erpressung auf/gegen sonstige Kassenr ume und Gesch fte",3159016,G ttingen,vers.,0,0,0,0,0,0,0,0,0,0,0,0,0,0,0,0,0,0,0,0,0,0,0,0,0,0,0,2021
212000,"Raub, r uberische Erpressung auf/gegen sonstige Kassenr ume und Gesch fte",3159016,G ttingen,insg.,1,1,0,0,0,0,0,0,0,0,0,0,0,0,0,0,0,0,1,1,0,0,0,0,1,1,0,2021
212000,"Raub, r uberische Erpressung auf/gegen sonstige Kassenr ume und Gesch fte",5754008,G tersloh,voll.,6,6,0,0,0,0,0,0,0,0,0,0,0,0,0,0,0,0,4,4,0,2,2,0,6,6,0,2021
212000,"Raub, r uberische Erpressung auf/gegen sonstige Kassenr ume und Gesch fte",5754008,G tersloh,vers.,0,0,0,0,0,0,0,0,0,0,0,0,0,0,0,0,0,0,0,0,0,0,0,0,0,0,0,2021
212000,"Raub, r uberische Erpressung auf/gegen sonstige Kassenr ume und Gesch fte",5754008,G tersloh,insg.,6,6,0,0,0,0,0,0,0,0,0,0,0,0,0,0,0,0,4,4,0,2,2,0,6,6,0,2021
212000,"Raub, r uberische Erpressung auf/gegen sonstige Kassenr ume und Gesch fte",5914000,Hagen,voll.,2,1,1,0,0,0,0,0,0,0,0,0,0,0,0,0,0,0,2,1,1,0,0,0,2,1,1,2021
212000,"Raub, r uberische Erpressung auf/gegen sonstige Kassenr ume und Gesch fte",5914000,Hagen,vers.,3,0,3,0,0,0,0,0,0,0,0,0,0,0,0,0,0,0,2,0,2,1,0,1,3,0,3,2021
212000,"Raub, r uberische Erpressung auf/gegen sonstige Kassenr ume und Gesch fte",5914000,Hagen,insg.,5,1,4,0,0,0,0,0,0,0,0,0,0,0,0,0,0,0,4,1,3,1,0,1,5,1,4,2021
212000,"Raub, r uberische Erpressung auf/gegen sonstige Kassenr ume und Gesch fte",15002000,Halle (Saale),voll.,9,4,5,0,0,0,0,0,0,0,0,0,0,0,0,1,1,0,8,3,5,0,0,0,8,3,5,2021
212000,"Raub, r uberische Erpressung auf/gegen sonstige Kassenr ume und Gesch fte",15002000,Halle (Saale),vers.,2,1,1,0,0,0,0,0,0,0,0,0,0,0,0,0,0,0,2,1,1,0,0,0,2,1,1,2021
212000,"Raub, r uberische Erpressung auf/gegen sonstige Kassenr ume und Gesch fte",15002000,Halle (Saale),insg.,11,5,6,0,0,0,0,0,0,0,0,0,0,0,0,1,1,0,10,4,6,0,0,0,10,4,6,2021
212000,"Raub, r uberische Erpressung auf/gegen sonstige Kassenr ume und Gesch fte",2000000,Hamburg,voll.,29,17,12,0,0,0,0,0,0,0,0,0,0,0,0,3,2,1,23,13,10,3,2,1,26,15,11,2021
212000,"Raub, r uberische Erpressung auf/gegen sonstige Kassenr ume und Gesch fte",2000000,Hamburg,vers.,15,10,5,0,0,0,0,0,0,0,0,0,0,0,0,0,0,0,15,10,5,0,0,0,15,10,5,2021
212000,"Raub, r uberische Erpressung auf/gegen sonstige Kassenr ume und Gesch fte",2000000,Hamburg,insg.,44,27,17,0,0,0,0,0,0,0,0,0,0,0,0,3,2,1,38,23,15,3,2,1,41,25,16,2021
212000,"Raub, r uberische Erpressung auf/gegen sonstige Kassenr ume und Gesch fte",5915000,Hamm,voll.,11,1,10,0,0,0,0,0,0,0,0,0,0,0,0,0,0,0,7,1,6,4,0,4,11,1,10,2021
212000,"Raub, r uberische Erpressung auf/gegen sonstige Kassenr ume und Gesch fte",5915000,Hamm,vers.,6,3,3,0,0,0,0,0,0,0,0,0,0,0,0,1,0,1,4,3,1,1,0,1,5,3,2,2021
212000,"Raub, r uberische Erpressung auf/gegen sonstige Kassenr ume und Gesch fte",5915000,Hamm,insg.,17,4,13,0,0,0,0,0,0,0,0,0,0,0,0,1,0,1,11,4,7,5,0,5,16,4,12,2021
212000,"Raub, r uberische Erpressung auf/gegen sonstige Kassenr ume und Gesch fte",3241001,Hannover,voll.,19,4,15,0,0,0,0,0,0,0,0,0,0,0,0,0,0,0,14,3,11,5,1,4,19,4,15,2021
212000,"Raub, r uberische Erpressung auf/gegen sonstige Kassenr ume und Gesch fte",3241001,Hannover,vers.,4,3,1,0,0,0,0,0,0,0,0,0,0,0,0,0,0,0,4,3,1,0,0,0,4,3,1,2021
212000,"Raub, r uberische Erpressung auf/gegen sonstige Kassenr ume und Gesch fte",3241001,Hannover,insg.,23,7,16,0,0,0,0,0,0,0,0,0,0,0,0,0,0,0,18,6,12,5,1,4,23,7,16,2021
212000,"Raub, r uberische Erpressung auf/gegen sonstige Kassenr ume und Gesch fte",8221000,Heidelberg,voll.,0,0,0,0,0,0,0,0,0,0,0,0,0,0,0,0,0,0,0,0,0,0,0,0,0,0,0,2021
212000,"Raub, r uberische Erpressung auf/gegen sonstige Kassenr ume und Gesch fte",8221000,Heidelberg,vers.,1,1,0,0,0,0,0,0,0,0,0,0,0,0,0,0,0,0,1,1,0,0,0,0,1,1,0,2021
212000,"Raub, r uberische Erpressung auf/gegen sonstige Kassenr ume und Gesch fte",8221000,Heidelberg,insg.,1,1,0,0,0,0,0,0,0,0,0,0,0,0,0,0,0,0,1,1,0,0,0,0,1,1,0,2021
212000,"Raub, r uberische Erpressung auf/gegen sonstige Kassenr ume und Gesch fte",8121000,Heilbronn,voll.,0,0,0,0,0,0,0,0,0,0,0,0,0,0,0,0,0,0,0,0,0,0,0,0,0,0,0,2021
212000,"Raub, r uberische Erpressung auf/gegen sonstige Kassenr ume und Gesch fte",8121000,Heilbronn,vers.,1,0,1,0,0,0,0,0,0,0,0,0,0,0,0,0,0,0,1,0,1,0,0,0,1,0,1,2021
212000,"Raub, r uberische Erpressung auf/gegen sonstige Kassenr ume und Gesch fte",8121000,Heilbronn,insg.,1,0,1,0,0,0,0,0,0,0,0,0,0,0,0,0,0,0,1,0,1,0,0,0,1,0,1,2021
212000,"Raub, r uberische Erpressung auf/gegen sonstige Kassenr ume und Gesch fte",5916000,Herne,voll.,5,2,3,0,0,0,0,0,0,0,0,0,0,0,0,0,0,0,5,2,3,0,0,0,5,2,3,2021
212000,"Raub, r uberische Erpressung auf/gegen sonstige Kassenr ume und Gesch fte",5916000,Herne,vers.,2,1,1,0,0,0,0,0,0,0,0,0,0,0,0,0,0,0,2,1,1,0,0,0,2,1,1,2021
212000,"Raub, r uberische Erpressung auf/gegen sonstige Kassenr ume und Gesch fte",5916000,Herne,insg.,7,3,4,0,0,0,0,0,0,0,0,0,0,0,0,0,0,0,7,3,4,0,0,0,7,3,4,2021
212000,"Raub, r uberische Erpressung auf/gegen sonstige Kassenr ume und Gesch fte",3254021,Hildesheim,voll.,10,4,6,0,0,0,0,0,0,0,0,0,0,0,0,1,0,1,9,4,5,0,0,0,9,4,5,2021
212000,"Raub, r uberische Erpressung auf/gegen sonstige Kassenr ume und Gesch fte",3254021,Hildesheim,vers.,3,1,2,0,0,0,0,0,0,0,0,0,0,0,0,1,0,1,2,1,1,0,0,0,2,1,1,2021
212000,"Raub, r uberische Erpressung auf/gegen sonstige Kassenr ume und Gesch fte",3254021,Hildesheim,insg.,13,5,8,0,0,0,0,0,0,0,0,0,0,0,0,2,0,2,11,5,6,0,0,0,11,5,6,2021
212000,"Raub, r uberische Erpressung auf/gegen sonstige Kassenr ume und Gesch fte",9161000,Ingolstadt,voll.,0,0,0,0,0,0,0,0,0,0,0,0,0,0,0,0,0,0,0,0,0,0,0,0,0,0,0,2021
212000,"Raub, r uberische Erpressung auf/gegen sonstige Kassenr ume und Gesch fte",9161000,Ingolstadt,vers.,0,0,0,0,0,0,0,0,0,0,0,0,0,0,0,0,0,0,0,0,0,0,0,0,0,0,0,2021
212000,"Raub, r uberische Erpressung auf/gegen sonstige Kassenr ume und Gesch fte",9161000,Ingolstadt,insg.,0,0,0,0,0,0,0,0,0,0,0,0,0,0,0,0,0,0,0,0,0,0,0,0,0,0,0,2021
212000,"Raub, r uberische Erpressung auf/gegen sonstige Kassenr ume und Gesch fte",16053000,Jena,voll.,0,0,0,0,0,0,0,0,0,0,0,0,0,0,0,0,0,0,0,0,0,0,0,0,0,0,0,2021
212000,"Raub, r uberische Erpressung auf/gegen sonstige Kassenr ume und Gesch fte",16053000,Jena,vers.,0,0,0,0,0,0,0,0,0,0,0,0,0,0,0,0,0,0,0,0,0,0,0,0,0,0,0,2021
212000,"Raub, r uberische Erpressung auf/gegen sonstige Kassenr ume und Gesch fte",16053000,Jena,insg.,0,0,0,0,0,0,0,0,0,0,0,0,0,0,0,0,0,0,0,0,0,0,0,0,0,0,0,2021
212000,"Raub, r uberische Erpressung auf/gegen sonstige Kassenr ume und Gesch fte",7312000,Kaiserslautern,voll.,0,0,0,0,0,0,0,0,0,0,0,0,0,0,0,0,0,0,0,0,0,0,0,0,0,0,0,2021
212000,"Raub, r uberische Erpressung auf/gegen sonstige Kassenr ume und Gesch fte",7312000,Kaiserslautern,vers.,2,0,2,0,0,0,0,0,0,0,0,0,0,0,0,0,0,0,2,0,2,0,0,0,2,0,2,2021
212000,"Raub, r uberische Erpressung auf/gegen sonstige Kassenr ume und Gesch fte",7312000,Kaiserslautern,insg.,2,0,2,0,0,0,0,0,0,0,0,0,0,0,0,0,0,0,2,0,2,0,0,0,2,0,2,2021
212000,"Raub, r uberische Erpressung auf/gegen sonstige Kassenr ume und Gesch fte",8212000,Karlsruhe,voll.,1,1,0,0,0,0,0,0,0,0,0,0,0,0,0,0,0,0,1,1,0,0,0,0,1,1,0,2021
212000,"Raub, r uberische Erpressung auf/gegen sonstige Kassenr ume und Gesch fte",8212000,Karlsruhe,vers.,0,0,0,0,0,0,0,0,0,0,0,0,0,0,0,0,0,0,0,0,0,0,0,0,0,0,0,2021
212000,"Raub, r uberische Erpressung auf/gegen sonstige Kassenr ume und Gesch fte",8212000,Karlsruhe,insg.,1,1,0,0,0,0,0,0,0,0,0,0,0,0,0,0,0,0,1,1,0,0,0,0,1,1,0,2021
212000,"Raub, r uberische Erpressung auf/gegen sonstige Kassenr ume und Gesch fte",6611000,Kassel,voll.,10,7,3,0,0,0,0,0,0,0,0,0,0,0,0,0,0,0,10,7,3,0,0,0,10,7,3,2021
212000,"Raub, r uberische Erpressung auf/gegen sonstige Kassenr ume und Gesch fte",6611000,Kassel,vers.,4,1,3,0,0,0,0,0,0,0,0,0,0,0,0,0,0,0,4,1,3,0,0,0,4,1,3,2021
212000,"Raub, r uberische Erpressung auf/gegen sonstige Kassenr ume und Gesch fte",6611000,Kassel,insg.,14,8,6,0,0,0,0,0,0,0,0,0,0,0,0,0,0,0,14,8,6,0,0,0,14,8,6,2021
212000,"Raub, r uberische Erpressung auf/gegen sonstige Kassenr ume und Gesch fte",1002000,Kiel,voll.,12,4,8,0,0,0,0,0,0,0,0,0,0,0,0,0,0,0,12,4,8,0,0,0,12,4,8,2021
212000,"Raub, r uberische Erpressung auf/gegen sonstige Kassenr ume und Gesch fte",1002000,Kiel,vers.,6,4,2,0,0,0,0,0,0,0,0,0,0,0,0,0,0,0,5,3,2,1,1,0,6,4,2,2021
212000,"Raub, r uberische Erpressung auf/gegen sonstige Kassenr ume und Gesch fte",1002000,Kiel,insg.,18,8,10,0,0,0,0,0,0,0,0,0,0,0,0,0,0,0,17,7,10,1,1,0,18,8,10,2021
212000,"Raub, r uberische Erpressung auf/gegen sonstige Kassenr ume und Gesch fte",7111000,Koblenz,voll.,2,0,2,0,0,0,0,0,0,0,0,0,0,0,0,0,0,0,2,0,2,0,0,0,2,0,2,2021
212000,"Raub, r uberische Erpressung auf/gegen sonstige Kassenr ume und Gesch fte",7111000,Koblenz,vers.,0,0,0,0,0,0,0,0,0,0,0,0,0,0,0,0,0,0,0,0,0,0,0,0,0,0,0,2021
212000,"Raub, r uberische Erpressung auf/gegen sonstige Kassenr ume und Gesch fte",7111000,Koblenz,insg.,2,0,2,0,0,0,0,0,0,0,0,0,0,0,0,0,0,0,2,0,2,0,0,0,2,0,2,2021
212000,"Raub, r uberische Erpressung auf/gegen sonstige Kassenr ume und Gesch fte",5315000,K ln,voll.,19,10,9,0,0,0,0,0,0,0,0,0,0,0,0,0,0,0,14,8,6,5,2,3,19,10,9,2021
212000,"Raub, r uberische Erpressung auf/gegen sonstige Kassenr ume und Gesch fte",5315000,K ln,vers.,9,7,2,0,0,0,0,0,0,0,0,0,0,0,0,0,0,0,9,7,2,0,0,0,9,7,2,2021
212000,"Raub, r uberische Erpressung auf/gegen sonstige Kassenr ume und Gesch fte",5315000,K ln,insg.,28,17,11,0,0,0,0,0,0,0,0,0,0,0,0,0,0,0,23,15,8,5,2,3,28,17,11,2021
212000,"Raub, r uberische Erpressung auf/gegen sonstige Kassenr ume und Gesch fte",5114000,Krefeld,voll.,9,5,4,0,0,0,0,0,0,0,0,0,0,0,0,1,1,0,8,4,4,0,0,0,8,4,4,2021
212000,"Raub, r uberische Erpressung auf/gegen sonstige Kassenr ume und Gesch fte",5114000,Krefeld,vers.,1,0,1,0,0,0,0,0,0,0,0,0,0,0,0,0,0,0,1,0,1,0,0,0,1,0,1,2021
212000,"Raub, r uberische Erpressung auf/gegen sonstige Kassenr ume und Gesch fte",5114000,Krefeld,insg.,10,5,5,0,0,0,0,0,0,0,0,0,0,0,0,1,1,0,9,4,5,0,0,0,9,4,5,2021
212000,"Raub, r uberische Erpressung auf/gegen sonstige Kassenr ume und Gesch fte",14713000,Leipzig,voll.,11,5,6,0,0,0,0,0,0,0,0,0,0,0,0,0,0,0,10,5,5,1,0,1,11,5,6,2021
212000,"Raub, r uberische Erpressung auf/gegen sonstige Kassenr ume und Gesch fte",14713000,Leipzig,vers.,1,1,0,0,0,0,0,0,0,0,0,0,0,0,0,0,0,0,0,0,0,1,1,0,1,1,0,2021
212000,"Raub, r uberische Erpressung auf/gegen sonstige Kassenr ume und Gesch fte",14713000,Leipzig,insg.,12,6,6,0,0,0,0,0,0,0,0,0,0,0,0,0,0,0,10,5,5,2,1,1,12,6,6,2021
212000,"Raub, r uberische Erpressung auf/gegen sonstige Kassenr ume und Gesch fte",5316000,Leverkusen,voll.,2,0,2,0,0,0,0,0,0,0,0,0,0,0,0,0,0,0,2,0,2,0,0,0,2,0,2,2021
212000,"Raub, r uberische Erpressung auf/gegen sonstige Kassenr ume und Gesch fte",5316000,Leverkusen,vers.,3,1,2,0,0,0,0,0,0,0,0,0,1,1,0,0,0,0,2,0,2,0,0,0,2,0,2,2021
212000,"Raub, r uberische Erpressung auf/gegen sonstige Kassenr ume und Gesch fte",5316000,Leverkusen,insg.,5,1,4,0,0,0,0,0,0,0,0,0,1,1,0,0,0,0,4,0,4,0,0,0,4,0,4,2021
212000,"Raub, r uberische Erpressung auf/gegen sonstige Kassenr ume und Gesch fte",1003000,L beck,voll.,7,4,3,0,0,0,0,0,0,0,0,0,0,0,0,0,0,0,6,4,2,1,0,1,7,4,3,2021
212000,"Raub, r uberische Erpressung auf/gegen sonstige Kassenr ume und Gesch fte",1003000,L beck,vers.,1,1,0,0,0,0,0,0,0,0,0,0,0,0,0,0,0,0,1,1,0,0,0,0,1,1,0,2021
212000,"Raub, r uberische Erpressung auf/gegen sonstige Kassenr ume und Gesch fte",1003000,L beck,insg.,8,5,3,0,0,0,0,0,0,0,0,0,0,0,0,0,0,0,7,5,2,1,0,1,8,5,3,2021
212000,"Raub, r uberische Erpressung auf/gegen sonstige Kassenr ume und Gesch fte",7314000,Ludwigshafen am Rhein,voll.,3,2,1,0,0,0,0,0,0,0,0,0,0,0,0,0,0,0,3,2,1,0,0,0,3,2,1,2021
212000,"Raub, r uberische Erpressung auf/gegen sonstige Kassenr ume und Gesch fte",7314000,Ludwigshafen am Rhein,vers.,0,0,0,0,0,0,0,0,0,0,0,0,0,0,0,0,0,0,0,0,0,0,0,0,0,0,0,2021
212000,"Raub, r uberische Erpressung auf/gegen sonstige Kassenr ume und Gesch fte",7314000,Ludwigshafen am Rhein,insg.,3,2,1,0,0,0,0,0,0,0,0,0,0,0,0,0,0,0,3,2,1,0,0,0,3,2,1,2021
212000,"Raub, r uberische Erpressung auf/gegen sonstige Kassenr ume und Gesch fte",15003000,Magdeburg,voll.,7,2,5,0,0,0,0,0,0,0,0,0,1,1,0,0,0,0,6,1,5,0,0,0,6,1,5,2021
212000,"Raub, r uberische Erpressung auf/gegen sonstige Kassenr ume und Gesch fte",15003000,Magdeburg,vers.,6,3,3,0,0,0,0,0,0,0,0,0,0,0,0,0,0,0,5,2,3,1,1,0,6,3,3,2021
212000,"Raub, r uberische Erpressung auf/gegen sonstige Kassenr ume und Gesch fte",15003000,Magdeburg,insg.,13,5,8,0,0,0,0,0,0,0,0,0,1,1,0,0,0,0,11,3,8,1,1,0,12,4,8,2021
212000,"Raub, r uberische Erpressung auf/gegen sonstige Kassenr ume und Gesch fte",7315000,Mainz,voll.,3,2,1,0,0,0,0,0,0,0,0,0,0,0,0,0,0,0,2,2,0,1,0,1,3,2,1,2021
212000,"Raub, r uberische Erpressung auf/gegen sonstige Kassenr ume und Gesch fte",7315000,Mainz,vers.,3,1,2,0,0,0,0,0,0,0,0,0,0,0,0,2,1,1,1,0,1,0,0,0,1,0,1,2021
212000,"Raub, r uberische Erpressung auf/gegen sonstige Kassenr ume und Gesch fte",7315000,Mainz,insg.,6,3,3,0,0,0,0,0,0,0,0,0,0,0,0,2,1,1,3,2,1,1,0,1,4,2,2,2021
212000,"Raub, r uberische Erpressung auf/gegen sonstige Kassenr ume und Gesch fte",8222000,Mannheim,voll.,9,2,7,0,0,0,0,0,0,0,0,0,1,0,1,0,0,0,8,2,6,0,0,0,8,2,6,2021
212000,"Raub, r uberische Erpressung auf/gegen sonstige Kassenr ume und Gesch fte",8222000,Mannheim,vers.,2,2,0,0,0,0,0,0,0,0,0,0,0,0,0,0,0,0,2,2,0,0,0,0,2,2,0,2021
212000,"Raub, r uberische Erpressung auf/gegen sonstige Kassenr ume und Gesch fte",8222000,Mannheim,insg.,11,4,7,0,0,0,0,0,0,0,0,0,1,0,1,0,0,0,10,4,6,0,0,0,10,4,6,2021
212000,"Raub, r uberische Erpressung auf/gegen sonstige Kassenr ume und Gesch fte",5170024,Moers,voll.,1,1,0,0,0,0,0,0,0,0,0,0,0,0,0,0,0,0,1,1,0,0,0,0,1,1,0,2021
212000,"Raub, r uberische Erpressung auf/gegen sonstige Kassenr ume und Gesch fte",5170024,Moers,vers.,0,0,0,0,0,0,0,0,0,0,0,0,0,0,0,0,0,0,0,0,0,0,0,0,0,0,0,2021
212000,"Raub, r uberische Erpressung auf/gegen sonstige Kassenr ume und Gesch fte",5170024,Moers,insg.,1,1,0,0,0,0,0,0,0,0,0,0,0,0,0,0,0,0,1,1,0,0,0,0,1,1,0,2021
212000,"Raub, r uberische Erpressung auf/gegen sonstige Kassenr ume und Gesch fte",5116000,M nchengladbach,voll.,7,3,4,0,0,0,0,0,0,0,0,0,0,0,0,1,0,1,5,2,3,1,1,0,6,3,3,2021
212000,"Raub, r uberische Erpressung auf/gegen sonstige Kassenr ume und Gesch fte",5116000,M nchengladbach,vers.,4,4,0,0,0,0,0,0,0,0,0,0,0,0,0,1,1,0,3,3,0,0,0,0,3,3,0,2021
212000,"Raub, r uberische Erpressung auf/gegen sonstige Kassenr ume und Gesch fte",5116000,M nchengladbach,insg.,11,7,4,0,0,0,0,0,0,0,0,0,0,0,0,2,1,1,8,5,3,1,1,0,9,6,3,2021
212000,"Raub, r uberische Erpressung auf/gegen sonstige Kassenr ume und Gesch fte",5117000,M lheim an der Ruhr,voll.,8,4,4,0,0,0,0,0,0,0,0,0,0,0,0,1,0,1,7,4,3,0,0,0,7,4,3,2021
212000,"Raub, r uberische Erpressung auf/gegen sonstige Kassenr ume und Gesch fte",5117000,M lheim an der Ruhr,vers.,0,0,0,0,0,0,0,0,0,0,0,0,0,0,0,0,0,0,0,0,0,0,0,0,0,0,0,2021
212000,"Raub, r uberische Erpressung auf/gegen sonstige Kassenr ume und Gesch fte",5117000,M lheim an der Ruhr,insg.,8,4,4,0,0,0,0,0,0,0,0,0,0,0,0,1,0,1,7,4,3,0,0,0,7,4,3,2021
212000,"Raub, r uberische Erpressung auf/gegen sonstige Kassenr ume und Gesch fte",9162000,M nchen,voll.,10,5,5,0,0,0,0,0,0,0,0,0,0,0,0,1,1,0,7,4,3,2,0,2,9,4,5,2021
212000,"Raub, r uberische Erpressung auf/gegen sonstige Kassenr ume und Gesch fte",9162000,M nchen,vers.,13,7,6,0,0,0,0,0,0,0,0,0,0,0,0,1,0,1,8,4,4,4,3,1,12,7,5,2021
212000,"Raub, r uberische Erpressung auf/gegen sonstige Kassenr ume und Gesch fte",9162000,M nchen,insg.,23,12,11,0,0,0,0,0,0,0,0,0,0,0,0,2,1,1,15,8,7,6,3,3,21,11,10,2021
212000,"Raub, r uberische Erpressung auf/gegen sonstige Kassenr ume und Gesch fte",5515000,M nster,voll.,15,6,9,0,0,0,0,0,0,0,0,0,0,0,0,2,1,1,8,2,6,5,3,2,13,5,8,2021
212000,"Raub, r uberische Erpressung auf/gegen sonstige Kassenr ume und Gesch fte",5515000,M nster,vers.,0,0,0,0,0,0,0,0,0,0,0,0,0,0,0,0,0,0,0,0,0,0,0,0,0,0,0,2021
212000,"Raub, r uberische Erpressung auf/gegen sonstige Kassenr ume und Gesch fte",5515000,M nster,insg.,15,6,9,0,0,0,0,0,0,0,0,0,0,0,0,2,1,1,8,2,6,5,3,2,13,5,8,2021
212000,"Raub, r uberische Erpressung auf/gegen sonstige Kassenr ume und Gesch fte",5162024,Neuss,voll.,5,4,1,0,0,0,0,0,0,0,0,0,0,0,0,0,0,0,5,4,1,0,0,0,5,4,1,2021
212000,"Raub, r uberische Erpressung auf/gegen sonstige Kassenr ume und Gesch fte",5162024,Neuss,vers.,2,2,0,0,0,0,0,0,0,0,0,0,0,0,0,0,0,0,1,1,0,1,1,0,2,2,0,2021
212000,"Raub, r uberische Erpressung auf/gegen sonstige Kassenr ume und Gesch fte",5162024,Neuss,insg.,7,6,1,0,0,0,0,0,0,0,0,0,0,0,0,0,0,0,6,5,1,1,1,0,7,6,1,2021
212000,"Raub, r uberische Erpressung auf/gegen sonstige Kassenr ume und Gesch fte",9564000,N rnberg,voll.,0,0,0,0,0,0,0,0,0,0,0,0,0,0,0,0,0,0,0,0,0,0,0,0,0,0,0,2021
212000,"Raub, r uberische Erpressung auf/gegen sonstige Kassenr ume und Gesch fte",9564000,N rnberg,vers.,2,0,2,0,0,0,0,0,0,0,0,0,0,0,0,0,0,0,2,0,2,0,0,0,2,0,2,2021
212000,"Raub, r uberische Erpressung auf/gegen sonstige Kassenr ume und Gesch fte",9564000,N rnberg,insg.,2,0,2,0,0,0,0,0,0,0,0,0,0,0,0,0,0,0,2,0,2,0,0,0,2,0,2,2021
212000,"Raub, r uberische Erpressung auf/gegen sonstige Kassenr ume und Gesch fte",5119000,Oberhausen,voll.,2,0,2,0,0,0,0,0,0,0,0,0,0,0,0,0,0,0,2,0,2,0,0,0,2,0,2,2021
212000,"Raub, r uberische Erpressung auf/gegen sonstige Kassenr ume und Gesch fte",5119000,Oberhausen,vers.,2,2,0,0,0,0,0,0,0,0,0,0,0,0,0,0,0,0,1,1,0,1,1,0,2,2,0,2021
212000,"Raub, r uberische Erpressung auf/gegen sonstige Kassenr ume und Gesch fte",5119000,Oberhausen,insg.,4,2,2,0,0,0,0,0,0,0,0,0,0,0,0,0,0,0,3,1,2,1,1,0,4,2,2,2021
212000,"Raub, r uberische Erpressung auf/gegen sonstige Kassenr ume und Gesch fte",6413000,Offenbach am Main,voll.,10,8,2,0,0,0,0,0,0,0,0,0,0,0,0,0,0,0,9,8,1,1,0,1,10,8,2,2021
212000,"Raub, r uberische Erpressung auf/gegen sonstige Kassenr ume und Gesch fte",6413000,Offenbach am Main,vers.,1,1,0,0,0,0,0,0,0,0,0,0,0,0,0,0,0,0,1,1,0,0,0,0,1,1,0,2021
212000,"Raub, r uberische Erpressung auf/gegen sonstige Kassenr ume und Gesch fte",6413000,Offenbach am Main,insg.,11,9,2,0,0,0,0,0,0,0,0,0,0,0,0,0,0,0,10,9,1,1,0,1,11,9,2,2021
212000,"Raub, r uberische Erpressung auf/gegen sonstige Kassenr ume und Gesch fte",3403000,Oldenburg (Oldenburg),voll.,5,2,3,0,0,0,0,0,0,0,0,0,0,0,0,0,0,0,5,2,3,0,0,0,5,2,3,2021
212000,"Raub, r uberische Erpressung auf/gegen sonstige Kassenr ume und Gesch fte",3403000,Oldenburg (Oldenburg),vers.,2,1,1,0,0,0,0,0,0,0,0,0,0,0,0,0,0,0,1,0,1,1,1,0,2,1,1,2021
212000,"Raub, r uberische Erpressung auf/gegen sonstige Kassenr ume und Gesch fte",3403000,Oldenburg (Oldenburg),insg.,7,3,4,0,0,0,0,0,0,0,0,0,0,0,0,0,0,0,6,2,4,1,1,0,7,3,4,2021
212000,"Raub, r uberische Erpressung auf/gegen sonstige Kassenr ume und Gesch fte",3404000,Osnabr ck,voll.,1,0,1,0,0,0,0,0,0,0,0,0,0,0,0,0,0,0,0,0,0,1,0,1,1,0,1,2021
212000,"Raub, r uberische Erpressung auf/gegen sonstige Kassenr ume und Gesch fte",3404000,Osnabr ck,vers.,2,2,0,0,0,0,0,0,0,0,0,0,0,0,0,0,0,0,2,2,0,0,0,0,2,2,0,2021
212000,"Raub, r uberische Erpressung auf/gegen sonstige Kassenr ume und Gesch fte",3404000,Osnabr ck,insg.,3,2,1,0,0,0,0,0,0,0,0,0,0,0,0,0,0,0,2,2,0,1,0,1,3,2,1,2021
212000,"Raub, r uberische Erpressung auf/gegen sonstige Kassenr ume und Gesch fte",5774032,Paderborn,voll.,5,3,2,0,0,0,0,0,0,0,0,0,0,0,0,0,0,0,5,3,2,0,0,0,5,3,2,2021
212000,"Raub, r uberische Erpressung auf/gegen sonstige Kassenr ume und Gesch fte",5774032,Paderborn,vers.,1,0,1,0,0,0,0,0,0,0,0,0,0,0,0,0,0,0,1,0,1,0,0,0,1,0,1,2021
212000,"Raub, r uberische Erpressung auf/gegen sonstige Kassenr ume und Gesch fte",5774032,Paderborn,insg.,6,3,3,0,0,0,0,0,0,0,0,0,0,0,0,0,0,0,6,3,3,0,0,0,6,3,3,2021
212000,"Raub, r uberische Erpressung auf/gegen sonstige Kassenr ume und Gesch fte",8231000,Pforzheim,voll.,1,1,0,0,0,0,0,0,0,0,0,0,0,0,0,0,0,0,1,1,0,0,0,0,1,1,0,2021
212000,"Raub, r uberische Erpressung auf/gegen sonstige Kassenr ume und Gesch fte",8231000,Pforzheim,vers.,1,1,0,0,0,0,0,0,0,0,0,0,0,0,0,0,0,0,1,1,0,0,0,0,1,1,0,2021
212000,"Raub, r uberische Erpressung auf/gegen sonstige Kassenr ume und Gesch fte",8231000,Pforzheim,insg.,2,2,0,0,0,0,0,0,0,0,0,0,0,0,0,0,0,0,2,2,0,0,0,0,2,2,0,2021
212000,"Raub, r uberische Erpressung auf/gegen sonstige Kassenr ume und Gesch fte",12054000,Potsdam,voll.,1,1,0,0,0,0,0,0,0,0,0,0,0,0,0,1,1,0,0,0,0,0,0,0,0,0,0,2021
212000,"Raub, r uberische Erpressung auf/gegen sonstige Kassenr ume und Gesch fte",12054000,Potsdam,vers.,1,0,1,0,0,0,0,0,0,0,0,0,0,0,0,0,0,0,0,0,0,1,0,1,1,0,1,2021
212000,"Raub, r uberische Erpressung auf/gegen sonstige Kassenr ume und Gesch fte",12054000,Potsdam,insg.,2,1,1,0,0,0,0,0,0,0,0,0,0,0,0,1,1,0,0,0,0,1,0,1,1,0,1,2021
212000,"Raub, r uberische Erpressung auf/gegen sonstige Kassenr ume und Gesch fte",5562032,Recklinghausen,voll.,3,2,1,0,0,0,0,0,0,0,0,0,0,0,0,0,0,0,3,2,1,0,0,0,3,2,1,2021
212000,"Raub, r uberische Erpressung auf/gegen sonstige Kassenr ume und Gesch fte",5562032,Recklinghausen,vers.,2,1,1,0,0,0,0,0,0,0,0,0,0,0,0,0,0,0,2,1,1,0,0,0,2,1,1,2021
212000,"Raub, r uberische Erpressung auf/gegen sonstige Kassenr ume und Gesch fte",5562032,Recklinghausen,insg.,5,3,2,0,0,0,0,0,0,0,0,0,0,0,0,0,0,0,5,3,2,0,0,0,5,3,2,2021
212000,"Raub, r uberische Erpressung auf/gegen sonstige Kassenr ume und Gesch fte",9362000,Regensburg,voll.,0,0,0,0,0,0,0,0,0,0,0,0,0,0,0,0,0,0,0,0,0,0,0,0,0,0,0,2021
212000,"Raub, r uberische Erpressung auf/gegen sonstige Kassenr ume und Gesch fte",9362000,Regensburg,vers.,2,2,0,0,0,0,0,0,0,0,0,0,0,0,0,0,0,0,2,2,0,0,0,0,2,2,0,2021
212000,"Raub, r uberische Erpressung auf/gegen sonstige Kassenr ume und Gesch fte",9362000,Regensburg,insg.,2,2,0,0,0,0,0,0,0,0,0,0,0,0,0,0,0,0,2,2,0,0,0,0,2,2,0,2021
212000,"Raub, r uberische Erpressung auf/gegen sonstige Kassenr ume und Gesch fte",5120000,Remscheid,voll.,1,1,0,0,0,0,0,0,0,0,0,0,0,0,0,0,0,0,1,1,0,0,0,0,1,1,0,2021
212000,"Raub, r uberische Erpressung auf/gegen sonstige Kassenr ume und Gesch fte",5120000,Remscheid,vers.,1,0,1,0,0,0,0,0,0,0,0,0,0,0,0,0,0,0,1,0,1,0,0,0,1,0,1,2021
212000,"Raub, r uberische Erpressung auf/gegen sonstige Kassenr ume und Gesch fte",5120000,Remscheid,insg.,2,1,1,0,0,0,0,0,0,0,0,0,0,0,0,0,0,0,2,1,1,0,0,0,2,1,1,2021
212000,"Raub, r uberische Erpressung auf/gegen sonstige Kassenr ume und Gesch fte",8415061,Reutlingen,voll.,0,0,0,0,0,0,0,0,0,0,0,0,0,0,0,0,0,0,0,0,0,0,0,0,0,0,0,2021
212000,"Raub, r uberische Erpressung auf/gegen sonstige Kassenr ume und Gesch fte",8415061,Reutlingen,vers.,0,0,0,0,0,0,0,0,0,0,0,0,0,0,0,0,0,0,0,0,0,0,0,0,0,0,0,2021
212000,"Raub, r uberische Erpressung auf/gegen sonstige Kassenr ume und Gesch fte",8415061,Reutlingen,insg.,0,0,0,0,0,0,0,0,0,0,0,0,0,0,0,0,0,0,0,0,0,0,0,0,0,0,0,2021
212000,"Raub, r uberische Erpressung auf/gegen sonstige Kassenr ume und Gesch fte",13003000,Rostock,voll.,1,1,0,0,0,0,0,0,0,0,0,0,0,0,0,0,0,0,1,1,0,0,0,0,1,1,0,2021
212000,"Raub, r uberische Erpressung auf/gegen sonstige Kassenr ume und Gesch fte",13003000,Rostock,vers.,1,0,1,0,0,0,0,0,0,0,0,0,0,0,0,0,0,0,1,0,1,0,0,0,1,0,1,2021
212000,"Raub, r uberische Erpressung auf/gegen sonstige Kassenr ume und Gesch fte",13003000,Rostock,insg.,2,1,1,0,0,0,0,0,0,0,0,0,0,0,0,0,0,0,2,1,1,0,0,0,2,1,1,2021
212000,"Raub, r uberische Erpressung auf/gegen sonstige Kassenr ume und Gesch fte",10041100,Saarbr cken,voll.,6,0,6,0,0,0,0,0,0,0,0,0,0,0,0,0,0,0,4,0,4,2,0,2,6,0,6,2021
212000,"Raub, r uberische Erpressung auf/gegen sonstige Kassenr ume und Gesch fte",10041100,Saarbr cken,vers.,3,0,3,0,0,0,0,0,0,0,0,0,0,0,0,0,0,0,2,0,2,1,0,1,3,0,3,2021
212000,"Raub, r uberische Erpressung auf/gegen sonstige Kassenr ume und Gesch fte",10041100,Saarbr cken,insg.,9,0,9,0,0,0,0,0,0,0,0,0,0,0,0,0,0,0,6,0,6,3,0,3,9,0,9,2021
212000,"Raub, r uberische Erpressung auf/gegen sonstige Kassenr ume und Gesch fte",3102000,Salzgitter,voll.,2,2,0,0,0,0,0,0,0,0,0,0,0,0,0,0,0,0,2,2,0,0,0,0,2,2,0,2021
212000,"Raub, r uberische Erpressung auf/gegen sonstige Kassenr ume und Gesch fte",3102000,Salzgitter,vers.,0,0,0,0,0,0,0,0,0,0,0,0,0,0,0,0,0,0,0,0,0,0,0,0,0,0,0,2021
212000,"Raub, r uberische Erpressung auf/gegen sonstige Kassenr ume und Gesch fte",3102000,Salzgitter,insg.,2,2,0,0,0,0,0,0,0,0,0,0,0,0,0,0,0,0,2,2,0,0,0,0,2,2,0,2021
212000,"Raub, r uberische Erpressung auf/gegen sonstige Kassenr ume und Gesch fte",13004000,Schwerin,voll.,1,1,0,0,0,0,0,0,0,0,0,0,0,0,0,0,0,0,1,1,0,0,0,0,1,1,0,2021
212000,"Raub, r uberische Erpressung auf/gegen sonstige Kassenr ume und Gesch fte",13004000,Schwerin,vers.,0,0,0,0,0,0,0,0,0,0,0,0,0,0,0,0,0,0,0,0,0,0,0,0,0,0,0,2021
212000,"Raub, r uberische Erpressung auf/gegen sonstige Kassenr ume und Gesch fte",13004000,Schwerin,insg.,1,1,0,0,0,0,0,0,0,0,0,0,0,0,0,0,0,0,1,1,0,0,0,0,1,1,0,2021
212000,"Raub, r uberische Erpressung auf/gegen sonstige Kassenr ume und Gesch fte",5970040,Siegen,voll.,3,3,0,0,0,0,0,0,0,0,0,0,0,0,0,1,1,0,2,2,0,0,0,0,2,2,0,2021
212000,"Raub, r uberische Erpressung auf/gegen sonstige Kassenr ume und Gesch fte",5970040,Siegen,vers.,0,0,0,0,0,0,0,0,0,0,0,0,0,0,0,0,0,0,0,0,0,0,0,0,0,0,0,2021
212000,"Raub, r uberische Erpressung auf/gegen sonstige Kassenr ume und Gesch fte",5970040,Siegen,insg.,3,3,0,0,0,0,0,0,0,0,0,0,0,0,0,1,1,0,2,2,0,0,0,0,2,2,0,2021
212000,"Raub, r uberische Erpressung auf/gegen sonstige Kassenr ume und Gesch fte",5122000,Solingen,voll.,1,0,1,0,0,0,0,0,0,0,0,0,0,0,0,0,0,0,1,0,1,0,0,0,1,0,1,2021
212000,"Raub, r uberische Erpressung auf/gegen sonstige Kassenr ume und Gesch fte",5122000,Solingen,vers.,2,2,0,0,0,0,0,0,0,0,0,0,0,0,0,0,0,0,2,2,0,0,0,0,2,2,0,2021
212000,"Raub, r uberische Erpressung auf/gegen sonstige Kassenr ume und Gesch fte",5122000,Solingen,insg.,3,2,1,0,0,0,0,0,0,0,0,0,0,0,0,0,0,0,3,2,1,0,0,0,3,2,1,2021
212000,"Raub, r uberische Erpressung auf/gegen sonstige Kassenr ume und Gesch fte",8111000,Stuttgart,voll.,3,2,1,0,0,0,0,0,0,0,0,0,0,0,0,0,0,0,3,2,1,0,0,0,3,2,1,2021
212000,"Raub, r uberische Erpressung auf/gegen sonstige Kassenr ume und Gesch fte",8111000,Stuttgart,vers.,1,0,1,0,0,0,0,0,0,0,0,0,0,0,0,0,0,0,1,0,1,0,0,0,1,0,1,2021
212000,"Raub, r uberische Erpressung auf/gegen sonstige Kassenr ume und Gesch fte",8111000,Stuttgart,insg.,4,2,2,0,0,0,0,0,0,0,0,0,0,0,0,0,0,0,4,2,2,0,0,0,4,2,2,2021
212000,"Raub, r uberische Erpressung auf/gegen sonstige Kassenr ume und Gesch fte",7211000,Trier,voll.,0,0,0,0,0,0,0,0,0,0,0,0,0,0,0,0,0,0,0,0,0,0,0,0,0,0,0,2021
212000,"Raub, r uberische Erpressung auf/gegen sonstige Kassenr ume und Gesch fte",7211000,Trier,vers.,1,1,0,0,0,0,0,0,0,0,0,0,0,0,0,0,0,0,0,0,0,1,1,0,1,1,0,2021
212000,"Raub, r uberische Erpressung auf/gegen sonstige Kassenr ume und Gesch fte",7211000,Trier,insg.,1,1,0,0,0,0,0,0,0,0,0,0,0,0,0,0,0,0,0,0,0,1,1,0,1,1,0,2021
212000,"Raub, r uberische Erpressung auf/gegen sonstige Kassenr ume und Gesch fte",8421000,Ulm,voll.,6,2,4,0,0,0,0,0,0,0,0,0,0,0,0,0,0,0,6,2,4,0,0,0,6,2,4,2021
212000,"Raub, r uberische Erpressung auf/gegen sonstige Kassenr ume und Gesch fte",8421000,Ulm,vers.,1,1,0,0,0,0,0,0,0,0,0,0,0,0,0,0,0,0,1,1,0,0,0,0,1,1,0,2021
212000,"Raub, r uberische Erpressung auf/gegen sonstige Kassenr ume und Gesch fte",8421000,Ulm,insg.,7,3,4,0,0,0,0,0,0,0,0,0,0,0,0,0,0,0,7,3,4,0,0,0,7,3,4,2021
212000,"Raub, r uberische Erpressung auf/gegen sonstige Kassenr ume und Gesch fte",6414000,Wiesbaden,voll.,5,4,1,0,0,0,0,0,0,0,0,0,0,0,0,1,1,0,4,3,1,0,0,0,4,3,1,2021
212000,"Raub, r uberische Erpressung auf/gegen sonstige Kassenr ume und Gesch fte",6414000,Wiesbaden,vers.,5,1,4,0,0,0,0,0,0,0,0,0,0,0,0,0,0,0,4,0,4,1,1,0,5,1,4,2021
212000,"Raub, r uberische Erpressung auf/gegen sonstige Kassenr ume und Gesch fte",6414000,Wiesbaden,insg.,10,5,5,0,0,0,0,0,0,0,0,0,0,0,0,1,1,0,8,3,5,1,1,0,9,4,5,2021
212000,"Raub, r uberische Erpressung auf/gegen sonstige Kassenr ume und Gesch fte",3103000,Wolfsburg,voll.,2,1,1,0,0,0,0,0,0,0,0,0,0,0,0,0,0,0,2,1,1,0,0,0,2,1,1,2021
212000,"Raub, r uberische Erpressung auf/gegen sonstige Kassenr ume und Gesch fte",3103000,Wolfsburg,vers.,1,0,1,0,0,0,0,0,0,0,0,0,0,0,0,0,0,0,1,0,1,0,0,0,1,0,1,2021
212000,"Raub, r uberische Erpressung auf/gegen sonstige Kassenr ume und Gesch fte",3103000,Wolfsburg,insg.,3,1,2,0,0,0,0,0,0,0,0,0,0,0,0,0,0,0,3,1,2,0,0,0,3,1,2,2021
212000,"Raub, r uberische Erpressung auf/gegen sonstige Kassenr ume und Gesch fte",5124000,Wuppertal,voll.,3,2,1,0,0,0,0,0,0,0,0,0,0,0,0,1,0,1,1,1,0,1,1,0,2,2,0,2021
212000,"Raub, r uberische Erpressung auf/gegen sonstige Kassenr ume und Gesch fte",5124000,Wuppertal,vers.,2,0,2,0,0,0,0,0,0,0,0,0,0,0,0,0,0,0,2,0,2,0,0,0,2,0,2,2021
212000,"Raub, r uberische Erpressung auf/gegen sonstige Kassenr ume und Gesch fte",5124000,Wuppertal,insg.,5,2,3,0,0,0,0,0,0,0,0,0,0,0,0,1,0,1,3,1,2,1,1,0,4,2,2,2021
212000,"Raub, r uberische Erpressung auf/gegen sonstige Kassenr ume und Gesch fte",9663000,W rzburg,voll.,1,1,0,0,0,0,0,0,0,0,0,0,0,0,0,0,0,0,1,1,0,0,0,0,1,1,0,2021
212000,"Raub, r uberische Erpressung auf/gegen sonstige Kassenr ume und Gesch fte",9663000,W rzburg,vers.,0,0,0,0,0,0,0,0,0,0,0,0,0,0,0,0,0,0,0,0,0,0,0,0,0,0,0,2021
212000,"Raub, r uberische Erpressung auf/gegen sonstige Kassenr ume und Gesch fte",9663000,W rzburg,insg.,1,1,0,0,0,0,0,0,0,0,0,0,0,0,0,0,0,0,1,1,0,0,0,0,1,1,0,2021
216000,Handtaschenraub,5334002,Aachen,voll.,5,0,5,0,0,0,0,0,0,0,0,0,0,0,0,0,0,0,4,0,4,1,0,1,5,0,5,2021
216000,Handtaschenraub,5334002,Aachen,vers.,4,0,4,0,0,0,0,0,0,0,0,0,0,0,0,0,0,0,2,0,2,2,0,2,4,0,4,2021
216000,Handtaschenraub,5334002,Aachen,insg.,9,0,9,0,0,0,0,0,0,0,0,0,0,0,0,0,0,0,6,0,6,3,0,3,9,0,9,2021
216000,Handtaschenraub,9761000,Augsburg,voll.,1,0,1,0,0,0,0,0,0,0,0,0,0,0,0,0,0,0,1,0,1,0,0,0,1,0,1,2021
216000,Handtaschenraub,9761000,Augsburg,vers.,1,0,1,0,0,0,0,0,0,0,0,0,0,0,0,0,0,0,1,0,1,0,0,0,1,0,1,2021
216000,Handtaschenraub,9761000,Augsburg,insg.,2,0,2,0,0,0,0,0,0,0,0,0,0,0,0,0,0,0,2,0,2,0,0,0,2,0,2,2021
216000,Handtaschenraub,5378004,Bergisch Gladbach,voll.,0,0,0,0,0,0,0,0,0,0,0,0,0,0,0,0,0,0,0,0,0,0,0,0,0,0,0,2021
216000,Handtaschenraub,5378004,Bergisch Gladbach,vers.,0,0,0,0,0,0,0,0,0,0,0,0,0,0,0,0,0,0,0,0,0,0,0,0,0,0,0,2021
216000,Handtaschenraub,5378004,Bergisch Gladbach,insg.,0,0,0,0,0,0,0,0,0,0,0,0,0,0,0,0,0,0,0,0,0,0,0,0,0,0,0,2021
216000,Handtaschenraub,11000000,Berlin,voll.,84,11,73,0,0,0,0,0,0,0,0,0,3,2,1,3,0,3,43,5,38,35,4,31,78,9,69,2021
216000,Handtaschenraub,11000000,Berlin,vers.,28,3,25,0,0,0,0,0,0,0,0,0,0,0,0,4,0,4,17,3,14,7,0,7,24,3,21,2021
216000,Handtaschenraub,11000000,Berlin,insg.,112,14,98,0,0,0,0,0,0,0,0,0,3,2,1,7,0,7,60,8,52,42,4,38,102,12,90,2021
216000,Handtaschenraub,5711000,Bielefeld,voll.,1,0,1,0,0,0,0,0,0,0,0,0,0,0,0,0,0,0,0,0,0,1,0,1,1,0,1,2021
216000,Handtaschenraub,5711000,Bielefeld,vers.,0,0,0,0,0,0,0,0,0,0,0,0,0,0,0,0,0,0,0,0,0,0,0,0,0,0,0,2021
216000,Handtaschenraub,5711000,Bielefeld,insg.,1,0,1,0,0,0,0,0,0,0,0,0,0,0,0,0,0,0,0,0,0,1,0,1,1,0,1,2021
216000,Handtaschenraub,5911000,Bochum,voll.,2,1,1,0,0,0,0,0,0,0,0,0,0,0,0,1,1,0,1,0,1,0,0,0,1,0,1,2021
216000,Handtaschenraub,5911000,Bochum,vers.,1,0,1,0,0,0,0,0,0,0,0,0,0,0,0,0,0,0,1,0,1,0,0,0,1,0,1,2021
216000,Handtaschenraub,5911000,Bochum,insg.,3,1,2,0,0,0,0,0,0,0,0,0,0,0,0,1,1,0,2,0,2,0,0,0,2,0,2,2021
216000,Handtaschenraub,5314000,Bonn,voll.,1,0,1,0,0,0,0,0,0,0,0,0,0,0,0,0,0,0,1,0,1,0,0,0,1,0,1,2021
216000,Handtaschenraub,5314000,Bonn,vers.,2,0,2,0,0,0,0,0,0,0,0,0,0,0,0,0,0,0,1,0,1,1,0,1,2,0,2,2021
216000,Handtaschenraub,5314000,Bonn,insg.,3,0,3,0,0,0,0,0,0,0,0,0,0,0,0,0,0,0,2,0,2,1,0,1,3,0,3,2021
216000,Handtaschenraub,5512000,Bottrop,voll.,0,0,0,0,0,0,0,0,0,0,0,0,0,0,0,0,0,0,0,0,0,0,0,0,0,0,0,2021
216000,Handtaschenraub,5512000,Bottrop,vers.,0,0,0,0,0,0,0,0,0,0,0,0,0,0,0,0,0,0,0,0,0,0,0,0,0,0,0,2021
216000,Handtaschenraub,5512000,Bottrop,insg.,0,0,0,0,0,0,0,0,0,0,0,0,0,0,0,0,0,0,0,0,0,0,0,0,0,0,0,2021
216000,Handtaschenraub,3101000,Braunschweig,voll.,4,2,2,0,0,0,0,0,0,0,0,0,4,2,2,0,0,0,0,0,0,0,0,0,0,0,0,2021
216000,Handtaschenraub,3101000,Braunschweig,vers.,0,0,0,0,0,0,0,0,0,0,0,0,0,0,0,0,0,0,0,0,0,0,0,0,0,0,0,2021
216000,Handtaschenraub,3101000,Braunschweig,insg.,4,2,2,0,0,0,0,0,0,0,0,0,4,2,2,0,0,0,0,0,0,0,0,0,0,0,0,2021
216000,Handtaschenraub,4011000,Bremen,voll.,8,0,8,0,0,0,0,0,0,0,0,0,0,0,0,0,0,0,6,0,6,2,0,2,8,0,8,2021
216000,Handtaschenraub,4011000,Bremen,vers.,3,1,2,0,0,0,0,0,0,0,0,0,0,0,0,0,0,0,2,1,1,1,0,1,3,1,2,2021
216000,Handtaschenraub,4011000,Bremen,insg.,11,1,10,0,0,0,0,0,0,0,0,0,0,0,0,0,0,0,8,1,7,3,0,3,11,1,10,2021
216000,Handtaschenraub,4012000,Bremerhaven,voll.,0,0,0,0,0,0,0,0,0,0,0,0,0,0,0,0,0,0,0,0,0,0,0,0,0,0,0,2021
216000,Handtaschenraub,4012000,Bremerhaven,vers.,0,0,0,0,0,0,0,0,0,0,0,0,0,0,0,0,0,0,0,0,0,0,0,0,0,0,0,2021
216000,Handtaschenraub,4012000,Bremerhaven,insg.,0,0,0,0,0,0,0,0,0,0,0,0,0,0,0,0,0,0,0,0,0,0,0,0,0,0,0,2021
216000,Handtaschenraub,14511000,Chemnitz,voll.,3,2,1,0,0,0,0,0,0,0,0,0,0,0,0,0,0,0,1,1,0,2,1,1,3,2,1,2021
216000,Handtaschenraub,14511000,Chemnitz,vers.,1,0,1,0,0,0,0,0,0,0,0,0,0,0,0,0,0,0,0,0,0,1,0,1,1,0,1,2021
216000,Handtaschenraub,14511000,Chemnitz,insg.,4,2,2,0,0,0,0,0,0,0,0,0,0,0,0,0,0,0,1,1,0,3,1,2,4,2,2,2021
216000,Handtaschenraub,12052000,Cottbus,voll.,3,0,3,0,0,0,0,0,0,0,0,0,0,0,0,0,0,0,1,0,1,2,0,2,3,0,3,2021
216000,Handtaschenraub,12052000,Cottbus,vers.,1,0,1,0,0,0,0,0,0,0,0,0,0,0,0,1,0,1,0,0,0,0,0,0,0,0,0,2021
216000,Handtaschenraub,12052000,Cottbus,insg.,4,0,4,0,0,0,0,0,0,0,0,0,0,0,0,1,0,1,1,0,1,2,0,2,3,0,3,2021
216000,Handtaschenraub,6411000,Darmstadt,voll.,0,0,0,0,0,0,0,0,0,0,0,0,0,0,0,0,0,0,0,0,0,0,0,0,0,0,0,2021
216000,Handtaschenraub,6411000,Darmstadt,vers.,0,0,0,0,0,0,0,0,0,0,0,0,0,0,0,0,0,0,0,0,0,0,0,0,0,0,0,2021
216000,Handtaschenraub,6411000,Darmstadt,insg.,0,0,0,0,0,0,0,0,0,0,0,0,0,0,0,0,0,0,0,0,0,0,0,0,0,0,0,2021
216000,Handtaschenraub,5913000,Dortmund,voll.,3,2,1,0,0,0,0,0,0,0,0,0,0,0,0,0,0,0,2,1,1,1,1,0,3,2,1,2021
216000,Handtaschenraub,5913000,Dortmund,vers.,3,0,3,0,0,0,0,0,0,0,0,0,1,0,1,0,0,0,1,0,1,1,0,1,2,0,2,2021
216000,Handtaschenraub,5913000,Dortmund,insg.,6,2,4,0,0,0,0,0,0,0,0,0,1,0,1,0,0,0,3,1,2,2,1,1,5,2,3,2021
216000,Handtaschenraub,14612000,Dresden,voll.,6,2,4,0,0,0,0,0,0,0,0,0,1,1,0,1,1,0,0,0,0,4,0,4,4,0,4,2021
216000,Handtaschenraub,14612000,Dresden,vers.,2,0,2,0,0,0,0,0,0,0,0,0,0,0,0,0,0,0,1,0,1,1,0,1,2,0,2,2021
216000,Handtaschenraub,14612000,Dresden,insg.,8,2,6,0,0,0,0,0,0,0,0,0,1,1,0,1,1,0,1,0,1,5,0,5,6,0,6,2021
216000,Handtaschenraub,5112000,Duisburg,voll.,13,2,11,0,0,0,0,0,0,0,0,0,1,1,0,1,1,0,5,0,5,6,0,6,11,0,11,2021
216000,Handtaschenraub,5112000,Duisburg,vers.,2,0,2,0,0,0,0,0,0,0,0,0,0,0,0,0,0,0,0,0,0,2,0,2,2,0,2,2021
216000,Handtaschenraub,5112000,Duisburg,insg.,15,2,13,0,0,0,0,0,0,0,0,0,1,1,0,1,1,0,5,0,5,8,0,8,13,0,13,2021
216000,Handtaschenraub,5111000,D sseldorf,voll.,14,4,10,0,0,0,0,0,0,0,0,0,1,1,0,1,1,0,7,2,5,5,0,5,12,2,10,2021
216000,Handtaschenraub,5111000,D sseldorf,vers.,1,0,1,0,0,0,0,0,0,0,0,0,0,0,0,0,0,0,1,0,1,0,0,0,1,0,1,2021
216000,Handtaschenraub,5111000,D sseldorf,insg.,15,4,11,0,0,0,0,0,0,0,0,0,1,1,0,1,1,0,8,2,6,5,0,5,13,2,11,2021
216000,Handtaschenraub,16051000,Erfurt,voll.,7,0,7,0,0,0,0,0,0,0,0,0,0,0,0,1,0,1,4,0,4,2,0,2,6,0,6,2021
216000,Handtaschenraub,16051000,Erfurt,vers.,0,0,0,0,0,0,0,0,0,0,0,0,0,0,0,0,0,0,0,0,0,0,0,0,0,0,0,2021
216000,Handtaschenraub,16051000,Erfurt,insg.,7,0,7,0,0,0,0,0,0,0,0,0,0,0,0,1,0,1,4,0,4,2,0,2,6,0,6,2021
216000,Handtaschenraub,9562000,Erlangen,voll.,1,0,1,0,0,0,0,0,0,0,0,0,0,0,0,0,0,0,0,0,0,1,0,1,1,0,1,2021
216000,Handtaschenraub,9562000,Erlangen,vers.,0,0,0,0,0,0,0,0,0,0,0,0,0,0,0,0,0,0,0,0,0,0,0,0,0,0,0,2021
216000,Handtaschenraub,9562000,Erlangen,insg.,1,0,1,0,0,0,0,0,0,0,0,0,0,0,0,0,0,0,0,0,0,1,0,1,1,0,1,2021
216000,Handtaschenraub,5113000,Essen,voll.,6,1,5,0,0,0,0,0,0,0,0,0,0,0,0,0,0,0,1,1,0,5,0,5,6,1,5,2021
216000,Handtaschenraub,5113000,Essen,vers.,1,0,1,0,0,0,0,0,0,0,0,0,0,0,0,0,0,0,0,0,0,1,0,1,1,0,1,2021
216000,Handtaschenraub,5113000,Essen,insg.,7,1,6,0,0,0,0,0,0,0,0,0,0,0,0,0,0,0,1,1,0,6,0,6,7,1,6,2021
216000,Handtaschenraub,6412000,Frankfurt am Main,voll.,13,2,11,0,0,0,0,0,0,0,0,0,0,0,0,0,0,0,9,1,8,4,1,3,13,2,11,2021
216000,Handtaschenraub,6412000,Frankfurt am Main,vers.,4,1,3,0,0,0,0,0,0,0,0,0,1,1,0,0,0,0,2,0,2,1,0,1,3,0,3,2021
216000,Handtaschenraub,6412000,Frankfurt am Main,insg.,17,3,14,0,0,0,0,0,0,0,0,0,1,1,0,0,0,0,11,1,10,5,1,4,16,2,14,2021
216000,Handtaschenraub,8311000,Freiburg im Breisgau,voll.,5,2,3,0,0,0,0,0,0,0,0,0,0,0,0,0,0,0,4,2,2,1,0,1,5,2,3,2021
216000,Handtaschenraub,8311000,Freiburg im Breisgau,vers.,1,0,1,0,0,0,0,0,0,0,0,0,0,0,0,0,0,0,1,0,1,0,0,0,1,0,1,2021
216000,Handtaschenraub,8311000,Freiburg im Breisgau,insg.,6,2,4,0,0,0,0,0,0,0,0,0,0,0,0,0,0,0,5,2,3,1,0,1,6,2,4,2021
216000,Handtaschenraub,9563000,F rth,voll.,0,0,0,0,0,0,0,0,0,0,0,0,0,0,0,0,0,0,0,0,0,0,0,0,0,0,0,2021
216000,Handtaschenraub,9563000,F rth,vers.,0,0,0,0,0,0,0,0,0,0,0,0,0,0,0,0,0,0,0,0,0,0,0,0,0,0,0,2021
216000,Handtaschenraub,9563000,F rth,insg.,0,0,0,0,0,0,0,0,0,0,0,0,0,0,0,0,0,0,0,0,0,0,0,0,0,0,0,2021
216000,Handtaschenraub,5513000,Gelsenkirchen,voll.,1,1,0,0,0,0,0,0,0,0,0,0,0,0,0,0,0,0,1,1,0,0,0,0,1,1,0,2021
216000,Handtaschenraub,5513000,Gelsenkirchen,vers.,2,0,2,0,0,0,0,0,0,0,0,0,0,0,0,0,0,0,1,0,1,1,0,1,2,0,2,2021
216000,Handtaschenraub,5513000,Gelsenkirchen,insg.,3,1,2,0,0,0,0,0,0,0,0,0,0,0,0,0,0,0,2,1,1,1,0,1,3,1,2,2021
216000,Handtaschenraub,3159016,G ttingen,voll.,0,0,0,0,0,0,0,0,0,0,0,0,0,0,0,0,0,0,0,0,0,0,0,0,0,0,0,2021
216000,Handtaschenraub,3159016,G ttingen,vers.,2,0,2,0,0,0,0,0,0,0,0,0,0,0,0,0,0,0,2,0,2,0,0,0,2,0,2,2021
216000,Handtaschenraub,3159016,G ttingen,insg.,2,0,2,0,0,0,0,0,0,0,0,0,0,0,0,0,0,0,2,0,2,0,0,0,2,0,2,2021
216000,Handtaschenraub,5754008,G tersloh,voll.,2,1,1,0,0,0,1,1,0,1,1,0,0,0,0,0,0,0,1,0,1,0,0,0,1,0,1,2021
216000,Handtaschenraub,5754008,G tersloh,vers.,0,0,0,0,0,0,0,0,0,0,0,0,0,0,0,0,0,0,0,0,0,0,0,0,0,0,0,2021
216000,Handtaschenraub,5754008,G tersloh,insg.,2,1,1,0,0,0,1,1,0,1,1,0,0,0,0,0,0,0,1,0,1,0,0,0,1,0,1,2021
216000,Handtaschenraub,5914000,Hagen,voll.,4,2,2,0,0,0,0,0,0,0,0,0,0,0,0,0,0,0,2,1,1,2,1,1,4,2,2,2021
216000,Handtaschenraub,5914000,Hagen,vers.,0,0,0,0,0,0,0,0,0,0,0,0,0,0,0,0,0,0,0,0,0,0,0,0,0,0,0,2021
216000,Handtaschenraub,5914000,Hagen,insg.,4,2,2,0,0,0,0,0,0,0,0,0,0,0,0,0,0,0,2,1,1,2,1,1,4,2,2,2021
216000,Handtaschenraub,15002000,Halle (Saale),voll.,6,1,5,0,0,0,0,0,0,0,0,0,0,0,0,0,0,0,2,1,1,4,0,4,6,1,5,2021
216000,Handtaschenraub,15002000,Halle (Saale),vers.,2,0,2,0,0,0,0,0,0,0,0,0,0,0,0,1,0,1,0,0,0,1,0,1,1,0,1,2021
216000,Handtaschenraub,15002000,Halle (Saale),insg.,8,1,7,0,0,0,0,0,0,0,0,0,0,0,0,1,0,1,2,1,1,5,0,5,7,1,6,2021
216000,Handtaschenraub,2000000,Hamburg,voll.,47,17,30,0,0,0,1,1,0,1,1,0,4,2,2,2,0,2,31,12,19,9,2,7,40,14,26,2021
216000,Handtaschenraub,2000000,Hamburg,vers.,16,3,13,0,0,0,0,0,0,0,0,0,0,0,0,0,0,0,11,2,9,5,1,4,16,3,13,2021
216000,Handtaschenraub,2000000,Hamburg,insg.,63,20,43,0,0,0,1,1,0,1,1,0,4,2,2,2,0,2,42,14,28,14,3,11,56,17,39,2021
216000,Handtaschenraub,5915000,Hamm,voll.,3,0,3,0,0,0,0,0,0,0,0,0,0,0,0,0,0,0,2,0,2,1,0,1,3,0,3,2021
216000,Handtaschenraub,5915000,Hamm,vers.,0,0,0,0,0,0,0,0,0,0,0,0,0,0,0,0,0,0,0,0,0,0,0,0,0,0,0,2021
216000,Handtaschenraub,5915000,Hamm,insg.,3,0,3,0,0,0,0,0,0,0,0,0,0,0,0,0,0,0,2,0,2,1,0,1,3,0,3,2021
216000,Handtaschenraub,3241001,Hannover,voll.,12,2,10,0,0,0,0,0,0,0,0,0,1,1,0,0,0,0,7,1,6,4,0,4,11,1,10,2021
216000,Handtaschenraub,3241001,Hannover,vers.,2,2,0,0,0,0,0,0,0,0,0,0,1,1,0,0,0,0,1,1,0,0,0,0,1,1,0,2021
216000,Handtaschenraub,3241001,Hannover,insg.,14,4,10,0,0,0,0,0,0,0,0,0,2,2,0,0,0,0,8,2,6,4,0,4,12,2,10,2021
216000,Handtaschenraub,8221000,Heidelberg,voll.,0,0,0,0,0,0,0,0,0,0,0,0,0,0,0,0,0,0,0,0,0,0,0,0,0,0,0,2021
216000,Handtaschenraub,8221000,Heidelberg,vers.,1,0,1,0,0,0,0,0,0,0,0,0,0,0,0,0,0,0,0,0,0,1,0,1,1,0,1,2021
216000,Handtaschenraub,8221000,Heidelberg,insg.,1,0,1,0,0,0,0,0,0,0,0,0,0,0,0,0,0,0,0,0,0,1,0,1,1,0,1,2021
216000,Handtaschenraub,8121000,Heilbronn,voll.,2,0,2,0,0,0,0,0,0,0,0,0,0,0,0,0,0,0,2,0,2,0,0,0,2,0,2,2021
216000,Handtaschenraub,8121000,Heilbronn,vers.,1,1,0,0,0,0,0,0,0,0,0,0,0,0,0,0,0,0,1,1,0,0,0,0,1,1,0,2021
216000,Handtaschenraub,8121000,Heilbronn,insg.,3,1,2,0,0,0,0,0,0,0,0,0,0,0,0,0,0,0,3,1,2,0,0,0,3,1,2,2021
216000,Handtaschenraub,5916000,Herne,voll.,1,0,1,0,0,0,0,0,0,0,0,0,0,0,0,0,0,0,1,0,1,0,0,0,1,0,1,2021
216000,Handtaschenraub,5916000,Herne,vers.,0,0,0,0,0,0,0,0,0,0,0,0,0,0,0,0,0,0,0,0,0,0,0,0,0,0,0,2021
216000,Handtaschenraub,5916000,Herne,insg.,1,0,1,0,0,0,0,0,0,0,0,0,0,0,0,0,0,0,1,0,1,0,0,0,1,0,1,2021
216000,Handtaschenraub,3254021,Hildesheim,voll.,2,1,1,0,0,0,0,0,0,0,0,0,0,0,0,0,0,0,1,1,0,1,0,1,2,1,1,2021
216000,Handtaschenraub,3254021,Hildesheim,vers.,1,0,1,0,0,0,0,0,0,0,0,0,1,0,1,0,0,0,0,0,0,0,0,0,0,0,0,2021
216000,Handtaschenraub,3254021,Hildesheim,insg.,3,1,2,0,0,0,0,0,0,0,0,0,1,0,1,0,0,0,1,1,0,1,0,1,2,1,1,2021
216000,Handtaschenraub,9161000,Ingolstadt,voll.,0,0,0,0,0,0,0,0,0,0,0,0,0,0,0,0,0,0,0,0,0,0,0,0,0,0,0,2021
216000,Handtaschenraub,9161000,Ingolstadt,vers.,0,0,0,0,0,0,0,0,0,0,0,0,0,0,0,0,0,0,0,0,0,0,0,0,0,0,0,2021
216000,Handtaschenraub,9161000,Ingolstadt,insg.,0,0,0,0,0,0,0,0,0,0,0,0,0,0,0,0,0,0,0,0,0,0,0,0,0,0,0,2021
216000,Handtaschenraub,16053000,Jena,voll.,0,0,0,0,0,0,0,0,0,0,0,0,0,0,0,0,0,0,0,0,0,0,0,0,0,0,0,2021
216000,Handtaschenraub,16053000,Jena,vers.,1,0,1,0,0,0,0,0,0,0,0,0,0,0,0,0,0,0,1,0,1,0,0,0,1,0,1,2021
216000,Handtaschenraub,16053000,Jena,insg.,1,0,1,0,0,0,0,0,0,0,0,0,0,0,0,0,0,0,1,0,1,0,0,0,1,0,1,2021
216000,Handtaschenraub,7312000,Kaiserslautern,voll.,0,0,0,0,0,0,0,0,0,0,0,0,0,0,0,0,0,0,0,0,0,0,0,0,0,0,0,2021
216000,Handtaschenraub,7312000,Kaiserslautern,vers.,0,0,0,0,0,0,0,0,0,0,0,0,0,0,0,0,0,0,0,0,0,0,0,0,0,0,0,2021
216000,Handtaschenraub,7312000,Kaiserslautern,insg.,0,0,0,0,0,0,0,0,0,0,0,0,0,0,0,0,0,0,0,0,0,0,0,0,0,0,0,2021
216000,Handtaschenraub,8212000,Karlsruhe,voll.,4,0,4,0,0,0,0,0,0,0,0,0,0,0,0,0,0,0,2,0,2,2,0,2,4,0,4,2021
216000,Handtaschenraub,8212000,Karlsruhe,vers.,0,0,0,0,0,0,0,0,0,0,0,0,0,0,0,0,0,0,0,0,0,0,0,0,0,0,0,2021
216000,Handtaschenraub,8212000,Karlsruhe,insg.,4,0,4,0,0,0,0,0,0,0,0,0,0,0,0,0,0,0,2,0,2,2,0,2,4,0,4,2021
216000,Handtaschenraub,6611000,Kassel,voll.,7,2,5,0,0,0,0,0,0,0,0,0,1,1,0,0,0,0,3,0,3,3,1,2,6,1,5,2021
216000,Handtaschenraub,6611000,Kassel,vers.,1,0,1,0,0,0,0,0,0,0,0,0,0,0,0,0,0,0,0,0,0,1,0,1,1,0,1,2021
216000,Handtaschenraub,6611000,Kassel,insg.,8,2,6,0,0,0,0,0,0,0,0,0,1,1,0,0,0,0,3,0,3,4,1,3,7,1,6,2021
216000,Handtaschenraub,1002000,Kiel,voll.,1,1,0,0,0,0,0,0,0,0,0,0,0,0,0,0,0,0,1,1,0,0,0,0,1,1,0,2021
216000,Handtaschenraub,1002000,Kiel,vers.,1,0,1,0,0,0,0,0,0,0,0,0,0,0,0,0,0,0,1,0,1,0,0,0,1,0,1,2021
216000,Handtaschenraub,1002000,Kiel,insg.,2,1,1,0,0,0,0,0,0,0,0,0,0,0,0,0,0,0,2,1,1,0,0,0,2,1,1,2021
216000,Handtaschenraub,7111000,Koblenz,voll.,1,0,1,0,0,0,0,0,0,0,0,0,0,0,0,0,0,0,0,0,0,1,0,1,1,0,1,2021
216000,Handtaschenraub,7111000,Koblenz,vers.,0,0,0,0,0,0,0,0,0,0,0,0,0,0,0,0,0,0,0,0,0,0,0,0,0,0,0,2021
216000,Handtaschenraub,7111000,Koblenz,insg.,1,0,1,0,0,0,0,0,0,0,0,0,0,0,0,0,0,0,0,0,0,1,0,1,1,0,1,2021
216000,Handtaschenraub,5315000,K ln,voll.,21,3,18,0,0,0,1,0,1,1,0,1,0,0,0,2,0,2,9,3,6,9,0,9,18,3,15,2021
216000,Handtaschenraub,5315000,K ln,vers.,3,0,3,0,0,0,0,0,0,0,0,0,0,0,0,0,0,0,3,0,3,0,0,0,3,0,3,2021
216000,Handtaschenraub,5315000,K ln,insg.,24,3,21,0,0,0,1,0,1,1,0,1,0,0,0,2,0,2,12,3,9,9,0,9,21,3,18,2021
216000,Handtaschenraub,5114000,Krefeld,voll.,10,2,8,0,0,0,0,0,0,0,0,0,0,0,0,0,0,0,2,0,2,8,2,6,10,2,8,2021
216000,Handtaschenraub,5114000,Krefeld,vers.,3,0,3,0,0,0,0,0,0,0,0,0,0,0,0,0,0,0,0,0,0,3,0,3,3,0,3,2021
216000,Handtaschenraub,5114000,Krefeld,insg.,13,2,11,0,0,0,0,0,0,0,0,0,0,0,0,0,0,0,2,0,2,11,2,9,13,2,11,2021
216000,Handtaschenraub,14713000,Leipzig,voll.,11,1,10,0,0,0,0,0,0,0,0,0,0,0,0,1,0,1,7,1,6,3,0,3,10,1,9,2021
216000,Handtaschenraub,14713000,Leipzig,vers.,5,0,5,0,0,0,0,0,0,0,0,0,0,0,0,1,0,1,2,0,2,2,0,2,4,0,4,2021
216000,Handtaschenraub,14713000,Leipzig,insg.,16,1,15,0,0,0,0,0,0,0,0,0,0,0,0,2,0,2,9,1,8,5,0,5,14,1,13,2021
216000,Handtaschenraub,5316000,Leverkusen,voll.,3,0,3,0,0,0,0,0,0,0,0,0,0,0,0,0,0,0,0,0,0,3,0,3,3,0,3,2021
216000,Handtaschenraub,5316000,Leverkusen,vers.,0,0,0,0,0,0,0,0,0,0,0,0,0,0,0,0,0,0,0,0,0,0,0,0,0,0,0,2021
216000,Handtaschenraub,5316000,Leverkusen,insg.,3,0,3,0,0,0,0,0,0,0,0,0,0,0,0,0,0,0,0,0,0,3,0,3,3,0,3,2021
216000,Handtaschenraub,1003000,L beck,voll.,2,0,2,0,0,0,0,0,0,0,0,0,0,0,0,0,0,0,0,0,0,2,0,2,2,0,2,2021
216000,Handtaschenraub,1003000,L beck,vers.,0,0,0,0,0,0,0,0,0,0,0,0,0,0,0,0,0,0,0,0,0,0,0,0,0,0,0,2021
216000,Handtaschenraub,1003000,L beck,insg.,2,0,2,0,0,0,0,0,0,0,0,0,0,0,0,0,0,0,0,0,0,2,0,2,2,0,2,2021
216000,Handtaschenraub,7314000,Ludwigshafen am Rhein,voll.,0,0,0,0,0,0,0,0,0,0,0,0,0,0,0,0,0,0,0,0,0,0,0,0,0,0,0,2021
216000,Handtaschenraub,7314000,Ludwigshafen am Rhein,vers.,1,0,1,0,0,0,0,0,0,0,0,0,0,0,0,0,0,0,1,0,1,0,0,0,1,0,1,2021
216000,Handtaschenraub,7314000,Ludwigshafen am Rhein,insg.,1,0,1,0,0,0,0,0,0,0,0,0,0,0,0,0,0,0,1,0,1,0,0,0,1,0,1,2021
216000,Handtaschenraub,15003000,Magdeburg,voll.,3,1,2,0,0,0,0,0,0,0,0,0,0,0,0,1,0,1,2,1,1,0,0,0,2,1,1,2021
216000,Handtaschenraub,15003000,Magdeburg,vers.,0,0,0,0,0,0,0,0,0,0,0,0,0,0,0,0,0,0,0,0,0,0,0,0,0,0,0,2021
216000,Handtaschenraub,15003000,Magdeburg,insg.,3,1,2,0,0,0,0,0,0,0,0,0,0,0,0,1,0,1,2,1,1,0,0,0,2,1,1,2021
216000,Handtaschenraub,7315000,Mainz,voll.,0,0,0,0,0,0,0,0,0,0,0,0,0,0,0,0,0,0,0,0,0,0,0,0,0,0,0,2021
216000,Handtaschenraub,7315000,Mainz,vers.,0,0,0,0,0,0,0,0,0,0,0,0,0,0,0,0,0,0,0,0,0,0,0,0,0,0,0,2021
216000,Handtaschenraub,7315000,Mainz,insg.,0,0,0,0,0,0,0,0,0,0,0,0,0,0,0,0,0,0,0,0,0,0,0,0,0,0,0,2021
216000,Handtaschenraub,8222000,Mannheim,voll.,6,2,4,0,0,0,0,0,0,0,0,0,0,0,0,1,1,0,3,1,2,2,0,2,5,1,4,2021
216000,Handtaschenraub,8222000,Mannheim,vers.,1,0,1,0,0,0,0,0,0,0,0,0,0,0,0,0,0,0,1,0,1,0,0,0,1,0,1,2021
216000,Handtaschenraub,8222000,Mannheim,insg.,7,2,5,0,0,0,0,0,0,0,0,0,0,0,0,1,1,0,4,1,3,2,0,2,6,1,5,2021
216000,Handtaschenraub,5170024,Moers,voll.,2,0,2,0,0,0,0,0,0,0,0,0,0,0,0,0,0,0,0,0,0,2,0,2,2,0,2,2021
216000,Handtaschenraub,5170024,Moers,vers.,2,0,2,0,0,0,0,0,0,0,0,0,0,0,0,0,0,0,0,0,0,2,0,2,2,0,2,2021
216000,Handtaschenraub,5170024,Moers,insg.,4,0,4,0,0,0,0,0,0,0,0,0,0,0,0,0,0,0,0,0,0,4,0,4,4,0,4,2021
216000,Handtaschenraub,5116000,M nchengladbach,voll.,5,0,5,0,0,0,0,0,0,0,0,0,0,0,0,0,0,0,2,0,2,3,0,3,5,0,5,2021
216000,Handtaschenraub,5116000,M nchengladbach,vers.,3,0,3,0,0,0,0,0,0,0,0,0,0,0,0,0,0,0,3,0,3,0,0,0,3,0,3,2021
216000,Handtaschenraub,5116000,M nchengladbach,insg.,8,0,8,0,0,0,0,0,0,0,0,0,0,0,0,0,0,0,5,0,5,3,0,3,8,0,8,2021
216000,Handtaschenraub,5117000,M lheim an der Ruhr,voll.,1,0,1,0,0,0,0,0,0,0,0,0,0,0,0,0,0,0,0,0,0,1,0,1,1,0,1,2021
216000,Handtaschenraub,5117000,M lheim an der Ruhr,vers.,0,0,0,0,0,0,0,0,0,0,0,0,0,0,0,0,0,0,0,0,0,0,0,0,0,0,0,2021
216000,Handtaschenraub,5117000,M lheim an der Ruhr,insg.,1,0,1,0,0,0,0,0,0,0,0,0,0,0,0,0,0,0,0,0,0,1,0,1,1,0,1,2021
216000,Handtaschenraub,9162000,M nchen,voll.,28,18,10,0,0,0,1,1,0,1,1,0,7,6,1,4,2,2,13,9,4,3,0,3,16,9,7,2021
216000,Handtaschenraub,9162000,M nchen,vers.,15,4,11,0,0,0,2,2,0,2,2,0,1,0,1,1,0,1,6,2,4,5,0,5,11,2,9,2021
216000,Handtaschenraub,9162000,M nchen,insg.,43,22,21,0,0,0,3,3,0,3,3,0,8,6,2,5,2,3,19,11,8,8,0,8,27,11,16,2021
216000,Handtaschenraub,5515000,M nster,voll.,4,0,4,0,0,0,0,0,0,0,0,0,0,0,0,0,0,0,1,0,1,3,0,3,4,0,4,2021
216000,Handtaschenraub,5515000,M nster,vers.,1,0,1,0,0,0,0,0,0,0,0,0,0,0,0,0,0,0,0,0,0,1,0,1,1,0,1,2021
216000,Handtaschenraub,5515000,M nster,insg.,5,0,5,0,0,0,0,0,0,0,0,0,0,0,0,0,0,0,1,0,1,4,0,4,5,0,5,2021
216000,Handtaschenraub,5162024,Neuss,voll.,0,0,0,0,0,0,0,0,0,0,0,0,0,0,0,0,0,0,0,0,0,0,0,0,0,0,0,2021
216000,Handtaschenraub,5162024,Neuss,vers.,0,0,0,0,0,0,0,0,0,0,0,0,0,0,0,0,0,0,0,0,0,0,0,0,0,0,0,2021
216000,Handtaschenraub,5162024,Neuss,insg.,0,0,0,0,0,0,0,0,0,0,0,0,0,0,0,0,0,0,0,0,0,0,0,0,0,0,0,2021
216000,Handtaschenraub,9564000,N rnberg,voll.,5,2,3,0,0,0,0,0,0,0,0,0,0,0,0,0,0,0,3,2,1,2,0,2,5,2,3,2021
216000,Handtaschenraub,9564000,N rnberg,vers.,2,0,2,0,0,0,0,0,0,0,0,0,0,0,0,1,0,1,1,0,1,0,0,0,1,0,1,2021
216000,Handtaschenraub,9564000,N rnberg,insg.,7,2,5,0,0,0,0,0,0,0,0,0,0,0,0,1,0,1,4,2,2,2,0,2,6,2,4,2021
216000,Handtaschenraub,5119000,Oberhausen,voll.,0,0,0,0,0,0,0,0,0,0,0,0,0,0,0,0,0,0,0,0,0,0,0,0,0,0,0,2021
216000,Handtaschenraub,5119000,Oberhausen,vers.,0,0,0,0,0,0,0,0,0,0,0,0,0,0,0,0,0,0,0,0,0,0,0,0,0,0,0,2021
216000,Handtaschenraub,5119000,Oberhausen,insg.,0,0,0,0,0,0,0,0,0,0,0,0,0,0,0,0,0,0,0,0,0,0,0,0,0,0,0,2021
216000,Handtaschenraub,6413000,Offenbach am Main,voll.,7,0,7,0,0,0,0,0,0,0,0,0,0,0,0,0,0,0,2,0,2,5,0,5,7,0,7,2021
216000,Handtaschenraub,6413000,Offenbach am Main,vers.,2,0,2,0,0,0,0,0,0,0,0,0,0,0,0,0,0,0,1,0,1,1,0,1,2,0,2,2021
216000,Handtaschenraub,6413000,Offenbach am Main,insg.,9,0,9,0,0,0,0,0,0,0,0,0,0,0,0,0,0,0,3,0,3,6,0,6,9,0,9,2021
216000,Handtaschenraub,3403000,Oldenburg (Oldenburg),voll.,1,0,1,0,0,0,0,0,0,0,0,0,0,0,0,0,0,0,0,0,0,1,0,1,1,0,1,2021
216000,Handtaschenraub,3403000,Oldenburg (Oldenburg),vers.,0,0,0,0,0,0,0,0,0,0,0,0,0,0,0,0,0,0,0,0,0,0,0,0,0,0,0,2021
216000,Handtaschenraub,3403000,Oldenburg (Oldenburg),insg.,1,0,1,0,0,0,0,0,0,0,0,0,0,0,0,0,0,0,0,0,0,1,0,1,1,0,1,2021
216000,Handtaschenraub,3404000,Osnabr ck,voll.,3,0,3,0,0,0,0,0,0,0,0,0,0,0,0,0,0,0,2,0,2,1,0,1,3,0,3,2021
216000,Handtaschenraub,3404000,Osnabr ck,vers.,2,0,2,0,0,0,0,0,0,0,0,0,1,0,1,0,0,0,1,0,1,0,0,0,1,0,1,2021
216000,Handtaschenraub,3404000,Osnabr ck,insg.,5,0,5,0,0,0,0,0,0,0,0,0,1,0,1,0,0,0,3,0,3,1,0,1,4,0,4,2021
216000,Handtaschenraub,5774032,Paderborn,voll.,1,0,1,0,0,0,0,0,0,0,0,0,0,0,0,0,0,0,0,0,0,1,0,1,1,0,1,2021
216000,Handtaschenraub,5774032,Paderborn,vers.,2,0,2,0,0,0,0,0,0,0,0,0,0,0,0,0,0,0,0,0,0,2,0,2,2,0,2,2021
216000,Handtaschenraub,5774032,Paderborn,insg.,3,0,3,0,0,0,0,0,0,0,0,0,0,0,0,0,0,0,0,0,0,3,0,3,3,0,3,2021
216000,Handtaschenraub,8231000,Pforzheim,voll.,2,0,2,0,0,0,0,0,0,0,0,0,0,0,0,0,0,0,2,0,2,0,0,0,2,0,2,2021
216000,Handtaschenraub,8231000,Pforzheim,vers.,0,0,0,0,0,0,0,0,0,0,0,0,0,0,0,0,0,0,0,0,0,0,0,0,0,0,0,2021
216000,Handtaschenraub,8231000,Pforzheim,insg.,2,0,2,0,0,0,0,0,0,0,0,0,0,0,0,0,0,0,2,0,2,0,0,0,2,0,2,2021
216000,Handtaschenraub,12054000,Potsdam,voll.,5,3,2,0,0,0,1,1,0,1,1,0,1,1,0,1,0,1,1,1,0,1,0,1,2,1,1,2021
216000,Handtaschenraub,12054000,Potsdam,vers.,0,0,0,0,0,0,0,0,0,0,0,0,0,0,0,0,0,0,0,0,0,0,0,0,0,0,0,2021
216000,Handtaschenraub,12054000,Potsdam,insg.,5,3,2,0,0,0,1,1,0,1,1,0,1,1,0,1,0,1,1,1,0,1,0,1,2,1,1,2021
216000,Handtaschenraub,5562032,Recklinghausen,voll.,1,0,1,0,0,0,0,0,0,0,0,0,0,0,0,0,0,0,0,0,0,1,0,1,1,0,1,2021
216000,Handtaschenraub,5562032,Recklinghausen,vers.,0,0,0,0,0,0,0,0,0,0,0,0,0,0,0,0,0,0,0,0,0,0,0,0,0,0,0,2021
216000,Handtaschenraub,5562032,Recklinghausen,insg.,1,0,1,0,0,0,0,0,0,0,0,0,0,0,0,0,0,0,0,0,0,1,0,1,1,0,1,2021
216000,Handtaschenraub,9362000,Regensburg,voll.,0,0,0,0,0,0,0,0,0,0,0,0,0,0,0,0,0,0,0,0,0,0,0,0,0,0,0,2021
216000,Handtaschenraub,9362000,Regensburg,vers.,0,0,0,0,0,0,0,0,0,0,0,0,0,0,0,0,0,0,0,0,0,0,0,0,0,0,0,2021
216000,Handtaschenraub,9362000,Regensburg,insg.,0,0,0,0,0,0,0,0,0,0,0,0,0,0,0,0,0,0,0,0,0,0,0,0,0,0,0,2021
216000,Handtaschenraub,5120000,Remscheid,voll.,6,0,6,0,0,0,0,0,0,0,0,0,0,0,0,1,0,1,2,0,2,3,0,3,5,0,5,2021
216000,Handtaschenraub,5120000,Remscheid,vers.,1,0,1,0,0,0,0,0,0,0,0,0,0,0,0,0,0,0,0,0,0,1,0,1,1,0,1,2021
216000,Handtaschenraub,5120000,Remscheid,insg.,7,0,7,0,0,0,0,0,0,0,0,0,0,0,0,1,0,1,2,0,2,4,0,4,6,0,6,2021
216000,Handtaschenraub,8415061,Reutlingen,voll.,1,0,1,0,0,0,0,0,0,0,0,0,0,0,0,0,0,0,1,0,1,0,0,0,1,0,1,2021
216000,Handtaschenraub,8415061,Reutlingen,vers.,1,0,1,0,0,0,0,0,0,0,0,0,1,0,1,0,0,0,0,0,0,0,0,0,0,0,0,2021
216000,Handtaschenraub,8415061,Reutlingen,insg.,2,0,2,0,0,0,0,0,0,0,0,0,1,0,1,0,0,0,1,0,1,0,0,0,1,0,1,2021
216000,Handtaschenraub,13003000,Rostock,voll.,1,0,1,0,0,0,0,0,0,0,0,0,0,0,0,0,0,0,0,0,0,1,0,1,1,0,1,2021
216000,Handtaschenraub,13003000,Rostock,vers.,0,0,0,0,0,0,0,0,0,0,0,0,0,0,0,0,0,0,0,0,0,0,0,0,0,0,0,2021
216000,Handtaschenraub,13003000,Rostock,insg.,1,0,1,0,0,0,0,0,0,0,0,0,0,0,0,0,0,0,0,0,0,1,0,1,1,0,1,2021
216000,Handtaschenraub,10041100,Saarbr cken,voll.,2,0,2,0,0,0,0,0,0,0,0,0,1,0,1,0,0,0,1,0,1,0,0,0,1,0,1,2021
216000,Handtaschenraub,10041100,Saarbr cken,vers.,2,1,1,0,0,0,0,0,0,0,0,0,0,0,0,0,0,0,1,1,0,1,0,1,2,1,1,2021
216000,Handtaschenraub,10041100,Saarbr cken,insg.,4,1,3,0,0,0,0,0,0,0,0,0,1,0,1,0,0,0,2,1,1,1,0,1,3,1,2,2021
216000,Handtaschenraub,3102000,Salzgitter,voll.,2,0,2,0,0,0,0,0,0,0,0,0,0,0,0,0,0,0,1,0,1,1,0,1,2,0,2,2021
216000,Handtaschenraub,3102000,Salzgitter,vers.,0,0,0,0,0,0,0,0,0,0,0,0,0,0,0,0,0,0,0,0,0,0,0,0,0,0,0,2021
216000,Handtaschenraub,3102000,Salzgitter,insg.,2,0,2,0,0,0,0,0,0,0,0,0,0,0,0,0,0,0,1,0,1,1,0,1,2,0,2,2021
216000,Handtaschenraub,13004000,Schwerin,voll.,0,0,0,0,0,0,0,0,0,0,0,0,0,0,0,0,0,0,0,0,0,0,0,0,0,0,0,2021
216000,Handtaschenraub,13004000,Schwerin,vers.,2,0,2,0,0,0,0,0,0,0,0,0,0,0,0,0,0,0,2,0,2,0,0,0,2,0,2,2021
216000,Handtaschenraub,13004000,Schwerin,insg.,2,0,2,0,0,0,0,0,0,0,0,0,0,0,0,0,0,0,2,0,2,0,0,0,2,0,2,2021
216000,Handtaschenraub,5970040,Siegen,voll.,0,0,0,0,0,0,0,0,0,0,0,0,0,0,0,0,0,0,0,0,0,0,0,0,0,0,0,2021
216000,Handtaschenraub,5970040,Siegen,vers.,0,0,0,0,0,0,0,0,0,0,0,0,0,0,0,0,0,0,0,0,0,0,0,0,0,0,0,2021
216000,Handtaschenraub,5970040,Siegen,insg.,0,0,0,0,0,0,0,0,0,0,0,0,0,0,0,0,0,0,0,0,0,0,0,0,0,0,0,2021
216000,Handtaschenraub,5122000,Solingen,voll.,3,0,3,0,0,0,0,0,0,0,0,0,0,0,0,0,0,0,3,0,3,0,0,0,3,0,3,2021
216000,Handtaschenraub,5122000,Solingen,vers.,2,1,1,0,0,0,0,0,0,0,0,0,0,0,0,0,0,0,2,1,1,0,0,0,2,1,1,2021
216000,Handtaschenraub,5122000,Solingen,insg.,5,1,4,0,0,0,0,0,0,0,0,0,0,0,0,0,0,0,5,1,4,0,0,0,5,1,4,2021
216000,Handtaschenraub,8111000,Stuttgart,voll.,7,1,6,0,0,0,0,0,0,0,0,0,0,0,0,0,0,0,3,0,3,4,1,3,7,1,6,2021
216000,Handtaschenraub,8111000,Stuttgart,vers.,6,1,5,0,0,0,0,0,0,0,0,0,1,1,0,1,0,1,4,0,4,0,0,0,4,0,4,2021
216000,Handtaschenraub,8111000,Stuttgart,insg.,13,2,11,0,0,0,0,0,0,0,0,0,1,1,0,1,0,1,7,0,7,4,1,3,11,1,10,2021
216000,Handtaschenraub,7211000,Trier,voll.,0,0,0,0,0,0,0,0,0,0,0,0,0,0,0,0,0,0,0,0,0,0,0,0,0,0,0,2021
216000,Handtaschenraub,7211000,Trier,vers.,1,0,1,0,0,0,0,0,0,0,0,0,0,0,0,0,0,0,1,0,1,0,0,0,1,0,1,2021
216000,Handtaschenraub,7211000,Trier,insg.,1,0,1,0,0,0,0,0,0,0,0,0,0,0,0,0,0,0,1,0,1,0,0,0,1,0,1,2021
216000,Handtaschenraub,8421000,Ulm,voll.,0,0,0,0,0,0,0,0,0,0,0,0,0,0,0,0,0,0,0,0,0,0,0,0,0,0,0,2021
216000,Handtaschenraub,8421000,Ulm,vers.,1,1,0,0,0,0,0,0,0,0,0,0,0,0,0,0,0,0,1,1,0,0,0,0,1,1,0,2021
216000,Handtaschenraub,8421000,Ulm,insg.,1,1,0,0,0,0,0,0,0,0,0,0,0,0,0,0,0,0,1,1,0,0,0,0,1,1,0,2021
216000,Handtaschenraub,6414000,Wiesbaden,voll.,1,0,1,0,0,0,0,0,0,0,0,0,0,0,0,0,0,0,1,0,1,0,0,0,1,0,1,2021
216000,Handtaschenraub,6414000,Wiesbaden,vers.,1,0,1,0,0,0,0,0,0,0,0,0,0,0,0,0,0,0,1,0,1,0,0,0,1,0,1,2021
216000,Handtaschenraub,6414000,Wiesbaden,insg.,2,0,2,0,0,0,0,0,0,0,0,0,0,0,0,0,0,0,2,0,2,0,0,0,2,0,2,2021
216000,Handtaschenraub,3103000,Wolfsburg,voll.,5,1,4,0,0,0,0,0,0,0,0,0,0,0,0,0,0,0,0,0,0,5,1,4,5,1,4,2021
216000,Handtaschenraub,3103000,Wolfsburg,vers.,1,0,1,0,0,0,0,0,0,0,0,0,0,0,0,0,0,0,0,0,0,1,0,1,1,0,1,2021
216000,Handtaschenraub,3103000,Wolfsburg,insg.,6,1,5,0,0,0,0,0,0,0,0,0,0,0,0,0,0,0,0,0,0,6,1,5,6,1,5,2021
216000,Handtaschenraub,5124000,Wuppertal,voll.,6,1,5,0,0,0,0,0,0,0,0,0,0,0,0,0,0,0,2,1,1,4,0,4,6,1,5,2021
216000,Handtaschenraub,5124000,Wuppertal,vers.,3,3,0,0,0,0,0,0,0,0,0,0,0,0,0,0,0,0,2,2,0,1,1,0,3,3,0,2021
216000,Handtaschenraub,5124000,Wuppertal,insg.,9,4,5,0,0,0,0,0,0,0,0,0,0,0,0,0,0,0,4,3,1,5,1,4,9,4,5,2021
216000,Handtaschenraub,9663000,W rzburg,voll.,0,0,0,0,0,0,0,0,0,0,0,0,0,0,0,0,0,0,0,0,0,0,0,0,0,0,0,2021
216000,Handtaschenraub,9663000,W rzburg,vers.,0,0,0,0,0,0,0,0,0,0,0,0,0,0,0,0,0,0,0,0,0,0,0,0,0,0,0,2021
216000,Handtaschenraub,9663000,W rzburg,insg.,0,0,0,0,0,0,0,0,0,0,0,0,0,0,0,0,0,0,0,0,0,0,0,0,0,0,0,2021
217000,"Sonstige Raub berf lle auf Stra en, Wegen oder Pl tzen",5334002,Aachen,voll.,64,57,7,0,0,0,2,2,0,2,2,0,6,5,1,10,8,2,39,35,4,7,7,0,46,42,4,2021
217000,"Sonstige Raub berf lle auf Stra en, Wegen oder Pl tzen",5334002,Aachen,vers.,20,17,3,0,0,0,1,1,0,1,1,0,1,1,0,2,2,0,13,11,2,3,2,1,16,13,3,2021
217000,"Sonstige Raub berf lle auf Stra en, Wegen oder Pl tzen",5334002,Aachen,insg.,84,74,10,0,0,0,3,3,0,3,3,0,7,6,1,12,10,2,52,46,6,10,9,1,62,55,7,2021
217000,"Sonstige Raub berf lle auf Stra en, Wegen oder Pl tzen",9761000,Augsburg,voll.,30,23,7,1,1,0,3,3,0,4,4,0,2,2,0,4,3,1,19,14,5,1,0,1,20,14,6,2021
217000,"Sonstige Raub berf lle auf Stra en, Wegen oder Pl tzen",9761000,Augsburg,vers.,6,3,3,0,0,0,0,0,0,0,0,0,1,0,1,2,1,1,3,2,1,0,0,0,3,2,1,2021
217000,"Sonstige Raub berf lle auf Stra en, Wegen oder Pl tzen",9761000,Augsburg,insg.,36,26,10,1,1,0,3,3,0,4,4,0,3,2,1,6,4,2,22,16,6,1,0,1,23,16,7,2021
217000,"Sonstige Raub berf lle auf Stra en, Wegen oder Pl tzen",5378004,Bergisch Gladbach,voll.,18,15,3,0,0,0,5,4,1,5,4,1,2,2,0,3,3,0,6,5,1,2,1,1,8,6,2,2021
217000,"Sonstige Raub berf lle auf Stra en, Wegen oder Pl tzen",5378004,Bergisch Gladbach,vers.,7,6,1,0,0,0,2,2,0,2,2,0,1,1,0,1,1,0,3,2,1,0,0,0,3,2,1,2021
217000,"Sonstige Raub berf lle auf Stra en, Wegen oder Pl tzen",5378004,Bergisch Gladbach,insg.,25,21,4,0,0,0,7,6,1,7,6,1,3,3,0,4,4,0,9,7,2,2,1,1,11,8,3,2021
217000,"Sonstige Raub berf lle auf Stra en, Wegen oder Pl tzen",11000000,Berlin,voll.,2107,1827,280,0,0,0,118,106,12,118,106,12,482,456,26,256,237,19,1131,949,182,120,79,41,1251,1028,223,2021
217000,"Sonstige Raub berf lle auf Stra en, Wegen oder Pl tzen",11000000,Berlin,vers.,570,487,83,0,0,0,61,52,9,61,52,9,106,100,6,69,64,5,306,250,56,28,21,7,334,271,63,2021
217000,"Sonstige Raub berf lle auf Stra en, Wegen oder Pl tzen",11000000,Berlin,insg.,2677,2314,363,0,0,0,179,158,21,179,158,21,588,556,32,325,301,24,1437,1199,238,148,100,48,1585,1299,286,2021
217000,"Sonstige Raub berf lle auf Stra en, Wegen oder Pl tzen",5711000,Bielefeld,voll.,69,62,7,0,0,0,2,1,1,2,1,1,15,14,1,8,8,0,42,38,4,2,1,1,44,39,5,2021
217000,"Sonstige Raub berf lle auf Stra en, Wegen oder Pl tzen",5711000,Bielefeld,vers.,19,15,4,0,0,0,1,1,0,1,1,0,1,1,0,5,5,0,11,8,3,1,0,1,12,8,4,2021
217000,"Sonstige Raub berf lle auf Stra en, Wegen oder Pl tzen",5711000,Bielefeld,insg.,88,77,11,0,0,0,3,2,1,3,2,1,16,15,1,13,13,0,53,46,7,3,1,2,56,47,9,2021
217000,"Sonstige Raub berf lle auf Stra en, Wegen oder Pl tzen",5911000,Bochum,voll.,63,49,14,0,0,0,5,2,3,5,2,3,10,8,2,7,6,1,37,33,4,4,0,4,41,33,8,2021
217000,"Sonstige Raub berf lle auf Stra en, Wegen oder Pl tzen",5911000,Bochum,vers.,16,12,4,0,0,0,1,1,0,1,1,0,3,2,1,2,2,0,9,6,3,1,1,0,10,7,3,2021
217000,"Sonstige Raub berf lle auf Stra en, Wegen oder Pl tzen",5911000,Bochum,insg.,79,61,18,0,0,0,6,3,3,6,3,3,13,10,3,9,8,1,46,39,7,5,1,4,51,40,11,2021
217000,"Sonstige Raub berf lle auf Stra en, Wegen oder Pl tzen",5314000,Bonn,voll.,102,95,7,0,0,0,5,5,0,5,5,0,25,24,1,26,23,3,37,34,3,9,9,0,46,43,3,2021
217000,"Sonstige Raub berf lle auf Stra en, Wegen oder Pl tzen",5314000,Bonn,vers.,38,32,6,0,0,0,2,2,0,2,2,0,3,3,0,8,7,1,24,19,5,1,1,0,25,20,5,2021
217000,"Sonstige Raub berf lle auf Stra en, Wegen oder Pl tzen",5314000,Bonn,insg.,140,127,13,0,0,0,7,7,0,7,7,0,28,27,1,34,30,4,61,53,8,10,10,0,71,63,8,2021
217000,"Sonstige Raub berf lle auf Stra en, Wegen oder Pl tzen",5512000,Bottrop,voll.,9,8,1,0,0,0,0,0,0,0,0,0,3,3,0,1,1,0,4,4,0,1,0,1,5,4,1,2021
217000,"Sonstige Raub berf lle auf Stra en, Wegen oder Pl tzen",5512000,Bottrop,vers.,5,5,0,0,0,0,0,0,0,0,0,0,0,0,0,0,0,0,5,5,0,0,0,0,5,5,0,2021
217000,"Sonstige Raub berf lle auf Stra en, Wegen oder Pl tzen",5512000,Bottrop,insg.,14,13,1,0,0,0,0,0,0,0,0,0,3,3,0,1,1,0,9,9,0,1,0,1,10,9,1,2021
217000,"Sonstige Raub berf lle auf Stra en, Wegen oder Pl tzen",3101000,Braunschweig,voll.,33,31,2,0,0,0,3,3,0,3,3,0,8,8,0,2,2,0,17,15,2,3,3,0,20,18,2,2021
217000,"Sonstige Raub berf lle auf Stra en, Wegen oder Pl tzen",3101000,Braunschweig,vers.,3,3,0,0,0,0,0,0,0,0,0,0,1,1,0,0,0,0,2,2,0,0,0,0,2,2,0,2021
217000,"Sonstige Raub berf lle auf Stra en, Wegen oder Pl tzen",3101000,Braunschweig,insg.,36,34,2,0,0,0,3,3,0,3,3,0,9,9,0,2,2,0,19,17,2,3,3,0,22,20,2,2021
217000,"Sonstige Raub berf lle auf Stra en, Wegen oder Pl tzen",4011000,Bremen,voll.,255,215,40,0,0,0,9,9,0,9,9,0,23,23,0,38,35,3,149,128,21,36,20,16,185,148,37,2021
217000,"Sonstige Raub berf lle auf Stra en, Wegen oder Pl tzen",4011000,Bremen,vers.,58,42,16,0,0,0,9,8,1,9,8,1,6,6,0,5,3,2,29,22,7,9,3,6,38,25,13,2021
217000,"Sonstige Raub berf lle auf Stra en, Wegen oder Pl tzen",4011000,Bremen,insg.,313,257,56,0,0,0,18,17,1,18,17,1,29,29,0,43,38,5,178,150,28,45,23,22,223,173,50,2021
217000,"Sonstige Raub berf lle auf Stra en, Wegen oder Pl tzen",4012000,Bremerhaven,voll.,54,42,12,0,0,0,1,1,0,1,1,0,4,4,0,4,3,1,42,32,10,3,2,1,45,34,11,2021
217000,"Sonstige Raub berf lle auf Stra en, Wegen oder Pl tzen",4012000,Bremerhaven,vers.,14,9,5,0,0,0,0,0,0,0,0,0,2,2,0,1,1,0,5,3,2,6,3,3,11,6,5,2021
217000,"Sonstige Raub berf lle auf Stra en, Wegen oder Pl tzen",4012000,Bremerhaven,insg.,68,51,17,0,0,0,1,1,0,1,1,0,6,6,0,5,4,1,47,35,12,9,5,4,56,40,16,2021
217000,"Sonstige Raub berf lle auf Stra en, Wegen oder Pl tzen",14511000,Chemnitz,voll.,59,54,5,0,0,0,0,0,0,0,0,0,14,12,2,11,10,1,33,32,1,1,0,1,34,32,2,2021
217000,"Sonstige Raub berf lle auf Stra en, Wegen oder Pl tzen",14511000,Chemnitz,vers.,20,19,1,0,0,0,0,0,0,0,0,0,1,1,0,6,5,1,12,12,0,1,1,0,13,13,0,2021
217000,"Sonstige Raub berf lle auf Stra en, Wegen oder Pl tzen",14511000,Chemnitz,insg.,79,73,6,0,0,0,0,0,0,0,0,0,15,13,2,17,15,2,45,44,1,2,1,1,47,45,2,2021
217000,"Sonstige Raub berf lle auf Stra en, Wegen oder Pl tzen",12052000,Cottbus,voll.,16,13,3,0,0,0,2,2,0,2,2,0,1,1,0,2,2,0,11,8,3,0,0,0,11,8,3,2021
217000,"Sonstige Raub berf lle auf Stra en, Wegen oder Pl tzen",12052000,Cottbus,vers.,5,3,2,0,0,0,3,1,2,3,1,2,0,0,0,0,0,0,2,2,0,0,0,0,2,2,0,2021
217000,"Sonstige Raub berf lle auf Stra en, Wegen oder Pl tzen",12052000,Cottbus,insg.,21,16,5,0,0,0,5,3,2,5,3,2,1,1,0,2,2,0,13,10,3,0,0,0,13,10,3,2021
217000,"Sonstige Raub berf lle auf Stra en, Wegen oder Pl tzen",6411000,Darmstadt,voll.,24,24,0,0,0,0,1,1,0,1,1,0,9,9,0,5,5,0,9,9,0,0,0,0,9,9,0,2021
217000,"Sonstige Raub berf lle auf Stra en, Wegen oder Pl tzen",6411000,Darmstadt,vers.,2,2,0,0,0,0,0,0,0,0,0,0,0,0,0,0,0,0,2,2,0,0,0,0,2,2,0,2021
217000,"Sonstige Raub berf lle auf Stra en, Wegen oder Pl tzen",6411000,Darmstadt,insg.,26,26,0,0,0,0,1,1,0,1,1,0,9,9,0,5,5,0,11,11,0,0,0,0,11,11,0,2021
217000,"Sonstige Raub berf lle auf Stra en, Wegen oder Pl tzen",5913000,Dortmund,voll.,232,203,29,1,1,0,8,6,2,9,7,2,54,48,6,26,23,3,133,119,14,10,6,4,143,125,18,2021
217000,"Sonstige Raub berf lle auf Stra en, Wegen oder Pl tzen",5913000,Dortmund,vers.,63,50,13,0,0,0,9,6,3,9,6,3,11,10,1,5,4,1,34,26,8,4,4,0,38,30,8,2021
217000,"Sonstige Raub berf lle auf Stra en, Wegen oder Pl tzen",5913000,Dortmund,insg.,295,253,42,1,1,0,17,12,5,18,13,5,65,58,7,31,27,4,167,145,22,14,10,4,181,155,26,2021
217000,"Sonstige Raub berf lle auf Stra en, Wegen oder Pl tzen",14612000,Dresden,voll.,140,128,12,0,0,0,6,6,0,6,6,0,37,34,3,19,18,1,71,65,6,7,5,2,78,70,8,2021
217000,"Sonstige Raub berf lle auf Stra en, Wegen oder Pl tzen",14612000,Dresden,vers.,30,23,7,0,0,0,3,3,0,3,3,0,0,0,0,6,4,2,20,15,5,1,1,0,21,16,5,2021
217000,"Sonstige Raub berf lle auf Stra en, Wegen oder Pl tzen",14612000,Dresden,insg.,170,151,19,0,0,0,9,9,0,9,9,0,37,34,3,25,22,3,91,80,11,8,6,2,99,86,13,2021
217000,"Sonstige Raub berf lle auf Stra en, Wegen oder Pl tzen",5112000,Duisburg,voll.,119,88,31,1,1,0,15,13,2,16,14,2,19,15,4,7,3,4,69,51,18,8,5,3,77,56,21,2021
217000,"Sonstige Raub berf lle auf Stra en, Wegen oder Pl tzen",5112000,Duisburg,vers.,52,39,13,0,0,0,14,11,3,14,11,3,9,6,3,5,5,0,19,14,5,5,3,2,24,17,7,2021
217000,"Sonstige Raub berf lle auf Stra en, Wegen oder Pl tzen",5112000,Duisburg,insg.,171,127,44,1,1,0,29,24,5,30,25,5,28,21,7,12,8,4,88,65,23,13,8,5,101,73,28,2021
217000,"Sonstige Raub berf lle auf Stra en, Wegen oder Pl tzen",5111000,D sseldorf,voll.,164,138,26,0,0,0,6,6,0,6,6,0,41,35,6,23,18,5,76,67,9,18,12,6,94,79,15,2021
217000,"Sonstige Raub berf lle auf Stra en, Wegen oder Pl tzen",5111000,D sseldorf,vers.,41,36,5,0,0,0,2,2,0,2,2,0,8,8,0,4,4,0,25,21,4,2,1,1,27,22,5,2021
217000,"Sonstige Raub berf lle auf Stra en, Wegen oder Pl tzen",5111000,D sseldorf,insg.,205,174,31,0,0,0,8,8,0,8,8,0,49,43,6,27,22,5,101,88,13,20,13,7,121,101,20,2021
217000,"Sonstige Raub berf lle auf Stra en, Wegen oder Pl tzen",16051000,Erfurt,voll.,31,26,5,0,0,0,2,2,0,2,2,0,4,4,0,6,6,0,19,14,5,0,0,0,19,14,5,2021
217000,"Sonstige Raub berf lle auf Stra en, Wegen oder Pl tzen",16051000,Erfurt,vers.,9,9,0,0,0,0,0,0,0,0,0,0,1,1,0,1,1,0,7,7,0,0,0,0,7,7,0,2021
217000,"Sonstige Raub berf lle auf Stra en, Wegen oder Pl tzen",16051000,Erfurt,insg.,40,35,5,0,0,0,2,2,0,2,2,0,5,5,0,7,7,0,26,21,5,0,0,0,26,21,5,2021
217000,"Sonstige Raub berf lle auf Stra en, Wegen oder Pl tzen",9562000,Erlangen,voll.,1,1,0,0,0,0,0,0,0,0,0,0,0,0,0,1,1,0,0,0,0,0,0,0,0,0,0,2021
217000,"Sonstige Raub berf lle auf Stra en, Wegen oder Pl tzen",9562000,Erlangen,vers.,3,3,0,0,0,0,0,0,0,0,0,0,2,2,0,1,1,0,0,0,0,0,0,0,0,0,0,2021
217000,"Sonstige Raub berf lle auf Stra en, Wegen oder Pl tzen",9562000,Erlangen,insg.,4,4,0,0,0,0,0,0,0,0,0,0,2,2,0,2,2,0,0,0,0,0,0,0,0,0,0,2021
217000,"Sonstige Raub berf lle auf Stra en, Wegen oder Pl tzen",5113000,Essen,voll.,173,141,32,0,0,0,7,6,1,7,6,1,30,27,3,19,16,3,90,76,14,27,16,11,117,92,25,2021
217000,"Sonstige Raub berf lle auf Stra en, Wegen oder Pl tzen",5113000,Essen,vers.,56,46,10,0,0,0,6,6,0,6,6,0,10,10,0,6,6,0,27,22,5,7,2,5,34,24,10,2021
217000,"Sonstige Raub berf lle auf Stra en, Wegen oder Pl tzen",5113000,Essen,insg.,229,187,42,0,0,0,13,12,1,13,12,1,40,37,3,25,22,3,117,98,19,34,18,16,151,116,35,2021
217000,"Sonstige Raub berf lle auf Stra en, Wegen oder Pl tzen",6412000,Frankfurt am Main,voll.,423,376,47,0,0,0,14,12,2,14,12,2,60,54,6,36,33,3,289,262,27,24,15,9,313,277,36,2021
217000,"Sonstige Raub berf lle auf Stra en, Wegen oder Pl tzen",6412000,Frankfurt am Main,vers.,90,76,14,0,0,0,4,4,0,4,4,0,15,12,3,9,9,0,55,46,9,7,5,2,62,51,11,2021
217000,"Sonstige Raub berf lle auf Stra en, Wegen oder Pl tzen",6412000,Frankfurt am Main,insg.,513,452,61,0,0,0,18,16,2,18,16,2,75,66,9,45,42,3,344,308,36,31,20,11,375,328,47,2021
217000,"Sonstige Raub berf lle auf Stra en, Wegen oder Pl tzen",8311000,Freiburg im Breisgau,voll.,71,67,4,0,0,0,2,2,0,2,2,0,16,16,0,21,20,1,32,29,3,0,0,0,32,29,3,2021
217000,"Sonstige Raub berf lle auf Stra en, Wegen oder Pl tzen",8311000,Freiburg im Breisgau,vers.,19,18,1,0,0,0,0,0,0,0,0,0,2,2,0,1,1,0,16,15,1,0,0,0,16,15,1,2021
217000,"Sonstige Raub berf lle auf Stra en, Wegen oder Pl tzen",8311000,Freiburg im Breisgau,insg.,90,85,5,0,0,0,2,2,0,2,2,0,18,18,0,22,21,1,48,44,4,0,0,0,48,44,4,2021
217000,"Sonstige Raub berf lle auf Stra en, Wegen oder Pl tzen",9563000,F rth,voll.,2,2,0,0,0,0,0,0,0,0,0,0,1,1,0,0,0,0,1,1,0,0,0,0,1,1,0,2021
217000,"Sonstige Raub berf lle auf Stra en, Wegen oder Pl tzen",9563000,F rth,vers.,4,4,0,0,0,0,0,0,0,0,0,0,2,2,0,1,1,0,1,1,0,0,0,0,1,1,0,2021
217000,"Sonstige Raub berf lle auf Stra en, Wegen oder Pl tzen",9563000,F rth,insg.,6,6,0,0,0,0,0,0,0,0,0,0,3,3,0,1,1,0,2,2,0,0,0,0,2,2,0,2021
217000,"Sonstige Raub berf lle auf Stra en, Wegen oder Pl tzen",5513000,Gelsenkirchen,voll.,52,47,5,0,0,0,9,8,1,9,8,1,10,10,0,2,2,0,27,24,3,4,3,1,31,27,4,2021
217000,"Sonstige Raub berf lle auf Stra en, Wegen oder Pl tzen",5513000,Gelsenkirchen,vers.,12,11,1,0,0,0,2,2,0,2,2,0,5,5,0,1,1,0,4,3,1,0,0,0,4,3,1,2021
217000,"Sonstige Raub berf lle auf Stra en, Wegen oder Pl tzen",5513000,Gelsenkirchen,insg.,64,58,6,0,0,0,11,10,1,11,10,1,15,15,0,3,3,0,31,27,4,4,3,1,35,30,5,2021
217000,"Sonstige Raub berf lle auf Stra en, Wegen oder Pl tzen",3159016,G ttingen,voll.,14,11,3,0,0,0,0,0,0,0,0,0,0,0,0,2,2,0,12,9,3,0,0,0,12,9,3,2021
217000,"Sonstige Raub berf lle auf Stra en, Wegen oder Pl tzen",3159016,G ttingen,vers.,4,4,0,0,0,0,0,0,0,0,0,0,0,0,0,1,1,0,3,3,0,0,0,0,3,3,0,2021
217000,"Sonstige Raub berf lle auf Stra en, Wegen oder Pl tzen",3159016,G ttingen,insg.,18,15,3,0,0,0,0,0,0,0,0,0,0,0,0,3,3,0,15,12,3,0,0,0,15,12,3,2021
217000,"Sonstige Raub berf lle auf Stra en, Wegen oder Pl tzen",5754008,G tersloh,voll.,27,22,5,0,0,0,2,2,0,2,2,0,12,10,2,4,3,1,9,7,2,0,0,0,9,7,2,2021
217000,"Sonstige Raub berf lle auf Stra en, Wegen oder Pl tzen",5754008,G tersloh,vers.,6,3,3,0,0,0,0,0,0,0,0,0,2,1,1,1,1,0,1,1,0,2,0,2,3,1,2,2021
217000,"Sonstige Raub berf lle auf Stra en, Wegen oder Pl tzen",5754008,G tersloh,insg.,33,25,8,0,0,0,2,2,0,2,2,0,14,11,3,5,4,1,10,8,2,2,0,2,12,8,4,2021
217000,"Sonstige Raub berf lle auf Stra en, Wegen oder Pl tzen",5914000,Hagen,voll.,43,36,7,0,0,0,3,3,0,3,3,0,5,5,0,9,9,0,22,19,3,4,0,4,26,19,7,2021
217000,"Sonstige Raub berf lle auf Stra en, Wegen oder Pl tzen",5914000,Hagen,vers.,21,18,3,0,0,0,3,3,0,3,3,0,1,1,0,4,3,1,12,10,2,1,1,0,13,11,2,2021
217000,"Sonstige Raub berf lle auf Stra en, Wegen oder Pl tzen",5914000,Hagen,insg.,64,54,10,0,0,0,6,6,0,6,6,0,6,6,0,13,12,1,34,29,5,5,1,4,39,30,9,2021
217000,"Sonstige Raub berf lle auf Stra en, Wegen oder Pl tzen",15002000,Halle (Saale),voll.,94,84,10,0,0,0,6,6,0,6,6,0,29,26,3,22,21,1,33,29,4,4,2,2,37,31,6,2021
217000,"Sonstige Raub berf lle auf Stra en, Wegen oder Pl tzen",15002000,Halle (Saale),vers.,27,24,3,0,0,0,6,6,0,6,6,0,8,8,0,2,2,0,9,7,2,2,1,1,11,8,3,2021
217000,"Sonstige Raub berf lle auf Stra en, Wegen oder Pl tzen",15002000,Halle (Saale),insg.,121,108,13,0,0,0,12,12,0,12,12,0,37,34,3,24,23,1,42,36,6,6,3,3,48,39,9,2021
217000,"Sonstige Raub berf lle auf Stra en, Wegen oder Pl tzen",2000000,Hamburg,voll.,660,578,82,0,0,0,28,25,3,28,25,3,89,86,3,74,69,5,424,369,55,45,29,16,469,398,71,2021
217000,"Sonstige Raub berf lle auf Stra en, Wegen oder Pl tzen",2000000,Hamburg,vers.,171,151,20,0,0,0,13,12,1,13,12,1,25,24,1,27,24,3,99,85,14,7,6,1,106,91,15,2021
217000,"Sonstige Raub berf lle auf Stra en, Wegen oder Pl tzen",2000000,Hamburg,insg.,831,729,102,0,0,0,41,37,4,41,37,4,114,110,4,101,93,8,523,454,69,52,35,17,575,489,86,2021
217000,"Sonstige Raub berf lle auf Stra en, Wegen oder Pl tzen",5915000,Hamm,voll.,33,27,6,0,0,0,4,2,2,4,2,2,2,2,0,7,6,1,17,15,2,3,2,1,20,17,3,2021
217000,"Sonstige Raub berf lle auf Stra en, Wegen oder Pl tzen",5915000,Hamm,vers.,15,11,4,0,0,0,1,1,0,1,1,0,1,0,1,1,0,1,11,10,1,1,0,1,12,10,2,2021
217000,"Sonstige Raub berf lle auf Stra en, Wegen oder Pl tzen",5915000,Hamm,insg.,48,38,10,0,0,0,5,3,2,5,3,2,3,2,1,8,6,2,28,25,3,4,2,2,32,27,5,2021
217000,"Sonstige Raub berf lle auf Stra en, Wegen oder Pl tzen",3241001,Hannover,voll.,214,193,21,0,0,0,6,5,1,6,5,1,33,32,1,31,29,2,135,119,16,9,8,1,144,127,17,2021
217000,"Sonstige Raub berf lle auf Stra en, Wegen oder Pl tzen",3241001,Hannover,vers.,42,37,5,0,0,0,2,2,0,2,2,0,4,4,0,6,6,0,26,23,3,4,2,2,30,25,5,2021
217000,"Sonstige Raub berf lle auf Stra en, Wegen oder Pl tzen",3241001,Hannover,insg.,256,230,26,0,0,0,8,7,1,8,7,1,37,36,1,37,35,2,161,142,19,13,10,3,174,152,22,2021
217000,"Sonstige Raub berf lle auf Stra en, Wegen oder Pl tzen",8221000,Heidelberg,voll.,15,13,2,0,0,0,0,0,0,0,0,0,5,5,0,1,1,0,9,7,2,0,0,0,9,7,2,2021
217000,"Sonstige Raub berf lle auf Stra en, Wegen oder Pl tzen",8221000,Heidelberg,vers.,3,2,1,0,0,0,1,1,0,1,1,0,1,0,1,1,1,0,0,0,0,0,0,0,0,0,0,2021
217000,"Sonstige Raub berf lle auf Stra en, Wegen oder Pl tzen",8221000,Heidelberg,insg.,18,15,3,0,0,0,1,1,0,1,1,0,6,5,1,2,2,0,9,7,2,0,0,0,9,7,2,2021
217000,"Sonstige Raub berf lle auf Stra en, Wegen oder Pl tzen",8121000,Heilbronn,voll.,13,10,3,0,0,0,0,0,0,0,0,0,1,0,1,1,1,0,10,8,2,1,1,0,11,9,2,2021
217000,"Sonstige Raub berf lle auf Stra en, Wegen oder Pl tzen",8121000,Heilbronn,vers.,3,3,0,0,0,0,1,1,0,1,1,0,0,0,0,0,0,0,2,2,0,0,0,0,2,2,0,2021
217000,"Sonstige Raub berf lle auf Stra en, Wegen oder Pl tzen",8121000,Heilbronn,insg.,16,13,3,0,0,0,1,1,0,1,1,0,1,0,1,1,1,0,12,10,2,1,1,0,13,11,2,2021
217000,"Sonstige Raub berf lle auf Stra en, Wegen oder Pl tzen",5916000,Herne,voll.,13,12,1,0,0,0,0,0,0,0,0,0,3,3,0,3,3,0,6,6,0,1,0,1,7,6,1,2021
217000,"Sonstige Raub berf lle auf Stra en, Wegen oder Pl tzen",5916000,Herne,vers.,7,4,3,0,0,0,0,0,0,0,0,0,2,1,1,0,0,0,5,3,2,0,0,0,5,3,2,2021
217000,"Sonstige Raub berf lle auf Stra en, Wegen oder Pl tzen",5916000,Herne,insg.,20,16,4,0,0,0,0,0,0,0,0,0,5,4,1,3,3,0,11,9,2,1,0,1,12,9,3,2021
217000,"Sonstige Raub berf lle auf Stra en, Wegen oder Pl tzen",3254021,Hildesheim,voll.,16,13,3,0,0,0,0,0,0,0,0,0,4,2,2,2,2,0,9,8,1,1,1,0,10,9,1,2021
217000,"Sonstige Raub berf lle auf Stra en, Wegen oder Pl tzen",3254021,Hildesheim,vers.,3,2,1,0,0,0,0,0,0,0,0,0,0,0,0,0,0,0,3,2,1,0,0,0,3,2,1,2021
217000,"Sonstige Raub berf lle auf Stra en, Wegen oder Pl tzen",3254021,Hildesheim,insg.,19,15,4,0,0,0,0,0,0,0,0,0,4,2,2,2,2,0,12,10,2,1,1,0,13,11,2,2021
217000,"Sonstige Raub berf lle auf Stra en, Wegen oder Pl tzen",9161000,Ingolstadt,voll.,3,3,0,0,0,0,1,1,0,1,1,0,0,0,0,1,1,0,1,1,0,0,0,0,1,1,0,2021
217000,"Sonstige Raub berf lle auf Stra en, Wegen oder Pl tzen",9161000,Ingolstadt,vers.,0,0,0,0,0,0,0,0,0,0,0,0,0,0,0,0,0,0,0,0,0,0,0,0,0,0,0,2021
217000,"Sonstige Raub berf lle auf Stra en, Wegen oder Pl tzen",9161000,Ingolstadt,insg.,3,3,0,0,0,0,1,1,0,1,1,0,0,0,0,1,1,0,1,1,0,0,0,0,1,1,0,2021
217000,"Sonstige Raub berf lle auf Stra en, Wegen oder Pl tzen",16053000,Jena,voll.,6,6,0,0,0,0,0,0,0,0,0,0,1,1,0,0,0,0,4,4,0,1,1,0,5,5,0,2021
217000,"Sonstige Raub berf lle auf Stra en, Wegen oder Pl tzen",16053000,Jena,vers.,1,1,0,0,0,0,0,0,0,0,0,0,1,1,0,0,0,0,0,0,0,0,0,0,0,0,0,2021
217000,"Sonstige Raub berf lle auf Stra en, Wegen oder Pl tzen",16053000,Jena,insg.,7,7,0,0,0,0,0,0,0,0,0,0,2,2,0,0,0,0,4,4,0,1,1,0,5,5,0,2021
217000,"Sonstige Raub berf lle auf Stra en, Wegen oder Pl tzen",7312000,Kaiserslautern,voll.,14,12,2,0,0,0,1,1,0,1,1,0,1,1,0,4,4,0,8,6,2,0,0,0,8,6,2,2021
217000,"Sonstige Raub berf lle auf Stra en, Wegen oder Pl tzen",7312000,Kaiserslautern,vers.,1,0,1,0,0,0,1,0,1,1,0,1,0,0,0,0,0,0,0,0,0,0,0,0,0,0,0,2021
217000,"Sonstige Raub berf lle auf Stra en, Wegen oder Pl tzen",7312000,Kaiserslautern,insg.,15,12,3,0,0,0,2,1,1,2,1,1,1,1,0,4,4,0,8,6,2,0,0,0,8,6,2,2021
217000,"Sonstige Raub berf lle auf Stra en, Wegen oder Pl tzen",8212000,Karlsruhe,voll.,39,35,4,0,0,0,2,2,0,2,2,0,1,1,0,8,8,0,24,21,3,4,3,1,28,24,4,2021
217000,"Sonstige Raub berf lle auf Stra en, Wegen oder Pl tzen",8212000,Karlsruhe,vers.,8,6,2,0,0,0,0,0,0,0,0,0,1,1,0,0,0,0,5,3,2,2,2,0,7,5,2,2021
217000,"Sonstige Raub berf lle auf Stra en, Wegen oder Pl tzen",8212000,Karlsruhe,insg.,47,41,6,0,0,0,2,2,0,2,2,0,2,2,0,8,8,0,29,24,5,6,5,1,35,29,6,2021
217000,"Sonstige Raub berf lle auf Stra en, Wegen oder Pl tzen",6611000,Kassel,voll.,57,47,10,0,0,0,1,1,0,1,1,0,9,8,1,2,2,0,44,36,8,1,0,1,45,36,9,2021
217000,"Sonstige Raub berf lle auf Stra en, Wegen oder Pl tzen",6611000,Kassel,vers.,23,20,3,0,0,0,4,4,0,4,4,0,4,4,0,2,2,0,12,10,2,1,0,1,13,10,3,2021
217000,"Sonstige Raub berf lle auf Stra en, Wegen oder Pl tzen",6611000,Kassel,insg.,80,67,13,0,0,0,5,5,0,5,5,0,13,12,1,4,4,0,56,46,10,2,0,2,58,46,12,2021
217000,"Sonstige Raub berf lle auf Stra en, Wegen oder Pl tzen",1002000,Kiel,voll.,77,62,15,0,0,0,10,8,2,10,8,2,18,17,1,11,10,1,34,25,9,4,2,2,38,27,11,2021
217000,"Sonstige Raub berf lle auf Stra en, Wegen oder Pl tzen",1002000,Kiel,vers.,12,10,2,0,0,0,1,1,0,1,1,0,2,2,0,2,2,0,7,5,2,0,0,0,7,5,2,2021
217000,"Sonstige Raub berf lle auf Stra en, Wegen oder Pl tzen",1002000,Kiel,insg.,89,72,17,0,0,0,11,9,2,11,9,2,20,19,1,13,12,1,41,30,11,4,2,2,45,32,13,2021
217000,"Sonstige Raub berf lle auf Stra en, Wegen oder Pl tzen",7111000,Koblenz,voll.,20,17,3,0,0,0,0,0,0,0,0,0,2,2,0,3,2,1,13,12,1,2,1,1,15,13,2,2021
217000,"Sonstige Raub berf lle auf Stra en, Wegen oder Pl tzen",7111000,Koblenz,vers.,12,11,1,0,0,0,2,2,0,2,2,0,0,0,0,1,1,0,9,8,1,0,0,0,9,8,1,2021
217000,"Sonstige Raub berf lle auf Stra en, Wegen oder Pl tzen",7111000,Koblenz,insg.,32,28,4,0,0,0,2,2,0,2,2,0,2,2,0,4,3,1,22,20,2,2,1,1,24,21,3,2021
217000,"Sonstige Raub berf lle auf Stra en, Wegen oder Pl tzen",5315000,K ln,voll.,466,399,67,0,0,0,27,24,3,27,24,3,82,76,6,57,50,7,267,219,48,33,30,3,300,249,51,2021
217000,"Sonstige Raub berf lle auf Stra en, Wegen oder Pl tzen",5315000,K ln,vers.,126,93,33,0,0,0,10,5,5,10,5,5,27,24,3,15,9,6,66,50,16,8,5,3,74,55,19,2021
217000,"Sonstige Raub berf lle auf Stra en, Wegen oder Pl tzen",5315000,K ln,insg.,592,492,100,0,0,0,37,29,8,37,29,8,109,100,9,72,59,13,333,269,64,41,35,6,374,304,70,2021
217000,"Sonstige Raub berf lle auf Stra en, Wegen oder Pl tzen",5114000,Krefeld,voll.,65,44,21,0,0,0,4,3,1,4,3,1,8,5,3,2,2,0,36,30,6,15,4,11,51,34,17,2021
217000,"Sonstige Raub berf lle auf Stra en, Wegen oder Pl tzen",5114000,Krefeld,vers.,17,12,5,0,0,0,2,2,0,2,2,0,1,1,0,0,0,0,10,8,2,4,1,3,14,9,5,2021
217000,"Sonstige Raub berf lle auf Stra en, Wegen oder Pl tzen",5114000,Krefeld,insg.,82,56,26,0,0,0,6,5,1,6,5,1,9,6,3,2,2,0,46,38,8,19,5,14,65,43,22,2021
217000,"Sonstige Raub berf lle auf Stra en, Wegen oder Pl tzen",14713000,Leipzig,voll.,180,166,14,0,0,0,12,10,2,12,10,2,41,41,0,27,25,2,89,79,10,11,11,0,100,90,10,2021
217000,"Sonstige Raub berf lle auf Stra en, Wegen oder Pl tzen",14713000,Leipzig,vers.,34,28,6,0,0,0,4,2,2,4,2,2,11,10,1,4,3,1,14,12,2,1,1,0,15,13,2,2021
217000,"Sonstige Raub berf lle auf Stra en, Wegen oder Pl tzen",14713000,Leipzig,insg.,214,194,20,0,0,0,16,12,4,16,12,4,52,51,1,31,28,3,103,91,12,12,12,0,115,103,12,2021
217000,"Sonstige Raub berf lle auf Stra en, Wegen oder Pl tzen",5316000,Leverkusen,voll.,30,26,4,0,0,0,2,1,1,2,1,1,5,5,0,7,7,0,13,11,2,3,2,1,16,13,3,2021
217000,"Sonstige Raub berf lle auf Stra en, Wegen oder Pl tzen",5316000,Leverkusen,vers.,5,5,0,0,0,0,0,0,0,0,0,0,1,1,0,2,2,0,2,2,0,0,0,0,2,2,0,2021
217000,"Sonstige Raub berf lle auf Stra en, Wegen oder Pl tzen",5316000,Leverkusen,insg.,35,31,4,0,0,0,2,1,1,2,1,1,6,6,0,9,9,0,15,13,2,3,2,1,18,15,3,2021
217000,"Sonstige Raub berf lle auf Stra en, Wegen oder Pl tzen",1003000,L beck,voll.,37,35,2,0,0,0,0,0,0,0,0,0,12,12,0,7,7,0,16,14,2,2,2,0,18,16,2,2021
217000,"Sonstige Raub berf lle auf Stra en, Wegen oder Pl tzen",1003000,L beck,vers.,10,8,2,0,0,0,1,1,0,1,1,0,3,3,0,2,1,1,4,3,1,0,0,0,4,3,1,2021
217000,"Sonstige Raub berf lle auf Stra en, Wegen oder Pl tzen",1003000,L beck,insg.,47,43,4,0,0,0,1,1,0,1,1,0,15,15,0,9,8,1,20,17,3,2,2,0,22,19,3,2021
217000,"Sonstige Raub berf lle auf Stra en, Wegen oder Pl tzen",7314000,Ludwigshafen am Rhein,voll.,53,44,9,0,0,0,16,15,1,16,15,1,10,7,3,7,7,0,16,12,4,4,3,1,20,15,5,2021
217000,"Sonstige Raub berf lle auf Stra en, Wegen oder Pl tzen",7314000,Ludwigshafen am Rhein,vers.,27,26,1,0,0,0,5,5,0,5,5,0,7,7,0,7,7,0,7,6,1,1,1,0,8,7,1,2021
217000,"Sonstige Raub berf lle auf Stra en, Wegen oder Pl tzen",7314000,Ludwigshafen am Rhein,insg.,80,70,10,0,0,0,21,20,1,21,20,1,17,14,3,14,14,0,23,18,5,5,4,1,28,22,6,2021
217000,"Sonstige Raub berf lle auf Stra en, Wegen oder Pl tzen",15003000,Magdeburg,voll.,68,65,3,0,0,0,4,4,0,4,4,0,20,20,0,15,15,0,26,24,2,3,2,1,29,26,3,2021
217000,"Sonstige Raub berf lle auf Stra en, Wegen oder Pl tzen",15003000,Magdeburg,vers.,27,23,4,0,0,0,5,4,1,5,4,1,9,9,0,3,2,1,10,8,2,0,0,0,10,8,2,2021
217000,"Sonstige Raub berf lle auf Stra en, Wegen oder Pl tzen",15003000,Magdeburg,insg.,95,88,7,0,0,0,9,8,1,9,8,1,29,29,0,18,17,1,36,32,4,3,2,1,39,34,5,2021
217000,"Sonstige Raub berf lle auf Stra en, Wegen oder Pl tzen",7315000,Mainz,voll.,45,42,3,0,0,0,2,2,0,2,2,0,16,16,0,8,7,1,15,13,2,4,4,0,19,17,2,2021
217000,"Sonstige Raub berf lle auf Stra en, Wegen oder Pl tzen",7315000,Mainz,vers.,16,12,4,0,0,0,0,0,0,0,0,0,5,5,0,3,3,0,7,4,3,1,0,1,8,4,4,2021
217000,"Sonstige Raub berf lle auf Stra en, Wegen oder Pl tzen",7315000,Mainz,insg.,61,54,7,0,0,0,2,2,0,2,2,0,21,21,0,11,10,1,22,17,5,5,4,1,27,21,6,2021
217000,"Sonstige Raub berf lle auf Stra en, Wegen oder Pl tzen",8222000,Mannheim,voll.,46,45,1,0,0,0,5,4,1,5,4,1,2,2,0,8,8,0,27,27,0,4,4,0,31,31,0,2021
217000,"Sonstige Raub berf lle auf Stra en, Wegen oder Pl tzen",8222000,Mannheim,vers.,20,16,4,0,0,0,3,2,1,3,2,1,1,1,0,3,3,0,12,9,3,1,1,0,13,10,3,2021
217000,"Sonstige Raub berf lle auf Stra en, Wegen oder Pl tzen",8222000,Mannheim,insg.,66,61,5,0,0,0,8,6,2,8,6,2,3,3,0,11,11,0,39,36,3,5,5,0,44,41,3,2021
217000,"Sonstige Raub berf lle auf Stra en, Wegen oder Pl tzen",5170024,Moers,voll.,15,14,1,0,0,0,5,4,1,5,4,1,1,1,0,4,4,0,5,5,0,0,0,0,5,5,0,2021
217000,"Sonstige Raub berf lle auf Stra en, Wegen oder Pl tzen",5170024,Moers,vers.,5,5,0,0,0,0,4,4,0,4,4,0,0,0,0,0,0,0,0,0,0,1,1,0,1,1,0,2021
217000,"Sonstige Raub berf lle auf Stra en, Wegen oder Pl tzen",5170024,Moers,insg.,20,19,1,0,0,0,9,8,1,9,8,1,1,1,0,4,4,0,5,5,0,1,1,0,6,6,0,2021
217000,"Sonstige Raub berf lle auf Stra en, Wegen oder Pl tzen",5116000,M nchengladbach,voll.,64,58,6,0,0,0,2,1,1,2,1,1,18,18,0,7,7,0,33,29,4,4,3,1,37,32,5,2021
217000,"Sonstige Raub berf lle auf Stra en, Wegen oder Pl tzen",5116000,M nchengladbach,vers.,15,9,6,0,0,0,2,1,1,2,1,1,1,1,0,2,1,1,8,5,3,2,1,1,10,6,4,2021
217000,"Sonstige Raub berf lle auf Stra en, Wegen oder Pl tzen",5116000,M nchengladbach,insg.,79,67,12,0,0,0,4,2,2,4,2,2,19,19,0,9,8,1,41,34,7,6,4,2,47,38,9,2021
217000,"Sonstige Raub berf lle auf Stra en, Wegen oder Pl tzen",5117000,M lheim an der Ruhr,voll.,16,14,2,0,0,0,2,2,0,2,2,0,5,5,0,0,0,0,4,3,1,5,4,1,9,7,2,2021
217000,"Sonstige Raub berf lle auf Stra en, Wegen oder Pl tzen",5117000,M lheim an der Ruhr,vers.,5,4,1,0,0,0,0,0,0,0,0,0,1,1,0,0,0,0,4,3,1,0,0,0,4,3,1,2021
217000,"Sonstige Raub berf lle auf Stra en, Wegen oder Pl tzen",5117000,M lheim an der Ruhr,insg.,21,18,3,0,0,0,2,2,0,2,2,0,6,6,0,0,0,0,8,6,2,5,4,1,13,10,3,2021
217000,"Sonstige Raub berf lle auf Stra en, Wegen oder Pl tzen",9162000,M nchen,voll.,121,105,16,0,0,0,6,6,0,6,6,0,41,37,4,18,15,3,48,43,5,8,4,4,56,47,9,2021
217000,"Sonstige Raub berf lle auf Stra en, Wegen oder Pl tzen",9162000,M nchen,vers.,45,39,6,0,0,0,6,6,0,6,6,0,19,17,2,5,5,0,15,11,4,0,0,0,15,11,4,2021
217000,"Sonstige Raub berf lle auf Stra en, Wegen oder Pl tzen",9162000,M nchen,insg.,166,144,22,0,0,0,12,12,0,12,12,0,60,54,6,23,20,3,63,54,9,8,4,4,71,58,13,2021
217000,"Sonstige Raub berf lle auf Stra en, Wegen oder Pl tzen",5515000,M nster,voll.,96,88,8,0,0,0,1,1,0,1,1,0,16,15,1,15,13,2,57,53,4,7,6,1,64,59,5,2021
217000,"Sonstige Raub berf lle auf Stra en, Wegen oder Pl tzen",5515000,M nster,vers.,22,19,3,0,0,0,0,0,0,0,0,0,1,1,0,7,6,1,12,10,2,2,2,0,14,12,2,2021
217000,"Sonstige Raub berf lle auf Stra en, Wegen oder Pl tzen",5515000,M nster,insg.,118,107,11,0,0,0,1,1,0,1,1,0,17,16,1,22,19,3,69,63,6,9,8,1,78,71,7,2021
217000,"Sonstige Raub berf lle auf Stra en, Wegen oder Pl tzen",5162024,Neuss,voll.,33,30,3,0,0,0,3,3,0,3,3,0,12,12,0,5,4,1,13,11,2,0,0,0,13,11,2,2021
217000,"Sonstige Raub berf lle auf Stra en, Wegen oder Pl tzen",5162024,Neuss,vers.,6,6,0,0,0,0,2,2,0,2,2,0,1,1,0,0,0,0,2,2,0,1,1,0,3,3,0,2021
217000,"Sonstige Raub berf lle auf Stra en, Wegen oder Pl tzen",5162024,Neuss,insg.,39,36,3,0,0,0,5,5,0,5,5,0,13,13,0,5,4,1,15,13,2,1,1,0,16,14,2,2021
217000,"Sonstige Raub berf lle auf Stra en, Wegen oder Pl tzen",9564000,N rnberg,voll.,62,51,11,0,0,0,3,2,1,3,2,1,6,6,0,8,7,1,42,33,9,3,3,0,45,36,9,2021
217000,"Sonstige Raub berf lle auf Stra en, Wegen oder Pl tzen",9564000,N rnberg,vers.,11,9,2,0,0,0,0,0,0,0,0,0,1,1,0,3,3,0,6,4,2,1,1,0,7,5,2,2021
217000,"Sonstige Raub berf lle auf Stra en, Wegen oder Pl tzen",9564000,N rnberg,insg.,73,60,13,0,0,0,3,2,1,3,2,1,7,7,0,11,10,1,48,37,11,4,4,0,52,41,11,2021
217000,"Sonstige Raub berf lle auf Stra en, Wegen oder Pl tzen",5119000,Oberhausen,voll.,40,37,3,0,0,0,6,5,1,6,5,1,19,17,2,3,3,0,11,11,0,1,1,0,12,12,0,2021
217000,"Sonstige Raub berf lle auf Stra en, Wegen oder Pl tzen",5119000,Oberhausen,vers.,18,14,4,0,0,0,5,3,2,5,3,2,4,3,1,6,5,1,3,3,0,0,0,0,3,3,0,2021
217000,"Sonstige Raub berf lle auf Stra en, Wegen oder Pl tzen",5119000,Oberhausen,insg.,58,51,7,0,0,0,11,8,3,11,8,3,23,20,3,9,8,1,14,14,0,1,1,0,15,15,0,2021
217000,"Sonstige Raub berf lle auf Stra en, Wegen oder Pl tzen",6413000,Offenbach am Main,voll.,15,13,2,0,0,0,0,0,0,0,0,0,1,1,0,3,2,1,8,8,0,3,2,1,11,10,1,2021
217000,"Sonstige Raub berf lle auf Stra en, Wegen oder Pl tzen",6413000,Offenbach am Main,vers.,4,4,0,0,0,0,0,0,0,0,0,0,1,1,0,0,0,0,1,1,0,2,2,0,3,3,0,2021
217000,"Sonstige Raub berf lle auf Stra en, Wegen oder Pl tzen",6413000,Offenbach am Main,insg.,19,17,2,0,0,0,0,0,0,0,0,0,2,2,0,3,2,1,9,9,0,5,4,1,14,13,1,2021
217000,"Sonstige Raub berf lle auf Stra en, Wegen oder Pl tzen",3403000,Oldenburg (Oldenburg),voll.,27,25,2,0,0,0,2,2,0,2,2,0,7,7,0,1,1,0,15,13,2,2,2,0,17,15,2,2021
217000,"Sonstige Raub berf lle auf Stra en, Wegen oder Pl tzen",3403000,Oldenburg (Oldenburg),vers.,8,6,2,0,0,0,1,1,0,1,1,0,2,1,1,3,3,0,2,1,1,0,0,0,2,1,1,2021
217000,"Sonstige Raub berf lle auf Stra en, Wegen oder Pl tzen",3403000,Oldenburg (Oldenburg),insg.,35,31,4,0,0,0,3,3,0,3,3,0,9,8,1,4,4,0,17,14,3,2,2,0,19,16,3,2021
217000,"Sonstige Raub berf lle auf Stra en, Wegen oder Pl tzen",3404000,Osnabr ck,voll.,37,32,5,0,0,0,0,0,0,0,0,0,9,7,2,3,3,0,23,21,2,2,1,1,25,22,3,2021
217000,"Sonstige Raub berf lle auf Stra en, Wegen oder Pl tzen",3404000,Osnabr ck,vers.,12,7,5,0,0,0,0,0,0,0,0,0,2,2,0,2,0,2,8,5,3,0,0,0,8,5,3,2021
217000,"Sonstige Raub berf lle auf Stra en, Wegen oder Pl tzen",3404000,Osnabr ck,insg.,49,39,10,0,0,0,0,0,0,0,0,0,11,9,2,5,3,2,31,26,5,2,1,1,33,27,6,2021
217000,"Sonstige Raub berf lle auf Stra en, Wegen oder Pl tzen",5774032,Paderborn,voll.,23,21,2,0,0,0,1,1,0,1,1,0,4,4,0,2,2,0,15,14,1,1,0,1,16,14,2,2021
217000,"Sonstige Raub berf lle auf Stra en, Wegen oder Pl tzen",5774032,Paderborn,vers.,7,6,1,0,0,0,1,1,0,1,1,0,1,1,0,1,1,0,3,3,0,1,0,1,4,3,1,2021
217000,"Sonstige Raub berf lle auf Stra en, Wegen oder Pl tzen",5774032,Paderborn,insg.,30,27,3,0,0,0,2,2,0,2,2,0,5,5,0,3,3,0,18,17,1,2,0,2,20,17,3,2021
217000,"Sonstige Raub berf lle auf Stra en, Wegen oder Pl tzen",8231000,Pforzheim,voll.,24,24,0,1,1,0,0,0,0,1,1,0,3,3,0,8,8,0,10,10,0,2,2,0,12,12,0,2021
217000,"Sonstige Raub berf lle auf Stra en, Wegen oder Pl tzen",8231000,Pforzheim,vers.,5,5,0,0,0,0,1,1,0,1,1,0,0,0,0,1,1,0,3,3,0,0,0,0,3,3,0,2021
217000,"Sonstige Raub berf lle auf Stra en, Wegen oder Pl tzen",8231000,Pforzheim,insg.,29,29,0,1,1,0,1,1,0,2,2,0,3,3,0,9,9,0,13,13,0,2,2,0,15,15,0,2021
217000,"Sonstige Raub berf lle auf Stra en, Wegen oder Pl tzen",12054000,Potsdam,voll.,33,32,1,0,0,0,3,3,0,3,3,0,12,12,0,6,6,0,11,10,1,1,1,0,12,11,1,2021
217000,"Sonstige Raub berf lle auf Stra en, Wegen oder Pl tzen",12054000,Potsdam,vers.,7,7,0,0,0,0,0,0,0,0,0,0,5,5,0,1,1,0,1,1,0,0,0,0,1,1,0,2021
217000,"Sonstige Raub berf lle auf Stra en, Wegen oder Pl tzen",12054000,Potsdam,insg.,40,39,1,0,0,0,3,3,0,3,3,0,17,17,0,7,7,0,12,11,1,1,1,0,13,12,1,2021
217000,"Sonstige Raub berf lle auf Stra en, Wegen oder Pl tzen",5562032,Recklinghausen,voll.,21,16,5,0,0,0,2,2,0,2,2,0,3,2,1,4,4,0,9,6,3,3,2,1,12,8,4,2021
217000,"Sonstige Raub berf lle auf Stra en, Wegen oder Pl tzen",5562032,Recklinghausen,vers.,1,1,0,0,0,0,0,0,0,0,0,0,0,0,0,1,1,0,0,0,0,0,0,0,0,0,0,2021
217000,"Sonstige Raub berf lle auf Stra en, Wegen oder Pl tzen",5562032,Recklinghausen,insg.,22,17,5,0,0,0,2,2,0,2,2,0,3,2,1,5,5,0,9,6,3,3,2,1,12,8,4,2021
217000,"Sonstige Raub berf lle auf Stra en, Wegen oder Pl tzen",9362000,Regensburg,voll.,8,8,0,0,0,0,0,0,0,0,0,0,0,0,0,2,2,0,6,6,0,0,0,0,6,6,0,2021
217000,"Sonstige Raub berf lle auf Stra en, Wegen oder Pl tzen",9362000,Regensburg,vers.,2,2,0,0,0,0,0,0,0,0,0,0,0,0,0,1,1,0,1,1,0,0,0,0,1,1,0,2021
217000,"Sonstige Raub berf lle auf Stra en, Wegen oder Pl tzen",9362000,Regensburg,insg.,10,10,0,0,0,0,0,0,0,0,0,0,0,0,0,3,3,0,7,7,0,0,0,0,7,7,0,2021
217000,"Sonstige Raub berf lle auf Stra en, Wegen oder Pl tzen",5120000,Remscheid,voll.,11,6,5,0,0,0,0,0,0,0,0,0,3,2,1,0,0,0,2,2,0,6,2,4,8,4,4,2021
217000,"Sonstige Raub berf lle auf Stra en, Wegen oder Pl tzen",5120000,Remscheid,vers.,6,4,2,0,0,0,0,0,0,0,0,0,1,1,0,2,1,1,2,2,0,1,0,1,3,2,1,2021
217000,"Sonstige Raub berf lle auf Stra en, Wegen oder Pl tzen",5120000,Remscheid,insg.,17,10,7,0,0,0,0,0,0,0,0,0,4,3,1,2,1,1,4,4,0,7,2,5,11,6,5,2021
217000,"Sonstige Raub berf lle auf Stra en, Wegen oder Pl tzen",8415061,Reutlingen,voll.,15,14,1,0,0,0,4,4,0,4,4,0,0,0,0,1,1,0,9,8,1,1,1,0,10,9,1,2021
217000,"Sonstige Raub berf lle auf Stra en, Wegen oder Pl tzen",8415061,Reutlingen,vers.,6,4,2,0,0,0,1,1,0,1,1,0,0,0,0,0,0,0,5,3,2,0,0,0,5,3,2,2021
217000,"Sonstige Raub berf lle auf Stra en, Wegen oder Pl tzen",8415061,Reutlingen,insg.,21,18,3,0,0,0,5,5,0,5,5,0,0,0,0,1,1,0,14,11,3,1,1,0,15,12,3,2021
217000,"Sonstige Raub berf lle auf Stra en, Wegen oder Pl tzen",13003000,Rostock,voll.,57,47,10,0,0,0,8,7,1,8,7,1,17,17,0,7,6,1,24,16,8,1,1,0,25,17,8,2021
217000,"Sonstige Raub berf lle auf Stra en, Wegen oder Pl tzen",13003000,Rostock,vers.,12,9,3,0,0,0,4,4,0,4,4,0,3,2,1,1,1,0,4,2,2,0,0,0,4,2,2,2021
217000,"Sonstige Raub berf lle auf Stra en, Wegen oder Pl tzen",13003000,Rostock,insg.,69,56,13,0,0,0,12,11,1,12,11,1,20,19,1,8,7,1,28,18,10,1,1,0,29,19,10,2021
217000,"Sonstige Raub berf lle auf Stra en, Wegen oder Pl tzen",10041100,Saarbr cken,voll.,64,55,9,0,0,0,2,2,0,2,2,0,8,7,1,8,6,2,42,36,6,4,4,0,46,40,6,2021
217000,"Sonstige Raub berf lle auf Stra en, Wegen oder Pl tzen",10041100,Saarbr cken,vers.,13,9,4,0,0,0,1,1,0,1,1,0,1,1,0,2,2,0,9,5,4,0,0,0,9,5,4,2021
217000,"Sonstige Raub berf lle auf Stra en, Wegen oder Pl tzen",10041100,Saarbr cken,insg.,77,64,13,0,0,0,3,3,0,3,3,0,9,8,1,10,8,2,51,41,10,4,4,0,55,45,10,2021
217000,"Sonstige Raub berf lle auf Stra en, Wegen oder Pl tzen",3102000,Salzgitter,voll.,11,11,0,0,0,0,2,2,0,2,2,0,1,1,0,2,2,0,5,5,0,1,1,0,6,6,0,2021
217000,"Sonstige Raub berf lle auf Stra en, Wegen oder Pl tzen",3102000,Salzgitter,vers.,0,0,0,0,0,0,0,0,0,0,0,0,0,0,0,0,0,0,0,0,0,0,0,0,0,0,0,2021
217000,"Sonstige Raub berf lle auf Stra en, Wegen oder Pl tzen",3102000,Salzgitter,insg.,11,11,0,0,0,0,2,2,0,2,2,0,1,1,0,2,2,0,5,5,0,1,1,0,6,6,0,2021
217000,"Sonstige Raub berf lle auf Stra en, Wegen oder Pl tzen",13004000,Schwerin,voll.,29,21,8,0,0,0,4,2,2,4,2,2,5,4,1,4,3,1,16,12,4,0,0,0,16,12,4,2021
217000,"Sonstige Raub berf lle auf Stra en, Wegen oder Pl tzen",13004000,Schwerin,vers.,3,3,0,0,0,0,0,0,0,0,0,0,0,0,0,0,0,0,3,3,0,0,0,0,3,3,0,2021
217000,"Sonstige Raub berf lle auf Stra en, Wegen oder Pl tzen",13004000,Schwerin,insg.,32,24,8,0,0,0,4,2,2,4,2,2,5,4,1,4,3,1,19,15,4,0,0,0,19,15,4,2021
217000,"Sonstige Raub berf lle auf Stra en, Wegen oder Pl tzen",5970040,Siegen,voll.,7,6,1,0,0,0,0,0,0,0,0,0,1,1,0,0,0,0,6,5,1,0,0,0,6,5,1,2021
217000,"Sonstige Raub berf lle auf Stra en, Wegen oder Pl tzen",5970040,Siegen,vers.,2,2,0,0,0,0,1,1,0,1,1,0,0,0,0,0,0,0,1,1,0,0,0,0,1,1,0,2021
217000,"Sonstige Raub berf lle auf Stra en, Wegen oder Pl tzen",5970040,Siegen,insg.,9,8,1,0,0,0,1,1,0,1,1,0,1,1,0,0,0,0,7,6,1,0,0,0,7,6,1,2021
217000,"Sonstige Raub berf lle auf Stra en, Wegen oder Pl tzen",5122000,Solingen,voll.,23,19,4,0,0,0,1,1,0,1,1,0,6,6,0,2,2,0,12,10,2,2,0,2,14,10,4,2021
217000,"Sonstige Raub berf lle auf Stra en, Wegen oder Pl tzen",5122000,Solingen,vers.,10,10,0,0,0,0,0,0,0,0,0,0,1,1,0,3,3,0,6,6,0,0,0,0,6,6,0,2021
217000,"Sonstige Raub berf lle auf Stra en, Wegen oder Pl tzen",5122000,Solingen,insg.,33,29,4,0,0,0,1,1,0,1,1,0,7,7,0,5,5,0,18,16,2,2,0,2,20,16,4,2021
217000,"Sonstige Raub berf lle auf Stra en, Wegen oder Pl tzen",8111000,Stuttgart,voll.,124,104,20,0,0,0,7,4,3,7,4,3,13,12,1,18,17,1,81,67,14,5,4,1,86,71,15,2021
217000,"Sonstige Raub berf lle auf Stra en, Wegen oder Pl tzen",8111000,Stuttgart,vers.,43,36,7,0,0,0,7,7,0,7,7,0,6,6,0,2,2,0,25,20,5,3,1,2,28,21,7,2021
217000,"Sonstige Raub berf lle auf Stra en, Wegen oder Pl tzen",8111000,Stuttgart,insg.,167,140,27,0,0,0,14,11,3,14,11,3,19,18,1,20,19,1,106,87,19,8,5,3,114,92,22,2021
217000,"Sonstige Raub berf lle auf Stra en, Wegen oder Pl tzen",7211000,Trier,voll.,17,14,3,0,0,0,0,0,0,0,0,0,6,6,0,2,2,0,6,5,1,3,1,2,9,6,3,2021
217000,"Sonstige Raub berf lle auf Stra en, Wegen oder Pl tzen",7211000,Trier,vers.,3,3,0,0,0,0,0,0,0,0,0,0,0,0,0,1,1,0,2,2,0,0,0,0,2,2,0,2021
217000,"Sonstige Raub berf lle auf Stra en, Wegen oder Pl tzen",7211000,Trier,insg.,20,17,3,0,0,0,0,0,0,0,0,0,6,6,0,3,3,0,8,7,1,3,1,2,11,8,3,2021
217000,"Sonstige Raub berf lle auf Stra en, Wegen oder Pl tzen",8421000,Ulm,voll.,15,12,3,0,0,0,1,1,0,1,1,0,3,3,0,2,1,1,9,7,2,0,0,0,9,7,2,2021
217000,"Sonstige Raub berf lle auf Stra en, Wegen oder Pl tzen",8421000,Ulm,vers.,6,5,1,0,0,0,0,0,0,0,0,0,1,1,0,1,1,0,4,3,1,0,0,0,4,3,1,2021
217000,"Sonstige Raub berf lle auf Stra en, Wegen oder Pl tzen",8421000,Ulm,insg.,21,17,4,0,0,0,1,1,0,1,1,0,4,4,0,3,2,1,13,10,3,0,0,0,13,10,3,2021
217000,"Sonstige Raub berf lle auf Stra en, Wegen oder Pl tzen",6414000,Wiesbaden,voll.,55,50,5,0,0,0,3,3,0,3,3,0,6,6,0,7,6,1,36,34,2,3,1,2,39,35,4,2021
217000,"Sonstige Raub berf lle auf Stra en, Wegen oder Pl tzen",6414000,Wiesbaden,vers.,16,11,5,0,0,0,2,1,1,2,1,1,0,0,0,0,0,0,13,10,3,1,0,1,14,10,4,2021
217000,"Sonstige Raub berf lle auf Stra en, Wegen oder Pl tzen",6414000,Wiesbaden,insg.,71,61,10,0,0,0,5,4,1,5,4,1,6,6,0,7,6,1,49,44,5,4,1,3,53,45,8,2021
217000,"Sonstige Raub berf lle auf Stra en, Wegen oder Pl tzen",3103000,Wolfsburg,voll.,6,6,0,0,0,0,0,0,0,0,0,0,1,1,0,1,1,0,4,4,0,0,0,0,4,4,0,2021
217000,"Sonstige Raub berf lle auf Stra en, Wegen oder Pl tzen",3103000,Wolfsburg,vers.,1,1,0,0,0,0,0,0,0,0,0,0,0,0,0,0,0,0,1,1,0,0,0,0,1,1,0,2021
217000,"Sonstige Raub berf lle auf Stra en, Wegen oder Pl tzen",3103000,Wolfsburg,insg.,7,7,0,0,0,0,0,0,0,0,0,0,1,1,0,1,1,0,5,5,0,0,0,0,5,5,0,2021
217000,"Sonstige Raub berf lle auf Stra en, Wegen oder Pl tzen",5124000,Wuppertal,voll.,63,51,12,0,0,0,2,1,1,2,1,1,10,10,0,9,9,0,35,27,8,7,4,3,42,31,11,2021
217000,"Sonstige Raub berf lle auf Stra en, Wegen oder Pl tzen",5124000,Wuppertal,vers.,15,12,3,0,0,0,2,1,1,2,1,1,2,1,1,5,5,0,6,5,1,0,0,0,6,5,1,2021
217000,"Sonstige Raub berf lle auf Stra en, Wegen oder Pl tzen",5124000,Wuppertal,insg.,78,63,15,0,0,0,4,2,2,4,2,2,12,11,1,14,14,0,41,32,9,7,4,3,48,36,12,2021
217000,"Sonstige Raub berf lle auf Stra en, Wegen oder Pl tzen",9663000,W rzburg,voll.,0,0,0,0,0,0,0,0,0,0,0,0,0,0,0,0,0,0,0,0,0,0,0,0,0,0,0,2021
217000,"Sonstige Raub berf lle auf Stra en, Wegen oder Pl tzen",9663000,W rzburg,vers.,1,1,0,0,0,0,0,0,0,0,0,0,0,0,0,0,0,0,1,1,0,0,0,0,1,1,0,2021
217000,"Sonstige Raub berf lle auf Stra en, Wegen oder Pl tzen",9663000,W rzburg,insg.,1,1,0,0,0,0,0,0,0,0,0,0,0,0,0,0,0,0,1,1,0,0,0,0,1,1,0,2021
219000,Raub berf lle in Wohnungen,5334002,Aachen,voll.,11,6,5,0,0,0,0,0,0,0,0,0,1,0,1,0,0,0,7,4,3,3,2,1,10,6,4,2021
219000,Raub berf lle in Wohnungen,5334002,Aachen,vers.,4,1,3,0,0,0,0,0,0,0,0,0,0,0,0,0,0,0,1,0,1,3,1,2,4,1,3,2021
219000,Raub berf lle in Wohnungen,5334002,Aachen,insg.,15,7,8,0,0,0,0,0,0,0,0,0,1,0,1,0,0,0,8,4,4,6,3,3,14,7,7,2021
219000,Raub berf lle in Wohnungen,9761000,Augsburg,voll.,5,1,4,0,0,0,0,0,0,0,0,0,0,0,0,0,0,0,5,1,4,0,0,0,5,1,4,2021
219000,Raub berf lle in Wohnungen,9761000,Augsburg,vers.,2,2,0,0,0,0,0,0,0,0,0,0,0,0,0,0,0,0,2,2,0,0,0,0,2,2,0,2021
219000,Raub berf lle in Wohnungen,9761000,Augsburg,insg.,7,3,4,0,0,0,0,0,0,0,0,0,0,0,0,0,0,0,7,3,4,0,0,0,7,3,4,2021
219000,Raub berf lle in Wohnungen,5378004,Bergisch Gladbach,voll.,2,1,1,0,0,0,0,0,0,0,0,0,0,0,0,0,0,0,1,1,0,1,0,1,2,1,1,2021
219000,Raub berf lle in Wohnungen,5378004,Bergisch Gladbach,vers.,1,1,0,0,0,0,0,0,0,0,0,0,0,0,0,0,0,0,1,1,0,0,0,0,1,1,0,2021
219000,Raub berf lle in Wohnungen,5378004,Bergisch Gladbach,insg.,3,2,1,0,0,0,0,0,0,0,0,0,0,0,0,0,0,0,2,2,0,1,0,1,3,2,1,2021
219000,Raub berf lle in Wohnungen,11000000,Berlin,voll.,272,174,98,0,0,0,3,1,2,3,1,2,12,8,4,9,6,3,177,120,57,71,39,32,248,159,89,2021
219000,Raub berf lle in Wohnungen,11000000,Berlin,vers.,54,32,22,1,1,0,1,1,0,2,2,0,1,1,0,1,1,0,43,27,16,7,1,6,50,28,22,2021
219000,Raub berf lle in Wohnungen,11000000,Berlin,insg.,326,206,120,1,1,0,4,2,2,5,3,2,13,9,4,10,7,3,220,147,73,78,40,38,298,187,111,2021
219000,Raub berf lle in Wohnungen,5711000,Bielefeld,voll.,10,4,6,0,0,0,0,0,0,0,0,0,0,0,0,2,1,1,6,2,4,2,1,1,8,3,5,2021
219000,Raub berf lle in Wohnungen,5711000,Bielefeld,vers.,3,2,1,0,0,0,0,0,0,0,0,0,0,0,0,0,0,0,3,2,1,0,0,0,3,2,1,2021
219000,Raub berf lle in Wohnungen,5711000,Bielefeld,insg.,13,6,7,0,0,0,0,0,0,0,0,0,0,0,0,2,1,1,9,4,5,2,1,1,11,5,6,2021
219000,Raub berf lle in Wohnungen,5911000,Bochum,voll.,10,7,3,0,0,0,0,0,0,0,0,0,0,0,0,0,0,0,6,6,0,4,1,3,10,7,3,2021
219000,Raub berf lle in Wohnungen,5911000,Bochum,vers.,4,4,0,0,0,0,0,0,0,0,0,0,0,0,0,0,0,0,2,2,0,2,2,0,4,4,0,2021
219000,Raub berf lle in Wohnungen,5911000,Bochum,insg.,14,11,3,0,0,0,0,0,0,0,0,0,0,0,0,0,0,0,8,8,0,6,3,3,14,11,3,2021
219000,Raub berf lle in Wohnungen,5314000,Bonn,voll.,14,7,7,0,0,0,0,0,0,0,0,0,0,0,0,1,1,0,9,5,4,4,1,3,13,6,7,2021
219000,Raub berf lle in Wohnungen,5314000,Bonn,vers.,1,1,0,0,0,0,0,0,0,0,0,0,1,1,0,0,0,0,0,0,0,0,0,0,0,0,0,2021
219000,Raub berf lle in Wohnungen,5314000,Bonn,insg.,15,8,7,0,0,0,0,0,0,0,0,0,1,1,0,1,1,0,9,5,4,4,1,3,13,6,7,2021
219000,Raub berf lle in Wohnungen,5512000,Bottrop,voll.,5,2,3,0,0,0,0,0,0,0,0,0,0,0,0,0,0,0,3,1,2,2,1,1,5,2,3,2021
219000,Raub berf lle in Wohnungen,5512000,Bottrop,vers.,3,2,1,0,0,0,0,0,0,0,0,0,0,0,0,0,0,0,2,2,0,1,0,1,3,2,1,2021
219000,Raub berf lle in Wohnungen,5512000,Bottrop,insg.,8,4,4,0,0,0,0,0,0,0,0,0,0,0,0,0,0,0,5,3,2,3,1,2,8,4,4,2021
219000,Raub berf lle in Wohnungen,3101000,Braunschweig,voll.,7,5,2,0,0,0,0,0,0,0,0,0,1,0,1,0,0,0,6,5,1,0,0,0,6,5,1,2021
219000,Raub berf lle in Wohnungen,3101000,Braunschweig,vers.,2,1,1,0,0,0,0,0,0,0,0,0,0,0,0,0,0,0,2,1,1,0,0,0,2,1,1,2021
219000,Raub berf lle in Wohnungen,3101000,Braunschweig,insg.,9,6,3,0,0,0,0,0,0,0,0,0,1,0,1,0,0,0,8,6,2,0,0,0,8,6,2,2021
219000,Raub berf lle in Wohnungen,4011000,Bremen,voll.,37,20,17,0,0,0,0,0,0,0,0,0,1,0,1,4,2,2,20,13,7,12,5,7,32,18,14,2021
219000,Raub berf lle in Wohnungen,4011000,Bremen,vers.,10,6,4,0,0,0,0,0,0,0,0,0,0,0,0,1,0,1,9,6,3,0,0,0,9,6,3,2021
219000,Raub berf lle in Wohnungen,4011000,Bremen,insg.,47,26,21,0,0,0,0,0,0,0,0,0,1,0,1,5,2,3,29,19,10,12,5,7,41,24,17,2021
219000,Raub berf lle in Wohnungen,4012000,Bremerhaven,voll.,22,15,7,0,0,0,0,0,0,0,0,0,1,1,0,2,2,0,15,10,5,4,2,2,19,12,7,2021
219000,Raub berf lle in Wohnungen,4012000,Bremerhaven,vers.,4,2,2,1,0,1,0,0,0,1,0,1,0,0,0,0,0,0,3,2,1,0,0,0,3,2,1,2021
219000,Raub berf lle in Wohnungen,4012000,Bremerhaven,insg.,26,17,9,1,0,1,0,0,0,1,0,1,1,1,0,2,2,0,18,12,6,4,2,2,22,14,8,2021
219000,Raub berf lle in Wohnungen,14511000,Chemnitz,voll.,14,9,5,0,0,0,0,0,0,0,0,0,1,1,0,5,4,1,8,4,4,0,0,0,8,4,4,2021
219000,Raub berf lle in Wohnungen,14511000,Chemnitz,vers.,2,1,1,0,0,0,0,0,0,0,0,0,0,0,0,1,0,1,0,0,0,1,1,0,1,1,0,2021
219000,Raub berf lle in Wohnungen,14511000,Chemnitz,insg.,16,10,6,0,0,0,0,0,0,0,0,0,1,1,0,6,4,2,8,4,4,1,1,0,9,5,4,2021
219000,Raub berf lle in Wohnungen,12052000,Cottbus,voll.,2,2,0,0,0,0,0,0,0,0,0,0,0,0,0,1,1,0,1,1,0,0,0,0,1,1,0,2021
219000,Raub berf lle in Wohnungen,12052000,Cottbus,vers.,0,0,0,0,0,0,0,0,0,0,0,0,0,0,0,0,0,0,0,0,0,0,0,0,0,0,0,2021
219000,Raub berf lle in Wohnungen,12052000,Cottbus,insg.,2,2,0,0,0,0,0,0,0,0,0,0,0,0,0,1,1,0,1,1,0,0,0,0,1,1,0,2021
219000,Raub berf lle in Wohnungen,6411000,Darmstadt,voll.,3,0,3,0,0,0,0,0,0,0,0,0,0,0,0,0,0,0,1,0,1,2,0,2,3,0,3,2021
219000,Raub berf lle in Wohnungen,6411000,Darmstadt,vers.,3,2,1,0,0,0,0,0,0,0,0,0,0,0,0,0,0,0,1,1,0,2,1,1,3,2,1,2021
219000,Raub berf lle in Wohnungen,6411000,Darmstadt,insg.,6,2,4,0,0,0,0,0,0,0,0,0,0,0,0,0,0,0,2,1,1,4,1,3,6,2,4,2021
219000,Raub berf lle in Wohnungen,5913000,Dortmund,voll.,36,19,17,0,0,0,0,0,0,0,0,0,0,0,0,3,2,1,20,11,9,13,6,7,33,17,16,2021
219000,Raub berf lle in Wohnungen,5913000,Dortmund,vers.,4,1,3,0,0,0,1,0,1,1,0,1,0,0,0,0,0,0,3,1,2,0,0,0,3,1,2,2021
219000,Raub berf lle in Wohnungen,5913000,Dortmund,insg.,40,20,20,0,0,0,1,0,1,1,0,1,0,0,0,3,2,1,23,12,11,13,6,7,36,18,18,2021
219000,Raub berf lle in Wohnungen,14612000,Dresden,voll.,31,26,5,0,0,0,0,0,0,0,0,0,1,1,0,5,5,0,24,19,5,1,1,0,25,20,5,2021
219000,Raub berf lle in Wohnungen,14612000,Dresden,vers.,5,5,0,0,0,0,0,0,0,0,0,0,0,0,0,0,0,0,5,5,0,0,0,0,5,5,0,2021
219000,Raub berf lle in Wohnungen,14612000,Dresden,insg.,36,31,5,0,0,0,0,0,0,0,0,0,1,1,0,5,5,0,29,24,5,1,1,0,30,25,5,2021
219000,Raub berf lle in Wohnungen,5112000,Duisburg,voll.,30,16,14,0,0,0,1,1,0,1,1,0,2,1,1,3,2,1,21,10,11,3,2,1,24,12,12,2021
219000,Raub berf lle in Wohnungen,5112000,Duisburg,vers.,10,7,3,0,0,0,0,0,0,0,0,0,2,0,2,1,1,0,6,5,1,1,1,0,7,6,1,2021
219000,Raub berf lle in Wohnungen,5112000,Duisburg,insg.,40,23,17,0,0,0,1,1,0,1,1,0,4,1,3,4,3,1,27,15,12,4,3,1,31,18,13,2021
219000,Raub berf lle in Wohnungen,5111000,D sseldorf,voll.,16,9,7,0,0,0,1,1,0,1,1,0,0,0,0,1,0,1,9,6,3,5,2,3,14,8,6,2021
219000,Raub berf lle in Wohnungen,5111000,D sseldorf,vers.,4,2,2,0,0,0,0,0,0,0,0,0,0,0,0,0,0,0,2,2,0,2,0,2,4,2,2,2021
219000,Raub berf lle in Wohnungen,5111000,D sseldorf,insg.,20,11,9,0,0,0,1,1,0,1,1,0,0,0,0,1,0,1,11,8,3,7,2,5,18,10,8,2021
219000,Raub berf lle in Wohnungen,16051000,Erfurt,voll.,16,12,4,0,0,0,1,0,1,1,0,1,0,0,0,1,1,0,13,10,3,1,1,0,14,11,3,2021
219000,Raub berf lle in Wohnungen,16051000,Erfurt,vers.,1,1,0,0,0,0,0,0,0,0,0,0,0,0,0,0,0,0,1,1,0,0,0,0,1,1,0,2021
219000,Raub berf lle in Wohnungen,16051000,Erfurt,insg.,17,13,4,0,0,0,1,0,1,1,0,1,0,0,0,1,1,0,14,11,3,1,1,0,15,12,3,2021
219000,Raub berf lle in Wohnungen,9562000,Erlangen,voll.,0,0,0,0,0,0,0,0,0,0,0,0,0,0,0,0,0,0,0,0,0,0,0,0,0,0,0,2021
219000,Raub berf lle in Wohnungen,9562000,Erlangen,vers.,0,0,0,0,0,0,0,0,0,0,0,0,0,0,0,0,0,0,0,0,0,0,0,0,0,0,0,2021
219000,Raub berf lle in Wohnungen,9562000,Erlangen,insg.,0,0,0,0,0,0,0,0,0,0,0,0,0,0,0,0,0,0,0,0,0,0,0,0,0,0,0,2021
219000,Raub berf lle in Wohnungen,5113000,Essen,voll.,37,24,13,0,0,0,0,0,0,0,0,0,2,1,1,1,0,1,18,15,3,16,8,8,34,23,11,2021
219000,Raub berf lle in Wohnungen,5113000,Essen,vers.,5,3,2,0,0,0,0,0,0,0,0,0,0,0,0,0,0,0,3,2,1,2,1,1,5,3,2,2021
219000,Raub berf lle in Wohnungen,5113000,Essen,insg.,42,27,15,0,0,0,0,0,0,0,0,0,2,1,1,1,0,1,21,17,4,18,9,9,39,26,13,2021
219000,Raub berf lle in Wohnungen,6412000,Frankfurt am Main,voll.,22,13,9,0,0,0,0,0,0,0,0,0,0,0,0,1,1,0,17,11,6,4,1,3,21,12,9,2021
219000,Raub berf lle in Wohnungen,6412000,Frankfurt am Main,vers.,5,4,1,0,0,0,0,0,0,0,0,0,0,0,0,1,0,1,2,2,0,2,2,0,4,4,0,2021
219000,Raub berf lle in Wohnungen,6412000,Frankfurt am Main,insg.,27,17,10,0,0,0,0,0,0,0,0,0,0,0,0,2,1,1,19,13,6,6,3,3,25,16,9,2021
219000,Raub berf lle in Wohnungen,8311000,Freiburg im Breisgau,voll.,7,7,0,0,0,0,0,0,0,0,0,0,0,0,0,1,1,0,4,4,0,2,2,0,6,6,0,2021
219000,Raub berf lle in Wohnungen,8311000,Freiburg im Breisgau,vers.,0,0,0,0,0,0,0,0,0,0,0,0,0,0,0,0,0,0,0,0,0,0,0,0,0,0,0,2021
219000,Raub berf lle in Wohnungen,8311000,Freiburg im Breisgau,insg.,7,7,0,0,0,0,0,0,0,0,0,0,0,0,0,1,1,0,4,4,0,2,2,0,6,6,0,2021
219000,Raub berf lle in Wohnungen,9563000,F rth,voll.,2,2,0,0,0,0,0,0,0,0,0,0,0,0,0,0,0,0,2,2,0,0,0,0,2,2,0,2021
219000,Raub berf lle in Wohnungen,9563000,F rth,vers.,0,0,0,0,0,0,0,0,0,0,0,0,0,0,0,0,0,0,0,0,0,0,0,0,0,0,0,2021
219000,Raub berf lle in Wohnungen,9563000,F rth,insg.,2,2,0,0,0,0,0,0,0,0,0,0,0,0,0,0,0,0,2,2,0,0,0,0,2,2,0,2021
219000,Raub berf lle in Wohnungen,5513000,Gelsenkirchen,voll.,15,8,7,0,0,0,0,0,0,0,0,0,0,0,0,0,0,0,10,7,3,5,1,4,15,8,7,2021
219000,Raub berf lle in Wohnungen,5513000,Gelsenkirchen,vers.,5,1,4,0,0,0,0,0,0,0,0,0,0,0,0,0,0,0,3,1,2,2,0,2,5,1,4,2021
219000,Raub berf lle in Wohnungen,5513000,Gelsenkirchen,insg.,20,9,11,0,0,0,0,0,0,0,0,0,0,0,0,0,0,0,13,8,5,7,1,6,20,9,11,2021
219000,Raub berf lle in Wohnungen,3159016,G ttingen,voll.,4,3,1,0,0,0,0,0,0,0,0,0,1,1,0,0,0,0,2,2,0,1,0,1,3,2,1,2021
219000,Raub berf lle in Wohnungen,3159016,G ttingen,vers.,3,2,1,0,0,0,0,0,0,0,0,0,0,0,0,0,0,0,3,2,1,0,0,0,3,2,1,2021
219000,Raub berf lle in Wohnungen,3159016,G ttingen,insg.,7,5,2,0,0,0,0,0,0,0,0,0,1,1,0,0,0,0,5,4,1,1,0,1,6,4,2,2021
219000,Raub berf lle in Wohnungen,5754008,G tersloh,voll.,2,1,1,0,0,0,0,0,0,0,0,0,0,0,0,0,0,0,1,1,0,1,0,1,2,1,1,2021
219000,Raub berf lle in Wohnungen,5754008,G tersloh,vers.,4,3,1,0,0,0,0,0,0,0,0,0,0,0,0,1,0,1,3,3,0,0,0,0,3,3,0,2021
219000,Raub berf lle in Wohnungen,5754008,G tersloh,insg.,6,4,2,0,0,0,0,0,0,0,0,0,0,0,0,1,0,1,4,4,0,1,0,1,5,4,1,2021
219000,Raub berf lle in Wohnungen,5914000,Hagen,voll.,10,8,2,0,0,0,0,0,0,0,0,0,0,0,0,3,3,0,5,3,2,2,2,0,7,5,2,2021
219000,Raub berf lle in Wohnungen,5914000,Hagen,vers.,1,1,0,0,0,0,0,0,0,0,0,0,0,0,0,0,0,0,1,1,0,0,0,0,1,1,0,2021
219000,Raub berf lle in Wohnungen,5914000,Hagen,insg.,11,9,2,0,0,0,0,0,0,0,0,0,0,0,0,3,3,0,6,4,2,2,2,0,8,6,2,2021
219000,Raub berf lle in Wohnungen,15002000,Halle (Saale),voll.,11,7,4,0,0,0,0,0,0,0,0,0,0,0,0,2,0,2,8,6,2,1,1,0,9,7,2,2021
219000,Raub berf lle in Wohnungen,15002000,Halle (Saale),vers.,2,2,0,0,0,0,0,0,0,0,0,0,0,0,0,0,0,0,2,2,0,0,0,0,2,2,0,2021
219000,Raub berf lle in Wohnungen,15002000,Halle (Saale),insg.,13,9,4,0,0,0,0,0,0,0,0,0,0,0,0,2,0,2,10,8,2,1,1,0,11,9,2,2021
219000,Raub berf lle in Wohnungen,2000000,Hamburg,voll.,58,32,26,1,0,1,2,2,0,3,2,1,4,4,0,7,2,5,30,20,10,14,4,10,44,24,20,2021
219000,Raub berf lle in Wohnungen,2000000,Hamburg,vers.,17,9,8,0,0,0,0,0,0,0,0,0,0,0,0,3,2,1,10,5,5,4,2,2,14,7,7,2021
219000,Raub berf lle in Wohnungen,2000000,Hamburg,insg.,75,41,34,1,0,1,2,2,0,3,2,1,4,4,0,10,4,6,40,25,15,18,6,12,58,31,27,2021
219000,Raub berf lle in Wohnungen,5915000,Hamm,voll.,6,5,1,0,0,0,0,0,0,0,0,0,0,0,0,0,0,0,5,4,1,1,1,0,6,5,1,2021
219000,Raub berf lle in Wohnungen,5915000,Hamm,vers.,1,1,0,0,0,0,0,0,0,0,0,0,0,0,0,0,0,0,0,0,0,1,1,0,1,1,0,2021
219000,Raub berf lle in Wohnungen,5915000,Hamm,insg.,7,6,1,0,0,0,0,0,0,0,0,0,0,0,0,0,0,0,5,4,1,2,2,0,7,6,1,2021
219000,Raub berf lle in Wohnungen,3241001,Hannover,voll.,20,9,11,0,0,0,0,0,0,0,0,0,1,1,0,0,0,0,17,8,9,2,0,2,19,8,11,2021
219000,Raub berf lle in Wohnungen,3241001,Hannover,vers.,9,3,6,0,0,0,0,0,0,0,0,0,0,0,0,0,0,0,5,2,3,4,1,3,9,3,6,2021
219000,Raub berf lle in Wohnungen,3241001,Hannover,insg.,29,12,17,0,0,0,0,0,0,0,0,0,1,1,0,0,0,0,22,10,12,6,1,5,28,11,17,2021
219000,Raub berf lle in Wohnungen,8221000,Heidelberg,voll.,3,3,0,0,0,0,0,0,0,0,0,0,0,0,0,1,1,0,2,2,0,0,0,0,2,2,0,2021
219000,Raub berf lle in Wohnungen,8221000,Heidelberg,vers.,0,0,0,0,0,0,0,0,0,0,0,0,0,0,0,0,0,0,0,0,0,0,0,0,0,0,0,2021
219000,Raub berf lle in Wohnungen,8221000,Heidelberg,insg.,3,3,0,0,0,0,0,0,0,0,0,0,0,0,0,1,1,0,2,2,0,0,0,0,2,2,0,2021
219000,Raub berf lle in Wohnungen,8121000,Heilbronn,voll.,3,2,1,0,0,0,0,0,0,0,0,0,0,0,0,1,1,0,2,1,1,0,0,0,2,1,1,2021
219000,Raub berf lle in Wohnungen,8121000,Heilbronn,vers.,0,0,0,0,0,0,0,0,0,0,0,0,0,0,0,0,0,0,0,0,0,0,0,0,0,0,0,2021
219000,Raub berf lle in Wohnungen,8121000,Heilbronn,insg.,3,2,1,0,0,0,0,0,0,0,0,0,0,0,0,1,1,0,2,1,1,0,0,0,2,1,1,2021
219000,Raub berf lle in Wohnungen,5916000,Herne,voll.,7,3,4,0,0,0,0,0,0,0,0,0,1,1,0,1,1,0,3,1,2,2,0,2,5,1,4,2021
219000,Raub berf lle in Wohnungen,5916000,Herne,vers.,4,2,2,0,0,0,0,0,0,0,0,0,0,0,0,1,1,0,2,1,1,1,0,1,3,1,2,2021
219000,Raub berf lle in Wohnungen,5916000,Herne,insg.,11,5,6,0,0,0,0,0,0,0,0,0,1,1,0,2,2,0,5,2,3,3,0,3,8,2,6,2021
219000,Raub berf lle in Wohnungen,3254021,Hildesheim,voll.,7,4,3,0,0,0,0,0,0,0,0,0,0,0,0,1,0,1,5,3,2,1,1,0,6,4,2,2021
219000,Raub berf lle in Wohnungen,3254021,Hildesheim,vers.,0,0,0,0,0,0,0,0,0,0,0,0,0,0,0,0,0,0,0,0,0,0,0,0,0,0,0,2021
219000,Raub berf lle in Wohnungen,3254021,Hildesheim,insg.,7,4,3,0,0,0,0,0,0,0,0,0,0,0,0,1,0,1,5,3,2,1,1,0,6,4,2,2021
219000,Raub berf lle in Wohnungen,9161000,Ingolstadt,voll.,0,0,0,0,0,0,0,0,0,0,0,0,0,0,0,0,0,0,0,0,0,0,0,0,0,0,0,2021
219000,Raub berf lle in Wohnungen,9161000,Ingolstadt,vers.,0,0,0,0,0,0,0,0,0,0,0,0,0,0,0,0,0,0,0,0,0,0,0,0,0,0,0,2021
219000,Raub berf lle in Wohnungen,9161000,Ingolstadt,insg.,0,0,0,0,0,0,0,0,0,0,0,0,0,0,0,0,0,0,0,0,0,0,0,0,0,0,0,2021
219000,Raub berf lle in Wohnungen,16053000,Jena,voll.,2,0,2,0,0,0,1,0,1,1,0,1,0,0,0,0,0,0,0,0,0,1,0,1,1,0,1,2021
219000,Raub berf lle in Wohnungen,16053000,Jena,vers.,1,0,1,0,0,0,0,0,0,0,0,0,0,0,0,0,0,0,1,0,1,0,0,0,1,0,1,2021
219000,Raub berf lle in Wohnungen,16053000,Jena,insg.,3,0,3,0,0,0,1,0,1,1,0,1,0,0,0,0,0,0,1,0,1,1,0,1,2,0,2,2021
219000,Raub berf lle in Wohnungen,7312000,Kaiserslautern,voll.,6,6,0,0,0,0,0,0,0,0,0,0,0,0,0,1,1,0,5,5,0,0,0,0,5,5,0,2021
219000,Raub berf lle in Wohnungen,7312000,Kaiserslautern,vers.,0,0,0,0,0,0,0,0,0,0,0,0,0,0,0,0,0,0,0,0,0,0,0,0,0,0,0,2021
219000,Raub berf lle in Wohnungen,7312000,Kaiserslautern,insg.,6,6,0,0,0,0,0,0,0,0,0,0,0,0,0,1,1,0,5,5,0,0,0,0,5,5,0,2021
219000,Raub berf lle in Wohnungen,8212000,Karlsruhe,voll.,4,2,2,0,0,0,0,0,0,0,0,0,1,0,1,0,0,0,1,1,0,2,1,1,3,2,1,2021
219000,Raub berf lle in Wohnungen,8212000,Karlsruhe,vers.,1,1,0,0,0,0,0,0,0,0,0,0,0,0,0,0,0,0,1,1,0,0,0,0,1,1,0,2021
219000,Raub berf lle in Wohnungen,8212000,Karlsruhe,insg.,5,3,2,0,0,0,0,0,0,0,0,0,1,0,1,0,0,0,2,2,0,2,1,1,4,3,1,2021
219000,Raub berf lle in Wohnungen,6611000,Kassel,voll.,16,9,7,0,0,0,0,0,0,0,0,0,0,0,0,0,0,0,12,7,5,4,2,2,16,9,7,2021
219000,Raub berf lle in Wohnungen,6611000,Kassel,vers.,6,4,2,0,0,0,0,0,0,0,0,0,0,0,0,1,1,0,4,2,2,1,1,0,5,3,2,2021
219000,Raub berf lle in Wohnungen,6611000,Kassel,insg.,22,13,9,0,0,0,0,0,0,0,0,0,0,0,0,1,1,0,16,9,7,5,3,2,21,12,9,2021
219000,Raub berf lle in Wohnungen,1002000,Kiel,voll.,12,9,3,0,0,0,0,0,0,0,0,0,1,0,1,0,0,0,10,9,1,1,0,1,11,9,2,2021
219000,Raub berf lle in Wohnungen,1002000,Kiel,vers.,5,2,3,0,0,0,0,0,0,0,0,0,0,0,0,1,1,0,4,1,3,0,0,0,4,1,3,2021
219000,Raub berf lle in Wohnungen,1002000,Kiel,insg.,17,11,6,0,0,0,0,0,0,0,0,0,1,0,1,1,1,0,14,10,4,1,0,1,15,10,5,2021
219000,Raub berf lle in Wohnungen,7111000,Koblenz,voll.,3,2,1,0,0,0,0,0,0,0,0,0,0,0,0,0,0,0,3,2,1,0,0,0,3,2,1,2021
219000,Raub berf lle in Wohnungen,7111000,Koblenz,vers.,1,1,0,0,0,0,0,0,0,0,0,0,0,0,0,0,0,0,1,1,0,0,0,0,1,1,0,2021
219000,Raub berf lle in Wohnungen,7111000,Koblenz,insg.,4,3,1,0,0,0,0,0,0,0,0,0,0,0,0,0,0,0,4,3,1,0,0,0,4,3,1,2021
219000,Raub berf lle in Wohnungen,5315000,K ln,voll.,36,23,13,0,0,0,0,0,0,0,0,0,1,1,0,0,0,0,31,21,10,4,1,3,35,22,13,2021
219000,Raub berf lle in Wohnungen,5315000,K ln,vers.,4,1,3,0,0,0,0,0,0,0,0,0,1,0,1,0,0,0,3,1,2,0,0,0,3,1,2,2021
219000,Raub berf lle in Wohnungen,5315000,K ln,insg.,40,24,16,0,0,0,0,0,0,0,0,0,2,1,1,0,0,0,34,22,12,4,1,3,38,23,15,2021
219000,Raub berf lle in Wohnungen,5114000,Krefeld,voll.,11,10,1,0,0,0,0,0,0,0,0,0,0,0,0,0,0,0,7,7,0,4,3,1,11,10,1,2021
219000,Raub berf lle in Wohnungen,5114000,Krefeld,vers.,1,1,0,0,0,0,0,0,0,0,0,0,0,0,0,0,0,0,1,1,0,0,0,0,1,1,0,2021
219000,Raub berf lle in Wohnungen,5114000,Krefeld,insg.,12,11,1,0,0,0,0,0,0,0,0,0,0,0,0,0,0,0,8,8,0,4,3,1,12,11,1,2021
219000,Raub berf lle in Wohnungen,14713000,Leipzig,voll.,36,23,13,1,1,0,0,0,0,1,1,0,1,1,0,4,2,2,28,18,10,2,1,1,30,19,11,2021
219000,Raub berf lle in Wohnungen,14713000,Leipzig,vers.,3,1,2,0,0,0,0,0,0,0,0,0,0,0,0,0,0,0,3,1,2,0,0,0,3,1,2,2021
219000,Raub berf lle in Wohnungen,14713000,Leipzig,insg.,39,24,15,1,1,0,0,0,0,1,1,0,1,1,0,4,2,2,31,19,12,2,1,1,33,20,13,2021
219000,Raub berf lle in Wohnungen,5316000,Leverkusen,voll.,4,3,1,0,0,0,0,0,0,0,0,0,0,0,0,1,1,0,1,1,0,2,1,1,3,2,1,2021
219000,Raub berf lle in Wohnungen,5316000,Leverkusen,vers.,2,1,1,0,0,0,0,0,0,0,0,0,0,0,0,0,0,0,1,0,1,1,1,0,2,1,1,2021
219000,Raub berf lle in Wohnungen,5316000,Leverkusen,insg.,6,4,2,0,0,0,0,0,0,0,0,0,0,0,0,1,1,0,2,1,1,3,2,1,5,3,2,2021
219000,Raub berf lle in Wohnungen,1003000,L beck,voll.,10,8,2,0,0,0,0,0,0,0,0,0,2,2,0,1,1,0,7,5,2,0,0,0,7,5,2,2021
219000,Raub berf lle in Wohnungen,1003000,L beck,vers.,1,0,1,0,0,0,0,0,0,0,0,0,1,0,1,0,0,0,0,0,0,0,0,0,0,0,0,2021
219000,Raub berf lle in Wohnungen,1003000,L beck,insg.,11,8,3,0,0,0,0,0,0,0,0,0,3,2,1,1,1,0,7,5,2,0,0,0,7,5,2,2021
219000,Raub berf lle in Wohnungen,7314000,Ludwigshafen am Rhein,voll.,6,2,4,0,0,0,0,0,0,0,0,0,0,0,0,1,0,1,4,1,3,1,1,0,5,2,3,2021
219000,Raub berf lle in Wohnungen,7314000,Ludwigshafen am Rhein,vers.,0,0,0,0,0,0,0,0,0,0,0,0,0,0,0,0,0,0,0,0,0,0,0,0,0,0,0,2021
219000,Raub berf lle in Wohnungen,7314000,Ludwigshafen am Rhein,insg.,6,2,4,0,0,0,0,0,0,0,0,0,0,0,0,1,0,1,4,1,3,1,1,0,5,2,3,2021
219000,Raub berf lle in Wohnungen,15003000,Magdeburg,voll.,11,7,4,0,0,0,0,0,0,0,0,0,0,0,0,1,1,0,10,6,4,0,0,0,10,6,4,2021
219000,Raub berf lle in Wohnungen,15003000,Magdeburg,vers.,4,2,2,0,0,0,1,0,1,1,0,1,0,0,0,0,0,0,3,2,1,0,0,0,3,2,1,2021
219000,Raub berf lle in Wohnungen,15003000,Magdeburg,insg.,15,9,6,0,0,0,1,0,1,1,0,1,0,0,0,1,1,0,13,8,5,0,0,0,13,8,5,2021
219000,Raub berf lle in Wohnungen,7315000,Mainz,voll.,0,0,0,0,0,0,0,0,0,0,0,0,0,0,0,0,0,0,0,0,0,0,0,0,0,0,0,2021
219000,Raub berf lle in Wohnungen,7315000,Mainz,vers.,2,2,0,0,0,0,0,0,0,0,0,0,0,0,0,0,0,0,1,1,0,1,1,0,2,2,0,2021
219000,Raub berf lle in Wohnungen,7315000,Mainz,insg.,2,2,0,0,0,0,0,0,0,0,0,0,0,0,0,0,0,0,1,1,0,1,1,0,2,2,0,2021
219000,Raub berf lle in Wohnungen,8222000,Mannheim,voll.,8,6,2,0,0,0,0,0,0,0,0,0,0,0,0,1,1,0,7,5,2,0,0,0,7,5,2,2021
219000,Raub berf lle in Wohnungen,8222000,Mannheim,vers.,0,0,0,0,0,0,0,0,0,0,0,0,0,0,0,0,0,0,0,0,0,0,0,0,0,0,0,2021
219000,Raub berf lle in Wohnungen,8222000,Mannheim,insg.,8,6,2,0,0,0,0,0,0,0,0,0,0,0,0,1,1,0,7,5,2,0,0,0,7,5,2,2021
219000,Raub berf lle in Wohnungen,5170024,Moers,voll.,3,3,0,0,0,0,0,0,0,0,0,0,0,0,0,0,0,0,3,3,0,0,0,0,3,3,0,2021
219000,Raub berf lle in Wohnungen,5170024,Moers,vers.,1,1,0,0,0,0,0,0,0,0,0,0,0,0,0,0,0,0,0,0,0,1,1,0,1,1,0,2021
219000,Raub berf lle in Wohnungen,5170024,Moers,insg.,4,4,0,0,0,0,0,0,0,0,0,0,0,0,0,0,0,0,3,3,0,1,1,0,4,4,0,2021
219000,Raub berf lle in Wohnungen,5116000,M nchengladbach,voll.,14,9,5,0,0,0,0,0,0,0,0,0,0,0,0,5,4,1,6,5,1,3,0,3,9,5,4,2021
219000,Raub berf lle in Wohnungen,5116000,M nchengladbach,vers.,4,2,2,0,0,0,0,0,0,0,0,0,0,0,0,0,0,0,1,1,0,3,1,2,4,2,2,2021
219000,Raub berf lle in Wohnungen,5116000,M nchengladbach,insg.,18,11,7,0,0,0,0,0,0,0,0,0,0,0,0,5,4,1,7,6,1,6,1,5,13,7,6,2021
219000,Raub berf lle in Wohnungen,5117000,M lheim an der Ruhr,voll.,9,5,4,0,0,0,0,0,0,0,0,0,0,0,0,0,0,0,5,3,2,4,2,2,9,5,4,2021
219000,Raub berf lle in Wohnungen,5117000,M lheim an der Ruhr,vers.,2,1,1,0,0,0,0,0,0,0,0,0,0,0,0,0,0,0,0,0,0,2,1,1,2,1,1,2021
219000,Raub berf lle in Wohnungen,5117000,M lheim an der Ruhr,insg.,11,6,5,0,0,0,0,0,0,0,0,0,0,0,0,0,0,0,5,3,2,6,3,3,11,6,5,2021
219000,Raub berf lle in Wohnungen,9162000,M nchen,voll.,18,9,9,0,0,0,0,0,0,0,0,0,2,2,0,0,0,0,13,6,7,3,1,2,16,7,9,2021
219000,Raub berf lle in Wohnungen,9162000,M nchen,vers.,6,3,3,0,0,0,0,0,0,0,0,0,0,0,0,1,1,0,5,2,3,0,0,0,5,2,3,2021
219000,Raub berf lle in Wohnungen,9162000,M nchen,insg.,24,12,12,0,0,0,0,0,0,0,0,0,2,2,0,1,1,0,18,8,10,3,1,2,21,9,12,2021
219000,Raub berf lle in Wohnungen,5515000,M nster,voll.,12,7,5,0,0,0,0,0,0,0,0,0,1,0,1,1,0,1,8,6,2,2,1,1,10,7,3,2021
219000,Raub berf lle in Wohnungen,5515000,M nster,vers.,1,0,1,0,0,0,0,0,0,0,0,0,0,0,0,0,0,0,1,0,1,0,0,0,1,0,1,2021
219000,Raub berf lle in Wohnungen,5515000,M nster,insg.,13,7,6,0,0,0,0,0,0,0,0,0,1,0,1,1,0,1,9,6,3,2,1,1,11,7,4,2021
219000,Raub berf lle in Wohnungen,5162024,Neuss,voll.,3,2,1,0,0,0,0,0,0,0,0,0,0,0,0,1,1,0,2,1,1,0,0,0,2,1,1,2021
219000,Raub berf lle in Wohnungen,5162024,Neuss,vers.,0,0,0,0,0,0,0,0,0,0,0,0,0,0,0,0,0,0,0,0,0,0,0,0,0,0,0,2021
219000,Raub berf lle in Wohnungen,5162024,Neuss,insg.,3,2,1,0,0,0,0,0,0,0,0,0,0,0,0,1,1,0,2,1,1,0,0,0,2,1,1,2021
219000,Raub berf lle in Wohnungen,9564000,N rnberg,voll.,14,8,6,0,0,0,0,0,0,0,0,0,0,0,0,0,0,0,12,7,5,2,1,1,14,8,6,2021
219000,Raub berf lle in Wohnungen,9564000,N rnberg,vers.,5,1,4,0,0,0,0,0,0,0,0,0,0,0,0,0,0,0,3,1,2,2,0,2,5,1,4,2021
219000,Raub berf lle in Wohnungen,9564000,N rnberg,insg.,19,9,10,0,0,0,0,0,0,0,0,0,0,0,0,0,0,0,15,8,7,4,1,3,19,9,10,2021
219000,Raub berf lle in Wohnungen,5119000,Oberhausen,voll.,14,10,4,0,0,0,0,0,0,0,0,0,1,1,0,1,1,0,10,6,4,2,2,0,12,8,4,2021
219000,Raub berf lle in Wohnungen,5119000,Oberhausen,vers.,4,3,1,0,0,0,0,0,0,0,0,0,0,0,0,3,2,1,1,1,0,0,0,0,1,1,0,2021
219000,Raub berf lle in Wohnungen,5119000,Oberhausen,insg.,18,13,5,0,0,0,0,0,0,0,0,0,1,1,0,4,3,1,11,7,4,2,2,0,13,9,4,2021
219000,Raub berf lle in Wohnungen,6413000,Offenbach am Main,voll.,12,6,6,0,0,0,0,0,0,0,0,0,0,0,0,0,0,0,6,3,3,6,3,3,12,6,6,2021
219000,Raub berf lle in Wohnungen,6413000,Offenbach am Main,vers.,1,1,0,0,0,0,0,0,0,0,0,0,0,0,0,0,0,0,1,1,0,0,0,0,1,1,0,2021
219000,Raub berf lle in Wohnungen,6413000,Offenbach am Main,insg.,13,7,6,0,0,0,0,0,0,0,0,0,0,0,0,0,0,0,7,4,3,6,3,3,13,7,6,2021
219000,Raub berf lle in Wohnungen,3403000,Oldenburg (Oldenburg),voll.,5,4,1,0,0,0,0,0,0,0,0,0,0,0,0,0,0,0,5,4,1,0,0,0,5,4,1,2021
219000,Raub berf lle in Wohnungen,3403000,Oldenburg (Oldenburg),vers.,2,1,1,0,0,0,0,0,0,0,0,0,0,0,0,0,0,0,2,1,1,0,0,0,2,1,1,2021
219000,Raub berf lle in Wohnungen,3403000,Oldenburg (Oldenburg),insg.,7,5,2,0,0,0,0,0,0,0,0,0,0,0,0,0,0,0,7,5,2,0,0,0,7,5,2,2021
219000,Raub berf lle in Wohnungen,3404000,Osnabr ck,voll.,7,4,3,0,0,0,0,0,0,0,0,0,0,0,0,1,1,0,4,1,3,2,2,0,6,3,3,2021
219000,Raub berf lle in Wohnungen,3404000,Osnabr ck,vers.,1,1,0,0,0,0,0,0,0,0,0,0,1,1,0,0,0,0,0,0,0,0,0,0,0,0,0,2021
219000,Raub berf lle in Wohnungen,3404000,Osnabr ck,insg.,8,5,3,0,0,0,0,0,0,0,0,0,1,1,0,1,1,0,4,1,3,2,2,0,6,3,3,2021
219000,Raub berf lle in Wohnungen,5774032,Paderborn,voll.,5,4,1,0,0,0,0,0,0,0,0,0,0,0,0,0,0,0,5,4,1,0,0,0,5,4,1,2021
219000,Raub berf lle in Wohnungen,5774032,Paderborn,vers.,2,1,1,0,0,0,0,0,0,0,0,0,0,0,0,1,1,0,0,0,0,1,0,1,1,0,1,2021
219000,Raub berf lle in Wohnungen,5774032,Paderborn,insg.,7,5,2,0,0,0,0,0,0,0,0,0,0,0,0,1,1,0,5,4,1,1,0,1,6,4,2,2021
219000,Raub berf lle in Wohnungen,8231000,Pforzheim,voll.,3,1,2,0,0,0,0,0,0,0,0,0,0,0,0,0,0,0,3,1,2,0,0,0,3,1,2,2021
219000,Raub berf lle in Wohnungen,8231000,Pforzheim,vers.,0,0,0,0,0,0,0,0,0,0,0,0,0,0,0,0,0,0,0,0,0,0,0,0,0,0,0,2021
219000,Raub berf lle in Wohnungen,8231000,Pforzheim,insg.,3,1,2,0,0,0,0,0,0,0,0,0,0,0,0,0,0,0,3,1,2,0,0,0,3,1,2,2021
219000,Raub berf lle in Wohnungen,12054000,Potsdam,voll.,4,0,4,0,0,0,0,0,0,0,0,0,0,0,0,0,0,0,4,0,4,0,0,0,4,0,4,2021
219000,Raub berf lle in Wohnungen,12054000,Potsdam,vers.,0,0,0,0,0,0,0,0,0,0,0,0,0,0,0,0,0,0,0,0,0,0,0,0,0,0,0,2021
219000,Raub berf lle in Wohnungen,12054000,Potsdam,insg.,4,0,4,0,0,0,0,0,0,0,0,0,0,0,0,0,0,0,4,0,4,0,0,0,4,0,4,2021
219000,Raub berf lle in Wohnungen,5562032,Recklinghausen,voll.,7,3,4,0,0,0,0,0,0,0,0,0,1,1,0,0,0,0,2,1,1,4,1,3,6,2,4,2021
219000,Raub berf lle in Wohnungen,5562032,Recklinghausen,vers.,2,1,1,0,0,0,0,0,0,0,0,0,0,0,0,0,0,0,1,1,0,1,0,1,2,1,1,2021
219000,Raub berf lle in Wohnungen,5562032,Recklinghausen,insg.,9,4,5,0,0,0,0,0,0,0,0,0,1,1,0,0,0,0,3,2,1,5,1,4,8,3,5,2021
219000,Raub berf lle in Wohnungen,9362000,Regensburg,voll.,4,4,0,0,0,0,0,0,0,0,0,0,0,0,0,0,0,0,3,3,0,1,1,0,4,4,0,2021
219000,Raub berf lle in Wohnungen,9362000,Regensburg,vers.,1,1,0,0,0,0,0,0,0,0,0,0,0,0,0,0,0,0,1,1,0,0,0,0,1,1,0,2021
219000,Raub berf lle in Wohnungen,9362000,Regensburg,insg.,5,5,0,0,0,0,0,0,0,0,0,0,0,0,0,0,0,0,4,4,0,1,1,0,5,5,0,2021
219000,Raub berf lle in Wohnungen,5120000,Remscheid,voll.,3,3,0,0,0,0,0,0,0,0,0,0,0,0,0,0,0,0,1,1,0,2,2,0,3,3,0,2021
219000,Raub berf lle in Wohnungen,5120000,Remscheid,vers.,2,1,1,0,0,0,0,0,0,0,0,0,0,0,0,0,0,0,0,0,0,2,1,1,2,1,1,2021
219000,Raub berf lle in Wohnungen,5120000,Remscheid,insg.,5,4,1,0,0,0,0,0,0,0,0,0,0,0,0,0,0,0,1,1,0,4,3,1,5,4,1,2021
219000,Raub berf lle in Wohnungen,8415061,Reutlingen,voll.,0,0,0,0,0,0,0,0,0,0,0,0,0,0,0,0,0,0,0,0,0,0,0,0,0,0,0,2021
219000,Raub berf lle in Wohnungen,8415061,Reutlingen,vers.,2,2,0,0,0,0,0,0,0,0,0,0,0,0,0,0,0,0,2,2,0,0,0,0,2,2,0,2021
219000,Raub berf lle in Wohnungen,8415061,Reutlingen,insg.,2,2,0,0,0,0,0,0,0,0,0,0,0,0,0,0,0,0,2,2,0,0,0,0,2,2,0,2021
219000,Raub berf lle in Wohnungen,13003000,Rostock,voll.,9,7,2,0,0,0,0,0,0,0,0,0,0,0,0,2,2,0,5,5,0,2,0,2,7,5,2,2021
219000,Raub berf lle in Wohnungen,13003000,Rostock,vers.,2,2,0,0,0,0,0,0,0,0,0,0,0,0,0,1,1,0,1,1,0,0,0,0,1,1,0,2021
219000,Raub berf lle in Wohnungen,13003000,Rostock,insg.,11,9,2,0,0,0,0,0,0,0,0,0,0,0,0,3,3,0,6,6,0,2,0,2,8,6,2,2021
219000,Raub berf lle in Wohnungen,10041100,Saarbr cken,voll.,14,8,6,0,0,0,0,0,0,0,0,0,0,0,0,3,1,2,11,7,4,0,0,0,11,7,4,2021
219000,Raub berf lle in Wohnungen,10041100,Saarbr cken,vers.,2,2,0,0,0,0,0,0,0,0,0,0,1,1,0,0,0,0,1,1,0,0,0,0,1,1,0,2021
219000,Raub berf lle in Wohnungen,10041100,Saarbr cken,insg.,16,10,6,0,0,0,0,0,0,0,0,0,1,1,0,3,1,2,12,8,4,0,0,0,12,8,4,2021
219000,Raub berf lle in Wohnungen,3102000,Salzgitter,voll.,10,5,5,2,1,1,2,1,1,4,2,2,0,0,0,2,2,0,4,1,3,0,0,0,4,1,3,2021
219000,Raub berf lle in Wohnungen,3102000,Salzgitter,vers.,2,1,1,0,0,0,0,0,0,0,0,0,0,0,0,0,0,0,2,1,1,0,0,0,2,1,1,2021
219000,Raub berf lle in Wohnungen,3102000,Salzgitter,insg.,12,6,6,2,1,1,2,1,1,4,2,2,0,0,0,2,2,0,6,2,4,0,0,0,6,2,4,2021
219000,Raub berf lle in Wohnungen,13004000,Schwerin,voll.,9,7,2,0,0,0,0,0,0,0,0,0,0,0,0,1,1,0,8,6,2,0,0,0,8,6,2,2021
219000,Raub berf lle in Wohnungen,13004000,Schwerin,vers.,2,2,0,0,0,0,0,0,0,0,0,0,0,0,0,0,0,0,2,2,0,0,0,0,2,2,0,2021
219000,Raub berf lle in Wohnungen,13004000,Schwerin,insg.,11,9,2,0,0,0,0,0,0,0,0,0,0,0,0,1,1,0,10,8,2,0,0,0,10,8,2,2021
219000,Raub berf lle in Wohnungen,5970040,Siegen,voll.,3,2,1,0,0,0,0,0,0,0,0,0,0,0,0,0,0,0,2,1,1,1,1,0,3,2,1,2021
219000,Raub berf lle in Wohnungen,5970040,Siegen,vers.,1,0,1,0,0,0,0,0,0,0,0,0,0,0,0,0,0,0,1,0,1,0,0,0,1,0,1,2021
219000,Raub berf lle in Wohnungen,5970040,Siegen,insg.,4,2,2,0,0,0,0,0,0,0,0,0,0,0,0,0,0,0,3,1,2,1,1,0,4,2,2,2021
219000,Raub berf lle in Wohnungen,5122000,Solingen,voll.,4,3,1,0,0,0,0,0,0,0,0,0,0,0,0,0,0,0,4,3,1,0,0,0,4,3,1,2021
219000,Raub berf lle in Wohnungen,5122000,Solingen,vers.,2,2,0,0,0,0,0,0,0,0,0,0,0,0,0,0,0,0,0,0,0,2,2,0,2,2,0,2021
219000,Raub berf lle in Wohnungen,5122000,Solingen,insg.,6,5,1,0,0,0,0,0,0,0,0,0,0,0,0,0,0,0,4,3,1,2,2,0,6,5,1,2021
219000,Raub berf lle in Wohnungen,8111000,Stuttgart,voll.,21,7,14,0,0,0,0,0,0,0,0,0,0,0,0,2,1,1,16,4,12,3,2,1,19,6,13,2021
219000,Raub berf lle in Wohnungen,8111000,Stuttgart,vers.,7,4,3,0,0,0,0,0,0,0,0,0,0,0,0,1,1,0,4,2,2,2,1,1,6,3,3,2021
219000,Raub berf lle in Wohnungen,8111000,Stuttgart,insg.,28,11,17,0,0,0,0,0,0,0,0,0,0,0,0,3,2,1,20,6,14,5,3,2,25,9,16,2021
219000,Raub berf lle in Wohnungen,7211000,Trier,voll.,3,0,3,0,0,0,0,0,0,0,0,0,0,0,0,1,0,1,1,0,1,1,0,1,2,0,2,2021
219000,Raub berf lle in Wohnungen,7211000,Trier,vers.,0,0,0,0,0,0,0,0,0,0,0,0,0,0,0,0,0,0,0,0,0,0,0,0,0,0,0,2021
219000,Raub berf lle in Wohnungen,7211000,Trier,insg.,3,0,3,0,0,0,0,0,0,0,0,0,0,0,0,1,0,1,1,0,1,1,0,1,2,0,2,2021
219000,Raub berf lle in Wohnungen,8421000,Ulm,voll.,3,2,1,0,0,0,0,0,0,0,0,0,0,0,0,1,0,1,1,1,0,1,1,0,2,2,0,2021
219000,Raub berf lle in Wohnungen,8421000,Ulm,vers.,1,1,0,0,0,0,0,0,0,0,0,0,0,0,0,0,0,0,1,1,0,0,0,0,1,1,0,2021
219000,Raub berf lle in Wohnungen,8421000,Ulm,insg.,4,3,1,0,0,0,0,0,0,0,0,0,0,0,0,1,0,1,2,2,0,1,1,0,3,3,0,2021
219000,Raub berf lle in Wohnungen,6414000,Wiesbaden,voll.,13,9,4,0,0,0,0,0,0,0,0,0,0,0,0,1,1,0,9,5,4,3,3,0,12,8,4,2021
219000,Raub berf lle in Wohnungen,6414000,Wiesbaden,vers.,0,0,0,0,0,0,0,0,0,0,0,0,0,0,0,0,0,0,0,0,0,0,0,0,0,0,0,2021
219000,Raub berf lle in Wohnungen,6414000,Wiesbaden,insg.,13,9,4,0,0,0,0,0,0,0,0,0,0,0,0,1,1,0,9,5,4,3,3,0,12,8,4,2021
219000,Raub berf lle in Wohnungen,3103000,Wolfsburg,voll.,2,1,1,0,0,0,0,0,0,0,0,0,0,0,0,0,0,0,2,1,1,0,0,0,2,1,1,2021
219000,Raub berf lle in Wohnungen,3103000,Wolfsburg,vers.,0,0,0,0,0,0,0,0,0,0,0,0,0,0,0,0,0,0,0,0,0,0,0,0,0,0,0,2021
219000,Raub berf lle in Wohnungen,3103000,Wolfsburg,insg.,2,1,1,0,0,0,0,0,0,0,0,0,0,0,0,0,0,0,2,1,1,0,0,0,2,1,1,2021
219000,Raub berf lle in Wohnungen,5124000,Wuppertal,voll.,9,2,7,0,0,0,0,0,0,0,0,0,1,0,1,0,0,0,5,2,3,3,0,3,8,2,6,2021
219000,Raub berf lle in Wohnungen,5124000,Wuppertal,vers.,1,1,0,0,0,0,0,0,0,0,0,0,0,0,0,0,0,0,1,1,0,0,0,0,1,1,0,2021
219000,Raub berf lle in Wohnungen,5124000,Wuppertal,insg.,10,3,7,0,0,0,0,0,0,0,0,0,1,0,1,0,0,0,6,3,3,3,0,3,9,3,6,2021
219000,Raub berf lle in Wohnungen,9663000,W rzburg,voll.,0,0,0,0,0,0,0,0,0,0,0,0,0,0,0,0,0,0,0,0,0,0,0,0,0,0,0,2021
219000,Raub berf lle in Wohnungen,9663000,W rzburg,vers.,0,0,0,0,0,0,0,0,0,0,0,0,0,0,0,0,0,0,0,0,0,0,0,0,0,0,0,2021
219000,Raub berf lle in Wohnungen,9663000,W rzburg,insg.,0,0,0,0,0,0,0,0,0,0,0,0,0,0,0,0,0,0,0,0,0,0,0,0,0,0,0,2021
222000,"Gef hrliche und schwere K rperverletzung, Verst mmelung weiblicher Genitalien    224, 226, 226a, 231 StGB",5334002,Aachen,voll.,643,465,178,1,1,0,21,15,6,22,16,6,50,29,21,73,54,19,454,336,118,44,30,14,498,366,132,2021
222000,"Gef hrliche und schwere K rperverletzung, Verst mmelung weiblicher Genitalien    224, 226, 226a, 231 StGB",5334002,Aachen,vers.,123,75,48,0,0,0,2,2,0,2,2,0,7,2,5,2,0,2,93,60,33,19,11,8,112,71,41,2021
222000,"Gef hrliche und schwere K rperverletzung, Verst mmelung weiblicher Genitalien    224, 226, 226a, 231 StGB",5334002,Aachen,insg.,766,540,226,1,1,0,23,17,6,24,18,6,57,31,26,75,54,21,547,396,151,63,41,22,610,437,173,2021
222000,"Gef hrliche und schwere K rperverletzung, Verst mmelung weiblicher Genitalien    224, 226, 226a, 231 StGB",9761000,Augsburg,voll.,488,364,124,4,3,1,21,13,8,25,16,9,47,31,16,55,39,16,330,255,75,31,23,8,361,278,83,2021
222000,"Gef hrliche und schwere K rperverletzung, Verst mmelung weiblicher Genitalien    224, 226, 226a, 231 StGB",9761000,Augsburg,vers.,211,165,46,0,0,0,6,4,2,6,4,2,11,8,3,15,11,4,172,137,35,7,5,2,179,142,37,2021
222000,"Gef hrliche und schwere K rperverletzung, Verst mmelung weiblicher Genitalien    224, 226, 226a, 231 StGB",9761000,Augsburg,insg.,699,529,170,4,3,1,27,17,10,31,20,11,58,39,19,70,50,20,502,392,110,38,28,10,540,420,120,2021
222000,"Gef hrliche und schwere K rperverletzung, Verst mmelung weiblicher Genitalien    224, 226, 226a, 231 StGB",5378004,Bergisch Gladbach,voll.,137,81,56,0,0,0,5,2,3,5,2,3,11,9,2,11,7,4,103,58,45,7,5,2,110,63,47,2021
222000,"Gef hrliche und schwere K rperverletzung, Verst mmelung weiblicher Genitalien    224, 226, 226a, 231 StGB",5378004,Bergisch Gladbach,vers.,38,27,11,0,0,0,0,0,0,0,0,0,3,3,0,1,1,0,31,23,8,3,0,3,34,23,11,2021
222000,"Gef hrliche und schwere K rperverletzung, Verst mmelung weiblicher Genitalien    224, 226, 226a, 231 StGB",5378004,Bergisch Gladbach,insg.,175,108,67,0,0,0,5,2,3,5,2,3,14,12,2,12,8,4,134,81,53,10,5,5,144,86,58,2021
222000,"Gef hrliche und schwere K rperverletzung, Verst mmelung weiblicher Genitalien    224, 226, 226a, 231 StGB",11000000,Berlin,voll.,9696,7328,2368,35,20,15,507,308,199,542,328,214,922,658,264,845,639,206,6972,5431,1541,415,272,143,7387,5703,1684,2021
222000,"Gef hrliche und schwere K rperverletzung, Verst mmelung weiblicher Genitalien    224, 226, 226a, 231 StGB",11000000,Berlin,vers.,2526,1848,678,37,19,18,66,36,30,103,55,48,121,80,41,139,105,34,2008,1505,503,155,103,52,2163,1608,555,2021
222000,"Gef hrliche und schwere K rperverletzung, Verst mmelung weiblicher Genitalien    224, 226, 226a, 231 StGB",11000000,Berlin,insg.,12222,9176,3046,72,39,33,573,344,229,645,383,262,1043,738,305,984,744,240,8980,6936,2044,570,375,195,9550,7311,2239,2021
222000,"Gef hrliche und schwere K rperverletzung, Verst mmelung weiblicher Genitalien    224, 226, 226a, 231 StGB",5711000,Bielefeld,voll.,560,382,178,2,1,1,13,9,4,15,10,5,66,38,28,66,47,19,393,276,117,20,11,9,413,287,126,2021
222000,"Gef hrliche und schwere K rperverletzung, Verst mmelung weiblicher Genitalien    224, 226, 226a, 231 StGB",5711000,Bielefeld,vers.,115,74,41,0,0,0,7,7,0,7,7,0,4,1,3,7,2,5,94,63,31,3,1,2,97,64,33,2021
222000,"Gef hrliche und schwere K rperverletzung, Verst mmelung weiblicher Genitalien    224, 226, 226a, 231 StGB",5711000,Bielefeld,insg.,675,456,219,2,1,1,20,16,4,22,17,5,70,39,31,73,49,24,487,339,148,23,12,11,510,351,159,2021
222000,"Gef hrliche und schwere K rperverletzung, Verst mmelung weiblicher Genitalien    224, 226, 226a, 231 StGB",5911000,Bochum,voll.,761,558,203,5,2,3,55,37,18,60,39,21,93,69,24,86,70,16,490,358,132,32,22,10,522,380,142,2021
222000,"Gef hrliche und schwere K rperverletzung, Verst mmelung weiblicher Genitalien    224, 226, 226a, 231 StGB",5911000,Bochum,vers.,186,142,44,3,2,1,11,8,3,14,10,4,4,4,0,10,6,4,143,109,34,15,13,2,158,122,36,2021
222000,"Gef hrliche und schwere K rperverletzung, Verst mmelung weiblicher Genitalien    224, 226, 226a, 231 StGB",5911000,Bochum,insg.,947,700,247,8,4,4,66,45,21,74,49,25,97,73,24,96,76,20,633,467,166,47,35,12,680,502,178,2021
222000,"Gef hrliche und schwere K rperverletzung, Verst mmelung weiblicher Genitalien    224, 226, 226a, 231 StGB",5314000,Bonn,voll.,766,584,182,6,4,2,38,23,15,44,27,17,76,47,29,85,72,13,541,421,120,20,17,3,561,438,123,2021
222000,"Gef hrliche und schwere K rperverletzung, Verst mmelung weiblicher Genitalien    224, 226, 226a, 231 StGB",5314000,Bonn,vers.,179,123,56,0,0,0,4,3,1,4,3,1,8,5,3,8,3,5,145,105,40,14,7,7,159,112,47,2021
222000,"Gef hrliche und schwere K rperverletzung, Verst mmelung weiblicher Genitalien    224, 226, 226a, 231 StGB",5314000,Bonn,insg.,945,707,238,6,4,2,42,26,16,48,30,18,84,52,32,93,75,18,686,526,160,34,24,10,720,550,170,2021
222000,"Gef hrliche und schwere K rperverletzung, Verst mmelung weiblicher Genitalien    224, 226, 226a, 231 StGB",5512000,Bottrop,voll.,188,127,61,1,0,1,18,12,6,19,12,7,29,25,4,14,7,7,120,78,42,6,5,1,126,83,43,2021
222000,"Gef hrliche und schwere K rperverletzung, Verst mmelung weiblicher Genitalien    224, 226, 226a, 231 StGB",5512000,Bottrop,vers.,16,10,6,0,0,0,0,0,0,0,0,0,0,0,0,1,0,1,14,10,4,1,0,1,15,10,5,2021
222000,"Gef hrliche und schwere K rperverletzung, Verst mmelung weiblicher Genitalien    224, 226, 226a, 231 StGB",5512000,Bottrop,insg.,204,137,67,1,0,1,18,12,6,19,12,7,29,25,4,15,7,8,134,88,46,7,5,2,141,93,48,2021
222000,"Gef hrliche und schwere K rperverletzung, Verst mmelung weiblicher Genitalien    224, 226, 226a, 231 StGB",3101000,Braunschweig,voll.,461,293,168,2,2,0,10,9,1,12,11,1,58,28,30,73,48,25,298,189,109,20,17,3,318,206,112,2021
222000,"Gef hrliche und schwere K rperverletzung, Verst mmelung weiblicher Genitalien    224, 226, 226a, 231 StGB",3101000,Braunschweig,vers.,82,53,29,2,1,1,4,0,4,6,1,5,18,9,9,7,7,0,47,32,15,4,4,0,51,36,15,2021
222000,"Gef hrliche und schwere K rperverletzung, Verst mmelung weiblicher Genitalien    224, 226, 226a, 231 StGB",3101000,Braunschweig,insg.,543,346,197,4,3,1,14,9,5,18,12,6,76,37,39,80,55,25,345,221,124,24,21,3,369,242,127,2021
222000,"Gef hrliche und schwere K rperverletzung, Verst mmelung weiblicher Genitalien    224, 226, 226a, 231 StGB",4011000,Bremen,voll.,1808,1383,425,3,2,1,58,36,22,61,38,23,202,159,43,246,190,56,1242,969,273,57,27,30,1299,996,303,2021
222000,"Gef hrliche und schwere K rperverletzung, Verst mmelung weiblicher Genitalien    224, 226, 226a, 231 StGB",4011000,Bremen,vers.,277,209,68,2,1,1,7,6,1,9,7,2,19,11,8,13,12,1,218,167,51,18,12,6,236,179,57,2021
222000,"Gef hrliche und schwere K rperverletzung, Verst mmelung weiblicher Genitalien    224, 226, 226a, 231 StGB",4011000,Bremen,insg.,2085,1592,493,5,3,2,65,42,23,70,45,25,221,170,51,259,202,57,1460,1136,324,75,39,36,1535,1175,360,2021
222000,"Gef hrliche und schwere K rperverletzung, Verst mmelung weiblicher Genitalien    224, 226, 226a, 231 StGB",4012000,Bremerhaven,voll.,375,276,99,0,0,0,24,11,13,24,11,13,46,28,18,44,31,13,249,197,52,12,9,3,261,206,55,2021
222000,"Gef hrliche und schwere K rperverletzung, Verst mmelung weiblicher Genitalien    224, 226, 226a, 231 StGB",4012000,Bremerhaven,vers.,39,28,11,0,0,0,1,1,0,1,1,0,3,3,0,3,2,1,30,21,9,2,1,1,32,22,10,2021
222000,"Gef hrliche und schwere K rperverletzung, Verst mmelung weiblicher Genitalien    224, 226, 226a, 231 StGB",4012000,Bremerhaven,insg.,414,304,110,0,0,0,25,12,13,25,12,13,49,31,18,47,33,14,279,218,61,14,10,4,293,228,65,2021
222000,"Gef hrliche und schwere K rperverletzung, Verst mmelung weiblicher Genitalien    224, 226, 226a, 231 StGB",14511000,Chemnitz,voll.,484,381,103,3,1,2,11,8,3,14,9,5,43,33,10,69,57,12,339,272,67,19,10,9,358,282,76,2021
222000,"Gef hrliche und schwere K rperverletzung, Verst mmelung weiblicher Genitalien    224, 226, 226a, 231 StGB",14511000,Chemnitz,vers.,102,79,23,1,1,0,3,2,1,4,3,1,8,7,1,10,8,2,75,57,18,5,4,1,80,61,19,2021
222000,"Gef hrliche und schwere K rperverletzung, Verst mmelung weiblicher Genitalien    224, 226, 226a, 231 StGB",14511000,Chemnitz,insg.,586,460,126,4,2,2,14,10,4,18,12,6,51,40,11,79,65,14,414,329,85,24,14,10,438,343,95,2021
222000,"Gef hrliche und schwere K rperverletzung, Verst mmelung weiblicher Genitalien    224, 226, 226a, 231 StGB",12052000,Cottbus,voll.,205,146,59,3,2,1,8,5,3,11,7,4,20,17,3,22,17,5,139,98,41,13,7,6,152,105,47,2021
222000,"Gef hrliche und schwere K rperverletzung, Verst mmelung weiblicher Genitalien    224, 226, 226a, 231 StGB",12052000,Cottbus,vers.,53,33,20,0,0,0,5,5,0,5,5,0,7,3,4,8,5,3,30,18,12,3,2,1,33,20,13,2021
222000,"Gef hrliche und schwere K rperverletzung, Verst mmelung weiblicher Genitalien    224, 226, 226a, 231 StGB",12052000,Cottbus,insg.,258,179,79,3,2,1,13,10,3,16,12,4,27,20,7,30,22,8,169,116,53,16,9,7,185,125,60,2021
222000,"Gef hrliche und schwere K rperverletzung, Verst mmelung weiblicher Genitalien    224, 226, 226a, 231 StGB",6411000,Darmstadt,voll.,254,205,49,0,0,0,7,7,0,7,7,0,29,20,9,30,25,5,174,141,33,14,12,2,188,153,35,2021
222000,"Gef hrliche und schwere K rperverletzung, Verst mmelung weiblicher Genitalien    224, 226, 226a, 231 StGB",6411000,Darmstadt,vers.,25,17,8,0,0,0,0,0,0,0,0,0,1,0,1,2,2,0,20,13,7,2,2,0,22,15,7,2021
222000,"Gef hrliche und schwere K rperverletzung, Verst mmelung weiblicher Genitalien    224, 226, 226a, 231 StGB",6411000,Darmstadt,insg.,279,222,57,0,0,0,7,7,0,7,7,0,30,20,10,32,27,5,194,154,40,16,14,2,210,168,42,2021
222000,"Gef hrliche und schwere K rperverletzung, Verst mmelung weiblicher Genitalien    224, 226, 226a, 231 StGB",5913000,Dortmund,voll.,1777,1285,492,11,6,5,100,63,37,111,69,42,180,137,43,168,127,41,1245,900,345,73,52,21,1318,952,366,2021
222000,"Gef hrliche und schwere K rperverletzung, Verst mmelung weiblicher Genitalien    224, 226, 226a, 231 StGB",5913000,Dortmund,vers.,312,215,97,1,1,0,13,8,5,14,9,5,24,14,10,25,21,4,229,157,72,20,14,6,249,171,78,2021
222000,"Gef hrliche und schwere K rperverletzung, Verst mmelung weiblicher Genitalien    224, 226, 226a, 231 StGB",5913000,Dortmund,insg.,2089,1500,589,12,7,5,113,71,42,125,78,47,204,151,53,193,148,45,1474,1057,417,93,66,27,1567,1123,444,2021
222000,"Gef hrliche und schwere K rperverletzung, Verst mmelung weiblicher Genitalien    224, 226, 226a, 231 StGB",14612000,Dresden,voll.,1046,787,259,8,4,4,42,24,18,50,28,22,100,64,36,141,94,47,711,571,140,44,30,14,755,601,154,2021
222000,"Gef hrliche und schwere K rperverletzung, Verst mmelung weiblicher Genitalien    224, 226, 226a, 231 StGB",14612000,Dresden,vers.,151,118,33,3,2,1,2,2,0,5,4,1,13,10,3,13,10,3,109,88,21,11,6,5,120,94,26,2021
222000,"Gef hrliche und schwere K rperverletzung, Verst mmelung weiblicher Genitalien    224, 226, 226a, 231 StGB",14612000,Dresden,insg.,1197,905,292,11,6,5,44,26,18,55,32,23,113,74,39,154,104,50,820,659,161,55,36,19,875,695,180,2021
222000,"Gef hrliche und schwere K rperverletzung, Verst mmelung weiblicher Genitalien    224, 226, 226a, 231 StGB",5112000,Duisburg,voll.,1199,840,359,17,10,7,123,77,46,140,87,53,126,89,37,84,58,26,796,572,224,53,34,19,849,606,243,2021
222000,"Gef hrliche und schwere K rperverletzung, Verst mmelung weiblicher Genitalien    224, 226, 226a, 231 StGB",5112000,Duisburg,vers.,201,120,81,1,0,1,14,11,3,15,11,4,11,6,5,7,6,1,151,88,63,17,9,8,168,97,71,2021
222000,"Gef hrliche und schwere K rperverletzung, Verst mmelung weiblicher Genitalien    224, 226, 226a, 231 StGB",5112000,Duisburg,insg.,1400,960,440,18,10,8,137,88,49,155,98,57,137,95,42,91,64,27,947,660,287,70,43,27,1017,703,314,2021
222000,"Gef hrliche und schwere K rperverletzung, Verst mmelung weiblicher Genitalien    224, 226, 226a, 231 StGB",5111000,D sseldorf,voll.,1635,1195,440,9,3,6,71,41,30,80,44,36,164,114,50,194,145,49,1130,844,286,67,48,19,1197,892,305,2021
222000,"Gef hrliche und schwere K rperverletzung, Verst mmelung weiblicher Genitalien    224, 226, 226a, 231 StGB",5111000,D sseldorf,vers.,257,189,68,2,1,1,8,2,6,10,3,7,8,5,3,19,10,9,203,160,43,17,11,6,220,171,49,2021
222000,"Gef hrliche und schwere K rperverletzung, Verst mmelung weiblicher Genitalien    224, 226, 226a, 231 StGB",5111000,D sseldorf,insg.,1892,1384,508,11,4,7,79,43,36,90,47,43,172,119,53,213,155,58,1333,1004,329,84,59,25,1417,1063,354,2021
222000,"Gef hrliche und schwere K rperverletzung, Verst mmelung weiblicher Genitalien    224, 226, 226a, 231 StGB",16051000,Erfurt,voll.,376,296,80,1,0,1,12,11,1,13,11,2,32,28,4,61,48,13,251,194,57,19,15,4,270,209,61,2021
222000,"Gef hrliche und schwere K rperverletzung, Verst mmelung weiblicher Genitalien    224, 226, 226a, 231 StGB",16051000,Erfurt,vers.,82,62,20,1,1,0,1,0,1,2,1,1,2,2,0,6,4,2,67,51,16,5,4,1,72,55,17,2021
222000,"Gef hrliche und schwere K rperverletzung, Verst mmelung weiblicher Genitalien    224, 226, 226a, 231 StGB",16051000,Erfurt,insg.,458,358,100,2,1,1,13,11,2,15,12,3,34,30,4,67,52,15,318,245,73,24,19,5,342,264,78,2021
222000,"Gef hrliche und schwere K rperverletzung, Verst mmelung weiblicher Genitalien    224, 226, 226a, 231 StGB",9562000,Erlangen,voll.,109,88,21,0,0,0,7,5,2,7,5,2,14,13,1,11,10,1,74,57,17,3,3,0,77,60,17,2021
222000,"Gef hrliche und schwere K rperverletzung, Verst mmelung weiblicher Genitalien    224, 226, 226a, 231 StGB",9562000,Erlangen,vers.,24,13,11,0,0,0,0,0,0,0,0,0,1,0,1,3,1,2,18,11,7,2,1,1,20,12,8,2021
222000,"Gef hrliche und schwere K rperverletzung, Verst mmelung weiblicher Genitalien    224, 226, 226a, 231 StGB",9562000,Erlangen,insg.,133,101,32,0,0,0,7,5,2,7,5,2,15,13,2,14,11,3,92,68,24,5,4,1,97,72,25,2021
222000,"Gef hrliche und schwere K rperverletzung, Verst mmelung weiblicher Genitalien    224, 226, 226a, 231 StGB",5113000,Essen,voll.,1384,956,428,15,5,10,82,66,16,97,71,26,173,115,58,124,78,46,939,657,282,51,35,16,990,692,298,2021
222000,"Gef hrliche und schwere K rperverletzung, Verst mmelung weiblicher Genitalien    224, 226, 226a, 231 StGB",5113000,Essen,vers.,215,141,74,3,1,2,17,11,6,20,12,8,13,10,3,12,10,2,155,102,53,15,7,8,170,109,61,2021
222000,"Gef hrliche und schwere K rperverletzung, Verst mmelung weiblicher Genitalien    224, 226, 226a, 231 StGB",5113000,Essen,insg.,1599,1097,502,18,6,12,99,77,22,117,83,34,186,125,61,136,88,48,1094,759,335,66,42,24,1160,801,359,2021
222000,"Gef hrliche und schwere K rperverletzung, Verst mmelung weiblicher Genitalien    224, 226, 226a, 231 StGB",6412000,Frankfurt am Main,voll.,2333,1832,501,11,7,4,88,65,23,99,72,27,160,124,36,226,183,43,1750,1383,367,98,70,28,1848,1453,395,2021
222000,"Gef hrliche und schwere K rperverletzung, Verst mmelung weiblicher Genitalien    224, 226, 226a, 231 StGB",6412000,Frankfurt am Main,vers.,419,301,118,12,12,0,5,3,2,17,15,2,12,9,3,25,16,9,336,244,92,29,17,12,365,261,104,2021
222000,"Gef hrliche und schwere K rperverletzung, Verst mmelung weiblicher Genitalien    224, 226, 226a, 231 StGB",6412000,Frankfurt am Main,insg.,2752,2133,619,23,19,4,93,68,25,116,87,29,172,133,39,251,199,52,2086,1627,459,127,87,40,2213,1714,499,2021
222000,"Gef hrliche und schwere K rperverletzung, Verst mmelung weiblicher Genitalien    224, 226, 226a, 231 StGB",8311000,Freiburg im Breisgau,voll.,472,406,66,5,5,0,12,12,0,17,17,0,34,31,3,48,38,10,352,302,50,21,18,3,373,320,53,2021
222000,"Gef hrliche und schwere K rperverletzung, Verst mmelung weiblicher Genitalien    224, 226, 226a, 231 StGB",8311000,Freiburg im Breisgau,vers.,108,86,22,4,1,3,3,1,2,7,2,5,8,5,3,9,7,2,78,69,9,6,3,3,84,72,12,2021
222000,"Gef hrliche und schwere K rperverletzung, Verst mmelung weiblicher Genitalien    224, 226, 226a, 231 StGB",8311000,Freiburg im Breisgau,insg.,580,492,88,9,6,3,15,13,2,24,19,5,42,36,6,57,45,12,430,371,59,27,21,6,457,392,65,2021
222000,"Gef hrliche und schwere K rperverletzung, Verst mmelung weiblicher Genitalien    224, 226, 226a, 231 StGB",9563000,F rth,voll.,123,82,41,0,0,0,7,5,2,7,5,2,19,10,9,11,9,2,78,53,25,8,5,3,86,58,28,2021
222000,"Gef hrliche und schwere K rperverletzung, Verst mmelung weiblicher Genitalien    224, 226, 226a, 231 StGB",9563000,F rth,vers.,17,13,4,0,0,0,1,0,1,1,0,1,2,2,0,1,1,0,12,10,2,1,0,1,13,10,3,2021
222000,"Gef hrliche und schwere K rperverletzung, Verst mmelung weiblicher Genitalien    224, 226, 226a, 231 StGB",9563000,F rth,insg.,140,95,45,0,0,0,8,5,3,8,5,3,21,12,9,12,10,2,90,63,27,9,5,4,99,68,31,2021
222000,"Gef hrliche und schwere K rperverletzung, Verst mmelung weiblicher Genitalien    224, 226, 226a, 231 StGB",5513000,Gelsenkirchen,voll.,563,397,166,6,6,0,35,26,9,41,32,9,84,68,16,47,33,14,365,245,120,26,19,7,391,264,127,2021
222000,"Gef hrliche und schwere K rperverletzung, Verst mmelung weiblicher Genitalien    224, 226, 226a, 231 StGB",5513000,Gelsenkirchen,vers.,90,63,27,0,0,0,3,1,2,3,1,2,3,2,1,2,2,0,79,58,21,3,0,3,82,58,24,2021
222000,"Gef hrliche und schwere K rperverletzung, Verst mmelung weiblicher Genitalien    224, 226, 226a, 231 StGB",5513000,Gelsenkirchen,insg.,653,460,193,6,6,0,38,27,11,44,33,11,87,70,17,49,35,14,444,303,141,29,19,10,473,322,151,2021
222000,"Gef hrliche und schwere K rperverletzung, Verst mmelung weiblicher Genitalien    224, 226, 226a, 231 StGB",3159016,G ttingen,voll.,265,193,72,1,1,0,7,3,4,8,4,4,28,18,10,33,22,11,191,144,47,5,5,0,196,149,47,2021
222000,"Gef hrliche und schwere K rperverletzung, Verst mmelung weiblicher Genitalien    224, 226, 226a, 231 StGB",3159016,G ttingen,vers.,44,28,16,0,0,0,0,0,0,0,0,0,1,1,0,4,3,1,38,23,15,1,1,0,39,24,15,2021
222000,"Gef hrliche und schwere K rperverletzung, Verst mmelung weiblicher Genitalien    224, 226, 226a, 231 StGB",3159016,G ttingen,insg.,309,221,88,1,1,0,7,3,4,8,4,4,29,19,10,37,25,12,229,167,62,6,6,0,235,173,62,2021
222000,"Gef hrliche und schwere K rperverletzung, Verst mmelung weiblicher Genitalien    224, 226, 226a, 231 StGB",5754008,G tersloh,voll.,186,120,66,2,2,0,8,5,3,10,7,3,21,8,13,25,16,9,121,87,34,9,2,7,130,89,41,2021
222000,"Gef hrliche und schwere K rperverletzung, Verst mmelung weiblicher Genitalien    224, 226, 226a, 231 StGB",5754008,G tersloh,vers.,60,37,23,2,1,1,3,0,3,5,1,4,0,0,0,6,5,1,46,30,16,3,1,2,49,31,18,2021
222000,"Gef hrliche und schwere K rperverletzung, Verst mmelung weiblicher Genitalien    224, 226, 226a, 231 StGB",5754008,G tersloh,insg.,246,157,89,4,3,1,11,5,6,15,8,7,21,8,13,31,21,10,167,117,50,12,3,9,179,120,59,2021
222000,"Gef hrliche und schwere K rperverletzung, Verst mmelung weiblicher Genitalien    224, 226, 226a, 231 StGB",5914000,Hagen,voll.,318,232,86,5,3,2,28,18,10,33,21,12,27,22,5,29,22,7,222,161,61,7,6,1,229,167,62,2021
222000,"Gef hrliche und schwere K rperverletzung, Verst mmelung weiblicher Genitalien    224, 226, 226a, 231 StGB",5914000,Hagen,vers.,55,35,20,0,0,0,5,2,3,5,2,3,4,2,2,4,2,2,41,28,13,1,1,0,42,29,13,2021
222000,"Gef hrliche und schwere K rperverletzung, Verst mmelung weiblicher Genitalien    224, 226, 226a, 231 StGB",5914000,Hagen,insg.,373,267,106,5,3,2,33,20,13,38,23,15,31,24,7,33,24,9,263,189,74,8,7,1,271,196,75,2021
222000,"Gef hrliche und schwere K rperverletzung, Verst mmelung weiblicher Genitalien    224, 226, 226a, 231 StGB",15002000,Halle (Saale),voll.,678,538,140,4,1,3,47,36,11,51,37,14,108,87,21,82,64,18,407,336,71,30,14,16,437,350,87,2021
222000,"Gef hrliche und schwere K rperverletzung, Verst mmelung weiblicher Genitalien    224, 226, 226a, 231 StGB",15002000,Halle (Saale),vers.,194,131,63,2,1,1,22,17,5,24,18,6,13,7,6,16,14,2,129,89,40,12,3,9,141,92,49,2021
222000,"Gef hrliche und schwere K rperverletzung, Verst mmelung weiblicher Genitalien    224, 226, 226a, 231 StGB",15002000,Halle (Saale),insg.,872,669,203,6,2,4,69,53,16,75,55,20,121,94,27,98,78,20,536,425,111,42,17,25,578,442,136,2021
222000,"Gef hrliche und schwere K rperverletzung, Verst mmelung weiblicher Genitalien    224, 226, 226a, 231 StGB",2000000,Hamburg,voll.,5022,3657,1365,16,10,6,333,218,115,349,228,121,398,277,121,507,375,132,3596,2654,942,172,123,49,3768,2777,991,2021
222000,"Gef hrliche und schwere K rperverletzung, Verst mmelung weiblicher Genitalien    224, 226, 226a, 231 StGB",2000000,Hamburg,vers.,792,605,187,6,6,0,18,11,7,24,17,7,28,19,9,50,34,16,651,510,141,39,25,14,690,535,155,2021
222000,"Gef hrliche und schwere K rperverletzung, Verst mmelung weiblicher Genitalien    224, 226, 226a, 231 StGB",2000000,Hamburg,insg.,5814,4262,1552,22,16,6,351,229,122,373,245,128,426,296,130,557,409,148,4247,3164,1083,211,148,63,4458,3312,1146,2021
222000,"Gef hrliche und schwere K rperverletzung, Verst mmelung weiblicher Genitalien    224, 226, 226a, 231 StGB",5915000,Hamm,voll.,429,309,120,2,0,2,28,18,10,30,18,12,54,38,16,36,26,10,293,214,79,16,13,3,309,227,82,2021
222000,"Gef hrliche und schwere K rperverletzung, Verst mmelung weiblicher Genitalien    224, 226, 226a, 231 StGB",5915000,Hamm,vers.,103,61,42,0,0,0,3,0,3,3,0,3,9,5,4,6,4,2,77,48,29,8,4,4,85,52,33,2021
222000,"Gef hrliche und schwere K rperverletzung, Verst mmelung weiblicher Genitalien    224, 226, 226a, 231 StGB",5915000,Hamm,insg.,532,370,162,2,0,2,31,18,13,33,18,15,63,43,20,42,30,12,370,262,108,24,17,7,394,279,115,2021
222000,"Gef hrliche und schwere K rperverletzung, Verst mmelung weiblicher Genitalien    224, 226, 226a, 231 StGB",3241001,Hannover,voll.,1769,1335,434,5,4,1,63,41,22,68,45,23,168,108,60,187,142,45,1289,1000,289,57,40,17,1346,1040,306,2021
222000,"Gef hrliche und schwere K rperverletzung, Verst mmelung weiblicher Genitalien    224, 226, 226a, 231 StGB",3241001,Hannover,vers.,284,195,89,6,3,3,11,7,4,17,10,7,14,6,8,19,16,3,210,143,67,24,20,4,234,163,71,2021
222000,"Gef hrliche und schwere K rperverletzung, Verst mmelung weiblicher Genitalien    224, 226, 226a, 231 StGB",3241001,Hannover,insg.,2053,1530,523,11,7,4,74,48,26,85,55,30,182,114,68,206,158,48,1499,1143,356,81,60,21,1580,1203,377,2021
222000,"Gef hrliche und schwere K rperverletzung, Verst mmelung weiblicher Genitalien    224, 226, 226a, 231 StGB",8221000,Heidelberg,voll.,320,260,60,1,1,0,8,7,1,9,8,1,28,22,6,54,50,4,214,169,45,15,11,4,229,180,49,2021
222000,"Gef hrliche und schwere K rperverletzung, Verst mmelung weiblicher Genitalien    224, 226, 226a, 231 StGB",8221000,Heidelberg,vers.,51,33,18,0,0,0,0,0,0,0,0,0,0,0,0,5,1,4,45,31,14,1,1,0,46,32,14,2021
222000,"Gef hrliche und schwere K rperverletzung, Verst mmelung weiblicher Genitalien    224, 226, 226a, 231 StGB",8221000,Heidelberg,insg.,371,293,78,1,1,0,8,7,1,9,8,1,28,22,6,59,51,8,259,200,59,16,12,4,275,212,63,2021
222000,"Gef hrliche und schwere K rperverletzung, Verst mmelung weiblicher Genitalien    224, 226, 226a, 231 StGB",8121000,Heilbronn,voll.,233,166,67,0,0,0,5,1,4,5,1,4,26,18,8,25,21,4,174,125,49,3,1,2,177,126,51,2021
222000,"Gef hrliche und schwere K rperverletzung, Verst mmelung weiblicher Genitalien    224, 226, 226a, 231 StGB",8121000,Heilbronn,vers.,31,21,10,1,1,0,1,1,0,2,2,0,0,0,0,2,2,0,24,14,10,3,3,0,27,17,10,2021
222000,"Gef hrliche und schwere K rperverletzung, Verst mmelung weiblicher Genitalien    224, 226, 226a, 231 StGB",8121000,Heilbronn,insg.,264,187,77,1,1,0,6,2,4,7,3,4,26,18,8,27,23,4,198,139,59,6,4,2,204,143,61,2021
222000,"Gef hrliche und schwere K rperverletzung, Verst mmelung weiblicher Genitalien    224, 226, 226a, 231 StGB",5916000,Herne,voll.,233,157,76,3,2,1,16,5,11,19,7,12,22,14,8,21,16,5,152,108,44,19,12,7,171,120,51,2021
222000,"Gef hrliche und schwere K rperverletzung, Verst mmelung weiblicher Genitalien    224, 226, 226a, 231 StGB",5916000,Herne,vers.,38,18,20,0,0,0,4,1,3,4,1,3,4,1,3,4,3,1,23,11,12,3,2,1,26,13,13,2021
222000,"Gef hrliche und schwere K rperverletzung, Verst mmelung weiblicher Genitalien    224, 226, 226a, 231 StGB",5916000,Herne,insg.,271,175,96,3,2,1,20,6,14,23,8,15,26,15,11,25,19,6,175,119,56,22,14,8,197,133,64,2021
222000,"Gef hrliche und schwere K rperverletzung, Verst mmelung weiblicher Genitalien    224, 226, 226a, 231 StGB",3254021,Hildesheim,voll.,197,134,63,1,1,0,7,5,2,8,6,2,31,15,16,21,14,7,124,91,33,13,8,5,137,99,38,2021
222000,"Gef hrliche und schwere K rperverletzung, Verst mmelung weiblicher Genitalien    224, 226, 226a, 231 StGB",3254021,Hildesheim,vers.,33,21,12,0,0,0,2,1,1,2,1,1,4,0,4,2,1,1,25,19,6,0,0,0,25,19,6,2021
222000,"Gef hrliche und schwere K rperverletzung, Verst mmelung weiblicher Genitalien    224, 226, 226a, 231 StGB",3254021,Hildesheim,insg.,230,155,75,1,1,0,9,6,3,10,7,3,35,15,20,23,15,8,149,110,39,13,8,5,162,118,44,2021
222000,"Gef hrliche und schwere K rperverletzung, Verst mmelung weiblicher Genitalien    224, 226, 226a, 231 StGB",9161000,Ingolstadt,voll.,244,200,44,0,0,0,16,10,6,16,10,6,22,19,3,24,23,1,171,143,28,11,5,6,182,148,34,2021
222000,"Gef hrliche und schwere K rperverletzung, Verst mmelung weiblicher Genitalien    224, 226, 226a, 231 StGB",9161000,Ingolstadt,vers.,103,80,23,1,1,0,1,1,0,2,2,0,7,7,0,9,8,1,78,60,18,7,3,4,85,63,22,2021
222000,"Gef hrliche und schwere K rperverletzung, Verst mmelung weiblicher Genitalien    224, 226, 226a, 231 StGB",9161000,Ingolstadt,insg.,347,280,67,1,1,0,17,11,6,18,12,6,29,26,3,33,31,2,249,203,46,18,8,10,267,211,56,2021
222000,"Gef hrliche und schwere K rperverletzung, Verst mmelung weiblicher Genitalien    224, 226, 226a, 231 StGB",16053000,Jena,voll.,177,139,38,0,0,0,6,4,2,6,4,2,36,30,6,25,19,6,105,82,23,5,4,1,110,86,24,2021
222000,"Gef hrliche und schwere K rperverletzung, Verst mmelung weiblicher Genitalien    224, 226, 226a, 231 StGB",16053000,Jena,vers.,23,12,11,1,0,1,4,1,3,5,1,4,5,4,1,4,3,1,8,3,5,1,1,0,9,4,5,2021
222000,"Gef hrliche und schwere K rperverletzung, Verst mmelung weiblicher Genitalien    224, 226, 226a, 231 StGB",16053000,Jena,insg.,200,151,49,1,0,1,10,5,5,11,5,6,41,34,7,29,22,7,113,85,28,6,5,1,119,90,29,2021
222000,"Gef hrliche und schwere K rperverletzung, Verst mmelung weiblicher Genitalien    224, 226, 226a, 231 StGB",7312000,Kaiserslautern,voll.,233,168,65,0,0,0,13,7,6,13,7,6,9,9,0,34,27,7,165,120,45,12,5,7,177,125,52,2021
222000,"Gef hrliche und schwere K rperverletzung, Verst mmelung weiblicher Genitalien    224, 226, 226a, 231 StGB",7312000,Kaiserslautern,vers.,38,28,10,1,0,1,1,1,0,2,1,1,4,1,3,3,3,0,29,23,6,0,0,0,29,23,6,2021
222000,"Gef hrliche und schwere K rperverletzung, Verst mmelung weiblicher Genitalien    224, 226, 226a, 231 StGB",7312000,Kaiserslautern,insg.,271,196,75,1,0,1,14,8,6,15,8,7,13,10,3,37,30,7,194,143,51,12,5,7,206,148,58,2021
222000,"Gef hrliche und schwere K rperverletzung, Verst mmelung weiblicher Genitalien    224, 226, 226a, 231 StGB",8212000,Karlsruhe,voll.,510,392,118,9,7,2,10,8,2,19,15,4,40,25,15,79,66,13,358,275,83,14,11,3,372,286,86,2021
222000,"Gef hrliche und schwere K rperverletzung, Verst mmelung weiblicher Genitalien    224, 226, 226a, 231 StGB",8212000,Karlsruhe,vers.,89,67,22,3,3,0,5,4,1,8,7,1,3,3,0,7,5,2,65,46,19,6,6,0,71,52,19,2021
222000,"Gef hrliche und schwere K rperverletzung, Verst mmelung weiblicher Genitalien    224, 226, 226a, 231 StGB",8212000,Karlsruhe,insg.,599,459,140,12,10,2,15,12,3,27,22,5,43,28,15,86,71,15,423,321,102,20,17,3,443,338,105,2021
222000,"Gef hrliche und schwere K rperverletzung, Verst mmelung weiblicher Genitalien    224, 226, 226a, 231 StGB",6611000,Kassel,voll.,597,443,154,5,2,3,12,11,1,17,13,4,37,27,10,60,47,13,453,335,118,30,21,9,483,356,127,2021
222000,"Gef hrliche und schwere K rperverletzung, Verst mmelung weiblicher Genitalien    224, 226, 226a, 231 StGB",6611000,Kassel,vers.,53,40,13,0,0,0,3,1,2,3,1,2,1,0,1,4,3,1,43,35,8,2,1,1,45,36,9,2021
222000,"Gef hrliche und schwere K rperverletzung, Verst mmelung weiblicher Genitalien    224, 226, 226a, 231 StGB",6611000,Kassel,insg.,650,483,167,5,2,3,15,12,3,20,14,6,38,27,11,64,50,14,496,370,126,32,22,10,528,392,136,2021
222000,"Gef hrliche und schwere K rperverletzung, Verst mmelung weiblicher Genitalien    224, 226, 226a, 231 StGB",1002000,Kiel,voll.,508,377,131,2,1,1,14,9,5,16,10,6,32,23,9,60,47,13,386,286,100,14,11,3,400,297,103,2021
222000,"Gef hrliche und schwere K rperverletzung, Verst mmelung weiblicher Genitalien    224, 226, 226a, 231 StGB",1002000,Kiel,vers.,67,50,17,3,3,0,2,2,0,5,5,0,2,2,0,3,3,0,52,39,13,5,1,4,57,40,17,2021
222000,"Gef hrliche und schwere K rperverletzung, Verst mmelung weiblicher Genitalien    224, 226, 226a, 231 StGB",1002000,Kiel,insg.,575,427,148,5,4,1,16,11,5,21,15,6,34,25,9,63,50,13,438,325,113,19,12,7,457,337,120,2021
222000,"Gef hrliche und schwere K rperverletzung, Verst mmelung weiblicher Genitalien    224, 226, 226a, 231 StGB",7111000,Koblenz,voll.,261,195,66,0,0,0,15,14,1,15,14,1,24,20,4,33,23,10,180,129,51,9,9,0,189,138,51,2021
222000,"Gef hrliche und schwere K rperverletzung, Verst mmelung weiblicher Genitalien    224, 226, 226a, 231 StGB",7111000,Koblenz,vers.,33,25,8,0,0,0,2,1,1,2,1,1,2,1,1,4,4,0,23,18,5,2,1,1,25,19,6,2021
222000,"Gef hrliche und schwere K rperverletzung, Verst mmelung weiblicher Genitalien    224, 226, 226a, 231 StGB",7111000,Koblenz,insg.,294,220,74,0,0,0,17,15,2,17,15,2,26,21,5,37,27,10,203,147,56,11,10,1,214,157,57,2021
222000,"Gef hrliche und schwere K rperverletzung, Verst mmelung weiblicher Genitalien    224, 226, 226a, 231 StGB",5315000,K ln,voll.,3901,2780,1121,10,5,5,168,107,61,178,112,66,325,210,115,359,257,102,2853,2062,791,186,139,47,3039,2201,838,2021
222000,"Gef hrliche und schwere K rperverletzung, Verst mmelung weiblicher Genitalien    224, 226, 226a, 231 StGB",5315000,K ln,vers.,740,546,194,6,4,2,21,15,6,27,19,8,37,21,16,35,21,14,553,417,136,88,68,20,641,485,156,2021
222000,"Gef hrliche und schwere K rperverletzung, Verst mmelung weiblicher Genitalien    224, 226, 226a, 231 StGB",5315000,K ln,insg.,4641,3326,1315,16,9,7,189,122,67,205,131,74,362,231,131,394,278,116,3406,2479,927,274,207,67,3680,2686,994,2021
222000,"Gef hrliche und schwere K rperverletzung, Verst mmelung weiblicher Genitalien    224, 226, 226a, 231 StGB",5114000,Krefeld,voll.,533,374,159,3,2,1,26,18,8,29,20,9,57,38,19,68,53,15,350,242,108,29,21,8,379,263,116,2021
222000,"Gef hrliche und schwere K rperverletzung, Verst mmelung weiblicher Genitalien    224, 226, 226a, 231 StGB",5114000,Krefeld,vers.,62,45,17,0,0,0,4,3,1,4,3,1,0,0,0,3,3,0,52,36,16,3,3,0,55,39,16,2021
222000,"Gef hrliche und schwere K rperverletzung, Verst mmelung weiblicher Genitalien    224, 226, 226a, 231 StGB",5114000,Krefeld,insg.,595,419,176,3,2,1,30,21,9,33,23,10,57,38,19,71,56,15,402,278,124,32,24,8,434,302,132,2021
222000,"Gef hrliche und schwere K rperverletzung, Verst mmelung weiblicher Genitalien    224, 226, 226a, 231 StGB",14713000,Leipzig,voll.,1399,1022,377,14,9,5,46,31,15,60,40,20,119,85,34,126,103,23,1052,767,285,42,27,15,1094,794,300,2021
222000,"Gef hrliche und schwere K rperverletzung, Verst mmelung weiblicher Genitalien    224, 226, 226a, 231 StGB",14713000,Leipzig,vers.,299,218,81,16,9,7,7,4,3,23,13,10,4,3,1,31,21,10,228,170,58,13,11,2,241,181,60,2021
222000,"Gef hrliche und schwere K rperverletzung, Verst mmelung weiblicher Genitalien    224, 226, 226a, 231 StGB",14713000,Leipzig,insg.,1698,1240,458,30,18,12,53,35,18,83,53,30,123,88,35,157,124,33,1280,937,343,55,38,17,1335,975,360,2021
222000,"Gef hrliche und schwere K rperverletzung, Verst mmelung weiblicher Genitalien    224, 226, 226a, 231 StGB",5316000,Leverkusen,voll.,347,218,129,3,1,2,20,10,10,23,11,12,42,25,17,32,26,6,225,138,87,25,18,7,250,156,94,2021
222000,"Gef hrliche und schwere K rperverletzung, Verst mmelung weiblicher Genitalien    224, 226, 226a, 231 StGB",5316000,Leverkusen,vers.,104,59,45,2,1,1,9,4,5,11,5,6,7,3,4,6,3,3,70,44,26,10,4,6,80,48,32,2021
222000,"Gef hrliche und schwere K rperverletzung, Verst mmelung weiblicher Genitalien    224, 226, 226a, 231 StGB",5316000,Leverkusen,insg.,451,277,174,5,2,3,29,14,15,34,16,18,49,28,21,38,29,9,295,182,113,35,22,13,330,204,126,2021
222000,"Gef hrliche und schwere K rperverletzung, Verst mmelung weiblicher Genitalien    224, 226, 226a, 231 StGB",1003000,L beck,voll.,538,391,147,0,0,0,26,15,11,26,15,11,46,33,13,59,52,7,375,270,105,32,21,11,407,291,116,2021
222000,"Gef hrliche und schwere K rperverletzung, Verst mmelung weiblicher Genitalien    224, 226, 226a, 231 StGB",1003000,L beck,vers.,110,80,30,4,3,1,3,2,1,7,5,2,4,2,2,12,10,2,79,57,22,8,6,2,87,63,24,2021
222000,"Gef hrliche und schwere K rperverletzung, Verst mmelung weiblicher Genitalien    224, 226, 226a, 231 StGB",1003000,L beck,insg.,648,471,177,4,3,1,29,17,12,33,20,13,50,35,15,71,62,9,454,327,127,40,27,13,494,354,140,2021
222000,"Gef hrliche und schwere K rperverletzung, Verst mmelung weiblicher Genitalien    224, 226, 226a, 231 StGB",7314000,Ludwigshafen am Rhein,voll.,567,415,152,1,1,0,34,22,12,35,23,12,66,53,13,68,52,16,371,264,107,27,23,4,398,287,111,2021
222000,"Gef hrliche und schwere K rperverletzung, Verst mmelung weiblicher Genitalien    224, 226, 226a, 231 StGB",7314000,Ludwigshafen am Rhein,vers.,92,62,30,0,0,0,2,2,0,2,2,0,13,11,2,8,7,1,63,38,25,6,4,2,69,42,27,2021
222000,"Gef hrliche und schwere K rperverletzung, Verst mmelung weiblicher Genitalien    224, 226, 226a, 231 StGB",7314000,Ludwigshafen am Rhein,insg.,659,477,182,1,1,0,36,24,12,37,25,12,79,64,15,76,59,17,434,302,132,33,27,6,467,329,138,2021
222000,"Gef hrliche und schwere K rperverletzung, Verst mmelung weiblicher Genitalien    224, 226, 226a, 231 StGB",15003000,Magdeburg,voll.,577,434,143,2,0,2,30,21,9,32,21,11,63,50,13,62,42,20,392,305,87,28,16,12,420,321,99,2021
222000,"Gef hrliche und schwere K rperverletzung, Verst mmelung weiblicher Genitalien    224, 226, 226a, 231 StGB",15003000,Magdeburg,vers.,85,61,24,2,2,0,6,2,4,8,4,4,4,2,2,9,8,1,61,44,17,3,3,0,64,47,17,2021
222000,"Gef hrliche und schwere K rperverletzung, Verst mmelung weiblicher Genitalien    224, 226, 226a, 231 StGB",15003000,Magdeburg,insg.,662,495,167,4,2,2,36,23,13,40,25,15,67,52,15,71,50,21,453,349,104,31,19,12,484,368,116,2021
222000,"Gef hrliche und schwere K rperverletzung, Verst mmelung weiblicher Genitalien    224, 226, 226a, 231 StGB",7315000,Mainz,voll.,405,310,95,0,0,0,20,18,2,20,18,2,26,19,7,40,28,12,304,232,72,15,13,2,319,245,74,2021
222000,"Gef hrliche und schwere K rperverletzung, Verst mmelung weiblicher Genitalien    224, 226, 226a, 231 StGB",7315000,Mainz,vers.,68,52,16,1,0,1,0,0,0,1,0,1,4,3,1,6,6,0,52,39,13,5,4,1,57,43,14,2021
222000,"Gef hrliche und schwere K rperverletzung, Verst mmelung weiblicher Genitalien    224, 226, 226a, 231 StGB",7315000,Mainz,insg.,473,362,111,1,0,1,20,18,2,21,18,3,30,22,8,46,34,12,356,271,85,20,17,3,376,288,88,2021
222000,"Gef hrliche und schwere K rperverletzung, Verst mmelung weiblicher Genitalien    224, 226, 226a, 231 StGB",8222000,Mannheim,voll.,552,399,153,4,3,1,17,15,2,21,18,3,62,44,18,60,42,18,381,276,105,28,19,9,409,295,114,2021
222000,"Gef hrliche und schwere K rperverletzung, Verst mmelung weiblicher Genitalien    224, 226, 226a, 231 StGB",8222000,Mannheim,vers.,86,54,32,3,1,2,6,0,6,9,1,8,1,1,0,4,3,1,65,44,21,7,5,2,72,49,23,2021
222000,"Gef hrliche und schwere K rperverletzung, Verst mmelung weiblicher Genitalien    224, 226, 226a, 231 StGB",8222000,Mannheim,insg.,638,453,185,7,4,3,23,15,8,30,19,11,63,45,18,64,45,19,446,320,126,35,24,11,481,344,137,2021
222000,"Gef hrliche und schwere K rperverletzung, Verst mmelung weiblicher Genitalien    224, 226, 226a, 231 StGB",5170024,Moers,voll.,188,124,64,5,2,3,18,14,4,23,16,7,22,16,6,16,12,4,121,76,45,6,4,2,127,80,47,2021
222000,"Gef hrliche und schwere K rperverletzung, Verst mmelung weiblicher Genitalien    224, 226, 226a, 231 StGB",5170024,Moers,vers.,23,16,7,0,0,0,1,1,0,1,1,0,3,3,0,3,3,0,14,8,6,2,1,1,16,9,7,2021
222000,"Gef hrliche und schwere K rperverletzung, Verst mmelung weiblicher Genitalien    224, 226, 226a, 231 StGB",5170024,Moers,insg.,211,140,71,5,2,3,19,15,4,24,17,7,25,19,6,19,15,4,135,84,51,8,5,3,143,89,54,2021
222000,"Gef hrliche und schwere K rperverletzung, Verst mmelung weiblicher Genitalien    224, 226, 226a, 231 StGB",5116000,M nchengladbach,voll.,553,379,174,5,3,2,30,20,10,35,23,12,37,27,10,57,36,21,393,274,119,31,19,12,424,293,131,2021
222000,"Gef hrliche und schwere K rperverletzung, Verst mmelung weiblicher Genitalien    224, 226, 226a, 231 StGB",5116000,M nchengladbach,vers.,109,74,35,0,0,0,0,0,0,0,0,0,3,2,1,3,2,1,93,64,29,10,6,4,103,70,33,2021
222000,"Gef hrliche und schwere K rperverletzung, Verst mmelung weiblicher Genitalien    224, 226, 226a, 231 StGB",5116000,M nchengladbach,insg.,662,453,209,5,3,2,30,20,10,35,23,12,40,29,11,60,38,22,486,338,148,41,25,16,527,363,164,2021
222000,"Gef hrliche und schwere K rperverletzung, Verst mmelung weiblicher Genitalien    224, 226, 226a, 231 StGB",5117000,M lheim an der Ruhr,voll.,303,202,101,2,2,0,15,9,6,17,11,6,40,30,10,19,15,4,213,138,75,14,8,6,227,146,81,2021
222000,"Gef hrliche und schwere K rperverletzung, Verst mmelung weiblicher Genitalien    224, 226, 226a, 231 StGB",5117000,M lheim an der Ruhr,vers.,48,35,13,0,0,0,0,0,0,0,0,0,6,5,1,0,0,0,32,24,8,10,6,4,42,30,12,2021
222000,"Gef hrliche und schwere K rperverletzung, Verst mmelung weiblicher Genitalien    224, 226, 226a, 231 StGB",5117000,M lheim an der Ruhr,insg.,351,237,114,2,2,0,15,9,6,17,11,6,46,35,11,19,15,4,245,162,83,24,14,10,269,176,93,2021
222000,"Gef hrliche und schwere K rperverletzung, Verst mmelung weiblicher Genitalien    224, 226, 226a, 231 StGB",9162000,M nchen,voll.,2374,1789,585,16,10,6,127,87,40,143,97,46,272,210,62,315,257,58,1554,1165,389,90,60,30,1644,1225,419,2021
222000,"Gef hrliche und schwere K rperverletzung, Verst mmelung weiblicher Genitalien    224, 226, 226a, 231 StGB",9162000,M nchen,vers.,553,393,160,2,1,1,21,19,2,23,20,3,30,22,8,26,21,5,441,310,131,33,20,13,474,330,144,2021
222000,"Gef hrliche und schwere K rperverletzung, Verst mmelung weiblicher Genitalien    224, 226, 226a, 231 StGB",9162000,M nchen,insg.,2927,2182,745,18,11,7,148,106,42,166,117,49,302,232,70,341,278,63,1995,1475,520,123,80,43,2118,1555,563,2021
222000,"Gef hrliche und schwere K rperverletzung, Verst mmelung weiblicher Genitalien    224, 226, 226a, 231 StGB",5515000,M nster,voll.,604,478,126,2,2,0,16,11,5,18,13,5,64,47,17,79,62,17,422,336,86,21,20,1,443,356,87,2021
222000,"Gef hrliche und schwere K rperverletzung, Verst mmelung weiblicher Genitalien    224, 226, 226a, 231 StGB",5515000,M nster,vers.,117,88,29,1,1,0,4,3,1,5,4,1,6,6,0,6,5,1,87,61,26,13,12,1,100,73,27,2021
222000,"Gef hrliche und schwere K rperverletzung, Verst mmelung weiblicher Genitalien    224, 226, 226a, 231 StGB",5515000,M nster,insg.,721,566,155,3,3,0,20,14,6,23,17,6,70,53,17,85,67,18,509,397,112,34,32,2,543,429,114,2021
222000,"Gef hrliche und schwere K rperverletzung, Verst mmelung weiblicher Genitalien    224, 226, 226a, 231 StGB",5162024,Neuss,voll.,269,190,79,2,1,1,9,5,4,11,6,5,32,26,6,31,21,10,184,131,53,11,6,5,195,137,58,2021
222000,"Gef hrliche und schwere K rperverletzung, Verst mmelung weiblicher Genitalien    224, 226, 226a, 231 StGB",5162024,Neuss,vers.,34,27,7,0,0,0,3,3,0,3,3,0,2,2,0,2,1,1,22,18,4,5,3,2,27,21,6,2021
222000,"Gef hrliche und schwere K rperverletzung, Verst mmelung weiblicher Genitalien    224, 226, 226a, 231 StGB",5162024,Neuss,insg.,303,217,86,2,1,1,12,8,4,14,9,5,34,28,6,33,22,11,206,149,57,16,9,7,222,158,64,2021
222000,"Gef hrliche und schwere K rperverletzung, Verst mmelung weiblicher Genitalien    224, 226, 226a, 231 StGB",9564000,N rnberg,voll.,1007,732,275,10,4,6,47,31,16,57,35,22,105,74,31,92,68,24,715,525,190,38,30,8,753,555,198,2021
222000,"Gef hrliche und schwere K rperverletzung, Verst mmelung weiblicher Genitalien    224, 226, 226a, 231 StGB",9564000,N rnberg,vers.,203,140,63,2,1,1,16,9,7,18,10,8,13,10,3,10,7,3,146,107,39,16,6,10,162,113,49,2021
222000,"Gef hrliche und schwere K rperverletzung, Verst mmelung weiblicher Genitalien    224, 226, 226a, 231 StGB",9564000,N rnberg,insg.,1210,872,338,12,5,7,63,40,23,75,45,30,118,84,34,102,75,27,861,632,229,54,36,18,915,668,247,2021
222000,"Gef hrliche und schwere K rperverletzung, Verst mmelung weiblicher Genitalien    224, 226, 226a, 231 StGB",5119000,Oberhausen,voll.,440,307,133,2,2,0,41,27,14,43,29,14,42,31,11,42,32,10,295,201,94,18,14,4,313,215,98,2021
222000,"Gef hrliche und schwere K rperverletzung, Verst mmelung weiblicher Genitalien    224, 226, 226a, 231 StGB",5119000,Oberhausen,vers.,54,36,18,0,0,0,4,3,1,4,3,1,2,2,0,6,3,3,38,25,13,4,3,1,42,28,14,2021
222000,"Gef hrliche und schwere K rperverletzung, Verst mmelung weiblicher Genitalien    224, 226, 226a, 231 StGB",5119000,Oberhausen,insg.,494,343,151,2,2,0,45,30,15,47,32,15,44,33,11,48,35,13,333,226,107,22,17,5,355,243,112,2021
222000,"Gef hrliche und schwere K rperverletzung, Verst mmelung weiblicher Genitalien    224, 226, 226a, 231 StGB",6413000,Offenbach am Main,voll.,206,135,71,1,1,0,12,4,8,13,5,8,26,13,13,17,11,6,138,100,38,12,6,6,150,106,44,2021
222000,"Gef hrliche und schwere K rperverletzung, Verst mmelung weiblicher Genitalien    224, 226, 226a, 231 StGB",6413000,Offenbach am Main,vers.,17,15,2,0,0,0,0,0,0,0,0,0,1,1,0,0,0,0,15,13,2,1,1,0,16,14,2,2021
222000,"Gef hrliche und schwere K rperverletzung, Verst mmelung weiblicher Genitalien    224, 226, 226a, 231 StGB",6413000,Offenbach am Main,insg.,223,150,73,1,1,0,12,4,8,13,5,8,27,14,13,17,11,6,153,113,40,13,7,6,166,120,46,2021
222000,"Gef hrliche und schwere K rperverletzung, Verst mmelung weiblicher Genitalien    224, 226, 226a, 231 StGB",3403000,Oldenburg (Oldenburg),voll.,246,171,75,1,1,0,8,4,4,9,5,4,22,14,8,38,26,12,169,121,48,8,5,3,177,126,51,2021
222000,"Gef hrliche und schwere K rperverletzung, Verst mmelung weiblicher Genitalien    224, 226, 226a, 231 StGB",3403000,Oldenburg (Oldenburg),vers.,50,38,12,0,0,0,0,0,0,0,0,0,3,1,2,6,6,0,40,30,10,1,1,0,41,31,10,2021
222000,"Gef hrliche und schwere K rperverletzung, Verst mmelung weiblicher Genitalien    224, 226, 226a, 231 StGB",3403000,Oldenburg (Oldenburg),insg.,296,209,87,1,1,0,8,4,4,9,5,4,25,15,10,44,32,12,209,151,58,9,6,3,218,157,61,2021
222000,"Gef hrliche und schwere K rperverletzung, Verst mmelung weiblicher Genitalien    224, 226, 226a, 231 StGB",3404000,Osnabr ck,voll.,489,341,148,2,0,2,20,10,10,22,10,12,47,28,19,55,39,16,346,249,97,19,15,4,365,264,101,2021
222000,"Gef hrliche und schwere K rperverletzung, Verst mmelung weiblicher Genitalien    224, 226, 226a, 231 StGB",3404000,Osnabr ck,vers.,81,54,27,0,0,0,3,3,0,3,3,0,5,1,4,5,3,2,62,44,18,6,3,3,68,47,21,2021
222000,"Gef hrliche und schwere K rperverletzung, Verst mmelung weiblicher Genitalien    224, 226, 226a, 231 StGB",3404000,Osnabr ck,insg.,570,395,175,2,0,2,23,13,10,25,13,12,52,29,23,60,42,18,408,293,115,25,18,7,433,311,122,2021
222000,"Gef hrliche und schwere K rperverletzung, Verst mmelung weiblicher Genitalien    224, 226, 226a, 231 StGB",5774032,Paderborn,voll.,297,217,80,1,0,1,10,1,9,11,1,10,14,10,4,48,36,12,214,162,52,10,8,2,224,170,54,2021
222000,"Gef hrliche und schwere K rperverletzung, Verst mmelung weiblicher Genitalien    224, 226, 226a, 231 StGB",5774032,Paderborn,vers.,55,39,16,0,0,0,0,0,0,0,0,0,3,3,0,3,3,0,46,32,14,3,1,2,49,33,16,2021
222000,"Gef hrliche und schwere K rperverletzung, Verst mmelung weiblicher Genitalien    224, 226, 226a, 231 StGB",5774032,Paderborn,insg.,352,256,96,1,0,1,10,1,9,11,1,10,17,13,4,51,39,12,260,194,66,13,9,4,273,203,70,2021
222000,"Gef hrliche und schwere K rperverletzung, Verst mmelung weiblicher Genitalien    224, 226, 226a, 231 StGB",8231000,Pforzheim,voll.,304,227,77,0,0,0,22,13,9,22,13,9,34,27,7,39,31,8,186,138,48,23,18,5,209,156,53,2021
222000,"Gef hrliche und schwere K rperverletzung, Verst mmelung weiblicher Genitalien    224, 226, 226a, 231 StGB",8231000,Pforzheim,vers.,47,34,13,0,0,0,0,0,0,0,0,0,2,2,0,5,4,1,35,26,9,5,2,3,40,28,12,2021
222000,"Gef hrliche und schwere K rperverletzung, Verst mmelung weiblicher Genitalien    224, 226, 226a, 231 StGB",8231000,Pforzheim,insg.,351,261,90,0,0,0,22,13,9,22,13,9,36,29,7,44,35,9,221,164,57,28,20,8,249,184,65,2021
222000,"Gef hrliche und schwere K rperverletzung, Verst mmelung weiblicher Genitalien    224, 226, 226a, 231 StGB",12054000,Potsdam,voll.,220,169,51,4,1,3,17,15,2,21,16,5,21,16,5,27,23,4,142,110,32,9,4,5,151,114,37,2021
222000,"Gef hrliche und schwere K rperverletzung, Verst mmelung weiblicher Genitalien    224, 226, 226a, 231 StGB",12054000,Potsdam,vers.,48,32,16,1,0,1,5,3,2,6,3,3,3,1,2,7,7,0,30,19,11,2,2,0,32,21,11,2021
222000,"Gef hrliche und schwere K rperverletzung, Verst mmelung weiblicher Genitalien    224, 226, 226a, 231 StGB",12054000,Potsdam,insg.,268,201,67,5,1,4,22,18,4,27,19,8,24,17,7,34,30,4,172,129,43,11,6,5,183,135,48,2021
222000,"Gef hrliche und schwere K rperverletzung, Verst mmelung weiblicher Genitalien    224, 226, 226a, 231 StGB",5562032,Recklinghausen,voll.,224,143,81,0,0,0,19,14,5,19,14,5,21,16,5,17,10,7,153,97,56,14,6,8,167,103,64,2021
222000,"Gef hrliche und schwere K rperverletzung, Verst mmelung weiblicher Genitalien    224, 226, 226a, 231 StGB",5562032,Recklinghausen,vers.,73,47,26,0,0,0,1,1,0,1,1,0,0,0,0,9,6,3,51,33,18,12,7,5,63,40,23,2021
222000,"Gef hrliche und schwere K rperverletzung, Verst mmelung weiblicher Genitalien    224, 226, 226a, 231 StGB",5562032,Recklinghausen,insg.,297,190,107,0,0,0,20,15,5,20,15,5,21,16,5,26,16,10,204,130,74,26,13,13,230,143,87,2021
222000,"Gef hrliche und schwere K rperverletzung, Verst mmelung weiblicher Genitalien    224, 226, 226a, 231 StGB",9362000,Regensburg,voll.,213,166,47,2,1,1,5,3,2,7,4,3,25,14,11,25,23,2,149,120,29,7,5,2,156,125,31,2021
222000,"Gef hrliche und schwere K rperverletzung, Verst mmelung weiblicher Genitalien    224, 226, 226a, 231 StGB",9362000,Regensburg,vers.,59,42,17,0,0,0,2,2,0,2,2,0,1,1,0,2,0,2,54,39,15,0,0,0,54,39,15,2021
222000,"Gef hrliche und schwere K rperverletzung, Verst mmelung weiblicher Genitalien    224, 226, 226a, 231 StGB",9362000,Regensburg,insg.,272,208,64,2,1,1,7,5,2,9,6,3,26,15,11,27,23,4,203,159,44,7,5,2,210,164,46,2021
222000,"Gef hrliche und schwere K rperverletzung, Verst mmelung weiblicher Genitalien    224, 226, 226a, 231 StGB",5120000,Remscheid,voll.,177,113,64,0,0,0,9,4,5,9,4,5,23,15,8,19,13,6,112,70,42,14,11,3,126,81,45,2021
222000,"Gef hrliche und schwere K rperverletzung, Verst mmelung weiblicher Genitalien    224, 226, 226a, 231 StGB",5120000,Remscheid,vers.,36,25,11,1,1,0,0,0,0,1,1,0,2,0,2,3,3,0,28,19,9,2,2,0,30,21,9,2021
222000,"Gef hrliche und schwere K rperverletzung, Verst mmelung weiblicher Genitalien    224, 226, 226a, 231 StGB",5120000,Remscheid,insg.,213,138,75,1,1,0,9,4,5,10,5,5,25,15,10,22,16,6,140,89,51,16,13,3,156,102,54,2021
222000,"Gef hrliche und schwere K rperverletzung, Verst mmelung weiblicher Genitalien    224, 226, 226a, 231 StGB",8415061,Reutlingen,voll.,200,140,60,1,1,0,5,4,1,6,5,1,18,11,7,17,12,5,150,107,43,9,5,4,159,112,47,2021
222000,"Gef hrliche und schwere K rperverletzung, Verst mmelung weiblicher Genitalien    224, 226, 226a, 231 StGB",8415061,Reutlingen,vers.,28,20,8,0,0,0,0,0,0,0,0,0,0,0,0,1,0,1,27,20,7,0,0,0,27,20,7,2021
222000,"Gef hrliche und schwere K rperverletzung, Verst mmelung weiblicher Genitalien    224, 226, 226a, 231 StGB",8415061,Reutlingen,insg.,228,160,68,1,1,0,5,4,1,6,5,1,18,11,7,18,12,6,177,127,50,9,5,4,186,132,54,2021
222000,"Gef hrliche und schwere K rperverletzung, Verst mmelung weiblicher Genitalien    224, 226, 226a, 231 StGB",13003000,Rostock,voll.,390,270,120,0,0,0,31,15,16,31,15,16,46,30,16,57,44,13,239,172,67,17,9,8,256,181,75,2021
222000,"Gef hrliche und schwere K rperverletzung, Verst mmelung weiblicher Genitalien    224, 226, 226a, 231 StGB",13003000,Rostock,vers.,126,83,43,5,3,2,22,11,11,27,14,13,5,3,2,10,6,4,77,58,19,7,2,5,84,60,24,2021
222000,"Gef hrliche und schwere K rperverletzung, Verst mmelung weiblicher Genitalien    224, 226, 226a, 231 StGB",13003000,Rostock,insg.,516,353,163,5,3,2,53,26,27,58,29,29,51,33,18,67,50,17,316,230,86,24,11,13,340,241,99,2021
222000,"Gef hrliche und schwere K rperverletzung, Verst mmelung weiblicher Genitalien    224, 226, 226a, 231 StGB",10041100,Saarbr cken,voll.,576,434,142,0,0,0,26,9,17,26,9,17,64,46,18,73,61,12,391,302,89,22,16,6,413,318,95,2021
222000,"Gef hrliche und schwere K rperverletzung, Verst mmelung weiblicher Genitalien    224, 226, 226a, 231 StGB",10041100,Saarbr cken,vers.,115,88,27,0,0,0,4,2,2,4,2,2,6,6,0,10,10,0,86,64,22,9,6,3,95,70,25,2021
222000,"Gef hrliche und schwere K rperverletzung, Verst mmelung weiblicher Genitalien    224, 226, 226a, 231 StGB",10041100,Saarbr cken,insg.,691,522,169,0,0,0,30,11,19,30,11,19,70,52,18,83,71,12,477,366,111,31,22,9,508,388,120,2021
222000,"Gef hrliche und schwere K rperverletzung, Verst mmelung weiblicher Genitalien    224, 226, 226a, 231 StGB",3102000,Salzgitter,voll.,204,139,65,1,1,0,20,16,4,21,17,4,22,18,4,23,12,11,128,85,43,10,7,3,138,92,46,2021
222000,"Gef hrliche und schwere K rperverletzung, Verst mmelung weiblicher Genitalien    224, 226, 226a, 231 StGB",3102000,Salzgitter,vers.,27,17,10,1,1,0,5,0,5,6,1,5,1,0,1,3,3,0,16,12,4,1,1,0,17,13,4,2021
222000,"Gef hrliche und schwere K rperverletzung, Verst mmelung weiblicher Genitalien    224, 226, 226a, 231 StGB",3102000,Salzgitter,insg.,231,156,75,2,2,0,25,16,9,27,18,9,23,18,5,26,15,11,144,97,47,11,8,3,155,105,50,2021
222000,"Gef hrliche und schwere K rperverletzung, Verst mmelung weiblicher Genitalien    224, 226, 226a, 231 StGB",13004000,Schwerin,voll.,309,222,87,2,2,0,19,12,7,21,14,7,35,24,11,43,36,7,198,140,58,12,8,4,210,148,62,2021
222000,"Gef hrliche und schwere K rperverletzung, Verst mmelung weiblicher Genitalien    224, 226, 226a, 231 StGB",13004000,Schwerin,vers.,61,47,14,1,0,1,2,2,0,3,2,1,6,4,2,3,2,1,44,35,9,5,4,1,49,39,10,2021
222000,"Gef hrliche und schwere K rperverletzung, Verst mmelung weiblicher Genitalien    224, 226, 226a, 231 StGB",13004000,Schwerin,insg.,370,269,101,3,2,1,21,14,7,24,16,8,41,28,13,46,38,8,242,175,67,17,12,5,259,187,72,2021
222000,"Gef hrliche und schwere K rperverletzung, Verst mmelung weiblicher Genitalien    224, 226, 226a, 231 StGB",5970040,Siegen,voll.,227,154,73,2,1,1,14,10,4,16,11,5,22,12,10,23,16,7,155,106,49,11,9,2,166,115,51,2021
222000,"Gef hrliche und schwere K rperverletzung, Verst mmelung weiblicher Genitalien    224, 226, 226a, 231 StGB",5970040,Siegen,vers.,55,46,9,0,0,0,2,2,0,2,2,0,8,8,0,2,0,2,40,33,7,3,3,0,43,36,7,2021
222000,"Gef hrliche und schwere K rperverletzung, Verst mmelung weiblicher Genitalien    224, 226, 226a, 231 StGB",5970040,Siegen,insg.,282,200,82,2,1,1,16,12,4,18,13,5,30,20,10,25,16,9,195,139,56,14,12,2,209,151,58,2021
222000,"Gef hrliche und schwere K rperverletzung, Verst mmelung weiblicher Genitalien    224, 226, 226a, 231 StGB",5122000,Solingen,voll.,258,177,81,1,0,1,22,14,8,23,14,9,21,18,3,27,21,6,168,110,58,19,14,5,187,124,63,2021
222000,"Gef hrliche und schwere K rperverletzung, Verst mmelung weiblicher Genitalien    224, 226, 226a, 231 StGB",5122000,Solingen,vers.,49,33,16,0,0,0,4,1,3,4,1,3,4,3,1,1,1,0,35,24,11,5,4,1,40,28,12,2021
222000,"Gef hrliche und schwere K rperverletzung, Verst mmelung weiblicher Genitalien    224, 226, 226a, 231 StGB",5122000,Solingen,insg.,307,210,97,1,0,1,26,15,11,27,15,12,25,21,4,28,22,6,203,134,69,24,18,6,227,152,75,2021
222000,"Gef hrliche und schwere K rperverletzung, Verst mmelung weiblicher Genitalien    224, 226, 226a, 231 StGB",8111000,Stuttgart,voll.,1285,954,331,9,7,2,55,40,15,64,47,17,137,93,44,158,122,36,875,663,212,51,29,22,926,692,234,2021
222000,"Gef hrliche und schwere K rperverletzung, Verst mmelung weiblicher Genitalien    224, 226, 226a, 231 StGB",8111000,Stuttgart,vers.,417,298,119,3,0,3,13,7,6,16,7,9,20,11,9,18,14,4,346,253,93,17,13,4,363,266,97,2021
222000,"Gef hrliche und schwere K rperverletzung, Verst mmelung weiblicher Genitalien    224, 226, 226a, 231 StGB",8111000,Stuttgart,insg.,1702,1252,450,12,7,5,68,47,21,80,54,26,157,104,53,176,136,40,1221,916,305,68,42,26,1289,958,331,2021
222000,"Gef hrliche und schwere K rperverletzung, Verst mmelung weiblicher Genitalien    224, 226, 226a, 231 StGB",7211000,Trier,voll.,237,177,60,1,1,0,4,2,2,5,3,2,15,12,3,43,32,11,167,127,40,7,3,4,174,130,44,2021
222000,"Gef hrliche und schwere K rperverletzung, Verst mmelung weiblicher Genitalien    224, 226, 226a, 231 StGB",7211000,Trier,vers.,47,34,13,2,2,0,0,0,0,2,2,0,4,4,0,2,1,1,35,25,10,4,2,2,39,27,12,2021
222000,"Gef hrliche und schwere K rperverletzung, Verst mmelung weiblicher Genitalien    224, 226, 226a, 231 StGB",7211000,Trier,insg.,284,211,73,3,3,0,4,2,2,7,5,2,19,16,3,45,33,12,202,152,50,11,5,6,213,157,56,2021
222000,"Gef hrliche und schwere K rperverletzung, Verst mmelung weiblicher Genitalien    224, 226, 226a, 231 StGB",8421000,Ulm,voll.,245,184,61,2,2,0,8,7,1,10,9,1,27,20,7,48,33,15,154,118,36,6,4,2,160,122,38,2021
222000,"Gef hrliche und schwere K rperverletzung, Verst mmelung weiblicher Genitalien    224, 226, 226a, 231 StGB",8421000,Ulm,vers.,19,14,5,0,0,0,0,0,0,0,0,0,0,0,0,1,1,0,15,12,3,3,1,2,18,13,5,2021
222000,"Gef hrliche und schwere K rperverletzung, Verst mmelung weiblicher Genitalien    224, 226, 226a, 231 StGB",8421000,Ulm,insg.,264,198,66,2,2,0,8,7,1,10,9,1,27,20,7,49,34,15,169,130,39,9,5,4,178,135,43,2021
222000,"Gef hrliche und schwere K rperverletzung, Verst mmelung weiblicher Genitalien    224, 226, 226a, 231 StGB",6414000,Wiesbaden,voll.,708,472,236,2,2,0,33,17,16,35,19,16,60,41,19,73,51,22,504,332,172,36,29,7,540,361,179,2021
222000,"Gef hrliche und schwere K rperverletzung, Verst mmelung weiblicher Genitalien    224, 226, 226a, 231 StGB",6414000,Wiesbaden,vers.,99,68,31,0,0,0,2,2,0,2,2,0,12,10,2,5,3,2,74,48,26,6,5,1,80,53,27,2021
222000,"Gef hrliche und schwere K rperverletzung, Verst mmelung weiblicher Genitalien    224, 226, 226a, 231 StGB",6414000,Wiesbaden,insg.,807,540,267,2,2,0,35,19,16,37,21,16,72,51,21,78,54,24,578,380,198,42,34,8,620,414,206,2021
222000,"Gef hrliche und schwere K rperverletzung, Verst mmelung weiblicher Genitalien    224, 226, 226a, 231 StGB",3103000,Wolfsburg,voll.,179,126,53,1,1,0,4,4,0,5,5,0,14,8,6,16,12,4,133,96,37,11,5,6,144,101,43,2021
222000,"Gef hrliche und schwere K rperverletzung, Verst mmelung weiblicher Genitalien    224, 226, 226a, 231 StGB",3103000,Wolfsburg,vers.,22,16,6,0,0,0,1,0,1,1,0,1,1,1,0,2,0,2,16,13,3,2,2,0,18,15,3,2021
222000,"Gef hrliche und schwere K rperverletzung, Verst mmelung weiblicher Genitalien    224, 226, 226a, 231 StGB",3103000,Wolfsburg,insg.,201,142,59,1,1,0,5,4,1,6,5,1,15,9,6,18,12,6,149,109,40,13,7,6,162,116,46,2021
222000,"Gef hrliche und schwere K rperverletzung, Verst mmelung weiblicher Genitalien    224, 226, 226a, 231 StGB",5124000,Wuppertal,voll.,918,601,317,7,2,5,71,42,29,78,44,34,78,46,32,97,69,28,622,411,211,43,31,12,665,442,223,2021
222000,"Gef hrliche und schwere K rperverletzung, Verst mmelung weiblicher Genitalien    224, 226, 226a, 231 StGB",5124000,Wuppertal,vers.,159,101,58,0,0,0,8,4,4,8,4,4,7,2,5,4,1,3,122,82,40,18,12,6,140,94,46,2021
222000,"Gef hrliche und schwere K rperverletzung, Verst mmelung weiblicher Genitalien    224, 226, 226a, 231 StGB",5124000,Wuppertal,insg.,1077,702,375,7,2,5,79,46,33,86,48,38,85,48,37,101,70,31,744,493,251,61,43,18,805,536,269,2021
222000,"Gef hrliche und schwere K rperverletzung, Verst mmelung weiblicher Genitalien    224, 226, 226a, 231 StGB",9663000,W rzburg,voll.,177,128,49,0,0,0,12,5,7,12,5,7,21,12,9,27,20,7,109,85,24,8,6,2,117,91,26,2021
222000,"Gef hrliche und schwere K rperverletzung, Verst mmelung weiblicher Genitalien    224, 226, 226a, 231 StGB",9663000,W rzburg,vers.,72,54,18,1,1,0,2,0,2,3,1,2,0,0,0,6,4,2,60,49,11,3,0,3,63,49,14,2021
222000,"Gef hrliche und schwere K rperverletzung, Verst mmelung weiblicher Genitalien    224, 226, 226a, 231 StGB",9663000,W rzburg,insg.,249,182,67,1,1,0,14,5,9,15,6,9,21,12,9,33,24,9,169,134,35,11,6,5,180,140,40,2021
224000,Vors tzliche einfache K rperverletzung   223 StGB,5334002,Aachen,voll.,1474,826,648,7,2,5,53,31,22,60,33,27,89,45,44,110,58,52,1106,616,490,109,74,35,1215,690,525,2021
224000,Vors tzliche einfache K rperverletzung   223 StGB,5334002,Aachen,vers.,113,65,48,1,1,0,2,2,0,3,3,0,2,0,2,11,7,4,82,49,33,15,6,9,97,55,42,2021
224000,Vors tzliche einfache K rperverletzung   223 StGB,5334002,Aachen,insg.,1587,891,696,8,3,5,55,33,22,63,36,27,91,45,46,121,65,56,1188,665,523,124,80,44,1312,745,567,2021
224000,Vors tzliche einfache K rperverletzung   223 StGB,9761000,Augsburg,voll.,1616,970,646,15,8,7,105,74,31,120,82,38,122,83,39,129,84,45,1137,677,460,108,44,64,1245,721,524,2021
224000,Vors tzliche einfache K rperverletzung   223 StGB,9761000,Augsburg,vers.,145,101,44,0,0,0,5,2,3,5,2,3,5,2,3,13,9,4,110,83,27,12,5,7,122,88,34,2021
224000,Vors tzliche einfache K rperverletzung   223 StGB,9761000,Augsburg,insg.,1761,1071,690,15,8,7,110,76,34,125,84,41,127,85,42,142,93,49,1247,760,487,120,49,71,1367,809,558,2021
224000,Vors tzliche einfache K rperverletzung   223 StGB,5378004,Bergisch Gladbach,voll.,521,300,221,5,3,2,26,18,8,31,21,10,53,38,15,47,23,24,338,182,156,52,36,16,390,218,172,2021
224000,Vors tzliche einfache K rperverletzung   223 StGB,5378004,Bergisch Gladbach,vers.,69,43,26,1,0,1,1,1,0,2,1,1,5,3,2,1,1,0,53,31,22,8,7,1,61,38,23,2021
224000,Vors tzliche einfache K rperverletzung   223 StGB,5378004,Bergisch Gladbach,insg.,590,343,247,6,3,3,27,19,8,33,22,11,58,41,17,48,24,24,391,213,178,60,43,17,451,256,195,2021
224000,Vors tzliche einfache K rperverletzung   223 StGB,11000000,Berlin,voll.,25996,15046,10950,203,120,83,1453,985,468,1656,1105,551,1577,883,694,1529,847,682,19487,11194,8293,1747,1017,730,21234,12211,9023,2021
224000,Vors tzliche einfache K rperverletzung   223 StGB,11000000,Berlin,vers.,2388,1599,789,25,13,12,92,58,34,117,71,46,109,66,43,113,72,41,1854,1260,594,195,130,65,2049,1390,659,2021
224000,Vors tzliche einfache K rperverletzung   223 StGB,11000000,Berlin,insg.,28384,16645,11739,228,133,95,1545,1043,502,1773,1176,597,1686,949,737,1642,919,723,21341,12454,8887,1942,1147,795,23283,13601,9682,2021
224000,Vors tzliche einfache K rperverletzung   223 StGB,5711000,Bielefeld,voll.,1483,746,737,10,3,7,73,54,19,83,57,26,107,51,56,112,54,58,1076,527,549,105,57,48,1181,584,597,2021
224000,Vors tzliche einfache K rperverletzung   223 StGB,5711000,Bielefeld,vers.,69,43,26,0,0,0,3,1,2,3,1,2,7,6,1,4,4,0,50,30,20,5,2,3,55,32,23,2021
224000,Vors tzliche einfache K rperverletzung   223 StGB,5711000,Bielefeld,insg.,1552,789,763,10,3,7,76,55,21,86,58,28,114,57,57,116,58,58,1126,557,569,110,59,51,1236,616,620,2021
224000,Vors tzliche einfache K rperverletzung   223 StGB,5911000,Bochum,voll.,1851,1015,836,12,5,7,96,64,32,108,69,39,141,83,58,123,71,52,1351,720,631,128,72,56,1479,792,687,2021
224000,Vors tzliche einfache K rperverletzung   223 StGB,5911000,Bochum,vers.,157,81,76,4,2,2,8,4,4,12,6,6,6,1,5,6,3,3,113,56,57,20,15,5,133,71,62,2021
224000,Vors tzliche einfache K rperverletzung   223 StGB,5911000,Bochum,insg.,2008,1096,912,16,7,9,104,68,36,120,75,45,147,84,63,129,74,55,1464,776,688,148,87,61,1612,863,749,2021
224000,Vors tzliche einfache K rperverletzung   223 StGB,5314000,Bonn,voll.,1751,971,780,14,10,4,83,55,28,97,65,32,133,84,49,135,66,69,1272,685,587,114,71,43,1386,756,630,2021
224000,Vors tzliche einfache K rperverletzung   223 StGB,5314000,Bonn,vers.,297,192,105,1,0,1,12,12,0,13,12,1,9,3,6,9,5,4,239,152,87,27,20,7,266,172,94,2021
224000,Vors tzliche einfache K rperverletzung   223 StGB,5314000,Bonn,insg.,2048,1163,885,15,10,5,95,67,28,110,77,33,142,87,55,144,71,73,1511,837,674,141,91,50,1652,928,724,2021
224000,Vors tzliche einfache K rperverletzung   223 StGB,5512000,Bottrop,voll.,461,234,227,2,1,1,35,21,14,37,22,15,43,30,13,30,16,14,330,154,176,21,12,9,351,166,185,2021
224000,Vors tzliche einfache K rperverletzung   223 StGB,5512000,Bottrop,vers.,21,5,16,1,0,1,0,0,0,1,0,1,0,0,0,2,0,2,15,5,10,3,0,3,18,5,13,2021
224000,Vors tzliche einfache K rperverletzung   223 StGB,5512000,Bottrop,insg.,482,239,243,3,1,2,35,21,14,38,22,16,43,30,13,32,16,16,345,159,186,24,12,12,369,171,198,2021
224000,Vors tzliche einfache K rperverletzung   223 StGB,3101000,Braunschweig,voll.,1274,746,528,18,11,7,76,44,32,94,55,39,124,62,62,125,73,52,844,502,342,87,54,33,931,556,375,2021
224000,Vors tzliche einfache K rperverletzung   223 StGB,3101000,Braunschweig,vers.,71,39,32,0,0,0,1,1,0,1,1,0,3,2,1,2,2,0,56,30,26,9,4,5,65,34,31,2021
224000,Vors tzliche einfache K rperverletzung   223 StGB,3101000,Braunschweig,insg.,1345,785,560,18,11,7,77,45,32,95,56,39,127,64,63,127,75,52,900,532,368,96,58,38,996,590,406,2021
224000,Vors tzliche einfache K rperverletzung   223 StGB,4011000,Bremen,voll.,4061,2225,1836,17,8,9,148,93,55,165,101,64,291,167,124,359,183,176,2994,1638,1356,252,136,116,3246,1774,1472,2021
224000,Vors tzliche einfache K rperverletzung   223 StGB,4011000,Bremen,vers.,211,135,76,0,0,0,7,5,2,7,5,2,12,8,4,11,4,7,165,109,56,16,9,7,181,118,63,2021
224000,Vors tzliche einfache K rperverletzung   223 StGB,4011000,Bremen,insg.,4272,2360,1912,17,8,9,155,98,57,172,106,66,303,175,128,370,187,183,3159,1747,1412,268,145,123,3427,1892,1535,2021
224000,Vors tzliche einfache K rperverletzung   223 StGB,4012000,Bremerhaven,voll.,907,488,419,8,4,4,54,38,16,62,42,20,67,38,29,83,37,46,627,330,297,68,41,27,695,371,324,2021
224000,Vors tzliche einfache K rperverletzung   223 StGB,4012000,Bremerhaven,vers.,19,14,5,0,0,0,1,1,0,1,1,0,2,1,1,0,0,0,14,10,4,2,2,0,16,12,4,2021
224000,Vors tzliche einfache K rperverletzung   223 StGB,4012000,Bremerhaven,insg.,926,502,424,8,4,4,55,39,16,63,43,20,69,39,30,83,37,46,641,340,301,70,43,27,711,383,328,2021
224000,Vors tzliche einfache K rperverletzung   223 StGB,14511000,Chemnitz,voll.,1036,585,451,11,5,6,52,33,19,63,38,25,85,46,39,79,45,34,733,408,325,76,48,28,809,456,353,2021
224000,Vors tzliche einfache K rperverletzung   223 StGB,14511000,Chemnitz,vers.,50,29,21,1,1,0,4,3,1,5,4,1,2,0,2,2,1,1,33,19,14,8,5,3,41,24,17,2021
224000,Vors tzliche einfache K rperverletzung   223 StGB,14511000,Chemnitz,insg.,1086,614,472,12,6,6,56,36,20,68,42,26,87,46,41,81,46,35,766,427,339,84,53,31,850,480,370,2021
224000,Vors tzliche einfache K rperverletzung   223 StGB,12052000,Cottbus,voll.,687,398,289,4,2,2,41,29,12,45,31,14,41,35,6,70,35,35,482,266,216,49,31,18,531,297,234,2021
224000,Vors tzliche einfache K rperverletzung   223 StGB,12052000,Cottbus,vers.,44,30,14,1,1,0,4,3,1,5,4,1,1,1,0,3,0,3,31,22,9,4,3,1,35,25,10,2021
224000,Vors tzliche einfache K rperverletzung   223 StGB,12052000,Cottbus,insg.,731,428,303,5,3,2,45,32,13,50,35,15,42,36,6,73,35,38,513,288,225,53,34,19,566,322,244,2021
224000,Vors tzliche einfache K rperverletzung   223 StGB,6411000,Darmstadt,voll.,528,258,270,0,0,0,24,13,11,24,13,11,33,17,16,42,21,21,392,190,202,37,17,20,429,207,222,2021
224000,Vors tzliche einfache K rperverletzung   223 StGB,6411000,Darmstadt,vers.,15,10,5,0,0,0,1,1,0,1,1,0,2,2,0,0,0,0,10,6,4,2,1,1,12,7,5,2021
224000,Vors tzliche einfache K rperverletzung   223 StGB,6411000,Darmstadt,insg.,543,268,275,0,0,0,25,14,11,25,14,11,35,19,16,42,21,21,402,196,206,39,18,21,441,214,227,2021
224000,Vors tzliche einfache K rperverletzung   223 StGB,5913000,Dortmund,voll.,3937,2070,1867,22,11,11,150,102,48,172,113,59,282,139,143,317,147,170,2899,1511,1388,267,160,107,3166,1671,1495,2021
224000,Vors tzliche einfache K rperverletzung   223 StGB,5913000,Dortmund,vers.,386,225,161,4,3,1,13,10,3,17,13,4,14,11,3,26,15,11,286,162,124,43,24,19,329,186,143,2021
224000,Vors tzliche einfache K rperverletzung   223 StGB,5913000,Dortmund,insg.,4323,2295,2028,26,14,12,163,112,51,189,126,63,296,150,146,343,162,181,3185,1673,1512,310,184,126,3495,1857,1638,2021
224000,Vors tzliche einfache K rperverletzung   223 StGB,14612000,Dresden,voll.,2160,1319,841,28,18,10,120,83,37,148,101,47,190,116,74,163,93,70,1518,934,584,141,75,66,1659,1009,650,2021
224000,Vors tzliche einfache K rperverletzung   223 StGB,14612000,Dresden,vers.,82,57,25,0,0,0,3,2,1,3,2,1,5,5,0,5,3,2,60,43,17,9,4,5,69,47,22,2021
224000,Vors tzliche einfache K rperverletzung   223 StGB,14612000,Dresden,insg.,2242,1376,866,28,18,10,123,85,38,151,103,48,195,121,74,168,96,72,1578,977,601,150,79,71,1728,1056,672,2021
224000,Vors tzliche einfache K rperverletzung   223 StGB,5112000,Duisburg,voll.,2831,1337,1494,29,17,12,190,123,67,219,140,79,232,120,112,199,84,115,1974,880,1094,207,113,94,2181,993,1188,2021
224000,Vors tzliche einfache K rperverletzung   223 StGB,5112000,Duisburg,vers.,240,106,134,4,2,2,12,6,6,16,8,8,13,6,7,12,6,6,172,72,100,27,14,13,199,86,113,2021
224000,Vors tzliche einfache K rperverletzung   223 StGB,5112000,Duisburg,insg.,3071,1443,1628,33,19,14,202,129,73,235,148,87,245,126,119,211,90,121,2146,952,1194,234,127,107,2380,1079,1301,2021
224000,Vors tzliche einfache K rperverletzung   223 StGB,5111000,D sseldorf,voll.,3177,1810,1367,23,15,8,147,102,45,170,117,53,197,110,87,281,182,99,2301,1278,1023,228,123,105,2529,1401,1128,2021
224000,Vors tzliche einfache K rperverletzung   223 StGB,5111000,D sseldorf,vers.,199,123,76,1,1,0,4,1,3,5,2,3,4,3,1,16,8,8,147,94,53,27,16,11,174,110,64,2021
224000,Vors tzliche einfache K rperverletzung   223 StGB,5111000,D sseldorf,insg.,3376,1933,1443,24,16,8,151,103,48,175,119,56,201,113,88,297,190,107,2448,1372,1076,255,139,116,2703,1511,1192,2021
224000,Vors tzliche einfache K rperverletzung   223 StGB,16051000,Erfurt,voll.,1133,662,471,4,3,1,65,43,22,69,46,23,78,45,33,136,80,56,785,462,323,65,29,36,850,491,359,2021
224000,Vors tzliche einfache K rperverletzung   223 StGB,16051000,Erfurt,vers.,139,86,53,0,0,0,3,1,2,3,1,2,5,3,2,9,3,6,112,75,37,10,4,6,122,79,43,2021
224000,Vors tzliche einfache K rperverletzung   223 StGB,16051000,Erfurt,insg.,1272,748,524,4,3,1,68,44,24,72,47,25,83,48,35,145,83,62,897,537,360,75,33,42,972,570,402,2021
224000,Vors tzliche einfache K rperverletzung   223 StGB,9562000,Erlangen,voll.,329,185,144,3,2,1,27,26,1,30,28,2,24,10,14,22,13,9,237,126,111,16,8,8,253,134,119,2021
224000,Vors tzliche einfache K rperverletzung   223 StGB,9562000,Erlangen,vers.,25,20,5,2,2,0,2,2,0,4,4,0,1,0,1,2,2,0,15,11,4,3,3,0,18,14,4,2021
224000,Vors tzliche einfache K rperverletzung   223 StGB,9562000,Erlangen,insg.,354,205,149,5,4,1,29,28,1,34,32,2,25,10,15,24,15,9,252,137,115,19,11,8,271,148,123,2021
224000,Vors tzliche einfache K rperverletzung   223 StGB,5113000,Essen,voll.,2710,1425,1285,38,17,21,155,91,64,193,108,85,223,128,95,178,88,90,1968,1011,957,148,90,58,2116,1101,1015,2021
224000,Vors tzliche einfache K rperverletzung   223 StGB,5113000,Essen,vers.,210,117,93,1,0,1,11,6,5,12,6,6,14,8,6,14,7,7,143,78,65,27,18,9,170,96,74,2021
224000,Vors tzliche einfache K rperverletzung   223 StGB,5113000,Essen,insg.,2920,1542,1378,39,17,22,166,97,69,205,114,91,237,136,101,192,95,97,2111,1089,1022,175,108,67,2286,1197,1089,2021
224000,Vors tzliche einfache K rperverletzung   223 StGB,6412000,Frankfurt am Main,voll.,4124,2237,1887,22,15,7,136,88,48,158,103,55,220,114,106,270,124,146,3175,1724,1451,301,172,129,3476,1896,1580,2021
224000,Vors tzliche einfache K rperverletzung   223 StGB,6412000,Frankfurt am Main,vers.,203,137,66,2,1,1,5,1,4,7,2,5,6,5,1,14,10,4,159,111,48,17,9,8,176,120,56,2021
224000,Vors tzliche einfache K rperverletzung   223 StGB,6412000,Frankfurt am Main,insg.,4327,2374,1953,24,16,8,141,89,52,165,105,60,226,119,107,284,134,150,3334,1835,1499,318,181,137,3652,2016,1636,2021
224000,Vors tzliche einfache K rperverletzung   223 StGB,8311000,Freiburg im Breisgau,voll.,1463,914,549,11,8,3,83,52,31,94,60,34,118,70,48,134,98,36,1021,624,397,96,62,34,1117,686,431,2021
224000,Vors tzliche einfache K rperverletzung   223 StGB,8311000,Freiburg im Breisgau,vers.,105,73,32,2,2,0,4,2,2,6,4,2,4,2,2,9,5,4,79,59,20,7,3,4,86,62,24,2021
224000,Vors tzliche einfache K rperverletzung   223 StGB,8311000,Freiburg im Breisgau,insg.,1568,987,581,13,10,3,87,54,33,100,64,36,122,72,50,143,103,40,1100,683,417,103,65,38,1203,748,455,2021
224000,Vors tzliche einfache K rperverletzung   223 StGB,9563000,F rth,voll.,298,163,135,2,0,2,14,13,1,16,13,3,25,11,14,17,10,7,216,114,102,24,15,9,240,129,111,2021
224000,Vors tzliche einfache K rperverletzung   223 StGB,9563000,F rth,vers.,19,15,4,0,0,0,1,1,0,1,1,0,1,1,0,0,0,0,14,10,4,3,3,0,17,13,4,2021
224000,Vors tzliche einfache K rperverletzung   223 StGB,9563000,F rth,insg.,317,178,139,2,0,2,15,14,1,17,14,3,26,12,14,17,10,7,230,124,106,27,18,9,257,142,115,2021
224000,Vors tzliche einfache K rperverletzung   223 StGB,5513000,Gelsenkirchen,voll.,1657,807,850,16,7,9,122,83,39,138,90,48,141,77,64,135,64,71,1165,535,630,78,41,37,1243,576,667,2021
224000,Vors tzliche einfache K rperverletzung   223 StGB,5513000,Gelsenkirchen,vers.,94,53,41,1,0,1,1,1,0,2,1,1,5,4,1,5,4,1,72,39,33,10,5,5,82,44,38,2021
224000,Vors tzliche einfache K rperverletzung   223 StGB,5513000,Gelsenkirchen,insg.,1751,860,891,17,7,10,123,84,39,140,91,49,146,81,65,140,68,72,1237,574,663,88,46,42,1325,620,705,2021
224000,Vors tzliche einfache K rperverletzung   223 StGB,3159016,G ttingen,voll.,825,490,335,6,4,2,33,22,11,39,26,13,44,28,16,98,59,39,591,345,246,53,32,21,644,377,267,2021
224000,Vors tzliche einfache K rperverletzung   223 StGB,3159016,G ttingen,vers.,79,52,27,0,0,0,2,1,1,2,1,1,5,5,0,5,4,1,60,41,19,7,1,6,67,42,25,2021
224000,Vors tzliche einfache K rperverletzung   223 StGB,3159016,G ttingen,insg.,904,542,362,6,4,2,35,23,12,41,27,14,49,33,16,103,63,40,651,386,265,60,33,27,711,419,292,2021
224000,Vors tzliche einfache K rperverletzung   223 StGB,5754008,G tersloh,voll.,445,218,227,5,1,4,16,10,6,21,11,10,45,22,23,33,19,14,313,150,163,33,16,17,346,166,180,2021
224000,Vors tzliche einfache K rperverletzung   223 StGB,5754008,G tersloh,vers.,44,18,26,1,0,1,1,1,0,2,1,1,1,0,1,2,0,2,34,15,19,5,2,3,39,17,22,2021
224000,Vors tzliche einfache K rperverletzung   223 StGB,5754008,G tersloh,insg.,489,236,253,6,1,5,17,11,6,23,12,11,46,22,24,35,19,16,347,165,182,38,18,20,385,183,202,2021
224000,Vors tzliche einfache K rperverletzung   223 StGB,5914000,Hagen,voll.,1159,648,511,15,10,5,82,48,34,97,58,39,82,46,36,78,50,28,831,454,377,71,40,31,902,494,408,2021
224000,Vors tzliche einfache K rperverletzung   223 StGB,5914000,Hagen,vers.,78,50,28,0,0,0,3,1,2,3,1,2,4,0,4,4,3,1,52,39,13,15,7,8,67,46,21,2021
224000,Vors tzliche einfache K rperverletzung   223 StGB,5914000,Hagen,insg.,1237,698,539,15,10,5,85,49,36,100,59,41,86,46,40,82,53,29,883,493,390,86,47,39,969,540,429,2021
224000,Vors tzliche einfache K rperverletzung   223 StGB,15002000,Halle (Saale),voll.,1898,1091,807,15,10,5,152,98,54,167,108,59,183,104,79,185,85,100,1270,737,533,93,57,36,1363,794,569,2021
224000,Vors tzliche einfache K rperverletzung   223 StGB,15002000,Halle (Saale),vers.,158,106,52,0,0,0,9,8,1,9,8,1,10,7,3,17,9,8,111,75,36,11,7,4,122,82,40,2021
224000,Vors tzliche einfache K rperverletzung   223 StGB,15002000,Halle (Saale),insg.,2056,1197,859,15,10,5,161,106,55,176,116,60,193,111,82,202,94,108,1381,812,569,104,64,40,1485,876,609,2021
224000,Vors tzliche einfache K rperverletzung   223 StGB,2000000,Hamburg,voll.,12986,7579,5407,90,64,26,659,419,240,749,483,266,774,409,365,855,447,408,9746,5745,4001,862,495,367,10608,6240,4368,2021
224000,Vors tzliche einfache K rperverletzung   223 StGB,2000000,Hamburg,vers.,538,371,167,0,0,0,14,9,5,14,9,5,17,11,6,32,22,10,433,296,137,42,33,9,475,329,146,2021
224000,Vors tzliche einfache K rperverletzung   223 StGB,2000000,Hamburg,insg.,13524,7950,5574,90,64,26,673,428,245,763,492,271,791,420,371,887,469,418,10179,6041,4138,904,528,376,11083,6569,4514,2021
224000,Vors tzliche einfache K rperverletzung   223 StGB,5915000,Hamm,voll.,980,512,468,11,3,8,78,48,30,89,51,38,71,34,37,60,30,30,703,363,340,57,34,23,760,397,363,2021
224000,Vors tzliche einfache K rperverletzung   223 StGB,5915000,Hamm,vers.,106,74,32,0,0,0,5,3,2,5,3,2,5,4,1,4,3,1,83,58,25,9,6,3,92,64,28,2021
224000,Vors tzliche einfache K rperverletzung   223 StGB,5915000,Hamm,insg.,1086,586,500,11,3,8,83,51,32,94,54,40,76,38,38,64,33,31,786,421,365,66,40,26,852,461,391,2021
224000,Vors tzliche einfache K rperverletzung   223 StGB,3241001,Hannover,voll.,4083,2432,1651,26,17,9,179,126,53,205,143,62,293,167,126,315,169,146,3055,1831,1224,215,122,93,3270,1953,1317,2021
224000,Vors tzliche einfache K rperverletzung   223 StGB,3241001,Hannover,vers.,260,187,73,2,2,0,6,3,3,8,5,3,13,8,5,17,8,9,205,156,49,17,10,7,222,166,56,2021
224000,Vors tzliche einfache K rperverletzung   223 StGB,3241001,Hannover,insg.,4343,2619,1724,28,19,9,185,129,56,213,148,65,306,175,131,332,177,155,3260,1987,1273,232,132,100,3492,2119,1373,2021
224000,Vors tzliche einfache K rperverletzung   223 StGB,8221000,Heidelberg,voll.,687,466,221,6,3,3,24,16,8,30,19,11,48,31,17,70,52,18,497,346,151,42,18,24,539,364,175,2021
224000,Vors tzliche einfache K rperverletzung   223 StGB,8221000,Heidelberg,vers.,34,24,10,0,0,0,1,0,1,1,0,1,0,0,0,3,3,0,27,18,9,3,3,0,30,21,9,2021
224000,Vors tzliche einfache K rperverletzung   223 StGB,8221000,Heidelberg,insg.,721,490,231,6,3,3,25,16,9,31,19,12,48,31,17,73,55,18,524,364,160,45,21,24,569,385,184,2021
224000,Vors tzliche einfache K rperverletzung   223 StGB,8121000,Heilbronn,voll.,585,318,267,0,0,0,29,17,12,29,17,12,35,22,13,45,22,23,447,237,210,29,20,9,476,257,219,2021
224000,Vors tzliche einfache K rperverletzung   223 StGB,8121000,Heilbronn,vers.,28,18,10,0,0,0,0,0,0,0,0,0,1,1,0,0,0,0,23,14,9,4,3,1,27,17,10,2021
224000,Vors tzliche einfache K rperverletzung   223 StGB,8121000,Heilbronn,insg.,613,336,277,0,0,0,29,17,12,29,17,12,36,23,13,45,22,23,470,251,219,33,23,10,503,274,229,2021
224000,Vors tzliche einfache K rperverletzung   223 StGB,5916000,Herne,voll.,969,464,505,6,5,1,61,43,18,67,48,19,65,39,26,80,26,54,690,308,382,67,43,24,757,351,406,2021
224000,Vors tzliche einfache K rperverletzung   223 StGB,5916000,Herne,vers.,76,45,31,0,0,0,5,5,0,5,5,0,7,5,2,7,4,3,49,27,22,8,4,4,57,31,26,2021
224000,Vors tzliche einfache K rperverletzung   223 StGB,5916000,Herne,insg.,1045,509,536,6,5,1,66,48,18,72,53,19,72,44,28,87,30,57,739,335,404,75,47,28,814,382,432,2021
224000,Vors tzliche einfache K rperverletzung   223 StGB,3254021,Hildesheim,voll.,690,356,334,4,1,3,27,15,12,31,16,15,62,29,33,78,44,34,484,248,236,35,19,16,519,267,252,2021
224000,Vors tzliche einfache K rperverletzung   223 StGB,3254021,Hildesheim,vers.,38,32,6,0,0,0,0,0,0,0,0,0,2,2,0,6,6,0,28,23,5,2,1,1,30,24,6,2021
224000,Vors tzliche einfache K rperverletzung   223 StGB,3254021,Hildesheim,insg.,728,388,340,4,1,3,27,15,12,31,16,15,64,31,33,84,50,34,512,271,241,37,20,17,549,291,258,2021
224000,Vors tzliche einfache K rperverletzung   223 StGB,9161000,Ingolstadt,voll.,712,414,298,7,6,1,25,14,11,32,20,12,49,29,20,55,30,25,533,310,223,43,25,18,576,335,241,2021
224000,Vors tzliche einfache K rperverletzung   223 StGB,9161000,Ingolstadt,vers.,66,45,21,0,0,0,2,1,1,2,1,1,3,0,3,4,3,1,51,37,14,6,4,2,57,41,16,2021
224000,Vors tzliche einfache K rperverletzung   223 StGB,9161000,Ingolstadt,insg.,778,459,319,7,6,1,27,15,12,34,21,13,52,29,23,59,33,26,584,347,237,49,29,20,633,376,257,2021
224000,Vors tzliche einfache K rperverletzung   223 StGB,16053000,Jena,voll.,464,296,168,13,6,7,32,27,5,45,33,12,60,36,24,59,31,28,265,173,92,35,23,12,300,196,104,2021
224000,Vors tzliche einfache K rperverletzung   223 StGB,16053000,Jena,vers.,31,27,4,0,0,0,2,2,0,2,2,0,2,2,0,3,3,0,23,19,4,1,1,0,24,20,4,2021
224000,Vors tzliche einfache K rperverletzung   223 StGB,16053000,Jena,insg.,495,323,172,13,6,7,34,29,5,47,35,12,62,38,24,62,34,28,288,192,96,36,24,12,324,216,108,2021
224000,Vors tzliche einfache K rperverletzung   223 StGB,7312000,Kaiserslautern,voll.,849,508,341,0,0,0,39,24,15,39,24,15,45,35,10,113,53,60,600,363,237,52,33,19,652,396,256,2021
224000,Vors tzliche einfache K rperverletzung   223 StGB,7312000,Kaiserslautern,vers.,107,72,35,0,0,0,7,4,3,7,4,3,8,7,1,12,9,3,75,50,25,5,2,3,80,52,28,2021
224000,Vors tzliche einfache K rperverletzung   223 StGB,7312000,Kaiserslautern,insg.,956,580,376,0,0,0,46,28,18,46,28,18,53,42,11,125,62,63,675,413,262,57,35,22,732,448,284,2021
224000,Vors tzliche einfache K rperverletzung   223 StGB,8212000,Karlsruhe,voll.,1200,703,497,12,7,5,43,25,18,55,32,23,85,53,32,91,51,40,870,505,365,99,62,37,969,567,402,2021
224000,Vors tzliche einfache K rperverletzung   223 StGB,8212000,Karlsruhe,vers.,123,69,54,3,1,2,1,0,1,4,1,3,6,4,2,4,3,1,98,55,43,11,6,5,109,61,48,2021
224000,Vors tzliche einfache K rperverletzung   223 StGB,8212000,Karlsruhe,insg.,1323,772,551,15,8,7,44,25,19,59,33,26,91,57,34,95,54,41,968,560,408,110,68,42,1078,628,450,2021
224000,Vors tzliche einfache K rperverletzung   223 StGB,6611000,Kassel,voll.,1121,549,572,10,10,0,39,27,12,49,37,12,70,38,32,104,44,60,830,390,440,68,40,28,898,430,468,2021
224000,Vors tzliche einfache K rperverletzung   223 StGB,6611000,Kassel,vers.,43,30,13,1,1,0,2,1,1,3,2,1,1,0,1,4,4,0,33,23,10,2,1,1,35,24,11,2021
224000,Vors tzliche einfache K rperverletzung   223 StGB,6611000,Kassel,insg.,1164,579,585,11,11,0,41,28,13,52,39,13,71,38,33,108,48,60,863,413,450,70,41,29,933,454,479,2021
224000,Vors tzliche einfache K rperverletzung   223 StGB,1002000,Kiel,voll.,1432,867,565,5,5,0,69,48,21,74,53,21,115,73,42,96,66,30,1056,619,437,91,56,35,1147,675,472,2021
224000,Vors tzliche einfache K rperverletzung   223 StGB,1002000,Kiel,vers.,65,34,31,1,1,0,4,2,2,5,3,2,1,0,1,5,1,4,48,27,21,6,3,3,54,30,24,2021
224000,Vors tzliche einfache K rperverletzung   223 StGB,1002000,Kiel,insg.,1497,901,596,6,6,0,73,50,23,79,56,23,116,73,43,101,67,34,1104,646,458,97,59,38,1201,705,496,2021
224000,Vors tzliche einfache K rperverletzung   223 StGB,7111000,Koblenz,voll.,673,380,293,6,4,2,29,20,9,35,24,11,54,34,20,68,41,27,477,260,217,39,21,18,516,281,235,2021
224000,Vors tzliche einfache K rperverletzung   223 StGB,7111000,Koblenz,vers.,86,43,43,0,0,0,7,4,3,7,4,3,11,5,6,5,1,4,56,29,27,7,4,3,63,33,30,2021
224000,Vors tzliche einfache K rperverletzung   223 StGB,7111000,Koblenz,insg.,759,423,336,6,4,2,36,24,12,42,28,14,65,39,26,73,42,31,533,289,244,46,25,21,579,314,265,2021
224000,Vors tzliche einfache K rperverletzung   223 StGB,5315000,K ln,voll.,7173,4046,3127,43,27,16,340,206,134,383,233,150,502,263,239,491,268,223,5297,2991,2306,500,291,209,5797,3282,2515,2021
224000,Vors tzliche einfache K rperverletzung   223 StGB,5315000,K ln,vers.,540,327,213,7,2,5,22,10,12,29,12,17,30,19,11,40,29,11,390,240,150,51,27,24,441,267,174,2021
224000,Vors tzliche einfache K rperverletzung   223 StGB,5315000,K ln,insg.,7713,4373,3340,50,29,21,362,216,146,412,245,167,532,282,250,531,297,234,5687,3231,2456,551,318,233,6238,3549,2689,2021
224000,Vors tzliche einfache K rperverletzung   223 StGB,5114000,Krefeld,voll.,1345,720,625,7,3,4,91,62,29,98,65,33,107,63,44,112,51,61,929,484,445,99,57,42,1028,541,487,2021
224000,Vors tzliche einfache K rperverletzung   223 StGB,5114000,Krefeld,vers.,60,33,27,0,0,0,4,3,1,4,3,1,5,5,0,5,2,3,38,18,20,8,5,3,46,23,23,2021
224000,Vors tzliche einfache K rperverletzung   223 StGB,5114000,Krefeld,insg.,1405,753,652,7,3,4,95,65,30,102,68,34,112,68,44,117,53,64,967,502,465,107,62,45,1074,564,510,2021
224000,Vors tzliche einfache K rperverletzung   223 StGB,14713000,Leipzig,voll.,2734,1598,1136,34,21,13,116,74,42,150,95,55,188,99,89,232,125,107,1991,1180,811,173,99,74,2164,1279,885,2021
224000,Vors tzliche einfache K rperverletzung   223 StGB,14713000,Leipzig,vers.,123,90,33,0,0,0,2,0,2,2,0,2,7,5,2,8,6,2,97,74,23,9,5,4,106,79,27,2021
224000,Vors tzliche einfache K rperverletzung   223 StGB,14713000,Leipzig,insg.,2857,1688,1169,34,21,13,118,74,44,152,95,57,195,104,91,240,131,109,2088,1254,834,182,104,78,2270,1358,912,2021
224000,Vors tzliche einfache K rperverletzung   223 StGB,5316000,Leverkusen,voll.,845,435,410,4,2,2,50,30,20,54,32,22,75,43,32,51,31,20,598,286,312,67,43,24,665,329,336,2021
224000,Vors tzliche einfache K rperverletzung   223 StGB,5316000,Leverkusen,vers.,62,39,23,0,0,0,1,0,1,1,0,1,2,1,1,5,4,1,50,33,17,4,1,3,54,34,20,2021
224000,Vors tzliche einfache K rperverletzung   223 StGB,5316000,Leverkusen,insg.,907,474,433,4,2,2,51,30,21,55,32,23,77,44,33,56,35,21,648,319,329,71,44,27,719,363,356,2021
224000,Vors tzliche einfache K rperverletzung   223 StGB,1003000,L beck,voll.,1530,846,684,10,4,6,72,44,28,82,48,34,103,56,47,120,72,48,1104,605,499,121,65,56,1225,670,555,2021
224000,Vors tzliche einfache K rperverletzung   223 StGB,1003000,L beck,vers.,137,88,49,1,0,1,3,2,1,4,2,2,13,8,5,8,7,1,102,65,37,10,6,4,112,71,41,2021
224000,Vors tzliche einfache K rperverletzung   223 StGB,1003000,L beck,insg.,1667,934,733,11,4,7,75,46,29,86,50,36,116,64,52,128,79,49,1206,670,536,131,71,60,1337,741,596,2021
224000,Vors tzliche einfache K rperverletzung   223 StGB,7314000,Ludwigshafen am Rhein,voll.,1218,619,599,11,5,6,100,61,39,111,66,45,92,45,47,88,45,43,852,420,432,75,43,32,927,463,464,2021
224000,Vors tzliche einfache K rperverletzung   223 StGB,7314000,Ludwigshafen am Rhein,vers.,121,73,48,0,0,0,12,8,4,12,8,4,7,5,2,3,0,3,90,56,34,9,4,5,99,60,39,2021
224000,Vors tzliche einfache K rperverletzung   223 StGB,7314000,Ludwigshafen am Rhein,insg.,1339,692,647,11,5,6,112,69,43,123,74,49,99,50,49,91,45,46,942,476,466,84,47,37,1026,523,503,2021
224000,Vors tzliche einfache K rperverletzung   223 StGB,15003000,Magdeburg,voll.,1524,888,636,11,7,4,82,56,26,93,63,30,145,86,59,106,62,44,1074,618,456,106,59,47,1180,677,503,2021
224000,Vors tzliche einfache K rperverletzung   223 StGB,15003000,Magdeburg,vers.,89,62,27,0,0,0,3,3,0,3,3,0,4,2,2,5,4,1,65,45,20,12,8,4,77,53,24,2021
224000,Vors tzliche einfache K rperverletzung   223 StGB,15003000,Magdeburg,insg.,1613,950,663,11,7,4,85,59,26,96,66,30,149,88,61,111,66,45,1139,663,476,118,67,51,1257,730,527,2021
224000,Vors tzliche einfache K rperverletzung   223 StGB,7315000,Mainz,voll.,873,536,337,4,3,1,46,33,13,50,36,14,61,33,28,85,41,44,627,393,234,50,33,17,677,426,251,2021
224000,Vors tzliche einfache K rperverletzung   223 StGB,7315000,Mainz,vers.,99,71,28,0,0,0,4,4,0,4,4,0,5,5,0,5,2,3,75,55,20,10,5,5,85,60,25,2021
224000,Vors tzliche einfache K rperverletzung   223 StGB,7315000,Mainz,insg.,972,607,365,4,3,1,50,37,13,54,40,14,66,38,28,90,43,47,702,448,254,60,38,22,762,486,276,2021
224000,Vors tzliche einfache K rperverletzung   223 StGB,8222000,Mannheim,voll.,1195,642,553,10,9,1,64,46,18,74,55,19,68,43,25,91,40,51,873,456,417,89,48,41,962,504,458,2021
224000,Vors tzliche einfache K rperverletzung   223 StGB,8222000,Mannheim,vers.,55,41,14,0,0,0,2,2,0,2,2,0,6,4,2,4,3,1,37,27,10,6,5,1,43,32,11,2021
224000,Vors tzliche einfache K rperverletzung   223 StGB,8222000,Mannheim,insg.,1250,683,567,10,9,1,66,48,18,76,57,19,74,47,27,95,43,52,910,483,427,95,53,42,1005,536,469,2021
224000,Vors tzliche einfache K rperverletzung   223 StGB,5170024,Moers,voll.,413,209,204,23,12,11,37,23,14,60,35,25,28,14,14,30,14,16,263,133,130,32,13,19,295,146,149,2021
224000,Vors tzliche einfache K rperverletzung   223 StGB,5170024,Moers,vers.,24,11,13,0,0,0,0,0,0,0,0,0,1,0,1,1,1,0,21,9,12,1,1,0,22,10,12,2021
224000,Vors tzliche einfache K rperverletzung   223 StGB,5170024,Moers,insg.,437,220,217,23,12,11,37,23,14,60,35,25,29,14,15,31,15,16,284,142,142,33,14,19,317,156,161,2021
224000,Vors tzliche einfache K rperverletzung   223 StGB,5116000,M nchengladbach,voll.,1501,791,710,15,7,8,71,49,22,86,56,30,93,46,47,126,61,65,1085,552,533,111,76,35,1196,628,568,2021
224000,Vors tzliche einfache K rperverletzung   223 StGB,5116000,M nchengladbach,vers.,63,39,24,4,1,3,1,0,1,5,1,4,3,2,1,1,1,0,47,30,17,7,5,2,54,35,19,2021
224000,Vors tzliche einfache K rperverletzung   223 StGB,5116000,M nchengladbach,insg.,1564,830,734,19,8,11,72,49,23,91,57,34,96,48,48,127,62,65,1132,582,550,118,81,37,1250,663,587,2021
224000,Vors tzliche einfache K rperverletzung   223 StGB,5117000,M lheim an der Ruhr,voll.,586,274,312,7,3,4,36,22,14,43,25,18,41,21,20,30,13,17,415,185,230,57,30,27,472,215,257,2021
224000,Vors tzliche einfache K rperverletzung   223 StGB,5117000,M lheim an der Ruhr,vers.,52,28,24,0,0,0,4,1,3,4,1,3,3,1,2,4,2,2,37,23,14,4,1,3,41,24,17,2021
224000,Vors tzliche einfache K rperverletzung   223 StGB,5117000,M lheim an der Ruhr,insg.,638,302,336,7,3,4,40,23,17,47,26,21,44,22,22,34,15,19,452,208,244,61,31,30,513,239,274,2021
224000,Vors tzliche einfache K rperverletzung   223 StGB,9162000,M nchen,voll.,5312,3207,2105,37,22,15,269,181,88,306,203,103,339,191,148,402,257,145,3895,2346,1549,370,210,160,4265,2556,1709,2021
224000,Vors tzliche einfache K rperverletzung   223 StGB,9162000,M nchen,vers.,474,343,131,6,3,3,8,6,2,14,9,5,27,16,11,23,16,7,382,283,99,28,19,9,410,302,108,2021
224000,Vors tzliche einfache K rperverletzung   223 StGB,9162000,M nchen,insg.,5786,3550,2236,43,25,18,277,187,90,320,212,108,366,207,159,425,273,152,4277,2629,1648,398,229,169,4675,2858,1817,2021
224000,Vors tzliche einfache K rperverletzung   223 StGB,5515000,M nster,voll.,1483,879,604,10,5,5,52,36,16,62,41,21,86,51,35,153,101,52,1077,622,455,105,64,41,1182,686,496,2021
224000,Vors tzliche einfache K rperverletzung   223 StGB,5515000,M nster,vers.,148,92,56,1,0,1,2,1,1,3,1,2,7,6,1,10,7,3,114,71,43,14,7,7,128,78,50,2021
224000,Vors tzliche einfache K rperverletzung   223 StGB,5515000,M nster,insg.,1631,971,660,11,5,6,54,37,17,65,42,23,93,57,36,163,108,55,1191,693,498,119,71,48,1310,764,546,2021
224000,Vors tzliche einfache K rperverletzung   223 StGB,5162024,Neuss,voll.,735,380,355,2,2,0,45,31,14,47,33,14,53,26,27,69,31,38,500,254,246,66,36,30,566,290,276,2021
224000,Vors tzliche einfache K rperverletzung   223 StGB,5162024,Neuss,vers.,51,32,19,2,1,1,2,2,0,4,3,1,3,2,1,9,4,5,32,21,11,3,2,1,35,23,12,2021
224000,Vors tzliche einfache K rperverletzung   223 StGB,5162024,Neuss,insg.,786,412,374,4,3,1,47,33,14,51,36,15,56,28,28,78,35,43,532,275,257,69,38,31,601,313,288,2021
224000,Vors tzliche einfache K rperverletzung   223 StGB,9564000,N rnberg,voll.,2658,1549,1109,17,10,7,140,91,49,157,101,56,221,120,101,233,131,102,1891,1109,782,156,88,68,2047,1197,850,2021
224000,Vors tzliche einfache K rperverletzung   223 StGB,9564000,N rnberg,vers.,218,174,44,1,1,0,1,1,0,2,2,0,15,12,3,23,19,4,166,133,33,12,8,4,178,141,37,2021
224000,Vors tzliche einfache K rperverletzung   223 StGB,9564000,N rnberg,insg.,2876,1723,1153,18,11,7,141,92,49,159,103,56,236,132,104,256,150,106,2057,1242,815,168,96,72,2225,1338,887,2021
224000,Vors tzliche einfache K rperverletzung   223 StGB,5119000,Oberhausen,voll.,1031,543,488,10,8,2,62,36,26,72,44,28,89,45,44,82,40,42,697,357,340,91,57,34,788,414,374,2021
224000,Vors tzliche einfache K rperverletzung   223 StGB,5119000,Oberhausen,vers.,53,33,20,1,1,0,5,2,3,6,3,3,2,2,0,1,1,0,36,21,15,8,6,2,44,27,17,2021
224000,Vors tzliche einfache K rperverletzung   223 StGB,5119000,Oberhausen,insg.,1084,576,508,11,9,2,67,38,29,78,47,31,91,47,44,83,41,42,733,378,355,99,63,36,832,441,391,2021
224000,Vors tzliche einfache K rperverletzung   223 StGB,6413000,Offenbach am Main,voll.,506,233,273,1,0,1,22,11,11,23,11,12,40,19,21,28,15,13,379,165,214,36,23,13,415,188,227,2021
224000,Vors tzliche einfache K rperverletzung   223 StGB,6413000,Offenbach am Main,vers.,12,3,9,0,0,0,0,0,0,0,0,0,0,0,0,1,1,0,10,2,8,1,0,1,11,2,9,2021
224000,Vors tzliche einfache K rperverletzung   223 StGB,6413000,Offenbach am Main,insg.,518,236,282,1,0,1,22,11,11,23,11,12,40,19,21,29,16,13,389,167,222,37,23,14,426,190,236,2021
224000,Vors tzliche einfache K rperverletzung   223 StGB,3403000,Oldenburg (Oldenburg),voll.,801,483,318,4,3,1,30,22,8,34,25,9,59,30,29,106,60,46,574,351,223,28,17,11,602,368,234,2021
224000,Vors tzliche einfache K rperverletzung   223 StGB,3403000,Oldenburg (Oldenburg),vers.,49,32,17,0,0,0,2,2,0,2,2,0,1,1,0,3,2,1,38,23,15,5,4,1,43,27,16,2021
224000,Vors tzliche einfache K rperverletzung   223 StGB,3403000,Oldenburg (Oldenburg),insg.,850,515,335,4,3,1,32,24,8,36,27,9,60,31,29,109,62,47,612,374,238,33,21,12,645,395,250,2021
224000,Vors tzliche einfache K rperverletzung   223 StGB,3404000,Osnabr ck,voll.,859,495,364,3,2,1,33,12,21,36,14,22,75,36,39,68,42,26,616,368,248,64,35,29,680,403,277,2021
224000,Vors tzliche einfache K rperverletzung   223 StGB,3404000,Osnabr ck,vers.,30,19,11,0,0,0,0,0,0,0,0,0,1,1,0,4,3,1,22,13,9,3,2,1,25,15,10,2021
224000,Vors tzliche einfache K rperverletzung   223 StGB,3404000,Osnabr ck,insg.,889,514,375,3,2,1,33,12,21,36,14,22,76,37,39,72,45,27,638,381,257,67,37,30,705,418,287,2021
224000,Vors tzliche einfache K rperverletzung   223 StGB,5774032,Paderborn,voll.,786,429,357,3,2,1,27,13,14,30,15,15,45,23,22,86,56,30,574,309,265,51,26,25,625,335,290,2021
224000,Vors tzliche einfache K rperverletzung   223 StGB,5774032,Paderborn,vers.,111,64,47,1,1,0,2,0,2,3,1,2,2,2,0,6,4,2,91,53,38,9,4,5,100,57,43,2021
224000,Vors tzliche einfache K rperverletzung   223 StGB,5774032,Paderborn,insg.,897,493,404,4,3,1,29,13,16,33,16,17,47,25,22,92,60,32,665,362,303,60,30,30,725,392,333,2021
224000,Vors tzliche einfache K rperverletzung   223 StGB,8231000,Pforzheim,voll.,738,397,341,9,7,2,29,19,10,38,26,12,65,38,27,69,31,38,514,271,243,52,31,21,566,302,264,2021
224000,Vors tzliche einfache K rperverletzung   223 StGB,8231000,Pforzheim,vers.,28,20,8,0,0,0,1,0,1,1,0,1,0,0,0,0,0,0,24,19,5,3,1,2,27,20,7,2021
224000,Vors tzliche einfache K rperverletzung   223 StGB,8231000,Pforzheim,insg.,766,417,349,9,7,2,30,19,11,39,26,13,65,38,27,69,31,38,538,290,248,55,32,23,593,322,271,2021
224000,Vors tzliche einfache K rperverletzung   223 StGB,12054000,Potsdam,voll.,662,382,280,9,6,3,39,27,12,48,33,15,49,31,18,59,34,25,465,264,201,41,20,21,506,284,222,2021
224000,Vors tzliche einfache K rperverletzung   223 StGB,12054000,Potsdam,vers.,64,41,23,1,1,0,2,0,2,3,1,2,3,0,3,1,1,0,56,39,17,1,0,1,57,39,18,2021
224000,Vors tzliche einfache K rperverletzung   223 StGB,12054000,Potsdam,insg.,726,423,303,10,7,3,41,27,14,51,34,17,52,31,21,60,35,25,521,303,218,42,20,22,563,323,240,2021
224000,Vors tzliche einfache K rperverletzung   223 StGB,5562032,Recklinghausen,voll.,630,334,296,8,6,2,40,28,12,48,34,14,53,26,27,41,30,11,442,226,216,46,18,28,488,244,244,2021
224000,Vors tzliche einfache K rperverletzung   223 StGB,5562032,Recklinghausen,vers.,58,35,23,1,1,0,0,0,0,1,1,0,0,0,0,2,2,0,45,27,18,10,5,5,55,32,23,2021
224000,Vors tzliche einfache K rperverletzung   223 StGB,5562032,Recklinghausen,insg.,688,369,319,9,7,2,40,28,12,49,35,14,53,26,27,43,32,11,487,253,234,56,23,33,543,276,267,2021
224000,Vors tzliche einfache K rperverletzung   223 StGB,9362000,Regensburg,voll.,691,387,304,7,3,4,23,15,8,30,18,12,41,20,21,68,33,35,517,298,219,35,18,17,552,316,236,2021
224000,Vors tzliche einfache K rperverletzung   223 StGB,9362000,Regensburg,vers.,45,27,18,1,1,0,0,0,0,1,1,0,2,1,1,2,1,1,37,22,15,3,2,1,40,24,16,2021
224000,Vors tzliche einfache K rperverletzung   223 StGB,9362000,Regensburg,insg.,736,414,322,8,4,4,23,15,8,31,19,12,43,21,22,70,34,36,554,320,234,38,20,18,592,340,252,2021
224000,Vors tzliche einfache K rperverletzung   223 StGB,5120000,Remscheid,voll.,598,309,289,6,3,3,48,31,17,54,34,20,62,31,31,39,18,21,397,198,199,46,28,18,443,226,217,2021
224000,Vors tzliche einfache K rperverletzung   223 StGB,5120000,Remscheid,vers.,51,32,19,0,0,0,4,2,2,4,2,2,3,1,2,2,2,0,36,25,11,6,2,4,42,27,15,2021
224000,Vors tzliche einfache K rperverletzung   223 StGB,5120000,Remscheid,insg.,649,341,308,6,3,3,52,33,19,58,36,22,65,32,33,41,20,21,433,223,210,52,30,22,485,253,232,2021
224000,Vors tzliche einfache K rperverletzung   223 StGB,8415061,Reutlingen,voll.,569,328,241,6,4,2,39,29,10,45,33,12,44,23,21,31,19,12,418,232,186,31,21,10,449,253,196,2021
224000,Vors tzliche einfache K rperverletzung   223 StGB,8415061,Reutlingen,vers.,35,21,14,0,0,0,1,0,1,1,0,1,4,1,3,2,1,1,24,17,7,4,2,2,28,19,9,2021
224000,Vors tzliche einfache K rperverletzung   223 StGB,8415061,Reutlingen,insg.,604,349,255,6,4,2,40,29,11,46,33,13,48,24,24,33,20,13,442,249,193,35,23,12,477,272,205,2021
224000,Vors tzliche einfache K rperverletzung   223 StGB,13003000,Rostock,voll.,1115,636,479,23,18,5,85,53,32,108,71,37,107,55,52,93,54,39,738,419,319,69,37,32,807,456,351,2021
224000,Vors tzliche einfache K rperverletzung   223 StGB,13003000,Rostock,vers.,76,50,26,1,1,0,1,0,1,2,1,1,9,3,6,3,2,1,58,42,16,4,2,2,62,44,18,2021
224000,Vors tzliche einfache K rperverletzung   223 StGB,13003000,Rostock,insg.,1191,686,505,24,19,5,86,53,33,110,72,38,116,58,58,96,56,40,796,461,335,73,39,34,869,500,369,2021
224000,Vors tzliche einfache K rperverletzung   223 StGB,10041100,Saarbr cken,voll.,1345,774,571,10,6,4,65,39,26,75,45,30,101,62,39,119,62,57,937,531,406,113,74,39,1050,605,445,2021
224000,Vors tzliche einfache K rperverletzung   223 StGB,10041100,Saarbr cken,vers.,191,123,68,2,1,1,3,1,2,5,2,3,16,14,2,14,6,8,137,90,47,19,11,8,156,101,55,2021
224000,Vors tzliche einfache K rperverletzung   223 StGB,10041100,Saarbr cken,insg.,1536,897,639,12,7,5,68,40,28,80,47,33,117,76,41,133,68,65,1074,621,453,132,85,47,1206,706,500,2021
224000,Vors tzliche einfache K rperverletzung   223 StGB,3102000,Salzgitter,voll.,515,260,255,8,4,4,34,21,13,42,25,17,53,31,22,43,20,23,353,165,188,24,19,5,377,184,193,2021
224000,Vors tzliche einfache K rperverletzung   223 StGB,3102000,Salzgitter,vers.,27,15,12,1,1,0,3,2,1,4,3,1,2,1,1,1,1,0,18,9,9,2,1,1,20,10,10,2021
224000,Vors tzliche einfache K rperverletzung   223 StGB,3102000,Salzgitter,insg.,542,275,267,9,5,4,37,23,14,46,28,18,55,32,23,44,21,23,371,174,197,26,20,6,397,194,203,2021
224000,Vors tzliche einfache K rperverletzung   223 StGB,13004000,Schwerin,voll.,659,418,241,4,1,3,50,40,10,54,41,13,63,44,19,62,42,20,439,266,173,41,25,16,480,291,189,2021
224000,Vors tzliche einfache K rperverletzung   223 StGB,13004000,Schwerin,vers.,33,23,10,0,0,0,0,0,0,0,0,0,2,0,2,1,1,0,27,21,6,3,1,2,30,22,8,2021
224000,Vors tzliche einfache K rperverletzung   223 StGB,13004000,Schwerin,insg.,692,441,251,4,1,3,50,40,10,54,41,13,65,44,21,63,43,20,466,287,179,44,26,18,510,313,197,2021
224000,Vors tzliche einfache K rperverletzung   223 StGB,5970040,Siegen,voll.,537,283,254,7,6,1,18,10,8,25,16,9,68,33,35,46,25,21,367,190,177,31,19,12,398,209,189,2021
224000,Vors tzliche einfache K rperverletzung   223 StGB,5970040,Siegen,vers.,69,38,31,0,0,0,1,0,1,1,0,1,1,0,1,10,5,5,53,31,22,4,2,2,57,33,24,2021
224000,Vors tzliche einfache K rperverletzung   223 StGB,5970040,Siegen,insg.,606,321,285,7,6,1,19,10,9,26,16,10,69,33,36,56,30,26,420,221,199,35,21,14,455,242,213,2021
224000,Vors tzliche einfache K rperverletzung   223 StGB,5122000,Solingen,voll.,820,425,395,15,5,10,64,48,16,79,53,26,74,46,28,55,30,25,541,251,290,71,45,26,612,296,316,2021
224000,Vors tzliche einfache K rperverletzung   223 StGB,5122000,Solingen,vers.,74,33,41,1,1,0,0,0,0,1,1,0,5,2,3,6,5,1,56,24,32,6,1,5,62,25,37,2021
224000,Vors tzliche einfache K rperverletzung   223 StGB,5122000,Solingen,insg.,894,458,436,16,6,10,64,48,16,80,54,26,79,48,31,61,35,26,597,275,322,77,46,31,674,321,353,2021
224000,Vors tzliche einfache K rperverletzung   223 StGB,8111000,Stuttgart,voll.,3664,2172,1492,22,17,5,173,112,61,195,129,66,266,148,118,310,176,134,2659,1594,1065,234,125,109,2893,1719,1174,2021
224000,Vors tzliche einfache K rperverletzung   223 StGB,8111000,Stuttgart,vers.,286,206,80,2,2,0,5,3,2,7,5,2,13,9,4,17,11,6,226,165,61,23,16,7,249,181,68,2021
224000,Vors tzliche einfache K rperverletzung   223 StGB,8111000,Stuttgart,insg.,3950,2378,1572,24,19,5,178,115,63,202,134,68,279,157,122,327,187,140,2885,1759,1126,257,141,116,3142,1900,1242,2021
224000,Vors tzliche einfache K rperverletzung   223 StGB,7211000,Trier,voll.,728,422,306,4,2,2,40,26,14,44,28,16,52,31,21,65,44,21,523,298,225,44,21,23,567,319,248,2021
224000,Vors tzliche einfache K rperverletzung   223 StGB,7211000,Trier,vers.,92,54,38,0,0,0,0,0,0,0,0,0,8,5,3,8,7,1,70,37,33,6,5,1,76,42,34,2021
224000,Vors tzliche einfache K rperverletzung   223 StGB,7211000,Trier,insg.,820,476,344,4,2,2,40,26,14,44,28,16,60,36,24,73,51,22,593,335,258,50,26,24,643,361,282,2021
224000,Vors tzliche einfache K rperverletzung   223 StGB,8421000,Ulm,voll.,642,361,281,6,5,1,29,18,11,35,23,12,76,40,36,63,34,29,412,237,175,56,27,29,468,264,204,2021
224000,Vors tzliche einfache K rperverletzung   223 StGB,8421000,Ulm,vers.,27,16,11,1,1,0,0,0,0,1,1,0,2,1,1,1,1,0,20,10,10,3,3,0,23,13,10,2021
224000,Vors tzliche einfache K rperverletzung   223 StGB,8421000,Ulm,insg.,669,377,292,7,6,1,29,18,11,36,24,12,78,41,37,64,35,29,432,247,185,59,30,29,491,277,214,2021
224000,Vors tzliche einfache K rperverletzung   223 StGB,6414000,Wiesbaden,voll.,1545,759,786,11,4,7,53,33,20,64,37,27,93,39,54,120,58,62,1154,564,590,114,61,53,1268,625,643,2021
224000,Vors tzliche einfache K rperverletzung   223 StGB,6414000,Wiesbaden,vers.,87,58,29,0,0,0,3,1,2,3,1,2,3,3,0,8,4,4,70,48,22,3,2,1,73,50,23,2021
224000,Vors tzliche einfache K rperverletzung   223 StGB,6414000,Wiesbaden,insg.,1632,817,815,11,4,7,56,34,22,67,38,29,96,42,54,128,62,66,1224,612,612,117,63,54,1341,675,666,2021
224000,Vors tzliche einfache K rperverletzung   223 StGB,3103000,Wolfsburg,voll.,559,309,250,9,5,4,39,28,11,48,33,15,43,26,17,37,14,23,398,221,177,33,15,18,431,236,195,2021
224000,Vors tzliche einfache K rperverletzung   223 StGB,3103000,Wolfsburg,vers.,19,10,9,0,0,0,1,1,0,1,1,0,1,0,1,2,1,1,12,6,6,3,2,1,15,8,7,2021
224000,Vors tzliche einfache K rperverletzung   223 StGB,3103000,Wolfsburg,insg.,578,319,259,9,5,4,40,29,11,49,34,15,44,26,18,39,15,24,410,227,183,36,17,19,446,244,202,2021
224000,Vors tzliche einfache K rperverletzung   223 StGB,5124000,Wuppertal,voll.,2133,1137,996,15,10,5,100,62,38,115,72,43,187,109,78,172,93,79,1505,771,734,154,92,62,1659,863,796,2021
224000,Vors tzliche einfache K rperverletzung   223 StGB,5124000,Wuppertal,vers.,183,101,82,2,1,1,12,6,6,14,7,7,15,7,8,9,5,4,132,78,54,13,4,9,145,82,63,2021
224000,Vors tzliche einfache K rperverletzung   223 StGB,5124000,Wuppertal,insg.,2316,1238,1078,17,11,6,112,68,44,129,79,50,202,116,86,181,98,83,1637,849,788,167,96,71,1804,945,859,2021
224000,Vors tzliche einfache K rperverletzung   223 StGB,9663000,W rzburg,voll.,522,327,195,4,3,1,24,18,6,28,21,7,51,28,23,46,32,14,367,223,144,30,23,7,397,246,151,2021
224000,Vors tzliche einfache K rperverletzung   223 StGB,9663000,W rzburg,vers.,43,27,16,1,1,0,1,0,1,2,1,1,1,0,1,3,3,0,28,19,9,9,4,5,37,23,14,2021
224000,Vors tzliche einfache K rperverletzung   223 StGB,9663000,W rzburg,insg.,565,354,211,5,4,1,25,18,7,30,22,8,52,28,24,49,35,14,395,242,153,39,27,12,434,269,165,2021
621100,Widerstand gegen und t tlicher Angriff auf Vollstreckungsbeamte und gleichstehende Personen    113-115 StGB,5334002,Aachen,voll.,416,295,121,0,0,0,0,0,0,0,0,0,3,3,0,12,8,4,397,280,117,4,4,0,401,284,117,2021
621100,Widerstand gegen und t tlicher Angriff auf Vollstreckungsbeamte und gleichstehende Personen    113-115 StGB,5334002,Aachen,vers.,0,0,0,0,0,0,0,0,0,0,0,0,0,0,0,0,0,0,0,0,0,0,0,0,0,0,0,2021
621100,Widerstand gegen und t tlicher Angriff auf Vollstreckungsbeamte und gleichstehende Personen    113-115 StGB,5334002,Aachen,insg.,416,295,121,0,0,0,0,0,0,0,0,0,3,3,0,12,8,4,397,280,117,4,4,0,401,284,117,2021
621100,Widerstand gegen und t tlicher Angriff auf Vollstreckungsbeamte und gleichstehende Personen    113-115 StGB,9761000,Augsburg,voll.,687,572,115,0,0,0,0,0,0,0,0,0,0,0,0,9,2,7,675,568,107,3,2,1,678,570,108,2021
621100,Widerstand gegen und t tlicher Angriff auf Vollstreckungsbeamte und gleichstehende Personen    113-115 StGB,9761000,Augsburg,vers.,0,0,0,0,0,0,0,0,0,0,0,0,0,0,0,0,0,0,0,0,0,0,0,0,0,0,0,2021
621100,Widerstand gegen und t tlicher Angriff auf Vollstreckungsbeamte und gleichstehende Personen    113-115 StGB,9761000,Augsburg,insg.,687,572,115,0,0,0,0,0,0,0,0,0,0,0,0,9,2,7,675,568,107,3,2,1,678,570,108,2021
621100,Widerstand gegen und t tlicher Angriff auf Vollstreckungsbeamte und gleichstehende Personen    113-115 StGB,5378004,Bergisch Gladbach,voll.,133,92,41,0,0,0,0,0,0,0,0,0,0,0,0,3,3,0,127,86,41,3,3,0,130,89,41,2021
621100,Widerstand gegen und t tlicher Angriff auf Vollstreckungsbeamte und gleichstehende Personen    113-115 StGB,5378004,Bergisch Gladbach,vers.,0,0,0,0,0,0,0,0,0,0,0,0,0,0,0,0,0,0,0,0,0,0,0,0,0,0,0,2021
621100,Widerstand gegen und t tlicher Angriff auf Vollstreckungsbeamte und gleichstehende Personen    113-115 StGB,5378004,Bergisch Gladbach,insg.,133,92,41,0,0,0,0,0,0,0,0,0,0,0,0,3,3,0,127,86,41,3,3,0,130,89,41,2021
621100,Widerstand gegen und t tlicher Angriff auf Vollstreckungsbeamte und gleichstehende Personen    113-115 StGB,11000000,Berlin,voll.,9140,7915,1225,0,0,0,0,0,0,0,0,0,0,0,0,103,85,18,8967,7766,1201,70,64,6,9037,7830,1207,2021
621100,Widerstand gegen und t tlicher Angriff auf Vollstreckungsbeamte und gleichstehende Personen    113-115 StGB,11000000,Berlin,vers.,0,0,0,0,0,0,0,0,0,0,0,0,0,0,0,0,0,0,0,0,0,0,0,0,0,0,0,2021
621100,Widerstand gegen und t tlicher Angriff auf Vollstreckungsbeamte und gleichstehende Personen    113-115 StGB,11000000,Berlin,insg.,9140,7915,1225,0,0,0,0,0,0,0,0,0,0,0,0,103,85,18,8967,7766,1201,70,64,6,9037,7830,1207,2021
621100,Widerstand gegen und t tlicher Angriff auf Vollstreckungsbeamte und gleichstehende Personen    113-115 StGB,5711000,Bielefeld,voll.,310,230,80,0,0,0,0,0,0,0,0,0,1,0,1,7,5,2,279,211,68,23,14,9,302,225,77,2021
621100,Widerstand gegen und t tlicher Angriff auf Vollstreckungsbeamte und gleichstehende Personen    113-115 StGB,5711000,Bielefeld,vers.,0,0,0,0,0,0,0,0,0,0,0,0,0,0,0,0,0,0,0,0,0,0,0,0,0,0,0,2021
621100,Widerstand gegen und t tlicher Angriff auf Vollstreckungsbeamte und gleichstehende Personen    113-115 StGB,5711000,Bielefeld,insg.,310,230,80,0,0,0,0,0,0,0,0,0,1,0,1,7,5,2,279,211,68,23,14,9,302,225,77,2021
621100,Widerstand gegen und t tlicher Angriff auf Vollstreckungsbeamte und gleichstehende Personen    113-115 StGB,5911000,Bochum,voll.,682,519,163,0,0,0,0,0,0,0,0,0,0,0,0,3,2,1,677,515,162,2,2,0,679,517,162,2021
621100,Widerstand gegen und t tlicher Angriff auf Vollstreckungsbeamte und gleichstehende Personen    113-115 StGB,5911000,Bochum,vers.,0,0,0,0,0,0,0,0,0,0,0,0,0,0,0,0,0,0,0,0,0,0,0,0,0,0,0,2021
621100,Widerstand gegen und t tlicher Angriff auf Vollstreckungsbeamte und gleichstehende Personen    113-115 StGB,5911000,Bochum,insg.,682,519,163,0,0,0,0,0,0,0,0,0,0,0,0,3,2,1,677,515,162,2,2,0,679,517,162,2021
621100,Widerstand gegen und t tlicher Angriff auf Vollstreckungsbeamte und gleichstehende Personen    113-115 StGB,5314000,Bonn,voll.,572,422,150,0,0,0,0,0,0,0,0,0,0,0,0,5,4,1,562,413,149,5,5,0,567,418,149,2021
621100,Widerstand gegen und t tlicher Angriff auf Vollstreckungsbeamte und gleichstehende Personen    113-115 StGB,5314000,Bonn,vers.,0,0,0,0,0,0,0,0,0,0,0,0,0,0,0,0,0,0,0,0,0,0,0,0,0,0,0,2021
621100,Widerstand gegen und t tlicher Angriff auf Vollstreckungsbeamte und gleichstehende Personen    113-115 StGB,5314000,Bonn,insg.,572,422,150,0,0,0,0,0,0,0,0,0,0,0,0,5,4,1,562,413,149,5,5,0,567,418,149,2021
621100,Widerstand gegen und t tlicher Angriff auf Vollstreckungsbeamte und gleichstehende Personen    113-115 StGB,5512000,Bottrop,voll.,92,68,24,0,0,0,0,0,0,0,0,0,0,0,0,2,2,0,88,65,23,2,1,1,90,66,24,2021
621100,Widerstand gegen und t tlicher Angriff auf Vollstreckungsbeamte und gleichstehende Personen    113-115 StGB,5512000,Bottrop,vers.,0,0,0,0,0,0,0,0,0,0,0,0,0,0,0,0,0,0,0,0,0,0,0,0,0,0,0,2021
621100,Widerstand gegen und t tlicher Angriff auf Vollstreckungsbeamte und gleichstehende Personen    113-115 StGB,5512000,Bottrop,insg.,92,68,24,0,0,0,0,0,0,0,0,0,0,0,0,2,2,0,88,65,23,2,1,1,90,66,24,2021
621100,Widerstand gegen und t tlicher Angriff auf Vollstreckungsbeamte und gleichstehende Personen    113-115 StGB,3101000,Braunschweig,voll.,511,395,116,0,0,0,0,0,0,0,0,0,0,0,0,12,10,2,489,375,114,10,10,0,499,385,114,2021
621100,Widerstand gegen und t tlicher Angriff auf Vollstreckungsbeamte und gleichstehende Personen    113-115 StGB,3101000,Braunschweig,vers.,0,0,0,0,0,0,0,0,0,0,0,0,0,0,0,0,0,0,0,0,0,0,0,0,0,0,0,2021
621100,Widerstand gegen und t tlicher Angriff auf Vollstreckungsbeamte und gleichstehende Personen    113-115 StGB,3101000,Braunschweig,insg.,511,395,116,0,0,0,0,0,0,0,0,0,0,0,0,12,10,2,489,375,114,10,10,0,499,385,114,2021
621100,Widerstand gegen und t tlicher Angriff auf Vollstreckungsbeamte und gleichstehende Personen    113-115 StGB,4011000,Bremen,voll.,1111,868,243,0,0,0,0,0,0,0,0,0,0,0,0,9,7,2,1093,852,241,9,9,0,1102,861,241,2021
621100,Widerstand gegen und t tlicher Angriff auf Vollstreckungsbeamte und gleichstehende Personen    113-115 StGB,4011000,Bremen,vers.,0,0,0,0,0,0,0,0,0,0,0,0,0,0,0,0,0,0,0,0,0,0,0,0,0,0,0,2021
621100,Widerstand gegen und t tlicher Angriff auf Vollstreckungsbeamte und gleichstehende Personen    113-115 StGB,4011000,Bremen,insg.,1111,868,243,0,0,0,0,0,0,0,0,0,0,0,0,9,7,2,1093,852,241,9,9,0,1102,861,241,2021
621100,Widerstand gegen und t tlicher Angriff auf Vollstreckungsbeamte und gleichstehende Personen    113-115 StGB,4012000,Bremerhaven,voll.,236,176,60,0,0,0,0,0,0,0,0,0,0,0,0,5,4,1,231,172,59,0,0,0,231,172,59,2021
621100,Widerstand gegen und t tlicher Angriff auf Vollstreckungsbeamte und gleichstehende Personen    113-115 StGB,4012000,Bremerhaven,vers.,0,0,0,0,0,0,0,0,0,0,0,0,0,0,0,0,0,0,0,0,0,0,0,0,0,0,0,2021
621100,Widerstand gegen und t tlicher Angriff auf Vollstreckungsbeamte und gleichstehende Personen    113-115 StGB,4012000,Bremerhaven,insg.,236,176,60,0,0,0,0,0,0,0,0,0,0,0,0,5,4,1,231,172,59,0,0,0,231,172,59,2021
621100,Widerstand gegen und t tlicher Angriff auf Vollstreckungsbeamte und gleichstehende Personen    113-115 StGB,14511000,Chemnitz,voll.,302,258,44,0,0,0,0,0,0,0,0,0,0,0,0,2,1,1,297,254,43,3,3,0,300,257,43,2021
621100,Widerstand gegen und t tlicher Angriff auf Vollstreckungsbeamte und gleichstehende Personen    113-115 StGB,14511000,Chemnitz,vers.,0,0,0,0,0,0,0,0,0,0,0,0,0,0,0,0,0,0,0,0,0,0,0,0,0,0,0,2021
621100,Widerstand gegen und t tlicher Angriff auf Vollstreckungsbeamte und gleichstehende Personen    113-115 StGB,14511000,Chemnitz,insg.,302,258,44,0,0,0,0,0,0,0,0,0,0,0,0,2,1,1,297,254,43,3,3,0,300,257,43,2021
621100,Widerstand gegen und t tlicher Angriff auf Vollstreckungsbeamte und gleichstehende Personen    113-115 StGB,12052000,Cottbus,voll.,140,124,16,0,0,0,0,0,0,0,0,0,0,0,0,2,2,0,134,118,16,4,4,0,138,122,16,2021
621100,Widerstand gegen und t tlicher Angriff auf Vollstreckungsbeamte und gleichstehende Personen    113-115 StGB,12052000,Cottbus,vers.,0,0,0,0,0,0,0,0,0,0,0,0,0,0,0,0,0,0,0,0,0,0,0,0,0,0,0,2021
621100,Widerstand gegen und t tlicher Angriff auf Vollstreckungsbeamte und gleichstehende Personen    113-115 StGB,12052000,Cottbus,insg.,140,124,16,0,0,0,0,0,0,0,0,0,0,0,0,2,2,0,134,118,16,4,4,0,138,122,16,2021
621100,Widerstand gegen und t tlicher Angriff auf Vollstreckungsbeamte und gleichstehende Personen    113-115 StGB,6411000,Darmstadt,voll.,116,98,18,0,0,0,0,0,0,0,0,0,0,0,0,2,1,1,114,97,17,0,0,0,114,97,17,2021
621100,Widerstand gegen und t tlicher Angriff auf Vollstreckungsbeamte und gleichstehende Personen    113-115 StGB,6411000,Darmstadt,vers.,0,0,0,0,0,0,0,0,0,0,0,0,0,0,0,0,0,0,0,0,0,0,0,0,0,0,0,2021
621100,Widerstand gegen und t tlicher Angriff auf Vollstreckungsbeamte und gleichstehende Personen    113-115 StGB,6411000,Darmstadt,insg.,116,98,18,0,0,0,0,0,0,0,0,0,0,0,0,2,1,1,114,97,17,0,0,0,114,97,17,2021
621100,Widerstand gegen und t tlicher Angriff auf Vollstreckungsbeamte und gleichstehende Personen    113-115 StGB,5913000,Dortmund,voll.,1471,1084,387,0,0,0,0,0,0,0,0,0,0,0,0,30,26,4,1433,1051,382,8,7,1,1441,1058,383,2021
621100,Widerstand gegen und t tlicher Angriff auf Vollstreckungsbeamte und gleichstehende Personen    113-115 StGB,5913000,Dortmund,vers.,0,0,0,0,0,0,0,0,0,0,0,0,0,0,0,0,0,0,0,0,0,0,0,0,0,0,0,2021
621100,Widerstand gegen und t tlicher Angriff auf Vollstreckungsbeamte und gleichstehende Personen    113-115 StGB,5913000,Dortmund,insg.,1471,1084,387,0,0,0,0,0,0,0,0,0,0,0,0,30,26,4,1433,1051,382,8,7,1,1441,1058,383,2021
621100,Widerstand gegen und t tlicher Angriff auf Vollstreckungsbeamte und gleichstehende Personen    113-115 StGB,14612000,Dresden,voll.,610,511,99,0,0,0,0,0,0,0,0,0,0,0,0,11,9,2,597,500,97,2,2,0,599,502,97,2021
621100,Widerstand gegen und t tlicher Angriff auf Vollstreckungsbeamte und gleichstehende Personen    113-115 StGB,14612000,Dresden,vers.,0,0,0,0,0,0,0,0,0,0,0,0,0,0,0,0,0,0,0,0,0,0,0,0,0,0,0,2021
621100,Widerstand gegen und t tlicher Angriff auf Vollstreckungsbeamte und gleichstehende Personen    113-115 StGB,14612000,Dresden,insg.,610,511,99,0,0,0,0,0,0,0,0,0,0,0,0,11,9,2,597,500,97,2,2,0,599,502,97,2021
621100,Widerstand gegen und t tlicher Angriff auf Vollstreckungsbeamte und gleichstehende Personen    113-115 StGB,5112000,Duisburg,voll.,633,455,178,1,1,0,2,1,1,3,2,1,0,0,0,17,12,5,600,435,165,13,6,7,613,441,172,2021
621100,Widerstand gegen und t tlicher Angriff auf Vollstreckungsbeamte und gleichstehende Personen    113-115 StGB,5112000,Duisburg,vers.,0,0,0,0,0,0,0,0,0,0,0,0,0,0,0,0,0,0,0,0,0,0,0,0,0,0,0,2021
621100,Widerstand gegen und t tlicher Angriff auf Vollstreckungsbeamte und gleichstehende Personen    113-115 StGB,5112000,Duisburg,insg.,633,455,178,1,1,0,2,1,1,3,2,1,0,0,0,17,12,5,600,435,165,13,6,7,613,441,172,2021
621100,Widerstand gegen und t tlicher Angriff auf Vollstreckungsbeamte und gleichstehende Personen    113-115 StGB,5111000,D sseldorf,voll.,1194,977,217,0,0,0,0,0,0,0,0,0,0,0,0,13,10,3,1173,959,214,8,8,0,1181,967,214,2021
621100,Widerstand gegen und t tlicher Angriff auf Vollstreckungsbeamte und gleichstehende Personen    113-115 StGB,5111000,D sseldorf,vers.,0,0,0,0,0,0,0,0,0,0,0,0,0,0,0,0,0,0,0,0,0,0,0,0,0,0,0,2021
621100,Widerstand gegen und t tlicher Angriff auf Vollstreckungsbeamte und gleichstehende Personen    113-115 StGB,5111000,D sseldorf,insg.,1194,977,217,0,0,0,0,0,0,0,0,0,0,0,0,13,10,3,1173,959,214,8,8,0,1181,967,214,2021
621100,Widerstand gegen und t tlicher Angriff auf Vollstreckungsbeamte und gleichstehende Personen    113-115 StGB,16051000,Erfurt,voll.,444,397,47,0,0,0,0,0,0,0,0,0,0,0,0,8,7,1,434,388,46,2,2,0,436,390,46,2021
621100,Widerstand gegen und t tlicher Angriff auf Vollstreckungsbeamte und gleichstehende Personen    113-115 StGB,16051000,Erfurt,vers.,0,0,0,0,0,0,0,0,0,0,0,0,0,0,0,0,0,0,0,0,0,0,0,0,0,0,0,2021
621100,Widerstand gegen und t tlicher Angriff auf Vollstreckungsbeamte und gleichstehende Personen    113-115 StGB,16051000,Erfurt,insg.,444,397,47,0,0,0,0,0,0,0,0,0,0,0,0,8,7,1,434,388,46,2,2,0,436,390,46,2021
621100,Widerstand gegen und t tlicher Angriff auf Vollstreckungsbeamte und gleichstehende Personen    113-115 StGB,9562000,Erlangen,voll.,87,80,7,0,0,0,0,0,0,0,0,0,0,0,0,0,0,0,87,80,7,0,0,0,87,80,7,2021
621100,Widerstand gegen und t tlicher Angriff auf Vollstreckungsbeamte und gleichstehende Personen    113-115 StGB,9562000,Erlangen,vers.,0,0,0,0,0,0,0,0,0,0,0,0,0,0,0,0,0,0,0,0,0,0,0,0,0,0,0,2021
621100,Widerstand gegen und t tlicher Angriff auf Vollstreckungsbeamte und gleichstehende Personen    113-115 StGB,9562000,Erlangen,insg.,87,80,7,0,0,0,0,0,0,0,0,0,0,0,0,0,0,0,87,80,7,0,0,0,87,80,7,2021
621100,Widerstand gegen und t tlicher Angriff auf Vollstreckungsbeamte und gleichstehende Personen    113-115 StGB,5113000,Essen,voll.,760,599,161,0,0,0,0,0,0,0,0,0,0,0,0,20,12,8,731,580,151,9,7,2,740,587,153,2021
621100,Widerstand gegen und t tlicher Angriff auf Vollstreckungsbeamte und gleichstehende Personen    113-115 StGB,5113000,Essen,vers.,0,0,0,0,0,0,0,0,0,0,0,0,0,0,0,0,0,0,0,0,0,0,0,0,0,0,0,2021
621100,Widerstand gegen und t tlicher Angriff auf Vollstreckungsbeamte und gleichstehende Personen    113-115 StGB,5113000,Essen,insg.,760,599,161,0,0,0,0,0,0,0,0,0,0,0,0,20,12,8,731,580,151,9,7,2,740,587,153,2021
621100,Widerstand gegen und t tlicher Angriff auf Vollstreckungsbeamte und gleichstehende Personen    113-115 StGB,6412000,Frankfurt am Main,voll.,1560,1288,272,0,0,0,0,0,0,0,0,0,2,2,0,28,23,5,1528,1261,267,2,2,0,1530,1263,267,2021
621100,Widerstand gegen und t tlicher Angriff auf Vollstreckungsbeamte und gleichstehende Personen    113-115 StGB,6412000,Frankfurt am Main,vers.,0,0,0,0,0,0,0,0,0,0,0,0,0,0,0,0,0,0,0,0,0,0,0,0,0,0,0,2021
621100,Widerstand gegen und t tlicher Angriff auf Vollstreckungsbeamte und gleichstehende Personen    113-115 StGB,6412000,Frankfurt am Main,insg.,1560,1288,272,0,0,0,0,0,0,0,0,0,2,2,0,28,23,5,1528,1261,267,2,2,0,1530,1263,267,2021
621100,Widerstand gegen und t tlicher Angriff auf Vollstreckungsbeamte und gleichstehende Personen    113-115 StGB,8311000,Freiburg im Breisgau,voll.,645,546,99,0,0,0,0,0,0,0,0,0,0,0,0,22,18,4,622,527,95,1,1,0,623,528,95,2021
621100,Widerstand gegen und t tlicher Angriff auf Vollstreckungsbeamte und gleichstehende Personen    113-115 StGB,8311000,Freiburg im Breisgau,vers.,0,0,0,0,0,0,0,0,0,0,0,0,0,0,0,0,0,0,0,0,0,0,0,0,0,0,0,2021
621100,Widerstand gegen und t tlicher Angriff auf Vollstreckungsbeamte und gleichstehende Personen    113-115 StGB,8311000,Freiburg im Breisgau,insg.,645,546,99,0,0,0,0,0,0,0,0,0,0,0,0,22,18,4,622,527,95,1,1,0,623,528,95,2021
621100,Widerstand gegen und t tlicher Angriff auf Vollstreckungsbeamte und gleichstehende Personen    113-115 StGB,9563000,F rth,voll.,113,95,18,0,0,0,0,0,0,0,0,0,0,0,0,1,0,1,112,95,17,0,0,0,112,95,17,2021
621100,Widerstand gegen und t tlicher Angriff auf Vollstreckungsbeamte und gleichstehende Personen    113-115 StGB,9563000,F rth,vers.,0,0,0,0,0,0,0,0,0,0,0,0,0,0,0,0,0,0,0,0,0,0,0,0,0,0,0,2021
621100,Widerstand gegen und t tlicher Angriff auf Vollstreckungsbeamte und gleichstehende Personen    113-115 StGB,9563000,F rth,insg.,113,95,18,0,0,0,0,0,0,0,0,0,0,0,0,1,0,1,112,95,17,0,0,0,112,95,17,2021
621100,Widerstand gegen und t tlicher Angriff auf Vollstreckungsbeamte und gleichstehende Personen    113-115 StGB,5513000,Gelsenkirchen,voll.,384,288,96,0,0,0,0,0,0,0,0,0,0,0,0,6,3,3,377,285,92,1,0,1,378,285,93,2021
621100,Widerstand gegen und t tlicher Angriff auf Vollstreckungsbeamte und gleichstehende Personen    113-115 StGB,5513000,Gelsenkirchen,vers.,0,0,0,0,0,0,0,0,0,0,0,0,0,0,0,0,0,0,0,0,0,0,0,0,0,0,0,2021
621100,Widerstand gegen und t tlicher Angriff auf Vollstreckungsbeamte und gleichstehende Personen    113-115 StGB,5513000,Gelsenkirchen,insg.,384,288,96,0,0,0,0,0,0,0,0,0,0,0,0,6,3,3,377,285,92,1,0,1,378,285,93,2021
621100,Widerstand gegen und t tlicher Angriff auf Vollstreckungsbeamte und gleichstehende Personen    113-115 StGB,3159016,G ttingen,voll.,243,182,61,0,0,0,0,0,0,0,0,0,0,0,0,3,1,2,239,180,59,1,1,0,240,181,59,2021
621100,Widerstand gegen und t tlicher Angriff auf Vollstreckungsbeamte und gleichstehende Personen    113-115 StGB,3159016,G ttingen,vers.,0,0,0,0,0,0,0,0,0,0,0,0,0,0,0,0,0,0,0,0,0,0,0,0,0,0,0,2021
621100,Widerstand gegen und t tlicher Angriff auf Vollstreckungsbeamte und gleichstehende Personen    113-115 StGB,3159016,G ttingen,insg.,243,182,61,0,0,0,0,0,0,0,0,0,0,0,0,3,1,2,239,180,59,1,1,0,240,181,59,2021
621100,Widerstand gegen und t tlicher Angriff auf Vollstreckungsbeamte und gleichstehende Personen    113-115 StGB,5754008,G tersloh,voll.,249,173,76,0,0,0,0,0,0,0,0,0,1,0,1,4,1,3,241,170,71,3,2,1,244,172,72,2021
621100,Widerstand gegen und t tlicher Angriff auf Vollstreckungsbeamte und gleichstehende Personen    113-115 StGB,5754008,G tersloh,vers.,0,0,0,0,0,0,0,0,0,0,0,0,0,0,0,0,0,0,0,0,0,0,0,0,0,0,0,2021
621100,Widerstand gegen und t tlicher Angriff auf Vollstreckungsbeamte und gleichstehende Personen    113-115 StGB,5754008,G tersloh,insg.,249,173,76,0,0,0,0,0,0,0,0,0,1,0,1,4,1,3,241,170,71,3,2,1,244,172,72,2021
621100,Widerstand gegen und t tlicher Angriff auf Vollstreckungsbeamte und gleichstehende Personen    113-115 StGB,5914000,Hagen,voll.,363,257,106,0,0,0,0,0,0,0,0,0,0,0,0,4,2,2,355,252,103,4,3,1,359,255,104,2021
621100,Widerstand gegen und t tlicher Angriff auf Vollstreckungsbeamte und gleichstehende Personen    113-115 StGB,5914000,Hagen,vers.,0,0,0,0,0,0,0,0,0,0,0,0,0,0,0,0,0,0,0,0,0,0,0,0,0,0,0,2021
621100,Widerstand gegen und t tlicher Angriff auf Vollstreckungsbeamte und gleichstehende Personen    113-115 StGB,5914000,Hagen,insg.,363,257,106,0,0,0,0,0,0,0,0,0,0,0,0,4,2,2,355,252,103,4,3,1,359,255,104,2021
621100,Widerstand gegen und t tlicher Angriff auf Vollstreckungsbeamte und gleichstehende Personen    113-115 StGB,15002000,Halle (Saale),voll.,417,337,80,0,0,0,0,0,0,0,0,0,1,1,0,23,17,6,391,317,74,2,2,0,393,319,74,2021
621100,Widerstand gegen und t tlicher Angriff auf Vollstreckungsbeamte und gleichstehende Personen    113-115 StGB,15002000,Halle (Saale),vers.,0,0,0,0,0,0,0,0,0,0,0,0,0,0,0,0,0,0,0,0,0,0,0,0,0,0,0,2021
621100,Widerstand gegen und t tlicher Angriff auf Vollstreckungsbeamte und gleichstehende Personen    113-115 StGB,15002000,Halle (Saale),insg.,417,337,80,0,0,0,0,0,0,0,0,0,1,1,0,23,17,6,391,317,74,2,2,0,393,319,74,2021
621100,Widerstand gegen und t tlicher Angriff auf Vollstreckungsbeamte und gleichstehende Personen    113-115 StGB,2000000,Hamburg,voll.,2086,1692,394,0,0,0,0,0,0,0,0,0,0,0,0,42,33,9,2042,1657,385,2,2,0,2044,1659,385,2021
621100,Widerstand gegen und t tlicher Angriff auf Vollstreckungsbeamte und gleichstehende Personen    113-115 StGB,2000000,Hamburg,vers.,0,0,0,0,0,0,0,0,0,0,0,0,0,0,0,0,0,0,0,0,0,0,0,0,0,0,0,2021
621100,Widerstand gegen und t tlicher Angriff auf Vollstreckungsbeamte und gleichstehende Personen    113-115 StGB,2000000,Hamburg,insg.,2086,1692,394,0,0,0,0,0,0,0,0,0,0,0,0,42,33,9,2042,1657,385,2,2,0,2044,1659,385,2021
621100,Widerstand gegen und t tlicher Angriff auf Vollstreckungsbeamte und gleichstehende Personen    113-115 StGB,5915000,Hamm,voll.,271,212,59,1,1,0,1,0,1,2,1,1,0,0,0,9,8,1,259,203,56,1,0,1,260,203,57,2021
621100,Widerstand gegen und t tlicher Angriff auf Vollstreckungsbeamte und gleichstehende Personen    113-115 StGB,5915000,Hamm,vers.,0,0,0,0,0,0,0,0,0,0,0,0,0,0,0,0,0,0,0,0,0,0,0,0,0,0,0,2021
621100,Widerstand gegen und t tlicher Angriff auf Vollstreckungsbeamte und gleichstehende Personen    113-115 StGB,5915000,Hamm,insg.,271,212,59,1,1,0,1,0,1,2,1,1,0,0,0,9,8,1,259,203,56,1,0,1,260,203,57,2021
621100,Widerstand gegen und t tlicher Angriff auf Vollstreckungsbeamte und gleichstehende Personen    113-115 StGB,3241001,Hannover,voll.,1413,1081,332,0,0,0,0,0,0,0,0,0,0,0,0,27,17,10,1381,1061,320,5,3,2,1386,1064,322,2021
621100,Widerstand gegen und t tlicher Angriff auf Vollstreckungsbeamte und gleichstehende Personen    113-115 StGB,3241001,Hannover,vers.,0,0,0,0,0,0,0,0,0,0,0,0,0,0,0,0,0,0,0,0,0,0,0,0,0,0,0,2021
621100,Widerstand gegen und t tlicher Angriff auf Vollstreckungsbeamte und gleichstehende Personen    113-115 StGB,3241001,Hannover,insg.,1413,1081,332,0,0,0,0,0,0,0,0,0,0,0,0,27,17,10,1381,1061,320,5,3,2,1386,1064,322,2021
621100,Widerstand gegen und t tlicher Angriff auf Vollstreckungsbeamte und gleichstehende Personen    113-115 StGB,8221000,Heidelberg,voll.,268,204,64,0,0,0,0,0,0,0,0,0,0,0,0,10,9,1,256,193,63,2,2,0,258,195,63,2021
621100,Widerstand gegen und t tlicher Angriff auf Vollstreckungsbeamte und gleichstehende Personen    113-115 StGB,8221000,Heidelberg,vers.,0,0,0,0,0,0,0,0,0,0,0,0,0,0,0,0,0,0,0,0,0,0,0,0,0,0,0,2021
621100,Widerstand gegen und t tlicher Angriff auf Vollstreckungsbeamte und gleichstehende Personen    113-115 StGB,8221000,Heidelberg,insg.,268,204,64,0,0,0,0,0,0,0,0,0,0,0,0,10,9,1,256,193,63,2,2,0,258,195,63,2021
621100,Widerstand gegen und t tlicher Angriff auf Vollstreckungsbeamte und gleichstehende Personen    113-115 StGB,8121000,Heilbronn,voll.,175,129,46,0,0,0,0,0,0,0,0,0,0,0,0,3,1,2,170,126,44,2,2,0,172,128,44,2021
621100,Widerstand gegen und t tlicher Angriff auf Vollstreckungsbeamte und gleichstehende Personen    113-115 StGB,8121000,Heilbronn,vers.,0,0,0,0,0,0,0,0,0,0,0,0,0,0,0,0,0,0,0,0,0,0,0,0,0,0,0,2021
621100,Widerstand gegen und t tlicher Angriff auf Vollstreckungsbeamte und gleichstehende Personen    113-115 StGB,8121000,Heilbronn,insg.,175,129,46,0,0,0,0,0,0,0,0,0,0,0,0,3,1,2,170,126,44,2,2,0,172,128,44,2021
621100,Widerstand gegen und t tlicher Angriff auf Vollstreckungsbeamte und gleichstehende Personen    113-115 StGB,5916000,Herne,voll.,231,177,54,0,0,0,0,0,0,0,0,0,1,0,1,1,0,1,221,169,52,8,8,0,229,177,52,2021
621100,Widerstand gegen und t tlicher Angriff auf Vollstreckungsbeamte und gleichstehende Personen    113-115 StGB,5916000,Herne,vers.,0,0,0,0,0,0,0,0,0,0,0,0,0,0,0,0,0,0,0,0,0,0,0,0,0,0,0,2021
621100,Widerstand gegen und t tlicher Angriff auf Vollstreckungsbeamte und gleichstehende Personen    113-115 StGB,5916000,Herne,insg.,231,177,54,0,0,0,0,0,0,0,0,0,1,0,1,1,0,1,221,169,52,8,8,0,229,177,52,2021
621100,Widerstand gegen und t tlicher Angriff auf Vollstreckungsbeamte und gleichstehende Personen    113-115 StGB,3254021,Hildesheim,voll.,116,81,35,0,0,0,0,0,0,0,0,0,0,0,0,1,1,0,115,80,35,0,0,0,115,80,35,2021
621100,Widerstand gegen und t tlicher Angriff auf Vollstreckungsbeamte und gleichstehende Personen    113-115 StGB,3254021,Hildesheim,vers.,0,0,0,0,0,0,0,0,0,0,0,0,0,0,0,0,0,0,0,0,0,0,0,0,0,0,0,2021
621100,Widerstand gegen und t tlicher Angriff auf Vollstreckungsbeamte und gleichstehende Personen    113-115 StGB,3254021,Hildesheim,insg.,116,81,35,0,0,0,0,0,0,0,0,0,0,0,0,1,1,0,115,80,35,0,0,0,115,80,35,2021
621100,Widerstand gegen und t tlicher Angriff auf Vollstreckungsbeamte und gleichstehende Personen    113-115 StGB,9161000,Ingolstadt,voll.,231,173,58,0,0,0,0,0,0,0,0,0,0,0,0,8,4,4,223,169,54,0,0,0,223,169,54,2021
621100,Widerstand gegen und t tlicher Angriff auf Vollstreckungsbeamte und gleichstehende Personen    113-115 StGB,9161000,Ingolstadt,vers.,0,0,0,0,0,0,0,0,0,0,0,0,0,0,0,0,0,0,0,0,0,0,0,0,0,0,0,2021
621100,Widerstand gegen und t tlicher Angriff auf Vollstreckungsbeamte und gleichstehende Personen    113-115 StGB,9161000,Ingolstadt,insg.,231,173,58,0,0,0,0,0,0,0,0,0,0,0,0,8,4,4,223,169,54,0,0,0,223,169,54,2021
621100,Widerstand gegen und t tlicher Angriff auf Vollstreckungsbeamte und gleichstehende Personen    113-115 StGB,16053000,Jena,voll.,96,87,9,0,0,0,0,0,0,0,0,0,0,0,0,2,2,0,94,85,9,0,0,0,94,85,9,2021
621100,Widerstand gegen und t tlicher Angriff auf Vollstreckungsbeamte und gleichstehende Personen    113-115 StGB,16053000,Jena,vers.,0,0,0,0,0,0,0,0,0,0,0,0,0,0,0,0,0,0,0,0,0,0,0,0,0,0,0,2021
621100,Widerstand gegen und t tlicher Angriff auf Vollstreckungsbeamte und gleichstehende Personen    113-115 StGB,16053000,Jena,insg.,96,87,9,0,0,0,0,0,0,0,0,0,0,0,0,2,2,0,94,85,9,0,0,0,94,85,9,2021
621100,Widerstand gegen und t tlicher Angriff auf Vollstreckungsbeamte und gleichstehende Personen    113-115 StGB,7312000,Kaiserslautern,voll.,181,146,35,0,0,0,0,0,0,0,0,0,0,0,0,0,0,0,180,146,34,1,0,1,181,146,35,2021
621100,Widerstand gegen und t tlicher Angriff auf Vollstreckungsbeamte und gleichstehende Personen    113-115 StGB,7312000,Kaiserslautern,vers.,0,0,0,0,0,0,0,0,0,0,0,0,0,0,0,0,0,0,0,0,0,0,0,0,0,0,0,2021
621100,Widerstand gegen und t tlicher Angriff auf Vollstreckungsbeamte und gleichstehende Personen    113-115 StGB,7312000,Kaiserslautern,insg.,181,146,35,0,0,0,0,0,0,0,0,0,0,0,0,0,0,0,180,146,34,1,0,1,181,146,35,2021
621100,Widerstand gegen und t tlicher Angriff auf Vollstreckungsbeamte und gleichstehende Personen    113-115 StGB,8212000,Karlsruhe,voll.,413,341,72,0,0,0,0,0,0,0,0,0,1,0,1,18,11,7,388,324,64,6,6,0,394,330,64,2021
621100,Widerstand gegen und t tlicher Angriff auf Vollstreckungsbeamte und gleichstehende Personen    113-115 StGB,8212000,Karlsruhe,vers.,0,0,0,0,0,0,0,0,0,0,0,0,0,0,0,0,0,0,0,0,0,0,0,0,0,0,0,2021
621100,Widerstand gegen und t tlicher Angriff auf Vollstreckungsbeamte und gleichstehende Personen    113-115 StGB,8212000,Karlsruhe,insg.,413,341,72,0,0,0,0,0,0,0,0,0,1,0,1,18,11,7,388,324,64,6,6,0,394,330,64,2021
621100,Widerstand gegen und t tlicher Angriff auf Vollstreckungsbeamte und gleichstehende Personen    113-115 StGB,6611000,Kassel,voll.,353,302,51,0,0,0,0,0,0,0,0,0,0,0,0,44,37,7,308,264,44,1,1,0,309,265,44,2021
621100,Widerstand gegen und t tlicher Angriff auf Vollstreckungsbeamte und gleichstehende Personen    113-115 StGB,6611000,Kassel,vers.,0,0,0,0,0,0,0,0,0,0,0,0,0,0,0,0,0,0,0,0,0,0,0,0,0,0,0,2021
621100,Widerstand gegen und t tlicher Angriff auf Vollstreckungsbeamte und gleichstehende Personen    113-115 StGB,6611000,Kassel,insg.,353,302,51,0,0,0,0,0,0,0,0,0,0,0,0,44,37,7,308,264,44,1,1,0,309,265,44,2021
621100,Widerstand gegen und t tlicher Angriff auf Vollstreckungsbeamte und gleichstehende Personen    113-115 StGB,1002000,Kiel,voll.,420,321,99,0,0,0,0,0,0,0,0,0,0,0,0,12,6,6,405,312,93,3,3,0,408,315,93,2021
621100,Widerstand gegen und t tlicher Angriff auf Vollstreckungsbeamte und gleichstehende Personen    113-115 StGB,1002000,Kiel,vers.,0,0,0,0,0,0,0,0,0,0,0,0,0,0,0,0,0,0,0,0,0,0,0,0,0,0,0,2021
621100,Widerstand gegen und t tlicher Angriff auf Vollstreckungsbeamte und gleichstehende Personen    113-115 StGB,1002000,Kiel,insg.,420,321,99,0,0,0,0,0,0,0,0,0,0,0,0,12,6,6,405,312,93,3,3,0,408,315,93,2021
621100,Widerstand gegen und t tlicher Angriff auf Vollstreckungsbeamte und gleichstehende Personen    113-115 StGB,7111000,Koblenz,voll.,250,197,53,0,0,0,0,0,0,0,0,0,0,0,0,5,4,1,243,192,51,2,1,1,245,193,52,2021
621100,Widerstand gegen und t tlicher Angriff auf Vollstreckungsbeamte und gleichstehende Personen    113-115 StGB,7111000,Koblenz,vers.,0,0,0,0,0,0,0,0,0,0,0,0,0,0,0,0,0,0,0,0,0,0,0,0,0,0,0,2021
621100,Widerstand gegen und t tlicher Angriff auf Vollstreckungsbeamte und gleichstehende Personen    113-115 StGB,7111000,Koblenz,insg.,250,197,53,0,0,0,0,0,0,0,0,0,0,0,0,5,4,1,243,192,51,2,1,1,245,193,52,2021
621100,Widerstand gegen und t tlicher Angriff auf Vollstreckungsbeamte und gleichstehende Personen    113-115 StGB,5315000,K ln,voll.,1945,1372,573,0,0,0,0,0,0,0,0,0,1,1,0,51,30,21,1881,1329,552,12,12,0,1893,1341,552,2021
621100,Widerstand gegen und t tlicher Angriff auf Vollstreckungsbeamte und gleichstehende Personen    113-115 StGB,5315000,K ln,vers.,0,0,0,0,0,0,0,0,0,0,0,0,0,0,0,0,0,0,0,0,0,0,0,0,0,0,0,2021
621100,Widerstand gegen und t tlicher Angriff auf Vollstreckungsbeamte und gleichstehende Personen    113-115 StGB,5315000,K ln,insg.,1945,1372,573,0,0,0,0,0,0,0,0,0,1,1,0,51,30,21,1881,1329,552,12,12,0,1893,1341,552,2021
621100,Widerstand gegen und t tlicher Angriff auf Vollstreckungsbeamte und gleichstehende Personen    113-115 StGB,5114000,Krefeld,voll.,322,228,94,0,0,0,0,0,0,0,0,0,0,0,0,4,3,1,316,223,93,2,2,0,318,225,93,2021
621100,Widerstand gegen und t tlicher Angriff auf Vollstreckungsbeamte und gleichstehende Personen    113-115 StGB,5114000,Krefeld,vers.,0,0,0,0,0,0,0,0,0,0,0,0,0,0,0,0,0,0,0,0,0,0,0,0,0,0,0,2021
621100,Widerstand gegen und t tlicher Angriff auf Vollstreckungsbeamte und gleichstehende Personen    113-115 StGB,5114000,Krefeld,insg.,322,228,94,0,0,0,0,0,0,0,0,0,0,0,0,4,3,1,316,223,93,2,2,0,318,225,93,2021
621100,Widerstand gegen und t tlicher Angriff auf Vollstreckungsbeamte und gleichstehende Personen    113-115 StGB,14713000,Leipzig,voll.,955,798,157,0,0,0,0,0,0,0,0,0,0,0,0,24,12,12,926,781,145,5,5,0,931,786,145,2021
621100,Widerstand gegen und t tlicher Angriff auf Vollstreckungsbeamte und gleichstehende Personen    113-115 StGB,14713000,Leipzig,vers.,0,0,0,0,0,0,0,0,0,0,0,0,0,0,0,0,0,0,0,0,0,0,0,0,0,0,0,2021
621100,Widerstand gegen und t tlicher Angriff auf Vollstreckungsbeamte und gleichstehende Personen    113-115 StGB,14713000,Leipzig,insg.,955,798,157,0,0,0,0,0,0,0,0,0,0,0,0,24,12,12,926,781,145,5,5,0,931,786,145,2021
621100,Widerstand gegen und t tlicher Angriff auf Vollstreckungsbeamte und gleichstehende Personen    113-115 StGB,5316000,Leverkusen,voll.,128,83,45,0,0,0,0,0,0,0,0,0,0,0,0,5,2,3,122,81,41,1,0,1,123,81,42,2021
621100,Widerstand gegen und t tlicher Angriff auf Vollstreckungsbeamte und gleichstehende Personen    113-115 StGB,5316000,Leverkusen,vers.,0,0,0,0,0,0,0,0,0,0,0,0,0,0,0,0,0,0,0,0,0,0,0,0,0,0,0,2021
621100,Widerstand gegen und t tlicher Angriff auf Vollstreckungsbeamte und gleichstehende Personen    113-115 StGB,5316000,Leverkusen,insg.,128,83,45,0,0,0,0,0,0,0,0,0,0,0,0,5,2,3,122,81,41,1,0,1,123,81,42,2021
621100,Widerstand gegen und t tlicher Angriff auf Vollstreckungsbeamte und gleichstehende Personen    113-115 StGB,1003000,L beck,voll.,573,452,121,0,0,0,0,0,0,0,0,0,0,0,0,18,12,6,555,440,115,0,0,0,555,440,115,2021
621100,Widerstand gegen und t tlicher Angriff auf Vollstreckungsbeamte und gleichstehende Personen    113-115 StGB,1003000,L beck,vers.,0,0,0,0,0,0,0,0,0,0,0,0,0,0,0,0,0,0,0,0,0,0,0,0,0,0,0,2021
621100,Widerstand gegen und t tlicher Angriff auf Vollstreckungsbeamte und gleichstehende Personen    113-115 StGB,1003000,L beck,insg.,573,452,121,0,0,0,0,0,0,0,0,0,0,0,0,18,12,6,555,440,115,0,0,0,555,440,115,2021
621100,Widerstand gegen und t tlicher Angriff auf Vollstreckungsbeamte und gleichstehende Personen    113-115 StGB,7314000,Ludwigshafen am Rhein,voll.,171,137,34,0,0,0,0,0,0,0,0,0,0,0,0,1,1,0,170,136,34,0,0,0,170,136,34,2021
621100,Widerstand gegen und t tlicher Angriff auf Vollstreckungsbeamte und gleichstehende Personen    113-115 StGB,7314000,Ludwigshafen am Rhein,vers.,0,0,0,0,0,0,0,0,0,0,0,0,0,0,0,0,0,0,0,0,0,0,0,0,0,0,0,2021
621100,Widerstand gegen und t tlicher Angriff auf Vollstreckungsbeamte und gleichstehende Personen    113-115 StGB,7314000,Ludwigshafen am Rhein,insg.,171,137,34,0,0,0,0,0,0,0,0,0,0,0,0,1,1,0,170,136,34,0,0,0,170,136,34,2021
621100,Widerstand gegen und t tlicher Angriff auf Vollstreckungsbeamte und gleichstehende Personen    113-115 StGB,15003000,Magdeburg,voll.,275,227,48,0,0,0,0,0,0,0,0,0,0,0,0,11,8,3,260,215,45,4,4,0,264,219,45,2021
621100,Widerstand gegen und t tlicher Angriff auf Vollstreckungsbeamte und gleichstehende Personen    113-115 StGB,15003000,Magdeburg,vers.,0,0,0,0,0,0,0,0,0,0,0,0,0,0,0,0,0,0,0,0,0,0,0,0,0,0,0,2021
621100,Widerstand gegen und t tlicher Angriff auf Vollstreckungsbeamte und gleichstehende Personen    113-115 StGB,15003000,Magdeburg,insg.,275,227,48,0,0,0,0,0,0,0,0,0,0,0,0,11,8,3,260,215,45,4,4,0,264,219,45,2021
621100,Widerstand gegen und t tlicher Angriff auf Vollstreckungsbeamte und gleichstehende Personen    113-115 StGB,7315000,Mainz,voll.,218,182,36,0,0,0,0,0,0,0,0,0,0,0,0,6,6,0,212,176,36,0,0,0,212,176,36,2021
621100,Widerstand gegen und t tlicher Angriff auf Vollstreckungsbeamte und gleichstehende Personen    113-115 StGB,7315000,Mainz,vers.,0,0,0,0,0,0,0,0,0,0,0,0,0,0,0,0,0,0,0,0,0,0,0,0,0,0,0,2021
621100,Widerstand gegen und t tlicher Angriff auf Vollstreckungsbeamte und gleichstehende Personen    113-115 StGB,7315000,Mainz,insg.,218,182,36,0,0,0,0,0,0,0,0,0,0,0,0,6,6,0,212,176,36,0,0,0,212,176,36,2021
621100,Widerstand gegen und t tlicher Angriff auf Vollstreckungsbeamte und gleichstehende Personen    113-115 StGB,8222000,Mannheim,voll.,349,292,57,0,0,0,0,0,0,0,0,0,0,0,0,7,7,0,339,282,57,3,3,0,342,285,57,2021
621100,Widerstand gegen und t tlicher Angriff auf Vollstreckungsbeamte und gleichstehende Personen    113-115 StGB,8222000,Mannheim,vers.,0,0,0,0,0,0,0,0,0,0,0,0,0,0,0,0,0,0,0,0,0,0,0,0,0,0,0,2021
621100,Widerstand gegen und t tlicher Angriff auf Vollstreckungsbeamte und gleichstehende Personen    113-115 StGB,8222000,Mannheim,insg.,349,292,57,0,0,0,0,0,0,0,0,0,0,0,0,7,7,0,339,282,57,3,3,0,342,285,57,2021
621100,Widerstand gegen und t tlicher Angriff auf Vollstreckungsbeamte und gleichstehende Personen    113-115 StGB,5170024,Moers,voll.,114,72,42,0,0,0,0,0,0,0,0,0,0,0,0,1,1,0,113,71,42,0,0,0,113,71,42,2021
621100,Widerstand gegen und t tlicher Angriff auf Vollstreckungsbeamte und gleichstehende Personen    113-115 StGB,5170024,Moers,vers.,0,0,0,0,0,0,0,0,0,0,0,0,0,0,0,0,0,0,0,0,0,0,0,0,0,0,0,2021
621100,Widerstand gegen und t tlicher Angriff auf Vollstreckungsbeamte und gleichstehende Personen    113-115 StGB,5170024,Moers,insg.,114,72,42,0,0,0,0,0,0,0,0,0,0,0,0,1,1,0,113,71,42,0,0,0,113,71,42,2021
621100,Widerstand gegen und t tlicher Angriff auf Vollstreckungsbeamte und gleichstehende Personen    113-115 StGB,5116000,M nchengladbach,voll.,468,317,151,0,0,0,0,0,0,0,0,0,0,0,0,7,5,2,450,301,149,11,11,0,461,312,149,2021
621100,Widerstand gegen und t tlicher Angriff auf Vollstreckungsbeamte und gleichstehende Personen    113-115 StGB,5116000,M nchengladbach,vers.,0,0,0,0,0,0,0,0,0,0,0,0,0,0,0,0,0,0,0,0,0,0,0,0,0,0,0,2021
621100,Widerstand gegen und t tlicher Angriff auf Vollstreckungsbeamte und gleichstehende Personen    113-115 StGB,5116000,M nchengladbach,insg.,468,317,151,0,0,0,0,0,0,0,0,0,0,0,0,7,5,2,450,301,149,11,11,0,461,312,149,2021
621100,Widerstand gegen und t tlicher Angriff auf Vollstreckungsbeamte und gleichstehende Personen    113-115 StGB,5117000,M lheim an der Ruhr,voll.,135,92,43,0,0,0,0,0,0,0,0,0,0,0,0,1,1,0,131,90,41,3,1,2,134,91,43,2021
621100,Widerstand gegen und t tlicher Angriff auf Vollstreckungsbeamte und gleichstehende Personen    113-115 StGB,5117000,M lheim an der Ruhr,vers.,0,0,0,0,0,0,0,0,0,0,0,0,0,0,0,0,0,0,0,0,0,0,0,0,0,0,0,2021
621100,Widerstand gegen und t tlicher Angriff auf Vollstreckungsbeamte und gleichstehende Personen    113-115 StGB,5117000,M lheim an der Ruhr,insg.,135,92,43,0,0,0,0,0,0,0,0,0,0,0,0,1,1,0,131,90,41,3,1,2,134,91,43,2021
621100,Widerstand gegen und t tlicher Angriff auf Vollstreckungsbeamte und gleichstehende Personen    113-115 StGB,9162000,M nchen,voll.,2106,1692,414,0,0,0,0,0,0,0,0,0,1,0,1,51,36,15,2050,1653,397,4,3,1,2054,1656,398,2021
621100,Widerstand gegen und t tlicher Angriff auf Vollstreckungsbeamte und gleichstehende Personen    113-115 StGB,9162000,M nchen,vers.,0,0,0,0,0,0,0,0,0,0,0,0,0,0,0,0,0,0,0,0,0,0,0,0,0,0,0,2021
621100,Widerstand gegen und t tlicher Angriff auf Vollstreckungsbeamte und gleichstehende Personen    113-115 StGB,9162000,M nchen,insg.,2106,1692,414,0,0,0,0,0,0,0,0,0,1,0,1,51,36,15,2050,1653,397,4,3,1,2054,1656,398,2021
621100,Widerstand gegen und t tlicher Angriff auf Vollstreckungsbeamte und gleichstehende Personen    113-115 StGB,5515000,M nster,voll.,520,427,93,0,0,0,0,0,0,0,0,0,1,1,0,18,11,7,491,406,85,10,9,1,501,415,86,2021
621100,Widerstand gegen und t tlicher Angriff auf Vollstreckungsbeamte und gleichstehende Personen    113-115 StGB,5515000,M nster,vers.,0,0,0,0,0,0,0,0,0,0,0,0,0,0,0,0,0,0,0,0,0,0,0,0,0,0,0,2021
621100,Widerstand gegen und t tlicher Angriff auf Vollstreckungsbeamte und gleichstehende Personen    113-115 StGB,5515000,M nster,insg.,520,427,93,0,0,0,0,0,0,0,0,0,1,1,0,18,11,7,491,406,85,10,9,1,501,415,86,2021
621100,Widerstand gegen und t tlicher Angriff auf Vollstreckungsbeamte und gleichstehende Personen    113-115 StGB,5162024,Neuss,voll.,121,82,39,0,0,0,0,0,0,0,0,0,1,1,0,3,3,0,116,77,39,1,1,0,117,78,39,2021
621100,Widerstand gegen und t tlicher Angriff auf Vollstreckungsbeamte und gleichstehende Personen    113-115 StGB,5162024,Neuss,vers.,0,0,0,0,0,0,0,0,0,0,0,0,0,0,0,0,0,0,0,0,0,0,0,0,0,0,0,2021
621100,Widerstand gegen und t tlicher Angriff auf Vollstreckungsbeamte und gleichstehende Personen    113-115 StGB,5162024,Neuss,insg.,121,82,39,0,0,0,0,0,0,0,0,0,1,1,0,3,3,0,116,77,39,1,1,0,117,78,39,2021
621100,Widerstand gegen und t tlicher Angriff auf Vollstreckungsbeamte und gleichstehende Personen    113-115 StGB,9564000,N rnberg,voll.,860,683,177,0,0,0,0,0,0,0,0,0,0,0,0,23,15,8,836,667,169,1,1,0,837,668,169,2021
621100,Widerstand gegen und t tlicher Angriff auf Vollstreckungsbeamte und gleichstehende Personen    113-115 StGB,9564000,N rnberg,vers.,0,0,0,0,0,0,0,0,0,0,0,0,0,0,0,0,0,0,0,0,0,0,0,0,0,0,0,2021
621100,Widerstand gegen und t tlicher Angriff auf Vollstreckungsbeamte und gleichstehende Personen    113-115 StGB,9564000,N rnberg,insg.,860,683,177,0,0,0,0,0,0,0,0,0,0,0,0,23,15,8,836,667,169,1,1,0,837,668,169,2021
621100,Widerstand gegen und t tlicher Angriff auf Vollstreckungsbeamte und gleichstehende Personen    113-115 StGB,5119000,Oberhausen,voll.,284,206,78,1,1,0,0,0,0,1,1,0,3,3,0,0,0,0,275,199,76,5,3,2,280,202,78,2021
621100,Widerstand gegen und t tlicher Angriff auf Vollstreckungsbeamte und gleichstehende Personen    113-115 StGB,5119000,Oberhausen,vers.,0,0,0,0,0,0,0,0,0,0,0,0,0,0,0,0,0,0,0,0,0,0,0,0,0,0,0,2021
621100,Widerstand gegen und t tlicher Angriff auf Vollstreckungsbeamte und gleichstehende Personen    113-115 StGB,5119000,Oberhausen,insg.,284,206,78,1,1,0,0,0,0,1,1,0,3,3,0,0,0,0,275,199,76,5,3,2,280,202,78,2021
621100,Widerstand gegen und t tlicher Angriff auf Vollstreckungsbeamte und gleichstehende Personen    113-115 StGB,6413000,Offenbach am Main,voll.,105,74,31,0,0,0,0,0,0,0,0,0,0,0,0,1,1,0,104,73,31,0,0,0,104,73,31,2021
621100,Widerstand gegen und t tlicher Angriff auf Vollstreckungsbeamte und gleichstehende Personen    113-115 StGB,6413000,Offenbach am Main,vers.,0,0,0,0,0,0,0,0,0,0,0,0,0,0,0,0,0,0,0,0,0,0,0,0,0,0,0,2021
621100,Widerstand gegen und t tlicher Angriff auf Vollstreckungsbeamte und gleichstehende Personen    113-115 StGB,6413000,Offenbach am Main,insg.,105,74,31,0,0,0,0,0,0,0,0,0,0,0,0,1,1,0,104,73,31,0,0,0,104,73,31,2021
621100,Widerstand gegen und t tlicher Angriff auf Vollstreckungsbeamte und gleichstehende Personen    113-115 StGB,3403000,Oldenburg (Oldenburg),voll.,190,150,40,0,0,0,0,0,0,0,0,0,0,0,0,3,3,0,184,144,40,3,3,0,187,147,40,2021
621100,Widerstand gegen und t tlicher Angriff auf Vollstreckungsbeamte und gleichstehende Personen    113-115 StGB,3403000,Oldenburg (Oldenburg),vers.,0,0,0,0,0,0,0,0,0,0,0,0,0,0,0,0,0,0,0,0,0,0,0,0,0,0,0,2021
621100,Widerstand gegen und t tlicher Angriff auf Vollstreckungsbeamte und gleichstehende Personen    113-115 StGB,3403000,Oldenburg (Oldenburg),insg.,190,150,40,0,0,0,0,0,0,0,0,0,0,0,0,3,3,0,184,144,40,3,3,0,187,147,40,2021
621100,Widerstand gegen und t tlicher Angriff auf Vollstreckungsbeamte und gleichstehende Personen    113-115 StGB,3404000,Osnabr ck,voll.,266,217,49,0,0,0,0,0,0,0,0,0,0,0,0,9,3,6,257,214,43,0,0,0,257,214,43,2021
621100,Widerstand gegen und t tlicher Angriff auf Vollstreckungsbeamte und gleichstehende Personen    113-115 StGB,3404000,Osnabr ck,vers.,0,0,0,0,0,0,0,0,0,0,0,0,0,0,0,0,0,0,0,0,0,0,0,0,0,0,0,2021
621100,Widerstand gegen und t tlicher Angriff auf Vollstreckungsbeamte und gleichstehende Personen    113-115 StGB,3404000,Osnabr ck,insg.,266,217,49,0,0,0,0,0,0,0,0,0,0,0,0,9,3,6,257,214,43,0,0,0,257,214,43,2021
621100,Widerstand gegen und t tlicher Angriff auf Vollstreckungsbeamte und gleichstehende Personen    113-115 StGB,5774032,Paderborn,voll.,199,158,41,0,0,0,0,0,0,0,0,0,0,0,0,2,2,0,195,154,41,2,2,0,197,156,41,2021
621100,Widerstand gegen und t tlicher Angriff auf Vollstreckungsbeamte und gleichstehende Personen    113-115 StGB,5774032,Paderborn,vers.,0,0,0,0,0,0,0,0,0,0,0,0,0,0,0,0,0,0,0,0,0,0,0,0,0,0,0,2021
621100,Widerstand gegen und t tlicher Angriff auf Vollstreckungsbeamte und gleichstehende Personen    113-115 StGB,5774032,Paderborn,insg.,199,158,41,0,0,0,0,0,0,0,0,0,0,0,0,2,2,0,195,154,41,2,2,0,197,156,41,2021
621100,Widerstand gegen und t tlicher Angriff auf Vollstreckungsbeamte und gleichstehende Personen    113-115 StGB,8231000,Pforzheim,voll.,202,144,58,0,0,0,0,0,0,0,0,0,0,0,0,7,5,2,194,138,56,1,1,0,195,139,56,2021
621100,Widerstand gegen und t tlicher Angriff auf Vollstreckungsbeamte und gleichstehende Personen    113-115 StGB,8231000,Pforzheim,vers.,0,0,0,0,0,0,0,0,0,0,0,0,0,0,0,0,0,0,0,0,0,0,0,0,0,0,0,2021
621100,Widerstand gegen und t tlicher Angriff auf Vollstreckungsbeamte und gleichstehende Personen    113-115 StGB,8231000,Pforzheim,insg.,202,144,58,0,0,0,0,0,0,0,0,0,0,0,0,7,5,2,194,138,56,1,1,0,195,139,56,2021
621100,Widerstand gegen und t tlicher Angriff auf Vollstreckungsbeamte und gleichstehende Personen    113-115 StGB,12054000,Potsdam,voll.,183,145,38,0,0,0,0,0,0,0,0,0,0,0,0,4,2,2,178,142,36,1,1,0,179,143,36,2021
621100,Widerstand gegen und t tlicher Angriff auf Vollstreckungsbeamte und gleichstehende Personen    113-115 StGB,12054000,Potsdam,vers.,0,0,0,0,0,0,0,0,0,0,0,0,0,0,0,0,0,0,0,0,0,0,0,0,0,0,0,2021
621100,Widerstand gegen und t tlicher Angriff auf Vollstreckungsbeamte und gleichstehende Personen    113-115 StGB,12054000,Potsdam,insg.,183,145,38,0,0,0,0,0,0,0,0,0,0,0,0,4,2,2,178,142,36,1,1,0,179,143,36,2021
621100,Widerstand gegen und t tlicher Angriff auf Vollstreckungsbeamte und gleichstehende Personen    113-115 StGB,5562032,Recklinghausen,voll.,167,127,40,0,0,0,0,0,0,0,0,0,0,0,0,2,1,1,159,120,39,6,6,0,165,126,39,2021
621100,Widerstand gegen und t tlicher Angriff auf Vollstreckungsbeamte und gleichstehende Personen    113-115 StGB,5562032,Recklinghausen,vers.,0,0,0,0,0,0,0,0,0,0,0,0,0,0,0,0,0,0,0,0,0,0,0,0,0,0,0,2021
621100,Widerstand gegen und t tlicher Angriff auf Vollstreckungsbeamte und gleichstehende Personen    113-115 StGB,5562032,Recklinghausen,insg.,167,127,40,0,0,0,0,0,0,0,0,0,0,0,0,2,1,1,159,120,39,6,6,0,165,126,39,2021
621100,Widerstand gegen und t tlicher Angriff auf Vollstreckungsbeamte und gleichstehende Personen    113-115 StGB,9362000,Regensburg,voll.,215,175,40,0,0,0,0,0,0,0,0,0,0,0,0,5,3,2,208,170,38,2,2,0,210,172,38,2021
621100,Widerstand gegen und t tlicher Angriff auf Vollstreckungsbeamte und gleichstehende Personen    113-115 StGB,9362000,Regensburg,vers.,0,0,0,0,0,0,0,0,0,0,0,0,0,0,0,0,0,0,0,0,0,0,0,0,0,0,0,2021
621100,Widerstand gegen und t tlicher Angriff auf Vollstreckungsbeamte und gleichstehende Personen    113-115 StGB,9362000,Regensburg,insg.,215,175,40,0,0,0,0,0,0,0,0,0,0,0,0,5,3,2,208,170,38,2,2,0,210,172,38,2021
621100,Widerstand gegen und t tlicher Angriff auf Vollstreckungsbeamte und gleichstehende Personen    113-115 StGB,5120000,Remscheid,voll.,111,82,29,0,0,0,0,0,0,0,0,0,0,0,0,2,0,2,105,79,26,4,3,1,109,82,27,2021
621100,Widerstand gegen und t tlicher Angriff auf Vollstreckungsbeamte und gleichstehende Personen    113-115 StGB,5120000,Remscheid,vers.,0,0,0,0,0,0,0,0,0,0,0,0,0,0,0,0,0,0,0,0,0,0,0,0,0,0,0,2021
621100,Widerstand gegen und t tlicher Angriff auf Vollstreckungsbeamte und gleichstehende Personen    113-115 StGB,5120000,Remscheid,insg.,111,82,29,0,0,0,0,0,0,0,0,0,0,0,0,2,0,2,105,79,26,4,3,1,109,82,27,2021
621100,Widerstand gegen und t tlicher Angriff auf Vollstreckungsbeamte und gleichstehende Personen    113-115 StGB,8415061,Reutlingen,voll.,134,109,25,0,0,0,0,0,0,0,0,0,0,0,0,3,2,1,131,107,24,0,0,0,131,107,24,2021
621100,Widerstand gegen und t tlicher Angriff auf Vollstreckungsbeamte und gleichstehende Personen    113-115 StGB,8415061,Reutlingen,vers.,0,0,0,0,0,0,0,0,0,0,0,0,0,0,0,0,0,0,0,0,0,0,0,0,0,0,0,2021
621100,Widerstand gegen und t tlicher Angriff auf Vollstreckungsbeamte und gleichstehende Personen    113-115 StGB,8415061,Reutlingen,insg.,134,109,25,0,0,0,0,0,0,0,0,0,0,0,0,3,2,1,131,107,24,0,0,0,131,107,24,2021
621100,Widerstand gegen und t tlicher Angriff auf Vollstreckungsbeamte und gleichstehende Personen    113-115 StGB,13003000,Rostock,voll.,333,275,58,0,0,0,0,0,0,0,0,0,0,0,0,10,7,3,320,266,54,3,2,1,323,268,55,2021
621100,Widerstand gegen und t tlicher Angriff auf Vollstreckungsbeamte und gleichstehende Personen    113-115 StGB,13003000,Rostock,vers.,0,0,0,0,0,0,0,0,0,0,0,0,0,0,0,0,0,0,0,0,0,0,0,0,0,0,0,2021
621100,Widerstand gegen und t tlicher Angriff auf Vollstreckungsbeamte und gleichstehende Personen    113-115 StGB,13003000,Rostock,insg.,333,275,58,0,0,0,0,0,0,0,0,0,0,0,0,10,7,3,320,266,54,3,2,1,323,268,55,2021
621100,Widerstand gegen und t tlicher Angriff auf Vollstreckungsbeamte und gleichstehende Personen    113-115 StGB,10041100,Saarbr cken,voll.,464,359,105,0,0,0,0,0,0,0,0,0,0,0,0,4,3,1,458,354,104,2,2,0,460,356,104,2021
621100,Widerstand gegen und t tlicher Angriff auf Vollstreckungsbeamte und gleichstehende Personen    113-115 StGB,10041100,Saarbr cken,vers.,0,0,0,0,0,0,0,0,0,0,0,0,0,0,0,0,0,0,0,0,0,0,0,0,0,0,0,2021
621100,Widerstand gegen und t tlicher Angriff auf Vollstreckungsbeamte und gleichstehende Personen    113-115 StGB,10041100,Saarbr cken,insg.,464,359,105,0,0,0,0,0,0,0,0,0,0,0,0,4,3,1,458,354,104,2,2,0,460,356,104,2021
621100,Widerstand gegen und t tlicher Angriff auf Vollstreckungsbeamte und gleichstehende Personen    113-115 StGB,3102000,Salzgitter,voll.,113,84,29,0,0,0,0,0,0,0,0,0,0,0,0,2,1,1,109,81,28,2,2,0,111,83,28,2021
621100,Widerstand gegen und t tlicher Angriff auf Vollstreckungsbeamte und gleichstehende Personen    113-115 StGB,3102000,Salzgitter,vers.,0,0,0,0,0,0,0,0,0,0,0,0,0,0,0,0,0,0,0,0,0,0,0,0,0,0,0,2021
621100,Widerstand gegen und t tlicher Angriff auf Vollstreckungsbeamte und gleichstehende Personen    113-115 StGB,3102000,Salzgitter,insg.,113,84,29,0,0,0,0,0,0,0,0,0,0,0,0,2,1,1,109,81,28,2,2,0,111,83,28,2021
621100,Widerstand gegen und t tlicher Angriff auf Vollstreckungsbeamte und gleichstehende Personen    113-115 StGB,13004000,Schwerin,voll.,231,190,41,0,0,0,0,0,0,0,0,0,0,0,0,6,5,1,225,185,40,0,0,0,225,185,40,2021
621100,Widerstand gegen und t tlicher Angriff auf Vollstreckungsbeamte und gleichstehende Personen    113-115 StGB,13004000,Schwerin,vers.,0,0,0,0,0,0,0,0,0,0,0,0,0,0,0,0,0,0,0,0,0,0,0,0,0,0,0,2021
621100,Widerstand gegen und t tlicher Angriff auf Vollstreckungsbeamte und gleichstehende Personen    113-115 StGB,13004000,Schwerin,insg.,231,190,41,0,0,0,0,0,0,0,0,0,0,0,0,6,5,1,225,185,40,0,0,0,225,185,40,2021
621100,Widerstand gegen und t tlicher Angriff auf Vollstreckungsbeamte und gleichstehende Personen    113-115 StGB,5970040,Siegen,voll.,227,174,53,0,0,0,0,0,0,0,0,0,1,0,1,1,1,0,225,173,52,0,0,0,225,173,52,2021
621100,Widerstand gegen und t tlicher Angriff auf Vollstreckungsbeamte und gleichstehende Personen    113-115 StGB,5970040,Siegen,vers.,0,0,0,0,0,0,0,0,0,0,0,0,0,0,0,0,0,0,0,0,0,0,0,0,0,0,0,2021
621100,Widerstand gegen und t tlicher Angriff auf Vollstreckungsbeamte und gleichstehende Personen    113-115 StGB,5970040,Siegen,insg.,227,174,53,0,0,0,0,0,0,0,0,0,1,0,1,1,1,0,225,173,52,0,0,0,225,173,52,2021
621100,Widerstand gegen und t tlicher Angriff auf Vollstreckungsbeamte und gleichstehende Personen    113-115 StGB,5122000,Solingen,voll.,163,125,38,0,0,0,0,0,0,0,0,0,1,0,1,2,2,0,158,122,36,2,1,1,160,123,37,2021
621100,Widerstand gegen und t tlicher Angriff auf Vollstreckungsbeamte und gleichstehende Personen    113-115 StGB,5122000,Solingen,vers.,0,0,0,0,0,0,0,0,0,0,0,0,0,0,0,0,0,0,0,0,0,0,0,0,0,0,0,2021
621100,Widerstand gegen und t tlicher Angriff auf Vollstreckungsbeamte und gleichstehende Personen    113-115 StGB,5122000,Solingen,insg.,163,125,38,0,0,0,0,0,0,0,0,0,1,0,1,2,2,0,158,122,36,2,1,1,160,123,37,2021
621100,Widerstand gegen und t tlicher Angriff auf Vollstreckungsbeamte und gleichstehende Personen    113-115 StGB,8111000,Stuttgart,voll.,1793,1370,423,0,0,0,0,0,0,0,0,0,1,0,1,50,30,20,1734,1333,401,8,7,1,1742,1340,402,2021
621100,Widerstand gegen und t tlicher Angriff auf Vollstreckungsbeamte und gleichstehende Personen    113-115 StGB,8111000,Stuttgart,vers.,0,0,0,0,0,0,0,0,0,0,0,0,0,0,0,0,0,0,0,0,0,0,0,0,0,0,0,2021
621100,Widerstand gegen und t tlicher Angriff auf Vollstreckungsbeamte und gleichstehende Personen    113-115 StGB,8111000,Stuttgart,insg.,1793,1370,423,0,0,0,0,0,0,0,0,0,1,0,1,50,30,20,1734,1333,401,8,7,1,1742,1340,402,2021
621100,Widerstand gegen und t tlicher Angriff auf Vollstreckungsbeamte und gleichstehende Personen    113-115 StGB,7211000,Trier,voll.,214,177,37,0,0,0,0,0,0,0,0,0,0,0,0,2,2,0,212,175,37,0,0,0,212,175,37,2021
621100,Widerstand gegen und t tlicher Angriff auf Vollstreckungsbeamte und gleichstehende Personen    113-115 StGB,7211000,Trier,vers.,0,0,0,0,0,0,0,0,0,0,0,0,0,0,0,0,0,0,0,0,0,0,0,0,0,0,0,2021
621100,Widerstand gegen und t tlicher Angriff auf Vollstreckungsbeamte und gleichstehende Personen    113-115 StGB,7211000,Trier,insg.,214,177,37,0,0,0,0,0,0,0,0,0,0,0,0,2,2,0,212,175,37,0,0,0,212,175,37,2021
621100,Widerstand gegen und t tlicher Angriff auf Vollstreckungsbeamte und gleichstehende Personen    113-115 StGB,8421000,Ulm,voll.,155,122,33,0,0,0,0,0,0,0,0,0,0,0,0,8,6,2,147,116,31,0,0,0,147,116,31,2021
621100,Widerstand gegen und t tlicher Angriff auf Vollstreckungsbeamte und gleichstehende Personen    113-115 StGB,8421000,Ulm,vers.,0,0,0,0,0,0,0,0,0,0,0,0,0,0,0,0,0,0,0,0,0,0,0,0,0,0,0,2021
621100,Widerstand gegen und t tlicher Angriff auf Vollstreckungsbeamte und gleichstehende Personen    113-115 StGB,8421000,Ulm,insg.,155,122,33,0,0,0,0,0,0,0,0,0,0,0,0,8,6,2,147,116,31,0,0,0,147,116,31,2021
621100,Widerstand gegen und t tlicher Angriff auf Vollstreckungsbeamte und gleichstehende Personen    113-115 StGB,6414000,Wiesbaden,voll.,228,183,45,0,0,0,0,0,0,0,0,0,0,0,0,1,1,0,225,181,44,2,1,1,227,182,45,2021
621100,Widerstand gegen und t tlicher Angriff auf Vollstreckungsbeamte und gleichstehende Personen    113-115 StGB,6414000,Wiesbaden,vers.,0,0,0,0,0,0,0,0,0,0,0,0,0,0,0,0,0,0,0,0,0,0,0,0,0,0,0,2021
621100,Widerstand gegen und t tlicher Angriff auf Vollstreckungsbeamte und gleichstehende Personen    113-115 StGB,6414000,Wiesbaden,insg.,228,183,45,0,0,0,0,0,0,0,0,0,0,0,0,1,1,0,225,181,44,2,1,1,227,182,45,2021
621100,Widerstand gegen und t tlicher Angriff auf Vollstreckungsbeamte und gleichstehende Personen    113-115 StGB,3103000,Wolfsburg,voll.,165,131,34,0,0,0,0,0,0,0,0,0,0,0,0,4,1,3,158,127,31,3,3,0,161,130,31,2021
621100,Widerstand gegen und t tlicher Angriff auf Vollstreckungsbeamte und gleichstehende Personen    113-115 StGB,3103000,Wolfsburg,vers.,0,0,0,0,0,0,0,0,0,0,0,0,0,0,0,0,0,0,0,0,0,0,0,0,0,0,0,2021
621100,Widerstand gegen und t tlicher Angriff auf Vollstreckungsbeamte und gleichstehende Personen    113-115 StGB,3103000,Wolfsburg,insg.,165,131,34,0,0,0,0,0,0,0,0,0,0,0,0,4,1,3,158,127,31,3,3,0,161,130,31,2021
621100,Widerstand gegen und t tlicher Angriff auf Vollstreckungsbeamte und gleichstehende Personen    113-115 StGB,5124000,Wuppertal,voll.,504,358,146,0,0,0,1,1,0,1,1,0,0,0,0,5,2,3,493,350,143,5,5,0,498,355,143,2021
621100,Widerstand gegen und t tlicher Angriff auf Vollstreckungsbeamte und gleichstehende Personen    113-115 StGB,5124000,Wuppertal,vers.,0,0,0,0,0,0,0,0,0,0,0,0,0,0,0,0,0,0,0,0,0,0,0,0,0,0,0,2021
621100,Widerstand gegen und t tlicher Angriff auf Vollstreckungsbeamte und gleichstehende Personen    113-115 StGB,5124000,Wuppertal,insg.,504,358,146,0,0,0,1,1,0,1,1,0,0,0,0,5,2,3,493,350,143,5,5,0,498,355,143,2021
621100,Widerstand gegen und t tlicher Angriff auf Vollstreckungsbeamte und gleichstehende Personen    113-115 StGB,9663000,W rzburg,voll.,126,115,11,0,0,0,0,0,0,0,0,0,0,0,0,2,1,1,122,112,10,2,2,0,124,114,10,2021
621100,Widerstand gegen und t tlicher Angriff auf Vollstreckungsbeamte und gleichstehende Personen    113-115 StGB,9663000,W rzburg,vers.,0,0,0,0,0,0,0,0,0,0,0,0,0,0,0,0,0,0,0,0,0,0,0,0,0,0,0,2021
621100,Widerstand gegen und t tlicher Angriff auf Vollstreckungsbeamte und gleichstehende Personen    113-115 StGB,9663000,W rzburg,insg.,126,115,11,0,0,0,0,0,0,0,0,0,0,0,0,2,1,1,122,112,10,2,2,0,124,114,10,2021
621110,"Widerstand gegen Vollstreckungsbeamte und gleichstehende Personen    113, 115 StGB",5334002,Aachen,voll.,329,229,100,0,0,0,0,0,0,0,0,0,3,3,0,7,4,3,317,220,97,2,2,0,319,222,97,2021
621110,"Widerstand gegen Vollstreckungsbeamte und gleichstehende Personen    113, 115 StGB",5334002,Aachen,vers.,0,0,0,0,0,0,0,0,0,0,0,0,0,0,0,0,0,0,0,0,0,0,0,0,0,0,0,2021
621110,"Widerstand gegen Vollstreckungsbeamte und gleichstehende Personen    113, 115 StGB",5334002,Aachen,insg.,329,229,100,0,0,0,0,0,0,0,0,0,3,3,0,7,4,3,317,220,97,2,2,0,319,222,97,2021
621110,"Widerstand gegen Vollstreckungsbeamte und gleichstehende Personen    113, 115 StGB",9761000,Augsburg,voll.,343,287,56,0,0,0,0,0,0,0,0,0,0,0,0,3,1,2,338,284,54,2,2,0,340,286,54,2021
621110,"Widerstand gegen Vollstreckungsbeamte und gleichstehende Personen    113, 115 StGB",9761000,Augsburg,vers.,0,0,0,0,0,0,0,0,0,0,0,0,0,0,0,0,0,0,0,0,0,0,0,0,0,0,0,2021
621110,"Widerstand gegen Vollstreckungsbeamte und gleichstehende Personen    113, 115 StGB",9761000,Augsburg,insg.,343,287,56,0,0,0,0,0,0,0,0,0,0,0,0,3,1,2,338,284,54,2,2,0,340,286,54,2021
621110,"Widerstand gegen Vollstreckungsbeamte und gleichstehende Personen    113, 115 StGB",5378004,Bergisch Gladbach,voll.,125,86,39,0,0,0,0,0,0,0,0,0,0,0,0,3,3,0,119,80,39,3,3,0,122,83,39,2021
621110,"Widerstand gegen Vollstreckungsbeamte und gleichstehende Personen    113, 115 StGB",5378004,Bergisch Gladbach,vers.,0,0,0,0,0,0,0,0,0,0,0,0,0,0,0,0,0,0,0,0,0,0,0,0,0,0,0,2021
621110,"Widerstand gegen Vollstreckungsbeamte und gleichstehende Personen    113, 115 StGB",5378004,Bergisch Gladbach,insg.,125,86,39,0,0,0,0,0,0,0,0,0,0,0,0,3,3,0,119,80,39,3,3,0,122,83,39,2021
621110,"Widerstand gegen Vollstreckungsbeamte und gleichstehende Personen    113, 115 StGB",11000000,Berlin,voll.,6211,5410,801,0,0,0,0,0,0,0,0,0,0,0,0,75,59,16,6092,5308,784,44,43,1,6136,5351,785,2021
621110,"Widerstand gegen Vollstreckungsbeamte und gleichstehende Personen    113, 115 StGB",11000000,Berlin,vers.,0,0,0,0,0,0,0,0,0,0,0,0,0,0,0,0,0,0,0,0,0,0,0,0,0,0,0,2021
621110,"Widerstand gegen Vollstreckungsbeamte und gleichstehende Personen    113, 115 StGB",11000000,Berlin,insg.,6211,5410,801,0,0,0,0,0,0,0,0,0,0,0,0,75,59,16,6092,5308,784,44,43,1,6136,5351,785,2021
621110,"Widerstand gegen Vollstreckungsbeamte und gleichstehende Personen    113, 115 StGB",5711000,Bielefeld,voll.,225,170,55,0,0,0,0,0,0,0,0,0,1,0,1,1,1,0,202,156,46,21,13,8,223,169,54,2021
621110,"Widerstand gegen Vollstreckungsbeamte und gleichstehende Personen    113, 115 StGB",5711000,Bielefeld,vers.,0,0,0,0,0,0,0,0,0,0,0,0,0,0,0,0,0,0,0,0,0,0,0,0,0,0,0,2021
621110,"Widerstand gegen Vollstreckungsbeamte und gleichstehende Personen    113, 115 StGB",5711000,Bielefeld,insg.,225,170,55,0,0,0,0,0,0,0,0,0,1,0,1,1,1,0,202,156,46,21,13,8,223,169,54,2021
621110,"Widerstand gegen Vollstreckungsbeamte und gleichstehende Personen    113, 115 StGB",5911000,Bochum,voll.,430,335,95,0,0,0,0,0,0,0,0,0,0,0,0,3,2,1,427,333,94,0,0,0,427,333,94,2021
621110,"Widerstand gegen Vollstreckungsbeamte und gleichstehende Personen    113, 115 StGB",5911000,Bochum,vers.,0,0,0,0,0,0,0,0,0,0,0,0,0,0,0,0,0,0,0,0,0,0,0,0,0,0,0,2021
621110,"Widerstand gegen Vollstreckungsbeamte und gleichstehende Personen    113, 115 StGB",5911000,Bochum,insg.,430,335,95,0,0,0,0,0,0,0,0,0,0,0,0,3,2,1,427,333,94,0,0,0,427,333,94,2021
621110,"Widerstand gegen Vollstreckungsbeamte und gleichstehende Personen    113, 115 StGB",5314000,Bonn,voll.,409,304,105,0,0,0,0,0,0,0,0,0,0,0,0,2,2,0,403,298,105,4,4,0,407,302,105,2021
621110,"Widerstand gegen Vollstreckungsbeamte und gleichstehende Personen    113, 115 StGB",5314000,Bonn,vers.,0,0,0,0,0,0,0,0,0,0,0,0,0,0,0,0,0,0,0,0,0,0,0,0,0,0,0,2021
621110,"Widerstand gegen Vollstreckungsbeamte und gleichstehende Personen    113, 115 StGB",5314000,Bonn,insg.,409,304,105,0,0,0,0,0,0,0,0,0,0,0,0,2,2,0,403,298,105,4,4,0,407,302,105,2021
621110,"Widerstand gegen Vollstreckungsbeamte und gleichstehende Personen    113, 115 StGB",5512000,Bottrop,voll.,75,52,23,0,0,0,0,0,0,0,0,0,0,0,0,1,1,0,72,50,22,2,1,1,74,51,23,2021
621110,"Widerstand gegen Vollstreckungsbeamte und gleichstehende Personen    113, 115 StGB",5512000,Bottrop,vers.,0,0,0,0,0,0,0,0,0,0,0,0,0,0,0,0,0,0,0,0,0,0,0,0,0,0,0,2021
621110,"Widerstand gegen Vollstreckungsbeamte und gleichstehende Personen    113, 115 StGB",5512000,Bottrop,insg.,75,52,23,0,0,0,0,0,0,0,0,0,0,0,0,1,1,0,72,50,22,2,1,1,74,51,23,2021
621110,"Widerstand gegen Vollstreckungsbeamte und gleichstehende Personen    113, 115 StGB",3101000,Braunschweig,voll.,316,251,65,0,0,0,0,0,0,0,0,0,0,0,0,10,9,1,300,236,64,6,6,0,306,242,64,2021
621110,"Widerstand gegen Vollstreckungsbeamte und gleichstehende Personen    113, 115 StGB",3101000,Braunschweig,vers.,0,0,0,0,0,0,0,0,0,0,0,0,0,0,0,0,0,0,0,0,0,0,0,0,0,0,0,2021
621110,"Widerstand gegen Vollstreckungsbeamte und gleichstehende Personen    113, 115 StGB",3101000,Braunschweig,insg.,316,251,65,0,0,0,0,0,0,0,0,0,0,0,0,10,9,1,300,236,64,6,6,0,306,242,64,2021
621110,"Widerstand gegen Vollstreckungsbeamte und gleichstehende Personen    113, 115 StGB",4011000,Bremen,voll.,699,551,148,0,0,0,0,0,0,0,0,0,0,0,0,5,3,2,688,542,146,6,6,0,694,548,146,2021
621110,"Widerstand gegen Vollstreckungsbeamte und gleichstehende Personen    113, 115 StGB",4011000,Bremen,vers.,0,0,0,0,0,0,0,0,0,0,0,0,0,0,0,0,0,0,0,0,0,0,0,0,0,0,0,2021
621110,"Widerstand gegen Vollstreckungsbeamte und gleichstehende Personen    113, 115 StGB",4011000,Bremen,insg.,699,551,148,0,0,0,0,0,0,0,0,0,0,0,0,5,3,2,688,542,146,6,6,0,694,548,146,2021
621110,"Widerstand gegen Vollstreckungsbeamte und gleichstehende Personen    113, 115 StGB",4012000,Bremerhaven,voll.,196,139,57,0,0,0,0,0,0,0,0,0,0,0,0,4,3,1,192,136,56,0,0,0,192,136,56,2021
621110,"Widerstand gegen Vollstreckungsbeamte und gleichstehende Personen    113, 115 StGB",4012000,Bremerhaven,vers.,0,0,0,0,0,0,0,0,0,0,0,0,0,0,0,0,0,0,0,0,0,0,0,0,0,0,0,2021
621110,"Widerstand gegen Vollstreckungsbeamte und gleichstehende Personen    113, 115 StGB",4012000,Bremerhaven,insg.,196,139,57,0,0,0,0,0,0,0,0,0,0,0,0,4,3,1,192,136,56,0,0,0,192,136,56,2021
621110,"Widerstand gegen Vollstreckungsbeamte und gleichstehende Personen    113, 115 StGB",14511000,Chemnitz,voll.,202,175,27,0,0,0,0,0,0,0,0,0,0,0,0,1,0,1,200,174,26,1,1,0,201,175,26,2021
621110,"Widerstand gegen Vollstreckungsbeamte und gleichstehende Personen    113, 115 StGB",14511000,Chemnitz,vers.,0,0,0,0,0,0,0,0,0,0,0,0,0,0,0,0,0,0,0,0,0,0,0,0,0,0,0,2021
621110,"Widerstand gegen Vollstreckungsbeamte und gleichstehende Personen    113, 115 StGB",14511000,Chemnitz,insg.,202,175,27,0,0,0,0,0,0,0,0,0,0,0,0,1,0,1,200,174,26,1,1,0,201,175,26,2021
621110,"Widerstand gegen Vollstreckungsbeamte und gleichstehende Personen    113, 115 StGB",12052000,Cottbus,voll.,72,69,3,0,0,0,0,0,0,0,0,0,0,0,0,1,1,0,67,64,3,4,4,0,71,68,3,2021
621110,"Widerstand gegen Vollstreckungsbeamte und gleichstehende Personen    113, 115 StGB",12052000,Cottbus,vers.,0,0,0,0,0,0,0,0,0,0,0,0,0,0,0,0,0,0,0,0,0,0,0,0,0,0,0,2021
621110,"Widerstand gegen Vollstreckungsbeamte und gleichstehende Personen    113, 115 StGB",12052000,Cottbus,insg.,72,69,3,0,0,0,0,0,0,0,0,0,0,0,0,1,1,0,67,64,3,4,4,0,71,68,3,2021
621110,"Widerstand gegen Vollstreckungsbeamte und gleichstehende Personen    113, 115 StGB",6411000,Darmstadt,voll.,80,71,9,0,0,0,0,0,0,0,0,0,0,0,0,0,0,0,80,71,9,0,0,0,80,71,9,2021
621110,"Widerstand gegen Vollstreckungsbeamte und gleichstehende Personen    113, 115 StGB",6411000,Darmstadt,vers.,0,0,0,0,0,0,0,0,0,0,0,0,0,0,0,0,0,0,0,0,0,0,0,0,0,0,0,2021
621110,"Widerstand gegen Vollstreckungsbeamte und gleichstehende Personen    113, 115 StGB",6411000,Darmstadt,insg.,80,71,9,0,0,0,0,0,0,0,0,0,0,0,0,0,0,0,80,71,9,0,0,0,80,71,9,2021
621110,"Widerstand gegen Vollstreckungsbeamte und gleichstehende Personen    113, 115 StGB",5913000,Dortmund,voll.,708,537,171,0,0,0,0,0,0,0,0,0,0,0,0,20,18,2,682,513,169,6,6,0,688,519,169,2021
621110,"Widerstand gegen Vollstreckungsbeamte und gleichstehende Personen    113, 115 StGB",5913000,Dortmund,vers.,0,0,0,0,0,0,0,0,0,0,0,0,0,0,0,0,0,0,0,0,0,0,0,0,0,0,0,2021
621110,"Widerstand gegen Vollstreckungsbeamte und gleichstehende Personen    113, 115 StGB",5913000,Dortmund,insg.,708,537,171,0,0,0,0,0,0,0,0,0,0,0,0,20,18,2,682,513,169,6,6,0,688,519,169,2021
621110,"Widerstand gegen Vollstreckungsbeamte und gleichstehende Personen    113, 115 StGB",14612000,Dresden,voll.,398,323,75,0,0,0,0,0,0,0,0,0,0,0,0,4,2,2,393,320,73,1,1,0,394,321,73,2021
621110,"Widerstand gegen Vollstreckungsbeamte und gleichstehende Personen    113, 115 StGB",14612000,Dresden,vers.,0,0,0,0,0,0,0,0,0,0,0,0,0,0,0,0,0,0,0,0,0,0,0,0,0,0,0,2021
621110,"Widerstand gegen Vollstreckungsbeamte und gleichstehende Personen    113, 115 StGB",14612000,Dresden,insg.,398,323,75,0,0,0,0,0,0,0,0,0,0,0,0,4,2,2,393,320,73,1,1,0,394,321,73,2021
621110,"Widerstand gegen Vollstreckungsbeamte und gleichstehende Personen    113, 115 StGB",5112000,Duisburg,voll.,511,363,148,1,1,0,2,1,1,3,2,1,0,0,0,10,5,5,487,350,137,11,6,5,498,356,142,2021
621110,"Widerstand gegen Vollstreckungsbeamte und gleichstehende Personen    113, 115 StGB",5112000,Duisburg,vers.,0,0,0,0,0,0,0,0,0,0,0,0,0,0,0,0,0,0,0,0,0,0,0,0,0,0,0,2021
621110,"Widerstand gegen Vollstreckungsbeamte und gleichstehende Personen    113, 115 StGB",5112000,Duisburg,insg.,511,363,148,1,1,0,2,1,1,3,2,1,0,0,0,10,5,5,487,350,137,11,6,5,498,356,142,2021
621110,"Widerstand gegen Vollstreckungsbeamte und gleichstehende Personen    113, 115 StGB",5111000,D sseldorf,voll.,720,597,123,0,0,0,0,0,0,0,0,0,0,0,0,8,5,3,706,586,120,6,6,0,712,592,120,2021
621110,"Widerstand gegen Vollstreckungsbeamte und gleichstehende Personen    113, 115 StGB",5111000,D sseldorf,vers.,0,0,0,0,0,0,0,0,0,0,0,0,0,0,0,0,0,0,0,0,0,0,0,0,0,0,0,2021
621110,"Widerstand gegen Vollstreckungsbeamte und gleichstehende Personen    113, 115 StGB",5111000,D sseldorf,insg.,720,597,123,0,0,0,0,0,0,0,0,0,0,0,0,8,5,3,706,586,120,6,6,0,712,592,120,2021
621110,"Widerstand gegen Vollstreckungsbeamte und gleichstehende Personen    113, 115 StGB",16051000,Erfurt,voll.,297,271,26,0,0,0,0,0,0,0,0,0,0,0,0,6,5,1,291,266,25,0,0,0,291,266,25,2021
621110,"Widerstand gegen Vollstreckungsbeamte und gleichstehende Personen    113, 115 StGB",16051000,Erfurt,vers.,0,0,0,0,0,0,0,0,0,0,0,0,0,0,0,0,0,0,0,0,0,0,0,0,0,0,0,2021
621110,"Widerstand gegen Vollstreckungsbeamte und gleichstehende Personen    113, 115 StGB",16051000,Erfurt,insg.,297,271,26,0,0,0,0,0,0,0,0,0,0,0,0,6,5,1,291,266,25,0,0,0,291,266,25,2021
621110,"Widerstand gegen Vollstreckungsbeamte und gleichstehende Personen    113, 115 StGB",9562000,Erlangen,voll.,42,38,4,0,0,0,0,0,0,0,0,0,0,0,0,0,0,0,42,38,4,0,0,0,42,38,4,2021
621110,"Widerstand gegen Vollstreckungsbeamte und gleichstehende Personen    113, 115 StGB",9562000,Erlangen,vers.,0,0,0,0,0,0,0,0,0,0,0,0,0,0,0,0,0,0,0,0,0,0,0,0,0,0,0,2021
621110,"Widerstand gegen Vollstreckungsbeamte und gleichstehende Personen    113, 115 StGB",9562000,Erlangen,insg.,42,38,4,0,0,0,0,0,0,0,0,0,0,0,0,0,0,0,42,38,4,0,0,0,42,38,4,2021
621110,"Widerstand gegen Vollstreckungsbeamte und gleichstehende Personen    113, 115 StGB",5113000,Essen,voll.,514,409,105,0,0,0,0,0,0,0,0,0,0,0,0,14,10,4,496,396,100,4,3,1,500,399,101,2021
621110,"Widerstand gegen Vollstreckungsbeamte und gleichstehende Personen    113, 115 StGB",5113000,Essen,vers.,0,0,0,0,0,0,0,0,0,0,0,0,0,0,0,0,0,0,0,0,0,0,0,0,0,0,0,2021
621110,"Widerstand gegen Vollstreckungsbeamte und gleichstehende Personen    113, 115 StGB",5113000,Essen,insg.,514,409,105,0,0,0,0,0,0,0,0,0,0,0,0,14,10,4,496,396,100,4,3,1,500,399,101,2021
621110,"Widerstand gegen Vollstreckungsbeamte und gleichstehende Personen    113, 115 StGB",6412000,Frankfurt am Main,voll.,693,578,115,0,0,0,0,0,0,0,0,0,0,0,0,16,13,3,676,564,112,1,1,0,677,565,112,2021
621110,"Widerstand gegen Vollstreckungsbeamte und gleichstehende Personen    113, 115 StGB",6412000,Frankfurt am Main,vers.,0,0,0,0,0,0,0,0,0,0,0,0,0,0,0,0,0,0,0,0,0,0,0,0,0,0,0,2021
621110,"Widerstand gegen Vollstreckungsbeamte und gleichstehende Personen    113, 115 StGB",6412000,Frankfurt am Main,insg.,693,578,115,0,0,0,0,0,0,0,0,0,0,0,0,16,13,3,676,564,112,1,1,0,677,565,112,2021
621110,"Widerstand gegen Vollstreckungsbeamte und gleichstehende Personen    113, 115 StGB",8311000,Freiburg im Breisgau,voll.,377,320,57,0,0,0,0,0,0,0,0,0,0,0,0,12,10,2,365,310,55,0,0,0,365,310,55,2021
621110,"Widerstand gegen Vollstreckungsbeamte und gleichstehende Personen    113, 115 StGB",8311000,Freiburg im Breisgau,vers.,0,0,0,0,0,0,0,0,0,0,0,0,0,0,0,0,0,0,0,0,0,0,0,0,0,0,0,2021
621110,"Widerstand gegen Vollstreckungsbeamte und gleichstehende Personen    113, 115 StGB",8311000,Freiburg im Breisgau,insg.,377,320,57,0,0,0,0,0,0,0,0,0,0,0,0,12,10,2,365,310,55,0,0,0,365,310,55,2021
621110,"Widerstand gegen Vollstreckungsbeamte und gleichstehende Personen    113, 115 StGB",9563000,F rth,voll.,46,41,5,0,0,0,0,0,0,0,0,0,0,0,0,0,0,0,46,41,5,0,0,0,46,41,5,2021
621110,"Widerstand gegen Vollstreckungsbeamte und gleichstehende Personen    113, 115 StGB",9563000,F rth,vers.,0,0,0,0,0,0,0,0,0,0,0,0,0,0,0,0,0,0,0,0,0,0,0,0,0,0,0,2021
621110,"Widerstand gegen Vollstreckungsbeamte und gleichstehende Personen    113, 115 StGB",9563000,F rth,insg.,46,41,5,0,0,0,0,0,0,0,0,0,0,0,0,0,0,0,46,41,5,0,0,0,46,41,5,2021
621110,"Widerstand gegen Vollstreckungsbeamte und gleichstehende Personen    113, 115 StGB",5513000,Gelsenkirchen,voll.,265,200,65,0,0,0,0,0,0,0,0,0,0,0,0,4,2,2,260,198,62,1,0,1,261,198,63,2021
621110,"Widerstand gegen Vollstreckungsbeamte und gleichstehende Personen    113, 115 StGB",5513000,Gelsenkirchen,vers.,0,0,0,0,0,0,0,0,0,0,0,0,0,0,0,0,0,0,0,0,0,0,0,0,0,0,0,2021
621110,"Widerstand gegen Vollstreckungsbeamte und gleichstehende Personen    113, 115 StGB",5513000,Gelsenkirchen,insg.,265,200,65,0,0,0,0,0,0,0,0,0,0,0,0,4,2,2,260,198,62,1,0,1,261,198,63,2021
621110,"Widerstand gegen Vollstreckungsbeamte und gleichstehende Personen    113, 115 StGB",3159016,G ttingen,voll.,151,115,36,0,0,0,0,0,0,0,0,0,0,0,0,3,1,2,147,113,34,1,1,0,148,114,34,2021
621110,"Widerstand gegen Vollstreckungsbeamte und gleichstehende Personen    113, 115 StGB",3159016,G ttingen,vers.,0,0,0,0,0,0,0,0,0,0,0,0,0,0,0,0,0,0,0,0,0,0,0,0,0,0,0,2021
621110,"Widerstand gegen Vollstreckungsbeamte und gleichstehende Personen    113, 115 StGB",3159016,G ttingen,insg.,151,115,36,0,0,0,0,0,0,0,0,0,0,0,0,3,1,2,147,113,34,1,1,0,148,114,34,2021
621110,"Widerstand gegen Vollstreckungsbeamte und gleichstehende Personen    113, 115 StGB",5754008,G tersloh,voll.,212,150,62,0,0,0,0,0,0,0,0,0,0,0,0,3,1,2,206,147,59,3,2,1,209,149,60,2021
621110,"Widerstand gegen Vollstreckungsbeamte und gleichstehende Personen    113, 115 StGB",5754008,G tersloh,vers.,0,0,0,0,0,0,0,0,0,0,0,0,0,0,0,0,0,0,0,0,0,0,0,0,0,0,0,2021
621110,"Widerstand gegen Vollstreckungsbeamte und gleichstehende Personen    113, 115 StGB",5754008,G tersloh,insg.,212,150,62,0,0,0,0,0,0,0,0,0,0,0,0,3,1,2,206,147,59,3,2,1,209,149,60,2021
621110,"Widerstand gegen Vollstreckungsbeamte und gleichstehende Personen    113, 115 StGB",5914000,Hagen,voll.,278,192,86,0,0,0,0,0,0,0,0,0,0,0,0,4,2,2,271,188,83,3,2,1,274,190,84,2021
621110,"Widerstand gegen Vollstreckungsbeamte und gleichstehende Personen    113, 115 StGB",5914000,Hagen,vers.,0,0,0,0,0,0,0,0,0,0,0,0,0,0,0,0,0,0,0,0,0,0,0,0,0,0,0,2021
621110,"Widerstand gegen Vollstreckungsbeamte und gleichstehende Personen    113, 115 StGB",5914000,Hagen,insg.,278,192,86,0,0,0,0,0,0,0,0,0,0,0,0,4,2,2,271,188,83,3,2,1,274,190,84,2021
621110,"Widerstand gegen Vollstreckungsbeamte und gleichstehende Personen    113, 115 StGB",15002000,Halle (Saale),voll.,260,216,44,0,0,0,0,0,0,0,0,0,0,0,0,13,9,4,246,206,40,1,1,0,247,207,40,2021
621110,"Widerstand gegen Vollstreckungsbeamte und gleichstehende Personen    113, 115 StGB",15002000,Halle (Saale),vers.,0,0,0,0,0,0,0,0,0,0,0,0,0,0,0,0,0,0,0,0,0,0,0,0,0,0,0,2021
621110,"Widerstand gegen Vollstreckungsbeamte und gleichstehende Personen    113, 115 StGB",15002000,Halle (Saale),insg.,260,216,44,0,0,0,0,0,0,0,0,0,0,0,0,13,9,4,246,206,40,1,1,0,247,207,40,2021
621110,"Widerstand gegen Vollstreckungsbeamte und gleichstehende Personen    113, 115 StGB",2000000,Hamburg,voll.,1014,834,180,0,0,0,0,0,0,0,0,0,0,0,0,25,22,3,988,811,177,1,1,0,989,812,177,2021
621110,"Widerstand gegen Vollstreckungsbeamte und gleichstehende Personen    113, 115 StGB",2000000,Hamburg,vers.,0,0,0,0,0,0,0,0,0,0,0,0,0,0,0,0,0,0,0,0,0,0,0,0,0,0,0,2021
621110,"Widerstand gegen Vollstreckungsbeamte und gleichstehende Personen    113, 115 StGB",2000000,Hamburg,insg.,1014,834,180,0,0,0,0,0,0,0,0,0,0,0,0,25,22,3,988,811,177,1,1,0,989,812,177,2021
621110,"Widerstand gegen Vollstreckungsbeamte und gleichstehende Personen    113, 115 StGB",5915000,Hamm,voll.,203,159,44,1,1,0,1,0,1,2,1,1,0,0,0,5,4,1,195,154,41,1,0,1,196,154,42,2021
621110,"Widerstand gegen Vollstreckungsbeamte und gleichstehende Personen    113, 115 StGB",5915000,Hamm,vers.,0,0,0,0,0,0,0,0,0,0,0,0,0,0,0,0,0,0,0,0,0,0,0,0,0,0,0,2021
621110,"Widerstand gegen Vollstreckungsbeamte und gleichstehende Personen    113, 115 StGB",5915000,Hamm,insg.,203,159,44,1,1,0,1,0,1,2,1,1,0,0,0,5,4,1,195,154,41,1,0,1,196,154,42,2021
621110,"Widerstand gegen Vollstreckungsbeamte und gleichstehende Personen    113, 115 StGB",3241001,Hannover,voll.,798,627,171,0,0,0,0,0,0,0,0,0,0,0,0,17,11,6,778,614,164,3,2,1,781,616,165,2021
621110,"Widerstand gegen Vollstreckungsbeamte und gleichstehende Personen    113, 115 StGB",3241001,Hannover,vers.,0,0,0,0,0,0,0,0,0,0,0,0,0,0,0,0,0,0,0,0,0,0,0,0,0,0,0,2021
621110,"Widerstand gegen Vollstreckungsbeamte und gleichstehende Personen    113, 115 StGB",3241001,Hannover,insg.,798,627,171,0,0,0,0,0,0,0,0,0,0,0,0,17,11,6,778,614,164,3,2,1,781,616,165,2021
621110,"Widerstand gegen Vollstreckungsbeamte und gleichstehende Personen    113, 115 StGB",8221000,Heidelberg,voll.,112,86,26,0,0,0,0,0,0,0,0,0,0,0,0,6,5,1,106,81,25,0,0,0,106,81,25,2021
621110,"Widerstand gegen Vollstreckungsbeamte und gleichstehende Personen    113, 115 StGB",8221000,Heidelberg,vers.,0,0,0,0,0,0,0,0,0,0,0,0,0,0,0,0,0,0,0,0,0,0,0,0,0,0,0,2021
621110,"Widerstand gegen Vollstreckungsbeamte und gleichstehende Personen    113, 115 StGB",8221000,Heidelberg,insg.,112,86,26,0,0,0,0,0,0,0,0,0,0,0,0,6,5,1,106,81,25,0,0,0,106,81,25,2021
621110,"Widerstand gegen Vollstreckungsbeamte und gleichstehende Personen    113, 115 StGB",8121000,Heilbronn,voll.,50,38,12,0,0,0,0,0,0,0,0,0,0,0,0,0,0,0,50,38,12,0,0,0,50,38,12,2021
621110,"Widerstand gegen Vollstreckungsbeamte und gleichstehende Personen    113, 115 StGB",8121000,Heilbronn,vers.,0,0,0,0,0,0,0,0,0,0,0,0,0,0,0,0,0,0,0,0,0,0,0,0,0,0,0,2021
621110,"Widerstand gegen Vollstreckungsbeamte und gleichstehende Personen    113, 115 StGB",8121000,Heilbronn,insg.,50,38,12,0,0,0,0,0,0,0,0,0,0,0,0,0,0,0,50,38,12,0,0,0,50,38,12,2021
621110,"Widerstand gegen Vollstreckungsbeamte und gleichstehende Personen    113, 115 StGB",5916000,Herne,voll.,144,111,33,0,0,0,0,0,0,0,0,0,0,0,0,1,0,1,141,109,32,2,2,0,143,111,32,2021
621110,"Widerstand gegen Vollstreckungsbeamte und gleichstehende Personen    113, 115 StGB",5916000,Herne,vers.,0,0,0,0,0,0,0,0,0,0,0,0,0,0,0,0,0,0,0,0,0,0,0,0,0,0,0,2021
621110,"Widerstand gegen Vollstreckungsbeamte und gleichstehende Personen    113, 115 StGB",5916000,Herne,insg.,144,111,33,0,0,0,0,0,0,0,0,0,0,0,0,1,0,1,141,109,32,2,2,0,143,111,32,2021
621110,"Widerstand gegen Vollstreckungsbeamte und gleichstehende Personen    113, 115 StGB",3254021,Hildesheim,voll.,86,62,24,0,0,0,0,0,0,0,0,0,0,0,0,1,1,0,85,61,24,0,0,0,85,61,24,2021
621110,"Widerstand gegen Vollstreckungsbeamte und gleichstehende Personen    113, 115 StGB",3254021,Hildesheim,vers.,0,0,0,0,0,0,0,0,0,0,0,0,0,0,0,0,0,0,0,0,0,0,0,0,0,0,0,2021
621110,"Widerstand gegen Vollstreckungsbeamte und gleichstehende Personen    113, 115 StGB",3254021,Hildesheim,insg.,86,62,24,0,0,0,0,0,0,0,0,0,0,0,0,1,1,0,85,61,24,0,0,0,85,61,24,2021
621110,"Widerstand gegen Vollstreckungsbeamte und gleichstehende Personen    113, 115 StGB",9161000,Ingolstadt,voll.,115,89,26,0,0,0,0,0,0,0,0,0,0,0,0,3,2,1,112,87,25,0,0,0,112,87,25,2021
621110,"Widerstand gegen Vollstreckungsbeamte und gleichstehende Personen    113, 115 StGB",9161000,Ingolstadt,vers.,0,0,0,0,0,0,0,0,0,0,0,0,0,0,0,0,0,0,0,0,0,0,0,0,0,0,0,2021
621110,"Widerstand gegen Vollstreckungsbeamte und gleichstehende Personen    113, 115 StGB",9161000,Ingolstadt,insg.,115,89,26,0,0,0,0,0,0,0,0,0,0,0,0,3,2,1,112,87,25,0,0,0,112,87,25,2021
621110,"Widerstand gegen Vollstreckungsbeamte und gleichstehende Personen    113, 115 StGB",16053000,Jena,voll.,74,69,5,0,0,0,0,0,0,0,0,0,0,0,0,2,2,0,72,67,5,0,0,0,72,67,5,2021
621110,"Widerstand gegen Vollstreckungsbeamte und gleichstehende Personen    113, 115 StGB",16053000,Jena,vers.,0,0,0,0,0,0,0,0,0,0,0,0,0,0,0,0,0,0,0,0,0,0,0,0,0,0,0,2021
621110,"Widerstand gegen Vollstreckungsbeamte und gleichstehende Personen    113, 115 StGB",16053000,Jena,insg.,74,69,5,0,0,0,0,0,0,0,0,0,0,0,0,2,2,0,72,67,5,0,0,0,72,67,5,2021
621110,"Widerstand gegen Vollstreckungsbeamte und gleichstehende Personen    113, 115 StGB",7312000,Kaiserslautern,voll.,119,95,24,0,0,0,0,0,0,0,0,0,0,0,0,0,0,0,118,95,23,1,0,1,119,95,24,2021
621110,"Widerstand gegen Vollstreckungsbeamte und gleichstehende Personen    113, 115 StGB",7312000,Kaiserslautern,vers.,0,0,0,0,0,0,0,0,0,0,0,0,0,0,0,0,0,0,0,0,0,0,0,0,0,0,0,2021
621110,"Widerstand gegen Vollstreckungsbeamte und gleichstehende Personen    113, 115 StGB",7312000,Kaiserslautern,insg.,119,95,24,0,0,0,0,0,0,0,0,0,0,0,0,0,0,0,118,95,23,1,0,1,119,95,24,2021
621110,"Widerstand gegen Vollstreckungsbeamte und gleichstehende Personen    113, 115 StGB",8212000,Karlsruhe,voll.,177,146,31,0,0,0,0,0,0,0,0,0,0,0,0,3,2,1,172,142,30,2,2,0,174,144,30,2021
621110,"Widerstand gegen Vollstreckungsbeamte und gleichstehende Personen    113, 115 StGB",8212000,Karlsruhe,vers.,0,0,0,0,0,0,0,0,0,0,0,0,0,0,0,0,0,0,0,0,0,0,0,0,0,0,0,2021
621110,"Widerstand gegen Vollstreckungsbeamte und gleichstehende Personen    113, 115 StGB",8212000,Karlsruhe,insg.,177,146,31,0,0,0,0,0,0,0,0,0,0,0,0,3,2,1,172,142,30,2,2,0,174,144,30,2021
621110,"Widerstand gegen Vollstreckungsbeamte und gleichstehende Personen    113, 115 StGB",6611000,Kassel,voll.,235,201,34,0,0,0,0,0,0,0,0,0,0,0,0,29,25,4,205,175,30,1,1,0,206,176,30,2021
621110,"Widerstand gegen Vollstreckungsbeamte und gleichstehende Personen    113, 115 StGB",6611000,Kassel,vers.,0,0,0,0,0,0,0,0,0,0,0,0,0,0,0,0,0,0,0,0,0,0,0,0,0,0,0,2021
621110,"Widerstand gegen Vollstreckungsbeamte und gleichstehende Personen    113, 115 StGB",6611000,Kassel,insg.,235,201,34,0,0,0,0,0,0,0,0,0,0,0,0,29,25,4,205,175,30,1,1,0,206,176,30,2021
621110,"Widerstand gegen Vollstreckungsbeamte und gleichstehende Personen    113, 115 StGB",1002000,Kiel,voll.,148,111,37,0,0,0,0,0,0,0,0,0,0,0,0,5,3,2,143,108,35,0,0,0,143,108,35,2021
621110,"Widerstand gegen Vollstreckungsbeamte und gleichstehende Personen    113, 115 StGB",1002000,Kiel,vers.,0,0,0,0,0,0,0,0,0,0,0,0,0,0,0,0,0,0,0,0,0,0,0,0,0,0,0,2021
621110,"Widerstand gegen Vollstreckungsbeamte und gleichstehende Personen    113, 115 StGB",1002000,Kiel,insg.,148,111,37,0,0,0,0,0,0,0,0,0,0,0,0,5,3,2,143,108,35,0,0,0,143,108,35,2021
621110,"Widerstand gegen Vollstreckungsbeamte und gleichstehende Personen    113, 115 StGB",7111000,Koblenz,voll.,177,138,39,0,0,0,0,0,0,0,0,0,0,0,0,3,2,1,174,136,38,0,0,0,174,136,38,2021
621110,"Widerstand gegen Vollstreckungsbeamte und gleichstehende Personen    113, 115 StGB",7111000,Koblenz,vers.,0,0,0,0,0,0,0,0,0,0,0,0,0,0,0,0,0,0,0,0,0,0,0,0,0,0,0,2021
621110,"Widerstand gegen Vollstreckungsbeamte und gleichstehende Personen    113, 115 StGB",7111000,Koblenz,insg.,177,138,39,0,0,0,0,0,0,0,0,0,0,0,0,3,2,1,174,136,38,0,0,0,174,136,38,2021
621110,"Widerstand gegen Vollstreckungsbeamte und gleichstehende Personen    113, 115 StGB",5315000,K ln,voll.,1261,871,390,0,0,0,0,0,0,0,0,0,0,0,0,35,18,17,1218,845,373,8,8,0,1226,853,373,2021
621110,"Widerstand gegen Vollstreckungsbeamte und gleichstehende Personen    113, 115 StGB",5315000,K ln,vers.,0,0,0,0,0,0,0,0,0,0,0,0,0,0,0,0,0,0,0,0,0,0,0,0,0,0,0,2021
621110,"Widerstand gegen Vollstreckungsbeamte und gleichstehende Personen    113, 115 StGB",5315000,K ln,insg.,1261,871,390,0,0,0,0,0,0,0,0,0,0,0,0,35,18,17,1218,845,373,8,8,0,1226,853,373,2021
621110,"Widerstand gegen Vollstreckungsbeamte und gleichstehende Personen    113, 115 StGB",5114000,Krefeld,voll.,161,113,48,0,0,0,0,0,0,0,0,0,0,0,0,1,1,0,159,111,48,1,1,0,160,112,48,2021
621110,"Widerstand gegen Vollstreckungsbeamte und gleichstehende Personen    113, 115 StGB",5114000,Krefeld,vers.,0,0,0,0,0,0,0,0,0,0,0,0,0,0,0,0,0,0,0,0,0,0,0,0,0,0,0,2021
621110,"Widerstand gegen Vollstreckungsbeamte und gleichstehende Personen    113, 115 StGB",5114000,Krefeld,insg.,161,113,48,0,0,0,0,0,0,0,0,0,0,0,0,1,1,0,159,111,48,1,1,0,160,112,48,2021
621110,"Widerstand gegen Vollstreckungsbeamte und gleichstehende Personen    113, 115 StGB",14713000,Leipzig,voll.,669,562,107,0,0,0,0,0,0,0,0,0,0,0,0,14,6,8,651,552,99,4,4,0,655,556,99,2021
621110,"Widerstand gegen Vollstreckungsbeamte und gleichstehende Personen    113, 115 StGB",14713000,Leipzig,vers.,0,0,0,0,0,0,0,0,0,0,0,0,0,0,0,0,0,0,0,0,0,0,0,0,0,0,0,2021
621110,"Widerstand gegen Vollstreckungsbeamte und gleichstehende Personen    113, 115 StGB",14713000,Leipzig,insg.,669,562,107,0,0,0,0,0,0,0,0,0,0,0,0,14,6,8,651,552,99,4,4,0,655,556,99,2021
621110,"Widerstand gegen Vollstreckungsbeamte und gleichstehende Personen    113, 115 StGB",5316000,Leverkusen,voll.,86,56,30,0,0,0,0,0,0,0,0,0,0,0,0,4,2,2,82,54,28,0,0,0,82,54,28,2021
621110,"Widerstand gegen Vollstreckungsbeamte und gleichstehende Personen    113, 115 StGB",5316000,Leverkusen,vers.,0,0,0,0,0,0,0,0,0,0,0,0,0,0,0,0,0,0,0,0,0,0,0,0,0,0,0,2021
621110,"Widerstand gegen Vollstreckungsbeamte und gleichstehende Personen    113, 115 StGB",5316000,Leverkusen,insg.,86,56,30,0,0,0,0,0,0,0,0,0,0,0,0,4,2,2,82,54,28,0,0,0,82,54,28,2021
621110,"Widerstand gegen Vollstreckungsbeamte und gleichstehende Personen    113, 115 StGB",1003000,L beck,voll.,296,235,61,0,0,0,0,0,0,0,0,0,0,0,0,10,8,2,286,227,59,0,0,0,286,227,59,2021
621110,"Widerstand gegen Vollstreckungsbeamte und gleichstehende Personen    113, 115 StGB",1003000,L beck,vers.,0,0,0,0,0,0,0,0,0,0,0,0,0,0,0,0,0,0,0,0,0,0,0,0,0,0,0,2021
621110,"Widerstand gegen Vollstreckungsbeamte und gleichstehende Personen    113, 115 StGB",1003000,L beck,insg.,296,235,61,0,0,0,0,0,0,0,0,0,0,0,0,10,8,2,286,227,59,0,0,0,286,227,59,2021
621110,"Widerstand gegen Vollstreckungsbeamte und gleichstehende Personen    113, 115 StGB",7314000,Ludwigshafen am Rhein,voll.,124,101,23,0,0,0,0,0,0,0,0,0,0,0,0,0,0,0,124,101,23,0,0,0,124,101,23,2021
621110,"Widerstand gegen Vollstreckungsbeamte und gleichstehende Personen    113, 115 StGB",7314000,Ludwigshafen am Rhein,vers.,0,0,0,0,0,0,0,0,0,0,0,0,0,0,0,0,0,0,0,0,0,0,0,0,0,0,0,2021
621110,"Widerstand gegen Vollstreckungsbeamte und gleichstehende Personen    113, 115 StGB",7314000,Ludwigshafen am Rhein,insg.,124,101,23,0,0,0,0,0,0,0,0,0,0,0,0,0,0,0,124,101,23,0,0,0,124,101,23,2021
621110,"Widerstand gegen Vollstreckungsbeamte und gleichstehende Personen    113, 115 StGB",15003000,Magdeburg,voll.,184,154,30,0,0,0,0,0,0,0,0,0,0,0,0,8,6,2,175,147,28,1,1,0,176,148,28,2021
621110,"Widerstand gegen Vollstreckungsbeamte und gleichstehende Personen    113, 115 StGB",15003000,Magdeburg,vers.,0,0,0,0,0,0,0,0,0,0,0,0,0,0,0,0,0,0,0,0,0,0,0,0,0,0,0,2021
621110,"Widerstand gegen Vollstreckungsbeamte und gleichstehende Personen    113, 115 StGB",15003000,Magdeburg,insg.,184,154,30,0,0,0,0,0,0,0,0,0,0,0,0,8,6,2,175,147,28,1,1,0,176,148,28,2021
621110,"Widerstand gegen Vollstreckungsbeamte und gleichstehende Personen    113, 115 StGB",7315000,Mainz,voll.,129,109,20,0,0,0,0,0,0,0,0,0,0,0,0,4,4,0,125,105,20,0,0,0,125,105,20,2021
621110,"Widerstand gegen Vollstreckungsbeamte und gleichstehende Personen    113, 115 StGB",7315000,Mainz,vers.,0,0,0,0,0,0,0,0,0,0,0,0,0,0,0,0,0,0,0,0,0,0,0,0,0,0,0,2021
621110,"Widerstand gegen Vollstreckungsbeamte und gleichstehende Personen    113, 115 StGB",7315000,Mainz,insg.,129,109,20,0,0,0,0,0,0,0,0,0,0,0,0,4,4,0,125,105,20,0,0,0,125,105,20,2021
621110,"Widerstand gegen Vollstreckungsbeamte und gleichstehende Personen    113, 115 StGB",8222000,Mannheim,voll.,126,113,13,0,0,0,0,0,0,0,0,0,0,0,0,4,4,0,120,107,13,2,2,0,122,109,13,2021
621110,"Widerstand gegen Vollstreckungsbeamte und gleichstehende Personen    113, 115 StGB",8222000,Mannheim,vers.,0,0,0,0,0,0,0,0,0,0,0,0,0,0,0,0,0,0,0,0,0,0,0,0,0,0,0,2021
621110,"Widerstand gegen Vollstreckungsbeamte und gleichstehende Personen    113, 115 StGB",8222000,Mannheim,insg.,126,113,13,0,0,0,0,0,0,0,0,0,0,0,0,4,4,0,120,107,13,2,2,0,122,109,13,2021
621110,"Widerstand gegen Vollstreckungsbeamte und gleichstehende Personen    113, 115 StGB",5170024,Moers,voll.,85,55,30,0,0,0,0,0,0,0,0,0,0,0,0,1,1,0,84,54,30,0,0,0,84,54,30,2021
621110,"Widerstand gegen Vollstreckungsbeamte und gleichstehende Personen    113, 115 StGB",5170024,Moers,vers.,0,0,0,0,0,0,0,0,0,0,0,0,0,0,0,0,0,0,0,0,0,0,0,0,0,0,0,2021
621110,"Widerstand gegen Vollstreckungsbeamte und gleichstehende Personen    113, 115 StGB",5170024,Moers,insg.,85,55,30,0,0,0,0,0,0,0,0,0,0,0,0,1,1,0,84,54,30,0,0,0,84,54,30,2021
621110,"Widerstand gegen Vollstreckungsbeamte und gleichstehende Personen    113, 115 StGB",5116000,M nchengladbach,voll.,340,230,110,0,0,0,0,0,0,0,0,0,0,0,0,5,5,0,326,216,110,9,9,0,335,225,110,2021
621110,"Widerstand gegen Vollstreckungsbeamte und gleichstehende Personen    113, 115 StGB",5116000,M nchengladbach,vers.,0,0,0,0,0,0,0,0,0,0,0,0,0,0,0,0,0,0,0,0,0,0,0,0,0,0,0,2021
621110,"Widerstand gegen Vollstreckungsbeamte und gleichstehende Personen    113, 115 StGB",5116000,M nchengladbach,insg.,340,230,110,0,0,0,0,0,0,0,0,0,0,0,0,5,5,0,326,216,110,9,9,0,335,225,110,2021
621110,"Widerstand gegen Vollstreckungsbeamte und gleichstehende Personen    113, 115 StGB",5117000,M lheim an der Ruhr,voll.,117,81,36,0,0,0,0,0,0,0,0,0,0,0,0,1,1,0,114,79,35,2,1,1,116,80,36,2021
621110,"Widerstand gegen Vollstreckungsbeamte und gleichstehende Personen    113, 115 StGB",5117000,M lheim an der Ruhr,vers.,0,0,0,0,0,0,0,0,0,0,0,0,0,0,0,0,0,0,0,0,0,0,0,0,0,0,0,2021
621110,"Widerstand gegen Vollstreckungsbeamte und gleichstehende Personen    113, 115 StGB",5117000,M lheim an der Ruhr,insg.,117,81,36,0,0,0,0,0,0,0,0,0,0,0,0,1,1,0,114,79,35,2,1,1,116,80,36,2021
621110,"Widerstand gegen Vollstreckungsbeamte und gleichstehende Personen    113, 115 StGB",9162000,M nchen,voll.,1008,826,182,0,0,0,0,0,0,0,0,0,1,0,1,27,20,7,978,805,173,2,1,1,980,806,174,2021
621110,"Widerstand gegen Vollstreckungsbeamte und gleichstehende Personen    113, 115 StGB",9162000,M nchen,vers.,0,0,0,0,0,0,0,0,0,0,0,0,0,0,0,0,0,0,0,0,0,0,0,0,0,0,0,2021
621110,"Widerstand gegen Vollstreckungsbeamte und gleichstehende Personen    113, 115 StGB",9162000,M nchen,insg.,1008,826,182,0,0,0,0,0,0,0,0,0,1,0,1,27,20,7,978,805,173,2,1,1,980,806,174,2021
621110,"Widerstand gegen Vollstreckungsbeamte und gleichstehende Personen    113, 115 StGB",5515000,M nster,voll.,387,318,69,0,0,0,0,0,0,0,0,0,1,1,0,11,9,2,367,301,66,8,7,1,375,308,67,2021
621110,"Widerstand gegen Vollstreckungsbeamte und gleichstehende Personen    113, 115 StGB",5515000,M nster,vers.,0,0,0,0,0,0,0,0,0,0,0,0,0,0,0,0,0,0,0,0,0,0,0,0,0,0,0,2021
621110,"Widerstand gegen Vollstreckungsbeamte und gleichstehende Personen    113, 115 StGB",5515000,M nster,insg.,387,318,69,0,0,0,0,0,0,0,0,0,1,1,0,11,9,2,367,301,66,8,7,1,375,308,67,2021
621110,"Widerstand gegen Vollstreckungsbeamte und gleichstehende Personen    113, 115 StGB",5162024,Neuss,voll.,107,72,35,0,0,0,0,0,0,0,0,0,1,1,0,3,3,0,102,67,35,1,1,0,103,68,35,2021
621110,"Widerstand gegen Vollstreckungsbeamte und gleichstehende Personen    113, 115 StGB",5162024,Neuss,vers.,0,0,0,0,0,0,0,0,0,0,0,0,0,0,0,0,0,0,0,0,0,0,0,0,0,0,0,2021
621110,"Widerstand gegen Vollstreckungsbeamte und gleichstehende Personen    113, 115 StGB",5162024,Neuss,insg.,107,72,35,0,0,0,0,0,0,0,0,0,1,1,0,3,3,0,102,67,35,1,1,0,103,68,35,2021
621110,"Widerstand gegen Vollstreckungsbeamte und gleichstehende Personen    113, 115 StGB",9564000,N rnberg,voll.,266,228,38,0,0,0,0,0,0,0,0,0,0,0,0,9,7,2,257,221,36,0,0,0,257,221,36,2021
621110,"Widerstand gegen Vollstreckungsbeamte und gleichstehende Personen    113, 115 StGB",9564000,N rnberg,vers.,0,0,0,0,0,0,0,0,0,0,0,0,0,0,0,0,0,0,0,0,0,0,0,0,0,0,0,2021
621110,"Widerstand gegen Vollstreckungsbeamte und gleichstehende Personen    113, 115 StGB",9564000,N rnberg,insg.,266,228,38,0,0,0,0,0,0,0,0,0,0,0,0,9,7,2,257,221,36,0,0,0,257,221,36,2021
621110,"Widerstand gegen Vollstreckungsbeamte und gleichstehende Personen    113, 115 StGB",5119000,Oberhausen,voll.,206,151,55,0,0,0,0,0,0,0,0,0,3,3,0,0,0,0,200,146,54,3,2,1,203,148,55,2021
621110,"Widerstand gegen Vollstreckungsbeamte und gleichstehende Personen    113, 115 StGB",5119000,Oberhausen,vers.,0,0,0,0,0,0,0,0,0,0,0,0,0,0,0,0,0,0,0,0,0,0,0,0,0,0,0,2021
621110,"Widerstand gegen Vollstreckungsbeamte und gleichstehende Personen    113, 115 StGB",5119000,Oberhausen,insg.,206,151,55,0,0,0,0,0,0,0,0,0,3,3,0,0,0,0,200,146,54,3,2,1,203,148,55,2021
621110,"Widerstand gegen Vollstreckungsbeamte und gleichstehende Personen    113, 115 StGB",6413000,Offenbach am Main,voll.,34,22,12,0,0,0,0,0,0,0,0,0,0,0,0,0,0,0,34,22,12,0,0,0,34,22,12,2021
621110,"Widerstand gegen Vollstreckungsbeamte und gleichstehende Personen    113, 115 StGB",6413000,Offenbach am Main,vers.,0,0,0,0,0,0,0,0,0,0,0,0,0,0,0,0,0,0,0,0,0,0,0,0,0,0,0,2021
621110,"Widerstand gegen Vollstreckungsbeamte und gleichstehende Personen    113, 115 StGB",6413000,Offenbach am Main,insg.,34,22,12,0,0,0,0,0,0,0,0,0,0,0,0,0,0,0,34,22,12,0,0,0,34,22,12,2021
621110,"Widerstand gegen Vollstreckungsbeamte und gleichstehende Personen    113, 115 StGB",3403000,Oldenburg (Oldenburg),voll.,105,85,20,0,0,0,0,0,0,0,0,0,0,0,0,2,2,0,102,82,20,1,1,0,103,83,20,2021
621110,"Widerstand gegen Vollstreckungsbeamte und gleichstehende Personen    113, 115 StGB",3403000,Oldenburg (Oldenburg),vers.,0,0,0,0,0,0,0,0,0,0,0,0,0,0,0,0,0,0,0,0,0,0,0,0,0,0,0,2021
621110,"Widerstand gegen Vollstreckungsbeamte und gleichstehende Personen    113, 115 StGB",3403000,Oldenburg (Oldenburg),insg.,105,85,20,0,0,0,0,0,0,0,0,0,0,0,0,2,2,0,102,82,20,1,1,0,103,83,20,2021
621110,"Widerstand gegen Vollstreckungsbeamte und gleichstehende Personen    113, 115 StGB",3404000,Osnabr ck,voll.,131,109,22,0,0,0,0,0,0,0,0,0,0,0,0,4,2,2,127,107,20,0,0,0,127,107,20,2021
621110,"Widerstand gegen Vollstreckungsbeamte und gleichstehende Personen    113, 115 StGB",3404000,Osnabr ck,vers.,0,0,0,0,0,0,0,0,0,0,0,0,0,0,0,0,0,0,0,0,0,0,0,0,0,0,0,2021
621110,"Widerstand gegen Vollstreckungsbeamte und gleichstehende Personen    113, 115 StGB",3404000,Osnabr ck,insg.,131,109,22,0,0,0,0,0,0,0,0,0,0,0,0,4,2,2,127,107,20,0,0,0,127,107,20,2021
621110,"Widerstand gegen Vollstreckungsbeamte und gleichstehende Personen    113, 115 StGB",5774032,Paderborn,voll.,137,106,31,0,0,0,0,0,0,0,0,0,0,0,0,2,2,0,134,103,31,1,1,0,135,104,31,2021
621110,"Widerstand gegen Vollstreckungsbeamte und gleichstehende Personen    113, 115 StGB",5774032,Paderborn,vers.,0,0,0,0,0,0,0,0,0,0,0,0,0,0,0,0,0,0,0,0,0,0,0,0,0,0,0,2021
621110,"Widerstand gegen Vollstreckungsbeamte und gleichstehende Personen    113, 115 StGB",5774032,Paderborn,insg.,137,106,31,0,0,0,0,0,0,0,0,0,0,0,0,2,2,0,134,103,31,1,1,0,135,104,31,2021
621110,"Widerstand gegen Vollstreckungsbeamte und gleichstehende Personen    113, 115 StGB",8231000,Pforzheim,voll.,58,49,9,0,0,0,0,0,0,0,0,0,0,0,0,0,0,0,57,48,9,1,1,0,58,49,9,2021
621110,"Widerstand gegen Vollstreckungsbeamte und gleichstehende Personen    113, 115 StGB",8231000,Pforzheim,vers.,0,0,0,0,0,0,0,0,0,0,0,0,0,0,0,0,0,0,0,0,0,0,0,0,0,0,0,2021
621110,"Widerstand gegen Vollstreckungsbeamte und gleichstehende Personen    113, 115 StGB",8231000,Pforzheim,insg.,58,49,9,0,0,0,0,0,0,0,0,0,0,0,0,0,0,0,57,48,9,1,1,0,58,49,9,2021
621110,"Widerstand gegen Vollstreckungsbeamte und gleichstehende Personen    113, 115 StGB",12054000,Potsdam,voll.,85,71,14,0,0,0,0,0,0,0,0,0,0,0,0,1,1,0,83,69,14,1,1,0,84,70,14,2021
621110,"Widerstand gegen Vollstreckungsbeamte und gleichstehende Personen    113, 115 StGB",12054000,Potsdam,vers.,0,0,0,0,0,0,0,0,0,0,0,0,0,0,0,0,0,0,0,0,0,0,0,0,0,0,0,2021
621110,"Widerstand gegen Vollstreckungsbeamte und gleichstehende Personen    113, 115 StGB",12054000,Potsdam,insg.,85,71,14,0,0,0,0,0,0,0,0,0,0,0,0,1,1,0,83,69,14,1,1,0,84,70,14,2021
621110,"Widerstand gegen Vollstreckungsbeamte und gleichstehende Personen    113, 115 StGB",5562032,Recklinghausen,voll.,101,78,23,0,0,0,0,0,0,0,0,0,0,0,0,1,1,0,97,74,23,3,3,0,100,77,23,2021
621110,"Widerstand gegen Vollstreckungsbeamte und gleichstehende Personen    113, 115 StGB",5562032,Recklinghausen,vers.,0,0,0,0,0,0,0,0,0,0,0,0,0,0,0,0,0,0,0,0,0,0,0,0,0,0,0,2021
621110,"Widerstand gegen Vollstreckungsbeamte und gleichstehende Personen    113, 115 StGB",5562032,Recklinghausen,insg.,101,78,23,0,0,0,0,0,0,0,0,0,0,0,0,1,1,0,97,74,23,3,3,0,100,77,23,2021
621110,"Widerstand gegen Vollstreckungsbeamte und gleichstehende Personen    113, 115 StGB",9362000,Regensburg,voll.,78,65,13,0,0,0,0,0,0,0,0,0,0,0,0,2,1,1,75,63,12,1,1,0,76,64,12,2021
621110,"Widerstand gegen Vollstreckungsbeamte und gleichstehende Personen    113, 115 StGB",9362000,Regensburg,vers.,0,0,0,0,0,0,0,0,0,0,0,0,0,0,0,0,0,0,0,0,0,0,0,0,0,0,0,2021
621110,"Widerstand gegen Vollstreckungsbeamte und gleichstehende Personen    113, 115 StGB",9362000,Regensburg,insg.,78,65,13,0,0,0,0,0,0,0,0,0,0,0,0,2,1,1,75,63,12,1,1,0,76,64,12,2021
621110,"Widerstand gegen Vollstreckungsbeamte und gleichstehende Personen    113, 115 StGB",5120000,Remscheid,voll.,80,60,20,0,0,0,0,0,0,0,0,0,0,0,0,2,0,2,76,58,18,2,2,0,78,60,18,2021
621110,"Widerstand gegen Vollstreckungsbeamte und gleichstehende Personen    113, 115 StGB",5120000,Remscheid,vers.,0,0,0,0,0,0,0,0,0,0,0,0,0,0,0,0,0,0,0,0,0,0,0,0,0,0,0,2021
621110,"Widerstand gegen Vollstreckungsbeamte und gleichstehende Personen    113, 115 StGB",5120000,Remscheid,insg.,80,60,20,0,0,0,0,0,0,0,0,0,0,0,0,2,0,2,76,58,18,2,2,0,78,60,18,2021
621110,"Widerstand gegen Vollstreckungsbeamte und gleichstehende Personen    113, 115 StGB",8415061,Reutlingen,voll.,62,52,10,0,0,0,0,0,0,0,0,0,0,0,0,2,1,1,60,51,9,0,0,0,60,51,9,2021
621110,"Widerstand gegen Vollstreckungsbeamte und gleichstehende Personen    113, 115 StGB",8415061,Reutlingen,vers.,0,0,0,0,0,0,0,0,0,0,0,0,0,0,0,0,0,0,0,0,0,0,0,0,0,0,0,2021
621110,"Widerstand gegen Vollstreckungsbeamte und gleichstehende Personen    113, 115 StGB",8415061,Reutlingen,insg.,62,52,10,0,0,0,0,0,0,0,0,0,0,0,0,2,1,1,60,51,9,0,0,0,60,51,9,2021
621110,"Widerstand gegen Vollstreckungsbeamte und gleichstehende Personen    113, 115 StGB",13003000,Rostock,voll.,208,177,31,0,0,0,0,0,0,0,0,0,0,0,0,7,6,1,199,170,29,2,1,1,201,171,30,2021
621110,"Widerstand gegen Vollstreckungsbeamte und gleichstehende Personen    113, 115 StGB",13003000,Rostock,vers.,0,0,0,0,0,0,0,0,0,0,0,0,0,0,0,0,0,0,0,0,0,0,0,0,0,0,0,2021
621110,"Widerstand gegen Vollstreckungsbeamte und gleichstehende Personen    113, 115 StGB",13003000,Rostock,insg.,208,177,31,0,0,0,0,0,0,0,0,0,0,0,0,7,6,1,199,170,29,2,1,1,201,171,30,2021
621110,"Widerstand gegen Vollstreckungsbeamte und gleichstehende Personen    113, 115 StGB",10041100,Saarbr cken,voll.,293,226,67,0,0,0,0,0,0,0,0,0,0,0,0,3,2,1,289,223,66,1,1,0,290,224,66,2021
621110,"Widerstand gegen Vollstreckungsbeamte und gleichstehende Personen    113, 115 StGB",10041100,Saarbr cken,vers.,0,0,0,0,0,0,0,0,0,0,0,0,0,0,0,0,0,0,0,0,0,0,0,0,0,0,0,2021
621110,"Widerstand gegen Vollstreckungsbeamte und gleichstehende Personen    113, 115 StGB",10041100,Saarbr cken,insg.,293,226,67,0,0,0,0,0,0,0,0,0,0,0,0,3,2,1,289,223,66,1,1,0,290,224,66,2021
621110,"Widerstand gegen Vollstreckungsbeamte und gleichstehende Personen    113, 115 StGB",3102000,Salzgitter,voll.,75,55,20,0,0,0,0,0,0,0,0,0,0,0,0,1,1,0,73,53,20,1,1,0,74,54,20,2021
621110,"Widerstand gegen Vollstreckungsbeamte und gleichstehende Personen    113, 115 StGB",3102000,Salzgitter,vers.,0,0,0,0,0,0,0,0,0,0,0,0,0,0,0,0,0,0,0,0,0,0,0,0,0,0,0,2021
621110,"Widerstand gegen Vollstreckungsbeamte und gleichstehende Personen    113, 115 StGB",3102000,Salzgitter,insg.,75,55,20,0,0,0,0,0,0,0,0,0,0,0,0,1,1,0,73,53,20,1,1,0,74,54,20,2021
621110,"Widerstand gegen Vollstreckungsbeamte und gleichstehende Personen    113, 115 StGB",13004000,Schwerin,voll.,150,125,25,0,0,0,0,0,0,0,0,0,0,0,0,5,4,1,145,121,24,0,0,0,145,121,24,2021
621110,"Widerstand gegen Vollstreckungsbeamte und gleichstehende Personen    113, 115 StGB",13004000,Schwerin,vers.,0,0,0,0,0,0,0,0,0,0,0,0,0,0,0,0,0,0,0,0,0,0,0,0,0,0,0,2021
621110,"Widerstand gegen Vollstreckungsbeamte und gleichstehende Personen    113, 115 StGB",13004000,Schwerin,insg.,150,125,25,0,0,0,0,0,0,0,0,0,0,0,0,5,4,1,145,121,24,0,0,0,145,121,24,2021
621110,"Widerstand gegen Vollstreckungsbeamte und gleichstehende Personen    113, 115 StGB",5970040,Siegen,voll.,126,94,32,0,0,0,0,0,0,0,0,0,1,0,1,1,1,0,124,93,31,0,0,0,124,93,31,2021
621110,"Widerstand gegen Vollstreckungsbeamte und gleichstehende Personen    113, 115 StGB",5970040,Siegen,vers.,0,0,0,0,0,0,0,0,0,0,0,0,0,0,0,0,0,0,0,0,0,0,0,0,0,0,0,2021
621110,"Widerstand gegen Vollstreckungsbeamte und gleichstehende Personen    113, 115 StGB",5970040,Siegen,insg.,126,94,32,0,0,0,0,0,0,0,0,0,1,0,1,1,1,0,124,93,31,0,0,0,124,93,31,2021
621110,"Widerstand gegen Vollstreckungsbeamte und gleichstehende Personen    113, 115 StGB",5122000,Solingen,voll.,130,102,28,0,0,0,0,0,0,0,0,0,1,0,1,1,1,0,126,100,26,2,1,1,128,101,27,2021
621110,"Widerstand gegen Vollstreckungsbeamte und gleichstehende Personen    113, 115 StGB",5122000,Solingen,vers.,0,0,0,0,0,0,0,0,0,0,0,0,0,0,0,0,0,0,0,0,0,0,0,0,0,0,0,2021
621110,"Widerstand gegen Vollstreckungsbeamte und gleichstehende Personen    113, 115 StGB",5122000,Solingen,insg.,130,102,28,0,0,0,0,0,0,0,0,0,1,0,1,1,1,0,126,100,26,2,1,1,128,101,27,2021
621110,"Widerstand gegen Vollstreckungsbeamte und gleichstehende Personen    113, 115 StGB",8111000,Stuttgart,voll.,929,733,196,0,0,0,0,0,0,0,0,0,1,0,1,28,18,10,900,715,185,0,0,0,900,715,185,2021
621110,"Widerstand gegen Vollstreckungsbeamte und gleichstehende Personen    113, 115 StGB",8111000,Stuttgart,vers.,0,0,0,0,0,0,0,0,0,0,0,0,0,0,0,0,0,0,0,0,0,0,0,0,0,0,0,2021
621110,"Widerstand gegen Vollstreckungsbeamte und gleichstehende Personen    113, 115 StGB",8111000,Stuttgart,insg.,929,733,196,0,0,0,0,0,0,0,0,0,1,0,1,28,18,10,900,715,185,0,0,0,900,715,185,2021
621110,"Widerstand gegen Vollstreckungsbeamte und gleichstehende Personen    113, 115 StGB",7211000,Trier,voll.,116,92,24,0,0,0,0,0,0,0,0,0,0,0,0,0,0,0,116,92,24,0,0,0,116,92,24,2021
621110,"Widerstand gegen Vollstreckungsbeamte und gleichstehende Personen    113, 115 StGB",7211000,Trier,vers.,0,0,0,0,0,0,0,0,0,0,0,0,0,0,0,0,0,0,0,0,0,0,0,0,0,0,0,2021
621110,"Widerstand gegen Vollstreckungsbeamte und gleichstehende Personen    113, 115 StGB",7211000,Trier,insg.,116,92,24,0,0,0,0,0,0,0,0,0,0,0,0,0,0,0,116,92,24,0,0,0,116,92,24,2021
621110,"Widerstand gegen Vollstreckungsbeamte und gleichstehende Personen    113, 115 StGB",8421000,Ulm,voll.,62,51,11,0,0,0,0,0,0,0,0,0,0,0,0,2,1,1,60,50,10,0,0,0,60,50,10,2021
621110,"Widerstand gegen Vollstreckungsbeamte und gleichstehende Personen    113, 115 StGB",8421000,Ulm,vers.,0,0,0,0,0,0,0,0,0,0,0,0,0,0,0,0,0,0,0,0,0,0,0,0,0,0,0,2021
621110,"Widerstand gegen Vollstreckungsbeamte und gleichstehende Personen    113, 115 StGB",8421000,Ulm,insg.,62,51,11,0,0,0,0,0,0,0,0,0,0,0,0,2,1,1,60,50,10,0,0,0,60,50,10,2021
621110,"Widerstand gegen Vollstreckungsbeamte und gleichstehende Personen    113, 115 StGB",6414000,Wiesbaden,voll.,122,102,20,0,0,0,0,0,0,0,0,0,0,0,0,1,1,0,119,100,19,2,1,1,121,101,20,2021
621110,"Widerstand gegen Vollstreckungsbeamte und gleichstehende Personen    113, 115 StGB",6414000,Wiesbaden,vers.,0,0,0,0,0,0,0,0,0,0,0,0,0,0,0,0,0,0,0,0,0,0,0,0,0,0,0,2021
621110,"Widerstand gegen Vollstreckungsbeamte und gleichstehende Personen    113, 115 StGB",6414000,Wiesbaden,insg.,122,102,20,0,0,0,0,0,0,0,0,0,0,0,0,1,1,0,119,100,19,2,1,1,121,101,20,2021
621110,"Widerstand gegen Vollstreckungsbeamte und gleichstehende Personen    113, 115 StGB",3103000,Wolfsburg,voll.,82,67,15,0,0,0,0,0,0,0,0,0,0,0,0,1,1,0,78,63,15,3,3,0,81,66,15,2021
621110,"Widerstand gegen Vollstreckungsbeamte und gleichstehende Personen    113, 115 StGB",3103000,Wolfsburg,vers.,0,0,0,0,0,0,0,0,0,0,0,0,0,0,0,0,0,0,0,0,0,0,0,0,0,0,0,2021
621110,"Widerstand gegen Vollstreckungsbeamte und gleichstehende Personen    113, 115 StGB",3103000,Wolfsburg,insg.,82,67,15,0,0,0,0,0,0,0,0,0,0,0,0,1,1,0,78,63,15,3,3,0,81,66,15,2021
621110,"Widerstand gegen Vollstreckungsbeamte und gleichstehende Personen    113, 115 StGB",5124000,Wuppertal,voll.,385,275,110,0,0,0,0,0,0,0,0,0,0,0,0,5,2,3,377,270,107,3,3,0,380,273,107,2021
621110,"Widerstand gegen Vollstreckungsbeamte und gleichstehende Personen    113, 115 StGB",5124000,Wuppertal,vers.,0,0,0,0,0,0,0,0,0,0,0,0,0,0,0,0,0,0,0,0,0,0,0,0,0,0,0,2021
621110,"Widerstand gegen Vollstreckungsbeamte und gleichstehende Personen    113, 115 StGB",5124000,Wuppertal,insg.,385,275,110,0,0,0,0,0,0,0,0,0,0,0,0,5,2,3,377,270,107,3,3,0,380,273,107,2021
621110,"Widerstand gegen Vollstreckungsbeamte und gleichstehende Personen    113, 115 StGB",9663000,W rzburg,voll.,41,39,2,0,0,0,0,0,0,0,0,0,0,0,0,1,1,0,40,38,2,0,0,0,40,38,2,2021
621110,"Widerstand gegen Vollstreckungsbeamte und gleichstehende Personen    113, 115 StGB",9663000,W rzburg,vers.,0,0,0,0,0,0,0,0,0,0,0,0,0,0,0,0,0,0,0,0,0,0,0,0,0,0,0,2021
621110,"Widerstand gegen Vollstreckungsbeamte und gleichstehende Personen    113, 115 StGB",9663000,W rzburg,insg.,41,39,2,0,0,0,0,0,0,0,0,0,0,0,0,1,1,0,40,38,2,0,0,0,40,38,2,2021
621120,"T tlicher Angriff auf Vollstreckungsbeamte und gleichstehende Personen    114, 115 StGB",5334002,Aachen,voll.,87,66,21,0,0,0,0,0,0,0,0,0,0,0,0,5,4,1,80,60,20,2,2,0,82,62,20,2021
621120,"T tlicher Angriff auf Vollstreckungsbeamte und gleichstehende Personen    114, 115 StGB",5334002,Aachen,vers.,0,0,0,0,0,0,0,0,0,0,0,0,0,0,0,0,0,0,0,0,0,0,0,0,0,0,0,2021
621120,"T tlicher Angriff auf Vollstreckungsbeamte und gleichstehende Personen    114, 115 StGB",5334002,Aachen,insg.,87,66,21,0,0,0,0,0,0,0,0,0,0,0,0,5,4,1,80,60,20,2,2,0,82,62,20,2021
621120,"T tlicher Angriff auf Vollstreckungsbeamte und gleichstehende Personen    114, 115 StGB",9761000,Augsburg,voll.,344,285,59,0,0,0,0,0,0,0,0,0,0,0,0,6,1,5,337,284,53,1,0,1,338,284,54,2021
621120,"T tlicher Angriff auf Vollstreckungsbeamte und gleichstehende Personen    114, 115 StGB",9761000,Augsburg,vers.,0,0,0,0,0,0,0,0,0,0,0,0,0,0,0,0,0,0,0,0,0,0,0,0,0,0,0,2021
621120,"T tlicher Angriff auf Vollstreckungsbeamte und gleichstehende Personen    114, 115 StGB",9761000,Augsburg,insg.,344,285,59,0,0,0,0,0,0,0,0,0,0,0,0,6,1,5,337,284,53,1,0,1,338,284,54,2021
621120,"T tlicher Angriff auf Vollstreckungsbeamte und gleichstehende Personen    114, 115 StGB",5378004,Bergisch Gladbach,voll.,8,6,2,0,0,0,0,0,0,0,0,0,0,0,0,0,0,0,8,6,2,0,0,0,8,6,2,2021
621120,"T tlicher Angriff auf Vollstreckungsbeamte und gleichstehende Personen    114, 115 StGB",5378004,Bergisch Gladbach,vers.,0,0,0,0,0,0,0,0,0,0,0,0,0,0,0,0,0,0,0,0,0,0,0,0,0,0,0,2021
621120,"T tlicher Angriff auf Vollstreckungsbeamte und gleichstehende Personen    114, 115 StGB",5378004,Bergisch Gladbach,insg.,8,6,2,0,0,0,0,0,0,0,0,0,0,0,0,0,0,0,8,6,2,0,0,0,8,6,2,2021
621120,"T tlicher Angriff auf Vollstreckungsbeamte und gleichstehende Personen    114, 115 StGB",11000000,Berlin,voll.,2929,2505,424,0,0,0,0,0,0,0,0,0,0,0,0,28,26,2,2875,2458,417,26,21,5,2901,2479,422,2021
621120,"T tlicher Angriff auf Vollstreckungsbeamte und gleichstehende Personen    114, 115 StGB",11000000,Berlin,vers.,0,0,0,0,0,0,0,0,0,0,0,0,0,0,0,0,0,0,0,0,0,0,0,0,0,0,0,2021
621120,"T tlicher Angriff auf Vollstreckungsbeamte und gleichstehende Personen    114, 115 StGB",11000000,Berlin,insg.,2929,2505,424,0,0,0,0,0,0,0,0,0,0,0,0,28,26,2,2875,2458,417,26,21,5,2901,2479,422,2021
621120,"T tlicher Angriff auf Vollstreckungsbeamte und gleichstehende Personen    114, 115 StGB",5711000,Bielefeld,voll.,85,60,25,0,0,0,0,0,0,0,0,0,0,0,0,6,4,2,77,55,22,2,1,1,79,56,23,2021
621120,"T tlicher Angriff auf Vollstreckungsbeamte und gleichstehende Personen    114, 115 StGB",5711000,Bielefeld,vers.,0,0,0,0,0,0,0,0,0,0,0,0,0,0,0,0,0,0,0,0,0,0,0,0,0,0,0,2021
621120,"T tlicher Angriff auf Vollstreckungsbeamte und gleichstehende Personen    114, 115 StGB",5711000,Bielefeld,insg.,85,60,25,0,0,0,0,0,0,0,0,0,0,0,0,6,4,2,77,55,22,2,1,1,79,56,23,2021
621120,"T tlicher Angriff auf Vollstreckungsbeamte und gleichstehende Personen    114, 115 StGB",5911000,Bochum,voll.,252,184,68,0,0,0,0,0,0,0,0,0,0,0,0,0,0,0,250,182,68,2,2,0,252,184,68,2021
621120,"T tlicher Angriff auf Vollstreckungsbeamte und gleichstehende Personen    114, 115 StGB",5911000,Bochum,vers.,0,0,0,0,0,0,0,0,0,0,0,0,0,0,0,0,0,0,0,0,0,0,0,0,0,0,0,2021
621120,"T tlicher Angriff auf Vollstreckungsbeamte und gleichstehende Personen    114, 115 StGB",5911000,Bochum,insg.,252,184,68,0,0,0,0,0,0,0,0,0,0,0,0,0,0,0,250,182,68,2,2,0,252,184,68,2021
621120,"T tlicher Angriff auf Vollstreckungsbeamte und gleichstehende Personen    114, 115 StGB",5314000,Bonn,voll.,163,118,45,0,0,0,0,0,0,0,0,0,0,0,0,3,2,1,159,115,44,1,1,0,160,116,44,2021
621120,"T tlicher Angriff auf Vollstreckungsbeamte und gleichstehende Personen    114, 115 StGB",5314000,Bonn,vers.,0,0,0,0,0,0,0,0,0,0,0,0,0,0,0,0,0,0,0,0,0,0,0,0,0,0,0,2021
621120,"T tlicher Angriff auf Vollstreckungsbeamte und gleichstehende Personen    114, 115 StGB",5314000,Bonn,insg.,163,118,45,0,0,0,0,0,0,0,0,0,0,0,0,3,2,1,159,115,44,1,1,0,160,116,44,2021
621120,"T tlicher Angriff auf Vollstreckungsbeamte und gleichstehende Personen    114, 115 StGB",5512000,Bottrop,voll.,17,16,1,0,0,0,0,0,0,0,0,0,0,0,0,1,1,0,16,15,1,0,0,0,16,15,1,2021
621120,"T tlicher Angriff auf Vollstreckungsbeamte und gleichstehende Personen    114, 115 StGB",5512000,Bottrop,vers.,0,0,0,0,0,0,0,0,0,0,0,0,0,0,0,0,0,0,0,0,0,0,0,0,0,0,0,2021
621120,"T tlicher Angriff auf Vollstreckungsbeamte und gleichstehende Personen    114, 115 StGB",5512000,Bottrop,insg.,17,16,1,0,0,0,0,0,0,0,0,0,0,0,0,1,1,0,16,15,1,0,0,0,16,15,1,2021
621120,"T tlicher Angriff auf Vollstreckungsbeamte und gleichstehende Personen    114, 115 StGB",3101000,Braunschweig,voll.,195,144,51,0,0,0,0,0,0,0,0,0,0,0,0,2,1,1,189,139,50,4,4,0,193,143,50,2021
621120,"T tlicher Angriff auf Vollstreckungsbeamte und gleichstehende Personen    114, 115 StGB",3101000,Braunschweig,vers.,0,0,0,0,0,0,0,0,0,0,0,0,0,0,0,0,0,0,0,0,0,0,0,0,0,0,0,2021
621120,"T tlicher Angriff auf Vollstreckungsbeamte und gleichstehende Personen    114, 115 StGB",3101000,Braunschweig,insg.,195,144,51,0,0,0,0,0,0,0,0,0,0,0,0,2,1,1,189,139,50,4,4,0,193,143,50,2021
621120,"T tlicher Angriff auf Vollstreckungsbeamte und gleichstehende Personen    114, 115 StGB",4011000,Bremen,voll.,412,317,95,0,0,0,0,0,0,0,0,0,0,0,0,4,4,0,405,310,95,3,3,0,408,313,95,2021
621120,"T tlicher Angriff auf Vollstreckungsbeamte und gleichstehende Personen    114, 115 StGB",4011000,Bremen,vers.,0,0,0,0,0,0,0,0,0,0,0,0,0,0,0,0,0,0,0,0,0,0,0,0,0,0,0,2021
621120,"T tlicher Angriff auf Vollstreckungsbeamte und gleichstehende Personen    114, 115 StGB",4011000,Bremen,insg.,412,317,95,0,0,0,0,0,0,0,0,0,0,0,0,4,4,0,405,310,95,3,3,0,408,313,95,2021
621120,"T tlicher Angriff auf Vollstreckungsbeamte und gleichstehende Personen    114, 115 StGB",4012000,Bremerhaven,voll.,40,37,3,0,0,0,0,0,0,0,0,0,0,0,0,1,1,0,39,36,3,0,0,0,39,36,3,2021
621120,"T tlicher Angriff auf Vollstreckungsbeamte und gleichstehende Personen    114, 115 StGB",4012000,Bremerhaven,vers.,0,0,0,0,0,0,0,0,0,0,0,0,0,0,0,0,0,0,0,0,0,0,0,0,0,0,0,2021
621120,"T tlicher Angriff auf Vollstreckungsbeamte und gleichstehende Personen    114, 115 StGB",4012000,Bremerhaven,insg.,40,37,3,0,0,0,0,0,0,0,0,0,0,0,0,1,1,0,39,36,3,0,0,0,39,36,3,2021
621120,"T tlicher Angriff auf Vollstreckungsbeamte und gleichstehende Personen    114, 115 StGB",14511000,Chemnitz,voll.,100,83,17,0,0,0,0,0,0,0,0,0,0,0,0,1,1,0,97,80,17,2,2,0,99,82,17,2021
621120,"T tlicher Angriff auf Vollstreckungsbeamte und gleichstehende Personen    114, 115 StGB",14511000,Chemnitz,vers.,0,0,0,0,0,0,0,0,0,0,0,0,0,0,0,0,0,0,0,0,0,0,0,0,0,0,0,2021
621120,"T tlicher Angriff auf Vollstreckungsbeamte und gleichstehende Personen    114, 115 StGB",14511000,Chemnitz,insg.,100,83,17,0,0,0,0,0,0,0,0,0,0,0,0,1,1,0,97,80,17,2,2,0,99,82,17,2021
621120,"T tlicher Angriff auf Vollstreckungsbeamte und gleichstehende Personen    114, 115 StGB",12052000,Cottbus,voll.,68,55,13,0,0,0,0,0,0,0,0,0,0,0,0,1,1,0,67,54,13,0,0,0,67,54,13,2021
621120,"T tlicher Angriff auf Vollstreckungsbeamte und gleichstehende Personen    114, 115 StGB",12052000,Cottbus,vers.,0,0,0,0,0,0,0,0,0,0,0,0,0,0,0,0,0,0,0,0,0,0,0,0,0,0,0,2021
621120,"T tlicher Angriff auf Vollstreckungsbeamte und gleichstehende Personen    114, 115 StGB",12052000,Cottbus,insg.,68,55,13,0,0,0,0,0,0,0,0,0,0,0,0,1,1,0,67,54,13,0,0,0,67,54,13,2021
621120,"T tlicher Angriff auf Vollstreckungsbeamte und gleichstehende Personen    114, 115 StGB",6411000,Darmstadt,voll.,36,27,9,0,0,0,0,0,0,0,0,0,0,0,0,2,1,1,34,26,8,0,0,0,34,26,8,2021
621120,"T tlicher Angriff auf Vollstreckungsbeamte und gleichstehende Personen    114, 115 StGB",6411000,Darmstadt,vers.,0,0,0,0,0,0,0,0,0,0,0,0,0,0,0,0,0,0,0,0,0,0,0,0,0,0,0,2021
621120,"T tlicher Angriff auf Vollstreckungsbeamte und gleichstehende Personen    114, 115 StGB",6411000,Darmstadt,insg.,36,27,9,0,0,0,0,0,0,0,0,0,0,0,0,2,1,1,34,26,8,0,0,0,34,26,8,2021
621120,"T tlicher Angriff auf Vollstreckungsbeamte und gleichstehende Personen    114, 115 StGB",5913000,Dortmund,voll.,763,547,216,0,0,0,0,0,0,0,0,0,0,0,0,10,8,2,751,538,213,2,1,1,753,539,214,2021
621120,"T tlicher Angriff auf Vollstreckungsbeamte und gleichstehende Personen    114, 115 StGB",5913000,Dortmund,vers.,0,0,0,0,0,0,0,0,0,0,0,0,0,0,0,0,0,0,0,0,0,0,0,0,0,0,0,2021
621120,"T tlicher Angriff auf Vollstreckungsbeamte und gleichstehende Personen    114, 115 StGB",5913000,Dortmund,insg.,763,547,216,0,0,0,0,0,0,0,0,0,0,0,0,10,8,2,751,538,213,2,1,1,753,539,214,2021
621120,"T tlicher Angriff auf Vollstreckungsbeamte und gleichstehende Personen    114, 115 StGB",14612000,Dresden,voll.,212,188,24,0,0,0,0,0,0,0,0,0,0,0,0,7,7,0,204,180,24,1,1,0,205,181,24,2021
621120,"T tlicher Angriff auf Vollstreckungsbeamte und gleichstehende Personen    114, 115 StGB",14612000,Dresden,vers.,0,0,0,0,0,0,0,0,0,0,0,0,0,0,0,0,0,0,0,0,0,0,0,0,0,0,0,2021
621120,"T tlicher Angriff auf Vollstreckungsbeamte und gleichstehende Personen    114, 115 StGB",14612000,Dresden,insg.,212,188,24,0,0,0,0,0,0,0,0,0,0,0,0,7,7,0,204,180,24,1,1,0,205,181,24,2021
621120,"T tlicher Angriff auf Vollstreckungsbeamte und gleichstehende Personen    114, 115 StGB",5112000,Duisburg,voll.,122,92,30,0,0,0,0,0,0,0,0,0,0,0,0,7,7,0,113,85,28,2,0,2,115,85,30,2021
621120,"T tlicher Angriff auf Vollstreckungsbeamte und gleichstehende Personen    114, 115 StGB",5112000,Duisburg,vers.,0,0,0,0,0,0,0,0,0,0,0,0,0,0,0,0,0,0,0,0,0,0,0,0,0,0,0,2021
621120,"T tlicher Angriff auf Vollstreckungsbeamte und gleichstehende Personen    114, 115 StGB",5112000,Duisburg,insg.,122,92,30,0,0,0,0,0,0,0,0,0,0,0,0,7,7,0,113,85,28,2,0,2,115,85,30,2021
621120,"T tlicher Angriff auf Vollstreckungsbeamte und gleichstehende Personen    114, 115 StGB",5111000,D sseldorf,voll.,474,380,94,0,0,0,0,0,0,0,0,0,0,0,0,5,5,0,467,373,94,2,2,0,469,375,94,2021
621120,"T tlicher Angriff auf Vollstreckungsbeamte und gleichstehende Personen    114, 115 StGB",5111000,D sseldorf,vers.,0,0,0,0,0,0,0,0,0,0,0,0,0,0,0,0,0,0,0,0,0,0,0,0,0,0,0,2021
621120,"T tlicher Angriff auf Vollstreckungsbeamte und gleichstehende Personen    114, 115 StGB",5111000,D sseldorf,insg.,474,380,94,0,0,0,0,0,0,0,0,0,0,0,0,5,5,0,467,373,94,2,2,0,469,375,94,2021
621120,"T tlicher Angriff auf Vollstreckungsbeamte und gleichstehende Personen    114, 115 StGB",16051000,Erfurt,voll.,147,126,21,0,0,0,0,0,0,0,0,0,0,0,0,2,2,0,143,122,21,2,2,0,145,124,21,2021
621120,"T tlicher Angriff auf Vollstreckungsbeamte und gleichstehende Personen    114, 115 StGB",16051000,Erfurt,vers.,0,0,0,0,0,0,0,0,0,0,0,0,0,0,0,0,0,0,0,0,0,0,0,0,0,0,0,2021
621120,"T tlicher Angriff auf Vollstreckungsbeamte und gleichstehende Personen    114, 115 StGB",16051000,Erfurt,insg.,147,126,21,0,0,0,0,0,0,0,0,0,0,0,0,2,2,0,143,122,21,2,2,0,145,124,21,2021
621120,"T tlicher Angriff auf Vollstreckungsbeamte und gleichstehende Personen    114, 115 StGB",9562000,Erlangen,voll.,45,42,3,0,0,0,0,0,0,0,0,0,0,0,0,0,0,0,45,42,3,0,0,0,45,42,3,2021
621120,"T tlicher Angriff auf Vollstreckungsbeamte und gleichstehende Personen    114, 115 StGB",9562000,Erlangen,vers.,0,0,0,0,0,0,0,0,0,0,0,0,0,0,0,0,0,0,0,0,0,0,0,0,0,0,0,2021
621120,"T tlicher Angriff auf Vollstreckungsbeamte und gleichstehende Personen    114, 115 StGB",9562000,Erlangen,insg.,45,42,3,0,0,0,0,0,0,0,0,0,0,0,0,0,0,0,45,42,3,0,0,0,45,42,3,2021
621120,"T tlicher Angriff auf Vollstreckungsbeamte und gleichstehende Personen    114, 115 StGB",5113000,Essen,voll.,246,190,56,0,0,0,0,0,0,0,0,0,0,0,0,6,2,4,235,184,51,5,4,1,240,188,52,2021
621120,"T tlicher Angriff auf Vollstreckungsbeamte und gleichstehende Personen    114, 115 StGB",5113000,Essen,vers.,0,0,0,0,0,0,0,0,0,0,0,0,0,0,0,0,0,0,0,0,0,0,0,0,0,0,0,2021
621120,"T tlicher Angriff auf Vollstreckungsbeamte und gleichstehende Personen    114, 115 StGB",5113000,Essen,insg.,246,190,56,0,0,0,0,0,0,0,0,0,0,0,0,6,2,4,235,184,51,5,4,1,240,188,52,2021
621120,"T tlicher Angriff auf Vollstreckungsbeamte und gleichstehende Personen    114, 115 StGB",6412000,Frankfurt am Main,voll.,867,710,157,0,0,0,0,0,0,0,0,0,2,2,0,12,10,2,852,697,155,1,1,0,853,698,155,2021
621120,"T tlicher Angriff auf Vollstreckungsbeamte und gleichstehende Personen    114, 115 StGB",6412000,Frankfurt am Main,vers.,0,0,0,0,0,0,0,0,0,0,0,0,0,0,0,0,0,0,0,0,0,0,0,0,0,0,0,2021
621120,"T tlicher Angriff auf Vollstreckungsbeamte und gleichstehende Personen    114, 115 StGB",6412000,Frankfurt am Main,insg.,867,710,157,0,0,0,0,0,0,0,0,0,2,2,0,12,10,2,852,697,155,1,1,0,853,698,155,2021
621120,"T tlicher Angriff auf Vollstreckungsbeamte und gleichstehende Personen    114, 115 StGB",8311000,Freiburg im Breisgau,voll.,268,226,42,0,0,0,0,0,0,0,0,0,0,0,0,10,8,2,257,217,40,1,1,0,258,218,40,2021
621120,"T tlicher Angriff auf Vollstreckungsbeamte und gleichstehende Personen    114, 115 StGB",8311000,Freiburg im Breisgau,vers.,0,0,0,0,0,0,0,0,0,0,0,0,0,0,0,0,0,0,0,0,0,0,0,0,0,0,0,2021
621120,"T tlicher Angriff auf Vollstreckungsbeamte und gleichstehende Personen    114, 115 StGB",8311000,Freiburg im Breisgau,insg.,268,226,42,0,0,0,0,0,0,0,0,0,0,0,0,10,8,2,257,217,40,1,1,0,258,218,40,2021
621120,"T tlicher Angriff auf Vollstreckungsbeamte und gleichstehende Personen    114, 115 StGB",9563000,F rth,voll.,67,54,13,0,0,0,0,0,0,0,0,0,0,0,0,1,0,1,66,54,12,0,0,0,66,54,12,2021
621120,"T tlicher Angriff auf Vollstreckungsbeamte und gleichstehende Personen    114, 115 StGB",9563000,F rth,vers.,0,0,0,0,0,0,0,0,0,0,0,0,0,0,0,0,0,0,0,0,0,0,0,0,0,0,0,2021
621120,"T tlicher Angriff auf Vollstreckungsbeamte und gleichstehende Personen    114, 115 StGB",9563000,F rth,insg.,67,54,13,0,0,0,0,0,0,0,0,0,0,0,0,1,0,1,66,54,12,0,0,0,66,54,12,2021
621120,"T tlicher Angriff auf Vollstreckungsbeamte und gleichstehende Personen    114, 115 StGB",5513000,Gelsenkirchen,voll.,119,88,31,0,0,0,0,0,0,0,0,0,0,0,0,2,1,1,117,87,30,0,0,0,117,87,30,2021
621120,"T tlicher Angriff auf Vollstreckungsbeamte und gleichstehende Personen    114, 115 StGB",5513000,Gelsenkirchen,vers.,0,0,0,0,0,0,0,0,0,0,0,0,0,0,0,0,0,0,0,0,0,0,0,0,0,0,0,2021
621120,"T tlicher Angriff auf Vollstreckungsbeamte und gleichstehende Personen    114, 115 StGB",5513000,Gelsenkirchen,insg.,119,88,31,0,0,0,0,0,0,0,0,0,0,0,0,2,1,1,117,87,30,0,0,0,117,87,30,2021
621120,"T tlicher Angriff auf Vollstreckungsbeamte und gleichstehende Personen    114, 115 StGB",3159016,G ttingen,voll.,92,67,25,0,0,0,0,0,0,0,0,0,0,0,0,0,0,0,92,67,25,0,0,0,92,67,25,2021
621120,"T tlicher Angriff auf Vollstreckungsbeamte und gleichstehende Personen    114, 115 StGB",3159016,G ttingen,vers.,0,0,0,0,0,0,0,0,0,0,0,0,0,0,0,0,0,0,0,0,0,0,0,0,0,0,0,2021
621120,"T tlicher Angriff auf Vollstreckungsbeamte und gleichstehende Personen    114, 115 StGB",3159016,G ttingen,insg.,92,67,25,0,0,0,0,0,0,0,0,0,0,0,0,0,0,0,92,67,25,0,0,0,92,67,25,2021
621120,"T tlicher Angriff auf Vollstreckungsbeamte und gleichstehende Personen    114, 115 StGB",5754008,G tersloh,voll.,37,23,14,0,0,0,0,0,0,0,0,0,1,0,1,1,0,1,35,23,12,0,0,0,35,23,12,2021
621120,"T tlicher Angriff auf Vollstreckungsbeamte und gleichstehende Personen    114, 115 StGB",5754008,G tersloh,vers.,0,0,0,0,0,0,0,0,0,0,0,0,0,0,0,0,0,0,0,0,0,0,0,0,0,0,0,2021
621120,"T tlicher Angriff auf Vollstreckungsbeamte und gleichstehende Personen    114, 115 StGB",5754008,G tersloh,insg.,37,23,14,0,0,0,0,0,0,0,0,0,1,0,1,1,0,1,35,23,12,0,0,0,35,23,12,2021
621120,"T tlicher Angriff auf Vollstreckungsbeamte und gleichstehende Personen    114, 115 StGB",5914000,Hagen,voll.,85,65,20,0,0,0,0,0,0,0,0,0,0,0,0,0,0,0,84,64,20,1,1,0,85,65,20,2021
621120,"T tlicher Angriff auf Vollstreckungsbeamte und gleichstehende Personen    114, 115 StGB",5914000,Hagen,vers.,0,0,0,0,0,0,0,0,0,0,0,0,0,0,0,0,0,0,0,0,0,0,0,0,0,0,0,2021
621120,"T tlicher Angriff auf Vollstreckungsbeamte und gleichstehende Personen    114, 115 StGB",5914000,Hagen,insg.,85,65,20,0,0,0,0,0,0,0,0,0,0,0,0,0,0,0,84,64,20,1,1,0,85,65,20,2021
621120,"T tlicher Angriff auf Vollstreckungsbeamte und gleichstehende Personen    114, 115 StGB",15002000,Halle (Saale),voll.,157,121,36,0,0,0,0,0,0,0,0,0,1,1,0,10,8,2,145,111,34,1,1,0,146,112,34,2021
621120,"T tlicher Angriff auf Vollstreckungsbeamte und gleichstehende Personen    114, 115 StGB",15002000,Halle (Saale),vers.,0,0,0,0,0,0,0,0,0,0,0,0,0,0,0,0,0,0,0,0,0,0,0,0,0,0,0,2021
621120,"T tlicher Angriff auf Vollstreckungsbeamte und gleichstehende Personen    114, 115 StGB",15002000,Halle (Saale),insg.,157,121,36,0,0,0,0,0,0,0,0,0,1,1,0,10,8,2,145,111,34,1,1,0,146,112,34,2021
621120,"T tlicher Angriff auf Vollstreckungsbeamte und gleichstehende Personen    114, 115 StGB",2000000,Hamburg,voll.,1072,858,214,0,0,0,0,0,0,0,0,0,0,0,0,17,11,6,1054,846,208,1,1,0,1055,847,208,2021
621120,"T tlicher Angriff auf Vollstreckungsbeamte und gleichstehende Personen    114, 115 StGB",2000000,Hamburg,vers.,0,0,0,0,0,0,0,0,0,0,0,0,0,0,0,0,0,0,0,0,0,0,0,0,0,0,0,2021
621120,"T tlicher Angriff auf Vollstreckungsbeamte und gleichstehende Personen    114, 115 StGB",2000000,Hamburg,insg.,1072,858,214,0,0,0,0,0,0,0,0,0,0,0,0,17,11,6,1054,846,208,1,1,0,1055,847,208,2021
621120,"T tlicher Angriff auf Vollstreckungsbeamte und gleichstehende Personen    114, 115 StGB",5915000,Hamm,voll.,68,53,15,0,0,0,0,0,0,0,0,0,0,0,0,4,4,0,64,49,15,0,0,0,64,49,15,2021
621120,"T tlicher Angriff auf Vollstreckungsbeamte und gleichstehende Personen    114, 115 StGB",5915000,Hamm,vers.,0,0,0,0,0,0,0,0,0,0,0,0,0,0,0,0,0,0,0,0,0,0,0,0,0,0,0,2021
621120,"T tlicher Angriff auf Vollstreckungsbeamte und gleichstehende Personen    114, 115 StGB",5915000,Hamm,insg.,68,53,15,0,0,0,0,0,0,0,0,0,0,0,0,4,4,0,64,49,15,0,0,0,64,49,15,2021
621120,"T tlicher Angriff auf Vollstreckungsbeamte und gleichstehende Personen    114, 115 StGB",3241001,Hannover,voll.,615,454,161,0,0,0,0,0,0,0,0,0,0,0,0,10,6,4,603,447,156,2,1,1,605,448,157,2021
621120,"T tlicher Angriff auf Vollstreckungsbeamte und gleichstehende Personen    114, 115 StGB",3241001,Hannover,vers.,0,0,0,0,0,0,0,0,0,0,0,0,0,0,0,0,0,0,0,0,0,0,0,0,0,0,0,2021
621120,"T tlicher Angriff auf Vollstreckungsbeamte und gleichstehende Personen    114, 115 StGB",3241001,Hannover,insg.,615,454,161,0,0,0,0,0,0,0,0,0,0,0,0,10,6,4,603,447,156,2,1,1,605,448,157,2021
621120,"T tlicher Angriff auf Vollstreckungsbeamte und gleichstehende Personen    114, 115 StGB",8221000,Heidelberg,voll.,156,118,38,0,0,0,0,0,0,0,0,0,0,0,0,4,4,0,150,112,38,2,2,0,152,114,38,2021
621120,"T tlicher Angriff auf Vollstreckungsbeamte und gleichstehende Personen    114, 115 StGB",8221000,Heidelberg,vers.,0,0,0,0,0,0,0,0,0,0,0,0,0,0,0,0,0,0,0,0,0,0,0,0,0,0,0,2021
621120,"T tlicher Angriff auf Vollstreckungsbeamte und gleichstehende Personen    114, 115 StGB",8221000,Heidelberg,insg.,156,118,38,0,0,0,0,0,0,0,0,0,0,0,0,4,4,0,150,112,38,2,2,0,152,114,38,2021
621120,"T tlicher Angriff auf Vollstreckungsbeamte und gleichstehende Personen    114, 115 StGB",8121000,Heilbronn,voll.,125,91,34,0,0,0,0,0,0,0,0,0,0,0,0,3,1,2,120,88,32,2,2,0,122,90,32,2021
621120,"T tlicher Angriff auf Vollstreckungsbeamte und gleichstehende Personen    114, 115 StGB",8121000,Heilbronn,vers.,0,0,0,0,0,0,0,0,0,0,0,0,0,0,0,0,0,0,0,0,0,0,0,0,0,0,0,2021
621120,"T tlicher Angriff auf Vollstreckungsbeamte und gleichstehende Personen    114, 115 StGB",8121000,Heilbronn,insg.,125,91,34,0,0,0,0,0,0,0,0,0,0,0,0,3,1,2,120,88,32,2,2,0,122,90,32,2021
621120,"T tlicher Angriff auf Vollstreckungsbeamte und gleichstehende Personen    114, 115 StGB",5916000,Herne,voll.,87,66,21,0,0,0,0,0,0,0,0,0,1,0,1,0,0,0,80,60,20,6,6,0,86,66,20,2021
621120,"T tlicher Angriff auf Vollstreckungsbeamte und gleichstehende Personen    114, 115 StGB",5916000,Herne,vers.,0,0,0,0,0,0,0,0,0,0,0,0,0,0,0,0,0,0,0,0,0,0,0,0,0,0,0,2021
621120,"T tlicher Angriff auf Vollstreckungsbeamte und gleichstehende Personen    114, 115 StGB",5916000,Herne,insg.,87,66,21,0,0,0,0,0,0,0,0,0,1,0,1,0,0,0,80,60,20,6,6,0,86,66,20,2021
621120,"T tlicher Angriff auf Vollstreckungsbeamte und gleichstehende Personen    114, 115 StGB",3254021,Hildesheim,voll.,30,19,11,0,0,0,0,0,0,0,0,0,0,0,0,0,0,0,30,19,11,0,0,0,30,19,11,2021
621120,"T tlicher Angriff auf Vollstreckungsbeamte und gleichstehende Personen    114, 115 StGB",3254021,Hildesheim,vers.,0,0,0,0,0,0,0,0,0,0,0,0,0,0,0,0,0,0,0,0,0,0,0,0,0,0,0,2021
621120,"T tlicher Angriff auf Vollstreckungsbeamte und gleichstehende Personen    114, 115 StGB",3254021,Hildesheim,insg.,30,19,11,0,0,0,0,0,0,0,0,0,0,0,0,0,0,0,30,19,11,0,0,0,30,19,11,2021
621120,"T tlicher Angriff auf Vollstreckungsbeamte und gleichstehende Personen    114, 115 StGB",9161000,Ingolstadt,voll.,116,84,32,0,0,0,0,0,0,0,0,0,0,0,0,5,2,3,111,82,29,0,0,0,111,82,29,2021
621120,"T tlicher Angriff auf Vollstreckungsbeamte und gleichstehende Personen    114, 115 StGB",9161000,Ingolstadt,vers.,0,0,0,0,0,0,0,0,0,0,0,0,0,0,0,0,0,0,0,0,0,0,0,0,0,0,0,2021
621120,"T tlicher Angriff auf Vollstreckungsbeamte und gleichstehende Personen    114, 115 StGB",9161000,Ingolstadt,insg.,116,84,32,0,0,0,0,0,0,0,0,0,0,0,0,5,2,3,111,82,29,0,0,0,111,82,29,2021
621120,"T tlicher Angriff auf Vollstreckungsbeamte und gleichstehende Personen    114, 115 StGB",16053000,Jena,voll.,22,18,4,0,0,0,0,0,0,0,0,0,0,0,0,0,0,0,22,18,4,0,0,0,22,18,4,2021
621120,"T tlicher Angriff auf Vollstreckungsbeamte und gleichstehende Personen    114, 115 StGB",16053000,Jena,vers.,0,0,0,0,0,0,0,0,0,0,0,0,0,0,0,0,0,0,0,0,0,0,0,0,0,0,0,2021
621120,"T tlicher Angriff auf Vollstreckungsbeamte und gleichstehende Personen    114, 115 StGB",16053000,Jena,insg.,22,18,4,0,0,0,0,0,0,0,0,0,0,0,0,0,0,0,22,18,4,0,0,0,22,18,4,2021
621120,"T tlicher Angriff auf Vollstreckungsbeamte und gleichstehende Personen    114, 115 StGB",7312000,Kaiserslautern,voll.,62,51,11,0,0,0,0,0,0,0,0,0,0,0,0,0,0,0,62,51,11,0,0,0,62,51,11,2021
621120,"T tlicher Angriff auf Vollstreckungsbeamte und gleichstehende Personen    114, 115 StGB",7312000,Kaiserslautern,vers.,0,0,0,0,0,0,0,0,0,0,0,0,0,0,0,0,0,0,0,0,0,0,0,0,0,0,0,2021
621120,"T tlicher Angriff auf Vollstreckungsbeamte und gleichstehende Personen    114, 115 StGB",7312000,Kaiserslautern,insg.,62,51,11,0,0,0,0,0,0,0,0,0,0,0,0,0,0,0,62,51,11,0,0,0,62,51,11,2021
621120,"T tlicher Angriff auf Vollstreckungsbeamte und gleichstehende Personen    114, 115 StGB",8212000,Karlsruhe,voll.,236,195,41,0,0,0,0,0,0,0,0,0,1,0,1,15,9,6,216,182,34,4,4,0,220,186,34,2021
621120,"T tlicher Angriff auf Vollstreckungsbeamte und gleichstehende Personen    114, 115 StGB",8212000,Karlsruhe,vers.,0,0,0,0,0,0,0,0,0,0,0,0,0,0,0,0,0,0,0,0,0,0,0,0,0,0,0,2021
621120,"T tlicher Angriff auf Vollstreckungsbeamte und gleichstehende Personen    114, 115 StGB",8212000,Karlsruhe,insg.,236,195,41,0,0,0,0,0,0,0,0,0,1,0,1,15,9,6,216,182,34,4,4,0,220,186,34,2021
621120,"T tlicher Angriff auf Vollstreckungsbeamte und gleichstehende Personen    114, 115 StGB",6611000,Kassel,voll.,118,101,17,0,0,0,0,0,0,0,0,0,0,0,0,15,12,3,103,89,14,0,0,0,103,89,14,2021
621120,"T tlicher Angriff auf Vollstreckungsbeamte und gleichstehende Personen    114, 115 StGB",6611000,Kassel,vers.,0,0,0,0,0,0,0,0,0,0,0,0,0,0,0,0,0,0,0,0,0,0,0,0,0,0,0,2021
621120,"T tlicher Angriff auf Vollstreckungsbeamte und gleichstehende Personen    114, 115 StGB",6611000,Kassel,insg.,118,101,17,0,0,0,0,0,0,0,0,0,0,0,0,15,12,3,103,89,14,0,0,0,103,89,14,2021
621120,"T tlicher Angriff auf Vollstreckungsbeamte und gleichstehende Personen    114, 115 StGB",1002000,Kiel,voll.,272,210,62,0,0,0,0,0,0,0,0,0,0,0,0,7,3,4,262,204,58,3,3,0,265,207,58,2021
621120,"T tlicher Angriff auf Vollstreckungsbeamte und gleichstehende Personen    114, 115 StGB",1002000,Kiel,vers.,0,0,0,0,0,0,0,0,0,0,0,0,0,0,0,0,0,0,0,0,0,0,0,0,0,0,0,2021
621120,"T tlicher Angriff auf Vollstreckungsbeamte und gleichstehende Personen    114, 115 StGB",1002000,Kiel,insg.,272,210,62,0,0,0,0,0,0,0,0,0,0,0,0,7,3,4,262,204,58,3,3,0,265,207,58,2021
621120,"T tlicher Angriff auf Vollstreckungsbeamte und gleichstehende Personen    114, 115 StGB",7111000,Koblenz,voll.,73,59,14,0,0,0,0,0,0,0,0,0,0,0,0,2,2,0,69,56,13,2,1,1,71,57,14,2021
621120,"T tlicher Angriff auf Vollstreckungsbeamte und gleichstehende Personen    114, 115 StGB",7111000,Koblenz,vers.,0,0,0,0,0,0,0,0,0,0,0,0,0,0,0,0,0,0,0,0,0,0,0,0,0,0,0,2021
621120,"T tlicher Angriff auf Vollstreckungsbeamte und gleichstehende Personen    114, 115 StGB",7111000,Koblenz,insg.,73,59,14,0,0,0,0,0,0,0,0,0,0,0,0,2,2,0,69,56,13,2,1,1,71,57,14,2021
621120,"T tlicher Angriff auf Vollstreckungsbeamte und gleichstehende Personen    114, 115 StGB",5315000,K ln,voll.,684,501,183,0,0,0,0,0,0,0,0,0,1,1,0,16,12,4,663,484,179,4,4,0,667,488,179,2021
621120,"T tlicher Angriff auf Vollstreckungsbeamte und gleichstehende Personen    114, 115 StGB",5315000,K ln,vers.,0,0,0,0,0,0,0,0,0,0,0,0,0,0,0,0,0,0,0,0,0,0,0,0,0,0,0,2021
621120,"T tlicher Angriff auf Vollstreckungsbeamte und gleichstehende Personen    114, 115 StGB",5315000,K ln,insg.,684,501,183,0,0,0,0,0,0,0,0,0,1,1,0,16,12,4,663,484,179,4,4,0,667,488,179,2021
621120,"T tlicher Angriff auf Vollstreckungsbeamte und gleichstehende Personen    114, 115 StGB",5114000,Krefeld,voll.,161,115,46,0,0,0,0,0,0,0,0,0,0,0,0,3,2,1,157,112,45,1,1,0,158,113,45,2021
621120,"T tlicher Angriff auf Vollstreckungsbeamte und gleichstehende Personen    114, 115 StGB",5114000,Krefeld,vers.,0,0,0,0,0,0,0,0,0,0,0,0,0,0,0,0,0,0,0,0,0,0,0,0,0,0,0,2021
621120,"T tlicher Angriff auf Vollstreckungsbeamte und gleichstehende Personen    114, 115 StGB",5114000,Krefeld,insg.,161,115,46,0,0,0,0,0,0,0,0,0,0,0,0,3,2,1,157,112,45,1,1,0,158,113,45,2021
621120,"T tlicher Angriff auf Vollstreckungsbeamte und gleichstehende Personen    114, 115 StGB",14713000,Leipzig,voll.,286,236,50,0,0,0,0,0,0,0,0,0,0,0,0,10,6,4,275,229,46,1,1,0,276,230,46,2021
621120,"T tlicher Angriff auf Vollstreckungsbeamte und gleichstehende Personen    114, 115 StGB",14713000,Leipzig,vers.,0,0,0,0,0,0,0,0,0,0,0,0,0,0,0,0,0,0,0,0,0,0,0,0,0,0,0,2021
621120,"T tlicher Angriff auf Vollstreckungsbeamte und gleichstehende Personen    114, 115 StGB",14713000,Leipzig,insg.,286,236,50,0,0,0,0,0,0,0,0,0,0,0,0,10,6,4,275,229,46,1,1,0,276,230,46,2021
621120,"T tlicher Angriff auf Vollstreckungsbeamte und gleichstehende Personen    114, 115 StGB",5316000,Leverkusen,voll.,42,27,15,0,0,0,0,0,0,0,0,0,0,0,0,1,0,1,40,27,13,1,0,1,41,27,14,2021
621120,"T tlicher Angriff auf Vollstreckungsbeamte und gleichstehende Personen    114, 115 StGB",5316000,Leverkusen,vers.,0,0,0,0,0,0,0,0,0,0,0,0,0,0,0,0,0,0,0,0,0,0,0,0,0,0,0,2021
621120,"T tlicher Angriff auf Vollstreckungsbeamte und gleichstehende Personen    114, 115 StGB",5316000,Leverkusen,insg.,42,27,15,0,0,0,0,0,0,0,0,0,0,0,0,1,0,1,40,27,13,1,0,1,41,27,14,2021
621120,"T tlicher Angriff auf Vollstreckungsbeamte und gleichstehende Personen    114, 115 StGB",1003000,L beck,voll.,277,217,60,0,0,0,0,0,0,0,0,0,0,0,0,8,4,4,269,213,56,0,0,0,269,213,56,2021
621120,"T tlicher Angriff auf Vollstreckungsbeamte und gleichstehende Personen    114, 115 StGB",1003000,L beck,vers.,0,0,0,0,0,0,0,0,0,0,0,0,0,0,0,0,0,0,0,0,0,0,0,0,0,0,0,2021
621120,"T tlicher Angriff auf Vollstreckungsbeamte und gleichstehende Personen    114, 115 StGB",1003000,L beck,insg.,277,217,60,0,0,0,0,0,0,0,0,0,0,0,0,8,4,4,269,213,56,0,0,0,269,213,56,2021
621120,"T tlicher Angriff auf Vollstreckungsbeamte und gleichstehende Personen    114, 115 StGB",7314000,Ludwigshafen am Rhein,voll.,47,36,11,0,0,0,0,0,0,0,0,0,0,0,0,1,1,0,46,35,11,0,0,0,46,35,11,2021
621120,"T tlicher Angriff auf Vollstreckungsbeamte und gleichstehende Personen    114, 115 StGB",7314000,Ludwigshafen am Rhein,vers.,0,0,0,0,0,0,0,0,0,0,0,0,0,0,0,0,0,0,0,0,0,0,0,0,0,0,0,2021
621120,"T tlicher Angriff auf Vollstreckungsbeamte und gleichstehende Personen    114, 115 StGB",7314000,Ludwigshafen am Rhein,insg.,47,36,11,0,0,0,0,0,0,0,0,0,0,0,0,1,1,0,46,35,11,0,0,0,46,35,11,2021
621120,"T tlicher Angriff auf Vollstreckungsbeamte und gleichstehende Personen    114, 115 StGB",15003000,Magdeburg,voll.,91,73,18,0,0,0,0,0,0,0,0,0,0,0,0,3,2,1,85,68,17,3,3,0,88,71,17,2021
621120,"T tlicher Angriff auf Vollstreckungsbeamte und gleichstehende Personen    114, 115 StGB",15003000,Magdeburg,vers.,0,0,0,0,0,0,0,0,0,0,0,0,0,0,0,0,0,0,0,0,0,0,0,0,0,0,0,2021
621120,"T tlicher Angriff auf Vollstreckungsbeamte und gleichstehende Personen    114, 115 StGB",15003000,Magdeburg,insg.,91,73,18,0,0,0,0,0,0,0,0,0,0,0,0,3,2,1,85,68,17,3,3,0,88,71,17,2021
621120,"T tlicher Angriff auf Vollstreckungsbeamte und gleichstehende Personen    114, 115 StGB",7315000,Mainz,voll.,89,73,16,0,0,0,0,0,0,0,0,0,0,0,0,2,2,0,87,71,16,0,0,0,87,71,16,2021
621120,"T tlicher Angriff auf Vollstreckungsbeamte und gleichstehende Personen    114, 115 StGB",7315000,Mainz,vers.,0,0,0,0,0,0,0,0,0,0,0,0,0,0,0,0,0,0,0,0,0,0,0,0,0,0,0,2021
621120,"T tlicher Angriff auf Vollstreckungsbeamte und gleichstehende Personen    114, 115 StGB",7315000,Mainz,insg.,89,73,16,0,0,0,0,0,0,0,0,0,0,0,0,2,2,0,87,71,16,0,0,0,87,71,16,2021
621120,"T tlicher Angriff auf Vollstreckungsbeamte und gleichstehende Personen    114, 115 StGB",8222000,Mannheim,voll.,223,179,44,0,0,0,0,0,0,0,0,0,0,0,0,3,3,0,219,175,44,1,1,0,220,176,44,2021
621120,"T tlicher Angriff auf Vollstreckungsbeamte und gleichstehende Personen    114, 115 StGB",8222000,Mannheim,vers.,0,0,0,0,0,0,0,0,0,0,0,0,0,0,0,0,0,0,0,0,0,0,0,0,0,0,0,2021
621120,"T tlicher Angriff auf Vollstreckungsbeamte und gleichstehende Personen    114, 115 StGB",8222000,Mannheim,insg.,223,179,44,0,0,0,0,0,0,0,0,0,0,0,0,3,3,0,219,175,44,1,1,0,220,176,44,2021
621120,"T tlicher Angriff auf Vollstreckungsbeamte und gleichstehende Personen    114, 115 StGB",5170024,Moers,voll.,29,17,12,0,0,0,0,0,0,0,0,0,0,0,0,0,0,0,29,17,12,0,0,0,29,17,12,2021
621120,"T tlicher Angriff auf Vollstreckungsbeamte und gleichstehende Personen    114, 115 StGB",5170024,Moers,vers.,0,0,0,0,0,0,0,0,0,0,0,0,0,0,0,0,0,0,0,0,0,0,0,0,0,0,0,2021
621120,"T tlicher Angriff auf Vollstreckungsbeamte und gleichstehende Personen    114, 115 StGB",5170024,Moers,insg.,29,17,12,0,0,0,0,0,0,0,0,0,0,0,0,0,0,0,29,17,12,0,0,0,29,17,12,2021
621120,"T tlicher Angriff auf Vollstreckungsbeamte und gleichstehende Personen    114, 115 StGB",5116000,M nchengladbach,voll.,128,87,41,0,0,0,0,0,0,0,0,0,0,0,0,2,0,2,124,85,39,2,2,0,126,87,39,2021
621120,"T tlicher Angriff auf Vollstreckungsbeamte und gleichstehende Personen    114, 115 StGB",5116000,M nchengladbach,vers.,0,0,0,0,0,0,0,0,0,0,0,0,0,0,0,0,0,0,0,0,0,0,0,0,0,0,0,2021
621120,"T tlicher Angriff auf Vollstreckungsbeamte und gleichstehende Personen    114, 115 StGB",5116000,M nchengladbach,insg.,128,87,41,0,0,0,0,0,0,0,0,0,0,0,0,2,0,2,124,85,39,2,2,0,126,87,39,2021
621120,"T tlicher Angriff auf Vollstreckungsbeamte und gleichstehende Personen    114, 115 StGB",5117000,M lheim an der Ruhr,voll.,18,11,7,0,0,0,0,0,0,0,0,0,0,0,0,0,0,0,17,11,6,1,0,1,18,11,7,2021
621120,"T tlicher Angriff auf Vollstreckungsbeamte und gleichstehende Personen    114, 115 StGB",5117000,M lheim an der Ruhr,vers.,0,0,0,0,0,0,0,0,0,0,0,0,0,0,0,0,0,0,0,0,0,0,0,0,0,0,0,2021
621120,"T tlicher Angriff auf Vollstreckungsbeamte und gleichstehende Personen    114, 115 StGB",5117000,M lheim an der Ruhr,insg.,18,11,7,0,0,0,0,0,0,0,0,0,0,0,0,0,0,0,17,11,6,1,0,1,18,11,7,2021
621120,"T tlicher Angriff auf Vollstreckungsbeamte und gleichstehende Personen    114, 115 StGB",9162000,M nchen,voll.,1098,866,232,0,0,0,0,0,0,0,0,0,0,0,0,24,16,8,1072,848,224,2,2,0,1074,850,224,2021
621120,"T tlicher Angriff auf Vollstreckungsbeamte und gleichstehende Personen    114, 115 StGB",9162000,M nchen,vers.,0,0,0,0,0,0,0,0,0,0,0,0,0,0,0,0,0,0,0,0,0,0,0,0,0,0,0,2021
621120,"T tlicher Angriff auf Vollstreckungsbeamte und gleichstehende Personen    114, 115 StGB",9162000,M nchen,insg.,1098,866,232,0,0,0,0,0,0,0,0,0,0,0,0,24,16,8,1072,848,224,2,2,0,1074,850,224,2021
621120,"T tlicher Angriff auf Vollstreckungsbeamte und gleichstehende Personen    114, 115 StGB",5515000,M nster,voll.,133,109,24,0,0,0,0,0,0,0,0,0,0,0,0,7,2,5,124,105,19,2,2,0,126,107,19,2021
621120,"T tlicher Angriff auf Vollstreckungsbeamte und gleichstehende Personen    114, 115 StGB",5515000,M nster,vers.,0,0,0,0,0,0,0,0,0,0,0,0,0,0,0,0,0,0,0,0,0,0,0,0,0,0,0,2021
621120,"T tlicher Angriff auf Vollstreckungsbeamte und gleichstehende Personen    114, 115 StGB",5515000,M nster,insg.,133,109,24,0,0,0,0,0,0,0,0,0,0,0,0,7,2,5,124,105,19,2,2,0,126,107,19,2021
621120,"T tlicher Angriff auf Vollstreckungsbeamte und gleichstehende Personen    114, 115 StGB",5162024,Neuss,voll.,14,10,4,0,0,0,0,0,0,0,0,0,0,0,0,0,0,0,14,10,4,0,0,0,14,10,4,2021
621120,"T tlicher Angriff auf Vollstreckungsbeamte und gleichstehende Personen    114, 115 StGB",5162024,Neuss,vers.,0,0,0,0,0,0,0,0,0,0,0,0,0,0,0,0,0,0,0,0,0,0,0,0,0,0,0,2021
621120,"T tlicher Angriff auf Vollstreckungsbeamte und gleichstehende Personen    114, 115 StGB",5162024,Neuss,insg.,14,10,4,0,0,0,0,0,0,0,0,0,0,0,0,0,0,0,14,10,4,0,0,0,14,10,4,2021
621120,"T tlicher Angriff auf Vollstreckungsbeamte und gleichstehende Personen    114, 115 StGB",9564000,N rnberg,voll.,594,455,139,0,0,0,0,0,0,0,0,0,0,0,0,14,8,6,579,446,133,1,1,0,580,447,133,2021
621120,"T tlicher Angriff auf Vollstreckungsbeamte und gleichstehende Personen    114, 115 StGB",9564000,N rnberg,vers.,0,0,0,0,0,0,0,0,0,0,0,0,0,0,0,0,0,0,0,0,0,0,0,0,0,0,0,2021
621120,"T tlicher Angriff auf Vollstreckungsbeamte und gleichstehende Personen    114, 115 StGB",9564000,N rnberg,insg.,594,455,139,0,0,0,0,0,0,0,0,0,0,0,0,14,8,6,579,446,133,1,1,0,580,447,133,2021
621120,"T tlicher Angriff auf Vollstreckungsbeamte und gleichstehende Personen    114, 115 StGB",5119000,Oberhausen,voll.,78,55,23,1,1,0,0,0,0,1,1,0,0,0,0,0,0,0,75,53,22,2,1,1,77,54,23,2021
621120,"T tlicher Angriff auf Vollstreckungsbeamte und gleichstehende Personen    114, 115 StGB",5119000,Oberhausen,vers.,0,0,0,0,0,0,0,0,0,0,0,0,0,0,0,0,0,0,0,0,0,0,0,0,0,0,0,2021
621120,"T tlicher Angriff auf Vollstreckungsbeamte und gleichstehende Personen    114, 115 StGB",5119000,Oberhausen,insg.,78,55,23,1,1,0,0,0,0,1,1,0,0,0,0,0,0,0,75,53,22,2,1,1,77,54,23,2021
621120,"T tlicher Angriff auf Vollstreckungsbeamte und gleichstehende Personen    114, 115 StGB",6413000,Offenbach am Main,voll.,71,52,19,0,0,0,0,0,0,0,0,0,0,0,0,1,1,0,70,51,19,0,0,0,70,51,19,2021
621120,"T tlicher Angriff auf Vollstreckungsbeamte und gleichstehende Personen    114, 115 StGB",6413000,Offenbach am Main,vers.,0,0,0,0,0,0,0,0,0,0,0,0,0,0,0,0,0,0,0,0,0,0,0,0,0,0,0,2021
621120,"T tlicher Angriff auf Vollstreckungsbeamte und gleichstehende Personen    114, 115 StGB",6413000,Offenbach am Main,insg.,71,52,19,0,0,0,0,0,0,0,0,0,0,0,0,1,1,0,70,51,19,0,0,0,70,51,19,2021
621120,"T tlicher Angriff auf Vollstreckungsbeamte und gleichstehende Personen    114, 115 StGB",3403000,Oldenburg (Oldenburg),voll.,85,65,20,0,0,0,0,0,0,0,0,0,0,0,0,1,1,0,82,62,20,2,2,0,84,64,20,2021
621120,"T tlicher Angriff auf Vollstreckungsbeamte und gleichstehende Personen    114, 115 StGB",3403000,Oldenburg (Oldenburg),vers.,0,0,0,0,0,0,0,0,0,0,0,0,0,0,0,0,0,0,0,0,0,0,0,0,0,0,0,2021
621120,"T tlicher Angriff auf Vollstreckungsbeamte und gleichstehende Personen    114, 115 StGB",3403000,Oldenburg (Oldenburg),insg.,85,65,20,0,0,0,0,0,0,0,0,0,0,0,0,1,1,0,82,62,20,2,2,0,84,64,20,2021
621120,"T tlicher Angriff auf Vollstreckungsbeamte und gleichstehende Personen    114, 115 StGB",3404000,Osnabr ck,voll.,135,108,27,0,0,0,0,0,0,0,0,0,0,0,0,5,1,4,130,107,23,0,0,0,130,107,23,2021
621120,"T tlicher Angriff auf Vollstreckungsbeamte und gleichstehende Personen    114, 115 StGB",3404000,Osnabr ck,vers.,0,0,0,0,0,0,0,0,0,0,0,0,0,0,0,0,0,0,0,0,0,0,0,0,0,0,0,2021
621120,"T tlicher Angriff auf Vollstreckungsbeamte und gleichstehende Personen    114, 115 StGB",3404000,Osnabr ck,insg.,135,108,27,0,0,0,0,0,0,0,0,0,0,0,0,5,1,4,130,107,23,0,0,0,130,107,23,2021
621120,"T tlicher Angriff auf Vollstreckungsbeamte und gleichstehende Personen    114, 115 StGB",5774032,Paderborn,voll.,62,52,10,0,0,0,0,0,0,0,0,0,0,0,0,0,0,0,61,51,10,1,1,0,62,52,10,2021
621120,"T tlicher Angriff auf Vollstreckungsbeamte und gleichstehende Personen    114, 115 StGB",5774032,Paderborn,vers.,0,0,0,0,0,0,0,0,0,0,0,0,0,0,0,0,0,0,0,0,0,0,0,0,0,0,0,2021
621120,"T tlicher Angriff auf Vollstreckungsbeamte und gleichstehende Personen    114, 115 StGB",5774032,Paderborn,insg.,62,52,10,0,0,0,0,0,0,0,0,0,0,0,0,0,0,0,61,51,10,1,1,0,62,52,10,2021
621120,"T tlicher Angriff auf Vollstreckungsbeamte und gleichstehende Personen    114, 115 StGB",8231000,Pforzheim,voll.,144,95,49,0,0,0,0,0,0,0,0,0,0,0,0,7,5,2,137,90,47,0,0,0,137,90,47,2021
621120,"T tlicher Angriff auf Vollstreckungsbeamte und gleichstehende Personen    114, 115 StGB",8231000,Pforzheim,vers.,0,0,0,0,0,0,0,0,0,0,0,0,0,0,0,0,0,0,0,0,0,0,0,0,0,0,0,2021
621120,"T tlicher Angriff auf Vollstreckungsbeamte und gleichstehende Personen    114, 115 StGB",8231000,Pforzheim,insg.,144,95,49,0,0,0,0,0,0,0,0,0,0,0,0,7,5,2,137,90,47,0,0,0,137,90,47,2021
621120,"T tlicher Angriff auf Vollstreckungsbeamte und gleichstehende Personen    114, 115 StGB",12054000,Potsdam,voll.,98,74,24,0,0,0,0,0,0,0,0,0,0,0,0,3,1,2,95,73,22,0,0,0,95,73,22,2021
621120,"T tlicher Angriff auf Vollstreckungsbeamte und gleichstehende Personen    114, 115 StGB",12054000,Potsdam,vers.,0,0,0,0,0,0,0,0,0,0,0,0,0,0,0,0,0,0,0,0,0,0,0,0,0,0,0,2021
621120,"T tlicher Angriff auf Vollstreckungsbeamte und gleichstehende Personen    114, 115 StGB",12054000,Potsdam,insg.,98,74,24,0,0,0,0,0,0,0,0,0,0,0,0,3,1,2,95,73,22,0,0,0,95,73,22,2021
621120,"T tlicher Angriff auf Vollstreckungsbeamte und gleichstehende Personen    114, 115 StGB",5562032,Recklinghausen,voll.,66,49,17,0,0,0,0,0,0,0,0,0,0,0,0,1,0,1,62,46,16,3,3,0,65,49,16,2021
621120,"T tlicher Angriff auf Vollstreckungsbeamte und gleichstehende Personen    114, 115 StGB",5562032,Recklinghausen,vers.,0,0,0,0,0,0,0,0,0,0,0,0,0,0,0,0,0,0,0,0,0,0,0,0,0,0,0,2021
621120,"T tlicher Angriff auf Vollstreckungsbeamte und gleichstehende Personen    114, 115 StGB",5562032,Recklinghausen,insg.,66,49,17,0,0,0,0,0,0,0,0,0,0,0,0,1,0,1,62,46,16,3,3,0,65,49,16,2021
621120,"T tlicher Angriff auf Vollstreckungsbeamte und gleichstehende Personen    114, 115 StGB",9362000,Regensburg,voll.,137,110,27,0,0,0,0,0,0,0,0,0,0,0,0,3,2,1,133,107,26,1,1,0,134,108,26,2021
621120,"T tlicher Angriff auf Vollstreckungsbeamte und gleichstehende Personen    114, 115 StGB",9362000,Regensburg,vers.,0,0,0,0,0,0,0,0,0,0,0,0,0,0,0,0,0,0,0,0,0,0,0,0,0,0,0,2021
621120,"T tlicher Angriff auf Vollstreckungsbeamte und gleichstehende Personen    114, 115 StGB",9362000,Regensburg,insg.,137,110,27,0,0,0,0,0,0,0,0,0,0,0,0,3,2,1,133,107,26,1,1,0,134,108,26,2021
621120,"T tlicher Angriff auf Vollstreckungsbeamte und gleichstehende Personen    114, 115 StGB",5120000,Remscheid,voll.,31,22,9,0,0,0,0,0,0,0,0,0,0,0,0,0,0,0,29,21,8,2,1,1,31,22,9,2021
621120,"T tlicher Angriff auf Vollstreckungsbeamte und gleichstehende Personen    114, 115 StGB",5120000,Remscheid,vers.,0,0,0,0,0,0,0,0,0,0,0,0,0,0,0,0,0,0,0,0,0,0,0,0,0,0,0,2021
621120,"T tlicher Angriff auf Vollstreckungsbeamte und gleichstehende Personen    114, 115 StGB",5120000,Remscheid,insg.,31,22,9,0,0,0,0,0,0,0,0,0,0,0,0,0,0,0,29,21,8,2,1,1,31,22,9,2021
621120,"T tlicher Angriff auf Vollstreckungsbeamte und gleichstehende Personen    114, 115 StGB",8415061,Reutlingen,voll.,72,57,15,0,0,0,0,0,0,0,0,0,0,0,0,1,1,0,71,56,15,0,0,0,71,56,15,2021
621120,"T tlicher Angriff auf Vollstreckungsbeamte und gleichstehende Personen    114, 115 StGB",8415061,Reutlingen,vers.,0,0,0,0,0,0,0,0,0,0,0,0,0,0,0,0,0,0,0,0,0,0,0,0,0,0,0,2021
621120,"T tlicher Angriff auf Vollstreckungsbeamte und gleichstehende Personen    114, 115 StGB",8415061,Reutlingen,insg.,72,57,15,0,0,0,0,0,0,0,0,0,0,0,0,1,1,0,71,56,15,0,0,0,71,56,15,2021
621120,"T tlicher Angriff auf Vollstreckungsbeamte und gleichstehende Personen    114, 115 StGB",13003000,Rostock,voll.,125,98,27,0,0,0,0,0,0,0,0,0,0,0,0,3,1,2,121,96,25,1,1,0,122,97,25,2021
621120,"T tlicher Angriff auf Vollstreckungsbeamte und gleichstehende Personen    114, 115 StGB",13003000,Rostock,vers.,0,0,0,0,0,0,0,0,0,0,0,0,0,0,0,0,0,0,0,0,0,0,0,0,0,0,0,2021
621120,"T tlicher Angriff auf Vollstreckungsbeamte und gleichstehende Personen    114, 115 StGB",13003000,Rostock,insg.,125,98,27,0,0,0,0,0,0,0,0,0,0,0,0,3,1,2,121,96,25,1,1,0,122,97,25,2021
621120,"T tlicher Angriff auf Vollstreckungsbeamte und gleichstehende Personen    114, 115 StGB",10041100,Saarbr cken,voll.,171,133,38,0,0,0,0,0,0,0,0,0,0,0,0,1,1,0,169,131,38,1,1,0,170,132,38,2021
621120,"T tlicher Angriff auf Vollstreckungsbeamte und gleichstehende Personen    114, 115 StGB",10041100,Saarbr cken,vers.,0,0,0,0,0,0,0,0,0,0,0,0,0,0,0,0,0,0,0,0,0,0,0,0,0,0,0,2021
621120,"T tlicher Angriff auf Vollstreckungsbeamte und gleichstehende Personen    114, 115 StGB",10041100,Saarbr cken,insg.,171,133,38,0,0,0,0,0,0,0,0,0,0,0,0,1,1,0,169,131,38,1,1,0,170,132,38,2021
621120,"T tlicher Angriff auf Vollstreckungsbeamte und gleichstehende Personen    114, 115 StGB",3102000,Salzgitter,voll.,38,29,9,0,0,0,0,0,0,0,0,0,0,0,0,1,0,1,36,28,8,1,1,0,37,29,8,2021
621120,"T tlicher Angriff auf Vollstreckungsbeamte und gleichstehende Personen    114, 115 StGB",3102000,Salzgitter,vers.,0,0,0,0,0,0,0,0,0,0,0,0,0,0,0,0,0,0,0,0,0,0,0,0,0,0,0,2021
621120,"T tlicher Angriff auf Vollstreckungsbeamte und gleichstehende Personen    114, 115 StGB",3102000,Salzgitter,insg.,38,29,9,0,0,0,0,0,0,0,0,0,0,0,0,1,0,1,36,28,8,1,1,0,37,29,8,2021
621120,"T tlicher Angriff auf Vollstreckungsbeamte und gleichstehende Personen    114, 115 StGB",13004000,Schwerin,voll.,81,65,16,0,0,0,0,0,0,0,0,0,0,0,0,1,1,0,80,64,16,0,0,0,80,64,16,2021
621120,"T tlicher Angriff auf Vollstreckungsbeamte und gleichstehende Personen    114, 115 StGB",13004000,Schwerin,vers.,0,0,0,0,0,0,0,0,0,0,0,0,0,0,0,0,0,0,0,0,0,0,0,0,0,0,0,2021
621120,"T tlicher Angriff auf Vollstreckungsbeamte und gleichstehende Personen    114, 115 StGB",13004000,Schwerin,insg.,81,65,16,0,0,0,0,0,0,0,0,0,0,0,0,1,1,0,80,64,16,0,0,0,80,64,16,2021
621120,"T tlicher Angriff auf Vollstreckungsbeamte und gleichstehende Personen    114, 115 StGB",5970040,Siegen,voll.,101,80,21,0,0,0,0,0,0,0,0,0,0,0,0,0,0,0,101,80,21,0,0,0,101,80,21,2021
621120,"T tlicher Angriff auf Vollstreckungsbeamte und gleichstehende Personen    114, 115 StGB",5970040,Siegen,vers.,0,0,0,0,0,0,0,0,0,0,0,0,0,0,0,0,0,0,0,0,0,0,0,0,0,0,0,2021
621120,"T tlicher Angriff auf Vollstreckungsbeamte und gleichstehende Personen    114, 115 StGB",5970040,Siegen,insg.,101,80,21,0,0,0,0,0,0,0,0,0,0,0,0,0,0,0,101,80,21,0,0,0,101,80,21,2021
621120,"T tlicher Angriff auf Vollstreckungsbeamte und gleichstehende Personen    114, 115 StGB",5122000,Solingen,voll.,33,23,10,0,0,0,0,0,0,0,0,0,0,0,0,1,1,0,32,22,10,0,0,0,32,22,10,2021
621120,"T tlicher Angriff auf Vollstreckungsbeamte und gleichstehende Personen    114, 115 StGB",5122000,Solingen,vers.,0,0,0,0,0,0,0,0,0,0,0,0,0,0,0,0,0,0,0,0,0,0,0,0,0,0,0,2021
621120,"T tlicher Angriff auf Vollstreckungsbeamte und gleichstehende Personen    114, 115 StGB",5122000,Solingen,insg.,33,23,10,0,0,0,0,0,0,0,0,0,0,0,0,1,1,0,32,22,10,0,0,0,32,22,10,2021
621120,"T tlicher Angriff auf Vollstreckungsbeamte und gleichstehende Personen    114, 115 StGB",8111000,Stuttgart,voll.,864,637,227,0,0,0,0,0,0,0,0,0,0,0,0,22,12,10,834,618,216,8,7,1,842,625,217,2021
621120,"T tlicher Angriff auf Vollstreckungsbeamte und gleichstehende Personen    114, 115 StGB",8111000,Stuttgart,vers.,0,0,0,0,0,0,0,0,0,0,0,0,0,0,0,0,0,0,0,0,0,0,0,0,0,0,0,2021
621120,"T tlicher Angriff auf Vollstreckungsbeamte und gleichstehende Personen    114, 115 StGB",8111000,Stuttgart,insg.,864,637,227,0,0,0,0,0,0,0,0,0,0,0,0,22,12,10,834,618,216,8,7,1,842,625,217,2021
621120,"T tlicher Angriff auf Vollstreckungsbeamte und gleichstehende Personen    114, 115 StGB",7211000,Trier,voll.,98,85,13,0,0,0,0,0,0,0,0,0,0,0,0,2,2,0,96,83,13,0,0,0,96,83,13,2021
621120,"T tlicher Angriff auf Vollstreckungsbeamte und gleichstehende Personen    114, 115 StGB",7211000,Trier,vers.,0,0,0,0,0,0,0,0,0,0,0,0,0,0,0,0,0,0,0,0,0,0,0,0,0,0,0,2021
621120,"T tlicher Angriff auf Vollstreckungsbeamte und gleichstehende Personen    114, 115 StGB",7211000,Trier,insg.,98,85,13,0,0,0,0,0,0,0,0,0,0,0,0,2,2,0,96,83,13,0,0,0,96,83,13,2021
621120,"T tlicher Angriff auf Vollstreckungsbeamte und gleichstehende Personen    114, 115 StGB",8421000,Ulm,voll.,93,71,22,0,0,0,0,0,0,0,0,0,0,0,0,6,5,1,87,66,21,0,0,0,87,66,21,2021
621120,"T tlicher Angriff auf Vollstreckungsbeamte und gleichstehende Personen    114, 115 StGB",8421000,Ulm,vers.,0,0,0,0,0,0,0,0,0,0,0,0,0,0,0,0,0,0,0,0,0,0,0,0,0,0,0,2021
621120,"T tlicher Angriff auf Vollstreckungsbeamte und gleichstehende Personen    114, 115 StGB",8421000,Ulm,insg.,93,71,22,0,0,0,0,0,0,0,0,0,0,0,0,6,5,1,87,66,21,0,0,0,87,66,21,2021
621120,"T tlicher Angriff auf Vollstreckungsbeamte und gleichstehende Personen    114, 115 StGB",6414000,Wiesbaden,voll.,106,81,25,0,0,0,0,0,0,0,0,0,0,0,0,0,0,0,106,81,25,0,0,0,106,81,25,2021
621120,"T tlicher Angriff auf Vollstreckungsbeamte und gleichstehende Personen    114, 115 StGB",6414000,Wiesbaden,vers.,0,0,0,0,0,0,0,0,0,0,0,0,0,0,0,0,0,0,0,0,0,0,0,0,0,0,0,2021
621120,"T tlicher Angriff auf Vollstreckungsbeamte und gleichstehende Personen    114, 115 StGB",6414000,Wiesbaden,insg.,106,81,25,0,0,0,0,0,0,0,0,0,0,0,0,0,0,0,106,81,25,0,0,0,106,81,25,2021
621120,"T tlicher Angriff auf Vollstreckungsbeamte und gleichstehende Personen    114, 115 StGB",3103000,Wolfsburg,voll.,83,64,19,0,0,0,0,0,0,0,0,0,0,0,0,3,0,3,80,64,16,0,0,0,80,64,16,2021
621120,"T tlicher Angriff auf Vollstreckungsbeamte und gleichstehende Personen    114, 115 StGB",3103000,Wolfsburg,vers.,0,0,0,0,0,0,0,0,0,0,0,0,0,0,0,0,0,0,0,0,0,0,0,0,0,0,0,2021
621120,"T tlicher Angriff auf Vollstreckungsbeamte und gleichstehende Personen    114, 115 StGB",3103000,Wolfsburg,insg.,83,64,19,0,0,0,0,0,0,0,0,0,0,0,0,3,0,3,80,64,16,0,0,0,80,64,16,2021
621120,"T tlicher Angriff auf Vollstreckungsbeamte und gleichstehende Personen    114, 115 StGB",5124000,Wuppertal,voll.,119,83,36,0,0,0,1,1,0,1,1,0,0,0,0,0,0,0,116,80,36,2,2,0,118,82,36,2021
621120,"T tlicher Angriff auf Vollstreckungsbeamte und gleichstehende Personen    114, 115 StGB",5124000,Wuppertal,vers.,0,0,0,0,0,0,0,0,0,0,0,0,0,0,0,0,0,0,0,0,0,0,0,0,0,0,0,2021
621120,"T tlicher Angriff auf Vollstreckungsbeamte und gleichstehende Personen    114, 115 StGB",5124000,Wuppertal,insg.,119,83,36,0,0,0,1,1,0,1,1,0,0,0,0,0,0,0,116,80,36,2,2,0,118,82,36,2021
621120,"T tlicher Angriff auf Vollstreckungsbeamte und gleichstehende Personen    114, 115 StGB",9663000,W rzburg,voll.,85,76,9,0,0,0,0,0,0,0,0,0,0,0,0,1,0,1,82,74,8,2,2,0,84,76,8,2021
621120,"T tlicher Angriff auf Vollstreckungsbeamte und gleichstehende Personen    114, 115 StGB",9663000,W rzburg,vers.,0,0,0,0,0,0,0,0,0,0,0,0,0,0,0,0,0,0,0,0,0,0,0,0,0,0,0,2021
621120,"T tlicher Angriff auf Vollstreckungsbeamte und gleichstehende Personen    114, 115 StGB",9663000,W rzburg,insg.,85,76,9,0,0,0,0,0,0,0,0,0,0,0,0,1,0,1,82,74,8,2,2,0,84,76,8,2021
892000,Gewaltkriminalit t,5334002,Aachen,voll.,872,613,259,1,1,0,23,17,6,24,18,6,72,38,34,103,71,32,605,438,167,68,48,20,673,486,187,2021
892000,Gewaltkriminalit t,5334002,Aachen,vers.,206,127,79,0,0,0,7,4,3,7,4,3,9,3,6,6,4,2,150,99,51,34,17,17,184,116,68,2021
892000,Gewaltkriminalit t,5334002,Aachen,insg.,1078,740,338,1,1,0,30,21,9,31,22,9,81,41,40,109,75,34,755,537,218,102,65,37,857,602,255,2021
892000,Gewaltkriminalit t,9761000,Augsburg,voll.,608,420,188,6,4,2,27,19,8,33,23,10,60,34,26,67,46,21,413,293,120,35,24,11,448,317,131,2021
892000,Gewaltkriminalit t,9761000,Augsburg,vers.,252,193,59,0,0,0,6,4,2,6,4,2,15,11,4,21,16,5,201,156,45,9,6,3,210,162,48,2021
892000,Gewaltkriminalit t,9761000,Augsburg,insg.,860,613,247,6,4,2,33,23,10,39,27,12,75,45,30,88,62,26,614,449,165,44,30,14,658,479,179,2021
892000,Gewaltkriminalit t,5378004,Bergisch Gladbach,voll.,174,105,69,0,0,0,14,10,4,14,10,4,17,12,5,16,10,6,115,66,49,12,7,5,127,73,54,2021
892000,Gewaltkriminalit t,5378004,Bergisch Gladbach,vers.,54,37,17,0,0,0,2,2,0,2,2,0,4,4,0,3,2,1,40,28,12,5,1,4,45,29,16,2021
892000,Gewaltkriminalit t,5378004,Bergisch Gladbach,insg.,228,142,86,0,0,0,16,12,4,16,12,4,21,16,5,19,12,7,155,94,61,17,8,9,172,102,70,2021
892000,Gewaltkriminalit t,11000000,Berlin,voll.,14451,10451,4000,40,22,18,686,447,239,726,469,257,1701,1215,486,1365,977,388,9882,7315,2567,777,475,302,10659,7790,2869,2021
892000,Gewaltkriminalit t,11000000,Berlin,vers.,3659,2648,1011,42,23,19,151,107,44,193,130,63,253,192,61,248,184,64,2721,1995,726,244,147,97,2965,2142,823,2021
892000,Gewaltkriminalit t,11000000,Berlin,insg.,18110,13099,5011,82,45,37,837,554,283,919,599,320,1954,1407,547,1613,1161,452,12603,9310,3293,1021,622,399,13624,9932,3692,2021
892000,Gewaltkriminalit t,5711000,Bielefeld,voll.,798,522,276,2,1,1,18,11,7,20,12,8,96,56,40,94,68,26,554,370,184,34,16,18,588,386,202,2021
892000,Gewaltkriminalit t,5711000,Bielefeld,vers.,187,125,62,0,0,0,14,14,0,14,14,0,11,7,4,15,8,7,136,90,46,11,6,5,147,96,51,2021
892000,Gewaltkriminalit t,5711000,Bielefeld,insg.,985,647,338,2,1,1,32,25,7,34,26,8,107,63,44,109,76,33,690,460,230,45,22,23,735,482,253,2021
892000,Gewaltkriminalit t,5911000,Bochum,voll.,950,669,281,5,2,3,69,43,26,74,45,29,114,79,35,108,82,26,612,439,173,42,24,18,654,463,191,2021
892000,Gewaltkriminalit t,5911000,Bochum,vers.,245,184,61,3,2,1,14,11,3,17,13,4,7,6,1,15,10,5,186,137,49,20,18,2,206,155,51,2021
892000,Gewaltkriminalit t,5911000,Bochum,insg.,1195,853,342,8,4,4,83,54,29,91,58,33,121,85,36,123,92,31,798,576,222,62,42,20,860,618,242,2021
892000,Gewaltkriminalit t,5314000,Bonn,voll.,1025,751,274,6,4,2,44,29,15,50,33,17,118,76,42,134,107,27,681,504,177,42,31,11,723,535,188,2021
892000,Gewaltkriminalit t,5314000,Bonn,vers.,257,183,74,0,0,0,6,5,1,6,5,1,12,9,3,18,12,6,202,146,56,19,11,8,221,157,64,2021
892000,Gewaltkriminalit t,5314000,Bonn,insg.,1282,934,348,6,4,2,50,34,16,56,38,18,130,85,45,152,119,33,883,650,233,61,42,19,944,692,252,2021
892000,Gewaltkriminalit t,5512000,Bottrop,voll.,231,146,85,1,0,1,18,12,6,19,12,7,36,28,8,19,9,10,146,90,56,11,7,4,157,97,60,2021
892000,Gewaltkriminalit t,5512000,Bottrop,vers.,31,21,10,0,0,0,0,0,0,0,0,0,1,1,0,1,0,1,26,19,7,3,1,2,29,20,9,2021
892000,Gewaltkriminalit t,5512000,Bottrop,insg.,262,167,95,1,0,1,18,12,6,19,12,7,37,29,8,20,9,11,172,109,63,14,8,6,186,117,69,2021
892000,Gewaltkriminalit t,3101000,Braunschweig,voll.,610,387,223,2,2,0,15,12,3,17,14,3,79,43,36,89,55,34,398,252,146,27,23,4,425,275,150,2021
892000,Gewaltkriminalit t,3101000,Braunschweig,vers.,108,70,38,2,1,1,6,2,4,8,3,5,24,14,10,7,7,0,63,41,22,6,5,1,69,46,23,2021
892000,Gewaltkriminalit t,3101000,Braunschweig,insg.,718,457,261,4,3,1,21,14,7,25,17,8,103,57,46,96,62,34,461,293,168,33,28,5,494,321,173,2021
892000,Gewaltkriminalit t,4011000,Bremen,voll.,2565,1851,714,3,2,1,71,47,24,74,49,25,261,201,60,344,249,95,1730,1273,457,156,79,77,1886,1352,534,2021
892000,Gewaltkriminalit t,4011000,Bremen,vers.,484,348,136,2,1,1,21,16,5,23,17,6,31,23,8,25,19,6,364,267,97,41,22,19,405,289,116,2021
892000,Gewaltkriminalit t,4011000,Bremen,insg.,3049,2199,850,5,3,2,92,63,29,97,66,31,292,224,68,369,268,101,2094,1540,554,197,101,96,2291,1641,650,2021
892000,Gewaltkriminalit t,4012000,Bremerhaven,voll.,561,390,171,0,0,0,26,12,14,26,12,14,62,35,27,57,41,16,390,286,104,26,16,10,416,302,114,2021
892000,Gewaltkriminalit t,4012000,Bremerhaven,vers.,80,56,24,1,0,1,1,1,0,2,1,1,6,5,1,12,9,3,52,37,15,8,4,4,60,41,19,2021
892000,Gewaltkriminalit t,4012000,Bremerhaven,insg.,641,446,195,1,0,1,27,13,14,28,13,15,68,40,28,69,50,19,442,323,119,34,20,14,476,343,133,2021
892000,Gewaltkriminalit t,14511000,Chemnitz,voll.,641,482,159,3,1,2,11,8,3,14,9,5,68,49,19,92,71,21,438,339,99,29,14,15,467,353,114,2021
892000,Gewaltkriminalit t,14511000,Chemnitz,vers.,145,107,38,1,1,0,3,2,1,4,3,1,11,9,2,21,15,6,101,74,27,8,6,2,109,80,29,2021
892000,Gewaltkriminalit t,14511000,Chemnitz,insg.,786,589,197,4,2,2,14,10,4,18,12,6,79,58,21,113,86,27,539,413,126,37,20,17,576,433,143,2021
892000,Gewaltkriminalit t,12052000,Cottbus,voll.,275,186,89,3,2,1,10,7,3,13,9,4,26,20,6,31,24,7,190,126,64,15,7,8,205,133,72,2021
892000,Gewaltkriminalit t,12052000,Cottbus,vers.,71,42,29,0,0,0,9,7,2,9,7,2,7,3,4,10,6,4,40,24,16,5,2,3,45,26,19,2021
892000,Gewaltkriminalit t,12052000,Cottbus,insg.,346,228,118,3,2,1,19,14,5,22,16,6,33,23,10,41,30,11,230,150,80,20,9,11,250,159,91,2021
892000,Gewaltkriminalit t,6411000,Darmstadt,voll.,338,259,79,0,0,0,10,10,0,10,10,0,42,33,9,47,33,14,221,170,51,18,13,5,239,183,56,2021
892000,Gewaltkriminalit t,6411000,Darmstadt,vers.,58,38,20,0,0,0,0,0,0,0,0,0,4,1,3,2,2,0,48,32,16,4,3,1,52,35,17,2021
892000,Gewaltkriminalit t,6411000,Darmstadt,insg.,396,297,99,0,0,0,10,10,0,10,10,0,46,34,12,49,35,14,269,202,67,22,16,6,291,218,73,2021
892000,Gewaltkriminalit t,5913000,Dortmund,voll.,2328,1639,689,12,7,5,113,73,40,125,80,45,278,199,79,228,163,65,1590,1125,465,107,72,35,1697,1197,500,2021
892000,Gewaltkriminalit t,5913000,Dortmund,vers.,445,305,140,3,2,1,27,18,9,30,20,10,41,27,14,35,28,7,312,210,102,27,20,7,339,230,109,2021
892000,Gewaltkriminalit t,5913000,Dortmund,insg.,2773,1944,829,15,9,6,140,91,49,155,100,55,319,226,93,263,191,72,1902,1335,567,134,92,42,2036,1427,609,2021
892000,Gewaltkriminalit t,14612000,Dresden,voll.,1394,1045,349,9,4,5,53,31,22,62,35,27,167,112,55,181,124,57,922,736,186,62,38,24,984,774,210,2021
892000,Gewaltkriminalit t,14612000,Dresden,vers.,230,176,54,3,2,1,8,7,1,11,9,2,14,11,3,21,15,6,170,134,36,14,7,7,184,141,43,2021
892000,Gewaltkriminalit t,14612000,Dresden,insg.,1624,1221,403,12,6,6,61,38,23,73,44,29,181,123,58,202,139,63,1092,870,222,76,45,31,1168,915,253,2021
892000,Gewaltkriminalit t,5112000,Duisburg,voll.,1548,1038,510,19,12,7,147,99,48,166,111,55,169,109,60,117,74,43,1011,694,317,85,50,35,1096,744,352,2021
892000,Gewaltkriminalit t,5112000,Duisburg,vers.,318,199,119,1,0,1,33,27,6,34,27,7,24,13,11,18,15,3,211,128,83,31,16,15,242,144,98,2021
892000,Gewaltkriminalit t,5112000,Duisburg,insg.,1866,1237,629,20,12,8,180,126,54,200,138,62,193,122,71,135,89,46,1222,822,400,116,66,50,1338,888,450,2021
892000,Gewaltkriminalit t,5111000,D sseldorf,voll.,2221,1568,653,10,3,7,83,51,32,93,54,39,254,176,78,261,183,78,1488,1078,410,125,77,48,1613,1155,458,2021
892000,Gewaltkriminalit t,5111000,D sseldorf,vers.,368,270,98,3,1,2,11,5,6,14,6,8,24,16,8,30,18,12,274,214,60,26,16,10,300,230,70,2021
892000,Gewaltkriminalit t,5111000,D sseldorf,insg.,2589,1838,751,13,4,9,94,56,38,107,60,47,278,192,86,291,201,90,1762,1292,470,151,93,58,1913,1385,528,2021
892000,Gewaltkriminalit t,16051000,Erfurt,voll.,524,404,120,1,0,1,15,13,2,16,13,3,48,39,9,78,62,16,352,267,85,30,23,7,382,290,92,2021
892000,Gewaltkriminalit t,16051000,Erfurt,vers.,113,89,24,1,1,0,3,1,2,4,2,2,4,4,0,12,8,4,85,69,16,8,6,2,93,75,18,2021
892000,Gewaltkriminalit t,16051000,Erfurt,insg.,637,493,144,2,1,1,18,14,4,20,15,5,52,43,9,90,70,20,437,336,101,38,29,9,475,365,110,2021
892000,Gewaltkriminalit t,9562000,Erlangen,voll.,148,104,44,0,0,0,8,6,2,8,6,2,22,15,7,20,13,7,92,66,26,6,4,2,98,70,28,2021
892000,Gewaltkriminalit t,9562000,Erlangen,vers.,35,20,15,0,0,0,1,1,0,1,1,0,5,3,2,4,2,2,23,13,10,2,1,1,25,14,11,2021
892000,Gewaltkriminalit t,9562000,Erlangen,insg.,183,124,59,0,0,0,9,7,2,9,7,2,27,18,9,24,15,9,115,79,36,8,5,3,123,84,39,2021
892000,Gewaltkriminalit t,5113000,Essen,voll.,1874,1241,633,18,6,12,94,75,19,112,81,31,244,155,89,176,103,73,1220,832,388,122,70,52,1342,902,440,2021
892000,Gewaltkriminalit t,5113000,Essen,vers.,338,219,119,4,2,2,23,17,6,27,19,8,27,24,3,25,17,8,228,146,82,31,13,18,259,159,100,2021
892000,Gewaltkriminalit t,5113000,Essen,insg.,2212,1460,752,22,8,14,117,92,25,139,100,39,271,179,92,201,120,81,1448,978,470,153,83,70,1601,1061,540,2021
892000,Gewaltkriminalit t,6412000,Frankfurt am Main,voll.,3226,2455,771,13,9,4,105,80,25,118,89,29,267,196,71,304,233,71,2377,1837,540,160,100,60,2537,1937,600,2021
892000,Gewaltkriminalit t,6412000,Frankfurt am Main,vers.,630,460,170,12,12,0,11,9,2,23,21,2,32,24,8,40,27,13,485,358,127,50,30,20,535,388,147,2021
892000,Gewaltkriminalit t,6412000,Frankfurt am Main,insg.,3856,2915,941,25,21,4,116,89,27,141,110,31,299,220,79,344,260,84,2862,2195,667,210,130,80,3072,2325,747,2021
892000,Gewaltkriminalit t,8311000,Freiburg im Breisgau,voll.,640,531,109,5,5,0,14,14,0,19,19,0,57,49,8,81,64,17,451,375,76,32,24,8,483,399,84,2021
892000,Gewaltkriminalit t,8311000,Freiburg im Breisgau,vers.,150,121,29,4,1,3,3,1,2,7,2,5,12,9,3,11,9,2,111,97,14,9,4,5,120,101,19,2021
892000,Gewaltkriminalit t,8311000,Freiburg im Breisgau,insg.,790,652,138,9,6,3,17,15,2,26,21,5,69,58,11,92,73,19,562,472,90,41,28,13,603,500,103,2021
892000,Gewaltkriminalit t,9563000,F rth,voll.,158,106,52,0,0,0,8,6,2,8,6,2,23,13,10,15,12,3,103,69,34,9,6,3,112,75,37,2021
892000,Gewaltkriminalit t,9563000,F rth,vers.,38,30,8,0,0,0,1,0,1,1,0,1,6,5,1,2,2,0,27,23,4,2,0,2,29,23,6,2021
892000,Gewaltkriminalit t,9563000,F rth,insg.,196,136,60,0,0,0,9,6,3,9,6,3,29,18,11,17,14,3,130,92,38,11,6,5,141,98,43,2021
892000,Gewaltkriminalit t,5513000,Gelsenkirchen,voll.,773,524,249,6,6,0,57,47,10,63,53,10,110,83,27,62,41,21,493,321,172,45,26,19,538,347,191,2021
892000,Gewaltkriminalit t,5513000,Gelsenkirchen,vers.,144,100,44,1,1,0,5,3,2,6,4,2,11,10,1,4,4,0,116,81,35,7,1,6,123,82,41,2021
892000,Gewaltkriminalit t,5513000,Gelsenkirchen,insg.,917,624,293,7,7,0,62,50,12,69,57,12,121,93,28,66,45,21,609,402,207,52,27,25,661,429,232,2021
892000,Gewaltkriminalit t,3159016,G ttingen,voll.,353,250,103,1,1,0,7,3,4,8,4,4,39,24,15,42,26,16,254,188,66,10,8,2,264,196,68,2021
892000,Gewaltkriminalit t,3159016,G ttingen,vers.,72,44,28,1,1,0,0,0,0,1,1,0,2,1,1,6,4,2,61,37,24,2,1,1,63,38,25,2021
892000,Gewaltkriminalit t,3159016,G ttingen,insg.,425,294,131,2,2,0,7,3,4,9,5,4,41,25,16,48,30,18,315,225,90,12,9,3,327,234,93,2021
892000,Gewaltkriminalit t,5754008,G tersloh,voll.,266,168,98,2,2,0,11,8,3,13,10,3,37,20,17,33,22,11,171,112,59,12,4,8,183,116,67,2021
892000,Gewaltkriminalit t,5754008,G tersloh,vers.,77,48,29,2,1,1,3,0,3,5,1,4,3,1,2,8,6,2,56,39,17,5,1,4,61,40,21,2021
892000,Gewaltkriminalit t,5754008,G tersloh,insg.,343,216,127,4,3,1,14,8,6,18,11,7,40,21,19,41,28,13,227,151,76,17,5,12,244,156,88,2021
892000,Gewaltkriminalit t,5914000,Hagen,voll.,467,327,140,5,3,2,32,22,10,37,25,12,41,29,12,51,40,11,317,221,96,21,12,9,338,233,105,2021
892000,Gewaltkriminalit t,5914000,Hagen,vers.,113,76,37,0,0,0,10,7,3,10,7,3,7,4,3,11,6,5,79,55,24,6,4,2,85,59,26,2021
892000,Gewaltkriminalit t,5914000,Hagen,insg.,580,403,177,5,3,2,42,29,13,47,32,15,48,33,15,62,46,16,396,276,120,27,16,11,423,292,131,2021
892000,Gewaltkriminalit t,15002000,Halle (Saale),voll.,903,693,210,4,1,3,58,46,12,62,47,15,153,117,36,117,91,26,528,419,109,43,19,24,571,438,133,2021
892000,Gewaltkriminalit t,15002000,Halle (Saale),vers.,251,174,77,2,1,1,29,23,6,31,24,7,24,18,6,20,16,4,159,111,48,17,5,12,176,116,60,2021
892000,Gewaltkriminalit t,15002000,Halle (Saale),insg.,1154,867,287,6,2,4,87,69,18,93,71,22,177,135,42,137,107,30,687,530,157,60,24,36,747,554,193,2021
892000,Gewaltkriminalit t,2000000,Hamburg,voll.,6474,4677,1797,18,10,8,387,263,124,405,273,132,580,408,172,659,478,181,4542,3328,1214,288,190,98,4830,3518,1312,2021
892000,Gewaltkriminalit t,2000000,Hamburg,vers.,1243,946,297,7,6,1,60,40,20,67,46,21,91,73,18,89,67,22,931,719,212,65,41,24,996,760,236,2021
892000,Gewaltkriminalit t,2000000,Hamburg,insg.,7717,5623,2094,25,16,9,447,303,144,472,319,153,671,481,190,748,545,203,5473,4047,1426,353,231,122,5826,4278,1548,2021
892000,Gewaltkriminalit t,5915000,Hamm,voll.,562,381,181,3,0,3,36,24,12,39,24,15,66,40,26,46,33,13,383,267,116,28,17,11,411,284,127,2021
892000,Gewaltkriminalit t,5915000,Hamm,vers.,143,88,55,0,0,0,4,1,3,4,1,3,10,5,5,10,5,5,107,71,36,12,6,6,119,77,42,2021
892000,Gewaltkriminalit t,5915000,Hamm,insg.,705,469,236,3,0,3,40,25,15,43,25,18,76,45,31,56,38,18,490,338,152,40,23,17,530,361,169,2021
892000,Gewaltkriminalit t,3241001,Hannover,voll.,2365,1721,644,6,5,1,74,49,25,80,54,26,250,162,88,249,181,68,1697,1268,429,89,56,33,1786,1324,462,2021
892000,Gewaltkriminalit t,3241001,Hannover,vers.,433,311,122,6,3,3,14,10,4,20,13,7,30,17,13,33,27,6,313,228,85,37,26,11,350,254,96,2021
892000,Gewaltkriminalit t,3241001,Hannover,insg.,2798,2032,766,12,8,4,88,59,29,100,67,33,280,179,101,282,208,74,2010,1496,514,126,82,44,2136,1578,558,2021
892000,Gewaltkriminalit t,8221000,Heidelberg,voll.,384,299,85,1,1,0,8,7,1,9,8,1,40,29,11,61,53,8,256,197,59,18,12,6,274,209,65,2021
892000,Gewaltkriminalit t,8221000,Heidelberg,vers.,66,44,22,0,0,0,1,1,0,1,1,0,1,0,1,7,3,4,55,39,16,2,1,1,57,40,17,2021
892000,Gewaltkriminalit t,8221000,Heidelberg,insg.,450,343,107,1,1,0,9,8,1,10,9,1,41,29,12,68,56,12,311,236,75,20,13,7,331,249,82,2021
892000,Gewaltkriminalit t,8121000,Heilbronn,voll.,287,191,96,0,0,0,5,1,4,5,1,4,30,18,12,30,23,7,216,145,71,6,4,2,222,149,73,2021
892000,Gewaltkriminalit t,8121000,Heilbronn,vers.,49,32,17,2,1,1,3,3,0,5,4,1,0,0,0,2,2,0,38,22,16,4,4,0,42,26,16,2021
892000,Gewaltkriminalit t,8121000,Heilbronn,insg.,336,223,113,2,1,1,8,4,4,10,5,5,30,18,12,32,25,7,254,167,87,10,8,2,264,175,89,2021
892000,Gewaltkriminalit t,5916000,Herne,voll.,323,206,117,3,2,1,17,6,11,20,8,12,35,21,14,28,21,7,215,142,73,25,14,11,240,156,84,2021
892000,Gewaltkriminalit t,5916000,Herne,vers.,64,34,30,0,0,0,4,1,3,4,1,3,7,2,5,6,4,2,41,23,18,6,4,2,47,27,20,2021
892000,Gewaltkriminalit t,5916000,Herne,insg.,387,240,147,3,2,1,21,7,14,24,9,15,42,23,19,34,25,9,256,165,91,31,18,13,287,183,104,2021
892000,Gewaltkriminalit t,3254021,Hildesheim,voll.,297,183,114,2,2,0,9,5,4,11,7,4,44,19,25,32,19,13,172,118,54,38,20,18,210,138,72,2021
892000,Gewaltkriminalit t,3254021,Hildesheim,vers.,53,32,21,0,0,0,3,1,2,3,1,2,6,0,6,5,3,2,39,28,11,0,0,0,39,28,11,2021
892000,Gewaltkriminalit t,3254021,Hildesheim,insg.,350,215,135,2,2,0,12,6,6,14,8,6,50,19,31,37,22,15,211,146,65,38,20,18,249,166,83,2021
892000,Gewaltkriminalit t,9161000,Ingolstadt,voll.,288,218,70,0,0,0,17,11,6,17,11,6,29,22,7,31,26,5,199,154,45,12,5,7,211,159,52,2021
892000,Gewaltkriminalit t,9161000,Ingolstadt,vers.,118,87,31,1,1,0,3,1,2,4,2,2,8,7,1,10,9,1,87,66,21,9,3,6,96,69,27,2021
892000,Gewaltkriminalit t,9161000,Ingolstadt,insg.,406,305,101,1,1,0,20,12,8,21,13,8,37,29,8,41,35,6,286,220,66,21,8,13,307,228,79,2021
892000,Gewaltkriminalit t,16053000,Jena,voll.,216,157,59,0,0,0,7,4,3,7,4,3,42,34,8,30,20,10,129,94,35,8,5,3,137,99,38,2021
892000,Gewaltkriminalit t,16053000,Jena,vers.,29,15,14,1,0,1,4,1,3,5,1,4,6,5,1,4,3,1,13,5,8,1,1,0,14,6,8,2021
892000,Gewaltkriminalit t,16053000,Jena,insg.,245,172,73,1,0,1,11,5,6,12,5,7,48,39,9,34,23,11,142,99,43,9,6,3,151,105,46,2021
892000,Gewaltkriminalit t,7312000,Kaiserslautern,voll.,285,199,86,1,0,1,15,9,6,16,9,7,12,10,2,40,32,8,205,143,62,12,5,7,217,148,69,2021
892000,Gewaltkriminalit t,7312000,Kaiserslautern,vers.,52,37,15,1,0,1,2,1,1,3,1,2,4,1,3,5,5,0,40,30,10,0,0,0,40,30,10,2021
892000,Gewaltkriminalit t,7312000,Kaiserslautern,insg.,337,236,101,2,0,2,17,10,7,19,10,9,16,11,5,45,37,8,245,173,72,12,5,7,257,178,79,2021
892000,Gewaltkriminalit t,8212000,Karlsruhe,voll.,674,489,185,11,7,4,17,13,4,28,20,8,55,30,25,103,84,19,454,332,122,34,23,11,488,355,133,2021
892000,Gewaltkriminalit t,8212000,Karlsruhe,vers.,121,91,30,3,3,0,5,4,1,8,7,1,5,4,1,8,6,2,90,64,26,10,10,0,100,74,26,2021
892000,Gewaltkriminalit t,8212000,Karlsruhe,insg.,795,580,215,14,10,4,22,17,5,36,27,9,60,34,26,111,90,21,544,396,148,44,33,11,588,429,159,2021
892000,Gewaltkriminalit t,6611000,Kassel,voll.,788,558,230,6,3,3,15,13,2,21,16,5,59,38,21,74,52,22,588,421,167,46,31,15,634,452,182,2021
892000,Gewaltkriminalit t,6611000,Kassel,vers.,112,83,29,0,0,0,7,5,2,7,5,2,6,5,1,7,6,1,87,65,22,5,2,3,92,67,25,2021
892000,Gewaltkriminalit t,6611000,Kassel,insg.,900,641,259,6,3,3,22,18,4,28,21,7,65,43,22,81,58,23,675,486,189,51,33,18,726,519,207,2021
892000,Gewaltkriminalit t,1002000,Kiel,voll.,705,500,205,2,1,1,25,18,7,27,19,8,59,42,17,85,61,24,512,365,147,22,13,9,534,378,156,2021
892000,Gewaltkriminalit t,1002000,Kiel,vers.,123,84,39,3,3,0,3,3,0,6,6,0,6,6,0,12,7,5,91,62,29,8,3,5,99,65,34,2021
892000,Gewaltkriminalit t,1002000,Kiel,insg.,828,584,244,5,4,1,28,21,7,33,25,8,65,48,17,97,68,29,603,427,176,30,16,14,633,443,190,2021
892000,Gewaltkriminalit t,7111000,Koblenz,voll.,334,238,96,0,0,0,15,14,1,15,14,1,27,22,5,40,26,14,235,161,74,17,15,2,252,176,76,2021
892000,Gewaltkriminalit t,7111000,Koblenz,vers.,51,40,11,0,0,0,4,3,1,4,3,1,2,1,1,5,5,0,37,29,8,3,2,1,40,31,9,2021
892000,Gewaltkriminalit t,7111000,Koblenz,insg.,385,278,107,0,0,0,19,17,2,19,17,2,29,23,6,45,31,14,272,190,82,20,17,3,292,207,85,2021
892000,Gewaltkriminalit t,5315000,K ln,voll.,4913,3443,1470,12,7,5,200,134,66,212,141,71,466,311,155,465,322,143,3514,2489,1025,256,180,76,3770,2669,1101,2021
892000,Gewaltkriminalit t,5315000,K ln,vers.,990,706,284,8,4,4,33,22,11,41,26,15,70,47,23,60,33,27,716,523,193,103,77,26,819,600,219,2021
892000,Gewaltkriminalit t,5315000,K ln,insg.,5903,4149,1754,20,11,9,233,156,77,253,167,86,536,358,178,525,355,170,4230,3012,1218,359,257,102,4589,3269,1320,2021
892000,Gewaltkriminalit t,5114000,Krefeld,voll.,768,505,263,3,2,1,33,24,9,36,26,10,87,47,40,81,59,22,498,339,159,66,34,32,564,373,191,2021
892000,Gewaltkriminalit t,5114000,Krefeld,vers.,115,80,35,0,0,0,6,5,1,6,5,1,3,3,0,9,7,2,82,57,25,15,8,7,97,65,32,2021
892000,Gewaltkriminalit t,5114000,Krefeld,insg.,883,585,298,3,2,1,39,29,10,42,31,11,90,50,40,90,66,24,580,396,184,81,42,39,661,438,223,2021
892000,Gewaltkriminalit t,14713000,Leipzig,voll.,1829,1323,506,15,10,5,60,41,19,75,51,24,170,128,42,168,133,35,1346,970,376,70,41,29,1416,1011,405,2021
892000,Gewaltkriminalit t,14713000,Leipzig,vers.,370,261,109,16,9,7,13,6,7,29,15,14,18,14,4,37,24,13,266,194,72,20,14,6,286,208,78,2021
892000,Gewaltkriminalit t,14713000,Leipzig,insg.,2199,1584,615,31,19,12,73,47,26,104,66,38,188,142,46,205,157,48,1612,1164,448,90,55,35,1702,1219,483,2021
892000,Gewaltkriminalit t,5316000,Leverkusen,voll.,432,262,170,4,1,3,24,12,12,28,13,15,52,30,22,47,35,12,267,161,106,38,23,15,305,184,121,2021
892000,Gewaltkriminalit t,5316000,Leverkusen,vers.,123,71,52,2,1,1,9,4,5,11,5,6,11,6,5,8,5,3,81,49,32,12,6,6,93,55,38,2021
892000,Gewaltkriminalit t,5316000,Leverkusen,insg.,555,333,222,6,2,4,33,16,17,39,18,21,63,36,27,55,40,15,348,210,138,50,29,21,398,239,159,2021
892000,Gewaltkriminalit t,1003000,L beck,voll.,684,479,205,0,0,0,27,16,11,27,16,11,76,55,21,76,64,12,462,320,142,43,24,19,505,344,161,2021
892000,Gewaltkriminalit t,1003000,L beck,vers.,147,101,46,4,3,1,4,3,1,8,6,2,11,6,5,14,11,3,102,69,33,12,9,3,114,78,36,2021
892000,Gewaltkriminalit t,1003000,L beck,insg.,831,580,251,4,3,1,31,19,12,35,22,13,87,61,26,90,75,15,564,389,175,55,33,22,619,422,197,2021
892000,Gewaltkriminalit t,7314000,Ludwigshafen am Rhein,voll.,687,484,203,1,1,0,51,38,13,52,39,13,87,64,23,84,59,25,430,294,136,34,28,6,464,322,142,2021
892000,Gewaltkriminalit t,7314000,Ludwigshafen am Rhein,vers.,137,100,37,0,0,0,9,8,1,9,8,1,20,18,2,18,17,1,82,52,30,8,5,3,90,57,33,2021
892000,Gewaltkriminalit t,7314000,Ludwigshafen am Rhein,insg.,824,584,240,1,1,0,60,46,14,61,47,14,107,82,25,102,76,26,512,346,166,42,33,9,554,379,175,2021
892000,Gewaltkriminalit t,15003000,Magdeburg,voll.,773,568,205,4,2,2,37,27,10,41,29,12,99,78,21,89,63,26,505,374,131,39,24,15,544,398,146,2021
892000,Gewaltkriminalit t,15003000,Magdeburg,vers.,143,102,41,2,2,0,13,7,6,15,9,6,14,12,2,14,12,2,93,63,30,7,6,1,100,69,31,2021
892000,Gewaltkriminalit t,15003000,Magdeburg,insg.,916,670,246,6,4,2,50,34,16,56,38,18,113,90,23,103,75,28,598,437,161,46,30,16,644,467,177,2021
892000,Gewaltkriminalit t,7315000,Mainz,voll.,505,368,137,0,0,0,22,20,2,22,20,2,50,36,14,56,37,19,355,257,98,22,18,4,377,275,102,2021
892000,Gewaltkriminalit t,7315000,Mainz,vers.,96,72,24,1,0,1,0,0,0,1,0,1,9,8,1,12,10,2,67,49,18,7,5,2,74,54,20,2021
892000,Gewaltkriminalit t,7315000,Mainz,insg.,601,440,161,1,0,1,22,20,2,23,20,3,59,44,15,68,47,21,422,306,116,29,23,6,451,329,122,2021
892000,Gewaltkriminalit t,8222000,Mannheim,voll.,728,506,222,5,4,1,22,19,3,27,23,4,74,48,26,78,55,23,508,352,156,41,28,13,549,380,169,2021
892000,Gewaltkriminalit t,8222000,Mannheim,vers.,138,96,42,3,1,2,11,4,7,14,5,9,2,2,0,7,6,1,106,76,30,9,7,2,115,83,32,2021
892000,Gewaltkriminalit t,8222000,Mannheim,insg.,866,602,264,8,5,3,33,23,10,41,28,13,76,50,26,85,61,24,614,428,186,50,35,15,664,463,201,2021
892000,Gewaltkriminalit t,5170024,Moers,voll.,243,153,90,5,2,3,23,18,5,28,20,8,25,17,8,25,18,7,156,93,63,9,5,4,165,98,67,2021
892000,Gewaltkriminalit t,5170024,Moers,vers.,33,24,9,0,0,0,5,5,0,5,5,0,3,3,0,3,3,0,16,10,6,6,3,3,22,13,9,2021
892000,Gewaltkriminalit t,5170024,Moers,insg.,276,177,99,5,2,3,28,23,5,33,25,8,28,20,8,28,21,7,172,103,69,15,8,7,187,111,76,2021
892000,Gewaltkriminalit t,5116000,M nchengladbach,voll.,769,515,254,6,4,2,35,24,11,41,28,13,74,56,18,81,52,29,522,353,169,51,26,25,573,379,194,2021
892000,Gewaltkriminalit t,5116000,M nchengladbach,vers.,173,116,57,1,0,1,5,4,1,6,4,2,10,6,4,9,6,3,129,89,40,19,11,8,148,100,48,2021
892000,Gewaltkriminalit t,5116000,M nchengladbach,insg.,942,631,311,7,4,3,40,28,12,47,32,15,84,62,22,90,58,32,651,442,209,70,37,33,721,479,242,2021
892000,Gewaltkriminalit t,5117000,M lheim an der Ruhr,voll.,384,242,142,4,3,1,17,11,6,21,14,7,54,40,14,26,16,10,253,157,96,30,15,15,283,172,111,2021
892000,Gewaltkriminalit t,5117000,M lheim an der Ruhr,vers.,69,49,20,0,0,0,0,0,0,0,0,0,8,7,1,2,1,1,43,32,11,16,9,7,59,41,18,2021
892000,Gewaltkriminalit t,5117000,M lheim an der Ruhr,insg.,453,291,162,4,3,1,17,11,6,21,14,7,62,47,15,28,17,11,296,189,107,46,24,22,342,213,129,2021
892000,Gewaltkriminalit t,9162000,M nchen,voll.,2937,2081,856,18,10,8,139,97,42,157,107,50,378,277,101,388,291,97,1889,1331,558,125,75,50,2014,1406,608,2021
892000,Gewaltkriminalit t,9162000,M nchen,vers.,778,533,245,3,2,1,37,35,2,40,37,3,71,55,16,41,32,9,575,382,193,51,27,24,626,409,217,2021
892000,Gewaltkriminalit t,9162000,M nchen,insg.,3715,2614,1101,21,12,9,176,132,44,197,144,53,449,332,117,429,323,106,2464,1713,751,176,102,74,2640,1815,825,2021
892000,Gewaltkriminalit t,5515000,M nster,voll.,863,655,208,2,2,0,18,12,6,20,14,6,97,71,26,117,87,30,589,452,137,40,31,9,629,483,146,2021
892000,Gewaltkriminalit t,5515000,M nster,vers.,164,125,39,1,1,0,6,5,1,7,6,1,8,8,0,15,11,4,113,82,31,21,18,3,134,100,34,2021
892000,Gewaltkriminalit t,5515000,M nster,insg.,1027,780,247,3,3,0,24,17,7,27,20,7,105,79,26,132,98,34,702,534,168,61,49,12,763,583,180,2021
892000,Gewaltkriminalit t,5162024,Neuss,voll.,371,255,116,2,1,1,16,12,4,18,13,5,49,39,10,44,29,15,248,167,81,12,7,5,260,174,86,2021
892000,Gewaltkriminalit t,5162024,Neuss,vers.,58,48,10,0,0,0,5,5,0,5,5,0,8,8,0,2,1,1,36,29,7,7,5,2,43,34,9,2021
892000,Gewaltkriminalit t,5162024,Neuss,insg.,429,303,126,2,1,1,21,17,4,23,18,5,57,47,10,46,30,16,284,196,88,19,12,7,303,208,95,2021
892000,Gewaltkriminalit t,9564000,N rnberg,voll.,1209,846,363,10,4,6,50,33,17,60,37,23,137,91,46,111,80,31,846,600,246,55,38,17,901,638,263,2021
892000,Gewaltkriminalit t,9564000,N rnberg,vers.,306,214,92,5,3,2,18,10,8,23,13,10,18,15,3,20,15,5,221,160,61,24,11,13,245,171,74,2021
892000,Gewaltkriminalit t,9564000,N rnberg,insg.,1515,1060,455,15,7,8,68,43,25,83,50,33,155,106,49,131,95,36,1067,760,307,79,49,30,1146,809,337,2021
892000,Gewaltkriminalit t,5119000,Oberhausen,voll.,549,377,172,2,2,0,52,36,16,54,38,16,72,55,17,52,36,16,346,229,117,25,19,6,371,248,123,2021
892000,Gewaltkriminalit t,5119000,Oberhausen,vers.,87,61,26,0,0,0,9,6,3,9,6,3,6,5,1,15,10,5,49,36,13,8,4,4,57,40,17,2021
892000,Gewaltkriminalit t,5119000,Oberhausen,insg.,636,438,198,2,2,0,61,42,19,63,44,19,78,60,18,67,46,21,395,265,130,33,23,10,428,288,140,2021
892000,Gewaltkriminalit t,6413000,Offenbach am Main,voll.,298,182,116,1,1,0,12,4,8,13,5,8,37,14,23,26,14,12,193,137,56,29,12,17,222,149,73,2021
892000,Gewaltkriminalit t,6413000,Offenbach am Main,vers.,33,27,6,0,0,0,0,0,0,0,0,0,2,2,0,1,1,0,25,20,5,5,4,1,30,24,6,2021
892000,Gewaltkriminalit t,6413000,Offenbach am Main,insg.,331,209,122,1,1,0,12,4,8,13,5,8,39,16,23,27,15,12,218,157,61,34,16,18,252,173,79,2021
892000,Gewaltkriminalit t,3403000,Oldenburg (Oldenburg),voll.,353,227,126,1,1,0,10,6,4,11,7,4,39,24,15,49,28,21,239,159,80,15,9,6,254,168,86,2021
892000,Gewaltkriminalit t,3403000,Oldenburg (Oldenburg),vers.,84,60,24,0,0,0,2,1,1,2,1,1,8,3,5,10,10,0,61,43,18,3,3,0,64,46,18,2021
892000,Gewaltkriminalit t,3403000,Oldenburg (Oldenburg),insg.,437,287,150,1,1,0,12,7,5,13,8,5,47,27,20,59,38,21,300,202,98,18,12,6,318,214,104,2021
892000,Gewaltkriminalit t,3404000,Osnabr ck,voll.,613,409,204,2,0,2,21,10,11,23,10,13,64,37,27,68,47,21,428,294,134,30,21,9,458,315,143,2021
892000,Gewaltkriminalit t,3404000,Osnabr ck,vers.,123,77,46,1,0,1,3,3,0,4,3,1,17,6,11,9,4,5,85,60,25,8,4,4,93,64,29,2021
892000,Gewaltkriminalit t,3404000,Osnabr ck,insg.,736,486,250,3,0,3,24,13,11,27,13,14,81,43,38,77,51,26,513,354,159,38,25,13,551,379,172,2021
892000,Gewaltkriminalit t,5774032,Paderborn,voll.,402,286,116,1,0,1,11,2,9,12,2,10,26,14,12,62,44,18,283,214,69,19,12,7,302,226,76,2021
892000,Gewaltkriminalit t,5774032,Paderborn,vers.,81,53,28,1,0,1,2,2,0,3,2,1,5,4,1,7,6,1,56,39,17,10,2,8,66,41,25,2021
892000,Gewaltkriminalit t,5774032,Paderborn,insg.,483,339,144,2,0,2,13,4,9,15,4,11,31,18,13,69,50,19,339,253,86,29,14,15,368,267,101,2021
892000,Gewaltkriminalit t,8231000,Pforzheim,voll.,387,272,115,1,1,0,22,13,9,23,14,9,45,31,14,59,44,15,232,163,69,28,20,8,260,183,77,2021
892000,Gewaltkriminalit t,8231000,Pforzheim,vers.,65,48,17,0,0,0,1,1,0,1,1,0,3,3,0,6,5,1,47,35,12,8,4,4,55,39,16,2021
892000,Gewaltkriminalit t,8231000,Pforzheim,insg.,452,320,132,1,1,0,23,14,9,24,15,9,48,34,14,65,49,16,279,198,81,36,24,12,315,222,93,2021
892000,Gewaltkriminalit t,12054000,Potsdam,voll.,342,243,99,4,1,3,22,20,2,26,21,5,46,34,12,44,35,9,207,145,62,19,8,11,226,153,73,2021
892000,Gewaltkriminalit t,12054000,Potsdam,vers.,69,46,23,2,1,1,5,3,2,7,4,3,13,8,5,8,8,0,37,23,14,4,3,1,41,26,15,2021
892000,Gewaltkriminalit t,12054000,Potsdam,insg.,411,289,122,6,2,4,27,23,4,33,25,8,59,42,17,52,43,9,244,168,76,23,11,12,267,179,88,2021
892000,Gewaltkriminalit t,5562032,Recklinghausen,voll.,293,184,109,0,0,0,22,17,5,22,17,5,31,22,9,25,16,9,192,119,73,23,10,13,215,129,86,2021
892000,Gewaltkriminalit t,5562032,Recklinghausen,vers.,84,54,30,0,0,0,1,1,0,1,1,0,0,0,0,10,7,3,60,39,21,13,7,6,73,46,27,2021
892000,Gewaltkriminalit t,5562032,Recklinghausen,insg.,377,238,139,0,0,0,23,18,5,23,18,5,31,22,9,35,23,12,252,158,94,36,17,19,288,175,113,2021
892000,Gewaltkriminalit t,9362000,Regensburg,voll.,272,196,76,3,1,2,6,4,2,9,5,4,30,14,16,31,26,5,190,142,48,12,9,3,202,151,51,2021
892000,Gewaltkriminalit t,9362000,Regensburg,vers.,84,57,27,0,0,0,2,2,0,2,2,0,3,1,2,4,2,2,75,52,23,0,0,0,75,52,23,2021
892000,Gewaltkriminalit t,9362000,Regensburg,insg.,356,253,103,3,1,2,8,6,2,11,7,4,33,15,18,35,28,7,265,194,71,12,9,3,277,203,74,2021
892000,Gewaltkriminalit t,5120000,Remscheid,voll.,230,136,94,0,0,0,10,5,5,10,5,5,27,17,10,24,13,11,142,85,57,27,16,11,169,101,68,2021
892000,Gewaltkriminalit t,5120000,Remscheid,vers.,64,41,23,1,1,0,0,0,0,1,1,0,5,2,3,6,5,1,44,30,14,8,3,5,52,33,19,2021
892000,Gewaltkriminalit t,5120000,Remscheid,insg.,294,177,117,1,1,0,10,5,5,11,6,5,32,19,13,30,18,12,186,115,71,35,19,16,221,134,87,2021
892000,Gewaltkriminalit t,8415061,Reutlingen,voll.,251,171,80,1,1,0,9,8,1,10,9,1,25,17,8,25,15,10,181,124,57,10,6,4,191,130,61,2021
892000,Gewaltkriminalit t,8415061,Reutlingen,vers.,59,43,16,0,0,0,1,1,0,1,1,0,4,1,3,3,2,1,49,37,12,2,2,0,51,39,12,2021
892000,Gewaltkriminalit t,8415061,Reutlingen,insg.,310,214,96,1,1,0,10,9,1,11,10,1,29,18,11,28,17,11,230,161,69,12,8,4,242,169,73,2021
892000,Gewaltkriminalit t,13003000,Rostock,voll.,532,374,158,0,0,0,40,22,18,40,22,18,73,53,20,74,58,16,324,231,93,21,10,11,345,241,104,2021
892000,Gewaltkriminalit t,13003000,Rostock,vers.,158,106,52,5,3,2,28,17,11,33,20,13,11,7,4,13,8,5,93,69,24,8,2,6,101,71,30,2021
892000,Gewaltkriminalit t,13003000,Rostock,insg.,690,480,210,5,3,2,68,39,29,73,42,31,84,60,24,87,66,21,417,300,117,29,12,17,446,312,134,2021
892000,Gewaltkriminalit t,10041100,Saarbr cken,voll.,732,532,200,0,0,0,29,11,18,29,11,18,78,53,25,94,70,24,498,374,124,33,24,9,531,398,133,2021
892000,Gewaltkriminalit t,10041100,Saarbr cken,vers.,152,112,40,0,0,0,5,3,2,5,3,2,9,8,1,14,14,0,109,77,32,15,10,5,124,87,37,2021
892000,Gewaltkriminalit t,10041100,Saarbr cken,insg.,884,644,240,0,0,0,34,14,20,34,14,20,87,61,26,108,84,24,607,451,156,48,34,14,655,485,170,2021
892000,Gewaltkriminalit t,3102000,Salzgitter,voll.,251,162,89,3,2,1,25,20,5,28,22,6,27,19,8,29,16,13,153,97,56,14,8,6,167,105,62,2021
892000,Gewaltkriminalit t,3102000,Salzgitter,vers.,41,25,16,1,1,0,6,1,5,7,2,5,2,1,1,4,4,0,26,16,10,2,2,0,28,18,10,2021
892000,Gewaltkriminalit t,3102000,Salzgitter,insg.,292,187,105,4,3,1,31,21,10,35,24,11,29,20,9,33,20,13,179,113,66,16,10,6,195,123,72,2021
892000,Gewaltkriminalit t,13004000,Schwerin,voll.,380,271,109,2,2,0,27,18,9,29,20,9,40,28,12,53,43,10,244,171,73,14,9,5,258,180,78,2021
892000,Gewaltkriminalit t,13004000,Schwerin,vers.,73,55,18,1,0,1,3,2,1,4,2,2,6,4,2,4,2,2,53,42,11,6,5,1,59,47,12,2021
892000,Gewaltkriminalit t,13004000,Schwerin,insg.,453,326,127,3,2,1,30,20,10,33,22,11,46,32,14,57,45,12,297,213,84,20,14,6,317,227,90,2021
892000,Gewaltkriminalit t,5970040,Siegen,voll.,267,179,88,2,1,1,16,12,4,18,13,5,27,14,13,27,17,10,181,123,58,14,12,2,195,135,60,2021
892000,Gewaltkriminalit t,5970040,Siegen,vers.,67,53,14,0,0,0,3,3,0,3,3,0,8,8,0,2,0,2,48,37,11,6,5,1,54,42,12,2021
892000,Gewaltkriminalit t,5970040,Siegen,insg.,334,232,102,2,1,1,19,15,4,21,16,5,35,22,13,29,17,12,229,160,69,20,17,3,249,177,72,2021
892000,Gewaltkriminalit t,5122000,Solingen,voll.,341,217,124,4,0,4,26,18,8,30,18,12,33,28,5,29,23,6,223,133,90,26,15,11,249,148,101,2021
892000,Gewaltkriminalit t,5122000,Solingen,vers.,79,53,26,0,0,0,5,2,3,5,2,3,6,5,1,6,5,1,54,34,20,8,7,1,62,41,21,2021
892000,Gewaltkriminalit t,5122000,Solingen,insg.,420,270,150,4,0,4,31,20,11,35,20,15,39,33,6,35,28,7,277,167,110,34,22,12,311,189,122,2021
892000,Gewaltkriminalit t,8111000,Stuttgart,voll.,1741,1226,515,9,7,2,65,47,18,74,54,20,184,122,62,213,149,64,1190,854,336,80,47,33,1270,901,369,2021
892000,Gewaltkriminalit t,8111000,Stuttgart,vers.,556,404,152,3,0,3,22,16,6,25,16,9,35,25,10,31,24,7,437,320,117,28,19,9,465,339,126,2021
892000,Gewaltkriminalit t,8111000,Stuttgart,insg.,2297,1630,667,12,7,5,87,63,24,99,70,29,219,147,72,244,173,71,1627,1174,453,108,66,42,1735,1240,495,2021
892000,Gewaltkriminalit t,7211000,Trier,voll.,293,206,87,1,1,0,4,2,2,5,3,2,25,19,6,50,35,15,200,145,55,13,4,9,213,149,64,2021
892000,Gewaltkriminalit t,7211000,Trier,vers.,55,39,16,2,2,0,0,0,0,2,2,0,4,4,0,3,2,1,41,28,13,5,3,2,46,31,15,2021
892000,Gewaltkriminalit t,7211000,Trier,insg.,348,245,103,3,3,0,4,2,2,7,5,2,29,23,6,53,37,16,241,173,68,18,7,11,259,180,79,2021
892000,Gewaltkriminalit t,8421000,Ulm,voll.,331,227,104,3,2,1,13,8,5,16,10,6,37,25,12,56,34,22,214,153,61,8,5,3,222,158,64,2021
892000,Gewaltkriminalit t,8421000,Ulm,vers.,41,33,8,0,0,0,0,0,0,0,0,0,1,1,0,4,4,0,32,26,6,4,2,2,36,28,8,2021
892000,Gewaltkriminalit t,8421000,Ulm,insg.,372,260,112,3,2,1,13,8,5,16,10,6,38,26,12,60,38,22,246,179,67,12,7,5,258,186,72,2021
892000,Gewaltkriminalit t,6414000,Wiesbaden,voll.,909,598,311,4,2,2,39,23,16,43,25,18,82,51,31,98,67,31,634,415,219,52,40,12,686,455,231,2021
892000,Gewaltkriminalit t,6414000,Wiesbaden,vers.,151,105,46,0,0,0,5,4,1,5,4,1,12,10,2,8,6,2,114,75,39,12,10,2,126,85,41,2021
892000,Gewaltkriminalit t,6414000,Wiesbaden,insg.,1060,703,357,4,2,2,44,27,17,48,29,19,94,61,33,106,73,33,748,490,258,64,50,14,812,540,272,2021
892000,Gewaltkriminalit t,3103000,Wolfsburg,voll.,228,149,79,1,1,0,4,4,0,5,5,0,20,10,10,20,15,5,164,110,54,19,9,10,183,119,64,2021
892000,Gewaltkriminalit t,3103000,Wolfsburg,vers.,36,23,13,0,0,0,1,0,1,1,0,1,3,3,0,3,0,3,24,17,7,5,3,2,29,20,9,2021
892000,Gewaltkriminalit t,3103000,Wolfsburg,insg.,264,172,92,1,1,0,5,4,1,6,5,1,23,13,10,23,15,8,188,127,61,24,12,12,212,139,73,2021
892000,Gewaltkriminalit t,5124000,Wuppertal,voll.,1244,790,454,8,2,6,83,52,31,91,54,37,117,74,43,129,86,43,832,533,299,75,43,32,907,576,331,2021
892000,Gewaltkriminalit t,5124000,Wuppertal,vers.,225,143,82,0,0,0,13,8,5,13,8,5,14,6,8,13,9,4,163,105,58,22,15,7,185,120,65,2021
892000,Gewaltkriminalit t,5124000,Wuppertal,insg.,1469,933,536,8,2,6,96,60,36,104,62,42,131,80,51,142,95,47,995,638,357,97,58,39,1092,696,396,2021
892000,Gewaltkriminalit t,9663000,W rzburg,voll.,237,155,82,0,0,0,12,5,7,12,5,7,26,13,13,30,21,9,153,106,47,16,10,6,169,116,53,2021
892000,Gewaltkriminalit t,9663000,W rzburg,vers.,89,66,23,1,1,0,2,0,2,3,1,2,1,1,0,7,4,3,75,60,15,3,0,3,78,60,18,2021
892000,Gewaltkriminalit t,9663000,W rzburg,insg.,326,221,105,1,1,0,14,5,9,15,6,9,27,14,13,37,25,12,228,166,62,19,10,9,247,176,71,2021
892500,"Mord, Totschlag und T tung auf Verlangen",5334002,Aachen,voll.,0,0,0,0,0,0,0,0,0,0,0,0,0,0,0,0,0,0,0,0,0,0,0,0,0,0,0,2021
892500,"Mord, Totschlag und T tung auf Verlangen",5334002,Aachen,vers.,2,2,0,0,0,0,0,0,0,0,0,0,0,0,0,0,0,0,2,2,0,0,0,0,2,2,0,2021
892500,"Mord, Totschlag und T tung auf Verlangen",5334002,Aachen,insg.,2,2,0,0,0,0,0,0,0,0,0,0,0,0,0,0,0,0,2,2,0,0,0,0,2,2,0,2021
892500,"Mord, Totschlag und T tung auf Verlangen",9761000,Augsburg,voll.,2,1,1,1,0,1,0,0,0,1,0,1,0,0,0,0,0,0,1,1,0,0,0,0,1,1,0,2021
892500,"Mord, Totschlag und T tung auf Verlangen",9761000,Augsburg,vers.,15,13,2,0,0,0,0,0,0,0,0,0,3,3,0,3,3,0,9,7,2,0,0,0,9,7,2,2021
892500,"Mord, Totschlag und T tung auf Verlangen",9761000,Augsburg,insg.,17,14,3,1,0,1,0,0,0,1,0,1,3,3,0,3,3,0,10,8,2,0,0,0,10,8,2,2021
892500,"Mord, Totschlag und T tung auf Verlangen",5378004,Bergisch Gladbach,voll.,0,0,0,0,0,0,0,0,0,0,0,0,0,0,0,0,0,0,0,0,0,0,0,0,0,0,0,2021
892500,"Mord, Totschlag und T tung auf Verlangen",5378004,Bergisch Gladbach,vers.,0,0,0,0,0,0,0,0,0,0,0,0,0,0,0,0,0,0,0,0,0,0,0,0,0,0,0,2021
892500,"Mord, Totschlag und T tung auf Verlangen",5378004,Bergisch Gladbach,insg.,0,0,0,0,0,0,0,0,0,0,0,0,0,0,0,0,0,0,0,0,0,0,0,0,0,0,0,2021
892500,"Mord, Totschlag und T tung auf Verlangen",11000000,Berlin,voll.,47,28,19,3,1,2,0,0,0,3,1,2,2,1,1,0,0,0,20,16,4,22,10,12,42,26,16,2021
892500,"Mord, Totschlag und T tung auf Verlangen",11000000,Berlin,vers.,74,56,18,2,2,0,0,0,0,2,2,0,0,0,0,6,4,2,61,49,12,5,1,4,66,50,16,2021
892500,"Mord, Totschlag und T tung auf Verlangen",11000000,Berlin,insg.,121,84,37,5,3,2,0,0,0,5,3,2,2,1,1,6,4,2,81,65,16,27,11,16,108,76,32,2021
892500,"Mord, Totschlag und T tung auf Verlangen",5711000,Bielefeld,voll.,0,0,0,0,0,0,0,0,0,0,0,0,0,0,0,0,0,0,0,0,0,0,0,0,0,0,0,2021
892500,"Mord, Totschlag und T tung auf Verlangen",5711000,Bielefeld,vers.,6,5,1,0,0,0,0,0,0,0,0,0,0,0,0,0,0,0,6,5,1,0,0,0,6,5,1,2021
892500,"Mord, Totschlag und T tung auf Verlangen",5711000,Bielefeld,insg.,6,5,1,0,0,0,0,0,0,0,0,0,0,0,0,0,0,0,6,5,1,0,0,0,6,5,1,2021
892500,"Mord, Totschlag und T tung auf Verlangen",5911000,Bochum,voll.,2,0,2,0,0,0,1,0,1,1,0,1,0,0,0,0,0,0,1,0,1,0,0,0,1,0,1,2021
892500,"Mord, Totschlag und T tung auf Verlangen",5911000,Bochum,vers.,10,8,2,0,0,0,0,0,0,0,0,0,0,0,0,2,2,0,8,6,2,0,0,0,8,6,2,2021
892500,"Mord, Totschlag und T tung auf Verlangen",5911000,Bochum,insg.,12,8,4,0,0,0,1,0,1,1,0,1,0,0,0,2,2,0,9,6,3,0,0,0,9,6,3,2021
892500,"Mord, Totschlag und T tung auf Verlangen",5314000,Bonn,voll.,2,1,1,0,0,0,0,0,0,0,0,0,0,0,0,0,0,0,0,0,0,2,1,1,2,1,1,2021
892500,"Mord, Totschlag und T tung auf Verlangen",5314000,Bonn,vers.,5,5,0,0,0,0,0,0,0,0,0,0,0,0,0,1,1,0,4,4,0,0,0,0,4,4,0,2021
892500,"Mord, Totschlag und T tung auf Verlangen",5314000,Bonn,insg.,7,6,1,0,0,0,0,0,0,0,0,0,0,0,0,1,1,0,4,4,0,2,1,1,6,5,1,2021
892500,"Mord, Totschlag und T tung auf Verlangen",5512000,Bottrop,voll.,0,0,0,0,0,0,0,0,0,0,0,0,0,0,0,0,0,0,0,0,0,0,0,0,0,0,0,2021
892500,"Mord, Totschlag und T tung auf Verlangen",5512000,Bottrop,vers.,1,1,0,0,0,0,0,0,0,0,0,0,0,0,0,0,0,0,1,1,0,0,0,0,1,1,0,2021
892500,"Mord, Totschlag und T tung auf Verlangen",5512000,Bottrop,insg.,1,1,0,0,0,0,0,0,0,0,0,0,0,0,0,0,0,0,1,1,0,0,0,0,1,1,0,2021
892500,"Mord, Totschlag und T tung auf Verlangen",3101000,Braunschweig,voll.,1,1,0,0,0,0,0,0,0,0,0,0,0,0,0,0,0,0,0,0,0,1,1,0,1,1,0,2021
892500,"Mord, Totschlag und T tung auf Verlangen",3101000,Braunschweig,vers.,5,4,1,0,0,0,1,1,0,1,1,0,1,1,0,0,0,0,3,2,1,0,0,0,3,2,1,2021
892500,"Mord, Totschlag und T tung auf Verlangen",3101000,Braunschweig,insg.,6,5,1,0,0,0,1,1,0,1,1,0,1,1,0,0,0,0,3,2,1,1,1,0,4,3,1,2021
892500,"Mord, Totschlag und T tung auf Verlangen",4011000,Bremen,voll.,7,5,2,0,0,0,0,0,0,0,0,0,0,0,0,0,0,0,3,2,1,4,3,1,7,5,2,2021
892500,"Mord, Totschlag und T tung auf Verlangen",4011000,Bremen,vers.,41,34,7,0,0,0,2,1,1,2,1,1,3,3,0,2,2,0,34,28,6,0,0,0,34,28,6,2021
892500,"Mord, Totschlag und T tung auf Verlangen",4011000,Bremen,insg.,48,39,9,0,0,0,2,1,1,2,1,1,3,3,0,2,2,0,37,30,7,4,3,1,41,33,8,2021
892500,"Mord, Totschlag und T tung auf Verlangen",4012000,Bremerhaven,voll.,0,0,0,0,0,0,0,0,0,0,0,0,0,0,0,0,0,0,0,0,0,0,0,0,0,0,0,2021
892500,"Mord, Totschlag und T tung auf Verlangen",4012000,Bremerhaven,vers.,10,10,0,0,0,0,0,0,0,0,0,0,0,0,0,5,5,0,5,5,0,0,0,0,5,5,0,2021
892500,"Mord, Totschlag und T tung auf Verlangen",4012000,Bremerhaven,insg.,10,10,0,0,0,0,0,0,0,0,0,0,0,0,0,5,5,0,5,5,0,0,0,0,5,5,0,2021
892500,"Mord, Totschlag und T tung auf Verlangen",14511000,Chemnitz,voll.,3,2,1,0,0,0,0,0,0,0,0,0,0,0,0,0,0,0,2,2,0,1,0,1,3,2,1,2021
892500,"Mord, Totschlag und T tung auf Verlangen",14511000,Chemnitz,vers.,4,2,2,0,0,0,0,0,0,0,0,0,0,0,0,1,1,0,3,1,2,0,0,0,3,1,2,2021
892500,"Mord, Totschlag und T tung auf Verlangen",14511000,Chemnitz,insg.,7,4,3,0,0,0,0,0,0,0,0,0,0,0,0,1,1,0,5,3,2,1,0,1,6,3,3,2021
892500,"Mord, Totschlag und T tung auf Verlangen",12052000,Cottbus,voll.,2,1,1,0,0,0,0,0,0,0,0,0,0,0,0,0,0,0,2,1,1,0,0,0,2,1,1,2021
892500,"Mord, Totschlag und T tung auf Verlangen",12052000,Cottbus,vers.,3,2,1,0,0,0,0,0,0,0,0,0,0,0,0,1,1,0,2,1,1,0,0,0,2,1,1,2021
892500,"Mord, Totschlag und T tung auf Verlangen",12052000,Cottbus,insg.,5,3,2,0,0,0,0,0,0,0,0,0,0,0,0,1,1,0,4,2,2,0,0,0,4,2,2,2021
892500,"Mord, Totschlag und T tung auf Verlangen",6411000,Darmstadt,voll.,1,1,0,0,0,0,0,0,0,0,0,0,0,0,0,0,0,0,1,1,0,0,0,0,1,1,0,2021
892500,"Mord, Totschlag und T tung auf Verlangen",6411000,Darmstadt,vers.,13,10,3,0,0,0,0,0,0,0,0,0,0,0,0,0,0,0,13,10,3,0,0,0,13,10,3,2021
892500,"Mord, Totschlag und T tung auf Verlangen",6411000,Darmstadt,insg.,14,11,3,0,0,0,0,0,0,0,0,0,0,0,0,0,0,0,14,11,3,0,0,0,14,11,3,2021
892500,"Mord, Totschlag und T tung auf Verlangen",5913000,Dortmund,voll.,3,3,0,0,0,0,0,0,0,0,0,0,0,0,0,0,0,0,3,3,0,0,0,0,3,3,0,2021
892500,"Mord, Totschlag und T tung auf Verlangen",5913000,Dortmund,vers.,15,11,4,2,1,1,0,0,0,2,1,1,0,0,0,3,3,0,10,7,3,0,0,0,10,7,3,2021
892500,"Mord, Totschlag und T tung auf Verlangen",5913000,Dortmund,insg.,18,14,4,2,1,1,0,0,0,2,1,1,0,0,0,3,3,0,13,10,3,0,0,0,13,10,3,2021
892500,"Mord, Totschlag und T tung auf Verlangen",14612000,Dresden,voll.,2,1,1,0,0,0,0,0,0,0,0,0,0,0,0,0,0,0,1,1,0,1,0,1,2,1,1,2021
892500,"Mord, Totschlag und T tung auf Verlangen",14612000,Dresden,vers.,10,6,4,0,0,0,1,0,1,1,0,1,0,0,0,0,0,0,8,6,2,1,0,1,9,6,3,2021
892500,"Mord, Totschlag und T tung auf Verlangen",14612000,Dresden,insg.,12,7,5,0,0,0,1,0,1,1,0,1,0,0,0,0,0,0,9,7,2,2,0,2,11,7,4,2021
892500,"Mord, Totschlag und T tung auf Verlangen",5112000,Duisburg,voll.,2,1,1,1,1,0,0,0,0,1,1,0,1,0,1,0,0,0,0,0,0,0,0,0,0,0,0,2021
892500,"Mord, Totschlag und T tung auf Verlangen",5112000,Duisburg,vers.,5,3,2,0,0,0,0,0,0,0,0,0,0,0,0,0,0,0,3,3,0,2,0,2,5,3,2,2021
892500,"Mord, Totschlag und T tung auf Verlangen",5112000,Duisburg,insg.,7,4,3,1,1,0,0,0,0,1,1,0,1,0,1,0,0,0,3,3,0,2,0,2,5,3,2,2021
892500,"Mord, Totschlag und T tung auf Verlangen",5111000,D sseldorf,voll.,5,3,2,1,0,1,0,0,0,1,0,1,0,0,0,0,0,0,4,3,1,0,0,0,4,3,1,2021
892500,"Mord, Totschlag und T tung auf Verlangen",5111000,D sseldorf,vers.,13,11,2,1,0,1,0,0,0,1,0,1,0,0,0,0,0,0,10,9,1,2,2,0,12,11,1,2021
892500,"Mord, Totschlag und T tung auf Verlangen",5111000,D sseldorf,insg.,18,14,4,2,0,2,0,0,0,2,0,2,0,0,0,0,0,0,14,12,2,2,2,0,16,14,2,2021
892500,"Mord, Totschlag und T tung auf Verlangen",16051000,Erfurt,voll.,1,0,1,0,0,0,0,0,0,0,0,0,0,0,0,0,0,0,0,0,0,1,0,1,1,0,1,2021
892500,"Mord, Totschlag und T tung auf Verlangen",16051000,Erfurt,vers.,2,1,1,0,0,0,0,0,0,0,0,0,0,0,0,0,0,0,1,1,0,1,0,1,2,1,1,2021
892500,"Mord, Totschlag und T tung auf Verlangen",16051000,Erfurt,insg.,3,1,2,0,0,0,0,0,0,0,0,0,0,0,0,0,0,0,1,1,0,2,0,2,3,1,2,2021
892500,"Mord, Totschlag und T tung auf Verlangen",9562000,Erlangen,voll.,0,0,0,0,0,0,0,0,0,0,0,0,0,0,0,0,0,0,0,0,0,0,0,0,0,0,0,2021
892500,"Mord, Totschlag und T tung auf Verlangen",9562000,Erlangen,vers.,1,0,1,0,0,0,0,0,0,0,0,0,0,0,0,0,0,0,1,0,1,0,0,0,1,0,1,2021
892500,"Mord, Totschlag und T tung auf Verlangen",9562000,Erlangen,insg.,1,0,1,0,0,0,0,0,0,0,0,0,0,0,0,0,0,0,1,0,1,0,0,0,1,0,1,2021
892500,"Mord, Totschlag und T tung auf Verlangen",5113000,Essen,voll.,9,6,3,3,1,2,0,0,0,3,1,2,0,0,0,0,0,0,3,3,0,3,2,1,6,5,1,2021
892500,"Mord, Totschlag und T tung auf Verlangen",5113000,Essen,vers.,16,10,6,1,1,0,0,0,0,1,1,0,0,0,0,0,0,0,12,7,5,3,2,1,15,9,6,2021
892500,"Mord, Totschlag und T tung auf Verlangen",5113000,Essen,insg.,25,16,9,4,2,2,0,0,0,4,2,2,0,0,0,0,0,0,15,10,5,6,4,2,21,14,7,2021
892500,"Mord, Totschlag und T tung auf Verlangen",6412000,Frankfurt am Main,voll.,12,10,2,1,1,0,0,0,0,1,1,0,0,0,0,0,0,0,8,7,1,3,2,1,11,9,2,2021
892500,"Mord, Totschlag und T tung auf Verlangen",6412000,Frankfurt am Main,vers.,41,33,8,0,0,0,0,0,0,0,0,0,0,0,0,0,0,0,33,29,4,8,4,4,41,33,8,2021
892500,"Mord, Totschlag und T tung auf Verlangen",6412000,Frankfurt am Main,insg.,53,43,10,1,1,0,0,0,0,1,1,0,0,0,0,0,0,0,41,36,5,11,6,5,52,42,10,2021
892500,"Mord, Totschlag und T tung auf Verlangen",8311000,Freiburg im Breisgau,voll.,3,2,1,0,0,0,0,0,0,0,0,0,0,0,0,0,0,0,1,1,0,2,1,1,3,2,1,2021
892500,"Mord, Totschlag und T tung auf Verlangen",8311000,Freiburg im Breisgau,vers.,5,5,0,0,0,0,0,0,0,0,0,0,0,0,0,0,0,0,4,4,0,1,1,0,5,5,0,2021
892500,"Mord, Totschlag und T tung auf Verlangen",8311000,Freiburg im Breisgau,insg.,8,7,1,0,0,0,0,0,0,0,0,0,0,0,0,0,0,0,5,5,0,3,2,1,8,7,1,2021
892500,"Mord, Totschlag und T tung auf Verlangen",9563000,F rth,voll.,1,1,0,0,0,0,0,0,0,0,0,0,0,0,0,0,0,0,1,1,0,0,0,0,1,1,0,2021
892500,"Mord, Totschlag und T tung auf Verlangen",9563000,F rth,vers.,9,8,1,0,0,0,0,0,0,0,0,0,0,0,0,0,0,0,8,8,0,1,0,1,9,8,1,2021
892500,"Mord, Totschlag und T tung auf Verlangen",9563000,F rth,insg.,10,9,1,0,0,0,0,0,0,0,0,0,0,0,0,0,0,0,9,9,0,1,0,1,10,9,1,2021
892500,"Mord, Totschlag und T tung auf Verlangen",5513000,Gelsenkirchen,voll.,1,0,1,0,0,0,0,0,0,0,0,0,0,0,0,0,0,0,0,0,0,1,0,1,1,0,1,2021
892500,"Mord, Totschlag und T tung auf Verlangen",5513000,Gelsenkirchen,vers.,10,9,1,1,1,0,0,0,0,1,1,0,0,0,0,0,0,0,9,8,1,0,0,0,9,8,1,2021
892500,"Mord, Totschlag und T tung auf Verlangen",5513000,Gelsenkirchen,insg.,11,9,2,1,1,0,0,0,0,1,1,0,0,0,0,0,0,0,9,8,1,1,0,1,10,8,2,2021
892500,"Mord, Totschlag und T tung auf Verlangen",3159016,G ttingen,voll.,2,1,1,0,0,0,0,0,0,0,0,0,0,0,0,0,0,0,2,1,1,0,0,0,2,1,1,2021
892500,"Mord, Totschlag und T tung auf Verlangen",3159016,G ttingen,vers.,4,4,0,0,0,0,0,0,0,0,0,0,0,0,0,0,0,0,4,4,0,0,0,0,4,4,0,2021
892500,"Mord, Totschlag und T tung auf Verlangen",3159016,G ttingen,insg.,6,5,1,0,0,0,0,0,0,0,0,0,0,0,0,0,0,0,6,5,1,0,0,0,6,5,1,2021
892500,"Mord, Totschlag und T tung auf Verlangen",5754008,G tersloh,voll.,0,0,0,0,0,0,0,0,0,0,0,0,0,0,0,0,0,0,0,0,0,0,0,0,0,0,0,2021
892500,"Mord, Totschlag und T tung auf Verlangen",5754008,G tersloh,vers.,1,1,0,0,0,0,0,0,0,0,0,0,0,0,0,0,0,0,1,1,0,0,0,0,1,1,0,2021
892500,"Mord, Totschlag und T tung auf Verlangen",5754008,G tersloh,insg.,1,1,0,0,0,0,0,0,0,0,0,0,0,0,0,0,0,0,1,1,0,0,0,0,1,1,0,2021
892500,"Mord, Totschlag und T tung auf Verlangen",5914000,Hagen,voll.,2,1,1,0,0,0,0,0,0,0,0,0,0,0,0,0,0,0,0,0,0,2,1,1,2,1,1,2021
892500,"Mord, Totschlag und T tung auf Verlangen",5914000,Hagen,vers.,9,6,3,0,0,0,0,0,0,0,0,0,1,1,0,0,0,0,7,4,3,1,1,0,8,5,3,2021
892500,"Mord, Totschlag und T tung auf Verlangen",5914000,Hagen,insg.,11,7,4,0,0,0,0,0,0,0,0,0,1,1,0,0,0,0,7,4,3,3,2,1,10,6,4,2021
892500,"Mord, Totschlag und T tung auf Verlangen",15002000,Halle (Saale),voll.,1,1,0,0,0,0,0,0,0,0,0,0,0,0,0,0,0,0,1,1,0,0,0,0,1,1,0,2021
892500,"Mord, Totschlag und T tung auf Verlangen",15002000,Halle (Saale),vers.,3,2,1,0,0,0,1,0,1,1,0,1,0,0,0,0,0,0,2,2,0,0,0,0,2,2,0,2021
892500,"Mord, Totschlag und T tung auf Verlangen",15002000,Halle (Saale),insg.,4,3,1,0,0,0,1,0,1,1,0,1,0,0,0,0,0,0,3,3,0,0,0,0,3,3,0,2021
892500,"Mord, Totschlag und T tung auf Verlangen",2000000,Hamburg,voll.,9,1,8,1,0,1,0,0,0,1,0,1,0,0,0,1,0,1,6,1,5,1,0,1,7,1,6,2021
892500,"Mord, Totschlag und T tung auf Verlangen",2000000,Hamburg,vers.,76,65,11,1,0,1,1,1,0,2,1,1,4,4,0,5,5,0,64,55,9,1,0,1,65,55,10,2021
892500,"Mord, Totschlag und T tung auf Verlangen",2000000,Hamburg,insg.,85,66,19,2,0,2,1,1,0,3,1,2,4,4,0,6,5,1,70,56,14,2,0,2,72,56,16,2021
892500,"Mord, Totschlag und T tung auf Verlangen",5915000,Hamm,voll.,0,0,0,0,0,0,0,0,0,0,0,0,0,0,0,0,0,0,0,0,0,0,0,0,0,0,0,2021
892500,"Mord, Totschlag und T tung auf Verlangen",5915000,Hamm,vers.,1,1,0,0,0,0,0,0,0,0,0,0,0,0,0,0,0,0,0,0,0,1,1,0,1,1,0,2021
892500,"Mord, Totschlag und T tung auf Verlangen",5915000,Hamm,insg.,1,1,0,0,0,0,0,0,0,0,0,0,0,0,0,0,0,0,0,0,0,1,1,0,1,1,0,2021
892500,"Mord, Totschlag und T tung auf Verlangen",3241001,Hannover,voll.,4,2,2,0,0,0,0,0,0,0,0,0,0,0,0,0,0,0,3,2,1,1,0,1,4,2,2,2021
892500,"Mord, Totschlag und T tung auf Verlangen",3241001,Hannover,vers.,27,25,2,0,0,0,0,0,0,0,0,0,1,1,0,3,3,0,22,21,1,1,0,1,23,21,2,2021
892500,"Mord, Totschlag und T tung auf Verlangen",3241001,Hannover,insg.,31,27,4,0,0,0,0,0,0,0,0,0,1,1,0,3,3,0,25,23,2,2,0,2,27,23,4,2021
892500,"Mord, Totschlag und T tung auf Verlangen",8221000,Heidelberg,voll.,1,1,0,0,0,0,0,0,0,0,0,0,0,0,0,0,0,0,0,0,0,1,1,0,1,1,0,2021
892500,"Mord, Totschlag und T tung auf Verlangen",8221000,Heidelberg,vers.,2,2,0,0,0,0,0,0,0,0,0,0,0,0,0,0,0,0,2,2,0,0,0,0,2,2,0,2021
892500,"Mord, Totschlag und T tung auf Verlangen",8221000,Heidelberg,insg.,3,3,0,0,0,0,0,0,0,0,0,0,0,0,0,0,0,0,2,2,0,1,1,0,3,3,0,2021
892500,"Mord, Totschlag und T tung auf Verlangen",8121000,Heilbronn,voll.,0,0,0,0,0,0,0,0,0,0,0,0,0,0,0,0,0,0,0,0,0,0,0,0,0,0,0,2021
892500,"Mord, Totschlag und T tung auf Verlangen",8121000,Heilbronn,vers.,7,4,3,1,0,1,0,0,0,1,0,1,0,0,0,0,0,0,6,4,2,0,0,0,6,4,2,2021
892500,"Mord, Totschlag und T tung auf Verlangen",8121000,Heilbronn,insg.,7,4,3,1,0,1,0,0,0,1,0,1,0,0,0,0,0,0,6,4,2,0,0,0,6,4,2,2021
892500,"Mord, Totschlag und T tung auf Verlangen",5916000,Herne,voll.,1,0,1,0,0,0,0,0,0,0,0,0,0,0,0,0,0,0,1,0,1,0,0,0,1,0,1,2021
892500,"Mord, Totschlag und T tung auf Verlangen",5916000,Herne,vers.,2,2,0,0,0,0,0,0,0,0,0,0,0,0,0,0,0,0,2,2,0,0,0,0,2,2,0,2021
892500,"Mord, Totschlag und T tung auf Verlangen",5916000,Herne,insg.,3,2,1,0,0,0,0,0,0,0,0,0,0,0,0,0,0,0,3,2,1,0,0,0,3,2,1,2021
892500,"Mord, Totschlag und T tung auf Verlangen",3254021,Hildesheim,voll.,19,8,11,1,1,0,0,0,0,1,1,0,0,0,0,0,0,0,0,0,0,18,7,11,18,7,11,2021
892500,"Mord, Totschlag und T tung auf Verlangen",3254021,Hildesheim,vers.,8,5,3,0,0,0,0,0,0,0,0,0,0,0,0,1,1,0,7,4,3,0,0,0,7,4,3,2021
892500,"Mord, Totschlag und T tung auf Verlangen",3254021,Hildesheim,insg.,27,13,14,1,1,0,0,0,0,1,1,0,0,0,0,1,1,0,7,4,3,18,7,11,25,11,14,2021
892500,"Mord, Totschlag und T tung auf Verlangen",9161000,Ingolstadt,voll.,0,0,0,0,0,0,0,0,0,0,0,0,0,0,0,0,0,0,0,0,0,0,0,0,0,0,0,2021
892500,"Mord, Totschlag und T tung auf Verlangen",9161000,Ingolstadt,vers.,10,3,7,0,0,0,2,0,2,2,0,2,1,0,1,0,0,0,5,3,2,2,0,2,7,3,4,2021
892500,"Mord, Totschlag und T tung auf Verlangen",9161000,Ingolstadt,insg.,10,3,7,0,0,0,2,0,2,2,0,2,1,0,1,0,0,0,5,3,2,2,0,2,7,3,4,2021
892500,"Mord, Totschlag und T tung auf Verlangen",16053000,Jena,voll.,1,0,1,0,0,0,0,0,0,0,0,0,0,0,0,0,0,0,0,0,0,1,0,1,1,0,1,2021
892500,"Mord, Totschlag und T tung auf Verlangen",16053000,Jena,vers.,2,2,0,0,0,0,0,0,0,0,0,0,0,0,0,0,0,0,2,2,0,0,0,0,2,2,0,2021
892500,"Mord, Totschlag und T tung auf Verlangen",16053000,Jena,insg.,3,2,1,0,0,0,0,0,0,0,0,0,0,0,0,0,0,0,2,2,0,1,0,1,3,2,1,2021
892500,"Mord, Totschlag und T tung auf Verlangen",7312000,Kaiserslautern,voll.,2,0,2,1,0,1,0,0,0,1,0,1,0,0,0,0,0,0,1,0,1,0,0,0,1,0,1,2021
892500,"Mord, Totschlag und T tung auf Verlangen",7312000,Kaiserslautern,vers.,10,8,2,0,0,0,0,0,0,0,0,0,0,0,0,2,2,0,8,6,2,0,0,0,8,6,2,2021
892500,"Mord, Totschlag und T tung auf Verlangen",7312000,Kaiserslautern,insg.,12,8,4,1,0,1,0,0,0,1,0,1,0,0,0,2,2,0,9,6,3,0,0,0,9,6,3,2021
892500,"Mord, Totschlag und T tung auf Verlangen",8212000,Karlsruhe,voll.,7,3,4,1,0,1,1,0,1,2,0,2,0,0,0,1,1,0,2,1,1,2,1,1,4,2,2,2021
892500,"Mord, Totschlag und T tung auf Verlangen",8212000,Karlsruhe,vers.,12,10,2,0,0,0,0,0,0,0,0,0,0,0,0,0,0,0,10,8,2,2,2,0,12,10,2,2021
892500,"Mord, Totschlag und T tung auf Verlangen",8212000,Karlsruhe,insg.,19,13,6,1,0,1,1,0,1,2,0,2,0,0,0,1,1,0,12,9,3,4,3,1,16,12,4,2021
892500,"Mord, Totschlag und T tung auf Verlangen",6611000,Kassel,voll.,0,0,0,0,0,0,0,0,0,0,0,0,0,0,0,0,0,0,0,0,0,0,0,0,0,0,0,2021
892500,"Mord, Totschlag und T tung auf Verlangen",6611000,Kassel,vers.,10,9,1,0,0,0,0,0,0,0,0,0,0,0,0,0,0,0,10,9,1,0,0,0,10,9,1,2021
892500,"Mord, Totschlag und T tung auf Verlangen",6611000,Kassel,insg.,10,9,1,0,0,0,0,0,0,0,0,0,0,0,0,0,0,0,10,9,1,0,0,0,10,9,1,2021
892500,"Mord, Totschlag und T tung auf Verlangen",1002000,Kiel,voll.,4,3,1,0,0,0,0,0,0,0,0,0,0,0,0,0,0,0,3,3,0,1,0,1,4,3,1,2021
892500,"Mord, Totschlag und T tung auf Verlangen",1002000,Kiel,vers.,13,9,4,0,0,0,0,0,0,0,0,0,0,0,0,0,0,0,12,9,3,1,0,1,13,9,4,2021
892500,"Mord, Totschlag und T tung auf Verlangen",1002000,Kiel,insg.,17,12,5,0,0,0,0,0,0,0,0,0,0,0,0,0,0,0,15,12,3,2,0,2,17,12,5,2021
892500,"Mord, Totschlag und T tung auf Verlangen",7111000,Koblenz,voll.,0,0,0,0,0,0,0,0,0,0,0,0,0,0,0,0,0,0,0,0,0,0,0,0,0,0,0,2021
892500,"Mord, Totschlag und T tung auf Verlangen",7111000,Koblenz,vers.,0,0,0,0,0,0,0,0,0,0,0,0,0,0,0,0,0,0,0,0,0,0,0,0,0,0,0,2021
892500,"Mord, Totschlag und T tung auf Verlangen",7111000,Koblenz,insg.,0,0,0,0,0,0,0,0,0,0,0,0,0,0,0,0,0,0,0,0,0,0,0,0,0,0,0,2021
892500,"Mord, Totschlag und T tung auf Verlangen",5315000,K ln,voll.,6,3,3,2,2,0,0,0,0,2,2,0,0,0,0,0,0,0,2,0,2,2,1,1,4,1,3,2021
892500,"Mord, Totschlag und T tung auf Verlangen",5315000,K ln,vers.,11,7,4,1,0,1,0,0,0,1,0,1,0,0,0,0,0,0,10,7,3,0,0,0,10,7,3,2021
892500,"Mord, Totschlag und T tung auf Verlangen",5315000,K ln,insg.,17,10,7,3,2,1,0,0,0,3,2,1,0,0,0,0,0,0,12,7,5,2,1,1,14,8,6,2021
892500,"Mord, Totschlag und T tung auf Verlangen",5114000,Krefeld,voll.,2,1,1,0,0,0,0,0,0,0,0,0,0,0,0,0,0,0,2,1,1,0,0,0,2,1,1,2021
892500,"Mord, Totschlag und T tung auf Verlangen",5114000,Krefeld,vers.,6,6,0,0,0,0,0,0,0,0,0,0,1,1,0,2,2,0,1,1,0,2,2,0,3,3,0,2021
892500,"Mord, Totschlag und T tung auf Verlangen",5114000,Krefeld,insg.,8,7,1,0,0,0,0,0,0,0,0,0,1,1,0,2,2,0,3,2,1,2,2,0,5,4,1,2021
892500,"Mord, Totschlag und T tung auf Verlangen",14713000,Leipzig,voll.,6,4,2,0,0,0,0,0,0,0,0,0,0,0,0,0,0,0,4,4,0,2,0,2,6,4,2,2021
892500,"Mord, Totschlag und T tung auf Verlangen",14713000,Leipzig,vers.,7,5,2,0,0,0,0,0,0,0,0,0,2,1,1,0,0,0,5,4,1,0,0,0,5,4,1,2021
892500,"Mord, Totschlag und T tung auf Verlangen",14713000,Leipzig,insg.,13,9,4,0,0,0,0,0,0,0,0,0,2,1,1,0,0,0,9,8,1,2,0,2,11,8,3,2021
892500,"Mord, Totschlag und T tung auf Verlangen",5316000,Leverkusen,voll.,0,0,0,0,0,0,0,0,0,0,0,0,0,0,0,0,0,0,0,0,0,0,0,0,0,0,0,2021
892500,"Mord, Totschlag und T tung auf Verlangen",5316000,Leverkusen,vers.,0,0,0,0,0,0,0,0,0,0,0,0,0,0,0,0,0,0,0,0,0,0,0,0,0,0,0,2021
892500,"Mord, Totschlag und T tung auf Verlangen",5316000,Leverkusen,insg.,0,0,0,0,0,0,0,0,0,0,0,0,0,0,0,0,0,0,0,0,0,0,0,0,0,0,0,2021
892500,"Mord, Totschlag und T tung auf Verlangen",1003000,L beck,voll.,2,1,1,0,0,0,0,0,0,0,0,0,0,0,0,0,0,0,1,1,0,1,0,1,2,1,1,2021
892500,"Mord, Totschlag und T tung auf Verlangen",1003000,L beck,vers.,5,2,3,0,0,0,0,0,0,0,0,0,0,0,0,0,0,0,3,1,2,2,1,1,5,2,3,2021
892500,"Mord, Totschlag und T tung auf Verlangen",1003000,L beck,insg.,7,3,4,0,0,0,0,0,0,0,0,0,0,0,0,0,0,0,4,2,2,3,1,2,7,3,4,2021
892500,"Mord, Totschlag und T tung auf Verlangen",7314000,Ludwigshafen am Rhein,voll.,3,1,2,0,0,0,0,0,0,0,0,0,2,1,1,0,0,0,0,0,0,1,0,1,1,0,1,2021
892500,"Mord, Totschlag und T tung auf Verlangen",7314000,Ludwigshafen am Rhein,vers.,4,4,0,0,0,0,0,0,0,0,0,0,0,0,0,1,1,0,3,3,0,0,0,0,3,3,0,2021
892500,"Mord, Totschlag und T tung auf Verlangen",7314000,Ludwigshafen am Rhein,insg.,7,5,2,0,0,0,0,0,0,0,0,0,2,1,1,1,1,0,3,3,0,1,0,1,4,3,1,2021
892500,"Mord, Totschlag und T tung auf Verlangen",15003000,Magdeburg,voll.,1,0,1,0,0,0,0,0,0,0,0,0,0,0,0,0,0,0,1,0,1,0,0,0,1,0,1,2021
892500,"Mord, Totschlag und T tung auf Verlangen",15003000,Magdeburg,vers.,10,7,3,0,0,0,0,0,0,0,0,0,0,0,0,2,2,0,6,3,3,2,2,0,8,5,3,2021
892500,"Mord, Totschlag und T tung auf Verlangen",15003000,Magdeburg,insg.,11,7,4,0,0,0,0,0,0,0,0,0,0,0,0,2,2,0,7,3,4,2,2,0,9,5,4,2021
892500,"Mord, Totschlag und T tung auf Verlangen",7315000,Mainz,voll.,0,0,0,0,0,0,0,0,0,0,0,0,0,0,0,0,0,0,0,0,0,0,0,0,0,0,0,2021
892500,"Mord, Totschlag und T tung auf Verlangen",7315000,Mainz,vers.,2,2,0,0,0,0,0,0,0,0,0,0,0,0,0,0,0,0,2,2,0,0,0,0,2,2,0,2021
892500,"Mord, Totschlag und T tung auf Verlangen",7315000,Mainz,insg.,2,2,0,0,0,0,0,0,0,0,0,0,0,0,0,0,0,0,2,2,0,0,0,0,2,2,0,2021
892500,"Mord, Totschlag und T tung auf Verlangen",8222000,Mannheim,voll.,3,2,1,0,0,0,0,0,0,0,0,0,0,0,0,0,0,0,3,2,1,0,0,0,3,2,1,2021
892500,"Mord, Totschlag und T tung auf Verlangen",8222000,Mannheim,vers.,18,17,1,0,0,0,0,0,0,0,0,0,0,0,0,0,0,0,17,16,1,1,1,0,18,17,1,2021
892500,"Mord, Totschlag und T tung auf Verlangen",8222000,Mannheim,insg.,21,19,2,0,0,0,0,0,0,0,0,0,0,0,0,0,0,0,20,18,2,1,1,0,21,19,2,2021
892500,"Mord, Totschlag und T tung auf Verlangen",5170024,Moers,voll.,0,0,0,0,0,0,0,0,0,0,0,0,0,0,0,0,0,0,0,0,0,0,0,0,0,0,0,2021
892500,"Mord, Totschlag und T tung auf Verlangen",5170024,Moers,vers.,1,1,0,0,0,0,0,0,0,0,0,0,0,0,0,0,0,0,1,1,0,0,0,0,1,1,0,2021
892500,"Mord, Totschlag und T tung auf Verlangen",5170024,Moers,insg.,1,1,0,0,0,0,0,0,0,0,0,0,0,0,0,0,0,0,1,1,0,0,0,0,1,1,0,2021
892500,"Mord, Totschlag und T tung auf Verlangen",5116000,M nchengladbach,voll.,1,1,0,1,1,0,0,0,0,1,1,0,0,0,0,0,0,0,0,0,0,0,0,0,0,0,0,2021
892500,"Mord, Totschlag und T tung auf Verlangen",5116000,M nchengladbach,vers.,9,3,6,1,0,1,0,0,0,1,0,1,1,0,1,1,0,1,4,2,2,2,1,1,6,3,3,2021
892500,"Mord, Totschlag und T tung auf Verlangen",5116000,M nchengladbach,insg.,10,4,6,2,1,1,0,0,0,2,1,1,1,0,1,1,0,1,4,2,2,2,1,1,6,3,3,2021
892500,"Mord, Totschlag und T tung auf Verlangen",5117000,M lheim an der Ruhr,voll.,0,0,0,0,0,0,0,0,0,0,0,0,0,0,0,0,0,0,0,0,0,0,0,0,0,0,0,2021
892500,"Mord, Totschlag und T tung auf Verlangen",5117000,M lheim an der Ruhr,vers.,5,3,2,0,0,0,0,0,0,0,0,0,1,1,0,0,0,0,3,1,2,1,1,0,4,2,2,2021
892500,"Mord, Totschlag und T tung auf Verlangen",5117000,M lheim an der Ruhr,insg.,5,3,2,0,0,0,0,0,0,0,0,0,1,1,0,0,0,0,3,1,2,1,1,0,4,2,2,2021
892500,"Mord, Totschlag und T tung auf Verlangen",9162000,M nchen,voll.,18,3,15,2,0,2,0,0,0,2,0,2,2,1,1,0,0,0,10,2,8,4,0,4,14,2,12,2021
892500,"Mord, Totschlag und T tung auf Verlangen",9162000,M nchen,vers.,39,32,7,0,0,0,0,0,0,0,0,0,5,5,0,2,2,0,29,23,6,3,2,1,32,25,7,2021
892500,"Mord, Totschlag und T tung auf Verlangen",9162000,M nchen,insg.,57,35,22,2,0,2,0,0,0,2,0,2,7,6,1,2,2,0,39,25,14,7,2,5,46,27,19,2021
892500,"Mord, Totschlag und T tung auf Verlangen",5515000,M nster,voll.,0,0,0,0,0,0,0,0,0,0,0,0,0,0,0,0,0,0,0,0,0,0,0,0,0,0,0,2021
892500,"Mord, Totschlag und T tung auf Verlangen",5515000,M nster,vers.,4,4,0,0,0,0,0,0,0,0,0,0,0,0,0,0,0,0,2,2,0,2,2,0,4,4,0,2021
892500,"Mord, Totschlag und T tung auf Verlangen",5515000,M nster,insg.,4,4,0,0,0,0,0,0,0,0,0,0,0,0,0,0,0,0,2,2,0,2,2,0,4,4,0,2021
892500,"Mord, Totschlag und T tung auf Verlangen",5162024,Neuss,voll.,1,1,0,0,0,0,0,0,0,0,0,0,0,0,0,0,0,0,1,1,0,0,0,0,1,1,0,2021
892500,"Mord, Totschlag und T tung auf Verlangen",5162024,Neuss,vers.,9,8,1,0,0,0,0,0,0,0,0,0,4,4,0,0,0,0,5,4,1,0,0,0,5,4,1,2021
892500,"Mord, Totschlag und T tung auf Verlangen",5162024,Neuss,insg.,10,9,1,0,0,0,0,0,0,0,0,0,4,4,0,0,0,0,6,5,1,0,0,0,6,5,1,2021
892500,"Mord, Totschlag und T tung auf Verlangen",9564000,N rnberg,voll.,3,0,3,0,0,0,0,0,0,0,0,0,0,0,0,0,0,0,2,0,2,1,0,1,3,0,3,2021
892500,"Mord, Totschlag und T tung auf Verlangen",9564000,N rnberg,vers.,50,39,11,3,2,1,2,1,1,5,3,2,1,1,0,3,3,0,38,29,9,3,3,0,41,32,9,2021
892500,"Mord, Totschlag und T tung auf Verlangen",9564000,N rnberg,insg.,53,39,14,3,2,1,2,1,1,5,3,2,1,1,0,3,3,0,40,29,11,4,3,1,44,32,12,2021
892500,"Mord, Totschlag und T tung auf Verlangen",5119000,Oberhausen,voll.,3,2,1,0,0,0,0,0,0,0,0,0,0,0,0,0,0,0,1,1,0,2,1,1,3,2,1,2021
892500,"Mord, Totschlag und T tung auf Verlangen",5119000,Oberhausen,vers.,7,5,2,0,0,0,0,0,0,0,0,0,0,0,0,0,0,0,5,5,0,2,0,2,7,5,2,2021
892500,"Mord, Totschlag und T tung auf Verlangen",5119000,Oberhausen,insg.,10,7,3,0,0,0,0,0,0,0,0,0,0,0,0,0,0,0,6,6,0,4,1,3,10,7,3,2021
892500,"Mord, Totschlag und T tung auf Verlangen",6413000,Offenbach am Main,voll.,0,0,0,0,0,0,0,0,0,0,0,0,0,0,0,0,0,0,0,0,0,0,0,0,0,0,0,2021
892500,"Mord, Totschlag und T tung auf Verlangen",6413000,Offenbach am Main,vers.,3,3,0,0,0,0,0,0,0,0,0,0,0,0,0,1,1,0,2,2,0,0,0,0,2,2,0,2021
892500,"Mord, Totschlag und T tung auf Verlangen",6413000,Offenbach am Main,insg.,3,3,0,0,0,0,0,0,0,0,0,0,0,0,0,1,1,0,2,2,0,0,0,0,2,2,0,2021
892500,"Mord, Totschlag und T tung auf Verlangen",3403000,Oldenburg (Oldenburg),voll.,2,0,2,0,0,0,0,0,0,0,0,0,0,0,0,0,0,0,1,0,1,1,0,1,2,0,2,2021
892500,"Mord, Totschlag und T tung auf Verlangen",3403000,Oldenburg (Oldenburg),vers.,8,6,2,0,0,0,0,0,0,0,0,0,0,0,0,1,1,0,6,4,2,1,1,0,7,5,2,2021
892500,"Mord, Totschlag und T tung auf Verlangen",3403000,Oldenburg (Oldenburg),insg.,10,6,4,0,0,0,0,0,0,0,0,0,0,0,0,1,1,0,7,4,3,2,1,1,9,5,4,2021
892500,"Mord, Totschlag und T tung auf Verlangen",3404000,Osnabr ck,voll.,0,0,0,0,0,0,0,0,0,0,0,0,0,0,0,0,0,0,0,0,0,0,0,0,0,0,0,2021
892500,"Mord, Totschlag und T tung auf Verlangen",3404000,Osnabr ck,vers.,8,6,2,1,0,1,0,0,0,1,0,1,0,0,0,0,0,0,6,5,1,1,1,0,7,6,1,2021
892500,"Mord, Totschlag und T tung auf Verlangen",3404000,Osnabr ck,insg.,8,6,2,1,0,1,0,0,0,1,0,1,0,0,0,0,0,0,6,5,1,1,1,0,7,6,1,2021
892500,"Mord, Totschlag und T tung auf Verlangen",5774032,Paderborn,voll.,1,1,0,0,0,0,0,0,0,0,0,0,0,0,0,0,0,0,1,1,0,0,0,0,1,1,0,2021
892500,"Mord, Totschlag und T tung auf Verlangen",5774032,Paderborn,vers.,4,2,2,1,0,1,0,0,0,1,0,1,0,0,0,0,0,0,2,1,1,1,1,0,3,2,1,2021
892500,"Mord, Totschlag und T tung auf Verlangen",5774032,Paderborn,insg.,5,3,2,1,0,1,0,0,0,1,0,1,0,0,0,0,0,0,3,2,1,1,1,0,4,3,1,2021
892500,"Mord, Totschlag und T tung auf Verlangen",8231000,Pforzheim,voll.,1,1,0,0,0,0,0,0,0,0,0,0,0,0,0,0,0,0,1,1,0,0,0,0,1,1,0,2021
892500,"Mord, Totschlag und T tung auf Verlangen",8231000,Pforzheim,vers.,3,3,0,0,0,0,0,0,0,0,0,0,0,0,0,0,0,0,1,1,0,2,2,0,3,3,0,2021
892500,"Mord, Totschlag und T tung auf Verlangen",8231000,Pforzheim,insg.,4,4,0,0,0,0,0,0,0,0,0,0,0,0,0,0,0,0,2,2,0,2,2,0,4,4,0,2021
892500,"Mord, Totschlag und T tung auf Verlangen",12054000,Potsdam,voll.,4,2,2,0,0,0,0,0,0,0,0,0,0,0,0,0,0,0,4,2,2,0,0,0,4,2,2,2021
892500,"Mord, Totschlag und T tung auf Verlangen",12054000,Potsdam,vers.,3,2,1,1,1,0,0,0,0,1,1,0,0,0,0,0,0,0,2,1,1,0,0,0,2,1,1,2021
892500,"Mord, Totschlag und T tung auf Verlangen",12054000,Potsdam,insg.,7,4,3,1,1,0,0,0,0,1,1,0,0,0,0,0,0,0,6,3,3,0,0,0,6,3,3,2021
892500,"Mord, Totschlag und T tung auf Verlangen",5562032,Recklinghausen,voll.,1,1,0,0,0,0,0,0,0,0,0,0,0,0,0,0,0,0,1,1,0,0,0,0,1,1,0,2021
892500,"Mord, Totschlag und T tung auf Verlangen",5562032,Recklinghausen,vers.,1,1,0,0,0,0,0,0,0,0,0,0,0,0,0,0,0,0,1,1,0,0,0,0,1,1,0,2021
892500,"Mord, Totschlag und T tung auf Verlangen",5562032,Recklinghausen,insg.,2,2,0,0,0,0,0,0,0,0,0,0,0,0,0,0,0,0,2,2,0,0,0,0,2,2,0,2021
892500,"Mord, Totschlag und T tung auf Verlangen",9362000,Regensburg,voll.,2,0,2,1,0,1,0,0,0,1,0,1,0,0,0,0,0,0,1,0,1,0,0,0,1,0,1,2021
892500,"Mord, Totschlag und T tung auf Verlangen",9362000,Regensburg,vers.,7,4,3,0,0,0,0,0,0,0,0,0,0,0,0,0,0,0,7,4,3,0,0,0,7,4,3,2021
892500,"Mord, Totschlag und T tung auf Verlangen",9362000,Regensburg,insg.,9,4,5,1,0,1,0,0,0,1,0,1,0,0,0,0,0,0,8,4,4,0,0,0,8,4,4,2021
892500,"Mord, Totschlag und T tung auf Verlangen",5120000,Remscheid,voll.,0,0,0,0,0,0,0,0,0,0,0,0,0,0,0,0,0,0,0,0,0,0,0,0,0,0,0,2021
892500,"Mord, Totschlag und T tung auf Verlangen",5120000,Remscheid,vers.,6,4,2,0,0,0,0,0,0,0,0,0,1,1,0,0,0,0,5,3,2,0,0,0,5,3,2,2021
892500,"Mord, Totschlag und T tung auf Verlangen",5120000,Remscheid,insg.,6,4,2,0,0,0,0,0,0,0,0,0,1,1,0,0,0,0,5,3,2,0,0,0,5,3,2,2021
892500,"Mord, Totschlag und T tung auf Verlangen",8415061,Reutlingen,voll.,0,0,0,0,0,0,0,0,0,0,0,0,0,0,0,0,0,0,0,0,0,0,0,0,0,0,0,2021
892500,"Mord, Totschlag und T tung auf Verlangen",8415061,Reutlingen,vers.,14,12,2,0,0,0,0,0,0,0,0,0,2,1,1,2,2,0,8,7,1,2,2,0,10,9,1,2021
892500,"Mord, Totschlag und T tung auf Verlangen",8415061,Reutlingen,insg.,14,12,2,0,0,0,0,0,0,0,0,0,2,1,1,2,2,0,8,7,1,2,2,0,10,9,1,2021
892500,"Mord, Totschlag und T tung auf Verlangen",13003000,Rostock,voll.,1,1,0,0,0,0,0,0,0,0,0,0,0,0,0,0,0,0,1,1,0,0,0,0,1,1,0,2021
892500,"Mord, Totschlag und T tung auf Verlangen",13003000,Rostock,vers.,4,3,1,0,0,0,0,0,0,0,0,0,0,0,0,0,0,0,4,3,1,0,0,0,4,3,1,2021
892500,"Mord, Totschlag und T tung auf Verlangen",13003000,Rostock,insg.,5,4,1,0,0,0,0,0,0,0,0,0,0,0,0,0,0,0,5,4,1,0,0,0,5,4,1,2021
892500,"Mord, Totschlag und T tung auf Verlangen",10041100,Saarbr cken,voll.,0,0,0,0,0,0,0,0,0,0,0,0,0,0,0,0,0,0,0,0,0,0,0,0,0,0,0,2021
892500,"Mord, Totschlag und T tung auf Verlangen",10041100,Saarbr cken,vers.,12,10,2,0,0,0,0,0,0,0,0,0,0,0,0,2,2,0,7,5,2,3,3,0,10,8,2,2021
892500,"Mord, Totschlag und T tung auf Verlangen",10041100,Saarbr cken,insg.,12,10,2,0,0,0,0,0,0,0,0,0,0,0,0,2,2,0,7,5,2,3,3,0,10,8,2,2021
892500,"Mord, Totschlag und T tung auf Verlangen",3102000,Salzgitter,voll.,0,0,0,0,0,0,0,0,0,0,0,0,0,0,0,0,0,0,0,0,0,0,0,0,0,0,0,2021
892500,"Mord, Totschlag und T tung auf Verlangen",3102000,Salzgitter,vers.,5,2,3,0,0,0,1,1,0,1,1,0,0,0,0,0,0,0,4,1,3,0,0,0,4,1,3,2021
892500,"Mord, Totschlag und T tung auf Verlangen",3102000,Salzgitter,insg.,5,2,3,0,0,0,1,1,0,1,1,0,0,0,0,0,0,0,4,1,3,0,0,0,4,1,3,2021
892500,"Mord, Totschlag und T tung auf Verlangen",13004000,Schwerin,voll.,1,0,1,0,0,0,0,0,0,0,0,0,0,0,0,0,0,0,0,0,0,1,0,1,1,0,1,2021
892500,"Mord, Totschlag und T tung auf Verlangen",13004000,Schwerin,vers.,1,0,1,0,0,0,1,0,1,1,0,1,0,0,0,0,0,0,0,0,0,0,0,0,0,0,0,2021
892500,"Mord, Totschlag und T tung auf Verlangen",13004000,Schwerin,insg.,2,0,2,0,0,0,1,0,1,1,0,1,0,0,0,0,0,0,0,0,0,1,0,1,1,0,1,2021
892500,"Mord, Totschlag und T tung auf Verlangen",5970040,Siegen,voll.,0,0,0,0,0,0,0,0,0,0,0,0,0,0,0,0,0,0,0,0,0,0,0,0,0,0,0,2021
892500,"Mord, Totschlag und T tung auf Verlangen",5970040,Siegen,vers.,2,2,0,0,0,0,0,0,0,0,0,0,0,0,0,0,0,0,0,0,0,2,2,0,2,2,0,2021
892500,"Mord, Totschlag und T tung auf Verlangen",5970040,Siegen,insg.,2,2,0,0,0,0,0,0,0,0,0,0,0,0,0,0,0,0,0,0,0,2,2,0,2,2,0,2021
892500,"Mord, Totschlag und T tung auf Verlangen",5122000,Solingen,voll.,5,2,3,3,0,3,2,2,0,5,2,3,0,0,0,0,0,0,0,0,0,0,0,0,0,0,0,2021
892500,"Mord, Totschlag und T tung auf Verlangen",5122000,Solingen,vers.,0,0,0,0,0,0,0,0,0,0,0,0,0,0,0,0,0,0,0,0,0,0,0,0,0,0,0,2021
892500,"Mord, Totschlag und T tung auf Verlangen",5122000,Solingen,insg.,5,2,3,3,0,3,2,2,0,5,2,3,0,0,0,0,0,0,0,0,0,0,0,0,0,0,0,2021
892500,"Mord, Totschlag und T tung auf Verlangen",8111000,Stuttgart,voll.,1,0,1,0,0,0,0,0,0,0,0,0,0,0,0,0,0,0,0,0,0,1,0,1,1,0,1,2021
892500,"Mord, Totschlag und T tung auf Verlangen",8111000,Stuttgart,vers.,25,23,2,0,0,0,0,0,0,0,0,0,4,4,0,3,3,0,16,15,1,2,1,1,18,16,2,2021
892500,"Mord, Totschlag und T tung auf Verlangen",8111000,Stuttgart,insg.,26,23,3,0,0,0,0,0,0,0,0,0,4,4,0,3,3,0,16,15,1,3,1,2,19,16,3,2021
892500,"Mord, Totschlag und T tung auf Verlangen",7211000,Trier,voll.,1,0,1,0,0,0,0,0,0,0,0,0,0,0,0,0,0,0,0,0,0,1,0,1,1,0,1,2021
892500,"Mord, Totschlag und T tung auf Verlangen",7211000,Trier,vers.,1,1,0,0,0,0,0,0,0,0,0,0,0,0,0,0,0,0,1,1,0,0,0,0,1,1,0,2021
892500,"Mord, Totschlag und T tung auf Verlangen",7211000,Trier,insg.,2,1,1,0,0,0,0,0,0,0,0,0,0,0,0,0,0,0,1,1,0,1,0,1,2,1,1,2021
892500,"Mord, Totschlag und T tung auf Verlangen",8421000,Ulm,voll.,4,1,3,1,0,1,0,0,0,1,0,1,0,0,0,0,0,0,2,1,1,1,0,1,3,1,2,2021
892500,"Mord, Totschlag und T tung auf Verlangen",8421000,Ulm,vers.,5,5,0,0,0,0,0,0,0,0,0,0,0,0,0,0,0,0,4,4,0,1,1,0,5,5,0,2021
892500,"Mord, Totschlag und T tung auf Verlangen",8421000,Ulm,insg.,9,6,3,1,0,1,0,0,0,1,0,1,0,0,0,0,0,0,6,5,1,2,1,1,8,6,2,2021
892500,"Mord, Totschlag und T tung auf Verlangen",6414000,Wiesbaden,voll.,8,1,7,2,0,2,0,0,0,2,0,2,0,0,0,0,0,0,5,1,4,1,0,1,6,1,5,2021
892500,"Mord, Totschlag und T tung auf Verlangen",6414000,Wiesbaden,vers.,17,13,4,0,0,0,0,0,0,0,0,0,0,0,0,1,1,0,14,10,4,2,2,0,16,12,4,2021
892500,"Mord, Totschlag und T tung auf Verlangen",6414000,Wiesbaden,insg.,25,14,11,2,0,2,0,0,0,2,0,2,0,0,0,1,1,0,19,11,8,3,2,1,22,13,9,2021
892500,"Mord, Totschlag und T tung auf Verlangen",3103000,Wolfsburg,voll.,3,3,0,0,0,0,0,0,0,0,0,0,0,0,0,1,1,0,2,2,0,0,0,0,2,2,0,2021
892500,"Mord, Totschlag und T tung auf Verlangen",3103000,Wolfsburg,vers.,3,1,2,0,0,0,0,0,0,0,0,0,0,0,0,0,0,0,2,1,1,1,0,1,3,1,2,2021
892500,"Mord, Totschlag und T tung auf Verlangen",3103000,Wolfsburg,insg.,6,4,2,0,0,0,0,0,0,0,0,0,0,0,0,1,1,0,4,3,1,1,0,1,5,3,2,2021
892500,"Mord, Totschlag und T tung auf Verlangen",5124000,Wuppertal,voll.,0,0,0,0,0,0,0,0,0,0,0,0,0,0,0,0,0,0,0,0,0,0,0,0,0,0,0,2021
892500,"Mord, Totschlag und T tung auf Verlangen",5124000,Wuppertal,vers.,8,6,2,0,0,0,0,0,0,0,0,0,0,0,0,0,0,0,7,5,2,1,1,0,8,6,2,2021
892500,"Mord, Totschlag und T tung auf Verlangen",5124000,Wuppertal,insg.,8,6,2,0,0,0,0,0,0,0,0,0,0,0,0,0,0,0,7,5,2,1,1,0,8,6,2,2021
892500,"Mord, Totschlag und T tung auf Verlangen",9663000,W rzburg,voll.,0,0,0,0,0,0,0,0,0,0,0,0,0,0,0,0,0,0,0,0,0,0,0,0,0,0,0,2021
892500,"Mord, Totschlag und T tung auf Verlangen",9663000,W rzburg,vers.,7,7,0,0,0,0,0,0,0,0,0,0,1,1,0,0,0,0,6,6,0,0,0,0,6,6,0,2021
892500,"Mord, Totschlag und T tung auf Verlangen",9663000,W rzburg,insg.,7,7,0,0,0,0,0,0,0,0,0,0,1,1,0,0,0,0,6,6,0,0,0,0,6,6,0,2021
------,Straftaten insgesamt,5334002,Aachen,vers.,399,256,143,7,6,1,14,7,7,21,13,8,26,17,9,26,22,4,288,182,106,38,22,16,326,204,122,2022
------,Straftaten insgesamt,5334002,Aachen,voll.,4561,2659,1902,36,19,17,199,103,96,235,122,113,281,148,133,389,208,181,3312,1982,1330,344,199,145,3656,2181,1475,2022
------,Straftaten insgesamt,5334002,Aachen,insg.,4960,2915,2045,43,25,18,213,110,103,256,135,121,307,165,142,415,230,185,3600,2164,1436,382,221,161,3982,2385,1597,2022
------,Straftaten insgesamt,9761000,Augsburg,vers.,505,333,172,10,9,1,28,15,13,38,24,14,35,20,15,43,24,19,364,250,114,25,15,10,389,265,124,2022
------,Straftaten insgesamt,9761000,Augsburg,voll.,5100,3221,1879,56,39,17,322,210,112,378,249,129,373,219,154,415,256,159,3661,2343,1318,273,154,119,3934,2497,1437,2022
------,Straftaten insgesamt,9761000,Augsburg,insg.,5605,3554,2051,66,48,18,350,225,125,416,273,143,408,239,169,458,280,178,4025,2593,1432,298,169,129,4323,2762,1561,2022
------,Straftaten insgesamt,5378004,Bergisch Gladbach,vers.,170,113,57,0,0,0,5,3,2,5,3,2,21,16,5,17,14,3,101,64,37,26,16,10,127,80,47,2022
------,Straftaten insgesamt,5378004,Bergisch Gladbach,voll.,1436,755,681,9,4,5,97,57,40,106,61,45,138,86,52,104,52,52,935,484,451,153,72,81,1088,556,532,2022
------,Straftaten insgesamt,5378004,Bergisch Gladbach,insg.,1606,868,738,9,4,5,102,60,42,111,64,47,159,102,57,121,66,55,1036,548,488,179,88,91,1215,636,579,2022
------,Straftaten insgesamt,11000000,Berlin,vers.,7700,5293,2407,81,40,41,417,275,142,498,315,183,532,377,155,431,305,126,5678,3973,1705,561,323,238,6239,4296,1943,2022
------,Straftaten insgesamt,11000000,Berlin,voll.,87847,54119,33728,815,440,375,5819,3401,2418,6634,3841,2793,6666,3947,2719,4955,2792,2163,64276,40502,23774,5316,3037,2279,69592,43539,26053,2022
------,Straftaten insgesamt,11000000,Berlin,insg.,95547,59412,36135,896,480,416,6236,3676,2560,7132,4156,2976,7198,4324,2874,5386,3097,2289,69954,44475,25479,5877,3360,2517,75831,47835,27996,2022
------,Straftaten insgesamt,5711000,Bielefeld,vers.,353,210,143,6,3,3,11,7,4,17,10,7,21,4,17,29,18,11,259,159,100,27,19,8,286,178,108,2022
------,Straftaten insgesamt,5711000,Bielefeld,voll.,4551,2437,2114,43,21,22,260,122,138,303,143,160,314,141,173,377,182,195,3275,1823,1452,282,148,134,3557,1971,1586,2022
------,Straftaten insgesamt,5711000,Bielefeld,insg.,4904,2647,2257,49,24,25,271,129,142,320,153,167,335,145,190,406,200,206,3534,1982,1552,309,167,142,3843,2149,1694,2022
------,Straftaten insgesamt,5911000,Bochum,vers.,462,292,170,3,1,2,41,28,13,44,29,15,40,28,12,29,16,13,308,191,117,41,28,13,349,219,130,2022
------,Straftaten insgesamt,5911000,Bochum,voll.,6281,3632,2649,66,33,33,420,222,198,486,255,231,491,278,213,466,259,207,4407,2583,1824,431,257,174,4838,2840,1998,2022
------,Straftaten insgesamt,5911000,Bochum,insg.,6743,3924,2819,69,34,35,461,250,211,530,284,246,531,306,225,495,275,220,4715,2774,1941,472,285,187,5187,3059,2128,2022
------,Straftaten insgesamt,5314000,Bonn,vers.,751,471,280,5,1,4,41,26,15,46,27,19,49,31,18,61,37,24,539,343,196,56,33,23,595,376,219,2022
------,Straftaten insgesamt,5314000,Bonn,voll.,6255,3704,2551,53,26,27,344,191,153,397,217,180,518,313,205,442,247,195,4450,2672,1778,448,255,193,4898,2927,1971,2022
------,Straftaten insgesamt,5314000,Bonn,insg.,7006,4175,2831,58,27,31,385,217,168,443,244,199,567,344,223,503,284,219,4989,3015,1974,504,288,216,5493,3303,2190,2022
------,Straftaten insgesamt,5512000,Bottrop,vers.,108,76,32,1,1,0,20,17,3,21,18,3,11,10,1,8,4,4,58,36,22,10,8,2,68,44,24,2022
------,Straftaten insgesamt,5512000,Bottrop,voll.,1627,866,761,14,9,5,161,85,76,175,94,81,149,83,66,84,32,52,1081,575,506,138,82,56,1219,657,562,2022
------,Straftaten insgesamt,5512000,Bottrop,insg.,1735,942,793,15,10,5,181,102,79,196,112,84,160,93,67,92,36,56,1139,611,528,148,90,58,1287,701,586,2022
------,Straftaten insgesamt,3101000,Braunschweig,vers.,234,149,85,2,1,1,3,0,3,5,1,4,15,7,8,22,15,7,184,120,64,8,6,2,192,126,66,2022
------,Straftaten insgesamt,3101000,Braunschweig,voll.,4422,2605,1817,56,27,29,227,103,124,283,130,153,337,175,162,361,183,178,3180,1970,1210,261,147,114,3441,2117,1324,2022
------,Straftaten insgesamt,3101000,Braunschweig,insg.,4656,2754,1902,58,28,30,230,103,127,288,131,157,352,182,170,383,198,185,3364,2090,1274,269,153,116,3633,2243,1390,2022
------,Straftaten insgesamt,4011000,Bremen,vers.,709,458,251,6,2,4,37,23,14,43,25,18,42,22,20,44,29,15,515,345,170,65,37,28,580,382,198,2022
------,Straftaten insgesamt,4011000,Bremen,voll.,10027,5836,4191,85,46,39,449,231,218,534,277,257,828,468,360,796,416,380,7260,4350,2910,609,325,284,7869,4675,3194,2022
------,Straftaten insgesamt,4011000,Bremen,insg.,10736,6294,4442,91,48,43,486,254,232,577,302,275,870,490,380,840,445,395,7775,4695,3080,674,362,312,8449,5057,3392,2022
------,Straftaten insgesamt,4012000,Bremerhaven,vers.,124,81,43,1,0,1,5,3,2,6,3,3,15,6,9,8,7,1,85,57,28,10,8,2,95,65,30,2022
------,Straftaten insgesamt,4012000,Bremerhaven,voll.,2989,1716,1273,16,4,12,152,89,63,168,93,75,247,125,122,229,111,118,2176,1270,906,169,117,52,2345,1387,958,2022
------,Straftaten insgesamt,4012000,Bremerhaven,insg.,3113,1797,1316,17,4,13,157,92,65,174,96,78,262,131,131,237,118,119,2261,1327,934,179,125,54,2440,1452,988,2022
------,Straftaten insgesamt,14511000,Chemnitz,vers.,194,127,67,1,1,0,9,3,6,10,4,6,25,19,6,18,9,9,117,83,34,24,12,12,141,95,46,2022
------,Straftaten insgesamt,14511000,Chemnitz,voll.,3317,1907,1410,48,28,20,247,99,148,295,127,168,351,173,178,269,149,120,2203,1343,860,199,115,84,2402,1458,944,2022
------,Straftaten insgesamt,14511000,Chemnitz,insg.,3511,2034,1477,49,29,20,256,102,154,305,131,174,376,192,184,287,158,129,2320,1426,894,223,127,96,2543,1553,990,2022
------,Straftaten insgesamt,12052000,Cottbus,vers.,122,77,45,0,0,0,8,4,4,8,4,4,3,2,1,12,10,2,91,56,35,8,5,3,99,61,38,2022
------,Straftaten insgesamt,12052000,Cottbus,voll.,1637,971,666,12,7,5,105,58,47,117,65,52,131,70,61,138,88,50,1134,684,450,117,64,53,1251,748,503,2022
------,Straftaten insgesamt,12052000,Cottbus,insg.,1759,1048,711,12,7,5,113,62,51,125,69,56,134,72,62,150,98,52,1225,740,485,125,69,56,1350,809,541,2022
------,Straftaten insgesamt,6411000,Darmstadt,vers.,100,54,46,1,1,0,2,2,0,3,3,0,10,8,2,8,6,2,73,34,39,6,3,3,79,37,42,2022
------,Straftaten insgesamt,6411000,Darmstadt,voll.,2124,1191,933,10,5,5,92,46,46,102,51,51,189,84,105,181,102,79,1524,884,640,128,70,58,1652,954,698,2022
------,Straftaten insgesamt,6411000,Darmstadt,insg.,2224,1245,979,11,6,5,94,48,46,105,54,51,199,92,107,189,108,81,1597,918,679,134,73,61,1731,991,740,2022
------,Straftaten insgesamt,5913000,Dortmund,vers.,1173,785,388,6,2,4,55,32,23,61,34,27,74,54,20,84,47,37,868,597,271,86,53,33,954,650,304,2022
------,Straftaten insgesamt,5913000,Dortmund,voll.,12221,7335,4886,88,44,44,674,371,303,762,415,347,846,473,373,932,516,416,9012,5514,3498,669,417,252,9681,5931,3750,2022
------,Straftaten insgesamt,5913000,Dortmund,insg.,13394,8120,5274,94,46,48,729,403,326,823,449,374,920,527,393,1016,563,453,9880,6111,3769,755,470,285,10635,6581,4054,2022
------,Straftaten insgesamt,14612000,Dresden,vers.,575,440,135,3,1,2,16,14,2,19,15,4,32,28,4,47,33,14,395,294,101,82,70,12,477,364,113,2022
------,Straftaten insgesamt,14612000,Dresden,voll.,6959,4318,2641,124,66,58,486,249,237,610,315,295,591,353,238,557,317,240,4776,3098,1678,425,235,190,5201,3333,1868,2022
------,Straftaten insgesamt,14612000,Dresden,insg.,7534,4758,2776,127,67,60,502,263,239,629,330,299,623,381,242,604,350,254,5171,3392,1779,507,305,202,5678,3697,1981,2022
------,Straftaten insgesamt,5112000,Duisburg,vers.,754,440,314,12,7,5,67,38,29,79,45,34,76,40,36,54,27,27,479,292,187,66,36,30,545,328,217,2022
------,Straftaten insgesamt,5112000,Duisburg,voll.,9342,5125,4217,124,70,54,811,471,340,935,541,394,802,428,374,594,313,281,6434,3540,2894,577,303,274,7011,3843,3168,2022
------,Straftaten insgesamt,5112000,Duisburg,insg.,10096,5565,4531,136,77,59,878,509,369,1014,586,428,878,468,410,648,340,308,6913,3832,3081,643,339,304,7556,4171,3385,2022
------,Straftaten insgesamt,5111000,D sseldorf,vers.,962,640,322,15,4,11,74,36,38,89,40,49,55,35,20,67,47,20,673,466,207,78,52,26,751,518,233,2022
------,Straftaten insgesamt,5111000,D sseldorf,voll.,12273,7484,4789,104,56,48,548,262,286,652,318,334,776,444,332,1039,590,449,9046,5678,3368,760,454,306,9806,6132,3674,2022
------,Straftaten insgesamt,5111000,D sseldorf,insg.,13235,8124,5111,119,60,59,622,298,324,741,358,383,831,479,352,1106,637,469,9719,6144,3575,838,506,332,10557,6650,3907,2022
------,Straftaten insgesamt,16051000,Erfurt,vers.,282,195,87,1,0,1,16,9,7,17,9,8,19,10,9,31,24,7,200,143,57,15,9,6,215,152,63,2022
------,Straftaten insgesamt,16051000,Erfurt,voll.,3331,2113,1218,51,28,23,227,107,120,278,135,143,217,125,92,285,176,109,2353,1560,793,198,117,81,2551,1677,874,2022
------,Straftaten insgesamt,16051000,Erfurt,insg.,3613,2308,1305,52,28,24,243,116,127,295,144,151,236,135,101,316,200,116,2553,1703,850,213,126,87,2766,1829,937,2022
------,Straftaten insgesamt,9562000,Erlangen,vers.,84,57,27,1,0,1,4,4,0,5,4,1,5,5,0,7,4,3,58,39,19,9,5,4,67,44,23,2022
------,Straftaten insgesamt,9562000,Erlangen,voll.,1168,736,432,15,10,5,73,50,23,88,60,28,78,46,32,92,51,41,850,546,304,60,33,27,910,579,331,2022
------,Straftaten insgesamt,9562000,Erlangen,insg.,1252,793,459,16,10,6,77,54,23,93,64,29,83,51,32,99,55,44,908,585,323,69,38,31,977,623,354,2022
------,Straftaten insgesamt,5113000,Essen,vers.,820,525,295,13,7,6,51,28,23,64,35,29,71,47,24,42,23,19,546,354,192,97,66,31,643,420,223,2022
------,Straftaten insgesamt,5113000,Essen,voll.,9725,5562,4163,101,49,52,676,343,333,777,392,385,895,497,398,665,335,330,6736,3944,2792,652,394,258,7388,4338,3050,2022
------,Straftaten insgesamt,5113000,Essen,insg.,10545,6087,4458,114,56,58,727,371,356,841,427,414,966,544,422,707,358,349,7282,4298,2984,749,460,289,8031,4758,3273,2022
------,Straftaten insgesamt,6412000,Frankfurt am Main,vers.,919,649,270,11,7,4,23,8,15,34,15,19,49,30,19,52,31,21,718,527,191,66,46,20,784,573,211,2022
------,Straftaten insgesamt,6412000,Frankfurt am Main,voll.,14544,9306,5238,120,60,60,518,292,226,638,352,286,771,433,338,973,576,397,11300,7425,3875,862,520,342,12162,7945,4217,2022
------,Straftaten insgesamt,6412000,Frankfurt am Main,insg.,15463,9955,5508,131,67,64,541,300,241,672,367,305,820,463,357,1025,607,418,12018,7952,4066,928,566,362,12946,8518,4428,2022
------,Straftaten insgesamt,8311000,Freiburg im Breisgau,vers.,338,239,99,1,0,1,10,6,4,11,6,5,25,21,4,24,19,5,257,177,80,21,16,5,278,193,85,2022
------,Straftaten insgesamt,8311000,Freiburg im Breisgau,voll.,4234,2764,1470,45,33,12,223,119,104,268,152,116,300,161,139,339,228,111,3096,2074,1022,231,149,82,3327,2223,1104,2022
------,Straftaten insgesamt,8311000,Freiburg im Breisgau,insg.,4572,3003,1569,46,33,13,233,125,108,279,158,121,325,182,143,363,247,116,3353,2251,1102,252,165,87,3605,2416,1189,2022
------,Straftaten insgesamt,9563000,F rth,vers.,87,56,31,3,2,1,1,0,1,4,2,2,10,7,3,3,2,1,65,42,23,5,3,2,70,45,25,2022
------,Straftaten insgesamt,9563000,F rth,voll.,1025,577,448,16,7,9,68,38,30,84,45,39,104,64,40,74,40,34,694,389,305,69,39,30,763,428,335,2022
------,Straftaten insgesamt,9563000,F rth,insg.,1112,633,479,19,9,10,69,38,31,88,47,41,114,71,43,77,42,35,759,431,328,74,42,32,833,473,360,2022
------,Straftaten insgesamt,5513000,Gelsenkirchen,vers.,449,277,172,1,0,1,32,22,10,33,22,11,37,26,11,25,13,12,313,188,125,41,28,13,354,216,138,2022
------,Straftaten insgesamt,5513000,Gelsenkirchen,voll.,5429,3009,2420,52,24,28,390,240,150,442,264,178,532,309,223,402,195,207,3753,2058,1695,300,183,117,4053,2241,1812,2022
------,Straftaten insgesamt,5513000,Gelsenkirchen,insg.,5878,3286,2592,53,24,29,422,262,160,475,286,189,569,335,234,427,208,219,4066,2246,1820,341,211,130,4407,2457,1950,2022
------,Straftaten insgesamt,3159016,G ttingen,vers.,172,122,50,3,2,1,7,6,1,10,8,2,10,6,4,12,7,5,127,93,34,13,8,5,140,101,39,2022
------,Straftaten insgesamt,3159016,G ttingen,voll.,2522,1521,1001,19,10,9,118,81,37,137,91,46,151,66,85,204,101,103,1896,1182,714,134,81,53,2030,1263,767,2022
------,Straftaten insgesamt,3159016,G ttingen,insg.,2694,1643,1051,22,12,10,125,87,38,147,99,48,161,72,89,216,108,108,2023,1275,748,147,89,58,2170,1364,806,2022
------,Straftaten insgesamt,5754008,G tersloh,vers.,136,75,61,2,1,1,3,2,1,5,3,2,15,10,5,7,5,2,97,49,48,12,8,4,109,57,52,2022
------,Straftaten insgesamt,5754008,G tersloh,voll.,1371,744,627,17,11,6,85,43,42,102,54,48,96,47,49,112,54,58,970,543,427,91,46,45,1061,589,472,2022
------,Straftaten insgesamt,5754008,G tersloh,insg.,1507,819,688,19,12,7,88,45,43,107,57,50,111,57,54,119,59,60,1067,592,475,103,54,49,1170,646,524,2022
------,Straftaten insgesamt,5914000,Hagen,vers.,316,185,131,5,3,2,34,21,13,39,24,15,22,10,12,33,21,12,193,113,80,29,17,12,222,130,92,2022
------,Straftaten insgesamt,5914000,Hagen,voll.,4026,2291,1735,39,20,19,282,155,127,321,175,146,346,179,167,333,186,147,2783,1611,1172,243,140,103,3026,1751,1275,2022
------,Straftaten insgesamt,5914000,Hagen,insg.,4342,2476,1866,44,23,21,316,176,140,360,199,161,368,189,179,366,207,159,2976,1724,1252,272,157,115,3248,1881,1367,2022
------,Straftaten insgesamt,15002000,Halle (Saale),vers.,542,383,159,4,2,2,41,23,18,45,25,20,67,54,13,42,31,11,345,251,94,43,22,21,388,273,115,2022
------,Straftaten insgesamt,15002000,Halle (Saale),voll.,5887,3663,2224,58,27,31,517,306,211,575,333,242,622,406,216,493,304,189,3939,2468,1471,258,152,106,4197,2620,1577,2022
------,Straftaten insgesamt,15002000,Halle (Saale),insg.,6429,4046,2383,62,29,33,558,329,229,620,358,262,689,460,229,535,335,200,4284,2719,1565,301,174,127,4585,2893,1692,2022
------,Straftaten insgesamt,2000000,Hamburg,vers.,1929,1381,548,10,7,3,114,79,35,124,86,38,133,99,34,131,95,36,1409,1009,400,132,92,40,1541,1101,440,2022
------,Straftaten insgesamt,2000000,Hamburg,voll.,33823,20957,12866,224,130,94,1949,1184,765,2173,1314,859,2410,1360,1050,2141,1280,861,25163,15874,9289,1936,1129,807,27099,17003,10096,2022
------,Straftaten insgesamt,2000000,Hamburg,insg.,35752,22338,13414,234,137,97,2063,1263,800,2297,1400,897,2543,1459,1084,2272,1375,897,26572,16883,9689,2068,1221,847,28640,18104,10536,2022
------,Straftaten insgesamt,5915000,Hamm,vers.,275,183,92,2,1,1,18,12,6,20,13,7,19,13,6,20,17,3,202,132,70,14,8,6,216,140,76,2022
------,Straftaten insgesamt,5915000,Hamm,voll.,3190,1871,1319,28,13,15,213,119,94,241,132,109,286,157,129,280,158,122,2212,1323,889,171,101,70,2383,1424,959,2022
------,Straftaten insgesamt,5915000,Hamm,insg.,3465,2054,1411,30,14,16,231,131,100,261,145,116,305,170,135,300,175,125,2414,1455,959,185,109,76,2599,1564,1035,2022
------,Straftaten insgesamt,6435014,Hanau,vers.,53,37,16,0,0,0,3,2,1,3,2,1,5,4,1,1,1,0,39,27,12,5,3,2,44,30,14,2022
------,Straftaten insgesamt,6435014,Hanau,voll.,1172,613,559,23,12,11,62,31,31,85,43,42,76,40,36,89,43,46,835,440,395,87,47,40,922,487,435,2022
------,Straftaten insgesamt,6435014,Hanau,insg.,1225,650,575,23,12,11,65,33,32,88,45,43,81,44,37,90,44,46,874,467,407,92,50,42,966,517,449,2022
------,Straftaten insgesamt,3241001,Hannover,vers.,913,643,270,10,6,4,29,23,6,39,29,10,72,50,22,59,38,21,657,466,191,86,60,26,743,526,217,2022
------,Straftaten insgesamt,3241001,Hannover,voll.,13735,8624,5111,134,71,63,732,396,336,866,467,399,1024,546,478,1010,572,438,10125,6613,3512,710,426,284,10835,7039,3796,2022
------,Straftaten insgesamt,3241001,Hannover,insg.,14648,9267,5381,144,77,67,761,419,342,905,496,409,1096,596,500,1069,610,459,10782,7079,3703,796,486,310,11578,7565,4013,2022
------,Straftaten insgesamt,8221000,Heidelberg,vers.,153,119,34,2,2,0,4,0,4,6,2,4,5,4,1,9,7,2,116,93,23,17,13,4,133,106,27,2022
------,Straftaten insgesamt,8221000,Heidelberg,voll.,2226,1462,764,17,14,3,65,35,30,82,49,33,138,82,56,190,124,66,1672,1123,549,144,84,60,1816,1207,609,2022
------,Straftaten insgesamt,8221000,Heidelberg,insg.,2379,1581,798,19,16,3,69,35,34,88,51,37,143,86,57,199,131,68,1788,1216,572,161,97,64,1949,1313,636,2022
------,Straftaten insgesamt,8121000,Heilbronn,vers.,72,54,18,1,1,0,3,1,2,4,2,2,5,5,0,4,3,1,55,41,14,4,3,1,59,44,15,2022
------,Straftaten insgesamt,8121000,Heilbronn,voll.,1734,1033,701,32,24,8,62,32,30,94,56,38,90,47,43,154,95,59,1276,768,508,120,67,53,1396,835,561,2022
------,Straftaten insgesamt,8121000,Heilbronn,insg.,1806,1087,719,33,25,8,65,33,32,98,58,40,95,52,43,158,98,60,1331,809,522,124,70,54,1455,879,576,2022
------,Straftaten insgesamt,5916000,Herne,vers.,203,123,80,3,2,1,14,9,5,17,11,6,15,11,4,14,9,5,146,85,61,11,7,4,157,92,65,2022
------,Straftaten insgesamt,5916000,Herne,voll.,2997,1647,1350,24,16,8,202,112,90,226,128,98,316,178,138,225,103,122,2022,1132,890,208,106,102,2230,1238,992,2022
------,Straftaten insgesamt,5916000,Herne,insg.,3200,1770,1430,27,18,9,216,121,95,243,139,104,331,189,142,239,112,127,2168,1217,951,219,113,106,2387,1330,1057,2022
------,Straftaten insgesamt,3254021,Hildesheim,vers.,152,87,65,3,2,1,10,7,3,13,9,4,9,6,3,9,4,5,105,62,43,16,6,10,121,68,53,2022
------,Straftaten insgesamt,3254021,Hildesheim,voll.,1879,1059,820,27,15,12,106,70,36,133,85,48,167,95,72,146,80,66,1311,725,586,122,74,48,1433,799,634,2022
------,Straftaten insgesamt,3254021,Hildesheim,insg.,2031,1146,885,30,17,13,116,77,39,146,94,52,176,101,75,155,84,71,1416,787,629,138,80,58,1554,867,687,2022
------,Straftaten insgesamt,9161000,Ingolstadt,vers.,168,111,57,2,0,2,5,4,1,7,4,3,6,4,2,18,15,3,130,84,46,7,4,3,137,88,49,2022
------,Straftaten insgesamt,9161000,Ingolstadt,voll.,2253,1331,922,40,20,20,147,76,71,187,96,91,146,78,68,170,102,68,1649,1001,648,101,54,47,1750,1055,695,2022
------,Straftaten insgesamt,9161000,Ingolstadt,insg.,2421,1442,979,42,20,22,152,80,72,194,100,94,152,82,70,188,117,71,1779,1085,694,108,58,50,1887,1143,744,2022
------,Straftaten insgesamt,16053000,Jena,vers.,54,30,24,0,0,0,0,0,0,0,0,0,3,1,2,3,0,3,43,27,16,5,2,3,48,29,19,2022
------,Straftaten insgesamt,16053000,Jena,voll.,1417,864,553,23,14,9,65,37,28,88,51,37,117,69,48,130,81,49,994,608,386,88,55,33,1082,663,419,2022
------,Straftaten insgesamt,16053000,Jena,insg.,1471,894,577,23,14,9,65,37,28,88,51,37,120,70,50,133,81,52,1037,635,402,93,57,36,1130,692,438,2022
------,Straftaten insgesamt,7312000,Kaiserslautern,vers.,283,199,84,3,0,3,9,6,3,12,6,6,24,21,3,27,22,5,190,134,56,30,16,14,220,150,70,2022
------,Straftaten insgesamt,7312000,Kaiserslautern,voll.,2747,1698,1049,13,6,7,107,63,44,120,69,51,232,142,90,251,171,80,1998,1233,765,146,83,63,2144,1316,828,2022
------,Straftaten insgesamt,7312000,Kaiserslautern,insg.,3030,1897,1133,16,6,10,116,69,47,132,75,57,256,163,93,278,193,85,2188,1367,821,176,99,77,2364,1466,898,2022
------,Straftaten insgesamt,8212000,Karlsruhe,vers.,257,170,87,7,3,4,11,7,4,18,10,8,20,10,10,11,9,2,190,129,61,18,12,6,208,141,67,2022
------,Straftaten insgesamt,8212000,Karlsruhe,voll.,4053,2403,1650,37,20,17,211,120,91,248,140,108,322,153,169,303,175,128,2925,1801,1124,255,134,121,3180,1935,1245,2022
------,Straftaten insgesamt,8212000,Karlsruhe,insg.,4310,2573,1737,44,23,21,222,127,95,266,150,116,342,163,179,314,184,130,3115,1930,1185,273,146,127,3388,2076,1312,2022
------,Straftaten insgesamt,6611000,Kassel,vers.,231,155,76,2,1,1,7,4,3,9,5,4,12,6,6,19,17,2,155,107,48,36,20,16,191,127,64,2022
------,Straftaten insgesamt,6611000,Kassel,voll.,4272,2525,1747,49,30,19,263,118,145,312,148,164,270,151,119,312,173,139,3136,1898,1238,242,155,87,3378,2053,1325,2022
------,Straftaten insgesamt,6611000,Kassel,insg.,4503,2680,1823,51,31,20,270,122,148,321,153,168,282,157,125,331,190,141,3291,2005,1286,278,175,103,3569,2180,1389,2022
------,Straftaten insgesamt,1002000,Kiel,vers.,250,157,93,0,0,0,13,8,5,13,8,5,16,8,8,21,16,5,187,118,69,13,7,6,200,125,75,2022
------,Straftaten insgesamt,1002000,Kiel,voll.,4348,2728,1620,16,9,7,216,119,97,232,128,104,305,173,132,356,217,139,3239,2075,1164,216,135,81,3455,2210,1245,2022
------,Straftaten insgesamt,1002000,Kiel,insg.,4598,2885,1713,16,9,7,229,127,102,245,136,109,321,181,140,377,233,144,3426,2193,1233,229,142,87,3655,2335,1320,2022
------,Straftaten insgesamt,7111000,Koblenz,vers.,182,114,68,2,2,0,8,6,2,10,8,2,22,13,9,15,6,9,119,79,40,16,8,8,135,87,48,2022
------,Straftaten insgesamt,7111000,Koblenz,voll.,2491,1550,941,14,9,5,101,42,59,115,51,64,206,129,77,164,96,68,1853,1178,675,153,96,57,2006,1274,732,2022
------,Straftaten insgesamt,7111000,Koblenz,insg.,2673,1664,1009,16,11,5,109,48,61,125,59,66,228,142,86,179,102,77,1972,1257,715,169,104,65,2141,1361,780,2022
------,Straftaten insgesamt,5315000,K ln,vers.,2046,1336,710,13,3,10,97,71,26,110,74,36,171,107,64,135,77,58,1464,969,495,166,109,57,1630,1078,552,2022
------,Straftaten insgesamt,5315000,K ln,voll.,24393,14756,9637,175,96,79,1059,581,478,1234,677,557,1621,925,696,1776,1050,726,18259,11187,7072,1503,917,586,19762,12104,7658,2022
------,Straftaten insgesamt,5315000,K ln,insg.,26439,16092,10347,188,99,89,1156,652,504,1344,751,593,1792,1032,760,1911,1127,784,19723,12156,7567,1669,1026,643,21392,13182,8210,2022
------,Straftaten insgesamt,5114000,Krefeld,vers.,256,158,98,2,2,0,22,15,7,24,17,7,23,13,10,16,11,5,168,104,64,25,13,12,193,117,76,2022
------,Straftaten insgesamt,5114000,Krefeld,voll.,3846,2097,1749,25,15,10,298,175,123,323,190,133,335,178,157,328,166,162,2618,1418,1200,242,145,97,2860,1563,1297,2022
------,Straftaten insgesamt,5114000,Krefeld,insg.,4102,2255,1847,27,17,10,320,190,130,347,207,140,358,191,167,344,177,167,2786,1522,1264,267,158,109,3053,1680,1373,2022
------,Straftaten insgesamt,14713000,Leipzig,vers.,589,409,180,2,1,1,28,21,7,30,22,8,35,28,7,39,28,11,451,308,143,34,23,11,485,331,154,2022
------,Straftaten insgesamt,14713000,Leipzig,voll.,9938,6055,3883,114,64,50,507,283,224,621,347,274,720,403,317,712,409,303,7341,4591,2750,544,305,239,7885,4896,2989,2022
------,Straftaten insgesamt,14713000,Leipzig,insg.,10527,6464,4063,116,65,51,535,304,231,651,369,282,755,431,324,751,437,314,7792,4899,2893,578,328,250,8370,5227,3143,2022
------,Straftaten insgesamt,5316000,Leverkusen,vers.,224,134,90,2,1,1,15,13,2,17,14,3,17,11,6,10,8,2,160,89,71,20,12,8,180,101,79,2022
------,Straftaten insgesamt,5316000,Leverkusen,voll.,2671,1435,1236,23,18,5,195,101,94,218,119,99,250,139,111,181,94,87,1820,961,859,202,122,80,2022,1083,939,2022
------,Straftaten insgesamt,5316000,Leverkusen,insg.,2895,1569,1326,25,19,6,210,114,96,235,133,102,267,150,117,191,102,89,1980,1050,930,222,134,88,2202,1184,1018,2022
------,Straftaten insgesamt,1003000,L beck,vers.,300,197,103,4,3,1,22,11,11,26,14,12,22,17,5,17,7,10,213,143,70,22,16,6,235,159,76,2022
------,Straftaten insgesamt,1003000,L beck,voll.,5263,3153,2110,25,14,11,245,125,120,270,139,131,351,183,168,388,231,157,3898,2405,1493,356,195,161,4254,2600,1654,2022
------,Straftaten insgesamt,1003000,L beck,insg.,5563,3350,2213,29,17,12,267,136,131,296,153,143,373,200,173,405,238,167,4111,2548,1563,378,211,167,4489,2759,1730,2022
------,Straftaten insgesamt,7314000,Ludwigshafen am Rhein,vers.,284,177,107,5,2,3,23,15,8,28,17,11,29,19,10,16,10,6,186,119,67,25,12,13,211,131,80,2022
------,Straftaten insgesamt,7314000,Ludwigshafen am Rhein,voll.,3589,2026,1563,26,16,10,352,212,140,378,228,150,364,224,140,243,143,100,2366,1308,1058,238,123,115,2604,1431,1173,2022
------,Straftaten insgesamt,7314000,Ludwigshafen am Rhein,insg.,3873,2203,1670,31,18,13,375,227,148,406,245,161,393,243,150,259,153,106,2552,1427,1125,263,135,128,2815,1562,1253,2022
------,Straftaten insgesamt,15003000,Magdeburg,vers.,342,238,104,0,0,0,25,17,8,25,17,8,25,18,7,25,12,13,225,163,62,42,28,14,267,191,76,2022
------,Straftaten insgesamt,15003000,Magdeburg,voll.,5046,3017,2029,52,27,25,266,146,120,318,173,145,434,238,196,435,272,163,3570,2166,1404,289,168,121,3859,2334,1525,2022
------,Straftaten insgesamt,15003000,Magdeburg,insg.,5388,3255,2133,52,27,25,291,163,128,343,190,153,459,256,203,460,284,176,3795,2329,1466,331,196,135,4126,2525,1601,2022
------,Straftaten insgesamt,7315000,Mainz,vers.,205,130,75,2,1,1,6,3,3,8,4,4,14,9,5,19,15,4,152,95,57,12,7,5,164,102,62,2022
------,Straftaten insgesamt,7315000,Mainz,voll.,2915,1810,1105,20,9,11,116,68,48,136,77,59,228,128,100,238,144,94,2117,1340,777,196,121,75,2313,1461,852,2022
------,Straftaten insgesamt,7315000,Mainz,insg.,3120,1940,1180,22,10,12,122,71,51,144,81,63,242,137,105,257,159,98,2269,1435,834,208,128,80,2477,1563,914,2022
------,Straftaten insgesamt,8222000,Mannheim,vers.,249,157,92,4,3,1,17,14,3,21,17,4,15,9,6,18,8,10,174,111,63,21,12,9,195,123,72,2022
------,Straftaten insgesamt,8222000,Mannheim,voll.,4380,2459,1921,62,37,25,188,93,95,250,130,120,268,143,125,279,136,143,3315,1889,1426,268,161,107,3583,2050,1533,2022
------,Straftaten insgesamt,8222000,Mannheim,insg.,4629,2616,2013,66,40,26,205,107,98,271,147,124,283,152,131,297,144,153,3489,2000,1489,289,173,116,3778,2173,1605,2022
------,Straftaten insgesamt,5170024,Moers,vers.,114,69,45,3,1,2,13,8,5,16,9,7,12,7,5,8,1,7,69,44,25,9,8,1,78,52,26,2022
------,Straftaten insgesamt,5170024,Moers,voll.,1253,666,587,26,17,9,78,44,34,104,61,43,137,82,55,97,45,52,809,410,399,106,68,38,915,478,437,2022
------,Straftaten insgesamt,5170024,Moers,insg.,1367,735,632,29,18,11,91,52,39,120,70,50,149,89,60,105,46,59,878,454,424,115,76,39,993,530,463,2022
------,Straftaten insgesamt,5116000,M nchengladbach,vers.,402,252,150,0,0,0,43,31,12,43,31,12,37,25,12,26,18,8,267,163,104,29,15,14,296,178,118,2022
------,Straftaten insgesamt,5116000,M nchengladbach,voll.,4955,2807,2148,47,25,22,277,145,132,324,170,154,377,230,147,337,199,138,3629,2042,1587,288,166,122,3917,2208,1709,2022
------,Straftaten insgesamt,5116000,M nchengladbach,insg.,5357,3059,2298,47,25,22,320,176,144,367,201,166,414,255,159,363,217,146,3896,2205,1691,317,181,136,4213,2386,1827,2022
------,Straftaten insgesamt,5117000,M lheim an der Ruhr,vers.,184,104,80,2,1,1,16,8,8,18,9,9,20,12,8,10,6,4,122,68,54,14,9,5,136,77,59,2022
------,Straftaten insgesamt,5117000,M lheim an der Ruhr,voll.,2214,1152,1062,34,15,19,155,87,68,189,102,87,177,102,75,138,67,71,1544,784,760,166,97,69,1710,881,829,2022
------,Straftaten insgesamt,5117000,M lheim an der Ruhr,insg.,2398,1256,1142,36,16,20,171,95,76,207,111,96,197,114,83,148,73,75,1666,852,814,180,106,74,1846,958,888,2022
------,Straftaten insgesamt,9162000,M nchen,vers.,1638,1143,495,46,40,6,68,46,22,114,86,28,104,70,34,98,73,25,1215,847,368,107,67,40,1322,914,408,2022
------,Straftaten insgesamt,9162000,M nchen,voll.,18586,11911,6675,254,166,88,863,516,347,1117,682,435,1120,660,460,1262,733,529,14006,9171,4835,1081,665,416,15087,9836,5251,2022
------,Straftaten insgesamt,9162000,M nchen,insg.,20224,13054,7170,300,206,94,931,562,369,1231,768,463,1224,730,494,1360,806,554,15221,10018,5203,1188,732,456,16409,10750,5659,2022
------,Straftaten insgesamt,5515000,M nster,vers.,399,276,123,3,3,0,19,15,4,22,18,4,22,17,5,29,22,7,286,196,90,40,23,17,326,219,107,2022
------,Straftaten insgesamt,5515000,M nster,voll.,5190,3187,2003,51,29,22,262,133,129,313,162,151,349,228,121,452,279,173,3768,2332,1436,308,186,122,4076,2518,1558,2022
------,Straftaten insgesamt,5515000,M nster,insg.,5589,3463,2126,54,32,22,281,148,133,335,180,155,371,245,126,481,301,180,4054,2528,1526,348,209,139,4402,2737,1665,2022
------,Straftaten insgesamt,5162024,Neuss,vers.,164,96,68,2,0,2,9,4,5,11,4,7,7,4,3,6,3,3,125,75,50,15,10,5,140,85,55,2022
------,Straftaten insgesamt,5162024,Neuss,voll.,2278,1262,1016,27,13,14,160,77,83,187,90,97,170,82,88,167,91,76,1626,923,703,128,76,52,1754,999,755,2022
------,Straftaten insgesamt,5162024,Neuss,insg.,2442,1358,1084,29,13,16,169,81,88,198,94,104,177,86,91,173,94,79,1751,998,753,143,86,57,1894,1084,810,2022
------,Straftaten insgesamt,9564000,N rnberg,vers.,688,465,223,22,13,9,30,19,11,52,32,20,49,32,17,60,42,18,487,334,153,40,25,15,527,359,168,2022
------,Straftaten insgesamt,9564000,N rnberg,voll.,7497,4585,2912,97,54,43,427,229,198,524,283,241,545,299,246,672,386,286,5400,3420,1980,356,197,159,5756,3617,2139,2022
------,Straftaten insgesamt,9564000,N rnberg,insg.,8185,5050,3135,119,67,52,457,248,209,576,315,261,594,331,263,732,428,304,5887,3754,2133,396,222,174,6283,3976,2307,2022
------,Straftaten insgesamt,5119000,Oberhausen,vers.,217,139,78,2,2,0,17,15,2,19,17,2,15,13,2,13,9,4,152,88,64,18,12,6,170,100,70,2022
------,Straftaten insgesamt,5119000,Oberhausen,voll.,3303,1813,1490,27,10,17,314,169,145,341,179,162,284,152,132,242,130,112,2206,1218,988,230,134,96,2436,1352,1084,2022
------,Straftaten insgesamt,5119000,Oberhausen,insg.,3520,1952,1568,29,12,17,331,184,147,360,196,164,299,165,134,255,139,116,2358,1306,1052,248,146,102,2606,1452,1154,2022
------,Straftaten insgesamt,6413000,Offenbach am Main,vers.,71,49,22,2,2,0,0,0,0,2,2,0,8,4,4,3,3,0,50,35,15,8,5,3,58,40,18,2022
------,Straftaten insgesamt,6413000,Offenbach am Main,voll.,1520,772,748,11,8,3,94,40,54,105,48,57,124,57,67,97,40,57,1097,563,534,97,64,33,1194,627,567,2022
------,Straftaten insgesamt,6413000,Offenbach am Main,insg.,1591,821,770,13,10,3,94,40,54,107,50,57,132,61,71,100,43,57,1147,598,549,105,69,36,1252,667,585,2022
------,Straftaten insgesamt,3403000,Oldenburg (Oldenburg),vers.,126,80,46,3,1,2,4,3,1,7,4,3,13,9,4,12,8,4,76,48,28,18,11,7,94,59,35,2022
------,Straftaten insgesamt,3403000,Oldenburg (Oldenburg),voll.,2467,1440,1027,37,19,18,204,82,122,241,101,140,227,126,101,227,125,102,1632,1005,627,140,83,57,1772,1088,684,2022
------,Straftaten insgesamt,3403000,Oldenburg (Oldenburg),insg.,2593,1520,1073,40,20,20,208,85,123,248,105,143,240,135,105,239,133,106,1708,1053,655,158,94,64,1866,1147,719,2022
------,Straftaten insgesamt,3404000,Osnabr ck,vers.,190,133,57,0,0,0,3,2,1,3,2,1,11,7,4,15,10,5,143,105,38,18,9,9,161,114,47,2022
------,Straftaten insgesamt,3404000,Osnabr ck,voll.,3654,2221,1433,39,24,15,152,81,71,191,105,86,290,151,139,305,160,145,2664,1693,971,204,112,92,2868,1805,1063,2022
------,Straftaten insgesamt,3404000,Osnabr ck,insg.,3844,2354,1490,39,24,15,155,83,72,194,107,87,301,158,143,320,170,150,2807,1798,1009,222,121,101,3029,1919,1110,2022
------,Straftaten insgesamt,5774032,Paderborn,vers.,260,167,93,1,1,0,10,5,5,11,6,5,15,7,8,26,16,10,192,129,63,16,9,7,208,138,70,2022
------,Straftaten insgesamt,5774032,Paderborn,voll.,2577,1568,1009,22,14,8,151,62,89,173,76,97,189,104,85,220,126,94,1840,1170,670,155,92,63,1995,1262,733,2022
------,Straftaten insgesamt,5774032,Paderborn,insg.,2837,1735,1102,23,15,8,161,67,94,184,82,102,204,111,93,246,142,104,2032,1299,733,171,101,70,2203,1400,803,2022
------,Straftaten insgesamt,8231000,Pforzheim,vers.,127,79,48,1,0,1,20,18,2,21,18,3,5,4,1,13,9,4,80,44,36,8,4,4,88,48,40,2022
------,Straftaten insgesamt,8231000,Pforzheim,voll.,1977,1162,815,22,14,8,114,65,49,136,79,57,188,112,76,172,104,68,1364,788,576,117,79,38,1481,867,614,2022
------,Straftaten insgesamt,8231000,Pforzheim,insg.,2104,1241,863,23,14,9,134,83,51,157,97,60,193,116,77,185,113,72,1444,832,612,125,83,42,1569,915,654,2022
------,Straftaten insgesamt,12054000,Potsdam,vers.,134,84,50,0,0,0,9,6,3,9,6,3,9,7,2,8,6,2,94,59,35,14,6,8,108,65,43,2022
------,Straftaten insgesamt,12054000,Potsdam,voll.,2074,1248,826,18,12,6,161,102,59,179,114,65,168,100,68,162,99,63,1420,858,562,145,77,68,1565,935,630,2022
------,Straftaten insgesamt,12054000,Potsdam,insg.,2208,1332,876,18,12,6,170,108,62,188,120,68,177,107,70,170,105,65,1514,917,597,159,83,76,1673,1000,673,2022
------,Straftaten insgesamt,5562032,Recklinghausen,vers.,194,117,77,1,0,1,14,6,8,15,6,9,18,12,6,11,6,5,140,88,52,10,5,5,150,93,57,2022
------,Straftaten insgesamt,5562032,Recklinghausen,voll.,2073,1180,893,23,10,13,137,87,50,160,97,63,206,112,94,136,75,61,1446,826,620,125,70,55,1571,896,675,2022
------,Straftaten insgesamt,5562032,Recklinghausen,insg.,2267,1297,970,24,10,14,151,93,58,175,103,72,224,124,100,147,81,66,1586,914,672,135,75,60,1721,989,732,2022
------,Straftaten insgesamt,9362000,Regensburg,vers.,145,98,47,7,3,4,2,2,0,9,5,4,5,5,0,9,5,4,116,79,37,6,4,2,122,83,39,2022
------,Straftaten insgesamt,9362000,Regensburg,voll.,2178,1357,821,20,12,8,67,43,24,87,55,32,170,99,71,202,131,71,1618,1009,609,101,63,38,1719,1072,647,2022
------,Straftaten insgesamt,9362000,Regensburg,insg.,2323,1455,868,27,15,12,69,45,24,96,60,36,175,104,71,211,136,75,1734,1088,646,107,67,40,1841,1155,686,2022
------,Straftaten insgesamt,5120000,Remscheid,vers.,151,84,67,3,1,2,11,3,8,14,4,10,13,8,5,10,4,6,106,63,43,8,5,3,114,68,46,2022
------,Straftaten insgesamt,5120000,Remscheid,voll.,2027,1131,896,20,8,12,150,87,63,170,95,75,192,101,91,125,70,55,1432,801,631,108,64,44,1540,865,675,2022
------,Straftaten insgesamt,5120000,Remscheid,insg.,2178,1215,963,23,9,14,161,90,71,184,99,85,205,109,96,135,74,61,1538,864,674,116,69,47,1654,933,721,2022
------,Straftaten insgesamt,8415061,Reutlingen,vers.,109,69,40,1,1,0,4,3,1,5,4,1,8,2,6,11,8,3,74,45,29,11,10,1,85,55,30,2022
------,Straftaten insgesamt,8415061,Reutlingen,voll.,1682,995,687,10,7,3,135,84,51,145,91,54,161,87,74,117,68,49,1163,691,472,96,58,38,1259,749,510,2022
------,Straftaten insgesamt,8415061,Reutlingen,insg.,1791,1064,727,11,8,3,139,87,52,150,95,55,169,89,80,128,76,52,1237,736,501,107,68,39,1344,804,540,2022
------,Straftaten insgesamt,13003000,"Rostock, Hanse- und Universit tsstadt",vers.,233,152,81,4,2,2,12,11,1,16,13,3,26,15,11,6,2,4,159,112,47,26,10,16,185,122,63,2022
------,Straftaten insgesamt,13003000,"Rostock, Hanse- und Universit tsstadt",voll.,3671,2282,1389,33,24,9,276,153,123,309,177,132,356,192,164,310,198,112,2467,1584,883,229,131,98,2696,1715,981,2022
------,Straftaten insgesamt,13003000,"Rostock, Hanse- und Universit tsstadt",insg.,3904,2434,1470,37,26,11,288,164,124,325,190,135,382,207,175,316,200,116,2626,1696,930,255,141,114,2881,1837,1044,2022
------,Straftaten insgesamt,10041100,Saarbr cken,vers.,342,226,116,2,1,1,15,8,7,17,9,8,29,21,8,27,19,8,222,142,80,47,35,12,269,177,92,2022
------,Straftaten insgesamt,10041100,Saarbr cken,voll.,4899,2977,1922,18,9,9,236,122,114,254,131,123,366,210,156,366,225,141,3543,2170,1373,370,241,129,3913,2411,1502,2022
------,Straftaten insgesamt,10041100,Saarbr cken,insg.,5241,3203,2038,20,10,10,251,130,121,271,140,131,395,231,164,393,244,149,3765,2312,1453,417,276,141,4182,2588,1594,2022
------,Straftaten insgesamt,3102000,Salzgitter,vers.,96,65,31,0,0,0,16,13,3,16,13,3,6,0,6,10,8,2,56,38,18,8,6,2,64,44,20,2022
------,Straftaten insgesamt,3102000,Salzgitter,voll.,1818,1000,818,27,15,12,180,115,65,207,130,77,173,99,74,134,70,64,1223,660,563,81,41,40,1304,701,603,2022
------,Straftaten insgesamt,3102000,Salzgitter,insg.,1914,1065,849,27,15,12,196,128,68,223,143,80,179,99,80,144,78,66,1279,698,581,89,47,42,1368,745,623,2022
------,Straftaten insgesamt,13004000,Schwerin,vers.,116,83,33,1,1,0,5,1,4,6,2,4,10,6,4,6,5,1,89,67,22,5,3,2,94,70,24,2022
------,Straftaten insgesamt,13004000,Schwerin,voll.,2292,1475,817,19,9,10,186,96,90,205,105,100,202,123,79,185,129,56,1585,1047,538,115,71,44,1700,1118,582,2022
------,Straftaten insgesamt,13004000,Schwerin,insg.,2408,1558,850,20,10,10,191,97,94,211,107,104,212,129,83,191,134,57,1674,1114,560,120,74,46,1794,1188,606,2022
------,Straftaten insgesamt,5970040,Siegen,vers.,206,130,76,5,3,2,14,5,9,19,8,11,29,21,8,20,14,6,128,81,47,10,6,4,138,87,51,2022
------,Straftaten insgesamt,5970040,Siegen,voll.,1935,1172,763,14,5,9,81,38,43,95,43,52,174,100,74,155,93,62,1400,865,535,111,71,40,1511,936,575,2022
------,Straftaten insgesamt,5970040,Siegen,insg.,2141,1302,839,19,8,11,95,43,52,114,51,63,203,121,82,175,107,68,1528,946,582,121,77,44,1649,1023,626,2022
------,Straftaten insgesamt,5122000,Solingen,vers.,179,110,69,0,0,0,15,11,4,15,11,4,15,10,5,13,12,1,118,68,50,18,9,9,136,77,59,2022
------,Straftaten insgesamt,5122000,Solingen,voll.,2536,1378,1158,36,16,20,212,131,81,248,147,101,290,183,107,180,90,90,1622,853,769,196,105,91,1818,958,860,2022
------,Straftaten insgesamt,5122000,Solingen,insg.,2715,1488,1227,36,16,20,227,142,85,263,158,105,305,193,112,193,102,91,1740,921,819,214,114,100,1954,1035,919,2022
------,Straftaten insgesamt,8111000,Stuttgart,vers.,920,657,263,8,4,4,20,13,7,28,17,11,62,38,24,52,38,14,707,519,188,71,45,26,778,564,214,2022
------,Straftaten insgesamt,8111000,Stuttgart,voll.,11792,7558,4234,95,59,36,522,298,224,617,357,260,739,402,337,925,538,387,8893,5882,3011,618,379,239,9511,6261,3250,2022
------,Straftaten insgesamt,8111000,Stuttgart,insg.,12712,8215,4497,103,63,40,542,311,231,645,374,271,801,440,361,977,576,401,9600,6401,3199,689,424,265,10289,6825,3464,2022
------,Straftaten insgesamt,7211000,Trier,vers.,171,116,55,3,2,1,4,2,2,7,4,3,30,24,6,22,10,12,103,71,32,9,7,2,112,78,34,2022
------,Straftaten insgesamt,7211000,Trier,voll.,2143,1331,812,12,7,5,97,56,41,109,63,46,168,103,65,224,124,100,1529,974,555,113,67,46,1642,1041,601,2022
------,Straftaten insgesamt,7211000,Trier,insg.,2314,1447,867,15,9,6,101,58,43,116,67,49,198,127,71,246,134,112,1632,1045,587,122,74,48,1754,1119,635,2022
------,Straftaten insgesamt,8421000,Ulm,vers.,100,59,41,0,0,0,2,1,1,2,1,1,5,2,3,3,0,3,82,53,29,8,3,5,90,56,34,2022
------,Straftaten insgesamt,8421000,Ulm,voll.,2019,1250,769,16,10,6,113,50,63,129,60,69,160,79,81,196,117,79,1422,926,496,112,68,44,1534,994,540,2022
------,Straftaten insgesamt,8421000,Ulm,insg.,2119,1309,810,16,10,6,115,51,64,131,61,70,165,81,84,199,117,82,1504,979,525,120,71,49,1624,1050,574,2022
------,Straftaten insgesamt,6414000,Wiesbaden,vers.,211,136,75,1,1,0,12,7,5,13,8,5,22,12,10,16,13,3,136,89,47,24,14,10,160,103,57,2022
------,Straftaten insgesamt,6414000,Wiesbaden,voll.,4642,2546,2096,45,23,22,316,153,163,361,176,185,396,203,193,318,184,134,3243,1801,1442,324,182,142,3567,1983,1584,2022
------,Straftaten insgesamt,6414000,Wiesbaden,insg.,4853,2682,2171,46,24,22,328,160,168,374,184,190,418,215,203,334,197,137,3379,1890,1489,348,196,152,3727,2086,1641,2022
------,Straftaten insgesamt,3103000,Wolfsburg,vers.,69,55,14,1,1,0,5,3,2,6,4,2,4,4,0,0,0,0,53,43,10,6,4,2,59,47,12,2022
------,Straftaten insgesamt,3103000,Wolfsburg,voll.,1700,960,740,32,15,17,107,54,53,139,69,70,112,62,50,115,55,60,1229,721,508,105,53,52,1334,774,560,2022
------,Straftaten insgesamt,3103000,Wolfsburg,insg.,1769,1015,754,33,16,17,112,57,55,145,73,72,116,66,50,115,55,60,1282,764,518,111,57,54,1393,821,572,2022
------,Straftaten insgesamt,5124000,Wuppertal,vers.,615,375,240,7,5,2,42,24,18,49,29,20,47,27,20,43,21,22,424,264,160,52,34,18,476,298,178,2022
------,Straftaten insgesamt,5124000,Wuppertal,voll.,6950,3952,2998,75,40,35,513,290,223,588,330,258,585,342,243,534,281,253,4810,2722,2088,433,277,156,5243,2999,2244,2022
------,Straftaten insgesamt,5124000,Wuppertal,insg.,7565,4327,3238,82,45,37,555,314,241,637,359,278,632,369,263,577,302,275,5234,2986,2248,485,311,174,5719,3297,2422,2022
------,Straftaten insgesamt,9663000,W rzburg,vers.,135,85,50,2,2,0,2,1,1,4,3,1,15,10,5,11,7,4,94,58,36,11,7,4,105,65,40,2022
------,Straftaten insgesamt,9663000,W rzburg,voll.,1883,1180,703,14,7,7,84,55,29,98,62,36,167,102,65,213,118,95,1313,839,474,92,59,33,1405,898,507,2022
------,Straftaten insgesamt,9663000,W rzburg,insg.,2018,1265,753,16,9,7,86,56,30,102,65,37,182,112,70,224,125,99,1407,897,510,103,66,37,1510,963,547,2022
111000,"Vergewaltigung, sexuelle N tigung und sexueller  bergriff im besonders schweren Fall einschl. mit Todesfolge    177, 178 StGB",5334002,Aachen,vers.,9,0,9,0,0,0,0,0,0,0,0,0,0,0,0,2,0,2,7,0,7,0,0,0,7,0,7,2022
111000,"Vergewaltigung, sexuelle N tigung und sexueller  bergriff im besonders schweren Fall einschl. mit Todesfolge    177, 178 StGB",5334002,Aachen,voll.,43,1,42,0,0,0,1,1,0,1,1,0,7,0,7,6,0,6,26,0,26,3,0,3,29,0,29,2022
111000,"Vergewaltigung, sexuelle N tigung und sexueller  bergriff im besonders schweren Fall einschl. mit Todesfolge    177, 178 StGB",5334002,Aachen,insg.,52,1,51,0,0,0,1,1,0,1,1,0,7,0,7,8,0,8,33,0,33,3,0,3,36,0,36,2022
111000,"Vergewaltigung, sexuelle N tigung und sexueller  bergriff im besonders schweren Fall einschl. mit Todesfolge    177, 178 StGB",9761000,Augsburg,vers.,5,0,5,0,0,0,0,0,0,0,0,0,2,0,2,2,0,2,1,0,1,0,0,0,1,0,1,2022
111000,"Vergewaltigung, sexuelle N tigung und sexueller  bergriff im besonders schweren Fall einschl. mit Todesfolge    177, 178 StGB",9761000,Augsburg,voll.,29,0,29,0,0,0,0,0,0,0,0,0,9,0,9,4,0,4,16,0,16,0,0,0,16,0,16,2022
111000,"Vergewaltigung, sexuelle N tigung und sexueller  bergriff im besonders schweren Fall einschl. mit Todesfolge    177, 178 StGB",9761000,Augsburg,insg.,34,0,34,0,0,0,0,0,0,0,0,0,11,0,11,6,0,6,17,0,17,0,0,0,17,0,17,2022
111000,"Vergewaltigung, sexuelle N tigung und sexueller  bergriff im besonders schweren Fall einschl. mit Todesfolge    177, 178 StGB",5378004,Bergisch Gladbach,vers.,0,0,0,0,0,0,0,0,0,0,0,0,0,0,0,0,0,0,0,0,0,0,0,0,0,0,0,2022
111000,"Vergewaltigung, sexuelle N tigung und sexueller  bergriff im besonders schweren Fall einschl. mit Todesfolge    177, 178 StGB",5378004,Bergisch Gladbach,voll.,13,0,13,0,0,0,0,0,0,0,0,0,4,0,4,1,0,1,7,0,7,1,0,1,8,0,8,2022
111000,"Vergewaltigung, sexuelle N tigung und sexueller  bergriff im besonders schweren Fall einschl. mit Todesfolge    177, 178 StGB",5378004,Bergisch Gladbach,insg.,13,0,13,0,0,0,0,0,0,0,0,0,4,0,4,1,0,1,7,0,7,1,0,1,8,0,8,2022
111000,"Vergewaltigung, sexuelle N tigung und sexueller  bergriff im besonders schweren Fall einschl. mit Todesfolge    177, 178 StGB",11000000,Berlin,vers.,88,4,84,0,0,0,2,0,2,2,0,2,10,0,10,12,0,12,62,4,58,2,0,2,64,4,60,2022
111000,"Vergewaltigung, sexuelle N tigung und sexueller  bergriff im besonders schweren Fall einschl. mit Todesfolge    177, 178 StGB",11000000,Berlin,voll.,881,86,795,2,2,0,25,5,20,27,7,20,176,4,172,122,12,110,545,63,482,11,0,11,556,63,493,2022
111000,"Vergewaltigung, sexuelle N tigung und sexueller  bergriff im besonders schweren Fall einschl. mit Todesfolge    177, 178 StGB",11000000,Berlin,insg.,969,90,879,2,2,0,27,5,22,29,7,22,186,4,182,134,12,122,607,67,540,13,0,13,620,67,553,2022
111000,"Vergewaltigung, sexuelle N tigung und sexueller  bergriff im besonders schweren Fall einschl. mit Todesfolge    177, 178 StGB",5711000,Bielefeld,vers.,5,0,5,0,0,0,0,0,0,0,0,0,2,0,2,0,0,0,3,0,3,0,0,0,3,0,3,2022
111000,"Vergewaltigung, sexuelle N tigung und sexueller  bergriff im besonders schweren Fall einschl. mit Todesfolge    177, 178 StGB",5711000,Bielefeld,voll.,87,5,82,1,0,1,0,0,0,1,0,1,11,0,11,14,3,11,61,2,59,0,0,0,61,2,59,2022
111000,"Vergewaltigung, sexuelle N tigung und sexueller  bergriff im besonders schweren Fall einschl. mit Todesfolge    177, 178 StGB",5711000,Bielefeld,insg.,92,5,87,1,0,1,0,0,0,1,0,1,13,0,13,14,3,11,64,2,62,0,0,0,64,2,62,2022
111000,"Vergewaltigung, sexuelle N tigung und sexueller  bergriff im besonders schweren Fall einschl. mit Todesfolge    177, 178 StGB",5911000,Bochum,vers.,7,0,7,0,0,0,0,0,0,0,0,0,2,0,2,1,0,1,4,0,4,0,0,0,4,0,4,2022
111000,"Vergewaltigung, sexuelle N tigung und sexueller  bergriff im besonders schweren Fall einschl. mit Todesfolge    177, 178 StGB",5911000,Bochum,voll.,49,1,48,0,0,0,0,0,0,0,0,0,10,0,10,7,0,7,28,1,27,4,0,4,32,1,31,2022
111000,"Vergewaltigung, sexuelle N tigung und sexueller  bergriff im besonders schweren Fall einschl. mit Todesfolge    177, 178 StGB",5911000,Bochum,insg.,56,1,55,0,0,0,0,0,0,0,0,0,12,0,12,8,0,8,32,1,31,4,0,4,36,1,35,2022
111000,"Vergewaltigung, sexuelle N tigung und sexueller  bergriff im besonders schweren Fall einschl. mit Todesfolge    177, 178 StGB",5314000,Bonn,vers.,5,1,4,0,0,0,0,0,0,0,0,0,1,0,1,1,0,1,3,1,2,0,0,0,3,1,2,2022
111000,"Vergewaltigung, sexuelle N tigung und sexueller  bergriff im besonders schweren Fall einschl. mit Todesfolge    177, 178 StGB",5314000,Bonn,voll.,56,3,53,0,0,0,5,0,5,5,0,5,14,1,13,7,1,6,29,1,28,1,0,1,30,1,29,2022
111000,"Vergewaltigung, sexuelle N tigung und sexueller  bergriff im besonders schweren Fall einschl. mit Todesfolge    177, 178 StGB",5314000,Bonn,insg.,61,4,57,0,0,0,5,0,5,5,0,5,15,1,14,8,1,7,32,2,30,1,0,1,33,2,31,2022
111000,"Vergewaltigung, sexuelle N tigung und sexueller  bergriff im besonders schweren Fall einschl. mit Todesfolge    177, 178 StGB",5512000,Bottrop,vers.,1,1,0,0,0,0,1,1,0,1,1,0,0,0,0,0,0,0,0,0,0,0,0,0,0,0,0,2022
111000,"Vergewaltigung, sexuelle N tigung und sexueller  bergriff im besonders schweren Fall einschl. mit Todesfolge    177, 178 StGB",5512000,Bottrop,voll.,20,0,20,0,0,0,0,0,0,0,0,0,7,0,7,3,0,3,10,0,10,0,0,0,10,0,10,2022
111000,"Vergewaltigung, sexuelle N tigung und sexueller  bergriff im besonders schweren Fall einschl. mit Todesfolge    177, 178 StGB",5512000,Bottrop,insg.,21,1,20,0,0,0,1,1,0,1,1,0,7,0,7,3,0,3,10,0,10,0,0,0,10,0,10,2022
111000,"Vergewaltigung, sexuelle N tigung und sexueller  bergriff im besonders schweren Fall einschl. mit Todesfolge    177, 178 StGB",3101000,Braunschweig,vers.,6,0,6,0,0,0,0,0,0,0,0,0,0,0,0,3,0,3,3,0,3,0,0,0,3,0,3,2022
111000,"Vergewaltigung, sexuelle N tigung und sexueller  bergriff im besonders schweren Fall einschl. mit Todesfolge    177, 178 StGB",3101000,Braunschweig,voll.,47,4,43,0,0,0,1,0,1,1,0,1,13,2,11,7,0,7,26,2,24,0,0,0,26,2,24,2022
111000,"Vergewaltigung, sexuelle N tigung und sexueller  bergriff im besonders schweren Fall einschl. mit Todesfolge    177, 178 StGB",3101000,Braunschweig,insg.,53,4,49,0,0,0,1,0,1,1,0,1,13,2,11,10,0,10,29,2,27,0,0,0,29,2,27,2022
111000,"Vergewaltigung, sexuelle N tigung und sexueller  bergriff im besonders schweren Fall einschl. mit Todesfolge    177, 178 StGB",4011000,Bremen,vers.,16,0,16,0,0,0,0,0,0,0,0,0,2,0,2,3,0,3,11,0,11,0,0,0,11,0,11,2022
111000,"Vergewaltigung, sexuelle N tigung und sexueller  bergriff im besonders schweren Fall einschl. mit Todesfolge    177, 178 StGB",4011000,Bremen,voll.,143,4,139,1,0,1,1,0,1,2,0,2,27,0,27,19,1,18,90,3,87,5,0,5,95,3,92,2022
111000,"Vergewaltigung, sexuelle N tigung und sexueller  bergriff im besonders schweren Fall einschl. mit Todesfolge    177, 178 StGB",4011000,Bremen,insg.,159,4,155,1,0,1,1,0,1,2,0,2,29,0,29,22,1,21,101,3,98,5,0,5,106,3,103,2022
111000,"Vergewaltigung, sexuelle N tigung und sexueller  bergriff im besonders schweren Fall einschl. mit Todesfolge    177, 178 StGB",4012000,Bremerhaven,vers.,3,0,3,0,0,0,0,0,0,0,0,0,0,0,0,1,0,1,2,0,2,0,0,0,2,0,2,2022
111000,"Vergewaltigung, sexuelle N tigung und sexueller  bergriff im besonders schweren Fall einschl. mit Todesfolge    177, 178 StGB",4012000,Bremerhaven,voll.,28,2,26,0,0,0,0,0,0,0,0,0,7,0,7,4,1,3,17,1,16,0,0,0,17,1,16,2022
111000,"Vergewaltigung, sexuelle N tigung und sexueller  bergriff im besonders schweren Fall einschl. mit Todesfolge    177, 178 StGB",4012000,Bremerhaven,insg.,31,2,29,0,0,0,0,0,0,0,0,0,7,0,7,5,1,4,19,1,18,0,0,0,19,1,18,2022
111000,"Vergewaltigung, sexuelle N tigung und sexueller  bergriff im besonders schweren Fall einschl. mit Todesfolge    177, 178 StGB",14511000,Chemnitz,vers.,2,2,0,0,0,0,0,0,0,0,0,0,0,0,0,0,0,0,0,0,0,2,2,0,2,2,0,2022
111000,"Vergewaltigung, sexuelle N tigung und sexueller  bergriff im besonders schweren Fall einschl. mit Todesfolge    177, 178 StGB",14511000,Chemnitz,voll.,40,1,39,0,0,0,0,0,0,0,0,0,14,0,14,7,1,6,19,0,19,0,0,0,19,0,19,2022
111000,"Vergewaltigung, sexuelle N tigung und sexueller  bergriff im besonders schweren Fall einschl. mit Todesfolge    177, 178 StGB",14511000,Chemnitz,insg.,42,3,39,0,0,0,0,0,0,0,0,0,14,0,14,7,1,6,19,0,19,2,2,0,21,2,19,2022
111000,"Vergewaltigung, sexuelle N tigung und sexueller  bergriff im besonders schweren Fall einschl. mit Todesfolge    177, 178 StGB",12052000,Cottbus,vers.,0,0,0,0,0,0,0,0,0,0,0,0,0,0,0,0,0,0,0,0,0,0,0,0,0,0,0,2022
111000,"Vergewaltigung, sexuelle N tigung und sexueller  bergriff im besonders schweren Fall einschl. mit Todesfolge    177, 178 StGB",12052000,Cottbus,voll.,12,2,10,0,0,0,0,0,0,0,0,0,3,0,3,3,1,2,6,1,5,0,0,0,6,1,5,2022
111000,"Vergewaltigung, sexuelle N tigung und sexueller  bergriff im besonders schweren Fall einschl. mit Todesfolge    177, 178 StGB",12052000,Cottbus,insg.,12,2,10,0,0,0,0,0,0,0,0,0,3,0,3,3,1,2,6,1,5,0,0,0,6,1,5,2022
111000,"Vergewaltigung, sexuelle N tigung und sexueller  bergriff im besonders schweren Fall einschl. mit Todesfolge    177, 178 StGB",6411000,Darmstadt,vers.,3,0,3,0,0,0,0,0,0,0,0,0,0,0,0,0,0,0,3,0,3,0,0,0,3,0,3,2022
111000,"Vergewaltigung, sexuelle N tigung und sexueller  bergriff im besonders schweren Fall einschl. mit Todesfolge    177, 178 StGB",6411000,Darmstadt,voll.,26,1,25,0,0,0,1,0,1,1,0,1,7,0,7,4,0,4,13,1,12,1,0,1,14,1,13,2022
111000,"Vergewaltigung, sexuelle N tigung und sexueller  bergriff im besonders schweren Fall einschl. mit Todesfolge    177, 178 StGB",6411000,Darmstadt,insg.,29,1,28,0,0,0,1,0,1,1,0,1,7,0,7,4,0,4,16,1,15,1,0,1,17,1,16,2022
111000,"Vergewaltigung, sexuelle N tigung und sexueller  bergriff im besonders schweren Fall einschl. mit Todesfolge    177, 178 StGB",5913000,Dortmund,vers.,12,0,12,0,0,0,0,0,0,0,0,0,1,0,1,2,0,2,8,0,8,1,0,1,9,0,9,2022
111000,"Vergewaltigung, sexuelle N tigung und sexueller  bergriff im besonders schweren Fall einschl. mit Todesfolge    177, 178 StGB",5913000,Dortmund,voll.,124,8,116,0,0,0,1,0,1,1,0,1,40,3,37,14,0,14,67,5,62,2,0,2,69,5,64,2022
111000,"Vergewaltigung, sexuelle N tigung und sexueller  bergriff im besonders schweren Fall einschl. mit Todesfolge    177, 178 StGB",5913000,Dortmund,insg.,136,8,128,0,0,0,1,0,1,1,0,1,41,3,38,16,0,16,75,5,70,3,0,3,78,5,73,2022
111000,"Vergewaltigung, sexuelle N tigung und sexueller  bergriff im besonders schweren Fall einschl. mit Todesfolge    177, 178 StGB",14612000,Dresden,vers.,1,0,1,0,0,0,0,0,0,0,0,0,0,0,0,1,0,1,0,0,0,0,0,0,0,0,0,2022
111000,"Vergewaltigung, sexuelle N tigung und sexueller  bergriff im besonders schweren Fall einschl. mit Todesfolge    177, 178 StGB",14612000,Dresden,voll.,57,4,53,0,0,0,0,0,0,0,0,0,21,3,18,12,0,12,24,1,23,0,0,0,24,1,23,2022
111000,"Vergewaltigung, sexuelle N tigung und sexueller  bergriff im besonders schweren Fall einschl. mit Todesfolge    177, 178 StGB",14612000,Dresden,insg.,58,4,54,0,0,0,0,0,0,0,0,0,21,3,18,13,0,13,24,1,23,0,0,0,24,1,23,2022
111000,"Vergewaltigung, sexuelle N tigung und sexueller  bergriff im besonders schweren Fall einschl. mit Todesfolge    177, 178 StGB",5112000,Duisburg,vers.,8,0,8,0,0,0,0,0,0,0,0,0,1,0,1,1,0,1,6,0,6,0,0,0,6,0,6,2022
111000,"Vergewaltigung, sexuelle N tigung und sexueller  bergriff im besonders schweren Fall einschl. mit Todesfolge    177, 178 StGB",5112000,Duisburg,voll.,69,5,64,0,0,0,2,1,1,2,1,1,14,0,14,16,1,15,34,3,31,3,0,3,37,3,34,2022
111000,"Vergewaltigung, sexuelle N tigung und sexueller  bergriff im besonders schweren Fall einschl. mit Todesfolge    177, 178 StGB",5112000,Duisburg,insg.,77,5,72,0,0,0,2,1,1,2,1,1,15,0,15,17,1,16,40,3,37,3,0,3,43,3,40,2022
111000,"Vergewaltigung, sexuelle N tigung und sexueller  bergriff im besonders schweren Fall einschl. mit Todesfolge    177, 178 StGB",5111000,D sseldorf,vers.,21,1,20,0,0,0,0,0,0,0,0,0,5,1,4,1,0,1,14,0,14,1,0,1,15,0,15,2022
111000,"Vergewaltigung, sexuelle N tigung und sexueller  bergriff im besonders schweren Fall einschl. mit Todesfolge    177, 178 StGB",5111000,D sseldorf,voll.,170,14,156,0,0,0,1,1,0,1,1,0,25,1,24,46,2,44,97,9,88,1,1,0,98,10,88,2022
111000,"Vergewaltigung, sexuelle N tigung und sexueller  bergriff im besonders schweren Fall einschl. mit Todesfolge    177, 178 StGB",5111000,D sseldorf,insg.,191,15,176,0,0,0,1,1,0,1,1,0,30,2,28,47,2,45,111,9,102,2,1,1,113,10,103,2022
111000,"Vergewaltigung, sexuelle N tigung und sexueller  bergriff im besonders schweren Fall einschl. mit Todesfolge    177, 178 StGB",16051000,Erfurt,vers.,0,0,0,0,0,0,0,0,0,0,0,0,0,0,0,0,0,0,0,0,0,0,0,0,0,0,0,2022
111000,"Vergewaltigung, sexuelle N tigung und sexueller  bergriff im besonders schweren Fall einschl. mit Todesfolge    177, 178 StGB",16051000,Erfurt,voll.,18,0,18,0,0,0,0,0,0,0,0,0,4,0,4,4,0,4,10,0,10,0,0,0,10,0,10,2022
111000,"Vergewaltigung, sexuelle N tigung und sexueller  bergriff im besonders schweren Fall einschl. mit Todesfolge    177, 178 StGB",16051000,Erfurt,insg.,18,0,18,0,0,0,0,0,0,0,0,0,4,0,4,4,0,4,10,0,10,0,0,0,10,0,10,2022
111000,"Vergewaltigung, sexuelle N tigung und sexueller  bergriff im besonders schweren Fall einschl. mit Todesfolge    177, 178 StGB",9562000,Erlangen,vers.,2,0,2,0,0,0,0,0,0,0,0,0,0,0,0,0,0,0,1,0,1,1,0,1,2,0,2,2022
111000,"Vergewaltigung, sexuelle N tigung und sexueller  bergriff im besonders schweren Fall einschl. mit Todesfolge    177, 178 StGB",9562000,Erlangen,voll.,18,0,18,0,0,0,0,0,0,0,0,0,3,0,3,5,0,5,10,0,10,0,0,0,10,0,10,2022
111000,"Vergewaltigung, sexuelle N tigung und sexueller  bergriff im besonders schweren Fall einschl. mit Todesfolge    177, 178 StGB",9562000,Erlangen,insg.,20,0,20,0,0,0,0,0,0,0,0,0,3,0,3,5,0,5,11,0,11,1,0,1,12,0,12,2022
111000,"Vergewaltigung, sexuelle N tigung und sexueller  bergriff im besonders schweren Fall einschl. mit Todesfolge    177, 178 StGB",5113000,Essen,vers.,8,0,8,0,0,0,0,0,0,0,0,0,2,0,2,0,0,0,5,0,5,1,0,1,6,0,6,2022
111000,"Vergewaltigung, sexuelle N tigung und sexueller  bergriff im besonders schweren Fall einschl. mit Todesfolge    177, 178 StGB",5113000,Essen,voll.,100,10,90,0,0,0,0,0,0,0,0,0,25,2,23,18,1,17,55,7,48,2,0,2,57,7,50,2022
111000,"Vergewaltigung, sexuelle N tigung und sexueller  bergriff im besonders schweren Fall einschl. mit Todesfolge    177, 178 StGB",5113000,Essen,insg.,108,10,98,0,0,0,0,0,0,0,0,0,27,2,25,18,1,17,60,7,53,3,0,3,63,7,56,2022
111000,"Vergewaltigung, sexuelle N tigung und sexueller  bergriff im besonders schweren Fall einschl. mit Todesfolge    177, 178 StGB",6412000,Frankfurt am Main,vers.,11,1,10,0,0,0,0,0,0,0,0,0,1,0,1,2,1,1,8,0,8,0,0,0,8,0,8,2022
111000,"Vergewaltigung, sexuelle N tigung und sexueller  bergriff im besonders schweren Fall einschl. mit Todesfolge    177, 178 StGB",6412000,Frankfurt am Main,voll.,150,3,147,0,0,0,5,0,5,5,0,5,37,1,36,25,0,25,80,2,78,3,0,3,83,2,81,2022
111000,"Vergewaltigung, sexuelle N tigung und sexueller  bergriff im besonders schweren Fall einschl. mit Todesfolge    177, 178 StGB",6412000,Frankfurt am Main,insg.,161,4,157,0,0,0,5,0,5,5,0,5,38,1,37,27,1,26,88,2,86,3,0,3,91,2,89,2022
111000,"Vergewaltigung, sexuelle N tigung und sexueller  bergriff im besonders schweren Fall einschl. mit Todesfolge    177, 178 StGB",8311000,Freiburg im Breisgau,vers.,0,0,0,0,0,0,0,0,0,0,0,0,0,0,0,0,0,0,0,0,0,0,0,0,0,0,0,2022
111000,"Vergewaltigung, sexuelle N tigung und sexueller  bergriff im besonders schweren Fall einschl. mit Todesfolge    177, 178 StGB",8311000,Freiburg im Breisgau,voll.,46,2,44,0,0,0,2,0,2,2,0,2,5,0,5,8,0,8,28,2,26,3,0,3,31,2,29,2022
111000,"Vergewaltigung, sexuelle N tigung und sexueller  bergriff im besonders schweren Fall einschl. mit Todesfolge    177, 178 StGB",8311000,Freiburg im Breisgau,insg.,46,2,44,0,0,0,2,0,2,2,0,2,5,0,5,8,0,8,28,2,26,3,0,3,31,2,29,2022
111000,"Vergewaltigung, sexuelle N tigung und sexueller  bergriff im besonders schweren Fall einschl. mit Todesfolge    177, 178 StGB",9563000,F rth,vers.,2,0,2,0,0,0,0,0,0,0,0,0,1,0,1,1,0,1,0,0,0,0,0,0,0,0,0,2022
111000,"Vergewaltigung, sexuelle N tigung und sexueller  bergriff im besonders schweren Fall einschl. mit Todesfolge    177, 178 StGB",9563000,F rth,voll.,15,1,14,0,0,0,0,0,0,0,0,0,4,0,4,2,0,2,9,1,8,0,0,0,9,1,8,2022
111000,"Vergewaltigung, sexuelle N tigung und sexueller  bergriff im besonders schweren Fall einschl. mit Todesfolge    177, 178 StGB",9563000,F rth,insg.,17,1,16,0,0,0,0,0,0,0,0,0,5,0,5,3,0,3,9,1,8,0,0,0,9,1,8,2022
111000,"Vergewaltigung, sexuelle N tigung und sexueller  bergriff im besonders schweren Fall einschl. mit Todesfolge    177, 178 StGB",5513000,Gelsenkirchen,vers.,6,1,5,0,0,0,0,0,0,0,0,0,2,1,1,0,0,0,4,0,4,0,0,0,4,0,4,2022
111000,"Vergewaltigung, sexuelle N tigung und sexueller  bergriff im besonders schweren Fall einschl. mit Todesfolge    177, 178 StGB",5513000,Gelsenkirchen,voll.,49,2,47,0,0,0,2,1,1,2,1,1,13,0,13,10,1,9,24,0,24,0,0,0,24,0,24,2022
111000,"Vergewaltigung, sexuelle N tigung und sexueller  bergriff im besonders schweren Fall einschl. mit Todesfolge    177, 178 StGB",5513000,Gelsenkirchen,insg.,55,3,52,0,0,0,2,1,1,2,1,1,15,1,14,10,1,9,28,0,28,0,0,0,28,0,28,2022
111000,"Vergewaltigung, sexuelle N tigung und sexueller  bergriff im besonders schweren Fall einschl. mit Todesfolge    177, 178 StGB",3159016,G ttingen,vers.,4,1,3,0,0,0,0,0,0,0,0,0,0,0,0,1,1,0,2,0,2,1,0,1,3,0,3,2022
111000,"Vergewaltigung, sexuelle N tigung und sexueller  bergriff im besonders schweren Fall einschl. mit Todesfolge    177, 178 StGB",3159016,G ttingen,voll.,41,2,39,0,0,0,0,0,0,0,0,0,8,0,8,4,0,4,29,2,27,0,0,0,29,2,27,2022
111000,"Vergewaltigung, sexuelle N tigung und sexueller  bergriff im besonders schweren Fall einschl. mit Todesfolge    177, 178 StGB",3159016,G ttingen,insg.,45,3,42,0,0,0,0,0,0,0,0,0,8,0,8,5,1,4,31,2,29,1,0,1,32,2,30,2022
111000,"Vergewaltigung, sexuelle N tigung und sexueller  bergriff im besonders schweren Fall einschl. mit Todesfolge    177, 178 StGB",5754008,G tersloh,vers.,2,0,2,0,0,0,0,0,0,0,0,0,0,0,0,0,0,0,2,0,2,0,0,0,2,0,2,2022
111000,"Vergewaltigung, sexuelle N tigung und sexueller  bergriff im besonders schweren Fall einschl. mit Todesfolge    177, 178 StGB",5754008,G tersloh,voll.,15,1,14,0,0,0,0,0,0,0,0,0,3,0,3,4,0,4,8,1,7,0,0,0,8,1,7,2022
111000,"Vergewaltigung, sexuelle N tigung und sexueller  bergriff im besonders schweren Fall einschl. mit Todesfolge    177, 178 StGB",5754008,G tersloh,insg.,17,1,16,0,0,0,0,0,0,0,0,0,3,0,3,4,0,4,10,1,9,0,0,0,10,1,9,2022
111000,"Vergewaltigung, sexuelle N tigung und sexueller  bergriff im besonders schweren Fall einschl. mit Todesfolge    177, 178 StGB",5914000,Hagen,vers.,1,0,1,0,0,0,0,0,0,0,0,0,0,0,0,1,0,1,0,0,0,0,0,0,0,0,0,2022
111000,"Vergewaltigung, sexuelle N tigung und sexueller  bergriff im besonders schweren Fall einschl. mit Todesfolge    177, 178 StGB",5914000,Hagen,voll.,37,7,30,0,0,0,2,2,0,2,2,0,9,2,7,10,1,9,15,2,13,1,0,1,16,2,14,2022
111000,"Vergewaltigung, sexuelle N tigung und sexueller  bergriff im besonders schweren Fall einschl. mit Todesfolge    177, 178 StGB",5914000,Hagen,insg.,38,7,31,0,0,0,2,2,0,2,2,0,9,2,7,11,1,10,15,2,13,1,0,1,16,2,14,2022
111000,"Vergewaltigung, sexuelle N tigung und sexueller  bergriff im besonders schweren Fall einschl. mit Todesfolge    177, 178 StGB",15002000,Halle (Saale),vers.,9,1,8,0,0,0,0,0,0,0,0,0,2,0,2,1,0,1,5,1,4,1,0,1,6,1,5,2022
111000,"Vergewaltigung, sexuelle N tigung und sexueller  bergriff im besonders schweren Fall einschl. mit Todesfolge    177, 178 StGB",15002000,Halle (Saale),voll.,45,2,43,0,0,0,3,1,2,3,1,2,7,0,7,6,0,6,29,1,28,0,0,0,29,1,28,2022
111000,"Vergewaltigung, sexuelle N tigung und sexueller  bergriff im besonders schweren Fall einschl. mit Todesfolge    177, 178 StGB",15002000,Halle (Saale),insg.,54,3,51,0,0,0,3,1,2,3,1,2,9,0,9,7,0,7,34,2,32,1,0,1,35,2,33,2022
111000,"Vergewaltigung, sexuelle N tigung und sexueller  bergriff im besonders schweren Fall einschl. mit Todesfolge    177, 178 StGB",2000000,Hamburg,vers.,26,2,24,0,0,0,0,0,0,0,0,0,3,0,3,1,0,1,22,2,20,0,0,0,22,2,20,2022
111000,"Vergewaltigung, sexuelle N tigung und sexueller  bergriff im besonders schweren Fall einschl. mit Todesfolge    177, 178 StGB",2000000,Hamburg,voll.,207,16,191,2,1,1,6,1,5,8,2,6,43,2,41,33,3,30,120,9,111,3,0,3,123,9,114,2022
111000,"Vergewaltigung, sexuelle N tigung und sexueller  bergriff im besonders schweren Fall einschl. mit Todesfolge    177, 178 StGB",2000000,Hamburg,insg.,233,18,215,2,1,1,6,1,5,8,2,6,46,2,44,34,3,31,142,11,131,3,0,3,145,11,134,2022
111000,"Vergewaltigung, sexuelle N tigung und sexueller  bergriff im besonders schweren Fall einschl. mit Todesfolge    177, 178 StGB",5915000,Hamm,vers.,5,0,5,0,0,0,0,0,0,0,0,0,1,0,1,0,0,0,4,0,4,0,0,0,4,0,4,2022
111000,"Vergewaltigung, sexuelle N tigung und sexueller  bergriff im besonders schweren Fall einschl. mit Todesfolge    177, 178 StGB",5915000,Hamm,voll.,33,1,32,0,0,0,0,0,0,0,0,0,7,0,7,5,0,5,21,1,20,0,0,0,21,1,20,2022
111000,"Vergewaltigung, sexuelle N tigung und sexueller  bergriff im besonders schweren Fall einschl. mit Todesfolge    177, 178 StGB",5915000,Hamm,insg.,38,1,37,0,0,0,0,0,0,0,0,0,8,0,8,5,0,5,25,1,24,0,0,0,25,1,24,2022
111000,"Vergewaltigung, sexuelle N tigung und sexueller  bergriff im besonders schweren Fall einschl. mit Todesfolge    177, 178 StGB",6435014,Hanau,vers.,2,0,2,0,0,0,0,0,0,0,0,0,1,0,1,0,0,0,1,0,1,0,0,0,1,0,1,2022
111000,"Vergewaltigung, sexuelle N tigung und sexueller  bergriff im besonders schweren Fall einschl. mit Todesfolge    177, 178 StGB",6435014,Hanau,voll.,22,1,21,0,0,0,0,0,0,0,0,0,2,0,2,6,0,6,14,1,13,0,0,0,14,1,13,2022
111000,"Vergewaltigung, sexuelle N tigung und sexueller  bergriff im besonders schweren Fall einschl. mit Todesfolge    177, 178 StGB",6435014,Hanau,insg.,24,1,23,0,0,0,0,0,0,0,0,0,3,0,3,6,0,6,15,1,14,0,0,0,15,1,14,2022
111000,"Vergewaltigung, sexuelle N tigung und sexueller  bergriff im besonders schweren Fall einschl. mit Todesfolge    177, 178 StGB",3241001,Hannover,vers.,19,0,19,0,0,0,0,0,0,0,0,0,1,0,1,4,0,4,14,0,14,0,0,0,14,0,14,2022
111000,"Vergewaltigung, sexuelle N tigung und sexueller  bergriff im besonders schweren Fall einschl. mit Todesfolge    177, 178 StGB",3241001,Hannover,voll.,130,5,125,1,1,0,1,1,0,2,2,0,30,0,30,29,1,28,66,2,64,3,0,3,69,2,67,2022
111000,"Vergewaltigung, sexuelle N tigung und sexueller  bergriff im besonders schweren Fall einschl. mit Todesfolge    177, 178 StGB",3241001,Hannover,insg.,149,5,144,1,1,0,1,1,0,2,2,0,31,0,31,33,1,32,80,2,78,3,0,3,83,2,81,2022
111000,"Vergewaltigung, sexuelle N tigung und sexueller  bergriff im besonders schweren Fall einschl. mit Todesfolge    177, 178 StGB",8221000,Heidelberg,vers.,0,0,0,0,0,0,0,0,0,0,0,0,0,0,0,0,0,0,0,0,0,0,0,0,0,0,0,2022
111000,"Vergewaltigung, sexuelle N tigung und sexueller  bergriff im besonders schweren Fall einschl. mit Todesfolge    177, 178 StGB",8221000,Heidelberg,voll.,18,0,18,0,0,0,0,0,0,0,0,0,4,0,4,4,0,4,8,0,8,2,0,2,10,0,10,2022
111000,"Vergewaltigung, sexuelle N tigung und sexueller  bergriff im besonders schweren Fall einschl. mit Todesfolge    177, 178 StGB",8221000,Heidelberg,insg.,18,0,18,0,0,0,0,0,0,0,0,0,4,0,4,4,0,4,8,0,8,2,0,2,10,0,10,2022
111000,"Vergewaltigung, sexuelle N tigung und sexueller  bergriff im besonders schweren Fall einschl. mit Todesfolge    177, 178 StGB",8121000,Heilbronn,vers.,1,0,1,0,0,0,0,0,0,0,0,0,0,0,0,1,0,1,0,0,0,0,0,0,0,0,0,2022
111000,"Vergewaltigung, sexuelle N tigung und sexueller  bergriff im besonders schweren Fall einschl. mit Todesfolge    177, 178 StGB",8121000,Heilbronn,voll.,14,2,12,0,0,0,0,0,0,0,0,0,3,1,2,2,1,1,9,0,9,0,0,0,9,0,9,2022
111000,"Vergewaltigung, sexuelle N tigung und sexueller  bergriff im besonders schweren Fall einschl. mit Todesfolge    177, 178 StGB",8121000,Heilbronn,insg.,15,2,13,0,0,0,0,0,0,0,0,0,3,1,2,3,1,2,9,0,9,0,0,0,9,0,9,2022
111000,"Vergewaltigung, sexuelle N tigung und sexueller  bergriff im besonders schweren Fall einschl. mit Todesfolge    177, 178 StGB",5916000,Herne,vers.,4,1,3,0,0,0,0,0,0,0,0,0,1,0,1,2,1,1,1,0,1,0,0,0,1,0,1,2022
111000,"Vergewaltigung, sexuelle N tigung und sexueller  bergriff im besonders schweren Fall einschl. mit Todesfolge    177, 178 StGB",5916000,Herne,voll.,30,0,30,0,0,0,0,0,0,0,0,0,4,0,4,2,0,2,24,0,24,0,0,0,24,0,24,2022
111000,"Vergewaltigung, sexuelle N tigung und sexueller  bergriff im besonders schweren Fall einschl. mit Todesfolge    177, 178 StGB",5916000,Herne,insg.,34,1,33,0,0,0,0,0,0,0,0,0,5,0,5,4,1,3,25,0,25,0,0,0,25,0,25,2022
111000,"Vergewaltigung, sexuelle N tigung und sexueller  bergriff im besonders schweren Fall einschl. mit Todesfolge    177, 178 StGB",3254021,Hildesheim,vers.,0,0,0,0,0,0,0,0,0,0,0,0,0,0,0,0,0,0,0,0,0,0,0,0,0,0,0,2022
111000,"Vergewaltigung, sexuelle N tigung und sexueller  bergriff im besonders schweren Fall einschl. mit Todesfolge    177, 178 StGB",3254021,Hildesheim,voll.,24,1,23,0,0,0,0,0,0,0,0,0,6,0,6,9,1,8,9,0,9,0,0,0,9,0,9,2022
111000,"Vergewaltigung, sexuelle N tigung und sexueller  bergriff im besonders schweren Fall einschl. mit Todesfolge    177, 178 StGB",3254021,Hildesheim,insg.,24,1,23,0,0,0,0,0,0,0,0,0,6,0,6,9,1,8,9,0,9,0,0,0,9,0,9,2022
111000,"Vergewaltigung, sexuelle N tigung und sexueller  bergriff im besonders schweren Fall einschl. mit Todesfolge    177, 178 StGB",9161000,Ingolstadt,vers.,1,0,1,0,0,0,0,0,0,0,0,0,0,0,0,0,0,0,1,0,1,0,0,0,1,0,1,2022
111000,"Vergewaltigung, sexuelle N tigung und sexueller  bergriff im besonders schweren Fall einschl. mit Todesfolge    177, 178 StGB",9161000,Ingolstadt,voll.,29,1,28,0,0,0,0,0,0,0,0,0,4,0,4,8,0,8,17,1,16,0,0,0,17,1,16,2022
111000,"Vergewaltigung, sexuelle N tigung und sexueller  bergriff im besonders schweren Fall einschl. mit Todesfolge    177, 178 StGB",9161000,Ingolstadt,insg.,30,1,29,0,0,0,0,0,0,0,0,0,4,0,4,8,0,8,18,1,17,0,0,0,18,1,17,2022
111000,"Vergewaltigung, sexuelle N tigung und sexueller  bergriff im besonders schweren Fall einschl. mit Todesfolge    177, 178 StGB",16053000,Jena,vers.,0,0,0,0,0,0,0,0,0,0,0,0,0,0,0,0,0,0,0,0,0,0,0,0,0,0,0,2022
111000,"Vergewaltigung, sexuelle N tigung und sexueller  bergriff im besonders schweren Fall einschl. mit Todesfolge    177, 178 StGB",16053000,Jena,voll.,11,1,10,0,0,0,1,0,1,1,0,1,2,0,2,1,1,0,7,0,7,0,0,0,7,0,7,2022
111000,"Vergewaltigung, sexuelle N tigung und sexueller  bergriff im besonders schweren Fall einschl. mit Todesfolge    177, 178 StGB",16053000,Jena,insg.,11,1,10,0,0,0,1,0,1,1,0,1,2,0,2,1,1,0,7,0,7,0,0,0,7,0,7,2022
111000,"Vergewaltigung, sexuelle N tigung und sexueller  bergriff im besonders schweren Fall einschl. mit Todesfolge    177, 178 StGB",7312000,Kaiserslautern,vers.,3,0,3,0,0,0,0,0,0,0,0,0,0,0,0,0,0,0,3,0,3,0,0,0,3,0,3,2022
111000,"Vergewaltigung, sexuelle N tigung und sexueller  bergriff im besonders schweren Fall einschl. mit Todesfolge    177, 178 StGB",7312000,Kaiserslautern,voll.,13,3,10,0,0,0,0,0,0,0,0,0,2,0,2,2,0,2,9,3,6,0,0,0,9,3,6,2022
111000,"Vergewaltigung, sexuelle N tigung und sexueller  bergriff im besonders schweren Fall einschl. mit Todesfolge    177, 178 StGB",7312000,Kaiserslautern,insg.,16,3,13,0,0,0,0,0,0,0,0,0,2,0,2,2,0,2,12,3,9,0,0,0,12,3,9,2022
111000,"Vergewaltigung, sexuelle N tigung und sexueller  bergriff im besonders schweren Fall einschl. mit Todesfolge    177, 178 StGB",8212000,Karlsruhe,vers.,2,0,2,0,0,0,0,0,0,0,0,0,0,0,0,1,0,1,1,0,1,0,0,0,1,0,1,2022
111000,"Vergewaltigung, sexuelle N tigung und sexueller  bergriff im besonders schweren Fall einschl. mit Todesfolge    177, 178 StGB",8212000,Karlsruhe,voll.,51,1,50,0,0,0,1,0,1,1,0,1,13,0,13,8,0,8,28,1,27,1,0,1,29,1,28,2022
111000,"Vergewaltigung, sexuelle N tigung und sexueller  bergriff im besonders schweren Fall einschl. mit Todesfolge    177, 178 StGB",8212000,Karlsruhe,insg.,53,1,52,0,0,0,1,0,1,1,0,1,13,0,13,9,0,9,29,1,28,1,0,1,30,1,29,2022
111000,"Vergewaltigung, sexuelle N tigung und sexueller  bergriff im besonders schweren Fall einschl. mit Todesfolge    177, 178 StGB",6611000,Kassel,vers.,6,0,6,0,0,0,0,0,0,0,0,0,1,0,1,1,0,1,3,0,3,1,0,1,4,0,4,2022
111000,"Vergewaltigung, sexuelle N tigung und sexueller  bergriff im besonders schweren Fall einschl. mit Todesfolge    177, 178 StGB",6611000,Kassel,voll.,35,4,31,0,0,0,1,1,0,1,1,0,10,1,9,3,0,3,21,2,19,0,0,0,21,2,19,2022
111000,"Vergewaltigung, sexuelle N tigung und sexueller  bergriff im besonders schweren Fall einschl. mit Todesfolge    177, 178 StGB",6611000,Kassel,insg.,41,4,37,0,0,0,1,1,0,1,1,0,11,1,10,4,0,4,24,2,22,1,0,1,25,2,23,2022
111000,"Vergewaltigung, sexuelle N tigung und sexueller  bergriff im besonders schweren Fall einschl. mit Todesfolge    177, 178 StGB",1002000,Kiel,vers.,5,0,5,0,0,0,0,0,0,0,0,0,2,0,2,1,0,1,2,0,2,0,0,0,2,0,2,2022
111000,"Vergewaltigung, sexuelle N tigung und sexueller  bergriff im besonders schweren Fall einschl. mit Todesfolge    177, 178 StGB",1002000,Kiel,voll.,36,1,35,0,0,0,2,0,2,2,0,2,6,1,5,9,0,9,18,0,18,1,0,1,19,0,19,2022
111000,"Vergewaltigung, sexuelle N tigung und sexueller  bergriff im besonders schweren Fall einschl. mit Todesfolge    177, 178 StGB",1002000,Kiel,insg.,41,1,40,0,0,0,2,0,2,2,0,2,8,1,7,10,0,10,20,0,20,1,0,1,21,0,21,2022
111000,"Vergewaltigung, sexuelle N tigung und sexueller  bergriff im besonders schweren Fall einschl. mit Todesfolge    177, 178 StGB",7111000,Koblenz,vers.,4,1,3,0,0,0,0,0,0,0,0,0,0,0,0,2,1,1,1,0,1,1,0,1,2,0,2,2022
111000,"Vergewaltigung, sexuelle N tigung und sexueller  bergriff im besonders schweren Fall einschl. mit Todesfolge    177, 178 StGB",7111000,Koblenz,voll.,11,2,9,0,0,0,0,0,0,0,0,0,3,0,3,1,1,0,7,1,6,0,0,0,7,1,6,2022
111000,"Vergewaltigung, sexuelle N tigung und sexueller  bergriff im besonders schweren Fall einschl. mit Todesfolge    177, 178 StGB",7111000,Koblenz,insg.,15,3,12,0,0,0,0,0,0,0,0,0,3,0,3,3,2,1,8,1,7,1,0,1,9,1,8,2022
111000,"Vergewaltigung, sexuelle N tigung und sexueller  bergriff im besonders schweren Fall einschl. mit Todesfolge    177, 178 StGB",5315000,K ln,vers.,35,1,34,0,0,0,0,0,0,0,0,0,7,0,7,3,0,3,19,1,18,6,0,6,25,1,24,2022
111000,"Vergewaltigung, sexuelle N tigung und sexueller  bergriff im besonders schweren Fall einschl. mit Todesfolge    177, 178 StGB",5315000,K ln,voll.,258,19,239,0,0,0,3,0,3,3,0,3,53,2,51,35,2,33,161,14,147,6,1,5,167,15,152,2022
111000,"Vergewaltigung, sexuelle N tigung und sexueller  bergriff im besonders schweren Fall einschl. mit Todesfolge    177, 178 StGB",5315000,K ln,insg.,293,20,273,0,0,0,3,0,3,3,0,3,60,2,58,38,2,36,180,15,165,12,1,11,192,16,176,2022
111000,"Vergewaltigung, sexuelle N tigung und sexueller  bergriff im besonders schweren Fall einschl. mit Todesfolge    177, 178 StGB",5114000,Krefeld,vers.,1,0,1,0,0,0,0,0,0,0,0,0,0,0,0,0,0,0,1,0,1,0,0,0,1,0,1,2022
111000,"Vergewaltigung, sexuelle N tigung und sexueller  bergriff im besonders schweren Fall einschl. mit Todesfolge    177, 178 StGB",5114000,Krefeld,voll.,43,2,41,0,0,0,0,0,0,0,0,0,10,0,10,12,1,11,20,1,19,1,0,1,21,1,20,2022
111000,"Vergewaltigung, sexuelle N tigung und sexueller  bergriff im besonders schweren Fall einschl. mit Todesfolge    177, 178 StGB",5114000,Krefeld,insg.,44,2,42,0,0,0,0,0,0,0,0,0,10,0,10,12,1,11,21,1,20,1,0,1,22,1,21,2022
111000,"Vergewaltigung, sexuelle N tigung und sexueller  bergriff im besonders schweren Fall einschl. mit Todesfolge    177, 178 StGB",14713000,Leipzig,vers.,3,0,3,0,0,0,0,0,0,0,0,0,1,0,1,0,0,0,2,0,2,0,0,0,2,0,2,2022
111000,"Vergewaltigung, sexuelle N tigung und sexueller  bergriff im besonders schweren Fall einschl. mit Todesfolge    177, 178 StGB",14713000,Leipzig,voll.,61,3,58,0,0,0,1,0,1,1,0,1,16,0,16,14,2,12,28,0,28,2,1,1,30,1,29,2022
111000,"Vergewaltigung, sexuelle N tigung und sexueller  bergriff im besonders schweren Fall einschl. mit Todesfolge    177, 178 StGB",14713000,Leipzig,insg.,64,3,61,0,0,0,1,0,1,1,0,1,17,0,17,14,2,12,30,0,30,2,1,1,32,1,31,2022
111000,"Vergewaltigung, sexuelle N tigung und sexueller  bergriff im besonders schweren Fall einschl. mit Todesfolge    177, 178 StGB",5316000,Leverkusen,vers.,4,1,3,0,0,0,0,0,0,0,0,0,1,0,1,0,0,0,3,1,2,0,0,0,3,1,2,2022
111000,"Vergewaltigung, sexuelle N tigung und sexueller  bergriff im besonders schweren Fall einschl. mit Todesfolge    177, 178 StGB",5316000,Leverkusen,voll.,29,1,28,0,0,0,1,0,1,1,0,1,7,0,7,2,0,2,19,1,18,0,0,0,19,1,18,2022
111000,"Vergewaltigung, sexuelle N tigung und sexueller  bergriff im besonders schweren Fall einschl. mit Todesfolge    177, 178 StGB",5316000,Leverkusen,insg.,33,2,31,0,0,0,1,0,1,1,0,1,8,0,8,2,0,2,22,2,20,0,0,0,22,2,20,2022
111000,"Vergewaltigung, sexuelle N tigung und sexueller  bergriff im besonders schweren Fall einschl. mit Todesfolge    177, 178 StGB",1003000,L beck,vers.,2,0,2,0,0,0,0,0,0,0,0,0,0,0,0,0,0,0,2,0,2,0,0,0,2,0,2,2022
111000,"Vergewaltigung, sexuelle N tigung und sexueller  bergriff im besonders schweren Fall einschl. mit Todesfolge    177, 178 StGB",1003000,L beck,voll.,57,4,53,0,0,0,1,0,1,1,0,1,19,0,19,7,1,6,29,3,26,1,0,1,30,3,27,2022
111000,"Vergewaltigung, sexuelle N tigung und sexueller  bergriff im besonders schweren Fall einschl. mit Todesfolge    177, 178 StGB",1003000,L beck,insg.,59,4,55,0,0,0,1,0,1,1,0,1,19,0,19,7,1,6,31,3,28,1,0,1,32,3,29,2022
111000,"Vergewaltigung, sexuelle N tigung und sexueller  bergriff im besonders schweren Fall einschl. mit Todesfolge    177, 178 StGB",7314000,Ludwigshafen am Rhein,vers.,2,0,2,0,0,0,0,0,0,0,0,0,0,0,0,0,0,0,2,0,2,0,0,0,2,0,2,2022
111000,"Vergewaltigung, sexuelle N tigung und sexueller  bergriff im besonders schweren Fall einschl. mit Todesfolge    177, 178 StGB",7314000,Ludwigshafen am Rhein,voll.,33,0,33,0,0,0,1,0,1,1,0,1,6,0,6,5,0,5,20,0,20,1,0,1,21,0,21,2022
111000,"Vergewaltigung, sexuelle N tigung und sexueller  bergriff im besonders schweren Fall einschl. mit Todesfolge    177, 178 StGB",7314000,Ludwigshafen am Rhein,insg.,35,0,35,0,0,0,1,0,1,1,0,1,6,0,6,5,0,5,22,0,22,1,0,1,23,0,23,2022
111000,"Vergewaltigung, sexuelle N tigung und sexueller  bergriff im besonders schweren Fall einschl. mit Todesfolge    177, 178 StGB",15003000,Magdeburg,vers.,3,0,3,0,0,0,1,0,1,1,0,1,0,0,0,0,0,0,2,0,2,0,0,0,2,0,2,2022
111000,"Vergewaltigung, sexuelle N tigung und sexueller  bergriff im besonders schweren Fall einschl. mit Todesfolge    177, 178 StGB",15003000,Magdeburg,voll.,44,4,40,0,0,0,1,0,1,1,0,1,5,0,5,14,1,13,23,3,20,1,0,1,24,3,21,2022
111000,"Vergewaltigung, sexuelle N tigung und sexueller  bergriff im besonders schweren Fall einschl. mit Todesfolge    177, 178 StGB",15003000,Magdeburg,insg.,47,4,43,0,0,0,2,0,2,2,0,2,5,0,5,14,1,13,25,3,22,1,0,1,26,3,23,2022
111000,"Vergewaltigung, sexuelle N tigung und sexueller  bergriff im besonders schweren Fall einschl. mit Todesfolge    177, 178 StGB",7315000,Mainz,vers.,5,0,5,0,0,0,0,0,0,0,0,0,1,0,1,0,0,0,4,0,4,0,0,0,4,0,4,2022
111000,"Vergewaltigung, sexuelle N tigung und sexueller  bergriff im besonders schweren Fall einschl. mit Todesfolge    177, 178 StGB",7315000,Mainz,voll.,34,1,33,0,0,0,1,0,1,1,0,1,6,1,5,5,0,5,22,0,22,0,0,0,22,0,22,2022
111000,"Vergewaltigung, sexuelle N tigung und sexueller  bergriff im besonders schweren Fall einschl. mit Todesfolge    177, 178 StGB",7315000,Mainz,insg.,39,1,38,0,0,0,1,0,1,1,0,1,7,1,6,5,0,5,26,0,26,0,0,0,26,0,26,2022
111000,"Vergewaltigung, sexuelle N tigung und sexueller  bergriff im besonders schweren Fall einschl. mit Todesfolge    177, 178 StGB",8222000,Mannheim,vers.,6,0,6,0,0,0,0,0,0,0,0,0,1,0,1,1,0,1,4,0,4,0,0,0,4,0,4,2022
111000,"Vergewaltigung, sexuelle N tigung und sexueller  bergriff im besonders schweren Fall einschl. mit Todesfolge    177, 178 StGB",8222000,Mannheim,voll.,65,4,61,0,0,0,2,0,2,2,0,2,12,1,11,12,1,11,38,2,36,1,0,1,39,2,37,2022
111000,"Vergewaltigung, sexuelle N tigung und sexueller  bergriff im besonders schweren Fall einschl. mit Todesfolge    177, 178 StGB",8222000,Mannheim,insg.,71,4,67,0,0,0,2,0,2,2,0,2,13,1,12,13,1,12,42,2,40,1,0,1,43,2,41,2022
111000,"Vergewaltigung, sexuelle N tigung und sexueller  bergriff im besonders schweren Fall einschl. mit Todesfolge    177, 178 StGB",5170024,Moers,vers.,1,0,1,0,0,0,0,0,0,0,0,0,0,0,0,1,0,1,0,0,0,0,0,0,0,0,0,2022
111000,"Vergewaltigung, sexuelle N tigung und sexueller  bergriff im besonders schweren Fall einschl. mit Todesfolge    177, 178 StGB",5170024,Moers,voll.,14,0,14,0,0,0,0,0,0,0,0,0,6,0,6,2,0,2,6,0,6,0,0,0,6,0,6,2022
111000,"Vergewaltigung, sexuelle N tigung und sexueller  bergriff im besonders schweren Fall einschl. mit Todesfolge    177, 178 StGB",5170024,Moers,insg.,15,0,15,0,0,0,0,0,0,0,0,0,6,0,6,3,0,3,6,0,6,0,0,0,6,0,6,2022
111000,"Vergewaltigung, sexuelle N tigung und sexueller  bergriff im besonders schweren Fall einschl. mit Todesfolge    177, 178 StGB",5116000,M nchengladbach,vers.,4,0,4,0,0,0,0,0,0,0,0,0,0,0,0,1,0,1,3,0,3,0,0,0,3,0,3,2022
111000,"Vergewaltigung, sexuelle N tigung und sexueller  bergriff im besonders schweren Fall einschl. mit Todesfolge    177, 178 StGB",5116000,M nchengladbach,voll.,50,3,47,0,0,0,2,0,2,2,0,2,10,1,9,6,1,5,31,1,30,1,0,1,32,1,31,2022
111000,"Vergewaltigung, sexuelle N tigung und sexueller  bergriff im besonders schweren Fall einschl. mit Todesfolge    177, 178 StGB",5116000,M nchengladbach,insg.,54,3,51,0,0,0,2,0,2,2,0,2,10,1,9,7,1,6,34,1,33,1,0,1,35,1,34,2022
111000,"Vergewaltigung, sexuelle N tigung und sexueller  bergriff im besonders schweren Fall einschl. mit Todesfolge    177, 178 StGB",5117000,M lheim an der Ruhr,vers.,1,0,1,0,0,0,1,0,1,1,0,1,0,0,0,0,0,0,0,0,0,0,0,0,0,0,0,2022
111000,"Vergewaltigung, sexuelle N tigung und sexueller  bergriff im besonders schweren Fall einschl. mit Todesfolge    177, 178 StGB",5117000,M lheim an der Ruhr,voll.,39,0,39,0,0,0,0,0,0,0,0,0,12,0,12,5,0,5,22,0,22,0,0,0,22,0,22,2022
111000,"Vergewaltigung, sexuelle N tigung und sexueller  bergriff im besonders schweren Fall einschl. mit Todesfolge    177, 178 StGB",5117000,M lheim an der Ruhr,insg.,40,0,40,0,0,0,1,0,1,1,0,1,12,0,12,5,0,5,22,0,22,0,0,0,22,0,22,2022
111000,"Vergewaltigung, sexuelle N tigung und sexueller  bergriff im besonders schweren Fall einschl. mit Todesfolge    177, 178 StGB",9162000,M nchen,vers.,25,2,23,0,0,0,0,0,0,0,0,0,3,1,2,0,0,0,20,0,20,2,1,1,22,1,21,2022
111000,"Vergewaltigung, sexuelle N tigung und sexueller  bergriff im besonders schweren Fall einschl. mit Todesfolge    177, 178 StGB",9162000,M nchen,voll.,243,8,235,0,0,0,0,0,0,0,0,0,47,1,46,43,2,41,148,5,143,5,0,5,153,5,148,2022
111000,"Vergewaltigung, sexuelle N tigung und sexueller  bergriff im besonders schweren Fall einschl. mit Todesfolge    177, 178 StGB",9162000,M nchen,insg.,268,10,258,0,0,0,0,0,0,0,0,0,50,2,48,43,2,41,168,5,163,7,1,6,175,6,169,2022
111000,"Vergewaltigung, sexuelle N tigung und sexueller  bergriff im besonders schweren Fall einschl. mit Todesfolge    177, 178 StGB",5515000,M nster,vers.,4,0,4,0,0,0,0,0,0,0,0,0,0,0,0,1,0,1,3,0,3,0,0,0,3,0,3,2022
111000,"Vergewaltigung, sexuelle N tigung und sexueller  bergriff im besonders schweren Fall einschl. mit Todesfolge    177, 178 StGB",5515000,M nster,voll.,47,3,44,0,0,0,0,0,0,0,0,0,12,0,12,6,1,5,29,2,27,0,0,0,29,2,27,2022
111000,"Vergewaltigung, sexuelle N tigung und sexueller  bergriff im besonders schweren Fall einschl. mit Todesfolge    177, 178 StGB",5515000,M nster,insg.,51,3,48,0,0,0,0,0,0,0,0,0,12,0,12,7,1,6,32,2,30,0,0,0,32,2,30,2022
111000,"Vergewaltigung, sexuelle N tigung und sexueller  bergriff im besonders schweren Fall einschl. mit Todesfolge    177, 178 StGB",5162024,Neuss,vers.,4,0,4,0,0,0,0,0,0,0,0,0,0,0,0,0,0,0,4,0,4,0,0,0,4,0,4,2022
111000,"Vergewaltigung, sexuelle N tigung und sexueller  bergriff im besonders schweren Fall einschl. mit Todesfolge    177, 178 StGB",5162024,Neuss,voll.,25,1,24,0,0,0,0,0,0,0,0,0,7,0,7,4,0,4,12,1,11,2,0,2,14,1,13,2022
111000,"Vergewaltigung, sexuelle N tigung und sexueller  bergriff im besonders schweren Fall einschl. mit Todesfolge    177, 178 StGB",5162024,Neuss,insg.,29,1,28,0,0,0,0,0,0,0,0,0,7,0,7,4,0,4,16,1,15,2,0,2,18,1,17,2022
111000,"Vergewaltigung, sexuelle N tigung und sexueller  bergriff im besonders schweren Fall einschl. mit Todesfolge    177, 178 StGB",9564000,N rnberg,vers.,7,0,7,0,0,0,0,0,0,0,0,0,0,0,0,1,0,1,6,0,6,0,0,0,6,0,6,2022
111000,"Vergewaltigung, sexuelle N tigung und sexueller  bergriff im besonders schweren Fall einschl. mit Todesfolge    177, 178 StGB",9564000,N rnberg,voll.,87,3,84,0,0,0,0,0,0,0,0,0,17,3,14,19,0,19,50,0,50,1,0,1,51,0,51,2022
111000,"Vergewaltigung, sexuelle N tigung und sexueller  bergriff im besonders schweren Fall einschl. mit Todesfolge    177, 178 StGB",9564000,N rnberg,insg.,94,3,91,0,0,0,0,0,0,0,0,0,17,3,14,20,0,20,56,0,56,1,0,1,57,0,57,2022
111000,"Vergewaltigung, sexuelle N tigung und sexueller  bergriff im besonders schweren Fall einschl. mit Todesfolge    177, 178 StGB",5119000,Oberhausen,vers.,1,0,1,0,0,0,0,0,0,0,0,0,0,0,0,0,0,0,0,0,0,1,0,1,1,0,1,2022
111000,"Vergewaltigung, sexuelle N tigung und sexueller  bergriff im besonders schweren Fall einschl. mit Todesfolge    177, 178 StGB",5119000,Oberhausen,voll.,46,1,45,0,0,0,1,0,1,1,0,1,11,0,11,7,0,7,26,1,25,1,0,1,27,1,26,2022
111000,"Vergewaltigung, sexuelle N tigung und sexueller  bergriff im besonders schweren Fall einschl. mit Todesfolge    177, 178 StGB",5119000,Oberhausen,insg.,47,1,46,0,0,0,1,0,1,1,0,1,11,0,11,7,0,7,26,1,25,2,0,2,28,1,27,2022
111000,"Vergewaltigung, sexuelle N tigung und sexueller  bergriff im besonders schweren Fall einschl. mit Todesfolge    177, 178 StGB",6413000,Offenbach am Main,vers.,3,0,3,0,0,0,0,0,0,0,0,0,0,0,0,0,0,0,3,0,3,0,0,0,3,0,3,2022
111000,"Vergewaltigung, sexuelle N tigung und sexueller  bergriff im besonders schweren Fall einschl. mit Todesfolge    177, 178 StGB",6413000,Offenbach am Main,voll.,33,1,32,0,0,0,0,0,0,0,0,0,7,0,7,3,0,3,22,1,21,1,0,1,23,1,22,2022
111000,"Vergewaltigung, sexuelle N tigung und sexueller  bergriff im besonders schweren Fall einschl. mit Todesfolge    177, 178 StGB",6413000,Offenbach am Main,insg.,36,1,35,0,0,0,0,0,0,0,0,0,7,0,7,3,0,3,25,1,24,1,0,1,26,1,25,2022
111000,"Vergewaltigung, sexuelle N tigung und sexueller  bergriff im besonders schweren Fall einschl. mit Todesfolge    177, 178 StGB",3403000,Oldenburg (Oldenburg),vers.,4,0,4,0,0,0,0,0,0,0,0,0,0,0,0,0,0,0,4,0,4,0,0,0,4,0,4,2022
111000,"Vergewaltigung, sexuelle N tigung und sexueller  bergriff im besonders schweren Fall einschl. mit Todesfolge    177, 178 StGB",3403000,Oldenburg (Oldenburg),voll.,36,2,34,0,0,0,2,2,0,2,2,0,6,0,6,10,0,10,18,0,18,0,0,0,18,0,18,2022
111000,"Vergewaltigung, sexuelle N tigung und sexueller  bergriff im besonders schweren Fall einschl. mit Todesfolge    177, 178 StGB",3403000,Oldenburg (Oldenburg),insg.,40,2,38,0,0,0,2,2,0,2,2,0,6,0,6,10,0,10,22,0,22,0,0,0,22,0,22,2022
111000,"Vergewaltigung, sexuelle N tigung und sexueller  bergriff im besonders schweren Fall einschl. mit Todesfolge    177, 178 StGB",3404000,Osnabr ck,vers.,2,0,2,0,0,0,0,0,0,0,0,0,0,0,0,0,0,0,2,0,2,0,0,0,2,0,2,2022
111000,"Vergewaltigung, sexuelle N tigung und sexueller  bergriff im besonders schweren Fall einschl. mit Todesfolge    177, 178 StGB",3404000,Osnabr ck,voll.,47,2,45,0,0,0,2,0,2,2,0,2,6,0,6,12,1,11,26,1,25,1,0,1,27,1,26,2022
111000,"Vergewaltigung, sexuelle N tigung und sexueller  bergriff im besonders schweren Fall einschl. mit Todesfolge    177, 178 StGB",3404000,Osnabr ck,insg.,49,2,47,0,0,0,2,0,2,2,0,2,6,0,6,12,1,11,28,1,27,1,0,1,29,1,28,2022
111000,"Vergewaltigung, sexuelle N tigung und sexueller  bergriff im besonders schweren Fall einschl. mit Todesfolge    177, 178 StGB",5774032,Paderborn,vers.,4,1,3,0,0,0,0,0,0,0,0,0,1,1,0,2,0,2,1,0,1,0,0,0,1,0,1,2022
111000,"Vergewaltigung, sexuelle N tigung und sexueller  bergriff im besonders schweren Fall einschl. mit Todesfolge    177, 178 StGB",5774032,Paderborn,voll.,29,2,27,0,0,0,3,1,2,3,1,2,8,0,8,8,1,7,9,0,9,1,0,1,10,0,10,2022
111000,"Vergewaltigung, sexuelle N tigung und sexueller  bergriff im besonders schweren Fall einschl. mit Todesfolge    177, 178 StGB",5774032,Paderborn,insg.,33,3,30,0,0,0,3,1,2,3,1,2,9,1,8,10,1,9,10,0,10,1,0,1,11,0,11,2022
111000,"Vergewaltigung, sexuelle N tigung und sexueller  bergriff im besonders schweren Fall einschl. mit Todesfolge    177, 178 StGB",8231000,Pforzheim,vers.,3,0,3,0,0,0,1,0,1,1,0,1,0,0,0,0,0,0,2,0,2,0,0,0,2,0,2,2022
111000,"Vergewaltigung, sexuelle N tigung und sexueller  bergriff im besonders schweren Fall einschl. mit Todesfolge    177, 178 StGB",8231000,Pforzheim,voll.,31,1,30,0,0,0,2,0,2,2,0,2,11,0,11,6,0,6,12,1,11,0,0,0,12,1,11,2022
111000,"Vergewaltigung, sexuelle N tigung und sexueller  bergriff im besonders schweren Fall einschl. mit Todesfolge    177, 178 StGB",8231000,Pforzheim,insg.,34,1,33,0,0,0,3,0,3,3,0,3,11,0,11,6,0,6,14,1,13,0,0,0,14,1,13,2022
111000,"Vergewaltigung, sexuelle N tigung und sexueller  bergriff im besonders schweren Fall einschl. mit Todesfolge    177, 178 StGB",12054000,Potsdam,vers.,4,0,4,0,0,0,0,0,0,0,0,0,0,0,0,0,0,0,4,0,4,0,0,0,4,0,4,2022
111000,"Vergewaltigung, sexuelle N tigung und sexueller  bergriff im besonders schweren Fall einschl. mit Todesfolge    177, 178 StGB",12054000,Potsdam,voll.,23,0,23,0,0,0,0,0,0,0,0,0,13,0,13,3,0,3,7,0,7,0,0,0,7,0,7,2022
111000,"Vergewaltigung, sexuelle N tigung und sexueller  bergriff im besonders schweren Fall einschl. mit Todesfolge    177, 178 StGB",12054000,Potsdam,insg.,27,0,27,0,0,0,0,0,0,0,0,0,13,0,13,3,0,3,11,0,11,0,0,0,11,0,11,2022
111000,"Vergewaltigung, sexuelle N tigung und sexueller  bergriff im besonders schweren Fall einschl. mit Todesfolge    177, 178 StGB",5562032,Recklinghausen,vers.,3,0,3,0,0,0,0,0,0,0,0,0,1,0,1,0,0,0,2,0,2,0,0,0,2,0,2,2022
111000,"Vergewaltigung, sexuelle N tigung und sexueller  bergriff im besonders schweren Fall einschl. mit Todesfolge    177, 178 StGB",5562032,Recklinghausen,voll.,24,1,23,0,0,0,0,0,0,0,0,0,1,0,1,3,1,2,19,0,19,1,0,1,20,0,20,2022
111000,"Vergewaltigung, sexuelle N tigung und sexueller  bergriff im besonders schweren Fall einschl. mit Todesfolge    177, 178 StGB",5562032,Recklinghausen,insg.,27,1,26,0,0,0,0,0,0,0,0,0,2,0,2,3,1,2,21,0,21,1,0,1,22,0,22,2022
111000,"Vergewaltigung, sexuelle N tigung und sexueller  bergriff im besonders schweren Fall einschl. mit Todesfolge    177, 178 StGB",9362000,Regensburg,vers.,1,0,1,0,0,0,0,0,0,0,0,0,0,0,0,0,0,0,1,0,1,0,0,0,1,0,1,2022
111000,"Vergewaltigung, sexuelle N tigung und sexueller  bergriff im besonders schweren Fall einschl. mit Todesfolge    177, 178 StGB",9362000,Regensburg,voll.,27,1,26,0,0,0,0,0,0,0,0,0,7,0,7,8,1,7,12,0,12,0,0,0,12,0,12,2022
111000,"Vergewaltigung, sexuelle N tigung und sexueller  bergriff im besonders schweren Fall einschl. mit Todesfolge    177, 178 StGB",9362000,Regensburg,insg.,28,1,27,0,0,0,0,0,0,0,0,0,7,0,7,8,1,7,13,0,13,0,0,0,13,0,13,2022
111000,"Vergewaltigung, sexuelle N tigung und sexueller  bergriff im besonders schweren Fall einschl. mit Todesfolge    177, 178 StGB",5120000,Remscheid,vers.,2,0,2,0,0,0,0,0,0,0,0,0,0,0,0,1,0,1,1,0,1,0,0,0,1,0,1,2022
111000,"Vergewaltigung, sexuelle N tigung und sexueller  bergriff im besonders schweren Fall einschl. mit Todesfolge    177, 178 StGB",5120000,Remscheid,voll.,26,1,25,0,0,0,0,0,0,0,0,0,9,1,8,5,0,5,12,0,12,0,0,0,12,0,12,2022
111000,"Vergewaltigung, sexuelle N tigung und sexueller  bergriff im besonders schweren Fall einschl. mit Todesfolge    177, 178 StGB",5120000,Remscheid,insg.,28,1,27,0,0,0,0,0,0,0,0,0,9,1,8,6,0,6,13,0,13,0,0,0,13,0,13,2022
111000,"Vergewaltigung, sexuelle N tigung und sexueller  bergriff im besonders schweren Fall einschl. mit Todesfolge    177, 178 StGB",8415061,Reutlingen,vers.,0,0,0,0,0,0,0,0,0,0,0,0,0,0,0,0,0,0,0,0,0,0,0,0,0,0,0,2022
111000,"Vergewaltigung, sexuelle N tigung und sexueller  bergriff im besonders schweren Fall einschl. mit Todesfolge    177, 178 StGB",8415061,Reutlingen,voll.,11,0,11,0,0,0,0,0,0,0,0,0,4,0,4,1,0,1,6,0,6,0,0,0,6,0,6,2022
111000,"Vergewaltigung, sexuelle N tigung und sexueller  bergriff im besonders schweren Fall einschl. mit Todesfolge    177, 178 StGB",8415061,Reutlingen,insg.,11,0,11,0,0,0,0,0,0,0,0,0,4,0,4,1,0,1,6,0,6,0,0,0,6,0,6,2022
111000,"Vergewaltigung, sexuelle N tigung und sexueller  bergriff im besonders schweren Fall einschl. mit Todesfolge    177, 178 StGB",13003000,"Rostock, Hanse- und Universit tsstadt",vers.,0,0,0,0,0,0,0,0,0,0,0,0,0,0,0,0,0,0,0,0,0,0,0,0,0,0,0,2022
111000,"Vergewaltigung, sexuelle N tigung und sexueller  bergriff im besonders schweren Fall einschl. mit Todesfolge    177, 178 StGB",13003000,"Rostock, Hanse- und Universit tsstadt",voll.,3,0,3,0,0,0,0,0,0,0,0,0,1,0,1,0,0,0,2,0,2,0,0,0,2,0,2,2022
111000,"Vergewaltigung, sexuelle N tigung und sexueller  bergriff im besonders schweren Fall einschl. mit Todesfolge    177, 178 StGB",13003000,"Rostock, Hanse- und Universit tsstadt",insg.,3,0,3,0,0,0,0,0,0,0,0,0,1,0,1,0,0,0,2,0,2,0,0,0,2,0,2,2022
111000,"Vergewaltigung, sexuelle N tigung und sexueller  bergriff im besonders schweren Fall einschl. mit Todesfolge    177, 178 StGB",10041100,Saarbr cken,vers.,2,0,2,0,0,0,0,0,0,0,0,0,1,0,1,0,0,0,1,0,1,0,0,0,1,0,1,2022
111000,"Vergewaltigung, sexuelle N tigung und sexueller  bergriff im besonders schweren Fall einschl. mit Todesfolge    177, 178 StGB",10041100,Saarbr cken,voll.,38,2,36,0,0,0,0,0,0,0,0,0,4,1,3,8,1,7,25,0,25,1,0,1,26,0,26,2022
111000,"Vergewaltigung, sexuelle N tigung und sexueller  bergriff im besonders schweren Fall einschl. mit Todesfolge    177, 178 StGB",10041100,Saarbr cken,insg.,40,2,38,0,0,0,0,0,0,0,0,0,5,1,4,8,1,7,26,0,26,1,0,1,27,0,27,2022
111000,"Vergewaltigung, sexuelle N tigung und sexueller  bergriff im besonders schweren Fall einschl. mit Todesfolge    177, 178 StGB",3102000,Salzgitter,vers.,1,0,1,0,0,0,0,0,0,0,0,0,0,0,0,0,0,0,1,0,1,0,0,0,1,0,1,2022
111000,"Vergewaltigung, sexuelle N tigung und sexueller  bergriff im besonders schweren Fall einschl. mit Todesfolge    177, 178 StGB",3102000,Salzgitter,voll.,16,0,16,0,0,0,0,0,0,0,0,0,5,0,5,2,0,2,9,0,9,0,0,0,9,0,9,2022
111000,"Vergewaltigung, sexuelle N tigung und sexueller  bergriff im besonders schweren Fall einschl. mit Todesfolge    177, 178 StGB",3102000,Salzgitter,insg.,17,0,17,0,0,0,0,0,0,0,0,0,5,0,5,2,0,2,10,0,10,0,0,0,10,0,10,2022
111000,"Vergewaltigung, sexuelle N tigung und sexueller  bergriff im besonders schweren Fall einschl. mit Todesfolge    177, 178 StGB",13004000,Schwerin,vers.,0,0,0,0,0,0,0,0,0,0,0,0,0,0,0,0,0,0,0,0,0,0,0,0,0,0,0,2022
111000,"Vergewaltigung, sexuelle N tigung und sexueller  bergriff im besonders schweren Fall einschl. mit Todesfolge    177, 178 StGB",13004000,Schwerin,voll.,8,1,7,0,0,0,0,0,0,0,0,0,2,0,2,1,0,1,5,1,4,0,0,0,5,1,4,2022
111000,"Vergewaltigung, sexuelle N tigung und sexueller  bergriff im besonders schweren Fall einschl. mit Todesfolge    177, 178 StGB",13004000,Schwerin,insg.,8,1,7,0,0,0,0,0,0,0,0,0,2,0,2,1,0,1,5,1,4,0,0,0,5,1,4,2022
111000,"Vergewaltigung, sexuelle N tigung und sexueller  bergriff im besonders schweren Fall einschl. mit Todesfolge    177, 178 StGB",5970040,Siegen,vers.,3,0,3,0,0,0,0,0,0,0,0,0,0,0,0,2,0,2,1,0,1,0,0,0,1,0,1,2022
111000,"Vergewaltigung, sexuelle N tigung und sexueller  bergriff im besonders schweren Fall einschl. mit Todesfolge    177, 178 StGB",5970040,Siegen,voll.,15,0,15,0,0,0,0,0,0,0,0,0,4,0,4,2,0,2,9,0,9,0,0,0,9,0,9,2022
111000,"Vergewaltigung, sexuelle N tigung und sexueller  bergriff im besonders schweren Fall einschl. mit Todesfolge    177, 178 StGB",5970040,Siegen,insg.,18,0,18,0,0,0,0,0,0,0,0,0,4,0,4,4,0,4,10,0,10,0,0,0,10,0,10,2022
111000,"Vergewaltigung, sexuelle N tigung und sexueller  bergriff im besonders schweren Fall einschl. mit Todesfolge    177, 178 StGB",5122000,Solingen,vers.,1,0,1,0,0,0,0,0,0,0,0,0,0,0,0,0,0,0,1,0,1,0,0,0,1,0,1,2022
111000,"Vergewaltigung, sexuelle N tigung und sexueller  bergriff im besonders schweren Fall einschl. mit Todesfolge    177, 178 StGB",5122000,Solingen,voll.,24,0,24,0,0,0,0,0,0,0,0,0,9,0,9,4,0,4,9,0,9,2,0,2,11,0,11,2022
111000,"Vergewaltigung, sexuelle N tigung und sexueller  bergriff im besonders schweren Fall einschl. mit Todesfolge    177, 178 StGB",5122000,Solingen,insg.,25,0,25,0,0,0,0,0,0,0,0,0,9,0,9,4,0,4,10,0,10,2,0,2,12,0,12,2022
111000,"Vergewaltigung, sexuelle N tigung und sexueller  bergriff im besonders schweren Fall einschl. mit Todesfolge    177, 178 StGB",8111000,Stuttgart,vers.,11,0,11,0,0,0,0,0,0,0,0,0,3,0,3,0,0,0,8,0,8,0,0,0,8,0,8,2022
111000,"Vergewaltigung, sexuelle N tigung und sexueller  bergriff im besonders schweren Fall einschl. mit Todesfolge    177, 178 StGB",8111000,Stuttgart,voll.,113,6,107,0,0,0,0,0,0,0,0,0,19,0,19,21,1,20,71,5,66,2,0,2,73,5,68,2022
111000,"Vergewaltigung, sexuelle N tigung und sexueller  bergriff im besonders schweren Fall einschl. mit Todesfolge    177, 178 StGB",8111000,Stuttgart,insg.,124,6,118,0,0,0,0,0,0,0,0,0,22,0,22,21,1,20,79,5,74,2,0,2,81,5,76,2022
111000,"Vergewaltigung, sexuelle N tigung und sexueller  bergriff im besonders schweren Fall einschl. mit Todesfolge    177, 178 StGB",7211000,Trier,vers.,0,0,0,0,0,0,0,0,0,0,0,0,0,0,0,0,0,0,0,0,0,0,0,0,0,0,0,2022
111000,"Vergewaltigung, sexuelle N tigung und sexueller  bergriff im besonders schweren Fall einschl. mit Todesfolge    177, 178 StGB",7211000,Trier,voll.,12,0,12,0,0,0,0,0,0,0,0,0,3,0,3,2,0,2,7,0,7,0,0,0,7,0,7,2022
111000,"Vergewaltigung, sexuelle N tigung und sexueller  bergriff im besonders schweren Fall einschl. mit Todesfolge    177, 178 StGB",7211000,Trier,insg.,12,0,12,0,0,0,0,0,0,0,0,0,3,0,3,2,0,2,7,0,7,0,0,0,7,0,7,2022
111000,"Vergewaltigung, sexuelle N tigung und sexueller  bergriff im besonders schweren Fall einschl. mit Todesfolge    177, 178 StGB",8421000,Ulm,vers.,0,0,0,0,0,0,0,0,0,0,0,0,0,0,0,0,0,0,0,0,0,0,0,0,0,0,0,2022
111000,"Vergewaltigung, sexuelle N tigung und sexueller  bergriff im besonders schweren Fall einschl. mit Todesfolge    177, 178 StGB",8421000,Ulm,voll.,32,1,31,0,0,0,0,0,0,0,0,0,7,0,7,7,0,7,18,1,17,0,0,0,18,1,17,2022
111000,"Vergewaltigung, sexuelle N tigung und sexueller  bergriff im besonders schweren Fall einschl. mit Todesfolge    177, 178 StGB",8421000,Ulm,insg.,32,1,31,0,0,0,0,0,0,0,0,0,7,0,7,7,0,7,18,1,17,0,0,0,18,1,17,2022
111000,"Vergewaltigung, sexuelle N tigung und sexueller  bergriff im besonders schweren Fall einschl. mit Todesfolge    177, 178 StGB",6414000,Wiesbaden,vers.,3,0,3,0,0,0,0,0,0,0,0,0,1,0,1,0,0,0,2,0,2,0,0,0,2,0,2,2022
111000,"Vergewaltigung, sexuelle N tigung und sexueller  bergriff im besonders schweren Fall einschl. mit Todesfolge    177, 178 StGB",6414000,Wiesbaden,voll.,45,2,43,0,0,0,2,0,2,2,0,2,11,1,10,8,0,8,23,0,23,1,1,0,24,1,23,2022
111000,"Vergewaltigung, sexuelle N tigung und sexueller  bergriff im besonders schweren Fall einschl. mit Todesfolge    177, 178 StGB",6414000,Wiesbaden,insg.,48,2,46,0,0,0,2,0,2,2,0,2,12,1,11,8,0,8,25,0,25,1,1,0,26,1,25,2022
111000,"Vergewaltigung, sexuelle N tigung und sexueller  bergriff im besonders schweren Fall einschl. mit Todesfolge    177, 178 StGB",3103000,Wolfsburg,vers.,0,0,0,0,0,0,0,0,0,0,0,0,0,0,0,0,0,0,0,0,0,0,0,0,0,0,0,2022
111000,"Vergewaltigung, sexuelle N tigung und sexueller  bergriff im besonders schweren Fall einschl. mit Todesfolge    177, 178 StGB",3103000,Wolfsburg,voll.,26,3,23,0,0,0,0,0,0,0,0,0,4,0,4,3,0,3,19,3,16,0,0,0,19,3,16,2022
111000,"Vergewaltigung, sexuelle N tigung und sexueller  bergriff im besonders schweren Fall einschl. mit Todesfolge    177, 178 StGB",3103000,Wolfsburg,insg.,26,3,23,0,0,0,0,0,0,0,0,0,4,0,4,3,0,3,19,3,16,0,0,0,19,3,16,2022
111000,"Vergewaltigung, sexuelle N tigung und sexueller  bergriff im besonders schweren Fall einschl. mit Todesfolge    177, 178 StGB",5124000,Wuppertal,vers.,5,0,5,0,0,0,0,0,0,0,0,0,0,0,0,1,0,1,4,0,4,0,0,0,4,0,4,2022
111000,"Vergewaltigung, sexuelle N tigung und sexueller  bergriff im besonders schweren Fall einschl. mit Todesfolge    177, 178 StGB",5124000,Wuppertal,voll.,77,7,70,1,0,1,4,2,2,5,2,3,23,2,21,13,0,13,33,1,32,3,2,1,36,3,33,2022
111000,"Vergewaltigung, sexuelle N tigung und sexueller  bergriff im besonders schweren Fall einschl. mit Todesfolge    177, 178 StGB",5124000,Wuppertal,insg.,82,7,75,1,0,1,4,2,2,5,2,3,23,2,21,14,0,14,37,1,36,3,2,1,40,3,37,2022
111000,"Vergewaltigung, sexuelle N tigung und sexueller  bergriff im besonders schweren Fall einschl. mit Todesfolge    177, 178 StGB",9663000,W rzburg,vers.,2,0,2,0,0,0,0,0,0,0,0,0,1,0,1,0,0,0,1,0,1,0,0,0,1,0,1,2022
111000,"Vergewaltigung, sexuelle N tigung und sexueller  bergriff im besonders schweren Fall einschl. mit Todesfolge    177, 178 StGB",9663000,W rzburg,voll.,23,3,20,0,0,0,0,0,0,0,0,0,1,0,1,6,0,6,16,3,13,0,0,0,16,3,13,2022
111000,"Vergewaltigung, sexuelle N tigung und sexueller  bergriff im besonders schweren Fall einschl. mit Todesfolge    177, 178 StGB",9663000,W rzburg,insg.,25,3,22,0,0,0,0,0,0,0,0,0,2,0,2,6,0,6,17,3,14,0,0,0,17,3,14,2022
210000,"Raub, r uberische Erpressung und r uberischer Angriff auf Kraftfahrer    249-252, 255, 316a StGB",5334002,Aachen,vers.,71,44,27,1,1,0,5,1,4,6,2,4,6,4,2,3,3,0,45,29,16,11,6,5,56,35,21,2022
210000,"Raub, r uberische Erpressung und r uberischer Angriff auf Kraftfahrer    249-252, 255, 316a StGB",5334002,Aachen,voll.,241,179,62,0,0,0,4,2,2,4,2,2,22,18,4,26,21,5,157,126,31,32,12,20,189,138,51,2022
210000,"Raub, r uberische Erpressung und r uberischer Angriff auf Kraftfahrer    249-252, 255, 316a StGB",5334002,Aachen,insg.,312,223,89,1,1,0,9,3,6,10,4,6,28,22,6,29,24,5,202,155,47,43,18,25,245,173,72,2022
210000,"Raub, r uberische Erpressung und r uberischer Angriff auf Kraftfahrer    249-252, 255, 316a StGB",9761000,Augsburg,vers.,49,38,11,0,0,0,6,6,0,6,6,0,7,7,0,2,1,1,29,23,6,5,1,4,34,24,10,2022
210000,"Raub, r uberische Erpressung und r uberischer Angriff auf Kraftfahrer    249-252, 255, 316a StGB",9761000,Augsburg,voll.,114,83,31,0,0,0,13,13,0,13,13,0,8,8,0,11,9,2,76,51,25,6,2,4,82,53,29,2022
210000,"Raub, r uberische Erpressung und r uberischer Angriff auf Kraftfahrer    249-252, 255, 316a StGB",9761000,Augsburg,insg.,163,121,42,0,0,0,19,19,0,19,19,0,15,15,0,13,10,3,105,74,31,11,3,8,116,77,39,2022
210000,"Raub, r uberische Erpressung und r uberischer Angriff auf Kraftfahrer    249-252, 255, 316a StGB",5378004,Bergisch Gladbach,vers.,22,14,8,0,0,0,0,0,0,0,0,0,5,4,1,4,3,1,10,6,4,3,1,2,13,7,6,2022
210000,"Raub, r uberische Erpressung und r uberischer Angriff auf Kraftfahrer    249-252, 255, 316a StGB",5378004,Bergisch Gladbach,voll.,52,41,11,0,0,0,3,3,0,3,3,0,21,18,3,4,3,1,23,16,7,1,1,0,24,17,7,2022
210000,"Raub, r uberische Erpressung und r uberischer Angriff auf Kraftfahrer    249-252, 255, 316a StGB",5378004,Bergisch Gladbach,insg.,74,55,19,0,0,0,3,3,0,3,3,0,26,22,4,8,6,2,33,22,11,4,2,2,37,24,13,2022
210000,"Raub, r uberische Erpressung und r uberischer Angriff auf Kraftfahrer    249-252, 255, 316a StGB",11000000,Berlin,vers.,1207,883,324,1,1,0,145,123,22,146,124,22,197,177,20,118,96,22,656,453,203,90,33,57,746,486,260,2022
210000,"Raub, r uberische Erpressung und r uberischer Angriff auf Kraftfahrer    249-252, 255, 316a StGB",11000000,Berlin,voll.,4835,3893,942,1,1,0,273,234,39,274,235,39,1021,956,65,525,476,49,2623,2031,592,392,195,197,3015,2226,789,2022
210000,"Raub, r uberische Erpressung und r uberischer Angriff auf Kraftfahrer    249-252, 255, 316a StGB",11000000,Berlin,insg.,6042,4776,1266,2,2,0,418,357,61,420,359,61,1218,1133,85,643,572,71,3279,2484,795,482,228,254,3761,2712,1049,2022
210000,"Raub, r uberische Erpressung und r uberischer Angriff auf Kraftfahrer    249-252, 255, 316a StGB",5711000,Bielefeld,vers.,43,30,13,0,0,0,1,1,0,1,1,0,2,1,1,7,7,0,27,19,8,6,2,4,33,21,12,2022
210000,"Raub, r uberische Erpressung und r uberischer Angriff auf Kraftfahrer    249-252, 255, 316a StGB",5711000,Bielefeld,voll.,221,167,54,0,0,0,6,3,3,6,3,3,26,18,8,23,16,7,147,117,30,19,13,6,166,130,36,2022
210000,"Raub, r uberische Erpressung und r uberischer Angriff auf Kraftfahrer    249-252, 255, 316a StGB",5711000,Bielefeld,insg.,264,197,67,0,0,0,7,4,3,7,4,3,28,19,9,30,23,7,174,136,38,25,15,10,199,151,48,2022
210000,"Raub, r uberische Erpressung und r uberischer Angriff auf Kraftfahrer    249-252, 255, 316a StGB",5911000,Bochum,vers.,44,32,12,0,0,0,5,4,1,5,4,1,9,8,1,2,2,0,23,14,9,5,4,1,28,18,10,2022
210000,"Raub, r uberische Erpressung und r uberischer Angriff auf Kraftfahrer    249-252, 255, 316a StGB",5911000,Bochum,voll.,209,155,54,0,0,0,14,12,2,14,12,2,34,33,1,18,17,1,119,84,35,24,9,15,143,93,50,2022
210000,"Raub, r uberische Erpressung und r uberischer Angriff auf Kraftfahrer    249-252, 255, 316a StGB",5911000,Bochum,insg.,253,187,66,0,0,0,19,16,3,19,16,3,43,41,2,20,19,1,142,98,44,29,13,16,171,111,60,2022
210000,"Raub, r uberische Erpressung und r uberischer Angriff auf Kraftfahrer    249-252, 255, 316a StGB",5314000,Bonn,vers.,74,52,22,0,0,0,6,6,0,6,6,0,6,5,1,5,5,0,49,32,17,8,4,4,57,36,21,2022
210000,"Raub, r uberische Erpressung und r uberischer Angriff auf Kraftfahrer    249-252, 255, 316a StGB",5314000,Bonn,voll.,328,264,64,0,0,0,16,15,1,16,15,1,53,51,2,38,32,6,196,151,45,25,15,10,221,166,55,2022
210000,"Raub, r uberische Erpressung und r uberischer Angriff auf Kraftfahrer    249-252, 255, 316a StGB",5314000,Bonn,insg.,402,316,86,0,0,0,22,21,1,22,21,1,59,56,3,43,37,6,245,183,62,33,19,14,278,202,76,2022
210000,"Raub, r uberische Erpressung und r uberischer Angriff auf Kraftfahrer    249-252, 255, 316a StGB",5512000,Bottrop,vers.,18,16,2,0,0,0,10,10,0,10,10,0,1,1,0,1,0,1,5,5,0,1,0,1,6,5,1,2022
210000,"Raub, r uberische Erpressung und r uberischer Angriff auf Kraftfahrer    249-252, 255, 316a StGB",5512000,Bottrop,voll.,77,49,28,0,0,0,3,3,0,3,3,0,8,7,1,5,3,2,50,33,17,11,3,8,61,36,25,2022
210000,"Raub, r uberische Erpressung und r uberischer Angriff auf Kraftfahrer    249-252, 255, 316a StGB",5512000,Bottrop,insg.,95,65,30,0,0,0,13,13,0,13,13,0,9,8,1,6,3,3,55,38,17,12,3,9,67,41,26,2022
210000,"Raub, r uberische Erpressung und r uberischer Angriff auf Kraftfahrer    249-252, 255, 316a StGB",3101000,Braunschweig,vers.,24,19,5,0,0,0,1,0,1,1,0,1,4,3,1,5,5,0,14,11,3,0,0,0,14,11,3,2022
210000,"Raub, r uberische Erpressung und r uberischer Angriff auf Kraftfahrer    249-252, 255, 316a StGB",3101000,Braunschweig,voll.,134,106,28,0,0,0,8,6,2,8,6,2,13,12,1,18,15,3,83,68,15,12,5,7,95,73,22,2022
210000,"Raub, r uberische Erpressung und r uberischer Angriff auf Kraftfahrer    249-252, 255, 316a StGB",3101000,Braunschweig,insg.,158,125,33,0,0,0,9,6,3,9,6,3,17,15,2,23,20,3,97,79,18,12,5,7,109,84,25,2022
210000,"Raub, r uberische Erpressung und r uberischer Angriff auf Kraftfahrer    249-252, 255, 316a StGB",4011000,Bremen,vers.,165,108,57,0,0,0,11,10,1,11,10,1,13,12,1,15,12,3,99,62,37,27,12,15,126,74,52,2022
210000,"Raub, r uberische Erpressung und r uberischer Angriff auf Kraftfahrer    249-252, 255, 316a StGB",4011000,Bremen,voll.,783,586,197,1,0,1,20,18,2,21,18,3,70,61,9,61,47,14,531,401,130,100,59,41,631,460,171,2022
210000,"Raub, r uberische Erpressung und r uberischer Angriff auf Kraftfahrer    249-252, 255, 316a StGB",4011000,Bremen,insg.,948,694,254,1,0,1,31,28,3,32,28,4,83,73,10,76,59,17,630,463,167,127,71,56,757,534,223,2022
210000,"Raub, r uberische Erpressung und r uberischer Angriff auf Kraftfahrer    249-252, 255, 316a StGB",4012000,Bremerhaven,vers.,38,25,13,0,0,0,1,1,0,1,1,0,7,4,3,2,2,0,21,12,9,7,6,1,28,18,10,2022
210000,"Raub, r uberische Erpressung und r uberischer Angriff auf Kraftfahrer    249-252, 255, 316a StGB",4012000,Bremerhaven,voll.,189,125,64,0,0,0,4,2,2,4,2,2,7,6,1,7,5,2,154,104,50,17,8,9,171,112,59,2022
210000,"Raub, r uberische Erpressung und r uberischer Angriff auf Kraftfahrer    249-252, 255, 316a StGB",4012000,Bremerhaven,insg.,227,150,77,0,0,0,5,3,2,5,3,2,14,10,4,9,7,2,175,116,59,24,14,10,199,130,69,2022
210000,"Raub, r uberische Erpressung und r uberischer Angriff auf Kraftfahrer    249-252, 255, 316a StGB",14511000,Chemnitz,vers.,35,23,12,0,0,0,1,1,0,1,1,0,7,6,1,1,0,1,19,15,4,7,1,6,26,16,10,2022
210000,"Raub, r uberische Erpressung und r uberischer Angriff auf Kraftfahrer    249-252, 255, 316a StGB",14511000,Chemnitz,voll.,147,112,35,1,0,1,5,5,0,6,5,1,14,12,2,17,15,2,102,76,26,8,4,4,110,80,30,2022
210000,"Raub, r uberische Erpressung und r uberischer Angriff auf Kraftfahrer    249-252, 255, 316a StGB",14511000,Chemnitz,insg.,182,135,47,1,0,1,6,6,0,7,6,1,21,18,3,18,15,3,121,91,30,15,5,10,136,96,40,2022
210000,"Raub, r uberische Erpressung und r uberischer Angriff auf Kraftfahrer    249-252, 255, 316a StGB",12052000,Cottbus,vers.,9,7,2,0,0,0,1,1,0,1,1,0,0,0,0,1,1,0,7,5,2,0,0,0,7,5,2,2022
210000,"Raub, r uberische Erpressung und r uberischer Angriff auf Kraftfahrer    249-252, 255, 316a StGB",12052000,Cottbus,voll.,61,38,23,0,0,0,1,1,0,1,1,0,4,4,0,11,10,1,38,23,15,7,0,7,45,23,22,2022
210000,"Raub, r uberische Erpressung und r uberischer Angriff auf Kraftfahrer    249-252, 255, 316a StGB",12052000,Cottbus,insg.,70,45,25,0,0,0,2,2,0,2,2,0,4,4,0,12,11,1,45,28,17,7,0,7,52,28,24,2022
210000,"Raub, r uberische Erpressung und r uberischer Angriff auf Kraftfahrer    249-252, 255, 316a StGB",6411000,Darmstadt,vers.,23,11,12,0,0,0,1,1,0,1,1,0,4,4,0,4,2,2,11,4,7,3,0,3,14,4,10,2022
210000,"Raub, r uberische Erpressung und r uberischer Angriff auf Kraftfahrer    249-252, 255, 316a StGB",6411000,Darmstadt,voll.,99,76,23,0,0,0,4,3,1,4,3,1,14,12,2,9,8,1,64,49,15,8,4,4,72,53,19,2022
210000,"Raub, r uberische Erpressung und r uberischer Angriff auf Kraftfahrer    249-252, 255, 316a StGB",6411000,Darmstadt,insg.,122,87,35,0,0,0,5,4,1,5,4,1,18,16,2,13,10,3,75,53,22,11,4,7,86,57,29,2022
210000,"Raub, r uberische Erpressung und r uberischer Angriff auf Kraftfahrer    249-252, 255, 316a StGB",5913000,Dortmund,vers.,115,83,32,0,0,0,8,5,3,8,5,3,14,13,1,6,5,1,78,56,22,9,4,5,87,60,27,2022
210000,"Raub, r uberische Erpressung und r uberischer Angriff auf Kraftfahrer    249-252, 255, 316a StGB",5913000,Dortmund,voll.,638,529,109,0,0,0,13,13,0,13,13,0,59,53,6,68,59,9,463,381,82,35,23,12,498,404,94,2022
210000,"Raub, r uberische Erpressung und r uberischer Angriff auf Kraftfahrer    249-252, 255, 316a StGB",5913000,Dortmund,insg.,753,612,141,0,0,0,21,18,3,21,18,3,73,66,7,74,64,10,541,437,104,44,27,17,585,464,121,2022
210000,"Raub, r uberische Erpressung und r uberischer Angriff auf Kraftfahrer    249-252, 255, 316a StGB",14612000,Dresden,vers.,79,67,12,0,0,0,6,6,0,6,6,0,18,18,0,9,9,0,40,30,10,6,4,2,46,34,12,2022
210000,"Raub, r uberische Erpressung und r uberischer Angriff auf Kraftfahrer    249-252, 255, 316a StGB",14612000,Dresden,voll.,386,318,68,0,0,0,16,12,4,16,12,4,92,89,3,37,34,3,216,170,46,25,13,12,241,183,58,2022
210000,"Raub, r uberische Erpressung und r uberischer Angriff auf Kraftfahrer    249-252, 255, 316a StGB",14612000,Dresden,insg.,465,385,80,0,0,0,22,18,4,22,18,4,110,107,3,46,43,3,256,200,56,31,17,14,287,217,70,2022
210000,"Raub, r uberische Erpressung und r uberischer Angriff auf Kraftfahrer    249-252, 255, 316a StGB",5112000,Duisburg,vers.,135,96,39,0,0,0,23,21,2,23,21,2,19,17,2,9,5,4,69,45,24,15,8,7,84,53,31,2022
210000,"Raub, r uberische Erpressung und r uberischer Angriff auf Kraftfahrer    249-252, 255, 316a StGB",5112000,Duisburg,voll.,437,301,136,0,0,0,38,32,6,38,32,6,38,28,10,31,24,7,280,198,82,50,19,31,330,217,113,2022
210000,"Raub, r uberische Erpressung und r uberischer Angriff auf Kraftfahrer    249-252, 255, 316a StGB",5112000,Duisburg,insg.,572,397,175,0,0,0,61,53,8,61,53,8,57,45,12,40,29,11,349,243,106,65,27,38,414,270,144,2022
210000,"Raub, r uberische Erpressung und r uberischer Angriff auf Kraftfahrer    249-252, 255, 316a StGB",5111000,D sseldorf,vers.,118,94,24,0,0,0,6,3,3,6,3,3,7,6,1,12,10,2,78,63,15,15,12,3,93,75,18,2022
210000,"Raub, r uberische Erpressung und r uberischer Angriff auf Kraftfahrer    249-252, 255, 316a StGB",5111000,D sseldorf,voll.,644,485,159,0,0,0,34,22,12,34,22,12,55,45,10,72,56,16,392,315,77,91,47,44,483,362,121,2022
210000,"Raub, r uberische Erpressung und r uberischer Angriff auf Kraftfahrer    249-252, 255, 316a StGB",5111000,D sseldorf,insg.,762,579,183,0,0,0,40,25,15,40,25,15,62,51,11,84,66,18,470,378,92,106,59,47,576,437,139,2022
210000,"Raub, r uberische Erpressung und r uberischer Angriff auf Kraftfahrer    249-252, 255, 316a StGB",16051000,Erfurt,vers.,19,14,5,0,0,0,2,1,1,2,1,1,3,2,1,4,2,2,9,9,0,1,0,1,10,9,1,2022
210000,"Raub, r uberische Erpressung und r uberischer Angriff auf Kraftfahrer    249-252, 255, 316a StGB",16051000,Erfurt,voll.,92,73,19,0,0,0,4,2,2,4,2,2,12,12,0,12,7,5,60,49,11,4,3,1,64,52,12,2022
210000,"Raub, r uberische Erpressung und r uberischer Angriff auf Kraftfahrer    249-252, 255, 316a StGB",16051000,Erfurt,insg.,111,87,24,0,0,0,6,3,3,6,3,3,15,14,1,16,9,7,69,58,11,5,3,2,74,61,13,2022
210000,"Raub, r uberische Erpressung und r uberischer Angriff auf Kraftfahrer    249-252, 255, 316a StGB",9562000,Erlangen,vers.,6,5,1,0,0,0,1,1,0,1,1,0,1,1,0,2,2,0,1,1,0,1,0,1,2,1,1,2022
210000,"Raub, r uberische Erpressung und r uberischer Angriff auf Kraftfahrer    249-252, 255, 316a StGB",9562000,Erlangen,voll.,31,23,8,0,0,0,2,2,0,2,2,0,3,3,0,3,3,0,21,14,7,2,1,1,23,15,8,2022
210000,"Raub, r uberische Erpressung und r uberischer Angriff auf Kraftfahrer    249-252, 255, 316a StGB",9562000,Erlangen,insg.,37,28,9,0,0,0,3,3,0,3,3,0,4,4,0,5,5,0,22,15,7,3,1,2,25,16,9,2022
210000,"Raub, r uberische Erpressung und r uberischer Angriff auf Kraftfahrer    249-252, 255, 316a StGB",5113000,Essen,vers.,118,87,31,0,0,0,7,4,3,7,4,3,21,20,1,9,8,1,62,43,19,19,12,7,81,55,26,2022
210000,"Raub, r uberische Erpressung und r uberischer Angriff auf Kraftfahrer    249-252, 255, 316a StGB",5113000,Essen,voll.,426,320,106,1,1,0,11,11,0,12,12,0,54,47,7,35,26,9,278,210,68,47,25,22,325,235,90,2022
210000,"Raub, r uberische Erpressung und r uberischer Angriff auf Kraftfahrer    249-252, 255, 316a StGB",5113000,Essen,insg.,544,407,137,1,1,0,18,15,3,19,16,3,75,67,8,44,34,10,340,253,87,66,37,29,406,290,116,2022
210000,"Raub, r uberische Erpressung und r uberischer Angriff auf Kraftfahrer    249-252, 255, 316a StGB",6412000,Frankfurt am Main,vers.,176,145,31,0,0,0,4,3,1,4,3,1,16,15,1,10,6,4,129,107,22,17,14,3,146,121,25,2022
210000,"Raub, r uberische Erpressung und r uberischer Angriff auf Kraftfahrer    249-252, 255, 316a StGB",6412000,Frankfurt am Main,voll.,1161,967,194,2,1,1,29,26,3,31,27,4,113,94,19,98,87,11,826,697,129,93,62,31,919,759,160,2022
210000,"Raub, r uberische Erpressung und r uberischer Angriff auf Kraftfahrer    249-252, 255, 316a StGB",6412000,Frankfurt am Main,insg.,1337,1112,225,2,1,1,33,29,4,35,30,5,129,109,20,108,93,15,955,804,151,110,76,34,1065,880,185,2022
210000,"Raub, r uberische Erpressung und r uberischer Angriff auf Kraftfahrer    249-252, 255, 316a StGB",8311000,Freiburg im Breisgau,vers.,27,22,5,0,0,0,5,5,0,5,5,0,4,4,0,3,3,0,14,10,4,1,0,1,15,10,5,2022
210000,"Raub, r uberische Erpressung und r uberischer Angriff auf Kraftfahrer    249-252, 255, 316a StGB",8311000,Freiburg im Breisgau,voll.,126,102,24,2,2,0,2,2,0,4,4,0,10,9,1,18,17,1,84,67,17,10,5,5,94,72,22,2022
210000,"Raub, r uberische Erpressung und r uberischer Angriff auf Kraftfahrer    249-252, 255, 316a StGB",8311000,Freiburg im Breisgau,insg.,153,124,29,2,2,0,7,7,0,9,9,0,14,13,1,21,20,1,98,77,21,11,5,6,109,82,27,2022
210000,"Raub, r uberische Erpressung und r uberischer Angriff auf Kraftfahrer    249-252, 255, 316a StGB",9563000,F rth,vers.,6,3,3,0,0,0,0,0,0,0,0,0,0,0,0,0,0,0,6,3,3,0,0,0,6,3,3,2022
210000,"Raub, r uberische Erpressung und r uberischer Angriff auf Kraftfahrer    249-252, 255, 316a StGB",9563000,F rth,voll.,32,22,10,0,0,0,1,1,0,1,1,0,6,6,0,2,1,1,15,9,6,8,5,3,23,14,9,2022
210000,"Raub, r uberische Erpressung und r uberischer Angriff auf Kraftfahrer    249-252, 255, 316a StGB",9563000,F rth,insg.,38,25,13,0,0,0,1,1,0,1,1,0,6,6,0,2,1,1,21,12,9,8,5,3,29,17,12,2022
210000,"Raub, r uberische Erpressung und r uberischer Angriff auf Kraftfahrer    249-252, 255, 316a StGB",5513000,Gelsenkirchen,vers.,73,53,20,0,0,0,12,12,0,12,12,0,13,12,1,3,3,0,38,21,17,7,5,2,45,26,19,2022
210000,"Raub, r uberische Erpressung und r uberischer Angriff auf Kraftfahrer    249-252, 255, 316a StGB",5513000,Gelsenkirchen,voll.,239,176,63,0,0,0,24,22,2,24,22,2,53,46,7,19,16,3,120,81,39,23,11,12,143,92,51,2022
210000,"Raub, r uberische Erpressung und r uberischer Angriff auf Kraftfahrer    249-252, 255, 316a StGB",5513000,Gelsenkirchen,insg.,312,229,83,0,0,0,36,34,2,36,34,2,66,58,8,22,19,3,158,102,56,30,16,14,188,118,70,2022
210000,"Raub, r uberische Erpressung und r uberischer Angriff auf Kraftfahrer    249-252, 255, 316a StGB",3159016,G ttingen,vers.,17,12,5,0,0,0,1,1,0,1,1,0,2,2,0,3,1,2,11,8,3,0,0,0,11,8,3,2022
210000,"Raub, r uberische Erpressung und r uberischer Angriff auf Kraftfahrer    249-252, 255, 316a StGB",3159016,G ttingen,voll.,74,53,21,0,0,0,1,1,0,1,1,0,11,11,0,9,8,1,50,32,18,3,1,2,53,33,20,2022
210000,"Raub, r uberische Erpressung und r uberischer Angriff auf Kraftfahrer    249-252, 255, 316a StGB",3159016,G ttingen,insg.,91,65,26,0,0,0,2,2,0,2,2,0,13,13,0,12,9,3,61,40,21,3,1,2,64,41,23,2022
210000,"Raub, r uberische Erpressung und r uberischer Angriff auf Kraftfahrer    249-252, 255, 316a StGB",5754008,G tersloh,vers.,25,17,8,0,0,0,1,1,0,1,1,0,8,8,0,1,1,0,12,6,6,3,1,2,15,7,8,2022
210000,"Raub, r uberische Erpressung und r uberischer Angriff auf Kraftfahrer    249-252, 255, 316a StGB",5754008,G tersloh,voll.,61,46,15,0,0,0,3,3,0,3,3,0,10,10,0,6,5,1,32,26,6,10,2,8,42,28,14,2022
210000,"Raub, r uberische Erpressung und r uberischer Angriff auf Kraftfahrer    249-252, 255, 316a StGB",5754008,G tersloh,insg.,86,63,23,0,0,0,4,4,0,4,4,0,18,18,0,7,6,1,44,32,12,13,3,10,57,35,22,2022
210000,"Raub, r uberische Erpressung und r uberischer Angriff auf Kraftfahrer    249-252, 255, 316a StGB",5914000,Hagen,vers.,66,48,18,0,0,0,8,8,0,8,8,0,3,3,0,9,8,1,41,27,14,5,2,3,46,29,17,2022
210000,"Raub, r uberische Erpressung und r uberischer Angriff auf Kraftfahrer    249-252, 255, 316a StGB",5914000,Hagen,voll.,223,171,52,1,1,0,9,5,4,10,6,4,27,26,1,32,28,4,142,103,39,12,8,4,154,111,43,2022
210000,"Raub, r uberische Erpressung und r uberischer Angriff auf Kraftfahrer    249-252, 255, 316a StGB",5914000,Hagen,insg.,289,219,70,1,1,0,17,13,4,18,14,4,30,29,1,41,36,5,183,130,53,17,10,7,200,140,60,2022
210000,"Raub, r uberische Erpressung und r uberischer Angriff auf Kraftfahrer    249-252, 255, 316a StGB",15002000,Halle (Saale),vers.,85,74,11,0,0,0,14,13,1,14,13,1,23,21,2,11,10,1,32,28,4,5,2,3,37,30,7,2022
210000,"Raub, r uberische Erpressung und r uberischer Angriff auf Kraftfahrer    249-252, 255, 316a StGB",15002000,Halle (Saale),voll.,294,247,47,0,0,0,34,33,1,34,33,1,78,72,6,46,46,0,121,90,31,15,6,9,136,96,40,2022
210000,"Raub, r uberische Erpressung und r uberischer Angriff auf Kraftfahrer    249-252, 255, 316a StGB",15002000,Halle (Saale),insg.,379,321,58,0,0,0,48,46,2,48,46,2,101,93,8,57,56,1,153,118,35,20,8,12,173,126,47,2022
210000,"Raub, r uberische Erpressung und r uberischer Angriff auf Kraftfahrer    249-252, 255, 316a StGB",2000000,Hamburg,vers.,430,352,78,0,0,0,44,36,8,44,36,8,56,54,2,40,37,3,265,208,57,25,17,8,290,225,65,2022
210000,"Raub, r uberische Erpressung und r uberischer Angriff auf Kraftfahrer    249-252, 255, 316a StGB",2000000,Hamburg,voll.,1490,1221,269,1,1,0,62,47,15,63,48,15,154,140,14,128,115,13,1052,856,196,93,62,31,1145,918,227,2022
210000,"Raub, r uberische Erpressung und r uberischer Angriff auf Kraftfahrer    249-252, 255, 316a StGB",2000000,Hamburg,insg.,1920,1573,347,1,1,0,106,83,23,107,84,23,210,194,16,168,152,16,1317,1064,253,118,79,39,1435,1143,292,2022
210000,"Raub, r uberische Erpressung und r uberischer Angriff auf Kraftfahrer    249-252, 255, 316a StGB",5915000,Hamm,vers.,43,33,10,0,0,0,0,0,0,0,0,0,1,1,0,3,3,0,33,24,9,6,5,1,39,29,10,2022
210000,"Raub, r uberische Erpressung und r uberischer Angriff auf Kraftfahrer    249-252, 255, 316a StGB",5915000,Hamm,voll.,156,121,35,0,0,0,0,0,0,0,0,0,24,19,5,19,15,4,105,84,21,8,3,5,113,87,26,2022
210000,"Raub, r uberische Erpressung und r uberischer Angriff auf Kraftfahrer    249-252, 255, 316a StGB",5915000,Hamm,insg.,199,154,45,0,0,0,0,0,0,0,0,0,25,20,5,22,18,4,138,108,30,14,8,6,152,116,36,2022
210000,"Raub, r uberische Erpressung und r uberischer Angriff auf Kraftfahrer    249-252, 255, 316a StGB",6435014,Hanau,vers.,7,5,2,0,0,0,1,0,1,1,0,1,1,1,0,0,0,0,5,4,1,0,0,0,5,4,1,2022
210000,"Raub, r uberische Erpressung und r uberischer Angriff auf Kraftfahrer    249-252, 255, 316a StGB",6435014,Hanau,voll.,33,26,7,0,0,0,2,2,0,2,2,0,1,1,0,3,2,1,27,21,6,0,0,0,27,21,6,2022
210000,"Raub, r uberische Erpressung und r uberischer Angriff auf Kraftfahrer    249-252, 255, 316a StGB",6435014,Hanau,insg.,40,31,9,0,0,0,3,2,1,3,2,1,2,2,0,3,2,1,32,25,7,0,0,0,32,25,7,2022
210000,"Raub, r uberische Erpressung und r uberischer Angriff auf Kraftfahrer    249-252, 255, 316a StGB",3241001,Hannover,vers.,163,122,41,0,0,0,9,8,1,9,8,1,29,29,0,7,6,1,104,73,31,14,6,8,118,79,39,2022
210000,"Raub, r uberische Erpressung und r uberischer Angriff auf Kraftfahrer    249-252, 255, 316a StGB",3241001,Hannover,voll.,713,590,123,0,0,0,19,16,3,19,16,3,84,79,5,67,53,14,507,418,89,36,24,12,543,442,101,2022
210000,"Raub, r uberische Erpressung und r uberischer Angriff auf Kraftfahrer    249-252, 255, 316a StGB",3241001,Hannover,insg.,876,712,164,0,0,0,28,24,4,28,24,4,113,108,5,74,59,15,611,491,120,50,30,20,661,521,140,2022
210000,"Raub, r uberische Erpressung und r uberischer Angriff auf Kraftfahrer    249-252, 255, 316a StGB",8221000,Heidelberg,vers.,22,18,4,0,0,0,0,0,0,0,0,0,1,1,0,1,1,0,19,15,4,1,1,0,20,16,4,2022
210000,"Raub, r uberische Erpressung und r uberischer Angriff auf Kraftfahrer    249-252, 255, 316a StGB",8221000,Heidelberg,voll.,75,63,12,0,0,0,2,1,1,2,1,1,9,8,1,9,8,1,50,43,7,5,3,2,55,46,9,2022
210000,"Raub, r uberische Erpressung und r uberischer Angriff auf Kraftfahrer    249-252, 255, 316a StGB",8221000,Heidelberg,insg.,97,81,16,0,0,0,2,1,1,2,1,1,10,9,1,10,9,1,69,58,11,6,4,2,75,62,13,2022
210000,"Raub, r uberische Erpressung und r uberischer Angriff auf Kraftfahrer    249-252, 255, 316a StGB",8121000,Heilbronn,vers.,11,7,4,0,0,0,1,1,0,1,1,0,1,1,0,1,1,0,8,4,4,0,0,0,8,4,4,2022
210000,"Raub, r uberische Erpressung und r uberischer Angriff auf Kraftfahrer    249-252, 255, 316a StGB",8121000,Heilbronn,voll.,44,29,15,0,0,0,0,0,0,0,0,0,4,3,1,2,2,0,30,19,11,8,5,3,38,24,14,2022
210000,"Raub, r uberische Erpressung und r uberischer Angriff auf Kraftfahrer    249-252, 255, 316a StGB",8121000,Heilbronn,insg.,55,36,19,0,0,0,1,1,0,1,1,0,5,4,1,3,3,0,38,23,15,8,5,3,46,28,18,2022
210000,"Raub, r uberische Erpressung und r uberischer Angriff auf Kraftfahrer    249-252, 255, 316a StGB",5916000,Herne,vers.,15,8,7,0,0,0,1,0,1,1,0,1,6,6,0,0,0,0,7,2,5,1,0,1,8,2,6,2022
210000,"Raub, r uberische Erpressung und r uberischer Angriff auf Kraftfahrer    249-252, 255, 316a StGB",5916000,Herne,voll.,117,84,33,0,0,0,3,3,0,3,3,0,18,16,2,15,14,1,67,45,22,14,6,8,81,51,30,2022
210000,"Raub, r uberische Erpressung und r uberischer Angriff auf Kraftfahrer    249-252, 255, 316a StGB",5916000,Herne,insg.,132,92,40,0,0,0,4,3,1,4,3,1,24,22,2,15,14,1,74,47,27,15,6,9,89,53,36,2022
210000,"Raub, r uberische Erpressung und r uberischer Angriff auf Kraftfahrer    249-252, 255, 316a StGB",3254021,Hildesheim,vers.,15,14,1,0,0,0,2,2,0,2,2,0,1,1,0,2,2,0,9,8,1,1,1,0,10,9,1,2022
210000,"Raub, r uberische Erpressung und r uberischer Angriff auf Kraftfahrer    249-252, 255, 316a StGB",3254021,Hildesheim,voll.,65,56,9,0,0,0,5,5,0,5,5,0,17,16,1,5,4,1,35,28,7,3,3,0,38,31,7,2022
210000,"Raub, r uberische Erpressung und r uberischer Angriff auf Kraftfahrer    249-252, 255, 316a StGB",3254021,Hildesheim,insg.,80,70,10,0,0,0,7,7,0,7,7,0,18,17,1,7,6,1,44,36,8,4,4,0,48,40,8,2022
210000,"Raub, r uberische Erpressung und r uberischer Angriff auf Kraftfahrer    249-252, 255, 316a StGB",9161000,Ingolstadt,vers.,8,6,2,0,0,0,0,0,0,0,0,0,0,0,0,3,3,0,4,2,2,1,1,0,5,3,2,2022
210000,"Raub, r uberische Erpressung und r uberischer Angriff auf Kraftfahrer    249-252, 255, 316a StGB",9161000,Ingolstadt,voll.,35,24,11,0,0,0,1,1,0,1,1,0,9,8,1,3,3,0,20,10,10,2,2,0,22,12,10,2022
210000,"Raub, r uberische Erpressung und r uberischer Angriff auf Kraftfahrer    249-252, 255, 316a StGB",9161000,Ingolstadt,insg.,43,30,13,0,0,0,1,1,0,1,1,0,9,8,1,6,6,0,24,12,12,3,3,0,27,15,12,2022
210000,"Raub, r uberische Erpressung und r uberischer Angriff auf Kraftfahrer    249-252, 255, 316a StGB",16053000,Jena,vers.,4,3,1,0,0,0,0,0,0,0,0,0,0,0,0,0,0,0,3,3,0,1,0,1,4,3,1,2022
210000,"Raub, r uberische Erpressung und r uberischer Angriff auf Kraftfahrer    249-252, 255, 316a StGB",16053000,Jena,voll.,32,28,4,0,0,0,0,0,0,0,0,0,5,5,0,7,5,2,20,18,2,0,0,0,20,18,2,2022
210000,"Raub, r uberische Erpressung und r uberischer Angriff auf Kraftfahrer    249-252, 255, 316a StGB",16053000,Jena,insg.,36,31,5,0,0,0,0,0,0,0,0,0,5,5,0,7,5,2,23,21,2,1,0,1,24,21,3,2022
210000,"Raub, r uberische Erpressung und r uberischer Angriff auf Kraftfahrer    249-252, 255, 316a StGB",7312000,Kaiserslautern,vers.,8,4,4,0,0,0,0,0,0,0,0,0,0,0,0,0,0,0,6,3,3,2,1,1,8,4,4,2022
210000,"Raub, r uberische Erpressung und r uberischer Angriff auf Kraftfahrer    249-252, 255, 316a StGB",7312000,Kaiserslautern,voll.,36,21,15,0,0,0,1,1,0,1,1,0,4,4,0,1,0,1,25,16,9,5,0,5,30,16,14,2022
210000,"Raub, r uberische Erpressung und r uberischer Angriff auf Kraftfahrer    249-252, 255, 316a StGB",7312000,Kaiserslautern,insg.,44,25,19,0,0,0,1,1,0,1,1,0,4,4,0,1,0,1,31,19,12,7,1,6,38,20,18,2022
210000,"Raub, r uberische Erpressung und r uberischer Angriff auf Kraftfahrer    249-252, 255, 316a StGB",8212000,Karlsruhe,vers.,32,18,14,0,0,0,0,0,0,0,0,0,4,1,3,1,1,0,25,15,10,2,1,1,27,16,11,2022
210000,"Raub, r uberische Erpressung und r uberischer Angriff auf Kraftfahrer    249-252, 255, 316a StGB",8212000,Karlsruhe,voll.,157,122,35,1,1,0,9,5,4,10,6,4,18,17,1,14,13,1,108,82,26,7,4,3,115,86,29,2022
210000,"Raub, r uberische Erpressung und r uberischer Angriff auf Kraftfahrer    249-252, 255, 316a StGB",8212000,Karlsruhe,insg.,189,140,49,1,1,0,9,5,4,10,6,4,22,18,4,15,14,1,133,97,36,9,5,4,142,102,40,2022
210000,"Raub, r uberische Erpressung und r uberischer Angriff auf Kraftfahrer    249-252, 255, 316a StGB",6611000,Kassel,vers.,45,30,15,0,0,0,1,0,1,1,0,1,1,1,0,3,3,0,30,21,9,10,5,5,40,26,14,2022
210000,"Raub, r uberische Erpressung und r uberischer Angriff auf Kraftfahrer    249-252, 255, 316a StGB",6611000,Kassel,voll.,180,132,48,1,1,0,0,0,0,1,1,0,10,9,1,16,15,1,136,92,44,17,15,2,153,107,46,2022
210000,"Raub, r uberische Erpressung und r uberischer Angriff auf Kraftfahrer    249-252, 255, 316a StGB",6611000,Kassel,insg.,225,162,63,1,1,0,1,0,1,2,1,1,11,10,1,19,18,1,166,113,53,27,20,7,193,133,60,2022
210000,"Raub, r uberische Erpressung und r uberischer Angriff auf Kraftfahrer    249-252, 255, 316a StGB",1002000,Kiel,vers.,59,39,20,0,0,0,4,2,2,4,2,2,1,1,0,5,4,1,47,31,16,2,1,1,49,32,17,2022
210000,"Raub, r uberische Erpressung und r uberischer Angriff auf Kraftfahrer    249-252, 255, 316a StGB",1002000,Kiel,voll.,168,135,33,0,0,0,9,8,1,9,8,1,18,17,1,10,9,1,119,94,25,12,7,5,131,101,30,2022
210000,"Raub, r uberische Erpressung und r uberischer Angriff auf Kraftfahrer    249-252, 255, 316a StGB",1002000,Kiel,insg.,227,174,53,0,0,0,13,10,3,13,10,3,19,18,1,15,13,2,166,125,41,14,8,6,180,133,47,2022
210000,"Raub, r uberische Erpressung und r uberischer Angriff auf Kraftfahrer    249-252, 255, 316a StGB",7111000,Koblenz,vers.,18,10,8,0,0,0,0,0,0,0,0,0,3,2,1,0,0,0,13,7,6,2,1,1,15,8,7,2022
210000,"Raub, r uberische Erpressung und r uberischer Angriff auf Kraftfahrer    249-252, 255, 316a StGB",7111000,Koblenz,voll.,87,72,15,0,0,0,2,1,1,2,1,1,27,25,2,7,7,0,47,35,12,4,4,0,51,39,12,2022
210000,"Raub, r uberische Erpressung und r uberischer Angriff auf Kraftfahrer    249-252, 255, 316a StGB",7111000,Koblenz,insg.,105,82,23,0,0,0,2,1,1,2,1,1,30,27,3,7,7,0,60,42,18,6,5,1,66,47,19,2022
210000,"Raub, r uberische Erpressung und r uberischer Angriff auf Kraftfahrer    249-252, 255, 316a StGB",5315000,K ln,vers.,314,224,90,0,0,0,34,29,5,34,29,5,40,32,8,24,20,4,187,124,63,29,19,10,216,143,73,2022
210000,"Raub, r uberische Erpressung und r uberischer Angriff auf Kraftfahrer    249-252, 255, 316a StGB",5315000,K ln,voll.,1154,911,243,0,0,0,52,45,7,52,45,7,146,127,19,93,78,15,772,610,162,91,51,40,863,661,202,2022
210000,"Raub, r uberische Erpressung und r uberischer Angriff auf Kraftfahrer    249-252, 255, 316a StGB",5315000,K ln,insg.,1468,1135,333,0,0,0,86,74,12,86,74,12,186,159,27,117,98,19,959,734,225,120,70,50,1079,804,275,2022
210000,"Raub, r uberische Erpressung und r uberischer Angriff auf Kraftfahrer    249-252, 255, 316a StGB",5114000,Krefeld,vers.,49,38,11,0,0,0,4,4,0,4,4,0,6,4,2,6,6,0,29,22,7,4,2,2,33,24,9,2022
210000,"Raub, r uberische Erpressung und r uberischer Angriff auf Kraftfahrer    249-252, 255, 316a StGB",5114000,Krefeld,voll.,247,175,72,1,1,0,19,18,1,20,19,1,17,16,1,19,14,5,147,102,45,44,24,20,191,126,65,2022
210000,"Raub, r uberische Erpressung und r uberischer Angriff auf Kraftfahrer    249-252, 255, 316a StGB",5114000,Krefeld,insg.,296,213,83,1,1,0,23,22,1,24,23,1,23,20,3,25,20,5,176,124,52,48,26,22,224,150,74,2022
210000,"Raub, r uberische Erpressung und r uberischer Angriff auf Kraftfahrer    249-252, 255, 316a StGB",14713000,Leipzig,vers.,100,77,23,0,0,0,8,8,0,8,8,0,19,19,0,8,7,1,60,42,18,5,1,4,65,43,22,2022
210000,"Raub, r uberische Erpressung und r uberischer Angriff auf Kraftfahrer    249-252, 255, 316a StGB",14713000,Leipzig,voll.,430,351,79,0,0,0,11,9,2,11,9,2,81,73,8,46,43,3,275,218,57,17,8,9,292,226,66,2022
210000,"Raub, r uberische Erpressung und r uberischer Angriff auf Kraftfahrer    249-252, 255, 316a StGB",14713000,Leipzig,insg.,530,428,102,0,0,0,19,17,2,19,17,2,100,92,8,54,50,4,335,260,75,22,9,13,357,269,88,2022
210000,"Raub, r uberische Erpressung und r uberischer Angriff auf Kraftfahrer    249-252, 255, 316a StGB",5316000,Leverkusen,vers.,27,23,4,0,0,0,8,8,0,8,8,0,5,5,0,1,1,0,13,9,4,0,0,0,13,9,4,2022
210000,"Raub, r uberische Erpressung und r uberischer Angriff auf Kraftfahrer    249-252, 255, 316a StGB",5316000,Leverkusen,voll.,94,68,26,0,0,0,6,6,0,6,6,0,16,14,2,9,9,0,55,36,19,8,3,5,63,39,24,2022
210000,"Raub, r uberische Erpressung und r uberischer Angriff auf Kraftfahrer    249-252, 255, 316a StGB",5316000,Leverkusen,insg.,121,91,30,0,0,0,14,14,0,14,14,0,21,19,2,10,10,0,68,45,23,8,3,5,76,48,28,2022
210000,"Raub, r uberische Erpressung und r uberischer Angriff auf Kraftfahrer    249-252, 255, 316a StGB",1003000,L beck,vers.,32,24,8,0,0,0,1,1,0,1,1,0,5,5,0,5,3,2,20,14,6,1,1,0,21,15,6,2022
210000,"Raub, r uberische Erpressung und r uberischer Angriff auf Kraftfahrer    249-252, 255, 316a StGB",1003000,L beck,voll.,102,83,19,0,0,0,2,2,0,2,2,0,17,16,1,11,11,0,64,49,15,8,5,3,72,54,18,2022
210000,"Raub, r uberische Erpressung und r uberischer Angriff auf Kraftfahrer    249-252, 255, 316a StGB",1003000,L beck,insg.,134,107,27,0,0,0,3,3,0,3,3,0,22,21,1,16,14,2,84,63,21,9,6,3,93,69,24,2022
210000,"Raub, r uberische Erpressung und r uberischer Angriff auf Kraftfahrer    249-252, 255, 316a StGB",7314000,Ludwigshafen am Rhein,vers.,47,34,13,0,0,0,9,6,3,9,6,3,8,8,0,5,4,1,23,16,7,2,0,2,25,16,9,2022
210000,"Raub, r uberische Erpressung und r uberischer Angriff auf Kraftfahrer    249-252, 255, 316a StGB",7314000,Ludwigshafen am Rhein,voll.,141,118,23,0,0,0,35,29,6,35,29,6,34,34,0,8,7,1,56,43,13,8,5,3,64,48,16,2022
210000,"Raub, r uberische Erpressung und r uberischer Angriff auf Kraftfahrer    249-252, 255, 316a StGB",7314000,Ludwigshafen am Rhein,insg.,188,152,36,0,0,0,44,35,9,44,35,9,42,42,0,13,11,2,79,59,20,10,5,5,89,64,25,2022
210000,"Raub, r uberische Erpressung und r uberischer Angriff auf Kraftfahrer    249-252, 255, 316a StGB",15003000,Magdeburg,vers.,59,50,9,0,0,0,13,13,0,13,13,0,11,9,2,7,7,0,21,18,3,7,3,4,28,21,7,2022
210000,"Raub, r uberische Erpressung und r uberischer Angriff auf Kraftfahrer    249-252, 255, 316a StGB",15003000,Magdeburg,voll.,218,176,42,0,0,0,9,7,2,9,7,2,50,44,6,25,23,2,110,92,18,24,10,14,134,102,32,2022
210000,"Raub, r uberische Erpressung und r uberischer Angriff auf Kraftfahrer    249-252, 255, 316a StGB",15003000,Magdeburg,insg.,277,226,51,0,0,0,22,20,2,22,20,2,61,53,8,32,30,2,131,110,21,31,13,18,162,123,39,2022
210000,"Raub, r uberische Erpressung und r uberischer Angriff auf Kraftfahrer    249-252, 255, 316a StGB",7315000,Mainz,vers.,28,24,4,0,0,0,2,2,0,2,2,0,4,4,0,4,4,0,16,12,4,2,2,0,18,14,4,2022
210000,"Raub, r uberische Erpressung und r uberischer Angriff auf Kraftfahrer    249-252, 255, 316a StGB",7315000,Mainz,voll.,115,89,26,0,0,0,5,5,0,5,5,0,23,23,0,14,13,1,60,43,17,13,5,8,73,48,25,2022
210000,"Raub, r uberische Erpressung und r uberischer Angriff auf Kraftfahrer    249-252, 255, 316a StGB",7315000,Mainz,insg.,143,113,30,0,0,0,7,7,0,7,7,0,27,27,0,18,17,1,76,55,21,15,7,8,91,62,29,2022
210000,"Raub, r uberische Erpressung und r uberischer Angriff auf Kraftfahrer    249-252, 255, 316a StGB",8222000,Mannheim,vers.,46,36,10,1,1,0,12,12,0,13,13,0,4,3,1,5,3,2,21,16,5,3,1,2,24,17,7,2022
210000,"Raub, r uberische Erpressung und r uberischer Angriff auf Kraftfahrer    249-252, 255, 316a StGB",8222000,Mannheim,voll.,150,122,28,0,0,0,4,4,0,4,4,0,11,11,0,13,11,2,109,86,23,13,10,3,122,96,26,2022
210000,"Raub, r uberische Erpressung und r uberischer Angriff auf Kraftfahrer    249-252, 255, 316a StGB",8222000,Mannheim,insg.,196,158,38,1,1,0,16,16,0,17,17,0,15,14,1,18,14,4,130,102,28,16,11,5,146,113,33,2022
210000,"Raub, r uberische Erpressung und r uberischer Angriff auf Kraftfahrer    249-252, 255, 316a StGB",5170024,Moers,vers.,11,10,1,0,0,0,1,1,0,1,1,0,2,2,0,0,0,0,5,4,1,3,3,0,8,7,1,2022
210000,"Raub, r uberische Erpressung und r uberischer Angriff auf Kraftfahrer    249-252, 255, 316a StGB",5170024,Moers,voll.,50,40,10,0,0,0,1,0,1,1,0,1,16,16,0,4,4,0,28,19,9,1,1,0,29,20,9,2022
210000,"Raub, r uberische Erpressung und r uberischer Angriff auf Kraftfahrer    249-252, 255, 316a StGB",5170024,Moers,insg.,61,50,11,0,0,0,2,1,1,2,1,1,18,18,0,4,4,0,33,23,10,4,4,0,37,27,10,2022
210000,"Raub, r uberische Erpressung und r uberischer Angriff auf Kraftfahrer    249-252, 255, 316a StGB",5116000,M nchengladbach,vers.,69,56,13,0,0,0,16,16,0,16,16,0,15,15,0,6,4,2,26,19,7,6,2,4,32,21,11,2022
210000,"Raub, r uberische Erpressung und r uberischer Angriff auf Kraftfahrer    249-252, 255, 316a StGB",5116000,M nchengladbach,voll.,263,222,41,0,0,0,29,29,0,29,29,0,61,56,5,27,26,1,125,100,25,21,11,10,146,111,35,2022
210000,"Raub, r uberische Erpressung und r uberischer Angriff auf Kraftfahrer    249-252, 255, 316a StGB",5116000,M nchengladbach,insg.,332,278,54,0,0,0,45,45,0,45,45,0,76,71,5,33,30,3,151,119,32,27,13,14,178,132,46,2022
210000,"Raub, r uberische Erpressung und r uberischer Angriff auf Kraftfahrer    249-252, 255, 316a StGB",5117000,M lheim an der Ruhr,vers.,38,28,10,0,0,0,5,4,1,5,4,1,8,6,2,4,4,0,19,12,7,2,2,0,21,14,7,2022
210000,"Raub, r uberische Erpressung und r uberischer Angriff auf Kraftfahrer    249-252, 255, 316a StGB",5117000,M lheim an der Ruhr,voll.,80,61,19,0,0,0,6,6,0,6,6,0,13,13,0,5,3,2,49,36,13,7,3,4,56,39,17,2022
210000,"Raub, r uberische Erpressung und r uberischer Angriff auf Kraftfahrer    249-252, 255, 316a StGB",5117000,M lheim an der Ruhr,insg.,118,89,29,0,0,0,11,10,1,11,10,1,21,19,2,9,7,2,68,48,20,9,5,4,77,53,24,2022
210000,"Raub, r uberische Erpressung und r uberischer Angriff auf Kraftfahrer    249-252, 255, 316a StGB",9162000,M nchen,vers.,194,162,32,1,1,0,22,18,4,23,19,4,33,28,5,13,13,0,111,91,20,14,11,3,125,102,23,2022
210000,"Raub, r uberische Erpressung und r uberischer Angriff auf Kraftfahrer    249-252, 255, 316a StGB",9162000,M nchen,voll.,593,458,135,2,2,0,20,16,4,22,18,4,72,65,7,55,45,10,402,309,93,42,21,21,444,330,114,2022
210000,"Raub, r uberische Erpressung und r uberischer Angriff auf Kraftfahrer    249-252, 255, 316a StGB",9162000,M nchen,insg.,787,620,167,3,3,0,42,34,8,45,37,8,105,93,12,68,58,10,513,400,113,56,32,24,569,432,137,2022
210000,"Raub, r uberische Erpressung und r uberischer Angriff auf Kraftfahrer    249-252, 255, 316a StGB",5515000,M nster,vers.,65,48,17,0,0,0,6,6,0,6,6,0,6,4,2,5,4,1,46,32,14,2,2,0,48,34,14,2022
210000,"Raub, r uberische Erpressung und r uberischer Angriff auf Kraftfahrer    249-252, 255, 316a StGB",5515000,M nster,voll.,293,222,71,0,0,0,9,7,2,9,7,2,32,29,3,32,28,4,198,148,50,22,10,12,220,158,62,2022
210000,"Raub, r uberische Erpressung und r uberischer Angriff auf Kraftfahrer    249-252, 255, 316a StGB",5515000,M nster,insg.,358,270,88,0,0,0,15,13,2,15,13,2,38,33,5,37,32,5,244,180,64,24,12,12,268,192,76,2022
210000,"Raub, r uberische Erpressung und r uberischer Angriff auf Kraftfahrer    249-252, 255, 316a StGB",5162024,Neuss,vers.,15,12,3,0,0,0,0,0,0,0,0,0,0,0,0,1,1,0,11,8,3,3,3,0,14,11,3,2022
210000,"Raub, r uberische Erpressung und r uberischer Angriff auf Kraftfahrer    249-252, 255, 316a StGB",5162024,Neuss,voll.,74,55,19,0,0,0,7,5,2,7,5,2,3,3,0,8,6,2,54,39,15,2,2,0,56,41,15,2022
210000,"Raub, r uberische Erpressung und r uberischer Angriff auf Kraftfahrer    249-252, 255, 316a StGB",5162024,Neuss,insg.,89,67,22,0,0,0,7,5,2,7,5,2,3,3,0,9,7,2,65,47,18,5,5,0,70,52,18,2022
210000,"Raub, r uberische Erpressung und r uberischer Angriff auf Kraftfahrer    249-252, 255, 316a StGB",9564000,N rnberg,vers.,58,45,13,0,0,0,5,5,0,5,5,0,5,5,0,5,4,1,40,30,10,3,1,2,43,31,12,2022
210000,"Raub, r uberische Erpressung und r uberischer Angriff auf Kraftfahrer    249-252, 255, 316a StGB",9564000,N rnberg,voll.,217,167,50,0,0,0,8,5,3,8,5,3,31,30,1,24,22,2,142,103,39,12,7,5,154,110,44,2022
210000,"Raub, r uberische Erpressung und r uberischer Angriff auf Kraftfahrer    249-252, 255, 316a StGB",9564000,N rnberg,insg.,275,212,63,0,0,0,13,10,3,13,10,3,36,35,1,29,26,3,182,133,49,15,8,7,197,141,56,2022
210000,"Raub, r uberische Erpressung und r uberischer Angriff auf Kraftfahrer    249-252, 255, 316a StGB",5119000,Oberhausen,vers.,42,32,10,0,0,0,10,10,0,10,10,0,8,8,0,3,2,1,17,10,7,4,2,2,21,12,9,2022
210000,"Raub, r uberische Erpressung und r uberischer Angriff auf Kraftfahrer    249-252, 255, 316a StGB",5119000,Oberhausen,voll.,156,116,40,0,0,0,34,32,2,34,32,2,25,21,4,15,11,4,70,46,24,12,6,6,82,52,30,2022
210000,"Raub, r uberische Erpressung und r uberischer Angriff auf Kraftfahrer    249-252, 255, 316a StGB",5119000,Oberhausen,insg.,198,148,50,0,0,0,44,42,2,44,42,2,33,29,4,18,13,5,87,56,31,16,8,8,103,64,39,2022
210000,"Raub, r uberische Erpressung und r uberischer Angriff auf Kraftfahrer    249-252, 255, 316a StGB",6413000,Offenbach am Main,vers.,21,18,3,0,0,0,0,0,0,0,0,0,2,1,1,2,2,0,15,13,2,2,2,0,17,15,2,2022
210000,"Raub, r uberische Erpressung und r uberischer Angriff auf Kraftfahrer    249-252, 255, 316a StGB",6413000,Offenbach am Main,voll.,84,62,22,0,0,0,1,0,1,1,0,1,8,5,3,5,4,1,56,42,14,14,11,3,70,53,17,2022
210000,"Raub, r uberische Erpressung und r uberischer Angriff auf Kraftfahrer    249-252, 255, 316a StGB",6413000,Offenbach am Main,insg.,105,80,25,0,0,0,1,0,1,1,0,1,10,6,4,7,6,1,71,55,16,16,13,3,87,68,19,2022
210000,"Raub, r uberische Erpressung und r uberischer Angriff auf Kraftfahrer    249-252, 255, 316a StGB",3403000,Oldenburg (Oldenburg),vers.,20,15,5,0,0,0,0,0,0,0,0,0,3,3,0,1,1,0,12,8,4,4,3,1,16,11,5,2022
210000,"Raub, r uberische Erpressung und r uberischer Angriff auf Kraftfahrer    249-252, 255, 316a StGB",3403000,Oldenburg (Oldenburg),voll.,116,97,19,0,0,0,10,10,0,10,10,0,25,24,1,20,17,3,60,45,15,1,1,0,61,46,15,2022
210000,"Raub, r uberische Erpressung und r uberischer Angriff auf Kraftfahrer    249-252, 255, 316a StGB",3403000,Oldenburg (Oldenburg),insg.,136,112,24,0,0,0,10,10,0,10,10,0,28,27,1,21,18,3,72,53,19,5,4,1,77,57,20,2022
210000,"Raub, r uberische Erpressung und r uberischer Angriff auf Kraftfahrer    249-252, 255, 316a StGB",3404000,Osnabr ck,vers.,42,27,15,0,0,0,0,0,0,0,0,0,1,1,0,3,2,1,32,21,11,6,3,3,38,24,14,2022
210000,"Raub, r uberische Erpressung und r uberischer Angriff auf Kraftfahrer    249-252, 255, 316a StGB",3404000,Osnabr ck,voll.,159,120,39,1,1,0,5,2,3,6,3,3,20,17,3,15,11,4,106,85,21,12,4,8,118,89,29,2022
210000,"Raub, r uberische Erpressung und r uberischer Angriff auf Kraftfahrer    249-252, 255, 316a StGB",3404000,Osnabr ck,insg.,201,147,54,1,1,0,5,2,3,6,3,3,21,18,3,18,13,5,138,106,32,18,7,11,156,113,43,2022
210000,"Raub, r uberische Erpressung und r uberischer Angriff auf Kraftfahrer    249-252, 255, 316a StGB",5774032,Paderborn,vers.,36,25,11,0,0,0,1,0,1,1,0,1,2,2,0,7,3,4,21,16,5,5,4,1,26,20,6,2022
210000,"Raub, r uberische Erpressung und r uberischer Angriff auf Kraftfahrer    249-252, 255, 316a StGB",5774032,Paderborn,voll.,127,98,29,0,0,0,1,0,1,1,0,1,14,11,3,14,11,3,88,68,20,10,8,2,98,76,22,2022
210000,"Raub, r uberische Erpressung und r uberischer Angriff auf Kraftfahrer    249-252, 255, 316a StGB",5774032,Paderborn,insg.,163,123,40,0,0,0,2,0,2,2,0,2,16,13,3,21,14,7,109,84,25,15,12,3,124,96,28,2022
210000,"Raub, r uberische Erpressung und r uberischer Angriff auf Kraftfahrer    249-252, 255, 316a StGB",8231000,Pforzheim,vers.,19,13,6,0,0,0,3,3,0,3,3,0,2,2,0,3,2,1,11,6,5,0,0,0,11,6,5,2022
210000,"Raub, r uberische Erpressung und r uberischer Angriff auf Kraftfahrer    249-252, 255, 316a StGB",8231000,Pforzheim,voll.,69,56,13,0,0,0,4,3,1,4,3,1,16,15,1,10,9,1,34,24,10,5,5,0,39,29,10,2022
210000,"Raub, r uberische Erpressung und r uberischer Angriff auf Kraftfahrer    249-252, 255, 316a StGB",8231000,Pforzheim,insg.,88,69,19,0,0,0,7,6,1,7,6,1,18,17,1,13,11,2,45,30,15,5,5,0,50,35,15,2022
210000,"Raub, r uberische Erpressung und r uberischer Angriff auf Kraftfahrer    249-252, 255, 316a StGB",12054000,Potsdam,vers.,17,9,8,0,0,0,2,1,1,2,1,1,2,2,0,0,0,0,11,5,6,2,1,1,13,6,7,2022
210000,"Raub, r uberische Erpressung und r uberischer Angriff auf Kraftfahrer    249-252, 255, 316a StGB",12054000,Potsdam,voll.,110,82,28,0,0,0,6,5,1,6,5,1,22,20,2,10,10,0,64,45,19,8,2,6,72,47,25,2022
210000,"Raub, r uberische Erpressung und r uberischer Angriff auf Kraftfahrer    249-252, 255, 316a StGB",12054000,Potsdam,insg.,127,91,36,0,0,0,8,6,2,8,6,2,24,22,2,10,10,0,75,50,25,10,3,7,85,53,32,2022
210000,"Raub, r uberische Erpressung und r uberischer Angriff auf Kraftfahrer    249-252, 255, 316a StGB",5562032,Recklinghausen,vers.,32,21,11,0,0,0,3,2,1,3,2,1,4,4,0,1,1,0,21,12,9,3,2,1,24,14,10,2022
210000,"Raub, r uberische Erpressung und r uberischer Angriff auf Kraftfahrer    249-252, 255, 316a StGB",5562032,Recklinghausen,voll.,87,63,24,0,0,0,6,5,1,6,5,1,9,8,1,9,7,2,59,41,18,4,2,2,63,43,20,2022
210000,"Raub, r uberische Erpressung und r uberischer Angriff auf Kraftfahrer    249-252, 255, 316a StGB",5562032,Recklinghausen,insg.,119,84,35,0,0,0,9,7,2,9,7,2,13,12,1,10,8,2,80,53,27,7,4,3,87,57,30,2022
210000,"Raub, r uberische Erpressung und r uberischer Angriff auf Kraftfahrer    249-252, 255, 316a StGB",9362000,Regensburg,vers.,13,11,2,0,0,0,0,0,0,0,0,0,1,1,0,1,1,0,10,9,1,1,0,1,11,9,2,2022
210000,"Raub, r uberische Erpressung und r uberischer Angriff auf Kraftfahrer    249-252, 255, 316a StGB",9362000,Regensburg,voll.,64,51,13,0,0,0,0,0,0,0,0,0,4,4,0,8,8,0,48,36,12,4,3,1,52,39,13,2022
210000,"Raub, r uberische Erpressung und r uberischer Angriff auf Kraftfahrer    249-252, 255, 316a StGB",9362000,Regensburg,insg.,77,62,15,0,0,0,0,0,0,0,0,0,5,5,0,9,9,0,58,45,13,5,3,2,63,48,15,2022
210000,"Raub, r uberische Erpressung und r uberischer Angriff auf Kraftfahrer    249-252, 255, 316a StGB",5120000,Remscheid,vers.,12,11,1,0,0,0,1,1,0,1,1,0,4,4,0,1,1,0,4,4,0,2,1,1,6,5,1,2022
210000,"Raub, r uberische Erpressung und r uberischer Angriff auf Kraftfahrer    249-252, 255, 316a StGB",5120000,Remscheid,voll.,64,53,11,0,0,0,4,4,0,4,4,0,13,12,1,5,4,1,34,27,7,8,6,2,42,33,9,2022
210000,"Raub, r uberische Erpressung und r uberischer Angriff auf Kraftfahrer    249-252, 255, 316a StGB",5120000,Remscheid,insg.,76,64,12,0,0,0,5,5,0,5,5,0,17,16,1,6,5,1,38,31,7,10,7,3,48,38,10,2022
210000,"Raub, r uberische Erpressung und r uberischer Angriff auf Kraftfahrer    249-252, 255, 316a StGB",8415061,Reutlingen,vers.,20,12,8,0,0,0,3,3,0,3,3,0,3,2,1,2,2,0,11,5,6,1,0,1,12,5,7,2022
210000,"Raub, r uberische Erpressung und r uberischer Angriff auf Kraftfahrer    249-252, 255, 316a StGB",8415061,Reutlingen,voll.,44,35,9,0,0,0,1,1,0,1,1,0,6,6,0,7,7,0,29,20,9,1,1,0,30,21,9,2022
210000,"Raub, r uberische Erpressung und r uberischer Angriff auf Kraftfahrer    249-252, 255, 316a StGB",8415061,Reutlingen,insg.,64,47,17,0,0,0,4,4,0,4,4,0,9,8,1,9,9,0,40,25,15,2,1,1,42,26,16,2022
210000,"Raub, r uberische Erpressung und r uberischer Angriff auf Kraftfahrer    249-252, 255, 316a StGB",13003000,"Rostock, Hanse- und Universit tsstadt",vers.,27,20,7,0,0,0,2,2,0,2,2,0,2,2,0,0,0,0,20,16,4,3,0,3,23,16,7,2022
210000,"Raub, r uberische Erpressung und r uberischer Angriff auf Kraftfahrer    249-252, 255, 316a StGB",13003000,"Rostock, Hanse- und Universit tsstadt",voll.,138,110,28,1,1,0,19,15,4,20,16,4,23,22,1,19,16,3,69,50,19,7,6,1,76,56,20,2022
210000,"Raub, r uberische Erpressung und r uberischer Angriff auf Kraftfahrer    249-252, 255, 316a StGB",13003000,"Rostock, Hanse- und Universit tsstadt",insg.,165,130,35,1,1,0,21,17,4,22,18,4,25,24,1,19,16,3,89,66,23,10,6,4,99,72,27,2022
210000,"Raub, r uberische Erpressung und r uberischer Angriff auf Kraftfahrer    249-252, 255, 316a StGB",10041100,Saarbr cken,vers.,32,23,9,0,0,0,3,2,1,3,2,1,3,3,0,5,5,0,17,11,6,4,2,2,21,13,8,2022
210000,"Raub, r uberische Erpressung und r uberischer Angriff auf Kraftfahrer    249-252, 255, 316a StGB",10041100,Saarbr cken,voll.,162,130,32,0,0,0,3,2,1,3,2,1,13,9,4,13,11,2,119,100,19,14,8,6,133,108,25,2022
210000,"Raub, r uberische Erpressung und r uberischer Angriff auf Kraftfahrer    249-252, 255, 316a StGB",10041100,Saarbr cken,insg.,194,153,41,0,0,0,6,4,2,6,4,2,16,12,4,18,16,2,136,111,25,18,10,8,154,121,33,2022
210000,"Raub, r uberische Erpressung und r uberischer Angriff auf Kraftfahrer    249-252, 255, 316a StGB",3102000,Salzgitter,vers.,18,14,4,0,0,0,7,7,0,7,7,0,0,0,0,5,3,2,5,4,1,1,0,1,6,4,2,2022
210000,"Raub, r uberische Erpressung und r uberischer Angriff auf Kraftfahrer    249-252, 255, 316a StGB",3102000,Salzgitter,voll.,44,31,13,0,0,0,3,3,0,3,3,0,5,4,1,4,3,1,27,20,7,5,1,4,32,21,11,2022
210000,"Raub, r uberische Erpressung und r uberischer Angriff auf Kraftfahrer    249-252, 255, 316a StGB",3102000,Salzgitter,insg.,62,45,17,0,0,0,10,10,0,10,10,0,5,4,1,9,6,3,32,24,8,6,1,5,38,25,13,2022
210000,"Raub, r uberische Erpressung und r uberischer Angriff auf Kraftfahrer    249-252, 255, 316a StGB",13004000,Schwerin,vers.,12,10,2,0,0,0,0,0,0,0,0,0,1,1,0,0,0,0,11,9,2,0,0,0,11,9,2,2022
210000,"Raub, r uberische Erpressung und r uberischer Angriff auf Kraftfahrer    249-252, 255, 316a StGB",13004000,Schwerin,voll.,81,61,20,0,0,0,1,1,0,1,1,0,5,4,1,12,11,1,53,39,14,10,6,4,63,45,18,2022
210000,"Raub, r uberische Erpressung und r uberischer Angriff auf Kraftfahrer    249-252, 255, 316a StGB",13004000,Schwerin,insg.,93,71,22,0,0,0,1,1,0,1,1,0,6,5,1,12,11,1,64,48,16,10,6,4,74,54,20,2022
210000,"Raub, r uberische Erpressung und r uberischer Angriff auf Kraftfahrer    249-252, 255, 316a StGB",5970040,Siegen,vers.,23,21,2,0,0,0,1,1,0,1,1,0,11,11,0,2,2,0,7,6,1,2,1,1,9,7,2,2022
210000,"Raub, r uberische Erpressung und r uberischer Angriff auf Kraftfahrer    249-252, 255, 316a StGB",5970040,Siegen,voll.,78,57,21,0,0,0,5,3,2,5,3,2,19,17,2,7,7,0,44,28,16,3,2,1,47,30,17,2022
210000,"Raub, r uberische Erpressung und r uberischer Angriff auf Kraftfahrer    249-252, 255, 316a StGB",5970040,Siegen,insg.,101,78,23,0,0,0,6,4,2,6,4,2,30,28,2,9,9,0,51,34,17,5,3,2,56,37,19,2022
210000,"Raub, r uberische Erpressung und r uberischer Angriff auf Kraftfahrer    249-252, 255, 316a StGB",5122000,Solingen,vers.,40,30,10,0,0,0,7,6,1,7,6,1,8,8,0,4,4,0,18,11,7,3,1,2,21,12,9,2022
210000,"Raub, r uberische Erpressung und r uberischer Angriff auf Kraftfahrer    249-252, 255, 316a StGB",5122000,Solingen,voll.,106,81,25,0,0,0,11,11,0,11,11,0,25,20,5,10,7,3,53,41,12,7,2,5,60,43,17,2022
210000,"Raub, r uberische Erpressung und r uberischer Angriff auf Kraftfahrer    249-252, 255, 316a StGB",5122000,Solingen,insg.,146,111,35,0,0,0,18,17,1,18,17,1,33,28,5,14,11,3,71,52,19,10,3,7,81,55,26,2022
210000,"Raub, r uberische Erpressung und r uberischer Angriff auf Kraftfahrer    249-252, 255, 316a StGB",8111000,Stuttgart,vers.,132,89,43,0,0,0,9,6,3,9,6,3,14,9,5,8,8,0,93,61,32,8,5,3,101,66,35,2022
210000,"Raub, r uberische Erpressung und r uberischer Angriff auf Kraftfahrer    249-252, 255, 316a StGB",8111000,Stuttgart,voll.,537,411,126,0,0,0,10,9,1,10,9,1,36,32,4,50,38,12,392,297,95,49,35,14,441,332,109,2022
210000,"Raub, r uberische Erpressung und r uberischer Angriff auf Kraftfahrer    249-252, 255, 316a StGB",8111000,Stuttgart,insg.,669,500,169,0,0,0,19,15,4,19,15,4,50,41,9,58,46,12,485,358,127,57,40,17,542,398,144,2022
210000,"Raub, r uberische Erpressung und r uberischer Angriff auf Kraftfahrer    249-252, 255, 316a StGB",7211000,Trier,vers.,16,15,1,0,0,0,0,0,0,0,0,0,8,7,1,0,0,0,7,7,0,1,1,0,8,8,0,2022
210000,"Raub, r uberische Erpressung und r uberischer Angriff auf Kraftfahrer    249-252, 255, 316a StGB",7211000,Trier,voll.,42,28,14,0,0,0,0,0,0,0,0,0,6,4,2,10,9,1,24,14,10,2,1,1,26,15,11,2022
210000,"Raub, r uberische Erpressung und r uberischer Angriff auf Kraftfahrer    249-252, 255, 316a StGB",7211000,Trier,insg.,58,43,15,0,0,0,0,0,0,0,0,0,14,11,3,10,9,1,31,21,10,3,2,1,34,23,11,2022
210000,"Raub, r uberische Erpressung und r uberischer Angriff auf Kraftfahrer    249-252, 255, 316a StGB",8421000,Ulm,vers.,21,11,10,0,0,0,0,0,0,0,0,0,1,0,1,0,0,0,17,11,6,3,0,3,20,11,9,2022
210000,"Raub, r uberische Erpressung und r uberischer Angriff auf Kraftfahrer    249-252, 255, 316a StGB",8421000,Ulm,voll.,63,50,13,1,1,0,2,2,0,3,3,0,4,2,2,7,5,2,47,40,7,2,0,2,49,40,9,2022
210000,"Raub, r uberische Erpressung und r uberischer Angriff auf Kraftfahrer    249-252, 255, 316a StGB",8421000,Ulm,insg.,84,61,23,1,1,0,2,2,0,3,3,0,5,2,3,7,5,2,64,51,13,5,0,5,69,51,18,2022
210000,"Raub, r uberische Erpressung und r uberischer Angriff auf Kraftfahrer    249-252, 255, 316a StGB",6414000,Wiesbaden,vers.,39,31,8,0,0,0,4,3,1,4,3,1,7,5,2,4,3,1,17,15,2,7,5,2,24,20,4,2022
210000,"Raub, r uberische Erpressung und r uberischer Angriff auf Kraftfahrer    249-252, 255, 316a StGB",6414000,Wiesbaden,voll.,170,147,23,0,0,0,9,7,2,9,7,2,28,27,1,22,19,3,103,89,14,8,5,3,111,94,17,2022
210000,"Raub, r uberische Erpressung und r uberischer Angriff auf Kraftfahrer    249-252, 255, 316a StGB",6414000,Wiesbaden,insg.,209,178,31,0,0,0,13,10,3,13,10,3,35,32,3,26,22,4,120,104,16,15,10,5,135,114,21,2022
210000,"Raub, r uberische Erpressung und r uberischer Angriff auf Kraftfahrer    249-252, 255, 316a StGB",3103000,Wolfsburg,vers.,9,8,1,0,0,0,2,2,0,2,2,0,0,0,0,0,0,0,6,5,1,1,1,0,7,6,1,2022
210000,"Raub, r uberische Erpressung und r uberischer Angriff auf Kraftfahrer    249-252, 255, 316a StGB",3103000,Wolfsburg,voll.,58,42,16,0,0,0,0,0,0,0,0,0,4,3,1,5,3,2,42,34,8,7,2,5,49,36,13,2022
210000,"Raub, r uberische Erpressung und r uberischer Angriff auf Kraftfahrer    249-252, 255, 316a StGB",3103000,Wolfsburg,insg.,67,50,17,0,0,0,2,2,0,2,2,0,4,3,1,5,3,2,48,39,9,8,3,5,56,42,14,2022
210000,"Raub, r uberische Erpressung und r uberischer Angriff auf Kraftfahrer    249-252, 255, 316a StGB",5124000,Wuppertal,vers.,83,63,20,0,0,0,13,9,4,13,9,4,10,9,1,10,6,4,45,35,10,5,4,1,50,39,11,2022
210000,"Raub, r uberische Erpressung und r uberischer Angriff auf Kraftfahrer    249-252, 255, 316a StGB",5124000,Wuppertal,voll.,340,253,87,0,0,0,33,28,5,33,28,5,59,55,4,33,24,9,189,132,57,26,14,12,215,146,69,2022
210000,"Raub, r uberische Erpressung und r uberischer Angriff auf Kraftfahrer    249-252, 255, 316a StGB",5124000,Wuppertal,insg.,423,316,107,0,0,0,46,37,9,46,37,9,69,64,5,43,30,13,234,167,67,31,18,13,265,185,80,2022
210000,"Raub, r uberische Erpressung und r uberischer Angriff auf Kraftfahrer    249-252, 255, 316a StGB",9663000,W rzburg,vers.,11,7,4,0,0,0,2,1,1,2,1,1,1,0,1,0,0,0,6,5,1,2,1,1,8,6,2,2022
210000,"Raub, r uberische Erpressung und r uberischer Angriff auf Kraftfahrer    249-252, 255, 316a StGB",9663000,W rzburg,voll.,45,36,9,0,0,0,0,0,0,0,0,0,4,3,1,9,8,1,29,23,6,3,2,1,32,25,7,2022
210000,"Raub, r uberische Erpressung und r uberischer Angriff auf Kraftfahrer    249-252, 255, 316a StGB",9663000,W rzburg,insg.,56,43,13,0,0,0,2,1,1,2,1,1,5,3,2,9,8,1,35,28,7,5,3,2,40,31,9,2022
211000,"Raub, r uberische Erpressung auf/gegen Geldinstitute, Postfilialen und -agenturen",5334002,Aachen,vers.,0,0,0,0,0,0,0,0,0,0,0,0,0,0,0,0,0,0,0,0,0,0,0,0,0,0,0,2022
211000,"Raub, r uberische Erpressung auf/gegen Geldinstitute, Postfilialen und -agenturen",5334002,Aachen,voll.,0,0,0,0,0,0,0,0,0,0,0,0,0,0,0,0,0,0,0,0,0,0,0,0,0,0,0,2022
211000,"Raub, r uberische Erpressung auf/gegen Geldinstitute, Postfilialen und -agenturen",5334002,Aachen,insg.,0,0,0,0,0,0,0,0,0,0,0,0,0,0,0,0,0,0,0,0,0,0,0,0,0,0,0,2022
211000,"Raub, r uberische Erpressung auf/gegen Geldinstitute, Postfilialen und -agenturen",9761000,Augsburg,vers.,0,0,0,0,0,0,0,0,0,0,0,0,0,0,0,0,0,0,0,0,0,0,0,0,0,0,0,2022
211000,"Raub, r uberische Erpressung auf/gegen Geldinstitute, Postfilialen und -agenturen",9761000,Augsburg,voll.,0,0,0,0,0,0,0,0,0,0,0,0,0,0,0,0,0,0,0,0,0,0,0,0,0,0,0,2022
211000,"Raub, r uberische Erpressung auf/gegen Geldinstitute, Postfilialen und -agenturen",9761000,Augsburg,insg.,0,0,0,0,0,0,0,0,0,0,0,0,0,0,0,0,0,0,0,0,0,0,0,0,0,0,0,2022
211000,"Raub, r uberische Erpressung auf/gegen Geldinstitute, Postfilialen und -agenturen",5378004,Bergisch Gladbach,vers.,0,0,0,0,0,0,0,0,0,0,0,0,0,0,0,0,0,0,0,0,0,0,0,0,0,0,0,2022
211000,"Raub, r uberische Erpressung auf/gegen Geldinstitute, Postfilialen und -agenturen",5378004,Bergisch Gladbach,voll.,0,0,0,0,0,0,0,0,0,0,0,0,0,0,0,0,0,0,0,0,0,0,0,0,0,0,0,2022
211000,"Raub, r uberische Erpressung auf/gegen Geldinstitute, Postfilialen und -agenturen",5378004,Bergisch Gladbach,insg.,0,0,0,0,0,0,0,0,0,0,0,0,0,0,0,0,0,0,0,0,0,0,0,0,0,0,0,2022
211000,"Raub, r uberische Erpressung auf/gegen Geldinstitute, Postfilialen und -agenturen",11000000,Berlin,vers.,43,18,25,0,0,0,0,0,0,0,0,0,0,0,0,0,0,0,41,17,24,2,1,1,43,18,25,2022
211000,"Raub, r uberische Erpressung auf/gegen Geldinstitute, Postfilialen und -agenturen",11000000,Berlin,voll.,2,1,1,0,0,0,0,0,0,0,0,0,0,0,0,0,0,0,2,1,1,0,0,0,2,1,1,2022
211000,"Raub, r uberische Erpressung auf/gegen Geldinstitute, Postfilialen und -agenturen",11000000,Berlin,insg.,45,19,26,0,0,0,0,0,0,0,0,0,0,0,0,0,0,0,43,18,25,2,1,1,45,19,26,2022
211000,"Raub, r uberische Erpressung auf/gegen Geldinstitute, Postfilialen und -agenturen",5711000,Bielefeld,vers.,0,0,0,0,0,0,0,0,0,0,0,0,0,0,0,0,0,0,0,0,0,0,0,0,0,0,0,2022
211000,"Raub, r uberische Erpressung auf/gegen Geldinstitute, Postfilialen und -agenturen",5711000,Bielefeld,voll.,0,0,0,0,0,0,0,0,0,0,0,0,0,0,0,0,0,0,0,0,0,0,0,0,0,0,0,2022
211000,"Raub, r uberische Erpressung auf/gegen Geldinstitute, Postfilialen und -agenturen",5711000,Bielefeld,insg.,0,0,0,0,0,0,0,0,0,0,0,0,0,0,0,0,0,0,0,0,0,0,0,0,0,0,0,2022
211000,"Raub, r uberische Erpressung auf/gegen Geldinstitute, Postfilialen und -agenturen",5911000,Bochum,vers.,0,0,0,0,0,0,0,0,0,0,0,0,0,0,0,0,0,0,0,0,0,0,0,0,0,0,0,2022
211000,"Raub, r uberische Erpressung auf/gegen Geldinstitute, Postfilialen und -agenturen",5911000,Bochum,voll.,2,0,2,0,0,0,0,0,0,0,0,0,0,0,0,1,0,1,1,0,1,0,0,0,1,0,1,2022
211000,"Raub, r uberische Erpressung auf/gegen Geldinstitute, Postfilialen und -agenturen",5911000,Bochum,insg.,2,0,2,0,0,0,0,0,0,0,0,0,0,0,0,1,0,1,1,0,1,0,0,0,1,0,1,2022
211000,"Raub, r uberische Erpressung auf/gegen Geldinstitute, Postfilialen und -agenturen",5314000,Bonn,vers.,0,0,0,0,0,0,0,0,0,0,0,0,0,0,0,0,0,0,0,0,0,0,0,0,0,0,0,2022
211000,"Raub, r uberische Erpressung auf/gegen Geldinstitute, Postfilialen und -agenturen",5314000,Bonn,voll.,5,3,2,0,0,0,0,0,0,0,0,0,0,0,0,0,0,0,4,3,1,1,0,1,5,3,2,2022
211000,"Raub, r uberische Erpressung auf/gegen Geldinstitute, Postfilialen und -agenturen",5314000,Bonn,insg.,5,3,2,0,0,0,0,0,0,0,0,0,0,0,0,0,0,0,4,3,1,1,0,1,5,3,2,2022
211000,"Raub, r uberische Erpressung auf/gegen Geldinstitute, Postfilialen und -agenturen",5512000,Bottrop,vers.,0,0,0,0,0,0,0,0,0,0,0,0,0,0,0,0,0,0,0,0,0,0,0,0,0,0,0,2022
211000,"Raub, r uberische Erpressung auf/gegen Geldinstitute, Postfilialen und -agenturen",5512000,Bottrop,voll.,0,0,0,0,0,0,0,0,0,0,0,0,0,0,0,0,0,0,0,0,0,0,0,0,0,0,0,2022
211000,"Raub, r uberische Erpressung auf/gegen Geldinstitute, Postfilialen und -agenturen",5512000,Bottrop,insg.,0,0,0,0,0,0,0,0,0,0,0,0,0,0,0,0,0,0,0,0,0,0,0,0,0,0,0,2022
211000,"Raub, r uberische Erpressung auf/gegen Geldinstitute, Postfilialen und -agenturen",3101000,Braunschweig,vers.,0,0,0,0,0,0,0,0,0,0,0,0,0,0,0,0,0,0,0,0,0,0,0,0,0,0,0,2022
211000,"Raub, r uberische Erpressung auf/gegen Geldinstitute, Postfilialen und -agenturen",3101000,Braunschweig,voll.,0,0,0,0,0,0,0,0,0,0,0,0,0,0,0,0,0,0,0,0,0,0,0,0,0,0,0,2022
211000,"Raub, r uberische Erpressung auf/gegen Geldinstitute, Postfilialen und -agenturen",3101000,Braunschweig,insg.,0,0,0,0,0,0,0,0,0,0,0,0,0,0,0,0,0,0,0,0,0,0,0,0,0,0,0,2022
211000,"Raub, r uberische Erpressung auf/gegen Geldinstitute, Postfilialen und -agenturen",4011000,Bremen,vers.,0,0,0,0,0,0,0,0,0,0,0,0,0,0,0,0,0,0,0,0,0,0,0,0,0,0,0,2022
211000,"Raub, r uberische Erpressung auf/gegen Geldinstitute, Postfilialen und -agenturen",4011000,Bremen,voll.,1,1,0,0,0,0,0,0,0,0,0,0,0,0,0,0,0,0,1,1,0,0,0,0,1,1,0,2022
211000,"Raub, r uberische Erpressung auf/gegen Geldinstitute, Postfilialen und -agenturen",4011000,Bremen,insg.,1,1,0,0,0,0,0,0,0,0,0,0,0,0,0,0,0,0,1,1,0,0,0,0,1,1,0,2022
211000,"Raub, r uberische Erpressung auf/gegen Geldinstitute, Postfilialen und -agenturen",4012000,Bremerhaven,vers.,0,0,0,0,0,0,0,0,0,0,0,0,0,0,0,0,0,0,0,0,0,0,0,0,0,0,0,2022
211000,"Raub, r uberische Erpressung auf/gegen Geldinstitute, Postfilialen und -agenturen",4012000,Bremerhaven,voll.,0,0,0,0,0,0,0,0,0,0,0,0,0,0,0,0,0,0,0,0,0,0,0,0,0,0,0,2022
211000,"Raub, r uberische Erpressung auf/gegen Geldinstitute, Postfilialen und -agenturen",4012000,Bremerhaven,insg.,0,0,0,0,0,0,0,0,0,0,0,0,0,0,0,0,0,0,0,0,0,0,0,0,0,0,0,2022
211000,"Raub, r uberische Erpressung auf/gegen Geldinstitute, Postfilialen und -agenturen",14511000,Chemnitz,vers.,0,0,0,0,0,0,0,0,0,0,0,0,0,0,0,0,0,0,0,0,0,0,0,0,0,0,0,2022
211000,"Raub, r uberische Erpressung auf/gegen Geldinstitute, Postfilialen und -agenturen",14511000,Chemnitz,voll.,0,0,0,0,0,0,0,0,0,0,0,0,0,0,0,0,0,0,0,0,0,0,0,0,0,0,0,2022
211000,"Raub, r uberische Erpressung auf/gegen Geldinstitute, Postfilialen und -agenturen",14511000,Chemnitz,insg.,0,0,0,0,0,0,0,0,0,0,0,0,0,0,0,0,0,0,0,0,0,0,0,0,0,0,0,2022
211000,"Raub, r uberische Erpressung auf/gegen Geldinstitute, Postfilialen und -agenturen",12052000,Cottbus,vers.,0,0,0,0,0,0,0,0,0,0,0,0,0,0,0,0,0,0,0,0,0,0,0,0,0,0,0,2022
211000,"Raub, r uberische Erpressung auf/gegen Geldinstitute, Postfilialen und -agenturen",12052000,Cottbus,voll.,0,0,0,0,0,0,0,0,0,0,0,0,0,0,0,0,0,0,0,0,0,0,0,0,0,0,0,2022
211000,"Raub, r uberische Erpressung auf/gegen Geldinstitute, Postfilialen und -agenturen",12052000,Cottbus,insg.,0,0,0,0,0,0,0,0,0,0,0,0,0,0,0,0,0,0,0,0,0,0,0,0,0,0,0,2022
211000,"Raub, r uberische Erpressung auf/gegen Geldinstitute, Postfilialen und -agenturen",6411000,Darmstadt,vers.,0,0,0,0,0,0,0,0,0,0,0,0,0,0,0,0,0,0,0,0,0,0,0,0,0,0,0,2022
211000,"Raub, r uberische Erpressung auf/gegen Geldinstitute, Postfilialen und -agenturen",6411000,Darmstadt,voll.,0,0,0,0,0,0,0,0,0,0,0,0,0,0,0,0,0,0,0,0,0,0,0,0,0,0,0,2022
211000,"Raub, r uberische Erpressung auf/gegen Geldinstitute, Postfilialen und -agenturen",6411000,Darmstadt,insg.,0,0,0,0,0,0,0,0,0,0,0,0,0,0,0,0,0,0,0,0,0,0,0,0,0,0,0,2022
211000,"Raub, r uberische Erpressung auf/gegen Geldinstitute, Postfilialen und -agenturen",5913000,Dortmund,vers.,0,0,0,0,0,0,0,0,0,0,0,0,0,0,0,0,0,0,0,0,0,0,0,0,0,0,0,2022
211000,"Raub, r uberische Erpressung auf/gegen Geldinstitute, Postfilialen und -agenturen",5913000,Dortmund,voll.,0,0,0,0,0,0,0,0,0,0,0,0,0,0,0,0,0,0,0,0,0,0,0,0,0,0,0,2022
211000,"Raub, r uberische Erpressung auf/gegen Geldinstitute, Postfilialen und -agenturen",5913000,Dortmund,insg.,0,0,0,0,0,0,0,0,0,0,0,0,0,0,0,0,0,0,0,0,0,0,0,0,0,0,0,2022
211000,"Raub, r uberische Erpressung auf/gegen Geldinstitute, Postfilialen und -agenturen",14612000,Dresden,vers.,0,0,0,0,0,0,0,0,0,0,0,0,0,0,0,0,0,0,0,0,0,0,0,0,0,0,0,2022
211000,"Raub, r uberische Erpressung auf/gegen Geldinstitute, Postfilialen und -agenturen",14612000,Dresden,voll.,0,0,0,0,0,0,0,0,0,0,0,0,0,0,0,0,0,0,0,0,0,0,0,0,0,0,0,2022
211000,"Raub, r uberische Erpressung auf/gegen Geldinstitute, Postfilialen und -agenturen",14612000,Dresden,insg.,0,0,0,0,0,0,0,0,0,0,0,0,0,0,0,0,0,0,0,0,0,0,0,0,0,0,0,2022
211000,"Raub, r uberische Erpressung auf/gegen Geldinstitute, Postfilialen und -agenturen",5112000,Duisburg,vers.,0,0,0,0,0,0,0,0,0,0,0,0,0,0,0,0,0,0,0,0,0,0,0,0,0,0,0,2022
211000,"Raub, r uberische Erpressung auf/gegen Geldinstitute, Postfilialen und -agenturen",5112000,Duisburg,voll.,0,0,0,0,0,0,0,0,0,0,0,0,0,0,0,0,0,0,0,0,0,0,0,0,0,0,0,2022
211000,"Raub, r uberische Erpressung auf/gegen Geldinstitute, Postfilialen und -agenturen",5112000,Duisburg,insg.,0,0,0,0,0,0,0,0,0,0,0,0,0,0,0,0,0,0,0,0,0,0,0,0,0,0,0,2022
211000,"Raub, r uberische Erpressung auf/gegen Geldinstitute, Postfilialen und -agenturen",5111000,D sseldorf,vers.,0,0,0,0,0,0,0,0,0,0,0,0,0,0,0,0,0,0,0,0,0,0,0,0,0,0,0,2022
211000,"Raub, r uberische Erpressung auf/gegen Geldinstitute, Postfilialen und -agenturen",5111000,D sseldorf,voll.,0,0,0,0,0,0,0,0,0,0,0,0,0,0,0,0,0,0,0,0,0,0,0,0,0,0,0,2022
211000,"Raub, r uberische Erpressung auf/gegen Geldinstitute, Postfilialen und -agenturen",5111000,D sseldorf,insg.,0,0,0,0,0,0,0,0,0,0,0,0,0,0,0,0,0,0,0,0,0,0,0,0,0,0,0,2022
211000,"Raub, r uberische Erpressung auf/gegen Geldinstitute, Postfilialen und -agenturen",16051000,Erfurt,vers.,0,0,0,0,0,0,0,0,0,0,0,0,0,0,0,0,0,0,0,0,0,0,0,0,0,0,0,2022
211000,"Raub, r uberische Erpressung auf/gegen Geldinstitute, Postfilialen und -agenturen",16051000,Erfurt,voll.,0,0,0,0,0,0,0,0,0,0,0,0,0,0,0,0,0,0,0,0,0,0,0,0,0,0,0,2022
211000,"Raub, r uberische Erpressung auf/gegen Geldinstitute, Postfilialen und -agenturen",16051000,Erfurt,insg.,0,0,0,0,0,0,0,0,0,0,0,0,0,0,0,0,0,0,0,0,0,0,0,0,0,0,0,2022
211000,"Raub, r uberische Erpressung auf/gegen Geldinstitute, Postfilialen und -agenturen",9562000,Erlangen,vers.,0,0,0,0,0,0,0,0,0,0,0,0,0,0,0,0,0,0,0,0,0,0,0,0,0,0,0,2022
211000,"Raub, r uberische Erpressung auf/gegen Geldinstitute, Postfilialen und -agenturen",9562000,Erlangen,voll.,0,0,0,0,0,0,0,0,0,0,0,0,0,0,0,0,0,0,0,0,0,0,0,0,0,0,0,2022
211000,"Raub, r uberische Erpressung auf/gegen Geldinstitute, Postfilialen und -agenturen",9562000,Erlangen,insg.,0,0,0,0,0,0,0,0,0,0,0,0,0,0,0,0,0,0,0,0,0,0,0,0,0,0,0,2022
211000,"Raub, r uberische Erpressung auf/gegen Geldinstitute, Postfilialen und -agenturen",5113000,Essen,vers.,0,0,0,0,0,0,0,0,0,0,0,0,0,0,0,0,0,0,0,0,0,0,0,0,0,0,0,2022
211000,"Raub, r uberische Erpressung auf/gegen Geldinstitute, Postfilialen und -agenturen",5113000,Essen,voll.,0,0,0,0,0,0,0,0,0,0,0,0,0,0,0,0,0,0,0,0,0,0,0,0,0,0,0,2022
211000,"Raub, r uberische Erpressung auf/gegen Geldinstitute, Postfilialen und -agenturen",5113000,Essen,insg.,0,0,0,0,0,0,0,0,0,0,0,0,0,0,0,0,0,0,0,0,0,0,0,0,0,0,0,2022
211000,"Raub, r uberische Erpressung auf/gegen Geldinstitute, Postfilialen und -agenturen",6412000,Frankfurt am Main,vers.,0,0,0,0,0,0,0,0,0,0,0,0,0,0,0,0,0,0,0,0,0,0,0,0,0,0,0,2022
211000,"Raub, r uberische Erpressung auf/gegen Geldinstitute, Postfilialen und -agenturen",6412000,Frankfurt am Main,voll.,0,0,0,0,0,0,0,0,0,0,0,0,0,0,0,0,0,0,0,0,0,0,0,0,0,0,0,2022
211000,"Raub, r uberische Erpressung auf/gegen Geldinstitute, Postfilialen und -agenturen",6412000,Frankfurt am Main,insg.,0,0,0,0,0,0,0,0,0,0,0,0,0,0,0,0,0,0,0,0,0,0,0,0,0,0,0,2022
211000,"Raub, r uberische Erpressung auf/gegen Geldinstitute, Postfilialen und -agenturen",8311000,Freiburg im Breisgau,vers.,0,0,0,0,0,0,0,0,0,0,0,0,0,0,0,0,0,0,0,0,0,0,0,0,0,0,0,2022
211000,"Raub, r uberische Erpressung auf/gegen Geldinstitute, Postfilialen und -agenturen",8311000,Freiburg im Breisgau,voll.,0,0,0,0,0,0,0,0,0,0,0,0,0,0,0,0,0,0,0,0,0,0,0,0,0,0,0,2022
211000,"Raub, r uberische Erpressung auf/gegen Geldinstitute, Postfilialen und -agenturen",8311000,Freiburg im Breisgau,insg.,0,0,0,0,0,0,0,0,0,0,0,0,0,0,0,0,0,0,0,0,0,0,0,0,0,0,0,2022
211000,"Raub, r uberische Erpressung auf/gegen Geldinstitute, Postfilialen und -agenturen",9563000,F rth,vers.,0,0,0,0,0,0,0,0,0,0,0,0,0,0,0,0,0,0,0,0,0,0,0,0,0,0,0,2022
211000,"Raub, r uberische Erpressung auf/gegen Geldinstitute, Postfilialen und -agenturen",9563000,F rth,voll.,0,0,0,0,0,0,0,0,0,0,0,0,0,0,0,0,0,0,0,0,0,0,0,0,0,0,0,2022
211000,"Raub, r uberische Erpressung auf/gegen Geldinstitute, Postfilialen und -agenturen",9563000,F rth,insg.,0,0,0,0,0,0,0,0,0,0,0,0,0,0,0,0,0,0,0,0,0,0,0,0,0,0,0,2022
211000,"Raub, r uberische Erpressung auf/gegen Geldinstitute, Postfilialen und -agenturen",5513000,Gelsenkirchen,vers.,0,0,0,0,0,0,0,0,0,0,0,0,0,0,0,0,0,0,0,0,0,0,0,0,0,0,0,2022
211000,"Raub, r uberische Erpressung auf/gegen Geldinstitute, Postfilialen und -agenturen",5513000,Gelsenkirchen,voll.,0,0,0,0,0,0,0,0,0,0,0,0,0,0,0,0,0,0,0,0,0,0,0,0,0,0,0,2022
211000,"Raub, r uberische Erpressung auf/gegen Geldinstitute, Postfilialen und -agenturen",5513000,Gelsenkirchen,insg.,0,0,0,0,0,0,0,0,0,0,0,0,0,0,0,0,0,0,0,0,0,0,0,0,0,0,0,2022
211000,"Raub, r uberische Erpressung auf/gegen Geldinstitute, Postfilialen und -agenturen",3159016,G ttingen,vers.,0,0,0,0,0,0,0,0,0,0,0,0,0,0,0,0,0,0,0,0,0,0,0,0,0,0,0,2022
211000,"Raub, r uberische Erpressung auf/gegen Geldinstitute, Postfilialen und -agenturen",3159016,G ttingen,voll.,0,0,0,0,0,0,0,0,0,0,0,0,0,0,0,0,0,0,0,0,0,0,0,0,0,0,0,2022
211000,"Raub, r uberische Erpressung auf/gegen Geldinstitute, Postfilialen und -agenturen",3159016,G ttingen,insg.,0,0,0,0,0,0,0,0,0,0,0,0,0,0,0,0,0,0,0,0,0,0,0,0,0,0,0,2022
211000,"Raub, r uberische Erpressung auf/gegen Geldinstitute, Postfilialen und -agenturen",5754008,G tersloh,vers.,0,0,0,0,0,0,0,0,0,0,0,0,0,0,0,0,0,0,0,0,0,0,0,0,0,0,0,2022
211000,"Raub, r uberische Erpressung auf/gegen Geldinstitute, Postfilialen und -agenturen",5754008,G tersloh,voll.,0,0,0,0,0,0,0,0,0,0,0,0,0,0,0,0,0,0,0,0,0,0,0,0,0,0,0,2022
211000,"Raub, r uberische Erpressung auf/gegen Geldinstitute, Postfilialen und -agenturen",5754008,G tersloh,insg.,0,0,0,0,0,0,0,0,0,0,0,0,0,0,0,0,0,0,0,0,0,0,0,0,0,0,0,2022
211000,"Raub, r uberische Erpressung auf/gegen Geldinstitute, Postfilialen und -agenturen",5914000,Hagen,vers.,0,0,0,0,0,0,0,0,0,0,0,0,0,0,0,0,0,0,0,0,0,0,0,0,0,0,0,2022
211000,"Raub, r uberische Erpressung auf/gegen Geldinstitute, Postfilialen und -agenturen",5914000,Hagen,voll.,0,0,0,0,0,0,0,0,0,0,0,0,0,0,0,0,0,0,0,0,0,0,0,0,0,0,0,2022
211000,"Raub, r uberische Erpressung auf/gegen Geldinstitute, Postfilialen und -agenturen",5914000,Hagen,insg.,0,0,0,0,0,0,0,0,0,0,0,0,0,0,0,0,0,0,0,0,0,0,0,0,0,0,0,2022
211000,"Raub, r uberische Erpressung auf/gegen Geldinstitute, Postfilialen und -agenturen",15002000,Halle (Saale),vers.,1,1,0,0,0,0,0,0,0,0,0,0,0,0,0,0,0,0,1,1,0,0,0,0,1,1,0,2022
211000,"Raub, r uberische Erpressung auf/gegen Geldinstitute, Postfilialen und -agenturen",15002000,Halle (Saale),voll.,1,0,1,0,0,0,0,0,0,0,0,0,0,0,0,0,0,0,1,0,1,0,0,0,1,0,1,2022
211000,"Raub, r uberische Erpressung auf/gegen Geldinstitute, Postfilialen und -agenturen",15002000,Halle (Saale),insg.,2,1,1,0,0,0,0,0,0,0,0,0,0,0,0,0,0,0,2,1,1,0,0,0,2,1,1,2022
211000,"Raub, r uberische Erpressung auf/gegen Geldinstitute, Postfilialen und -agenturen",2000000,Hamburg,vers.,0,0,0,0,0,0,0,0,0,0,0,0,0,0,0,0,0,0,0,0,0,0,0,0,0,0,0,2022
211000,"Raub, r uberische Erpressung auf/gegen Geldinstitute, Postfilialen und -agenturen",2000000,Hamburg,voll.,0,0,0,0,0,0,0,0,0,0,0,0,0,0,0,0,0,0,0,0,0,0,0,0,0,0,0,2022
211000,"Raub, r uberische Erpressung auf/gegen Geldinstitute, Postfilialen und -agenturen",2000000,Hamburg,insg.,0,0,0,0,0,0,0,0,0,0,0,0,0,0,0,0,0,0,0,0,0,0,0,0,0,0,0,2022
211000,"Raub, r uberische Erpressung auf/gegen Geldinstitute, Postfilialen und -agenturen",5915000,Hamm,vers.,0,0,0,0,0,0,0,0,0,0,0,0,0,0,0,0,0,0,0,0,0,0,0,0,0,0,0,2022
211000,"Raub, r uberische Erpressung auf/gegen Geldinstitute, Postfilialen und -agenturen",5915000,Hamm,voll.,0,0,0,0,0,0,0,0,0,0,0,0,0,0,0,0,0,0,0,0,0,0,0,0,0,0,0,2022
211000,"Raub, r uberische Erpressung auf/gegen Geldinstitute, Postfilialen und -agenturen",5915000,Hamm,insg.,0,0,0,0,0,0,0,0,0,0,0,0,0,0,0,0,0,0,0,0,0,0,0,0,0,0,0,2022
211000,"Raub, r uberische Erpressung auf/gegen Geldinstitute, Postfilialen und -agenturen",6435014,Hanau,vers.,0,0,0,0,0,0,0,0,0,0,0,0,0,0,0,0,0,0,0,0,0,0,0,0,0,0,0,2022
211000,"Raub, r uberische Erpressung auf/gegen Geldinstitute, Postfilialen und -agenturen",6435014,Hanau,voll.,0,0,0,0,0,0,0,0,0,0,0,0,0,0,0,0,0,0,0,0,0,0,0,0,0,0,0,2022
211000,"Raub, r uberische Erpressung auf/gegen Geldinstitute, Postfilialen und -agenturen",6435014,Hanau,insg.,0,0,0,0,0,0,0,0,0,0,0,0,0,0,0,0,0,0,0,0,0,0,0,0,0,0,0,2022
211000,"Raub, r uberische Erpressung auf/gegen Geldinstitute, Postfilialen und -agenturen",3241001,Hannover,vers.,0,0,0,0,0,0,0,0,0,0,0,0,0,0,0,0,0,0,0,0,0,0,0,0,0,0,0,2022
211000,"Raub, r uberische Erpressung auf/gegen Geldinstitute, Postfilialen und -agenturen",3241001,Hannover,voll.,0,0,0,0,0,0,0,0,0,0,0,0,0,0,0,0,0,0,0,0,0,0,0,0,0,0,0,2022
211000,"Raub, r uberische Erpressung auf/gegen Geldinstitute, Postfilialen und -agenturen",3241001,Hannover,insg.,0,0,0,0,0,0,0,0,0,0,0,0,0,0,0,0,0,0,0,0,0,0,0,0,0,0,0,2022
211000,"Raub, r uberische Erpressung auf/gegen Geldinstitute, Postfilialen und -agenturen",8221000,Heidelberg,vers.,0,0,0,0,0,0,0,0,0,0,0,0,0,0,0,0,0,0,0,0,0,0,0,0,0,0,0,2022
211000,"Raub, r uberische Erpressung auf/gegen Geldinstitute, Postfilialen und -agenturen",8221000,Heidelberg,voll.,0,0,0,0,0,0,0,0,0,0,0,0,0,0,0,0,0,0,0,0,0,0,0,0,0,0,0,2022
211000,"Raub, r uberische Erpressung auf/gegen Geldinstitute, Postfilialen und -agenturen",8221000,Heidelberg,insg.,0,0,0,0,0,0,0,0,0,0,0,0,0,0,0,0,0,0,0,0,0,0,0,0,0,0,0,2022
211000,"Raub, r uberische Erpressung auf/gegen Geldinstitute, Postfilialen und -agenturen",8121000,Heilbronn,vers.,0,0,0,0,0,0,0,0,0,0,0,0,0,0,0,0,0,0,0,0,0,0,0,0,0,0,0,2022
211000,"Raub, r uberische Erpressung auf/gegen Geldinstitute, Postfilialen und -agenturen",8121000,Heilbronn,voll.,0,0,0,0,0,0,0,0,0,0,0,0,0,0,0,0,0,0,0,0,0,0,0,0,0,0,0,2022
211000,"Raub, r uberische Erpressung auf/gegen Geldinstitute, Postfilialen und -agenturen",8121000,Heilbronn,insg.,0,0,0,0,0,0,0,0,0,0,0,0,0,0,0,0,0,0,0,0,0,0,0,0,0,0,0,2022
211000,"Raub, r uberische Erpressung auf/gegen Geldinstitute, Postfilialen und -agenturen",5916000,Herne,vers.,0,0,0,0,0,0,0,0,0,0,0,0,0,0,0,0,0,0,0,0,0,0,0,0,0,0,0,2022
211000,"Raub, r uberische Erpressung auf/gegen Geldinstitute, Postfilialen und -agenturen",5916000,Herne,voll.,0,0,0,0,0,0,0,0,0,0,0,0,0,0,0,0,0,0,0,0,0,0,0,0,0,0,0,2022
211000,"Raub, r uberische Erpressung auf/gegen Geldinstitute, Postfilialen und -agenturen",5916000,Herne,insg.,0,0,0,0,0,0,0,0,0,0,0,0,0,0,0,0,0,0,0,0,0,0,0,0,0,0,0,2022
211000,"Raub, r uberische Erpressung auf/gegen Geldinstitute, Postfilialen und -agenturen",3254021,Hildesheim,vers.,0,0,0,0,0,0,0,0,0,0,0,0,0,0,0,0,0,0,0,0,0,0,0,0,0,0,0,2022
211000,"Raub, r uberische Erpressung auf/gegen Geldinstitute, Postfilialen und -agenturen",3254021,Hildesheim,voll.,0,0,0,0,0,0,0,0,0,0,0,0,0,0,0,0,0,0,0,0,0,0,0,0,0,0,0,2022
211000,"Raub, r uberische Erpressung auf/gegen Geldinstitute, Postfilialen und -agenturen",3254021,Hildesheim,insg.,0,0,0,0,0,0,0,0,0,0,0,0,0,0,0,0,0,0,0,0,0,0,0,0,0,0,0,2022
211000,"Raub, r uberische Erpressung auf/gegen Geldinstitute, Postfilialen und -agenturen",9161000,Ingolstadt,vers.,0,0,0,0,0,0,0,0,0,0,0,0,0,0,0,0,0,0,0,0,0,0,0,0,0,0,0,2022
211000,"Raub, r uberische Erpressung auf/gegen Geldinstitute, Postfilialen und -agenturen",9161000,Ingolstadt,voll.,0,0,0,0,0,0,0,0,0,0,0,0,0,0,0,0,0,0,0,0,0,0,0,0,0,0,0,2022
211000,"Raub, r uberische Erpressung auf/gegen Geldinstitute, Postfilialen und -agenturen",9161000,Ingolstadt,insg.,0,0,0,0,0,0,0,0,0,0,0,0,0,0,0,0,0,0,0,0,0,0,0,0,0,0,0,2022
211000,"Raub, r uberische Erpressung auf/gegen Geldinstitute, Postfilialen und -agenturen",16053000,Jena,vers.,0,0,0,0,0,0,0,0,0,0,0,0,0,0,0,0,0,0,0,0,0,0,0,0,0,0,0,2022
211000,"Raub, r uberische Erpressung auf/gegen Geldinstitute, Postfilialen und -agenturen",16053000,Jena,voll.,0,0,0,0,0,0,0,0,0,0,0,0,0,0,0,0,0,0,0,0,0,0,0,0,0,0,0,2022
211000,"Raub, r uberische Erpressung auf/gegen Geldinstitute, Postfilialen und -agenturen",16053000,Jena,insg.,0,0,0,0,0,0,0,0,0,0,0,0,0,0,0,0,0,0,0,0,0,0,0,0,0,0,0,2022
211000,"Raub, r uberische Erpressung auf/gegen Geldinstitute, Postfilialen und -agenturen",7312000,Kaiserslautern,vers.,0,0,0,0,0,0,0,0,0,0,0,0,0,0,0,0,0,0,0,0,0,0,0,0,0,0,0,2022
211000,"Raub, r uberische Erpressung auf/gegen Geldinstitute, Postfilialen und -agenturen",7312000,Kaiserslautern,voll.,0,0,0,0,0,0,0,0,0,0,0,0,0,0,0,0,0,0,0,0,0,0,0,0,0,0,0,2022
211000,"Raub, r uberische Erpressung auf/gegen Geldinstitute, Postfilialen und -agenturen",7312000,Kaiserslautern,insg.,0,0,0,0,0,0,0,0,0,0,0,0,0,0,0,0,0,0,0,0,0,0,0,0,0,0,0,2022
211000,"Raub, r uberische Erpressung auf/gegen Geldinstitute, Postfilialen und -agenturen",8212000,Karlsruhe,vers.,0,0,0,0,0,0,0,0,0,0,0,0,0,0,0,0,0,0,0,0,0,0,0,0,0,0,0,2022
211000,"Raub, r uberische Erpressung auf/gegen Geldinstitute, Postfilialen und -agenturen",8212000,Karlsruhe,voll.,0,0,0,0,0,0,0,0,0,0,0,0,0,0,0,0,0,0,0,0,0,0,0,0,0,0,0,2022
211000,"Raub, r uberische Erpressung auf/gegen Geldinstitute, Postfilialen und -agenturen",8212000,Karlsruhe,insg.,0,0,0,0,0,0,0,0,0,0,0,0,0,0,0,0,0,0,0,0,0,0,0,0,0,0,0,2022
211000,"Raub, r uberische Erpressung auf/gegen Geldinstitute, Postfilialen und -agenturen",6611000,Kassel,vers.,0,0,0,0,0,0,0,0,0,0,0,0,0,0,0,0,0,0,0,0,0,0,0,0,0,0,0,2022
211000,"Raub, r uberische Erpressung auf/gegen Geldinstitute, Postfilialen und -agenturen",6611000,Kassel,voll.,0,0,0,0,0,0,0,0,0,0,0,0,0,0,0,0,0,0,0,0,0,0,0,0,0,0,0,2022
211000,"Raub, r uberische Erpressung auf/gegen Geldinstitute, Postfilialen und -agenturen",6611000,Kassel,insg.,0,0,0,0,0,0,0,0,0,0,0,0,0,0,0,0,0,0,0,0,0,0,0,0,0,0,0,2022
211000,"Raub, r uberische Erpressung auf/gegen Geldinstitute, Postfilialen und -agenturen",1002000,Kiel,vers.,0,0,0,0,0,0,0,0,0,0,0,0,0,0,0,0,0,0,0,0,0,0,0,0,0,0,0,2022
211000,"Raub, r uberische Erpressung auf/gegen Geldinstitute, Postfilialen und -agenturen",1002000,Kiel,voll.,0,0,0,0,0,0,0,0,0,0,0,0,0,0,0,0,0,0,0,0,0,0,0,0,0,0,0,2022
211000,"Raub, r uberische Erpressung auf/gegen Geldinstitute, Postfilialen und -agenturen",1002000,Kiel,insg.,0,0,0,0,0,0,0,0,0,0,0,0,0,0,0,0,0,0,0,0,0,0,0,0,0,0,0,2022
211000,"Raub, r uberische Erpressung auf/gegen Geldinstitute, Postfilialen und -agenturen",7111000,Koblenz,vers.,0,0,0,0,0,0,0,0,0,0,0,0,0,0,0,0,0,0,0,0,0,0,0,0,0,0,0,2022
211000,"Raub, r uberische Erpressung auf/gegen Geldinstitute, Postfilialen und -agenturen",7111000,Koblenz,voll.,1,1,0,0,0,0,0,0,0,0,0,0,0,0,0,0,0,0,1,1,0,0,0,0,1,1,0,2022
211000,"Raub, r uberische Erpressung auf/gegen Geldinstitute, Postfilialen und -agenturen",7111000,Koblenz,insg.,1,1,0,0,0,0,0,0,0,0,0,0,0,0,0,0,0,0,1,1,0,0,0,0,1,1,0,2022
211000,"Raub, r uberische Erpressung auf/gegen Geldinstitute, Postfilialen und -agenturen",5315000,K ln,vers.,1,1,0,0,0,0,0,0,0,0,0,0,0,0,0,0,0,0,0,0,0,1,1,0,1,1,0,2022
211000,"Raub, r uberische Erpressung auf/gegen Geldinstitute, Postfilialen und -agenturen",5315000,K ln,voll.,1,0,1,0,0,0,0,0,0,0,0,0,0,0,0,0,0,0,1,0,1,0,0,0,1,0,1,2022
211000,"Raub, r uberische Erpressung auf/gegen Geldinstitute, Postfilialen und -agenturen",5315000,K ln,insg.,2,1,1,0,0,0,0,0,0,0,0,0,0,0,0,0,0,0,1,0,1,1,1,0,2,1,1,2022
211000,"Raub, r uberische Erpressung auf/gegen Geldinstitute, Postfilialen und -agenturen",5114000,Krefeld,vers.,1,0,1,0,0,0,0,0,0,0,0,0,0,0,0,0,0,0,1,0,1,0,0,0,1,0,1,2022
211000,"Raub, r uberische Erpressung auf/gegen Geldinstitute, Postfilialen und -agenturen",5114000,Krefeld,voll.,0,0,0,0,0,0,0,0,0,0,0,0,0,0,0,0,0,0,0,0,0,0,0,0,0,0,0,2022
211000,"Raub, r uberische Erpressung auf/gegen Geldinstitute, Postfilialen und -agenturen",5114000,Krefeld,insg.,1,0,1,0,0,0,0,0,0,0,0,0,0,0,0,0,0,0,1,0,1,0,0,0,1,0,1,2022
211000,"Raub, r uberische Erpressung auf/gegen Geldinstitute, Postfilialen und -agenturen",14713000,Leipzig,vers.,0,0,0,0,0,0,0,0,0,0,0,0,0,0,0,0,0,0,0,0,0,0,0,0,0,0,0,2022
211000,"Raub, r uberische Erpressung auf/gegen Geldinstitute, Postfilialen und -agenturen",14713000,Leipzig,voll.,0,0,0,0,0,0,0,0,0,0,0,0,0,0,0,0,0,0,0,0,0,0,0,0,0,0,0,2022
211000,"Raub, r uberische Erpressung auf/gegen Geldinstitute, Postfilialen und -agenturen",14713000,Leipzig,insg.,0,0,0,0,0,0,0,0,0,0,0,0,0,0,0,0,0,0,0,0,0,0,0,0,0,0,0,2022
211000,"Raub, r uberische Erpressung auf/gegen Geldinstitute, Postfilialen und -agenturen",5316000,Leverkusen,vers.,0,0,0,0,0,0,0,0,0,0,0,0,0,0,0,0,0,0,0,0,0,0,0,0,0,0,0,2022
211000,"Raub, r uberische Erpressung auf/gegen Geldinstitute, Postfilialen und -agenturen",5316000,Leverkusen,voll.,0,0,0,0,0,0,0,0,0,0,0,0,0,0,0,0,0,0,0,0,0,0,0,0,0,0,0,2022
211000,"Raub, r uberische Erpressung auf/gegen Geldinstitute, Postfilialen und -agenturen",5316000,Leverkusen,insg.,0,0,0,0,0,0,0,0,0,0,0,0,0,0,0,0,0,0,0,0,0,0,0,0,0,0,0,2022
211000,"Raub, r uberische Erpressung auf/gegen Geldinstitute, Postfilialen und -agenturen",1003000,L beck,vers.,0,0,0,0,0,0,0,0,0,0,0,0,0,0,0,0,0,0,0,0,0,0,0,0,0,0,0,2022
211000,"Raub, r uberische Erpressung auf/gegen Geldinstitute, Postfilialen und -agenturen",1003000,L beck,voll.,0,0,0,0,0,0,0,0,0,0,0,0,0,0,0,0,0,0,0,0,0,0,0,0,0,0,0,2022
211000,"Raub, r uberische Erpressung auf/gegen Geldinstitute, Postfilialen und -agenturen",1003000,L beck,insg.,0,0,0,0,0,0,0,0,0,0,0,0,0,0,0,0,0,0,0,0,0,0,0,0,0,0,0,2022
211000,"Raub, r uberische Erpressung auf/gegen Geldinstitute, Postfilialen und -agenturen",7314000,Ludwigshafen am Rhein,vers.,0,0,0,0,0,0,0,0,0,0,0,0,0,0,0,0,0,0,0,0,0,0,0,0,0,0,0,2022
211000,"Raub, r uberische Erpressung auf/gegen Geldinstitute, Postfilialen und -agenturen",7314000,Ludwigshafen am Rhein,voll.,0,0,0,0,0,0,0,0,0,0,0,0,0,0,0,0,0,0,0,0,0,0,0,0,0,0,0,2022
211000,"Raub, r uberische Erpressung auf/gegen Geldinstitute, Postfilialen und -agenturen",7314000,Ludwigshafen am Rhein,insg.,0,0,0,0,0,0,0,0,0,0,0,0,0,0,0,0,0,0,0,0,0,0,0,0,0,0,0,2022
211000,"Raub, r uberische Erpressung auf/gegen Geldinstitute, Postfilialen und -agenturen",15003000,Magdeburg,vers.,0,0,0,0,0,0,0,0,0,0,0,0,0,0,0,0,0,0,0,0,0,0,0,0,0,0,0,2022
211000,"Raub, r uberische Erpressung auf/gegen Geldinstitute, Postfilialen und -agenturen",15003000,Magdeburg,voll.,2,0,2,0,0,0,0,0,0,0,0,0,0,0,0,0,0,0,0,0,0,2,0,2,2,0,2,2022
211000,"Raub, r uberische Erpressung auf/gegen Geldinstitute, Postfilialen und -agenturen",15003000,Magdeburg,insg.,2,0,2,0,0,0,0,0,0,0,0,0,0,0,0,0,0,0,0,0,0,2,0,2,2,0,2,2022
211000,"Raub, r uberische Erpressung auf/gegen Geldinstitute, Postfilialen und -agenturen",7315000,Mainz,vers.,0,0,0,0,0,0,0,0,0,0,0,0,0,0,0,0,0,0,0,0,0,0,0,0,0,0,0,2022
211000,"Raub, r uberische Erpressung auf/gegen Geldinstitute, Postfilialen und -agenturen",7315000,Mainz,voll.,0,0,0,0,0,0,0,0,0,0,0,0,0,0,0,0,0,0,0,0,0,0,0,0,0,0,0,2022
211000,"Raub, r uberische Erpressung auf/gegen Geldinstitute, Postfilialen und -agenturen",7315000,Mainz,insg.,0,0,0,0,0,0,0,0,0,0,0,0,0,0,0,0,0,0,0,0,0,0,0,0,0,0,0,2022
211000,"Raub, r uberische Erpressung auf/gegen Geldinstitute, Postfilialen und -agenturen",8222000,Mannheim,vers.,0,0,0,0,0,0,0,0,0,0,0,0,0,0,0,0,0,0,0,0,0,0,0,0,0,0,0,2022
211000,"Raub, r uberische Erpressung auf/gegen Geldinstitute, Postfilialen und -agenturen",8222000,Mannheim,voll.,0,0,0,0,0,0,0,0,0,0,0,0,0,0,0,0,0,0,0,0,0,0,0,0,0,0,0,2022
211000,"Raub, r uberische Erpressung auf/gegen Geldinstitute, Postfilialen und -agenturen",8222000,Mannheim,insg.,0,0,0,0,0,0,0,0,0,0,0,0,0,0,0,0,0,0,0,0,0,0,0,0,0,0,0,2022
211000,"Raub, r uberische Erpressung auf/gegen Geldinstitute, Postfilialen und -agenturen",5170024,Moers,vers.,0,0,0,0,0,0,0,0,0,0,0,0,0,0,0,0,0,0,0,0,0,0,0,0,0,0,0,2022
211000,"Raub, r uberische Erpressung auf/gegen Geldinstitute, Postfilialen und -agenturen",5170024,Moers,voll.,0,0,0,0,0,0,0,0,0,0,0,0,0,0,0,0,0,0,0,0,0,0,0,0,0,0,0,2022
211000,"Raub, r uberische Erpressung auf/gegen Geldinstitute, Postfilialen und -agenturen",5170024,Moers,insg.,0,0,0,0,0,0,0,0,0,0,0,0,0,0,0,0,0,0,0,0,0,0,0,0,0,0,0,2022
211000,"Raub, r uberische Erpressung auf/gegen Geldinstitute, Postfilialen und -agenturen",5116000,M nchengladbach,vers.,0,0,0,0,0,0,0,0,0,0,0,0,0,0,0,0,0,0,0,0,0,0,0,0,0,0,0,2022
211000,"Raub, r uberische Erpressung auf/gegen Geldinstitute, Postfilialen und -agenturen",5116000,M nchengladbach,voll.,3,1,2,0,0,0,0,0,0,0,0,0,0,0,0,0,0,0,3,1,2,0,0,0,3,1,2,2022
211000,"Raub, r uberische Erpressung auf/gegen Geldinstitute, Postfilialen und -agenturen",5116000,M nchengladbach,insg.,3,1,2,0,0,0,0,0,0,0,0,0,0,0,0,0,0,0,3,1,2,0,0,0,3,1,2,2022
211000,"Raub, r uberische Erpressung auf/gegen Geldinstitute, Postfilialen und -agenturen",5117000,M lheim an der Ruhr,vers.,0,0,0,0,0,0,0,0,0,0,0,0,0,0,0,0,0,0,0,0,0,0,0,0,0,0,0,2022
211000,"Raub, r uberische Erpressung auf/gegen Geldinstitute, Postfilialen und -agenturen",5117000,M lheim an der Ruhr,voll.,0,0,0,0,0,0,0,0,0,0,0,0,0,0,0,0,0,0,0,0,0,0,0,0,0,0,0,2022
211000,"Raub, r uberische Erpressung auf/gegen Geldinstitute, Postfilialen und -agenturen",5117000,M lheim an der Ruhr,insg.,0,0,0,0,0,0,0,0,0,0,0,0,0,0,0,0,0,0,0,0,0,0,0,0,0,0,0,2022
211000,"Raub, r uberische Erpressung auf/gegen Geldinstitute, Postfilialen und -agenturen",9162000,M nchen,vers.,0,0,0,0,0,0,0,0,0,0,0,0,0,0,0,0,0,0,0,0,0,0,0,0,0,0,0,2022
211000,"Raub, r uberische Erpressung auf/gegen Geldinstitute, Postfilialen und -agenturen",9162000,M nchen,voll.,2,1,1,0,0,0,0,0,0,0,0,0,1,0,1,0,0,0,1,1,0,0,0,0,1,1,0,2022
211000,"Raub, r uberische Erpressung auf/gegen Geldinstitute, Postfilialen und -agenturen",9162000,M nchen,insg.,2,1,1,0,0,0,0,0,0,0,0,0,1,0,1,0,0,0,1,1,0,0,0,0,1,1,0,2022
211000,"Raub, r uberische Erpressung auf/gegen Geldinstitute, Postfilialen und -agenturen",5515000,M nster,vers.,0,0,0,0,0,0,0,0,0,0,0,0,0,0,0,0,0,0,0,0,0,0,0,0,0,0,0,2022
211000,"Raub, r uberische Erpressung auf/gegen Geldinstitute, Postfilialen und -agenturen",5515000,M nster,voll.,1,0,1,0,0,0,0,0,0,0,0,0,0,0,0,0,0,0,1,0,1,0,0,0,1,0,1,2022
211000,"Raub, r uberische Erpressung auf/gegen Geldinstitute, Postfilialen und -agenturen",5515000,M nster,insg.,1,0,1,0,0,0,0,0,0,0,0,0,0,0,0,0,0,0,1,0,1,0,0,0,1,0,1,2022
211000,"Raub, r uberische Erpressung auf/gegen Geldinstitute, Postfilialen und -agenturen",5162024,Neuss,vers.,0,0,0,0,0,0,0,0,0,0,0,0,0,0,0,0,0,0,0,0,0,0,0,0,0,0,0,2022
211000,"Raub, r uberische Erpressung auf/gegen Geldinstitute, Postfilialen und -agenturen",5162024,Neuss,voll.,0,0,0,0,0,0,0,0,0,0,0,0,0,0,0,0,0,0,0,0,0,0,0,0,0,0,0,2022
211000,"Raub, r uberische Erpressung auf/gegen Geldinstitute, Postfilialen und -agenturen",5162024,Neuss,insg.,0,0,0,0,0,0,0,0,0,0,0,0,0,0,0,0,0,0,0,0,0,0,0,0,0,0,0,2022
211000,"Raub, r uberische Erpressung auf/gegen Geldinstitute, Postfilialen und -agenturen",9564000,N rnberg,vers.,0,0,0,0,0,0,0,0,0,0,0,0,0,0,0,0,0,0,0,0,0,0,0,0,0,0,0,2022
211000,"Raub, r uberische Erpressung auf/gegen Geldinstitute, Postfilialen und -agenturen",9564000,N rnberg,voll.,0,0,0,0,0,0,0,0,0,0,0,0,0,0,0,0,0,0,0,0,0,0,0,0,0,0,0,2022
211000,"Raub, r uberische Erpressung auf/gegen Geldinstitute, Postfilialen und -agenturen",9564000,N rnberg,insg.,0,0,0,0,0,0,0,0,0,0,0,0,0,0,0,0,0,0,0,0,0,0,0,0,0,0,0,2022
211000,"Raub, r uberische Erpressung auf/gegen Geldinstitute, Postfilialen und -agenturen",5119000,Oberhausen,vers.,0,0,0,0,0,0,0,0,0,0,0,0,0,0,0,0,0,0,0,0,0,0,0,0,0,0,0,2022
211000,"Raub, r uberische Erpressung auf/gegen Geldinstitute, Postfilialen und -agenturen",5119000,Oberhausen,voll.,0,0,0,0,0,0,0,0,0,0,0,0,0,0,0,0,0,0,0,0,0,0,0,0,0,0,0,2022
211000,"Raub, r uberische Erpressung auf/gegen Geldinstitute, Postfilialen und -agenturen",5119000,Oberhausen,insg.,0,0,0,0,0,0,0,0,0,0,0,0,0,0,0,0,0,0,0,0,0,0,0,0,0,0,0,2022
211000,"Raub, r uberische Erpressung auf/gegen Geldinstitute, Postfilialen und -agenturen",6413000,Offenbach am Main,vers.,0,0,0,0,0,0,0,0,0,0,0,0,0,0,0,0,0,0,0,0,0,0,0,0,0,0,0,2022
211000,"Raub, r uberische Erpressung auf/gegen Geldinstitute, Postfilialen und -agenturen",6413000,Offenbach am Main,voll.,0,0,0,0,0,0,0,0,0,0,0,0,0,0,0,0,0,0,0,0,0,0,0,0,0,0,0,2022
211000,"Raub, r uberische Erpressung auf/gegen Geldinstitute, Postfilialen und -agenturen",6413000,Offenbach am Main,insg.,0,0,0,0,0,0,0,0,0,0,0,0,0,0,0,0,0,0,0,0,0,0,0,0,0,0,0,2022
211000,"Raub, r uberische Erpressung auf/gegen Geldinstitute, Postfilialen und -agenturen",3403000,Oldenburg (Oldenburg),vers.,0,0,0,0,0,0,0,0,0,0,0,0,0,0,0,0,0,0,0,0,0,0,0,0,0,0,0,2022
211000,"Raub, r uberische Erpressung auf/gegen Geldinstitute, Postfilialen und -agenturen",3403000,Oldenburg (Oldenburg),voll.,0,0,0,0,0,0,0,0,0,0,0,0,0,0,0,0,0,0,0,0,0,0,0,0,0,0,0,2022
211000,"Raub, r uberische Erpressung auf/gegen Geldinstitute, Postfilialen und -agenturen",3403000,Oldenburg (Oldenburg),insg.,0,0,0,0,0,0,0,0,0,0,0,0,0,0,0,0,0,0,0,0,0,0,0,0,0,0,0,2022
211000,"Raub, r uberische Erpressung auf/gegen Geldinstitute, Postfilialen und -agenturen",3404000,Osnabr ck,vers.,0,0,0,0,0,0,0,0,0,0,0,0,0,0,0,0,0,0,0,0,0,0,0,0,0,0,0,2022
211000,"Raub, r uberische Erpressung auf/gegen Geldinstitute, Postfilialen und -agenturen",3404000,Osnabr ck,voll.,0,0,0,0,0,0,0,0,0,0,0,0,0,0,0,0,0,0,0,0,0,0,0,0,0,0,0,2022
211000,"Raub, r uberische Erpressung auf/gegen Geldinstitute, Postfilialen und -agenturen",3404000,Osnabr ck,insg.,0,0,0,0,0,0,0,0,0,0,0,0,0,0,0,0,0,0,0,0,0,0,0,0,0,0,0,2022
211000,"Raub, r uberische Erpressung auf/gegen Geldinstitute, Postfilialen und -agenturen",5774032,Paderborn,vers.,0,0,0,0,0,0,0,0,0,0,0,0,0,0,0,0,0,0,0,0,0,0,0,0,0,0,0,2022
211000,"Raub, r uberische Erpressung auf/gegen Geldinstitute, Postfilialen und -agenturen",5774032,Paderborn,voll.,0,0,0,0,0,0,0,0,0,0,0,0,0,0,0,0,0,0,0,0,0,0,0,0,0,0,0,2022
211000,"Raub, r uberische Erpressung auf/gegen Geldinstitute, Postfilialen und -agenturen",5774032,Paderborn,insg.,0,0,0,0,0,0,0,0,0,0,0,0,0,0,0,0,0,0,0,0,0,0,0,0,0,0,0,2022
211000,"Raub, r uberische Erpressung auf/gegen Geldinstitute, Postfilialen und -agenturen",8231000,Pforzheim,vers.,0,0,0,0,0,0,0,0,0,0,0,0,0,0,0,0,0,0,0,0,0,0,0,0,0,0,0,2022
211000,"Raub, r uberische Erpressung auf/gegen Geldinstitute, Postfilialen und -agenturen",8231000,Pforzheim,voll.,1,1,0,0,0,0,0,0,0,0,0,0,0,0,0,0,0,0,1,1,0,0,0,0,1,1,0,2022
211000,"Raub, r uberische Erpressung auf/gegen Geldinstitute, Postfilialen und -agenturen",8231000,Pforzheim,insg.,1,1,0,0,0,0,0,0,0,0,0,0,0,0,0,0,0,0,1,1,0,0,0,0,1,1,0,2022
211000,"Raub, r uberische Erpressung auf/gegen Geldinstitute, Postfilialen und -agenturen",12054000,Potsdam,vers.,0,0,0,0,0,0,0,0,0,0,0,0,0,0,0,0,0,0,0,0,0,0,0,0,0,0,0,2022
211000,"Raub, r uberische Erpressung auf/gegen Geldinstitute, Postfilialen und -agenturen",12054000,Potsdam,voll.,0,0,0,0,0,0,0,0,0,0,0,0,0,0,0,0,0,0,0,0,0,0,0,0,0,0,0,2022
211000,"Raub, r uberische Erpressung auf/gegen Geldinstitute, Postfilialen und -agenturen",12054000,Potsdam,insg.,0,0,0,0,0,0,0,0,0,0,0,0,0,0,0,0,0,0,0,0,0,0,0,0,0,0,0,2022
211000,"Raub, r uberische Erpressung auf/gegen Geldinstitute, Postfilialen und -agenturen",5562032,Recklinghausen,vers.,0,0,0,0,0,0,0,0,0,0,0,0,0,0,0,0,0,0,0,0,0,0,0,0,0,0,0,2022
211000,"Raub, r uberische Erpressung auf/gegen Geldinstitute, Postfilialen und -agenturen",5562032,Recklinghausen,voll.,0,0,0,0,0,0,0,0,0,0,0,0,0,0,0,0,0,0,0,0,0,0,0,0,0,0,0,2022
211000,"Raub, r uberische Erpressung auf/gegen Geldinstitute, Postfilialen und -agenturen",5562032,Recklinghausen,insg.,0,0,0,0,0,0,0,0,0,0,0,0,0,0,0,0,0,0,0,0,0,0,0,0,0,0,0,2022
211000,"Raub, r uberische Erpressung auf/gegen Geldinstitute, Postfilialen und -agenturen",9362000,Regensburg,vers.,0,0,0,0,0,0,0,0,0,0,0,0,0,0,0,0,0,0,0,0,0,0,0,0,0,0,0,2022
211000,"Raub, r uberische Erpressung auf/gegen Geldinstitute, Postfilialen und -agenturen",9362000,Regensburg,voll.,0,0,0,0,0,0,0,0,0,0,0,0,0,0,0,0,0,0,0,0,0,0,0,0,0,0,0,2022
211000,"Raub, r uberische Erpressung auf/gegen Geldinstitute, Postfilialen und -agenturen",9362000,Regensburg,insg.,0,0,0,0,0,0,0,0,0,0,0,0,0,0,0,0,0,0,0,0,0,0,0,0,0,0,0,2022
211000,"Raub, r uberische Erpressung auf/gegen Geldinstitute, Postfilialen und -agenturen",5120000,Remscheid,vers.,0,0,0,0,0,0,0,0,0,0,0,0,0,0,0,0,0,0,0,0,0,0,0,0,0,0,0,2022
211000,"Raub, r uberische Erpressung auf/gegen Geldinstitute, Postfilialen und -agenturen",5120000,Remscheid,voll.,0,0,0,0,0,0,0,0,0,0,0,0,0,0,0,0,0,0,0,0,0,0,0,0,0,0,0,2022
211000,"Raub, r uberische Erpressung auf/gegen Geldinstitute, Postfilialen und -agenturen",5120000,Remscheid,insg.,0,0,0,0,0,0,0,0,0,0,0,0,0,0,0,0,0,0,0,0,0,0,0,0,0,0,0,2022
211000,"Raub, r uberische Erpressung auf/gegen Geldinstitute, Postfilialen und -agenturen",8415061,Reutlingen,vers.,0,0,0,0,0,0,0,0,0,0,0,0,0,0,0,0,0,0,0,0,0,0,0,0,0,0,0,2022
211000,"Raub, r uberische Erpressung auf/gegen Geldinstitute, Postfilialen und -agenturen",8415061,Reutlingen,voll.,1,0,1,0,0,0,0,0,0,0,0,0,0,0,0,0,0,0,1,0,1,0,0,0,1,0,1,2022
211000,"Raub, r uberische Erpressung auf/gegen Geldinstitute, Postfilialen und -agenturen",8415061,Reutlingen,insg.,1,0,1,0,0,0,0,0,0,0,0,0,0,0,0,0,0,0,1,0,1,0,0,0,1,0,1,2022
211000,"Raub, r uberische Erpressung auf/gegen Geldinstitute, Postfilialen und -agenturen",13003000,"Rostock, Hanse- und Universit tsstadt",vers.,0,0,0,0,0,0,0,0,0,0,0,0,0,0,0,0,0,0,0,0,0,0,0,0,0,0,0,2022
211000,"Raub, r uberische Erpressung auf/gegen Geldinstitute, Postfilialen und -agenturen",13003000,"Rostock, Hanse- und Universit tsstadt",voll.,0,0,0,0,0,0,0,0,0,0,0,0,0,0,0,0,0,0,0,0,0,0,0,0,0,0,0,2022
211000,"Raub, r uberische Erpressung auf/gegen Geldinstitute, Postfilialen und -agenturen",13003000,"Rostock, Hanse- und Universit tsstadt",insg.,0,0,0,0,0,0,0,0,0,0,0,0,0,0,0,0,0,0,0,0,0,0,0,0,0,0,0,2022
211000,"Raub, r uberische Erpressung auf/gegen Geldinstitute, Postfilialen und -agenturen",10041100,Saarbr cken,vers.,0,0,0,0,0,0,0,0,0,0,0,0,0,0,0,0,0,0,0,0,0,0,0,0,0,0,0,2022
211000,"Raub, r uberische Erpressung auf/gegen Geldinstitute, Postfilialen und -agenturen",10041100,Saarbr cken,voll.,3,1,2,0,0,0,0,0,0,0,0,0,0,0,0,0,0,0,2,0,2,1,1,0,3,1,2,2022
211000,"Raub, r uberische Erpressung auf/gegen Geldinstitute, Postfilialen und -agenturen",10041100,Saarbr cken,insg.,3,1,2,0,0,0,0,0,0,0,0,0,0,0,0,0,0,0,2,0,2,1,1,0,3,1,2,2022
211000,"Raub, r uberische Erpressung auf/gegen Geldinstitute, Postfilialen und -agenturen",3102000,Salzgitter,vers.,0,0,0,0,0,0,0,0,0,0,0,0,0,0,0,0,0,0,0,0,0,0,0,0,0,0,0,2022
211000,"Raub, r uberische Erpressung auf/gegen Geldinstitute, Postfilialen und -agenturen",3102000,Salzgitter,voll.,0,0,0,0,0,0,0,0,0,0,0,0,0,0,0,0,0,0,0,0,0,0,0,0,0,0,0,2022
211000,"Raub, r uberische Erpressung auf/gegen Geldinstitute, Postfilialen und -agenturen",3102000,Salzgitter,insg.,0,0,0,0,0,0,0,0,0,0,0,0,0,0,0,0,0,0,0,0,0,0,0,0,0,0,0,2022
211000,"Raub, r uberische Erpressung auf/gegen Geldinstitute, Postfilialen und -agenturen",13004000,Schwerin,vers.,0,0,0,0,0,0,0,0,0,0,0,0,0,0,0,0,0,0,0,0,0,0,0,0,0,0,0,2022
211000,"Raub, r uberische Erpressung auf/gegen Geldinstitute, Postfilialen und -agenturen",13004000,Schwerin,voll.,0,0,0,0,0,0,0,0,0,0,0,0,0,0,0,0,0,0,0,0,0,0,0,0,0,0,0,2022
211000,"Raub, r uberische Erpressung auf/gegen Geldinstitute, Postfilialen und -agenturen",13004000,Schwerin,insg.,0,0,0,0,0,0,0,0,0,0,0,0,0,0,0,0,0,0,0,0,0,0,0,0,0,0,0,2022
211000,"Raub, r uberische Erpressung auf/gegen Geldinstitute, Postfilialen und -agenturen",5970040,Siegen,vers.,0,0,0,0,0,0,0,0,0,0,0,0,0,0,0,0,0,0,0,0,0,0,0,0,0,0,0,2022
211000,"Raub, r uberische Erpressung auf/gegen Geldinstitute, Postfilialen und -agenturen",5970040,Siegen,voll.,0,0,0,0,0,0,0,0,0,0,0,0,0,0,0,0,0,0,0,0,0,0,0,0,0,0,0,2022
211000,"Raub, r uberische Erpressung auf/gegen Geldinstitute, Postfilialen und -agenturen",5970040,Siegen,insg.,0,0,0,0,0,0,0,0,0,0,0,0,0,0,0,0,0,0,0,0,0,0,0,0,0,0,0,2022
211000,"Raub, r uberische Erpressung auf/gegen Geldinstitute, Postfilialen und -agenturen",5122000,Solingen,vers.,0,0,0,0,0,0,0,0,0,0,0,0,0,0,0,0,0,0,0,0,0,0,0,0,0,0,0,2022
211000,"Raub, r uberische Erpressung auf/gegen Geldinstitute, Postfilialen und -agenturen",5122000,Solingen,voll.,0,0,0,0,0,0,0,0,0,0,0,0,0,0,0,0,0,0,0,0,0,0,0,0,0,0,0,2022
211000,"Raub, r uberische Erpressung auf/gegen Geldinstitute, Postfilialen und -agenturen",5122000,Solingen,insg.,0,0,0,0,0,0,0,0,0,0,0,0,0,0,0,0,0,0,0,0,0,0,0,0,0,0,0,2022
211000,"Raub, r uberische Erpressung auf/gegen Geldinstitute, Postfilialen und -agenturen",8111000,Stuttgart,vers.,1,1,0,0,0,0,0,0,0,0,0,0,0,0,0,0,0,0,1,1,0,0,0,0,1,1,0,2022
211000,"Raub, r uberische Erpressung auf/gegen Geldinstitute, Postfilialen und -agenturen",8111000,Stuttgart,voll.,0,0,0,0,0,0,0,0,0,0,0,0,0,0,0,0,0,0,0,0,0,0,0,0,0,0,0,2022
211000,"Raub, r uberische Erpressung auf/gegen Geldinstitute, Postfilialen und -agenturen",8111000,Stuttgart,insg.,1,1,0,0,0,0,0,0,0,0,0,0,0,0,0,0,0,0,1,1,0,0,0,0,1,1,0,2022
211000,"Raub, r uberische Erpressung auf/gegen Geldinstitute, Postfilialen und -agenturen",7211000,Trier,vers.,0,0,0,0,0,0,0,0,0,0,0,0,0,0,0,0,0,0,0,0,0,0,0,0,0,0,0,2022
211000,"Raub, r uberische Erpressung auf/gegen Geldinstitute, Postfilialen und -agenturen",7211000,Trier,voll.,0,0,0,0,0,0,0,0,0,0,0,0,0,0,0,0,0,0,0,0,0,0,0,0,0,0,0,2022
211000,"Raub, r uberische Erpressung auf/gegen Geldinstitute, Postfilialen und -agenturen",7211000,Trier,insg.,0,0,0,0,0,0,0,0,0,0,0,0,0,0,0,0,0,0,0,0,0,0,0,0,0,0,0,2022
211000,"Raub, r uberische Erpressung auf/gegen Geldinstitute, Postfilialen und -agenturen",8421000,Ulm,vers.,0,0,0,0,0,0,0,0,0,0,0,0,0,0,0,0,0,0,0,0,0,0,0,0,0,0,0,2022
211000,"Raub, r uberische Erpressung auf/gegen Geldinstitute, Postfilialen und -agenturen",8421000,Ulm,voll.,0,0,0,0,0,0,0,0,0,0,0,0,0,0,0,0,0,0,0,0,0,0,0,0,0,0,0,2022
211000,"Raub, r uberische Erpressung auf/gegen Geldinstitute, Postfilialen und -agenturen",8421000,Ulm,insg.,0,0,0,0,0,0,0,0,0,0,0,0,0,0,0,0,0,0,0,0,0,0,0,0,0,0,0,2022
211000,"Raub, r uberische Erpressung auf/gegen Geldinstitute, Postfilialen und -agenturen",6414000,Wiesbaden,vers.,0,0,0,0,0,0,0,0,0,0,0,0,0,0,0,0,0,0,0,0,0,0,0,0,0,0,0,2022
211000,"Raub, r uberische Erpressung auf/gegen Geldinstitute, Postfilialen und -agenturen",6414000,Wiesbaden,voll.,0,0,0,0,0,0,0,0,0,0,0,0,0,0,0,0,0,0,0,0,0,0,0,0,0,0,0,2022
211000,"Raub, r uberische Erpressung auf/gegen Geldinstitute, Postfilialen und -agenturen",6414000,Wiesbaden,insg.,0,0,0,0,0,0,0,0,0,0,0,0,0,0,0,0,0,0,0,0,0,0,0,0,0,0,0,2022
211000,"Raub, r uberische Erpressung auf/gegen Geldinstitute, Postfilialen und -agenturen",3103000,Wolfsburg,vers.,0,0,0,0,0,0,0,0,0,0,0,0,0,0,0,0,0,0,0,0,0,0,0,0,0,0,0,2022
211000,"Raub, r uberische Erpressung auf/gegen Geldinstitute, Postfilialen und -agenturen",3103000,Wolfsburg,voll.,0,0,0,0,0,0,0,0,0,0,0,0,0,0,0,0,0,0,0,0,0,0,0,0,0,0,0,2022
211000,"Raub, r uberische Erpressung auf/gegen Geldinstitute, Postfilialen und -agenturen",3103000,Wolfsburg,insg.,0,0,0,0,0,0,0,0,0,0,0,0,0,0,0,0,0,0,0,0,0,0,0,0,0,0,0,2022
211000,"Raub, r uberische Erpressung auf/gegen Geldinstitute, Postfilialen und -agenturen",5124000,Wuppertal,vers.,0,0,0,0,0,0,0,0,0,0,0,0,0,0,0,0,0,0,0,0,0,0,0,0,0,0,0,2022
211000,"Raub, r uberische Erpressung auf/gegen Geldinstitute, Postfilialen und -agenturen",5124000,Wuppertal,voll.,0,0,0,0,0,0,0,0,0,0,0,0,0,0,0,0,0,0,0,0,0,0,0,0,0,0,0,2022
211000,"Raub, r uberische Erpressung auf/gegen Geldinstitute, Postfilialen und -agenturen",5124000,Wuppertal,insg.,0,0,0,0,0,0,0,0,0,0,0,0,0,0,0,0,0,0,0,0,0,0,0,0,0,0,0,2022
211000,"Raub, r uberische Erpressung auf/gegen Geldinstitute, Postfilialen und -agenturen",9663000,W rzburg,vers.,0,0,0,0,0,0,0,0,0,0,0,0,0,0,0,0,0,0,0,0,0,0,0,0,0,0,0,2022
211000,"Raub, r uberische Erpressung auf/gegen Geldinstitute, Postfilialen und -agenturen",9663000,W rzburg,voll.,0,0,0,0,0,0,0,0,0,0,0,0,0,0,0,0,0,0,0,0,0,0,0,0,0,0,0,2022
211000,"Raub, r uberische Erpressung auf/gegen Geldinstitute, Postfilialen und -agenturen",9663000,W rzburg,insg.,0,0,0,0,0,0,0,0,0,0,0,0,0,0,0,0,0,0,0,0,0,0,0,0,0,0,0,2022
212000,"Raub, r uberische Erpressung auf/gegen sonstige Kassenr ume und Gesch fte ",5334002,Aachen,vers.,6,4,2,0,0,0,0,0,0,0,0,0,1,0,1,1,1,0,3,2,1,1,1,0,4,3,1,2022
212000,"Raub, r uberische Erpressung auf/gegen sonstige Kassenr ume und Gesch fte ",5334002,Aachen,voll.,14,9,5,0,0,0,0,0,0,0,0,0,0,0,0,3,1,2,11,8,3,0,0,0,11,8,3,2022
212000,"Raub, r uberische Erpressung auf/gegen sonstige Kassenr ume und Gesch fte ",5334002,Aachen,insg.,20,13,7,0,0,0,0,0,0,0,0,0,1,0,1,4,2,2,14,10,4,1,1,0,15,11,4,2022
212000,"Raub, r uberische Erpressung auf/gegen sonstige Kassenr ume und Gesch fte ",9761000,Augsburg,vers.,2,1,1,0,0,0,0,0,0,0,0,0,0,0,0,0,0,0,1,1,0,1,0,1,2,1,1,2022
212000,"Raub, r uberische Erpressung auf/gegen sonstige Kassenr ume und Gesch fte ",9761000,Augsburg,voll.,1,0,1,0,0,0,0,0,0,0,0,0,0,0,0,0,0,0,1,0,1,0,0,0,1,0,1,2022
212000,"Raub, r uberische Erpressung auf/gegen sonstige Kassenr ume und Gesch fte ",9761000,Augsburg,insg.,3,1,2,0,0,0,0,0,0,0,0,0,0,0,0,0,0,0,2,1,1,1,0,1,3,1,2,2022
212000,"Raub, r uberische Erpressung auf/gegen sonstige Kassenr ume und Gesch fte ",5378004,Bergisch Gladbach,vers.,0,0,0,0,0,0,0,0,0,0,0,0,0,0,0,0,0,0,0,0,0,0,0,0,0,0,0,2022
212000,"Raub, r uberische Erpressung auf/gegen sonstige Kassenr ume und Gesch fte ",5378004,Bergisch Gladbach,voll.,5,3,2,0,0,0,0,0,0,0,0,0,0,0,0,2,1,1,3,2,1,0,0,0,3,2,1,2022
212000,"Raub, r uberische Erpressung auf/gegen sonstige Kassenr ume und Gesch fte ",5378004,Bergisch Gladbach,insg.,5,3,2,0,0,0,0,0,0,0,0,0,0,0,0,2,1,1,3,2,1,0,0,0,3,2,1,2022
212000,"Raub, r uberische Erpressung auf/gegen sonstige Kassenr ume und Gesch fte ",11000000,Berlin,vers.,110,46,64,0,0,0,0,0,0,0,0,0,1,1,0,6,2,4,87,37,50,16,6,10,103,43,60,2022
212000,"Raub, r uberische Erpressung auf/gegen sonstige Kassenr ume und Gesch fte ",11000000,Berlin,voll.,312,194,118,0,0,0,0,0,0,0,0,0,6,5,1,24,19,5,237,147,90,45,23,22,282,170,112,2022
212000,"Raub, r uberische Erpressung auf/gegen sonstige Kassenr ume und Gesch fte ",11000000,Berlin,insg.,422,240,182,0,0,0,0,0,0,0,0,0,7,6,1,30,21,9,324,184,140,61,29,32,385,213,172,2022
212000,"Raub, r uberische Erpressung auf/gegen sonstige Kassenr ume und Gesch fte ",5711000,Bielefeld,vers.,3,3,0,0,0,0,0,0,0,0,0,0,0,0,0,2,2,0,0,0,0,1,1,0,1,1,0,2022
212000,"Raub, r uberische Erpressung auf/gegen sonstige Kassenr ume und Gesch fte ",5711000,Bielefeld,voll.,10,6,4,0,0,0,0,0,0,0,0,0,0,0,0,0,0,0,9,6,3,1,0,1,10,6,4,2022
212000,"Raub, r uberische Erpressung auf/gegen sonstige Kassenr ume und Gesch fte ",5711000,Bielefeld,insg.,13,9,4,0,0,0,0,0,0,0,0,0,0,0,0,2,2,0,9,6,3,2,1,1,11,7,4,2022
212000,"Raub, r uberische Erpressung auf/gegen sonstige Kassenr ume und Gesch fte ",5911000,Bochum,vers.,2,1,1,0,0,0,0,0,0,0,0,0,0,0,0,0,0,0,1,0,1,1,1,0,2,1,1,2022
212000,"Raub, r uberische Erpressung auf/gegen sonstige Kassenr ume und Gesch fte ",5911000,Bochum,voll.,15,7,8,0,0,0,0,0,0,0,0,0,0,0,0,0,0,0,14,6,8,1,1,0,15,7,8,2022
212000,"Raub, r uberische Erpressung auf/gegen sonstige Kassenr ume und Gesch fte ",5911000,Bochum,insg.,17,8,9,0,0,0,0,0,0,0,0,0,0,0,0,0,0,0,15,6,9,2,2,0,17,8,9,2022
212000,"Raub, r uberische Erpressung auf/gegen sonstige Kassenr ume und Gesch fte ",5314000,Bonn,vers.,5,1,4,0,0,0,0,0,0,0,0,0,0,0,0,0,0,0,5,1,4,0,0,0,5,1,4,2022
212000,"Raub, r uberische Erpressung auf/gegen sonstige Kassenr ume und Gesch fte ",5314000,Bonn,voll.,8,2,6,0,0,0,0,0,0,0,0,0,0,0,0,1,1,0,5,1,4,2,0,2,7,1,6,2022
212000,"Raub, r uberische Erpressung auf/gegen sonstige Kassenr ume und Gesch fte ",5314000,Bonn,insg.,13,3,10,0,0,0,0,0,0,0,0,0,0,0,0,1,1,0,10,2,8,2,0,2,12,2,10,2022
212000,"Raub, r uberische Erpressung auf/gegen sonstige Kassenr ume und Gesch fte ",5512000,Bottrop,vers.,1,1,0,0,0,0,0,0,0,0,0,0,0,0,0,0,0,0,1,1,0,0,0,0,1,1,0,2022
212000,"Raub, r uberische Erpressung auf/gegen sonstige Kassenr ume und Gesch fte ",5512000,Bottrop,voll.,12,7,5,0,0,0,0,0,0,0,0,0,0,0,0,1,0,1,6,5,1,5,2,3,11,7,4,2022
212000,"Raub, r uberische Erpressung auf/gegen sonstige Kassenr ume und Gesch fte ",5512000,Bottrop,insg.,13,8,5,0,0,0,0,0,0,0,0,0,0,0,0,1,0,1,7,6,1,5,2,3,12,8,4,2022
212000,"Raub, r uberische Erpressung auf/gegen sonstige Kassenr ume und Gesch fte ",3101000,Braunschweig,vers.,1,1,0,0,0,0,0,0,0,0,0,0,0,0,0,1,1,0,0,0,0,0,0,0,0,0,0,2022
212000,"Raub, r uberische Erpressung auf/gegen sonstige Kassenr ume und Gesch fte ",3101000,Braunschweig,voll.,4,1,3,0,0,0,0,0,0,0,0,0,0,0,0,0,0,0,3,0,3,1,1,0,4,1,3,2022
212000,"Raub, r uberische Erpressung auf/gegen sonstige Kassenr ume und Gesch fte ",3101000,Braunschweig,insg.,5,2,3,0,0,0,0,0,0,0,0,0,0,0,0,1,1,0,3,0,3,1,1,0,4,1,3,2022
212000,"Raub, r uberische Erpressung auf/gegen sonstige Kassenr ume und Gesch fte ",4011000,Bremen,vers.,27,9,18,0,0,0,0,0,0,0,0,0,0,0,0,2,1,1,20,6,14,5,2,3,25,8,17,2022
212000,"Raub, r uberische Erpressung auf/gegen sonstige Kassenr ume und Gesch fte ",4011000,Bremen,voll.,58,25,33,0,0,0,0,0,0,0,0,0,0,0,0,6,3,3,48,21,27,4,1,3,52,22,30,2022
212000,"Raub, r uberische Erpressung auf/gegen sonstige Kassenr ume und Gesch fte ",4011000,Bremen,insg.,85,34,51,0,0,0,0,0,0,0,0,0,0,0,0,8,4,4,68,27,41,9,3,6,77,30,47,2022
212000,"Raub, r uberische Erpressung auf/gegen sonstige Kassenr ume und Gesch fte ",4012000,Bremerhaven,vers.,2,0,2,0,0,0,0,0,0,0,0,0,0,0,0,0,0,0,2,0,2,0,0,0,2,0,2,2022
212000,"Raub, r uberische Erpressung auf/gegen sonstige Kassenr ume und Gesch fte ",4012000,Bremerhaven,voll.,13,6,7,0,0,0,0,0,0,0,0,0,0,0,0,3,2,1,9,3,6,1,1,0,10,4,6,2022
212000,"Raub, r uberische Erpressung auf/gegen sonstige Kassenr ume und Gesch fte ",4012000,Bremerhaven,insg.,15,6,9,0,0,0,0,0,0,0,0,0,0,0,0,3,2,1,11,3,8,1,1,0,12,4,8,2022
212000,"Raub, r uberische Erpressung auf/gegen sonstige Kassenr ume und Gesch fte ",14511000,Chemnitz,vers.,1,1,0,0,0,0,0,0,0,0,0,0,0,0,0,0,0,0,0,0,0,1,1,0,1,1,0,2022
212000,"Raub, r uberische Erpressung auf/gegen sonstige Kassenr ume und Gesch fte ",14511000,Chemnitz,voll.,1,0,1,0,0,0,0,0,0,0,0,0,0,0,0,0,0,0,1,0,1,0,0,0,1,0,1,2022
212000,"Raub, r uberische Erpressung auf/gegen sonstige Kassenr ume und Gesch fte ",14511000,Chemnitz,insg.,2,1,1,0,0,0,0,0,0,0,0,0,0,0,0,0,0,0,1,0,1,1,1,0,2,1,1,2022
212000,"Raub, r uberische Erpressung auf/gegen sonstige Kassenr ume und Gesch fte ",12052000,Cottbus,vers.,1,1,0,0,0,0,0,0,0,0,0,0,0,0,0,0,0,0,1,1,0,0,0,0,1,1,0,2022
212000,"Raub, r uberische Erpressung auf/gegen sonstige Kassenr ume und Gesch fte ",12052000,Cottbus,voll.,1,0,1,0,0,0,0,0,0,0,0,0,0,0,0,0,0,0,1,0,1,0,0,0,1,0,1,2022
212000,"Raub, r uberische Erpressung auf/gegen sonstige Kassenr ume und Gesch fte ",12052000,Cottbus,insg.,2,1,1,0,0,0,0,0,0,0,0,0,0,0,0,0,0,0,2,1,1,0,0,0,2,1,1,2022
212000,"Raub, r uberische Erpressung auf/gegen sonstige Kassenr ume und Gesch fte ",6411000,Darmstadt,vers.,1,0,1,0,0,0,0,0,0,0,0,0,0,0,0,0,0,0,1,0,1,0,0,0,1,0,1,2022
212000,"Raub, r uberische Erpressung auf/gegen sonstige Kassenr ume und Gesch fte ",6411000,Darmstadt,voll.,4,0,4,0,0,0,0,0,0,0,0,0,0,0,0,0,0,0,3,0,3,1,0,1,4,0,4,2022
212000,"Raub, r uberische Erpressung auf/gegen sonstige Kassenr ume und Gesch fte ",6411000,Darmstadt,insg.,5,0,5,0,0,0,0,0,0,0,0,0,0,0,0,0,0,0,4,0,4,1,0,1,5,0,5,2022
212000,"Raub, r uberische Erpressung auf/gegen sonstige Kassenr ume und Gesch fte ",5913000,Dortmund,vers.,10,7,3,0,0,0,0,0,0,0,0,0,0,0,0,0,0,0,9,6,3,1,1,0,10,7,3,2022
212000,"Raub, r uberische Erpressung auf/gegen sonstige Kassenr ume und Gesch fte ",5913000,Dortmund,voll.,16,11,5,0,0,0,0,0,0,0,0,0,0,0,0,1,1,0,11,8,3,4,2,2,15,10,5,2022
212000,"Raub, r uberische Erpressung auf/gegen sonstige Kassenr ume und Gesch fte ",5913000,Dortmund,insg.,26,18,8,0,0,0,0,0,0,0,0,0,0,0,0,1,1,0,20,14,6,5,3,2,25,17,8,2022
212000,"Raub, r uberische Erpressung auf/gegen sonstige Kassenr ume und Gesch fte ",14612000,Dresden,vers.,3,2,1,0,0,0,0,0,0,0,0,0,0,0,0,0,0,0,3,2,1,0,0,0,3,2,1,2022
212000,"Raub, r uberische Erpressung auf/gegen sonstige Kassenr ume und Gesch fte ",14612000,Dresden,voll.,9,6,3,0,0,0,0,0,0,0,0,0,0,0,0,0,0,0,9,6,3,0,0,0,9,6,3,2022
212000,"Raub, r uberische Erpressung auf/gegen sonstige Kassenr ume und Gesch fte ",14612000,Dresden,insg.,12,8,4,0,0,0,0,0,0,0,0,0,0,0,0,0,0,0,12,8,4,0,0,0,12,8,4,2022
212000,"Raub, r uberische Erpressung auf/gegen sonstige Kassenr ume und Gesch fte ",5112000,Duisburg,vers.,8,3,5,0,0,0,0,0,0,0,0,0,0,0,0,0,0,0,7,2,5,1,1,0,8,3,5,2022
212000,"Raub, r uberische Erpressung auf/gegen sonstige Kassenr ume und Gesch fte ",5112000,Duisburg,voll.,43,24,19,0,0,0,0,0,0,0,0,0,0,0,0,3,2,1,31,19,12,9,3,6,40,22,18,2022
212000,"Raub, r uberische Erpressung auf/gegen sonstige Kassenr ume und Gesch fte ",5112000,Duisburg,insg.,51,27,24,0,0,0,0,0,0,0,0,0,0,0,0,3,2,1,38,21,17,10,4,6,48,25,23,2022
212000,"Raub, r uberische Erpressung auf/gegen sonstige Kassenr ume und Gesch fte ",5111000,D sseldorf,vers.,3,3,0,0,0,0,0,0,0,0,0,0,0,0,0,0,0,0,2,2,0,1,1,0,3,3,0,2022
212000,"Raub, r uberische Erpressung auf/gegen sonstige Kassenr ume und Gesch fte ",5111000,D sseldorf,voll.,14,7,7,0,0,0,0,0,0,0,0,0,0,0,0,1,0,1,12,6,6,1,1,0,13,7,6,2022
212000,"Raub, r uberische Erpressung auf/gegen sonstige Kassenr ume und Gesch fte ",5111000,D sseldorf,insg.,17,10,7,0,0,0,0,0,0,0,0,0,0,0,0,1,0,1,14,8,6,2,2,0,16,10,6,2022
212000,"Raub, r uberische Erpressung auf/gegen sonstige Kassenr ume und Gesch fte ",16051000,Erfurt,vers.,0,0,0,0,0,0,0,0,0,0,0,0,0,0,0,0,0,0,0,0,0,0,0,0,0,0,0,2022
212000,"Raub, r uberische Erpressung auf/gegen sonstige Kassenr ume und Gesch fte ",16051000,Erfurt,voll.,0,0,0,0,0,0,0,0,0,0,0,0,0,0,0,0,0,0,0,0,0,0,0,0,0,0,0,2022
212000,"Raub, r uberische Erpressung auf/gegen sonstige Kassenr ume und Gesch fte ",16051000,Erfurt,insg.,0,0,0,0,0,0,0,0,0,0,0,0,0,0,0,0,0,0,0,0,0,0,0,0,0,0,0,2022
212000,"Raub, r uberische Erpressung auf/gegen sonstige Kassenr ume und Gesch fte ",9562000,Erlangen,vers.,0,0,0,0,0,0,0,0,0,0,0,0,0,0,0,0,0,0,0,0,0,0,0,0,0,0,0,2022
212000,"Raub, r uberische Erpressung auf/gegen sonstige Kassenr ume und Gesch fte ",9562000,Erlangen,voll.,3,2,1,0,0,0,0,0,0,0,0,0,0,0,0,0,0,0,2,1,1,1,1,0,3,2,1,2022
212000,"Raub, r uberische Erpressung auf/gegen sonstige Kassenr ume und Gesch fte ",9562000,Erlangen,insg.,3,2,1,0,0,0,0,0,0,0,0,0,0,0,0,0,0,0,2,1,1,1,1,0,3,2,1,2022
212000,"Raub, r uberische Erpressung auf/gegen sonstige Kassenr ume und Gesch fte ",5113000,Essen,vers.,8,5,3,0,0,0,0,0,0,0,0,0,0,0,0,2,2,0,6,3,3,0,0,0,6,3,3,2022
212000,"Raub, r uberische Erpressung auf/gegen sonstige Kassenr ume und Gesch fte ",5113000,Essen,voll.,27,12,15,0,0,0,0,0,0,0,0,0,0,0,0,4,3,1,22,9,13,1,0,1,23,9,14,2022
212000,"Raub, r uberische Erpressung auf/gegen sonstige Kassenr ume und Gesch fte ",5113000,Essen,insg.,35,17,18,0,0,0,0,0,0,0,0,0,0,0,0,6,5,1,28,12,16,1,0,1,29,12,17,2022
212000,"Raub, r uberische Erpressung auf/gegen sonstige Kassenr ume und Gesch fte ",6412000,Frankfurt am Main,vers.,12,9,3,0,0,0,0,0,0,0,0,0,0,0,0,0,0,0,11,8,3,1,1,0,12,9,3,2022
212000,"Raub, r uberische Erpressung auf/gegen sonstige Kassenr ume und Gesch fte ",6412000,Frankfurt am Main,voll.,12,6,6,0,0,0,0,0,0,0,0,0,0,0,0,0,0,0,11,5,6,1,1,0,12,6,6,2022
212000,"Raub, r uberische Erpressung auf/gegen sonstige Kassenr ume und Gesch fte ",6412000,Frankfurt am Main,insg.,24,15,9,0,0,0,0,0,0,0,0,0,0,0,0,0,0,0,22,13,9,2,2,0,24,15,9,2022
212000,"Raub, r uberische Erpressung auf/gegen sonstige Kassenr ume und Gesch fte ",8311000,Freiburg im Breisgau,vers.,1,0,1,0,0,0,0,0,0,0,0,0,0,0,0,0,0,0,1,0,1,0,0,0,1,0,1,2022
212000,"Raub, r uberische Erpressung auf/gegen sonstige Kassenr ume und Gesch fte ",8311000,Freiburg im Breisgau,voll.,7,3,4,0,0,0,0,0,0,0,0,0,0,0,0,0,0,0,7,3,4,0,0,0,7,3,4,2022
212000,"Raub, r uberische Erpressung auf/gegen sonstige Kassenr ume und Gesch fte ",8311000,Freiburg im Breisgau,insg.,8,3,5,0,0,0,0,0,0,0,0,0,0,0,0,0,0,0,8,3,5,0,0,0,8,3,5,2022
212000,"Raub, r uberische Erpressung auf/gegen sonstige Kassenr ume und Gesch fte ",9563000,F rth,vers.,1,1,0,0,0,0,0,0,0,0,0,0,0,0,0,0,0,0,1,1,0,0,0,0,1,1,0,2022
212000,"Raub, r uberische Erpressung auf/gegen sonstige Kassenr ume und Gesch fte ",9563000,F rth,voll.,0,0,0,0,0,0,0,0,0,0,0,0,0,0,0,0,0,0,0,0,0,0,0,0,0,0,0,2022
212000,"Raub, r uberische Erpressung auf/gegen sonstige Kassenr ume und Gesch fte ",9563000,F rth,insg.,1,1,0,0,0,0,0,0,0,0,0,0,0,0,0,0,0,0,1,1,0,0,0,0,1,1,0,2022
212000,"Raub, r uberische Erpressung auf/gegen sonstige Kassenr ume und Gesch fte ",5513000,Gelsenkirchen,vers.,6,2,4,0,0,0,0,0,0,0,0,0,0,0,0,0,0,0,5,2,3,1,0,1,6,2,4,2022
212000,"Raub, r uberische Erpressung auf/gegen sonstige Kassenr ume und Gesch fte ",5513000,Gelsenkirchen,voll.,16,2,14,0,0,0,0,0,0,0,0,0,0,0,0,2,0,2,13,2,11,1,0,1,14,2,12,2022
212000,"Raub, r uberische Erpressung auf/gegen sonstige Kassenr ume und Gesch fte ",5513000,Gelsenkirchen,insg.,22,4,18,0,0,0,0,0,0,0,0,0,0,0,0,2,0,2,18,4,14,2,0,2,20,4,16,2022
212000,"Raub, r uberische Erpressung auf/gegen sonstige Kassenr ume und Gesch fte ",3159016,G ttingen,vers.,0,0,0,0,0,0,0,0,0,0,0,0,0,0,0,0,0,0,0,0,0,0,0,0,0,0,0,2022
212000,"Raub, r uberische Erpressung auf/gegen sonstige Kassenr ume und Gesch fte ",3159016,G ttingen,voll.,7,3,4,0,0,0,0,0,0,0,0,0,1,1,0,2,2,0,2,0,2,2,0,2,4,0,4,2022
212000,"Raub, r uberische Erpressung auf/gegen sonstige Kassenr ume und Gesch fte ",3159016,G ttingen,insg.,7,3,4,0,0,0,0,0,0,0,0,0,1,1,0,2,2,0,2,0,2,2,0,2,4,0,4,2022
212000,"Raub, r uberische Erpressung auf/gegen sonstige Kassenr ume und Gesch fte ",5754008,G tersloh,vers.,2,2,0,0,0,0,0,0,0,0,0,0,0,0,0,0,0,0,2,2,0,0,0,0,2,2,0,2022
212000,"Raub, r uberische Erpressung auf/gegen sonstige Kassenr ume und Gesch fte ",5754008,G tersloh,voll.,2,0,2,0,0,0,0,0,0,0,0,0,0,0,0,1,0,1,1,0,1,0,0,0,1,0,1,2022
212000,"Raub, r uberische Erpressung auf/gegen sonstige Kassenr ume und Gesch fte ",5754008,G tersloh,insg.,4,2,2,0,0,0,0,0,0,0,0,0,0,0,0,1,0,1,3,2,1,0,0,0,3,2,1,2022
212000,"Raub, r uberische Erpressung auf/gegen sonstige Kassenr ume und Gesch fte ",5914000,Hagen,vers.,6,3,3,0,0,0,0,0,0,0,0,0,0,0,0,1,0,1,4,3,1,1,0,1,5,3,2,2022
212000,"Raub, r uberische Erpressung auf/gegen sonstige Kassenr ume und Gesch fte ",5914000,Hagen,voll.,32,17,15,0,0,0,0,0,0,0,0,0,0,0,0,5,3,2,27,14,13,0,0,0,27,14,13,2022
212000,"Raub, r uberische Erpressung auf/gegen sonstige Kassenr ume und Gesch fte ",5914000,Hagen,insg.,38,20,18,0,0,0,0,0,0,0,0,0,0,0,0,6,3,3,31,17,14,1,0,1,32,17,15,2022
212000,"Raub, r uberische Erpressung auf/gegen sonstige Kassenr ume und Gesch fte ",15002000,Halle (Saale),vers.,2,1,1,0,0,0,0,0,0,0,0,0,0,0,0,0,0,0,2,1,1,0,0,0,2,1,1,2022
212000,"Raub, r uberische Erpressung auf/gegen sonstige Kassenr ume und Gesch fte ",15002000,Halle (Saale),voll.,5,0,5,0,0,0,0,0,0,0,0,0,0,0,0,0,0,0,5,0,5,0,0,0,5,0,5,2022
212000,"Raub, r uberische Erpressung auf/gegen sonstige Kassenr ume und Gesch fte ",15002000,Halle (Saale),insg.,7,1,6,0,0,0,0,0,0,0,0,0,0,0,0,0,0,0,7,1,6,0,0,0,7,1,6,2022
212000,"Raub, r uberische Erpressung auf/gegen sonstige Kassenr ume und Gesch fte ",2000000,Hamburg,vers.,11,6,5,0,0,0,0,0,0,0,0,0,0,0,0,0,0,0,10,6,4,1,0,1,11,6,5,2022
212000,"Raub, r uberische Erpressung auf/gegen sonstige Kassenr ume und Gesch fte ",2000000,Hamburg,voll.,20,13,7,0,0,0,0,0,0,0,0,0,0,0,0,3,1,2,17,12,5,0,0,0,17,12,5,2022
212000,"Raub, r uberische Erpressung auf/gegen sonstige Kassenr ume und Gesch fte ",2000000,Hamburg,insg.,31,19,12,0,0,0,0,0,0,0,0,0,0,0,0,3,1,2,27,18,9,1,0,1,28,18,10,2022
212000,"Raub, r uberische Erpressung auf/gegen sonstige Kassenr ume und Gesch fte ",5915000,Hamm,vers.,2,1,1,0,0,0,0,0,0,0,0,0,0,0,0,0,0,0,1,0,1,1,1,0,2,1,1,2022
212000,"Raub, r uberische Erpressung auf/gegen sonstige Kassenr ume und Gesch fte ",5915000,Hamm,voll.,3,1,2,0,0,0,0,0,0,0,0,0,0,0,0,0,0,0,3,1,2,0,0,0,3,1,2,2022
212000,"Raub, r uberische Erpressung auf/gegen sonstige Kassenr ume und Gesch fte ",5915000,Hamm,insg.,5,2,3,0,0,0,0,0,0,0,0,0,0,0,0,0,0,0,4,1,3,1,1,0,5,2,3,2022
212000,"Raub, r uberische Erpressung auf/gegen sonstige Kassenr ume und Gesch fte ",6435014,Hanau,vers.,1,1,0,0,0,0,0,0,0,0,0,0,0,0,0,0,0,0,1,1,0,0,0,0,1,1,0,2022
212000,"Raub, r uberische Erpressung auf/gegen sonstige Kassenr ume und Gesch fte ",6435014,Hanau,voll.,0,0,0,0,0,0,0,0,0,0,0,0,0,0,0,0,0,0,0,0,0,0,0,0,0,0,0,2022
212000,"Raub, r uberische Erpressung auf/gegen sonstige Kassenr ume und Gesch fte ",6435014,Hanau,insg.,1,1,0,0,0,0,0,0,0,0,0,0,0,0,0,0,0,0,1,1,0,0,0,0,1,1,0,2022
212000,"Raub, r uberische Erpressung auf/gegen sonstige Kassenr ume und Gesch fte ",3241001,Hannover,vers.,16,8,8,0,0,0,0,0,0,0,0,0,0,0,0,0,0,0,11,5,6,5,3,2,16,8,8,2022
212000,"Raub, r uberische Erpressung auf/gegen sonstige Kassenr ume und Gesch fte ",3241001,Hannover,voll.,14,8,6,0,0,0,0,0,0,0,0,0,0,0,0,2,2,0,12,6,6,0,0,0,12,6,6,2022
212000,"Raub, r uberische Erpressung auf/gegen sonstige Kassenr ume und Gesch fte ",3241001,Hannover,insg.,30,16,14,0,0,0,0,0,0,0,0,0,0,0,0,2,2,0,23,11,12,5,3,2,28,14,14,2022
212000,"Raub, r uberische Erpressung auf/gegen sonstige Kassenr ume und Gesch fte ",8221000,Heidelberg,vers.,0,0,0,0,0,0,0,0,0,0,0,0,0,0,0,0,0,0,0,0,0,0,0,0,0,0,0,2022
212000,"Raub, r uberische Erpressung auf/gegen sonstige Kassenr ume und Gesch fte ",8221000,Heidelberg,voll.,1,0,1,0,0,0,0,0,0,0,0,0,0,0,0,0,0,0,1,0,1,0,0,0,1,0,1,2022
212000,"Raub, r uberische Erpressung auf/gegen sonstige Kassenr ume und Gesch fte ",8221000,Heidelberg,insg.,1,0,1,0,0,0,0,0,0,0,0,0,0,0,0,0,0,0,1,0,1,0,0,0,1,0,1,2022
212000,"Raub, r uberische Erpressung auf/gegen sonstige Kassenr ume und Gesch fte ",8121000,Heilbronn,vers.,0,0,0,0,0,0,0,0,0,0,0,0,0,0,0,0,0,0,0,0,0,0,0,0,0,0,0,2022
212000,"Raub, r uberische Erpressung auf/gegen sonstige Kassenr ume und Gesch fte ",8121000,Heilbronn,voll.,6,3,3,0,0,0,0,0,0,0,0,0,0,0,0,1,1,0,3,0,3,2,2,0,5,2,3,2022
212000,"Raub, r uberische Erpressung auf/gegen sonstige Kassenr ume und Gesch fte ",8121000,Heilbronn,insg.,6,3,3,0,0,0,0,0,0,0,0,0,0,0,0,1,1,0,3,0,3,2,2,0,5,2,3,2022
212000,"Raub, r uberische Erpressung auf/gegen sonstige Kassenr ume und Gesch fte ",5916000,Herne,vers.,1,0,1,0,0,0,0,0,0,0,0,0,0,0,0,0,0,0,1,0,1,0,0,0,1,0,1,2022
212000,"Raub, r uberische Erpressung auf/gegen sonstige Kassenr ume und Gesch fte ",5916000,Herne,voll.,7,4,3,0,0,0,0,0,0,0,0,0,0,0,0,3,3,0,4,1,3,0,0,0,4,1,3,2022
212000,"Raub, r uberische Erpressung auf/gegen sonstige Kassenr ume und Gesch fte ",5916000,Herne,insg.,8,4,4,0,0,0,0,0,0,0,0,0,0,0,0,3,3,0,5,1,4,0,0,0,5,1,4,2022
212000,"Raub, r uberische Erpressung auf/gegen sonstige Kassenr ume und Gesch fte ",3254021,Hildesheim,vers.,0,0,0,0,0,0,0,0,0,0,0,0,0,0,0,0,0,0,0,0,0,0,0,0,0,0,0,2022
212000,"Raub, r uberische Erpressung auf/gegen sonstige Kassenr ume und Gesch fte ",3254021,Hildesheim,voll.,0,0,0,0,0,0,0,0,0,0,0,0,0,0,0,0,0,0,0,0,0,0,0,0,0,0,0,2022
212000,"Raub, r uberische Erpressung auf/gegen sonstige Kassenr ume und Gesch fte ",3254021,Hildesheim,insg.,0,0,0,0,0,0,0,0,0,0,0,0,0,0,0,0,0,0,0,0,0,0,0,0,0,0,0,2022
212000,"Raub, r uberische Erpressung auf/gegen sonstige Kassenr ume und Gesch fte ",9161000,Ingolstadt,vers.,1,1,0,0,0,0,0,0,0,0,0,0,0,0,0,0,0,0,1,1,0,0,0,0,1,1,0,2022
212000,"Raub, r uberische Erpressung auf/gegen sonstige Kassenr ume und Gesch fte ",9161000,Ingolstadt,voll.,0,0,0,0,0,0,0,0,0,0,0,0,0,0,0,0,0,0,0,0,0,0,0,0,0,0,0,2022
212000,"Raub, r uberische Erpressung auf/gegen sonstige Kassenr ume und Gesch fte ",9161000,Ingolstadt,insg.,1,1,0,0,0,0,0,0,0,0,0,0,0,0,0,0,0,0,1,1,0,0,0,0,1,1,0,2022
212000,"Raub, r uberische Erpressung auf/gegen sonstige Kassenr ume und Gesch fte ",16053000,Jena,vers.,0,0,0,0,0,0,0,0,0,0,0,0,0,0,0,0,0,0,0,0,0,0,0,0,0,0,0,2022
212000,"Raub, r uberische Erpressung auf/gegen sonstige Kassenr ume und Gesch fte ",16053000,Jena,voll.,0,0,0,0,0,0,0,0,0,0,0,0,0,0,0,0,0,0,0,0,0,0,0,0,0,0,0,2022
212000,"Raub, r uberische Erpressung auf/gegen sonstige Kassenr ume und Gesch fte ",16053000,Jena,insg.,0,0,0,0,0,0,0,0,0,0,0,0,0,0,0,0,0,0,0,0,0,0,0,0,0,0,0,2022
212000,"Raub, r uberische Erpressung auf/gegen sonstige Kassenr ume und Gesch fte ",7312000,Kaiserslautern,vers.,0,0,0,0,0,0,0,0,0,0,0,0,0,0,0,0,0,0,0,0,0,0,0,0,0,0,0,2022
212000,"Raub, r uberische Erpressung auf/gegen sonstige Kassenr ume und Gesch fte ",7312000,Kaiserslautern,voll.,4,0,4,0,0,0,0,0,0,0,0,0,0,0,0,0,0,0,1,0,1,3,0,3,4,0,4,2022
212000,"Raub, r uberische Erpressung auf/gegen sonstige Kassenr ume und Gesch fte ",7312000,Kaiserslautern,insg.,4,0,4,0,0,0,0,0,0,0,0,0,0,0,0,0,0,0,1,0,1,3,0,3,4,0,4,2022
212000,"Raub, r uberische Erpressung auf/gegen sonstige Kassenr ume und Gesch fte ",8212000,Karlsruhe,vers.,3,0,3,0,0,0,0,0,0,0,0,0,1,0,1,0,0,0,2,0,2,0,0,0,2,0,2,2022
212000,"Raub, r uberische Erpressung auf/gegen sonstige Kassenr ume und Gesch fte ",8212000,Karlsruhe,voll.,3,2,1,0,0,0,0,0,0,0,0,0,0,0,0,1,0,1,2,2,0,0,0,0,2,2,0,2022
212000,"Raub, r uberische Erpressung auf/gegen sonstige Kassenr ume und Gesch fte ",8212000,Karlsruhe,insg.,6,2,4,0,0,0,0,0,0,0,0,0,1,0,1,1,0,1,4,2,2,0,0,0,4,2,2,2022
212000,"Raub, r uberische Erpressung auf/gegen sonstige Kassenr ume und Gesch fte ",6611000,Kassel,vers.,4,1,3,0,0,0,0,0,0,0,0,0,0,0,0,0,0,0,2,1,1,2,0,2,4,1,3,2022
212000,"Raub, r uberische Erpressung auf/gegen sonstige Kassenr ume und Gesch fte ",6611000,Kassel,voll.,17,4,13,0,0,0,0,0,0,0,0,0,0,0,0,0,0,0,16,3,13,1,1,0,17,4,13,2022
212000,"Raub, r uberische Erpressung auf/gegen sonstige Kassenr ume und Gesch fte ",6611000,Kassel,insg.,21,5,16,0,0,0,0,0,0,0,0,0,0,0,0,0,0,0,18,4,14,3,1,2,21,5,16,2022
212000,"Raub, r uberische Erpressung auf/gegen sonstige Kassenr ume und Gesch fte ",1002000,Kiel,vers.,7,3,4,0,0,0,0,0,0,0,0,0,0,0,0,0,0,0,7,3,4,0,0,0,7,3,4,2022
212000,"Raub, r uberische Erpressung auf/gegen sonstige Kassenr ume und Gesch fte ",1002000,Kiel,voll.,8,4,4,0,0,0,0,0,0,0,0,0,0,0,0,1,1,0,7,3,4,0,0,0,7,3,4,2022
212000,"Raub, r uberische Erpressung auf/gegen sonstige Kassenr ume und Gesch fte ",1002000,Kiel,insg.,15,7,8,0,0,0,0,0,0,0,0,0,0,0,0,1,1,0,14,6,8,0,0,0,14,6,8,2022
212000,"Raub, r uberische Erpressung auf/gegen sonstige Kassenr ume und Gesch fte ",7111000,Koblenz,vers.,1,1,0,0,0,0,0,0,0,0,0,0,0,0,0,0,0,0,1,1,0,0,0,0,1,1,0,2022
212000,"Raub, r uberische Erpressung auf/gegen sonstige Kassenr ume und Gesch fte ",7111000,Koblenz,voll.,3,2,1,0,0,0,0,0,0,0,0,0,0,0,0,1,1,0,2,1,1,0,0,0,2,1,1,2022
212000,"Raub, r uberische Erpressung auf/gegen sonstige Kassenr ume und Gesch fte ",7111000,Koblenz,insg.,4,3,1,0,0,0,0,0,0,0,0,0,0,0,0,1,1,0,3,2,1,0,0,0,3,2,1,2022
212000,"Raub, r uberische Erpressung auf/gegen sonstige Kassenr ume und Gesch fte ",5315000,K ln,vers.,17,12,5,0,0,0,0,0,0,0,0,0,0,0,0,1,1,0,15,11,4,1,0,1,16,11,5,2022
212000,"Raub, r uberische Erpressung auf/gegen sonstige Kassenr ume und Gesch fte ",5315000,K ln,voll.,43,30,13,0,0,0,0,0,0,0,0,0,1,1,0,5,4,1,29,19,10,8,6,2,37,25,12,2022
212000,"Raub, r uberische Erpressung auf/gegen sonstige Kassenr ume und Gesch fte ",5315000,K ln,insg.,60,42,18,0,0,0,0,0,0,0,0,0,1,1,0,6,5,1,44,30,14,9,6,3,53,36,17,2022
212000,"Raub, r uberische Erpressung auf/gegen sonstige Kassenr ume und Gesch fte ",5114000,Krefeld,vers.,1,0,1,0,0,0,0,0,0,0,0,0,0,0,0,0,0,0,1,0,1,0,0,0,1,0,1,2022
212000,"Raub, r uberische Erpressung auf/gegen sonstige Kassenr ume und Gesch fte ",5114000,Krefeld,voll.,9,2,7,0,0,0,0,0,0,0,0,0,0,0,0,2,0,2,6,2,4,1,0,1,7,2,5,2022
212000,"Raub, r uberische Erpressung auf/gegen sonstige Kassenr ume und Gesch fte ",5114000,Krefeld,insg.,10,2,8,0,0,0,0,0,0,0,0,0,0,0,0,2,0,2,7,2,5,1,0,1,8,2,6,2022
212000,"Raub, r uberische Erpressung auf/gegen sonstige Kassenr ume und Gesch fte ",14713000,Leipzig,vers.,5,1,4,0,0,0,0,0,0,0,0,0,0,0,0,0,0,0,4,1,3,1,0,1,5,1,4,2022
212000,"Raub, r uberische Erpressung auf/gegen sonstige Kassenr ume und Gesch fte ",14713000,Leipzig,voll.,15,9,6,0,0,0,0,0,0,0,0,0,1,1,0,0,0,0,13,8,5,1,0,1,14,8,6,2022
212000,"Raub, r uberische Erpressung auf/gegen sonstige Kassenr ume und Gesch fte ",14713000,Leipzig,insg.,20,10,10,0,0,0,0,0,0,0,0,0,1,1,0,0,0,0,17,9,8,2,0,2,19,9,10,2022
212000,"Raub, r uberische Erpressung auf/gegen sonstige Kassenr ume und Gesch fte ",5316000,Leverkusen,vers.,3,1,2,0,0,0,0,0,0,0,0,0,0,0,0,0,0,0,3,1,2,0,0,0,3,1,2,2022
212000,"Raub, r uberische Erpressung auf/gegen sonstige Kassenr ume und Gesch fte ",5316000,Leverkusen,voll.,2,2,0,0,0,0,0,0,0,0,0,0,0,0,0,1,1,0,1,1,0,0,0,0,1,1,0,2022
212000,"Raub, r uberische Erpressung auf/gegen sonstige Kassenr ume und Gesch fte ",5316000,Leverkusen,insg.,5,3,2,0,0,0,0,0,0,0,0,0,0,0,0,1,1,0,4,2,2,0,0,0,4,2,2,2022
212000,"Raub, r uberische Erpressung auf/gegen sonstige Kassenr ume und Gesch fte ",1003000,L beck,vers.,2,1,1,0,0,0,0,0,0,0,0,0,0,0,0,0,0,0,2,1,1,0,0,0,2,1,1,2022
212000,"Raub, r uberische Erpressung auf/gegen sonstige Kassenr ume und Gesch fte ",1003000,L beck,voll.,5,2,3,0,0,0,0,0,0,0,0,0,0,0,0,0,0,0,5,2,3,0,0,0,5,2,3,2022
212000,"Raub, r uberische Erpressung auf/gegen sonstige Kassenr ume und Gesch fte ",1003000,L beck,insg.,7,3,4,0,0,0,0,0,0,0,0,0,0,0,0,0,0,0,7,3,4,0,0,0,7,3,4,2022
212000,"Raub, r uberische Erpressung auf/gegen sonstige Kassenr ume und Gesch fte ",7314000,Ludwigshafen am Rhein,vers.,1,1,0,0,0,0,0,0,0,0,0,0,0,0,0,1,1,0,0,0,0,0,0,0,0,0,0,2022
212000,"Raub, r uberische Erpressung auf/gegen sonstige Kassenr ume und Gesch fte ",7314000,Ludwigshafen am Rhein,voll.,2,0,2,0,0,0,0,0,0,0,0,0,0,0,0,0,0,0,2,0,2,0,0,0,2,0,2,2022
212000,"Raub, r uberische Erpressung auf/gegen sonstige Kassenr ume und Gesch fte ",7314000,Ludwigshafen am Rhein,insg.,3,1,2,0,0,0,0,0,0,0,0,0,0,0,0,1,1,0,2,0,2,0,0,0,2,0,2,2022
212000,"Raub, r uberische Erpressung auf/gegen sonstige Kassenr ume und Gesch fte ",15003000,Magdeburg,vers.,6,1,5,0,0,0,0,0,0,0,0,0,0,0,0,0,0,0,2,1,1,4,0,4,6,1,5,2022
212000,"Raub, r uberische Erpressung auf/gegen sonstige Kassenr ume und Gesch fte ",15003000,Magdeburg,voll.,7,3,4,0,0,0,0,0,0,0,0,0,0,0,0,1,0,1,5,2,3,1,1,0,6,3,3,2022
212000,"Raub, r uberische Erpressung auf/gegen sonstige Kassenr ume und Gesch fte ",15003000,Magdeburg,insg.,13,4,9,0,0,0,0,0,0,0,0,0,0,0,0,1,0,1,7,3,4,5,1,4,12,4,8,2022
212000,"Raub, r uberische Erpressung auf/gegen sonstige Kassenr ume und Gesch fte ",7315000,Mainz,vers.,4,2,2,0,0,0,0,0,0,0,0,0,0,0,0,0,0,0,4,2,2,0,0,0,4,2,2,2022
212000,"Raub, r uberische Erpressung auf/gegen sonstige Kassenr ume und Gesch fte ",7315000,Mainz,voll.,5,2,3,0,0,0,0,0,0,0,0,0,0,0,0,0,0,0,3,1,2,2,1,1,5,2,3,2022
212000,"Raub, r uberische Erpressung auf/gegen sonstige Kassenr ume und Gesch fte ",7315000,Mainz,insg.,9,4,5,0,0,0,0,0,0,0,0,0,0,0,0,0,0,0,7,3,4,2,1,1,9,4,5,2022
212000,"Raub, r uberische Erpressung auf/gegen sonstige Kassenr ume und Gesch fte ",8222000,Mannheim,vers.,7,5,2,1,1,0,0,0,0,1,1,0,0,0,0,0,0,0,4,4,0,2,0,2,6,4,2,2022
212000,"Raub, r uberische Erpressung auf/gegen sonstige Kassenr ume und Gesch fte ",8222000,Mannheim,voll.,11,7,4,0,0,0,0,0,0,0,0,0,0,0,0,2,2,0,5,2,3,4,3,1,9,5,4,2022
212000,"Raub, r uberische Erpressung auf/gegen sonstige Kassenr ume und Gesch fte ",8222000,Mannheim,insg.,18,12,6,1,1,0,0,0,0,1,1,0,0,0,0,2,2,0,9,6,3,6,3,3,15,9,6,2022
212000,"Raub, r uberische Erpressung auf/gegen sonstige Kassenr ume und Gesch fte ",5170024,Moers,vers.,2,2,0,0,0,0,0,0,0,0,0,0,0,0,0,0,0,0,0,0,0,2,2,0,2,2,0,2022
212000,"Raub, r uberische Erpressung auf/gegen sonstige Kassenr ume und Gesch fte ",5170024,Moers,voll.,4,2,2,0,0,0,0,0,0,0,0,0,0,0,0,0,0,0,4,2,2,0,0,0,4,2,2,2022
212000,"Raub, r uberische Erpressung auf/gegen sonstige Kassenr ume und Gesch fte ",5170024,Moers,insg.,6,4,2,0,0,0,0,0,0,0,0,0,0,0,0,0,0,0,4,2,2,2,2,0,6,4,2,2022
212000,"Raub, r uberische Erpressung auf/gegen sonstige Kassenr ume und Gesch fte ",5116000,M nchengladbach,vers.,3,3,0,0,0,0,0,0,0,0,0,0,0,0,0,0,0,0,3,3,0,0,0,0,3,3,0,2022
212000,"Raub, r uberische Erpressung auf/gegen sonstige Kassenr ume und Gesch fte ",5116000,M nchengladbach,voll.,9,4,5,0,0,0,0,0,0,0,0,0,0,0,0,1,1,0,7,3,4,1,0,1,8,3,5,2022
212000,"Raub, r uberische Erpressung auf/gegen sonstige Kassenr ume und Gesch fte ",5116000,M nchengladbach,insg.,12,7,5,0,0,0,0,0,0,0,0,0,0,0,0,1,1,0,10,6,4,1,0,1,11,6,5,2022
212000,"Raub, r uberische Erpressung auf/gegen sonstige Kassenr ume und Gesch fte ",5117000,M lheim an der Ruhr,vers.,3,1,2,0,0,0,0,0,0,0,0,0,0,0,0,0,0,0,3,1,2,0,0,0,3,1,2,2022
212000,"Raub, r uberische Erpressung auf/gegen sonstige Kassenr ume und Gesch fte ",5117000,M lheim an der Ruhr,voll.,3,2,1,0,0,0,0,0,0,0,0,0,0,0,0,0,0,0,3,2,1,0,0,0,3,2,1,2022
212000,"Raub, r uberische Erpressung auf/gegen sonstige Kassenr ume und Gesch fte ",5117000,M lheim an der Ruhr,insg.,6,3,3,0,0,0,0,0,0,0,0,0,0,0,0,0,0,0,6,3,3,0,0,0,6,3,3,2022
212000,"Raub, r uberische Erpressung auf/gegen sonstige Kassenr ume und Gesch fte ",9162000,M nchen,vers.,15,12,3,0,0,0,0,0,0,0,0,0,0,0,0,0,0,0,13,10,3,2,2,0,15,12,3,2022
212000,"Raub, r uberische Erpressung auf/gegen sonstige Kassenr ume und Gesch fte ",9162000,M nchen,voll.,36,26,10,0,0,0,0,0,0,0,0,0,1,1,0,3,2,1,27,21,6,5,2,3,32,23,9,2022
212000,"Raub, r uberische Erpressung auf/gegen sonstige Kassenr ume und Gesch fte ",9162000,M nchen,insg.,51,38,13,0,0,0,0,0,0,0,0,0,1,1,0,3,2,1,40,31,9,7,4,3,47,35,12,2022
212000,"Raub, r uberische Erpressung auf/gegen sonstige Kassenr ume und Gesch fte ",5515000,M nster,vers.,5,1,4,0,0,0,0,0,0,0,0,0,0,0,0,0,0,0,5,1,4,0,0,0,5,1,4,2022
212000,"Raub, r uberische Erpressung auf/gegen sonstige Kassenr ume und Gesch fte ",5515000,M nster,voll.,17,5,12,0,0,0,0,0,0,0,0,0,1,0,1,2,1,1,14,4,10,0,0,0,14,4,10,2022
212000,"Raub, r uberische Erpressung auf/gegen sonstige Kassenr ume und Gesch fte ",5515000,M nster,insg.,22,6,16,0,0,0,0,0,0,0,0,0,1,0,1,2,1,1,19,5,14,0,0,0,19,5,14,2022
212000,"Raub, r uberische Erpressung auf/gegen sonstige Kassenr ume und Gesch fte ",5162024,Neuss,vers.,1,0,1,0,0,0,0,0,0,0,0,0,0,0,0,0,0,0,1,0,1,0,0,0,1,0,1,2022
212000,"Raub, r uberische Erpressung auf/gegen sonstige Kassenr ume und Gesch fte ",5162024,Neuss,voll.,2,1,1,0,0,0,0,0,0,0,0,0,0,0,0,0,0,0,2,1,1,0,0,0,2,1,1,2022
212000,"Raub, r uberische Erpressung auf/gegen sonstige Kassenr ume und Gesch fte ",5162024,Neuss,insg.,3,1,2,0,0,0,0,0,0,0,0,0,0,0,0,0,0,0,3,1,2,0,0,0,3,1,2,2022
212000,"Raub, r uberische Erpressung auf/gegen sonstige Kassenr ume und Gesch fte ",9564000,N rnberg,vers.,8,5,3,0,0,0,0,0,0,0,0,0,0,0,0,0,0,0,7,4,3,1,1,0,8,5,3,2022
212000,"Raub, r uberische Erpressung auf/gegen sonstige Kassenr ume und Gesch fte ",9564000,N rnberg,voll.,3,2,1,0,0,0,0,0,0,0,0,0,0,0,0,0,0,0,3,2,1,0,0,0,3,2,1,2022
212000,"Raub, r uberische Erpressung auf/gegen sonstige Kassenr ume und Gesch fte ",9564000,N rnberg,insg.,11,7,4,0,0,0,0,0,0,0,0,0,0,0,0,0,0,0,10,6,4,1,1,0,11,7,4,2022
212000,"Raub, r uberische Erpressung auf/gegen sonstige Kassenr ume und Gesch fte ",5119000,Oberhausen,vers.,1,0,1,0,0,0,0,0,0,0,0,0,0,0,0,0,0,0,1,0,1,0,0,0,1,0,1,2022
212000,"Raub, r uberische Erpressung auf/gegen sonstige Kassenr ume und Gesch fte ",5119000,Oberhausen,voll.,6,3,3,0,0,0,0,0,0,0,0,0,0,0,0,0,0,0,5,2,3,1,1,0,6,3,3,2022
212000,"Raub, r uberische Erpressung auf/gegen sonstige Kassenr ume und Gesch fte ",5119000,Oberhausen,insg.,7,3,4,0,0,0,0,0,0,0,0,0,0,0,0,0,0,0,6,2,4,1,1,0,7,3,4,2022
212000,"Raub, r uberische Erpressung auf/gegen sonstige Kassenr ume und Gesch fte ",6413000,Offenbach am Main,vers.,2,1,1,0,0,0,0,0,0,0,0,0,0,0,0,0,0,0,2,1,1,0,0,0,2,1,1,2022
212000,"Raub, r uberische Erpressung auf/gegen sonstige Kassenr ume und Gesch fte ",6413000,Offenbach am Main,voll.,2,2,0,0,0,0,0,0,0,0,0,0,0,0,0,0,0,0,2,2,0,0,0,0,2,2,0,2022
212000,"Raub, r uberische Erpressung auf/gegen sonstige Kassenr ume und Gesch fte ",6413000,Offenbach am Main,insg.,4,3,1,0,0,0,0,0,0,0,0,0,0,0,0,0,0,0,4,3,1,0,0,0,4,3,1,2022
212000,"Raub, r uberische Erpressung auf/gegen sonstige Kassenr ume und Gesch fte ",3403000,Oldenburg (Oldenburg),vers.,2,1,1,0,0,0,0,0,0,0,0,0,0,0,0,0,0,0,2,1,1,0,0,0,2,1,1,2022
212000,"Raub, r uberische Erpressung auf/gegen sonstige Kassenr ume und Gesch fte ",3403000,Oldenburg (Oldenburg),voll.,6,4,2,0,0,0,0,0,0,0,0,0,0,0,0,3,2,1,3,2,1,0,0,0,3,2,1,2022
212000,"Raub, r uberische Erpressung auf/gegen sonstige Kassenr ume und Gesch fte ",3403000,Oldenburg (Oldenburg),insg.,8,5,3,0,0,0,0,0,0,0,0,0,0,0,0,3,2,1,5,3,2,0,0,0,5,3,2,2022
212000,"Raub, r uberische Erpressung auf/gegen sonstige Kassenr ume und Gesch fte ",3404000,Osnabr ck,vers.,3,2,1,0,0,0,0,0,0,0,0,0,0,0,0,0,0,0,3,2,1,0,0,0,3,2,1,2022
212000,"Raub, r uberische Erpressung auf/gegen sonstige Kassenr ume und Gesch fte ",3404000,Osnabr ck,voll.,2,1,1,0,0,0,0,0,0,0,0,0,0,0,0,0,0,0,2,1,1,0,0,0,2,1,1,2022
212000,"Raub, r uberische Erpressung auf/gegen sonstige Kassenr ume und Gesch fte ",3404000,Osnabr ck,insg.,5,3,2,0,0,0,0,0,0,0,0,0,0,0,0,0,0,0,5,3,2,0,0,0,5,3,2,2022
212000,"Raub, r uberische Erpressung auf/gegen sonstige Kassenr ume und Gesch fte ",5774032,Paderborn,vers.,1,1,0,0,0,0,0,0,0,0,0,0,0,0,0,0,0,0,0,0,0,1,1,0,1,1,0,2022
212000,"Raub, r uberische Erpressung auf/gegen sonstige Kassenr ume und Gesch fte ",5774032,Paderborn,voll.,1,0,1,0,0,0,0,0,0,0,0,0,0,0,0,0,0,0,1,0,1,0,0,0,1,0,1,2022
212000,"Raub, r uberische Erpressung auf/gegen sonstige Kassenr ume und Gesch fte ",5774032,Paderborn,insg.,2,1,1,0,0,0,0,0,0,0,0,0,0,0,0,0,0,0,1,0,1,1,1,0,2,1,1,2022
212000,"Raub, r uberische Erpressung auf/gegen sonstige Kassenr ume und Gesch fte ",8231000,Pforzheim,vers.,1,0,1,0,0,0,0,0,0,0,0,0,0,0,0,0,0,0,1,0,1,0,0,0,1,0,1,2022
212000,"Raub, r uberische Erpressung auf/gegen sonstige Kassenr ume und Gesch fte ",8231000,Pforzheim,voll.,4,2,2,0,0,0,0,0,0,0,0,0,0,0,0,1,1,0,2,0,2,1,1,0,3,1,2,2022
212000,"Raub, r uberische Erpressung auf/gegen sonstige Kassenr ume und Gesch fte ",8231000,Pforzheim,insg.,5,2,3,0,0,0,0,0,0,0,0,0,0,0,0,1,1,0,3,0,3,1,1,0,4,1,3,2022
212000,"Raub, r uberische Erpressung auf/gegen sonstige Kassenr ume und Gesch fte ",12054000,Potsdam,vers.,1,0,1,0,0,0,0,0,0,0,0,0,0,0,0,0,0,0,1,0,1,0,0,0,1,0,1,2022
212000,"Raub, r uberische Erpressung auf/gegen sonstige Kassenr ume und Gesch fte ",12054000,Potsdam,voll.,1,1,0,0,0,0,0,0,0,0,0,0,0,0,0,0,0,0,1,1,0,0,0,0,1,1,0,2022
212000,"Raub, r uberische Erpressung auf/gegen sonstige Kassenr ume und Gesch fte ",12054000,Potsdam,insg.,2,1,1,0,0,0,0,0,0,0,0,0,0,0,0,0,0,0,2,1,1,0,0,0,2,1,1,2022
212000,"Raub, r uberische Erpressung auf/gegen sonstige Kassenr ume und Gesch fte ",5562032,Recklinghausen,vers.,5,2,3,0,0,0,0,0,0,0,0,0,0,0,0,0,0,0,4,2,2,1,0,1,5,2,3,2022
212000,"Raub, r uberische Erpressung auf/gegen sonstige Kassenr ume und Gesch fte ",5562032,Recklinghausen,voll.,5,3,2,0,0,0,0,0,0,0,0,0,0,0,0,2,1,1,3,2,1,0,0,0,3,2,1,2022
212000,"Raub, r uberische Erpressung auf/gegen sonstige Kassenr ume und Gesch fte ",5562032,Recklinghausen,insg.,10,5,5,0,0,0,0,0,0,0,0,0,0,0,0,2,1,1,7,4,3,1,0,1,8,4,4,2022
212000,"Raub, r uberische Erpressung auf/gegen sonstige Kassenr ume und Gesch fte ",9362000,Regensburg,vers.,0,0,0,0,0,0,0,0,0,0,0,0,0,0,0,0,0,0,0,0,0,0,0,0,0,0,0,2022
212000,"Raub, r uberische Erpressung auf/gegen sonstige Kassenr ume und Gesch fte ",9362000,Regensburg,voll.,1,1,0,0,0,0,0,0,0,0,0,0,0,0,0,0,0,0,1,1,0,0,0,0,1,1,0,2022
212000,"Raub, r uberische Erpressung auf/gegen sonstige Kassenr ume und Gesch fte ",9362000,Regensburg,insg.,1,1,0,0,0,0,0,0,0,0,0,0,0,0,0,0,0,0,1,1,0,0,0,0,1,1,0,2022
212000,"Raub, r uberische Erpressung auf/gegen sonstige Kassenr ume und Gesch fte ",5120000,Remscheid,vers.,0,0,0,0,0,0,0,0,0,0,0,0,0,0,0,0,0,0,0,0,0,0,0,0,0,0,0,2022
212000,"Raub, r uberische Erpressung auf/gegen sonstige Kassenr ume und Gesch fte ",5120000,Remscheid,voll.,2,1,1,0,0,0,0,0,0,0,0,0,0,0,0,0,0,0,2,1,1,0,0,0,2,1,1,2022
212000,"Raub, r uberische Erpressung auf/gegen sonstige Kassenr ume und Gesch fte ",5120000,Remscheid,insg.,2,1,1,0,0,0,0,0,0,0,0,0,0,0,0,0,0,0,2,1,1,0,0,0,2,1,1,2022
212000,"Raub, r uberische Erpressung auf/gegen sonstige Kassenr ume und Gesch fte ",8415061,Reutlingen,vers.,0,0,0,0,0,0,0,0,0,0,0,0,0,0,0,0,0,0,0,0,0,0,0,0,0,0,0,2022
212000,"Raub, r uberische Erpressung auf/gegen sonstige Kassenr ume und Gesch fte ",8415061,Reutlingen,voll.,5,3,2,0,0,0,0,0,0,0,0,0,0,0,0,0,0,0,5,3,2,0,0,0,5,3,2,2022
212000,"Raub, r uberische Erpressung auf/gegen sonstige Kassenr ume und Gesch fte ",8415061,Reutlingen,insg.,5,3,2,0,0,0,0,0,0,0,0,0,0,0,0,0,0,0,5,3,2,0,0,0,5,3,2,2022
212000,"Raub, r uberische Erpressung auf/gegen sonstige Kassenr ume und Gesch fte ",13003000,"Rostock, Hanse- und Universit tsstadt",vers.,1,0,1,0,0,0,0,0,0,0,0,0,0,0,0,0,0,0,0,0,0,1,0,1,1,0,1,2022
212000,"Raub, r uberische Erpressung auf/gegen sonstige Kassenr ume und Gesch fte ",13003000,"Rostock, Hanse- und Universit tsstadt",voll.,2,2,0,0,0,0,0,0,0,0,0,0,0,0,0,0,0,0,2,2,0,0,0,0,2,2,0,2022
212000,"Raub, r uberische Erpressung auf/gegen sonstige Kassenr ume und Gesch fte ",13003000,"Rostock, Hanse- und Universit tsstadt",insg.,3,2,1,0,0,0,0,0,0,0,0,0,0,0,0,0,0,0,2,2,0,1,0,1,3,2,1,2022
212000,"Raub, r uberische Erpressung auf/gegen sonstige Kassenr ume und Gesch fte ",10041100,Saarbr cken,vers.,2,2,0,0,0,0,0,0,0,0,0,0,0,0,0,0,0,0,1,1,0,1,1,0,2,2,0,2022
212000,"Raub, r uberische Erpressung auf/gegen sonstige Kassenr ume und Gesch fte ",10041100,Saarbr cken,voll.,3,3,0,0,0,0,0,0,0,0,0,0,0,0,0,0,0,0,3,3,0,0,0,0,3,3,0,2022
212000,"Raub, r uberische Erpressung auf/gegen sonstige Kassenr ume und Gesch fte ",10041100,Saarbr cken,insg.,5,5,0,0,0,0,0,0,0,0,0,0,0,0,0,0,0,0,4,4,0,1,1,0,5,5,0,2022
212000,"Raub, r uberische Erpressung auf/gegen sonstige Kassenr ume und Gesch fte ",3102000,Salzgitter,vers.,2,1,1,0,0,0,0,0,0,0,0,0,0,0,0,2,1,1,0,0,0,0,0,0,0,0,0,2022
212000,"Raub, r uberische Erpressung auf/gegen sonstige Kassenr ume und Gesch fte ",3102000,Salzgitter,voll.,1,0,1,0,0,0,0,0,0,0,0,0,0,0,0,0,0,0,1,0,1,0,0,0,1,0,1,2022
212000,"Raub, r uberische Erpressung auf/gegen sonstige Kassenr ume und Gesch fte ",3102000,Salzgitter,insg.,3,1,2,0,0,0,0,0,0,0,0,0,0,0,0,2,1,1,1,0,1,0,0,0,1,0,1,2022
212000,"Raub, r uberische Erpressung auf/gegen sonstige Kassenr ume und Gesch fte ",13004000,Schwerin,vers.,1,0,1,0,0,0,0,0,0,0,0,0,0,0,0,0,0,0,1,0,1,0,0,0,1,0,1,2022
212000,"Raub, r uberische Erpressung auf/gegen sonstige Kassenr ume und Gesch fte ",13004000,Schwerin,voll.,4,4,0,0,0,0,0,0,0,0,0,0,0,0,0,1,1,0,2,2,0,1,1,0,3,3,0,2022
212000,"Raub, r uberische Erpressung auf/gegen sonstige Kassenr ume und Gesch fte ",13004000,Schwerin,insg.,5,4,1,0,0,0,0,0,0,0,0,0,0,0,0,1,1,0,3,2,1,1,1,0,4,3,1,2022
212000,"Raub, r uberische Erpressung auf/gegen sonstige Kassenr ume und Gesch fte ",5970040,Siegen,vers.,0,0,0,0,0,0,0,0,0,0,0,0,0,0,0,0,0,0,0,0,0,0,0,0,0,0,0,2022
212000,"Raub, r uberische Erpressung auf/gegen sonstige Kassenr ume und Gesch fte ",5970040,Siegen,voll.,5,0,5,0,0,0,0,0,0,0,0,0,0,0,0,0,0,0,5,0,5,0,0,0,5,0,5,2022
212000,"Raub, r uberische Erpressung auf/gegen sonstige Kassenr ume und Gesch fte ",5970040,Siegen,insg.,5,0,5,0,0,0,0,0,0,0,0,0,0,0,0,0,0,0,5,0,5,0,0,0,5,0,5,2022
212000,"Raub, r uberische Erpressung auf/gegen sonstige Kassenr ume und Gesch fte ",5122000,Solingen,vers.,2,0,2,0,0,0,0,0,0,0,0,0,0,0,0,0,0,0,2,0,2,0,0,0,2,0,2,2022
212000,"Raub, r uberische Erpressung auf/gegen sonstige Kassenr ume und Gesch fte ",5122000,Solingen,voll.,6,3,3,0,0,0,0,0,0,0,0,0,0,0,0,0,0,0,4,3,1,2,0,2,6,3,3,2022
212000,"Raub, r uberische Erpressung auf/gegen sonstige Kassenr ume und Gesch fte ",5122000,Solingen,insg.,8,3,5,0,0,0,0,0,0,0,0,0,0,0,0,0,0,0,6,3,3,2,0,2,8,3,5,2022
212000,"Raub, r uberische Erpressung auf/gegen sonstige Kassenr ume und Gesch fte ",8111000,Stuttgart,vers.,1,0,1,0,0,0,0,0,0,0,0,0,0,0,0,0,0,0,1,0,1,0,0,0,1,0,1,2022
212000,"Raub, r uberische Erpressung auf/gegen sonstige Kassenr ume und Gesch fte ",8111000,Stuttgart,voll.,12,5,7,0,0,0,0,0,0,0,0,0,0,0,0,0,0,0,11,4,7,1,1,0,12,5,7,2022
212000,"Raub, r uberische Erpressung auf/gegen sonstige Kassenr ume und Gesch fte ",8111000,Stuttgart,insg.,13,5,8,0,0,0,0,0,0,0,0,0,0,0,0,0,0,0,12,4,8,1,1,0,13,5,8,2022
212000,"Raub, r uberische Erpressung auf/gegen sonstige Kassenr ume und Gesch fte ",7211000,Trier,vers.,0,0,0,0,0,0,0,0,0,0,0,0,0,0,0,0,0,0,0,0,0,0,0,0,0,0,0,2022
212000,"Raub, r uberische Erpressung auf/gegen sonstige Kassenr ume und Gesch fte ",7211000,Trier,voll.,1,0,1,0,0,0,0,0,0,0,0,0,0,0,0,0,0,0,1,0,1,0,0,0,1,0,1,2022
212000,"Raub, r uberische Erpressung auf/gegen sonstige Kassenr ume und Gesch fte ",7211000,Trier,insg.,1,0,1,0,0,0,0,0,0,0,0,0,0,0,0,0,0,0,1,0,1,0,0,0,1,0,1,2022
212000,"Raub, r uberische Erpressung auf/gegen sonstige Kassenr ume und Gesch fte ",8421000,Ulm,vers.,3,0,3,0,0,0,0,0,0,0,0,0,0,0,0,0,0,0,2,0,2,1,0,1,3,0,3,2022
212000,"Raub, r uberische Erpressung auf/gegen sonstige Kassenr ume und Gesch fte ",8421000,Ulm,voll.,2,0,2,0,0,0,0,0,0,0,0,0,0,0,0,1,0,1,1,0,1,0,0,0,1,0,1,2022
212000,"Raub, r uberische Erpressung auf/gegen sonstige Kassenr ume und Gesch fte ",8421000,Ulm,insg.,5,0,5,0,0,0,0,0,0,0,0,0,0,0,0,1,0,1,3,0,3,1,0,1,4,0,4,2022
212000,"Raub, r uberische Erpressung auf/gegen sonstige Kassenr ume und Gesch fte ",6414000,Wiesbaden,vers.,2,2,0,0,0,0,0,0,0,0,0,0,0,0,0,0,0,0,2,2,0,0,0,0,2,2,0,2022
212000,"Raub, r uberische Erpressung auf/gegen sonstige Kassenr ume und Gesch fte ",6414000,Wiesbaden,voll.,5,4,1,0,0,0,0,0,0,0,0,0,0,0,0,0,0,0,5,4,1,0,0,0,5,4,1,2022
212000,"Raub, r uberische Erpressung auf/gegen sonstige Kassenr ume und Gesch fte ",6414000,Wiesbaden,insg.,7,6,1,0,0,0,0,0,0,0,0,0,0,0,0,0,0,0,7,6,1,0,0,0,7,6,1,2022
212000,"Raub, r uberische Erpressung auf/gegen sonstige Kassenr ume und Gesch fte ",3103000,Wolfsburg,vers.,0,0,0,0,0,0,0,0,0,0,0,0,0,0,0,0,0,0,0,0,0,0,0,0,0,0,0,2022
212000,"Raub, r uberische Erpressung auf/gegen sonstige Kassenr ume und Gesch fte ",3103000,Wolfsburg,voll.,6,0,6,0,0,0,0,0,0,0,0,0,0,0,0,0,0,0,4,0,4,2,0,2,6,0,6,2022
212000,"Raub, r uberische Erpressung auf/gegen sonstige Kassenr ume und Gesch fte ",3103000,Wolfsburg,insg.,6,0,6,0,0,0,0,0,0,0,0,0,0,0,0,0,0,0,4,0,4,2,0,2,6,0,6,2022
212000,"Raub, r uberische Erpressung auf/gegen sonstige Kassenr ume und Gesch fte ",5124000,Wuppertal,vers.,4,2,2,0,0,0,0,0,0,0,0,0,0,0,0,0,0,0,4,2,2,0,0,0,4,2,2,2022
212000,"Raub, r uberische Erpressung auf/gegen sonstige Kassenr ume und Gesch fte ",5124000,Wuppertal,voll.,10,3,7,0,0,0,0,0,0,0,0,0,0,0,0,2,1,1,6,2,4,2,0,2,8,2,6,2022
212000,"Raub, r uberische Erpressung auf/gegen sonstige Kassenr ume und Gesch fte ",5124000,Wuppertal,insg.,14,5,9,0,0,0,0,0,0,0,0,0,0,0,0,2,1,1,10,4,6,2,0,2,12,4,8,2022
212000,"Raub, r uberische Erpressung auf/gegen sonstige Kassenr ume und Gesch fte ",9663000,W rzburg,vers.,2,1,1,0,0,0,0,0,0,0,0,0,0,0,0,0,0,0,2,1,1,0,0,0,2,1,1,2022
212000,"Raub, r uberische Erpressung auf/gegen sonstige Kassenr ume und Gesch fte ",9663000,W rzburg,voll.,0,0,0,0,0,0,0,0,0,0,0,0,0,0,0,0,0,0,0,0,0,0,0,0,0,0,0,2022
212000,"Raub, r uberische Erpressung auf/gegen sonstige Kassenr ume und Gesch fte ",9663000,W rzburg,insg.,2,1,1,0,0,0,0,0,0,0,0,0,0,0,0,0,0,0,2,1,1,0,0,0,2,1,1,2022
216000,Handtaschenraub,5334002,Aachen,vers.,1,0,1,0,0,0,0,0,0,0,0,0,0,0,0,0,0,0,0,0,0,1,0,1,1,0,1,2022
216000,Handtaschenraub,5334002,Aachen,voll.,3,2,1,0,0,0,0,0,0,0,0,0,0,0,0,0,0,0,3,2,1,0,0,0,3,2,1,2022
216000,Handtaschenraub,5334002,Aachen,insg.,4,2,2,0,0,0,0,0,0,0,0,0,0,0,0,0,0,0,3,2,1,1,0,1,4,2,2,2022
216000,Handtaschenraub,9761000,Augsburg,vers.,0,0,0,0,0,0,0,0,0,0,0,0,0,0,0,0,0,0,0,0,0,0,0,0,0,0,0,2022
216000,Handtaschenraub,9761000,Augsburg,voll.,0,0,0,0,0,0,0,0,0,0,0,0,0,0,0,0,0,0,0,0,0,0,0,0,0,0,0,2022
216000,Handtaschenraub,9761000,Augsburg,insg.,0,0,0,0,0,0,0,0,0,0,0,0,0,0,0,0,0,0,0,0,0,0,0,0,0,0,0,2022
216000,Handtaschenraub,5378004,Bergisch Gladbach,vers.,1,0,1,0,0,0,0,0,0,0,0,0,0,0,0,0,0,0,1,0,1,0,0,0,1,0,1,2022
216000,Handtaschenraub,5378004,Bergisch Gladbach,voll.,1,0,1,0,0,0,0,0,0,0,0,0,0,0,0,0,0,0,1,0,1,0,0,0,1,0,1,2022
216000,Handtaschenraub,5378004,Bergisch Gladbach,insg.,2,0,2,0,0,0,0,0,0,0,0,0,0,0,0,0,0,0,2,0,2,0,0,0,2,0,2,2022
216000,Handtaschenraub,11000000,Berlin,vers.,52,13,39,0,0,0,3,3,0,3,3,0,1,1,0,3,1,2,29,7,22,16,1,15,45,8,37,2022
216000,Handtaschenraub,11000000,Berlin,voll.,167,52,115,0,0,0,3,3,0,3,3,0,6,6,0,10,6,4,80,29,51,68,8,60,148,37,111,2022
216000,Handtaschenraub,11000000,Berlin,insg.,219,65,154,0,0,0,6,6,0,6,6,0,7,7,0,13,7,6,109,36,73,84,9,75,193,45,148,2022
216000,Handtaschenraub,5711000,Bielefeld,vers.,1,0,1,0,0,0,0,0,0,0,0,0,0,0,0,0,0,0,1,0,1,0,0,0,1,0,1,2022
216000,Handtaschenraub,5711000,Bielefeld,voll.,4,0,4,0,0,0,0,0,0,0,0,0,0,0,0,2,0,2,1,0,1,1,0,1,2,0,2,2022
216000,Handtaschenraub,5711000,Bielefeld,insg.,5,0,5,0,0,0,0,0,0,0,0,0,0,0,0,2,0,2,2,0,2,1,0,1,3,0,3,2022
216000,Handtaschenraub,5911000,Bochum,vers.,0,0,0,0,0,0,0,0,0,0,0,0,0,0,0,0,0,0,0,0,0,0,0,0,0,0,0,2022
216000,Handtaschenraub,5911000,Bochum,voll.,6,0,6,0,0,0,0,0,0,0,0,0,0,0,0,0,0,0,1,0,1,5,0,5,6,0,6,2022
216000,Handtaschenraub,5911000,Bochum,insg.,6,0,6,0,0,0,0,0,0,0,0,0,0,0,0,0,0,0,1,0,1,5,0,5,6,0,6,2022
216000,Handtaschenraub,5314000,Bonn,vers.,3,0,3,0,0,0,0,0,0,0,0,0,0,0,0,0,0,0,2,0,2,1,0,1,3,0,3,2022
216000,Handtaschenraub,5314000,Bonn,voll.,7,0,7,0,0,0,0,0,0,0,0,0,0,0,0,1,0,1,2,0,2,4,0,4,6,0,6,2022
216000,Handtaschenraub,5314000,Bonn,insg.,10,0,10,0,0,0,0,0,0,0,0,0,0,0,0,1,0,1,4,0,4,5,0,5,9,0,9,2022
216000,Handtaschenraub,5512000,Bottrop,vers.,0,0,0,0,0,0,0,0,0,0,0,0,0,0,0,0,0,0,0,0,0,0,0,0,0,0,0,2022
216000,Handtaschenraub,5512000,Bottrop,voll.,2,0,2,0,0,0,0,0,0,0,0,0,0,0,0,0,0,0,1,0,1,1,0,1,2,0,2,2022
216000,Handtaschenraub,5512000,Bottrop,insg.,2,0,2,0,0,0,0,0,0,0,0,0,0,0,0,0,0,0,1,0,1,1,0,1,2,0,2,2022
216000,Handtaschenraub,3101000,Braunschweig,vers.,0,0,0,0,0,0,0,0,0,0,0,0,0,0,0,0,0,0,0,0,0,0,0,0,0,0,0,2022
216000,Handtaschenraub,3101000,Braunschweig,voll.,0,0,0,0,0,0,0,0,0,0,0,0,0,0,0,0,0,0,0,0,0,0,0,0,0,0,0,2022
216000,Handtaschenraub,3101000,Braunschweig,insg.,0,0,0,0,0,0,0,0,0,0,0,0,0,0,0,0,0,0,0,0,0,0,0,0,0,0,0,2022
216000,Handtaschenraub,4011000,Bremen,vers.,4,2,2,0,0,0,0,0,0,0,0,0,0,0,0,0,0,0,1,1,0,3,1,2,4,2,2,2022
216000,Handtaschenraub,4011000,Bremen,voll.,10,2,8,0,0,0,0,0,0,0,0,0,0,0,0,0,0,0,6,2,4,4,0,4,10,2,8,2022
216000,Handtaschenraub,4011000,Bremen,insg.,14,4,10,0,0,0,0,0,0,0,0,0,0,0,0,0,0,0,7,3,4,7,1,6,14,4,10,2022
216000,Handtaschenraub,4012000,Bremerhaven,vers.,0,0,0,0,0,0,0,0,0,0,0,0,0,0,0,0,0,0,0,0,0,0,0,0,0,0,0,2022
216000,Handtaschenraub,4012000,Bremerhaven,voll.,1,0,1,0,0,0,0,0,0,0,0,0,0,0,0,0,0,0,1,0,1,0,0,0,1,0,1,2022
216000,Handtaschenraub,4012000,Bremerhaven,insg.,1,0,1,0,0,0,0,0,0,0,0,0,0,0,0,0,0,0,1,0,1,0,0,0,1,0,1,2022
216000,Handtaschenraub,14511000,Chemnitz,vers.,4,1,3,0,0,0,0,0,0,0,0,0,1,1,0,0,0,0,1,0,1,2,0,2,3,0,3,2022
216000,Handtaschenraub,14511000,Chemnitz,voll.,1,0,1,0,0,0,0,0,0,0,0,0,0,0,0,0,0,0,1,0,1,0,0,0,1,0,1,2022
216000,Handtaschenraub,14511000,Chemnitz,insg.,5,1,4,0,0,0,0,0,0,0,0,0,1,1,0,0,0,0,2,0,2,2,0,2,4,0,4,2022
216000,Handtaschenraub,12052000,Cottbus,vers.,1,1,0,0,0,0,0,0,0,0,0,0,0,0,0,0,0,0,1,1,0,0,0,0,1,1,0,2022
216000,Handtaschenraub,12052000,Cottbus,voll.,2,0,2,0,0,0,0,0,0,0,0,0,0,0,0,0,0,0,0,0,0,2,0,2,2,0,2,2022
216000,Handtaschenraub,12052000,Cottbus,insg.,3,1,2,0,0,0,0,0,0,0,0,0,0,0,0,0,0,0,1,1,0,2,0,2,3,1,2,2022
216000,Handtaschenraub,6411000,Darmstadt,vers.,1,0,1,0,0,0,0,0,0,0,0,0,0,0,0,0,0,0,1,0,1,0,0,0,1,0,1,2022
216000,Handtaschenraub,6411000,Darmstadt,voll.,0,0,0,0,0,0,0,0,0,0,0,0,0,0,0,0,0,0,0,0,0,0,0,0,0,0,0,2022
216000,Handtaschenraub,6411000,Darmstadt,insg.,1,0,1,0,0,0,0,0,0,0,0,0,0,0,0,0,0,0,1,0,1,0,0,0,1,0,1,2022
216000,Handtaschenraub,5913000,Dortmund,vers.,1,0,1,0,0,0,0,0,0,0,0,0,0,0,0,0,0,0,1,0,1,0,0,0,1,0,1,2022
216000,Handtaschenraub,5913000,Dortmund,voll.,10,1,9,0,0,0,0,0,0,0,0,0,0,0,0,2,0,2,4,1,3,4,0,4,8,1,7,2022
216000,Handtaschenraub,5913000,Dortmund,insg.,11,1,10,0,0,0,0,0,0,0,0,0,0,0,0,2,0,2,5,1,4,4,0,4,9,1,8,2022
216000,Handtaschenraub,14612000,Dresden,vers.,4,2,2,0,0,0,0,0,0,0,0,0,0,0,0,1,1,0,2,1,1,1,0,1,3,1,2,2022
216000,Handtaschenraub,14612000,Dresden,voll.,8,1,7,0,0,0,0,0,0,0,0,0,1,0,1,0,0,0,0,0,0,7,1,6,7,1,6,2022
216000,Handtaschenraub,14612000,Dresden,insg.,12,3,9,0,0,0,0,0,0,0,0,0,1,0,1,1,1,0,2,1,1,8,1,7,10,2,8,2022
216000,Handtaschenraub,5112000,Duisburg,vers.,4,1,3,0,0,0,0,0,0,0,0,0,0,0,0,0,0,0,2,0,2,2,1,1,4,1,3,2022
216000,Handtaschenraub,5112000,Duisburg,voll.,16,3,13,0,0,0,0,0,0,0,0,0,1,0,1,0,0,0,9,3,6,6,0,6,15,3,12,2022
216000,Handtaschenraub,5112000,Duisburg,insg.,20,4,16,0,0,0,0,0,0,0,0,0,1,0,1,0,0,0,11,3,8,8,1,7,19,4,15,2022
216000,Handtaschenraub,5111000,D sseldorf,vers.,4,1,3,0,0,0,0,0,0,0,0,0,0,0,0,0,0,0,3,1,2,1,0,1,4,1,3,2022
216000,Handtaschenraub,5111000,D sseldorf,voll.,9,2,7,0,0,0,0,0,0,0,0,0,1,0,1,0,0,0,4,2,2,4,0,4,8,2,6,2022
216000,Handtaschenraub,5111000,D sseldorf,insg.,13,3,10,0,0,0,0,0,0,0,0,0,1,0,1,0,0,0,7,3,4,5,0,5,12,3,9,2022
216000,Handtaschenraub,16051000,Erfurt,vers.,0,0,0,0,0,0,0,0,0,0,0,0,0,0,0,0,0,0,0,0,0,0,0,0,0,0,0,2022
216000,Handtaschenraub,16051000,Erfurt,voll.,1,1,0,0,0,0,0,0,0,0,0,0,0,0,0,1,1,0,0,0,0,0,0,0,0,0,0,2022
216000,Handtaschenraub,16051000,Erfurt,insg.,1,1,0,0,0,0,0,0,0,0,0,0,0,0,0,1,1,0,0,0,0,0,0,0,0,0,0,2022
216000,Handtaschenraub,9562000,Erlangen,vers.,0,0,0,0,0,0,0,0,0,0,0,0,0,0,0,0,0,0,0,0,0,0,0,0,0,0,0,2022
216000,Handtaschenraub,9562000,Erlangen,voll.,1,1,0,0,0,0,0,0,0,0,0,0,0,0,0,1,1,0,0,0,0,0,0,0,0,0,0,2022
216000,Handtaschenraub,9562000,Erlangen,insg.,1,1,0,0,0,0,0,0,0,0,0,0,0,0,0,1,1,0,0,0,0,0,0,0,0,0,0,2022
216000,Handtaschenraub,5113000,Essen,vers.,1,1,0,0,0,0,0,0,0,0,0,0,1,1,0,0,0,0,0,0,0,0,0,0,0,0,0,2022
216000,Handtaschenraub,5113000,Essen,voll.,4,1,3,0,0,0,0,0,0,0,0,0,0,0,0,0,0,0,3,0,3,1,1,0,4,1,3,2022
216000,Handtaschenraub,5113000,Essen,insg.,5,2,3,0,0,0,0,0,0,0,0,0,1,1,0,0,0,0,3,0,3,1,1,0,4,1,3,2022
216000,Handtaschenraub,6412000,Frankfurt am Main,vers.,2,0,2,0,0,0,0,0,0,0,0,0,0,0,0,0,0,0,1,0,1,1,0,1,2,0,2,2022
216000,Handtaschenraub,6412000,Frankfurt am Main,voll.,8,3,5,0,0,0,0,0,0,0,0,0,3,1,2,0,0,0,3,2,1,2,0,2,5,2,3,2022
216000,Handtaschenraub,6412000,Frankfurt am Main,insg.,10,3,7,0,0,0,0,0,0,0,0,0,3,1,2,0,0,0,4,2,2,3,0,3,7,2,5,2022
216000,Handtaschenraub,8311000,Freiburg im Breisgau,vers.,4,3,1,0,0,0,0,0,0,0,0,0,2,2,0,0,0,0,2,1,1,0,0,0,2,1,1,2022
216000,Handtaschenraub,8311000,Freiburg im Breisgau,voll.,4,1,3,0,0,0,0,0,0,0,0,0,0,0,0,0,0,0,2,1,1,2,0,2,4,1,3,2022
216000,Handtaschenraub,8311000,Freiburg im Breisgau,insg.,8,4,4,0,0,0,0,0,0,0,0,0,2,2,0,0,0,0,4,2,2,2,0,2,6,2,4,2022
216000,Handtaschenraub,9563000,F rth,vers.,0,0,0,0,0,0,0,0,0,0,0,0,0,0,0,0,0,0,0,0,0,0,0,0,0,0,0,2022
216000,Handtaschenraub,9563000,F rth,voll.,2,0,2,0,0,0,0,0,0,0,0,0,0,0,0,0,0,0,1,0,1,1,0,1,2,0,2,2022
216000,Handtaschenraub,9563000,F rth,insg.,2,0,2,0,0,0,0,0,0,0,0,0,0,0,0,0,0,0,1,0,1,1,0,1,2,0,2,2022
216000,Handtaschenraub,5513000,Gelsenkirchen,vers.,1,0,1,0,0,0,0,0,0,0,0,0,0,0,0,0,0,0,1,0,1,0,0,0,1,0,1,2022
216000,Handtaschenraub,5513000,Gelsenkirchen,voll.,4,1,3,0,0,0,0,0,0,0,0,0,0,0,0,0,0,0,1,0,1,3,1,2,4,1,3,2022
216000,Handtaschenraub,5513000,Gelsenkirchen,insg.,5,1,4,0,0,0,0,0,0,0,0,0,0,0,0,0,0,0,2,0,2,3,1,2,5,1,4,2022
216000,Handtaschenraub,3159016,G ttingen,vers.,0,0,0,0,0,0,0,0,0,0,0,0,0,0,0,0,0,0,0,0,0,0,0,0,0,0,0,2022
216000,Handtaschenraub,3159016,G ttingen,voll.,1,1,0,0,0,0,0,0,0,0,0,0,1,1,0,0,0,0,0,0,0,0,0,0,0,0,0,2022
216000,Handtaschenraub,3159016,G ttingen,insg.,1,1,0,0,0,0,0,0,0,0,0,0,1,1,0,0,0,0,0,0,0,0,0,0,0,0,0,2022
216000,Handtaschenraub,5754008,G tersloh,vers.,0,0,0,0,0,0,0,0,0,0,0,0,0,0,0,0,0,0,0,0,0,0,0,0,0,0,0,2022
216000,Handtaschenraub,5754008,G tersloh,voll.,4,0,4,0,0,0,0,0,0,0,0,0,0,0,0,0,0,0,2,0,2,2,0,2,4,0,4,2022
216000,Handtaschenraub,5754008,G tersloh,insg.,4,0,4,0,0,0,0,0,0,0,0,0,0,0,0,0,0,0,2,0,2,2,0,2,4,0,4,2022
216000,Handtaschenraub,5914000,Hagen,vers.,2,0,2,0,0,0,0,0,0,0,0,0,0,0,0,0,0,0,1,0,1,1,0,1,2,0,2,2022
216000,Handtaschenraub,5914000,Hagen,voll.,1,0,1,0,0,0,0,0,0,0,0,0,0,0,0,0,0,0,0,0,0,1,0,1,1,0,1,2022
216000,Handtaschenraub,5914000,Hagen,insg.,3,0,3,0,0,0,0,0,0,0,0,0,0,0,0,0,0,0,1,0,1,2,0,2,3,0,3,2022
216000,Handtaschenraub,15002000,Halle (Saale),vers.,2,0,2,0,0,0,0,0,0,0,0,0,0,0,0,0,0,0,0,0,0,2,0,2,2,0,2,2022
216000,Handtaschenraub,15002000,Halle (Saale),voll.,6,2,4,0,0,0,0,0,0,0,0,0,0,0,0,0,0,0,2,1,1,4,1,3,6,2,4,2022
216000,Handtaschenraub,15002000,Halle (Saale),insg.,8,2,6,0,0,0,0,0,0,0,0,0,0,0,0,0,0,0,2,1,1,6,1,5,8,2,6,2022
216000,Handtaschenraub,2000000,Hamburg,vers.,16,9,7,0,0,0,1,1,0,1,1,0,0,0,0,2,0,2,12,7,5,1,1,0,13,8,5,2022
216000,Handtaschenraub,2000000,Hamburg,voll.,56,26,30,0,0,0,0,0,0,0,0,0,8,6,2,7,6,1,31,14,17,10,0,10,41,14,27,2022
216000,Handtaschenraub,2000000,Hamburg,insg.,72,35,37,0,0,0,1,1,0,1,1,0,8,6,2,9,6,3,43,21,22,11,1,10,54,22,32,2022
216000,Handtaschenraub,5915000,Hamm,vers.,0,0,0,0,0,0,0,0,0,0,0,0,0,0,0,0,0,0,0,0,0,0,0,0,0,0,0,2022
216000,Handtaschenraub,5915000,Hamm,voll.,2,0,2,0,0,0,0,0,0,0,0,0,0,0,0,0,0,0,0,0,0,2,0,2,2,0,2,2022
216000,Handtaschenraub,5915000,Hamm,insg.,2,0,2,0,0,0,0,0,0,0,0,0,0,0,0,0,0,0,0,0,0,2,0,2,2,0,2,2022
216000,Handtaschenraub,6435014,Hanau,vers.,0,0,0,0,0,0,0,0,0,0,0,0,0,0,0,0,0,0,0,0,0,0,0,0,0,0,0,2022
216000,Handtaschenraub,6435014,Hanau,voll.,0,0,0,0,0,0,0,0,0,0,0,0,0,0,0,0,0,0,0,0,0,0,0,0,0,0,0,2022
216000,Handtaschenraub,6435014,Hanau,insg.,0,0,0,0,0,0,0,0,0,0,0,0,0,0,0,0,0,0,0,0,0,0,0,0,0,0,0,2022
216000,Handtaschenraub,3241001,Hannover,vers.,4,3,1,0,0,0,0,0,0,0,0,0,0,0,0,0,0,0,3,3,0,1,0,1,4,3,1,2022
216000,Handtaschenraub,3241001,Hannover,voll.,10,1,9,0,0,0,0,0,0,0,0,0,1,1,0,0,0,0,5,0,5,4,0,4,9,0,9,2022
216000,Handtaschenraub,3241001,Hannover,insg.,14,4,10,0,0,0,0,0,0,0,0,0,1,1,0,0,0,0,8,3,5,5,0,5,13,3,10,2022
216000,Handtaschenraub,8221000,Heidelberg,vers.,2,0,2,0,0,0,0,0,0,0,0,0,0,0,0,0,0,0,2,0,2,0,0,0,2,0,2,2022
216000,Handtaschenraub,8221000,Heidelberg,voll.,1,0,1,0,0,0,0,0,0,0,0,0,0,0,0,0,0,0,0,0,0,1,0,1,1,0,1,2022
216000,Handtaschenraub,8221000,Heidelberg,insg.,3,0,3,0,0,0,0,0,0,0,0,0,0,0,0,0,0,0,2,0,2,1,0,1,3,0,3,2022
216000,Handtaschenraub,8121000,Heilbronn,vers.,1,0,1,0,0,0,0,0,0,0,0,0,0,0,0,0,0,0,1,0,1,0,0,0,1,0,1,2022
216000,Handtaschenraub,8121000,Heilbronn,voll.,1,0,1,0,0,0,0,0,0,0,0,0,0,0,0,0,0,0,1,0,1,0,0,0,1,0,1,2022
216000,Handtaschenraub,8121000,Heilbronn,insg.,2,0,2,0,0,0,0,0,0,0,0,0,0,0,0,0,0,0,2,0,2,0,0,0,2,0,2,2022
216000,Handtaschenraub,5916000,Herne,vers.,0,0,0,0,0,0,0,0,0,0,0,0,0,0,0,0,0,0,0,0,0,0,0,0,0,0,0,2022
216000,Handtaschenraub,5916000,Herne,voll.,3,0,3,0,0,0,0,0,0,0,0,0,1,0,1,0,0,0,1,0,1,1,0,1,2,0,2,2022
216000,Handtaschenraub,5916000,Herne,insg.,3,0,3,0,0,0,0,0,0,0,0,0,1,0,1,0,0,0,1,0,1,1,0,1,2,0,2,2022
216000,Handtaschenraub,3254021,Hildesheim,vers.,0,0,0,0,0,0,0,0,0,0,0,0,0,0,0,0,0,0,0,0,0,0,0,0,0,0,0,2022
216000,Handtaschenraub,3254021,Hildesheim,voll.,1,1,0,0,0,0,0,0,0,0,0,0,0,0,0,0,0,0,1,1,0,0,0,0,1,1,0,2022
216000,Handtaschenraub,3254021,Hildesheim,insg.,1,1,0,0,0,0,0,0,0,0,0,0,0,0,0,0,0,0,1,1,0,0,0,0,1,1,0,2022
216000,Handtaschenraub,9161000,Ingolstadt,vers.,0,0,0,0,0,0,0,0,0,0,0,0,0,0,0,0,0,0,0,0,0,0,0,0,0,0,0,2022
216000,Handtaschenraub,9161000,Ingolstadt,voll.,0,0,0,0,0,0,0,0,0,0,0,0,0,0,0,0,0,0,0,0,0,0,0,0,0,0,0,2022
216000,Handtaschenraub,9161000,Ingolstadt,insg.,0,0,0,0,0,0,0,0,0,0,0,0,0,0,0,0,0,0,0,0,0,0,0,0,0,0,0,2022
216000,Handtaschenraub,16053000,Jena,vers.,0,0,0,0,0,0,0,0,0,0,0,0,0,0,0,0,0,0,0,0,0,0,0,0,0,0,0,2022
216000,Handtaschenraub,16053000,Jena,voll.,0,0,0,0,0,0,0,0,0,0,0,0,0,0,0,0,0,0,0,0,0,0,0,0,0,0,0,2022
216000,Handtaschenraub,16053000,Jena,insg.,0,0,0,0,0,0,0,0,0,0,0,0,0,0,0,0,0,0,0,0,0,0,0,0,0,0,0,2022
216000,Handtaschenraub,7312000,Kaiserslautern,vers.,2,0,2,0,0,0,0,0,0,0,0,0,0,0,0,0,0,0,1,0,1,1,0,1,2,0,2,2022
216000,Handtaschenraub,7312000,Kaiserslautern,voll.,1,0,1,0,0,0,0,0,0,0,0,0,0,0,0,0,0,0,1,0,1,0,0,0,1,0,1,2022
216000,Handtaschenraub,7312000,Kaiserslautern,insg.,3,0,3,0,0,0,0,0,0,0,0,0,0,0,0,0,0,0,2,0,2,1,0,1,3,0,3,2022
216000,Handtaschenraub,8212000,Karlsruhe,vers.,3,0,3,0,0,0,0,0,0,0,0,0,1,0,1,0,0,0,2,0,2,0,0,0,2,0,2,2022
216000,Handtaschenraub,8212000,Karlsruhe,voll.,4,1,3,0,0,0,1,0,1,1,0,1,0,0,0,1,1,0,2,0,2,0,0,0,2,0,2,2022
216000,Handtaschenraub,8212000,Karlsruhe,insg.,7,1,6,0,0,0,1,0,1,1,0,1,1,0,1,1,1,0,4,0,4,0,0,0,4,0,4,2022
216000,Handtaschenraub,6611000,Kassel,vers.,1,0,1,0,0,0,0,0,0,0,0,0,0,0,0,0,0,0,1,0,1,0,0,0,1,0,1,2022
216000,Handtaschenraub,6611000,Kassel,voll.,2,0,2,0,0,0,0,0,0,0,0,0,0,0,0,0,0,0,1,0,1,1,0,1,2,0,2,2022
216000,Handtaschenraub,6611000,Kassel,insg.,3,0,3,0,0,0,0,0,0,0,0,0,0,0,0,0,0,0,2,0,2,1,0,1,3,0,3,2022
216000,Handtaschenraub,1002000,Kiel,vers.,0,0,0,0,0,0,0,0,0,0,0,0,0,0,0,0,0,0,0,0,0,0,0,0,0,0,0,2022
216000,Handtaschenraub,1002000,Kiel,voll.,3,0,3,0,0,0,0,0,0,0,0,0,0,0,0,0,0,0,1,0,1,2,0,2,3,0,3,2022
216000,Handtaschenraub,1002000,Kiel,insg.,3,0,3,0,0,0,0,0,0,0,0,0,0,0,0,0,0,0,1,0,1,2,0,2,3,0,3,2022
216000,Handtaschenraub,7111000,Koblenz,vers.,0,0,0,0,0,0,0,0,0,0,0,0,0,0,0,0,0,0,0,0,0,0,0,0,0,0,0,2022
216000,Handtaschenraub,7111000,Koblenz,voll.,0,0,0,0,0,0,0,0,0,0,0,0,0,0,0,0,0,0,0,0,0,0,0,0,0,0,0,2022
216000,Handtaschenraub,7111000,Koblenz,insg.,0,0,0,0,0,0,0,0,0,0,0,0,0,0,0,0,0,0,0,0,0,0,0,0,0,0,0,2022
216000,Handtaschenraub,5315000,K ln,vers.,16,4,12,0,0,0,0,0,0,0,0,0,1,0,1,1,0,1,10,3,7,4,1,3,14,4,10,2022
216000,Handtaschenraub,5315000,K ln,voll.,34,9,25,0,0,0,0,0,0,0,0,0,2,2,0,2,1,1,17,4,13,13,2,11,30,6,24,2022
216000,Handtaschenraub,5315000,K ln,insg.,50,13,37,0,0,0,0,0,0,0,0,0,3,2,1,3,1,2,27,7,20,17,3,14,44,10,34,2022
216000,Handtaschenraub,5114000,Krefeld,vers.,2,0,2,0,0,0,0,0,0,0,0,0,0,0,0,0,0,0,2,0,2,0,0,0,2,0,2,2022
216000,Handtaschenraub,5114000,Krefeld,voll.,11,1,10,0,0,0,0,0,0,0,0,0,0,0,0,1,0,1,7,1,6,3,0,3,10,1,9,2022
216000,Handtaschenraub,5114000,Krefeld,insg.,13,1,12,0,0,0,0,0,0,0,0,0,0,0,0,1,0,1,9,1,8,3,0,3,12,1,11,2022
216000,Handtaschenraub,14713000,Leipzig,vers.,8,0,8,0,0,0,0,0,0,0,0,0,0,0,0,0,0,0,6,0,6,2,0,2,8,0,8,2022
216000,Handtaschenraub,14713000,Leipzig,voll.,8,3,5,0,0,0,0,0,0,0,0,0,1,1,0,0,0,0,5,2,3,2,0,2,7,2,5,2022
216000,Handtaschenraub,14713000,Leipzig,insg.,16,3,13,0,0,0,0,0,0,0,0,0,1,1,0,0,0,0,11,2,9,4,0,4,15,2,13,2022
216000,Handtaschenraub,5316000,Leverkusen,vers.,0,0,0,0,0,0,0,0,0,0,0,0,0,0,0,0,0,0,0,0,0,0,0,0,0,0,0,2022
216000,Handtaschenraub,5316000,Leverkusen,voll.,1,0,1,0,0,0,0,0,0,0,0,0,0,0,0,0,0,0,0,0,0,1,0,1,1,0,1,2022
216000,Handtaschenraub,5316000,Leverkusen,insg.,1,0,1,0,0,0,0,0,0,0,0,0,0,0,0,0,0,0,0,0,0,1,0,1,1,0,1,2022
216000,Handtaschenraub,1003000,L beck,vers.,1,0,1,0,0,0,0,0,0,0,0,0,0,0,0,0,0,0,1,0,1,0,0,0,1,0,1,2022
216000,Handtaschenraub,1003000,L beck,voll.,1,1,0,0,0,0,0,0,0,0,0,0,0,0,0,0,0,0,0,0,0,1,1,0,1,1,0,2022
216000,Handtaschenraub,1003000,L beck,insg.,2,1,1,0,0,0,0,0,0,0,0,0,0,0,0,0,0,0,1,0,1,1,1,0,2,1,1,2022
216000,Handtaschenraub,7314000,Ludwigshafen am Rhein,vers.,1,0,1,0,0,0,0,0,0,0,0,0,0,0,0,0,0,0,1,0,1,0,0,0,1,0,1,2022
216000,Handtaschenraub,7314000,Ludwigshafen am Rhein,voll.,2,0,2,0,0,0,0,0,0,0,0,0,0,0,0,0,0,0,0,0,0,2,0,2,2,0,2,2022
216000,Handtaschenraub,7314000,Ludwigshafen am Rhein,insg.,3,0,3,0,0,0,0,0,0,0,0,0,0,0,0,0,0,0,1,0,1,2,0,2,3,0,3,2022
216000,Handtaschenraub,15003000,Magdeburg,vers.,1,1,0,0,0,0,0,0,0,0,0,0,0,0,0,0,0,0,0,0,0,1,1,0,1,1,0,2022
216000,Handtaschenraub,15003000,Magdeburg,voll.,3,2,1,0,0,0,0,0,0,0,0,0,0,0,0,0,0,0,1,1,0,2,1,1,3,2,1,2022
216000,Handtaschenraub,15003000,Magdeburg,insg.,4,3,1,0,0,0,0,0,0,0,0,0,0,0,0,0,0,0,1,1,0,3,2,1,4,3,1,2022
216000,Handtaschenraub,7315000,Mainz,vers.,1,0,1,0,0,0,0,0,0,0,0,0,0,0,0,0,0,0,1,0,1,0,0,0,1,0,1,2022
216000,Handtaschenraub,7315000,Mainz,voll.,2,1,1,0,0,0,0,0,0,0,0,0,1,1,0,0,0,0,0,0,0,1,0,1,1,0,1,2022
216000,Handtaschenraub,7315000,Mainz,insg.,3,1,2,0,0,0,0,0,0,0,0,0,1,1,0,0,0,0,1,0,1,1,0,1,2,0,2,2022
216000,Handtaschenraub,8222000,Mannheim,vers.,0,0,0,0,0,0,0,0,0,0,0,0,0,0,0,0,0,0,0,0,0,0,0,0,0,0,0,2022
216000,Handtaschenraub,8222000,Mannheim,voll.,3,0,3,0,0,0,0,0,0,0,0,0,0,0,0,0,0,0,2,0,2,1,0,1,3,0,3,2022
216000,Handtaschenraub,8222000,Mannheim,insg.,3,0,3,0,0,0,0,0,0,0,0,0,0,0,0,0,0,0,2,0,2,1,0,1,3,0,3,2022
216000,Handtaschenraub,5170024,Moers,vers.,0,0,0,0,0,0,0,0,0,0,0,0,0,0,0,0,0,0,0,0,0,0,0,0,0,0,0,2022
216000,Handtaschenraub,5170024,Moers,voll.,0,0,0,0,0,0,0,0,0,0,0,0,0,0,0,0,0,0,0,0,0,0,0,0,0,0,0,2022
216000,Handtaschenraub,5170024,Moers,insg.,0,0,0,0,0,0,0,0,0,0,0,0,0,0,0,0,0,0,0,0,0,0,0,0,0,0,0,2022
216000,Handtaschenraub,5116000,M nchengladbach,vers.,3,0,3,0,0,0,0,0,0,0,0,0,0,0,0,0,0,0,1,0,1,2,0,2,3,0,3,2022
216000,Handtaschenraub,5116000,M nchengladbach,voll.,2,0,2,0,0,0,0,0,0,0,0,0,1,0,1,0,0,0,0,0,0,1,0,1,1,0,1,2022
216000,Handtaschenraub,5116000,M nchengladbach,insg.,5,0,5,0,0,0,0,0,0,0,0,0,1,0,1,0,0,0,1,0,1,3,0,3,4,0,4,2022
216000,Handtaschenraub,5117000,M lheim an der Ruhr,vers.,0,0,0,0,0,0,0,0,0,0,0,0,0,0,0,0,0,0,0,0,0,0,0,0,0,0,0,2022
216000,Handtaschenraub,5117000,M lheim an der Ruhr,voll.,2,0,2,0,0,0,0,0,0,0,0,0,0,0,0,0,0,0,2,0,2,0,0,0,2,0,2,2022
216000,Handtaschenraub,5117000,M lheim an der Ruhr,insg.,2,0,2,0,0,0,0,0,0,0,0,0,0,0,0,0,0,0,2,0,2,0,0,0,2,0,2,2022
216000,Handtaschenraub,9162000,M nchen,vers.,16,10,6,0,0,0,0,0,0,0,0,0,7,6,1,0,0,0,6,2,4,3,2,1,9,4,5,2022
216000,Handtaschenraub,9162000,M nchen,voll.,31,13,18,0,0,0,0,0,0,0,0,0,2,1,1,3,2,1,17,9,8,9,1,8,26,10,16,2022
216000,Handtaschenraub,9162000,M nchen,insg.,47,23,24,0,0,0,0,0,0,0,0,0,9,7,2,3,2,1,23,11,12,12,3,9,35,14,21,2022
216000,Handtaschenraub,5515000,M nster,vers.,1,0,1,0,0,0,0,0,0,0,0,0,0,0,0,0,0,0,1,0,1,0,0,0,1,0,1,2022
216000,Handtaschenraub,5515000,M nster,voll.,5,0,5,0,0,0,0,0,0,0,0,0,0,0,0,0,0,0,0,0,0,5,0,5,5,0,5,2022
216000,Handtaschenraub,5515000,M nster,insg.,6,0,6,0,0,0,0,0,0,0,0,0,0,0,0,0,0,0,1,0,1,5,0,5,6,0,6,2022
216000,Handtaschenraub,5162024,Neuss,vers.,0,0,0,0,0,0,0,0,0,0,0,0,0,0,0,0,0,0,0,0,0,0,0,0,0,0,0,2022
216000,Handtaschenraub,5162024,Neuss,voll.,2,0,2,0,0,0,0,0,0,0,0,0,0,0,0,0,0,0,2,0,2,0,0,0,2,0,2,2022
216000,Handtaschenraub,5162024,Neuss,insg.,2,0,2,0,0,0,0,0,0,0,0,0,0,0,0,0,0,0,2,0,2,0,0,0,2,0,2,2022
216000,Handtaschenraub,9564000,N rnberg,vers.,1,0,1,0,0,0,0,0,0,0,0,0,0,0,0,0,0,0,0,0,0,1,0,1,1,0,1,2022
216000,Handtaschenraub,9564000,N rnberg,voll.,8,4,4,0,0,0,0,0,0,0,0,0,0,0,0,1,1,0,3,2,1,4,1,3,7,3,4,2022
216000,Handtaschenraub,9564000,N rnberg,insg.,9,4,5,0,0,0,0,0,0,0,0,0,0,0,0,1,1,0,3,2,1,5,1,4,8,3,5,2022
216000,Handtaschenraub,5119000,Oberhausen,vers.,0,0,0,0,0,0,0,0,0,0,0,0,0,0,0,0,0,0,0,0,0,0,0,0,0,0,0,2022
216000,Handtaschenraub,5119000,Oberhausen,voll.,3,0,3,0,0,0,0,0,0,0,0,0,0,0,0,0,0,0,2,0,2,1,0,1,3,0,3,2022
216000,Handtaschenraub,5119000,Oberhausen,insg.,3,0,3,0,0,0,0,0,0,0,0,0,0,0,0,0,0,0,2,0,2,1,0,1,3,0,3,2022
216000,Handtaschenraub,6413000,Offenbach am Main,vers.,0,0,0,0,0,0,0,0,0,0,0,0,0,0,0,0,0,0,0,0,0,0,0,0,0,0,0,2022
216000,Handtaschenraub,6413000,Offenbach am Main,voll.,2,0,2,0,0,0,0,0,0,0,0,0,0,0,0,0,0,0,1,0,1,1,0,1,2,0,2,2022
216000,Handtaschenraub,6413000,Offenbach am Main,insg.,2,0,2,0,0,0,0,0,0,0,0,0,0,0,0,0,0,0,1,0,1,1,0,1,2,0,2,2022
216000,Handtaschenraub,3403000,Oldenburg (Oldenburg),vers.,0,0,0,0,0,0,0,0,0,0,0,0,0,0,0,0,0,0,0,0,0,0,0,0,0,0,0,2022
216000,Handtaschenraub,3403000,Oldenburg (Oldenburg),voll.,1,0,1,0,0,0,0,0,0,0,0,0,0,0,0,0,0,0,1,0,1,0,0,0,1,0,1,2022
216000,Handtaschenraub,3403000,Oldenburg (Oldenburg),insg.,1,0,1,0,0,0,0,0,0,0,0,0,0,0,0,0,0,0,1,0,1,0,0,0,1,0,1,2022
216000,Handtaschenraub,3404000,Osnabr ck,vers.,1,1,0,0,0,0,0,0,0,0,0,0,0,0,0,0,0,0,1,1,0,0,0,0,1,1,0,2022
216000,Handtaschenraub,3404000,Osnabr ck,voll.,6,3,3,0,0,0,0,0,0,0,0,0,0,0,0,0,0,0,4,3,1,2,0,2,6,3,3,2022
216000,Handtaschenraub,3404000,Osnabr ck,insg.,7,4,3,0,0,0,0,0,0,0,0,0,0,0,0,0,0,0,5,4,1,2,0,2,7,4,3,2022
216000,Handtaschenraub,5774032,Paderborn,vers.,2,0,2,0,0,0,1,0,1,1,0,1,0,0,0,0,0,0,1,0,1,0,0,0,1,0,1,2022
216000,Handtaschenraub,5774032,Paderborn,voll.,1,0,1,0,0,0,0,0,0,0,0,0,0,0,0,0,0,0,1,0,1,0,0,0,1,0,1,2022
216000,Handtaschenraub,5774032,Paderborn,insg.,3,0,3,0,0,0,1,0,1,1,0,1,0,0,0,0,0,0,2,0,2,0,0,0,2,0,2,2022
216000,Handtaschenraub,8231000,Pforzheim,vers.,1,0,1,0,0,0,0,0,0,0,0,0,0,0,0,0,0,0,1,0,1,0,0,0,1,0,1,2022
216000,Handtaschenraub,8231000,Pforzheim,voll.,4,2,2,0,0,0,1,1,0,1,1,0,0,0,0,0,0,0,3,1,2,0,0,0,3,1,2,2022
216000,Handtaschenraub,8231000,Pforzheim,insg.,5,2,3,0,0,0,1,1,0,1,1,0,0,0,0,0,0,0,4,1,3,0,0,0,4,1,3,2022
216000,Handtaschenraub,12054000,Potsdam,vers.,0,0,0,0,0,0,0,0,0,0,0,0,0,0,0,0,0,0,0,0,0,0,0,0,0,0,0,2022
216000,Handtaschenraub,12054000,Potsdam,voll.,3,0,3,0,0,0,0,0,0,0,0,0,0,0,0,0,0,0,0,0,0,3,0,3,3,0,3,2022
216000,Handtaschenraub,12054000,Potsdam,insg.,3,0,3,0,0,0,0,0,0,0,0,0,0,0,0,0,0,0,0,0,0,3,0,3,3,0,3,2022
216000,Handtaschenraub,5562032,Recklinghausen,vers.,0,0,0,0,0,0,0,0,0,0,0,0,0,0,0,0,0,0,0,0,0,0,0,0,0,0,0,2022
216000,Handtaschenraub,5562032,Recklinghausen,voll.,1,0,1,0,0,0,0,0,0,0,0,0,0,0,0,0,0,0,0,0,0,1,0,1,1,0,1,2022
216000,Handtaschenraub,5562032,Recklinghausen,insg.,1,0,1,0,0,0,0,0,0,0,0,0,0,0,0,0,0,0,0,0,0,1,0,1,1,0,1,2022
216000,Handtaschenraub,9362000,Regensburg,vers.,0,0,0,0,0,0,0,0,0,0,0,0,0,0,0,0,0,0,0,0,0,0,0,0,0,0,0,2022
216000,Handtaschenraub,9362000,Regensburg,voll.,0,0,0,0,0,0,0,0,0,0,0,0,0,0,0,0,0,0,0,0,0,0,0,0,0,0,0,2022
216000,Handtaschenraub,9362000,Regensburg,insg.,0,0,0,0,0,0,0,0,0,0,0,0,0,0,0,0,0,0,0,0,0,0,0,0,0,0,0,2022
216000,Handtaschenraub,5120000,Remscheid,vers.,1,0,1,0,0,0,0,0,0,0,0,0,0,0,0,0,0,0,0,0,0,1,0,1,1,0,1,2022
216000,Handtaschenraub,5120000,Remscheid,voll.,3,1,2,0,0,0,0,0,0,0,0,0,0,0,0,0,0,0,2,1,1,1,0,1,3,1,2,2022
216000,Handtaschenraub,5120000,Remscheid,insg.,4,1,3,0,0,0,0,0,0,0,0,0,0,0,0,0,0,0,2,1,1,2,0,2,4,1,3,2022
216000,Handtaschenraub,8415061,Reutlingen,vers.,0,0,0,0,0,0,0,0,0,0,0,0,0,0,0,0,0,0,0,0,0,0,0,0,0,0,0,2022
216000,Handtaschenraub,8415061,Reutlingen,voll.,0,0,0,0,0,0,0,0,0,0,0,0,0,0,0,0,0,0,0,0,0,0,0,0,0,0,0,2022
216000,Handtaschenraub,8415061,Reutlingen,insg.,0,0,0,0,0,0,0,0,0,0,0,0,0,0,0,0,0,0,0,0,0,0,0,0,0,0,0,2022
216000,Handtaschenraub,13003000,"Rostock, Hanse- und Universit tsstadt",vers.,1,0,1,0,0,0,0,0,0,0,0,0,0,0,0,0,0,0,1,0,1,0,0,0,1,0,1,2022
216000,Handtaschenraub,13003000,"Rostock, Hanse- und Universit tsstadt",voll.,3,0,3,0,0,0,0,0,0,0,0,0,0,0,0,0,0,0,3,0,3,0,0,0,3,0,3,2022
216000,Handtaschenraub,13003000,"Rostock, Hanse- und Universit tsstadt",insg.,4,0,4,0,0,0,0,0,0,0,0,0,0,0,0,0,0,0,4,0,4,0,0,0,4,0,4,2022
216000,Handtaschenraub,10041100,Saarbr cken,vers.,1,0,1,0,0,0,0,0,0,0,0,0,0,0,0,0,0,0,0,0,0,1,0,1,1,0,1,2022
216000,Handtaschenraub,10041100,Saarbr cken,voll.,7,1,6,0,0,0,0,0,0,0,0,0,0,0,0,0,0,0,6,1,5,1,0,1,7,1,6,2022
216000,Handtaschenraub,10041100,Saarbr cken,insg.,8,1,7,0,0,0,0,0,0,0,0,0,0,0,0,0,0,0,6,1,5,2,0,2,8,1,7,2022
216000,Handtaschenraub,3102000,Salzgitter,vers.,0,0,0,0,0,0,0,0,0,0,0,0,0,0,0,0,0,0,0,0,0,0,0,0,0,0,0,2022
216000,Handtaschenraub,3102000,Salzgitter,voll.,2,0,2,0,0,0,0,0,0,0,0,0,0,0,0,0,0,0,0,0,0,2,0,2,2,0,2,2022
216000,Handtaschenraub,3102000,Salzgitter,insg.,2,0,2,0,0,0,0,0,0,0,0,0,0,0,0,0,0,0,0,0,0,2,0,2,2,0,2,2022
216000,Handtaschenraub,13004000,Schwerin,vers.,0,0,0,0,0,0,0,0,0,0,0,0,0,0,0,0,0,0,0,0,0,0,0,0,0,0,0,2022
216000,Handtaschenraub,13004000,Schwerin,voll.,6,3,3,0,0,0,0,0,0,0,0,0,0,0,0,3,3,0,1,0,1,2,0,2,3,0,3,2022
216000,Handtaschenraub,13004000,Schwerin,insg.,6,3,3,0,0,0,0,0,0,0,0,0,0,0,0,3,3,0,1,0,1,2,0,2,3,0,3,2022
216000,Handtaschenraub,5970040,Siegen,vers.,0,0,0,0,0,0,0,0,0,0,0,0,0,0,0,0,0,0,0,0,0,0,0,0,0,0,0,2022
216000,Handtaschenraub,5970040,Siegen,voll.,0,0,0,0,0,0,0,0,0,0,0,0,0,0,0,0,0,0,0,0,0,0,0,0,0,0,0,2022
216000,Handtaschenraub,5970040,Siegen,insg.,0,0,0,0,0,0,0,0,0,0,0,0,0,0,0,0,0,0,0,0,0,0,0,0,0,0,0,2022
216000,Handtaschenraub,5122000,Solingen,vers.,1,0,1,0,0,0,0,0,0,0,0,0,0,0,0,0,0,0,1,0,1,0,0,0,1,0,1,2022
216000,Handtaschenraub,5122000,Solingen,voll.,0,0,0,0,0,0,0,0,0,0,0,0,0,0,0,0,0,0,0,0,0,0,0,0,0,0,0,2022
216000,Handtaschenraub,5122000,Solingen,insg.,1,0,1,0,0,0,0,0,0,0,0,0,0,0,0,0,0,0,1,0,1,0,0,0,1,0,1,2022
216000,Handtaschenraub,8111000,Stuttgart,vers.,4,1,3,0,0,0,0,0,0,0,0,0,2,0,2,0,0,0,2,1,1,0,0,0,2,1,1,2022
216000,Handtaschenraub,8111000,Stuttgart,voll.,17,7,10,0,0,0,0,0,0,0,0,0,0,0,0,1,1,0,12,6,6,4,0,4,16,6,10,2022
216000,Handtaschenraub,8111000,Stuttgart,insg.,21,8,13,0,0,0,0,0,0,0,0,0,2,0,2,1,1,0,14,7,7,4,0,4,18,7,11,2022
216000,Handtaschenraub,7211000,Trier,vers.,0,0,0,0,0,0,0,0,0,0,0,0,0,0,0,0,0,0,0,0,0,0,0,0,0,0,0,2022
216000,Handtaschenraub,7211000,Trier,voll.,0,0,0,0,0,0,0,0,0,0,0,0,0,0,0,0,0,0,0,0,0,0,0,0,0,0,0,2022
216000,Handtaschenraub,7211000,Trier,insg.,0,0,0,0,0,0,0,0,0,0,0,0,0,0,0,0,0,0,0,0,0,0,0,0,0,0,0,2022
216000,Handtaschenraub,8421000,Ulm,vers.,0,0,0,0,0,0,0,0,0,0,0,0,0,0,0,0,0,0,0,0,0,0,0,0,0,0,0,2022
216000,Handtaschenraub,8421000,Ulm,voll.,4,2,2,0,0,0,0,0,0,0,0,0,2,1,1,0,0,0,1,1,0,1,0,1,2,1,1,2022
216000,Handtaschenraub,8421000,Ulm,insg.,4,2,2,0,0,0,0,0,0,0,0,0,2,1,1,0,0,0,1,1,0,1,0,1,2,1,1,2022
216000,Handtaschenraub,6414000,Wiesbaden,vers.,0,0,0,0,0,0,0,0,0,0,0,0,0,0,0,0,0,0,0,0,0,0,0,0,0,0,0,2022
216000,Handtaschenraub,6414000,Wiesbaden,voll.,0,0,0,0,0,0,0,0,0,0,0,0,0,0,0,0,0,0,0,0,0,0,0,0,0,0,0,2022
216000,Handtaschenraub,6414000,Wiesbaden,insg.,0,0,0,0,0,0,0,0,0,0,0,0,0,0,0,0,0,0,0,0,0,0,0,0,0,0,0,2022
216000,Handtaschenraub,3103000,Wolfsburg,vers.,0,0,0,0,0,0,0,0,0,0,0,0,0,0,0,0,0,0,0,0,0,0,0,0,0,0,0,2022
216000,Handtaschenraub,3103000,Wolfsburg,voll.,1,0,1,0,0,0,0,0,0,0,0,0,1,0,1,0,0,0,0,0,0,0,0,0,0,0,0,2022
216000,Handtaschenraub,3103000,Wolfsburg,insg.,1,0,1,0,0,0,0,0,0,0,0,0,1,0,1,0,0,0,0,0,0,0,0,0,0,0,0,2022
216000,Handtaschenraub,5124000,Wuppertal,vers.,2,1,1,0,0,0,0,0,0,0,0,0,0,0,0,0,0,0,2,1,1,0,0,0,2,1,1,2022
216000,Handtaschenraub,5124000,Wuppertal,voll.,2,1,1,0,0,0,0,0,0,0,0,0,1,1,0,0,0,0,1,0,1,0,0,0,1,0,1,2022
216000,Handtaschenraub,5124000,Wuppertal,insg.,4,2,2,0,0,0,0,0,0,0,0,0,1,1,0,0,0,0,3,1,2,0,0,0,3,1,2,2022
216000,Handtaschenraub,9663000,W rzburg,vers.,0,0,0,0,0,0,0,0,0,0,0,0,0,0,0,0,0,0,0,0,0,0,0,0,0,0,0,2022
216000,Handtaschenraub,9663000,W rzburg,voll.,0,0,0,0,0,0,0,0,0,0,0,0,0,0,0,0,0,0,0,0,0,0,0,0,0,0,0,2022
216000,Handtaschenraub,9663000,W rzburg,insg.,0,0,0,0,0,0,0,0,0,0,0,0,0,0,0,0,0,0,0,0,0,0,0,0,0,0,0,2022
217000,"Sonstige Raub berf lle auf Stra en, Wegen oder Pl tzen",5334002,Aachen,vers.,28,20,8,0,0,0,2,0,2,2,0,2,4,3,1,1,1,0,19,15,4,2,1,1,21,16,5,2022
217000,"Sonstige Raub berf lle auf Stra en, Wegen oder Pl tzen",5334002,Aachen,voll.,115,100,15,0,0,0,2,1,1,2,1,1,16,15,1,11,11,0,80,71,9,6,2,4,86,73,13,2022
217000,"Sonstige Raub berf lle auf Stra en, Wegen oder Pl tzen",5334002,Aachen,insg.,143,120,23,0,0,0,4,1,3,4,1,3,20,18,2,12,12,0,99,86,13,8,3,5,107,89,18,2022
217000,"Sonstige Raub berf lle auf Stra en, Wegen oder Pl tzen",9761000,Augsburg,vers.,18,15,3,0,0,0,3,3,0,3,3,0,5,5,0,2,1,1,7,6,1,1,0,1,8,6,2,2022
217000,"Sonstige Raub berf lle auf Stra en, Wegen oder Pl tzen",9761000,Augsburg,voll.,23,20,3,0,0,0,1,1,0,1,1,0,3,3,0,2,2,0,15,13,2,2,1,1,17,14,3,2022
217000,"Sonstige Raub berf lle auf Stra en, Wegen oder Pl tzen",9761000,Augsburg,insg.,41,35,6,0,0,0,4,4,0,4,4,0,8,8,0,4,3,1,22,19,3,3,1,2,25,20,5,2022
217000,"Sonstige Raub berf lle auf Stra en, Wegen oder Pl tzen",5378004,Bergisch Gladbach,vers.,2,2,0,0,0,0,0,0,0,0,0,0,0,0,0,1,1,0,1,1,0,0,0,0,1,1,0,2022
217000,"Sonstige Raub berf lle auf Stra en, Wegen oder Pl tzen",5378004,Bergisch Gladbach,voll.,13,11,2,0,0,0,0,0,0,0,0,0,9,7,2,0,0,0,3,3,0,1,1,0,4,4,0,2022
217000,"Sonstige Raub berf lle auf Stra en, Wegen oder Pl tzen",5378004,Bergisch Gladbach,insg.,15,13,2,0,0,0,0,0,0,0,0,0,9,7,2,1,1,0,4,4,0,1,1,0,5,5,0,2022
217000,"Sonstige Raub berf lle auf Stra en, Wegen oder Pl tzen",11000000,Berlin,vers.,721,612,109,1,1,0,107,92,15,108,93,15,169,153,16,90,80,10,322,271,51,32,15,17,354,286,68,2022
217000,"Sonstige Raub berf lle auf Stra en, Wegen oder Pl tzen",11000000,Berlin,voll.,2991,2628,363,1,1,0,215,190,25,216,191,25,887,839,48,368,344,24,1359,1170,189,161,84,77,1520,1254,266,2022
217000,"Sonstige Raub berf lle auf Stra en, Wegen oder Pl tzen",11000000,Berlin,insg.,3712,3240,472,2,2,0,322,282,40,324,284,40,1056,992,64,458,424,34,1681,1441,240,193,99,94,1874,1540,334,2022
217000,"Sonstige Raub berf lle auf Stra en, Wegen oder Pl tzen",5711000,Bielefeld,vers.,14,10,4,0,0,0,0,0,0,0,0,0,2,1,1,4,4,0,7,5,2,1,0,1,8,5,3,2022
217000,"Sonstige Raub berf lle auf Stra en, Wegen oder Pl tzen",5711000,Bielefeld,voll.,82,59,23,0,0,0,4,1,3,4,1,3,15,9,6,9,7,2,49,38,11,5,4,1,54,42,12,2022
217000,"Sonstige Raub berf lle auf Stra en, Wegen oder Pl tzen",5711000,Bielefeld,insg.,96,69,27,0,0,0,4,1,3,4,1,3,17,10,7,13,11,2,56,43,13,6,4,2,62,47,15,2022
217000,"Sonstige Raub berf lle auf Stra en, Wegen oder Pl tzen",5911000,Bochum,vers.,26,19,7,0,0,0,3,3,0,3,3,0,6,6,0,0,0,0,15,9,6,2,1,1,17,10,7,2022
217000,"Sonstige Raub berf lle auf Stra en, Wegen oder Pl tzen",5911000,Bochum,voll.,81,75,6,0,0,0,9,8,1,9,8,1,22,22,0,8,8,0,37,35,2,5,2,3,42,37,5,2022
217000,"Sonstige Raub berf lle auf Stra en, Wegen oder Pl tzen",5911000,Bochum,insg.,107,94,13,0,0,0,12,11,1,12,11,1,28,28,0,8,8,0,52,44,8,7,3,4,59,47,12,2022
217000,"Sonstige Raub berf lle auf Stra en, Wegen oder Pl tzen",5314000,Bonn,vers.,34,30,4,0,0,0,3,3,0,3,3,0,4,4,0,2,2,0,24,20,4,1,1,0,25,21,4,2022
217000,"Sonstige Raub berf lle auf Stra en, Wegen oder Pl tzen",5314000,Bonn,voll.,150,131,19,0,0,0,7,7,0,7,7,0,31,30,1,21,19,2,85,69,16,6,6,0,91,75,16,2022
217000,"Sonstige Raub berf lle auf Stra en, Wegen oder Pl tzen",5314000,Bonn,insg.,184,161,23,0,0,0,10,10,0,10,10,0,35,34,1,23,21,2,109,89,20,7,7,0,116,96,20,2022
217000,"Sonstige Raub berf lle auf Stra en, Wegen oder Pl tzen",5512000,Bottrop,vers.,12,10,2,0,0,0,9,9,0,9,9,0,1,1,0,1,0,1,0,0,0,1,0,1,1,0,1,2022
217000,"Sonstige Raub berf lle auf Stra en, Wegen oder Pl tzen",5512000,Bottrop,voll.,19,15,4,0,0,0,2,2,0,2,2,0,5,4,1,1,1,0,9,7,2,2,1,1,11,8,3,2022
217000,"Sonstige Raub berf lle auf Stra en, Wegen oder Pl tzen",5512000,Bottrop,insg.,31,25,6,0,0,0,11,11,0,11,11,0,6,5,1,2,1,1,9,7,2,3,1,2,12,8,4,2022
217000,"Sonstige Raub berf lle auf Stra en, Wegen oder Pl tzen",3101000,Braunschweig,vers.,12,10,2,0,0,0,1,0,1,1,0,1,2,1,1,4,4,0,5,5,0,0,0,0,5,5,0,2022
217000,"Sonstige Raub berf lle auf Stra en, Wegen oder Pl tzen",3101000,Braunschweig,voll.,54,48,6,0,0,0,2,1,1,2,1,1,9,9,0,10,9,1,26,26,0,7,3,4,33,29,4,2022
217000,"Sonstige Raub berf lle auf Stra en, Wegen oder Pl tzen",3101000,Braunschweig,insg.,66,58,8,0,0,0,3,1,2,3,1,2,11,10,1,14,13,1,31,31,0,7,3,4,38,34,4,2022
217000,"Sonstige Raub berf lle auf Stra en, Wegen oder Pl tzen",4011000,Bremen,vers.,76,63,13,0,0,0,9,9,0,9,9,0,9,8,1,8,8,0,40,33,7,10,5,5,50,38,12,2022
217000,"Sonstige Raub berf lle auf Stra en, Wegen oder Pl tzen",4011000,Bremen,voll.,318,261,57,0,0,0,13,12,1,13,12,1,41,36,5,26,22,4,192,163,29,46,28,18,238,191,47,2022
217000,"Sonstige Raub berf lle auf Stra en, Wegen oder Pl tzen",4011000,Bremen,insg.,394,324,70,0,0,0,22,21,1,22,21,1,50,44,6,34,30,4,232,196,36,56,33,23,288,229,59,2022
217000,"Sonstige Raub berf lle auf Stra en, Wegen oder Pl tzen",4012000,Bremerhaven,vers.,13,11,2,0,0,0,0,0,0,0,0,0,4,2,2,1,1,0,6,6,0,2,2,0,8,8,0,2022
217000,"Sonstige Raub berf lle auf Stra en, Wegen oder Pl tzen",4012000,Bremerhaven,voll.,67,56,11,0,0,0,3,2,1,3,2,1,5,5,0,2,2,0,52,43,9,5,4,1,57,47,10,2022
217000,"Sonstige Raub berf lle auf Stra en, Wegen oder Pl tzen",4012000,Bremerhaven,insg.,80,67,13,0,0,0,3,2,1,3,2,1,9,7,2,3,3,0,58,49,9,7,6,1,65,55,10,2022
217000,"Sonstige Raub berf lle auf Stra en, Wegen oder Pl tzen",14511000,Chemnitz,vers.,13,11,2,0,0,0,1,1,0,1,1,0,5,4,1,0,0,0,6,6,0,1,0,1,7,6,1,2022
217000,"Sonstige Raub berf lle auf Stra en, Wegen oder Pl tzen",14511000,Chemnitz,voll.,48,41,7,1,0,1,5,5,0,6,5,1,9,8,1,8,7,1,25,21,4,0,0,0,25,21,4,2022
217000,"Sonstige Raub berf lle auf Stra en, Wegen oder Pl tzen",14511000,Chemnitz,insg.,61,52,9,1,0,1,6,6,0,7,6,1,14,12,2,8,7,1,31,27,4,1,0,1,32,27,5,2022
217000,"Sonstige Raub berf lle auf Stra en, Wegen oder Pl tzen",12052000,Cottbus,vers.,1,1,0,0,0,0,1,1,0,1,1,0,0,0,0,0,0,0,0,0,0,0,0,0,0,0,0,2022
217000,"Sonstige Raub berf lle auf Stra en, Wegen oder Pl tzen",12052000,Cottbus,voll.,17,12,5,0,0,0,1,1,0,1,1,0,1,1,0,4,4,0,10,6,4,1,0,1,11,6,5,2022
217000,"Sonstige Raub berf lle auf Stra en, Wegen oder Pl tzen",12052000,Cottbus,insg.,18,13,5,0,0,0,2,2,0,2,2,0,1,1,0,4,4,0,10,6,4,1,0,1,11,6,5,2022
217000,"Sonstige Raub berf lle auf Stra en, Wegen oder Pl tzen",6411000,Darmstadt,vers.,8,3,5,0,0,0,0,0,0,0,0,0,2,2,0,3,1,2,2,0,2,1,0,1,3,0,3,2022
217000,"Sonstige Raub berf lle auf Stra en, Wegen oder Pl tzen",6411000,Darmstadt,voll.,36,30,6,0,0,0,3,3,0,3,3,0,10,8,2,7,7,0,15,11,4,1,1,0,16,12,4,2022
217000,"Sonstige Raub berf lle auf Stra en, Wegen oder Pl tzen",6411000,Darmstadt,insg.,44,33,11,0,0,0,3,3,0,3,3,0,12,10,2,10,8,2,17,11,6,2,1,1,19,12,7,2022
217000,"Sonstige Raub berf lle auf Stra en, Wegen oder Pl tzen",5913000,Dortmund,vers.,65,51,14,0,0,0,5,4,1,5,4,1,12,12,0,3,3,0,38,30,8,7,2,5,45,32,13,2022
217000,"Sonstige Raub berf lle auf Stra en, Wegen oder Pl tzen",5913000,Dortmund,voll.,341,311,30,0,0,0,6,6,0,6,6,0,35,33,2,43,39,4,243,223,20,14,10,4,257,233,24,2022
217000,"Sonstige Raub berf lle auf Stra en, Wegen oder Pl tzen",5913000,Dortmund,insg.,406,362,44,0,0,0,11,10,1,11,10,1,47,45,2,46,42,4,281,253,28,21,12,9,302,265,37,2022
217000,"Sonstige Raub berf lle auf Stra en, Wegen oder Pl tzen",14612000,Dresden,vers.,54,47,7,0,0,0,4,4,0,4,4,0,16,16,0,8,8,0,22,16,6,4,3,1,26,19,7,2022
217000,"Sonstige Raub berf lle auf Stra en, Wegen oder Pl tzen",14612000,Dresden,voll.,195,178,17,0,0,0,11,8,3,11,8,3,62,60,2,29,27,2,84,75,9,9,8,1,93,83,10,2022
217000,"Sonstige Raub berf lle auf Stra en, Wegen oder Pl tzen",14612000,Dresden,insg.,249,225,24,0,0,0,15,12,3,15,12,3,78,76,2,37,35,2,106,91,15,13,11,2,119,102,17,2022
217000,"Sonstige Raub berf lle auf Stra en, Wegen oder Pl tzen",5112000,Duisburg,vers.,64,51,13,0,0,0,14,13,1,14,13,1,11,10,1,5,3,2,28,20,8,6,5,1,34,25,9,2022
217000,"Sonstige Raub berf lle auf Stra en, Wegen oder Pl tzen",5112000,Duisburg,voll.,163,122,41,0,0,0,22,17,5,22,17,5,22,18,4,12,10,2,92,71,21,15,6,9,107,77,30,2022
217000,"Sonstige Raub berf lle auf Stra en, Wegen oder Pl tzen",5112000,Duisburg,insg.,227,173,54,0,0,0,36,30,6,36,30,6,33,28,5,17,13,4,120,91,29,21,11,10,141,102,39,2022
217000,"Sonstige Raub berf lle auf Stra en, Wegen oder Pl tzen",5111000,D sseldorf,vers.,50,38,12,0,0,0,6,3,3,6,3,3,5,4,1,6,6,0,29,22,7,4,3,1,33,25,8,2022
217000,"Sonstige Raub berf lle auf Stra en, Wegen oder Pl tzen",5111000,D sseldorf,voll.,228,179,49,0,0,0,11,7,4,11,7,4,27,23,4,30,22,8,125,110,15,35,17,18,160,127,33,2022
217000,"Sonstige Raub berf lle auf Stra en, Wegen oder Pl tzen",5111000,D sseldorf,insg.,278,217,61,0,0,0,17,10,7,17,10,7,32,27,5,36,28,8,154,132,22,39,20,19,193,152,41,2022
217000,"Sonstige Raub berf lle auf Stra en, Wegen oder Pl tzen",16051000,Erfurt,vers.,9,6,3,0,0,0,0,0,0,0,0,0,3,2,1,2,1,1,3,3,0,1,0,1,4,3,1,2022
217000,"Sonstige Raub berf lle auf Stra en, Wegen oder Pl tzen",16051000,Erfurt,voll.,23,21,2,0,0,0,3,2,1,3,2,1,7,7,0,2,1,1,11,11,0,0,0,0,11,11,0,2022
217000,"Sonstige Raub berf lle auf Stra en, Wegen oder Pl tzen",16051000,Erfurt,insg.,32,27,5,0,0,0,3,2,1,3,2,1,10,9,1,4,2,2,14,14,0,1,0,1,15,14,1,2022
217000,"Sonstige Raub berf lle auf Stra en, Wegen oder Pl tzen",9562000,Erlangen,vers.,0,0,0,0,0,0,0,0,0,0,0,0,0,0,0,0,0,0,0,0,0,0,0,0,0,0,0,2022
217000,"Sonstige Raub berf lle auf Stra en, Wegen oder Pl tzen",9562000,Erlangen,voll.,3,3,0,0,0,0,1,1,0,1,1,0,2,2,0,0,0,0,0,0,0,0,0,0,0,0,0,2022
217000,"Sonstige Raub berf lle auf Stra en, Wegen oder Pl tzen",9562000,Erlangen,insg.,3,3,0,0,0,0,1,1,0,1,1,0,2,2,0,0,0,0,0,0,0,0,0,0,0,0,0,2022
217000,"Sonstige Raub berf lle auf Stra en, Wegen oder Pl tzen",5113000,Essen,vers.,59,46,13,0,0,0,4,2,2,4,2,2,16,15,1,4,4,0,28,21,7,7,4,3,35,25,10,2022
217000,"Sonstige Raub berf lle auf Stra en, Wegen oder Pl tzen",5113000,Essen,voll.,214,173,41,0,0,0,8,8,0,8,8,0,37,31,6,16,13,3,128,107,21,25,14,11,153,121,32,2022
217000,"Sonstige Raub berf lle auf Stra en, Wegen oder Pl tzen",5113000,Essen,insg.,273,219,54,0,0,0,12,10,2,12,10,2,53,46,7,20,17,3,156,128,28,32,18,14,188,146,42,2022
217000,"Sonstige Raub berf lle auf Stra en, Wegen oder Pl tzen",6412000,Frankfurt am Main,vers.,104,91,13,0,0,0,2,1,1,2,1,1,13,13,0,5,4,1,74,64,10,10,9,1,84,73,11,2022
217000,"Sonstige Raub berf lle auf Stra en, Wegen oder Pl tzen",6412000,Frankfurt am Main,voll.,648,571,77,1,1,0,13,12,1,14,13,1,81,71,10,66,62,4,441,395,46,46,30,16,487,425,62,2022
217000,"Sonstige Raub berf lle auf Stra en, Wegen oder Pl tzen",6412000,Frankfurt am Main,insg.,752,662,90,1,1,0,15,13,2,16,14,2,94,84,10,71,66,5,515,459,56,56,39,17,571,498,73,2022
217000,"Sonstige Raub berf lle auf Stra en, Wegen oder Pl tzen",8311000,Freiburg im Breisgau,vers.,14,12,2,0,0,0,2,2,0,2,2,0,1,1,0,2,2,0,8,7,1,1,0,1,9,7,2,2022
217000,"Sonstige Raub berf lle auf Stra en, Wegen oder Pl tzen",8311000,Freiburg im Breisgau,voll.,56,52,4,1,1,0,0,0,0,1,1,0,8,8,0,13,13,0,33,30,3,1,0,1,34,30,4,2022
217000,"Sonstige Raub berf lle auf Stra en, Wegen oder Pl tzen",8311000,Freiburg im Breisgau,insg.,70,64,6,1,1,0,2,2,0,3,3,0,9,9,0,15,15,0,41,37,4,2,0,2,43,37,6,2022
217000,"Sonstige Raub berf lle auf Stra en, Wegen oder Pl tzen",9563000,F rth,vers.,0,0,0,0,0,0,0,0,0,0,0,0,0,0,0,0,0,0,0,0,0,0,0,0,0,0,0,2022
217000,"Sonstige Raub berf lle auf Stra en, Wegen oder Pl tzen",9563000,F rth,voll.,0,0,0,0,0,0,0,0,0,0,0,0,0,0,0,0,0,0,0,0,0,0,0,0,0,0,0,2022
217000,"Sonstige Raub berf lle auf Stra en, Wegen oder Pl tzen",9563000,F rth,insg.,0,0,0,0,0,0,0,0,0,0,0,0,0,0,0,0,0,0,0,0,0,0,0,0,0,0,0,2022
217000,"Sonstige Raub berf lle auf Stra en, Wegen oder Pl tzen",5513000,Gelsenkirchen,vers.,22,21,1,0,0,0,3,3,0,3,3,0,6,6,0,0,0,0,11,10,1,2,2,0,13,12,1,2022
217000,"Sonstige Raub berf lle auf Stra en, Wegen oder Pl tzen",5513000,Gelsenkirchen,voll.,87,76,11,0,0,0,10,8,2,10,8,2,29,27,2,7,7,0,37,32,5,4,2,2,41,34,7,2022
217000,"Sonstige Raub berf lle auf Stra en, Wegen oder Pl tzen",5513000,Gelsenkirchen,insg.,109,97,12,0,0,0,13,11,2,13,11,2,35,33,2,7,7,0,48,42,6,6,4,2,54,46,8,2022
217000,"Sonstige Raub berf lle auf Stra en, Wegen oder Pl tzen",3159016,G ttingen,vers.,8,6,2,0,0,0,1,1,0,1,1,0,2,2,0,0,0,0,5,3,2,0,0,0,5,3,2,2022
217000,"Sonstige Raub berf lle auf Stra en, Wegen oder Pl tzen",3159016,G ttingen,voll.,16,12,4,0,0,0,0,0,0,0,0,0,3,3,0,2,2,0,11,7,4,0,0,0,11,7,4,2022
217000,"Sonstige Raub berf lle auf Stra en, Wegen oder Pl tzen",3159016,G ttingen,insg.,24,18,6,0,0,0,1,1,0,1,1,0,5,5,0,2,2,0,16,10,6,0,0,0,16,10,6,2022
217000,"Sonstige Raub berf lle auf Stra en, Wegen oder Pl tzen",5754008,G tersloh,vers.,12,11,1,0,0,0,1,1,0,1,1,0,8,8,0,1,1,0,1,1,0,1,0,1,2,1,1,2022
217000,"Sonstige Raub berf lle auf Stra en, Wegen oder Pl tzen",5754008,G tersloh,voll.,28,28,0,0,0,0,3,3,0,3,3,0,8,8,0,5,5,0,11,11,0,1,1,0,12,12,0,2022
217000,"Sonstige Raub berf lle auf Stra en, Wegen oder Pl tzen",5754008,G tersloh,insg.,40,39,1,0,0,0,4,4,0,4,4,0,16,16,0,6,6,0,12,12,0,2,1,1,14,13,1,2022
217000,"Sonstige Raub berf lle auf Stra en, Wegen oder Pl tzen",5914000,Hagen,vers.,22,21,1,0,0,0,5,5,0,5,5,0,2,2,0,5,5,0,9,9,0,1,0,1,10,9,1,2022
217000,"Sonstige Raub berf lle auf Stra en, Wegen oder Pl tzen",5914000,Hagen,voll.,71,67,4,0,0,0,3,3,0,3,3,0,12,12,0,11,10,1,40,38,2,5,4,1,45,42,3,2022
217000,"Sonstige Raub berf lle auf Stra en, Wegen oder Pl tzen",5914000,Hagen,insg.,93,88,5,0,0,0,8,8,0,8,8,0,14,14,0,16,15,1,49,47,2,6,4,2,55,51,4,2022
217000,"Sonstige Raub berf lle auf Stra en, Wegen oder Pl tzen",15002000,Halle (Saale),vers.,45,41,4,0,0,0,6,5,1,6,5,1,11,10,1,9,8,1,17,16,1,2,2,0,19,18,1,2022
217000,"Sonstige Raub berf lle auf Stra en, Wegen oder Pl tzen",15002000,Halle (Saale),voll.,163,145,18,0,0,0,23,22,1,23,22,1,59,54,5,28,28,0,49,40,9,4,1,3,53,41,12,2022
217000,"Sonstige Raub berf lle auf Stra en, Wegen oder Pl tzen",15002000,Halle (Saale),insg.,208,186,22,0,0,0,29,27,2,29,27,2,70,64,6,37,36,1,66,56,10,6,3,3,72,59,13,2022
217000,"Sonstige Raub berf lle auf Stra en, Wegen oder Pl tzen",2000000,Hamburg,vers.,254,222,32,0,0,0,28,25,3,28,25,3,39,38,1,28,28,0,146,122,24,13,9,4,159,131,28,2022
217000,"Sonstige Raub berf lle auf Stra en, Wegen oder Pl tzen",2000000,Hamburg,voll.,775,687,88,0,0,0,31,20,11,31,20,11,99,96,3,73,67,6,532,471,61,40,33,7,572,504,68,2022
217000,"Sonstige Raub berf lle auf Stra en, Wegen oder Pl tzen",2000000,Hamburg,insg.,1029,909,120,0,0,0,59,45,14,59,45,14,138,134,4,101,95,6,678,593,85,53,42,11,731,635,96,2022
217000,"Sonstige Raub berf lle auf Stra en, Wegen oder Pl tzen",5915000,Hamm,vers.,18,13,5,0,0,0,0,0,0,0,0,0,1,1,0,1,1,0,13,8,5,3,3,0,16,11,5,2022
217000,"Sonstige Raub berf lle auf Stra en, Wegen oder Pl tzen",5915000,Hamm,voll.,63,51,12,0,0,0,0,0,0,0,0,0,16,11,5,12,10,2,34,29,5,1,1,0,35,30,5,2022
217000,"Sonstige Raub berf lle auf Stra en, Wegen oder Pl tzen",5915000,Hamm,insg.,81,64,17,0,0,0,0,0,0,0,0,0,17,12,5,13,11,2,47,37,10,4,4,0,51,41,10,2022
217000,"Sonstige Raub berf lle auf Stra en, Wegen oder Pl tzen",6435014,Hanau,vers.,4,3,1,0,0,0,0,0,0,0,0,0,1,1,0,0,0,0,3,2,1,0,0,0,3,2,1,2022
217000,"Sonstige Raub berf lle auf Stra en, Wegen oder Pl tzen",6435014,Hanau,voll.,15,13,2,0,0,0,1,1,0,1,1,0,0,0,0,1,1,0,13,11,2,0,0,0,13,11,2,2022
217000,"Sonstige Raub berf lle auf Stra en, Wegen oder Pl tzen",6435014,Hanau,insg.,19,16,3,0,0,0,1,1,0,1,1,0,1,1,0,1,1,0,16,13,3,0,0,0,16,13,3,2022
217000,"Sonstige Raub berf lle auf Stra en, Wegen oder Pl tzen",3241001,Hannover,vers.,70,63,7,0,0,0,6,6,0,6,6,0,21,21,0,7,6,1,34,29,5,2,1,1,36,30,6,2022
217000,"Sonstige Raub berf lle auf Stra en, Wegen oder Pl tzen",3241001,Hannover,voll.,278,259,19,0,0,0,6,6,0,6,6,0,47,46,1,30,27,3,184,169,15,11,11,0,195,180,15,2022
217000,"Sonstige Raub berf lle auf Stra en, Wegen oder Pl tzen",3241001,Hannover,insg.,348,322,26,0,0,0,12,12,0,12,12,0,68,67,1,37,33,4,218,198,20,13,12,1,231,210,21,2022
217000,"Sonstige Raub berf lle auf Stra en, Wegen oder Pl tzen",8221000,Heidelberg,vers.,12,11,1,0,0,0,0,0,0,0,0,0,1,1,0,1,1,0,9,8,1,1,1,0,10,9,1,2022
217000,"Sonstige Raub berf lle auf Stra en, Wegen oder Pl tzen",8221000,Heidelberg,voll.,32,28,4,0,0,0,2,1,1,2,1,1,8,7,1,7,6,1,12,12,0,3,2,1,15,14,1,2022
217000,"Sonstige Raub berf lle auf Stra en, Wegen oder Pl tzen",8221000,Heidelberg,insg.,44,39,5,0,0,0,2,1,1,2,1,1,9,8,1,8,7,1,21,20,1,4,3,1,25,23,2,2022
217000,"Sonstige Raub berf lle auf Stra en, Wegen oder Pl tzen",8121000,Heilbronn,vers.,4,3,1,0,0,0,0,0,0,0,0,0,1,1,0,0,0,0,3,2,1,0,0,0,3,2,1,2022
217000,"Sonstige Raub berf lle auf Stra en, Wegen oder Pl tzen",8121000,Heilbronn,voll.,16,15,1,0,0,0,0,0,0,0,0,0,3,2,1,1,1,0,10,10,0,2,2,0,12,12,0,2022
217000,"Sonstige Raub berf lle auf Stra en, Wegen oder Pl tzen",8121000,Heilbronn,insg.,20,18,2,0,0,0,0,0,0,0,0,0,4,3,1,1,1,0,13,12,1,2,2,0,15,14,1,2022
217000,"Sonstige Raub berf lle auf Stra en, Wegen oder Pl tzen",5916000,Herne,vers.,7,6,1,0,0,0,0,0,0,0,0,0,5,5,0,0,0,0,2,1,1,0,0,0,2,1,1,2022
217000,"Sonstige Raub berf lle auf Stra en, Wegen oder Pl tzen",5916000,Herne,voll.,38,33,5,0,0,0,2,2,0,2,2,0,8,8,0,5,5,0,21,17,4,2,1,1,23,18,5,2022
217000,"Sonstige Raub berf lle auf Stra en, Wegen oder Pl tzen",5916000,Herne,insg.,45,39,6,0,0,0,2,2,0,2,2,0,13,13,0,5,5,0,23,18,5,2,1,1,25,19,6,2022
217000,"Sonstige Raub berf lle auf Stra en, Wegen oder Pl tzen",3254021,Hildesheim,vers.,6,6,0,0,0,0,0,0,0,0,0,0,1,1,0,1,1,0,4,4,0,0,0,0,4,4,0,2022
217000,"Sonstige Raub berf lle auf Stra en, Wegen oder Pl tzen",3254021,Hildesheim,voll.,34,32,2,0,0,0,5,5,0,5,5,0,12,12,0,2,2,0,14,12,2,1,1,0,15,13,2,2022
217000,"Sonstige Raub berf lle auf Stra en, Wegen oder Pl tzen",3254021,Hildesheim,insg.,40,38,2,0,0,0,5,5,0,5,5,0,13,13,0,3,3,0,18,16,2,1,1,0,19,17,2,2022
217000,"Sonstige Raub berf lle auf Stra en, Wegen oder Pl tzen",9161000,Ingolstadt,vers.,4,4,0,0,0,0,0,0,0,0,0,0,0,0,0,3,3,0,0,0,0,1,1,0,1,1,0,2022
217000,"Sonstige Raub berf lle auf Stra en, Wegen oder Pl tzen",9161000,Ingolstadt,voll.,9,8,1,0,0,0,1,1,0,1,1,0,4,4,0,0,0,0,4,3,1,0,0,0,4,3,1,2022
217000,"Sonstige Raub berf lle auf Stra en, Wegen oder Pl tzen",9161000,Ingolstadt,insg.,13,12,1,0,0,0,1,1,0,1,1,0,4,4,0,3,3,0,4,3,1,1,1,0,5,4,1,2022
217000,"Sonstige Raub berf lle auf Stra en, Wegen oder Pl tzen",16053000,Jena,vers.,3,2,1,0,0,0,0,0,0,0,0,0,0,0,0,0,0,0,2,2,0,1,0,1,3,2,1,2022
217000,"Sonstige Raub berf lle auf Stra en, Wegen oder Pl tzen",16053000,Jena,voll.,8,6,2,0,0,0,0,0,0,0,0,0,1,1,0,2,1,1,5,4,1,0,0,0,5,4,1,2022
217000,"Sonstige Raub berf lle auf Stra en, Wegen oder Pl tzen",16053000,Jena,insg.,11,8,3,0,0,0,0,0,0,0,0,0,1,1,0,2,1,1,7,6,1,1,0,1,8,6,2,2022
217000,"Sonstige Raub berf lle auf Stra en, Wegen oder Pl tzen",7312000,Kaiserslautern,vers.,4,3,1,0,0,0,0,0,0,0,0,0,0,0,0,0,0,0,3,2,1,1,1,0,4,3,1,2022
217000,"Sonstige Raub berf lle auf Stra en, Wegen oder Pl tzen",7312000,Kaiserslautern,voll.,11,10,1,0,0,0,1,1,0,1,1,0,4,4,0,0,0,0,5,5,0,1,0,1,6,5,1,2022
217000,"Sonstige Raub berf lle auf Stra en, Wegen oder Pl tzen",7312000,Kaiserslautern,insg.,15,13,2,0,0,0,1,1,0,1,1,0,4,4,0,0,0,0,8,7,1,2,1,1,10,8,2,2022
217000,"Sonstige Raub berf lle auf Stra en, Wegen oder Pl tzen",8212000,Karlsruhe,vers.,14,9,5,0,0,0,0,0,0,0,0,0,2,1,1,1,1,0,10,7,3,1,0,1,11,7,4,2022
217000,"Sonstige Raub berf lle auf Stra en, Wegen oder Pl tzen",8212000,Karlsruhe,voll.,66,56,10,0,0,0,4,2,2,4,2,2,12,11,1,9,9,0,38,32,6,3,2,1,41,34,7,2022
217000,"Sonstige Raub berf lle auf Stra en, Wegen oder Pl tzen",8212000,Karlsruhe,insg.,80,65,15,0,0,0,4,2,2,4,2,2,14,12,2,10,10,0,48,39,9,4,2,2,52,41,11,2022
217000,"Sonstige Raub berf lle auf Stra en, Wegen oder Pl tzen",6611000,Kassel,vers.,30,24,6,0,0,0,1,0,1,1,0,1,0,0,0,2,2,0,21,17,4,6,5,1,27,22,5,2022
217000,"Sonstige Raub berf lle auf Stra en, Wegen oder Pl tzen",6611000,Kassel,voll.,52,47,5,0,0,0,0,0,0,0,0,0,6,6,0,6,6,0,33,28,5,7,7,0,40,35,5,2022
217000,"Sonstige Raub berf lle auf Stra en, Wegen oder Pl tzen",6611000,Kassel,insg.,82,71,11,0,0,0,1,0,1,1,0,1,6,6,0,8,8,0,54,45,9,13,12,1,67,57,10,2022
217000,"Sonstige Raub berf lle auf Stra en, Wegen oder Pl tzen",1002000,Kiel,vers.,23,17,6,0,0,0,3,2,1,3,2,1,1,1,0,4,3,1,15,11,4,0,0,0,15,11,4,2022
217000,"Sonstige Raub berf lle auf Stra en, Wegen oder Pl tzen",1002000,Kiel,voll.,76,63,13,0,0,0,6,5,1,6,5,1,14,14,0,5,5,0,46,36,10,5,3,2,51,39,12,2022
217000,"Sonstige Raub berf lle auf Stra en, Wegen oder Pl tzen",1002000,Kiel,insg.,99,80,19,0,0,0,9,7,2,9,7,2,15,15,0,9,8,1,61,47,14,5,3,2,66,50,16,2022
217000,"Sonstige Raub berf lle auf Stra en, Wegen oder Pl tzen",7111000,Koblenz,vers.,9,7,2,0,0,0,0,0,0,0,0,0,3,2,1,0,0,0,4,4,0,2,1,1,6,5,1,2022
217000,"Sonstige Raub berf lle auf Stra en, Wegen oder Pl tzen",7111000,Koblenz,voll.,49,44,5,0,0,0,1,1,0,1,1,0,23,21,2,4,4,0,20,17,3,1,1,0,21,18,3,2022
217000,"Sonstige Raub berf lle auf Stra en, Wegen oder Pl tzen",7111000,Koblenz,insg.,58,51,7,0,0,0,1,1,0,1,1,0,26,23,3,4,4,0,24,21,3,3,2,1,27,23,4,2022
217000,"Sonstige Raub berf lle auf Stra en, Wegen oder Pl tzen",5315000,K ln,vers.,168,131,37,0,0,0,26,24,2,26,24,2,32,28,4,14,12,2,85,59,26,11,8,3,96,67,29,2022
217000,"Sonstige Raub berf lle auf Stra en, Wegen oder Pl tzen",5315000,K ln,voll.,599,523,76,0,0,0,45,40,5,45,40,5,119,106,13,46,43,3,347,307,40,42,27,15,389,334,55,2022
217000,"Sonstige Raub berf lle auf Stra en, Wegen oder Pl tzen",5315000,K ln,insg.,767,654,113,0,0,0,71,64,7,71,64,7,151,134,17,60,55,5,432,366,66,53,35,18,485,401,84,2022
217000,"Sonstige Raub berf lle auf Stra en, Wegen oder Pl tzen",5114000,Krefeld,vers.,13,10,3,0,0,0,2,2,0,2,2,0,3,1,2,3,3,0,4,4,0,1,0,1,5,4,1,2022
217000,"Sonstige Raub berf lle auf Stra en, Wegen oder Pl tzen",5114000,Krefeld,voll.,92,72,20,0,0,0,8,7,1,8,7,1,8,8,0,6,4,2,50,42,8,20,11,9,70,53,17,2022
217000,"Sonstige Raub berf lle auf Stra en, Wegen oder Pl tzen",5114000,Krefeld,insg.,105,82,23,0,0,0,10,9,1,10,9,1,11,9,2,9,7,2,54,46,8,21,11,10,75,57,18,2022
217000,"Sonstige Raub berf lle auf Stra en, Wegen oder Pl tzen",14713000,Leipzig,vers.,62,58,4,0,0,0,6,6,0,6,6,0,18,18,0,6,6,0,31,28,3,1,0,1,32,28,4,2022
217000,"Sonstige Raub berf lle auf Stra en, Wegen oder Pl tzen",14713000,Leipzig,voll.,217,196,21,0,0,0,8,7,1,8,7,1,70,64,6,36,35,1,100,89,11,3,1,2,103,90,13,2022
217000,"Sonstige Raub berf lle auf Stra en, Wegen oder Pl tzen",14713000,Leipzig,insg.,279,254,25,0,0,0,14,13,1,14,13,1,88,82,6,42,41,1,131,117,14,4,1,3,135,118,17,2022
217000,"Sonstige Raub berf lle auf Stra en, Wegen oder Pl tzen",5316000,Leverkusen,vers.,17,17,0,0,0,0,6,6,0,6,6,0,5,5,0,0,0,0,6,6,0,0,0,0,6,6,0,2022
217000,"Sonstige Raub berf lle auf Stra en, Wegen oder Pl tzen",5316000,Leverkusen,voll.,48,40,8,0,0,0,6,6,0,6,6,0,13,11,2,3,3,0,24,19,5,2,1,1,26,20,6,2022
217000,"Sonstige Raub berf lle auf Stra en, Wegen oder Pl tzen",5316000,Leverkusen,insg.,65,57,8,0,0,0,12,12,0,12,12,0,18,16,2,3,3,0,30,25,5,2,1,1,32,26,6,2022
217000,"Sonstige Raub berf lle auf Stra en, Wegen oder Pl tzen",1003000,L beck,vers.,12,11,1,0,0,0,0,0,0,0,0,0,3,3,0,1,0,1,7,7,0,1,1,0,8,8,0,2022
217000,"Sonstige Raub berf lle auf Stra en, Wegen oder Pl tzen",1003000,L beck,voll.,46,42,4,0,0,0,0,0,0,0,0,0,14,14,0,8,8,0,19,17,2,5,3,2,24,20,4,2022
217000,"Sonstige Raub berf lle auf Stra en, Wegen oder Pl tzen",1003000,L beck,insg.,58,53,5,0,0,0,0,0,0,0,0,0,17,17,0,9,8,1,26,24,2,6,4,2,32,28,4,2022
217000,"Sonstige Raub berf lle auf Stra en, Wegen oder Pl tzen",7314000,Ludwigshafen am Rhein,vers.,30,23,7,0,0,0,8,5,3,8,5,3,8,8,0,1,1,0,12,9,3,1,0,1,13,9,4,2022
217000,"Sonstige Raub berf lle auf Stra en, Wegen oder Pl tzen",7314000,Ludwigshafen am Rhein,voll.,92,83,9,0,0,0,30,25,5,30,25,5,27,27,0,7,6,1,25,23,2,3,2,1,28,25,3,2022
217000,"Sonstige Raub berf lle auf Stra en, Wegen oder Pl tzen",7314000,Ludwigshafen am Rhein,insg.,122,106,16,0,0,0,38,30,8,38,30,8,35,35,0,8,7,1,37,32,5,4,2,2,41,34,7,2022
217000,"Sonstige Raub berf lle auf Stra en, Wegen oder Pl tzen",15003000,Magdeburg,vers.,32,29,3,0,0,0,9,9,0,9,9,0,8,6,2,5,5,0,9,8,1,1,1,0,10,9,1,2022
217000,"Sonstige Raub berf lle auf Stra en, Wegen oder Pl tzen",15003000,Magdeburg,voll.,123,110,13,0,0,0,7,6,1,7,6,1,41,37,4,16,15,1,51,47,4,8,5,3,59,52,7,2022
217000,"Sonstige Raub berf lle auf Stra en, Wegen oder Pl tzen",15003000,Magdeburg,insg.,155,139,16,0,0,0,16,15,1,16,15,1,49,43,6,21,20,1,60,55,5,9,6,3,69,61,8,2022
217000,"Sonstige Raub berf lle auf Stra en, Wegen oder Pl tzen",7315000,Mainz,vers.,21,20,1,0,0,0,2,2,0,2,2,0,4,4,0,4,4,0,10,9,1,1,1,0,11,10,1,2022
217000,"Sonstige Raub berf lle auf Stra en, Wegen oder Pl tzen",7315000,Mainz,voll.,64,57,7,0,0,0,4,4,0,4,4,0,21,21,0,12,12,0,23,19,4,4,1,3,27,20,7,2022
217000,"Sonstige Raub berf lle auf Stra en, Wegen oder Pl tzen",7315000,Mainz,insg.,85,77,8,0,0,0,6,6,0,6,6,0,25,25,0,16,16,0,33,28,5,5,2,3,38,30,8,2022
217000,"Sonstige Raub berf lle auf Stra en, Wegen oder Pl tzen",8222000,Mannheim,vers.,27,23,4,0,0,0,12,12,0,12,12,0,3,2,1,4,3,1,8,6,2,0,0,0,8,6,2,2022
217000,"Sonstige Raub berf lle auf Stra en, Wegen oder Pl tzen",8222000,Mannheim,voll.,63,59,4,0,0,0,3,3,0,3,3,0,9,9,0,10,8,2,38,36,2,3,3,0,41,39,2,2022
217000,"Sonstige Raub berf lle auf Stra en, Wegen oder Pl tzen",8222000,Mannheim,insg.,90,82,8,0,0,0,15,15,0,15,15,0,12,11,1,14,11,3,46,42,4,3,3,0,49,45,4,2022
217000,"Sonstige Raub berf lle auf Stra en, Wegen oder Pl tzen",5170024,Moers,vers.,8,7,1,0,0,0,1,1,0,1,1,0,2,2,0,0,0,0,4,3,1,1,1,0,5,4,1,2022
217000,"Sonstige Raub berf lle auf Stra en, Wegen oder Pl tzen",5170024,Moers,voll.,29,26,3,0,0,0,0,0,0,0,0,0,14,14,0,4,4,0,11,8,3,0,0,0,11,8,3,2022
217000,"Sonstige Raub berf lle auf Stra en, Wegen oder Pl tzen",5170024,Moers,insg.,37,33,4,0,0,0,1,1,0,1,1,0,16,16,0,4,4,0,15,11,4,1,1,0,16,12,4,2022
217000,"Sonstige Raub berf lle auf Stra en, Wegen oder Pl tzen",5116000,M nchengladbach,vers.,24,20,4,0,0,0,4,4,0,4,4,0,9,9,0,3,2,1,7,5,2,1,0,1,8,5,3,2022
217000,"Sonstige Raub berf lle auf Stra en, Wegen oder Pl tzen",5116000,M nchengladbach,voll.,124,113,11,0,0,0,16,16,0,16,16,0,39,36,3,15,15,0,46,40,6,8,6,2,54,46,8,2022
217000,"Sonstige Raub berf lle auf Stra en, Wegen oder Pl tzen",5116000,M nchengladbach,insg.,148,133,15,0,0,0,20,20,0,20,20,0,48,45,3,18,17,1,53,45,8,9,6,3,62,51,11,2022
217000,"Sonstige Raub berf lle auf Stra en, Wegen oder Pl tzen",5117000,M lheim an der Ruhr,vers.,21,16,5,0,0,0,3,2,1,3,2,1,7,5,2,2,2,0,8,6,2,1,1,0,9,7,2,2022
217000,"Sonstige Raub berf lle auf Stra en, Wegen oder Pl tzen",5117000,M lheim an der Ruhr,voll.,44,38,6,0,0,0,5,5,0,5,5,0,10,10,0,4,2,2,23,20,3,2,1,1,25,21,4,2022
217000,"Sonstige Raub berf lle auf Stra en, Wegen oder Pl tzen",5117000,M lheim an der Ruhr,insg.,65,54,11,0,0,0,8,7,1,8,7,1,17,15,2,6,4,2,31,26,5,3,2,1,34,28,6,2022
217000,"Sonstige Raub berf lle auf Stra en, Wegen oder Pl tzen",9162000,M nchen,vers.,68,57,11,1,1,0,13,10,3,14,11,3,13,10,3,9,9,0,28,24,4,4,3,1,32,27,5,2022
217000,"Sonstige Raub berf lle auf Stra en, Wegen oder Pl tzen",9162000,M nchen,voll.,201,181,20,1,1,0,13,11,2,14,12,2,46,43,3,29,27,2,105,93,12,7,6,1,112,99,13,2022
217000,"Sonstige Raub berf lle auf Stra en, Wegen oder Pl tzen",9162000,M nchen,insg.,269,238,31,2,2,0,26,21,5,28,23,5,59,53,6,38,36,2,133,117,16,11,9,2,144,126,18,2022
217000,"Sonstige Raub berf lle auf Stra en, Wegen oder Pl tzen",5515000,M nster,vers.,29,25,4,0,0,0,1,1,0,1,1,0,5,3,2,2,2,0,21,19,2,0,0,0,21,19,2,2022
217000,"Sonstige Raub berf lle auf Stra en, Wegen oder Pl tzen",5515000,M nster,voll.,125,109,16,0,0,0,8,6,2,8,6,2,14,14,0,21,18,3,76,66,10,6,5,1,82,71,11,2022
217000,"Sonstige Raub berf lle auf Stra en, Wegen oder Pl tzen",5515000,M nster,insg.,154,134,20,0,0,0,9,7,2,9,7,2,19,17,2,23,20,3,97,85,12,6,5,1,103,90,13,2022
217000,"Sonstige Raub berf lle auf Stra en, Wegen oder Pl tzen",5162024,Neuss,vers.,4,4,0,0,0,0,0,0,0,0,0,0,0,0,0,1,1,0,2,2,0,1,1,0,3,3,0,2022
217000,"Sonstige Raub berf lle auf Stra en, Wegen oder Pl tzen",5162024,Neuss,voll.,29,24,5,0,0,0,2,0,2,2,0,2,2,2,0,6,4,2,18,17,1,1,1,0,19,18,1,2022
217000,"Sonstige Raub berf lle auf Stra en, Wegen oder Pl tzen",5162024,Neuss,insg.,33,28,5,0,0,0,2,0,2,2,0,2,2,2,0,7,5,2,20,19,1,2,2,0,22,21,1,2022
217000,"Sonstige Raub berf lle auf Stra en, Wegen oder Pl tzen",9564000,N rnberg,vers.,16,15,1,0,0,0,0,0,0,0,0,0,4,4,0,3,3,0,9,8,1,0,0,0,9,8,1,2022
217000,"Sonstige Raub berf lle auf Stra en, Wegen oder Pl tzen",9564000,N rnberg,voll.,64,59,5,0,0,0,1,1,0,1,1,0,14,14,0,12,12,0,35,31,4,2,1,1,37,32,5,2022
217000,"Sonstige Raub berf lle auf Stra en, Wegen oder Pl tzen",9564000,N rnberg,insg.,80,74,6,0,0,0,1,1,0,1,1,0,18,18,0,15,15,0,44,39,5,2,1,1,46,40,6,2022
217000,"Sonstige Raub berf lle auf Stra en, Wegen oder Pl tzen",5119000,Oberhausen,vers.,15,13,2,0,0,0,2,2,0,2,2,0,5,5,0,1,1,0,5,3,2,2,2,0,7,5,2,2022
217000,"Sonstige Raub berf lle auf Stra en, Wegen oder Pl tzen",5119000,Oberhausen,voll.,66,57,9,0,0,0,20,20,0,20,20,0,20,16,4,4,2,2,20,17,3,2,2,0,22,19,3,2022
217000,"Sonstige Raub berf lle auf Stra en, Wegen oder Pl tzen",5119000,Oberhausen,insg.,81,70,11,0,0,0,22,22,0,22,22,0,25,21,4,5,3,2,25,20,5,4,4,0,29,24,5,2022
217000,"Sonstige Raub berf lle auf Stra en, Wegen oder Pl tzen",6413000,Offenbach am Main,vers.,13,11,2,0,0,0,0,0,0,0,0,0,2,1,1,2,2,0,8,7,1,1,1,0,9,8,1,2022
217000,"Sonstige Raub berf lle auf Stra en, Wegen oder Pl tzen",6413000,Offenbach am Main,voll.,35,28,7,0,0,0,1,0,1,1,0,1,7,5,2,5,4,1,17,15,2,5,4,1,22,19,3,2022
217000,"Sonstige Raub berf lle auf Stra en, Wegen oder Pl tzen",6413000,Offenbach am Main,insg.,48,39,9,0,0,0,1,0,1,1,0,1,9,6,3,7,6,1,25,22,3,6,5,1,31,27,4,2022
217000,"Sonstige Raub berf lle auf Stra en, Wegen oder Pl tzen",3403000,Oldenburg (Oldenburg),vers.,6,5,1,0,0,0,0,0,0,0,0,0,3,3,0,1,1,0,2,1,1,0,0,0,2,1,1,2022
217000,"Sonstige Raub berf lle auf Stra en, Wegen oder Pl tzen",3403000,Oldenburg (Oldenburg),voll.,45,43,2,0,0,0,5,5,0,5,5,0,15,15,0,10,9,1,15,14,1,0,0,0,15,14,1,2022
217000,"Sonstige Raub berf lle auf Stra en, Wegen oder Pl tzen",3403000,Oldenburg (Oldenburg),insg.,51,48,3,0,0,0,5,5,0,5,5,0,18,18,0,11,10,1,17,15,2,0,0,0,17,15,2,2022
217000,"Sonstige Raub berf lle auf Stra en, Wegen oder Pl tzen",3404000,Osnabr ck,vers.,9,6,3,0,0,0,0,0,0,0,0,0,0,0,0,2,1,1,5,4,1,2,1,1,7,5,2,2022
217000,"Sonstige Raub berf lle auf Stra en, Wegen oder Pl tzen",3404000,Osnabr ck,voll.,58,53,5,0,0,0,2,1,1,2,1,1,9,8,1,9,7,2,37,36,1,1,1,0,38,37,1,2022
217000,"Sonstige Raub berf lle auf Stra en, Wegen oder Pl tzen",3404000,Osnabr ck,insg.,67,59,8,0,0,0,2,1,1,2,1,1,9,8,1,11,8,3,42,40,2,3,2,1,45,42,3,2022
217000,"Sonstige Raub berf lle auf Stra en, Wegen oder Pl tzen",5774032,Paderborn,vers.,14,11,3,0,0,0,0,0,0,0,0,0,1,1,0,4,1,3,9,9,0,0,0,0,9,9,0,2022
217000,"Sonstige Raub berf lle auf Stra en, Wegen oder Pl tzen",5774032,Paderborn,voll.,58,47,11,0,0,0,1,0,1,1,0,1,7,5,2,7,6,1,41,34,7,2,2,0,43,36,7,2022
217000,"Sonstige Raub berf lle auf Stra en, Wegen oder Pl tzen",5774032,Paderborn,insg.,72,58,14,0,0,0,1,0,1,1,0,1,8,6,2,11,7,4,50,43,7,2,2,0,52,45,7,2022
217000,"Sonstige Raub berf lle auf Stra en, Wegen oder Pl tzen",8231000,Pforzheim,vers.,6,6,0,0,0,0,3,3,0,3,3,0,0,0,0,1,1,0,2,2,0,0,0,0,2,2,0,2022
217000,"Sonstige Raub berf lle auf Stra en, Wegen oder Pl tzen",8231000,Pforzheim,voll.,32,27,5,0,0,0,1,0,1,1,0,1,13,12,1,6,5,1,11,9,2,1,1,0,12,10,2,2022
217000,"Sonstige Raub berf lle auf Stra en, Wegen oder Pl tzen",8231000,Pforzheim,insg.,38,33,5,0,0,0,4,3,1,4,3,1,13,12,1,7,6,1,13,11,2,1,1,0,14,12,2,2022
217000,"Sonstige Raub berf lle auf Stra en, Wegen oder Pl tzen",12054000,Potsdam,vers.,11,7,4,0,0,0,1,1,0,1,1,0,2,2,0,0,0,0,7,3,4,1,1,0,8,4,4,2022
217000,"Sonstige Raub berf lle auf Stra en, Wegen oder Pl tzen",12054000,Potsdam,voll.,41,31,10,0,0,0,6,5,1,6,5,1,14,12,2,3,3,0,16,10,6,2,1,1,18,11,7,2022
217000,"Sonstige Raub berf lle auf Stra en, Wegen oder Pl tzen",12054000,Potsdam,insg.,52,38,14,0,0,0,7,6,1,7,6,1,16,14,2,3,3,0,23,13,10,3,2,1,26,15,11,2022
217000,"Sonstige Raub berf lle auf Stra en, Wegen oder Pl tzen",5562032,Recklinghausen,vers.,6,4,2,0,0,0,2,1,1,2,1,1,0,0,0,0,0,0,3,2,1,1,1,0,4,3,1,2022
217000,"Sonstige Raub berf lle auf Stra en, Wegen oder Pl tzen",5562032,Recklinghausen,voll.,34,27,7,0,0,0,3,3,0,3,3,0,5,5,0,5,4,1,21,15,6,0,0,0,21,15,6,2022
217000,"Sonstige Raub berf lle auf Stra en, Wegen oder Pl tzen",5562032,Recklinghausen,insg.,40,31,9,0,0,0,5,4,1,5,4,1,5,5,0,5,4,1,24,17,7,1,1,0,25,18,7,2022
217000,"Sonstige Raub berf lle auf Stra en, Wegen oder Pl tzen",9362000,Regensburg,vers.,2,2,0,0,0,0,0,0,0,0,0,0,1,1,0,0,0,0,1,1,0,0,0,0,1,1,0,2022
217000,"Sonstige Raub berf lle auf Stra en, Wegen oder Pl tzen",9362000,Regensburg,voll.,2,2,0,0,0,0,0,0,0,0,0,0,1,1,0,0,0,0,1,1,0,0,0,0,1,1,0,2022
217000,"Sonstige Raub berf lle auf Stra en, Wegen oder Pl tzen",9362000,Regensburg,insg.,4,4,0,0,0,0,0,0,0,0,0,0,2,2,0,0,0,0,2,2,0,0,0,0,2,2,0,2022
217000,"Sonstige Raub berf lle auf Stra en, Wegen oder Pl tzen",5120000,Remscheid,vers.,5,5,0,0,0,0,1,1,0,1,1,0,4,4,0,0,0,0,0,0,0,0,0,0,0,0,0,2022
217000,"Sonstige Raub berf lle auf Stra en, Wegen oder Pl tzen",5120000,Remscheid,voll.,27,24,3,0,0,0,3,3,0,3,3,0,9,8,1,4,3,1,9,8,1,2,2,0,11,10,1,2022
217000,"Sonstige Raub berf lle auf Stra en, Wegen oder Pl tzen",5120000,Remscheid,insg.,32,29,3,0,0,0,4,4,0,4,4,0,13,12,1,4,3,1,9,8,1,2,2,0,11,10,1,2022
217000,"Sonstige Raub berf lle auf Stra en, Wegen oder Pl tzen",8415061,Reutlingen,vers.,11,10,1,0,0,0,3,3,0,3,3,0,3,2,1,2,2,0,3,3,0,0,0,0,3,3,0,2022
217000,"Sonstige Raub berf lle auf Stra en, Wegen oder Pl tzen",8415061,Reutlingen,voll.,15,15,0,0,0,0,1,1,0,1,1,0,6,6,0,4,4,0,4,4,0,0,0,0,4,4,0,2022
217000,"Sonstige Raub berf lle auf Stra en, Wegen oder Pl tzen",8415061,Reutlingen,insg.,26,25,1,0,0,0,4,4,0,4,4,0,9,8,1,6,6,0,7,7,0,0,0,0,7,7,0,2022
217000,"Sonstige Raub berf lle auf Stra en, Wegen oder Pl tzen",13003000,"Rostock, Hanse- und Universit tsstadt",vers.,9,6,3,0,0,0,1,1,0,1,1,0,1,1,0,0,0,0,6,4,2,1,0,1,7,4,3,2022
217000,"Sonstige Raub berf lle auf Stra en, Wegen oder Pl tzen",13003000,"Rostock, Hanse- und Universit tsstadt",voll.,72,60,12,0,0,0,12,10,2,12,10,2,18,17,1,15,12,3,24,19,5,3,2,1,27,21,6,2022
217000,"Sonstige Raub berf lle auf Stra en, Wegen oder Pl tzen",13003000,"Rostock, Hanse- und Universit tsstadt",insg.,81,66,15,0,0,0,13,11,2,13,11,2,19,18,1,15,12,3,30,23,7,4,2,2,34,25,9,2022
217000,"Sonstige Raub berf lle auf Stra en, Wegen oder Pl tzen",10041100,Saarbr cken,vers.,21,16,5,0,0,0,3,2,1,3,2,1,3,3,0,4,4,0,10,7,3,1,0,1,11,7,4,2022
217000,"Sonstige Raub berf lle auf Stra en, Wegen oder Pl tzen",10041100,Saarbr cken,voll.,74,63,11,0,0,0,2,2,0,2,2,0,13,9,4,10,9,1,46,41,5,3,2,1,49,43,6,2022
217000,"Sonstige Raub berf lle auf Stra en, Wegen oder Pl tzen",10041100,Saarbr cken,insg.,95,79,16,0,0,0,5,4,1,5,4,1,16,12,4,14,13,1,56,48,8,4,2,2,60,50,10,2022
217000,"Sonstige Raub berf lle auf Stra en, Wegen oder Pl tzen",3102000,Salzgitter,vers.,2,1,1,0,0,0,1,1,0,1,1,0,0,0,0,0,0,0,1,0,1,0,0,0,1,0,1,2022
217000,"Sonstige Raub berf lle auf Stra en, Wegen oder Pl tzen",3102000,Salzgitter,voll.,11,10,1,0,0,0,2,2,0,2,2,0,1,1,0,2,1,1,6,6,0,0,0,0,6,6,0,2022
217000,"Sonstige Raub berf lle auf Stra en, Wegen oder Pl tzen",3102000,Salzgitter,insg.,13,11,2,0,0,0,3,3,0,3,3,0,1,1,0,2,1,1,7,6,1,0,0,0,7,6,1,2022
217000,"Sonstige Raub berf lle auf Stra en, Wegen oder Pl tzen",13004000,Schwerin,vers.,3,3,0,0,0,0,0,0,0,0,0,0,0,0,0,0,0,0,3,3,0,0,0,0,3,3,0,2022
217000,"Sonstige Raub berf lle auf Stra en, Wegen oder Pl tzen",13004000,Schwerin,voll.,25,21,4,0,0,0,0,0,0,0,0,0,1,1,0,5,5,0,18,14,4,1,1,0,19,15,4,2022
217000,"Sonstige Raub berf lle auf Stra en, Wegen oder Pl tzen",13004000,Schwerin,insg.,28,24,4,0,0,0,0,0,0,0,0,0,1,1,0,5,5,0,21,17,4,1,1,0,22,18,4,2022
217000,"Sonstige Raub berf lle auf Stra en, Wegen oder Pl tzen",5970040,Siegen,vers.,11,10,1,0,0,0,0,0,0,0,0,0,6,6,0,0,0,0,5,4,1,0,0,0,5,4,1,2022
217000,"Sonstige Raub berf lle auf Stra en, Wegen oder Pl tzen",5970040,Siegen,voll.,39,35,4,0,0,0,5,3,2,5,3,2,15,13,2,6,6,0,12,12,0,1,1,0,13,13,0,2022
217000,"Sonstige Raub berf lle auf Stra en, Wegen oder Pl tzen",5970040,Siegen,insg.,50,45,5,0,0,0,5,3,2,5,3,2,21,19,2,6,6,0,17,16,1,1,1,0,18,17,1,2022
217000,"Sonstige Raub berf lle auf Stra en, Wegen oder Pl tzen",5122000,Solingen,vers.,17,17,0,0,0,0,5,5,0,5,5,0,4,4,0,3,3,0,4,4,0,1,1,0,5,5,0,2022
217000,"Sonstige Raub berf lle auf Stra en, Wegen oder Pl tzen",5122000,Solingen,voll.,39,35,4,0,0,0,6,6,0,6,6,0,10,8,2,7,6,1,13,13,0,3,2,1,16,15,1,2022
217000,"Sonstige Raub berf lle auf Stra en, Wegen oder Pl tzen",5122000,Solingen,insg.,56,52,4,0,0,0,11,11,0,11,11,0,14,12,2,10,9,1,17,17,0,4,3,1,21,20,1,2022
217000,"Sonstige Raub berf lle auf Stra en, Wegen oder Pl tzen",8111000,Stuttgart,vers.,50,39,11,0,0,0,6,5,1,6,5,1,9,8,1,3,3,0,29,21,8,3,2,1,32,23,9,2022
217000,"Sonstige Raub berf lle auf Stra en, Wegen oder Pl tzen",8111000,Stuttgart,voll.,175,149,26,0,0,0,3,2,1,3,2,1,17,16,1,30,23,7,114,99,15,11,9,2,125,108,17,2022
217000,"Sonstige Raub berf lle auf Stra en, Wegen oder Pl tzen",8111000,Stuttgart,insg.,225,188,37,0,0,0,9,7,2,9,7,2,26,24,2,33,26,7,143,120,23,14,11,3,157,131,26,2022
217000,"Sonstige Raub berf lle auf Stra en, Wegen oder Pl tzen",7211000,Trier,vers.,15,14,1,0,0,0,0,0,0,0,0,0,8,7,1,0,0,0,6,6,0,1,1,0,7,7,0,2022
217000,"Sonstige Raub berf lle auf Stra en, Wegen oder Pl tzen",7211000,Trier,voll.,21,17,4,0,0,0,0,0,0,0,0,0,5,3,2,9,8,1,7,6,1,0,0,0,7,6,1,2022
217000,"Sonstige Raub berf lle auf Stra en, Wegen oder Pl tzen",7211000,Trier,insg.,36,31,5,0,0,0,0,0,0,0,0,0,13,10,3,9,8,1,13,12,1,1,1,0,14,13,1,2022
217000,"Sonstige Raub berf lle auf Stra en, Wegen oder Pl tzen",8421000,Ulm,vers.,9,4,5,0,0,0,0,0,0,0,0,0,1,0,1,0,0,0,6,4,2,2,0,2,8,4,4,2022
217000,"Sonstige Raub berf lle auf Stra en, Wegen oder Pl tzen",8421000,Ulm,voll.,21,18,3,0,0,0,2,2,0,2,2,0,2,1,1,3,3,0,13,12,1,1,0,1,14,12,2,2022
217000,"Sonstige Raub berf lle auf Stra en, Wegen oder Pl tzen",8421000,Ulm,insg.,30,22,8,0,0,0,2,2,0,2,2,0,3,1,2,3,3,0,19,16,3,3,0,3,22,16,6,2022
217000,"Sonstige Raub berf lle auf Stra en, Wegen oder Pl tzen",6414000,Wiesbaden,vers.,22,16,6,0,0,0,3,2,1,3,2,1,4,3,1,3,2,1,8,6,2,4,3,1,12,9,3,2022
217000,"Sonstige Raub berf lle auf Stra en, Wegen oder Pl tzen",6414000,Wiesbaden,voll.,77,74,3,0,0,0,6,6,0,6,6,0,20,20,0,18,16,2,31,31,0,2,1,1,33,32,1,2022
217000,"Sonstige Raub berf lle auf Stra en, Wegen oder Pl tzen",6414000,Wiesbaden,insg.,99,90,9,0,0,0,9,8,1,9,8,1,24,23,1,21,18,3,39,37,2,6,4,2,45,41,4,2022
217000,"Sonstige Raub berf lle auf Stra en, Wegen oder Pl tzen",3103000,Wolfsburg,vers.,3,3,0,0,0,0,0,0,0,0,0,0,0,0,0,0,0,0,3,3,0,0,0,0,3,3,0,2022
217000,"Sonstige Raub berf lle auf Stra en, Wegen oder Pl tzen",3103000,Wolfsburg,voll.,8,8,0,0,0,0,0,0,0,0,0,0,0,0,0,1,1,0,7,7,0,0,0,0,7,7,0,2022
217000,"Sonstige Raub berf lle auf Stra en, Wegen oder Pl tzen",3103000,Wolfsburg,insg.,11,11,0,0,0,0,0,0,0,0,0,0,0,0,0,1,1,0,10,10,0,0,0,0,10,10,0,2022
217000,"Sonstige Raub berf lle auf Stra en, Wegen oder Pl tzen",5124000,Wuppertal,vers.,29,23,6,0,0,0,6,5,1,6,5,1,2,1,1,4,3,1,17,14,3,0,0,0,17,14,3,2022
217000,"Sonstige Raub berf lle auf Stra en, Wegen oder Pl tzen",5124000,Wuppertal,voll.,93,80,13,0,0,0,13,11,2,13,11,2,24,23,1,9,7,2,40,32,8,7,7,0,47,39,8,2022
217000,"Sonstige Raub berf lle auf Stra en, Wegen oder Pl tzen",5124000,Wuppertal,insg.,122,103,19,0,0,0,19,16,3,19,16,3,26,24,2,13,10,3,57,46,11,7,7,0,64,53,11,2022
217000,"Sonstige Raub berf lle auf Stra en, Wegen oder Pl tzen",9663000,W rzburg,vers.,2,1,1,0,0,0,0,0,0,0,0,0,0,0,0,0,0,0,1,1,0,1,0,1,2,1,1,2022
217000,"Sonstige Raub berf lle auf Stra en, Wegen oder Pl tzen",9663000,W rzburg,voll.,6,5,1,0,0,0,0,0,0,0,0,0,0,0,0,0,0,0,5,4,1,1,1,0,6,5,1,2022
217000,"Sonstige Raub berf lle auf Stra en, Wegen oder Pl tzen",9663000,W rzburg,insg.,8,6,2,0,0,0,0,0,0,0,0,0,0,0,0,0,0,0,6,5,1,2,1,1,8,6,2,2022
219000,Raub berf lle in Wohnungen,5334002,Aachen,vers.,6,3,3,1,1,0,0,0,0,1,1,0,0,0,0,0,0,0,4,1,3,1,1,0,5,2,3,2022
219000,Raub berf lle in Wohnungen,5334002,Aachen,voll.,23,12,11,0,0,0,0,0,0,0,0,0,2,1,1,0,0,0,8,5,3,13,6,7,21,11,10,2022
219000,Raub berf lle in Wohnungen,5334002,Aachen,insg.,29,15,14,1,1,0,0,0,0,1,1,0,2,1,1,0,0,0,12,6,6,14,7,7,26,13,13,2022
219000,Raub berf lle in Wohnungen,9761000,Augsburg,vers.,2,1,1,0,0,0,0,0,0,0,0,0,0,0,0,0,0,0,2,1,1,0,0,0,2,1,1,2022
219000,Raub berf lle in Wohnungen,9761000,Augsburg,voll.,4,2,2,0,0,0,0,0,0,0,0,0,0,0,0,0,0,0,3,2,1,1,0,1,4,2,2,2022
219000,Raub berf lle in Wohnungen,9761000,Augsburg,insg.,6,3,3,0,0,0,0,0,0,0,0,0,0,0,0,0,0,0,5,3,2,1,0,1,6,3,3,2022
219000,Raub berf lle in Wohnungen,5378004,Bergisch Gladbach,vers.,2,1,1,0,0,0,0,0,0,0,0,0,0,0,0,0,0,0,0,0,0,2,1,1,2,1,1,2022
219000,Raub berf lle in Wohnungen,5378004,Bergisch Gladbach,voll.,0,0,0,0,0,0,0,0,0,0,0,0,0,0,0,0,0,0,0,0,0,0,0,0,0,0,0,2022
219000,Raub berf lle in Wohnungen,5378004,Bergisch Gladbach,insg.,2,1,1,0,0,0,0,0,0,0,0,0,0,0,0,0,0,0,0,0,0,2,1,1,2,1,1,2022
219000,Raub berf lle in Wohnungen,11000000,Berlin,vers.,53,29,24,0,0,0,1,1,0,1,1,0,4,3,1,2,1,1,36,21,15,10,3,7,46,24,22,2022
219000,Raub berf lle in Wohnungen,11000000,Berlin,voll.,220,134,86,0,0,0,0,0,0,0,0,0,14,10,4,9,5,4,138,80,58,59,39,20,197,119,78,2022
219000,Raub berf lle in Wohnungen,11000000,Berlin,insg.,273,163,110,0,0,0,1,1,0,1,1,0,18,13,5,11,6,5,174,101,73,69,42,27,243,143,100,2022
219000,Raub berf lle in Wohnungen,5711000,Bielefeld,vers.,1,1,0,0,0,0,0,0,0,0,0,0,0,0,0,0,0,0,0,0,0,1,1,0,1,1,0,2022
219000,Raub berf lle in Wohnungen,5711000,Bielefeld,voll.,6,6,0,0,0,0,0,0,0,0,0,0,0,0,0,1,1,0,4,4,0,1,1,0,5,5,0,2022
219000,Raub berf lle in Wohnungen,5711000,Bielefeld,insg.,7,7,0,0,0,0,0,0,0,0,0,0,0,0,0,1,1,0,4,4,0,2,2,0,6,6,0,2022
219000,Raub berf lle in Wohnungen,5911000,Bochum,vers.,4,3,1,0,0,0,0,0,0,0,0,0,0,0,0,0,0,0,2,1,1,2,2,0,4,3,1,2022
219000,Raub berf lle in Wohnungen,5911000,Bochum,voll.,15,10,5,0,0,0,0,0,0,0,0,0,0,0,0,0,0,0,10,7,3,5,3,2,15,10,5,2022
219000,Raub berf lle in Wohnungen,5911000,Bochum,insg.,19,13,6,0,0,0,0,0,0,0,0,0,0,0,0,0,0,0,12,8,4,7,5,2,19,13,6,2022
219000,Raub berf lle in Wohnungen,5314000,Bonn,vers.,3,3,0,0,0,0,0,0,0,0,0,0,0,0,0,0,0,0,0,0,0,3,3,0,3,3,0,2022
219000,Raub berf lle in Wohnungen,5314000,Bonn,voll.,9,5,4,0,0,0,0,0,0,0,0,0,0,0,0,0,0,0,6,3,3,3,2,1,9,5,4,2022
219000,Raub berf lle in Wohnungen,5314000,Bonn,insg.,12,8,4,0,0,0,0,0,0,0,0,0,0,0,0,0,0,0,6,3,3,6,5,1,12,8,4,2022
219000,Raub berf lle in Wohnungen,5512000,Bottrop,vers.,0,0,0,0,0,0,0,0,0,0,0,0,0,0,0,0,0,0,0,0,0,0,0,0,0,0,0,2022
219000,Raub berf lle in Wohnungen,5512000,Bottrop,voll.,5,4,1,0,0,0,0,0,0,0,0,0,0,0,0,0,0,0,5,4,1,0,0,0,5,4,1,2022
219000,Raub berf lle in Wohnungen,5512000,Bottrop,insg.,5,4,1,0,0,0,0,0,0,0,0,0,0,0,0,0,0,0,5,4,1,0,0,0,5,4,1,2022
219000,Raub berf lle in Wohnungen,3101000,Braunschweig,vers.,2,2,0,0,0,0,0,0,0,0,0,0,0,0,0,0,0,0,2,2,0,0,0,0,2,2,0,2022
219000,Raub berf lle in Wohnungen,3101000,Braunschweig,voll.,5,3,2,0,0,0,0,0,0,0,0,0,0,0,0,0,0,0,4,3,1,1,0,1,5,3,2,2022
219000,Raub berf lle in Wohnungen,3101000,Braunschweig,insg.,7,5,2,0,0,0,0,0,0,0,0,0,0,0,0,0,0,0,6,5,1,1,0,1,7,5,2,2022
219000,Raub berf lle in Wohnungen,4011000,Bremen,vers.,7,4,3,0,0,0,0,0,0,0,0,0,1,1,0,0,0,0,4,2,2,2,1,1,6,3,3,2022
219000,Raub berf lle in Wohnungen,4011000,Bremen,voll.,39,26,13,0,0,0,0,0,0,0,0,0,3,3,0,2,2,0,19,12,7,15,9,6,34,21,13,2022
219000,Raub berf lle in Wohnungen,4011000,Bremen,insg.,46,30,16,0,0,0,0,0,0,0,0,0,4,4,0,2,2,0,23,14,9,17,10,7,40,24,16,2022
219000,Raub berf lle in Wohnungen,4012000,Bremerhaven,vers.,4,3,1,0,0,0,0,0,0,0,0,0,0,0,0,1,1,0,2,1,1,1,1,0,3,2,1,2022
219000,Raub berf lle in Wohnungen,4012000,Bremerhaven,voll.,17,8,9,0,0,0,0,0,0,0,0,0,0,0,0,0,0,0,10,6,4,7,2,5,17,8,9,2022
219000,Raub berf lle in Wohnungen,4012000,Bremerhaven,insg.,21,11,10,0,0,0,0,0,0,0,0,0,0,0,0,1,1,0,12,7,5,8,3,5,20,10,10,2022
219000,Raub berf lle in Wohnungen,14511000,Chemnitz,vers.,3,2,1,0,0,0,0,0,0,0,0,0,0,0,0,0,0,0,3,2,1,0,0,0,3,2,1,2022
219000,Raub berf lle in Wohnungen,14511000,Chemnitz,voll.,8,4,4,0,0,0,0,0,0,0,0,0,1,0,1,2,2,0,5,2,3,0,0,0,5,2,3,2022
219000,Raub berf lle in Wohnungen,14511000,Chemnitz,insg.,11,6,5,0,0,0,0,0,0,0,0,0,1,0,1,2,2,0,8,4,4,0,0,0,8,4,4,2022
219000,Raub berf lle in Wohnungen,12052000,Cottbus,vers.,1,1,0,0,0,0,0,0,0,0,0,0,0,0,0,0,0,0,1,1,0,0,0,0,1,1,0,2022
219000,Raub berf lle in Wohnungen,12052000,Cottbus,voll.,3,1,2,0,0,0,0,0,0,0,0,0,0,0,0,1,1,0,2,0,2,0,0,0,2,0,2,2022
219000,Raub berf lle in Wohnungen,12052000,Cottbus,insg.,4,2,2,0,0,0,0,0,0,0,0,0,0,0,0,1,1,0,3,1,2,0,0,0,3,1,2,2022
219000,Raub berf lle in Wohnungen,6411000,Darmstadt,vers.,0,0,0,0,0,0,0,0,0,0,0,0,0,0,0,0,0,0,0,0,0,0,0,0,0,0,0,2022
219000,Raub berf lle in Wohnungen,6411000,Darmstadt,voll.,4,3,1,0,0,0,0,0,0,0,0,0,0,0,0,0,0,0,2,2,0,2,1,1,4,3,1,2022
219000,Raub berf lle in Wohnungen,6411000,Darmstadt,insg.,4,3,1,0,0,0,0,0,0,0,0,0,0,0,0,0,0,0,2,2,0,2,1,1,4,3,1,2022
219000,Raub berf lle in Wohnungen,5913000,Dortmund,vers.,5,2,3,0,0,0,0,0,0,0,0,0,0,0,0,0,0,0,5,2,3,0,0,0,5,2,3,2022
219000,Raub berf lle in Wohnungen,5913000,Dortmund,voll.,41,28,13,0,0,0,1,1,0,1,1,0,2,1,1,4,3,1,27,17,10,7,6,1,34,23,11,2022
219000,Raub berf lle in Wohnungen,5913000,Dortmund,insg.,46,30,16,0,0,0,1,1,0,1,1,0,2,1,1,4,3,1,32,19,13,7,6,1,39,25,14,2022
219000,Raub berf lle in Wohnungen,14612000,Dresden,vers.,1,1,0,0,0,0,0,0,0,0,0,0,0,0,0,0,0,0,1,1,0,0,0,0,1,1,0,2022
219000,Raub berf lle in Wohnungen,14612000,Dresden,voll.,13,9,4,0,0,0,0,0,0,0,0,0,0,0,0,1,1,0,8,7,1,4,1,3,12,8,4,2022
219000,Raub berf lle in Wohnungen,14612000,Dresden,insg.,14,10,4,0,0,0,0,0,0,0,0,0,0,0,0,1,1,0,9,8,1,4,1,3,13,9,4,2022
219000,Raub berf lle in Wohnungen,5112000,Duisburg,vers.,5,3,2,0,0,0,0,0,0,0,0,0,0,0,0,0,0,0,3,3,0,2,0,2,5,3,2,2022
219000,Raub berf lle in Wohnungen,5112000,Duisburg,voll.,46,29,17,0,0,0,0,0,0,0,0,0,3,2,1,5,5,0,32,19,13,6,3,3,38,22,16,2022
219000,Raub berf lle in Wohnungen,5112000,Duisburg,insg.,51,32,19,0,0,0,0,0,0,0,0,0,3,2,1,5,5,0,35,22,13,8,3,5,43,25,18,2022
219000,Raub berf lle in Wohnungen,5111000,D sseldorf,vers.,9,8,1,0,0,0,0,0,0,0,0,0,1,1,0,1,1,0,5,4,1,2,2,0,7,6,1,2022
219000,Raub berf lle in Wohnungen,5111000,D sseldorf,voll.,21,13,8,0,0,0,0,0,0,0,0,0,1,1,0,2,1,1,10,6,4,8,5,3,18,11,7,2022
219000,Raub berf lle in Wohnungen,5111000,D sseldorf,insg.,30,21,9,0,0,0,0,0,0,0,0,0,2,2,0,3,2,1,15,10,5,10,7,3,25,17,8,2022
219000,Raub berf lle in Wohnungen,16051000,Erfurt,vers.,4,4,0,0,0,0,0,0,0,0,0,0,0,0,0,0,0,0,4,4,0,0,0,0,4,4,0,2022
219000,Raub berf lle in Wohnungen,16051000,Erfurt,voll.,8,4,4,0,0,0,0,0,0,0,0,0,1,1,0,0,0,0,7,3,4,0,0,0,7,3,4,2022
219000,Raub berf lle in Wohnungen,16051000,Erfurt,insg.,12,8,4,0,0,0,0,0,0,0,0,0,1,1,0,0,0,0,11,7,4,0,0,0,11,7,4,2022
219000,Raub berf lle in Wohnungen,9562000,Erlangen,vers.,1,1,0,0,0,0,0,0,0,0,0,0,0,0,0,1,1,0,0,0,0,0,0,0,0,0,0,2022
219000,Raub berf lle in Wohnungen,9562000,Erlangen,voll.,0,0,0,0,0,0,0,0,0,0,0,0,0,0,0,0,0,0,0,0,0,0,0,0,0,0,0,2022
219000,Raub berf lle in Wohnungen,9562000,Erlangen,insg.,1,1,0,0,0,0,0,0,0,0,0,0,0,0,0,1,1,0,0,0,0,0,0,0,0,0,0,2022
219000,Raub berf lle in Wohnungen,5113000,Essen,vers.,14,9,5,0,0,0,1,0,1,1,0,1,0,0,0,0,0,0,8,5,3,5,4,1,13,9,4,2022
219000,Raub berf lle in Wohnungen,5113000,Essen,voll.,35,18,17,1,1,0,0,0,0,1,1,0,1,1,0,2,1,1,22,12,10,9,3,6,31,15,16,2022
219000,Raub berf lle in Wohnungen,5113000,Essen,insg.,49,27,22,1,1,0,1,0,1,2,1,1,1,1,0,2,1,1,30,17,13,14,7,7,44,24,20,2022
219000,Raub berf lle in Wohnungen,6412000,Frankfurt am Main,vers.,2,2,0,0,0,0,0,0,0,0,0,0,0,0,0,0,0,0,2,2,0,0,0,0,2,2,0,2022
219000,Raub berf lle in Wohnungen,6412000,Frankfurt am Main,voll.,36,17,19,0,0,0,0,0,0,0,0,0,1,1,0,3,1,2,26,13,13,6,2,4,32,15,17,2022
219000,Raub berf lle in Wohnungen,6412000,Frankfurt am Main,insg.,38,19,19,0,0,0,0,0,0,0,0,0,1,1,0,3,1,2,28,15,13,6,2,4,34,17,17,2022
219000,Raub berf lle in Wohnungen,8311000,Freiburg im Breisgau,vers.,3,2,1,0,0,0,0,0,0,0,0,0,0,0,0,1,1,0,2,1,1,0,0,0,2,1,1,2022
219000,Raub berf lle in Wohnungen,8311000,Freiburg im Breisgau,voll.,4,2,2,0,0,0,0,0,0,0,0,0,0,0,0,0,0,0,4,2,2,0,0,0,4,2,2,2022
219000,Raub berf lle in Wohnungen,8311000,Freiburg im Breisgau,insg.,7,4,3,0,0,0,0,0,0,0,0,0,0,0,0,1,1,0,6,3,3,0,0,0,6,3,3,2022
219000,Raub berf lle in Wohnungen,9563000,F rth,vers.,0,0,0,0,0,0,0,0,0,0,0,0,0,0,0,0,0,0,0,0,0,0,0,0,0,0,0,2022
219000,Raub berf lle in Wohnungen,9563000,F rth,voll.,0,0,0,0,0,0,0,0,0,0,0,0,0,0,0,0,0,0,0,0,0,0,0,0,0,0,0,2022
219000,Raub berf lle in Wohnungen,9563000,F rth,insg.,0,0,0,0,0,0,0,0,0,0,0,0,0,0,0,0,0,0,0,0,0,0,0,0,0,0,0,2022
219000,Raub berf lle in Wohnungen,5513000,Gelsenkirchen,vers.,8,4,4,0,0,0,0,0,0,0,0,0,0,0,0,1,1,0,4,1,3,3,2,1,7,3,4,2022
219000,Raub berf lle in Wohnungen,5513000,Gelsenkirchen,voll.,21,12,9,0,0,0,0,0,0,0,0,0,1,1,0,2,2,0,15,8,7,3,1,2,18,9,9,2022
219000,Raub berf lle in Wohnungen,5513000,Gelsenkirchen,insg.,29,16,13,0,0,0,0,0,0,0,0,0,1,1,0,3,3,0,19,9,10,6,3,3,25,12,13,2022
219000,Raub berf lle in Wohnungen,3159016,G ttingen,vers.,0,0,0,0,0,0,0,0,0,0,0,0,0,0,0,0,0,0,0,0,0,0,0,0,0,0,0,2022
219000,Raub berf lle in Wohnungen,3159016,G ttingen,voll.,2,1,1,0,0,0,0,0,0,0,0,0,0,0,0,0,0,0,2,1,1,0,0,0,2,1,1,2022
219000,Raub berf lle in Wohnungen,3159016,G ttingen,insg.,2,1,1,0,0,0,0,0,0,0,0,0,0,0,0,0,0,0,2,1,1,0,0,0,2,1,1,2022
219000,Raub berf lle in Wohnungen,5754008,G tersloh,vers.,0,0,0,0,0,0,0,0,0,0,0,0,0,0,0,0,0,0,0,0,0,0,0,0,0,0,0,2022
219000,Raub berf lle in Wohnungen,5754008,G tersloh,voll.,5,2,3,0,0,0,0,0,0,0,0,0,0,0,0,0,0,0,2,2,0,3,0,3,5,2,3,2022
219000,Raub berf lle in Wohnungen,5754008,G tersloh,insg.,5,2,3,0,0,0,0,0,0,0,0,0,0,0,0,0,0,0,2,2,0,3,0,3,5,2,3,2022
219000,Raub berf lle in Wohnungen,5914000,Hagen,vers.,1,0,1,0,0,0,0,0,0,0,0,0,0,0,0,0,0,0,1,0,1,0,0,0,1,0,1,2022
219000,Raub berf lle in Wohnungen,5914000,Hagen,voll.,16,10,6,1,1,0,1,0,1,2,1,1,1,1,0,1,1,0,10,6,4,2,1,1,12,7,5,2022
219000,Raub berf lle in Wohnungen,5914000,Hagen,insg.,17,10,7,1,1,0,1,0,1,2,1,1,1,1,0,1,1,0,11,6,5,2,1,1,13,7,6,2022
219000,Raub berf lle in Wohnungen,15002000,Halle (Saale),vers.,1,1,0,0,0,0,0,0,0,0,0,0,0,0,0,0,0,0,1,1,0,0,0,0,1,1,0,2022
219000,Raub berf lle in Wohnungen,15002000,Halle (Saale),voll.,9,7,2,0,0,0,0,0,0,0,0,0,0,0,0,1,1,0,6,5,1,2,1,1,8,6,2,2022
219000,Raub berf lle in Wohnungen,15002000,Halle (Saale),insg.,10,8,2,0,0,0,0,0,0,0,0,0,0,0,0,1,1,0,7,6,1,2,1,1,9,7,2,2022
219000,Raub berf lle in Wohnungen,2000000,Hamburg,vers.,10,6,4,0,0,0,0,0,0,0,0,0,1,1,0,1,0,1,8,5,3,0,0,0,8,5,3,2022
219000,Raub berf lle in Wohnungen,2000000,Hamburg,voll.,41,26,15,0,0,0,0,0,0,0,0,0,2,1,1,1,1,0,32,20,12,6,4,2,38,24,14,2022
219000,Raub berf lle in Wohnungen,2000000,Hamburg,insg.,51,32,19,0,0,0,0,0,0,0,0,0,3,2,1,2,1,1,40,25,15,6,4,2,46,29,17,2022
219000,Raub berf lle in Wohnungen,5915000,Hamm,vers.,5,3,2,0,0,0,0,0,0,0,0,0,0,0,0,0,0,0,4,3,1,1,0,1,5,3,2,2022
219000,Raub berf lle in Wohnungen,5915000,Hamm,voll.,10,4,6,0,0,0,0,0,0,0,0,0,0,0,0,1,0,1,8,4,4,1,0,1,9,4,5,2022
219000,Raub berf lle in Wohnungen,5915000,Hamm,insg.,15,7,8,0,0,0,0,0,0,0,0,0,0,0,0,1,0,1,12,7,5,2,0,2,14,7,7,2022
219000,Raub berf lle in Wohnungen,6435014,Hanau,vers.,1,1,0,0,0,0,0,0,0,0,0,0,0,0,0,0,0,0,1,1,0,0,0,0,1,1,0,2022
219000,Raub berf lle in Wohnungen,6435014,Hanau,voll.,2,1,1,0,0,0,0,0,0,0,0,0,0,0,0,0,0,0,2,1,1,0,0,0,2,1,1,2022
219000,Raub berf lle in Wohnungen,6435014,Hanau,insg.,3,2,1,0,0,0,0,0,0,0,0,0,0,0,0,0,0,0,3,2,1,0,0,0,3,2,1,2022
219000,Raub berf lle in Wohnungen,3241001,Hannover,vers.,7,4,3,0,0,0,0,0,0,0,0,0,0,0,0,0,0,0,7,4,3,0,0,0,7,4,3,2022
219000,Raub berf lle in Wohnungen,3241001,Hannover,voll.,31,17,14,0,0,0,0,0,0,0,0,0,2,1,1,7,3,4,17,9,8,5,4,1,22,13,9,2022
219000,Raub berf lle in Wohnungen,3241001,Hannover,insg.,38,21,17,0,0,0,0,0,0,0,0,0,2,1,1,7,3,4,24,13,11,5,4,1,29,17,12,2022
219000,Raub berf lle in Wohnungen,8221000,Heidelberg,vers.,4,3,1,0,0,0,0,0,0,0,0,0,0,0,0,0,0,0,4,3,1,0,0,0,4,3,1,2022
219000,Raub berf lle in Wohnungen,8221000,Heidelberg,voll.,3,1,2,0,0,0,0,0,0,0,0,0,0,0,0,0,0,0,3,1,2,0,0,0,3,1,2,2022
219000,Raub berf lle in Wohnungen,8221000,Heidelberg,insg.,7,4,3,0,0,0,0,0,0,0,0,0,0,0,0,0,0,0,7,4,3,0,0,0,7,4,3,2022
219000,Raub berf lle in Wohnungen,8121000,Heilbronn,vers.,1,1,0,0,0,0,0,0,0,0,0,0,0,0,0,0,0,0,1,1,0,0,0,0,1,1,0,2022
219000,Raub berf lle in Wohnungen,8121000,Heilbronn,voll.,2,0,2,0,0,0,0,0,0,0,0,0,0,0,0,0,0,0,1,0,1,1,0,1,2,0,2,2022
219000,Raub berf lle in Wohnungen,8121000,Heilbronn,insg.,3,1,2,0,0,0,0,0,0,0,0,0,0,0,0,0,0,0,2,1,1,1,0,1,3,1,2,2022
219000,Raub berf lle in Wohnungen,5916000,Herne,vers.,0,0,0,0,0,0,0,0,0,0,0,0,0,0,0,0,0,0,0,0,0,0,0,0,0,0,0,2022
219000,Raub berf lle in Wohnungen,5916000,Herne,voll.,8,6,2,0,0,0,0,0,0,0,0,0,0,0,0,1,1,0,6,5,1,1,0,1,7,5,2,2022
219000,Raub berf lle in Wohnungen,5916000,Herne,insg.,8,6,2,0,0,0,0,0,0,0,0,0,0,0,0,1,1,0,6,5,1,1,0,1,7,5,2,2022
219000,Raub berf lle in Wohnungen,3254021,Hildesheim,vers.,2,2,0,0,0,0,0,0,0,0,0,0,0,0,0,0,0,0,2,2,0,0,0,0,2,2,0,2022
219000,Raub berf lle in Wohnungen,3254021,Hildesheim,voll.,1,0,1,0,0,0,0,0,0,0,0,0,0,0,0,0,0,0,1,0,1,0,0,0,1,0,1,2022
219000,Raub berf lle in Wohnungen,3254021,Hildesheim,insg.,3,2,1,0,0,0,0,0,0,0,0,0,0,0,0,0,0,0,3,2,1,0,0,0,3,2,1,2022
219000,Raub berf lle in Wohnungen,9161000,Ingolstadt,vers.,0,0,0,0,0,0,0,0,0,0,0,0,0,0,0,0,0,0,0,0,0,0,0,0,0,0,0,2022
219000,Raub berf lle in Wohnungen,9161000,Ingolstadt,voll.,1,1,0,0,0,0,0,0,0,0,0,0,0,0,0,1,1,0,0,0,0,0,0,0,0,0,0,2022
219000,Raub berf lle in Wohnungen,9161000,Ingolstadt,insg.,1,1,0,0,0,0,0,0,0,0,0,0,0,0,0,1,1,0,0,0,0,0,0,0,0,0,0,2022
219000,Raub berf lle in Wohnungen,16053000,Jena,vers.,0,0,0,0,0,0,0,0,0,0,0,0,0,0,0,0,0,0,0,0,0,0,0,0,0,0,0,2022
219000,Raub berf lle in Wohnungen,16053000,Jena,voll.,1,1,0,0,0,0,0,0,0,0,0,0,0,0,0,0,0,0,1,1,0,0,0,0,1,1,0,2022
219000,Raub berf lle in Wohnungen,16053000,Jena,insg.,1,1,0,0,0,0,0,0,0,0,0,0,0,0,0,0,0,0,1,1,0,0,0,0,1,1,0,2022
219000,Raub berf lle in Wohnungen,7312000,Kaiserslautern,vers.,0,0,0,0,0,0,0,0,0,0,0,0,0,0,0,0,0,0,0,0,0,0,0,0,0,0,0,2022
219000,Raub berf lle in Wohnungen,7312000,Kaiserslautern,voll.,3,1,2,0,0,0,0,0,0,0,0,0,0,0,0,1,0,1,1,1,0,1,0,1,2,1,1,2022
219000,Raub berf lle in Wohnungen,7312000,Kaiserslautern,insg.,3,1,2,0,0,0,0,0,0,0,0,0,0,0,0,1,0,1,1,1,0,1,0,1,2,1,1,2022
219000,Raub berf lle in Wohnungen,8212000,Karlsruhe,vers.,2,2,0,0,0,0,0,0,0,0,0,0,0,0,0,0,0,0,1,1,0,1,1,0,2,2,0,2022
219000,Raub berf lle in Wohnungen,8212000,Karlsruhe,voll.,3,3,0,0,0,0,0,0,0,0,0,0,0,0,0,0,0,0,3,3,0,0,0,0,3,3,0,2022
219000,Raub berf lle in Wohnungen,8212000,Karlsruhe,insg.,5,5,0,0,0,0,0,0,0,0,0,0,0,0,0,0,0,0,4,4,0,1,1,0,5,5,0,2022
219000,Raub berf lle in Wohnungen,6611000,Kassel,vers.,2,1,1,0,0,0,0,0,0,0,0,0,1,1,0,0,0,0,1,0,1,0,0,0,1,0,1,2022
219000,Raub berf lle in Wohnungen,6611000,Kassel,voll.,16,11,5,0,0,0,0,0,0,0,0,0,0,0,0,1,1,0,14,9,5,1,1,0,15,10,5,2022
219000,Raub berf lle in Wohnungen,6611000,Kassel,insg.,18,12,6,0,0,0,0,0,0,0,0,0,1,1,0,1,1,0,15,9,6,1,1,0,16,10,6,2022
219000,Raub berf lle in Wohnungen,1002000,Kiel,vers.,6,4,2,0,0,0,0,0,0,0,0,0,0,0,0,0,0,0,5,4,1,1,0,1,6,4,2,2022
219000,Raub berf lle in Wohnungen,1002000,Kiel,voll.,8,6,2,0,0,0,0,0,0,0,0,0,1,1,0,2,1,1,5,4,1,0,0,0,5,4,1,2022
219000,Raub berf lle in Wohnungen,1002000,Kiel,insg.,14,10,4,0,0,0,0,0,0,0,0,0,1,1,0,2,1,1,10,8,2,1,0,1,11,8,3,2022
219000,Raub berf lle in Wohnungen,7111000,Koblenz,vers.,0,0,0,0,0,0,0,0,0,0,0,0,0,0,0,0,0,0,0,0,0,0,0,0,0,0,0,2022
219000,Raub berf lle in Wohnungen,7111000,Koblenz,voll.,2,1,1,0,0,0,0,0,0,0,0,0,0,0,0,0,0,0,2,1,1,0,0,0,2,1,1,2022
219000,Raub berf lle in Wohnungen,7111000,Koblenz,insg.,2,1,1,0,0,0,0,0,0,0,0,0,0,0,0,0,0,0,2,1,1,0,0,0,2,1,1,2022
219000,Raub berf lle in Wohnungen,5315000,K ln,vers.,17,11,6,0,0,0,1,1,0,1,1,0,0,0,0,1,1,0,14,8,6,1,1,0,15,9,6,2022
219000,Raub berf lle in Wohnungen,5315000,K ln,voll.,70,43,27,0,0,0,0,0,0,0,0,0,5,3,2,7,4,3,47,29,18,11,7,4,58,36,22,2022
219000,Raub berf lle in Wohnungen,5315000,K ln,insg.,87,54,33,0,0,0,1,1,0,1,1,0,5,3,2,8,5,3,61,37,24,12,8,4,73,45,28,2022
219000,Raub berf lle in Wohnungen,5114000,Krefeld,vers.,5,5,0,0,0,0,0,0,0,0,0,0,0,0,0,1,1,0,2,2,0,2,2,0,4,4,0,2022
219000,Raub berf lle in Wohnungen,5114000,Krefeld,voll.,14,7,7,1,1,0,0,0,0,1,1,0,0,0,0,0,0,0,6,2,4,7,4,3,13,6,7,2022
219000,Raub berf lle in Wohnungen,5114000,Krefeld,insg.,19,12,7,1,1,0,0,0,0,1,1,0,0,0,0,1,1,0,8,4,4,9,6,3,17,10,7,2022
219000,Raub berf lle in Wohnungen,14713000,Leipzig,vers.,4,4,0,0,0,0,0,0,0,0,0,0,0,0,0,0,0,0,4,4,0,0,0,0,4,4,0,2022
219000,Raub berf lle in Wohnungen,14713000,Leipzig,voll.,26,19,7,0,0,0,0,0,0,0,0,0,1,0,1,0,0,0,25,19,6,0,0,0,25,19,6,2022
219000,Raub berf lle in Wohnungen,14713000,Leipzig,insg.,30,23,7,0,0,0,0,0,0,0,0,0,1,0,1,0,0,0,29,23,6,0,0,0,29,23,6,2022
219000,Raub berf lle in Wohnungen,5316000,Leverkusen,vers.,1,1,0,0,0,0,0,0,0,0,0,0,0,0,0,0,0,0,1,1,0,0,0,0,1,1,0,2022
219000,Raub berf lle in Wohnungen,5316000,Leverkusen,voll.,4,2,2,0,0,0,0,0,0,0,0,0,0,0,0,0,0,0,3,2,1,1,0,1,4,2,2,2022
219000,Raub berf lle in Wohnungen,5316000,Leverkusen,insg.,5,3,2,0,0,0,0,0,0,0,0,0,0,0,0,0,0,0,4,3,1,1,0,1,5,3,2,2022
219000,Raub berf lle in Wohnungen,1003000,L beck,vers.,2,1,1,0,0,0,0,0,0,0,0,0,0,0,0,1,1,0,1,0,1,0,0,0,1,0,1,2022
219000,Raub berf lle in Wohnungen,1003000,L beck,voll.,9,7,2,0,0,0,0,0,0,0,0,0,1,1,0,1,1,0,7,5,2,0,0,0,7,5,2,2022
219000,Raub berf lle in Wohnungen,1003000,L beck,insg.,11,8,3,0,0,0,0,0,0,0,0,0,1,1,0,2,2,0,8,5,3,0,0,0,8,5,3,2022
219000,Raub berf lle in Wohnungen,7314000,Ludwigshafen am Rhein,vers.,6,4,2,0,0,0,1,1,0,1,1,0,0,0,0,1,1,0,4,2,2,0,0,0,4,2,2,2022
219000,Raub berf lle in Wohnungen,7314000,Ludwigshafen am Rhein,voll.,3,2,1,0,0,0,1,1,0,1,1,0,0,0,0,0,0,0,2,1,1,0,0,0,2,1,1,2022
219000,Raub berf lle in Wohnungen,7314000,Ludwigshafen am Rhein,insg.,9,6,3,0,0,0,2,2,0,2,2,0,0,0,0,1,1,0,6,3,3,0,0,0,6,3,3,2022
219000,Raub berf lle in Wohnungen,15003000,Magdeburg,vers.,3,3,0,0,0,0,0,0,0,0,0,0,0,0,0,0,0,0,2,2,0,1,1,0,3,3,0,2022
219000,Raub berf lle in Wohnungen,15003000,Magdeburg,voll.,24,17,7,0,0,0,0,0,0,0,0,0,1,1,0,4,4,0,15,12,3,4,0,4,19,12,7,2022
219000,Raub berf lle in Wohnungen,15003000,Magdeburg,insg.,27,20,7,0,0,0,0,0,0,0,0,0,1,1,0,4,4,0,17,14,3,5,1,4,22,15,7,2022
219000,Raub berf lle in Wohnungen,7315000,Mainz,vers.,1,1,0,0,0,0,0,0,0,0,0,0,0,0,0,0,0,0,0,0,0,1,1,0,1,1,0,2022
219000,Raub berf lle in Wohnungen,7315000,Mainz,voll.,7,6,1,0,0,0,0,0,0,0,0,0,0,0,0,0,0,0,3,3,0,4,3,1,7,6,1,2022
219000,Raub berf lle in Wohnungen,7315000,Mainz,insg.,8,7,1,0,0,0,0,0,0,0,0,0,0,0,0,0,0,0,3,3,0,5,4,1,8,7,1,2022
219000,Raub berf lle in Wohnungen,8222000,Mannheim,vers.,1,1,0,0,0,0,0,0,0,0,0,0,0,0,0,0,0,0,1,1,0,0,0,0,1,1,0,2022
219000,Raub berf lle in Wohnungen,8222000,Mannheim,voll.,3,1,2,0,0,0,0,0,0,0,0,0,0,0,0,0,0,0,2,1,1,1,0,1,3,1,2,2022
219000,Raub berf lle in Wohnungen,8222000,Mannheim,insg.,4,2,2,0,0,0,0,0,0,0,0,0,0,0,0,0,0,0,3,2,1,1,0,1,4,2,2,2022
219000,Raub berf lle in Wohnungen,5170024,Moers,vers.,0,0,0,0,0,0,0,0,0,0,0,0,0,0,0,0,0,0,0,0,0,0,0,0,0,0,0,2022
219000,Raub berf lle in Wohnungen,5170024,Moers,voll.,2,2,0,0,0,0,0,0,0,0,0,0,0,0,0,0,0,0,1,1,0,1,1,0,2,2,0,2022
219000,Raub berf lle in Wohnungen,5170024,Moers,insg.,2,2,0,0,0,0,0,0,0,0,0,0,0,0,0,0,0,0,1,1,0,1,1,0,2,2,0,2022
219000,Raub berf lle in Wohnungen,5116000,M nchengladbach,vers.,1,1,0,0,0,0,0,0,0,0,0,0,1,1,0,0,0,0,0,0,0,0,0,0,0,0,0,2022
219000,Raub berf lle in Wohnungen,5116000,M nchengladbach,voll.,11,8,3,0,0,0,0,0,0,0,0,0,0,0,0,0,0,0,8,7,1,3,1,2,11,8,3,2022
219000,Raub berf lle in Wohnungen,5116000,M nchengladbach,insg.,12,9,3,0,0,0,0,0,0,0,0,0,1,1,0,0,0,0,8,7,1,3,1,2,11,8,3,2022
219000,Raub berf lle in Wohnungen,5117000,M lheim an der Ruhr,vers.,1,0,1,0,0,0,0,0,0,0,0,0,0,0,0,0,0,0,1,0,1,0,0,0,1,0,1,2022
219000,Raub berf lle in Wohnungen,5117000,M lheim an der Ruhr,voll.,7,4,3,0,0,0,0,0,0,0,0,0,0,0,0,0,0,0,4,3,1,3,1,2,7,4,3,2022
219000,Raub berf lle in Wohnungen,5117000,M lheim an der Ruhr,insg.,8,4,4,0,0,0,0,0,0,0,0,0,0,0,0,0,0,0,5,3,2,3,1,2,8,4,4,2022
219000,Raub berf lle in Wohnungen,9162000,M nchen,vers.,3,3,0,0,0,0,0,0,0,0,0,0,0,0,0,0,0,0,3,3,0,0,0,0,3,3,0,2022
219000,Raub berf lle in Wohnungen,9162000,M nchen,voll.,20,11,9,0,0,0,0,0,0,0,0,0,0,0,0,1,0,1,17,10,7,2,1,1,19,11,8,2022
219000,Raub berf lle in Wohnungen,9162000,M nchen,insg.,23,14,9,0,0,0,0,0,0,0,0,0,0,0,0,1,0,1,20,13,7,2,1,1,22,14,8,2022
219000,Raub berf lle in Wohnungen,5515000,M nster,vers.,3,2,1,0,0,0,0,0,0,0,0,0,0,0,0,0,0,0,2,1,1,1,1,0,3,2,1,2022
219000,Raub berf lle in Wohnungen,5515000,M nster,voll.,5,1,4,0,0,0,0,0,0,0,0,0,0,0,0,0,0,0,5,1,4,0,0,0,5,1,4,2022
219000,Raub berf lle in Wohnungen,5515000,M nster,insg.,8,3,5,0,0,0,0,0,0,0,0,0,0,0,0,0,0,0,7,2,5,1,1,0,8,3,5,2022
219000,Raub berf lle in Wohnungen,5162024,Neuss,vers.,1,1,0,0,0,0,0,0,0,0,0,0,0,0,0,0,0,0,1,1,0,0,0,0,1,1,0,2022
219000,Raub berf lle in Wohnungen,5162024,Neuss,voll.,1,0,1,0,0,0,0,0,0,0,0,0,0,0,0,0,0,0,1,0,1,0,0,0,1,0,1,2022
219000,Raub berf lle in Wohnungen,5162024,Neuss,insg.,2,1,1,0,0,0,0,0,0,0,0,0,0,0,0,0,0,0,2,1,1,0,0,0,2,1,1,2022
219000,Raub berf lle in Wohnungen,9564000,N rnberg,vers.,1,0,1,0,0,0,0,0,0,0,0,0,0,0,0,0,0,0,1,0,1,0,0,0,1,0,1,2022
219000,Raub berf lle in Wohnungen,9564000,N rnberg,voll.,17,13,4,0,0,0,0,0,0,0,0,0,0,0,0,4,4,0,11,7,4,2,2,0,13,9,4,2022
219000,Raub berf lle in Wohnungen,9564000,N rnberg,insg.,18,13,5,0,0,0,0,0,0,0,0,0,0,0,0,4,4,0,12,7,5,2,2,0,14,9,5,2022
219000,Raub berf lle in Wohnungen,5119000,Oberhausen,vers.,1,0,1,0,0,0,0,0,0,0,0,0,0,0,0,0,0,0,0,0,0,1,0,1,1,0,1,2022
219000,Raub berf lle in Wohnungen,5119000,Oberhausen,voll.,2,0,2,0,0,0,0,0,0,0,0,0,0,0,0,0,0,0,1,0,1,1,0,1,2,0,2,2022
219000,Raub berf lle in Wohnungen,5119000,Oberhausen,insg.,3,0,3,0,0,0,0,0,0,0,0,0,0,0,0,0,0,0,1,0,1,2,0,2,3,0,3,2022
219000,Raub berf lle in Wohnungen,6413000,Offenbach am Main,vers.,1,1,0,0,0,0,0,0,0,0,0,0,0,0,0,0,0,0,1,1,0,0,0,0,1,1,0,2022
219000,Raub berf lle in Wohnungen,6413000,Offenbach am Main,voll.,5,3,2,0,0,0,0,0,0,0,0,0,0,0,0,0,0,0,3,1,2,2,2,0,5,3,2,2022
219000,Raub berf lle in Wohnungen,6413000,Offenbach am Main,insg.,6,4,2,0,0,0,0,0,0,0,0,0,0,0,0,0,0,0,4,2,2,2,2,0,6,4,2,2022
219000,Raub berf lle in Wohnungen,3403000,Oldenburg (Oldenburg),vers.,0,0,0,0,0,0,0,0,0,0,0,0,0,0,0,0,0,0,0,0,0,0,0,0,0,0,0,2022
219000,Raub berf lle in Wohnungen,3403000,Oldenburg (Oldenburg),voll.,7,4,3,0,0,0,0,0,0,0,0,0,1,1,0,1,1,0,5,2,3,0,0,0,5,2,3,2022
219000,Raub berf lle in Wohnungen,3403000,Oldenburg (Oldenburg),insg.,7,4,3,0,0,0,0,0,0,0,0,0,1,1,0,1,1,0,5,2,3,0,0,0,5,2,3,2022
219000,Raub berf lle in Wohnungen,3404000,Osnabr ck,vers.,1,1,0,0,0,0,0,0,0,0,0,0,0,0,0,0,0,0,1,1,0,0,0,0,1,1,0,2022
219000,Raub berf lle in Wohnungen,3404000,Osnabr ck,voll.,7,5,2,0,0,0,0,0,0,0,0,0,0,0,0,0,0,0,5,5,0,2,0,2,7,5,2,2022
219000,Raub berf lle in Wohnungen,3404000,Osnabr ck,insg.,8,6,2,0,0,0,0,0,0,0,0,0,0,0,0,0,0,0,6,6,0,2,0,2,8,6,2,2022
219000,Raub berf lle in Wohnungen,5774032,Paderborn,vers.,3,2,1,0,0,0,0,0,0,0,0,0,0,0,0,0,0,0,3,2,1,0,0,0,3,2,1,2022
219000,Raub berf lle in Wohnungen,5774032,Paderborn,voll.,9,6,3,0,0,0,0,0,0,0,0,0,0,0,0,3,2,1,5,3,2,1,1,0,6,4,2,2022
219000,Raub berf lle in Wohnungen,5774032,Paderborn,insg.,12,8,4,0,0,0,0,0,0,0,0,0,0,0,0,3,2,1,8,5,3,1,1,0,9,6,3,2022
219000,Raub berf lle in Wohnungen,8231000,Pforzheim,vers.,1,1,0,0,0,0,0,0,0,0,0,0,0,0,0,0,0,0,1,1,0,0,0,0,1,1,0,2022
219000,Raub berf lle in Wohnungen,8231000,Pforzheim,voll.,1,1,0,0,0,0,0,0,0,0,0,0,0,0,0,0,0,0,0,0,0,1,1,0,1,1,0,2022
219000,Raub berf lle in Wohnungen,8231000,Pforzheim,insg.,2,2,0,0,0,0,0,0,0,0,0,0,0,0,0,0,0,0,1,1,0,1,1,0,2,2,0,2022
219000,Raub berf lle in Wohnungen,12054000,Potsdam,vers.,2,0,2,0,0,0,0,0,0,0,0,0,0,0,0,0,0,0,1,0,1,1,0,1,2,0,2,2022
219000,Raub berf lle in Wohnungen,12054000,Potsdam,voll.,5,4,1,0,0,0,0,0,0,0,0,0,0,0,0,1,1,0,3,3,0,1,0,1,4,3,1,2022
219000,Raub berf lle in Wohnungen,12054000,Potsdam,insg.,7,4,3,0,0,0,0,0,0,0,0,0,0,0,0,1,1,0,4,3,1,2,0,2,6,3,3,2022
219000,Raub berf lle in Wohnungen,5562032,Recklinghausen,vers.,3,2,1,0,0,0,0,0,0,0,0,0,0,0,0,0,0,0,3,2,1,0,0,0,3,2,1,2022
219000,Raub berf lle in Wohnungen,5562032,Recklinghausen,voll.,5,0,5,0,0,0,0,0,0,0,0,0,0,0,0,0,0,0,4,0,4,1,0,1,5,0,5,2022
219000,Raub berf lle in Wohnungen,5562032,Recklinghausen,insg.,8,2,6,0,0,0,0,0,0,0,0,0,0,0,0,0,0,0,7,2,5,1,0,1,8,2,6,2022
219000,Raub berf lle in Wohnungen,9362000,Regensburg,vers.,1,1,0,0,0,0,0,0,0,0,0,0,0,0,0,0,0,0,1,1,0,0,0,0,1,1,0,2022
219000,Raub berf lle in Wohnungen,9362000,Regensburg,voll.,1,1,0,0,0,0,0,0,0,0,0,0,0,0,0,0,0,0,0,0,0,1,1,0,1,1,0,2022
219000,Raub berf lle in Wohnungen,9362000,Regensburg,insg.,2,2,0,0,0,0,0,0,0,0,0,0,0,0,0,0,0,0,1,1,0,1,1,0,2,2,0,2022
219000,Raub berf lle in Wohnungen,5120000,Remscheid,vers.,0,0,0,0,0,0,0,0,0,0,0,0,0,0,0,0,0,0,0,0,0,0,0,0,0,0,0,2022
219000,Raub berf lle in Wohnungen,5120000,Remscheid,voll.,3,2,1,0,0,0,0,0,0,0,0,0,0,0,0,0,0,0,1,0,1,2,2,0,3,2,1,2022
219000,Raub berf lle in Wohnungen,5120000,Remscheid,insg.,3,2,1,0,0,0,0,0,0,0,0,0,0,0,0,0,0,0,1,0,1,2,2,0,3,2,1,2022
219000,Raub berf lle in Wohnungen,8415061,Reutlingen,vers.,0,0,0,0,0,0,0,0,0,0,0,0,0,0,0,0,0,0,0,0,0,0,0,0,0,0,0,2022
219000,Raub berf lle in Wohnungen,8415061,Reutlingen,voll.,0,0,0,0,0,0,0,0,0,0,0,0,0,0,0,0,0,0,0,0,0,0,0,0,0,0,0,2022
219000,Raub berf lle in Wohnungen,8415061,Reutlingen,insg.,0,0,0,0,0,0,0,0,0,0,0,0,0,0,0,0,0,0,0,0,0,0,0,0,0,0,0,2022
219000,Raub berf lle in Wohnungen,13003000,"Rostock, Hanse- und Universit tsstadt",vers.,0,0,0,0,0,0,0,0,0,0,0,0,0,0,0,0,0,0,0,0,0,0,0,0,0,0,0,2022
219000,Raub berf lle in Wohnungen,13003000,"Rostock, Hanse- und Universit tsstadt",voll.,7,7,0,0,0,0,0,0,0,0,0,0,0,0,0,1,1,0,5,5,0,1,1,0,6,6,0,2022
219000,Raub berf lle in Wohnungen,13003000,"Rostock, Hanse- und Universit tsstadt",insg.,7,7,0,0,0,0,0,0,0,0,0,0,0,0,0,1,1,0,5,5,0,1,1,0,6,6,0,2022
219000,Raub berf lle in Wohnungen,10041100,Saarbr cken,vers.,1,1,0,0,0,0,0,0,0,0,0,0,0,0,0,1,1,0,0,0,0,0,0,0,0,0,0,2022
219000,Raub berf lle in Wohnungen,10041100,Saarbr cken,voll.,18,13,5,0,0,0,0,0,0,0,0,0,0,0,0,2,1,1,13,10,3,3,2,1,16,12,4,2022
219000,Raub berf lle in Wohnungen,10041100,Saarbr cken,insg.,19,14,5,0,0,0,0,0,0,0,0,0,0,0,0,3,2,1,13,10,3,3,2,1,16,12,4,2022
219000,Raub berf lle in Wohnungen,3102000,Salzgitter,vers.,0,0,0,0,0,0,0,0,0,0,0,0,0,0,0,0,0,0,0,0,0,0,0,0,0,0,0,2022
219000,Raub berf lle in Wohnungen,3102000,Salzgitter,voll.,2,1,1,0,0,0,0,0,0,0,0,0,0,0,0,0,0,0,2,1,1,0,0,0,2,1,1,2022
219000,Raub berf lle in Wohnungen,3102000,Salzgitter,insg.,2,1,1,0,0,0,0,0,0,0,0,0,0,0,0,0,0,0,2,1,1,0,0,0,2,1,1,2022
219000,Raub berf lle in Wohnungen,13004000,Schwerin,vers.,1,1,0,0,0,0,0,0,0,0,0,0,0,0,0,0,0,0,1,1,0,0,0,0,1,1,0,2022
219000,Raub berf lle in Wohnungen,13004000,Schwerin,voll.,12,6,6,0,0,0,0,0,0,0,0,0,0,0,0,0,0,0,10,5,5,2,1,1,12,6,6,2022
219000,Raub berf lle in Wohnungen,13004000,Schwerin,insg.,13,7,6,0,0,0,0,0,0,0,0,0,0,0,0,0,0,0,11,6,5,2,1,1,13,7,6,2022
219000,Raub berf lle in Wohnungen,5970040,Siegen,vers.,4,3,1,0,0,0,0,0,0,0,0,0,1,1,0,1,1,0,0,0,0,2,1,1,2,1,1,2022
219000,Raub berf lle in Wohnungen,5970040,Siegen,voll.,3,1,2,0,0,0,0,0,0,0,0,0,0,0,0,0,0,0,2,1,1,1,0,1,3,1,2,2022
219000,Raub berf lle in Wohnungen,5970040,Siegen,insg.,7,4,3,0,0,0,0,0,0,0,0,0,1,1,0,1,1,0,2,1,1,3,1,2,5,2,3,2022
219000,Raub berf lle in Wohnungen,5122000,Solingen,vers.,3,2,1,0,0,0,0,0,0,0,0,0,0,0,0,0,0,0,3,2,1,0,0,0,3,2,1,2022
219000,Raub berf lle in Wohnungen,5122000,Solingen,voll.,6,5,1,0,0,0,1,1,0,1,1,0,0,0,0,1,0,1,4,4,0,0,0,0,4,4,0,2022
219000,Raub berf lle in Wohnungen,5122000,Solingen,insg.,9,7,2,0,0,0,1,1,0,1,1,0,0,0,0,1,0,1,7,6,1,0,0,0,7,6,1,2022
219000,Raub berf lle in Wohnungen,8111000,Stuttgart,vers.,6,1,5,0,0,0,0,0,0,0,0,0,0,0,0,0,0,0,4,1,3,2,0,2,6,1,5,2022
219000,Raub berf lle in Wohnungen,8111000,Stuttgart,voll.,27,13,14,0,0,0,0,0,0,0,0,0,0,0,0,2,1,1,21,11,10,4,1,3,25,12,13,2022
219000,Raub berf lle in Wohnungen,8111000,Stuttgart,insg.,33,14,19,0,0,0,0,0,0,0,0,0,0,0,0,2,1,1,25,12,13,6,1,5,31,13,18,2022
219000,Raub berf lle in Wohnungen,7211000,Trier,vers.,0,0,0,0,0,0,0,0,0,0,0,0,0,0,0,0,0,0,0,0,0,0,0,0,0,0,0,2022
219000,Raub berf lle in Wohnungen,7211000,Trier,voll.,2,0,2,0,0,0,0,0,0,0,0,0,0,0,0,0,0,0,2,0,2,0,0,0,2,0,2,2022
219000,Raub berf lle in Wohnungen,7211000,Trier,insg.,2,0,2,0,0,0,0,0,0,0,0,0,0,0,0,0,0,0,2,0,2,0,0,0,2,0,2,2022
219000,Raub berf lle in Wohnungen,8421000,Ulm,vers.,3,2,1,0,0,0,0,0,0,0,0,0,0,0,0,0,0,0,3,2,1,0,0,0,3,2,1,2022
219000,Raub berf lle in Wohnungen,8421000,Ulm,voll.,7,7,0,0,0,0,0,0,0,0,0,0,0,0,0,1,1,0,6,6,0,0,0,0,6,6,0,2022
219000,Raub berf lle in Wohnungen,8421000,Ulm,insg.,10,9,1,0,0,0,0,0,0,0,0,0,0,0,0,1,1,0,9,8,1,0,0,0,9,8,1,2022
219000,Raub berf lle in Wohnungen,6414000,Wiesbaden,vers.,4,3,1,0,0,0,0,0,0,0,0,0,0,0,0,0,0,0,2,2,0,2,1,1,4,3,1,2022
219000,Raub berf lle in Wohnungen,6414000,Wiesbaden,voll.,7,4,3,0,0,0,0,0,0,0,0,0,0,0,0,0,0,0,6,4,2,1,0,1,7,4,3,2022
219000,Raub berf lle in Wohnungen,6414000,Wiesbaden,insg.,11,7,4,0,0,0,0,0,0,0,0,0,0,0,0,0,0,0,8,6,2,3,1,2,11,7,4,2022
219000,Raub berf lle in Wohnungen,3103000,Wolfsburg,vers.,0,0,0,0,0,0,0,0,0,0,0,0,0,0,0,0,0,0,0,0,0,0,0,0,0,0,0,2022
219000,Raub berf lle in Wohnungen,3103000,Wolfsburg,voll.,2,2,0,0,0,0,0,0,0,0,0,0,0,0,0,0,0,0,2,2,0,0,0,0,2,2,0,2022
219000,Raub berf lle in Wohnungen,3103000,Wolfsburg,insg.,2,2,0,0,0,0,0,0,0,0,0,0,0,0,0,0,0,0,2,2,0,0,0,0,2,2,0,2022
219000,Raub berf lle in Wohnungen,5124000,Wuppertal,vers.,12,8,4,0,0,0,3,1,2,3,1,2,0,0,0,0,0,0,8,6,2,1,1,0,9,7,2,2022
219000,Raub berf lle in Wohnungen,5124000,Wuppertal,voll.,30,17,13,0,0,0,0,0,0,0,0,0,3,3,0,4,1,3,17,10,7,6,3,3,23,13,10,2022
219000,Raub berf lle in Wohnungen,5124000,Wuppertal,insg.,42,25,17,0,0,0,3,1,2,3,1,2,3,3,0,4,1,3,25,16,9,7,4,3,32,20,12,2022
219000,Raub berf lle in Wohnungen,9663000,W rzburg,vers.,0,0,0,0,0,0,0,0,0,0,0,0,0,0,0,0,0,0,0,0,0,0,0,0,0,0,0,2022
219000,Raub berf lle in Wohnungen,9663000,W rzburg,voll.,2,2,0,0,0,0,0,0,0,0,0,0,0,0,0,1,1,0,1,1,0,0,0,0,1,1,0,2022
219000,Raub berf lle in Wohnungen,9663000,W rzburg,insg.,2,2,0,0,0,0,0,0,0,0,0,0,0,0,0,1,1,0,1,1,0,0,0,0,1,1,0,2022
222000,"Gef hrliche und schwere K rperverletzung, Verst mmelung weiblicher Genitalien    224, 226, 226a, 231 StGB ",5334002,Aachen,vers.,143,100,43,3,3,0,5,4,1,8,7,1,6,6,0,7,7,0,109,72,37,13,8,5,122,80,42,2022
222000,"Gef hrliche und schwere K rperverletzung, Verst mmelung weiblicher Genitalien    224, 226, 226a, 231 StGB ",5334002,Aachen,voll.,760,530,230,8,5,3,31,20,11,39,25,14,63,40,23,103,67,36,520,375,145,35,23,12,555,398,157,2022
222000,"Gef hrliche und schwere K rperverletzung, Verst mmelung weiblicher Genitalien    224, 226, 226a, 231 StGB ",5334002,Aachen,insg.,903,630,273,11,8,3,36,24,12,47,32,15,69,46,23,110,74,36,629,447,182,48,31,17,677,478,199,2022
222000,"Gef hrliche und schwere K rperverletzung, Verst mmelung weiblicher Genitalien    224, 226, 226a, 231 StGB ",9761000,Augsburg,vers.,189,139,50,6,6,0,4,2,2,10,8,2,6,3,3,25,15,10,141,107,34,7,6,1,148,113,35,2022
222000,"Gef hrliche und schwere K rperverletzung, Verst mmelung weiblicher Genitalien    224, 226, 226a, 231 StGB ",9761000,Augsburg,voll.,647,455,192,5,5,0,46,33,13,51,38,13,71,50,21,67,41,26,426,308,118,32,18,14,458,326,132,2022
222000,"Gef hrliche und schwere K rperverletzung, Verst mmelung weiblicher Genitalien    224, 226, 226a, 231 StGB ",9761000,Augsburg,insg.,836,594,242,11,11,0,50,35,15,61,46,15,77,53,24,92,56,36,567,415,152,39,24,15,606,439,167,2022
222000,"Gef hrliche und schwere K rperverletzung, Verst mmelung weiblicher Genitalien    224, 226, 226a, 231 StGB ",5378004,Bergisch Gladbach,vers.,62,47,15,0,0,0,4,2,2,4,2,2,11,9,2,3,2,1,32,26,6,12,8,4,44,34,10,2022
222000,"Gef hrliche und schwere K rperverletzung, Verst mmelung weiblicher Genitalien    224, 226, 226a, 231 StGB ",5378004,Bergisch Gladbach,voll.,177,120,57,0,0,0,19,13,6,19,13,6,24,16,8,18,12,6,100,70,30,16,9,7,116,79,37,2022
222000,"Gef hrliche und schwere K rperverletzung, Verst mmelung weiblicher Genitalien    224, 226, 226a, 231 StGB ",5378004,Bergisch Gladbach,insg.,239,167,72,0,0,0,23,15,8,23,15,8,35,25,10,21,14,7,132,96,36,28,17,11,160,113,47,2022
222000,"Gef hrliche und schwere K rperverletzung, Verst mmelung weiblicher Genitalien    224, 226, 226a, 231 StGB ",11000000,Berlin,vers.,2976,2158,818,42,20,22,129,76,53,171,96,75,147,98,49,148,109,39,2343,1757,586,167,98,69,2510,1855,655,2022
222000,"Gef hrliche und schwere K rperverletzung, Verst mmelung weiblicher Genitalien    224, 226, 226a, 231 StGB ",11000000,Berlin,voll.,11344,8453,2891,54,32,22,865,556,309,919,588,331,1239,857,382,979,717,262,7800,6034,1766,407,257,150,8207,6291,1916,2022
222000,"Gef hrliche und schwere K rperverletzung, Verst mmelung weiblicher Genitalien    224, 226, 226a, 231 StGB ",11000000,Berlin,insg.,14320,10611,3709,96,52,44,994,632,362,1090,684,406,1386,955,431,1127,826,301,10143,7791,2352,574,355,219,10717,8146,2571,2022
222000,"Gef hrliche und schwere K rperverletzung, Verst mmelung weiblicher Genitalien    224, 226, 226a, 231 StGB ",5711000,Bielefeld,vers.,123,85,38,1,1,0,1,1,0,2,2,0,7,1,6,11,8,3,96,67,29,7,7,0,103,74,29,2022
222000,"Gef hrliche und schwere K rperverletzung, Verst mmelung weiblicher Genitalien    224, 226, 226a, 231 StGB ",5711000,Bielefeld,voll.,759,535,224,2,1,1,79,44,35,81,45,36,68,41,27,75,51,24,505,382,123,30,16,14,535,398,137,2022
222000,"Gef hrliche und schwere K rperverletzung, Verst mmelung weiblicher Genitalien    224, 226, 226a, 231 StGB ",5711000,Bielefeld,insg.,882,620,262,3,2,1,80,45,35,83,47,36,75,42,33,86,59,27,601,449,152,37,23,14,638,472,166,2022
222000,"Gef hrliche und schwere K rperverletzung, Verst mmelung weiblicher Genitalien    224, 226, 226a, 231 StGB ",5911000,Bochum,vers.,184,130,54,1,1,0,13,11,2,14,12,2,17,14,3,14,8,6,127,85,42,12,11,1,139,96,43,2022
222000,"Gef hrliche und schwere K rperverletzung, Verst mmelung weiblicher Genitalien    224, 226, 226a, 231 StGB ",5911000,Bochum,voll.,910,638,272,2,2,0,94,44,50,96,46,50,112,70,42,103,78,25,566,425,141,33,19,14,599,444,155,2022
222000,"Gef hrliche und schwere K rperverletzung, Verst mmelung weiblicher Genitalien    224, 226, 226a, 231 StGB ",5911000,Bochum,insg.,1094,768,326,3,3,0,107,55,52,110,58,52,129,84,45,117,86,31,693,510,183,45,30,15,738,540,198,2022
222000,"Gef hrliche und schwere K rperverletzung, Verst mmelung weiblicher Genitalien    224, 226, 226a, 231 StGB ",5314000,Bonn,vers.,198,141,57,0,0,0,15,10,5,15,10,5,15,10,5,18,14,4,142,101,41,8,6,2,150,107,43,2022
222000,"Gef hrliche und schwere K rperverletzung, Verst mmelung weiblicher Genitalien    224, 226, 226a, 231 StGB ",5314000,Bonn,voll.,919,676,243,4,3,1,48,35,13,52,38,14,89,73,16,91,66,25,639,469,170,48,30,18,687,499,188,2022
222000,"Gef hrliche und schwere K rperverletzung, Verst mmelung weiblicher Genitalien    224, 226, 226a, 231 StGB ",5314000,Bonn,insg.,1117,817,300,4,3,1,63,45,18,67,48,19,104,83,21,109,80,29,781,570,211,56,36,20,837,606,231,2022
222000,"Gef hrliche und schwere K rperverletzung, Verst mmelung weiblicher Genitalien    224, 226, 226a, 231 StGB ",5512000,Bottrop,vers.,45,35,10,0,0,0,0,0,0,0,0,0,8,7,1,4,4,0,26,18,8,7,6,1,33,24,9,2022
222000,"Gef hrliche und schwere K rperverletzung, Verst mmelung weiblicher Genitalien    224, 226, 226a, 231 StGB ",5512000,Bottrop,voll.,250,171,79,0,0,0,39,21,18,39,21,18,44,32,12,18,13,5,138,97,41,11,8,3,149,105,44,2022
222000,"Gef hrliche und schwere K rperverletzung, Verst mmelung weiblicher Genitalien    224, 226, 226a, 231 StGB ",5512000,Bottrop,insg.,295,206,89,0,0,0,39,21,18,39,21,18,52,39,13,22,17,5,164,115,49,18,14,4,182,129,53,2022
222000,"Gef hrliche und schwere K rperverletzung, Verst mmelung weiblicher Genitalien    224, 226, 226a, 231 StGB ",3101000,Braunschweig,vers.,76,51,25,1,1,0,0,0,0,1,1,0,6,3,3,5,4,1,61,41,20,3,2,1,64,43,21,2022
222000,"Gef hrliche und schwere K rperverletzung, Verst mmelung weiblicher Genitalien    224, 226, 226a, 231 StGB ",3101000,Braunschweig,voll.,616,449,167,1,1,0,25,15,10,26,16,10,81,53,28,72,54,18,419,313,106,18,13,5,437,326,111,2022
222000,"Gef hrliche und schwere K rperverletzung, Verst mmelung weiblicher Genitalien    224, 226, 226a, 231 StGB ",3101000,Braunschweig,insg.,692,500,192,2,2,0,25,15,10,27,17,10,87,56,31,77,58,19,480,354,126,21,15,6,501,369,132,2022
222000,"Gef hrliche und schwere K rperverletzung, Verst mmelung weiblicher Genitalien    224, 226, 226a, 231 StGB ",4011000,Bremen,vers.,206,151,55,0,0,0,6,6,0,6,6,0,7,5,2,10,8,2,167,122,45,16,10,6,183,132,51,2022
222000,"Gef hrliche und schwere K rperverletzung, Verst mmelung weiblicher Genitalien    224, 226, 226a, 231 StGB ",4011000,Bremen,voll.,1538,1121,417,7,3,4,61,34,27,68,37,31,200,153,47,204,146,58,1016,753,263,50,32,18,1066,785,281,2022
222000,"Gef hrliche und schwere K rperverletzung, Verst mmelung weiblicher Genitalien    224, 226, 226a, 231 StGB ",4011000,Bremen,insg.,1744,1272,472,7,3,4,67,40,27,74,43,31,207,158,49,214,154,60,1183,875,308,66,42,24,1249,917,332,2022
222000,"Gef hrliche und schwere K rperverletzung, Verst mmelung weiblicher Genitalien    224, 226, 226a, 231 StGB ",4012000,Bremerhaven,vers.,50,33,17,1,0,1,2,1,1,3,1,2,7,2,5,4,4,0,34,24,10,2,2,0,36,26,10,2022
222000,"Gef hrliche und schwere K rperverletzung, Verst mmelung weiblicher Genitalien    224, 226, 226a, 231 StGB ",4012000,Bremerhaven,voll.,466,335,131,1,0,1,25,13,12,26,13,13,42,26,16,46,33,13,334,246,88,18,17,1,352,263,89,2022
222000,"Gef hrliche und schwere K rperverletzung, Verst mmelung weiblicher Genitalien    224, 226, 226a, 231 StGB ",4012000,Bremerhaven,insg.,516,368,148,2,0,2,27,14,13,29,14,15,49,28,21,50,37,13,368,270,98,20,19,1,388,289,99,2022
222000,"Gef hrliche und schwere K rperverletzung, Verst mmelung weiblicher Genitalien    224, 226, 226a, 231 StGB ",14511000,Chemnitz,vers.,71,52,19,1,1,0,3,1,2,4,2,2,8,6,2,3,2,1,51,39,12,5,3,2,56,42,14,2022
222000,"Gef hrliche und schwere K rperverletzung, Verst mmelung weiblicher Genitalien    224, 226, 226a, 231 StGB ",14511000,Chemnitz,voll.,515,362,153,1,1,0,21,12,9,22,13,9,54,33,21,64,44,20,356,259,97,19,13,6,375,272,103,2022
222000,"Gef hrliche und schwere K rperverletzung, Verst mmelung weiblicher Genitalien    224, 226, 226a, 231 StGB ",14511000,Chemnitz,insg.,586,414,172,2,2,0,24,13,11,26,15,11,62,39,23,67,46,21,407,298,109,24,16,8,431,314,117,2022
222000,"Gef hrliche und schwere K rperverletzung, Verst mmelung weiblicher Genitalien    224, 226, 226a, 231 StGB ",12052000,Cottbus,vers.,71,47,24,0,0,0,3,1,2,3,1,2,0,0,0,7,5,2,57,38,19,4,3,1,61,41,20,2022
222000,"Gef hrliche und schwere K rperverletzung, Verst mmelung weiblicher Genitalien    224, 226, 226a, 231 StGB ",12052000,Cottbus,voll.,224,162,62,0,0,0,15,13,2,15,13,2,28,17,11,27,18,9,149,111,38,5,3,2,154,114,40,2022
222000,"Gef hrliche und schwere K rperverletzung, Verst mmelung weiblicher Genitalien    224, 226, 226a, 231 StGB ",12052000,Cottbus,insg.,295,209,86,0,0,0,18,14,4,18,14,4,28,17,11,34,23,11,206,149,57,9,6,3,215,155,60,2022
222000,"Gef hrliche und schwere K rperverletzung, Verst mmelung weiblicher Genitalien    224, 226, 226a, 231 StGB ",6411000,Darmstadt,vers.,35,25,10,0,0,0,0,0,0,0,0,0,1,1,0,0,0,0,33,23,10,1,1,0,34,24,10,2022
222000,"Gef hrliche und schwere K rperverletzung, Verst mmelung weiblicher Genitalien    224, 226, 226a, 231 StGB ",6411000,Darmstadt,voll.,441,321,120,0,0,0,13,10,3,13,10,3,50,29,21,70,51,19,289,219,70,19,12,7,308,231,77,2022
222000,"Gef hrliche und schwere K rperverletzung, Verst mmelung weiblicher Genitalien    224, 226, 226a, 231 StGB ",6411000,Darmstadt,insg.,476,346,130,0,0,0,13,10,3,13,10,3,51,30,21,70,51,19,322,242,80,20,13,7,342,255,87,2022
222000,"Gef hrliche und schwere K rperverletzung, Verst mmelung weiblicher Genitalien    224, 226, 226a, 231 StGB ",5913000,Dortmund,vers.,531,393,138,1,0,1,22,15,7,23,15,8,34,26,8,42,27,15,405,308,97,27,17,10,432,325,107,2022
222000,"Gef hrliche und schwere K rperverletzung, Verst mmelung weiblicher Genitalien    224, 226, 226a, 231 StGB ",5913000,Dortmund,voll.,2166,1580,586,17,9,8,105,68,37,122,77,45,216,151,65,228,168,60,1523,1122,401,77,62,15,1600,1184,416,2022
222000,"Gef hrliche und schwere K rperverletzung, Verst mmelung weiblicher Genitalien    224, 226, 226a, 231 StGB ",5913000,Dortmund,insg.,2697,1973,724,18,9,9,127,83,44,145,92,53,250,177,73,270,195,75,1928,1430,498,104,79,25,2032,1509,523,2022
222000,"Gef hrliche und schwere K rperverletzung, Verst mmelung weiblicher Genitalien    224, 226, 226a, 231 StGB ",14612000,Dresden,vers.,266,233,33,1,1,0,5,5,0,6,6,0,3,3,0,14,10,4,185,159,26,58,55,3,243,214,29,2022
222000,"Gef hrliche und schwere K rperverletzung, Verst mmelung weiblicher Genitalien    224, 226, 226a, 231 StGB ",14612000,Dresden,voll.,1293,1027,266,9,6,3,62,44,18,71,50,21,126,93,33,131,105,26,904,730,174,61,49,12,965,779,186,2022
222000,"Gef hrliche und schwere K rperverletzung, Verst mmelung weiblicher Genitalien    224, 226, 226a, 231 StGB ",14612000,Dresden,insg.,1559,1260,299,10,7,3,67,49,18,77,56,21,129,96,33,145,115,30,1089,889,200,119,104,15,1208,993,215,2022
222000,"Gef hrliche und schwere K rperverletzung, Verst mmelung weiblicher Genitalien    224, 226, 226a, 231 StGB ",5112000,Duisburg,vers.,300,197,103,4,2,2,12,6,6,16,8,8,25,13,12,24,17,7,206,146,60,29,13,16,235,159,76,2022
222000,"Gef hrliche und schwere K rperverletzung, Verst mmelung weiblicher Genitalien    224, 226, 226a, 231 StGB ",5112000,Duisburg,voll.,1500,1013,487,12,6,6,126,87,39,138,93,45,208,134,74,122,84,38,985,668,317,47,34,13,1032,702,330,2022
222000,"Gef hrliche und schwere K rperverletzung, Verst mmelung weiblicher Genitalien    224, 226, 226a, 231 StGB ",5112000,Duisburg,insg.,1800,1210,590,16,8,8,138,93,45,154,101,53,233,147,86,146,101,45,1191,814,377,76,47,29,1267,861,406,2022
222000,"Gef hrliche und schwere K rperverletzung, Verst mmelung weiblicher Genitalien    224, 226, 226a, 231 StGB ",5111000,D sseldorf,vers.,357,254,103,2,1,1,8,8,0,10,9,1,19,12,7,28,18,10,266,192,74,34,23,11,300,215,85,2022
222000,"Gef hrliche und schwere K rperverletzung, Verst mmelung weiblicher Genitalien    224, 226, 226a, 231 StGB ",5111000,D sseldorf,voll.,2042,1467,575,10,6,4,64,36,28,74,42,32,196,145,51,240,177,63,1447,1044,403,85,59,26,1532,1103,429,2022
222000,"Gef hrliche und schwere K rperverletzung, Verst mmelung weiblicher Genitalien    224, 226, 226a, 231 StGB ",5111000,D sseldorf,insg.,2399,1721,678,12,7,5,72,44,28,84,51,33,215,157,58,268,195,73,1713,1236,477,119,82,37,1832,1318,514,2022
222000,"Gef hrliche und schwere K rperverletzung, Verst mmelung weiblicher Genitalien    224, 226, 226a, 231 StGB ",16051000,Erfurt,vers.,91,61,30,1,0,1,6,1,5,7,1,6,2,1,1,9,7,2,72,52,20,1,0,1,73,52,21,2022
222000,"Gef hrliche und schwere K rperverletzung, Verst mmelung weiblicher Genitalien    224, 226, 226a, 231 StGB ",16051000,Erfurt,voll.,378,297,81,2,1,1,31,22,9,33,23,10,39,24,15,46,40,6,243,198,45,17,12,5,260,210,50,2022
222000,"Gef hrliche und schwere K rperverletzung, Verst mmelung weiblicher Genitalien    224, 226, 226a, 231 StGB ",16051000,Erfurt,insg.,469,358,111,3,1,2,37,23,14,40,24,16,41,25,16,55,47,8,315,250,65,18,12,6,333,262,71,2022
222000,"Gef hrliche und schwere K rperverletzung, Verst mmelung weiblicher Genitalien    224, 226, 226a, 231 StGB ",9562000,Erlangen,vers.,31,19,12,1,0,1,2,2,0,3,2,1,2,2,0,1,0,1,23,15,8,2,0,2,25,15,10,2022
222000,"Gef hrliche und schwere K rperverletzung, Verst mmelung weiblicher Genitalien    224, 226, 226a, 231 StGB ",9562000,Erlangen,voll.,164,131,33,0,0,0,10,10,0,10,10,0,8,7,1,22,18,4,120,96,24,4,0,4,124,96,28,2022
222000,"Gef hrliche und schwere K rperverletzung, Verst mmelung weiblicher Genitalien    224, 226, 226a, 231 StGB ",9562000,Erlangen,insg.,195,150,45,1,0,1,12,12,0,13,12,1,10,9,1,23,18,5,143,111,32,6,0,6,149,111,38,2022
222000,"Gef hrliche und schwere K rperverletzung, Verst mmelung weiblicher Genitalien    224, 226, 226a, 231 StGB ",5113000,Essen,vers.,310,221,89,5,4,1,12,9,3,17,13,4,16,12,4,13,6,7,240,177,63,24,13,11,264,190,74,2022
222000,"Gef hrliche und schwere K rperverletzung, Verst mmelung weiblicher Genitalien    224, 226, 226a, 231 StGB ",5113000,Essen,voll.,1677,1171,506,7,5,2,117,65,52,124,70,54,245,165,80,160,100,60,1091,794,297,57,42,15,1148,836,312,2022
222000,"Gef hrliche und schwere K rperverletzung, Verst mmelung weiblicher Genitalien    224, 226, 226a, 231 StGB ",5113000,Essen,insg.,1987,1392,595,12,9,3,129,74,55,141,83,58,261,177,84,173,106,67,1331,971,360,81,55,26,1412,1026,386,2022
222000,"Gef hrliche und schwere K rperverletzung, Verst mmelung weiblicher Genitalien    224, 226, 226a, 231 StGB ",6412000,Frankfurt am Main,vers.,421,294,127,5,3,2,11,3,8,16,6,10,22,12,10,24,15,9,329,243,86,30,18,12,359,261,98,2022
222000,"Gef hrliche und schwere K rperverletzung, Verst mmelung weiblicher Genitalien    224, 226, 226a, 231 StGB ",6412000,Frankfurt am Main,voll.,3190,2445,745,8,4,4,128,72,56,136,76,60,219,152,67,310,236,74,2396,1887,509,129,94,35,2525,1981,544,2022
222000,"Gef hrliche und schwere K rperverletzung, Verst mmelung weiblicher Genitalien    224, 226, 226a, 231 StGB ",6412000,Frankfurt am Main,insg.,3611,2739,872,13,7,6,139,75,64,152,82,70,241,164,77,334,251,83,2725,2130,595,159,112,47,2884,2242,642,2022
222000,"Gef hrliche und schwere K rperverletzung, Verst mmelung weiblicher Genitalien    224, 226, 226a, 231 StGB ",8311000,Freiburg im Breisgau,vers.,127,101,26,0,0,0,0,0,0,0,0,0,11,10,1,12,11,1,100,76,24,4,4,0,104,80,24,2022
222000,"Gef hrliche und schwere K rperverletzung, Verst mmelung weiblicher Genitalien    224, 226, 226a, 231 StGB ",8311000,Freiburg im Breisgau,voll.,562,453,109,4,3,1,21,13,8,25,16,9,61,34,27,87,72,15,379,323,56,10,8,2,389,331,58,2022
222000,"Gef hrliche und schwere K rperverletzung, Verst mmelung weiblicher Genitalien    224, 226, 226a, 231 StGB ",8311000,Freiburg im Breisgau,insg.,689,554,135,4,3,1,21,13,8,25,16,9,72,44,28,99,83,16,479,399,80,14,12,2,493,411,82,2022
222000,"Gef hrliche und schwere K rperverletzung, Verst mmelung weiblicher Genitalien    224, 226, 226a, 231 StGB ",9563000,F rth,vers.,30,16,14,0,0,0,0,0,0,0,0,0,2,0,2,1,1,0,25,14,11,2,1,1,27,15,12,2022
222000,"Gef hrliche und schwere K rperverletzung, Verst mmelung weiblicher Genitalien    224, 226, 226a, 231 StGB ",9563000,F rth,voll.,140,105,35,1,0,1,14,9,5,15,9,6,23,19,4,13,12,1,83,62,21,6,3,3,89,65,24,2022
222000,"Gef hrliche und schwere K rperverletzung, Verst mmelung weiblicher Genitalien    224, 226, 226a, 231 StGB ",9563000,F rth,insg.,170,121,49,1,0,1,14,9,5,15,9,6,25,19,6,14,13,1,108,76,32,8,4,4,116,80,36,2022
222000,"Gef hrliche und schwere K rperverletzung, Verst mmelung weiblicher Genitalien    224, 226, 226a, 231 StGB ",5513000,Gelsenkirchen,vers.,187,127,60,1,0,1,7,3,4,8,3,5,12,7,5,9,4,5,141,101,40,17,12,5,158,113,45,2022
222000,"Gef hrliche und schwere K rperverletzung, Verst mmelung weiblicher Genitalien    224, 226, 226a, 231 StGB ",5513000,Gelsenkirchen,voll.,812,546,266,0,0,0,81,54,27,81,54,27,129,89,40,76,51,25,501,333,168,25,19,6,526,352,174,2022
222000,"Gef hrliche und schwere K rperverletzung, Verst mmelung weiblicher Genitalien    224, 226, 226a, 231 StGB ",5513000,Gelsenkirchen,insg.,999,673,326,1,0,1,88,57,31,89,57,32,141,96,45,85,55,30,642,434,208,42,31,11,684,465,219,2022
222000,"Gef hrliche und schwere K rperverletzung, Verst mmelung weiblicher Genitalien    224, 226, 226a, 231 StGB ",3159016,G ttingen,vers.,44,28,16,1,1,0,1,0,1,2,1,1,3,2,1,2,1,1,35,23,12,2,1,1,37,24,13,2022
222000,"Gef hrliche und schwere K rperverletzung, Verst mmelung weiblicher Genitalien    224, 226, 226a, 231 StGB ",3159016,G ttingen,voll.,395,297,98,0,0,0,13,11,2,13,11,2,20,14,6,37,26,11,314,237,77,11,9,2,325,246,79,2022
222000,"Gef hrliche und schwere K rperverletzung, Verst mmelung weiblicher Genitalien    224, 226, 226a, 231 StGB ",3159016,G ttingen,insg.,439,325,114,1,1,0,14,11,3,15,12,3,23,16,7,39,27,12,349,260,89,13,10,3,362,270,92,2022
222000,"Gef hrliche und schwere K rperverletzung, Verst mmelung weiblicher Genitalien    224, 226, 226a, 231 StGB ",5754008,G tersloh,vers.,49,31,18,0,0,0,1,1,0,1,1,0,3,0,3,3,2,1,39,25,14,3,3,0,42,28,14,2022
222000,"Gef hrliche und schwere K rperverletzung, Verst mmelung weiblicher Genitalien    224, 226, 226a, 231 StGB ",5754008,G tersloh,voll.,187,134,53,2,2,0,11,9,2,13,11,2,21,14,7,19,13,6,122,88,34,12,8,4,134,96,38,2022
222000,"Gef hrliche und schwere K rperverletzung, Verst mmelung weiblicher Genitalien    224, 226, 226a, 231 StGB ",5754008,G tersloh,insg.,236,165,71,2,2,0,12,10,2,14,12,2,24,14,10,22,15,7,161,113,48,15,11,4,176,124,52,2022
222000,"Gef hrliche und schwere K rperverletzung, Verst mmelung weiblicher Genitalien    224, 226, 226a, 231 StGB ",5914000,Hagen,vers.,83,56,27,0,0,0,15,6,9,15,6,9,7,5,2,11,7,4,47,36,11,3,2,1,50,38,12,2022
222000,"Gef hrliche und schwere K rperverletzung, Verst mmelung weiblicher Genitalien    224, 226, 226a, 231 StGB ",5914000,Hagen,voll.,506,361,145,3,3,0,37,22,15,40,25,15,61,41,20,57,45,12,320,232,88,28,18,10,348,250,98,2022
222000,"Gef hrliche und schwere K rperverletzung, Verst mmelung weiblicher Genitalien    224, 226, 226a, 231 StGB ",5914000,Hagen,insg.,589,417,172,3,3,0,52,28,24,55,31,24,68,46,22,68,52,16,367,268,99,31,20,11,398,288,110,2022
222000,"Gef hrliche und schwere K rperverletzung, Verst mmelung weiblicher Genitalien    224, 226, 226a, 231 StGB ",15002000,Halle (Saale),vers.,215,159,56,3,2,1,13,4,9,16,6,10,12,11,1,19,13,6,150,119,31,18,10,8,168,129,39,2022
222000,"Gef hrliche und schwere K rperverletzung, Verst mmelung weiblicher Genitalien    224, 226, 226a, 231 StGB ",15002000,Halle (Saale),voll.,852,670,182,3,3,0,59,42,17,62,45,17,103,78,25,97,74,23,565,455,110,25,18,7,590,473,117,2022
222000,"Gef hrliche und schwere K rperverletzung, Verst mmelung weiblicher Genitalien    224, 226, 226a, 231 StGB ",15002000,Halle (Saale),insg.,1067,829,238,6,5,1,72,46,26,78,51,27,115,89,26,116,87,29,715,574,141,43,28,15,758,602,156,2022
222000,"Gef hrliche und schwere K rperverletzung, Verst mmelung weiblicher Genitalien    224, 226, 226a, 231 StGB ",2000000,Hamburg,vers.,770,569,201,4,4,0,28,16,12,32,20,12,31,20,11,47,33,14,603,454,149,57,42,15,660,496,164,2022
222000,"Gef hrliche und schwere K rperverletzung, Verst mmelung weiblicher Genitalien    224, 226, 226a, 231 StGB ",2000000,Hamburg,voll.,5575,4181,1394,22,10,12,415,268,147,437,278,159,581,405,176,452,349,103,3876,3002,874,229,147,82,4105,3149,956,2022
222000,"Gef hrliche und schwere K rperverletzung, Verst mmelung weiblicher Genitalien    224, 226, 226a, 231 StGB ",2000000,Hamburg,insg.,6345,4750,1595,26,14,12,443,284,159,469,298,171,612,425,187,499,382,117,4479,3456,1023,286,189,97,4765,3645,1120,2022
222000,"Gef hrliche und schwere K rperverletzung, Verst mmelung weiblicher Genitalien    224, 226, 226a, 231 StGB ",5915000,Hamm,vers.,102,74,28,2,1,1,7,4,3,9,5,4,7,6,1,5,5,0,78,56,22,3,2,1,81,58,23,2022
222000,"Gef hrliche und schwere K rperverletzung, Verst mmelung weiblicher Genitalien    224, 226, 226a, 231 StGB ",5915000,Hamm,voll.,432,319,113,1,1,0,29,23,6,30,24,6,64,46,18,46,36,10,280,206,74,12,7,5,292,213,79,2022
222000,"Gef hrliche und schwere K rperverletzung, Verst mmelung weiblicher Genitalien    224, 226, 226a, 231 StGB ",5915000,Hamm,insg.,534,393,141,3,2,1,36,27,9,39,29,10,71,52,19,51,41,10,358,262,96,15,9,6,373,271,102,2022
222000,"Gef hrliche und schwere K rperverletzung, Verst mmelung weiblicher Genitalien    224, 226, 226a, 231 StGB ",6435014,Hanau,vers.,26,21,5,0,0,0,0,0,0,0,0,0,3,3,0,1,1,0,20,16,4,2,1,1,22,17,5,2022
222000,"Gef hrliche und schwere K rperverletzung, Verst mmelung weiblicher Genitalien    224, 226, 226a, 231 StGB ",6435014,Hanau,voll.,152,112,40,3,1,2,6,4,2,9,5,4,17,12,5,19,16,3,98,74,24,9,5,4,107,79,28,2022
222000,"Gef hrliche und schwere K rperverletzung, Verst mmelung weiblicher Genitalien    224, 226, 226a, 231 StGB ",6435014,Hanau,insg.,178,133,45,3,1,2,6,4,2,9,5,4,20,15,5,20,17,3,118,90,28,11,6,5,129,96,33,2022
222000,"Gef hrliche und schwere K rperverletzung, Verst mmelung weiblicher Genitalien    224, 226, 226a, 231 StGB ",3241001,Hannover,vers.,322,237,85,6,2,4,11,10,1,17,12,5,12,10,2,21,14,7,243,180,63,29,21,8,272,201,71,2022
222000,"Gef hrliche und schwere K rperverletzung, Verst mmelung weiblicher Genitalien    224, 226, 226a, 231 StGB ",3241001,Hannover,voll.,2277,1768,509,5,1,4,157,95,62,162,96,66,238,153,85,217,163,54,1615,1325,290,45,31,14,1660,1356,304,2022
222000,"Gef hrliche und schwere K rperverletzung, Verst mmelung weiblicher Genitalien    224, 226, 226a, 231 StGB ",3241001,Hannover,insg.,2599,2005,594,11,3,8,168,105,63,179,108,71,250,163,87,238,177,61,1858,1505,353,74,52,22,1932,1557,375,2022
222000,"Gef hrliche und schwere K rperverletzung, Verst mmelung weiblicher Genitalien    224, 226, 226a, 231 StGB ",8221000,Heidelberg,vers.,59,53,6,2,2,0,3,0,3,5,2,3,2,1,1,4,4,0,46,44,2,2,2,0,48,46,2,2022
222000,"Gef hrliche und schwere K rperverletzung, Verst mmelung weiblicher Genitalien    224, 226, 226a, 231 StGB ",8221000,Heidelberg,voll.,381,300,81,5,5,0,12,6,6,17,11,6,34,27,7,40,34,6,272,217,55,18,11,7,290,228,62,2022
222000,"Gef hrliche und schwere K rperverletzung, Verst mmelung weiblicher Genitalien    224, 226, 226a, 231 StGB ",8221000,Heidelberg,insg.,440,353,87,7,7,0,15,6,9,22,13,9,36,28,8,44,38,6,318,261,57,20,13,7,338,274,64,2022
222000,"Gef hrliche und schwere K rperverletzung, Verst mmelung weiblicher Genitalien    224, 226, 226a, 231 StGB ",8121000,Heilbronn,vers.,34,30,4,1,1,0,1,0,1,2,1,1,3,3,0,2,2,0,23,21,2,4,3,1,27,24,3,2022
222000,"Gef hrliche und schwere K rperverletzung, Verst mmelung weiblicher Genitalien    224, 226, 226a, 231 StGB ",8121000,Heilbronn,voll.,259,206,53,3,3,0,6,6,0,9,9,0,19,13,6,35,28,7,189,150,39,7,6,1,196,156,40,2022
222000,"Gef hrliche und schwere K rperverletzung, Verst mmelung weiblicher Genitalien    224, 226, 226a, 231 StGB ",8121000,Heilbronn,insg.,293,236,57,4,4,0,7,6,1,11,10,1,22,16,6,37,30,7,212,171,41,11,9,2,223,180,43,2022
222000,"Gef hrliche und schwere K rperverletzung, Verst mmelung weiblicher Genitalien    224, 226, 226a, 231 StGB ",5916000,Herne,vers.,75,57,18,1,1,0,3,3,0,4,4,0,2,2,0,5,5,0,61,45,16,3,1,2,64,46,18,2022
222000,"Gef hrliche und schwere K rperverletzung, Verst mmelung weiblicher Genitalien    224, 226, 226a, 231 StGB ",5916000,Herne,voll.,331,232,99,2,2,0,29,17,12,31,19,12,61,44,17,37,26,11,193,138,55,9,5,4,202,143,59,2022
222000,"Gef hrliche und schwere K rperverletzung, Verst mmelung weiblicher Genitalien    224, 226, 226a, 231 StGB ",5916000,Herne,insg.,406,289,117,3,3,0,32,20,12,35,23,12,63,46,17,42,31,11,254,183,71,12,6,6,266,189,77,2022
222000,"Gef hrliche und schwere K rperverletzung, Verst mmelung weiblicher Genitalien    224, 226, 226a, 231 StGB ",3254021,Hildesheim,vers.,56,24,32,0,0,0,4,4,0,4,4,0,1,1,0,3,0,3,40,17,23,8,2,6,48,19,29,2022
222000,"Gef hrliche und schwere K rperverletzung, Verst mmelung weiblicher Genitalien    224, 226, 226a, 231 StGB ",3254021,Hildesheim,voll.,245,173,72,0,0,0,15,8,7,15,8,7,29,23,6,27,21,6,160,109,51,14,12,2,174,121,53,2022
222000,"Gef hrliche und schwere K rperverletzung, Verst mmelung weiblicher Genitalien    224, 226, 226a, 231 StGB ",3254021,Hildesheim,insg.,301,197,104,0,0,0,19,12,7,19,12,7,30,24,6,30,21,9,200,126,74,22,14,8,222,140,82,2022
222000,"Gef hrliche und schwere K rperverletzung, Verst mmelung weiblicher Genitalien    224, 226, 226a, 231 StGB ",9161000,Ingolstadt,vers.,58,37,21,0,0,0,3,3,0,3,3,0,3,2,1,6,4,2,46,28,18,0,0,0,46,28,18,2022
222000,"Gef hrliche und schwere K rperverletzung, Verst mmelung weiblicher Genitalien    224, 226, 226a, 231 StGB ",9161000,Ingolstadt,voll.,314,230,84,3,3,0,29,14,15,32,17,15,43,31,12,22,18,4,208,159,49,9,5,4,217,164,53,2022
222000,"Gef hrliche und schwere K rperverletzung, Verst mmelung weiblicher Genitalien    224, 226, 226a, 231 StGB ",9161000,Ingolstadt,insg.,372,267,105,3,3,0,32,17,15,35,20,15,46,33,13,28,22,6,254,187,67,9,5,4,263,192,71,2022
222000,"Gef hrliche und schwere K rperverletzung, Verst mmelung weiblicher Genitalien    224, 226, 226a, 231 StGB ",16053000,Jena,vers.,21,13,8,0,0,0,0,0,0,0,0,0,1,1,0,1,0,1,18,11,7,1,1,0,19,12,7,2022
222000,"Gef hrliche und schwere K rperverletzung, Verst mmelung weiblicher Genitalien    224, 226, 226a, 231 StGB ",16053000,Jena,voll.,138,108,30,2,2,0,8,8,0,10,10,0,17,15,2,15,11,4,93,69,24,3,3,0,96,72,24,2022
222000,"Gef hrliche und schwere K rperverletzung, Verst mmelung weiblicher Genitalien    224, 226, 226a, 231 StGB ",16053000,Jena,insg.,159,121,38,2,2,0,8,8,0,10,10,0,18,16,2,16,11,5,111,80,31,4,4,0,115,84,31,2022
222000,"Gef hrliche und schwere K rperverletzung, Verst mmelung weiblicher Genitalien    224, 226, 226a, 231 StGB ",7312000,Kaiserslautern,vers.,150,121,29,0,0,0,2,1,1,2,1,1,11,11,0,19,17,2,101,82,19,17,10,7,118,92,26,2022
222000,"Gef hrliche und schwere K rperverletzung, Verst mmelung weiblicher Genitalien    224, 226, 226a, 231 StGB ",7312000,Kaiserslautern,voll.,390,292,98,3,1,2,13,8,5,16,9,7,43,30,13,72,60,12,244,181,63,15,12,3,259,193,66,2022
222000,"Gef hrliche und schwere K rperverletzung, Verst mmelung weiblicher Genitalien    224, 226, 226a, 231 StGB ",7312000,Kaiserslautern,insg.,540,413,127,3,1,2,15,9,6,18,10,8,54,41,13,91,77,14,345,263,82,32,22,10,377,285,92,2022
222000,"Gef hrliche und schwere K rperverletzung, Verst mmelung weiblicher Genitalien    224, 226, 226a, 231 StGB ",8212000,Karlsruhe,vers.,108,81,27,4,3,1,5,2,3,9,5,4,7,4,3,6,5,1,80,62,18,6,5,1,86,67,19,2022
222000,"Gef hrliche und schwere K rperverletzung, Verst mmelung weiblicher Genitalien    224, 226, 226a, 231 StGB ",8212000,Karlsruhe,voll.,649,466,183,2,2,0,30,19,11,32,21,11,66,47,19,75,55,20,458,330,128,18,13,5,476,343,133,2022
222000,"Gef hrliche und schwere K rperverletzung, Verst mmelung weiblicher Genitalien    224, 226, 226a, 231 StGB ",8212000,Karlsruhe,insg.,757,547,210,6,5,1,35,21,14,41,26,15,73,51,22,81,60,21,538,392,146,24,18,6,562,410,152,2022
222000,"Gef hrliche und schwere K rperverletzung, Verst mmelung weiblicher Genitalien    224, 226, 226a, 231 StGB ",6611000,Kassel,vers.,91,70,21,2,1,1,0,0,0,2,1,1,5,4,1,10,9,1,66,50,16,8,6,2,74,56,18,2022
222000,"Gef hrliche und schwere K rperverletzung, Verst mmelung weiblicher Genitalien    224, 226, 226a, 231 StGB ",6611000,Kassel,voll.,936,675,261,5,4,1,55,23,32,60,27,33,90,63,27,105,67,38,652,498,154,29,20,9,681,518,163,2022
222000,"Gef hrliche und schwere K rperverletzung, Verst mmelung weiblicher Genitalien    224, 226, 226a, 231 StGB ",6611000,Kassel,insg.,1027,745,282,7,5,2,55,23,32,62,28,34,95,67,28,115,76,39,718,548,170,37,26,11,755,574,181,2022
222000,"Gef hrliche und schwere K rperverletzung, Verst mmelung weiblicher Genitalien    224, 226, 226a, 231 StGB ",1002000,Kiel,vers.,85,58,27,0,0,0,1,1,0,1,1,0,7,4,3,8,7,1,67,46,21,2,0,2,69,46,23,2022
222000,"Gef hrliche und schwere K rperverletzung, Verst mmelung weiblicher Genitalien    224, 226, 226a, 231 StGB ",1002000,Kiel,voll.,632,463,169,1,1,0,34,19,15,35,20,15,56,40,16,84,59,25,422,319,103,35,25,10,457,344,113,2022
222000,"Gef hrliche und schwere K rperverletzung, Verst mmelung weiblicher Genitalien    224, 226, 226a, 231 StGB ",1002000,Kiel,insg.,717,521,196,1,1,0,35,20,15,36,21,15,63,44,19,92,66,26,489,365,124,37,25,12,526,390,136,2022
222000,"Gef hrliche und schwere K rperverletzung, Verst mmelung weiblicher Genitalien    224, 226, 226a, 231 StGB ",7111000,Koblenz,vers.,53,36,17,0,0,0,1,1,0,1,1,0,3,1,2,7,3,4,37,28,9,5,3,2,42,31,11,2022
222000,"Gef hrliche und schwere K rperverletzung, Verst mmelung weiblicher Genitalien    224, 226, 226a, 231 StGB ",7111000,Koblenz,voll.,392,297,95,1,1,0,13,3,10,14,4,10,36,25,11,36,25,11,290,232,58,16,11,5,306,243,63,2022
222000,"Gef hrliche und schwere K rperverletzung, Verst mmelung weiblicher Genitalien    224, 226, 226a, 231 StGB ",7111000,Koblenz,insg.,445,333,112,1,1,0,14,4,10,15,5,10,39,26,13,43,28,15,327,260,67,21,14,7,348,274,74,2022
222000,"Gef hrliche und schwere K rperverletzung, Verst mmelung weiblicher Genitalien    224, 226, 226a, 231 StGB ",5315000,K ln,vers.,882,613,269,4,2,2,25,17,8,29,19,10,62,40,22,64,32,32,662,474,188,65,48,17,727,522,205,2022
222000,"Gef hrliche und schwere K rperverletzung, Verst mmelung weiblicher Genitalien    224, 226, 226a, 231 StGB ",5315000,K ln,voll.,4367,3236,1131,20,11,9,197,121,76,217,132,85,393,269,124,476,358,118,3102,2347,755,179,130,49,3281,2477,804,2022
222000,"Gef hrliche und schwere K rperverletzung, Verst mmelung weiblicher Genitalien    224, 226, 226a, 231 StGB ",5315000,K ln,insg.,5249,3849,1400,24,13,11,222,138,84,246,151,95,455,309,146,540,390,150,3764,2821,943,244,178,66,4008,2999,1009,2022
222000,"Gef hrliche und schwere K rperverletzung, Verst mmelung weiblicher Genitalien    224, 226, 226a, 231 StGB ",5114000,Krefeld,vers.,78,51,27,1,1,0,4,2,2,5,3,2,5,4,1,3,3,0,57,36,21,8,5,3,65,41,24,2022
222000,"Gef hrliche und schwere K rperverletzung, Verst mmelung weiblicher Genitalien    224, 226, 226a, 231 StGB ",5114000,Krefeld,voll.,587,414,173,3,2,1,52,33,19,55,35,20,87,60,27,56,36,20,367,266,101,22,17,5,389,283,106,2022
222000,"Gef hrliche und schwere K rperverletzung, Verst mmelung weiblicher Genitalien    224, 226, 226a, 231 StGB ",5114000,Krefeld,insg.,665,465,200,4,3,1,56,35,21,60,38,22,92,64,28,59,39,20,424,302,122,30,22,8,454,324,130,2022
222000,"Gef hrliche und schwere K rperverletzung, Verst mmelung weiblicher Genitalien    224, 226, 226a, 231 StGB ",14713000,Leipzig,vers.,237,168,69,1,0,1,11,9,2,12,9,3,6,4,2,17,14,3,187,130,57,15,11,4,202,141,61,2022
222000,"Gef hrliche und schwere K rperverletzung, Verst mmelung weiblicher Genitalien    224, 226, 226a, 231 StGB ",14713000,Leipzig,voll.,1654,1224,430,10,5,5,67,41,26,77,46,31,171,122,49,155,119,36,1193,899,294,58,38,20,1251,937,314,2022
222000,"Gef hrliche und schwere K rperverletzung, Verst mmelung weiblicher Genitalien    224, 226, 226a, 231 StGB ",14713000,Leipzig,insg.,1891,1392,499,11,5,6,78,50,28,89,55,34,177,126,51,172,133,39,1380,1029,351,73,49,24,1453,1078,375,2022
222000,"Gef hrliche und schwere K rperverletzung, Verst mmelung weiblicher Genitalien    224, 226, 226a, 231 StGB ",5316000,Leverkusen,vers.,81,59,22,0,0,0,4,4,0,4,4,0,4,3,1,7,6,1,59,40,19,7,6,1,66,46,20,2022
222000,"Gef hrliche und schwere K rperverletzung, Verst mmelung weiblicher Genitalien    224, 226, 226a, 231 StGB ",5316000,Leverkusen,voll.,428,287,141,5,4,1,29,17,12,34,21,13,87,52,35,40,26,14,252,176,76,15,12,3,267,188,79,2022
222000,"Gef hrliche und schwere K rperverletzung, Verst mmelung weiblicher Genitalien    224, 226, 226a, 231 StGB ",5316000,Leverkusen,insg.,509,346,163,5,4,1,33,21,12,38,25,13,91,55,36,47,32,15,311,216,95,22,18,4,333,234,99,2022
222000,"Gef hrliche und schwere K rperverletzung, Verst mmelung weiblicher Genitalien    224, 226, 226a, 231 StGB ",1003000,L beck,vers.,102,69,33,2,2,0,4,2,2,6,4,2,4,2,2,7,2,5,77,55,22,8,6,2,85,61,24,2022
222000,"Gef hrliche und schwere K rperverletzung, Verst mmelung weiblicher Genitalien    224, 226, 226a, 231 StGB ",1003000,L beck,voll.,679,516,163,1,0,1,13,10,3,14,10,4,61,44,17,62,49,13,504,392,112,38,21,17,542,413,129,2022
222000,"Gef hrliche und schwere K rperverletzung, Verst mmelung weiblicher Genitalien    224, 226, 226a, 231 StGB ",1003000,L beck,insg.,781,585,196,3,2,1,17,12,5,20,14,6,65,46,19,69,51,18,581,447,134,46,27,19,627,474,153,2022
222000,"Gef hrliche und schwere K rperverletzung, Verst mmelung weiblicher Genitalien    224, 226, 226a, 231 StGB ",7314000,Ludwigshafen am Rhein,vers.,71,41,30,1,0,1,1,1,0,2,1,1,9,5,4,3,2,1,49,29,20,8,4,4,57,33,24,2022
222000,"Gef hrliche und schwere K rperverletzung, Verst mmelung weiblicher Genitalien    224, 226, 226a, 231 StGB ",7314000,Ludwigshafen am Rhein,voll.,693,486,207,4,3,1,71,46,25,75,49,26,109,73,36,66,53,13,418,297,121,25,14,11,443,311,132,2022
222000,"Gef hrliche und schwere K rperverletzung, Verst mmelung weiblicher Genitalien    224, 226, 226a, 231 StGB ",7314000,Ludwigshafen am Rhein,insg.,764,527,237,5,3,2,72,47,25,77,50,27,118,78,40,69,55,14,467,326,141,33,18,15,500,344,156,2022
222000,"Gef hrliche und schwere K rperverletzung, Verst mmelung weiblicher Genitalien    224, 226, 226a, 231 StGB ",15003000,Magdeburg,vers.,154,109,45,0,0,0,5,1,4,5,1,4,8,5,3,8,4,4,115,87,28,18,12,6,133,99,34,2022
222000,"Gef hrliche und schwere K rperverletzung, Verst mmelung weiblicher Genitalien    224, 226, 226a, 231 StGB ",15003000,Magdeburg,voll.,698,518,180,1,1,0,38,23,15,39,24,15,65,44,21,80,63,17,483,362,121,31,25,6,514,387,127,2022
222000,"Gef hrliche und schwere K rperverletzung, Verst mmelung weiblicher Genitalien    224, 226, 226a, 231 StGB ",15003000,Magdeburg,insg.,852,627,225,1,1,0,43,24,19,44,25,19,73,49,24,88,67,21,598,449,149,49,37,12,647,486,161,2022
222000,"Gef hrliche und schwere K rperverletzung, Verst mmelung weiblicher Genitalien    224, 226, 226a, 231 StGB ",7315000,Mainz,vers.,66,35,31,1,0,1,2,1,1,3,1,2,2,1,1,6,6,0,51,25,26,4,2,2,55,27,28,2022
222000,"Gef hrliche und schwere K rperverletzung, Verst mmelung weiblicher Genitalien    224, 226, 226a, 231 StGB ",7315000,Mainz,voll.,558,399,159,5,3,2,33,19,14,38,22,16,55,38,17,48,34,14,398,293,105,19,12,7,417,305,112,2022
222000,"Gef hrliche und schwere K rperverletzung, Verst mmelung weiblicher Genitalien    224, 226, 226a, 231 StGB ",7315000,Mainz,insg.,624,434,190,6,3,3,35,20,15,41,23,18,57,39,18,54,40,14,449,318,131,23,14,9,472,332,140,2022
222000,"Gef hrliche und schwere K rperverletzung, Verst mmelung weiblicher Genitalien    224, 226, 226a, 231 StGB ",8222000,Mannheim,vers.,91,57,34,1,1,0,0,0,0,1,1,0,6,4,2,6,3,3,74,46,28,4,3,1,78,49,29,2022
222000,"Gef hrliche und schwere K rperverletzung, Verst mmelung weiblicher Genitalien    224, 226, 226a, 231 StGB ",8222000,Mannheim,voll.,770,538,232,2,1,1,33,19,14,35,20,15,54,39,15,53,39,14,593,413,180,35,27,8,628,440,188,2022
222000,"Gef hrliche und schwere K rperverletzung, Verst mmelung weiblicher Genitalien    224, 226, 226a, 231 StGB ",8222000,Mannheim,insg.,861,595,266,3,2,1,33,19,14,36,21,15,60,43,17,59,42,17,667,459,208,39,30,9,706,489,217,2022
222000,"Gef hrliche und schwere K rperverletzung, Verst mmelung weiblicher Genitalien    224, 226, 226a, 231 StGB ",5170024,Moers,vers.,47,27,20,1,1,0,4,1,3,5,2,3,3,2,1,6,0,6,30,21,9,3,2,1,33,23,10,2022
222000,"Gef hrliche und schwere K rperverletzung, Verst mmelung weiblicher Genitalien    224, 226, 226a, 231 StGB ",5170024,Moers,voll.,197,136,61,3,3,0,9,6,3,12,9,3,33,23,10,30,19,11,115,79,36,7,6,1,122,85,37,2022
222000,"Gef hrliche und schwere K rperverletzung, Verst mmelung weiblicher Genitalien    224, 226, 226a, 231 StGB ",5170024,Moers,insg.,244,163,81,4,4,0,13,7,6,17,11,6,36,25,11,36,19,17,145,100,45,10,8,2,155,108,47,2022
222000,"Gef hrliche und schwere K rperverletzung, Verst mmelung weiblicher Genitalien    224, 226, 226a, 231 StGB ",5116000,M nchengladbach,vers.,117,92,25,0,0,0,1,0,1,1,0,1,2,2,0,7,7,0,102,80,22,5,3,2,107,83,24,2022
222000,"Gef hrliche und schwere K rperverletzung, Verst mmelung weiblicher Genitalien    224, 226, 226a, 231 StGB ",5116000,M nchengladbach,voll.,812,595,217,2,0,2,47,31,16,49,31,18,63,47,16,84,63,21,580,428,152,36,26,10,616,454,162,2022
222000,"Gef hrliche und schwere K rperverletzung, Verst mmelung weiblicher Genitalien    224, 226, 226a, 231 StGB ",5116000,M nchengladbach,insg.,929,687,242,2,0,2,48,31,17,50,31,19,65,49,16,91,70,21,682,508,174,41,29,12,723,537,186,2022
222000,"Gef hrliche und schwere K rperverletzung, Verst mmelung weiblicher Genitalien    224, 226, 226a, 231 StGB ",5117000,M lheim an der Ruhr,vers.,80,52,28,1,1,0,4,2,2,5,3,2,7,5,2,2,1,1,57,36,21,9,7,2,66,43,23,2022
222000,"Gef hrliche und schwere K rperverletzung, Verst mmelung weiblicher Genitalien    224, 226, 226a, 231 StGB ",5117000,M lheim an der Ruhr,voll.,347,216,131,2,1,1,32,18,14,34,19,15,51,37,14,37,24,13,209,127,82,16,9,7,225,136,89,2022
222000,"Gef hrliche und schwere K rperverletzung, Verst mmelung weiblicher Genitalien    224, 226, 226a, 231 StGB ",5117000,M lheim an der Ruhr,insg.,427,268,159,3,2,1,36,20,16,39,22,17,58,42,16,39,25,14,266,163,103,25,16,9,291,179,112,2022
222000,"Gef hrliche und schwere K rperverletzung, Verst mmelung weiblicher Genitalien    224, 226, 226a, 231 StGB ",9162000,M nchen,vers.,652,474,178,13,12,1,18,14,4,31,26,5,16,11,5,38,29,9,531,384,147,36,24,12,567,408,159,2022
222000,"Gef hrliche und schwere K rperverletzung, Verst mmelung weiblicher Genitalien    224, 226, 226a, 231 StGB ",9162000,M nchen,voll.,3107,2345,762,21,20,1,182,123,59,203,143,60,278,214,64,319,253,66,2180,1645,535,127,90,37,2307,1735,572,2022
222000,"Gef hrliche und schwere K rperverletzung, Verst mmelung weiblicher Genitalien    224, 226, 226a, 231 StGB ",9162000,M nchen,insg.,3759,2819,940,34,32,2,200,137,63,234,169,65,294,225,69,357,282,75,2711,2029,682,163,114,49,2874,2143,731,2022
222000,"Gef hrliche und schwere K rperverletzung, Verst mmelung weiblicher Genitalien    224, 226, 226a, 231 StGB ",5515000,M nster,vers.,126,106,20,2,2,0,2,2,0,4,4,0,6,5,1,6,5,1,99,85,14,11,7,4,110,92,18,2022
222000,"Gef hrliche und schwere K rperverletzung, Verst mmelung weiblicher Genitalien    224, 226, 226a, 231 StGB ",5515000,M nster,voll.,787,585,202,3,1,2,39,20,19,42,21,21,75,61,14,93,72,21,545,406,139,32,25,7,577,431,146,2022
222000,"Gef hrliche und schwere K rperverletzung, Verst mmelung weiblicher Genitalien    224, 226, 226a, 231 StGB ",5515000,M nster,insg.,913,691,222,5,3,2,41,22,19,46,25,21,81,66,15,99,77,22,644,491,153,43,32,11,687,523,164,2022
222000,"Gef hrliche und schwere K rperverletzung, Verst mmelung weiblicher Genitalien    224, 226, 226a, 231 StGB ",5162024,Neuss,vers.,62,34,28,2,0,2,4,0,4,6,0,6,0,0,0,4,1,3,45,29,16,7,4,3,52,33,19,2022
222000,"Gef hrliche und schwere K rperverletzung, Verst mmelung weiblicher Genitalien    224, 226, 226a, 231 StGB ",5162024,Neuss,voll.,298,227,71,1,1,0,20,14,6,21,15,6,26,19,7,38,30,8,198,153,45,15,10,5,213,163,50,2022
222000,"Gef hrliche und schwere K rperverletzung, Verst mmelung weiblicher Genitalien    224, 226, 226a, 231 StGB ",5162024,Neuss,insg.,360,261,99,3,1,2,24,14,10,27,15,12,26,19,7,42,31,11,243,182,61,22,14,8,265,196,69,2022
222000,"Gef hrliche und schwere K rperverletzung, Verst mmelung weiblicher Genitalien    224, 226, 226a, 231 StGB ",9564000,N rnberg,vers.,247,178,69,8,1,7,8,4,4,16,5,11,13,9,4,16,12,4,188,142,46,14,10,4,202,152,50,2022
222000,"Gef hrliche und schwere K rperverletzung, Verst mmelung weiblicher Genitalien    224, 226, 226a, 231 StGB ",9564000,N rnberg,voll.,1225,883,342,9,5,4,87,56,31,96,61,35,107,74,33,153,115,38,819,606,213,50,27,23,869,633,236,2022
222000,"Gef hrliche und schwere K rperverletzung, Verst mmelung weiblicher Genitalien    224, 226, 226a, 231 StGB ",9564000,N rnberg,insg.,1472,1061,411,17,6,11,95,60,35,112,66,46,120,83,37,169,127,42,1007,748,259,64,37,27,1071,785,286,2022
222000,"Gef hrliche und schwere K rperverletzung, Verst mmelung weiblicher Genitalien    224, 226, 226a, 231 StGB ",5119000,Oberhausen,vers.,65,46,19,0,0,0,2,2,0,2,2,0,2,2,0,3,3,0,50,32,18,8,7,1,58,39,19,2022
222000,"Gef hrliche und schwere K rperverletzung, Verst mmelung weiblicher Genitalien    224, 226, 226a, 231 StGB ",5119000,Oberhausen,voll.,454,314,140,1,0,1,41,23,18,42,23,19,67,51,16,42,34,8,269,180,89,34,26,8,303,206,97,2022
222000,"Gef hrliche und schwere K rperverletzung, Verst mmelung weiblicher Genitalien    224, 226, 226a, 231 StGB ",5119000,Oberhausen,insg.,519,360,159,1,0,1,43,25,18,44,25,19,69,53,16,45,37,8,319,212,107,42,33,9,361,245,116,2022
222000,"Gef hrliche und schwere K rperverletzung, Verst mmelung weiblicher Genitalien    224, 226, 226a, 231 StGB ",6413000,Offenbach am Main,vers.,26,18,8,0,0,0,0,0,0,0,0,0,5,3,2,1,1,0,16,12,4,4,2,2,20,14,6,2022
222000,"Gef hrliche und schwere K rperverletzung, Verst mmelung weiblicher Genitalien    224, 226, 226a, 231 StGB ",6413000,Offenbach am Main,voll.,257,177,80,1,0,1,20,12,8,21,12,9,36,20,16,28,17,11,159,119,40,13,9,4,172,128,44,2022
222000,"Gef hrliche und schwere K rperverletzung, Verst mmelung weiblicher Genitalien    224, 226, 226a, 231 StGB ",6413000,Offenbach am Main,insg.,283,195,88,1,0,1,20,12,8,21,12,9,41,23,18,29,18,11,175,131,44,17,11,6,192,142,50,2022
222000,"Gef hrliche und schwere K rperverletzung, Verst mmelung weiblicher Genitalien    224, 226, 226a, 231 StGB ",3403000,Oldenburg (Oldenburg),vers.,40,29,11,0,0,0,2,1,1,2,1,1,6,3,3,3,2,1,24,20,4,5,3,2,29,23,6,2022
222000,"Gef hrliche und schwere K rperverletzung, Verst mmelung weiblicher Genitalien    224, 226, 226a, 231 StGB ",3403000,Oldenburg (Oldenburg),voll.,330,247,83,2,1,1,13,10,3,15,11,4,46,36,10,42,32,10,214,157,57,13,11,2,227,168,59,2022
222000,"Gef hrliche und schwere K rperverletzung, Verst mmelung weiblicher Genitalien    224, 226, 226a, 231 StGB ",3403000,Oldenburg (Oldenburg),insg.,370,276,94,2,1,1,15,11,4,17,12,5,52,39,13,45,34,11,238,177,61,18,14,4,256,191,65,2022
222000,"Gef hrliche und schwere K rperverletzung, Verst mmelung weiblicher Genitalien    224, 226, 226a, 231 StGB ",3404000,Osnabr ck,vers.,80,60,20,0,0,0,2,2,0,2,2,0,3,2,1,7,5,2,62,49,13,6,2,4,68,51,17,2022
222000,"Gef hrliche und schwere K rperverletzung, Verst mmelung weiblicher Genitalien    224, 226, 226a, 231 StGB ",3404000,Osnabr ck,voll.,750,550,200,4,3,1,17,11,6,21,14,7,64,42,22,68,46,22,568,435,133,29,13,16,597,448,149,2022
222000,"Gef hrliche und schwere K rperverletzung, Verst mmelung weiblicher Genitalien    224, 226, 226a, 231 StGB ",3404000,Osnabr ck,insg.,830,610,220,4,3,1,19,13,6,23,16,7,67,44,23,75,51,24,630,484,146,35,15,20,665,499,166,2022
222000,"Gef hrliche und schwere K rperverletzung, Verst mmelung weiblicher Genitalien    224, 226, 226a, 231 StGB ",5774032,Paderborn,vers.,85,60,25,0,0,0,2,2,0,2,2,0,2,1,1,6,4,2,70,51,19,5,2,3,75,53,22,2022
222000,"Gef hrliche und schwere K rperverletzung, Verst mmelung weiblicher Genitalien    224, 226, 226a, 231 StGB ",5774032,Paderborn,voll.,391,294,97,3,2,1,22,13,9,25,15,10,42,31,11,57,41,16,255,196,59,12,11,1,267,207,60,2022
222000,"Gef hrliche und schwere K rperverletzung, Verst mmelung weiblicher Genitalien    224, 226, 226a, 231 StGB ",5774032,Paderborn,insg.,476,354,122,3,2,1,24,15,9,27,17,10,44,32,12,63,45,18,325,247,78,17,13,4,342,260,82,2022
222000,"Gef hrliche und schwere K rperverletzung, Verst mmelung weiblicher Genitalien    224, 226, 226a, 231 StGB ",8231000,Pforzheim,vers.,58,40,18,1,0,1,15,15,0,16,15,1,1,1,0,5,5,0,32,17,15,4,2,2,36,19,17,2022
222000,"Gef hrliche und schwere K rperverletzung, Verst mmelung weiblicher Genitalien    224, 226, 226a, 231 StGB ",8231000,Pforzheim,voll.,376,273,103,4,2,2,14,7,7,18,9,9,52,39,13,52,37,15,240,177,63,14,11,3,254,188,66,2022
222000,"Gef hrliche und schwere K rperverletzung, Verst mmelung weiblicher Genitalien    224, 226, 226a, 231 StGB ",8231000,Pforzheim,insg.,434,313,121,5,2,3,29,22,7,34,24,10,53,40,13,57,42,15,272,194,78,18,13,5,290,207,83,2022
222000,"Gef hrliche und schwere K rperverletzung, Verst mmelung weiblicher Genitalien    224, 226, 226a, 231 StGB ",12054000,Potsdam,vers.,44,32,12,0,0,0,3,3,0,3,3,0,2,1,1,3,2,1,32,23,9,4,3,1,36,26,10,2022
222000,"Gef hrliche und schwere K rperverletzung, Verst mmelung weiblicher Genitalien    224, 226, 226a, 231 StGB ",12054000,Potsdam,voll.,246,185,61,1,1,0,16,12,4,17,13,4,30,24,6,26,22,4,161,119,42,12,7,5,173,126,47,2022
222000,"Gef hrliche und schwere K rperverletzung, Verst mmelung weiblicher Genitalien    224, 226, 226a, 231 StGB ",12054000,Potsdam,insg.,290,217,73,1,1,0,19,15,4,20,16,4,32,25,7,29,24,5,193,142,51,16,10,6,209,152,57,2022
222000,"Gef hrliche und schwere K rperverletzung, Verst mmelung weiblicher Genitalien    224, 226, 226a, 231 StGB ",5562032,Recklinghausen,vers.,60,40,20,0,0,0,2,2,0,2,2,0,3,2,1,4,2,2,49,33,16,2,1,1,51,34,17,2022
222000,"Gef hrliche und schwere K rperverletzung, Verst mmelung weiblicher Genitalien    224, 226, 226a, 231 StGB ",5562032,Recklinghausen,voll.,301,222,79,2,2,0,25,16,9,27,18,9,54,39,15,22,16,6,181,138,43,17,11,6,198,149,49,2022
222000,"Gef hrliche und schwere K rperverletzung, Verst mmelung weiblicher Genitalien    224, 226, 226a, 231 StGB ",5562032,Recklinghausen,insg.,361,262,99,2,2,0,27,18,9,29,20,9,57,41,16,26,18,8,230,171,59,19,12,7,249,183,66,2022
222000,"Gef hrliche und schwere K rperverletzung, Verst mmelung weiblicher Genitalien    224, 226, 226a, 231 StGB ",9362000,Regensburg,vers.,64,48,16,7,3,4,1,1,0,8,4,4,2,2,0,3,3,0,50,38,12,1,1,0,51,39,12,2022
222000,"Gef hrliche und schwere K rperverletzung, Verst mmelung weiblicher Genitalien    224, 226, 226a, 231 StGB ",9362000,Regensburg,voll.,337,260,77,0,0,0,8,6,2,8,6,2,33,27,6,44,37,7,242,182,60,10,8,2,252,190,62,2022
222000,"Gef hrliche und schwere K rperverletzung, Verst mmelung weiblicher Genitalien    224, 226, 226a, 231 StGB ",9362000,Regensburg,insg.,401,308,93,7,3,4,9,7,2,16,10,6,35,29,6,47,40,7,292,220,72,11,9,2,303,229,74,2022
222000,"Gef hrliche und schwere K rperverletzung, Verst mmelung weiblicher Genitalien    224, 226, 226a, 231 StGB ",5120000,Remscheid,vers.,62,41,21,1,0,1,1,0,1,2,0,2,3,2,1,2,1,1,54,37,17,1,1,0,55,38,17,2022
222000,"Gef hrliche und schwere K rperverletzung, Verst mmelung weiblicher Genitalien    224, 226, 226a, 231 StGB ",5120000,Remscheid,voll.,272,192,80,2,0,2,26,18,8,28,18,10,31,23,8,28,24,4,175,122,53,10,5,5,185,127,58,2022
222000,"Gef hrliche und schwere K rperverletzung, Verst mmelung weiblicher Genitalien    224, 226, 226a, 231 StGB ",5120000,Remscheid,insg.,334,233,101,3,0,3,27,18,9,30,18,12,34,25,9,30,25,5,229,159,70,11,6,5,240,165,75,2022
222000,"Gef hrliche und schwere K rperverletzung, Verst mmelung weiblicher Genitalien    224, 226, 226a, 231 StGB ",8415061,Reutlingen,vers.,56,36,20,1,1,0,1,0,1,2,1,1,3,0,3,5,3,2,41,27,14,5,5,0,46,32,14,2022
222000,"Gef hrliche und schwere K rperverletzung, Verst mmelung weiblicher Genitalien    224, 226, 226a, 231 StGB ",8415061,Reutlingen,voll.,295,220,75,3,2,1,16,11,5,19,13,6,42,31,11,31,23,8,190,144,46,13,9,4,203,153,50,2022
222000,"Gef hrliche und schwere K rperverletzung, Verst mmelung weiblicher Genitalien    224, 226, 226a, 231 StGB ",8415061,Reutlingen,insg.,351,256,95,4,3,1,17,11,6,21,14,7,45,31,14,36,26,10,231,171,60,18,14,4,249,185,64,2022
222000,"Gef hrliche und schwere K rperverletzung, Verst mmelung weiblicher Genitalien    224, 226, 226a, 231 StGB ",13003000,"Rostock, Hanse- und Universit tsstadt",vers.,87,56,31,1,0,1,8,7,1,9,7,2,13,8,5,3,1,2,54,37,17,8,3,5,62,40,22,2022
222000,"Gef hrliche und schwere K rperverletzung, Verst mmelung weiblicher Genitalien    224, 226, 226a, 231 StGB ",13003000,"Rostock, Hanse- und Universit tsstadt",voll.,552,393,159,5,3,2,41,23,18,46,26,20,59,39,20,73,58,15,347,253,94,27,17,10,374,270,104,2022
222000,"Gef hrliche und schwere K rperverletzung, Verst mmelung weiblicher Genitalien    224, 226, 226a, 231 StGB ",13003000,"Rostock, Hanse- und Universit tsstadt",insg.,639,449,190,6,3,3,49,30,19,55,33,22,72,47,25,76,59,17,401,290,111,35,20,15,436,310,126,2022
222000,"Gef hrliche und schwere K rperverletzung, Verst mmelung weiblicher Genitalien    224, 226, 226a, 231 StGB ",10041100,Saarbr cken,vers.,118,84,34,1,1,0,2,1,1,3,2,1,11,9,2,9,7,2,83,56,27,12,10,2,95,66,29,2022
222000,"Gef hrliche und schwere K rperverletzung, Verst mmelung weiblicher Genitalien    224, 226, 226a, 231 StGB ",10041100,Saarbr cken,voll.,752,544,208,1,0,1,38,21,17,39,21,18,77,54,23,83,63,20,517,383,134,36,23,13,553,406,147,2022
222000,"Gef hrliche und schwere K rperverletzung, Verst mmelung weiblicher Genitalien    224, 226, 226a, 231 StGB ",10041100,Saarbr cken,insg.,870,628,242,2,1,1,40,22,18,42,23,19,88,63,25,92,70,22,600,439,161,48,33,15,648,472,176,2022
222000,"Gef hrliche und schwere K rperverletzung, Verst mmelung weiblicher Genitalien    224, 226, 226a, 231 StGB ",3102000,Salzgitter,vers.,43,32,11,0,0,0,6,4,2,6,4,2,2,0,2,4,4,0,26,20,6,5,4,1,31,24,7,2022
222000,"Gef hrliche und schwere K rperverletzung, Verst mmelung weiblicher Genitalien    224, 226, 226a, 231 StGB ",3102000,Salzgitter,voll.,255,172,83,3,2,1,34,27,7,37,29,8,38,27,11,22,18,4,154,95,59,4,3,1,158,98,60,2022
222000,"Gef hrliche und schwere K rperverletzung, Verst mmelung weiblicher Genitalien    224, 226, 226a, 231 StGB ",3102000,Salzgitter,insg.,298,204,94,3,2,1,40,31,9,43,33,10,40,27,13,26,22,4,180,115,65,9,7,2,189,122,67,2022
222000,"Gef hrliche und schwere K rperverletzung, Verst mmelung weiblicher Genitalien    224, 226, 226a, 231 StGB ",13004000,Schwerin,vers.,55,38,17,1,1,0,4,1,3,5,2,3,4,1,3,2,2,0,42,32,10,2,1,1,44,33,11,2022
222000,"Gef hrliche und schwere K rperverletzung, Verst mmelung weiblicher Genitalien    224, 226, 226a, 231 StGB ",13004000,Schwerin,voll.,398,322,76,5,4,1,39,28,11,44,32,12,50,41,9,40,35,5,254,205,49,10,9,1,264,214,50,2022
222000,"Gef hrliche und schwere K rperverletzung, Verst mmelung weiblicher Genitalien    224, 226, 226a, 231 StGB ",13004000,Schwerin,insg.,453,360,93,6,5,1,43,29,14,49,34,15,54,42,12,42,37,5,296,237,59,12,10,2,308,247,61,2022
222000,"Gef hrliche und schwere K rperverletzung, Verst mmelung weiblicher Genitalien    224, 226, 226a, 231 StGB ",5970040,Siegen,vers.,75,50,25,2,1,1,2,2,0,4,3,1,6,4,2,4,2,2,56,39,17,5,2,3,61,41,20,2022
222000,"Gef hrliche und schwere K rperverletzung, Verst mmelung weiblicher Genitalien    224, 226, 226a, 231 StGB ",5970040,Siegen,voll.,294,206,88,2,1,1,12,6,6,14,7,7,31,17,14,26,19,7,210,152,58,13,11,2,223,163,60,2022
222000,"Gef hrliche und schwere K rperverletzung, Verst mmelung weiblicher Genitalien    224, 226, 226a, 231 StGB ",5970040,Siegen,insg.,369,256,113,4,2,2,14,8,6,18,10,8,37,21,16,30,21,9,266,191,75,18,13,5,284,204,80,2022
222000,"Gef hrliche und schwere K rperverletzung, Verst mmelung weiblicher Genitalien    224, 226, 226a, 231 StGB ",5122000,Solingen,vers.,59,36,23,0,0,0,2,1,1,2,1,1,3,1,2,7,7,0,45,26,19,2,1,1,47,27,20,2022
222000,"Gef hrliche und schwere K rperverletzung, Verst mmelung weiblicher Genitalien    224, 226, 226a, 231 StGB ",5122000,Solingen,voll.,314,216,98,2,1,1,18,12,6,20,13,7,43,35,8,31,23,8,201,135,66,19,10,9,220,145,75,2022
222000,"Gef hrliche und schwere K rperverletzung, Verst mmelung weiblicher Genitalien    224, 226, 226a, 231 StGB ",5122000,Solingen,insg.,373,252,121,2,1,1,20,13,7,22,14,8,46,36,10,38,30,8,246,161,85,21,11,10,267,172,95,2022
222000,"Gef hrliche und schwere K rperverletzung, Verst mmelung weiblicher Genitalien    224, 226, 226a, 231 StGB ",8111000,Stuttgart,vers.,402,314,88,3,2,1,3,3,0,6,5,1,17,12,5,18,10,8,331,266,65,30,21,9,361,287,74,2022
222000,"Gef hrliche und schwere K rperverletzung, Verst mmelung weiblicher Genitalien    224, 226, 226a, 231 StGB ",8111000,Stuttgart,voll.,1648,1295,353,11,7,4,50,37,13,61,44,17,156,109,47,203,163,40,1182,950,232,46,29,17,1228,979,249,2022
222000,"Gef hrliche und schwere K rperverletzung, Verst mmelung weiblicher Genitalien    224, 226, 226a, 231 StGB ",8111000,Stuttgart,insg.,2050,1609,441,14,9,5,53,40,13,67,49,18,173,121,52,221,173,48,1513,1216,297,76,50,26,1589,1266,323,2022
222000,"Gef hrliche und schwere K rperverletzung, Verst mmelung weiblicher Genitalien    224, 226, 226a, 231 StGB ",7211000,Trier,vers.,48,31,17,1,0,1,1,1,0,2,1,1,4,3,1,7,5,2,33,21,12,2,1,1,35,22,13,2022
222000,"Gef hrliche und schwere K rperverletzung, Verst mmelung weiblicher Genitalien    224, 226, 226a, 231 StGB ",7211000,Trier,voll.,249,188,61,0,0,0,15,11,4,15,11,4,22,15,7,33,18,15,173,140,33,6,4,2,179,144,35,2022
222000,"Gef hrliche und schwere K rperverletzung, Verst mmelung weiblicher Genitalien    224, 226, 226a, 231 StGB ",7211000,Trier,insg.,297,219,78,1,0,1,16,12,4,17,12,5,26,18,8,40,23,17,206,161,45,8,5,3,214,166,48,2022
222000,"Gef hrliche und schwere K rperverletzung, Verst mmelung weiblicher Genitalien    224, 226, 226a, 231 StGB ",8421000,Ulm,vers.,31,20,11,0,0,0,0,0,0,0,0,0,0,0,0,1,0,1,29,19,10,1,1,0,30,20,10,2022
222000,"Gef hrliche und schwere K rperverletzung, Verst mmelung weiblicher Genitalien    224, 226, 226a, 231 StGB ",8421000,Ulm,voll.,323,243,80,1,1,0,19,9,10,20,10,10,34,21,13,45,35,10,214,171,43,10,6,4,224,177,47,2022
222000,"Gef hrliche und schwere K rperverletzung, Verst mmelung weiblicher Genitalien    224, 226, 226a, 231 StGB ",8421000,Ulm,insg.,354,263,91,1,1,0,19,9,10,20,10,10,34,21,13,46,35,11,243,190,53,11,7,4,254,197,57,2022
222000,"Gef hrliche und schwere K rperverletzung, Verst mmelung weiblicher Genitalien    224, 226, 226a, 231 StGB ",6414000,Wiesbaden,vers.,80,47,33,0,0,0,4,3,1,4,3,1,6,2,4,6,4,2,57,35,22,7,3,4,64,38,26,2022
222000,"Gef hrliche und schwere K rperverletzung, Verst mmelung weiblicher Genitalien    224, 226, 226a, 231 StGB ",6414000,Wiesbaden,voll.,769,534,235,5,4,1,51,32,19,56,36,20,94,58,36,80,59,21,499,356,143,40,25,15,539,381,158,2022
222000,"Gef hrliche und schwere K rperverletzung, Verst mmelung weiblicher Genitalien    224, 226, 226a, 231 StGB ",6414000,Wiesbaden,insg.,849,581,268,5,4,1,55,35,20,60,39,21,100,60,40,86,63,23,556,391,165,47,28,19,603,419,184,2022
222000,"Gef hrliche und schwere K rperverletzung, Verst mmelung weiblicher Genitalien    224, 226, 226a, 231 StGB ",3103000,Wolfsburg,vers.,37,30,7,0,0,0,2,1,1,2,1,1,1,1,0,0,0,0,32,27,5,2,1,1,34,28,6,2022
222000,"Gef hrliche und schwere K rperverletzung, Verst mmelung weiblicher Genitalien    224, 226, 226a, 231 StGB ",3103000,Wolfsburg,voll.,230,173,57,1,1,0,5,2,3,6,3,3,18,17,1,16,11,5,183,136,47,7,6,1,190,142,48,2022
222000,"Gef hrliche und schwere K rperverletzung, Verst mmelung weiblicher Genitalien    224, 226, 226a, 231 StGB ",3103000,Wolfsburg,insg.,267,203,64,1,1,0,7,3,4,8,4,4,19,18,1,16,11,5,215,163,52,9,7,2,224,170,54,2022
222000,"Gef hrliche und schwere K rperverletzung, Verst mmelung weiblicher Genitalien    224, 226, 226a, 231 StGB ",5124000,Wuppertal,vers.,221,146,75,2,2,0,12,5,7,14,7,7,14,7,7,15,8,7,159,112,47,19,12,7,178,124,54,2022
222000,"Gef hrliche und schwere K rperverletzung, Verst mmelung weiblicher Genitalien    224, 226, 226a, 231 StGB ",5124000,Wuppertal,voll.,1061,722,339,9,6,3,81,51,30,90,57,33,140,96,44,108,71,37,682,466,216,41,32,9,723,498,225,2022
222000,"Gef hrliche und schwere K rperverletzung, Verst mmelung weiblicher Genitalien    224, 226, 226a, 231 StGB ",5124000,Wuppertal,insg.,1282,868,414,11,8,3,93,56,37,104,64,40,154,103,51,123,79,44,841,578,263,60,44,16,901,622,279,2022
222000,"Gef hrliche und schwere K rperverletzung, Verst mmelung weiblicher Genitalien    224, 226, 226a, 231 StGB ",9663000,W rzburg,vers.,60,38,22,2,2,0,0,0,0,2,2,0,4,3,1,4,3,1,47,28,19,3,2,1,50,30,20,2022
222000,"Gef hrliche und schwere K rperverletzung, Verst mmelung weiblicher Genitalien    224, 226, 226a, 231 StGB ",9663000,W rzburg,voll.,269,215,54,2,2,0,7,5,2,9,7,2,33,24,9,40,29,11,181,150,31,6,5,1,187,155,32,2022
222000,"Gef hrliche und schwere K rperverletzung, Verst mmelung weiblicher Genitalien    224, 226, 226a, 231 StGB ",9663000,W rzburg,insg.,329,253,76,4,4,0,7,5,2,11,9,2,37,27,10,44,32,12,228,178,50,9,7,2,237,185,52,2022
224000,Vors tzliche einfache K rperverletzung   223 StGB,5334002,Aachen,vers.,139,93,46,1,1,0,4,2,2,5,3,2,11,7,4,12,10,2,100,67,33,11,6,5,111,73,38,2022
224000,Vors tzliche einfache K rperverletzung   223 StGB,5334002,Aachen,voll.,1794,1033,761,3,2,1,80,51,29,83,53,30,102,55,47,159,89,70,1297,741,556,153,95,58,1450,836,614,2022
224000,Vors tzliche einfache K rperverletzung   223 StGB,5334002,Aachen,insg.,1933,1126,807,4,3,1,84,53,31,88,56,32,113,62,51,171,99,72,1397,808,589,164,101,63,1561,909,652,2022
224000,Vors tzliche einfache K rperverletzung   223 StGB,9761000,Augsburg,vers.,178,123,55,4,3,1,8,4,4,12,7,5,13,8,5,10,8,2,134,94,40,9,6,3,143,100,43,2022
224000,Vors tzliche einfache K rperverletzung   223 StGB,9761000,Augsburg,voll.,2246,1469,777,18,12,6,149,105,44,167,117,50,162,102,60,207,146,61,1592,1041,551,118,63,55,1710,1104,606,2022
224000,Vors tzliche einfache K rperverletzung   223 StGB,9761000,Augsburg,insg.,2424,1592,832,22,15,7,157,109,48,179,124,55,175,110,65,217,154,63,1726,1135,591,127,69,58,1853,1204,649,2022
224000,Vors tzliche einfache K rperverletzung   223 StGB,5378004,Bergisch Gladbach,vers.,79,48,31,0,0,0,1,1,0,1,1,0,3,2,1,9,8,1,55,30,25,11,7,4,66,37,29,2022
224000,Vors tzliche einfache K rperverletzung   223 StGB,5378004,Bergisch Gladbach,voll.,524,276,248,3,2,1,34,24,10,37,26,11,55,40,15,35,19,16,340,167,173,57,24,33,397,191,206,2022
224000,Vors tzliche einfache K rperverletzung   223 StGB,5378004,Bergisch Gladbach,insg.,603,324,279,3,2,1,35,25,10,38,27,11,58,42,16,44,27,17,395,197,198,68,31,37,463,228,235,2022
224000,Vors tzliche einfache K rperverletzung   223 StGB,11000000,Berlin,vers.,2579,1755,824,22,12,10,80,56,24,102,68,34,127,83,44,119,86,33,1987,1358,629,244,160,84,2231,1518,713,2022
224000,Vors tzliche einfache K rperverletzung   223 StGB,11000000,Berlin,voll.,29458,17094,12364,215,126,89,2090,1405,685,2305,1531,774,2113,1262,851,1651,867,784,21454,12337,9117,1935,1097,838,23389,13434,9955,2022
224000,Vors tzliche einfache K rperverletzung   223 StGB,11000000,Berlin,insg.,32037,18849,13188,237,138,99,2170,1461,709,2407,1599,808,2240,1345,895,1770,953,817,23441,13695,9746,2179,1257,922,25620,14952,10668,2022
224000,Vors tzliche einfache K rperverletzung   223 StGB,5711000,Bielefeld,vers.,144,82,62,3,2,1,6,5,1,9,7,2,6,2,4,8,2,6,111,65,46,10,6,4,121,71,50,2022
224000,Vors tzliche einfache K rperverletzung   223 StGB,5711000,Bielefeld,voll.,1696,853,843,18,9,9,72,43,29,90,52,38,107,49,58,153,70,83,1231,623,608,115,59,56,1346,682,664,2022
224000,Vors tzliche einfache K rperverletzung   223 StGB,5711000,Bielefeld,insg.,1840,935,905,21,11,10,78,48,30,99,59,40,113,51,62,161,72,89,1342,688,654,125,65,60,1467,753,714,2022
224000,Vors tzliche einfache K rperverletzung   223 StGB,5911000,Bochum,vers.,159,95,64,1,0,1,12,7,5,13,7,6,7,5,2,11,6,5,111,68,43,17,9,8,128,77,51,2022
224000,Vors tzliche einfache K rperverletzung   223 StGB,5911000,Bochum,voll.,2291,1281,1010,23,16,7,160,105,55,183,121,62,200,123,77,189,103,86,1575,851,724,144,83,61,1719,934,785,2022
224000,Vors tzliche einfache K rperverletzung   223 StGB,5911000,Bochum,insg.,2450,1376,1074,24,16,8,172,112,60,196,128,68,207,128,79,200,109,91,1686,919,767,161,92,69,1847,1011,836,2022
224000,Vors tzliche einfache K rperverletzung   223 StGB,5314000,Bonn,vers.,437,262,175,4,1,3,15,9,6,19,10,9,22,13,9,29,15,14,331,202,129,36,22,14,367,224,143,2022
224000,Vors tzliche einfache K rperverletzung   223 StGB,5314000,Bonn,voll.,2228,1289,939,19,6,13,128,84,44,147,90,57,194,118,76,159,96,63,1549,877,672,179,108,71,1728,985,743,2022
224000,Vors tzliche einfache K rperverletzung   223 StGB,5314000,Bonn,insg.,2665,1551,1114,23,7,16,143,93,50,166,100,66,216,131,85,188,111,77,1880,1079,801,215,130,85,2095,1209,886,2022
224000,Vors tzliche einfache K rperverletzung   223 StGB,5512000,Bottrop,vers.,33,18,15,1,1,0,5,4,1,6,5,1,2,2,0,2,0,2,21,9,12,2,2,0,23,11,12,2022
224000,Vors tzliche einfache K rperverletzung   223 StGB,5512000,Bottrop,voll.,611,318,293,6,5,1,64,42,22,70,47,23,57,32,25,31,9,22,401,198,203,52,32,20,453,230,223,2022
224000,Vors tzliche einfache K rperverletzung   223 StGB,5512000,Bottrop,insg.,644,336,308,7,6,1,69,46,23,76,52,24,59,34,25,33,9,24,422,207,215,54,34,20,476,241,235,2022
224000,Vors tzliche einfache K rperverletzung   223 StGB,3101000,Braunschweig,vers.,69,46,23,0,0,0,0,0,0,0,0,0,3,1,2,7,5,2,56,38,18,3,2,1,59,40,19,2022
224000,Vors tzliche einfache K rperverletzung   223 StGB,3101000,Braunschweig,voll.,1489,870,619,12,10,2,74,40,34,86,50,36,111,70,41,155,76,79,1040,620,420,97,54,43,1137,674,463,2022
224000,Vors tzliche einfache K rperverletzung   223 StGB,3101000,Braunschweig,insg.,1558,916,642,12,10,2,74,40,34,86,50,36,114,71,43,162,81,81,1096,658,438,100,56,44,1196,714,482,2022
224000,Vors tzliche einfache K rperverletzung   223 StGB,4011000,Bremen,vers.,230,156,74,1,0,1,7,4,3,8,4,4,11,3,8,13,8,5,180,129,51,18,12,6,198,141,57,2022
224000,Vors tzliche einfache K rperverletzung   223 StGB,4011000,Bremen,voll.,3646,2142,1504,13,6,7,144,85,59,157,91,66,247,148,99,284,153,131,2736,1629,1107,222,121,101,2958,1750,1208,2022
224000,Vors tzliche einfache K rperverletzung   223 StGB,4011000,Bremen,insg.,3876,2298,1578,14,6,8,151,89,62,165,95,70,258,151,107,297,161,136,2916,1758,1158,240,133,107,3156,1891,1265,2022
224000,Vors tzliche einfache K rperverletzung   223 StGB,4012000,Bremerhaven,vers.,19,13,6,0,0,0,0,0,0,0,0,0,1,0,1,1,1,0,17,12,5,0,0,0,17,12,5,2022
224000,Vors tzliche einfache K rperverletzung   223 StGB,4012000,Bremerhaven,voll.,1148,654,494,5,0,5,60,46,14,65,46,19,103,61,42,100,51,49,819,452,367,61,44,17,880,496,384,2022
224000,Vors tzliche einfache K rperverletzung   223 StGB,4012000,Bremerhaven,insg.,1167,667,500,5,0,5,60,46,14,65,46,19,104,61,43,101,52,49,836,464,372,61,44,17,897,508,389,2022
224000,Vors tzliche einfache K rperverletzung   223 StGB,14511000,Chemnitz,vers.,49,37,12,0,0,0,0,0,0,0,0,0,6,5,1,3,3,0,36,26,10,4,3,1,40,29,11,2022
224000,Vors tzliche einfache K rperverletzung   223 StGB,14511000,Chemnitz,voll.,1101,649,452,11,10,1,56,34,22,67,44,23,109,74,35,90,50,40,761,429,332,74,52,22,835,481,354,2022
224000,Vors tzliche einfache K rperverletzung   223 StGB,14511000,Chemnitz,insg.,1150,686,464,11,10,1,56,34,22,67,44,23,115,79,36,93,53,40,797,455,342,78,55,23,875,510,365,2022
224000,Vors tzliche einfache K rperverletzung   223 StGB,12052000,Cottbus,vers.,32,21,11,0,0,0,4,2,2,4,2,2,2,2,0,4,4,0,20,11,9,2,2,0,22,13,9,2022
224000,Vors tzliche einfache K rperverletzung   223 StGB,12052000,Cottbus,voll.,649,375,274,6,4,2,40,29,11,46,33,13,52,35,17,48,33,15,454,250,204,49,24,25,503,274,229,2022
224000,Vors tzliche einfache K rperverletzung   223 StGB,12052000,Cottbus,insg.,681,396,285,6,4,2,44,31,13,50,35,15,54,37,17,52,37,15,474,261,213,51,26,25,525,287,238,2022
224000,Vors tzliche einfache K rperverletzung   223 StGB,6411000,Darmstadt,vers.,26,12,14,0,0,0,1,1,0,1,1,0,2,1,1,4,4,0,18,5,13,1,1,0,19,6,13,2022
224000,Vors tzliche einfache K rperverletzung   223 StGB,6411000,Darmstadt,voll.,704,375,329,4,1,3,34,19,15,38,20,18,54,28,26,55,32,23,512,272,240,45,23,22,557,295,262,2022
224000,Vors tzliche einfache K rperverletzung   223 StGB,6411000,Darmstadt,insg.,730,387,343,4,1,3,35,20,15,39,21,18,56,29,27,59,36,23,530,277,253,46,24,22,576,301,275,2022
224000,Vors tzliche einfache K rperverletzung   223 StGB,5913000,Dortmund,vers.,451,271,180,3,1,2,14,9,5,17,10,7,21,14,7,32,14,18,336,204,132,45,29,16,381,233,148,2022
224000,Vors tzliche einfache K rperverletzung   223 StGB,5913000,Dortmund,voll.,4512,2538,1974,17,11,6,265,166,99,282,177,105,308,178,130,338,179,159,3299,1828,1471,285,176,109,3584,2004,1580,2022
224000,Vors tzliche einfache K rperverletzung   223 StGB,5913000,Dortmund,insg.,4963,2809,2154,20,12,8,279,175,104,299,187,112,329,192,137,370,193,177,3635,2032,1603,330,205,125,3965,2237,1728,2022
224000,Vors tzliche einfache K rperverletzung   223 StGB,14612000,Dresden,vers.,127,84,43,0,0,0,1,1,0,1,1,0,9,6,3,10,8,2,90,58,32,17,11,6,107,69,38,2022
224000,Vors tzliche einfache K rperverletzung   223 StGB,14612000,Dresden,voll.,2374,1450,924,40,23,17,164,98,66,204,121,83,179,114,65,201,118,83,1645,1023,622,145,74,71,1790,1097,693,2022
224000,Vors tzliche einfache K rperverletzung   223 StGB,14612000,Dresden,insg.,2501,1534,967,40,23,17,165,99,66,205,122,83,188,120,68,211,126,85,1735,1081,654,162,85,77,1897,1166,731,2022
224000,Vors tzliche einfache K rperverletzung   223 StGB,5112000,Duisburg,vers.,247,126,121,6,4,2,19,7,12,25,11,14,25,10,15,15,5,10,162,85,77,20,15,5,182,100,82,2022
224000,Vors tzliche einfache K rperverletzung   223 StGB,5112000,Duisburg,voll.,3697,1901,1796,33,24,9,288,191,97,321,215,106,313,185,128,250,133,117,2574,1250,1324,239,118,121,2813,1368,1445,2022
224000,Vors tzliche einfache K rperverletzung   223 StGB,5112000,Duisburg,insg.,3944,2027,1917,39,28,11,307,198,109,346,226,120,338,195,143,265,138,127,2736,1335,1401,259,133,126,2995,1468,1527,2022
224000,Vors tzliche einfache K rperverletzung   223 StGB,5111000,D sseldorf,vers.,360,230,130,6,1,5,19,5,14,25,6,19,12,11,1,19,13,6,278,184,94,26,16,10,304,200,104,2022
224000,Vors tzliche einfache K rperverletzung   223 StGB,5111000,D sseldorf,voll.,4451,2711,1740,26,13,13,164,94,70,190,107,83,281,177,104,403,250,153,3284,1996,1288,293,181,112,3577,2177,1400,2022
224000,Vors tzliche einfache K rperverletzung   223 StGB,5111000,D sseldorf,insg.,4811,2941,1870,32,14,18,183,99,84,215,113,102,293,188,105,422,263,159,3562,2180,1382,319,197,122,3881,2377,1504,2022
224000,Vors tzliche einfache K rperverletzung   223 StGB,16051000,Erfurt,vers.,135,105,30,0,0,0,5,5,0,5,5,0,6,5,1,15,14,1,99,74,25,10,7,3,109,81,28,2022
224000,Vors tzliche einfache K rperverletzung   223 StGB,16051000,Erfurt,voll.,1304,795,509,12,6,6,82,47,35,94,53,41,94,61,33,121,85,36,912,551,361,83,45,38,995,596,399,2022
224000,Vors tzliche einfache K rperverletzung   223 StGB,16051000,Erfurt,insg.,1439,900,539,12,6,6,87,52,35,99,58,41,100,66,34,136,99,37,1011,625,386,93,52,41,1104,677,427,2022
224000,Vors tzliche einfache K rperverletzung   223 StGB,9562000,Erlangen,vers.,31,26,5,0,0,0,0,0,0,0,0,0,2,2,0,3,2,1,23,19,4,3,3,0,26,22,4,2022
224000,Vors tzliche einfache K rperverletzung   223 StGB,9562000,Erlangen,voll.,472,317,155,6,5,1,32,27,5,38,32,6,39,27,12,36,22,14,334,221,113,25,15,10,359,236,123,2022
224000,Vors tzliche einfache K rperverletzung   223 StGB,9562000,Erlangen,insg.,503,343,160,6,5,1,32,27,5,38,32,6,41,29,12,39,24,15,357,240,117,28,18,10,385,258,127,2022
224000,Vors tzliche einfache K rperverletzung   223 StGB,5113000,Essen,vers.,301,173,128,5,2,3,16,9,7,21,11,10,24,13,11,16,7,9,198,107,91,42,35,7,240,142,98,2022
224000,Vors tzliche einfache K rperverletzung   223 StGB,5113000,Essen,voll.,3411,1853,1558,37,19,18,218,144,74,255,163,92,323,176,147,246,131,115,2339,1241,1098,248,142,106,2587,1383,1204,2022
224000,Vors tzliche einfache K rperverletzung   223 StGB,5113000,Essen,insg.,3712,2026,1686,42,21,21,234,153,81,276,174,102,347,189,158,262,138,124,2537,1348,1189,290,177,113,2827,1525,1302,2022
224000,Vors tzliche einfache K rperverletzung   223 StGB,6412000,Frankfurt am Main,vers.,186,123,63,1,1,0,3,2,1,4,3,1,0,0,0,7,3,4,161,106,55,14,11,3,175,117,58,2022
224000,Vors tzliche einfache K rperverletzung   223 StGB,6412000,Frankfurt am Main,voll.,4654,2682,1972,28,12,16,135,85,50,163,97,66,202,108,94,298,153,145,3646,2128,1518,345,196,149,3991,2324,1667,2022
224000,Vors tzliche einfache K rperverletzung   223 StGB,6412000,Frankfurt am Main,insg.,4840,2805,2035,29,13,16,138,87,51,167,100,67,202,108,94,305,156,149,3807,2234,1573,359,207,152,4166,2441,1725,2022
224000,Vors tzliche einfache K rperverletzung   223 StGB,8311000,Freiburg im Breisgau,vers.,152,103,49,1,0,1,2,1,1,3,1,2,7,6,1,8,5,3,120,81,39,14,10,4,134,91,43,2022
224000,Vors tzliche einfache K rperverletzung   223 StGB,8311000,Freiburg im Breisgau,voll.,1877,1222,655,25,18,7,90,62,28,115,80,35,147,88,59,143,103,40,1357,875,482,115,76,39,1472,951,521,2022
224000,Vors tzliche einfache K rperverletzung   223 StGB,8311000,Freiburg im Breisgau,insg.,2029,1325,704,26,18,8,92,63,29,118,81,37,154,94,60,151,108,43,1477,956,521,129,86,43,1606,1042,564,2022
224000,Vors tzliche einfache K rperverletzung   223 StGB,9563000,F rth,vers.,30,22,8,2,1,1,0,0,0,2,1,1,6,6,0,0,0,0,19,13,6,3,2,1,22,15,7,2022
224000,Vors tzliche einfache K rperverletzung   223 StGB,9563000,F rth,voll.,435,227,208,3,2,1,31,22,9,34,24,10,44,27,17,33,17,16,304,148,156,20,11,9,324,159,165,2022
224000,Vors tzliche einfache K rperverletzung   223 StGB,9563000,F rth,insg.,465,249,216,5,3,2,31,22,9,36,25,11,50,33,17,33,17,16,323,161,162,23,13,10,346,174,172,2022
224000,Vors tzliche einfache K rperverletzung   223 StGB,5513000,Gelsenkirchen,vers.,134,72,62,0,0,0,8,5,3,8,5,3,6,5,1,9,3,6,97,50,47,14,9,5,111,59,52,2022
224000,Vors tzliche einfache K rperverletzung   223 StGB,5513000,Gelsenkirchen,voll.,2202,1126,1076,24,14,10,162,111,51,186,125,61,201,120,81,175,84,91,1519,721,798,121,76,45,1640,797,843,2022
224000,Vors tzliche einfache K rperverletzung   223 StGB,5513000,Gelsenkirchen,insg.,2336,1198,1138,24,14,10,170,116,54,194,130,64,207,125,82,184,87,97,1616,771,845,135,85,50,1751,856,895,2022
224000,Vors tzliche einfache K rperverletzung   223 StGB,3159016,G ttingen,vers.,85,70,15,2,1,1,3,3,0,5,4,1,3,2,1,5,3,2,64,54,10,8,7,1,72,61,11,2022
224000,Vors tzliche einfache K rperverletzung   223 StGB,3159016,G ttingen,voll.,945,561,384,9,5,4,49,39,10,58,44,14,47,19,28,101,46,55,679,417,262,60,35,25,739,452,287,2022
224000,Vors tzliche einfache K rperverletzung   223 StGB,3159016,G ttingen,insg.,1030,631,399,11,6,5,52,42,10,63,48,15,50,21,29,106,49,57,743,471,272,68,42,26,811,513,298,2022
224000,Vors tzliche einfache K rperverletzung   223 StGB,5754008,G tersloh,vers.,51,25,26,2,1,1,0,0,0,2,1,1,3,1,2,3,2,1,37,17,20,6,4,2,43,21,22,2022
224000,Vors tzliche einfache K rperverletzung   223 StGB,5754008,G tersloh,voll.,495,237,258,6,4,2,29,23,6,35,27,8,32,14,18,43,22,21,354,159,195,31,15,16,385,174,211,2022
224000,Vors tzliche einfache K rperverletzung   223 StGB,5754008,G tersloh,insg.,546,262,284,8,5,3,29,23,6,37,28,9,35,15,20,46,24,22,391,176,215,37,19,18,428,195,233,2022
224000,Vors tzliche einfache K rperverletzung   223 StGB,5914000,Hagen,vers.,135,67,68,1,0,1,7,6,1,8,6,2,9,2,7,9,4,5,89,42,47,20,13,7,109,55,54,2022
224000,Vors tzliche einfache K rperverletzung   223 StGB,5914000,Hagen,voll.,1628,870,758,16,7,9,123,81,42,139,88,51,142,72,70,127,65,62,1110,583,527,110,62,48,1220,645,575,2022
224000,Vors tzliche einfache K rperverletzung   223 StGB,5914000,Hagen,insg.,1763,937,826,17,7,10,130,87,43,147,94,53,151,74,77,136,69,67,1199,625,574,130,75,55,1329,700,629,2022
224000,Vors tzliche einfache K rperverletzung   223 StGB,15002000,Halle (Saale),vers.,174,116,58,1,0,1,5,3,2,6,3,3,16,13,3,7,5,2,129,87,42,16,8,8,145,95,50,2022
224000,Vors tzliche einfache K rperverletzung   223 StGB,15002000,Halle (Saale),voll.,2282,1373,909,21,8,13,206,125,81,227,133,94,241,162,79,176,112,64,1545,906,639,93,60,33,1638,966,672,2022
224000,Vors tzliche einfache K rperverletzung   223 StGB,15002000,Halle (Saale),insg.,2456,1489,967,22,8,14,211,128,83,233,136,97,257,175,82,183,117,66,1674,993,681,109,68,41,1783,1061,722,2022
224000,Vors tzliche einfache K rperverletzung   223 StGB,2000000,Hamburg,vers.,553,381,172,4,2,2,24,16,8,28,18,10,27,16,11,25,19,6,432,301,131,41,27,14,473,328,145,2022
224000,Vors tzliche einfache K rperverletzung   223 StGB,2000000,Hamburg,voll.,14973,9075,5898,106,70,36,810,539,271,916,609,307,940,540,400,960,577,383,11253,6811,4442,904,538,366,12157,7349,4808,2022
224000,Vors tzliche einfache K rperverletzung   223 StGB,2000000,Hamburg,insg.,15526,9456,6070,110,72,38,834,555,279,944,627,317,967,556,411,985,596,389,11685,7112,4573,945,565,380,12630,7677,4953,2022
224000,Vors tzliche einfache K rperverletzung   223 StGB,5915000,Hamm,vers.,113,68,45,0,0,0,8,6,2,8,6,2,8,4,4,12,9,3,80,48,32,5,1,4,85,49,36,2022
224000,Vors tzliche einfache K rperverletzung   223 StGB,5915000,Hamm,voll.,1159,641,518,4,2,2,72,50,22,76,52,24,95,57,38,117,58,59,794,430,364,77,44,33,871,474,397,2022
224000,Vors tzliche einfache K rperverletzung   223 StGB,5915000,Hamm,insg.,1272,709,563,4,2,2,80,56,24,84,58,26,103,61,42,129,67,62,874,478,396,82,45,37,956,523,433,2022
224000,Vors tzliche einfache K rperverletzung   223 StGB,6435014,Hanau,vers.,10,7,3,0,0,0,1,1,0,1,1,0,0,0,0,0,0,0,9,6,3,0,0,0,9,6,3,2022
224000,Vors tzliche einfache K rperverletzung   223 StGB,6435014,Hanau,voll.,438,194,244,4,2,2,19,13,6,23,15,8,32,16,16,35,13,22,314,132,182,34,18,16,348,150,198,2022
224000,Vors tzliche einfache K rperverletzung   223 StGB,6435014,Hanau,insg.,448,201,247,4,2,2,20,14,6,24,16,8,32,16,16,35,13,22,323,138,185,34,18,16,357,156,201,2022
224000,Vors tzliche einfache K rperverletzung   223 StGB,3241001,Hannover,vers.,307,229,78,2,2,0,4,4,0,6,6,0,19,9,10,20,16,4,226,170,56,36,28,8,262,198,64,2022
224000,Vors tzliche einfache K rperverletzung   223 StGB,3241001,Hannover,voll.,4881,2996,1885,32,25,7,266,170,96,298,195,103,360,192,168,379,227,152,3554,2205,1349,290,177,113,3844,2382,1462,2022
224000,Vors tzliche einfache K rperverletzung   223 StGB,3241001,Hannover,insg.,5188,3225,1963,34,27,7,270,174,96,304,201,103,379,201,178,399,243,156,3780,2375,1405,326,205,121,4106,2580,1526,2022
224000,Vors tzliche einfache K rperverletzung   223 StGB,8221000,Heidelberg,vers.,51,36,15,0,0,0,1,0,1,1,0,1,1,1,0,2,2,0,36,25,11,11,8,3,47,33,14,2022
224000,Vors tzliche einfache K rperverletzung   223 StGB,8221000,Heidelberg,voll.,785,540,245,4,2,2,20,15,5,24,17,7,55,33,22,68,52,16,577,403,174,61,35,26,638,438,200,2022
224000,Vors tzliche einfache K rperverletzung   223 StGB,8221000,Heidelberg,insg.,836,576,260,4,2,2,21,15,6,25,17,8,56,34,22,70,54,16,613,428,185,72,43,29,685,471,214,2022
224000,Vors tzliche einfache K rperverletzung   223 StGB,8121000,Heilbronn,vers.,18,14,4,0,0,0,0,0,0,0,0,0,0,0,0,0,0,0,18,14,4,0,0,0,18,14,4,2022
224000,Vors tzliche einfache K rperverletzung   223 StGB,8121000,Heilbronn,voll.,724,402,322,9,7,2,21,12,9,30,19,11,30,17,13,67,35,32,541,299,242,56,32,24,597,331,266,2022
224000,Vors tzliche einfache K rperverletzung   223 StGB,8121000,Heilbronn,insg.,742,416,326,9,7,2,21,12,9,30,19,11,30,17,13,67,35,32,559,313,246,56,32,24,615,345,270,2022
224000,Vors tzliche einfache K rperverletzung   223 StGB,5916000,Herne,vers.,88,48,40,1,1,0,8,6,2,9,7,2,4,3,1,6,2,4,62,30,32,7,6,1,69,36,33,2022
224000,Vors tzliche einfache K rperverletzung   223 StGB,5916000,Herne,voll.,1220,633,587,8,6,2,87,60,27,95,66,29,135,80,55,97,41,56,807,403,404,86,43,43,893,446,447,2022
224000,Vors tzliche einfache K rperverletzung   223 StGB,5916000,Herne,insg.,1308,681,627,9,7,2,95,66,29,104,73,31,139,83,56,103,43,60,869,433,436,93,49,44,962,482,480,2022
224000,Vors tzliche einfache K rperverletzung   223 StGB,3254021,Hildesheim,vers.,44,27,17,0,0,0,1,1,0,1,1,0,3,2,1,3,2,1,33,20,13,4,2,2,37,22,15,2022
224000,Vors tzliche einfache K rperverletzung   223 StGB,3254021,Hildesheim,voll.,697,410,287,11,6,5,42,36,6,53,42,11,60,35,25,56,32,24,494,280,214,34,21,13,528,301,227,2022
224000,Vors tzliche einfache K rperverletzung   223 StGB,3254021,Hildesheim,insg.,741,437,304,11,6,5,43,37,6,54,43,11,63,37,26,59,34,25,527,300,227,38,23,15,565,323,242,2022
224000,Vors tzliche einfache K rperverletzung   223 StGB,9161000,Ingolstadt,vers.,72,54,18,0,0,0,2,1,1,2,1,1,1,1,0,6,6,0,58,44,14,5,2,3,63,46,17,2022
224000,Vors tzliche einfache K rperverletzung   223 StGB,9161000,Ingolstadt,voll.,925,560,365,13,6,7,52,29,23,65,35,30,47,29,18,86,59,27,671,406,265,56,31,25,727,437,290,2022
224000,Vors tzliche einfache K rperverletzung   223 StGB,9161000,Ingolstadt,insg.,997,614,383,13,6,7,54,30,24,67,36,31,48,30,18,92,65,27,729,450,279,61,33,28,790,483,307,2022
224000,Vors tzliche einfache K rperverletzung   223 StGB,16053000,Jena,vers.,18,9,9,0,0,0,0,0,0,0,0,0,2,0,2,1,0,1,14,9,5,1,0,1,15,9,6,2022
224000,Vors tzliche einfache K rperverletzung   223 StGB,16053000,Jena,voll.,497,306,191,6,5,1,18,10,8,24,15,9,37,27,10,57,32,25,360,219,141,19,13,6,379,232,147,2022
224000,Vors tzliche einfache K rperverletzung   223 StGB,16053000,Jena,insg.,515,315,200,6,5,1,18,10,8,24,15,9,39,27,12,58,32,26,374,228,146,20,13,7,394,241,153,2022
224000,Vors tzliche einfache K rperverletzung   223 StGB,7312000,Kaiserslautern,vers.,113,71,42,2,0,2,7,5,2,9,5,4,12,9,3,7,5,2,75,47,28,10,5,5,85,52,33,2022
224000,Vors tzliche einfache K rperverletzung   223 StGB,7312000,Kaiserslautern,voll.,1114,693,421,5,2,3,45,33,12,50,35,15,127,82,45,119,82,37,769,470,299,49,24,25,818,494,324,2022
224000,Vors tzliche einfache K rperverletzung   223 StGB,7312000,Kaiserslautern,insg.,1227,764,463,7,2,5,52,38,14,59,40,19,139,91,48,126,87,39,844,517,327,59,29,30,903,546,357,2022
224000,Vors tzliche einfache K rperverletzung   223 StGB,8212000,Karlsruhe,vers.,97,59,38,2,0,2,3,3,0,5,3,2,9,5,4,3,3,0,72,43,29,8,5,3,80,48,32,2022
224000,Vors tzliche einfache K rperverletzung   223 StGB,8212000,Karlsruhe,voll.,1459,851,608,12,7,5,90,60,30,102,67,35,126,63,63,124,70,54,982,584,398,125,67,58,1107,651,456,2022
224000,Vors tzliche einfache K rperverletzung   223 StGB,8212000,Karlsruhe,insg.,1556,910,646,14,7,7,93,63,30,107,70,37,135,68,67,127,73,54,1054,627,427,133,72,61,1187,699,488,2022
224000,Vors tzliche einfache K rperverletzung   223 StGB,6611000,Kassel,vers.,69,45,24,0,0,0,2,2,0,2,2,0,2,1,1,4,4,0,47,31,16,14,7,7,61,38,23,2022
224000,Vors tzliche einfache K rperverletzung   223 StGB,6611000,Kassel,voll.,1477,795,682,9,6,3,70,49,21,79,55,24,79,47,32,95,47,48,1143,590,553,81,56,25,1224,646,578,2022
224000,Vors tzliche einfache K rperverletzung   223 StGB,6611000,Kassel,insg.,1546,840,706,9,6,3,72,51,21,81,57,24,81,48,33,99,51,48,1190,621,569,95,63,32,1285,684,601,2022
224000,Vors tzliche einfache K rperverletzung   223 StGB,1002000,Kiel,vers.,67,48,19,0,0,0,3,3,0,3,3,0,2,1,1,5,5,0,49,33,16,8,6,2,57,39,18,2022
224000,Vors tzliche einfache K rperverletzung   223 StGB,1002000,Kiel,voll.,1743,1119,624,7,5,2,83,56,27,90,61,29,132,75,57,159,106,53,1284,825,459,78,52,26,1362,877,485,2022
224000,Vors tzliche einfache K rperverletzung   223 StGB,1002000,Kiel,insg.,1810,1167,643,7,5,2,86,59,27,93,64,29,134,76,58,164,111,53,1333,858,475,86,58,28,1419,916,503,2022
224000,Vors tzliche einfache K rperverletzung   223 StGB,7111000,Koblenz,vers.,94,61,33,0,0,0,4,3,1,4,3,1,15,10,5,6,2,4,62,42,20,7,4,3,69,46,23,2022
224000,Vors tzliche einfache K rperverletzung   223 StGB,7111000,Koblenz,voll.,889,530,359,3,3,0,37,19,18,40,22,18,72,47,25,58,36,22,656,387,269,63,38,25,719,425,294,2022
224000,Vors tzliche einfache K rperverletzung   223 StGB,7111000,Koblenz,insg.,983,591,392,3,3,0,41,22,19,44,25,19,87,57,30,64,38,26,718,429,289,70,42,28,788,471,317,2022
224000,Vors tzliche einfache K rperverletzung   223 StGB,5315000,K ln,vers.,686,443,243,6,1,5,25,18,7,31,19,12,49,30,19,37,24,13,512,334,178,57,36,21,569,370,199,2022
224000,Vors tzliche einfache K rperverletzung   223 StGB,5315000,K ln,voll.,9692,5898,3794,62,32,30,415,257,158,477,289,188,571,346,225,749,463,286,7265,4410,2855,630,390,240,7895,4800,3095,2022
224000,Vors tzliche einfache K rperverletzung   223 StGB,5315000,K ln,insg.,10378,6341,4037,68,33,35,440,275,165,508,308,200,620,376,244,786,487,299,7777,4744,3033,687,426,261,8464,5170,3294,2022
224000,Vors tzliche einfache K rperverletzung   223 StGB,5114000,Krefeld,vers.,102,58,44,0,0,0,8,6,2,8,6,2,7,4,3,6,2,4,73,42,31,8,4,4,81,46,35,2022
224000,Vors tzliche einfache K rperverletzung   223 StGB,5114000,Krefeld,voll.,1546,797,749,4,3,1,101,60,41,105,63,42,141,74,67,152,80,72,1053,518,535,95,62,33,1148,580,568,2022
224000,Vors tzliche einfache K rperverletzung   223 StGB,5114000,Krefeld,insg.,1648,855,793,4,3,1,109,66,43,113,69,44,148,78,70,158,82,76,1126,560,566,103,66,37,1229,626,603,2022
224000,Vors tzliche einfache K rperverletzung   223 StGB,14713000,Leipzig,vers.,176,125,51,0,0,0,5,3,2,5,3,2,3,3,0,9,6,3,148,104,44,11,9,2,159,113,46,2022
224000,Vors tzliche einfache K rperverletzung   223 StGB,14713000,Leipzig,voll.,3308,1896,1412,33,23,10,185,119,66,218,142,76,227,131,96,254,136,118,2387,1367,1020,222,120,102,2609,1487,1122,2022
224000,Vors tzliche einfache K rperverletzung   223 StGB,14713000,Leipzig,insg.,3484,2021,1463,33,23,10,190,122,68,223,145,78,230,134,96,263,142,121,2535,1471,1064,233,129,104,2768,1600,1168,2022
224000,Vors tzliche einfache K rperverletzung   223 StGB,5316000,Leverkusen,vers.,84,42,42,1,1,0,1,1,0,2,2,0,5,3,2,2,1,1,63,31,32,12,5,7,75,36,39,2022
224000,Vors tzliche einfache K rperverletzung   223 StGB,5316000,Leverkusen,voll.,1093,558,535,10,9,1,75,38,37,85,47,38,71,44,27,75,43,32,779,371,408,83,53,30,862,424,438,2022
224000,Vors tzliche einfache K rperverletzung   223 StGB,5316000,Leverkusen,insg.,1177,600,577,11,10,1,76,39,37,87,49,38,76,47,29,77,44,33,842,402,440,95,58,37,937,460,477,2022
224000,Vors tzliche einfache K rperverletzung   223 StGB,1003000,L beck,vers.,142,95,47,1,0,1,7,5,2,8,5,3,10,9,1,5,2,3,106,70,36,13,9,4,119,79,40,2022
224000,Vors tzliche einfache K rperverletzung   223 StGB,1003000,L beck,voll.,1856,1102,754,9,7,2,105,65,40,114,72,42,137,76,61,161,104,57,1321,773,548,123,77,46,1444,850,594,2022
224000,Vors tzliche einfache K rperverletzung   223 StGB,1003000,L beck,insg.,1998,1197,801,10,7,3,112,70,42,122,77,45,147,85,62,166,106,60,1427,843,584,136,86,50,1563,929,634,2022
224000,Vors tzliche einfache K rperverletzung   223 StGB,7314000,Ludwigshafen am Rhein,vers.,144,92,52,4,2,2,8,6,2,12,8,4,7,4,3,6,3,3,106,70,36,13,7,6,119,77,42,2022
224000,Vors tzliche einfache K rperverletzung   223 StGB,7314000,Ludwigshafen am Rhein,voll.,1248,664,584,4,3,1,128,86,42,132,89,43,125,82,43,86,50,36,825,393,432,80,50,30,905,443,462,2022
224000,Vors tzliche einfache K rperverletzung   223 StGB,7314000,Ludwigshafen am Rhein,insg.,1392,756,636,8,5,3,136,92,44,144,97,47,132,86,46,92,53,39,931,463,468,93,57,36,1024,520,504,2022
224000,Vors tzliche einfache K rperverletzung   223 StGB,15003000,Magdeburg,vers.,94,64,30,0,0,0,5,3,2,5,3,2,5,3,2,6,1,5,64,47,17,14,10,4,78,57,21,2022
224000,Vors tzliche einfache K rperverletzung   223 StGB,15003000,Magdeburg,voll.,1820,1095,725,11,2,9,107,69,38,118,71,47,143,84,59,155,98,57,1306,792,514,98,50,48,1404,842,562,2022
224000,Vors tzliche einfache K rperverletzung   223 StGB,15003000,Magdeburg,insg.,1914,1159,755,11,2,9,112,72,40,123,74,49,148,87,61,161,99,62,1370,839,531,112,60,52,1482,899,583,2022
224000,Vors tzliche einfache K rperverletzung   223 StGB,7315000,Mainz,vers.,82,60,22,1,1,0,1,0,1,2,1,1,6,4,2,8,5,3,64,48,16,2,2,0,66,50,16,2022
224000,Vors tzliche einfache K rperverletzung   223 StGB,7315000,Mainz,voll.,1062,659,403,8,3,5,37,26,11,45,29,16,85,48,37,106,66,40,759,474,285,67,42,25,826,516,310,2022
224000,Vors tzliche einfache K rperverletzung   223 StGB,7315000,Mainz,insg.,1144,719,425,9,4,5,38,26,12,47,30,17,91,52,39,114,71,43,823,522,301,69,44,25,892,566,326,2022
224000,Vors tzliche einfache K rperverletzung   223 StGB,8222000,Mannheim,vers.,70,42,28,1,0,1,1,0,1,2,0,2,1,0,1,1,1,0,55,35,20,11,6,5,66,41,25,2022
224000,Vors tzliche einfache K rperverletzung   223 StGB,8222000,Mannheim,voll.,1628,820,808,17,11,6,68,43,25,85,54,31,114,57,57,107,43,64,1213,608,605,109,58,51,1322,666,656,2022
224000,Vors tzliche einfache K rperverletzung   223 StGB,8222000,Mannheim,insg.,1698,862,836,18,11,7,69,43,26,87,54,33,115,57,58,108,44,64,1268,643,625,120,64,56,1388,707,681,2022
224000,Vors tzliche einfache K rperverletzung   223 StGB,5170024,Moers,vers.,43,22,21,1,0,1,4,2,2,5,2,3,6,2,4,1,1,0,29,15,14,2,2,0,31,17,14,2022
224000,Vors tzliche einfache K rperverletzung   223 StGB,5170024,Moers,voll.,448,220,228,12,6,6,39,24,15,51,30,21,48,26,22,31,13,18,286,131,155,32,20,12,318,151,167,2022
224000,Vors tzliche einfache K rperverletzung   223 StGB,5170024,Moers,insg.,491,242,249,13,6,7,43,26,17,56,32,24,54,28,26,32,14,18,315,146,169,34,22,12,349,168,181,2022
224000,Vors tzliche einfache K rperverletzung   223 StGB,5116000,M nchengladbach,vers.,168,82,86,0,0,0,15,10,5,15,10,5,16,7,9,11,6,5,110,50,60,16,9,7,126,59,67,2022
224000,Vors tzliche einfache K rperverletzung   223 StGB,5116000,M nchengladbach,voll.,1823,958,865,14,9,5,79,45,34,93,54,39,146,84,62,130,71,59,1360,700,660,94,49,45,1454,749,705,2022
224000,Vors tzliche einfache K rperverletzung   223 StGB,5116000,M nchengladbach,insg.,1991,1040,951,14,9,5,94,55,39,108,64,44,162,91,71,141,77,64,1470,750,720,110,58,52,1580,808,772,2022
224000,Vors tzliche einfache K rperverletzung   223 StGB,5117000,M lheim an der Ruhr,vers.,54,23,31,1,0,1,2,2,0,3,2,1,4,1,3,2,0,2,44,20,24,1,0,1,45,20,25,2022
224000,Vors tzliche einfache K rperverletzung   223 StGB,5117000,M lheim an der Ruhr,voll.,786,396,390,5,3,2,62,43,19,67,46,21,56,29,27,51,23,28,555,263,292,57,35,22,612,298,314,2022
224000,Vors tzliche einfache K rperverletzung   223 StGB,5117000,M lheim an der Ruhr,insg.,840,419,421,6,3,3,64,45,19,70,48,22,60,30,30,53,23,30,599,283,316,58,35,23,657,318,339,2022
224000,Vors tzliche einfache K rperverletzung   223 StGB,9162000,M nchen,vers.,562,391,171,8,6,2,15,10,5,23,16,7,31,21,10,39,27,12,425,303,122,44,24,20,469,327,142,2022
224000,Vors tzliche einfache K rperverletzung   223 StGB,9162000,M nchen,voll.,6795,4311,2484,68,44,24,303,212,91,371,256,115,380,253,127,485,313,172,5159,3247,1912,400,242,158,5559,3489,2070,2022
224000,Vors tzliche einfache K rperverletzung   223 StGB,9162000,M nchen,insg.,7357,4702,2655,76,50,26,318,222,96,394,272,122,411,274,137,524,340,184,5584,3550,2034,444,266,178,6028,3816,2212,2022
224000,Vors tzliche einfache K rperverletzung   223 StGB,5515000,M nster,vers.,165,99,66,0,0,0,6,4,2,6,4,2,2,2,0,12,9,3,125,73,52,20,11,9,145,84,61,2022
224000,Vors tzliche einfache K rperverletzung   223 StGB,5515000,M nster,voll.,1880,1170,710,15,10,5,101,67,34,116,77,39,132,93,39,200,129,71,1316,796,520,116,75,41,1432,871,561,2022
224000,Vors tzliche einfache K rperverletzung   223 StGB,5515000,M nster,insg.,2045,1269,776,15,10,5,107,71,36,122,81,41,134,95,39,212,138,74,1441,869,572,136,86,50,1577,955,622,2022
224000,Vors tzliche einfache K rperverletzung   223 StGB,5162024,Neuss,vers.,71,45,26,0,0,0,3,3,0,3,3,0,6,4,2,1,1,0,57,34,23,4,3,1,61,37,24,2022
224000,Vors tzliche einfache K rperverletzung   223 StGB,5162024,Neuss,voll.,997,551,446,10,6,4,51,32,19,61,38,23,81,43,38,69,36,33,725,397,328,61,37,24,786,434,352,2022
224000,Vors tzliche einfache K rperverletzung   223 StGB,5162024,Neuss,insg.,1068,596,472,10,6,4,54,35,19,64,41,23,87,47,40,70,37,33,782,431,351,65,40,25,847,471,376,2022
224000,Vors tzliche einfache K rperverletzung   223 StGB,9564000,N rnberg,vers.,268,198,70,12,11,1,9,8,1,21,19,2,26,17,9,30,24,6,179,130,49,12,8,4,191,138,53,2022
224000,Vors tzliche einfache K rperverletzung   223 StGB,9564000,N rnberg,voll.,3220,1977,1243,43,27,16,191,119,72,234,146,88,250,137,113,309,190,119,2288,1424,864,139,80,59,2427,1504,923,2022
224000,Vors tzliche einfache K rperverletzung   223 StGB,9564000,N rnberg,insg.,3488,2175,1313,55,38,17,200,127,73,255,165,90,276,154,122,339,214,125,2467,1554,913,151,88,63,2618,1642,976,2022
224000,Vors tzliche einfache K rperverletzung   223 StGB,5119000,Oberhausen,vers.,94,54,40,1,1,0,4,3,1,5,4,1,4,3,1,5,4,1,75,40,35,5,3,2,80,43,37,2022
224000,Vors tzliche einfache K rperverletzung   223 StGB,5119000,Oberhausen,voll.,1311,665,646,11,5,6,109,60,49,120,65,55,109,53,56,116,61,55,885,440,445,81,46,35,966,486,480,2022
224000,Vors tzliche einfache K rperverletzung   223 StGB,5119000,Oberhausen,insg.,1405,719,686,12,6,6,113,63,50,125,69,56,113,56,57,121,65,56,960,480,480,86,49,37,1046,529,517,2022
224000,Vors tzliche einfache K rperverletzung   223 StGB,6413000,Offenbach am Main,vers.,4,4,0,0,0,0,0,0,0,0,0,0,0,0,0,0,0,0,4,4,0,0,0,0,4,4,0,2022
224000,Vors tzliche einfache K rperverletzung   223 StGB,6413000,Offenbach am Main,voll.,551,225,326,4,3,1,26,14,12,30,17,13,46,21,25,33,10,23,405,154,251,37,23,14,442,177,265,2022
224000,Vors tzliche einfache K rperverletzung   223 StGB,6413000,Offenbach am Main,insg.,555,229,326,4,3,1,26,14,12,30,17,13,46,21,25,33,10,23,409,158,251,37,23,14,446,181,265,2022
224000,Vors tzliche einfache K rperverletzung   223 StGB,3403000,Oldenburg (Oldenburg),vers.,41,28,13,0,0,0,2,2,0,2,2,0,2,1,1,8,5,3,24,17,7,5,3,2,29,20,9,2022
224000,Vors tzliche einfache K rperverletzung   223 StGB,3403000,Oldenburg (Oldenburg),voll.,908,532,376,12,9,3,40,28,12,52,37,15,78,38,40,86,45,41,633,381,252,59,31,28,692,412,280,2022
224000,Vors tzliche einfache K rperverletzung   223 StGB,3403000,Oldenburg (Oldenburg),insg.,949,560,389,12,9,3,42,30,12,54,39,15,80,39,41,94,50,44,657,398,259,64,34,30,721,432,289,2022
224000,Vors tzliche einfache K rperverletzung   223 StGB,3404000,Osnabr ck,vers.,45,34,11,0,0,0,0,0,0,0,0,0,2,1,1,4,3,1,35,27,8,4,3,1,39,30,9,2022
224000,Vors tzliche einfache K rperverletzung   223 StGB,3404000,Osnabr ck,voll.,1179,721,458,6,4,2,59,42,17,65,46,19,100,60,40,125,72,53,834,512,322,55,31,24,889,543,346,2022
224000,Vors tzliche einfache K rperverletzung   223 StGB,3404000,Osnabr ck,insg.,1224,755,469,6,4,2,59,42,17,65,46,19,102,61,41,129,75,54,869,539,330,59,34,25,928,573,355,2022
224000,Vors tzliche einfache K rperverletzung   223 StGB,5774032,Paderborn,vers.,118,73,45,0,0,0,4,2,2,4,2,2,7,3,4,11,9,2,90,56,34,6,3,3,96,59,37,2022
224000,Vors tzliche einfache K rperverletzung   223 StGB,5774032,Paderborn,voll.,996,602,394,4,4,0,39,22,17,43,26,17,83,46,37,82,47,35,725,446,279,63,37,26,788,483,305,2022
224000,Vors tzliche einfache K rperverletzung   223 StGB,5774032,Paderborn,insg.,1114,675,439,4,4,0,43,24,19,47,28,19,90,49,41,93,56,37,815,502,313,69,40,29,884,542,342,2022
224000,Vors tzliche einfache K rperverletzung   223 StGB,8231000,Pforzheim,vers.,32,21,11,0,0,0,0,0,0,0,0,0,2,1,1,3,2,1,24,16,8,3,2,1,27,18,9,2022
224000,Vors tzliche einfache K rperverletzung   223 StGB,8231000,Pforzheim,voll.,755,432,323,5,3,2,51,37,14,56,40,16,62,43,19,69,41,28,520,277,243,48,31,17,568,308,260,2022
224000,Vors tzliche einfache K rperverletzung   223 StGB,8231000,Pforzheim,insg.,787,453,334,5,3,2,51,37,14,56,40,16,64,44,20,72,43,29,544,293,251,51,33,18,595,326,269,2022
224000,Vors tzliche einfache K rperverletzung   223 StGB,12054000,Potsdam,vers.,45,33,12,0,0,0,0,0,0,0,0,0,2,2,0,5,4,1,34,26,8,4,1,3,38,27,11,2022
224000,Vors tzliche einfache K rperverletzung   223 StGB,12054000,Potsdam,voll.,828,508,320,6,6,0,65,42,23,71,48,23,62,38,24,73,46,27,563,342,221,59,34,25,622,376,246,2022
224000,Vors tzliche einfache K rperverletzung   223 StGB,12054000,Potsdam,insg.,873,541,332,6,6,0,65,42,23,71,48,23,64,40,24,78,50,28,597,368,229,63,35,28,660,403,257,2022
224000,Vors tzliche einfache K rperverletzung   223 StGB,5562032,Recklinghausen,vers.,81,49,32,1,0,1,5,1,4,6,1,5,7,5,2,4,2,2,59,39,20,5,2,3,64,41,23,2022
224000,Vors tzliche einfache K rperverletzung   223 StGB,5562032,Recklinghausen,voll.,741,396,345,7,4,3,47,37,10,54,41,13,71,39,32,62,34,28,513,258,255,41,24,17,554,282,272,2022
224000,Vors tzliche einfache K rperverletzung   223 StGB,5562032,Recklinghausen,insg.,822,445,377,8,4,4,52,38,14,60,42,18,78,44,34,66,36,30,572,297,275,46,26,20,618,323,295,2022
224000,Vors tzliche einfache K rperverletzung   223 StGB,9362000,Regensburg,vers.,36,25,11,0,0,0,1,1,0,1,1,0,2,2,0,2,1,1,28,19,9,3,2,1,31,21,10,2022
224000,Vors tzliche einfache K rperverletzung   223 StGB,9362000,Regensburg,voll.,873,557,316,10,6,4,29,21,8,39,27,12,73,47,26,90,65,25,637,397,240,34,21,13,671,418,253,2022
224000,Vors tzliche einfache K rperverletzung   223 StGB,9362000,Regensburg,insg.,909,582,327,10,6,4,30,22,8,40,28,12,75,49,26,92,66,26,665,416,249,37,23,14,702,439,263,2022
224000,Vors tzliche einfache K rperverletzung   223 StGB,5120000,Remscheid,vers.,60,28,32,1,0,1,6,2,4,7,2,5,3,2,1,4,2,2,41,19,22,5,3,2,46,22,24,2022
224000,Vors tzliche einfache K rperverletzung   223 StGB,5120000,Remscheid,voll.,773,401,372,4,2,2,46,28,18,50,30,20,69,38,31,47,24,23,569,287,282,38,22,16,607,309,298,2022
224000,Vors tzliche einfache K rperverletzung   223 StGB,5120000,Remscheid,insg.,833,429,404,5,2,3,52,30,22,57,32,25,72,40,32,51,26,25,610,306,304,43,25,18,653,331,322,2022
224000,Vors tzliche einfache K rperverletzung   223 StGB,8415061,Reutlingen,vers.,20,15,5,0,0,0,0,0,0,0,0,0,0,0,0,1,1,0,15,10,5,4,4,0,19,14,5,2022
224000,Vors tzliche einfache K rperverletzung   223 StGB,8415061,Reutlingen,voll.,650,363,287,2,2,0,46,35,11,48,37,11,60,33,27,37,22,15,471,253,218,34,18,16,505,271,234,2022
224000,Vors tzliche einfache K rperverletzung   223 StGB,8415061,Reutlingen,insg.,670,378,292,2,2,0,46,35,11,48,37,11,60,33,27,38,23,15,486,263,223,38,22,16,524,285,239,2022
224000,Vors tzliche einfache K rperverletzung   223 StGB,13003000,"Rostock, Hanse- und Universit tsstadt",vers.,97,68,29,1,1,0,2,2,0,3,3,0,6,4,2,2,1,1,75,54,21,11,6,5,86,60,26,2022
224000,Vors tzliche einfache K rperverletzung   223 StGB,13003000,"Rostock, Hanse- und Universit tsstadt",voll.,1316,792,524,8,7,1,89,56,33,97,63,34,140,83,57,120,76,44,875,520,355,84,50,34,959,570,389,2022
224000,Vors tzliche einfache K rperverletzung   223 StGB,13003000,"Rostock, Hanse- und Universit tsstadt",insg.,1413,860,553,9,8,1,91,58,33,100,66,34,146,87,59,122,77,45,950,574,376,95,56,39,1045,630,415,2022
224000,Vors tzliche einfache K rperverletzung   223 StGB,10041100,Saarbr cken,vers.,153,95,58,0,0,0,9,4,5,9,4,5,13,8,5,13,7,6,103,65,38,15,11,4,118,76,42,2022
224000,Vors tzliche einfache K rperverletzung   223 StGB,10041100,Saarbr cken,voll.,1709,990,719,5,2,3,95,57,38,100,59,41,159,95,64,131,83,48,1198,666,532,121,87,34,1319,753,566,2022
224000,Vors tzliche einfache K rperverletzung   223 StGB,10041100,Saarbr cken,insg.,1862,1085,777,5,2,3,104,61,43,109,63,46,172,103,69,144,90,54,1301,731,570,136,98,38,1437,829,608,2022
224000,Vors tzliche einfache K rperverletzung   223 StGB,3102000,Salzgitter,vers.,22,12,10,0,0,0,3,2,1,3,2,1,0,0,0,1,1,0,17,8,9,1,1,0,18,9,9,2022
224000,Vors tzliche einfache K rperverletzung   223 StGB,3102000,Salzgitter,voll.,681,348,333,7,5,2,88,58,30,95,63,32,68,41,27,57,27,30,432,205,227,29,12,17,461,217,244,2022
224000,Vors tzliche einfache K rperverletzung   223 StGB,3102000,Salzgitter,insg.,703,360,343,7,5,2,91,60,31,98,65,33,68,41,27,58,28,30,449,213,236,30,13,17,479,226,253,2022
224000,Vors tzliche einfache K rperverletzung   223 StGB,13004000,Schwerin,vers.,41,29,12,0,0,0,1,0,1,1,0,1,4,3,1,4,3,1,30,21,9,2,2,0,32,23,9,2022
224000,Vors tzliche einfache K rperverletzung   223 StGB,13004000,Schwerin,voll.,786,497,289,8,2,6,70,50,20,78,52,26,89,60,29,75,46,29,504,317,187,40,22,18,544,339,205,2022
224000,Vors tzliche einfache K rperverletzung   223 StGB,13004000,Schwerin,insg.,827,526,301,8,2,6,71,50,21,79,52,27,93,63,30,79,49,30,534,338,196,42,24,18,576,362,214,2022
224000,Vors tzliche einfache K rperverletzung   223 StGB,5970040,Siegen,vers.,80,46,34,3,2,1,9,2,7,12,4,8,12,6,6,10,9,1,43,24,19,3,3,0,46,27,19,2022
224000,Vors tzliche einfache K rperverletzung   223 StGB,5970040,Siegen,voll.,670,374,296,4,0,4,33,21,12,37,21,16,72,44,28,66,36,30,455,249,206,40,24,16,495,273,222,2022
224000,Vors tzliche einfache K rperverletzung   223 StGB,5970040,Siegen,insg.,750,420,330,7,2,5,42,23,19,49,25,24,84,50,34,76,45,31,498,273,225,43,27,16,541,300,241,2022
224000,Vors tzliche einfache K rperverletzung   223 StGB,5122000,Solingen,vers.,60,34,26,0,0,0,5,4,1,5,4,1,2,1,1,2,1,1,42,24,18,9,4,5,51,28,23,2022
224000,Vors tzliche einfache K rperverletzung   223 StGB,5122000,Solingen,voll.,1006,529,477,9,5,4,93,65,28,102,70,32,131,91,40,69,36,33,618,287,331,86,45,41,704,332,372,2022
224000,Vors tzliche einfache K rperverletzung   223 StGB,5122000,Solingen,insg.,1066,563,503,9,5,4,98,69,29,107,74,33,133,92,41,71,37,34,660,311,349,95,49,46,755,360,395,2022
224000,Vors tzliche einfache K rperverletzung   223 StGB,8111000,Stuttgart,vers.,289,203,86,1,1,0,6,4,2,7,5,2,14,8,6,19,14,5,222,160,62,27,16,11,249,176,73,2022
224000,Vors tzliche einfache K rperverletzung   223 StGB,8111000,Stuttgart,voll.,4670,2890,1780,37,23,14,200,134,66,237,157,80,322,183,139,397,232,165,3446,2161,1285,268,157,111,3714,2318,1396,2022
224000,Vors tzliche einfache K rperverletzung   223 StGB,8111000,Stuttgart,insg.,4959,3093,1866,38,24,14,206,138,68,244,162,82,336,191,145,416,246,170,3668,2321,1347,295,173,122,3963,2494,1469,2022
224000,Vors tzliche einfache K rperverletzung   223 StGB,7211000,Trier,vers.,102,67,35,1,1,0,2,1,1,3,2,1,18,14,4,15,5,10,60,41,19,6,5,1,66,46,20,2022
224000,Vors tzliche einfache K rperverletzung   223 StGB,7211000,Trier,voll.,915,583,332,2,2,0,40,29,11,42,31,11,69,49,20,115,70,45,647,409,238,42,24,18,689,433,256,2022
224000,Vors tzliche einfache K rperverletzung   223 StGB,7211000,Trier,insg.,1017,650,367,3,3,0,42,30,12,45,33,12,87,63,24,130,75,55,707,450,257,48,29,19,755,479,276,2022
224000,Vors tzliche einfache K rperverletzung   223 StGB,8421000,Ulm,vers.,26,17,9,0,0,0,1,1,0,1,1,0,2,2,0,1,0,1,19,12,7,3,2,1,22,14,8,2022
224000,Vors tzliche einfache K rperverletzung   223 StGB,8421000,Ulm,voll.,817,510,307,5,3,2,39,23,16,44,26,18,74,42,32,80,50,30,566,358,208,53,34,19,619,392,227,2022
224000,Vors tzliche einfache K rperverletzung   223 StGB,8421000,Ulm,insg.,843,527,316,5,3,2,40,24,16,45,27,18,76,44,32,81,50,31,585,370,215,56,36,20,641,406,235,2022
224000,Vors tzliche einfache K rperverletzung   223 StGB,6414000,Wiesbaden,vers.,71,48,23,1,1,0,2,1,1,3,2,1,6,5,1,4,4,0,49,31,18,9,6,3,58,37,21,2022
224000,Vors tzliche einfache K rperverletzung   223 StGB,6414000,Wiesbaden,voll.,1760,940,820,12,7,5,85,46,39,97,53,44,122,64,58,131,76,55,1273,676,597,137,71,66,1410,747,663,2022
224000,Vors tzliche einfache K rperverletzung   223 StGB,6414000,Wiesbaden,insg.,1831,988,843,13,8,5,87,47,40,100,55,45,128,69,59,135,80,55,1322,707,615,146,77,69,1468,784,684,2022
224000,Vors tzliche einfache K rperverletzung   223 StGB,3103000,Wolfsburg,vers.,14,10,4,0,0,0,0,0,0,0,0,0,2,2,0,0,0,0,9,6,3,3,2,1,12,8,4,2022
224000,Vors tzliche einfache K rperverletzung   223 StGB,3103000,Wolfsburg,voll.,693,386,307,11,6,5,44,29,15,55,35,20,48,28,20,58,34,24,485,266,219,47,23,24,532,289,243,2022
224000,Vors tzliche einfache K rperverletzung   223 StGB,3103000,Wolfsburg,insg.,707,396,311,11,6,5,44,29,15,55,35,20,50,30,20,58,34,24,494,272,222,50,25,25,544,297,247,2022
224000,Vors tzliche einfache K rperverletzung   223 StGB,5124000,Wuppertal,vers.,275,151,124,2,1,1,11,6,5,13,7,6,20,10,10,16,7,9,199,109,90,27,18,9,226,127,99,2022
224000,Vors tzliche einfache K rperverletzung   223 StGB,5124000,Wuppertal,voll.,2658,1440,1218,25,13,12,188,121,67,213,134,79,225,132,93,242,131,111,1811,939,872,167,104,63,1978,1043,935,2022
224000,Vors tzliche einfache K rperverletzung   223 StGB,5124000,Wuppertal,insg.,2933,1591,1342,27,14,13,199,127,72,226,141,85,245,142,103,258,138,120,2010,1048,962,194,122,72,2204,1170,1034,2022
224000,Vors tzliche einfache K rperverletzung   223 StGB,9663000,W rzburg,vers.,45,30,15,0,0,0,0,0,0,0,0,0,4,2,2,5,3,2,31,22,9,5,3,2,36,25,11,2022
224000,Vors tzliche einfache K rperverletzung   223 StGB,9663000,W rzburg,voll.,733,455,278,4,0,4,36,26,10,40,26,14,73,51,22,80,50,30,504,308,196,36,20,16,540,328,212,2022
224000,Vors tzliche einfache K rperverletzung   223 StGB,9663000,W rzburg,insg.,778,485,293,4,0,4,36,26,10,40,26,14,77,53,24,85,53,32,535,330,205,41,23,18,576,353,223,2022
621100,Widerstand gegen und t tlicher Angriff auf Vollstreckungsbeamte und gleichstehende Personen    113-115 StGB,5334002,Aachen,vers.,0,0,0,0,0,0,0,0,0,0,0,0,0,0,0,0,0,0,0,0,0,0,0,0,0,0,0,2022
621100,Widerstand gegen und t tlicher Angriff auf Vollstreckungsbeamte und gleichstehende Personen    113-115 StGB,5334002,Aachen,voll.,395,301,94,1,1,0,0,0,0,1,1,0,0,0,0,8,5,3,372,285,87,14,10,4,386,295,91,2022
621100,Widerstand gegen und t tlicher Angriff auf Vollstreckungsbeamte und gleichstehende Personen    113-115 StGB,5334002,Aachen,insg.,395,301,94,1,1,0,0,0,0,1,1,0,0,0,0,8,5,3,372,285,87,14,10,4,386,295,91,2022
621100,Widerstand gegen und t tlicher Angriff auf Vollstreckungsbeamte und gleichstehende Personen    113-115 StGB,9761000,Augsburg,vers.,0,0,0,0,0,0,0,0,0,0,0,0,0,0,0,0,0,0,0,0,0,0,0,0,0,0,0,2022
621100,Widerstand gegen und t tlicher Angriff auf Vollstreckungsbeamte und gleichstehende Personen    113-115 StGB,9761000,Augsburg,voll.,545,428,117,0,0,0,0,0,0,0,0,0,0,0,0,12,8,4,533,420,113,0,0,0,533,420,113,2022
621100,Widerstand gegen und t tlicher Angriff auf Vollstreckungsbeamte und gleichstehende Personen    113-115 StGB,9761000,Augsburg,insg.,545,428,117,0,0,0,0,0,0,0,0,0,0,0,0,12,8,4,533,420,113,0,0,0,533,420,113,2022
621100,Widerstand gegen und t tlicher Angriff auf Vollstreckungsbeamte und gleichstehende Personen    113-115 StGB,5378004,Bergisch Gladbach,vers.,0,0,0,0,0,0,0,0,0,0,0,0,0,0,0,0,0,0,0,0,0,0,0,0,0,0,0,2022
621100,Widerstand gegen und t tlicher Angriff auf Vollstreckungsbeamte und gleichstehende Personen    113-115 StGB,5378004,Bergisch Gladbach,voll.,71,56,15,0,0,0,0,0,0,0,0,0,0,0,0,2,2,0,66,51,15,3,3,0,69,54,15,2022
621100,Widerstand gegen und t tlicher Angriff auf Vollstreckungsbeamte und gleichstehende Personen    113-115 StGB,5378004,Bergisch Gladbach,insg.,71,56,15,0,0,0,0,0,0,0,0,0,0,0,0,2,2,0,66,51,15,3,3,0,69,54,15,2022
621100,Widerstand gegen und t tlicher Angriff auf Vollstreckungsbeamte und gleichstehende Personen    113-115 StGB,11000000,Berlin,vers.,0,0,0,0,0,0,0,0,0,0,0,0,0,0,0,0,0,0,0,0,0,0,0,0,0,0,0,2022
621100,Widerstand gegen und t tlicher Angriff auf Vollstreckungsbeamte und gleichstehende Personen    113-115 StGB,11000000,Berlin,voll.,9335,8009,1326,2,2,0,0,0,0,2,2,0,4,4,0,114,93,21,9141,7840,1301,74,70,4,9215,7910,1305,2022
621100,Widerstand gegen und t tlicher Angriff auf Vollstreckungsbeamte und gleichstehende Personen    113-115 StGB,11000000,Berlin,insg.,9335,8009,1326,2,2,0,0,0,0,2,2,0,4,4,0,114,93,21,9141,7840,1301,74,70,4,9215,7910,1305,2022
621100,Widerstand gegen und t tlicher Angriff auf Vollstreckungsbeamte und gleichstehende Personen    113-115 StGB,5711000,Bielefeld,vers.,0,0,0,0,0,0,0,0,0,0,0,0,0,0,0,0,0,0,0,0,0,0,0,0,0,0,0,2022
621100,Widerstand gegen und t tlicher Angriff auf Vollstreckungsbeamte und gleichstehende Personen    113-115 StGB,5711000,Bielefeld,voll.,319,243,76,0,0,0,0,0,0,0,0,0,0,0,0,7,6,1,307,233,74,5,4,1,312,237,75,2022
621100,Widerstand gegen und t tlicher Angriff auf Vollstreckungsbeamte und gleichstehende Personen    113-115 StGB,5711000,Bielefeld,insg.,319,243,76,0,0,0,0,0,0,0,0,0,0,0,0,7,6,1,307,233,74,5,4,1,312,237,75,2022
621100,Widerstand gegen und t tlicher Angriff auf Vollstreckungsbeamte und gleichstehende Personen    113-115 StGB,5911000,Bochum,vers.,0,0,0,0,0,0,0,0,0,0,0,0,0,0,0,0,0,0,0,0,0,0,0,0,0,0,0,2022
621100,Widerstand gegen und t tlicher Angriff auf Vollstreckungsbeamte und gleichstehende Personen    113-115 StGB,5911000,Bochum,voll.,637,497,140,0,0,0,0,0,0,0,0,0,0,0,0,6,4,2,624,488,136,7,5,2,631,493,138,2022
621100,Widerstand gegen und t tlicher Angriff auf Vollstreckungsbeamte und gleichstehende Personen    113-115 StGB,5911000,Bochum,insg.,637,497,140,0,0,0,0,0,0,0,0,0,0,0,0,6,4,2,624,488,136,7,5,2,631,493,138,2022
621100,Widerstand gegen und t tlicher Angriff auf Vollstreckungsbeamte und gleichstehende Personen    113-115 StGB,5314000,Bonn,vers.,0,0,0,0,0,0,0,0,0,0,0,0,0,0,0,0,0,0,0,0,0,0,0,0,0,0,0,2022
621100,Widerstand gegen und t tlicher Angriff auf Vollstreckungsbeamte und gleichstehende Personen    113-115 StGB,5314000,Bonn,voll.,611,463,148,0,0,0,0,0,0,0,0,0,0,0,0,5,3,2,600,454,146,6,6,0,606,460,146,2022
621100,Widerstand gegen und t tlicher Angriff auf Vollstreckungsbeamte und gleichstehende Personen    113-115 StGB,5314000,Bonn,insg.,611,463,148,0,0,0,0,0,0,0,0,0,0,0,0,5,3,2,600,454,146,6,6,0,606,460,146,2022
621100,Widerstand gegen und t tlicher Angriff auf Vollstreckungsbeamte und gleichstehende Personen    113-115 StGB,5512000,Bottrop,vers.,0,0,0,0,0,0,0,0,0,0,0,0,0,0,0,0,0,0,0,0,0,0,0,0,0,0,0,2022
621100,Widerstand gegen und t tlicher Angriff auf Vollstreckungsbeamte und gleichstehende Personen    113-115 StGB,5512000,Bottrop,voll.,101,65,36,0,0,0,0,0,0,0,0,0,0,0,0,1,0,1,99,64,35,1,1,0,100,65,35,2022
621100,Widerstand gegen und t tlicher Angriff auf Vollstreckungsbeamte und gleichstehende Personen    113-115 StGB,5512000,Bottrop,insg.,101,65,36,0,0,0,0,0,0,0,0,0,0,0,0,1,0,1,99,64,35,1,1,0,100,65,35,2022
621100,Widerstand gegen und t tlicher Angriff auf Vollstreckungsbeamte und gleichstehende Personen    113-115 StGB,3101000,Braunschweig,vers.,0,0,0,0,0,0,0,0,0,0,0,0,0,0,0,0,0,0,0,0,0,0,0,0,0,0,0,2022
621100,Widerstand gegen und t tlicher Angriff auf Vollstreckungsbeamte und gleichstehende Personen    113-115 StGB,3101000,Braunschweig,voll.,626,495,131,0,0,0,0,0,0,0,0,0,0,0,0,4,2,2,614,485,129,8,8,0,622,493,129,2022
621100,Widerstand gegen und t tlicher Angriff auf Vollstreckungsbeamte und gleichstehende Personen    113-115 StGB,3101000,Braunschweig,insg.,626,495,131,0,0,0,0,0,0,0,0,0,0,0,0,4,2,2,614,485,129,8,8,0,622,493,129,2022
621100,Widerstand gegen und t tlicher Angriff auf Vollstreckungsbeamte und gleichstehende Personen    113-115 StGB,4011000,Bremen,vers.,0,0,0,0,0,0,0,0,0,0,0,0,0,0,0,0,0,0,0,0,0,0,0,0,0,0,0,2022
621100,Widerstand gegen und t tlicher Angriff auf Vollstreckungsbeamte und gleichstehende Personen    113-115 StGB,4011000,Bremen,voll.,803,635,168,0,0,0,0,0,0,0,0,0,0,0,0,9,6,3,784,619,165,10,10,0,794,629,165,2022
621100,Widerstand gegen und t tlicher Angriff auf Vollstreckungsbeamte und gleichstehende Personen    113-115 StGB,4011000,Bremen,insg.,803,635,168,0,0,0,0,0,0,0,0,0,0,0,0,9,6,3,784,619,165,10,10,0,794,629,165,2022
621100,Widerstand gegen und t tlicher Angriff auf Vollstreckungsbeamte und gleichstehende Personen    113-115 StGB,4012000,Bremerhaven,vers.,0,0,0,0,0,0,0,0,0,0,0,0,0,0,0,0,0,0,0,0,0,0,0,0,0,0,0,2022
621100,Widerstand gegen und t tlicher Angriff auf Vollstreckungsbeamte und gleichstehende Personen    113-115 StGB,4012000,Bremerhaven,voll.,243,186,57,0,0,0,0,0,0,0,0,0,0,0,0,1,0,1,236,180,56,6,6,0,242,186,56,2022
621100,Widerstand gegen und t tlicher Angriff auf Vollstreckungsbeamte und gleichstehende Personen    113-115 StGB,4012000,Bremerhaven,insg.,243,186,57,0,0,0,0,0,0,0,0,0,0,0,0,1,0,1,236,180,56,6,6,0,242,186,56,2022
621100,Widerstand gegen und t tlicher Angriff auf Vollstreckungsbeamte und gleichstehende Personen    113-115 StGB,14511000,Chemnitz,vers.,0,0,0,0,0,0,0,0,0,0,0,0,0,0,0,0,0,0,0,0,0,0,0,0,0,0,0,2022
621100,Widerstand gegen und t tlicher Angriff auf Vollstreckungsbeamte und gleichstehende Personen    113-115 StGB,14511000,Chemnitz,voll.,257,223,34,0,0,0,0,0,0,0,0,0,0,0,0,2,1,1,254,221,33,1,1,0,255,222,33,2022
621100,Widerstand gegen und t tlicher Angriff auf Vollstreckungsbeamte und gleichstehende Personen    113-115 StGB,14511000,Chemnitz,insg.,257,223,34,0,0,0,0,0,0,0,0,0,0,0,0,2,1,1,254,221,33,1,1,0,255,222,33,2022
621100,Widerstand gegen und t tlicher Angriff auf Vollstreckungsbeamte und gleichstehende Personen    113-115 StGB,12052000,Cottbus,vers.,0,0,0,0,0,0,0,0,0,0,0,0,0,0,0,0,0,0,0,0,0,0,0,0,0,0,0,2022
621100,Widerstand gegen und t tlicher Angriff auf Vollstreckungsbeamte und gleichstehende Personen    113-115 StGB,12052000,Cottbus,voll.,127,113,14,0,0,0,0,0,0,0,0,0,0,0,0,3,2,1,119,107,12,5,4,1,124,111,13,2022
621100,Widerstand gegen und t tlicher Angriff auf Vollstreckungsbeamte und gleichstehende Personen    113-115 StGB,12052000,Cottbus,insg.,127,113,14,0,0,0,0,0,0,0,0,0,0,0,0,3,2,1,119,107,12,5,4,1,124,111,13,2022
621100,Widerstand gegen und t tlicher Angriff auf Vollstreckungsbeamte und gleichstehende Personen    113-115 StGB,6411000,Darmstadt,vers.,0,0,0,0,0,0,0,0,0,0,0,0,0,0,0,0,0,0,0,0,0,0,0,0,0,0,0,2022
621100,Widerstand gegen und t tlicher Angriff auf Vollstreckungsbeamte und gleichstehende Personen    113-115 StGB,6411000,Darmstadt,voll.,164,127,37,0,0,0,0,0,0,0,0,0,0,0,0,5,2,3,159,125,34,0,0,0,159,125,34,2022
621100,Widerstand gegen und t tlicher Angriff auf Vollstreckungsbeamte und gleichstehende Personen    113-115 StGB,6411000,Darmstadt,insg.,164,127,37,0,0,0,0,0,0,0,0,0,0,0,0,5,2,3,159,125,34,0,0,0,159,125,34,2022
621100,Widerstand gegen und t tlicher Angriff auf Vollstreckungsbeamte und gleichstehende Personen    113-115 StGB,5913000,Dortmund,vers.,0,0,0,0,0,0,0,0,0,0,0,0,0,0,0,0,0,0,0,0,0,0,0,0,0,0,0,2022
621100,Widerstand gegen und t tlicher Angriff auf Vollstreckungsbeamte und gleichstehende Personen    113-115 StGB,5913000,Dortmund,voll.,1384,1030,354,0,0,0,0,0,0,0,0,0,0,0,0,27,17,10,1347,1005,342,10,8,2,1357,1013,344,2022
621100,Widerstand gegen und t tlicher Angriff auf Vollstreckungsbeamte und gleichstehende Personen    113-115 StGB,5913000,Dortmund,insg.,1384,1030,354,0,0,0,0,0,0,0,0,0,0,0,0,27,17,10,1347,1005,342,10,8,2,1357,1013,344,2022
621100,Widerstand gegen und t tlicher Angriff auf Vollstreckungsbeamte und gleichstehende Personen    113-115 StGB,14612000,Dresden,vers.,0,0,0,0,0,0,0,0,0,0,0,0,0,0,0,0,0,0,0,0,0,0,0,0,0,0,0,2022
621100,Widerstand gegen und t tlicher Angriff auf Vollstreckungsbeamte und gleichstehende Personen    113-115 StGB,14612000,Dresden,voll.,583,500,83,0,0,0,0,0,0,0,0,0,1,1,0,11,8,3,562,482,80,9,9,0,571,491,80,2022
621100,Widerstand gegen und t tlicher Angriff auf Vollstreckungsbeamte und gleichstehende Personen    113-115 StGB,14612000,Dresden,insg.,583,500,83,0,0,0,0,0,0,0,0,0,1,1,0,11,8,3,562,482,80,9,9,0,571,491,80,2022
621100,Widerstand gegen und t tlicher Angriff auf Vollstreckungsbeamte und gleichstehende Personen    113-115 StGB,5112000,Duisburg,vers.,0,0,0,0,0,0,0,0,0,0,0,0,0,0,0,0,0,0,0,0,0,0,0,0,0,0,0,2022
621100,Widerstand gegen und t tlicher Angriff auf Vollstreckungsbeamte und gleichstehende Personen    113-115 StGB,5112000,Duisburg,voll.,655,487,168,0,0,0,1,1,0,1,1,0,3,0,3,16,14,2,625,467,158,10,5,5,635,472,163,2022
621100,Widerstand gegen und t tlicher Angriff auf Vollstreckungsbeamte und gleichstehende Personen    113-115 StGB,5112000,Duisburg,insg.,655,487,168,0,0,0,1,1,0,1,1,0,3,0,3,16,14,2,625,467,158,10,5,5,635,472,163,2022
621100,Widerstand gegen und t tlicher Angriff auf Vollstreckungsbeamte und gleichstehende Personen    113-115 StGB,5111000,D sseldorf,vers.,0,0,0,0,0,0,0,0,0,0,0,0,0,0,0,0,0,0,0,0,0,0,0,0,0,0,0,2022
621100,Widerstand gegen und t tlicher Angriff auf Vollstreckungsbeamte und gleichstehende Personen    113-115 StGB,5111000,D sseldorf,voll.,1540,1225,315,0,0,0,0,0,0,0,0,0,0,0,0,26,20,6,1504,1198,306,10,7,3,1514,1205,309,2022
621100,Widerstand gegen und t tlicher Angriff auf Vollstreckungsbeamte und gleichstehende Personen    113-115 StGB,5111000,D sseldorf,insg.,1540,1225,315,0,0,0,0,0,0,0,0,0,0,0,0,26,20,6,1504,1198,306,10,7,3,1514,1205,309,2022
621100,Widerstand gegen und t tlicher Angriff auf Vollstreckungsbeamte und gleichstehende Personen    113-115 StGB,16051000,Erfurt,vers.,0,0,0,0,0,0,0,0,0,0,0,0,0,0,0,0,0,0,0,0,0,0,0,0,0,0,0,2022
621100,Widerstand gegen und t tlicher Angriff auf Vollstreckungsbeamte und gleichstehende Personen    113-115 StGB,16051000,Erfurt,voll.,448,392,56,0,0,0,0,0,0,0,0,0,1,1,0,18,15,3,427,374,53,2,2,0,429,376,53,2022
621100,Widerstand gegen und t tlicher Angriff auf Vollstreckungsbeamte und gleichstehende Personen    113-115 StGB,16051000,Erfurt,insg.,448,392,56,0,0,0,0,0,0,0,0,0,1,1,0,18,15,3,427,374,53,2,2,0,429,376,53,2022
621100,Widerstand gegen und t tlicher Angriff auf Vollstreckungsbeamte und gleichstehende Personen    113-115 StGB,9562000,Erlangen,vers.,0,0,0,0,0,0,0,0,0,0,0,0,0,0,0,0,0,0,0,0,0,0,0,0,0,0,0,2022
621100,Widerstand gegen und t tlicher Angriff auf Vollstreckungsbeamte und gleichstehende Personen    113-115 StGB,9562000,Erlangen,voll.,129,115,14,0,0,0,0,0,0,0,0,0,0,0,0,4,3,1,124,111,13,1,1,0,125,112,13,2022
621100,Widerstand gegen und t tlicher Angriff auf Vollstreckungsbeamte und gleichstehende Personen    113-115 StGB,9562000,Erlangen,insg.,129,115,14,0,0,0,0,0,0,0,0,0,0,0,0,4,3,1,124,111,13,1,1,0,125,112,13,2022
621100,Widerstand gegen und t tlicher Angriff auf Vollstreckungsbeamte und gleichstehende Personen    113-115 StGB,5113000,Essen,vers.,0,0,0,0,0,0,0,0,0,0,0,0,0,0,0,0,0,0,0,0,0,0,0,0,0,0,0,2022
621100,Widerstand gegen und t tlicher Angriff auf Vollstreckungsbeamte und gleichstehende Personen    113-115 StGB,5113000,Essen,voll.,894,687,207,0,0,0,0,0,0,0,0,0,0,0,0,12,9,3,858,656,202,24,22,2,882,678,204,2022
621100,Widerstand gegen und t tlicher Angriff auf Vollstreckungsbeamte und gleichstehende Personen    113-115 StGB,5113000,Essen,insg.,894,687,207,0,0,0,0,0,0,0,0,0,0,0,0,12,9,3,858,656,202,24,22,2,882,678,204,2022
621100,Widerstand gegen und t tlicher Angriff auf Vollstreckungsbeamte und gleichstehende Personen    113-115 StGB,6412000,Frankfurt am Main,vers.,0,0,0,0,0,0,0,0,0,0,0,0,0,0,0,0,0,0,0,0,0,0,0,0,0,0,0,2022
621100,Widerstand gegen und t tlicher Angriff auf Vollstreckungsbeamte und gleichstehende Personen    113-115 StGB,6412000,Frankfurt am Main,voll.,1703,1367,336,3,3,0,0,0,0,3,3,0,1,1,0,26,21,5,1670,1339,331,3,3,0,1673,1342,331,2022
621100,Widerstand gegen und t tlicher Angriff auf Vollstreckungsbeamte und gleichstehende Personen    113-115 StGB,6412000,Frankfurt am Main,insg.,1703,1367,336,3,3,0,0,0,0,3,3,0,1,1,0,26,21,5,1670,1339,331,3,3,0,1673,1342,331,2022
621100,Widerstand gegen und t tlicher Angriff auf Vollstreckungsbeamte und gleichstehende Personen    113-115 StGB,8311000,Freiburg im Breisgau,vers.,0,0,0,0,0,0,0,0,0,0,0,0,0,0,0,0,0,0,0,0,0,0,0,0,0,0,0,2022
621100,Widerstand gegen und t tlicher Angriff auf Vollstreckungsbeamte und gleichstehende Personen    113-115 StGB,8311000,Freiburg im Breisgau,voll.,549,436,113,0,0,0,0,0,0,0,0,0,0,0,0,27,21,6,521,415,106,1,0,1,522,415,107,2022
621100,Widerstand gegen und t tlicher Angriff auf Vollstreckungsbeamte und gleichstehende Personen    113-115 StGB,8311000,Freiburg im Breisgau,insg.,549,436,113,0,0,0,0,0,0,0,0,0,0,0,0,27,21,6,521,415,106,1,0,1,522,415,107,2022
621100,Widerstand gegen und t tlicher Angriff auf Vollstreckungsbeamte und gleichstehende Personen    113-115 StGB,9563000,F rth,vers.,0,0,0,0,0,0,0,0,0,0,0,0,0,0,0,0,0,0,0,0,0,0,0,0,0,0,0,2022
621100,Widerstand gegen und t tlicher Angriff auf Vollstreckungsbeamte und gleichstehende Personen    113-115 StGB,9563000,F rth,voll.,117,87,30,0,0,0,0,0,0,0,0,0,0,0,0,5,2,3,112,85,27,0,0,0,112,85,27,2022
621100,Widerstand gegen und t tlicher Angriff auf Vollstreckungsbeamte und gleichstehende Personen    113-115 StGB,9563000,F rth,insg.,117,87,30,0,0,0,0,0,0,0,0,0,0,0,0,5,2,3,112,85,27,0,0,0,112,85,27,2022
621100,Widerstand gegen und t tlicher Angriff auf Vollstreckungsbeamte und gleichstehende Personen    113-115 StGB,5513000,Gelsenkirchen,vers.,0,0,0,0,0,0,0,0,0,0,0,0,0,0,0,0,0,0,0,0,0,0,0,0,0,0,0,2022
621100,Widerstand gegen und t tlicher Angriff auf Vollstreckungsbeamte und gleichstehende Personen    113-115 StGB,5513000,Gelsenkirchen,voll.,507,384,123,0,0,0,0,0,0,0,0,0,1,0,1,11,7,4,492,374,118,3,3,0,495,377,118,2022
621100,Widerstand gegen und t tlicher Angriff auf Vollstreckungsbeamte und gleichstehende Personen    113-115 StGB,5513000,Gelsenkirchen,insg.,507,384,123,0,0,0,0,0,0,0,0,0,1,0,1,11,7,4,492,374,118,3,3,0,495,377,118,2022
621100,Widerstand gegen und t tlicher Angriff auf Vollstreckungsbeamte und gleichstehende Personen    113-115 StGB,3159016,G ttingen,vers.,0,0,0,0,0,0,0,0,0,0,0,0,0,0,0,0,0,0,0,0,0,0,0,0,0,0,0,2022
621100,Widerstand gegen und t tlicher Angriff auf Vollstreckungsbeamte und gleichstehende Personen    113-115 StGB,3159016,G ttingen,voll.,265,183,82,0,0,0,0,0,0,0,0,0,0,0,0,2,2,0,263,181,82,0,0,0,263,181,82,2022
621100,Widerstand gegen und t tlicher Angriff auf Vollstreckungsbeamte und gleichstehende Personen    113-115 StGB,3159016,G ttingen,insg.,265,183,82,0,0,0,0,0,0,0,0,0,0,0,0,2,2,0,263,181,82,0,0,0,263,181,82,2022
621100,Widerstand gegen und t tlicher Angriff auf Vollstreckungsbeamte und gleichstehende Personen    113-115 StGB,5754008,G tersloh,vers.,0,0,0,0,0,0,0,0,0,0,0,0,0,0,0,0,0,0,0,0,0,0,0,0,0,0,0,2022
621100,Widerstand gegen und t tlicher Angriff auf Vollstreckungsbeamte und gleichstehende Personen    113-115 StGB,5754008,G tersloh,voll.,193,146,47,0,0,0,0,0,0,0,0,0,0,0,0,3,0,3,189,145,44,1,1,0,190,146,44,2022
621100,Widerstand gegen und t tlicher Angriff auf Vollstreckungsbeamte und gleichstehende Personen    113-115 StGB,5754008,G tersloh,insg.,193,146,47,0,0,0,0,0,0,0,0,0,0,0,0,3,0,3,189,145,44,1,1,0,190,146,44,2022
621100,Widerstand gegen und t tlicher Angriff auf Vollstreckungsbeamte und gleichstehende Personen    113-115 StGB,5914000,Hagen,vers.,0,0,0,0,0,0,0,0,0,0,0,0,0,0,0,0,0,0,0,0,0,0,0,0,0,0,0,2022
621100,Widerstand gegen und t tlicher Angriff auf Vollstreckungsbeamte und gleichstehende Personen    113-115 StGB,5914000,Hagen,voll.,404,273,131,0,0,0,0,0,0,0,0,0,0,0,0,8,2,6,395,270,125,1,1,0,396,271,125,2022
621100,Widerstand gegen und t tlicher Angriff auf Vollstreckungsbeamte und gleichstehende Personen    113-115 StGB,5914000,Hagen,insg.,404,273,131,0,0,0,0,0,0,0,0,0,0,0,0,8,2,6,395,270,125,1,1,0,396,271,125,2022
621100,Widerstand gegen und t tlicher Angriff auf Vollstreckungsbeamte und gleichstehende Personen    113-115 StGB,15002000,Halle (Saale),vers.,0,0,0,0,0,0,0,0,0,0,0,0,0,0,0,0,0,0,0,0,0,0,0,0,0,0,0,2022
621100,Widerstand gegen und t tlicher Angriff auf Vollstreckungsbeamte und gleichstehende Personen    113-115 StGB,15002000,Halle (Saale),voll.,388,303,85,0,0,0,0,0,0,0,0,0,0,0,0,21,11,10,364,290,74,3,2,1,367,292,75,2022
621100,Widerstand gegen und t tlicher Angriff auf Vollstreckungsbeamte und gleichstehende Personen    113-115 StGB,15002000,Halle (Saale),insg.,388,303,85,0,0,0,0,0,0,0,0,0,0,0,0,21,11,10,364,290,74,3,2,1,367,292,75,2022
621100,Widerstand gegen und t tlicher Angriff auf Vollstreckungsbeamte und gleichstehende Personen    113-115 StGB,2000000,Hamburg,vers.,0,0,0,0,0,0,0,0,0,0,0,0,0,0,0,0,0,0,0,0,0,0,0,0,0,0,0,2022
621100,Widerstand gegen und t tlicher Angriff auf Vollstreckungsbeamte und gleichstehende Personen    113-115 StGB,2000000,Hamburg,voll.,2440,1909,531,0,0,0,0,0,0,0,0,0,0,0,0,39,28,11,2399,1879,520,2,2,0,2401,1881,520,2022
621100,Widerstand gegen und t tlicher Angriff auf Vollstreckungsbeamte und gleichstehende Personen    113-115 StGB,2000000,Hamburg,insg.,2440,1909,531,0,0,0,0,0,0,0,0,0,0,0,0,39,28,11,2399,1879,520,2,2,0,2401,1881,520,2022
621100,Widerstand gegen und t tlicher Angriff auf Vollstreckungsbeamte und gleichstehende Personen    113-115 StGB,5915000,Hamm,vers.,0,0,0,0,0,0,0,0,0,0,0,0,0,0,0,0,0,0,0,0,0,0,0,0,0,0,0,2022
621100,Widerstand gegen und t tlicher Angriff auf Vollstreckungsbeamte und gleichstehende Personen    113-115 StGB,5915000,Hamm,voll.,334,270,64,0,0,0,0,0,0,0,0,0,0,0,0,6,6,0,325,261,64,3,3,0,328,264,64,2022
621100,Widerstand gegen und t tlicher Angriff auf Vollstreckungsbeamte und gleichstehende Personen    113-115 StGB,5915000,Hamm,insg.,334,270,64,0,0,0,0,0,0,0,0,0,0,0,0,6,6,0,325,261,64,3,3,0,328,264,64,2022
621100,Widerstand gegen und t tlicher Angriff auf Vollstreckungsbeamte und gleichstehende Personen    113-115 StGB,6435014,Hanau,vers.,0,0,0,0,0,0,0,0,0,0,0,0,0,0,0,0,0,0,0,0,0,0,0,0,0,0,0,2022
621100,Widerstand gegen und t tlicher Angriff auf Vollstreckungsbeamte und gleichstehende Personen    113-115 StGB,6435014,Hanau,voll.,73,59,14,0,0,0,0,0,0,0,0,0,0,0,0,3,2,1,70,57,13,0,0,0,70,57,13,2022
621100,Widerstand gegen und t tlicher Angriff auf Vollstreckungsbeamte und gleichstehende Personen    113-115 StGB,6435014,Hanau,insg.,73,59,14,0,0,0,0,0,0,0,0,0,0,0,0,3,2,1,70,57,13,0,0,0,70,57,13,2022
621100,Widerstand gegen und t tlicher Angriff auf Vollstreckungsbeamte und gleichstehende Personen    113-115 StGB,3241001,Hannover,vers.,0,0,0,0,0,0,0,0,0,0,0,0,0,0,0,0,0,0,0,0,0,0,0,0,0,0,0,2022
621100,Widerstand gegen und t tlicher Angriff auf Vollstreckungsbeamte und gleichstehende Personen    113-115 StGB,3241001,Hannover,voll.,1479,1115,364,0,0,0,0,0,0,0,0,0,0,0,0,26,10,16,1448,1100,348,5,5,0,1453,1105,348,2022
621100,Widerstand gegen und t tlicher Angriff auf Vollstreckungsbeamte und gleichstehende Personen    113-115 StGB,3241001,Hannover,insg.,1479,1115,364,0,0,0,0,0,0,0,0,0,0,0,0,26,10,16,1448,1100,348,5,5,0,1453,1105,348,2022
621100,Widerstand gegen und t tlicher Angriff auf Vollstreckungsbeamte und gleichstehende Personen    113-115 StGB,8221000,Heidelberg,vers.,0,0,0,0,0,0,0,0,0,0,0,0,0,0,0,0,0,0,0,0,0,0,0,0,0,0,0,2022
621100,Widerstand gegen und t tlicher Angriff auf Vollstreckungsbeamte und gleichstehende Personen    113-115 StGB,8221000,Heidelberg,voll.,328,239,89,0,0,0,0,0,0,0,0,0,0,0,0,8,5,3,319,233,86,1,1,0,320,234,86,2022
621100,Widerstand gegen und t tlicher Angriff auf Vollstreckungsbeamte und gleichstehende Personen    113-115 StGB,8221000,Heidelberg,insg.,328,239,89,0,0,0,0,0,0,0,0,0,0,0,0,8,5,3,319,233,86,1,1,0,320,234,86,2022
621100,Widerstand gegen und t tlicher Angriff auf Vollstreckungsbeamte und gleichstehende Personen    113-115 StGB,8121000,Heilbronn,vers.,0,0,0,0,0,0,0,0,0,0,0,0,0,0,0,0,0,0,0,0,0,0,0,0,0,0,0,2022
621100,Widerstand gegen und t tlicher Angriff auf Vollstreckungsbeamte und gleichstehende Personen    113-115 StGB,8121000,Heilbronn,voll.,145,113,32,5,4,1,0,0,0,5,4,1,0,0,0,10,9,1,130,100,30,0,0,0,130,100,30,2022
621100,Widerstand gegen und t tlicher Angriff auf Vollstreckungsbeamte und gleichstehende Personen    113-115 StGB,8121000,Heilbronn,insg.,145,113,32,5,4,1,0,0,0,5,4,1,0,0,0,10,9,1,130,100,30,0,0,0,130,100,30,2022
621100,Widerstand gegen und t tlicher Angriff auf Vollstreckungsbeamte und gleichstehende Personen    113-115 StGB,5916000,Herne,vers.,0,0,0,0,0,0,0,0,0,0,0,0,0,0,0,0,0,0,0,0,0,0,0,0,0,0,0,2022
621100,Widerstand gegen und t tlicher Angriff auf Vollstreckungsbeamte und gleichstehende Personen    113-115 StGB,5916000,Herne,voll.,285,239,46,0,0,0,0,0,0,0,0,0,0,0,0,0,0,0,284,238,46,1,1,0,285,239,46,2022
621100,Widerstand gegen und t tlicher Angriff auf Vollstreckungsbeamte und gleichstehende Personen    113-115 StGB,5916000,Herne,insg.,285,239,46,0,0,0,0,0,0,0,0,0,0,0,0,0,0,0,284,238,46,1,1,0,285,239,46,2022
621100,Widerstand gegen und t tlicher Angriff auf Vollstreckungsbeamte und gleichstehende Personen    113-115 StGB,3254021,Hildesheim,vers.,0,0,0,0,0,0,0,0,0,0,0,0,0,0,0,0,0,0,0,0,0,0,0,0,0,0,0,2022
621100,Widerstand gegen und t tlicher Angriff auf Vollstreckungsbeamte und gleichstehende Personen    113-115 StGB,3254021,Hildesheim,voll.,149,98,51,0,0,0,0,0,0,0,0,0,0,0,0,0,0,0,149,98,51,0,0,0,149,98,51,2022
621100,Widerstand gegen und t tlicher Angriff auf Vollstreckungsbeamte und gleichstehende Personen    113-115 StGB,3254021,Hildesheim,insg.,149,98,51,0,0,0,0,0,0,0,0,0,0,0,0,0,0,0,149,98,51,0,0,0,149,98,51,2022
621100,Widerstand gegen und t tlicher Angriff auf Vollstreckungsbeamte und gleichstehende Personen    113-115 StGB,9161000,Ingolstadt,vers.,0,0,0,0,0,0,0,0,0,0,0,0,0,0,0,0,0,0,0,0,0,0,0,0,0,0,0,2022
621100,Widerstand gegen und t tlicher Angriff auf Vollstreckungsbeamte und gleichstehende Personen    113-115 StGB,9161000,Ingolstadt,voll.,244,183,61,0,0,0,0,0,0,0,0,0,0,0,0,4,1,3,240,182,58,0,0,0,240,182,58,2022
621100,Widerstand gegen und t tlicher Angriff auf Vollstreckungsbeamte und gleichstehende Personen    113-115 StGB,9161000,Ingolstadt,insg.,244,183,61,0,0,0,0,0,0,0,0,0,0,0,0,4,1,3,240,182,58,0,0,0,240,182,58,2022
621100,Widerstand gegen und t tlicher Angriff auf Vollstreckungsbeamte und gleichstehende Personen    113-115 StGB,16053000,Jena,vers.,0,0,0,0,0,0,0,0,0,0,0,0,0,0,0,0,0,0,0,0,0,0,0,0,0,0,0,2022
621100,Widerstand gegen und t tlicher Angriff auf Vollstreckungsbeamte und gleichstehende Personen    113-115 StGB,16053000,Jena,voll.,95,86,9,0,0,0,0,0,0,0,0,0,0,0,0,6,6,0,88,79,9,1,1,0,89,80,9,2022
621100,Widerstand gegen und t tlicher Angriff auf Vollstreckungsbeamte und gleichstehende Personen    113-115 StGB,16053000,Jena,insg.,95,86,9,0,0,0,0,0,0,0,0,0,0,0,0,6,6,0,88,79,9,1,1,0,89,80,9,2022
621100,Widerstand gegen und t tlicher Angriff auf Vollstreckungsbeamte und gleichstehende Personen    113-115 StGB,7312000,Kaiserslautern,vers.,0,0,0,0,0,0,0,0,0,0,0,0,0,0,0,0,0,0,0,0,0,0,0,0,0,0,0,2022
621100,Widerstand gegen und t tlicher Angriff auf Vollstreckungsbeamte und gleichstehende Personen    113-115 StGB,7312000,Kaiserslautern,voll.,235,188,47,0,0,0,0,0,0,0,0,0,0,0,0,3,3,0,232,185,47,0,0,0,232,185,47,2022
621100,Widerstand gegen und t tlicher Angriff auf Vollstreckungsbeamte und gleichstehende Personen    113-115 StGB,7312000,Kaiserslautern,insg.,235,188,47,0,0,0,0,0,0,0,0,0,0,0,0,3,3,0,232,185,47,0,0,0,232,185,47,2022
621100,Widerstand gegen und t tlicher Angriff auf Vollstreckungsbeamte und gleichstehende Personen    113-115 StGB,8212000,Karlsruhe,vers.,0,0,0,0,0,0,0,0,0,0,0,0,0,0,0,0,0,0,0,0,0,0,0,0,0,0,0,2022
621100,Widerstand gegen und t tlicher Angriff auf Vollstreckungsbeamte und gleichstehende Personen    113-115 StGB,8212000,Karlsruhe,voll.,509,392,117,0,0,0,0,0,0,0,0,0,1,0,1,11,9,2,493,379,114,4,4,0,497,383,114,2022
621100,Widerstand gegen und t tlicher Angriff auf Vollstreckungsbeamte und gleichstehende Personen    113-115 StGB,8212000,Karlsruhe,insg.,509,392,117,0,0,0,0,0,0,0,0,0,1,0,1,11,9,2,493,379,114,4,4,0,497,383,114,2022
621100,Widerstand gegen und t tlicher Angriff auf Vollstreckungsbeamte und gleichstehende Personen    113-115 StGB,6611000,Kassel,vers.,0,0,0,0,0,0,0,0,0,0,0,0,0,0,0,0,0,0,0,0,0,0,0,0,0,0,0,2022
621100,Widerstand gegen und t tlicher Angriff auf Vollstreckungsbeamte und gleichstehende Personen    113-115 StGB,6611000,Kassel,voll.,285,241,44,0,0,0,0,0,0,0,0,0,1,1,0,8,8,0,275,231,44,1,1,0,276,232,44,2022
621100,Widerstand gegen und t tlicher Angriff auf Vollstreckungsbeamte und gleichstehende Personen    113-115 StGB,6611000,Kassel,insg.,285,241,44,0,0,0,0,0,0,0,0,0,1,1,0,8,8,0,275,231,44,1,1,0,276,232,44,2022
621100,Widerstand gegen und t tlicher Angriff auf Vollstreckungsbeamte und gleichstehende Personen    113-115 StGB,1002000,Kiel,vers.,0,0,0,0,0,0,0,0,0,0,0,0,0,0,0,0,0,0,0,0,0,0,0,0,0,0,0,2022
621100,Widerstand gegen und t tlicher Angriff auf Vollstreckungsbeamte und gleichstehende Personen    113-115 StGB,1002000,Kiel,voll.,465,358,107,0,0,0,0,0,0,0,0,0,0,0,0,8,6,2,456,351,105,1,1,0,457,352,105,2022
621100,Widerstand gegen und t tlicher Angriff auf Vollstreckungsbeamte und gleichstehende Personen    113-115 StGB,1002000,Kiel,insg.,465,358,107,0,0,0,0,0,0,0,0,0,0,0,0,8,6,2,456,351,105,1,1,0,457,352,105,2022
621100,Widerstand gegen und t tlicher Angriff auf Vollstreckungsbeamte und gleichstehende Personen    113-115 StGB,7111000,Koblenz,vers.,0,0,0,0,0,0,0,0,0,0,0,0,0,0,0,0,0,0,0,0,0,0,0,0,0,0,0,2022
621100,Widerstand gegen und t tlicher Angriff auf Vollstreckungsbeamte und gleichstehende Personen    113-115 StGB,7111000,Koblenz,voll.,325,255,70,0,0,0,0,0,0,0,0,0,1,1,0,5,4,1,315,246,69,4,4,0,319,250,69,2022
621100,Widerstand gegen und t tlicher Angriff auf Vollstreckungsbeamte und gleichstehende Personen    113-115 StGB,7111000,Koblenz,insg.,325,255,70,0,0,0,0,0,0,0,0,0,1,1,0,5,4,1,315,246,69,4,4,0,319,250,69,2022
621100,Widerstand gegen und t tlicher Angriff auf Vollstreckungsbeamte und gleichstehende Personen    113-115 StGB,5315000,K ln,vers.,0,0,0,0,0,0,0,0,0,0,0,0,0,0,0,0,0,0,0,0,0,0,0,0,0,0,0,2022
621100,Widerstand gegen und t tlicher Angriff auf Vollstreckungsbeamte und gleichstehende Personen    113-115 StGB,5315000,K ln,voll.,2025,1439,586,0,0,0,0,0,0,0,0,0,0,0,0,23,17,6,1985,1407,578,17,15,2,2002,1422,580,2022
621100,Widerstand gegen und t tlicher Angriff auf Vollstreckungsbeamte und gleichstehende Personen    113-115 StGB,5315000,K ln,insg.,2025,1439,586,0,0,0,0,0,0,0,0,0,0,0,0,23,17,6,1985,1407,578,17,15,2,2002,1422,580,2022
621100,Widerstand gegen und t tlicher Angriff auf Vollstreckungsbeamte und gleichstehende Personen    113-115 StGB,5114000,Krefeld,vers.,0,0,0,0,0,0,0,0,0,0,0,0,0,0,0,0,0,0,0,0,0,0,0,0,0,0,0,2022
621100,Widerstand gegen und t tlicher Angriff auf Vollstreckungsbeamte und gleichstehende Personen    113-115 StGB,5114000,Krefeld,voll.,312,211,101,0,0,0,0,0,0,0,0,0,0,0,0,9,7,2,301,202,99,2,2,0,303,204,99,2022
621100,Widerstand gegen und t tlicher Angriff auf Vollstreckungsbeamte und gleichstehende Personen    113-115 StGB,5114000,Krefeld,insg.,312,211,101,0,0,0,0,0,0,0,0,0,0,0,0,9,7,2,301,202,99,2,2,0,303,204,99,2022
621100,Widerstand gegen und t tlicher Angriff auf Vollstreckungsbeamte und gleichstehende Personen    113-115 StGB,14713000,Leipzig,vers.,0,0,0,0,0,0,0,0,0,0,0,0,0,0,0,0,0,0,0,0,0,0,0,0,0,0,0,2022
621100,Widerstand gegen und t tlicher Angriff auf Vollstreckungsbeamte und gleichstehende Personen    113-115 StGB,14713000,Leipzig,voll.,1153,992,161,0,0,0,0,0,0,0,0,0,0,0,0,26,23,3,1120,962,158,7,7,0,1127,969,158,2022
621100,Widerstand gegen und t tlicher Angriff auf Vollstreckungsbeamte und gleichstehende Personen    113-115 StGB,14713000,Leipzig,insg.,1153,992,161,0,0,0,0,0,0,0,0,0,0,0,0,26,23,3,1120,962,158,7,7,0,1127,969,158,2022
621100,Widerstand gegen und t tlicher Angriff auf Vollstreckungsbeamte und gleichstehende Personen    113-115 StGB,5316000,Leverkusen,vers.,0,0,0,0,0,0,0,0,0,0,0,0,0,0,0,0,0,0,0,0,0,0,0,0,0,0,0,2022
621100,Widerstand gegen und t tlicher Angriff auf Vollstreckungsbeamte und gleichstehende Personen    113-115 StGB,5316000,Leverkusen,voll.,154,114,40,0,0,0,0,0,0,0,0,0,0,0,0,3,3,0,149,110,39,2,1,1,151,111,40,2022
621100,Widerstand gegen und t tlicher Angriff auf Vollstreckungsbeamte und gleichstehende Personen    113-115 StGB,5316000,Leverkusen,insg.,154,114,40,0,0,0,0,0,0,0,0,0,0,0,0,3,3,0,149,110,39,2,1,1,151,111,40,2022
621100,Widerstand gegen und t tlicher Angriff auf Vollstreckungsbeamte und gleichstehende Personen    113-115 StGB,1003000,L beck,vers.,0,0,0,0,0,0,0,0,0,0,0,0,0,0,0,0,0,0,0,0,0,0,0,0,0,0,0,2022
621100,Widerstand gegen und t tlicher Angriff auf Vollstreckungsbeamte und gleichstehende Personen    113-115 StGB,1003000,L beck,voll.,650,495,155,0,0,0,0,0,0,0,0,0,0,0,0,21,12,9,625,480,145,4,3,1,629,483,146,2022
621100,Widerstand gegen und t tlicher Angriff auf Vollstreckungsbeamte und gleichstehende Personen    113-115 StGB,1003000,L beck,insg.,650,495,155,0,0,0,0,0,0,0,0,0,0,0,0,21,12,9,625,480,145,4,3,1,629,483,146,2022
621100,Widerstand gegen und t tlicher Angriff auf Vollstreckungsbeamte und gleichstehende Personen    113-115 StGB,7314000,Ludwigshafen am Rhein,vers.,0,0,0,0,0,0,0,0,0,0,0,0,0,0,0,0,0,0,0,0,0,0,0,0,0,0,0,2022
621100,Widerstand gegen und t tlicher Angriff auf Vollstreckungsbeamte und gleichstehende Personen    113-115 StGB,7314000,Ludwigshafen am Rhein,voll.,175,144,31,0,0,0,0,0,0,0,0,0,0,0,0,0,0,0,175,144,31,0,0,0,175,144,31,2022
621100,Widerstand gegen und t tlicher Angriff auf Vollstreckungsbeamte und gleichstehende Personen    113-115 StGB,7314000,Ludwigshafen am Rhein,insg.,175,144,31,0,0,0,0,0,0,0,0,0,0,0,0,0,0,0,175,144,31,0,0,0,175,144,31,2022
621100,Widerstand gegen und t tlicher Angriff auf Vollstreckungsbeamte und gleichstehende Personen    113-115 StGB,15003000,Magdeburg,vers.,0,0,0,0,0,0,0,0,0,0,0,0,0,0,0,0,0,0,0,0,0,0,0,0,0,0,0,2022
621100,Widerstand gegen und t tlicher Angriff auf Vollstreckungsbeamte und gleichstehende Personen    113-115 StGB,15003000,Magdeburg,voll.,391,319,72,0,0,0,0,0,0,0,0,0,0,0,0,36,28,8,346,282,64,9,9,0,355,291,64,2022
621100,Widerstand gegen und t tlicher Angriff auf Vollstreckungsbeamte und gleichstehende Personen    113-115 StGB,15003000,Magdeburg,insg.,391,319,72,0,0,0,0,0,0,0,0,0,0,0,0,36,28,8,346,282,64,9,9,0,355,291,64,2022
621100,Widerstand gegen und t tlicher Angriff auf Vollstreckungsbeamte und gleichstehende Personen    113-115 StGB,7315000,Mainz,vers.,0,0,0,0,0,0,0,0,0,0,0,0,0,0,0,0,0,0,0,0,0,0,0,0,0,0,0,2022
621100,Widerstand gegen und t tlicher Angriff auf Vollstreckungsbeamte und gleichstehende Personen    113-115 StGB,7315000,Mainz,voll.,264,220,44,0,0,0,0,0,0,0,0,0,0,0,0,12,11,1,252,209,43,0,0,0,252,209,43,2022
621100,Widerstand gegen und t tlicher Angriff auf Vollstreckungsbeamte und gleichstehende Personen    113-115 StGB,7315000,Mainz,insg.,264,220,44,0,0,0,0,0,0,0,0,0,0,0,0,12,11,1,252,209,43,0,0,0,252,209,43,2022
621100,Widerstand gegen und t tlicher Angriff auf Vollstreckungsbeamte und gleichstehende Personen    113-115 StGB,8222000,Mannheim,vers.,0,0,0,0,0,0,0,0,0,0,0,0,0,0,0,0,0,0,0,0,0,0,0,0,0,0,0,2022
621100,Widerstand gegen und t tlicher Angriff auf Vollstreckungsbeamte und gleichstehende Personen    113-115 StGB,8222000,Mannheim,voll.,419,339,80,0,0,0,0,0,0,0,0,0,0,0,0,7,5,2,408,330,78,4,4,0,412,334,78,2022
621100,Widerstand gegen und t tlicher Angriff auf Vollstreckungsbeamte und gleichstehende Personen    113-115 StGB,8222000,Mannheim,insg.,419,339,80,0,0,0,0,0,0,0,0,0,0,0,0,7,5,2,408,330,78,4,4,0,412,334,78,2022
621100,Widerstand gegen und t tlicher Angriff auf Vollstreckungsbeamte und gleichstehende Personen    113-115 StGB,5170024,Moers,vers.,0,0,0,0,0,0,0,0,0,0,0,0,0,0,0,0,0,0,0,0,0,0,0,0,0,0,0,2022
621100,Widerstand gegen und t tlicher Angriff auf Vollstreckungsbeamte und gleichstehende Personen    113-115 StGB,5170024,Moers,voll.,79,55,24,0,0,0,0,0,0,0,0,0,0,0,0,1,1,0,78,54,24,0,0,0,78,54,24,2022
621100,Widerstand gegen und t tlicher Angriff auf Vollstreckungsbeamte und gleichstehende Personen    113-115 StGB,5170024,Moers,insg.,79,55,24,0,0,0,0,0,0,0,0,0,0,0,0,1,1,0,78,54,24,0,0,0,78,54,24,2022
621100,Widerstand gegen und t tlicher Angriff auf Vollstreckungsbeamte und gleichstehende Personen    113-115 StGB,5116000,M nchengladbach,vers.,0,0,0,0,0,0,0,0,0,0,0,0,0,0,0,0,0,0,0,0,0,0,0,0,0,0,0,2022
621100,Widerstand gegen und t tlicher Angriff auf Vollstreckungsbeamte und gleichstehende Personen    113-115 StGB,5116000,M nchengladbach,voll.,541,385,156,0,0,0,0,0,0,0,0,0,1,1,0,4,2,2,525,374,151,11,8,3,536,382,154,2022
621100,Widerstand gegen und t tlicher Angriff auf Vollstreckungsbeamte und gleichstehende Personen    113-115 StGB,5116000,M nchengladbach,insg.,541,385,156,0,0,0,0,0,0,0,0,0,1,1,0,4,2,2,525,374,151,11,8,3,536,382,154,2022
621100,Widerstand gegen und t tlicher Angriff auf Vollstreckungsbeamte und gleichstehende Personen    113-115 StGB,5117000,M lheim an der Ruhr,vers.,0,0,0,0,0,0,0,0,0,0,0,0,0,0,0,0,0,0,0,0,0,0,0,0,0,0,0,2022
621100,Widerstand gegen und t tlicher Angriff auf Vollstreckungsbeamte und gleichstehende Personen    113-115 StGB,5117000,M lheim an der Ruhr,voll.,147,99,48,0,0,0,0,0,0,0,0,0,0,0,0,0,0,0,144,98,46,3,1,2,147,99,48,2022
621100,Widerstand gegen und t tlicher Angriff auf Vollstreckungsbeamte und gleichstehende Personen    113-115 StGB,5117000,M lheim an der Ruhr,insg.,147,99,48,0,0,0,0,0,0,0,0,0,0,0,0,0,0,0,144,98,46,3,1,2,147,99,48,2022
621100,Widerstand gegen und t tlicher Angriff auf Vollstreckungsbeamte und gleichstehende Personen    113-115 StGB,9162000,M nchen,vers.,0,0,0,0,0,0,0,0,0,0,0,0,0,0,0,0,0,0,0,0,0,0,0,0,0,0,0,2022
621100,Widerstand gegen und t tlicher Angriff auf Vollstreckungsbeamte und gleichstehende Personen    113-115 StGB,9162000,M nchen,voll.,2520,1998,522,0,0,0,0,0,0,0,0,0,0,0,0,34,20,14,2482,1976,506,4,2,2,2486,1978,508,2022
621100,Widerstand gegen und t tlicher Angriff auf Vollstreckungsbeamte und gleichstehende Personen    113-115 StGB,9162000,M nchen,insg.,2520,1998,522,0,0,0,0,0,0,0,0,0,0,0,0,34,20,14,2482,1976,506,4,2,2,2486,1978,508,2022
621100,Widerstand gegen und t tlicher Angriff auf Vollstreckungsbeamte und gleichstehende Personen    113-115 StGB,5515000,M nster,vers.,0,0,0,0,0,0,0,0,0,0,0,0,0,0,0,0,0,0,0,0,0,0,0,0,0,0,0,2022
621100,Widerstand gegen und t tlicher Angriff auf Vollstreckungsbeamte und gleichstehende Personen    113-115 StGB,5515000,M nster,voll.,641,497,144,0,0,0,0,0,0,0,0,0,2,0,2,16,12,4,611,473,138,12,12,0,623,485,138,2022
621100,Widerstand gegen und t tlicher Angriff auf Vollstreckungsbeamte und gleichstehende Personen    113-115 StGB,5515000,M nster,insg.,641,497,144,0,0,0,0,0,0,0,0,0,2,0,2,16,12,4,611,473,138,12,12,0,623,485,138,2022
621100,Widerstand gegen und t tlicher Angriff auf Vollstreckungsbeamte und gleichstehende Personen    113-115 StGB,5162024,Neuss,vers.,0,0,0,0,0,0,0,0,0,0,0,0,0,0,0,0,0,0,0,0,0,0,0,0,0,0,0,2022
621100,Widerstand gegen und t tlicher Angriff auf Vollstreckungsbeamte und gleichstehende Personen    113-115 StGB,5162024,Neuss,voll.,116,76,40,0,0,0,0,0,0,0,0,0,0,0,0,0,0,0,116,76,40,0,0,0,116,76,40,2022
621100,Widerstand gegen und t tlicher Angriff auf Vollstreckungsbeamte und gleichstehende Personen    113-115 StGB,5162024,Neuss,insg.,116,76,40,0,0,0,0,0,0,0,0,0,0,0,0,0,0,0,116,76,40,0,0,0,116,76,40,2022
621100,Widerstand gegen und t tlicher Angriff auf Vollstreckungsbeamte und gleichstehende Personen    113-115 StGB,9564000,N rnberg,vers.,0,0,0,0,0,0,0,0,0,0,0,0,0,0,0,0,0,0,0,0,0,0,0,0,0,0,0,2022
621100,Widerstand gegen und t tlicher Angriff auf Vollstreckungsbeamte und gleichstehende Personen    113-115 StGB,9564000,N rnberg,voll.,812,633,179,0,0,0,0,0,0,0,0,0,0,0,0,19,15,4,793,618,175,0,0,0,793,618,175,2022
621100,Widerstand gegen und t tlicher Angriff auf Vollstreckungsbeamte und gleichstehende Personen    113-115 StGB,9564000,N rnberg,insg.,812,633,179,0,0,0,0,0,0,0,0,0,0,0,0,19,15,4,793,618,175,0,0,0,793,618,175,2022
621100,Widerstand gegen und t tlicher Angriff auf Vollstreckungsbeamte und gleichstehende Personen    113-115 StGB,5119000,Oberhausen,vers.,0,0,0,0,0,0,0,0,0,0,0,0,0,0,0,0,0,0,0,0,0,0,0,0,0,0,0,2022
621100,Widerstand gegen und t tlicher Angriff auf Vollstreckungsbeamte und gleichstehende Personen    113-115 StGB,5119000,Oberhausen,voll.,261,196,65,0,0,0,0,0,0,0,0,0,0,0,0,7,4,3,253,191,62,1,1,0,254,192,62,2022
621100,Widerstand gegen und t tlicher Angriff auf Vollstreckungsbeamte und gleichstehende Personen    113-115 StGB,5119000,Oberhausen,insg.,261,196,65,0,0,0,0,0,0,0,0,0,0,0,0,7,4,3,253,191,62,1,1,0,254,192,62,2022
621100,Widerstand gegen und t tlicher Angriff auf Vollstreckungsbeamte und gleichstehende Personen    113-115 StGB,6413000,Offenbach am Main,vers.,0,0,0,0,0,0,0,0,0,0,0,0,0,0,0,0,0,0,0,0,0,0,0,0,0,0,0,2022
621100,Widerstand gegen und t tlicher Angriff auf Vollstreckungsbeamte und gleichstehende Personen    113-115 StGB,6413000,Offenbach am Main,voll.,126,99,27,0,0,0,0,0,0,0,0,0,0,0,0,1,0,1,125,99,26,0,0,0,125,99,26,2022
621100,Widerstand gegen und t tlicher Angriff auf Vollstreckungsbeamte und gleichstehende Personen    113-115 StGB,6413000,Offenbach am Main,insg.,126,99,27,0,0,0,0,0,0,0,0,0,0,0,0,1,0,1,125,99,26,0,0,0,125,99,26,2022
621100,Widerstand gegen und t tlicher Angriff auf Vollstreckungsbeamte und gleichstehende Personen    113-115 StGB,3403000,Oldenburg (Oldenburg),vers.,0,0,0,0,0,0,0,0,0,0,0,0,0,0,0,0,0,0,0,0,0,0,0,0,0,0,0,2022
621100,Widerstand gegen und t tlicher Angriff auf Vollstreckungsbeamte und gleichstehende Personen    113-115 StGB,3403000,Oldenburg (Oldenburg),voll.,174,139,35,0,0,0,0,0,0,0,0,0,0,0,0,1,0,1,167,133,34,6,6,0,173,139,34,2022
621100,Widerstand gegen und t tlicher Angriff auf Vollstreckungsbeamte und gleichstehende Personen    113-115 StGB,3403000,Oldenburg (Oldenburg),insg.,174,139,35,0,0,0,0,0,0,0,0,0,0,0,0,1,0,1,167,133,34,6,6,0,173,139,34,2022
621100,Widerstand gegen und t tlicher Angriff auf Vollstreckungsbeamte und gleichstehende Personen    113-115 StGB,3404000,Osnabr ck,vers.,0,0,0,0,0,0,0,0,0,0,0,0,0,0,0,0,0,0,0,0,0,0,0,0,0,0,0,2022
621100,Widerstand gegen und t tlicher Angriff auf Vollstreckungsbeamte und gleichstehende Personen    113-115 StGB,3404000,Osnabr ck,voll.,371,291,80,0,0,0,0,0,0,0,0,0,0,0,0,3,3,0,368,288,80,0,0,0,368,288,80,2022
621100,Widerstand gegen und t tlicher Angriff auf Vollstreckungsbeamte und gleichstehende Personen    113-115 StGB,3404000,Osnabr ck,insg.,371,291,80,0,0,0,0,0,0,0,0,0,0,0,0,3,3,0,368,288,80,0,0,0,368,288,80,2022
621100,Widerstand gegen und t tlicher Angriff auf Vollstreckungsbeamte und gleichstehende Personen    113-115 StGB,5774032,Paderborn,vers.,0,0,0,0,0,0,0,0,0,0,0,0,0,0,0,0,0,0,0,0,0,0,0,0,0,0,0,2022
621100,Widerstand gegen und t tlicher Angriff auf Vollstreckungsbeamte und gleichstehende Personen    113-115 StGB,5774032,Paderborn,voll.,229,185,44,0,0,0,0,0,0,0,0,0,0,0,0,6,6,0,222,178,44,1,1,0,223,179,44,2022
621100,Widerstand gegen und t tlicher Angriff auf Vollstreckungsbeamte und gleichstehende Personen    113-115 StGB,5774032,Paderborn,insg.,229,185,44,0,0,0,0,0,0,0,0,0,0,0,0,6,6,0,222,178,44,1,1,0,223,179,44,2022
621100,Widerstand gegen und t tlicher Angriff auf Vollstreckungsbeamte und gleichstehende Personen    113-115 StGB,8231000,Pforzheim,vers.,0,0,0,0,0,0,0,0,0,0,0,0,0,0,0,0,0,0,0,0,0,0,0,0,0,0,0,2022
621100,Widerstand gegen und t tlicher Angriff auf Vollstreckungsbeamte und gleichstehende Personen    113-115 StGB,8231000,Pforzheim,voll.,154,115,39,0,0,0,0,0,0,0,0,0,0,0,0,3,2,1,149,111,38,2,2,0,151,113,38,2022
621100,Widerstand gegen und t tlicher Angriff auf Vollstreckungsbeamte und gleichstehende Personen    113-115 StGB,8231000,Pforzheim,insg.,154,115,39,0,0,0,0,0,0,0,0,0,0,0,0,3,2,1,149,111,38,2,2,0,151,113,38,2022
621100,Widerstand gegen und t tlicher Angriff auf Vollstreckungsbeamte und gleichstehende Personen    113-115 StGB,12054000,Potsdam,vers.,0,0,0,0,0,0,0,0,0,0,0,0,0,0,0,0,0,0,0,0,0,0,0,0,0,0,0,2022
621100,Widerstand gegen und t tlicher Angriff auf Vollstreckungsbeamte und gleichstehende Personen    113-115 StGB,12054000,Potsdam,voll.,155,120,35,0,0,0,0,0,0,0,0,0,0,0,0,3,3,0,152,117,35,0,0,0,152,117,35,2022
621100,Widerstand gegen und t tlicher Angriff auf Vollstreckungsbeamte und gleichstehende Personen    113-115 StGB,12054000,Potsdam,insg.,155,120,35,0,0,0,0,0,0,0,0,0,0,0,0,3,3,0,152,117,35,0,0,0,152,117,35,2022
621100,Widerstand gegen und t tlicher Angriff auf Vollstreckungsbeamte und gleichstehende Personen    113-115 StGB,5562032,Recklinghausen,vers.,0,0,0,0,0,0,0,0,0,0,0,0,0,0,0,0,0,0,0,0,0,0,0,0,0,0,0,2022
621100,Widerstand gegen und t tlicher Angriff auf Vollstreckungsbeamte und gleichstehende Personen    113-115 StGB,5562032,Recklinghausen,voll.,243,194,49,0,0,0,0,0,0,0,0,0,0,0,0,4,3,1,234,186,48,5,5,0,239,191,48,2022
621100,Widerstand gegen und t tlicher Angriff auf Vollstreckungsbeamte und gleichstehende Personen    113-115 StGB,5562032,Recklinghausen,insg.,243,194,49,0,0,0,0,0,0,0,0,0,0,0,0,4,3,1,234,186,48,5,5,0,239,191,48,2022
621100,Widerstand gegen und t tlicher Angriff auf Vollstreckungsbeamte und gleichstehende Personen    113-115 StGB,9362000,Regensburg,vers.,0,0,0,0,0,0,0,0,0,0,0,0,0,0,0,0,0,0,0,0,0,0,0,0,0,0,0,2022
621100,Widerstand gegen und t tlicher Angriff auf Vollstreckungsbeamte und gleichstehende Personen    113-115 StGB,9362000,Regensburg,voll.,241,190,51,0,0,0,0,0,0,0,0,0,1,1,0,7,5,2,233,184,49,0,0,0,233,184,49,2022
621100,Widerstand gegen und t tlicher Angriff auf Vollstreckungsbeamte und gleichstehende Personen    113-115 StGB,9362000,Regensburg,insg.,241,190,51,0,0,0,0,0,0,0,0,0,1,1,0,7,5,2,233,184,49,0,0,0,233,184,49,2022
621100,Widerstand gegen und t tlicher Angriff auf Vollstreckungsbeamte und gleichstehende Personen    113-115 StGB,5120000,Remscheid,vers.,0,0,0,0,0,0,0,0,0,0,0,0,0,0,0,0,0,0,0,0,0,0,0,0,0,0,0,2022
621100,Widerstand gegen und t tlicher Angriff auf Vollstreckungsbeamte und gleichstehende Personen    113-115 StGB,5120000,Remscheid,voll.,210,136,74,0,0,0,1,0,1,1,0,1,1,0,1,3,0,3,204,135,69,1,1,0,205,136,69,2022
621100,Widerstand gegen und t tlicher Angriff auf Vollstreckungsbeamte und gleichstehende Personen    113-115 StGB,5120000,Remscheid,insg.,210,136,74,0,0,0,1,0,1,1,0,1,1,0,1,3,0,3,204,135,69,1,1,0,205,136,69,2022
621100,Widerstand gegen und t tlicher Angriff auf Vollstreckungsbeamte und gleichstehende Personen    113-115 StGB,8415061,Reutlingen,vers.,0,0,0,0,0,0,0,0,0,0,0,0,0,0,0,0,0,0,0,0,0,0,0,0,0,0,0,2022
621100,Widerstand gegen und t tlicher Angriff auf Vollstreckungsbeamte und gleichstehende Personen    113-115 StGB,8415061,Reutlingen,voll.,153,110,43,0,0,0,0,0,0,0,0,0,0,0,0,4,2,2,149,108,41,0,0,0,149,108,41,2022
621100,Widerstand gegen und t tlicher Angriff auf Vollstreckungsbeamte und gleichstehende Personen    113-115 StGB,8415061,Reutlingen,insg.,153,110,43,0,0,0,0,0,0,0,0,0,0,0,0,4,2,2,149,108,41,0,0,0,149,108,41,2022
621100,Widerstand gegen und t tlicher Angriff auf Vollstreckungsbeamte und gleichstehende Personen    113-115 StGB,13003000,"Rostock, Hanse- und Universit tsstadt",vers.,0,0,0,0,0,0,0,0,0,0,0,0,0,0,0,0,0,0,0,0,0,0,0,0,0,0,0,2022
621100,Widerstand gegen und t tlicher Angriff auf Vollstreckungsbeamte und gleichstehende Personen    113-115 StGB,13003000,"Rostock, Hanse- und Universit tsstadt",voll.,391,338,53,0,0,0,0,0,0,0,0,0,0,0,0,12,10,2,377,326,51,2,2,0,379,328,51,2022
621100,Widerstand gegen und t tlicher Angriff auf Vollstreckungsbeamte und gleichstehende Personen    113-115 StGB,13003000,"Rostock, Hanse- und Universit tsstadt",insg.,391,338,53,0,0,0,0,0,0,0,0,0,0,0,0,12,10,2,377,326,51,2,2,0,379,328,51,2022
621100,Widerstand gegen und t tlicher Angriff auf Vollstreckungsbeamte und gleichstehende Personen    113-115 StGB,10041100,Saarbr cken,vers.,0,0,0,0,0,0,0,0,0,0,0,0,0,0,0,0,0,0,0,0,0,0,0,0,0,0,0,2022
621100,Widerstand gegen und t tlicher Angriff auf Vollstreckungsbeamte und gleichstehende Personen    113-115 StGB,10041100,Saarbr cken,voll.,528,411,117,0,0,0,0,0,0,0,0,0,0,0,0,11,11,0,514,397,117,3,3,0,517,400,117,2022
621100,Widerstand gegen und t tlicher Angriff auf Vollstreckungsbeamte und gleichstehende Personen    113-115 StGB,10041100,Saarbr cken,insg.,528,411,117,0,0,0,0,0,0,0,0,0,0,0,0,11,11,0,514,397,117,3,3,0,517,400,117,2022
621100,Widerstand gegen und t tlicher Angriff auf Vollstreckungsbeamte und gleichstehende Personen    113-115 StGB,3102000,Salzgitter,vers.,0,0,0,0,0,0,0,0,0,0,0,0,0,0,0,0,0,0,0,0,0,0,0,0,0,0,0,2022
621100,Widerstand gegen und t tlicher Angriff auf Vollstreckungsbeamte und gleichstehende Personen    113-115 StGB,3102000,Salzgitter,voll.,120,93,27,0,0,0,0,0,0,0,0,0,0,0,0,1,1,0,119,92,27,0,0,0,119,92,27,2022
621100,Widerstand gegen und t tlicher Angriff auf Vollstreckungsbeamte und gleichstehende Personen    113-115 StGB,3102000,Salzgitter,insg.,120,93,27,0,0,0,0,0,0,0,0,0,0,0,0,1,1,0,119,92,27,0,0,0,119,92,27,2022
621100,Widerstand gegen und t tlicher Angriff auf Vollstreckungsbeamte und gleichstehende Personen    113-115 StGB,13004000,Schwerin,vers.,0,0,0,0,0,0,0,0,0,0,0,0,0,0,0,0,0,0,0,0,0,0,0,0,0,0,0,2022
621100,Widerstand gegen und t tlicher Angriff auf Vollstreckungsbeamte und gleichstehende Personen    113-115 StGB,13004000,Schwerin,voll.,242,203,39,0,0,0,0,0,0,0,0,0,0,0,0,8,7,1,234,196,38,0,0,0,234,196,38,2022
621100,Widerstand gegen und t tlicher Angriff auf Vollstreckungsbeamte und gleichstehende Personen    113-115 StGB,13004000,Schwerin,insg.,242,203,39,0,0,0,0,0,0,0,0,0,0,0,0,8,7,1,234,196,38,0,0,0,234,196,38,2022
621100,Widerstand gegen und t tlicher Angriff auf Vollstreckungsbeamte und gleichstehende Personen    113-115 StGB,5970040,Siegen,vers.,0,0,0,0,0,0,0,0,0,0,0,0,0,0,0,0,0,0,0,0,0,0,0,0,0,0,0,2022
621100,Widerstand gegen und t tlicher Angriff auf Vollstreckungsbeamte und gleichstehende Personen    113-115 StGB,5970040,Siegen,voll.,313,233,80,0,0,0,0,0,0,0,0,0,1,0,1,4,4,0,306,228,78,2,1,1,308,229,79,2022
621100,Widerstand gegen und t tlicher Angriff auf Vollstreckungsbeamte und gleichstehende Personen    113-115 StGB,5970040,Siegen,insg.,313,233,80,0,0,0,0,0,0,0,0,0,1,0,1,4,4,0,306,228,78,2,1,1,308,229,79,2022
621100,Widerstand gegen und t tlicher Angriff auf Vollstreckungsbeamte und gleichstehende Personen    113-115 StGB,5122000,Solingen,vers.,0,0,0,0,0,0,0,0,0,0,0,0,0,0,0,0,0,0,0,0,0,0,0,0,0,0,0,2022
621100,Widerstand gegen und t tlicher Angriff auf Vollstreckungsbeamte und gleichstehende Personen    113-115 StGB,5122000,Solingen,voll.,206,164,42,0,0,0,0,0,0,0,0,0,0,0,0,2,2,0,203,161,42,1,1,0,204,162,42,2022
621100,Widerstand gegen und t tlicher Angriff auf Vollstreckungsbeamte und gleichstehende Personen    113-115 StGB,5122000,Solingen,insg.,206,164,42,0,0,0,0,0,0,0,0,0,0,0,0,2,2,0,203,161,42,1,1,0,204,162,42,2022
621100,Widerstand gegen und t tlicher Angriff auf Vollstreckungsbeamte und gleichstehende Personen    113-115 StGB,8111000,Stuttgart,vers.,0,0,0,0,0,0,0,0,0,0,0,0,0,0,0,0,0,0,0,0,0,0,0,0,0,0,0,2022
621100,Widerstand gegen und t tlicher Angriff auf Vollstreckungsbeamte und gleichstehende Personen    113-115 StGB,8111000,Stuttgart,voll.,1791,1399,392,0,0,0,0,0,0,0,0,0,0,0,0,46,27,19,1732,1359,373,13,13,0,1745,1372,373,2022
621100,Widerstand gegen und t tlicher Angriff auf Vollstreckungsbeamte und gleichstehende Personen    113-115 StGB,8111000,Stuttgart,insg.,1791,1399,392,0,0,0,0,0,0,0,0,0,0,0,0,46,27,19,1732,1359,373,13,13,0,1745,1372,373,2022
621100,Widerstand gegen und t tlicher Angriff auf Vollstreckungsbeamte und gleichstehende Personen    113-115 StGB,7211000,Trier,vers.,0,0,0,0,0,0,0,0,0,0,0,0,0,0,0,0,0,0,0,0,0,0,0,0,0,0,0,2022
621100,Widerstand gegen und t tlicher Angriff auf Vollstreckungsbeamte und gleichstehende Personen    113-115 StGB,7211000,Trier,voll.,163,127,36,0,0,0,0,0,0,0,0,0,0,0,0,4,3,1,159,124,35,0,0,0,159,124,35,2022
621100,Widerstand gegen und t tlicher Angriff auf Vollstreckungsbeamte und gleichstehende Personen    113-115 StGB,7211000,Trier,insg.,163,127,36,0,0,0,0,0,0,0,0,0,0,0,0,4,3,1,159,124,35,0,0,0,159,124,35,2022
621100,Widerstand gegen und t tlicher Angriff auf Vollstreckungsbeamte und gleichstehende Personen    113-115 StGB,8421000,Ulm,vers.,0,0,0,0,0,0,0,0,0,0,0,0,0,0,0,0,0,0,0,0,0,0,0,0,0,0,0,2022
621100,Widerstand gegen und t tlicher Angriff auf Vollstreckungsbeamte und gleichstehende Personen    113-115 StGB,8421000,Ulm,voll.,221,166,55,0,0,0,0,0,0,0,0,0,0,0,0,10,6,4,211,160,51,0,0,0,211,160,51,2022
621100,Widerstand gegen und t tlicher Angriff auf Vollstreckungsbeamte und gleichstehende Personen    113-115 StGB,8421000,Ulm,insg.,221,166,55,0,0,0,0,0,0,0,0,0,0,0,0,10,6,4,211,160,51,0,0,0,211,160,51,2022
621100,Widerstand gegen und t tlicher Angriff auf Vollstreckungsbeamte und gleichstehende Personen    113-115 StGB,6414000,Wiesbaden,vers.,0,0,0,0,0,0,0,0,0,0,0,0,0,0,0,0,0,0,0,0,0,0,0,0,0,0,0,2022
621100,Widerstand gegen und t tlicher Angriff auf Vollstreckungsbeamte und gleichstehende Personen    113-115 StGB,6414000,Wiesbaden,voll.,212,164,48,0,0,0,0,0,0,0,0,0,0,0,0,1,0,1,211,164,47,0,0,0,211,164,47,2022
621100,Widerstand gegen und t tlicher Angriff auf Vollstreckungsbeamte und gleichstehende Personen    113-115 StGB,6414000,Wiesbaden,insg.,212,164,48,0,0,0,0,0,0,0,0,0,0,0,0,1,0,1,211,164,47,0,0,0,211,164,47,2022
621100,Widerstand gegen und t tlicher Angriff auf Vollstreckungsbeamte und gleichstehende Personen    113-115 StGB,3103000,Wolfsburg,vers.,0,0,0,0,0,0,0,0,0,0,0,0,0,0,0,0,0,0,0,0,0,0,0,0,0,0,0,2022
621100,Widerstand gegen und t tlicher Angriff auf Vollstreckungsbeamte und gleichstehende Personen    113-115 StGB,3103000,Wolfsburg,voll.,125,96,29,0,0,0,0,0,0,0,0,0,0,0,0,0,0,0,124,96,28,1,0,1,125,96,29,2022
621100,Widerstand gegen und t tlicher Angriff auf Vollstreckungsbeamte und gleichstehende Personen    113-115 StGB,3103000,Wolfsburg,insg.,125,96,29,0,0,0,0,0,0,0,0,0,0,0,0,0,0,0,124,96,28,1,0,1,125,96,29,2022
621100,Widerstand gegen und t tlicher Angriff auf Vollstreckungsbeamte und gleichstehende Personen    113-115 StGB,5124000,Wuppertal,vers.,0,0,0,0,0,0,0,0,0,0,0,0,0,0,0,0,0,0,0,0,0,0,0,0,0,0,0,2022
621100,Widerstand gegen und t tlicher Angriff auf Vollstreckungsbeamte und gleichstehende Personen    113-115 StGB,5124000,Wuppertal,voll.,677,488,189,0,0,0,0,0,0,0,0,0,1,1,0,3,1,2,659,473,186,14,13,1,673,486,187,2022
621100,Widerstand gegen und t tlicher Angriff auf Vollstreckungsbeamte und gleichstehende Personen    113-115 StGB,5124000,Wuppertal,insg.,677,488,189,0,0,0,0,0,0,0,0,0,1,1,0,3,1,2,659,473,186,14,13,1,673,486,187,2022
621100,Widerstand gegen und t tlicher Angriff auf Vollstreckungsbeamte und gleichstehende Personen    113-115 StGB,9663000,W rzburg,vers.,0,0,0,0,0,0,0,0,0,0,0,0,0,0,0,0,0,0,0,0,0,0,0,0,0,0,0,2022
621100,Widerstand gegen und t tlicher Angriff auf Vollstreckungsbeamte und gleichstehende Personen    113-115 StGB,9663000,W rzburg,voll.,194,160,34,0,0,0,0,0,0,0,0,0,0,0,0,8,5,3,186,155,31,0,0,0,186,155,31,2022
621100,Widerstand gegen und t tlicher Angriff auf Vollstreckungsbeamte und gleichstehende Personen    113-115 StGB,9663000,W rzburg,insg.,194,160,34,0,0,0,0,0,0,0,0,0,0,0,0,8,5,3,186,155,31,0,0,0,186,155,31,2022
621110,"Widerstand gegen Vollstreckungsbeamte und gleichstehende Personen    113, 115 StGB",5334002,Aachen,vers.,0,0,0,0,0,0,0,0,0,0,0,0,0,0,0,0,0,0,0,0,0,0,0,0,0,0,0,2022
621110,"Widerstand gegen Vollstreckungsbeamte und gleichstehende Personen    113, 115 StGB",5334002,Aachen,voll.,316,238,78,1,1,0,0,0,0,1,1,0,0,0,0,6,4,2,296,224,72,13,9,4,309,233,76,2022
621110,"Widerstand gegen Vollstreckungsbeamte und gleichstehende Personen    113, 115 StGB",5334002,Aachen,insg.,316,238,78,1,1,0,0,0,0,1,1,0,0,0,0,6,4,2,296,224,72,13,9,4,309,233,76,2022
621110,"Widerstand gegen Vollstreckungsbeamte und gleichstehende Personen    113, 115 StGB",9761000,Augsburg,vers.,0,0,0,0,0,0,0,0,0,0,0,0,0,0,0,0,0,0,0,0,0,0,0,0,0,0,0,2022
621110,"Widerstand gegen Vollstreckungsbeamte und gleichstehende Personen    113, 115 StGB",9761000,Augsburg,voll.,277,221,56,0,0,0,0,0,0,0,0,0,0,0,0,6,3,3,271,218,53,0,0,0,271,218,53,2022
621110,"Widerstand gegen Vollstreckungsbeamte und gleichstehende Personen    113, 115 StGB",9761000,Augsburg,insg.,277,221,56,0,0,0,0,0,0,0,0,0,0,0,0,6,3,3,271,218,53,0,0,0,271,218,53,2022
621110,"Widerstand gegen Vollstreckungsbeamte und gleichstehende Personen    113, 115 StGB",5378004,Bergisch Gladbach,vers.,0,0,0,0,0,0,0,0,0,0,0,0,0,0,0,0,0,0,0,0,0,0,0,0,0,0,0,2022
621110,"Widerstand gegen Vollstreckungsbeamte und gleichstehende Personen    113, 115 StGB",5378004,Bergisch Gladbach,voll.,64,51,13,0,0,0,0,0,0,0,0,0,0,0,0,2,2,0,59,46,13,3,3,0,62,49,13,2022
621110,"Widerstand gegen Vollstreckungsbeamte und gleichstehende Personen    113, 115 StGB",5378004,Bergisch Gladbach,insg.,64,51,13,0,0,0,0,0,0,0,0,0,0,0,0,2,2,0,59,46,13,3,3,0,62,49,13,2022
621110,"Widerstand gegen Vollstreckungsbeamte und gleichstehende Personen    113, 115 StGB",11000000,Berlin,vers.,0,0,0,0,0,0,0,0,0,0,0,0,0,0,0,0,0,0,0,0,0,0,0,0,0,0,0,2022
621110,"Widerstand gegen Vollstreckungsbeamte und gleichstehende Personen    113, 115 StGB",11000000,Berlin,voll.,6450,5576,874,2,2,0,0,0,0,2,2,0,3,3,0,81,63,18,6312,5459,853,52,49,3,6364,5508,856,2022
621110,"Widerstand gegen Vollstreckungsbeamte und gleichstehende Personen    113, 115 StGB",11000000,Berlin,insg.,6450,5576,874,2,2,0,0,0,0,2,2,0,3,3,0,81,63,18,6312,5459,853,52,49,3,6364,5508,856,2022
621110,"Widerstand gegen Vollstreckungsbeamte und gleichstehende Personen    113, 115 StGB",5711000,Bielefeld,vers.,0,0,0,0,0,0,0,0,0,0,0,0,0,0,0,0,0,0,0,0,0,0,0,0,0,0,0,2022
621110,"Widerstand gegen Vollstreckungsbeamte und gleichstehende Personen    113, 115 StGB",5711000,Bielefeld,voll.,244,186,58,0,0,0,0,0,0,0,0,0,0,0,0,6,6,0,233,176,57,5,4,1,238,180,58,2022
621110,"Widerstand gegen Vollstreckungsbeamte und gleichstehende Personen    113, 115 StGB",5711000,Bielefeld,insg.,244,186,58,0,0,0,0,0,0,0,0,0,0,0,0,6,6,0,233,176,57,5,4,1,238,180,58,2022
621110,"Widerstand gegen Vollstreckungsbeamte und gleichstehende Personen    113, 115 StGB",5911000,Bochum,vers.,0,0,0,0,0,0,0,0,0,0,0,0,0,0,0,0,0,0,0,0,0,0,0,0,0,0,0,2022
621110,"Widerstand gegen Vollstreckungsbeamte und gleichstehende Personen    113, 115 StGB",5911000,Bochum,voll.,394,310,84,0,0,0,0,0,0,0,0,0,0,0,0,2,1,1,387,305,82,5,4,1,392,309,83,2022
621110,"Widerstand gegen Vollstreckungsbeamte und gleichstehende Personen    113, 115 StGB",5911000,Bochum,insg.,394,310,84,0,0,0,0,0,0,0,0,0,0,0,0,2,1,1,387,305,82,5,4,1,392,309,83,2022
621110,"Widerstand gegen Vollstreckungsbeamte und gleichstehende Personen    113, 115 StGB",5314000,Bonn,vers.,0,0,0,0,0,0,0,0,0,0,0,0,0,0,0,0,0,0,0,0,0,0,0,0,0,0,0,2022
621110,"Widerstand gegen Vollstreckungsbeamte und gleichstehende Personen    113, 115 StGB",5314000,Bonn,voll.,333,255,78,0,0,0,0,0,0,0,0,0,0,0,0,1,0,1,328,251,77,4,4,0,332,255,77,2022
621110,"Widerstand gegen Vollstreckungsbeamte und gleichstehende Personen    113, 115 StGB",5314000,Bonn,insg.,333,255,78,0,0,0,0,0,0,0,0,0,0,0,0,1,0,1,328,251,77,4,4,0,332,255,77,2022
621110,"Widerstand gegen Vollstreckungsbeamte und gleichstehende Personen    113, 115 StGB",5512000,Bottrop,vers.,0,0,0,0,0,0,0,0,0,0,0,0,0,0,0,0,0,0,0,0,0,0,0,0,0,0,0,2022
621110,"Widerstand gegen Vollstreckungsbeamte und gleichstehende Personen    113, 115 StGB",5512000,Bottrop,voll.,61,41,20,0,0,0,0,0,0,0,0,0,0,0,0,0,0,0,60,40,20,1,1,0,61,41,20,2022
621110,"Widerstand gegen Vollstreckungsbeamte und gleichstehende Personen    113, 115 StGB",5512000,Bottrop,insg.,61,41,20,0,0,0,0,0,0,0,0,0,0,0,0,0,0,0,60,40,20,1,1,0,61,41,20,2022
621110,"Widerstand gegen Vollstreckungsbeamte und gleichstehende Personen    113, 115 StGB",3101000,Braunschweig,vers.,0,0,0,0,0,0,0,0,0,0,0,0,0,0,0,0,0,0,0,0,0,0,0,0,0,0,0,2022
621110,"Widerstand gegen Vollstreckungsbeamte und gleichstehende Personen    113, 115 StGB",3101000,Braunschweig,voll.,356,291,65,0,0,0,0,0,0,0,0,0,0,0,0,1,1,0,350,285,65,5,5,0,355,290,65,2022
621110,"Widerstand gegen Vollstreckungsbeamte und gleichstehende Personen    113, 115 StGB",3101000,Braunschweig,insg.,356,291,65,0,0,0,0,0,0,0,0,0,0,0,0,1,1,0,350,285,65,5,5,0,355,290,65,2022
621110,"Widerstand gegen Vollstreckungsbeamte und gleichstehende Personen    113, 115 StGB",4011000,Bremen,vers.,0,0,0,0,0,0,0,0,0,0,0,0,0,0,0,0,0,0,0,0,0,0,0,0,0,0,0,2022
621110,"Widerstand gegen Vollstreckungsbeamte und gleichstehende Personen    113, 115 StGB",4011000,Bremen,voll.,492,398,94,0,0,0,0,0,0,0,0,0,0,0,0,3,3,0,480,386,94,9,9,0,489,395,94,2022
621110,"Widerstand gegen Vollstreckungsbeamte und gleichstehende Personen    113, 115 StGB",4011000,Bremen,insg.,492,398,94,0,0,0,0,0,0,0,0,0,0,0,0,3,3,0,480,386,94,9,9,0,489,395,94,2022
621110,"Widerstand gegen Vollstreckungsbeamte und gleichstehende Personen    113, 115 StGB",4012000,Bremerhaven,vers.,0,0,0,0,0,0,0,0,0,0,0,0,0,0,0,0,0,0,0,0,0,0,0,0,0,0,0,2022
621110,"Widerstand gegen Vollstreckungsbeamte und gleichstehende Personen    113, 115 StGB",4012000,Bremerhaven,voll.,207,158,49,0,0,0,0,0,0,0,0,0,0,0,0,1,0,1,202,154,48,4,4,0,206,158,48,2022
621110,"Widerstand gegen Vollstreckungsbeamte und gleichstehende Personen    113, 115 StGB",4012000,Bremerhaven,insg.,207,158,49,0,0,0,0,0,0,0,0,0,0,0,0,1,0,1,202,154,48,4,4,0,206,158,48,2022
621110,"Widerstand gegen Vollstreckungsbeamte und gleichstehende Personen    113, 115 StGB",14511000,Chemnitz,vers.,0,0,0,0,0,0,0,0,0,0,0,0,0,0,0,0,0,0,0,0,0,0,0,0,0,0,0,2022
621110,"Widerstand gegen Vollstreckungsbeamte und gleichstehende Personen    113, 115 StGB",14511000,Chemnitz,voll.,190,163,27,0,0,0,0,0,0,0,0,0,0,0,0,1,1,0,188,161,27,1,1,0,189,162,27,2022
621110,"Widerstand gegen Vollstreckungsbeamte und gleichstehende Personen    113, 115 StGB",14511000,Chemnitz,insg.,190,163,27,0,0,0,0,0,0,0,0,0,0,0,0,1,1,0,188,161,27,1,1,0,189,162,27,2022
621110,"Widerstand gegen Vollstreckungsbeamte und gleichstehende Personen    113, 115 StGB",12052000,Cottbus,vers.,0,0,0,0,0,0,0,0,0,0,0,0,0,0,0,0,0,0,0,0,0,0,0,0,0,0,0,2022
621110,"Widerstand gegen Vollstreckungsbeamte und gleichstehende Personen    113, 115 StGB",12052000,Cottbus,voll.,41,36,5,0,0,0,0,0,0,0,0,0,0,0,0,3,2,1,38,34,4,0,0,0,38,34,4,2022
621110,"Widerstand gegen Vollstreckungsbeamte und gleichstehende Personen    113, 115 StGB",12052000,Cottbus,insg.,41,36,5,0,0,0,0,0,0,0,0,0,0,0,0,3,2,1,38,34,4,0,0,0,38,34,4,2022
621110,"Widerstand gegen Vollstreckungsbeamte und gleichstehende Personen    113, 115 StGB",6411000,Darmstadt,vers.,0,0,0,0,0,0,0,0,0,0,0,0,0,0,0,0,0,0,0,0,0,0,0,0,0,0,0,2022
621110,"Widerstand gegen Vollstreckungsbeamte und gleichstehende Personen    113, 115 StGB",6411000,Darmstadt,voll.,128,103,25,0,0,0,0,0,0,0,0,0,0,0,0,4,2,2,124,101,23,0,0,0,124,101,23,2022
621110,"Widerstand gegen Vollstreckungsbeamte und gleichstehende Personen    113, 115 StGB",6411000,Darmstadt,insg.,128,103,25,0,0,0,0,0,0,0,0,0,0,0,0,4,2,2,124,101,23,0,0,0,124,101,23,2022
621110,"Widerstand gegen Vollstreckungsbeamte und gleichstehende Personen    113, 115 StGB",5913000,Dortmund,vers.,0,0,0,0,0,0,0,0,0,0,0,0,0,0,0,0,0,0,0,0,0,0,0,0,0,0,0,2022
621110,"Widerstand gegen Vollstreckungsbeamte und gleichstehende Personen    113, 115 StGB",5913000,Dortmund,voll.,700,534,166,0,0,0,0,0,0,0,0,0,0,0,0,11,8,3,685,523,162,4,3,1,689,526,163,2022
621110,"Widerstand gegen Vollstreckungsbeamte und gleichstehende Personen    113, 115 StGB",5913000,Dortmund,insg.,700,534,166,0,0,0,0,0,0,0,0,0,0,0,0,11,8,3,685,523,162,4,3,1,689,526,163,2022
621110,"Widerstand gegen Vollstreckungsbeamte und gleichstehende Personen    113, 115 StGB",14612000,Dresden,vers.,0,0,0,0,0,0,0,0,0,0,0,0,0,0,0,0,0,0,0,0,0,0,0,0,0,0,0,2022
621110,"Widerstand gegen Vollstreckungsbeamte und gleichstehende Personen    113, 115 StGB",14612000,Dresden,voll.,353,305,48,0,0,0,0,0,0,0,0,0,1,1,0,8,5,3,342,297,45,2,2,0,344,299,45,2022
621110,"Widerstand gegen Vollstreckungsbeamte und gleichstehende Personen    113, 115 StGB",14612000,Dresden,insg.,353,305,48,0,0,0,0,0,0,0,0,0,1,1,0,8,5,3,342,297,45,2,2,0,344,299,45,2022
621110,"Widerstand gegen Vollstreckungsbeamte und gleichstehende Personen    113, 115 StGB",5112000,Duisburg,vers.,0,0,0,0,0,0,0,0,0,0,0,0,0,0,0,0,0,0,0,0,0,0,0,0,0,0,0,2022
621110,"Widerstand gegen Vollstreckungsbeamte und gleichstehende Personen    113, 115 StGB",5112000,Duisburg,voll.,527,388,139,0,0,0,1,1,0,1,1,0,3,0,3,12,10,2,502,372,130,9,5,4,511,377,134,2022
621110,"Widerstand gegen Vollstreckungsbeamte und gleichstehende Personen    113, 115 StGB",5112000,Duisburg,insg.,527,388,139,0,0,0,1,1,0,1,1,0,3,0,3,12,10,2,502,372,130,9,5,4,511,377,134,2022
621110,"Widerstand gegen Vollstreckungsbeamte und gleichstehende Personen    113, 115 StGB",5111000,D sseldorf,vers.,0,0,0,0,0,0,0,0,0,0,0,0,0,0,0,0,0,0,0,0,0,0,0,0,0,0,0,2022
621110,"Widerstand gegen Vollstreckungsbeamte und gleichstehende Personen    113, 115 StGB",5111000,D sseldorf,voll.,1017,821,196,0,0,0,0,0,0,0,0,0,0,0,0,18,13,5,994,805,189,5,3,2,999,808,191,2022
621110,"Widerstand gegen Vollstreckungsbeamte und gleichstehende Personen    113, 115 StGB",5111000,D sseldorf,insg.,1017,821,196,0,0,0,0,0,0,0,0,0,0,0,0,18,13,5,994,805,189,5,3,2,999,808,191,2022
621110,"Widerstand gegen Vollstreckungsbeamte und gleichstehende Personen    113, 115 StGB",16051000,Erfurt,vers.,0,0,0,0,0,0,0,0,0,0,0,0,0,0,0,0,0,0,0,0,0,0,0,0,0,0,0,2022
621110,"Widerstand gegen Vollstreckungsbeamte und gleichstehende Personen    113, 115 StGB",16051000,Erfurt,voll.,263,231,32,0,0,0,0,0,0,0,0,0,1,1,0,9,9,0,251,219,32,2,2,0,253,221,32,2022
621110,"Widerstand gegen Vollstreckungsbeamte und gleichstehende Personen    113, 115 StGB",16051000,Erfurt,insg.,263,231,32,0,0,0,0,0,0,0,0,0,1,1,0,9,9,0,251,219,32,2,2,0,253,221,32,2022
621110,"Widerstand gegen Vollstreckungsbeamte und gleichstehende Personen    113, 115 StGB",9562000,Erlangen,vers.,0,0,0,0,0,0,0,0,0,0,0,0,0,0,0,0,0,0,0,0,0,0,0,0,0,0,0,2022
621110,"Widerstand gegen Vollstreckungsbeamte und gleichstehende Personen    113, 115 StGB",9562000,Erlangen,voll.,55,48,7,0,0,0,0,0,0,0,0,0,0,0,0,1,1,0,54,47,7,0,0,0,54,47,7,2022
621110,"Widerstand gegen Vollstreckungsbeamte und gleichstehende Personen    113, 115 StGB",9562000,Erlangen,insg.,55,48,7,0,0,0,0,0,0,0,0,0,0,0,0,1,1,0,54,47,7,0,0,0,54,47,7,2022
621110,"Widerstand gegen Vollstreckungsbeamte und gleichstehende Personen    113, 115 StGB",5113000,Essen,vers.,0,0,0,0,0,0,0,0,0,0,0,0,0,0,0,0,0,0,0,0,0,0,0,0,0,0,0,2022
621110,"Widerstand gegen Vollstreckungsbeamte und gleichstehende Personen    113, 115 StGB",5113000,Essen,voll.,633,490,143,0,0,0,0,0,0,0,0,0,0,0,0,9,6,3,603,465,138,21,19,2,624,484,140,2022
621110,"Widerstand gegen Vollstreckungsbeamte und gleichstehende Personen    113, 115 StGB",5113000,Essen,insg.,633,490,143,0,0,0,0,0,0,0,0,0,0,0,0,9,6,3,603,465,138,21,19,2,624,484,140,2022
621110,"Widerstand gegen Vollstreckungsbeamte und gleichstehende Personen    113, 115 StGB",6412000,Frankfurt am Main,vers.,0,0,0,0,0,0,0,0,0,0,0,0,0,0,0,0,0,0,0,0,0,0,0,0,0,0,0,2022
621110,"Widerstand gegen Vollstreckungsbeamte und gleichstehende Personen    113, 115 StGB",6412000,Frankfurt am Main,voll.,687,575,112,3,3,0,0,0,0,3,3,0,0,0,0,13,11,2,670,560,110,1,1,0,671,561,110,2022
621110,"Widerstand gegen Vollstreckungsbeamte und gleichstehende Personen    113, 115 StGB",6412000,Frankfurt am Main,insg.,687,575,112,3,3,0,0,0,0,3,3,0,0,0,0,13,11,2,670,560,110,1,1,0,671,561,110,2022
621110,"Widerstand gegen Vollstreckungsbeamte und gleichstehende Personen    113, 115 StGB",8311000,Freiburg im Breisgau,vers.,0,0,0,0,0,0,0,0,0,0,0,0,0,0,0,0,0,0,0,0,0,0,0,0,0,0,0,2022
621110,"Widerstand gegen Vollstreckungsbeamte und gleichstehende Personen    113, 115 StGB",8311000,Freiburg im Breisgau,voll.,284,228,56,0,0,0,0,0,0,0,0,0,0,0,0,19,14,5,264,214,50,1,0,1,265,214,51,2022
621110,"Widerstand gegen Vollstreckungsbeamte und gleichstehende Personen    113, 115 StGB",8311000,Freiburg im Breisgau,insg.,284,228,56,0,0,0,0,0,0,0,0,0,0,0,0,19,14,5,264,214,50,1,0,1,265,214,51,2022
621110,"Widerstand gegen Vollstreckungsbeamte und gleichstehende Personen    113, 115 StGB",9563000,F rth,vers.,0,0,0,0,0,0,0,0,0,0,0,0,0,0,0,0,0,0,0,0,0,0,0,0,0,0,0,2022
621110,"Widerstand gegen Vollstreckungsbeamte und gleichstehende Personen    113, 115 StGB",9563000,F rth,voll.,23,18,5,0,0,0,0,0,0,0,0,0,0,0,0,1,1,0,22,17,5,0,0,0,22,17,5,2022
621110,"Widerstand gegen Vollstreckungsbeamte und gleichstehende Personen    113, 115 StGB",9563000,F rth,insg.,23,18,5,0,0,0,0,0,0,0,0,0,0,0,0,1,1,0,22,17,5,0,0,0,22,17,5,2022
621110,"Widerstand gegen Vollstreckungsbeamte und gleichstehende Personen    113, 115 StGB",5513000,Gelsenkirchen,vers.,0,0,0,0,0,0,0,0,0,0,0,0,0,0,0,0,0,0,0,0,0,0,0,0,0,0,0,2022
621110,"Widerstand gegen Vollstreckungsbeamte und gleichstehende Personen    113, 115 StGB",5513000,Gelsenkirchen,voll.,299,237,62,0,0,0,0,0,0,0,0,0,0,0,0,7,5,2,290,230,60,2,2,0,292,232,60,2022
621110,"Widerstand gegen Vollstreckungsbeamte und gleichstehende Personen    113, 115 StGB",5513000,Gelsenkirchen,insg.,299,237,62,0,0,0,0,0,0,0,0,0,0,0,0,7,5,2,290,230,60,2,2,0,292,232,60,2022
621110,"Widerstand gegen Vollstreckungsbeamte und gleichstehende Personen    113, 115 StGB",3159016,G ttingen,vers.,0,0,0,0,0,0,0,0,0,0,0,0,0,0,0,0,0,0,0,0,0,0,0,0,0,0,0,2022
621110,"Widerstand gegen Vollstreckungsbeamte und gleichstehende Personen    113, 115 StGB",3159016,G ttingen,voll.,132,96,36,0,0,0,0,0,0,0,0,0,0,0,0,0,0,0,132,96,36,0,0,0,132,96,36,2022
621110,"Widerstand gegen Vollstreckungsbeamte und gleichstehende Personen    113, 115 StGB",3159016,G ttingen,insg.,132,96,36,0,0,0,0,0,0,0,0,0,0,0,0,0,0,0,132,96,36,0,0,0,132,96,36,2022
621110,"Widerstand gegen Vollstreckungsbeamte und gleichstehende Personen    113, 115 StGB",5754008,G tersloh,vers.,0,0,0,0,0,0,0,0,0,0,0,0,0,0,0,0,0,0,0,0,0,0,0,0,0,0,0,2022
621110,"Widerstand gegen Vollstreckungsbeamte und gleichstehende Personen    113, 115 StGB",5754008,G tersloh,voll.,146,113,33,0,0,0,0,0,0,0,0,0,0,0,0,1,0,1,145,113,32,0,0,0,145,113,32,2022
621110,"Widerstand gegen Vollstreckungsbeamte und gleichstehende Personen    113, 115 StGB",5754008,G tersloh,insg.,146,113,33,0,0,0,0,0,0,0,0,0,0,0,0,1,0,1,145,113,32,0,0,0,145,113,32,2022
621110,"Widerstand gegen Vollstreckungsbeamte und gleichstehende Personen    113, 115 StGB",5914000,Hagen,vers.,0,0,0,0,0,0,0,0,0,0,0,0,0,0,0,0,0,0,0,0,0,0,0,0,0,0,0,2022
621110,"Widerstand gegen Vollstreckungsbeamte und gleichstehende Personen    113, 115 StGB",5914000,Hagen,voll.,269,177,92,0,0,0,0,0,0,0,0,0,0,0,0,2,0,2,266,176,90,1,1,0,267,177,90,2022
621110,"Widerstand gegen Vollstreckungsbeamte und gleichstehende Personen    113, 115 StGB",5914000,Hagen,insg.,269,177,92,0,0,0,0,0,0,0,0,0,0,0,0,2,0,2,266,176,90,1,1,0,267,177,90,2022
621110,"Widerstand gegen Vollstreckungsbeamte und gleichstehende Personen    113, 115 StGB",15002000,Halle (Saale),vers.,0,0,0,0,0,0,0,0,0,0,0,0,0,0,0,0,0,0,0,0,0,0,0,0,0,0,0,2022
621110,"Widerstand gegen Vollstreckungsbeamte und gleichstehende Personen    113, 115 StGB",15002000,Halle (Saale),voll.,254,201,53,0,0,0,0,0,0,0,0,0,0,0,0,12,9,3,241,192,49,1,0,1,242,192,50,2022
621110,"Widerstand gegen Vollstreckungsbeamte und gleichstehende Personen    113, 115 StGB",15002000,Halle (Saale),insg.,254,201,53,0,0,0,0,0,0,0,0,0,0,0,0,12,9,3,241,192,49,1,0,1,242,192,50,2022
621110,"Widerstand gegen Vollstreckungsbeamte und gleichstehende Personen    113, 115 StGB",2000000,Hamburg,vers.,0,0,0,0,0,0,0,0,0,0,0,0,0,0,0,0,0,0,0,0,0,0,0,0,0,0,0,2022
621110,"Widerstand gegen Vollstreckungsbeamte und gleichstehende Personen    113, 115 StGB",2000000,Hamburg,voll.,1204,958,246,0,0,0,0,0,0,0,0,0,0,0,0,20,15,5,1183,942,241,1,1,0,1184,943,241,2022
621110,"Widerstand gegen Vollstreckungsbeamte und gleichstehende Personen    113, 115 StGB",2000000,Hamburg,insg.,1204,958,246,0,0,0,0,0,0,0,0,0,0,0,0,20,15,5,1183,942,241,1,1,0,1184,943,241,2022
621110,"Widerstand gegen Vollstreckungsbeamte und gleichstehende Personen    113, 115 StGB",5915000,Hamm,vers.,0,0,0,0,0,0,0,0,0,0,0,0,0,0,0,0,0,0,0,0,0,0,0,0,0,0,0,2022
621110,"Widerstand gegen Vollstreckungsbeamte und gleichstehende Personen    113, 115 StGB",5915000,Hamm,voll.,241,197,44,0,0,0,0,0,0,0,0,0,0,0,0,5,5,0,234,190,44,2,2,0,236,192,44,2022
621110,"Widerstand gegen Vollstreckungsbeamte und gleichstehende Personen    113, 115 StGB",5915000,Hamm,insg.,241,197,44,0,0,0,0,0,0,0,0,0,0,0,0,5,5,0,234,190,44,2,2,0,236,192,44,2022
621110,"Widerstand gegen Vollstreckungsbeamte und gleichstehende Personen    113, 115 StGB",6435014,Hanau,vers.,0,0,0,0,0,0,0,0,0,0,0,0,0,0,0,0,0,0,0,0,0,0,0,0,0,0,0,2022
621110,"Widerstand gegen Vollstreckungsbeamte und gleichstehende Personen    113, 115 StGB",6435014,Hanau,voll.,9,7,2,0,0,0,0,0,0,0,0,0,0,0,0,0,0,0,9,7,2,0,0,0,9,7,2,2022
621110,"Widerstand gegen Vollstreckungsbeamte und gleichstehende Personen    113, 115 StGB",6435014,Hanau,insg.,9,7,2,0,0,0,0,0,0,0,0,0,0,0,0,0,0,0,9,7,2,0,0,0,9,7,2,2022
621110,"Widerstand gegen Vollstreckungsbeamte und gleichstehende Personen    113, 115 StGB",3241001,Hannover,vers.,0,0,0,0,0,0,0,0,0,0,0,0,0,0,0,0,0,0,0,0,0,0,0,0,0,0,0,2022
621110,"Widerstand gegen Vollstreckungsbeamte und gleichstehende Personen    113, 115 StGB",3241001,Hannover,voll.,830,639,191,0,0,0,0,0,0,0,0,0,0,0,0,14,7,7,811,627,184,5,5,0,816,632,184,2022
621110,"Widerstand gegen Vollstreckungsbeamte und gleichstehende Personen    113, 115 StGB",3241001,Hannover,insg.,830,639,191,0,0,0,0,0,0,0,0,0,0,0,0,14,7,7,811,627,184,5,5,0,816,632,184,2022
621110,"Widerstand gegen Vollstreckungsbeamte und gleichstehende Personen    113, 115 StGB",8221000,Heidelberg,vers.,0,0,0,0,0,0,0,0,0,0,0,0,0,0,0,0,0,0,0,0,0,0,0,0,0,0,0,2022
621110,"Widerstand gegen Vollstreckungsbeamte und gleichstehende Personen    113, 115 StGB",8221000,Heidelberg,voll.,133,100,33,0,0,0,0,0,0,0,0,0,0,0,0,6,3,3,127,97,30,0,0,0,127,97,30,2022
621110,"Widerstand gegen Vollstreckungsbeamte und gleichstehende Personen    113, 115 StGB",8221000,Heidelberg,insg.,133,100,33,0,0,0,0,0,0,0,0,0,0,0,0,6,3,3,127,97,30,0,0,0,127,97,30,2022
621110,"Widerstand gegen Vollstreckungsbeamte und gleichstehende Personen    113, 115 StGB",8121000,Heilbronn,vers.,0,0,0,0,0,0,0,0,0,0,0,0,0,0,0,0,0,0,0,0,0,0,0,0,0,0,0,2022
621110,"Widerstand gegen Vollstreckungsbeamte und gleichstehende Personen    113, 115 StGB",8121000,Heilbronn,voll.,68,51,17,5,4,1,0,0,0,5,4,1,0,0,0,5,4,1,58,43,15,0,0,0,58,43,15,2022
621110,"Widerstand gegen Vollstreckungsbeamte und gleichstehende Personen    113, 115 StGB",8121000,Heilbronn,insg.,68,51,17,5,4,1,0,0,0,5,4,1,0,0,0,5,4,1,58,43,15,0,0,0,58,43,15,2022
621110,"Widerstand gegen Vollstreckungsbeamte und gleichstehende Personen    113, 115 StGB",5916000,Herne,vers.,0,0,0,0,0,0,0,0,0,0,0,0,0,0,0,0,0,0,0,0,0,0,0,0,0,0,0,2022
621110,"Widerstand gegen Vollstreckungsbeamte und gleichstehende Personen    113, 115 StGB",5916000,Herne,voll.,163,139,24,0,0,0,0,0,0,0,0,0,0,0,0,0,0,0,162,138,24,1,1,0,163,139,24,2022
621110,"Widerstand gegen Vollstreckungsbeamte und gleichstehende Personen    113, 115 StGB",5916000,Herne,insg.,163,139,24,0,0,0,0,0,0,0,0,0,0,0,0,0,0,0,162,138,24,1,1,0,163,139,24,2022
621110,"Widerstand gegen Vollstreckungsbeamte und gleichstehende Personen    113, 115 StGB",3254021,Hildesheim,vers.,0,0,0,0,0,0,0,0,0,0,0,0,0,0,0,0,0,0,0,0,0,0,0,0,0,0,0,2022
621110,"Widerstand gegen Vollstreckungsbeamte und gleichstehende Personen    113, 115 StGB",3254021,Hildesheim,voll.,89,62,27,0,0,0,0,0,0,0,0,0,0,0,0,0,0,0,89,62,27,0,0,0,89,62,27,2022
621110,"Widerstand gegen Vollstreckungsbeamte und gleichstehende Personen    113, 115 StGB",3254021,Hildesheim,insg.,89,62,27,0,0,0,0,0,0,0,0,0,0,0,0,0,0,0,89,62,27,0,0,0,89,62,27,2022
621110,"Widerstand gegen Vollstreckungsbeamte und gleichstehende Personen    113, 115 StGB",9161000,Ingolstadt,vers.,0,0,0,0,0,0,0,0,0,0,0,0,0,0,0,0,0,0,0,0,0,0,0,0,0,0,0,2022
621110,"Widerstand gegen Vollstreckungsbeamte und gleichstehende Personen    113, 115 StGB",9161000,Ingolstadt,voll.,111,79,32,0,0,0,0,0,0,0,0,0,0,0,0,3,0,3,108,79,29,0,0,0,108,79,29,2022
621110,"Widerstand gegen Vollstreckungsbeamte und gleichstehende Personen    113, 115 StGB",9161000,Ingolstadt,insg.,111,79,32,0,0,0,0,0,0,0,0,0,0,0,0,3,0,3,108,79,29,0,0,0,108,79,29,2022
621110,"Widerstand gegen Vollstreckungsbeamte und gleichstehende Personen    113, 115 StGB",16053000,Jena,vers.,0,0,0,0,0,0,0,0,0,0,0,0,0,0,0,0,0,0,0,0,0,0,0,0,0,0,0,2022
621110,"Widerstand gegen Vollstreckungsbeamte und gleichstehende Personen    113, 115 StGB",16053000,Jena,voll.,62,54,8,0,0,0,0,0,0,0,0,0,0,0,0,2,2,0,60,52,8,0,0,0,60,52,8,2022
621110,"Widerstand gegen Vollstreckungsbeamte und gleichstehende Personen    113, 115 StGB",16053000,Jena,insg.,62,54,8,0,0,0,0,0,0,0,0,0,0,0,0,2,2,0,60,52,8,0,0,0,60,52,8,2022
621110,"Widerstand gegen Vollstreckungsbeamte und gleichstehende Personen    113, 115 StGB",7312000,Kaiserslautern,vers.,0,0,0,0,0,0,0,0,0,0,0,0,0,0,0,0,0,0,0,0,0,0,0,0,0,0,0,2022
621110,"Widerstand gegen Vollstreckungsbeamte und gleichstehende Personen    113, 115 StGB",7312000,Kaiserslautern,voll.,115,90,25,0,0,0,0,0,0,0,0,0,0,0,0,3,3,0,112,87,25,0,0,0,112,87,25,2022
621110,"Widerstand gegen Vollstreckungsbeamte und gleichstehende Personen    113, 115 StGB",7312000,Kaiserslautern,insg.,115,90,25,0,0,0,0,0,0,0,0,0,0,0,0,3,3,0,112,87,25,0,0,0,112,87,25,2022
621110,"Widerstand gegen Vollstreckungsbeamte und gleichstehende Personen    113, 115 StGB",8212000,Karlsruhe,vers.,0,0,0,0,0,0,0,0,0,0,0,0,0,0,0,0,0,0,0,0,0,0,0,0,0,0,0,2022
621110,"Widerstand gegen Vollstreckungsbeamte und gleichstehende Personen    113, 115 StGB",8212000,Karlsruhe,voll.,205,163,42,0,0,0,0,0,0,0,0,0,1,0,1,5,4,1,199,159,40,0,0,0,199,159,40,2022
621110,"Widerstand gegen Vollstreckungsbeamte und gleichstehende Personen    113, 115 StGB",8212000,Karlsruhe,insg.,205,163,42,0,0,0,0,0,0,0,0,0,1,0,1,5,4,1,199,159,40,0,0,0,199,159,40,2022
621110,"Widerstand gegen Vollstreckungsbeamte und gleichstehende Personen    113, 115 StGB",6611000,Kassel,vers.,0,0,0,0,0,0,0,0,0,0,0,0,0,0,0,0,0,0,0,0,0,0,0,0,0,0,0,2022
621110,"Widerstand gegen Vollstreckungsbeamte und gleichstehende Personen    113, 115 StGB",6611000,Kassel,voll.,179,152,27,0,0,0,0,0,0,0,0,0,0,0,0,3,3,0,176,149,27,0,0,0,176,149,27,2022
621110,"Widerstand gegen Vollstreckungsbeamte und gleichstehende Personen    113, 115 StGB",6611000,Kassel,insg.,179,152,27,0,0,0,0,0,0,0,0,0,0,0,0,3,3,0,176,149,27,0,0,0,176,149,27,2022
621110,"Widerstand gegen Vollstreckungsbeamte und gleichstehende Personen    113, 115 StGB",1002000,Kiel,vers.,0,0,0,0,0,0,0,0,0,0,0,0,0,0,0,0,0,0,0,0,0,0,0,0,0,0,0,2022
621110,"Widerstand gegen Vollstreckungsbeamte und gleichstehende Personen    113, 115 StGB",1002000,Kiel,voll.,167,131,36,0,0,0,0,0,0,0,0,0,0,0,0,4,3,1,163,128,35,0,0,0,163,128,35,2022
621110,"Widerstand gegen Vollstreckungsbeamte und gleichstehende Personen    113, 115 StGB",1002000,Kiel,insg.,167,131,36,0,0,0,0,0,0,0,0,0,0,0,0,4,3,1,163,128,35,0,0,0,163,128,35,2022
621110,"Widerstand gegen Vollstreckungsbeamte und gleichstehende Personen    113, 115 StGB",7111000,Koblenz,vers.,0,0,0,0,0,0,0,0,0,0,0,0,0,0,0,0,0,0,0,0,0,0,0,0,0,0,0,2022
621110,"Widerstand gegen Vollstreckungsbeamte und gleichstehende Personen    113, 115 StGB",7111000,Koblenz,voll.,235,184,51,0,0,0,0,0,0,0,0,0,1,1,0,1,1,0,230,179,51,3,3,0,233,182,51,2022
621110,"Widerstand gegen Vollstreckungsbeamte und gleichstehende Personen    113, 115 StGB",7111000,Koblenz,insg.,235,184,51,0,0,0,0,0,0,0,0,0,1,1,0,1,1,0,230,179,51,3,3,0,233,182,51,2022
621110,"Widerstand gegen Vollstreckungsbeamte und gleichstehende Personen    113, 115 StGB",5315000,K ln,vers.,0,0,0,0,0,0,0,0,0,0,0,0,0,0,0,0,0,0,0,0,0,0,0,0,0,0,0,2022
621110,"Widerstand gegen Vollstreckungsbeamte und gleichstehende Personen    113, 115 StGB",5315000,K ln,voll.,1243,890,353,0,0,0,0,0,0,0,0,0,0,0,0,8,6,2,1222,872,350,13,12,1,1235,884,351,2022
621110,"Widerstand gegen Vollstreckungsbeamte und gleichstehende Personen    113, 115 StGB",5315000,K ln,insg.,1243,890,353,0,0,0,0,0,0,0,0,0,0,0,0,8,6,2,1222,872,350,13,12,1,1235,884,351,2022
621110,"Widerstand gegen Vollstreckungsbeamte und gleichstehende Personen    113, 115 StGB",5114000,Krefeld,vers.,0,0,0,0,0,0,0,0,0,0,0,0,0,0,0,0,0,0,0,0,0,0,0,0,0,0,0,2022
621110,"Widerstand gegen Vollstreckungsbeamte und gleichstehende Personen    113, 115 StGB",5114000,Krefeld,voll.,161,106,55,0,0,0,0,0,0,0,0,0,0,0,0,4,4,0,156,101,55,1,1,0,157,102,55,2022
621110,"Widerstand gegen Vollstreckungsbeamte und gleichstehende Personen    113, 115 StGB",5114000,Krefeld,insg.,161,106,55,0,0,0,0,0,0,0,0,0,0,0,0,4,4,0,156,101,55,1,1,0,157,102,55,2022
621110,"Widerstand gegen Vollstreckungsbeamte und gleichstehende Personen    113, 115 StGB",14713000,Leipzig,vers.,0,0,0,0,0,0,0,0,0,0,0,0,0,0,0,0,0,0,0,0,0,0,0,0,0,0,0,2022
621110,"Widerstand gegen Vollstreckungsbeamte und gleichstehende Personen    113, 115 StGB",14713000,Leipzig,voll.,843,730,113,0,0,0,0,0,0,0,0,0,0,0,0,19,17,2,819,708,111,5,5,0,824,713,111,2022
621110,"Widerstand gegen Vollstreckungsbeamte und gleichstehende Personen    113, 115 StGB",14713000,Leipzig,insg.,843,730,113,0,0,0,0,0,0,0,0,0,0,0,0,19,17,2,819,708,111,5,5,0,824,713,111,2022
621110,"Widerstand gegen Vollstreckungsbeamte und gleichstehende Personen    113, 115 StGB",5316000,Leverkusen,vers.,0,0,0,0,0,0,0,0,0,0,0,0,0,0,0,0,0,0,0,0,0,0,0,0,0,0,0,2022
621110,"Widerstand gegen Vollstreckungsbeamte und gleichstehende Personen    113, 115 StGB",5316000,Leverkusen,voll.,90,67,23,0,0,0,0,0,0,0,0,0,0,0,0,1,1,0,87,65,22,2,1,1,89,66,23,2022
621110,"Widerstand gegen Vollstreckungsbeamte und gleichstehende Personen    113, 115 StGB",5316000,Leverkusen,insg.,90,67,23,0,0,0,0,0,0,0,0,0,0,0,0,1,1,0,87,65,22,2,1,1,89,66,23,2022
621110,"Widerstand gegen Vollstreckungsbeamte und gleichstehende Personen    113, 115 StGB",1003000,L beck,vers.,0,0,0,0,0,0,0,0,0,0,0,0,0,0,0,0,0,0,0,0,0,0,0,0,0,0,0,2022
621110,"Widerstand gegen Vollstreckungsbeamte und gleichstehende Personen    113, 115 StGB",1003000,L beck,voll.,341,265,76,0,0,0,0,0,0,0,0,0,0,0,0,8,7,1,330,255,75,3,3,0,333,258,75,2022
621110,"Widerstand gegen Vollstreckungsbeamte und gleichstehende Personen    113, 115 StGB",1003000,L beck,insg.,341,265,76,0,0,0,0,0,0,0,0,0,0,0,0,8,7,1,330,255,75,3,3,0,333,258,75,2022
621110,"Widerstand gegen Vollstreckungsbeamte und gleichstehende Personen    113, 115 StGB",7314000,Ludwigshafen am Rhein,vers.,0,0,0,0,0,0,0,0,0,0,0,0,0,0,0,0,0,0,0,0,0,0,0,0,0,0,0,2022
621110,"Widerstand gegen Vollstreckungsbeamte und gleichstehende Personen    113, 115 StGB",7314000,Ludwigshafen am Rhein,voll.,101,91,10,0,0,0,0,0,0,0,0,0,0,0,0,0,0,0,101,91,10,0,0,0,101,91,10,2022
621110,"Widerstand gegen Vollstreckungsbeamte und gleichstehende Personen    113, 115 StGB",7314000,Ludwigshafen am Rhein,insg.,101,91,10,0,0,0,0,0,0,0,0,0,0,0,0,0,0,0,101,91,10,0,0,0,101,91,10,2022
621110,"Widerstand gegen Vollstreckungsbeamte und gleichstehende Personen    113, 115 StGB",15003000,Magdeburg,vers.,0,0,0,0,0,0,0,0,0,0,0,0,0,0,0,0,0,0,0,0,0,0,0,0,0,0,0,2022
621110,"Widerstand gegen Vollstreckungsbeamte und gleichstehende Personen    113, 115 StGB",15003000,Magdeburg,voll.,214,172,42,0,0,0,0,0,0,0,0,0,0,0,0,22,17,5,190,153,37,2,2,0,192,155,37,2022
621110,"Widerstand gegen Vollstreckungsbeamte und gleichstehende Personen    113, 115 StGB",15003000,Magdeburg,insg.,214,172,42,0,0,0,0,0,0,0,0,0,0,0,0,22,17,5,190,153,37,2,2,0,192,155,37,2022
621110,"Widerstand gegen Vollstreckungsbeamte und gleichstehende Personen    113, 115 StGB",7315000,Mainz,vers.,0,0,0,0,0,0,0,0,0,0,0,0,0,0,0,0,0,0,0,0,0,0,0,0,0,0,0,2022
621110,"Widerstand gegen Vollstreckungsbeamte und gleichstehende Personen    113, 115 StGB",7315000,Mainz,voll.,165,140,25,0,0,0,0,0,0,0,0,0,0,0,0,4,4,0,161,136,25,0,0,0,161,136,25,2022
621110,"Widerstand gegen Vollstreckungsbeamte und gleichstehende Personen    113, 115 StGB",7315000,Mainz,insg.,165,140,25,0,0,0,0,0,0,0,0,0,0,0,0,4,4,0,161,136,25,0,0,0,161,136,25,2022
621110,"Widerstand gegen Vollstreckungsbeamte und gleichstehende Personen    113, 115 StGB",8222000,Mannheim,vers.,0,0,0,0,0,0,0,0,0,0,0,0,0,0,0,0,0,0,0,0,0,0,0,0,0,0,0,2022
621110,"Widerstand gegen Vollstreckungsbeamte und gleichstehende Personen    113, 115 StGB",8222000,Mannheim,voll.,148,115,33,0,0,0,0,0,0,0,0,0,0,0,0,2,1,1,146,114,32,0,0,0,146,114,32,2022
621110,"Widerstand gegen Vollstreckungsbeamte und gleichstehende Personen    113, 115 StGB",8222000,Mannheim,insg.,148,115,33,0,0,0,0,0,0,0,0,0,0,0,0,2,1,1,146,114,32,0,0,0,146,114,32,2022
621110,"Widerstand gegen Vollstreckungsbeamte und gleichstehende Personen    113, 115 StGB",5170024,Moers,vers.,0,0,0,0,0,0,0,0,0,0,0,0,0,0,0,0,0,0,0,0,0,0,0,0,0,0,0,2022
621110,"Widerstand gegen Vollstreckungsbeamte und gleichstehende Personen    113, 115 StGB",5170024,Moers,voll.,50,36,14,0,0,0,0,0,0,0,0,0,0,0,0,1,1,0,49,35,14,0,0,0,49,35,14,2022
621110,"Widerstand gegen Vollstreckungsbeamte und gleichstehende Personen    113, 115 StGB",5170024,Moers,insg.,50,36,14,0,0,0,0,0,0,0,0,0,0,0,0,1,1,0,49,35,14,0,0,0,49,35,14,2022
621110,"Widerstand gegen Vollstreckungsbeamte und gleichstehende Personen    113, 115 StGB",5116000,M nchengladbach,vers.,0,0,0,0,0,0,0,0,0,0,0,0,0,0,0,0,0,0,0,0,0,0,0,0,0,0,0,2022
621110,"Widerstand gegen Vollstreckungsbeamte und gleichstehende Personen    113, 115 StGB",5116000,M nchengladbach,voll.,376,270,106,0,0,0,0,0,0,0,0,0,0,0,0,3,2,1,364,262,102,9,6,3,373,268,105,2022
621110,"Widerstand gegen Vollstreckungsbeamte und gleichstehende Personen    113, 115 StGB",5116000,M nchengladbach,insg.,376,270,106,0,0,0,0,0,0,0,0,0,0,0,0,3,2,1,364,262,102,9,6,3,373,268,105,2022
621110,"Widerstand gegen Vollstreckungsbeamte und gleichstehende Personen    113, 115 StGB",5117000,M lheim an der Ruhr,vers.,0,0,0,0,0,0,0,0,0,0,0,0,0,0,0,0,0,0,0,0,0,0,0,0,0,0,0,2022
621110,"Widerstand gegen Vollstreckungsbeamte und gleichstehende Personen    113, 115 StGB",5117000,M lheim an der Ruhr,voll.,133,89,44,0,0,0,0,0,0,0,0,0,0,0,0,0,0,0,130,88,42,3,1,2,133,89,44,2022
621110,"Widerstand gegen Vollstreckungsbeamte und gleichstehende Personen    113, 115 StGB",5117000,M lheim an der Ruhr,insg.,133,89,44,0,0,0,0,0,0,0,0,0,0,0,0,0,0,0,130,88,42,3,1,2,133,89,44,2022
621110,"Widerstand gegen Vollstreckungsbeamte und gleichstehende Personen    113, 115 StGB",9162000,M nchen,vers.,0,0,0,0,0,0,0,0,0,0,0,0,0,0,0,0,0,0,0,0,0,0,0,0,0,0,0,2022
621110,"Widerstand gegen Vollstreckungsbeamte und gleichstehende Personen    113, 115 StGB",9162000,M nchen,voll.,1097,878,219,0,0,0,0,0,0,0,0,0,0,0,0,19,12,7,1078,866,212,0,0,0,1078,866,212,2022
621110,"Widerstand gegen Vollstreckungsbeamte und gleichstehende Personen    113, 115 StGB",9162000,M nchen,insg.,1097,878,219,0,0,0,0,0,0,0,0,0,0,0,0,19,12,7,1078,866,212,0,0,0,1078,866,212,2022
621110,"Widerstand gegen Vollstreckungsbeamte und gleichstehende Personen    113, 115 StGB",5515000,M nster,vers.,0,0,0,0,0,0,0,0,0,0,0,0,0,0,0,0,0,0,0,0,0,0,0,0,0,0,0,2022
621110,"Widerstand gegen Vollstreckungsbeamte und gleichstehende Personen    113, 115 StGB",5515000,M nster,voll.,507,395,112,0,0,0,0,0,0,0,0,0,1,0,1,13,10,3,483,375,108,10,10,0,493,385,108,2022
621110,"Widerstand gegen Vollstreckungsbeamte und gleichstehende Personen    113, 115 StGB",5515000,M nster,insg.,507,395,112,0,0,0,0,0,0,0,0,0,1,0,1,13,10,3,483,375,108,10,10,0,493,385,108,2022
621110,"Widerstand gegen Vollstreckungsbeamte und gleichstehende Personen    113, 115 StGB",5162024,Neuss,vers.,0,0,0,0,0,0,0,0,0,0,0,0,0,0,0,0,0,0,0,0,0,0,0,0,0,0,0,2022
621110,"Widerstand gegen Vollstreckungsbeamte und gleichstehende Personen    113, 115 StGB",5162024,Neuss,voll.,95,62,33,0,0,0,0,0,0,0,0,0,0,0,0,0,0,0,95,62,33,0,0,0,95,62,33,2022
621110,"Widerstand gegen Vollstreckungsbeamte und gleichstehende Personen    113, 115 StGB",5162024,Neuss,insg.,95,62,33,0,0,0,0,0,0,0,0,0,0,0,0,0,0,0,95,62,33,0,0,0,95,62,33,2022
621110,"Widerstand gegen Vollstreckungsbeamte und gleichstehende Personen    113, 115 StGB",9564000,N rnberg,vers.,0,0,0,0,0,0,0,0,0,0,0,0,0,0,0,0,0,0,0,0,0,0,0,0,0,0,0,2022
621110,"Widerstand gegen Vollstreckungsbeamte und gleichstehende Personen    113, 115 StGB",9564000,N rnberg,voll.,315,241,74,0,0,0,0,0,0,0,0,0,0,0,0,8,7,1,307,234,73,0,0,0,307,234,73,2022
621110,"Widerstand gegen Vollstreckungsbeamte und gleichstehende Personen    113, 115 StGB",9564000,N rnberg,insg.,315,241,74,0,0,0,0,0,0,0,0,0,0,0,0,8,7,1,307,234,73,0,0,0,307,234,73,2022
621110,"Widerstand gegen Vollstreckungsbeamte und gleichstehende Personen    113, 115 StGB",5119000,Oberhausen,vers.,0,0,0,0,0,0,0,0,0,0,0,0,0,0,0,0,0,0,0,0,0,0,0,0,0,0,0,2022
621110,"Widerstand gegen Vollstreckungsbeamte und gleichstehende Personen    113, 115 StGB",5119000,Oberhausen,voll.,197,147,50,0,0,0,0,0,0,0,0,0,0,0,0,6,3,3,190,143,47,1,1,0,191,144,47,2022
621110,"Widerstand gegen Vollstreckungsbeamte und gleichstehende Personen    113, 115 StGB",5119000,Oberhausen,insg.,197,147,50,0,0,0,0,0,0,0,0,0,0,0,0,6,3,3,190,143,47,1,1,0,191,144,47,2022
621110,"Widerstand gegen Vollstreckungsbeamte und gleichstehende Personen    113, 115 StGB",6413000,Offenbach am Main,vers.,0,0,0,0,0,0,0,0,0,0,0,0,0,0,0,0,0,0,0,0,0,0,0,0,0,0,0,2022
621110,"Widerstand gegen Vollstreckungsbeamte und gleichstehende Personen    113, 115 StGB",6413000,Offenbach am Main,voll.,18,14,4,0,0,0,0,0,0,0,0,0,0,0,0,0,0,0,18,14,4,0,0,0,18,14,4,2022
621110,"Widerstand gegen Vollstreckungsbeamte und gleichstehende Personen    113, 115 StGB",6413000,Offenbach am Main,insg.,18,14,4,0,0,0,0,0,0,0,0,0,0,0,0,0,0,0,18,14,4,0,0,0,18,14,4,2022
621110,"Widerstand gegen Vollstreckungsbeamte und gleichstehende Personen    113, 115 StGB",3403000,Oldenburg (Oldenburg),vers.,0,0,0,0,0,0,0,0,0,0,0,0,0,0,0,0,0,0,0,0,0,0,0,0,0,0,0,2022
621110,"Widerstand gegen Vollstreckungsbeamte und gleichstehende Personen    113, 115 StGB",3403000,Oldenburg (Oldenburg),voll.,92,74,18,0,0,0,0,0,0,0,0,0,0,0,0,1,0,1,87,70,17,4,4,0,91,74,17,2022
621110,"Widerstand gegen Vollstreckungsbeamte und gleichstehende Personen    113, 115 StGB",3403000,Oldenburg (Oldenburg),insg.,92,74,18,0,0,0,0,0,0,0,0,0,0,0,0,1,0,1,87,70,17,4,4,0,91,74,17,2022
621110,"Widerstand gegen Vollstreckungsbeamte und gleichstehende Personen    113, 115 StGB",3404000,Osnabr ck,vers.,0,0,0,0,0,0,0,0,0,0,0,0,0,0,0,0,0,0,0,0,0,0,0,0,0,0,0,2022
621110,"Widerstand gegen Vollstreckungsbeamte und gleichstehende Personen    113, 115 StGB",3404000,Osnabr ck,voll.,172,137,35,0,0,0,0,0,0,0,0,0,0,0,0,2,2,0,170,135,35,0,0,0,170,135,35,2022
621110,"Widerstand gegen Vollstreckungsbeamte und gleichstehende Personen    113, 115 StGB",3404000,Osnabr ck,insg.,172,137,35,0,0,0,0,0,0,0,0,0,0,0,0,2,2,0,170,135,35,0,0,0,170,135,35,2022
621110,"Widerstand gegen Vollstreckungsbeamte und gleichstehende Personen    113, 115 StGB",5774032,Paderborn,vers.,0,0,0,0,0,0,0,0,0,0,0,0,0,0,0,0,0,0,0,0,0,0,0,0,0,0,0,2022
621110,"Widerstand gegen Vollstreckungsbeamte und gleichstehende Personen    113, 115 StGB",5774032,Paderborn,voll.,176,142,34,0,0,0,0,0,0,0,0,0,0,0,0,4,4,0,172,138,34,0,0,0,172,138,34,2022
621110,"Widerstand gegen Vollstreckungsbeamte und gleichstehende Personen    113, 115 StGB",5774032,Paderborn,insg.,176,142,34,0,0,0,0,0,0,0,0,0,0,0,0,4,4,0,172,138,34,0,0,0,172,138,34,2022
621110,"Widerstand gegen Vollstreckungsbeamte und gleichstehende Personen    113, 115 StGB",8231000,Pforzheim,vers.,0,0,0,0,0,0,0,0,0,0,0,0,0,0,0,0,0,0,0,0,0,0,0,0,0,0,0,2022
621110,"Widerstand gegen Vollstreckungsbeamte und gleichstehende Personen    113, 115 StGB",8231000,Pforzheim,voll.,58,44,14,0,0,0,0,0,0,0,0,0,0,0,0,2,2,0,56,42,14,0,0,0,56,42,14,2022
621110,"Widerstand gegen Vollstreckungsbeamte und gleichstehende Personen    113, 115 StGB",8231000,Pforzheim,insg.,58,44,14,0,0,0,0,0,0,0,0,0,0,0,0,2,2,0,56,42,14,0,0,0,56,42,14,2022
621110,"Widerstand gegen Vollstreckungsbeamte und gleichstehende Personen    113, 115 StGB",12054000,Potsdam,vers.,0,0,0,0,0,0,0,0,0,0,0,0,0,0,0,0,0,0,0,0,0,0,0,0,0,0,0,2022
621110,"Widerstand gegen Vollstreckungsbeamte und gleichstehende Personen    113, 115 StGB",12054000,Potsdam,voll.,62,52,10,0,0,0,0,0,0,0,0,0,0,0,0,2,2,0,60,50,10,0,0,0,60,50,10,2022
621110,"Widerstand gegen Vollstreckungsbeamte und gleichstehende Personen    113, 115 StGB",12054000,Potsdam,insg.,62,52,10,0,0,0,0,0,0,0,0,0,0,0,0,2,2,0,60,50,10,0,0,0,60,50,10,2022
621110,"Widerstand gegen Vollstreckungsbeamte und gleichstehende Personen    113, 115 StGB",5562032,Recklinghausen,vers.,0,0,0,0,0,0,0,0,0,0,0,0,0,0,0,0,0,0,0,0,0,0,0,0,0,0,0,2022
621110,"Widerstand gegen Vollstreckungsbeamte und gleichstehende Personen    113, 115 StGB",5562032,Recklinghausen,voll.,179,145,34,0,0,0,0,0,0,0,0,0,0,0,0,4,3,1,172,139,33,3,3,0,175,142,33,2022
621110,"Widerstand gegen Vollstreckungsbeamte und gleichstehende Personen    113, 115 StGB",5562032,Recklinghausen,insg.,179,145,34,0,0,0,0,0,0,0,0,0,0,0,0,4,3,1,172,139,33,3,3,0,175,142,33,2022
621110,"Widerstand gegen Vollstreckungsbeamte und gleichstehende Personen    113, 115 StGB",9362000,Regensburg,vers.,0,0,0,0,0,0,0,0,0,0,0,0,0,0,0,0,0,0,0,0,0,0,0,0,0,0,0,2022
621110,"Widerstand gegen Vollstreckungsbeamte und gleichstehende Personen    113, 115 StGB",9362000,Regensburg,voll.,81,64,17,0,0,0,0,0,0,0,0,0,0,0,0,4,2,2,77,62,15,0,0,0,77,62,15,2022
621110,"Widerstand gegen Vollstreckungsbeamte und gleichstehende Personen    113, 115 StGB",9362000,Regensburg,insg.,81,64,17,0,0,0,0,0,0,0,0,0,0,0,0,4,2,2,77,62,15,0,0,0,77,62,15,2022
621110,"Widerstand gegen Vollstreckungsbeamte und gleichstehende Personen    113, 115 StGB",5120000,Remscheid,vers.,0,0,0,0,0,0,0,0,0,0,0,0,0,0,0,0,0,0,0,0,0,0,0,0,0,0,0,2022
621110,"Widerstand gegen Vollstreckungsbeamte und gleichstehende Personen    113, 115 StGB",5120000,Remscheid,voll.,119,78,41,0,0,0,0,0,0,0,0,0,0,0,0,2,0,2,116,77,39,1,1,0,117,78,39,2022
621110,"Widerstand gegen Vollstreckungsbeamte und gleichstehende Personen    113, 115 StGB",5120000,Remscheid,insg.,119,78,41,0,0,0,0,0,0,0,0,0,0,0,0,2,0,2,116,77,39,1,1,0,117,78,39,2022
621110,"Widerstand gegen Vollstreckungsbeamte und gleichstehende Personen    113, 115 StGB",8415061,Reutlingen,vers.,0,0,0,0,0,0,0,0,0,0,0,0,0,0,0,0,0,0,0,0,0,0,0,0,0,0,0,2022
621110,"Widerstand gegen Vollstreckungsbeamte und gleichstehende Personen    113, 115 StGB",8415061,Reutlingen,voll.,65,50,15,0,0,0,0,0,0,0,0,0,0,0,0,0,0,0,65,50,15,0,0,0,65,50,15,2022
621110,"Widerstand gegen Vollstreckungsbeamte und gleichstehende Personen    113, 115 StGB",8415061,Reutlingen,insg.,65,50,15,0,0,0,0,0,0,0,0,0,0,0,0,0,0,0,65,50,15,0,0,0,65,50,15,2022
621110,"Widerstand gegen Vollstreckungsbeamte und gleichstehende Personen    113, 115 StGB",13003000,"Rostock, Hanse- und Universit tsstadt",vers.,0,0,0,0,0,0,0,0,0,0,0,0,0,0,0,0,0,0,0,0,0,0,0,0,0,0,0,2022
621110,"Widerstand gegen Vollstreckungsbeamte und gleichstehende Personen    113, 115 StGB",13003000,"Rostock, Hanse- und Universit tsstadt",voll.,206,173,33,0,0,0,0,0,0,0,0,0,0,0,0,5,4,1,201,169,32,0,0,0,201,169,32,2022
621110,"Widerstand gegen Vollstreckungsbeamte und gleichstehende Personen    113, 115 StGB",13003000,"Rostock, Hanse- und Universit tsstadt",insg.,206,173,33,0,0,0,0,0,0,0,0,0,0,0,0,5,4,1,201,169,32,0,0,0,201,169,32,2022
621110,"Widerstand gegen Vollstreckungsbeamte und gleichstehende Personen    113, 115 StGB",10041100,Saarbr cken,vers.,0,0,0,0,0,0,0,0,0,0,0,0,0,0,0,0,0,0,0,0,0,0,0,0,0,0,0,2022
621110,"Widerstand gegen Vollstreckungsbeamte und gleichstehende Personen    113, 115 StGB",10041100,Saarbr cken,voll.,286,210,76,0,0,0,0,0,0,0,0,0,0,0,0,6,6,0,280,204,76,0,0,0,280,204,76,2022
621110,"Widerstand gegen Vollstreckungsbeamte und gleichstehende Personen    113, 115 StGB",10041100,Saarbr cken,insg.,286,210,76,0,0,0,0,0,0,0,0,0,0,0,0,6,6,0,280,204,76,0,0,0,280,204,76,2022
621110,"Widerstand gegen Vollstreckungsbeamte und gleichstehende Personen    113, 115 StGB",3102000,Salzgitter,vers.,0,0,0,0,0,0,0,0,0,0,0,0,0,0,0,0,0,0,0,0,0,0,0,0,0,0,0,2022
621110,"Widerstand gegen Vollstreckungsbeamte und gleichstehende Personen    113, 115 StGB",3102000,Salzgitter,voll.,98,75,23,0,0,0,0,0,0,0,0,0,0,0,0,1,1,0,97,74,23,0,0,0,97,74,23,2022
621110,"Widerstand gegen Vollstreckungsbeamte und gleichstehende Personen    113, 115 StGB",3102000,Salzgitter,insg.,98,75,23,0,0,0,0,0,0,0,0,0,0,0,0,1,1,0,97,74,23,0,0,0,97,74,23,2022
621110,"Widerstand gegen Vollstreckungsbeamte und gleichstehende Personen    113, 115 StGB",13004000,Schwerin,vers.,0,0,0,0,0,0,0,0,0,0,0,0,0,0,0,0,0,0,0,0,0,0,0,0,0,0,0,2022
621110,"Widerstand gegen Vollstreckungsbeamte und gleichstehende Personen    113, 115 StGB",13004000,Schwerin,voll.,120,102,18,0,0,0,0,0,0,0,0,0,0,0,0,2,2,0,118,100,18,0,0,0,118,100,18,2022
621110,"Widerstand gegen Vollstreckungsbeamte und gleichstehende Personen    113, 115 StGB",13004000,Schwerin,insg.,120,102,18,0,0,0,0,0,0,0,0,0,0,0,0,2,2,0,118,100,18,0,0,0,118,100,18,2022
621110,"Widerstand gegen Vollstreckungsbeamte und gleichstehende Personen    113, 115 StGB",5970040,Siegen,vers.,0,0,0,0,0,0,0,0,0,0,0,0,0,0,0,0,0,0,0,0,0,0,0,0,0,0,0,2022
621110,"Widerstand gegen Vollstreckungsbeamte und gleichstehende Personen    113, 115 StGB",5970040,Siegen,voll.,167,120,47,0,0,0,0,0,0,0,0,0,1,0,1,4,4,0,162,116,46,0,0,0,162,116,46,2022
621110,"Widerstand gegen Vollstreckungsbeamte und gleichstehende Personen    113, 115 StGB",5970040,Siegen,insg.,167,120,47,0,0,0,0,0,0,0,0,0,1,0,1,4,4,0,162,116,46,0,0,0,162,116,46,2022
621110,"Widerstand gegen Vollstreckungsbeamte und gleichstehende Personen    113, 115 StGB",5122000,Solingen,vers.,0,0,0,0,0,0,0,0,0,0,0,0,0,0,0,0,0,0,0,0,0,0,0,0,0,0,0,2022
621110,"Widerstand gegen Vollstreckungsbeamte und gleichstehende Personen    113, 115 StGB",5122000,Solingen,voll.,105,86,19,0,0,0,0,0,0,0,0,0,0,0,0,1,1,0,104,85,19,0,0,0,104,85,19,2022
621110,"Widerstand gegen Vollstreckungsbeamte und gleichstehende Personen    113, 115 StGB",5122000,Solingen,insg.,105,86,19,0,0,0,0,0,0,0,0,0,0,0,0,1,1,0,104,85,19,0,0,0,104,85,19,2022
621110,"Widerstand gegen Vollstreckungsbeamte und gleichstehende Personen    113, 115 StGB",8111000,Stuttgart,vers.,0,0,0,0,0,0,0,0,0,0,0,0,0,0,0,0,0,0,0,0,0,0,0,0,0,0,0,2022
621110,"Widerstand gegen Vollstreckungsbeamte und gleichstehende Personen    113, 115 StGB",8111000,Stuttgart,voll.,962,788,174,0,0,0,0,0,0,0,0,0,0,0,0,21,12,9,933,768,165,8,8,0,941,776,165,2022
621110,"Widerstand gegen Vollstreckungsbeamte und gleichstehende Personen    113, 115 StGB",8111000,Stuttgart,insg.,962,788,174,0,0,0,0,0,0,0,0,0,0,0,0,21,12,9,933,768,165,8,8,0,941,776,165,2022
621110,"Widerstand gegen Vollstreckungsbeamte und gleichstehende Personen    113, 115 StGB",7211000,Trier,vers.,0,0,0,0,0,0,0,0,0,0,0,0,0,0,0,0,0,0,0,0,0,0,0,0,0,0,0,2022
621110,"Widerstand gegen Vollstreckungsbeamte und gleichstehende Personen    113, 115 StGB",7211000,Trier,voll.,60,51,9,0,0,0,0,0,0,0,0,0,0,0,0,2,2,0,58,49,9,0,0,0,58,49,9,2022
621110,"Widerstand gegen Vollstreckungsbeamte und gleichstehende Personen    113, 115 StGB",7211000,Trier,insg.,60,51,9,0,0,0,0,0,0,0,0,0,0,0,0,2,2,0,58,49,9,0,0,0,58,49,9,2022
621110,"Widerstand gegen Vollstreckungsbeamte und gleichstehende Personen    113, 115 StGB",8421000,Ulm,vers.,0,0,0,0,0,0,0,0,0,0,0,0,0,0,0,0,0,0,0,0,0,0,0,0,0,0,0,2022
621110,"Widerstand gegen Vollstreckungsbeamte und gleichstehende Personen    113, 115 StGB",8421000,Ulm,voll.,80,67,13,0,0,0,0,0,0,0,0,0,0,0,0,4,3,1,76,64,12,0,0,0,76,64,12,2022
621110,"Widerstand gegen Vollstreckungsbeamte und gleichstehende Personen    113, 115 StGB",8421000,Ulm,insg.,80,67,13,0,0,0,0,0,0,0,0,0,0,0,0,4,3,1,76,64,12,0,0,0,76,64,12,2022
621110,"Widerstand gegen Vollstreckungsbeamte und gleichstehende Personen    113, 115 StGB",6414000,Wiesbaden,vers.,0,0,0,0,0,0,0,0,0,0,0,0,0,0,0,0,0,0,0,0,0,0,0,0,0,0,0,2022
621110,"Widerstand gegen Vollstreckungsbeamte und gleichstehende Personen    113, 115 StGB",6414000,Wiesbaden,voll.,112,89,23,0,0,0,0,0,0,0,0,0,0,0,0,0,0,0,112,89,23,0,0,0,112,89,23,2022
621110,"Widerstand gegen Vollstreckungsbeamte und gleichstehende Personen    113, 115 StGB",6414000,Wiesbaden,insg.,112,89,23,0,0,0,0,0,0,0,0,0,0,0,0,0,0,0,112,89,23,0,0,0,112,89,23,2022
621110,"Widerstand gegen Vollstreckungsbeamte und gleichstehende Personen    113, 115 StGB",3103000,Wolfsburg,vers.,0,0,0,0,0,0,0,0,0,0,0,0,0,0,0,0,0,0,0,0,0,0,0,0,0,0,0,2022
621110,"Widerstand gegen Vollstreckungsbeamte und gleichstehende Personen    113, 115 StGB",3103000,Wolfsburg,voll.,67,52,15,0,0,0,0,0,0,0,0,0,0,0,0,0,0,0,67,52,15,0,0,0,67,52,15,2022
621110,"Widerstand gegen Vollstreckungsbeamte und gleichstehende Personen    113, 115 StGB",3103000,Wolfsburg,insg.,67,52,15,0,0,0,0,0,0,0,0,0,0,0,0,0,0,0,67,52,15,0,0,0,67,52,15,2022
621110,"Widerstand gegen Vollstreckungsbeamte und gleichstehende Personen    113, 115 StGB",5124000,Wuppertal,vers.,0,0,0,0,0,0,0,0,0,0,0,0,0,0,0,0,0,0,0,0,0,0,0,0,0,0,0,2022
621110,"Widerstand gegen Vollstreckungsbeamte und gleichstehende Personen    113, 115 StGB",5124000,Wuppertal,voll.,291,211,80,0,0,0,0,0,0,0,0,0,1,1,0,2,0,2,279,202,77,9,8,1,288,210,78,2022
621110,"Widerstand gegen Vollstreckungsbeamte und gleichstehende Personen    113, 115 StGB",5124000,Wuppertal,insg.,291,211,80,0,0,0,0,0,0,0,0,0,1,1,0,2,0,2,279,202,77,9,8,1,288,210,78,2022
621110,"Widerstand gegen Vollstreckungsbeamte und gleichstehende Personen    113, 115 StGB",9663000,W rzburg,vers.,0,0,0,0,0,0,0,0,0,0,0,0,0,0,0,0,0,0,0,0,0,0,0,0,0,0,0,2022
621110,"Widerstand gegen Vollstreckungsbeamte und gleichstehende Personen    113, 115 StGB",9663000,W rzburg,voll.,85,71,14,0,0,0,0,0,0,0,0,0,0,0,0,5,2,3,80,69,11,0,0,0,80,69,11,2022
621110,"Widerstand gegen Vollstreckungsbeamte und gleichstehende Personen    113, 115 StGB",9663000,W rzburg,insg.,85,71,14,0,0,0,0,0,0,0,0,0,0,0,0,5,2,3,80,69,11,0,0,0,80,69,11,2022
621120,"T tlicher Angriff auf Vollstreckungsbeamte und gleichstehende Personen    114, 115 StGB",5334002,Aachen,vers.,0,0,0,0,0,0,0,0,0,0,0,0,0,0,0,0,0,0,0,0,0,0,0,0,0,0,0,2022
621120,"T tlicher Angriff auf Vollstreckungsbeamte und gleichstehende Personen    114, 115 StGB",5334002,Aachen,voll.,79,63,16,0,0,0,0,0,0,0,0,0,0,0,0,2,1,1,76,61,15,1,1,0,77,62,15,2022
621120,"T tlicher Angriff auf Vollstreckungsbeamte und gleichstehende Personen    114, 115 StGB",5334002,Aachen,insg.,79,63,16,0,0,0,0,0,0,0,0,0,0,0,0,2,1,1,76,61,15,1,1,0,77,62,15,2022
621120,"T tlicher Angriff auf Vollstreckungsbeamte und gleichstehende Personen    114, 115 StGB",9761000,Augsburg,vers.,0,0,0,0,0,0,0,0,0,0,0,0,0,0,0,0,0,0,0,0,0,0,0,0,0,0,0,2022
621120,"T tlicher Angriff auf Vollstreckungsbeamte und gleichstehende Personen    114, 115 StGB",9761000,Augsburg,voll.,268,207,61,0,0,0,0,0,0,0,0,0,0,0,0,6,5,1,262,202,60,0,0,0,262,202,60,2022
621120,"T tlicher Angriff auf Vollstreckungsbeamte und gleichstehende Personen    114, 115 StGB",9761000,Augsburg,insg.,268,207,61,0,0,0,0,0,0,0,0,0,0,0,0,6,5,1,262,202,60,0,0,0,262,202,60,2022
621120,"T tlicher Angriff auf Vollstreckungsbeamte und gleichstehende Personen    114, 115 StGB",5378004,Bergisch Gladbach,vers.,0,0,0,0,0,0,0,0,0,0,0,0,0,0,0,0,0,0,0,0,0,0,0,0,0,0,0,2022
621120,"T tlicher Angriff auf Vollstreckungsbeamte und gleichstehende Personen    114, 115 StGB",5378004,Bergisch Gladbach,voll.,7,5,2,0,0,0,0,0,0,0,0,0,0,0,0,0,0,0,7,5,2,0,0,0,7,5,2,2022
621120,"T tlicher Angriff auf Vollstreckungsbeamte und gleichstehende Personen    114, 115 StGB",5378004,Bergisch Gladbach,insg.,7,5,2,0,0,0,0,0,0,0,0,0,0,0,0,0,0,0,7,5,2,0,0,0,7,5,2,2022
621120,"T tlicher Angriff auf Vollstreckungsbeamte und gleichstehende Personen    114, 115 StGB",11000000,Berlin,vers.,0,0,0,0,0,0,0,0,0,0,0,0,0,0,0,0,0,0,0,0,0,0,0,0,0,0,0,2022
621120,"T tlicher Angriff auf Vollstreckungsbeamte und gleichstehende Personen    114, 115 StGB",11000000,Berlin,voll.,2885,2433,452,0,0,0,0,0,0,0,0,0,1,1,0,33,30,3,2829,2381,448,22,21,1,2851,2402,449,2022
621120,"T tlicher Angriff auf Vollstreckungsbeamte und gleichstehende Personen    114, 115 StGB",11000000,Berlin,insg.,2885,2433,452,0,0,0,0,0,0,0,0,0,1,1,0,33,30,3,2829,2381,448,22,21,1,2851,2402,449,2022
621120,"T tlicher Angriff auf Vollstreckungsbeamte und gleichstehende Personen    114, 115 StGB",5711000,Bielefeld,vers.,0,0,0,0,0,0,0,0,0,0,0,0,0,0,0,0,0,0,0,0,0,0,0,0,0,0,0,2022
621120,"T tlicher Angriff auf Vollstreckungsbeamte und gleichstehende Personen    114, 115 StGB",5711000,Bielefeld,voll.,75,57,18,0,0,0,0,0,0,0,0,0,0,0,0,1,0,1,74,57,17,0,0,0,74,57,17,2022
621120,"T tlicher Angriff auf Vollstreckungsbeamte und gleichstehende Personen    114, 115 StGB",5711000,Bielefeld,insg.,75,57,18,0,0,0,0,0,0,0,0,0,0,0,0,1,0,1,74,57,17,0,0,0,74,57,17,2022
621120,"T tlicher Angriff auf Vollstreckungsbeamte und gleichstehende Personen    114, 115 StGB",5911000,Bochum,vers.,0,0,0,0,0,0,0,0,0,0,0,0,0,0,0,0,0,0,0,0,0,0,0,0,0,0,0,2022
621120,"T tlicher Angriff auf Vollstreckungsbeamte und gleichstehende Personen    114, 115 StGB",5911000,Bochum,voll.,243,187,56,0,0,0,0,0,0,0,0,0,0,0,0,4,3,1,237,183,54,2,1,1,239,184,55,2022
621120,"T tlicher Angriff auf Vollstreckungsbeamte und gleichstehende Personen    114, 115 StGB",5911000,Bochum,insg.,243,187,56,0,0,0,0,0,0,0,0,0,0,0,0,4,3,1,237,183,54,2,1,1,239,184,55,2022
621120,"T tlicher Angriff auf Vollstreckungsbeamte und gleichstehende Personen    114, 115 StGB",5314000,Bonn,vers.,0,0,0,0,0,0,0,0,0,0,0,0,0,0,0,0,0,0,0,0,0,0,0,0,0,0,0,2022
621120,"T tlicher Angriff auf Vollstreckungsbeamte und gleichstehende Personen    114, 115 StGB",5314000,Bonn,voll.,278,208,70,0,0,0,0,0,0,0,0,0,0,0,0,4,3,1,272,203,69,2,2,0,274,205,69,2022
621120,"T tlicher Angriff auf Vollstreckungsbeamte und gleichstehende Personen    114, 115 StGB",5314000,Bonn,insg.,278,208,70,0,0,0,0,0,0,0,0,0,0,0,0,4,3,1,272,203,69,2,2,0,274,205,69,2022
621120,"T tlicher Angriff auf Vollstreckungsbeamte und gleichstehende Personen    114, 115 StGB",5512000,Bottrop,vers.,0,0,0,0,0,0,0,0,0,0,0,0,0,0,0,0,0,0,0,0,0,0,0,0,0,0,0,2022
621120,"T tlicher Angriff auf Vollstreckungsbeamte und gleichstehende Personen    114, 115 StGB",5512000,Bottrop,voll.,40,24,16,0,0,0,0,0,0,0,0,0,0,0,0,1,0,1,39,24,15,0,0,0,39,24,15,2022
621120,"T tlicher Angriff auf Vollstreckungsbeamte und gleichstehende Personen    114, 115 StGB",5512000,Bottrop,insg.,40,24,16,0,0,0,0,0,0,0,0,0,0,0,0,1,0,1,39,24,15,0,0,0,39,24,15,2022
621120,"T tlicher Angriff auf Vollstreckungsbeamte und gleichstehende Personen    114, 115 StGB",3101000,Braunschweig,vers.,0,0,0,0,0,0,0,0,0,0,0,0,0,0,0,0,0,0,0,0,0,0,0,0,0,0,0,2022
621120,"T tlicher Angriff auf Vollstreckungsbeamte und gleichstehende Personen    114, 115 StGB",3101000,Braunschweig,voll.,270,204,66,0,0,0,0,0,0,0,0,0,0,0,0,3,1,2,264,200,64,3,3,0,267,203,64,2022
621120,"T tlicher Angriff auf Vollstreckungsbeamte und gleichstehende Personen    114, 115 StGB",3101000,Braunschweig,insg.,270,204,66,0,0,0,0,0,0,0,0,0,0,0,0,3,1,2,264,200,64,3,3,0,267,203,64,2022
621120,"T tlicher Angriff auf Vollstreckungsbeamte und gleichstehende Personen    114, 115 StGB",4011000,Bremen,vers.,0,0,0,0,0,0,0,0,0,0,0,0,0,0,0,0,0,0,0,0,0,0,0,0,0,0,0,2022
621120,"T tlicher Angriff auf Vollstreckungsbeamte und gleichstehende Personen    114, 115 StGB",4011000,Bremen,voll.,311,237,74,0,0,0,0,0,0,0,0,0,0,0,0,6,3,3,304,233,71,1,1,0,305,234,71,2022
621120,"T tlicher Angriff auf Vollstreckungsbeamte und gleichstehende Personen    114, 115 StGB",4011000,Bremen,insg.,311,237,74,0,0,0,0,0,0,0,0,0,0,0,0,6,3,3,304,233,71,1,1,0,305,234,71,2022
621120,"T tlicher Angriff auf Vollstreckungsbeamte und gleichstehende Personen    114, 115 StGB",4012000,Bremerhaven,vers.,0,0,0,0,0,0,0,0,0,0,0,0,0,0,0,0,0,0,0,0,0,0,0,0,0,0,0,2022
621120,"T tlicher Angriff auf Vollstreckungsbeamte und gleichstehende Personen    114, 115 StGB",4012000,Bremerhaven,voll.,36,28,8,0,0,0,0,0,0,0,0,0,0,0,0,0,0,0,34,26,8,2,2,0,36,28,8,2022
621120,"T tlicher Angriff auf Vollstreckungsbeamte und gleichstehende Personen    114, 115 StGB",4012000,Bremerhaven,insg.,36,28,8,0,0,0,0,0,0,0,0,0,0,0,0,0,0,0,34,26,8,2,2,0,36,28,8,2022
621120,"T tlicher Angriff auf Vollstreckungsbeamte und gleichstehende Personen    114, 115 StGB",14511000,Chemnitz,vers.,0,0,0,0,0,0,0,0,0,0,0,0,0,0,0,0,0,0,0,0,0,0,0,0,0,0,0,2022
621120,"T tlicher Angriff auf Vollstreckungsbeamte und gleichstehende Personen    114, 115 StGB",14511000,Chemnitz,voll.,67,60,7,0,0,0,0,0,0,0,0,0,0,0,0,1,0,1,66,60,6,0,0,0,66,60,6,2022
621120,"T tlicher Angriff auf Vollstreckungsbeamte und gleichstehende Personen    114, 115 StGB",14511000,Chemnitz,insg.,67,60,7,0,0,0,0,0,0,0,0,0,0,0,0,1,0,1,66,60,6,0,0,0,66,60,6,2022
621120,"T tlicher Angriff auf Vollstreckungsbeamte und gleichstehende Personen    114, 115 StGB",12052000,Cottbus,vers.,0,0,0,0,0,0,0,0,0,0,0,0,0,0,0,0,0,0,0,0,0,0,0,0,0,0,0,2022
621120,"T tlicher Angriff auf Vollstreckungsbeamte und gleichstehende Personen    114, 115 StGB",12052000,Cottbus,voll.,86,77,9,0,0,0,0,0,0,0,0,0,0,0,0,0,0,0,81,73,8,5,4,1,86,77,9,2022
621120,"T tlicher Angriff auf Vollstreckungsbeamte und gleichstehende Personen    114, 115 StGB",12052000,Cottbus,insg.,86,77,9,0,0,0,0,0,0,0,0,0,0,0,0,0,0,0,81,73,8,5,4,1,86,77,9,2022
621120,"T tlicher Angriff auf Vollstreckungsbeamte und gleichstehende Personen    114, 115 StGB",6411000,Darmstadt,vers.,0,0,0,0,0,0,0,0,0,0,0,0,0,0,0,0,0,0,0,0,0,0,0,0,0,0,0,2022
621120,"T tlicher Angriff auf Vollstreckungsbeamte und gleichstehende Personen    114, 115 StGB",6411000,Darmstadt,voll.,36,24,12,0,0,0,0,0,0,0,0,0,0,0,0,1,0,1,35,24,11,0,0,0,35,24,11,2022
621120,"T tlicher Angriff auf Vollstreckungsbeamte und gleichstehende Personen    114, 115 StGB",6411000,Darmstadt,insg.,36,24,12,0,0,0,0,0,0,0,0,0,0,0,0,1,0,1,35,24,11,0,0,0,35,24,11,2022
621120,"T tlicher Angriff auf Vollstreckungsbeamte und gleichstehende Personen    114, 115 StGB",5913000,Dortmund,vers.,0,0,0,0,0,0,0,0,0,0,0,0,0,0,0,0,0,0,0,0,0,0,0,0,0,0,0,2022
621120,"T tlicher Angriff auf Vollstreckungsbeamte und gleichstehende Personen    114, 115 StGB",5913000,Dortmund,voll.,684,496,188,0,0,0,0,0,0,0,0,0,0,0,0,16,9,7,662,482,180,6,5,1,668,487,181,2022
621120,"T tlicher Angriff auf Vollstreckungsbeamte und gleichstehende Personen    114, 115 StGB",5913000,Dortmund,insg.,684,496,188,0,0,0,0,0,0,0,0,0,0,0,0,16,9,7,662,482,180,6,5,1,668,487,181,2022
621120,"T tlicher Angriff auf Vollstreckungsbeamte und gleichstehende Personen    114, 115 StGB",14612000,Dresden,vers.,0,0,0,0,0,0,0,0,0,0,0,0,0,0,0,0,0,0,0,0,0,0,0,0,0,0,0,2022
621120,"T tlicher Angriff auf Vollstreckungsbeamte und gleichstehende Personen    114, 115 StGB",14612000,Dresden,voll.,230,195,35,0,0,0,0,0,0,0,0,0,0,0,0,3,3,0,220,185,35,7,7,0,227,192,35,2022
621120,"T tlicher Angriff auf Vollstreckungsbeamte und gleichstehende Personen    114, 115 StGB",14612000,Dresden,insg.,230,195,35,0,0,0,0,0,0,0,0,0,0,0,0,3,3,0,220,185,35,7,7,0,227,192,35,2022
621120,"T tlicher Angriff auf Vollstreckungsbeamte und gleichstehende Personen    114, 115 StGB",5112000,Duisburg,vers.,0,0,0,0,0,0,0,0,0,0,0,0,0,0,0,0,0,0,0,0,0,0,0,0,0,0,0,2022
621120,"T tlicher Angriff auf Vollstreckungsbeamte und gleichstehende Personen    114, 115 StGB",5112000,Duisburg,voll.,128,99,29,0,0,0,0,0,0,0,0,0,0,0,0,4,4,0,123,95,28,1,0,1,124,95,29,2022
621120,"T tlicher Angriff auf Vollstreckungsbeamte und gleichstehende Personen    114, 115 StGB",5112000,Duisburg,insg.,128,99,29,0,0,0,0,0,0,0,0,0,0,0,0,4,4,0,123,95,28,1,0,1,124,95,29,2022
621120,"T tlicher Angriff auf Vollstreckungsbeamte und gleichstehende Personen    114, 115 StGB",5111000,D sseldorf,vers.,0,0,0,0,0,0,0,0,0,0,0,0,0,0,0,0,0,0,0,0,0,0,0,0,0,0,0,2022
621120,"T tlicher Angriff auf Vollstreckungsbeamte und gleichstehende Personen    114, 115 StGB",5111000,D sseldorf,voll.,523,404,119,0,0,0,0,0,0,0,0,0,0,0,0,8,7,1,510,393,117,5,4,1,515,397,118,2022
621120,"T tlicher Angriff auf Vollstreckungsbeamte und gleichstehende Personen    114, 115 StGB",5111000,D sseldorf,insg.,523,404,119,0,0,0,0,0,0,0,0,0,0,0,0,8,7,1,510,393,117,5,4,1,515,397,118,2022
621120,"T tlicher Angriff auf Vollstreckungsbeamte und gleichstehende Personen    114, 115 StGB",16051000,Erfurt,vers.,0,0,0,0,0,0,0,0,0,0,0,0,0,0,0,0,0,0,0,0,0,0,0,0,0,0,0,2022
621120,"T tlicher Angriff auf Vollstreckungsbeamte und gleichstehende Personen    114, 115 StGB",16051000,Erfurt,voll.,185,161,24,0,0,0,0,0,0,0,0,0,0,0,0,9,6,3,176,155,21,0,0,0,176,155,21,2022
621120,"T tlicher Angriff auf Vollstreckungsbeamte und gleichstehende Personen    114, 115 StGB",16051000,Erfurt,insg.,185,161,24,0,0,0,0,0,0,0,0,0,0,0,0,9,6,3,176,155,21,0,0,0,176,155,21,2022
621120,"T tlicher Angriff auf Vollstreckungsbeamte und gleichstehende Personen    114, 115 StGB",9562000,Erlangen,vers.,0,0,0,0,0,0,0,0,0,0,0,0,0,0,0,0,0,0,0,0,0,0,0,0,0,0,0,2022
621120,"T tlicher Angriff auf Vollstreckungsbeamte und gleichstehende Personen    114, 115 StGB",9562000,Erlangen,voll.,74,67,7,0,0,0,0,0,0,0,0,0,0,0,0,3,2,1,70,64,6,1,1,0,71,65,6,2022
621120,"T tlicher Angriff auf Vollstreckungsbeamte und gleichstehende Personen    114, 115 StGB",9562000,Erlangen,insg.,74,67,7,0,0,0,0,0,0,0,0,0,0,0,0,3,2,1,70,64,6,1,1,0,71,65,6,2022
621120,"T tlicher Angriff auf Vollstreckungsbeamte und gleichstehende Personen    114, 115 StGB",5113000,Essen,vers.,0,0,0,0,0,0,0,0,0,0,0,0,0,0,0,0,0,0,0,0,0,0,0,0,0,0,0,2022
621120,"T tlicher Angriff auf Vollstreckungsbeamte und gleichstehende Personen    114, 115 StGB",5113000,Essen,voll.,261,197,64,0,0,0,0,0,0,0,0,0,0,0,0,3,3,0,255,191,64,3,3,0,258,194,64,2022
621120,"T tlicher Angriff auf Vollstreckungsbeamte und gleichstehende Personen    114, 115 StGB",5113000,Essen,insg.,261,197,64,0,0,0,0,0,0,0,0,0,0,0,0,3,3,0,255,191,64,3,3,0,258,194,64,2022
621120,"T tlicher Angriff auf Vollstreckungsbeamte und gleichstehende Personen    114, 115 StGB",6412000,Frankfurt am Main,vers.,0,0,0,0,0,0,0,0,0,0,0,0,0,0,0,0,0,0,0,0,0,0,0,0,0,0,0,2022
621120,"T tlicher Angriff auf Vollstreckungsbeamte und gleichstehende Personen    114, 115 StGB",6412000,Frankfurt am Main,voll.,1016,792,224,0,0,0,0,0,0,0,0,0,1,1,0,13,10,3,1000,779,221,2,2,0,1002,781,221,2022
621120,"T tlicher Angriff auf Vollstreckungsbeamte und gleichstehende Personen    114, 115 StGB",6412000,Frankfurt am Main,insg.,1016,792,224,0,0,0,0,0,0,0,0,0,1,1,0,13,10,3,1000,779,221,2,2,0,1002,781,221,2022
621120,"T tlicher Angriff auf Vollstreckungsbeamte und gleichstehende Personen    114, 115 StGB",8311000,Freiburg im Breisgau,vers.,0,0,0,0,0,0,0,0,0,0,0,0,0,0,0,0,0,0,0,0,0,0,0,0,0,0,0,2022
621120,"T tlicher Angriff auf Vollstreckungsbeamte und gleichstehende Personen    114, 115 StGB",8311000,Freiburg im Breisgau,voll.,265,208,57,0,0,0,0,0,0,0,0,0,0,0,0,8,7,1,257,201,56,0,0,0,257,201,56,2022
621120,"T tlicher Angriff auf Vollstreckungsbeamte und gleichstehende Personen    114, 115 StGB",8311000,Freiburg im Breisgau,insg.,265,208,57,0,0,0,0,0,0,0,0,0,0,0,0,8,7,1,257,201,56,0,0,0,257,201,56,2022
621120,"T tlicher Angriff auf Vollstreckungsbeamte und gleichstehende Personen    114, 115 StGB",9563000,F rth,vers.,0,0,0,0,0,0,0,0,0,0,0,0,0,0,0,0,0,0,0,0,0,0,0,0,0,0,0,2022
621120,"T tlicher Angriff auf Vollstreckungsbeamte und gleichstehende Personen    114, 115 StGB",9563000,F rth,voll.,94,69,25,0,0,0,0,0,0,0,0,0,0,0,0,4,1,3,90,68,22,0,0,0,90,68,22,2022
621120,"T tlicher Angriff auf Vollstreckungsbeamte und gleichstehende Personen    114, 115 StGB",9563000,F rth,insg.,94,69,25,0,0,0,0,0,0,0,0,0,0,0,0,4,1,3,90,68,22,0,0,0,90,68,22,2022
621120,"T tlicher Angriff auf Vollstreckungsbeamte und gleichstehende Personen    114, 115 StGB",5513000,Gelsenkirchen,vers.,0,0,0,0,0,0,0,0,0,0,0,0,0,0,0,0,0,0,0,0,0,0,0,0,0,0,0,2022
621120,"T tlicher Angriff auf Vollstreckungsbeamte und gleichstehende Personen    114, 115 StGB",5513000,Gelsenkirchen,voll.,208,147,61,0,0,0,0,0,0,0,0,0,1,0,1,4,2,2,202,144,58,1,1,0,203,145,58,2022
621120,"T tlicher Angriff auf Vollstreckungsbeamte und gleichstehende Personen    114, 115 StGB",5513000,Gelsenkirchen,insg.,208,147,61,0,0,0,0,0,0,0,0,0,1,0,1,4,2,2,202,144,58,1,1,0,203,145,58,2022
621120,"T tlicher Angriff auf Vollstreckungsbeamte und gleichstehende Personen    114, 115 StGB",3159016,G ttingen,vers.,0,0,0,0,0,0,0,0,0,0,0,0,0,0,0,0,0,0,0,0,0,0,0,0,0,0,0,2022
621120,"T tlicher Angriff auf Vollstreckungsbeamte und gleichstehende Personen    114, 115 StGB",3159016,G ttingen,voll.,133,87,46,0,0,0,0,0,0,0,0,0,0,0,0,2,2,0,131,85,46,0,0,0,131,85,46,2022
621120,"T tlicher Angriff auf Vollstreckungsbeamte und gleichstehende Personen    114, 115 StGB",3159016,G ttingen,insg.,133,87,46,0,0,0,0,0,0,0,0,0,0,0,0,2,2,0,131,85,46,0,0,0,131,85,46,2022
621120,"T tlicher Angriff auf Vollstreckungsbeamte und gleichstehende Personen    114, 115 StGB",5754008,G tersloh,vers.,0,0,0,0,0,0,0,0,0,0,0,0,0,0,0,0,0,0,0,0,0,0,0,0,0,0,0,2022
621120,"T tlicher Angriff auf Vollstreckungsbeamte und gleichstehende Personen    114, 115 StGB",5754008,G tersloh,voll.,47,33,14,0,0,0,0,0,0,0,0,0,0,0,0,2,0,2,44,32,12,1,1,0,45,33,12,2022
621120,"T tlicher Angriff auf Vollstreckungsbeamte und gleichstehende Personen    114, 115 StGB",5754008,G tersloh,insg.,47,33,14,0,0,0,0,0,0,0,0,0,0,0,0,2,0,2,44,32,12,1,1,0,45,33,12,2022
621120,"T tlicher Angriff auf Vollstreckungsbeamte und gleichstehende Personen    114, 115 StGB",5914000,Hagen,vers.,0,0,0,0,0,0,0,0,0,0,0,0,0,0,0,0,0,0,0,0,0,0,0,0,0,0,0,2022
621120,"T tlicher Angriff auf Vollstreckungsbeamte und gleichstehende Personen    114, 115 StGB",5914000,Hagen,voll.,135,96,39,0,0,0,0,0,0,0,0,0,0,0,0,6,2,4,129,94,35,0,0,0,129,94,35,2022
621120,"T tlicher Angriff auf Vollstreckungsbeamte und gleichstehende Personen    114, 115 StGB",5914000,Hagen,insg.,135,96,39,0,0,0,0,0,0,0,0,0,0,0,0,6,2,4,129,94,35,0,0,0,129,94,35,2022
621120,"T tlicher Angriff auf Vollstreckungsbeamte und gleichstehende Personen    114, 115 StGB",15002000,Halle (Saale),vers.,0,0,0,0,0,0,0,0,0,0,0,0,0,0,0,0,0,0,0,0,0,0,0,0,0,0,0,2022
621120,"T tlicher Angriff auf Vollstreckungsbeamte und gleichstehende Personen    114, 115 StGB",15002000,Halle (Saale),voll.,134,102,32,0,0,0,0,0,0,0,0,0,0,0,0,9,2,7,123,98,25,2,2,0,125,100,25,2022
621120,"T tlicher Angriff auf Vollstreckungsbeamte und gleichstehende Personen    114, 115 StGB",15002000,Halle (Saale),insg.,134,102,32,0,0,0,0,0,0,0,0,0,0,0,0,9,2,7,123,98,25,2,2,0,125,100,25,2022
621120,"T tlicher Angriff auf Vollstreckungsbeamte und gleichstehende Personen    114, 115 StGB",2000000,Hamburg,vers.,0,0,0,0,0,0,0,0,0,0,0,0,0,0,0,0,0,0,0,0,0,0,0,0,0,0,0,2022
621120,"T tlicher Angriff auf Vollstreckungsbeamte und gleichstehende Personen    114, 115 StGB",2000000,Hamburg,voll.,1236,951,285,0,0,0,0,0,0,0,0,0,0,0,0,19,13,6,1216,937,279,1,1,0,1217,938,279,2022
621120,"T tlicher Angriff auf Vollstreckungsbeamte und gleichstehende Personen    114, 115 StGB",2000000,Hamburg,insg.,1236,951,285,0,0,0,0,0,0,0,0,0,0,0,0,19,13,6,1216,937,279,1,1,0,1217,938,279,2022
621120,"T tlicher Angriff auf Vollstreckungsbeamte und gleichstehende Personen    114, 115 StGB",5915000,Hamm,vers.,0,0,0,0,0,0,0,0,0,0,0,0,0,0,0,0,0,0,0,0,0,0,0,0,0,0,0,2022
621120,"T tlicher Angriff auf Vollstreckungsbeamte und gleichstehende Personen    114, 115 StGB",5915000,Hamm,voll.,93,73,20,0,0,0,0,0,0,0,0,0,0,0,0,1,1,0,91,71,20,1,1,0,92,72,20,2022
621120,"T tlicher Angriff auf Vollstreckungsbeamte und gleichstehende Personen    114, 115 StGB",5915000,Hamm,insg.,93,73,20,0,0,0,0,0,0,0,0,0,0,0,0,1,1,0,91,71,20,1,1,0,92,72,20,2022
621120,"T tlicher Angriff auf Vollstreckungsbeamte und gleichstehende Personen    114, 115 StGB",6435014,Hanau,vers.,0,0,0,0,0,0,0,0,0,0,0,0,0,0,0,0,0,0,0,0,0,0,0,0,0,0,0,2022
621120,"T tlicher Angriff auf Vollstreckungsbeamte und gleichstehende Personen    114, 115 StGB",6435014,Hanau,voll.,64,52,12,0,0,0,0,0,0,0,0,0,0,0,0,3,2,1,61,50,11,0,0,0,61,50,11,2022
621120,"T tlicher Angriff auf Vollstreckungsbeamte und gleichstehende Personen    114, 115 StGB",6435014,Hanau,insg.,64,52,12,0,0,0,0,0,0,0,0,0,0,0,0,3,2,1,61,50,11,0,0,0,61,50,11,2022
621120,"T tlicher Angriff auf Vollstreckungsbeamte und gleichstehende Personen    114, 115 StGB",3241001,Hannover,vers.,0,0,0,0,0,0,0,0,0,0,0,0,0,0,0,0,0,0,0,0,0,0,0,0,0,0,0,2022
621120,"T tlicher Angriff auf Vollstreckungsbeamte und gleichstehende Personen    114, 115 StGB",3241001,Hannover,voll.,649,476,173,0,0,0,0,0,0,0,0,0,0,0,0,12,3,9,637,473,164,0,0,0,637,473,164,2022
621120,"T tlicher Angriff auf Vollstreckungsbeamte und gleichstehende Personen    114, 115 StGB",3241001,Hannover,insg.,649,476,173,0,0,0,0,0,0,0,0,0,0,0,0,12,3,9,637,473,164,0,0,0,637,473,164,2022
621120,"T tlicher Angriff auf Vollstreckungsbeamte und gleichstehende Personen    114, 115 StGB",8221000,Heidelberg,vers.,0,0,0,0,0,0,0,0,0,0,0,0,0,0,0,0,0,0,0,0,0,0,0,0,0,0,0,2022
621120,"T tlicher Angriff auf Vollstreckungsbeamte und gleichstehende Personen    114, 115 StGB",8221000,Heidelberg,voll.,195,139,56,0,0,0,0,0,0,0,0,0,0,0,0,2,2,0,192,136,56,1,1,0,193,137,56,2022
621120,"T tlicher Angriff auf Vollstreckungsbeamte und gleichstehende Personen    114, 115 StGB",8221000,Heidelberg,insg.,195,139,56,0,0,0,0,0,0,0,0,0,0,0,0,2,2,0,192,136,56,1,1,0,193,137,56,2022
621120,"T tlicher Angriff auf Vollstreckungsbeamte und gleichstehende Personen    114, 115 StGB",8121000,Heilbronn,vers.,0,0,0,0,0,0,0,0,0,0,0,0,0,0,0,0,0,0,0,0,0,0,0,0,0,0,0,2022
621120,"T tlicher Angriff auf Vollstreckungsbeamte und gleichstehende Personen    114, 115 StGB",8121000,Heilbronn,voll.,77,62,15,0,0,0,0,0,0,0,0,0,0,0,0,5,5,0,72,57,15,0,0,0,72,57,15,2022
621120,"T tlicher Angriff auf Vollstreckungsbeamte und gleichstehende Personen    114, 115 StGB",8121000,Heilbronn,insg.,77,62,15,0,0,0,0,0,0,0,0,0,0,0,0,5,5,0,72,57,15,0,0,0,72,57,15,2022
621120,"T tlicher Angriff auf Vollstreckungsbeamte und gleichstehende Personen    114, 115 StGB",5916000,Herne,vers.,0,0,0,0,0,0,0,0,0,0,0,0,0,0,0,0,0,0,0,0,0,0,0,0,0,0,0,2022
621120,"T tlicher Angriff auf Vollstreckungsbeamte und gleichstehende Personen    114, 115 StGB",5916000,Herne,voll.,122,100,22,0,0,0,0,0,0,0,0,0,0,0,0,0,0,0,122,100,22,0,0,0,122,100,22,2022
621120,"T tlicher Angriff auf Vollstreckungsbeamte und gleichstehende Personen    114, 115 StGB",5916000,Herne,insg.,122,100,22,0,0,0,0,0,0,0,0,0,0,0,0,0,0,0,122,100,22,0,0,0,122,100,22,2022
621120,"T tlicher Angriff auf Vollstreckungsbeamte und gleichstehende Personen    114, 115 StGB",3254021,Hildesheim,vers.,0,0,0,0,0,0,0,0,0,0,0,0,0,0,0,0,0,0,0,0,0,0,0,0,0,0,0,2022
621120,"T tlicher Angriff auf Vollstreckungsbeamte und gleichstehende Personen    114, 115 StGB",3254021,Hildesheim,voll.,60,36,24,0,0,0,0,0,0,0,0,0,0,0,0,0,0,0,60,36,24,0,0,0,60,36,24,2022
621120,"T tlicher Angriff auf Vollstreckungsbeamte und gleichstehende Personen    114, 115 StGB",3254021,Hildesheim,insg.,60,36,24,0,0,0,0,0,0,0,0,0,0,0,0,0,0,0,60,36,24,0,0,0,60,36,24,2022
621120,"T tlicher Angriff auf Vollstreckungsbeamte und gleichstehende Personen    114, 115 StGB",9161000,Ingolstadt,vers.,0,0,0,0,0,0,0,0,0,0,0,0,0,0,0,0,0,0,0,0,0,0,0,0,0,0,0,2022
621120,"T tlicher Angriff auf Vollstreckungsbeamte und gleichstehende Personen    114, 115 StGB",9161000,Ingolstadt,voll.,133,104,29,0,0,0,0,0,0,0,0,0,0,0,0,1,1,0,132,103,29,0,0,0,132,103,29,2022
621120,"T tlicher Angriff auf Vollstreckungsbeamte und gleichstehende Personen    114, 115 StGB",9161000,Ingolstadt,insg.,133,104,29,0,0,0,0,0,0,0,0,0,0,0,0,1,1,0,132,103,29,0,0,0,132,103,29,2022
621120,"T tlicher Angriff auf Vollstreckungsbeamte und gleichstehende Personen    114, 115 StGB",16053000,Jena,vers.,0,0,0,0,0,0,0,0,0,0,0,0,0,0,0,0,0,0,0,0,0,0,0,0,0,0,0,2022
621120,"T tlicher Angriff auf Vollstreckungsbeamte und gleichstehende Personen    114, 115 StGB",16053000,Jena,voll.,33,32,1,0,0,0,0,0,0,0,0,0,0,0,0,4,4,0,28,27,1,1,1,0,29,28,1,2022
621120,"T tlicher Angriff auf Vollstreckungsbeamte und gleichstehende Personen    114, 115 StGB",16053000,Jena,insg.,33,32,1,0,0,0,0,0,0,0,0,0,0,0,0,4,4,0,28,27,1,1,1,0,29,28,1,2022
621120,"T tlicher Angriff auf Vollstreckungsbeamte und gleichstehende Personen    114, 115 StGB",7312000,Kaiserslautern,vers.,0,0,0,0,0,0,0,0,0,0,0,0,0,0,0,0,0,0,0,0,0,0,0,0,0,0,0,2022
621120,"T tlicher Angriff auf Vollstreckungsbeamte und gleichstehende Personen    114, 115 StGB",7312000,Kaiserslautern,voll.,120,98,22,0,0,0,0,0,0,0,0,0,0,0,0,0,0,0,120,98,22,0,0,0,120,98,22,2022
621120,"T tlicher Angriff auf Vollstreckungsbeamte und gleichstehende Personen    114, 115 StGB",7312000,Kaiserslautern,insg.,120,98,22,0,0,0,0,0,0,0,0,0,0,0,0,0,0,0,120,98,22,0,0,0,120,98,22,2022
621120,"T tlicher Angriff auf Vollstreckungsbeamte und gleichstehende Personen    114, 115 StGB",8212000,Karlsruhe,vers.,0,0,0,0,0,0,0,0,0,0,0,0,0,0,0,0,0,0,0,0,0,0,0,0,0,0,0,2022
621120,"T tlicher Angriff auf Vollstreckungsbeamte und gleichstehende Personen    114, 115 StGB",8212000,Karlsruhe,voll.,304,229,75,0,0,0,0,0,0,0,0,0,0,0,0,6,5,1,294,220,74,4,4,0,298,224,74,2022
621120,"T tlicher Angriff auf Vollstreckungsbeamte und gleichstehende Personen    114, 115 StGB",8212000,Karlsruhe,insg.,304,229,75,0,0,0,0,0,0,0,0,0,0,0,0,6,5,1,294,220,74,4,4,0,298,224,74,2022
621120,"T tlicher Angriff auf Vollstreckungsbeamte und gleichstehende Personen    114, 115 StGB",6611000,Kassel,vers.,0,0,0,0,0,0,0,0,0,0,0,0,0,0,0,0,0,0,0,0,0,0,0,0,0,0,0,2022
621120,"T tlicher Angriff auf Vollstreckungsbeamte und gleichstehende Personen    114, 115 StGB",6611000,Kassel,voll.,106,89,17,0,0,0,0,0,0,0,0,0,1,1,0,5,5,0,99,82,17,1,1,0,100,83,17,2022
621120,"T tlicher Angriff auf Vollstreckungsbeamte und gleichstehende Personen    114, 115 StGB",6611000,Kassel,insg.,106,89,17,0,0,0,0,0,0,0,0,0,1,1,0,5,5,0,99,82,17,1,1,0,100,83,17,2022
621120,"T tlicher Angriff auf Vollstreckungsbeamte und gleichstehende Personen    114, 115 StGB",1002000,Kiel,vers.,0,0,0,0,0,0,0,0,0,0,0,0,0,0,0,0,0,0,0,0,0,0,0,0,0,0,0,2022
621120,"T tlicher Angriff auf Vollstreckungsbeamte und gleichstehende Personen    114, 115 StGB",1002000,Kiel,voll.,298,227,71,0,0,0,0,0,0,0,0,0,0,0,0,4,3,1,293,223,70,1,1,0,294,224,70,2022
621120,"T tlicher Angriff auf Vollstreckungsbeamte und gleichstehende Personen    114, 115 StGB",1002000,Kiel,insg.,298,227,71,0,0,0,0,0,0,0,0,0,0,0,0,4,3,1,293,223,70,1,1,0,294,224,70,2022
621120,"T tlicher Angriff auf Vollstreckungsbeamte und gleichstehende Personen    114, 115 StGB",7111000,Koblenz,vers.,0,0,0,0,0,0,0,0,0,0,0,0,0,0,0,0,0,0,0,0,0,0,0,0,0,0,0,2022
621120,"T tlicher Angriff auf Vollstreckungsbeamte und gleichstehende Personen    114, 115 StGB",7111000,Koblenz,voll.,90,71,19,0,0,0,0,0,0,0,0,0,0,0,0,4,3,1,85,67,18,1,1,0,86,68,18,2022
621120,"T tlicher Angriff auf Vollstreckungsbeamte und gleichstehende Personen    114, 115 StGB",7111000,Koblenz,insg.,90,71,19,0,0,0,0,0,0,0,0,0,0,0,0,4,3,1,85,67,18,1,1,0,86,68,18,2022
621120,"T tlicher Angriff auf Vollstreckungsbeamte und gleichstehende Personen    114, 115 StGB",5315000,K ln,vers.,0,0,0,0,0,0,0,0,0,0,0,0,0,0,0,0,0,0,0,0,0,0,0,0,0,0,0,2022
621120,"T tlicher Angriff auf Vollstreckungsbeamte und gleichstehende Personen    114, 115 StGB",5315000,K ln,voll.,782,549,233,0,0,0,0,0,0,0,0,0,0,0,0,15,11,4,763,535,228,4,3,1,767,538,229,2022
621120,"T tlicher Angriff auf Vollstreckungsbeamte und gleichstehende Personen    114, 115 StGB",5315000,K ln,insg.,782,549,233,0,0,0,0,0,0,0,0,0,0,0,0,15,11,4,763,535,228,4,3,1,767,538,229,2022
621120,"T tlicher Angriff auf Vollstreckungsbeamte und gleichstehende Personen    114, 115 StGB",5114000,Krefeld,vers.,0,0,0,0,0,0,0,0,0,0,0,0,0,0,0,0,0,0,0,0,0,0,0,0,0,0,0,2022
621120,"T tlicher Angriff auf Vollstreckungsbeamte und gleichstehende Personen    114, 115 StGB",5114000,Krefeld,voll.,151,105,46,0,0,0,0,0,0,0,0,0,0,0,0,5,3,2,145,101,44,1,1,0,146,102,44,2022
621120,"T tlicher Angriff auf Vollstreckungsbeamte und gleichstehende Personen    114, 115 StGB",5114000,Krefeld,insg.,151,105,46,0,0,0,0,0,0,0,0,0,0,0,0,5,3,2,145,101,44,1,1,0,146,102,44,2022
621120,"T tlicher Angriff auf Vollstreckungsbeamte und gleichstehende Personen    114, 115 StGB",14713000,Leipzig,vers.,0,0,0,0,0,0,0,0,0,0,0,0,0,0,0,0,0,0,0,0,0,0,0,0,0,0,0,2022
621120,"T tlicher Angriff auf Vollstreckungsbeamte und gleichstehende Personen    114, 115 StGB",14713000,Leipzig,voll.,310,262,48,0,0,0,0,0,0,0,0,0,0,0,0,7,6,1,301,254,47,2,2,0,303,256,47,2022
621120,"T tlicher Angriff auf Vollstreckungsbeamte und gleichstehende Personen    114, 115 StGB",14713000,Leipzig,insg.,310,262,48,0,0,0,0,0,0,0,0,0,0,0,0,7,6,1,301,254,47,2,2,0,303,256,47,2022
621120,"T tlicher Angriff auf Vollstreckungsbeamte und gleichstehende Personen    114, 115 StGB",5316000,Leverkusen,vers.,0,0,0,0,0,0,0,0,0,0,0,0,0,0,0,0,0,0,0,0,0,0,0,0,0,0,0,2022
621120,"T tlicher Angriff auf Vollstreckungsbeamte und gleichstehende Personen    114, 115 StGB",5316000,Leverkusen,voll.,64,47,17,0,0,0,0,0,0,0,0,0,0,0,0,2,2,0,62,45,17,0,0,0,62,45,17,2022
621120,"T tlicher Angriff auf Vollstreckungsbeamte und gleichstehende Personen    114, 115 StGB",5316000,Leverkusen,insg.,64,47,17,0,0,0,0,0,0,0,0,0,0,0,0,2,2,0,62,45,17,0,0,0,62,45,17,2022
621120,"T tlicher Angriff auf Vollstreckungsbeamte und gleichstehende Personen    114, 115 StGB",1003000,L beck,vers.,0,0,0,0,0,0,0,0,0,0,0,0,0,0,0,0,0,0,0,0,0,0,0,0,0,0,0,2022
621120,"T tlicher Angriff auf Vollstreckungsbeamte und gleichstehende Personen    114, 115 StGB",1003000,L beck,voll.,309,230,79,0,0,0,0,0,0,0,0,0,0,0,0,13,5,8,295,225,70,1,0,1,296,225,71,2022
621120,"T tlicher Angriff auf Vollstreckungsbeamte und gleichstehende Personen    114, 115 StGB",1003000,L beck,insg.,309,230,79,0,0,0,0,0,0,0,0,0,0,0,0,13,5,8,295,225,70,1,0,1,296,225,71,2022
621120,"T tlicher Angriff auf Vollstreckungsbeamte und gleichstehende Personen    114, 115 StGB",7314000,Ludwigshafen am Rhein,vers.,0,0,0,0,0,0,0,0,0,0,0,0,0,0,0,0,0,0,0,0,0,0,0,0,0,0,0,2022
621120,"T tlicher Angriff auf Vollstreckungsbeamte und gleichstehende Personen    114, 115 StGB",7314000,Ludwigshafen am Rhein,voll.,74,53,21,0,0,0,0,0,0,0,0,0,0,0,0,0,0,0,74,53,21,0,0,0,74,53,21,2022
621120,"T tlicher Angriff auf Vollstreckungsbeamte und gleichstehende Personen    114, 115 StGB",7314000,Ludwigshafen am Rhein,insg.,74,53,21,0,0,0,0,0,0,0,0,0,0,0,0,0,0,0,74,53,21,0,0,0,74,53,21,2022
621120,"T tlicher Angriff auf Vollstreckungsbeamte und gleichstehende Personen    114, 115 StGB",15003000,Magdeburg,vers.,0,0,0,0,0,0,0,0,0,0,0,0,0,0,0,0,0,0,0,0,0,0,0,0,0,0,0,2022
621120,"T tlicher Angriff auf Vollstreckungsbeamte und gleichstehende Personen    114, 115 StGB",15003000,Magdeburg,voll.,177,147,30,0,0,0,0,0,0,0,0,0,0,0,0,14,11,3,156,129,27,7,7,0,163,136,27,2022
621120,"T tlicher Angriff auf Vollstreckungsbeamte und gleichstehende Personen    114, 115 StGB",15003000,Magdeburg,insg.,177,147,30,0,0,0,0,0,0,0,0,0,0,0,0,14,11,3,156,129,27,7,7,0,163,136,27,2022
621120,"T tlicher Angriff auf Vollstreckungsbeamte und gleichstehende Personen    114, 115 StGB",7315000,Mainz,vers.,0,0,0,0,0,0,0,0,0,0,0,0,0,0,0,0,0,0,0,0,0,0,0,0,0,0,0,2022
621120,"T tlicher Angriff auf Vollstreckungsbeamte und gleichstehende Personen    114, 115 StGB",7315000,Mainz,voll.,99,80,19,0,0,0,0,0,0,0,0,0,0,0,0,8,7,1,91,73,18,0,0,0,91,73,18,2022
621120,"T tlicher Angriff auf Vollstreckungsbeamte und gleichstehende Personen    114, 115 StGB",7315000,Mainz,insg.,99,80,19,0,0,0,0,0,0,0,0,0,0,0,0,8,7,1,91,73,18,0,0,0,91,73,18,2022
621120,"T tlicher Angriff auf Vollstreckungsbeamte und gleichstehende Personen    114, 115 StGB",8222000,Mannheim,vers.,0,0,0,0,0,0,0,0,0,0,0,0,0,0,0,0,0,0,0,0,0,0,0,0,0,0,0,2022
621120,"T tlicher Angriff auf Vollstreckungsbeamte und gleichstehende Personen    114, 115 StGB",8222000,Mannheim,voll.,271,224,47,0,0,0,0,0,0,0,0,0,0,0,0,5,4,1,262,216,46,4,4,0,266,220,46,2022
621120,"T tlicher Angriff auf Vollstreckungsbeamte und gleichstehende Personen    114, 115 StGB",8222000,Mannheim,insg.,271,224,47,0,0,0,0,0,0,0,0,0,0,0,0,5,4,1,262,216,46,4,4,0,266,220,46,2022
621120,"T tlicher Angriff auf Vollstreckungsbeamte und gleichstehende Personen    114, 115 StGB",5170024,Moers,vers.,0,0,0,0,0,0,0,0,0,0,0,0,0,0,0,0,0,0,0,0,0,0,0,0,0,0,0,2022
621120,"T tlicher Angriff auf Vollstreckungsbeamte und gleichstehende Personen    114, 115 StGB",5170024,Moers,voll.,29,19,10,0,0,0,0,0,0,0,0,0,0,0,0,0,0,0,29,19,10,0,0,0,29,19,10,2022
621120,"T tlicher Angriff auf Vollstreckungsbeamte und gleichstehende Personen    114, 115 StGB",5170024,Moers,insg.,29,19,10,0,0,0,0,0,0,0,0,0,0,0,0,0,0,0,29,19,10,0,0,0,29,19,10,2022
621120,"T tlicher Angriff auf Vollstreckungsbeamte und gleichstehende Personen    114, 115 StGB",5116000,M nchengladbach,vers.,0,0,0,0,0,0,0,0,0,0,0,0,0,0,0,0,0,0,0,0,0,0,0,0,0,0,0,2022
621120,"T tlicher Angriff auf Vollstreckungsbeamte und gleichstehende Personen    114, 115 StGB",5116000,M nchengladbach,voll.,165,115,50,0,0,0,0,0,0,0,0,0,1,1,0,1,0,1,161,112,49,2,2,0,163,114,49,2022
621120,"T tlicher Angriff auf Vollstreckungsbeamte und gleichstehende Personen    114, 115 StGB",5116000,M nchengladbach,insg.,165,115,50,0,0,0,0,0,0,0,0,0,1,1,0,1,0,1,161,112,49,2,2,0,163,114,49,2022
621120,"T tlicher Angriff auf Vollstreckungsbeamte und gleichstehende Personen    114, 115 StGB",5117000,M lheim an der Ruhr,vers.,0,0,0,0,0,0,0,0,0,0,0,0,0,0,0,0,0,0,0,0,0,0,0,0,0,0,0,2022
621120,"T tlicher Angriff auf Vollstreckungsbeamte und gleichstehende Personen    114, 115 StGB",5117000,M lheim an der Ruhr,voll.,14,10,4,0,0,0,0,0,0,0,0,0,0,0,0,0,0,0,14,10,4,0,0,0,14,10,4,2022
621120,"T tlicher Angriff auf Vollstreckungsbeamte und gleichstehende Personen    114, 115 StGB",5117000,M lheim an der Ruhr,insg.,14,10,4,0,0,0,0,0,0,0,0,0,0,0,0,0,0,0,14,10,4,0,0,0,14,10,4,2022
621120,"T tlicher Angriff auf Vollstreckungsbeamte und gleichstehende Personen    114, 115 StGB",9162000,M nchen,vers.,0,0,0,0,0,0,0,0,0,0,0,0,0,0,0,0,0,0,0,0,0,0,0,0,0,0,0,2022
621120,"T tlicher Angriff auf Vollstreckungsbeamte und gleichstehende Personen    114, 115 StGB",9162000,M nchen,voll.,1423,1120,303,0,0,0,0,0,0,0,0,0,0,0,0,15,8,7,1404,1110,294,4,2,2,1408,1112,296,2022
621120,"T tlicher Angriff auf Vollstreckungsbeamte und gleichstehende Personen    114, 115 StGB",9162000,M nchen,insg.,1423,1120,303,0,0,0,0,0,0,0,0,0,0,0,0,15,8,7,1404,1110,294,4,2,2,1408,1112,296,2022
621120,"T tlicher Angriff auf Vollstreckungsbeamte und gleichstehende Personen    114, 115 StGB",5515000,M nster,vers.,0,0,0,0,0,0,0,0,0,0,0,0,0,0,0,0,0,0,0,0,0,0,0,0,0,0,0,2022
621120,"T tlicher Angriff auf Vollstreckungsbeamte und gleichstehende Personen    114, 115 StGB",5515000,M nster,voll.,134,102,32,0,0,0,0,0,0,0,0,0,1,0,1,3,2,1,128,98,30,2,2,0,130,100,30,2022
621120,"T tlicher Angriff auf Vollstreckungsbeamte und gleichstehende Personen    114, 115 StGB",5515000,M nster,insg.,134,102,32,0,0,0,0,0,0,0,0,0,1,0,1,3,2,1,128,98,30,2,2,0,130,100,30,2022
621120,"T tlicher Angriff auf Vollstreckungsbeamte und gleichstehende Personen    114, 115 StGB",5162024,Neuss,vers.,0,0,0,0,0,0,0,0,0,0,0,0,0,0,0,0,0,0,0,0,0,0,0,0,0,0,0,2022
621120,"T tlicher Angriff auf Vollstreckungsbeamte und gleichstehende Personen    114, 115 StGB",5162024,Neuss,voll.,21,14,7,0,0,0,0,0,0,0,0,0,0,0,0,0,0,0,21,14,7,0,0,0,21,14,7,2022
621120,"T tlicher Angriff auf Vollstreckungsbeamte und gleichstehende Personen    114, 115 StGB",5162024,Neuss,insg.,21,14,7,0,0,0,0,0,0,0,0,0,0,0,0,0,0,0,21,14,7,0,0,0,21,14,7,2022
621120,"T tlicher Angriff auf Vollstreckungsbeamte und gleichstehende Personen    114, 115 StGB",9564000,N rnberg,vers.,0,0,0,0,0,0,0,0,0,0,0,0,0,0,0,0,0,0,0,0,0,0,0,0,0,0,0,2022
621120,"T tlicher Angriff auf Vollstreckungsbeamte und gleichstehende Personen    114, 115 StGB",9564000,N rnberg,voll.,497,392,105,0,0,0,0,0,0,0,0,0,0,0,0,11,8,3,486,384,102,0,0,0,486,384,102,2022
621120,"T tlicher Angriff auf Vollstreckungsbeamte und gleichstehende Personen    114, 115 StGB",9564000,N rnberg,insg.,497,392,105,0,0,0,0,0,0,0,0,0,0,0,0,11,8,3,486,384,102,0,0,0,486,384,102,2022
621120,"T tlicher Angriff auf Vollstreckungsbeamte und gleichstehende Personen    114, 115 StGB",5119000,Oberhausen,vers.,0,0,0,0,0,0,0,0,0,0,0,0,0,0,0,0,0,0,0,0,0,0,0,0,0,0,0,2022
621120,"T tlicher Angriff auf Vollstreckungsbeamte und gleichstehende Personen    114, 115 StGB",5119000,Oberhausen,voll.,64,49,15,0,0,0,0,0,0,0,0,0,0,0,0,1,1,0,63,48,15,0,0,0,63,48,15,2022
621120,"T tlicher Angriff auf Vollstreckungsbeamte und gleichstehende Personen    114, 115 StGB",5119000,Oberhausen,insg.,64,49,15,0,0,0,0,0,0,0,0,0,0,0,0,1,1,0,63,48,15,0,0,0,63,48,15,2022
621120,"T tlicher Angriff auf Vollstreckungsbeamte und gleichstehende Personen    114, 115 StGB",6413000,Offenbach am Main,vers.,0,0,0,0,0,0,0,0,0,0,0,0,0,0,0,0,0,0,0,0,0,0,0,0,0,0,0,2022
621120,"T tlicher Angriff auf Vollstreckungsbeamte und gleichstehende Personen    114, 115 StGB",6413000,Offenbach am Main,voll.,108,85,23,0,0,0,0,0,0,0,0,0,0,0,0,1,0,1,107,85,22,0,0,0,107,85,22,2022
621120,"T tlicher Angriff auf Vollstreckungsbeamte und gleichstehende Personen    114, 115 StGB",6413000,Offenbach am Main,insg.,108,85,23,0,0,0,0,0,0,0,0,0,0,0,0,1,0,1,107,85,22,0,0,0,107,85,22,2022
621120,"T tlicher Angriff auf Vollstreckungsbeamte und gleichstehende Personen    114, 115 StGB",3403000,Oldenburg (Oldenburg),vers.,0,0,0,0,0,0,0,0,0,0,0,0,0,0,0,0,0,0,0,0,0,0,0,0,0,0,0,2022
621120,"T tlicher Angriff auf Vollstreckungsbeamte und gleichstehende Personen    114, 115 StGB",3403000,Oldenburg (Oldenburg),voll.,82,65,17,0,0,0,0,0,0,0,0,0,0,0,0,0,0,0,80,63,17,2,2,0,82,65,17,2022
621120,"T tlicher Angriff auf Vollstreckungsbeamte und gleichstehende Personen    114, 115 StGB",3403000,Oldenburg (Oldenburg),insg.,82,65,17,0,0,0,0,0,0,0,0,0,0,0,0,0,0,0,80,63,17,2,2,0,82,65,17,2022
621120,"T tlicher Angriff auf Vollstreckungsbeamte und gleichstehende Personen    114, 115 StGB",3404000,Osnabr ck,vers.,0,0,0,0,0,0,0,0,0,0,0,0,0,0,0,0,0,0,0,0,0,0,0,0,0,0,0,2022
621120,"T tlicher Angriff auf Vollstreckungsbeamte und gleichstehende Personen    114, 115 StGB",3404000,Osnabr ck,voll.,199,154,45,0,0,0,0,0,0,0,0,0,0,0,0,1,1,0,198,153,45,0,0,0,198,153,45,2022
621120,"T tlicher Angriff auf Vollstreckungsbeamte und gleichstehende Personen    114, 115 StGB",3404000,Osnabr ck,insg.,199,154,45,0,0,0,0,0,0,0,0,0,0,0,0,1,1,0,198,153,45,0,0,0,198,153,45,2022
621120,"T tlicher Angriff auf Vollstreckungsbeamte und gleichstehende Personen    114, 115 StGB",5774032,Paderborn,vers.,0,0,0,0,0,0,0,0,0,0,0,0,0,0,0,0,0,0,0,0,0,0,0,0,0,0,0,2022
621120,"T tlicher Angriff auf Vollstreckungsbeamte und gleichstehende Personen    114, 115 StGB",5774032,Paderborn,voll.,53,43,10,0,0,0,0,0,0,0,0,0,0,0,0,2,2,0,50,40,10,1,1,0,51,41,10,2022
621120,"T tlicher Angriff auf Vollstreckungsbeamte und gleichstehende Personen    114, 115 StGB",5774032,Paderborn,insg.,53,43,10,0,0,0,0,0,0,0,0,0,0,0,0,2,2,0,50,40,10,1,1,0,51,41,10,2022
621120,"T tlicher Angriff auf Vollstreckungsbeamte und gleichstehende Personen    114, 115 StGB",8231000,Pforzheim,vers.,0,0,0,0,0,0,0,0,0,0,0,0,0,0,0,0,0,0,0,0,0,0,0,0,0,0,0,2022
621120,"T tlicher Angriff auf Vollstreckungsbeamte und gleichstehende Personen    114, 115 StGB",8231000,Pforzheim,voll.,96,71,25,0,0,0,0,0,0,0,0,0,0,0,0,1,0,1,93,69,24,2,2,0,95,71,24,2022
621120,"T tlicher Angriff auf Vollstreckungsbeamte und gleichstehende Personen    114, 115 StGB",8231000,Pforzheim,insg.,96,71,25,0,0,0,0,0,0,0,0,0,0,0,0,1,0,1,93,69,24,2,2,0,95,71,24,2022
621120,"T tlicher Angriff auf Vollstreckungsbeamte und gleichstehende Personen    114, 115 StGB",12054000,Potsdam,vers.,0,0,0,0,0,0,0,0,0,0,0,0,0,0,0,0,0,0,0,0,0,0,0,0,0,0,0,2022
621120,"T tlicher Angriff auf Vollstreckungsbeamte und gleichstehende Personen    114, 115 StGB",12054000,Potsdam,voll.,93,68,25,0,0,0,0,0,0,0,0,0,0,0,0,1,1,0,92,67,25,0,0,0,92,67,25,2022
621120,"T tlicher Angriff auf Vollstreckungsbeamte und gleichstehende Personen    114, 115 StGB",12054000,Potsdam,insg.,93,68,25,0,0,0,0,0,0,0,0,0,0,0,0,1,1,0,92,67,25,0,0,0,92,67,25,2022
621120,"T tlicher Angriff auf Vollstreckungsbeamte und gleichstehende Personen    114, 115 StGB",5562032,Recklinghausen,vers.,0,0,0,0,0,0,0,0,0,0,0,0,0,0,0,0,0,0,0,0,0,0,0,0,0,0,0,2022
621120,"T tlicher Angriff auf Vollstreckungsbeamte und gleichstehende Personen    114, 115 StGB",5562032,Recklinghausen,voll.,64,49,15,0,0,0,0,0,0,0,0,0,0,0,0,0,0,0,62,47,15,2,2,0,64,49,15,2022
621120,"T tlicher Angriff auf Vollstreckungsbeamte und gleichstehende Personen    114, 115 StGB",5562032,Recklinghausen,insg.,64,49,15,0,0,0,0,0,0,0,0,0,0,0,0,0,0,0,62,47,15,2,2,0,64,49,15,2022
621120,"T tlicher Angriff auf Vollstreckungsbeamte und gleichstehende Personen    114, 115 StGB",9362000,Regensburg,vers.,0,0,0,0,0,0,0,0,0,0,0,0,0,0,0,0,0,0,0,0,0,0,0,0,0,0,0,2022
621120,"T tlicher Angriff auf Vollstreckungsbeamte und gleichstehende Personen    114, 115 StGB",9362000,Regensburg,voll.,160,126,34,0,0,0,0,0,0,0,0,0,1,1,0,3,3,0,156,122,34,0,0,0,156,122,34,2022
621120,"T tlicher Angriff auf Vollstreckungsbeamte und gleichstehende Personen    114, 115 StGB",9362000,Regensburg,insg.,160,126,34,0,0,0,0,0,0,0,0,0,1,1,0,3,3,0,156,122,34,0,0,0,156,122,34,2022
621120,"T tlicher Angriff auf Vollstreckungsbeamte und gleichstehende Personen    114, 115 StGB",5120000,Remscheid,vers.,0,0,0,0,0,0,0,0,0,0,0,0,0,0,0,0,0,0,0,0,0,0,0,0,0,0,0,2022
621120,"T tlicher Angriff auf Vollstreckungsbeamte und gleichstehende Personen    114, 115 StGB",5120000,Remscheid,voll.,91,58,33,0,0,0,1,0,1,1,0,1,1,0,1,1,0,1,88,58,30,0,0,0,88,58,30,2022
621120,"T tlicher Angriff auf Vollstreckungsbeamte und gleichstehende Personen    114, 115 StGB",5120000,Remscheid,insg.,91,58,33,0,0,0,1,0,1,1,0,1,1,0,1,1,0,1,88,58,30,0,0,0,88,58,30,2022
621120,"T tlicher Angriff auf Vollstreckungsbeamte und gleichstehende Personen    114, 115 StGB",8415061,Reutlingen,vers.,0,0,0,0,0,0,0,0,0,0,0,0,0,0,0,0,0,0,0,0,0,0,0,0,0,0,0,2022
621120,"T tlicher Angriff auf Vollstreckungsbeamte und gleichstehende Personen    114, 115 StGB",8415061,Reutlingen,voll.,88,60,28,0,0,0,0,0,0,0,0,0,0,0,0,4,2,2,84,58,26,0,0,0,84,58,26,2022
621120,"T tlicher Angriff auf Vollstreckungsbeamte und gleichstehende Personen    114, 115 StGB",8415061,Reutlingen,insg.,88,60,28,0,0,0,0,0,0,0,0,0,0,0,0,4,2,2,84,58,26,0,0,0,84,58,26,2022
621120,"T tlicher Angriff auf Vollstreckungsbeamte und gleichstehende Personen    114, 115 StGB",13003000,"Rostock, Hanse- und Universit tsstadt",vers.,0,0,0,0,0,0,0,0,0,0,0,0,0,0,0,0,0,0,0,0,0,0,0,0,0,0,0,2022
621120,"T tlicher Angriff auf Vollstreckungsbeamte und gleichstehende Personen    114, 115 StGB",13003000,"Rostock, Hanse- und Universit tsstadt",voll.,185,165,20,0,0,0,0,0,0,0,0,0,0,0,0,7,6,1,176,157,19,2,2,0,178,159,19,2022
621120,"T tlicher Angriff auf Vollstreckungsbeamte und gleichstehende Personen    114, 115 StGB",13003000,"Rostock, Hanse- und Universit tsstadt",insg.,185,165,20,0,0,0,0,0,0,0,0,0,0,0,0,7,6,1,176,157,19,2,2,0,178,159,19,2022
621120,"T tlicher Angriff auf Vollstreckungsbeamte und gleichstehende Personen    114, 115 StGB",10041100,Saarbr cken,vers.,0,0,0,0,0,0,0,0,0,0,0,0,0,0,0,0,0,0,0,0,0,0,0,0,0,0,0,2022
621120,"T tlicher Angriff auf Vollstreckungsbeamte und gleichstehende Personen    114, 115 StGB",10041100,Saarbr cken,voll.,242,201,41,0,0,0,0,0,0,0,0,0,0,0,0,5,5,0,234,193,41,3,3,0,237,196,41,2022
621120,"T tlicher Angriff auf Vollstreckungsbeamte und gleichstehende Personen    114, 115 StGB",10041100,Saarbr cken,insg.,242,201,41,0,0,0,0,0,0,0,0,0,0,0,0,5,5,0,234,193,41,3,3,0,237,196,41,2022
621120,"T tlicher Angriff auf Vollstreckungsbeamte und gleichstehende Personen    114, 115 StGB",3102000,Salzgitter,vers.,0,0,0,0,0,0,0,0,0,0,0,0,0,0,0,0,0,0,0,0,0,0,0,0,0,0,0,2022
621120,"T tlicher Angriff auf Vollstreckungsbeamte und gleichstehende Personen    114, 115 StGB",3102000,Salzgitter,voll.,22,18,4,0,0,0,0,0,0,0,0,0,0,0,0,0,0,0,22,18,4,0,0,0,22,18,4,2022
621120,"T tlicher Angriff auf Vollstreckungsbeamte und gleichstehende Personen    114, 115 StGB",3102000,Salzgitter,insg.,22,18,4,0,0,0,0,0,0,0,0,0,0,0,0,0,0,0,22,18,4,0,0,0,22,18,4,2022
621120,"T tlicher Angriff auf Vollstreckungsbeamte und gleichstehende Personen    114, 115 StGB",13004000,Schwerin,vers.,0,0,0,0,0,0,0,0,0,0,0,0,0,0,0,0,0,0,0,0,0,0,0,0,0,0,0,2022
621120,"T tlicher Angriff auf Vollstreckungsbeamte und gleichstehende Personen    114, 115 StGB",13004000,Schwerin,voll.,122,101,21,0,0,0,0,0,0,0,0,0,0,0,0,6,5,1,116,96,20,0,0,0,116,96,20,2022
621120,"T tlicher Angriff auf Vollstreckungsbeamte und gleichstehende Personen    114, 115 StGB",13004000,Schwerin,insg.,122,101,21,0,0,0,0,0,0,0,0,0,0,0,0,6,5,1,116,96,20,0,0,0,116,96,20,2022
621120,"T tlicher Angriff auf Vollstreckungsbeamte und gleichstehende Personen    114, 115 StGB",5970040,Siegen,vers.,0,0,0,0,0,0,0,0,0,0,0,0,0,0,0,0,0,0,0,0,0,0,0,0,0,0,0,2022
621120,"T tlicher Angriff auf Vollstreckungsbeamte und gleichstehende Personen    114, 115 StGB",5970040,Siegen,voll.,146,113,33,0,0,0,0,0,0,0,0,0,0,0,0,0,0,0,144,112,32,2,1,1,146,113,33,2022
621120,"T tlicher Angriff auf Vollstreckungsbeamte und gleichstehende Personen    114, 115 StGB",5970040,Siegen,insg.,146,113,33,0,0,0,0,0,0,0,0,0,0,0,0,0,0,0,144,112,32,2,1,1,146,113,33,2022
621120,"T tlicher Angriff auf Vollstreckungsbeamte und gleichstehende Personen    114, 115 StGB",5122000,Solingen,vers.,0,0,0,0,0,0,0,0,0,0,0,0,0,0,0,0,0,0,0,0,0,0,0,0,0,0,0,2022
621120,"T tlicher Angriff auf Vollstreckungsbeamte und gleichstehende Personen    114, 115 StGB",5122000,Solingen,voll.,101,78,23,0,0,0,0,0,0,0,0,0,0,0,0,1,1,0,99,76,23,1,1,0,100,77,23,2022
621120,"T tlicher Angriff auf Vollstreckungsbeamte und gleichstehende Personen    114, 115 StGB",5122000,Solingen,insg.,101,78,23,0,0,0,0,0,0,0,0,0,0,0,0,1,1,0,99,76,23,1,1,0,100,77,23,2022
621120,"T tlicher Angriff auf Vollstreckungsbeamte und gleichstehende Personen    114, 115 StGB",8111000,Stuttgart,vers.,0,0,0,0,0,0,0,0,0,0,0,0,0,0,0,0,0,0,0,0,0,0,0,0,0,0,0,2022
621120,"T tlicher Angriff auf Vollstreckungsbeamte und gleichstehende Personen    114, 115 StGB",8111000,Stuttgart,voll.,829,611,218,0,0,0,0,0,0,0,0,0,0,0,0,25,15,10,799,591,208,5,5,0,804,596,208,2022
621120,"T tlicher Angriff auf Vollstreckungsbeamte und gleichstehende Personen    114, 115 StGB",8111000,Stuttgart,insg.,829,611,218,0,0,0,0,0,0,0,0,0,0,0,0,25,15,10,799,591,208,5,5,0,804,596,208,2022
621120,"T tlicher Angriff auf Vollstreckungsbeamte und gleichstehende Personen    114, 115 StGB",7211000,Trier,vers.,0,0,0,0,0,0,0,0,0,0,0,0,0,0,0,0,0,0,0,0,0,0,0,0,0,0,0,2022
621120,"T tlicher Angriff auf Vollstreckungsbeamte und gleichstehende Personen    114, 115 StGB",7211000,Trier,voll.,103,76,27,0,0,0,0,0,0,0,0,0,0,0,0,2,1,1,101,75,26,0,0,0,101,75,26,2022
621120,"T tlicher Angriff auf Vollstreckungsbeamte und gleichstehende Personen    114, 115 StGB",7211000,Trier,insg.,103,76,27,0,0,0,0,0,0,0,0,0,0,0,0,2,1,1,101,75,26,0,0,0,101,75,26,2022
621120,"T tlicher Angriff auf Vollstreckungsbeamte und gleichstehende Personen    114, 115 StGB",8421000,Ulm,vers.,0,0,0,0,0,0,0,0,0,0,0,0,0,0,0,0,0,0,0,0,0,0,0,0,0,0,0,2022
621120,"T tlicher Angriff auf Vollstreckungsbeamte und gleichstehende Personen    114, 115 StGB",8421000,Ulm,voll.,141,99,42,0,0,0,0,0,0,0,0,0,0,0,0,6,3,3,135,96,39,0,0,0,135,96,39,2022
621120,"T tlicher Angriff auf Vollstreckungsbeamte und gleichstehende Personen    114, 115 StGB",8421000,Ulm,insg.,141,99,42,0,0,0,0,0,0,0,0,0,0,0,0,6,3,3,135,96,39,0,0,0,135,96,39,2022
621120,"T tlicher Angriff auf Vollstreckungsbeamte und gleichstehende Personen    114, 115 StGB",6414000,Wiesbaden,vers.,0,0,0,0,0,0,0,0,0,0,0,0,0,0,0,0,0,0,0,0,0,0,0,0,0,0,0,2022
621120,"T tlicher Angriff auf Vollstreckungsbeamte und gleichstehende Personen    114, 115 StGB",6414000,Wiesbaden,voll.,100,75,25,0,0,0,0,0,0,0,0,0,0,0,0,1,0,1,99,75,24,0,0,0,99,75,24,2022
621120,"T tlicher Angriff auf Vollstreckungsbeamte und gleichstehende Personen    114, 115 StGB",6414000,Wiesbaden,insg.,100,75,25,0,0,0,0,0,0,0,0,0,0,0,0,1,0,1,99,75,24,0,0,0,99,75,24,2022
621120,"T tlicher Angriff auf Vollstreckungsbeamte und gleichstehende Personen    114, 115 StGB",3103000,Wolfsburg,vers.,0,0,0,0,0,0,0,0,0,0,0,0,0,0,0,0,0,0,0,0,0,0,0,0,0,0,0,2022
621120,"T tlicher Angriff auf Vollstreckungsbeamte und gleichstehende Personen    114, 115 StGB",3103000,Wolfsburg,voll.,58,44,14,0,0,0,0,0,0,0,0,0,0,0,0,0,0,0,57,44,13,1,0,1,58,44,14,2022
621120,"T tlicher Angriff auf Vollstreckungsbeamte und gleichstehende Personen    114, 115 StGB",3103000,Wolfsburg,insg.,58,44,14,0,0,0,0,0,0,0,0,0,0,0,0,0,0,0,57,44,13,1,0,1,58,44,14,2022
621120,"T tlicher Angriff auf Vollstreckungsbeamte und gleichstehende Personen    114, 115 StGB",5124000,Wuppertal,vers.,0,0,0,0,0,0,0,0,0,0,0,0,0,0,0,0,0,0,0,0,0,0,0,0,0,0,0,2022
621120,"T tlicher Angriff auf Vollstreckungsbeamte und gleichstehende Personen    114, 115 StGB",5124000,Wuppertal,voll.,386,277,109,0,0,0,0,0,0,0,0,0,0,0,0,1,1,0,380,271,109,5,5,0,385,276,109,2022
621120,"T tlicher Angriff auf Vollstreckungsbeamte und gleichstehende Personen    114, 115 StGB",5124000,Wuppertal,insg.,386,277,109,0,0,0,0,0,0,0,0,0,0,0,0,1,1,0,380,271,109,5,5,0,385,276,109,2022
621120,"T tlicher Angriff auf Vollstreckungsbeamte und gleichstehende Personen    114, 115 StGB",9663000,W rzburg,vers.,0,0,0,0,0,0,0,0,0,0,0,0,0,0,0,0,0,0,0,0,0,0,0,0,0,0,0,2022
621120,"T tlicher Angriff auf Vollstreckungsbeamte und gleichstehende Personen    114, 115 StGB",9663000,W rzburg,voll.,109,89,20,0,0,0,0,0,0,0,0,0,0,0,0,3,3,0,106,86,20,0,0,0,106,86,20,2022
621120,"T tlicher Angriff auf Vollstreckungsbeamte und gleichstehende Personen    114, 115 StGB",9663000,W rzburg,insg.,109,89,20,0,0,0,0,0,0,0,0,0,0,0,0,3,3,0,106,86,20,0,0,0,106,86,20,2022
892000,Gewaltkriminalit t,5334002,Aachen,vers.,238,153,85,6,5,1,10,5,5,16,10,6,12,10,2,14,12,2,172,107,65,24,14,10,196,121,75,2022
892000,Gewaltkriminalit t,5334002,Aachen,voll.,1047,711,336,8,5,3,36,23,13,44,28,16,92,58,34,135,88,47,706,502,204,70,35,35,776,537,239,2022
892000,Gewaltkriminalit t,5334002,Aachen,insg.,1285,864,421,14,10,4,46,28,18,60,38,22,104,68,36,149,100,49,878,609,269,94,49,45,972,658,314,2022
892000,Gewaltkriminalit t,9761000,Augsburg,vers.,257,186,71,6,6,0,10,8,2,16,14,2,17,11,6,29,16,13,181,137,44,14,8,6,195,145,50,2022
892000,Gewaltkriminalit t,9761000,Augsburg,voll.,793,539,254,5,5,0,59,46,13,64,51,13,88,58,30,82,50,32,520,360,160,39,20,19,559,380,179,2022
892000,Gewaltkriminalit t,9761000,Augsburg,insg.,1050,725,325,11,11,0,69,54,15,80,65,15,105,69,36,111,66,45,701,497,204,53,28,25,754,525,229,2022
892000,Gewaltkriminalit t,5378004,Bergisch Gladbach,vers.,84,61,23,0,0,0,4,2,2,4,2,2,16,13,3,7,5,2,42,32,10,15,9,6,57,41,16,2022
892000,Gewaltkriminalit t,5378004,Bergisch Gladbach,voll.,243,162,81,0,0,0,22,16,6,22,16,6,49,34,15,23,15,8,131,87,44,18,10,8,149,97,52,2022
892000,Gewaltkriminalit t,5378004,Bergisch Gladbach,insg.,327,223,104,0,0,0,26,18,8,26,18,8,65,47,18,30,20,10,173,119,54,33,19,14,206,138,68,2022
892000,Gewaltkriminalit t,11000000,Berlin,vers.,4365,3123,1242,43,21,22,276,199,77,319,220,99,356,277,79,280,205,75,3147,2287,860,263,134,129,3410,2421,989,2022
892000,Gewaltkriminalit t,11000000,Berlin,voll.,17125,12473,4652,60,36,24,1163,795,368,1223,831,392,2441,1818,623,1631,1210,421,11013,8160,2853,817,454,363,11830,8614,3216,2022
892000,Gewaltkriminalit t,11000000,Berlin,insg.,21490,15596,5894,103,57,46,1439,994,445,1542,1051,491,2797,2095,702,1911,1415,496,14160,10447,3713,1080,588,492,15240,11035,4205,2022
892000,Gewaltkriminalit t,5711000,Bielefeld,vers.,178,121,57,1,1,0,2,2,0,3,3,0,11,2,9,18,15,3,130,89,41,16,12,4,146,101,45,2022
892000,Gewaltkriminalit t,5711000,Bielefeld,voll.,1070,708,362,3,1,2,85,47,38,88,48,40,105,59,46,112,70,42,715,502,213,50,29,21,765,531,234,2022
892000,Gewaltkriminalit t,5711000,Bielefeld,insg.,1248,829,419,4,2,2,87,49,38,91,51,40,116,61,55,130,85,45,845,591,254,66,41,25,911,632,279,2022
892000,Gewaltkriminalit t,5911000,Bochum,vers.,237,162,75,1,1,0,18,15,3,19,16,3,28,22,6,18,10,8,155,99,56,17,15,2,172,114,58,2022
892000,Gewaltkriminalit t,5911000,Bochum,voll.,1170,795,375,2,2,0,108,56,52,110,58,52,156,103,53,128,95,33,714,511,203,62,28,34,776,539,237,2022
892000,Gewaltkriminalit t,5911000,Bochum,insg.,1407,957,450,3,3,0,126,71,55,129,74,55,184,125,59,146,105,41,869,610,259,79,43,36,948,653,295,2022
892000,Gewaltkriminalit t,5314000,Bonn,vers.,285,202,83,0,0,0,21,16,5,21,16,5,23,16,7,26,21,5,198,138,60,17,11,6,215,149,66,2022
892000,Gewaltkriminalit t,5314000,Bonn,voll.,1304,944,360,4,3,1,69,50,19,73,53,20,156,125,31,136,99,37,865,622,243,74,45,29,939,667,272,2022
892000,Gewaltkriminalit t,5314000,Bonn,insg.,1589,1146,443,4,3,1,90,66,24,94,69,25,179,141,38,162,120,42,1063,760,303,91,56,35,1154,816,338,2022
892000,Gewaltkriminalit t,5512000,Bottrop,vers.,66,54,12,0,0,0,11,11,0,11,11,0,9,8,1,5,4,1,33,25,8,8,6,2,41,31,10,2022
892000,Gewaltkriminalit t,5512000,Bottrop,voll.,348,220,128,0,0,0,43,24,19,43,24,19,59,39,20,26,16,10,198,130,68,22,11,11,220,141,79,2022
892000,Gewaltkriminalit t,5512000,Bottrop,insg.,414,274,140,0,0,0,54,35,19,54,35,19,68,47,21,31,20,11,231,155,76,30,17,13,261,172,89,2022
892000,Gewaltkriminalit t,3101000,Braunschweig,vers.,127,86,41,1,1,0,1,0,1,2,1,1,10,6,4,14,10,4,98,67,31,3,2,1,101,69,32,2022
892000,Gewaltkriminalit t,3101000,Braunschweig,voll.,803,561,242,1,1,0,34,21,13,35,22,13,107,67,40,98,70,28,529,383,146,34,19,15,563,402,161,2022
892000,Gewaltkriminalit t,3101000,Braunschweig,insg.,930,647,283,2,2,0,35,21,14,37,23,14,117,73,44,112,80,32,627,450,177,37,21,16,664,471,193,2022
892000,Gewaltkriminalit t,4011000,Bremen,vers.,410,279,131,1,1,0,17,16,1,18,17,1,24,18,6,29,21,8,293,198,95,46,25,21,339,223,116,2022
892000,Gewaltkriminalit t,4011000,Bremen,voll.,2484,1721,763,11,3,8,82,52,30,93,55,38,298,214,84,284,194,90,1643,1162,481,166,96,70,1809,1258,551,2022
892000,Gewaltkriminalit t,4011000,Bremen,insg.,2894,2000,894,12,4,8,99,68,31,111,72,39,322,232,90,313,215,98,1936,1360,576,212,121,91,2148,1481,667,2022
892000,Gewaltkriminalit t,4012000,Bremerhaven,vers.,95,62,33,1,0,1,3,2,1,4,2,2,14,6,8,7,6,1,61,40,21,9,8,1,70,48,22,2022
892000,Gewaltkriminalit t,4012000,Bremerhaven,voll.,683,462,221,1,0,1,29,15,14,30,15,15,56,32,24,57,39,18,505,351,154,35,25,10,540,376,164,2022
892000,Gewaltkriminalit t,4012000,Bremerhaven,insg.,778,524,254,2,0,2,32,17,15,34,17,17,70,38,32,64,45,19,566,391,175,44,33,11,610,424,186,2022
892000,Gewaltkriminalit t,14511000,Chemnitz,vers.,110,78,32,1,1,0,4,2,2,5,3,2,15,12,3,4,2,2,71,54,17,15,7,8,86,61,25,2022
892000,Gewaltkriminalit t,14511000,Chemnitz,voll.,703,476,227,2,1,1,26,17,9,28,18,10,82,45,37,88,60,28,478,336,142,27,17,10,505,353,152,2022
892000,Gewaltkriminalit t,14511000,Chemnitz,insg.,813,554,259,3,2,1,30,19,11,33,21,12,97,57,40,92,62,30,549,390,159,42,24,18,591,414,177,2022
892000,Gewaltkriminalit t,12052000,Cottbus,vers.,82,55,27,0,0,0,4,2,2,4,2,2,0,0,0,8,6,2,66,44,22,4,3,1,70,47,23,2022
892000,Gewaltkriminalit t,12052000,Cottbus,voll.,297,202,95,0,0,0,16,14,2,16,14,2,35,21,14,41,29,12,193,135,58,12,3,9,205,138,67,2022
892000,Gewaltkriminalit t,12052000,Cottbus,insg.,379,257,122,0,0,0,20,16,4,20,16,4,35,21,14,49,35,14,259,179,80,16,6,10,275,185,90,2022
892000,Gewaltkriminalit t,6411000,Darmstadt,vers.,62,36,26,0,0,0,1,1,0,1,1,0,5,5,0,4,2,2,48,27,21,4,1,3,52,28,24,2022
892000,Gewaltkriminalit t,6411000,Darmstadt,voll.,566,398,168,0,0,0,18,13,5,18,13,5,71,41,30,83,59,24,366,269,97,28,16,12,394,285,109,2022
892000,Gewaltkriminalit t,6411000,Darmstadt,insg.,628,434,194,0,0,0,19,14,5,19,14,5,76,46,30,87,61,26,414,296,118,32,17,15,446,313,133,2022
892000,Gewaltkriminalit t,5913000,Dortmund,vers.,676,493,183,1,0,1,30,20,10,31,20,11,49,39,10,51,33,18,506,378,128,39,23,16,545,401,144,2022
892000,Gewaltkriminalit t,5913000,Dortmund,voll.,2934,2121,813,17,9,8,119,81,38,136,90,46,315,207,108,310,227,83,2058,1512,546,115,85,30,2173,1597,576,2022
892000,Gewaltkriminalit t,5913000,Dortmund,insg.,3610,2614,996,18,9,9,149,101,48,167,110,57,364,246,118,361,260,101,2564,1890,674,154,108,46,2718,1998,720,2022
892000,Gewaltkriminalit t,14612000,Dresden,vers.,369,319,50,1,1,0,11,11,0,12,12,0,21,21,0,26,21,5,246,206,40,64,59,5,310,265,45,2022
892000,Gewaltkriminalit t,14612000,Dresden,voll.,1744,1353,391,11,8,3,78,56,22,89,64,25,239,185,54,180,139,41,1146,903,243,90,62,28,1236,965,271,2022
892000,Gewaltkriminalit t,14612000,Dresden,insg.,2113,1672,441,12,9,3,89,67,22,101,76,25,260,206,54,206,160,46,1392,1109,283,154,121,33,1546,1230,316,2022
892000,Gewaltkriminalit t,5112000,Duisburg,vers.,456,302,154,4,2,2,35,27,8,39,29,10,45,30,15,34,22,12,294,200,94,44,21,23,338,221,117,2022
892000,Gewaltkriminalit t,5112000,Duisburg,voll.,2009,1320,689,12,6,6,166,120,46,178,126,52,260,162,98,169,109,60,1302,870,432,100,53,47,1402,923,479,2022
892000,Gewaltkriminalit t,5112000,Duisburg,insg.,2465,1622,843,16,8,8,201,147,54,217,155,62,305,192,113,203,131,72,1596,1070,526,144,74,70,1740,1144,596,2022
892000,Gewaltkriminalit t,5111000,D sseldorf,vers.,523,374,149,2,1,1,14,11,3,16,12,4,33,21,12,47,34,13,377,272,105,50,35,15,427,307,120,2022
892000,Gewaltkriminalit t,5111000,D sseldorf,voll.,2862,1969,893,10,6,4,99,59,40,109,65,44,276,191,85,358,235,123,1940,1371,569,179,107,72,2119,1478,641,2022
892000,Gewaltkriminalit t,5111000,D sseldorf,insg.,3385,2343,1042,12,7,5,113,70,43,125,77,48,309,212,97,405,269,136,2317,1643,674,229,142,87,2546,1785,761,2022
892000,Gewaltkriminalit t,16051000,Erfurt,vers.,113,78,35,1,0,1,8,2,6,9,2,7,5,3,2,13,9,4,84,64,20,2,0,2,86,64,22,2022
892000,Gewaltkriminalit t,16051000,Erfurt,voll.,491,372,119,2,1,1,35,24,11,37,25,12,55,36,19,62,47,15,315,248,67,22,16,6,337,264,73,2022
892000,Gewaltkriminalit t,16051000,Erfurt,insg.,604,450,154,3,1,2,43,26,17,46,27,19,60,39,21,75,56,19,399,312,87,24,16,8,423,328,95,2022
892000,Gewaltkriminalit t,9562000,Erlangen,vers.,39,24,15,1,0,1,3,3,0,4,3,1,3,3,0,3,2,1,25,16,9,4,0,4,29,16,13,2022
892000,Gewaltkriminalit t,9562000,Erlangen,voll.,215,156,59,2,2,0,12,12,0,14,14,0,14,10,4,30,21,9,151,110,41,6,1,5,157,111,46,2022
892000,Gewaltkriminalit t,9562000,Erlangen,insg.,254,180,74,3,2,1,15,15,0,18,17,1,17,13,4,33,23,10,176,126,50,10,1,9,186,127,59,2022
892000,Gewaltkriminalit t,5113000,Essen,vers.,464,331,133,5,4,1,19,13,6,24,17,7,40,33,7,22,14,8,327,237,90,51,30,21,378,267,111,2022
892000,Gewaltkriminalit t,5113000,Essen,voll.,2210,1504,706,8,6,2,128,76,52,136,82,54,324,214,110,214,128,86,1427,1013,414,109,67,42,1536,1080,456,2022
892000,Gewaltkriminalit t,5113000,Essen,insg.,2674,1835,839,13,10,3,147,89,58,160,99,61,364,247,117,236,142,94,1754,1250,504,160,97,63,1914,1347,567,2022
892000,Gewaltkriminalit t,6412000,Frankfurt am Main,vers.,686,503,183,7,4,3,15,6,9,22,10,12,41,29,12,43,28,15,531,403,128,49,33,16,580,436,144,2022
892000,Gewaltkriminalit t,6412000,Frankfurt am Main,voll.,4520,3428,1092,11,5,6,162,98,64,173,103,70,369,247,122,435,325,110,3317,2597,720,226,156,70,3543,2753,790,2022
892000,Gewaltkriminalit t,6412000,Frankfurt am Main,insg.,5206,3931,1275,18,9,9,177,104,73,195,113,82,410,276,134,478,353,125,3848,3000,848,275,189,86,4123,3189,934,2022
892000,Gewaltkriminalit t,8311000,Freiburg im Breisgau,vers.,157,126,31,0,0,0,5,5,0,5,5,0,15,14,1,15,14,1,116,88,28,6,5,1,122,93,29,2022
892000,Gewaltkriminalit t,8311000,Freiburg im Breisgau,voll.,734,557,177,6,5,1,25,15,10,31,20,11,76,43,33,113,89,24,491,392,99,23,13,10,514,405,109,2022
892000,Gewaltkriminalit t,8311000,Freiburg im Breisgau,insg.,891,683,208,6,5,1,30,20,10,36,25,11,91,57,34,128,103,25,607,480,127,29,18,11,636,498,138,2022
892000,Gewaltkriminalit t,9563000,F rth,vers.,49,30,19,0,0,0,0,0,0,0,0,0,4,1,3,3,2,1,40,26,14,2,1,1,42,27,15,2022
892000,Gewaltkriminalit t,9563000,F rth,voll.,190,129,61,1,0,1,15,10,5,16,10,6,33,25,8,17,13,4,109,73,36,15,8,7,124,81,43,2022
892000,Gewaltkriminalit t,9563000,F rth,insg.,239,159,80,1,0,1,15,10,5,16,10,6,37,26,11,20,15,5,149,99,50,17,9,8,166,108,58,2022
892000,Gewaltkriminalit t,5513000,Gelsenkirchen,vers.,282,195,87,1,0,1,19,15,4,20,15,5,27,20,7,13,8,5,196,133,63,26,19,7,222,152,70,2022
892000,Gewaltkriminalit t,5513000,Gelsenkirchen,voll.,1101,724,377,0,0,0,107,77,30,107,77,30,195,135,60,105,68,37,646,414,232,48,30,18,694,444,250,2022
892000,Gewaltkriminalit t,5513000,Gelsenkirchen,insg.,1383,919,464,1,0,1,126,92,34,127,92,35,222,155,67,118,76,42,842,547,295,74,49,25,916,596,320,2022
892000,Gewaltkriminalit t,3159016,G ttingen,vers.,68,44,24,1,1,0,2,1,1,3,2,1,5,4,1,6,3,3,51,34,17,3,1,2,54,35,19,2022
892000,Gewaltkriminalit t,3159016,G ttingen,voll.,510,352,158,0,0,0,14,12,2,14,12,2,39,25,14,50,34,16,393,271,122,14,10,4,407,281,126,2022
892000,Gewaltkriminalit t,3159016,G ttingen,insg.,578,396,182,1,1,0,16,13,3,17,14,3,44,29,15,56,37,19,444,305,139,17,11,6,461,316,145,2022
892000,Gewaltkriminalit t,5754008,G tersloh,vers.,76,48,28,0,0,0,2,2,0,2,2,0,11,8,3,4,3,1,53,31,22,6,4,2,59,35,24,2022
892000,Gewaltkriminalit t,5754008,G tersloh,voll.,265,182,83,2,2,0,14,12,2,16,14,2,34,24,10,29,18,11,162,115,47,24,11,13,186,126,60,2022
892000,Gewaltkriminalit t,5754008,G tersloh,insg.,341,230,111,2,2,0,16,14,2,18,16,2,45,32,13,33,21,12,215,146,69,30,15,15,245,161,84,2022
892000,Gewaltkriminalit t,5914000,Hagen,vers.,157,109,48,1,0,1,23,14,9,24,14,10,10,8,2,23,17,6,92,66,26,8,4,4,100,70,30,2022
892000,Gewaltkriminalit t,5914000,Hagen,voll.,766,539,227,4,4,0,48,29,19,52,33,19,97,69,28,99,74,25,477,337,140,41,26,15,518,363,155,2022
892000,Gewaltkriminalit t,5914000,Hagen,insg.,923,648,275,5,4,1,71,43,28,76,47,29,107,77,30,122,91,31,569,403,166,49,30,19,618,433,185,2022
892000,Gewaltkriminalit t,15002000,Halle (Saale),vers.,317,239,78,3,2,1,27,17,10,30,19,11,40,34,6,31,23,8,192,151,41,24,12,12,216,163,53,2022
892000,Gewaltkriminalit t,15002000,Halle (Saale),voll.,1194,919,275,3,3,0,96,76,20,99,79,20,188,150,38,149,120,29,716,546,170,42,24,18,758,570,188,2022
892000,Gewaltkriminalit t,15002000,Halle (Saale),insg.,1511,1158,353,6,5,1,123,93,30,129,98,31,228,184,44,180,143,37,908,697,211,66,36,30,974,733,241,2022
892000,Gewaltkriminalit t,2000000,Hamburg,vers.,1250,941,309,4,4,0,74,54,20,78,58,20,90,74,16,90,71,19,908,678,230,84,60,24,992,738,254,2022
892000,Gewaltkriminalit t,2000000,Hamburg,voll.,7286,5425,1861,25,12,13,483,316,167,508,328,180,778,547,231,613,467,146,5056,3869,1187,331,214,117,5387,4083,1304,2022
892000,Gewaltkriminalit t,2000000,Hamburg,insg.,8536,6366,2170,29,16,13,557,370,187,586,386,200,868,621,247,703,538,165,5964,4547,1417,415,274,141,6379,4821,1558,2022
892000,Gewaltkriminalit t,5915000,Hamm,vers.,154,111,43,2,1,1,7,4,3,9,5,4,9,7,2,8,8,0,119,84,35,9,7,2,128,91,37,2022
892000,Gewaltkriminalit t,5915000,Hamm,voll.,623,441,182,1,1,0,29,23,6,30,24,6,96,65,31,70,51,19,406,291,115,21,10,11,427,301,126,2022
892000,Gewaltkriminalit t,5915000,Hamm,insg.,777,552,225,3,2,1,36,27,9,39,29,10,105,72,33,78,59,19,525,375,150,30,17,13,555,392,163,2022
892000,Gewaltkriminalit t,6435014,Hanau,vers.,38,28,10,0,0,0,1,0,1,1,0,1,5,4,1,1,1,0,28,21,7,3,2,1,31,23,8,2022
892000,Gewaltkriminalit t,6435014,Hanau,voll.,207,139,68,3,1,2,8,6,2,11,7,4,20,13,7,28,18,10,139,96,43,9,5,4,148,101,47,2022
892000,Gewaltkriminalit t,6435014,Hanau,insg.,245,167,78,3,1,2,9,6,3,12,7,5,25,17,8,29,19,10,167,117,50,12,7,5,179,124,55,2022
892000,Gewaltkriminalit t,3241001,Hannover,vers.,524,376,148,6,2,4,20,18,2,26,20,6,42,39,3,34,22,12,377,267,110,45,28,17,422,295,127,2022
892000,Gewaltkriminalit t,3241001,Hannover,voll.,3129,2370,759,6,2,4,177,112,65,183,114,69,352,232,120,316,220,96,2194,1749,445,84,55,29,2278,1804,474,2022
892000,Gewaltkriminalit t,3241001,Hannover,insg.,3653,2746,907,12,4,8,197,130,67,209,134,75,394,271,123,350,242,108,2571,2016,555,129,83,46,2700,2099,601,2022
892000,Gewaltkriminalit t,8221000,Heidelberg,vers.,91,79,12,2,2,0,3,0,3,5,2,3,4,3,1,5,5,0,71,64,7,6,5,1,77,69,8,2022
892000,Gewaltkriminalit t,8221000,Heidelberg,voll.,480,365,115,5,5,0,14,7,7,19,12,7,47,35,12,55,43,12,334,261,73,25,14,11,359,275,84,2022
892000,Gewaltkriminalit t,8221000,Heidelberg,insg.,571,444,127,7,7,0,17,7,10,24,14,10,51,38,13,60,48,12,405,325,80,31,19,12,436,344,92,2022
892000,Gewaltkriminalit t,8121000,Heilbronn,vers.,49,39,10,1,1,0,2,1,1,3,2,1,5,5,0,4,3,1,33,26,7,4,3,1,37,29,8,2022
892000,Gewaltkriminalit t,8121000,Heilbronn,voll.,320,239,81,3,3,0,6,6,0,9,9,0,26,17,9,39,31,8,230,171,59,16,11,5,246,182,64,2022
892000,Gewaltkriminalit t,8121000,Heilbronn,insg.,369,278,91,4,4,0,8,7,1,12,11,1,31,22,9,43,34,9,263,197,66,20,14,6,283,211,72,2022
892000,Gewaltkriminalit t,5916000,Herne,vers.,96,68,28,1,1,0,4,3,1,5,4,1,9,8,1,7,6,1,71,49,22,4,1,3,75,50,25,2022
892000,Gewaltkriminalit t,5916000,Herne,voll.,481,319,162,4,4,0,32,20,12,36,24,12,83,60,23,54,40,14,284,183,101,24,12,12,308,195,113,2022
892000,Gewaltkriminalit t,5916000,Herne,insg.,577,387,190,5,5,0,36,23,13,41,28,13,92,68,24,61,46,15,355,232,123,28,13,15,383,245,138,2022
892000,Gewaltkriminalit t,3254021,Hildesheim,vers.,83,47,36,0,0,0,6,6,0,6,6,0,2,2,0,6,2,4,59,33,26,10,4,6,69,37,32,2022
892000,Gewaltkriminalit t,3254021,Hildesheim,voll.,342,233,109,0,0,0,20,13,7,20,13,7,52,39,13,41,26,15,205,137,68,24,18,6,229,155,74,2022
892000,Gewaltkriminalit t,3254021,Hildesheim,insg.,425,280,145,0,0,0,26,19,7,26,19,7,54,41,13,47,28,19,264,170,94,34,22,12,298,192,106,2022
892000,Gewaltkriminalit t,9161000,Ingolstadt,vers.,73,47,26,1,0,1,3,3,0,4,3,1,4,3,1,9,7,2,55,33,22,1,1,0,56,34,22,2022
892000,Gewaltkriminalit t,9161000,Ingolstadt,voll.,378,255,123,3,3,0,30,15,15,33,18,15,56,39,17,33,21,12,245,170,75,11,7,4,256,177,79,2022
892000,Gewaltkriminalit t,9161000,Ingolstadt,insg.,451,302,149,4,3,1,33,18,15,37,21,16,60,42,18,42,28,14,300,203,97,12,8,4,312,211,101,2022
892000,Gewaltkriminalit t,16053000,Jena,vers.,26,17,9,0,0,0,0,0,0,0,0,0,1,1,0,1,0,1,22,15,7,2,1,1,24,16,8,2022
892000,Gewaltkriminalit t,16053000,Jena,voll.,182,138,44,2,2,0,9,8,1,11,10,1,24,20,4,23,17,6,121,88,33,3,3,0,124,91,33,2022
892000,Gewaltkriminalit t,16053000,Jena,insg.,208,155,53,2,2,0,9,8,1,11,10,1,25,21,4,24,17,7,143,103,40,5,4,1,148,107,41,2022
892000,Gewaltkriminalit t,7312000,Kaiserslautern,vers.,165,128,37,0,0,0,2,1,1,2,1,1,12,12,0,19,17,2,112,87,25,20,11,9,132,98,34,2022
892000,Gewaltkriminalit t,7312000,Kaiserslautern,voll.,441,318,123,3,1,2,14,9,5,17,10,7,49,34,15,75,60,15,279,201,78,21,13,8,300,214,86,2022
892000,Gewaltkriminalit t,7312000,Kaiserslautern,insg.,606,446,160,3,1,2,16,10,6,19,11,8,61,46,15,94,77,17,391,288,103,41,24,17,432,312,120,2022
892000,Gewaltkriminalit t,8212000,Karlsruhe,vers.,147,103,44,4,3,1,5,2,3,9,5,4,11,5,6,8,6,2,111,81,30,8,6,2,119,87,32,2022
892000,Gewaltkriminalit t,8212000,Karlsruhe,voll.,858,589,269,3,3,0,40,24,16,43,27,16,97,64,33,97,68,29,595,413,182,26,17,9,621,430,191,2022
892000,Gewaltkriminalit t,8212000,Karlsruhe,insg.,1005,692,313,7,6,1,45,26,19,52,32,20,108,69,39,105,74,31,706,494,212,34,23,11,740,517,223,2022
892000,Gewaltkriminalit t,6611000,Kassel,vers.,149,107,42,2,1,1,1,0,1,3,1,2,7,5,2,15,13,2,104,76,28,20,12,8,124,88,36,2022
892000,Gewaltkriminalit t,6611000,Kassel,voll.,1152,812,340,6,5,1,56,24,32,62,29,33,110,73,37,124,82,42,810,593,217,46,35,11,856,628,228,2022
892000,Gewaltkriminalit t,6611000,Kassel,insg.,1301,919,382,8,6,2,57,24,33,65,30,35,117,78,39,139,95,44,914,669,245,66,47,19,980,716,264,2022
892000,Gewaltkriminalit t,1002000,Kiel,vers.,156,100,56,0,0,0,5,3,2,5,3,2,10,5,5,14,11,3,123,80,43,4,1,3,127,81,46,2022
892000,Gewaltkriminalit t,1002000,Kiel,voll.,837,600,237,1,1,0,45,27,18,46,28,18,80,58,22,103,68,35,560,414,146,48,32,16,608,446,162,2022
892000,Gewaltkriminalit t,1002000,Kiel,insg.,993,700,293,1,1,0,50,30,20,51,31,20,90,63,27,117,79,38,683,494,189,52,33,19,735,527,208,2022
892000,Gewaltkriminalit t,7111000,Koblenz,vers.,78,50,28,2,2,0,2,2,0,4,4,0,6,3,3,9,4,5,51,35,16,8,4,4,59,39,20,2022
892000,Gewaltkriminalit t,7111000,Koblenz,voll.,494,374,120,1,1,0,15,4,11,16,5,11,67,51,16,45,33,12,345,269,76,21,16,5,366,285,81,2022
892000,Gewaltkriminalit t,7111000,Koblenz,insg.,572,424,148,3,3,0,17,6,11,20,9,11,73,54,19,54,37,17,396,304,92,29,20,9,425,324,101,2022
892000,Gewaltkriminalit t,5315000,K ln,vers.,1246,851,395,4,2,2,59,46,13,63,48,15,111,74,37,91,52,39,878,608,270,103,69,34,981,677,304,2022
892000,Gewaltkriminalit t,5315000,K ln,voll.,5789,4172,1617,21,12,9,252,166,86,273,178,95,592,398,194,606,439,167,4040,2973,1067,278,184,94,4318,3157,1161,2022
892000,Gewaltkriminalit t,5315000,K ln,insg.,7035,5023,2012,25,14,11,311,212,99,336,226,110,703,472,231,697,491,206,4918,3581,1337,381,253,128,5299,3834,1465,2022
892000,Gewaltkriminalit t,5114000,Krefeld,vers.,134,93,41,1,1,0,8,6,2,9,7,2,11,8,3,9,9,0,90,61,29,15,8,7,105,69,36,2022
892000,Gewaltkriminalit t,5114000,Krefeld,voll.,878,591,287,4,3,1,71,51,20,75,54,21,114,76,38,87,51,36,535,369,166,67,41,26,602,410,192,2022
892000,Gewaltkriminalit t,5114000,Krefeld,insg.,1012,684,328,5,4,1,79,57,22,84,61,23,125,84,41,96,60,36,625,430,195,82,49,33,707,479,228,2022
892000,Gewaltkriminalit t,14713000,Leipzig,vers.,361,264,97,1,0,1,19,17,2,20,17,3,28,25,3,25,21,4,267,188,79,21,13,8,288,201,87,2022
892000,Gewaltkriminalit t,14713000,Leipzig,voll.,2152,1580,572,11,5,6,79,50,29,90,55,35,268,195,73,216,165,51,1499,1117,382,79,48,31,1578,1165,413,2022
892000,Gewaltkriminalit t,14713000,Leipzig,insg.,2513,1844,669,12,5,7,98,67,31,110,72,38,296,220,76,241,186,55,1766,1305,461,100,61,39,1866,1366,500,2022
892000,Gewaltkriminalit t,5316000,Leverkusen,vers.,113,83,30,0,0,0,12,12,0,12,12,0,10,8,2,8,7,1,76,50,26,7,6,1,83,56,27,2022
892000,Gewaltkriminalit t,5316000,Leverkusen,voll.,551,356,195,5,4,1,36,23,13,41,27,14,110,66,44,51,35,16,326,213,113,23,15,8,349,228,121,2022
892000,Gewaltkriminalit t,5316000,Leverkusen,insg.,664,439,225,5,4,1,48,35,13,53,39,14,120,74,46,59,42,17,402,263,139,30,21,9,432,284,148,2022
892000,Gewaltkriminalit t,1003000,L beck,vers.,136,93,43,2,2,0,5,3,2,7,5,2,9,7,2,12,5,7,99,69,30,9,7,2,108,76,32,2022
892000,Gewaltkriminalit t,1003000,L beck,voll.,841,605,236,1,0,1,16,12,4,17,12,5,97,60,37,82,63,19,598,444,154,47,26,21,645,470,175,2022
892000,Gewaltkriminalit t,1003000,L beck,insg.,977,698,279,3,2,1,21,15,6,24,17,7,106,67,39,94,68,26,697,513,184,56,33,23,753,546,207,2022
892000,Gewaltkriminalit t,7314000,Ludwigshafen am Rhein,vers.,124,78,46,1,0,1,10,7,3,11,7,4,17,13,4,9,7,2,75,46,29,12,5,7,87,51,36,2022
892000,Gewaltkriminalit t,7314000,Ludwigshafen am Rhein,voll.,870,606,264,4,3,1,107,75,32,111,78,33,149,107,42,79,60,19,497,342,155,34,19,15,531,361,170,2022
892000,Gewaltkriminalit t,7314000,Ludwigshafen am Rhein,insg.,994,684,310,5,3,2,117,82,35,122,85,37,166,120,46,88,67,21,572,388,184,46,24,22,618,412,206,2022
892000,Gewaltkriminalit t,15003000,Magdeburg,vers.,220,162,58,0,0,0,19,14,5,19,14,5,19,14,5,15,11,4,141,107,34,26,16,10,167,123,44,2022
892000,Gewaltkriminalit t,15003000,Magdeburg,voll.,963,699,264,2,1,1,48,30,18,50,31,19,120,88,32,119,87,32,617,458,159,57,35,22,674,493,181,2022
892000,Gewaltkriminalit t,15003000,Magdeburg,insg.,1183,861,322,2,1,1,67,44,23,69,45,24,139,102,37,134,98,36,758,565,193,83,51,32,841,616,225,2022
892000,Gewaltkriminalit t,7315000,Mainz,vers.,106,66,40,1,0,1,4,3,1,5,3,2,7,5,2,10,10,0,78,44,34,6,4,2,84,48,36,2022
892000,Gewaltkriminalit t,7315000,Mainz,voll.,709,490,219,5,3,2,39,24,15,44,27,17,84,62,22,67,47,20,482,337,145,32,17,15,514,354,160,2022
892000,Gewaltkriminalit t,7315000,Mainz,insg.,815,556,259,6,3,3,43,27,16,49,30,19,91,67,24,77,57,20,560,381,179,38,21,17,598,402,196,2022
892000,Gewaltkriminalit t,8222000,Mannheim,vers.,159,108,51,3,3,0,12,12,0,15,15,0,12,8,4,14,7,7,110,73,37,8,5,3,118,78,40,2022
892000,Gewaltkriminalit t,8222000,Mannheim,voll.,989,666,323,2,1,1,39,23,16,41,24,17,77,51,26,78,51,27,741,502,239,52,38,14,793,540,253,2022
892000,Gewaltkriminalit t,8222000,Mannheim,insg.,1148,774,374,5,4,1,51,35,16,56,39,17,89,59,30,92,58,34,851,575,276,60,43,17,911,618,293,2022
892000,Gewaltkriminalit t,5170024,Moers,vers.,64,42,22,1,1,0,8,5,3,9,6,3,5,4,1,7,0,7,37,27,10,6,5,1,43,32,11,2022
892000,Gewaltkriminalit t,5170024,Moers,voll.,261,176,85,3,3,0,10,6,4,13,9,4,55,39,16,36,23,13,149,98,51,8,7,1,157,105,52,2022
892000,Gewaltkriminalit t,5170024,Moers,insg.,325,218,107,4,4,0,18,11,7,22,15,7,60,43,17,43,23,20,186,125,61,14,12,2,200,137,63,2022
892000,Gewaltkriminalit t,5116000,M nchengladbach,vers.,202,155,47,0,0,0,17,16,1,17,16,1,18,17,1,15,12,3,141,105,36,11,5,6,152,110,42,2022
892000,Gewaltkriminalit t,5116000,M nchengladbach,voll.,1129,821,308,4,1,3,78,60,18,82,61,21,134,104,30,117,90,27,737,529,208,59,37,22,796,566,230,2022
892000,Gewaltkriminalit t,5116000,M nchengladbach,insg.,1331,976,355,4,1,3,95,76,19,99,77,22,152,121,31,132,102,30,878,634,244,70,42,28,948,676,272,2022
892000,Gewaltkriminalit t,5117000,M lheim an der Ruhr,vers.,121,81,40,1,1,0,10,6,4,11,7,4,15,11,4,7,6,1,76,48,28,12,9,3,88,57,31,2022
892000,Gewaltkriminalit t,5117000,M lheim an der Ruhr,voll.,472,280,192,2,1,1,38,24,14,40,25,15,76,50,26,49,29,20,281,163,118,26,13,13,307,176,131,2022
892000,Gewaltkriminalit t,5117000,M lheim an der Ruhr,insg.,593,361,232,3,2,1,48,30,18,51,32,19,91,61,30,56,35,21,357,211,146,38,22,16,395,233,162,2022
892000,Gewaltkriminalit t,9162000,M nchen,vers.,904,662,242,14,13,1,41,33,8,55,46,9,55,42,13,54,45,9,687,493,194,53,36,17,740,529,211,2022
892000,Gewaltkriminalit t,9162000,M nchen,voll.,3958,2822,1136,25,23,2,202,139,63,227,162,65,399,281,118,419,302,117,2737,1966,771,176,111,65,2913,2077,836,2022
892000,Gewaltkriminalit t,9162000,M nchen,insg.,4862,3484,1378,39,36,3,243,172,71,282,208,74,454,323,131,473,347,126,3424,2459,965,229,147,82,3653,2606,1047,2022
892000,Gewaltkriminalit t,5515000,M nster,vers.,203,159,44,2,2,0,8,8,0,10,10,0,13,10,3,13,10,3,152,119,33,15,10,5,167,129,38,2022
892000,Gewaltkriminalit t,5515000,M nster,voll.,1129,812,317,3,1,2,48,27,21,51,28,23,119,90,29,131,101,30,774,558,216,54,35,19,828,593,235,2022
892000,Gewaltkriminalit t,5515000,M nster,insg.,1332,971,361,5,3,2,56,35,21,61,38,23,132,100,32,144,111,33,926,677,249,69,45,24,995,722,273,2022
892000,Gewaltkriminalit t,5162024,Neuss,vers.,85,49,36,2,0,2,6,1,5,8,1,7,0,0,0,5,2,3,62,39,23,10,7,3,72,46,26,2022
892000,Gewaltkriminalit t,5162024,Neuss,voll.,399,284,115,1,1,0,27,19,8,28,20,8,36,22,14,50,36,14,266,194,72,19,12,7,285,206,79,2022
892000,Gewaltkriminalit t,5162024,Neuss,insg.,484,333,151,3,1,2,33,20,13,36,21,15,36,22,14,55,38,17,328,233,95,29,19,10,357,252,105,2022
892000,Gewaltkriminalit t,9564000,N rnberg,vers.,337,241,96,8,1,7,15,10,5,23,11,12,20,14,6,23,17,6,251,185,66,20,14,6,271,199,72,2022
892000,Gewaltkriminalit t,9564000,N rnberg,voll.,1532,1055,477,9,5,4,95,61,34,104,66,38,155,107,48,196,137,59,1014,711,303,63,34,29,1077,745,332,2022
892000,Gewaltkriminalit t,9564000,N rnberg,insg.,1869,1296,573,17,6,11,110,71,39,127,77,50,175,121,54,219,154,65,1265,896,369,83,48,35,1348,944,404,2022
892000,Gewaltkriminalit t,5119000,Oberhausen,vers.,114,83,31,0,0,0,12,12,0,12,12,0,10,10,0,6,5,1,73,47,26,13,9,4,86,56,30,2022
892000,Gewaltkriminalit t,5119000,Oberhausen,voll.,658,432,226,1,0,1,76,55,21,77,55,22,103,72,31,64,45,19,365,227,138,49,33,16,414,260,154,2022
892000,Gewaltkriminalit t,5119000,Oberhausen,insg.,772,515,257,1,0,1,88,67,21,89,67,22,113,82,31,70,50,20,438,274,164,62,42,20,500,316,184,2022
892000,Gewaltkriminalit t,6413000,Offenbach am Main,vers.,58,41,17,1,1,0,0,0,0,1,1,0,7,4,3,3,3,0,40,29,11,7,4,3,47,33,14,2022
892000,Gewaltkriminalit t,6413000,Offenbach am Main,voll.,374,240,134,1,0,1,21,12,9,22,12,10,51,25,26,36,21,15,237,162,75,28,20,8,265,182,83,2022
892000,Gewaltkriminalit t,6413000,Offenbach am Main,insg.,432,281,151,2,1,1,21,12,9,23,13,10,58,29,29,39,24,15,277,191,86,35,24,11,312,215,97,2022
892000,Gewaltkriminalit t,3403000,Oldenburg (Oldenburg),vers.,70,46,24,0,0,0,2,1,1,2,1,1,9,6,3,4,3,1,46,30,16,9,6,3,55,36,19,2022
892000,Gewaltkriminalit t,3403000,Oldenburg (Oldenburg),voll.,482,346,136,2,1,1,25,22,3,27,23,4,77,60,17,72,49,23,292,202,90,14,12,2,306,214,92,2022
892000,Gewaltkriminalit t,3403000,Oldenburg (Oldenburg),insg.,552,392,160,2,1,1,27,23,4,29,24,5,86,66,20,76,52,24,338,232,106,23,18,5,361,250,111,2022
892000,Gewaltkriminalit t,3404000,Osnabr ck,vers.,129,92,37,0,0,0,2,2,0,2,2,0,5,4,1,10,7,3,100,74,26,12,5,7,112,79,33,2022
892000,Gewaltkriminalit t,3404000,Osnabr ck,voll.,959,673,286,5,4,1,24,13,11,29,17,12,90,59,31,96,58,38,702,522,180,42,17,25,744,539,205,2022
892000,Gewaltkriminalit t,3404000,Osnabr ck,insg.,1088,765,323,5,4,1,26,15,11,31,19,12,95,63,32,106,65,41,802,596,206,54,22,32,856,618,238,2022
892000,Gewaltkriminalit t,5774032,Paderborn,vers.,127,88,39,0,0,0,3,2,1,3,2,1,5,4,1,15,7,8,94,69,25,10,6,4,104,75,29,2022
892000,Gewaltkriminalit t,5774032,Paderborn,voll.,548,395,153,3,2,1,26,14,12,29,16,13,64,42,22,79,53,26,352,264,88,24,20,4,376,284,92,2022
892000,Gewaltkriminalit t,5774032,Paderborn,insg.,675,483,192,3,2,1,29,16,13,32,18,14,69,46,23,94,60,34,446,333,113,34,26,8,480,359,121,2022
892000,Gewaltkriminalit t,8231000,Pforzheim,vers.,85,55,30,1,0,1,19,18,1,20,18,2,3,3,0,9,7,2,48,25,23,5,2,3,53,27,26,2022
892000,Gewaltkriminalit t,8231000,Pforzheim,voll.,477,331,146,4,2,2,20,10,10,24,12,12,79,54,25,69,47,22,286,202,84,19,16,3,305,218,87,2022
892000,Gewaltkriminalit t,8231000,Pforzheim,insg.,562,386,176,5,2,3,39,28,11,44,30,14,82,57,25,78,54,24,334,227,107,24,18,6,358,245,113,2022
892000,Gewaltkriminalit t,12054000,Potsdam,vers.,67,42,25,0,0,0,5,4,1,5,4,1,4,3,1,3,2,1,49,29,20,6,4,2,55,33,22,2022
892000,Gewaltkriminalit t,12054000,Potsdam,voll.,382,268,114,1,1,0,22,17,5,23,18,5,65,44,21,39,32,7,233,164,69,22,10,12,255,174,81,2022
892000,Gewaltkriminalit t,12054000,Potsdam,insg.,449,310,139,1,1,0,27,21,6,28,22,6,69,47,22,42,34,8,282,193,89,28,14,14,310,207,103,2022
892000,Gewaltkriminalit t,5562032,Recklinghausen,vers.,98,63,35,0,0,0,5,4,1,5,4,1,8,6,2,5,3,2,75,47,28,5,3,2,80,50,30,2022
892000,Gewaltkriminalit t,5562032,Recklinghausen,voll.,414,288,126,2,2,0,31,21,10,33,23,10,64,47,17,34,24,10,260,180,80,23,14,9,283,194,89,2022
892000,Gewaltkriminalit t,5562032,Recklinghausen,insg.,512,351,161,2,2,0,36,25,11,38,27,11,72,53,19,39,27,12,335,227,108,28,17,11,363,244,119,2022
892000,Gewaltkriminalit t,9362000,Regensburg,vers.,81,62,19,7,3,4,1,1,0,8,4,4,3,3,0,4,4,0,64,50,14,2,1,1,66,51,15,2022
892000,Gewaltkriminalit t,9362000,Regensburg,voll.,432,314,118,0,0,0,8,6,2,8,6,2,44,31,13,60,46,14,305,219,86,15,12,3,320,231,89,2022
892000,Gewaltkriminalit t,9362000,Regensburg,insg.,513,376,137,7,3,4,9,7,2,16,10,6,47,34,13,64,50,14,369,269,100,17,13,4,386,282,104,2022
892000,Gewaltkriminalit t,5120000,Remscheid,vers.,77,53,24,1,0,1,2,1,1,3,1,2,7,6,1,4,2,2,60,42,18,3,2,1,63,44,19,2022
892000,Gewaltkriminalit t,5120000,Remscheid,voll.,362,246,116,2,0,2,30,22,8,32,22,10,53,36,17,38,28,10,221,149,72,18,11,7,239,160,79,2022
892000,Gewaltkriminalit t,5120000,Remscheid,insg.,439,299,140,3,0,3,32,23,9,35,23,12,60,42,18,42,30,12,281,191,90,21,13,8,302,204,98,2022
892000,Gewaltkriminalit t,8415061,Reutlingen,vers.,81,52,29,1,1,0,4,3,1,5,4,1,7,2,5,8,6,2,54,34,20,7,6,1,61,40,21,2022
892000,Gewaltkriminalit t,8415061,Reutlingen,voll.,352,255,97,3,2,1,17,12,5,20,14,6,52,37,15,39,30,9,226,164,62,15,10,5,241,174,67,2022
892000,Gewaltkriminalit t,8415061,Reutlingen,insg.,433,307,126,4,3,1,21,15,6,25,18,7,59,39,20,47,36,11,280,198,82,22,16,6,302,214,88,2022
892000,Gewaltkriminalit t,13003000,"Rostock, Hanse- und Universit tsstadt",vers.,122,80,42,1,0,1,10,9,1,11,9,2,15,10,5,3,1,2,78,56,22,15,4,11,93,60,33,2022
892000,Gewaltkriminalit t,13003000,"Rostock, Hanse- und Universit tsstadt",voll.,693,503,190,6,4,2,60,38,22,66,42,24,83,61,22,92,74,18,418,303,115,34,23,11,452,326,126,2022
892000,Gewaltkriminalit t,13003000,"Rostock, Hanse- und Universit tsstadt",insg.,815,583,232,7,4,3,70,47,23,77,51,26,98,71,27,95,75,20,496,359,137,49,27,22,545,386,159,2022
892000,Gewaltkriminalit t,10041100,Saarbr cken,vers.,161,115,46,2,1,1,5,3,2,7,4,3,15,12,3,14,12,2,106,72,34,19,15,4,125,87,38,2022
892000,Gewaltkriminalit t,10041100,Saarbr cken,voll.,960,679,281,2,0,2,41,23,18,43,23,20,94,64,30,104,75,29,668,486,182,51,31,20,719,517,202,2022
892000,Gewaltkriminalit t,10041100,Saarbr cken,insg.,1121,794,327,4,1,3,46,26,20,50,27,23,109,76,33,118,87,31,774,558,216,70,46,24,844,604,240,2022
892000,Gewaltkriminalit t,3102000,Salzgitter,vers.,65,49,16,0,0,0,13,11,2,13,11,2,2,0,2,9,7,2,35,27,8,6,4,2,41,31,10,2022
892000,Gewaltkriminalit t,3102000,Salzgitter,voll.,316,204,112,3,2,1,37,30,7,40,32,8,48,31,17,28,21,7,191,116,75,9,4,5,200,120,80,2022
892000,Gewaltkriminalit t,3102000,Salzgitter,insg.,381,253,128,3,2,1,50,41,9,53,43,10,50,31,19,37,28,9,226,143,83,15,8,7,241,151,90,2022
892000,Gewaltkriminalit t,13004000,Schwerin,vers.,71,51,20,1,1,0,4,1,3,5,2,3,6,3,3,2,2,0,55,43,12,3,1,2,58,44,14,2022
892000,Gewaltkriminalit t,13004000,Schwerin,voll.,487,384,103,5,4,1,40,29,11,45,33,12,57,45,12,53,46,7,312,245,67,20,15,5,332,260,72,2022
892000,Gewaltkriminalit t,13004000,Schwerin,insg.,558,435,123,6,5,1,44,30,14,50,35,15,63,48,15,55,48,7,367,288,79,23,16,7,390,304,86,2022
892000,Gewaltkriminalit t,5970040,Siegen,vers.,105,73,32,2,1,1,3,3,0,5,4,1,17,15,2,8,4,4,68,47,21,7,3,4,75,50,25,2022
892000,Gewaltkriminalit t,5970040,Siegen,voll.,387,263,124,2,1,1,17,9,8,19,10,9,54,34,20,35,26,9,263,180,83,16,13,3,279,193,86,2022
892000,Gewaltkriminalit t,5970040,Siegen,insg.,492,336,156,4,2,2,20,12,8,24,14,10,71,49,22,43,30,13,331,227,104,23,16,7,354,243,111,2022
892000,Gewaltkriminalit t,5122000,Solingen,vers.,103,68,35,0,0,0,9,7,2,9,7,2,11,9,2,11,11,0,66,38,28,6,3,3,72,41,31,2022
892000,Gewaltkriminalit t,5122000,Solingen,voll.,444,297,147,2,1,1,29,23,6,31,24,7,77,55,22,45,30,15,263,176,87,28,12,16,291,188,103,2022
892000,Gewaltkriminalit t,5122000,Solingen,insg.,547,365,182,2,1,1,38,30,8,40,31,9,88,64,24,56,41,15,329,214,115,34,15,19,363,229,134,2022
892000,Gewaltkriminalit t,8111000,Stuttgart,vers.,577,434,143,3,2,1,12,9,3,15,11,4,40,27,13,31,23,8,451,346,105,40,27,13,491,373,118,2022
892000,Gewaltkriminalit t,8111000,Stuttgart,voll.,2309,1719,590,11,7,4,60,46,14,71,53,18,211,141,70,275,203,72,1654,1258,396,98,64,34,1752,1322,430,2022
892000,Gewaltkriminalit t,8111000,Stuttgart,insg.,2886,2153,733,14,9,5,72,55,17,86,64,22,251,168,83,306,226,80,2105,1604,501,138,91,47,2243,1695,548,2022
892000,Gewaltkriminalit t,7211000,Trier,vers.,66,48,18,1,0,1,1,1,0,2,1,1,12,10,2,7,5,2,42,30,12,3,2,1,45,32,13,2022
892000,Gewaltkriminalit t,7211000,Trier,voll.,330,227,103,1,0,1,15,11,4,16,11,5,31,19,12,46,27,19,222,160,62,15,10,5,237,170,67,2022
892000,Gewaltkriminalit t,7211000,Trier,insg.,396,275,121,2,0,2,16,12,4,18,12,6,43,29,14,53,32,21,264,190,74,18,12,6,282,202,80,2022
892000,Gewaltkriminalit t,8421000,Ulm,vers.,62,39,23,0,0,0,0,0,0,0,0,0,1,0,1,1,0,1,56,38,18,4,1,3,60,39,21,2022
892000,Gewaltkriminalit t,8421000,Ulm,voll.,418,294,124,2,2,0,21,11,10,23,13,10,45,23,22,59,40,19,279,212,67,12,6,6,291,218,73,2022
892000,Gewaltkriminalit t,8421000,Ulm,insg.,480,333,147,2,2,0,21,11,10,23,13,10,46,23,23,60,40,20,335,250,85,16,7,9,351,257,94,2022
892000,Gewaltkriminalit t,6414000,Wiesbaden,vers.,133,87,46,0,0,0,8,6,2,8,6,2,14,7,7,12,9,3,84,57,27,15,8,7,99,65,34,2022
892000,Gewaltkriminalit t,6414000,Wiesbaden,voll.,987,686,301,5,4,1,62,39,23,67,43,24,133,86,47,110,78,32,627,447,180,50,32,18,677,479,198,2022
892000,Gewaltkriminalit t,6414000,Wiesbaden,insg.,1120,773,347,5,4,1,70,45,25,75,49,26,147,93,54,122,87,35,711,504,207,65,40,25,776,544,232,2022
892000,Gewaltkriminalit t,3103000,Wolfsburg,vers.,50,41,9,0,0,0,5,3,2,5,3,2,1,1,0,0,0,0,41,35,6,3,2,1,44,37,7,2022
892000,Gewaltkriminalit t,3103000,Wolfsburg,voll.,316,220,96,1,1,0,5,2,3,6,3,3,26,20,6,24,14,10,245,174,71,15,9,6,260,183,77,2022
892000,Gewaltkriminalit t,3103000,Wolfsburg,insg.,366,261,105,1,1,0,10,5,5,11,6,5,27,21,6,24,14,10,286,209,77,18,11,7,304,220,84,2022
892000,Gewaltkriminalit t,5124000,Wuppertal,vers.,319,217,102,2,2,0,25,14,11,27,16,11,25,17,8,26,14,12,217,154,63,24,16,8,241,170,71,2022
892000,Gewaltkriminalit t,5124000,Wuppertal,voll.,1481,984,497,10,6,4,118,81,37,128,87,41,222,153,69,154,95,59,905,599,306,72,50,22,977,649,328,2022
892000,Gewaltkriminalit t,5124000,Wuppertal,insg.,1800,1201,599,12,8,4,143,95,48,155,103,52,247,170,77,180,109,71,1122,753,369,96,66,30,1218,819,399,2022
892000,Gewaltkriminalit t,9663000,W rzburg,vers.,76,46,30,2,2,0,2,1,1,4,3,1,6,3,3,6,4,2,55,33,22,5,3,2,60,36,24,2022
892000,Gewaltkriminalit t,9663000,W rzburg,voll.,340,256,84,2,2,0,7,5,2,9,7,2,38,27,11,55,37,18,228,178,50,10,7,3,238,185,53,2022
892000,Gewaltkriminalit t,9663000,W rzburg,insg.,416,302,114,4,4,0,9,6,3,13,10,3,44,30,14,61,41,20,283,211,72,15,10,5,298,221,77,2022
892500,"Mord, Totschlag und T tung auf Verlangen",5334002,Aachen,vers.,13,8,5,1,0,1,0,0,0,1,0,1,0,0,0,2,2,0,10,6,4,0,0,0,10,6,4,2022
892500,"Mord, Totschlag und T tung auf Verlangen",5334002,Aachen,voll.,1,0,1,0,0,0,0,0,0,0,0,0,0,0,0,0,0,0,1,0,1,0,0,0,1,0,1,2022
892500,"Mord, Totschlag und T tung auf Verlangen",5334002,Aachen,insg.,14,8,6,1,0,1,0,0,0,1,0,1,0,0,0,2,2,0,11,6,5,0,0,0,11,6,5,2022
892500,"Mord, Totschlag und T tung auf Verlangen",9761000,Augsburg,vers.,14,9,5,0,0,0,0,0,0,0,0,0,2,1,1,0,0,0,10,7,3,2,1,1,12,8,4,2022
892500,"Mord, Totschlag und T tung auf Verlangen",9761000,Augsburg,voll.,2,1,1,0,0,0,0,0,0,0,0,0,0,0,0,0,0,0,2,1,1,0,0,0,2,1,1,2022
892500,"Mord, Totschlag und T tung auf Verlangen",9761000,Augsburg,insg.,16,10,6,0,0,0,0,0,0,0,0,0,2,1,1,0,0,0,12,8,4,2,1,1,14,9,5,2022
892500,"Mord, Totschlag und T tung auf Verlangen",5378004,Bergisch Gladbach,vers.,0,0,0,0,0,0,0,0,0,0,0,0,0,0,0,0,0,0,0,0,0,0,0,0,0,0,0,2022
892500,"Mord, Totschlag und T tung auf Verlangen",5378004,Bergisch Gladbach,voll.,1,1,0,0,0,0,0,0,0,0,0,0,0,0,0,0,0,0,1,1,0,0,0,0,1,1,0,2022
892500,"Mord, Totschlag und T tung auf Verlangen",5378004,Bergisch Gladbach,insg.,1,1,0,0,0,0,0,0,0,0,0,0,0,0,0,0,0,0,1,1,0,0,0,0,1,1,0,2022
892500,"Mord, Totschlag und T tung auf Verlangen",11000000,Berlin,vers.,94,78,16,0,0,0,0,0,0,0,0,0,2,2,0,2,0,2,86,73,13,4,3,1,90,76,14,2022
892500,"Mord, Totschlag und T tung auf Verlangen",11000000,Berlin,voll.,46,26,20,2,0,2,0,0,0,2,0,2,4,0,4,3,3,0,32,22,10,5,1,4,37,23,14,2022
892500,"Mord, Totschlag und T tung auf Verlangen",11000000,Berlin,insg.,140,104,36,2,0,2,0,0,0,2,0,2,6,2,4,5,3,2,118,95,23,9,4,5,127,99,28,2022
892500,"Mord, Totschlag und T tung auf Verlangen",5711000,Bielefeld,vers.,6,5,1,0,0,0,0,0,0,0,0,0,0,0,0,0,0,0,4,3,1,2,2,0,6,5,1,2022
892500,"Mord, Totschlag und T tung auf Verlangen",5711000,Bielefeld,voll.,3,1,2,0,0,0,0,0,0,0,0,0,0,0,0,0,0,0,2,1,1,1,0,1,3,1,2,2022
892500,"Mord, Totschlag und T tung auf Verlangen",5711000,Bielefeld,insg.,9,6,3,0,0,0,0,0,0,0,0,0,0,0,0,0,0,0,6,4,2,3,2,1,9,6,3,2022
892500,"Mord, Totschlag und T tung auf Verlangen",5911000,Bochum,vers.,2,0,2,0,0,0,0,0,0,0,0,0,0,0,0,1,0,1,1,0,1,0,0,0,1,0,1,2022
892500,"Mord, Totschlag und T tung auf Verlangen",5911000,Bochum,voll.,1,1,0,0,0,0,0,0,0,0,0,0,0,0,0,0,0,0,1,1,0,0,0,0,1,1,0,2022
892500,"Mord, Totschlag und T tung auf Verlangen",5911000,Bochum,insg.,3,1,2,0,0,0,0,0,0,0,0,0,0,0,0,1,0,1,2,1,1,0,0,0,2,1,1,2022
892500,"Mord, Totschlag und T tung auf Verlangen",5314000,Bonn,vers.,8,8,0,0,0,0,0,0,0,0,0,0,1,1,0,2,2,0,4,4,0,1,1,0,5,5,0,2022
892500,"Mord, Totschlag und T tung auf Verlangen",5314000,Bonn,voll.,1,1,0,0,0,0,0,0,0,0,0,0,0,0,0,0,0,0,1,1,0,0,0,0,1,1,0,2022
892500,"Mord, Totschlag und T tung auf Verlangen",5314000,Bonn,insg.,9,9,0,0,0,0,0,0,0,0,0,0,1,1,0,2,2,0,5,5,0,1,1,0,6,6,0,2022
892500,"Mord, Totschlag und T tung auf Verlangen",5512000,Bottrop,vers.,2,2,0,0,0,0,0,0,0,0,0,0,0,0,0,0,0,0,2,2,0,0,0,0,2,2,0,2022
892500,"Mord, Totschlag und T tung auf Verlangen",5512000,Bottrop,voll.,1,0,1,0,0,0,1,0,1,1,0,1,0,0,0,0,0,0,0,0,0,0,0,0,0,0,0,2022
892500,"Mord, Totschlag und T tung auf Verlangen",5512000,Bottrop,insg.,3,2,1,0,0,0,1,0,1,1,0,1,0,0,0,0,0,0,2,2,0,0,0,0,2,2,0,2022
892500,"Mord, Totschlag und T tung auf Verlangen",3101000,Braunschweig,vers.,21,16,5,0,0,0,0,0,0,0,0,0,0,0,0,1,1,0,20,15,5,0,0,0,20,15,5,2022
892500,"Mord, Totschlag und T tung auf Verlangen",3101000,Braunschweig,voll.,4,2,2,0,0,0,0,0,0,0,0,0,0,0,0,1,1,0,1,0,1,2,1,1,3,1,2,2022
892500,"Mord, Totschlag und T tung auf Verlangen",3101000,Braunschweig,insg.,25,18,7,0,0,0,0,0,0,0,0,0,0,0,0,2,2,0,21,15,6,2,1,1,23,16,7,2022
892500,"Mord, Totschlag und T tung auf Verlangen",4011000,Bremen,vers.,23,20,3,1,1,0,0,0,0,1,1,0,2,1,1,1,1,0,16,14,2,3,3,0,19,17,2,2022
892500,"Mord, Totschlag und T tung auf Verlangen",4011000,Bremen,voll.,18,9,9,2,0,2,0,0,0,2,0,2,0,0,0,0,0,0,5,4,1,11,5,6,16,9,7,2022
892500,"Mord, Totschlag und T tung auf Verlangen",4011000,Bremen,insg.,41,29,12,3,1,2,0,0,0,3,1,2,2,1,1,1,1,0,21,18,3,14,8,6,35,26,9,2022
892500,"Mord, Totschlag und T tung auf Verlangen",4012000,Bremerhaven,vers.,4,4,0,0,0,0,0,0,0,0,0,0,0,0,0,0,0,0,4,4,0,0,0,0,4,4,0,2022
892500,"Mord, Totschlag und T tung auf Verlangen",4012000,Bremerhaven,voll.,0,0,0,0,0,0,0,0,0,0,0,0,0,0,0,0,0,0,0,0,0,0,0,0,0,0,0,2022
892500,"Mord, Totschlag und T tung auf Verlangen",4012000,Bremerhaven,insg.,4,4,0,0,0,0,0,0,0,0,0,0,0,0,0,0,0,0,4,4,0,0,0,0,4,4,0,2022
892500,"Mord, Totschlag und T tung auf Verlangen",14511000,Chemnitz,vers.,2,1,1,0,0,0,0,0,0,0,0,0,0,0,0,0,0,0,1,0,1,1,1,0,2,1,1,2022
892500,"Mord, Totschlag und T tung auf Verlangen",14511000,Chemnitz,voll.,1,1,0,0,0,0,0,0,0,0,0,0,0,0,0,0,0,0,1,1,0,0,0,0,1,1,0,2022
892500,"Mord, Totschlag und T tung auf Verlangen",14511000,Chemnitz,insg.,3,2,1,0,0,0,0,0,0,0,0,0,0,0,0,0,0,0,2,1,1,1,1,0,3,2,1,2022
892500,"Mord, Totschlag und T tung auf Verlangen",12052000,Cottbus,vers.,2,1,1,0,0,0,0,0,0,0,0,0,0,0,0,0,0,0,2,1,1,0,0,0,2,1,1,2022
892500,"Mord, Totschlag und T tung auf Verlangen",12052000,Cottbus,voll.,0,0,0,0,0,0,0,0,0,0,0,0,0,0,0,0,0,0,0,0,0,0,0,0,0,0,0,2022
892500,"Mord, Totschlag und T tung auf Verlangen",12052000,Cottbus,insg.,2,1,1,0,0,0,0,0,0,0,0,0,0,0,0,0,0,0,2,1,1,0,0,0,2,1,1,2022
892500,"Mord, Totschlag und T tung auf Verlangen",6411000,Darmstadt,vers.,1,0,1,0,0,0,0,0,0,0,0,0,0,0,0,0,0,0,1,0,1,0,0,0,1,0,1,2022
892500,"Mord, Totschlag und T tung auf Verlangen",6411000,Darmstadt,voll.,0,0,0,0,0,0,0,0,0,0,0,0,0,0,0,0,0,0,0,0,0,0,0,0,0,0,0,2022
892500,"Mord, Totschlag und T tung auf Verlangen",6411000,Darmstadt,insg.,1,0,1,0,0,0,0,0,0,0,0,0,0,0,0,0,0,0,1,0,1,0,0,0,1,0,1,2022
892500,"Mord, Totschlag und T tung auf Verlangen",5913000,Dortmund,vers.,18,17,1,0,0,0,0,0,0,0,0,0,0,0,0,1,1,0,15,14,1,2,2,0,17,16,1,2022
892500,"Mord, Totschlag und T tung auf Verlangen",5913000,Dortmund,voll.,5,3,2,0,0,0,0,0,0,0,0,0,0,0,0,0,0,0,4,3,1,1,0,1,5,3,2,2022
892500,"Mord, Totschlag und T tung auf Verlangen",5913000,Dortmund,insg.,23,20,3,0,0,0,0,0,0,0,0,0,0,0,0,1,1,0,19,17,2,3,2,1,22,19,3,2022
892500,"Mord, Totschlag und T tung auf Verlangen",14612000,Dresden,vers.,23,19,4,0,0,0,0,0,0,0,0,0,0,0,0,2,2,0,21,17,4,0,0,0,21,17,4,2022
892500,"Mord, Totschlag und T tung auf Verlangen",14612000,Dresden,voll.,8,4,4,2,2,0,0,0,0,2,2,0,0,0,0,0,0,0,2,2,0,4,0,4,6,2,4,2022
892500,"Mord, Totschlag und T tung auf Verlangen",14612000,Dresden,insg.,31,23,8,2,2,0,0,0,0,2,2,0,0,0,0,2,2,0,23,19,4,4,0,4,27,19,8,2022
892500,"Mord, Totschlag und T tung auf Verlangen",5112000,Duisburg,vers.,13,9,4,0,0,0,0,0,0,0,0,0,0,0,0,0,0,0,13,9,4,0,0,0,13,9,4,2022
892500,"Mord, Totschlag und T tung auf Verlangen",5112000,Duisburg,voll.,3,1,2,0,0,0,0,0,0,0,0,0,0,0,0,0,0,0,3,1,2,0,0,0,3,1,2,2022
892500,"Mord, Totschlag und T tung auf Verlangen",5112000,Duisburg,insg.,16,10,6,0,0,0,0,0,0,0,0,0,0,0,0,0,0,0,16,10,6,0,0,0,16,10,6,2022
892500,"Mord, Totschlag und T tung auf Verlangen",5111000,D sseldorf,vers.,27,25,2,0,0,0,0,0,0,0,0,0,2,2,0,6,6,0,19,17,2,0,0,0,19,17,2,2022
892500,"Mord, Totschlag und T tung auf Verlangen",5111000,D sseldorf,voll.,5,2,3,0,0,0,0,0,0,0,0,0,0,0,0,0,0,0,3,2,1,2,0,2,5,2,3,2022
892500,"Mord, Totschlag und T tung auf Verlangen",5111000,D sseldorf,insg.,32,27,5,0,0,0,0,0,0,0,0,0,2,2,0,6,6,0,22,19,3,2,0,2,24,19,5,2022
892500,"Mord, Totschlag und T tung auf Verlangen",16051000,Erfurt,vers.,3,3,0,0,0,0,0,0,0,0,0,0,0,0,0,0,0,0,3,3,0,0,0,0,3,3,0,2022
892500,"Mord, Totschlag und T tung auf Verlangen",16051000,Erfurt,voll.,1,1,0,0,0,0,0,0,0,0,0,0,0,0,0,0,0,0,0,0,0,1,1,0,1,1,0,2022
892500,"Mord, Totschlag und T tung auf Verlangen",16051000,Erfurt,insg.,4,4,0,0,0,0,0,0,0,0,0,0,0,0,0,0,0,0,3,3,0,1,1,0,4,4,0,2022
892500,"Mord, Totschlag und T tung auf Verlangen",9562000,Erlangen,vers.,0,0,0,0,0,0,0,0,0,0,0,0,0,0,0,0,0,0,0,0,0,0,0,0,0,0,0,2022
892500,"Mord, Totschlag und T tung auf Verlangen",9562000,Erlangen,voll.,1,1,0,1,1,0,0,0,0,1,1,0,0,0,0,0,0,0,0,0,0,0,0,0,0,0,0,2022
892500,"Mord, Totschlag und T tung auf Verlangen",9562000,Erlangen,insg.,1,1,0,1,1,0,0,0,0,1,1,0,0,0,0,0,0,0,0,0,0,0,0,0,0,0,0,2022
892500,"Mord, Totschlag und T tung auf Verlangen",5113000,Essen,vers.,28,23,5,0,0,0,0,0,0,0,0,0,1,1,0,0,0,0,20,17,3,7,5,2,27,22,5,2022
892500,"Mord, Totschlag und T tung auf Verlangen",5113000,Essen,voll.,6,3,3,0,0,0,0,0,0,0,0,0,0,0,0,1,1,0,3,2,1,2,0,2,5,2,3,2022
892500,"Mord, Totschlag und T tung auf Verlangen",5113000,Essen,insg.,34,26,8,0,0,0,0,0,0,0,0,0,1,1,0,1,1,0,23,19,4,9,5,4,32,24,8,2022
892500,"Mord, Totschlag und T tung auf Verlangen",6412000,Frankfurt am Main,vers.,75,60,15,2,1,1,0,0,0,2,1,1,1,1,0,6,5,1,64,52,12,2,1,1,66,53,13,2022
892500,"Mord, Totschlag und T tung auf Verlangen",6412000,Frankfurt am Main,voll.,13,9,4,0,0,0,0,0,0,0,0,0,0,0,0,0,0,0,12,9,3,1,0,1,13,9,4,2022
892500,"Mord, Totschlag und T tung auf Verlangen",6412000,Frankfurt am Main,insg.,88,69,19,2,1,1,0,0,0,2,1,1,1,1,0,6,5,1,76,61,15,3,1,2,79,62,17,2022
892500,"Mord, Totschlag und T tung auf Verlangen",8311000,Freiburg im Breisgau,vers.,2,2,0,0,0,0,0,0,0,0,0,0,0,0,0,0,0,0,1,1,0,1,1,0,2,2,0,2022
892500,"Mord, Totschlag und T tung auf Verlangen",8311000,Freiburg im Breisgau,voll.,0,0,0,0,0,0,0,0,0,0,0,0,0,0,0,0,0,0,0,0,0,0,0,0,0,0,0,2022
892500,"Mord, Totschlag und T tung auf Verlangen",8311000,Freiburg im Breisgau,insg.,2,2,0,0,0,0,0,0,0,0,0,0,0,0,0,0,0,0,1,1,0,1,1,0,2,2,0,2022
892500,"Mord, Totschlag und T tung auf Verlangen",9563000,F rth,vers.,11,11,0,0,0,0,0,0,0,0,0,0,1,1,0,1,1,0,9,9,0,0,0,0,9,9,0,2022
892500,"Mord, Totschlag und T tung auf Verlangen",9563000,F rth,voll.,1,0,1,0,0,0,0,0,0,0,0,0,0,0,0,0,0,0,1,0,1,0,0,0,1,0,1,2022
892500,"Mord, Totschlag und T tung auf Verlangen",9563000,F rth,insg.,12,11,1,0,0,0,0,0,0,0,0,0,1,1,0,1,1,0,10,9,1,0,0,0,10,9,1,2022
892500,"Mord, Totschlag und T tung auf Verlangen",5513000,Gelsenkirchen,vers.,16,14,2,0,0,0,0,0,0,0,0,0,0,0,0,1,1,0,13,11,2,2,2,0,15,13,2,2022
892500,"Mord, Totschlag und T tung auf Verlangen",5513000,Gelsenkirchen,voll.,0,0,0,0,0,0,0,0,0,0,0,0,0,0,0,0,0,0,0,0,0,0,0,0,0,0,0,2022
892500,"Mord, Totschlag und T tung auf Verlangen",5513000,Gelsenkirchen,insg.,16,14,2,0,0,0,0,0,0,0,0,0,0,0,0,1,1,0,13,11,2,2,2,0,15,13,2,2022
892500,"Mord, Totschlag und T tung auf Verlangen",3159016,G ttingen,vers.,3,3,0,0,0,0,0,0,0,0,0,0,0,0,0,0,0,0,3,3,0,0,0,0,3,3,0,2022
892500,"Mord, Totschlag und T tung auf Verlangen",3159016,G ttingen,voll.,0,0,0,0,0,0,0,0,0,0,0,0,0,0,0,0,0,0,0,0,0,0,0,0,0,0,0,2022
892500,"Mord, Totschlag und T tung auf Verlangen",3159016,G ttingen,insg.,3,3,0,0,0,0,0,0,0,0,0,0,0,0,0,0,0,0,3,3,0,0,0,0,3,3,0,2022
892500,"Mord, Totschlag und T tung auf Verlangen",5754008,G tersloh,vers.,0,0,0,0,0,0,0,0,0,0,0,0,0,0,0,0,0,0,0,0,0,0,0,0,0,0,0,2022
892500,"Mord, Totschlag und T tung auf Verlangen",5754008,G tersloh,voll.,1,0,1,0,0,0,0,0,0,0,0,0,0,0,0,0,0,0,0,0,0,1,0,1,1,0,1,2022
892500,"Mord, Totschlag und T tung auf Verlangen",5754008,G tersloh,insg.,1,0,1,0,0,0,0,0,0,0,0,0,0,0,0,0,0,0,0,0,0,1,0,1,1,0,1,2022
892500,"Mord, Totschlag und T tung auf Verlangen",5914000,Hagen,vers.,7,5,2,1,0,1,0,0,0,1,0,1,0,0,0,2,2,0,4,3,1,0,0,0,4,3,1,2022
892500,"Mord, Totschlag und T tung auf Verlangen",5914000,Hagen,voll.,0,0,0,0,0,0,0,0,0,0,0,0,0,0,0,0,0,0,0,0,0,0,0,0,0,0,0,2022
892500,"Mord, Totschlag und T tung auf Verlangen",5914000,Hagen,insg.,7,5,2,1,0,1,0,0,0,1,0,1,0,0,0,2,2,0,4,3,1,0,0,0,4,3,1,2022
892500,"Mord, Totschlag und T tung auf Verlangen",15002000,Halle (Saale),vers.,8,5,3,0,0,0,0,0,0,0,0,0,3,2,1,0,0,0,5,3,2,0,0,0,5,3,2,2022
892500,"Mord, Totschlag und T tung auf Verlangen",15002000,Halle (Saale),voll.,1,0,1,0,0,0,0,0,0,0,0,0,0,0,0,0,0,0,1,0,1,0,0,0,1,0,1,2022
892500,"Mord, Totschlag und T tung auf Verlangen",15002000,Halle (Saale),insg.,9,5,4,0,0,0,0,0,0,0,0,0,3,2,1,0,0,0,6,3,3,0,0,0,6,3,3,2022
892500,"Mord, Totschlag und T tung auf Verlangen",2000000,Hamburg,vers.,24,18,6,0,0,0,2,2,0,2,2,0,0,0,0,2,1,1,18,14,4,2,1,1,20,15,5,2022
892500,"Mord, Totschlag und T tung auf Verlangen",2000000,Hamburg,voll.,11,5,6,0,0,0,0,0,0,0,0,0,0,0,0,0,0,0,6,1,5,5,4,1,11,5,6,2022
892500,"Mord, Totschlag und T tung auf Verlangen",2000000,Hamburg,insg.,35,23,12,0,0,0,2,2,0,2,2,0,0,0,0,2,1,1,24,15,9,7,5,2,31,20,11,2022
892500,"Mord, Totschlag und T tung auf Verlangen",5915000,Hamm,vers.,4,4,0,0,0,0,0,0,0,0,0,0,0,0,0,0,0,0,4,4,0,0,0,0,4,4,0,2022
892500,"Mord, Totschlag und T tung auf Verlangen",5915000,Hamm,voll.,2,0,2,0,0,0,0,0,0,0,0,0,1,0,1,0,0,0,0,0,0,1,0,1,1,0,1,2022
892500,"Mord, Totschlag und T tung auf Verlangen",5915000,Hamm,insg.,6,4,2,0,0,0,0,0,0,0,0,0,1,0,1,0,0,0,4,4,0,1,0,1,5,4,1,2022
892500,"Mord, Totschlag und T tung auf Verlangen",6435014,Hanau,vers.,3,2,1,0,0,0,0,0,0,0,0,0,0,0,0,0,0,0,2,1,1,1,1,0,3,2,1,2022
892500,"Mord, Totschlag und T tung auf Verlangen",6435014,Hanau,voll.,0,0,0,0,0,0,0,0,0,0,0,0,0,0,0,0,0,0,0,0,0,0,0,0,0,0,0,2022
892500,"Mord, Totschlag und T tung auf Verlangen",6435014,Hanau,insg.,3,2,1,0,0,0,0,0,0,0,0,0,0,0,0,0,0,0,2,1,1,1,1,0,3,2,1,2022
892500,"Mord, Totschlag und T tung auf Verlangen",3241001,Hannover,vers.,20,17,3,0,0,0,0,0,0,0,0,0,0,0,0,2,2,0,16,14,2,2,1,1,18,15,3,2022
892500,"Mord, Totschlag und T tung auf Verlangen",3241001,Hannover,voll.,6,4,2,0,0,0,0,0,0,0,0,0,0,0,0,0,0,0,6,4,2,0,0,0,6,4,2,2022
892500,"Mord, Totschlag und T tung auf Verlangen",3241001,Hannover,insg.,26,21,5,0,0,0,0,0,0,0,0,0,0,0,0,2,2,0,22,18,4,2,1,1,24,19,5,2022
892500,"Mord, Totschlag und T tung auf Verlangen",8221000,Heidelberg,vers.,10,8,2,0,0,0,0,0,0,0,0,0,1,1,0,0,0,0,6,5,1,3,2,1,9,7,2,2022
892500,"Mord, Totschlag und T tung auf Verlangen",8221000,Heidelberg,voll.,4,1,3,0,0,0,0,0,0,0,0,0,0,0,0,2,1,1,2,0,2,0,0,0,2,0,2,2022
892500,"Mord, Totschlag und T tung auf Verlangen",8221000,Heidelberg,insg.,14,9,5,0,0,0,0,0,0,0,0,0,1,1,0,2,1,1,8,5,3,3,2,1,11,7,4,2022
892500,"Mord, Totschlag und T tung auf Verlangen",8121000,Heilbronn,vers.,2,1,1,0,0,0,0,0,0,0,0,0,0,0,0,0,0,0,2,1,1,0,0,0,2,1,1,2022
892500,"Mord, Totschlag und T tung auf Verlangen",8121000,Heilbronn,voll.,1,0,1,0,0,0,0,0,0,0,0,0,0,0,0,0,0,0,0,0,0,1,0,1,1,0,1,2022
892500,"Mord, Totschlag und T tung auf Verlangen",8121000,Heilbronn,insg.,3,1,2,0,0,0,0,0,0,0,0,0,0,0,0,0,0,0,2,1,1,1,0,1,3,1,2,2022
892500,"Mord, Totschlag und T tung auf Verlangen",5916000,Herne,vers.,2,2,0,0,0,0,0,0,0,0,0,0,0,0,0,0,0,0,2,2,0,0,0,0,2,2,0,2022
892500,"Mord, Totschlag und T tung auf Verlangen",5916000,Herne,voll.,2,2,0,2,2,0,0,0,0,2,2,0,0,0,0,0,0,0,0,0,0,0,0,0,0,0,0,2022
892500,"Mord, Totschlag und T tung auf Verlangen",5916000,Herne,insg.,4,4,0,2,2,0,0,0,0,2,2,0,0,0,0,0,0,0,2,2,0,0,0,0,2,2,0,2022
892500,"Mord, Totschlag und T tung auf Verlangen",3254021,Hildesheim,vers.,11,8,3,0,0,0,0,0,0,0,0,0,0,0,0,1,0,1,10,8,2,0,0,0,10,8,2,2022
892500,"Mord, Totschlag und T tung auf Verlangen",3254021,Hildesheim,voll.,5,0,5,0,0,0,0,0,0,0,0,0,0,0,0,0,0,0,1,0,1,4,0,4,5,0,5,2022
892500,"Mord, Totschlag und T tung auf Verlangen",3254021,Hildesheim,insg.,16,8,8,0,0,0,0,0,0,0,0,0,0,0,0,1,0,1,11,8,3,4,0,4,15,8,7,2022
892500,"Mord, Totschlag und T tung auf Verlangen",9161000,Ingolstadt,vers.,5,3,2,1,0,1,0,0,0,1,0,1,0,0,0,0,0,0,4,3,1,0,0,0,4,3,1,2022
892500,"Mord, Totschlag und T tung auf Verlangen",9161000,Ingolstadt,voll.,0,0,0,0,0,0,0,0,0,0,0,0,0,0,0,0,0,0,0,0,0,0,0,0,0,0,0,2022
892500,"Mord, Totschlag und T tung auf Verlangen",9161000,Ingolstadt,insg.,5,3,2,1,0,1,0,0,0,1,0,1,0,0,0,0,0,0,4,3,1,0,0,0,4,3,1,2022
892500,"Mord, Totschlag und T tung auf Verlangen",16053000,Jena,vers.,1,1,0,0,0,0,0,0,0,0,0,0,0,0,0,0,0,0,1,1,0,0,0,0,1,1,0,2022
892500,"Mord, Totschlag und T tung auf Verlangen",16053000,Jena,voll.,1,1,0,0,0,0,0,0,0,0,0,0,0,0,0,0,0,0,1,1,0,0,0,0,1,1,0,2022
892500,"Mord, Totschlag und T tung auf Verlangen",16053000,Jena,insg.,2,2,0,0,0,0,0,0,0,0,0,0,0,0,0,0,0,0,2,2,0,0,0,0,2,2,0,2022
892500,"Mord, Totschlag und T tung auf Verlangen",7312000,Kaiserslautern,vers.,4,3,1,0,0,0,0,0,0,0,0,0,1,1,0,0,0,0,2,2,0,1,0,1,3,2,1,2022
892500,"Mord, Totschlag und T tung auf Verlangen",7312000,Kaiserslautern,voll.,2,2,0,0,0,0,0,0,0,0,0,0,0,0,0,0,0,0,1,1,0,1,1,0,2,2,0,2022
892500,"Mord, Totschlag und T tung auf Verlangen",7312000,Kaiserslautern,insg.,6,5,1,0,0,0,0,0,0,0,0,0,1,1,0,0,0,0,3,3,0,2,1,1,5,4,1,2022
892500,"Mord, Totschlag und T tung auf Verlangen",8212000,Karlsruhe,vers.,5,4,1,0,0,0,0,0,0,0,0,0,0,0,0,0,0,0,5,4,1,0,0,0,5,4,1,2022
892500,"Mord, Totschlag und T tung auf Verlangen",8212000,Karlsruhe,voll.,1,0,1,0,0,0,0,0,0,0,0,0,0,0,0,0,0,0,1,0,1,0,0,0,1,0,1,2022
892500,"Mord, Totschlag und T tung auf Verlangen",8212000,Karlsruhe,insg.,6,4,2,0,0,0,0,0,0,0,0,0,0,0,0,0,0,0,6,4,2,0,0,0,6,4,2,2022
892500,"Mord, Totschlag und T tung auf Verlangen",6611000,Kassel,vers.,7,7,0,0,0,0,0,0,0,0,0,0,0,0,0,1,1,0,5,5,0,1,1,0,6,6,0,2022
892500,"Mord, Totschlag und T tung auf Verlangen",6611000,Kassel,voll.,1,1,0,0,0,0,0,0,0,0,0,0,0,0,0,0,0,0,1,1,0,0,0,0,1,1,0,2022
892500,"Mord, Totschlag und T tung auf Verlangen",6611000,Kassel,insg.,8,8,0,0,0,0,0,0,0,0,0,0,0,0,0,1,1,0,6,6,0,1,1,0,7,7,0,2022
892500,"Mord, Totschlag und T tung auf Verlangen",1002000,Kiel,vers.,7,3,4,0,0,0,0,0,0,0,0,0,0,0,0,0,0,0,7,3,4,0,0,0,7,3,4,2022
892500,"Mord, Totschlag und T tung auf Verlangen",1002000,Kiel,voll.,1,1,0,0,0,0,0,0,0,0,0,0,0,0,0,0,0,0,1,1,0,0,0,0,1,1,0,2022
892500,"Mord, Totschlag und T tung auf Verlangen",1002000,Kiel,insg.,8,4,4,0,0,0,0,0,0,0,0,0,0,0,0,0,0,0,8,4,4,0,0,0,8,4,4,2022
892500,"Mord, Totschlag und T tung auf Verlangen",7111000,Koblenz,vers.,3,3,0,2,2,0,1,1,0,3,3,0,0,0,0,0,0,0,0,0,0,0,0,0,0,0,0,2022
892500,"Mord, Totschlag und T tung auf Verlangen",7111000,Koblenz,voll.,1,1,0,0,0,0,0,0,0,0,0,0,0,0,0,0,0,0,1,1,0,0,0,0,1,1,0,2022
892500,"Mord, Totschlag und T tung auf Verlangen",7111000,Koblenz,insg.,4,4,0,2,2,0,1,1,0,3,3,0,0,0,0,0,0,0,1,1,0,0,0,0,1,1,0,2022
892500,"Mord, Totschlag und T tung auf Verlangen",5315000,K ln,vers.,15,13,2,0,0,0,0,0,0,0,0,0,2,2,0,0,0,0,10,9,1,3,2,1,13,11,2,2022
892500,"Mord, Totschlag und T tung auf Verlangen",5315000,K ln,voll.,7,4,3,1,1,0,0,0,0,1,1,0,0,0,0,0,0,0,5,2,3,1,1,0,6,3,3,2022
892500,"Mord, Totschlag und T tung auf Verlangen",5315000,K ln,insg.,22,17,5,1,1,0,0,0,0,1,1,0,2,2,0,0,0,0,15,11,4,4,3,1,19,14,5,2022
892500,"Mord, Totschlag und T tung auf Verlangen",5114000,Krefeld,vers.,6,4,2,0,0,0,0,0,0,0,0,0,0,0,0,0,0,0,3,3,0,3,1,2,6,4,2,2022
892500,"Mord, Totschlag und T tung auf Verlangen",5114000,Krefeld,voll.,0,0,0,0,0,0,0,0,0,0,0,0,0,0,0,0,0,0,0,0,0,0,0,0,0,0,0,2022
892500,"Mord, Totschlag und T tung auf Verlangen",5114000,Krefeld,insg.,6,4,2,0,0,0,0,0,0,0,0,0,0,0,0,0,0,0,3,3,0,3,1,2,6,4,2,2022
892500,"Mord, Totschlag und T tung auf Verlangen",14713000,Leipzig,vers.,21,19,2,0,0,0,0,0,0,0,0,0,2,2,0,0,0,0,18,16,2,1,1,0,19,17,2,2022
892500,"Mord, Totschlag und T tung auf Verlangen",14713000,Leipzig,voll.,5,1,4,1,0,1,0,0,0,1,0,1,0,0,0,1,1,0,3,0,3,0,0,0,3,0,3,2022
892500,"Mord, Totschlag und T tung auf Verlangen",14713000,Leipzig,insg.,26,20,6,1,0,1,0,0,0,1,0,1,2,2,0,1,1,0,21,16,5,1,1,0,22,17,5,2022
892500,"Mord, Totschlag und T tung auf Verlangen",5316000,Leverkusen,vers.,1,0,1,0,0,0,0,0,0,0,0,0,0,0,0,0,0,0,1,0,1,0,0,0,1,0,1,2022
892500,"Mord, Totschlag und T tung auf Verlangen",5316000,Leverkusen,voll.,0,0,0,0,0,0,0,0,0,0,0,0,0,0,0,0,0,0,0,0,0,0,0,0,0,0,0,2022
892500,"Mord, Totschlag und T tung auf Verlangen",5316000,Leverkusen,insg.,1,0,1,0,0,0,0,0,0,0,0,0,0,0,0,0,0,0,1,0,1,0,0,0,1,0,1,2022
892500,"Mord, Totschlag und T tung auf Verlangen",1003000,L beck,vers.,0,0,0,0,0,0,0,0,0,0,0,0,0,0,0,0,0,0,0,0,0,0,0,0,0,0,0,2022
892500,"Mord, Totschlag und T tung auf Verlangen",1003000,L beck,voll.,1,0,1,0,0,0,0,0,0,0,0,0,0,0,0,0,0,0,1,0,1,0,0,0,1,0,1,2022
892500,"Mord, Totschlag und T tung auf Verlangen",1003000,L beck,insg.,1,0,1,0,0,0,0,0,0,0,0,0,0,0,0,0,0,0,1,0,1,0,0,0,1,0,1,2022
892500,"Mord, Totschlag und T tung auf Verlangen",7314000,Ludwigshafen am Rhein,vers.,4,3,1,0,0,0,0,0,0,0,0,0,0,0,0,1,1,0,1,1,0,2,1,1,3,2,1,2022
892500,"Mord, Totschlag und T tung auf Verlangen",7314000,Ludwigshafen am Rhein,voll.,2,1,1,0,0,0,0,0,0,0,0,0,0,0,0,0,0,0,2,1,1,0,0,0,2,1,1,2022
892500,"Mord, Totschlag und T tung auf Verlangen",7314000,Ludwigshafen am Rhein,insg.,6,4,2,0,0,0,0,0,0,0,0,0,0,0,0,1,1,0,3,2,1,2,1,1,5,3,2,2022
892500,"Mord, Totschlag und T tung auf Verlangen",15003000,Magdeburg,vers.,4,3,1,0,0,0,0,0,0,0,0,0,0,0,0,0,0,0,3,2,1,1,1,0,4,3,1,2022
892500,"Mord, Totschlag und T tung auf Verlangen",15003000,Magdeburg,voll.,2,0,2,1,0,1,0,0,0,1,0,1,0,0,0,0,0,0,0,0,0,1,0,1,1,0,1,2022
892500,"Mord, Totschlag und T tung auf Verlangen",15003000,Magdeburg,insg.,6,3,3,1,0,1,0,0,0,1,0,1,0,0,0,0,0,0,3,2,1,2,1,1,5,3,2,2022
892500,"Mord, Totschlag und T tung auf Verlangen",7315000,Mainz,vers.,7,7,0,0,0,0,0,0,0,0,0,0,0,0,0,0,0,0,7,7,0,0,0,0,7,7,0,2022
892500,"Mord, Totschlag und T tung auf Verlangen",7315000,Mainz,voll.,1,0,1,0,0,0,0,0,0,0,0,0,0,0,0,0,0,0,1,0,1,0,0,0,1,0,1,2022
892500,"Mord, Totschlag und T tung auf Verlangen",7315000,Mainz,insg.,8,7,1,0,0,0,0,0,0,0,0,0,0,0,0,0,0,0,8,7,1,0,0,0,8,7,1,2022
892500,"Mord, Totschlag und T tung auf Verlangen",8222000,Mannheim,vers.,16,15,1,1,1,0,0,0,0,1,1,0,1,1,0,2,1,1,11,11,0,1,1,0,12,12,0,2022
892500,"Mord, Totschlag und T tung auf Verlangen",8222000,Mannheim,voll.,3,2,1,0,0,0,0,0,0,0,0,0,0,0,0,0,0,0,1,1,0,2,1,1,3,2,1,2022
892500,"Mord, Totschlag und T tung auf Verlangen",8222000,Mannheim,insg.,19,17,2,1,1,0,0,0,0,1,1,0,1,1,0,2,1,1,12,12,0,3,2,1,15,14,1,2022
892500,"Mord, Totschlag und T tung auf Verlangen",5170024,Moers,vers.,5,5,0,0,0,0,3,3,0,3,3,0,0,0,0,0,0,0,2,2,0,0,0,0,2,2,0,2022
892500,"Mord, Totschlag und T tung auf Verlangen",5170024,Moers,voll.,0,0,0,0,0,0,0,0,0,0,0,0,0,0,0,0,0,0,0,0,0,0,0,0,0,0,0,2022
892500,"Mord, Totschlag und T tung auf Verlangen",5170024,Moers,insg.,5,5,0,0,0,0,3,3,0,3,3,0,0,0,0,0,0,0,2,2,0,0,0,0,2,2,0,2022
892500,"Mord, Totschlag und T tung auf Verlangen",5116000,M nchengladbach,vers.,12,7,5,0,0,0,0,0,0,0,0,0,1,0,1,1,1,0,10,6,4,0,0,0,10,6,4,2022
892500,"Mord, Totschlag und T tung auf Verlangen",5116000,M nchengladbach,voll.,3,1,2,2,1,1,0,0,0,2,1,1,0,0,0,0,0,0,0,0,0,1,0,1,1,0,1,2022
892500,"Mord, Totschlag und T tung auf Verlangen",5116000,M nchengladbach,insg.,15,8,7,2,1,1,0,0,0,2,1,1,1,0,1,1,1,0,10,6,4,1,0,1,11,6,5,2022
892500,"Mord, Totschlag und T tung auf Verlangen",5117000,M lheim an der Ruhr,vers.,1,0,1,0,0,0,0,0,0,0,0,0,0,0,0,0,0,0,0,0,0,1,0,1,1,0,1,2022
892500,"Mord, Totschlag und T tung auf Verlangen",5117000,M lheim an der Ruhr,voll.,4,1,3,0,0,0,0,0,0,0,0,0,0,0,0,0,0,0,1,0,1,3,1,2,4,1,3,2022
892500,"Mord, Totschlag und T tung auf Verlangen",5117000,M lheim an der Ruhr,insg.,5,1,4,0,0,0,0,0,0,0,0,0,0,0,0,0,0,0,1,0,1,4,1,3,5,1,4,2022
892500,"Mord, Totschlag und T tung auf Verlangen",9162000,M nchen,vers.,32,23,9,0,0,0,1,1,0,1,1,0,3,2,1,3,3,0,24,17,7,1,0,1,25,17,8,2022
892500,"Mord, Totschlag und T tung auf Verlangen",9162000,M nchen,voll.,13,9,4,2,1,1,0,0,0,2,1,1,2,1,1,2,2,0,5,5,0,2,0,2,7,5,2,2022
892500,"Mord, Totschlag und T tung auf Verlangen",9162000,M nchen,insg.,45,32,13,2,1,1,1,1,0,3,2,1,5,3,2,5,5,0,29,22,7,3,0,3,32,22,10,2022
892500,"Mord, Totschlag und T tung auf Verlangen",5515000,M nster,vers.,8,5,3,0,0,0,0,0,0,0,0,0,1,1,0,1,1,0,4,2,2,2,1,1,6,3,3,2022
892500,"Mord, Totschlag und T tung auf Verlangen",5515000,M nster,voll.,1,1,0,0,0,0,0,0,0,0,0,0,0,0,0,0,0,0,1,1,0,0,0,0,1,1,0,2022
892500,"Mord, Totschlag und T tung auf Verlangen",5515000,M nster,insg.,9,6,3,0,0,0,0,0,0,0,0,0,1,1,0,1,1,0,5,3,2,2,1,1,7,4,3,2022
892500,"Mord, Totschlag und T tung auf Verlangen",5162024,Neuss,vers.,4,3,1,0,0,0,2,1,1,2,1,1,0,0,0,0,0,0,2,2,0,0,0,0,2,2,0,2022
892500,"Mord, Totschlag und T tung auf Verlangen",5162024,Neuss,voll.,2,1,1,0,0,0,0,0,0,0,0,0,0,0,0,0,0,0,2,1,1,0,0,0,2,1,1,2022
892500,"Mord, Totschlag und T tung auf Verlangen",5162024,Neuss,insg.,6,4,2,0,0,0,2,1,1,2,1,1,0,0,0,0,0,0,4,3,1,0,0,0,4,3,1,2022
892500,"Mord, Totschlag und T tung auf Verlangen",9564000,N rnberg,vers.,25,18,7,0,0,0,2,1,1,2,1,1,2,0,2,1,1,0,17,13,4,3,3,0,20,16,4,2022
892500,"Mord, Totschlag und T tung auf Verlangen",9564000,N rnberg,voll.,2,2,0,0,0,0,0,0,0,0,0,0,0,0,0,0,0,0,2,2,0,0,0,0,2,2,0,2022
892500,"Mord, Totschlag und T tung auf Verlangen",9564000,N rnberg,insg.,27,20,7,0,0,0,2,1,1,2,1,1,2,0,2,1,1,0,19,15,4,3,3,0,22,18,4,2022
892500,"Mord, Totschlag und T tung auf Verlangen",5119000,Oberhausen,vers.,6,5,1,0,0,0,0,0,0,0,0,0,0,0,0,0,0,0,6,5,1,0,0,0,6,5,1,2022
892500,"Mord, Totschlag und T tung auf Verlangen",5119000,Oberhausen,voll.,2,1,1,0,0,0,0,0,0,0,0,0,0,0,0,0,0,0,0,0,0,2,1,1,2,1,1,2022
892500,"Mord, Totschlag und T tung auf Verlangen",5119000,Oberhausen,insg.,8,6,2,0,0,0,0,0,0,0,0,0,0,0,0,0,0,0,6,5,1,2,1,1,8,6,2,2022
892500,"Mord, Totschlag und T tung auf Verlangen",6413000,Offenbach am Main,vers.,8,5,3,1,1,0,0,0,0,1,1,0,0,0,0,0,0,0,6,4,2,1,0,1,7,4,3,2022
892500,"Mord, Totschlag und T tung auf Verlangen",6413000,Offenbach am Main,voll.,0,0,0,0,0,0,0,0,0,0,0,0,0,0,0,0,0,0,0,0,0,0,0,0,0,0,0,2022
892500,"Mord, Totschlag und T tung auf Verlangen",6413000,Offenbach am Main,insg.,8,5,3,1,1,0,0,0,0,1,1,0,0,0,0,0,0,0,6,4,2,1,0,1,7,4,3,2022
892500,"Mord, Totschlag und T tung auf Verlangen",3403000,Oldenburg (Oldenburg),vers.,6,2,4,0,0,0,0,0,0,0,0,0,0,0,0,0,0,0,6,2,4,0,0,0,6,2,4,2022
892500,"Mord, Totschlag und T tung auf Verlangen",3403000,Oldenburg (Oldenburg),voll.,0,0,0,0,0,0,0,0,0,0,0,0,0,0,0,0,0,0,0,0,0,0,0,0,0,0,0,2022
892500,"Mord, Totschlag und T tung auf Verlangen",3403000,Oldenburg (Oldenburg),insg.,6,2,4,0,0,0,0,0,0,0,0,0,0,0,0,0,0,0,6,2,4,0,0,0,6,2,4,2022
892500,"Mord, Totschlag und T tung auf Verlangen",3404000,Osnabr ck,vers.,5,5,0,0,0,0,0,0,0,0,0,0,1,1,0,0,0,0,4,4,0,0,0,0,4,4,0,2022
892500,"Mord, Totschlag und T tung auf Verlangen",3404000,Osnabr ck,voll.,2,1,1,0,0,0,0,0,0,0,0,0,0,0,0,0,0,0,2,1,1,0,0,0,2,1,1,2022
892500,"Mord, Totschlag und T tung auf Verlangen",3404000,Osnabr ck,insg.,7,6,1,0,0,0,0,0,0,0,0,0,1,1,0,0,0,0,6,5,1,0,0,0,6,5,1,2022
892500,"Mord, Totschlag und T tung auf Verlangen",5774032,Paderborn,vers.,2,2,0,0,0,0,0,0,0,0,0,0,0,0,0,0,0,0,2,2,0,0,0,0,2,2,0,2022
892500,"Mord, Totschlag und T tung auf Verlangen",5774032,Paderborn,voll.,0,0,0,0,0,0,0,0,0,0,0,0,0,0,0,0,0,0,0,0,0,0,0,0,0,0,0,2022
892500,"Mord, Totschlag und T tung auf Verlangen",5774032,Paderborn,insg.,2,2,0,0,0,0,0,0,0,0,0,0,0,0,0,0,0,0,2,2,0,0,0,0,2,2,0,2022
892500,"Mord, Totschlag und T tung auf Verlangen",8231000,Pforzheim,vers.,5,2,3,0,0,0,0,0,0,0,0,0,0,0,0,1,0,1,3,2,1,1,0,1,4,2,2,2022
892500,"Mord, Totschlag und T tung auf Verlangen",8231000,Pforzheim,voll.,1,1,0,0,0,0,0,0,0,0,0,0,0,0,0,1,1,0,0,0,0,0,0,0,0,0,0,2022
892500,"Mord, Totschlag und T tung auf Verlangen",8231000,Pforzheim,insg.,6,3,3,0,0,0,0,0,0,0,0,0,0,0,0,2,1,1,3,2,1,1,0,1,4,2,2,2022
892500,"Mord, Totschlag und T tung auf Verlangen",12054000,Potsdam,vers.,2,1,1,0,0,0,0,0,0,0,0,0,0,0,0,0,0,0,2,1,1,0,0,0,2,1,1,2022
892500,"Mord, Totschlag und T tung auf Verlangen",12054000,Potsdam,voll.,2,1,1,0,0,0,0,0,0,0,0,0,0,0,0,0,0,0,1,0,1,1,1,0,2,1,1,2022
892500,"Mord, Totschlag und T tung auf Verlangen",12054000,Potsdam,insg.,4,2,2,0,0,0,0,0,0,0,0,0,0,0,0,0,0,0,3,1,2,1,1,0,4,2,2,2022
892500,"Mord, Totschlag und T tung auf Verlangen",5562032,Recklinghausen,vers.,3,2,1,0,0,0,0,0,0,0,0,0,0,0,0,0,0,0,3,2,1,0,0,0,3,2,1,2022
892500,"Mord, Totschlag und T tung auf Verlangen",5562032,Recklinghausen,voll.,2,2,0,0,0,0,0,0,0,0,0,0,0,0,0,0,0,0,1,1,0,1,1,0,2,2,0,2022
892500,"Mord, Totschlag und T tung auf Verlangen",5562032,Recklinghausen,insg.,5,4,1,0,0,0,0,0,0,0,0,0,0,0,0,0,0,0,4,3,1,1,1,0,5,4,1,2022
892500,"Mord, Totschlag und T tung auf Verlangen",9362000,Regensburg,vers.,3,3,0,0,0,0,0,0,0,0,0,0,0,0,0,0,0,0,3,3,0,0,0,0,3,3,0,2022
892500,"Mord, Totschlag und T tung auf Verlangen",9362000,Regensburg,voll.,3,2,1,0,0,0,0,0,0,0,0,0,0,0,0,0,0,0,2,1,1,1,1,0,3,2,1,2022
892500,"Mord, Totschlag und T tung auf Verlangen",9362000,Regensburg,insg.,6,5,1,0,0,0,0,0,0,0,0,0,0,0,0,0,0,0,5,4,1,1,1,0,6,5,1,2022
892500,"Mord, Totschlag und T tung auf Verlangen",5120000,Remscheid,vers.,1,1,0,0,0,0,0,0,0,0,0,0,0,0,0,0,0,0,1,1,0,0,0,0,1,1,0,2022
892500,"Mord, Totschlag und T tung auf Verlangen",5120000,Remscheid,voll.,0,0,0,0,0,0,0,0,0,0,0,0,0,0,0,0,0,0,0,0,0,0,0,0,0,0,0,2022
892500,"Mord, Totschlag und T tung auf Verlangen",5120000,Remscheid,insg.,1,1,0,0,0,0,0,0,0,0,0,0,0,0,0,0,0,0,1,1,0,0,0,0,1,1,0,2022
892500,"Mord, Totschlag und T tung auf Verlangen",8415061,Reutlingen,vers.,5,4,1,0,0,0,0,0,0,0,0,0,1,0,1,1,1,0,2,2,0,1,1,0,3,3,0,2022
892500,"Mord, Totschlag und T tung auf Verlangen",8415061,Reutlingen,voll.,1,0,1,0,0,0,0,0,0,0,0,0,0,0,0,0,0,0,0,0,0,1,0,1,1,0,1,2022
892500,"Mord, Totschlag und T tung auf Verlangen",8415061,Reutlingen,insg.,6,4,2,0,0,0,0,0,0,0,0,0,1,0,1,1,1,0,2,2,0,2,1,1,4,3,1,2022
892500,"Mord, Totschlag und T tung auf Verlangen",13003000,"Rostock, Hanse- und Universit tsstadt",vers.,8,4,4,0,0,0,0,0,0,0,0,0,0,0,0,0,0,0,4,3,1,4,1,3,8,4,4,2022
892500,"Mord, Totschlag und T tung auf Verlangen",13003000,"Rostock, Hanse- und Universit tsstadt",voll.,0,0,0,0,0,0,0,0,0,0,0,0,0,0,0,0,0,0,0,0,0,0,0,0,0,0,0,2022
892500,"Mord, Totschlag und T tung auf Verlangen",13003000,"Rostock, Hanse- und Universit tsstadt",insg.,8,4,4,0,0,0,0,0,0,0,0,0,0,0,0,0,0,0,4,3,1,4,1,3,8,4,4,2022
892500,"Mord, Totschlag und T tung auf Verlangen",10041100,Saarbr cken,vers.,8,7,1,1,0,1,0,0,0,1,0,1,0,0,0,0,0,0,5,5,0,2,2,0,7,7,0,2022
892500,"Mord, Totschlag und T tung auf Verlangen",10041100,Saarbr cken,voll.,2,1,1,1,0,1,0,0,0,1,0,1,0,0,0,0,0,0,1,1,0,0,0,0,1,1,0,2022
892500,"Mord, Totschlag und T tung auf Verlangen",10041100,Saarbr cken,insg.,10,8,2,2,0,2,0,0,0,2,0,2,0,0,0,0,0,0,6,6,0,2,2,0,8,8,0,2022
892500,"Mord, Totschlag und T tung auf Verlangen",3102000,Salzgitter,vers.,3,3,0,0,0,0,0,0,0,0,0,0,0,0,0,0,0,0,3,3,0,0,0,0,3,3,0,2022
892500,"Mord, Totschlag und T tung auf Verlangen",3102000,Salzgitter,voll.,1,1,0,0,0,0,0,0,0,0,0,0,0,0,0,0,0,0,1,1,0,0,0,0,1,1,0,2022
892500,"Mord, Totschlag und T tung auf Verlangen",3102000,Salzgitter,insg.,4,4,0,0,0,0,0,0,0,0,0,0,0,0,0,0,0,0,4,4,0,0,0,0,4,4,0,2022
892500,"Mord, Totschlag und T tung auf Verlangen",13004000,Schwerin,vers.,4,3,1,0,0,0,0,0,0,0,0,0,1,1,0,0,0,0,2,2,0,1,0,1,3,2,1,2022
892500,"Mord, Totschlag und T tung auf Verlangen",13004000,Schwerin,voll.,0,0,0,0,0,0,0,0,0,0,0,0,0,0,0,0,0,0,0,0,0,0,0,0,0,0,0,2022
892500,"Mord, Totschlag und T tung auf Verlangen",13004000,Schwerin,insg.,4,3,1,0,0,0,0,0,0,0,0,0,1,1,0,0,0,0,2,2,0,1,0,1,3,2,1,2022
892500,"Mord, Totschlag und T tung auf Verlangen",5970040,Siegen,vers.,4,2,2,0,0,0,0,0,0,0,0,0,0,0,0,0,0,0,4,2,2,0,0,0,4,2,2,2022
892500,"Mord, Totschlag und T tung auf Verlangen",5970040,Siegen,voll.,0,0,0,0,0,0,0,0,0,0,0,0,0,0,0,0,0,0,0,0,0,0,0,0,0,0,0,2022
892500,"Mord, Totschlag und T tung auf Verlangen",5970040,Siegen,insg.,4,2,2,0,0,0,0,0,0,0,0,0,0,0,0,0,0,0,4,2,2,0,0,0,4,2,2,2022
892500,"Mord, Totschlag und T tung auf Verlangen",5122000,Solingen,vers.,3,2,1,0,0,0,0,0,0,0,0,0,0,0,0,0,0,0,2,1,1,1,1,0,3,2,1,2022
892500,"Mord, Totschlag und T tung auf Verlangen",5122000,Solingen,voll.,0,0,0,0,0,0,0,0,0,0,0,0,0,0,0,0,0,0,0,0,0,0,0,0,0,0,0,2022
892500,"Mord, Totschlag und T tung auf Verlangen",5122000,Solingen,insg.,3,2,1,0,0,0,0,0,0,0,0,0,0,0,0,0,0,0,2,1,1,1,1,0,3,2,1,2022
892500,"Mord, Totschlag und T tung auf Verlangen",8111000,Stuttgart,vers.,32,31,1,0,0,0,0,0,0,0,0,0,6,6,0,5,5,0,19,19,0,2,1,1,21,20,1,2022
892500,"Mord, Totschlag und T tung auf Verlangen",8111000,Stuttgart,voll.,6,4,2,0,0,0,0,0,0,0,0,0,0,0,0,0,0,0,5,4,1,1,0,1,6,4,2,2022
892500,"Mord, Totschlag und T tung auf Verlangen",8111000,Stuttgart,insg.,38,35,3,0,0,0,0,0,0,0,0,0,6,6,0,5,5,0,24,23,1,3,1,2,27,24,3,2022
892500,"Mord, Totschlag und T tung auf Verlangen",7211000,Trier,vers.,2,2,0,0,0,0,0,0,0,0,0,0,0,0,0,0,0,0,2,2,0,0,0,0,2,2,0,2022
892500,"Mord, Totschlag und T tung auf Verlangen",7211000,Trier,voll.,27,11,16,1,0,1,0,0,0,1,0,1,0,0,0,1,0,1,18,6,12,7,5,2,25,11,14,2022
892500,"Mord, Totschlag und T tung auf Verlangen",7211000,Trier,insg.,29,13,16,1,0,1,0,0,0,1,0,1,0,0,0,1,0,1,20,8,12,7,5,2,27,13,14,2022
892500,"Mord, Totschlag und T tung auf Verlangen",8421000,Ulm,vers.,10,8,2,0,0,0,0,0,0,0,0,0,0,0,0,0,0,0,10,8,2,0,0,0,10,8,2,2022
892500,"Mord, Totschlag und T tung auf Verlangen",8421000,Ulm,voll.,0,0,0,0,0,0,0,0,0,0,0,0,0,0,0,0,0,0,0,0,0,0,0,0,0,0,0,2022
892500,"Mord, Totschlag und T tung auf Verlangen",8421000,Ulm,insg.,10,8,2,0,0,0,0,0,0,0,0,0,0,0,0,0,0,0,10,8,2,0,0,0,10,8,2,2022
892500,"Mord, Totschlag und T tung auf Verlangen",6414000,Wiesbaden,vers.,11,9,2,0,0,0,0,0,0,0,0,0,0,0,0,2,2,0,8,7,1,1,0,1,9,7,2,2022
892500,"Mord, Totschlag und T tung auf Verlangen",6414000,Wiesbaden,voll.,2,2,0,0,0,0,0,0,0,0,0,0,0,0,0,0,0,0,1,1,0,1,1,0,2,2,0,2022
892500,"Mord, Totschlag und T tung auf Verlangen",6414000,Wiesbaden,insg.,13,11,2,0,0,0,0,0,0,0,0,0,0,0,0,2,2,0,9,8,1,2,1,1,11,9,2,2022
892500,"Mord, Totschlag und T tung auf Verlangen",3103000,Wolfsburg,vers.,2,2,0,0,0,0,0,0,0,0,0,0,0,0,0,0,0,0,2,2,0,0,0,0,2,2,0,2022
892500,"Mord, Totschlag und T tung auf Verlangen",3103000,Wolfsburg,voll.,1,1,0,0,0,0,0,0,0,0,0,0,0,0,0,0,0,0,1,1,0,0,0,0,1,1,0,2022
892500,"Mord, Totschlag und T tung auf Verlangen",3103000,Wolfsburg,insg.,3,3,0,0,0,0,0,0,0,0,0,0,0,0,0,0,0,0,3,3,0,0,0,0,3,3,0,2022
892500,"Mord, Totschlag und T tung auf Verlangen",5124000,Wuppertal,vers.,10,8,2,0,0,0,0,0,0,0,0,0,1,1,0,0,0,0,9,7,2,0,0,0,9,7,2,2022
892500,"Mord, Totschlag und T tung auf Verlangen",5124000,Wuppertal,voll.,2,1,1,0,0,0,0,0,0,0,0,0,0,0,0,0,0,0,1,0,1,1,1,0,2,1,1,2022
892500,"Mord, Totschlag und T tung auf Verlangen",5124000,Wuppertal,insg.,12,9,3,0,0,0,0,0,0,0,0,0,1,1,0,0,0,0,10,7,3,1,1,0,11,8,3,2022
892500,"Mord, Totschlag und T tung auf Verlangen",9663000,W rzburg,vers.,3,1,2,0,0,0,0,0,0,0,0,0,0,0,0,2,1,1,1,0,1,0,0,0,1,0,1,2022
892500,"Mord, Totschlag und T tung auf Verlangen",9663000,W rzburg,voll.,2,1,1,0,0,0,0,0,0,0,0,0,0,0,0,0,0,0,1,1,0,1,0,1,2,1,1,2022
892500,"Mord, Totschlag und T tung auf Verlangen",9663000,W rzburg,insg.,5,2,3,0,0,0,0,0,0,0,0,0,0,0,0,2,1,1,2,1,1,1,0,1,3,1,2,2022
------,Straftaten insgesamt,5334002,Aachen,vers.,436,278,158,3,1,2,6,2,4,9,3,6,29,21,8,23,14,9,334,215,119,41,25,16,375,240,135,2023
------,Straftaten insgesamt,5334002,Aachen,voll.,4595,2777,1818,30,17,13,203,119,84,233,136,97,297,167,130,347,193,154,3378,2063,1315,340,218,122,3718,2281,1437,2023
------,Straftaten insgesamt,5334002,Aachen,insg.,5031,3055,1976,33,18,15,209,121,88,242,139,103,326,188,138,370,207,163,3712,2278,1434,381,243,138,4093,2521,1572,2023
------,Straftaten insgesamt,9761000,Augsburg,vers.,561,364,197,3,3,0,29,19,10,32,22,10,40,26,14,41,31,10,402,263,139,46,22,24,448,285,163,2023
------,Straftaten insgesamt,9761000,Augsburg,voll.,5654,3480,2174,52,32,20,399,252,147,451,284,167,458,254,204,430,239,191,3979,2518,1461,336,185,151,4315,2703,1612,2023
------,Straftaten insgesamt,9761000,Augsburg,insg.,6215,3844,2371,55,35,20,428,271,157,483,306,177,498,280,218,471,270,201,4381,2781,1600,382,207,175,4763,2988,1775,2023
------,Straftaten insgesamt,5378004,Bergisch Gladbach,vers.,174,101,73,2,1,1,13,9,4,15,10,5,19,16,3,8,6,2,112,56,56,20,13,7,132,69,63,2023
------,Straftaten insgesamt,5378004,Bergisch Gladbach,voll.,1496,850,646,20,13,7,83,44,39,103,57,46,171,108,63,91,54,37,990,551,439,141,80,61,1131,631,500,2023
------,Straftaten insgesamt,5378004,Bergisch Gladbach,insg.,1670,951,719,22,14,8,96,53,43,118,67,51,190,124,66,99,60,39,1102,607,495,161,93,68,1263,700,563,2023
------,Straftaten insgesamt,11000000,Berlin,vers.,8399,5824,2575,70,45,25,487,358,129,557,403,154,633,460,173,449,281,168,6163,4307,1856,597,373,224,6760,4680,2080,2023
------,Straftaten insgesamt,11000000,Berlin,voll.,98272,61231,37041,889,492,397,6124,3623,2501,7013,4115,2898,6972,4159,2813,5037,2855,2182,72764,46340,26424,6486,3762,2724,79250,50102,29148,2023
------,Straftaten insgesamt,11000000,Berlin,insg.,106671,67055,39616,959,537,422,6611,3981,2630,7570,4518,3052,7605,4619,2986,5486,3136,2350,78927,50647,28280,7083,4135,2948,86010,54782,31228,2023
------,Straftaten insgesamt,5711000,Bielefeld,vers.,456,320,136,4,3,1,27,16,11,31,19,12,26,16,10,21,16,5,314,217,97,64,52,12,378,269,109,2023
------,Straftaten insgesamt,5711000,Bielefeld,voll.,4959,2769,2190,38,17,21,247,131,116,285,148,137,445,232,213,414,226,188,3486,1987,1499,329,176,153,3815,2163,1652,2023
------,Straftaten insgesamt,5711000,Bielefeld,insg.,5415,3089,2326,42,20,22,274,147,127,316,167,149,471,248,223,435,242,193,3800,2204,1596,393,228,165,4193,2432,1761,2023
------,Straftaten insgesamt,5911000,Bochum,vers.,572,350,222,7,4,3,70,21,49,77,25,52,55,45,10,34,24,10,347,219,128,59,37,22,406,256,150,2023
------,Straftaten insgesamt,5911000,Bochum,voll.,6365,3725,2640,44,25,19,423,232,191,467,257,210,584,372,212,427,226,201,4449,2626,1823,438,244,194,4887,2870,2017,2023
------,Straftaten insgesamt,5911000,Bochum,insg.,6937,4075,2862,51,29,22,493,253,240,544,282,262,639,417,222,461,250,211,4796,2845,1951,497,281,216,5293,3126,2167,2023
------,Straftaten insgesamt,5314000,Bonn,vers.,712,440,272,10,7,3,24,12,12,34,19,15,52,30,22,45,32,13,512,321,191,69,38,31,581,359,222,2023
------,Straftaten insgesamt,5314000,Bonn,voll.,7336,4390,2946,63,31,32,668,434,234,731,465,266,739,456,283,451,251,200,4916,2938,1978,499,280,219,5415,3218,2197,2023
------,Straftaten insgesamt,5314000,Bonn,insg.,8048,4830,3218,73,38,35,692,446,246,765,484,281,791,486,305,496,283,213,5428,3259,2169,568,318,250,5996,3577,2419,2023
------,Straftaten insgesamt,5512000,Bottrop,vers.,110,67,43,2,2,0,13,10,3,15,12,3,15,10,5,8,6,2,65,38,27,7,1,6,72,39,33,2023
------,Straftaten insgesamt,5512000,Bottrop,voll.,1548,846,702,11,3,8,161,99,62,172,102,70,165,93,72,99,45,54,980,533,447,132,73,59,1112,606,506,2023
------,Straftaten insgesamt,5512000,Bottrop,insg.,1658,913,745,13,5,8,174,109,65,187,114,73,180,103,77,107,51,56,1045,571,474,139,74,65,1184,645,539,2023
------,Straftaten insgesamt,3101000,Braunschweig,vers.,268,183,85,2,2,0,15,10,5,17,12,5,15,7,8,26,19,7,192,132,60,18,13,5,210,145,65,2023
------,Straftaten insgesamt,3101000,Braunschweig,voll.,5028,3031,1997,33,14,19,275,145,130,308,159,149,419,247,172,399,213,186,3604,2246,1358,298,166,132,3902,2412,1490,2023
------,Straftaten insgesamt,3101000,Braunschweig,insg.,5296,3214,2082,35,16,19,290,155,135,325,171,154,434,254,180,425,232,193,3796,2378,1418,316,179,137,4112,2557,1555,2023
------,Straftaten insgesamt,4011000,Bremen,vers.,1015,669,346,7,1,6,30,18,12,37,19,18,83,70,13,71,51,20,729,480,249,95,49,46,824,529,295,2023
------,Straftaten insgesamt,4011000,Bremen,voll.,14364,8907,5457,101,59,42,518,304,214,619,363,256,1049,653,396,1124,649,475,10584,6664,3920,988,578,410,11572,7242,4330,2023
------,Straftaten insgesamt,4011000,Bremen,insg.,15379,9576,5803,108,60,48,548,322,226,656,382,274,1132,723,409,1195,700,495,11313,7144,4169,1083,627,456,12396,7771,4625,2023
------,Straftaten insgesamt,4012000,Bremerhaven,vers.,143,92,51,1,1,0,5,4,1,6,5,1,19,15,4,9,5,4,97,61,36,12,6,6,109,67,42,2023
------,Straftaten insgesamt,4012000,Bremerhaven,voll.,3698,2123,1575,42,24,18,252,146,106,294,170,124,274,161,113,264,124,140,2674,1553,1121,192,115,77,2866,1668,1198,2023
------,Straftaten insgesamt,4012000,Bremerhaven,insg.,3841,2215,1626,43,25,18,257,150,107,300,175,125,293,176,117,273,129,144,2771,1614,1157,204,121,83,2975,1735,1240,2023
------,Straftaten insgesamt,14511000,Chemnitz,vers.,258,186,72,0,0,0,21,15,6,21,15,6,26,19,7,22,13,9,171,125,46,18,14,4,189,139,50,2023
------,Straftaten insgesamt,14511000,Chemnitz,voll.,4002,2465,1537,51,23,28,286,159,127,337,182,155,371,190,181,353,204,149,2693,1752,941,248,137,111,2941,1889,1052,2023
------,Straftaten insgesamt,14511000,Chemnitz,insg.,4260,2651,1609,51,23,28,307,174,133,358,197,161,397,209,188,375,217,158,2864,1877,987,266,151,115,3130,2028,1102,2023
------,Straftaten insgesamt,6411000,Darmstadt,vers.,131,85,46,0,0,0,2,2,0,2,2,0,10,7,3,5,5,0,107,67,40,7,4,3,114,71,43,2023
------,Straftaten insgesamt,6411000,Darmstadt,voll.,2289,1347,942,13,6,7,137,77,60,150,83,67,191,107,84,141,68,73,1689,1025,664,118,64,54,1807,1089,718,2023
------,Straftaten insgesamt,6411000,Darmstadt,insg.,2420,1432,988,13,6,7,139,79,60,152,85,67,201,114,87,146,73,73,1796,1092,704,125,68,57,1921,1160,761,2023
------,Straftaten insgesamt,5913000,Dortmund,vers.,1278,903,375,13,8,5,54,28,26,67,36,31,86,55,31,85,66,19,923,662,261,117,84,33,1040,746,294,2023
------,Straftaten insgesamt,5913000,Dortmund,voll.,13385,7928,5457,105,54,51,826,466,360,931,520,411,1135,614,521,987,549,438,9548,5802,3746,784,443,341,10332,6245,4087,2023
------,Straftaten insgesamt,5913000,Dortmund,insg.,14663,8831,5832,118,62,56,880,494,386,998,556,442,1221,669,552,1072,615,457,10471,6464,4007,901,527,374,11372,6991,4381,2023
------,Straftaten insgesamt,14612000,Dresden,vers.,544,376,168,13,6,7,33,25,8,46,31,15,52,38,14,44,26,18,345,246,99,57,35,22,402,281,121,2023
------,Straftaten insgesamt,14612000,Dresden,voll.,8439,5282,3157,106,50,56,609,346,263,715,396,319,843,540,303,571,352,219,5818,3717,2101,492,277,215,6310,3994,2316,2023
------,Straftaten insgesamt,14612000,Dresden,insg.,8983,5658,3325,119,56,63,642,371,271,761,427,334,895,578,317,615,378,237,6163,3963,2200,549,312,237,6712,4275,2437,2023
------,Straftaten insgesamt,5112000,Duisburg,vers.,713,457,256,8,4,4,67,44,23,75,48,27,62,44,18,51,33,18,452,285,167,73,47,26,525,332,193,2023
------,Straftaten insgesamt,5112000,Duisburg,voll.,9172,5033,4139,101,59,42,814,465,349,915,524,391,812,449,363,576,312,264,6220,3361,2859,649,387,262,6869,3748,3121,2023
------,Straftaten insgesamt,5112000,Duisburg,insg.,9885,5490,4395,109,63,46,881,509,372,990,572,418,874,493,381,627,345,282,6672,3646,3026,722,434,288,7394,4080,3314,2023
------,Straftaten insgesamt,5111000,D sseldorf,vers.,1075,715,360,12,5,7,89,48,41,101,53,48,82,58,24,74,46,28,732,506,226,86,52,34,818,558,260,2023
------,Straftaten insgesamt,5111000,D sseldorf,voll.,12411,7770,4641,107,58,49,563,303,260,670,361,309,897,536,361,860,501,359,9169,5885,3284,815,487,328,9984,6372,3612,2023
------,Straftaten insgesamt,5111000,D sseldorf,insg.,13486,8485,5001,119,63,56,652,351,301,771,414,357,979,594,385,934,547,387,9901,6391,3510,901,539,362,10802,6930,3872,2023
------,Straftaten insgesamt,16051000,Erfurt,vers.,418,280,138,7,7,0,30,15,15,37,22,15,46,36,10,38,26,12,270,181,89,27,15,12,297,196,101,2023
------,Straftaten insgesamt,16051000,Erfurt,voll.,4739,3010,1729,66,38,28,343,178,165,409,216,193,376,228,148,404,270,134,3319,2155,1164,231,141,90,3550,2296,1254,2023
------,Straftaten insgesamt,16051000,Erfurt,insg.,5157,3290,1867,73,45,28,373,193,180,446,238,208,422,264,158,442,296,146,3589,2336,1253,258,156,102,3847,2492,1355,2023
------,Straftaten insgesamt,9562000,Erlangen,vers.,84,46,38,0,0,0,1,0,1,1,0,1,6,1,5,12,4,8,60,38,22,5,3,2,65,41,24,2023
------,Straftaten insgesamt,9562000,Erlangen,voll.,1200,687,513,16,6,10,82,39,43,98,45,53,89,46,43,96,53,43,831,495,336,86,48,38,917,543,374,2023
------,Straftaten insgesamt,9562000,Erlangen,insg.,1284,733,551,16,6,10,83,39,44,99,45,54,95,47,48,108,57,51,891,533,358,91,51,40,982,584,398,2023
------,Straftaten insgesamt,5113000,Essen,vers.,849,540,309,19,7,12,57,42,15,76,49,27,86,58,28,61,38,23,544,345,199,82,50,32,626,395,231,2023
------,Straftaten insgesamt,5113000,Essen,voll.,10088,5669,4419,124,72,52,775,414,361,899,486,413,938,509,429,658,313,345,6939,4004,2935,654,357,297,7593,4361,3232,2023
------,Straftaten insgesamt,5113000,Essen,insg.,10937,6209,4728,143,79,64,832,456,376,975,535,440,1024,567,457,719,351,368,7483,4349,3134,736,407,329,8219,4756,3463,2023
------,Straftaten insgesamt,6412000,Frankfurt am Main,vers.,949,687,262,6,4,2,41,25,16,47,29,18,62,43,19,52,35,17,728,545,183,60,35,25,788,580,208,2023
------,Straftaten insgesamt,6412000,Frankfurt am Main,voll.,15810,10163,5647,117,69,48,584,342,242,701,411,290,775,451,324,1004,587,417,12384,8115,4269,946,599,347,13330,8714,4616,2023
------,Straftaten insgesamt,6412000,Frankfurt am Main,insg.,16759,10850,5909,123,73,50,625,367,258,748,440,308,837,494,343,1056,622,434,13112,8660,4452,1006,634,372,14118,9294,4824,2023
------,Straftaten insgesamt,8311000,Freiburg im Breisgau,vers.,349,247,102,1,1,0,10,7,3,11,8,3,22,16,6,30,25,5,259,183,76,27,15,12,286,198,88,2023
------,Straftaten insgesamt,8311000,Freiburg im Breisgau,voll.,4427,2939,1488,37,19,18,172,82,90,209,101,108,236,148,88,344,210,134,3388,2330,1058,250,150,100,3638,2480,1158,2023
------,Straftaten insgesamt,8311000,Freiburg im Breisgau,insg.,4776,3186,1590,38,20,18,182,89,93,220,109,111,258,164,94,374,235,139,3647,2513,1134,277,165,112,3924,2678,1246,2023
------,Straftaten insgesamt,9563000,F rth,vers.,94,55,39,1,0,1,4,4,0,5,4,1,7,3,4,7,4,3,69,39,30,6,5,1,75,44,31,2023
------,Straftaten insgesamt,9563000,F rth,voll.,1281,717,564,19,12,7,88,52,36,107,64,43,138,81,57,82,46,36,876,484,392,78,42,36,954,526,428,2023
------,Straftaten insgesamt,9563000,F rth,insg.,1375,772,603,20,12,8,92,56,36,112,68,44,145,84,61,89,50,39,945,523,422,84,47,37,1029,570,459,2023
------,Straftaten insgesamt,5513000,Gelsenkirchen,vers.,477,337,140,5,3,2,71,61,10,76,64,12,63,48,15,21,11,10,280,184,96,37,30,7,317,214,103,2023
------,Straftaten insgesamt,5513000,Gelsenkirchen,voll.,6101,3367,2734,68,32,36,607,376,231,675,408,267,630,352,278,404,192,212,4070,2228,1842,322,187,135,4392,2415,1977,2023
------,Straftaten insgesamt,5513000,Gelsenkirchen,insg.,6578,3704,2874,73,35,38,678,437,241,751,472,279,693,400,293,425,203,222,4350,2412,1938,359,217,142,4709,2629,2080,2023
------,Straftaten insgesamt,3159016,G ttingen,vers.,214,139,75,2,1,1,9,5,4,11,6,5,8,3,5,6,4,2,168,117,51,21,9,12,189,126,63,2023
------,Straftaten insgesamt,3159016,G ttingen,voll.,2565,1572,993,19,11,8,98,59,39,117,70,47,156,82,74,185,75,110,1937,1237,700,170,108,62,2107,1345,762,2023
------,Straftaten insgesamt,3159016,G ttingen,insg.,2779,1711,1068,21,12,9,107,64,43,128,76,52,164,85,79,191,79,112,2105,1354,751,191,117,74,2296,1471,825,2023
------,Straftaten insgesamt,5754008,G tersloh,vers.,145,80,65,3,1,2,11,7,4,14,8,6,11,4,7,4,2,2,102,59,43,14,7,7,116,66,50,2023
------,Straftaten insgesamt,5754008,G tersloh,voll.,1466,848,618,13,6,7,78,39,39,91,45,46,98,62,36,99,64,35,1086,614,472,92,63,29,1178,677,501,2023
------,Straftaten insgesamt,5754008,G tersloh,insg.,1611,928,683,16,7,9,89,46,43,105,53,52,109,66,43,103,66,37,1188,673,515,106,70,36,1294,743,551,2023
------,Straftaten insgesamt,5914000,Hagen,vers.,324,190,134,6,3,3,25,12,13,31,15,16,26,18,8,32,23,9,214,122,92,21,12,9,235,134,101,2023
------,Straftaten insgesamt,5914000,Hagen,voll.,3920,2246,1674,33,20,13,326,173,153,359,193,166,353,203,150,259,147,112,2737,1558,1179,212,145,67,2949,1703,1246,2023
------,Straftaten insgesamt,5914000,Hagen,insg.,4244,2436,1808,39,23,16,351,185,166,390,208,182,379,221,158,291,170,121,2951,1680,1271,233,157,76,3184,1837,1347,2023
------,Straftaten insgesamt,15002000,Halle (Saale),vers.,532,373,159,4,2,2,38,25,13,42,27,15,56,44,12,40,27,13,363,253,110,31,22,9,394,275,119,2023
------,Straftaten insgesamt,15002000,Halle (Saale),voll.,6157,3801,2356,65,35,30,539,317,222,604,352,252,665,400,265,458,295,163,4124,2570,1554,306,184,122,4430,2754,1676,2023
------,Straftaten insgesamt,15002000,Halle (Saale),insg.,6689,4174,2515,69,37,32,577,342,235,646,379,267,721,444,277,498,322,176,4487,2823,1664,337,206,131,4824,3029,1795,2023
------,Straftaten insgesamt,2000000,Hamburg,vers.,2110,1474,636,13,8,5,128,90,38,141,98,43,137,99,38,118,86,32,1575,1109,466,139,82,57,1714,1191,523,2023
------,Straftaten insgesamt,2000000,Hamburg,voll.,38172,23768,14404,234,128,106,2072,1308,764,2306,1436,870,2625,1529,1096,2324,1362,962,28604,18074,10530,2313,1367,946,30917,19441,11476,2023
------,Straftaten insgesamt,2000000,Hamburg,insg.,40282,25242,15040,247,136,111,2200,1398,802,2447,1534,913,2762,1628,1134,2442,1448,994,30179,19183,10996,2452,1449,1003,32631,20632,11999,2023
------,Straftaten insgesamt,5915000,Hamm,vers.,327,221,106,1,1,0,24,18,6,25,19,6,29,23,6,31,21,10,216,142,74,26,16,10,242,158,84,2023
------,Straftaten insgesamt,5915000,Hamm,voll.,3410,2009,1401,25,10,15,226,144,82,251,154,97,352,206,146,241,124,117,2372,1404,968,194,121,73,2566,1525,1041,2023
------,Straftaten insgesamt,5915000,Hamm,insg.,3737,2230,1507,26,11,15,250,162,88,276,173,103,381,229,152,272,145,127,2588,1546,1042,220,137,83,2808,1683,1125,2023
------,Straftaten insgesamt,6435014,Hanau,vers.,57,36,21,0,0,0,4,2,2,4,2,2,1,0,1,3,3,0,39,23,16,10,8,2,49,31,18,2023
------,Straftaten insgesamt,6435014,Hanau,voll.,1223,596,627,12,3,9,68,40,28,80,43,37,72,35,37,73,35,38,912,434,478,86,49,37,998,483,515,2023
------,Straftaten insgesamt,6435014,Hanau,insg.,1280,632,648,12,3,9,72,42,30,84,45,39,73,35,38,76,38,38,951,457,494,96,57,39,1047,514,533,2023
------,Straftaten insgesamt,3241001,Hannover,vers.,1083,752,331,7,3,4,54,36,18,61,39,22,81,54,27,66,40,26,804,575,229,71,44,27,875,619,256,2023
------,Straftaten insgesamt,3241001,Hannover,voll.,15431,9852,5579,117,60,57,803,488,315,920,548,372,1201,691,510,999,584,415,11438,7492,3946,873,537,336,12311,8029,4282,2023
------,Straftaten insgesamt,3241001,Hannover,insg.,16514,10604,5910,124,63,61,857,524,333,981,587,394,1282,745,537,1065,624,441,12242,8067,4175,944,581,363,13186,8648,4538,2023
------,Straftaten insgesamt,8221000,Heidelberg,vers.,150,118,32,0,0,0,4,1,3,4,1,3,11,7,4,11,8,3,116,96,20,8,6,2,124,102,22,2023
------,Straftaten insgesamt,8221000,Heidelberg,voll.,2757,1872,885,11,4,7,63,40,23,74,44,30,182,98,84,240,170,70,2103,1454,649,158,106,52,2261,1560,701,2023
------,Straftaten insgesamt,8221000,Heidelberg,insg.,2907,1990,917,11,4,7,67,41,26,78,45,33,193,105,88,251,178,73,2219,1550,669,166,112,54,2385,1662,723,2023
------,Straftaten insgesamt,8121000,Heilbronn,vers.,92,60,32,1,0,1,2,2,0,3,2,1,5,3,2,8,8,0,68,43,25,8,4,4,76,47,29,2023
------,Straftaten insgesamt,8121000,Heilbronn,voll.,2474,1429,1045,12,10,2,135,68,67,147,78,69,151,76,75,183,86,97,1862,1107,755,131,82,49,1993,1189,804,2023
------,Straftaten insgesamt,8121000,Heilbronn,insg.,2566,1489,1077,13,10,3,137,70,67,150,80,70,156,79,77,191,94,97,1930,1150,780,139,86,53,2069,1236,833,2023
------,Straftaten insgesamt,5916000,Herne,vers.,292,135,157,2,1,1,73,12,61,75,13,62,22,12,10,13,10,3,167,92,75,15,8,7,182,100,82,2023
------,Straftaten insgesamt,5916000,Herne,voll.,3121,1712,1409,22,12,10,275,124,151,297,136,161,300,169,131,218,118,100,2115,1185,930,191,104,87,2306,1289,1017,2023
------,Straftaten insgesamt,5916000,Herne,insg.,3413,1847,1566,24,13,11,348,136,212,372,149,223,322,181,141,231,128,103,2282,1277,1005,206,112,94,2488,1389,1099,2023
------,Straftaten insgesamt,3254021,Hildesheim,vers.,151,103,48,0,0,0,8,5,3,8,5,3,22,17,5,8,6,2,104,67,37,9,8,1,113,75,38,2023
------,Straftaten insgesamt,3254021,Hildesheim,voll.,2036,1147,889,23,9,14,151,93,58,174,102,72,214,102,112,134,66,68,1392,797,595,122,80,42,1514,877,637,2023
------,Straftaten insgesamt,3254021,Hildesheim,insg.,2187,1250,937,23,9,14,159,98,61,182,107,75,236,119,117,142,72,70,1496,864,632,131,88,43,1627,952,675,2023
------,Straftaten insgesamt,9161000,Ingolstadt,vers.,265,191,74,2,1,1,13,11,2,15,12,3,27,21,6,16,11,5,189,134,55,18,13,5,207,147,60,2023
------,Straftaten insgesamt,9161000,Ingolstadt,voll.,2299,1447,852,23,17,6,117,78,39,140,95,45,220,133,87,198,122,76,1607,1011,596,134,86,48,1741,1097,644,2023
------,Straftaten insgesamt,9161000,Ingolstadt,insg.,2564,1638,926,25,18,7,130,89,41,155,107,48,247,154,93,214,133,81,1796,1145,651,152,99,53,1948,1244,704,2023
------,Straftaten insgesamt,16053000,Jena,vers.,100,68,32,1,0,1,6,5,1,7,5,2,11,9,2,3,1,2,64,46,18,15,7,8,79,53,26,2023
------,Straftaten insgesamt,16053000,Jena,voll.,1453,902,551,15,12,3,100,53,47,115,65,50,97,60,37,100,55,45,1052,671,381,89,51,38,1141,722,419,2023
------,Straftaten insgesamt,16053000,Jena,insg.,1553,970,583,16,12,4,106,58,48,122,70,52,108,69,39,103,56,47,1116,717,399,104,58,46,1220,775,445,2023
------,Straftaten insgesamt,7312000,Kaiserslautern,vers.,241,171,70,2,1,1,12,7,5,14,8,6,20,11,9,26,21,5,159,114,45,22,17,5,181,131,50,2023
------,Straftaten insgesamt,7312000,Kaiserslautern,voll.,2722,1650,1072,21,10,11,144,73,71,165,83,82,175,108,67,215,130,85,1974,1217,757,193,112,81,2167,1329,838,2023
------,Straftaten insgesamt,7312000,Kaiserslautern,insg.,2963,1821,1142,23,11,12,156,80,76,179,91,88,195,119,76,241,151,90,2133,1331,802,215,129,86,2348,1460,888,2023
------,Straftaten insgesamt,8212000,Karlsruhe,vers.,275,173,102,4,3,1,19,11,8,23,14,9,16,10,6,23,14,9,196,123,73,17,12,5,213,135,78,2023
------,Straftaten insgesamt,8212000,Karlsruhe,voll.,4304,2595,1709,32,10,22,215,142,73,247,152,95,269,129,140,287,157,130,3200,1989,1211,301,168,133,3501,2157,1344,2023
------,Straftaten insgesamt,8212000,Karlsruhe,insg.,4579,2768,1811,36,13,23,234,153,81,270,166,104,285,139,146,310,171,139,3396,2112,1284,318,180,138,3714,2292,1422,2023
------,Straftaten insgesamt,6611000,Kassel,vers.,257,165,92,9,6,3,11,6,5,20,12,8,14,6,8,25,16,9,179,123,56,19,8,11,198,131,67,2023
------,Straftaten insgesamt,6611000,Kassel,voll.,4327,2516,1811,50,21,29,175,82,93,225,103,122,313,157,156,358,203,155,3201,1911,1290,230,142,88,3431,2053,1378,2023
------,Straftaten insgesamt,6611000,Kassel,insg.,4584,2681,1903,59,27,32,186,88,98,245,115,130,327,163,164,383,219,164,3380,2034,1346,249,150,99,3629,2184,1445,2023
------,Straftaten insgesamt,1002000,Kiel,vers.,201,128,73,5,0,5,8,3,5,13,3,10,27,21,6,17,13,4,128,79,49,16,12,4,144,91,53,2023
------,Straftaten insgesamt,1002000,Kiel,voll.,4716,2958,1758,17,9,8,236,138,98,253,147,106,434,269,165,392,228,164,3417,2178,1239,220,136,84,3637,2314,1323,2023
------,Straftaten insgesamt,1002000,Kiel,insg.,4917,3086,1831,22,9,13,244,141,103,266,150,116,461,290,171,409,241,168,3545,2257,1288,236,148,88,3781,2405,1376,2023
------,Straftaten insgesamt,7111000,Koblenz,vers.,190,120,70,4,3,1,7,5,2,11,8,3,25,19,6,8,4,4,130,78,52,16,11,5,146,89,57,2023
------,Straftaten insgesamt,7111000,Koblenz,voll.,2489,1521,968,12,9,3,134,96,38,146,105,41,196,117,79,198,104,94,1792,1096,696,157,99,58,1949,1195,754,2023
------,Straftaten insgesamt,7111000,Koblenz,insg.,2679,1641,1038,16,12,4,141,101,40,157,113,44,221,136,85,206,108,98,1922,1174,748,173,110,63,2095,1284,811,2023
------,Straftaten insgesamt,5315000,K ln,vers.,2080,1366,714,12,6,6,101,73,28,113,79,34,154,97,57,143,94,49,1458,950,508,212,146,66,1670,1096,574,2023
------,Straftaten insgesamt,5315000,K ln,voll.,25400,15147,10253,209,115,94,1268,680,588,1477,795,682,1752,983,769,1836,1057,779,18657,11294,7363,1678,1018,660,20335,12312,8023,2023
------,Straftaten insgesamt,5315000,K ln,insg.,27480,16513,10967,221,121,100,1369,753,616,1590,874,716,1906,1080,826,1979,1151,828,20115,12244,7871,1890,1164,726,22005,13408,8597,2023
------,Straftaten insgesamt,5114000,Krefeld,vers.,268,158,110,1,0,1,22,13,9,23,13,10,30,21,9,10,6,4,171,99,72,34,19,15,205,118,87,2023
------,Straftaten insgesamt,5114000,Krefeld,voll.,3903,2109,1794,26,17,9,386,198,188,412,215,197,326,167,159,311,161,150,2593,1408,1185,261,158,103,2854,1566,1288,2023
------,Straftaten insgesamt,5114000,Krefeld,insg.,4171,2267,1904,27,17,10,408,211,197,435,228,207,356,188,168,321,167,154,2764,1507,1257,295,177,118,3059,1684,1375,2023
------,Straftaten insgesamt,14713000,Leipzig,vers.,787,537,250,7,4,3,49,36,13,56,40,16,61,40,21,55,36,19,556,383,173,59,38,21,615,421,194,2023
------,Straftaten insgesamt,14713000,Leipzig,voll.,11363,7036,4327,110,57,53,612,344,268,722,401,321,873,495,378,806,474,332,8307,5304,3003,655,362,293,8962,5666,3296,2023
------,Straftaten insgesamt,14713000,Leipzig,insg.,12150,7573,4577,117,61,56,661,380,281,778,441,337,934,535,399,861,510,351,8863,5687,3176,714,400,314,9577,6087,3490,2023
------,Straftaten insgesamt,5316000,Leverkusen,vers.,259,174,85,2,1,1,20,13,7,22,14,8,25,15,10,14,10,4,141,90,51,57,45,12,198,135,63,2023
------,Straftaten insgesamt,5316000,Leverkusen,voll.,2576,1376,1200,19,12,7,185,86,99,204,98,106,226,123,103,167,76,91,1784,977,807,195,102,93,1979,1079,900,2023
------,Straftaten insgesamt,5316000,Leverkusen,insg.,2835,1550,1285,21,13,8,205,99,106,226,112,114,251,138,113,181,86,95,1925,1067,858,252,147,105,2177,1214,963,2023
------,Straftaten insgesamt,1003000,L beck,vers.,358,241,117,2,2,0,19,10,9,21,12,9,36,26,10,21,16,5,249,167,82,31,20,11,280,187,93,2023
------,Straftaten insgesamt,1003000,L beck,voll.,5419,3263,2156,44,29,15,302,156,146,346,185,161,347,175,172,380,226,154,3938,2441,1497,408,236,172,4346,2677,1669,2023
------,Straftaten insgesamt,1003000,L beck,insg.,5777,3504,2273,46,31,15,321,166,155,367,197,170,383,201,182,401,242,159,4187,2608,1579,439,256,183,4626,2864,1762,2023
------,Straftaten insgesamt,7314000,Ludwigshafen am Rhein,vers.,271,176,95,6,3,3,23,21,2,29,24,5,24,15,9,16,12,4,188,117,71,14,8,6,202,125,77,2023
------,Straftaten insgesamt,7314000,Ludwigshafen am Rhein,voll.,3562,1980,1582,23,12,11,306,170,136,329,182,147,303,188,115,208,110,98,2477,1375,1102,245,125,120,2722,1500,1222,2023
------,Straftaten insgesamt,7314000,Ludwigshafen am Rhein,insg.,3833,2156,1677,29,15,14,329,191,138,358,206,152,327,203,124,224,122,102,2665,1492,1173,259,133,126,2924,1625,1299,2023
------,Straftaten insgesamt,15003000,Magdeburg,vers.,464,308,156,4,3,1,22,10,12,26,13,13,55,35,20,53,33,20,300,205,95,30,22,8,330,227,103,2023
------,Straftaten insgesamt,15003000,Magdeburg,voll.,6038,3619,2419,42,25,17,420,237,183,462,262,200,472,255,217,461,266,195,4303,2638,1665,340,198,142,4643,2836,1807,2023
------,Straftaten insgesamt,15003000,Magdeburg,insg.,6502,3927,2575,46,28,18,442,247,195,488,275,213,527,290,237,514,299,215,4603,2843,1760,370,220,150,4973,3063,1910,2023
------,Straftaten insgesamt,7315000,Mainz,vers.,225,161,64,0,0,0,5,2,3,5,2,3,10,5,5,28,19,9,160,117,43,22,18,4,182,135,47,2023
------,Straftaten insgesamt,7315000,Mainz,voll.,3328,2092,1236,27,12,15,154,82,72,181,94,87,253,144,109,254,162,92,2411,1534,877,229,158,71,2640,1692,948,2023
------,Straftaten insgesamt,7315000,Mainz,insg.,3553,2253,1300,27,12,15,159,84,75,186,96,90,263,149,114,282,181,101,2571,1651,920,251,176,75,2822,1827,995,2023
------,Straftaten insgesamt,8222000,Mannheim,vers.,218,140,78,1,0,1,13,9,4,14,9,5,7,5,2,15,12,3,161,98,63,21,16,5,182,114,68,2023
------,Straftaten insgesamt,8222000,Mannheim,voll.,4433,2653,1780,27,13,14,196,107,89,223,120,103,350,211,139,292,147,145,3265,1990,1275,303,185,118,3568,2175,1393,2023
------,Straftaten insgesamt,8222000,Mannheim,insg.,4651,2793,1858,28,13,15,209,116,93,237,129,108,357,216,141,307,159,148,3426,2088,1338,324,201,123,3750,2289,1461,2023
------,Straftaten insgesamt,5170024,Moers,vers.,134,72,62,7,5,2,10,7,3,17,12,5,16,9,7,7,5,2,75,38,37,19,8,11,94,46,48,2023
------,Straftaten insgesamt,5170024,Moers,voll.,1358,757,601,26,11,15,117,71,46,143,82,61,123,80,43,82,49,33,890,484,406,120,62,58,1010,546,464,2023
------,Straftaten insgesamt,5170024,Moers,insg.,1492,829,663,33,16,17,127,78,49,160,94,66,139,89,50,89,54,35,965,522,443,139,70,69,1104,592,512,2023
------,Straftaten insgesamt,5116000,M nchengladbach,vers.,437,276,161,4,3,1,30,19,11,34,22,12,42,30,12,30,21,9,299,178,121,32,25,7,331,203,128,2023
------,Straftaten insgesamt,5116000,M nchengladbach,voll.,5305,2992,2313,51,24,27,360,181,179,411,205,206,463,284,179,341,198,143,3739,2100,1639,351,205,146,4090,2305,1785,2023
------,Straftaten insgesamt,5116000,M nchengladbach,insg.,5742,3268,2474,55,27,28,390,200,190,445,227,218,505,314,191,371,219,152,4038,2278,1760,383,230,153,4421,2508,1913,2023
------,Straftaten insgesamt,5117000,M lheim an der Ruhr,vers.,217,121,96,3,2,1,16,9,7,19,11,8,13,8,5,18,9,9,145,85,60,22,8,14,167,93,74,2023
------,Straftaten insgesamt,5117000,M lheim an der Ruhr,voll.,2489,1315,1174,37,17,20,181,90,91,218,107,111,209,117,92,168,90,78,1726,903,823,168,98,70,1894,1001,893,2023
------,Straftaten insgesamt,5117000,M lheim an der Ruhr,insg.,2706,1436,1270,40,19,21,197,99,98,237,118,119,222,125,97,186,99,87,1871,988,883,190,106,84,2061,1094,967,2023
------,Straftaten insgesamt,9162000,M nchen,vers.,1854,1283,571,12,7,5,65,40,25,77,47,30,134,67,67,96,70,26,1405,1008,397,142,91,51,1547,1099,448,2023
------,Straftaten insgesamt,9162000,M nchen,voll.,20192,12678,7514,179,101,78,901,487,414,1080,588,492,1305,778,527,1318,750,568,15272,9851,5421,1217,711,506,16489,10562,5927,2023
------,Straftaten insgesamt,9162000,M nchen,insg.,22046,13961,8085,191,108,83,966,527,439,1157,635,522,1439,845,594,1414,820,594,16677,10859,5818,1359,802,557,18036,11661,6375,2023
------,Straftaten insgesamt,5515000,M nster,vers.,479,322,157,2,1,1,16,11,5,18,12,6,27,16,11,28,21,7,359,243,116,47,30,17,406,273,133,2023
------,Straftaten insgesamt,5515000,M nster,voll.,5664,3492,2172,43,21,22,300,173,127,343,194,149,405,229,176,442,263,179,4076,2573,1503,398,233,165,4474,2806,1668,2023
------,Straftaten insgesamt,5515000,M nster,insg.,6143,3814,2329,45,22,23,316,184,132,361,206,155,432,245,187,470,284,186,4435,2816,1619,445,263,182,4880,3079,1801,2023
------,Straftaten insgesamt,5162024,Neuss,vers.,207,127,80,2,1,1,15,11,4,17,12,5,15,7,8,9,6,3,148,93,55,18,9,9,166,102,64,2023
------,Straftaten insgesamt,5162024,Neuss,voll.,2627,1485,1142,16,12,4,163,97,66,179,109,70,229,128,101,160,89,71,1859,1038,821,200,121,79,2059,1159,900,2023
------,Straftaten insgesamt,5162024,Neuss,insg.,2834,1612,1222,18,13,5,178,108,70,196,121,75,244,135,109,169,95,74,2007,1131,876,218,130,88,2225,1261,964,2023
------,Straftaten insgesamt,9564000,N rnberg,vers.,703,496,207,0,0,0,34,25,9,34,25,9,38,25,13,65,43,22,525,376,149,41,27,14,566,403,163,2023
------,Straftaten insgesamt,9564000,N rnberg,voll.,7628,4801,2827,63,35,28,411,208,203,474,243,231,655,355,300,623,374,249,5496,3585,1911,380,244,136,5876,3829,2047,2023
------,Straftaten insgesamt,9564000,N rnberg,insg.,8331,5297,3034,63,35,28,445,233,212,508,268,240,693,380,313,688,417,271,6021,3961,2060,421,271,150,6442,4232,2210,2023
------,Straftaten insgesamt,5119000,Oberhausen,vers.,321,211,110,1,0,1,43,34,9,44,34,10,36,20,16,25,17,8,176,112,64,40,28,12,216,140,76,2023
------,Straftaten insgesamt,5119000,Oberhausen,voll.,3542,2038,1504,44,23,21,288,165,123,332,188,144,354,222,132,268,156,112,2369,1347,1022,219,125,94,2588,1472,1116,2023
------,Straftaten insgesamt,5119000,Oberhausen,insg.,3863,2249,1614,45,23,22,331,199,132,376,222,154,390,242,148,293,173,120,2545,1459,1086,259,153,106,2804,1612,1192,2023
------,Straftaten insgesamt,6413000,Offenbach am Main,vers.,67,46,21,1,0,1,10,8,2,11,8,3,4,4,0,3,2,1,42,28,14,7,4,3,49,32,17,2023
------,Straftaten insgesamt,6413000,Offenbach am Main,voll.,1514,828,686,15,7,8,89,48,41,104,55,49,103,55,48,66,34,32,1108,599,509,133,85,48,1241,684,557,2023
------,Straftaten insgesamt,6413000,Offenbach am Main,insg.,1581,874,707,16,7,9,99,56,43,115,63,52,107,59,48,69,36,33,1150,627,523,140,89,51,1290,716,574,2023
------,Straftaten insgesamt,3403000,Oldenburg (Oldenburg),vers.,146,110,36,1,0,1,7,7,0,8,7,1,5,2,3,10,8,2,110,84,26,13,9,4,123,93,30,2023
------,Straftaten insgesamt,3403000,Oldenburg (Oldenburg),voll.,2685,1610,1075,60,29,31,151,98,53,211,127,84,199,119,80,212,126,86,1873,1135,738,190,103,87,2063,1238,825,2023
------,Straftaten insgesamt,3403000,Oldenburg (Oldenburg),insg.,2831,1720,1111,61,29,32,158,105,53,219,134,85,204,121,83,222,134,88,1983,1219,764,203,112,91,2186,1331,855,2023
------,Straftaten insgesamt,3404000,Osnabr ck,vers.,203,133,70,1,0,1,2,0,2,3,0,3,13,7,6,19,12,7,156,106,50,12,8,4,168,114,54,2023
------,Straftaten insgesamt,3404000,Osnabr ck,voll.,3568,2217,1351,21,12,9,143,78,65,164,90,74,266,144,122,285,173,112,2647,1677,970,206,133,73,2853,1810,1043,2023
------,Straftaten insgesamt,3404000,Osnabr ck,insg.,3771,2350,1421,22,12,10,145,78,67,167,90,77,279,151,128,304,185,119,2803,1783,1020,218,141,77,3021,1924,1097,2023
------,Straftaten insgesamt,5774032,Paderborn,vers.,228,160,68,5,3,2,10,5,5,15,8,7,19,13,6,20,13,7,146,110,36,28,16,12,174,126,48,2023
------,Straftaten insgesamt,5774032,Paderborn,voll.,2793,1739,1054,20,8,12,124,67,57,144,75,69,183,95,88,238,137,101,2045,1318,727,183,114,69,2228,1432,796,2023
------,Straftaten insgesamt,5774032,Paderborn,insg.,3021,1899,1122,25,11,14,134,72,62,159,83,76,202,108,94,258,150,108,2191,1428,763,211,130,81,2402,1558,844,2023
------,Straftaten insgesamt,8231000,Pforzheim,vers.,128,73,55,2,1,1,10,2,8,12,3,9,10,5,5,20,17,3,82,45,37,4,3,1,86,48,38,2023
------,Straftaten insgesamt,8231000,Pforzheim,voll.,2241,1246,995,24,15,9,124,62,62,148,77,71,167,94,73,193,95,98,1586,895,691,147,85,62,1733,980,753,2023
------,Straftaten insgesamt,8231000,Pforzheim,insg.,2369,1319,1050,26,16,10,134,64,70,160,80,80,177,99,78,213,112,101,1668,940,728,151,88,63,1819,1028,791,2023
------,Straftaten insgesamt,12054000,Potsdam,vers.,131,82,49,0,0,0,7,7,0,7,7,0,11,5,6,5,3,2,94,59,35,14,8,6,108,67,41,2023
------,Straftaten insgesamt,12054000,Potsdam,voll.,2295,1303,992,32,24,8,211,105,106,243,129,114,191,98,93,157,88,69,1518,881,637,186,107,79,1704,988,716,2023
------,Straftaten insgesamt,12054000,Potsdam,insg.,2426,1385,1041,32,24,8,218,112,106,250,136,114,202,103,99,162,91,71,1612,940,672,200,115,85,1812,1055,757,2023
------,Straftaten insgesamt,5562032,Recklinghausen,vers.,170,113,57,2,1,1,18,13,5,20,14,6,12,9,3,8,5,3,117,77,40,13,8,5,130,85,45,2023
------,Straftaten insgesamt,5562032,Recklinghausen,voll.,2123,1212,911,16,6,10,148,91,57,164,97,67,187,106,81,149,80,69,1462,830,632,161,99,62,1623,929,694,2023
------,Straftaten insgesamt,5562032,Recklinghausen,insg.,2293,1325,968,18,7,11,166,104,62,184,111,73,199,115,84,157,85,72,1579,907,672,174,107,67,1753,1014,739,2023
------,Straftaten insgesamt,9362000,Regensburg,vers.,194,126,68,1,1,0,3,3,0,4,4,0,11,8,3,18,11,7,155,101,54,6,2,4,161,103,58,2023
------,Straftaten insgesamt,9362000,Regensburg,voll.,3284,2126,1158,11,9,2,98,52,46,109,61,48,181,100,81,252,134,118,2500,1667,833,242,164,78,2742,1831,911,2023
------,Straftaten insgesamt,9362000,Regensburg,insg.,3478,2252,1226,12,10,2,101,55,46,113,65,48,192,108,84,270,145,125,2655,1768,887,248,166,82,2903,1934,969,2023
------,Straftaten insgesamt,5120000,Remscheid,vers.,150,87,63,3,2,1,9,6,3,12,8,4,14,8,6,1,0,1,107,62,45,16,9,7,123,71,52,2023
------,Straftaten insgesamt,5120000,Remscheid,voll.,1931,1042,889,25,13,12,123,57,66,148,70,78,165,93,72,127,71,56,1362,729,633,129,79,50,1491,808,683,2023
------,Straftaten insgesamt,5120000,Remscheid,insg.,2081,1129,952,28,15,13,132,63,69,160,78,82,179,101,78,128,71,57,1469,791,678,145,88,57,1614,879,735,2023
------,Straftaten insgesamt,8415061,Reutlingen,vers.,131,95,36,0,0,0,3,1,2,3,1,2,10,8,2,7,5,2,97,70,27,14,11,3,111,81,30,2023
------,Straftaten insgesamt,8415061,Reutlingen,voll.,1870,1133,737,15,7,8,103,59,44,118,66,52,128,67,61,128,79,49,1369,837,532,127,84,43,1496,921,575,2023
------,Straftaten insgesamt,8415061,Reutlingen,insg.,2001,1228,773,15,7,8,106,60,46,121,67,54,138,75,63,135,84,51,1466,907,559,141,95,46,1607,1002,605,2023
------,Straftaten insgesamt,13003000,"Rostock, Hanse- und Universit tsstadt",vers.,289,191,98,1,1,0,35,20,15,36,21,15,31,18,13,25,21,4,183,122,61,14,9,5,197,131,66,2023
------,Straftaten insgesamt,13003000,"Rostock, Hanse- und Universit tsstadt",voll.,3853,2289,1564,32,13,19,311,188,123,343,201,142,400,211,189,275,160,115,2593,1580,1013,242,137,105,2835,1717,1118,2023
------,Straftaten insgesamt,13003000,"Rostock, Hanse- und Universit tsstadt",insg.,4142,2480,1662,33,14,19,346,208,138,379,222,157,431,229,202,300,181,119,2776,1702,1074,256,146,110,3032,1848,1184,2023
------,Straftaten insgesamt,10041100,Saarbr cken,vers.,418,254,164,6,6,0,32,21,11,38,27,11,23,16,7,29,16,13,281,162,119,47,33,14,328,195,133,2023
------,Straftaten insgesamt,10041100,Saarbr cken,voll.,5134,3167,1967,39,23,16,274,151,123,313,174,139,390,234,156,367,224,143,3709,2323,1386,355,212,143,4064,2535,1529,2023
------,Straftaten insgesamt,10041100,Saarbr cken,insg.,5552,3421,2131,45,29,16,306,172,134,351,201,150,413,250,163,396,240,156,3990,2485,1505,402,245,157,4392,2730,1662,2023
------,Straftaten insgesamt,3102000,Salzgitter,vers.,81,41,40,2,1,1,12,9,3,14,10,4,3,2,1,7,4,3,52,22,30,5,3,2,57,25,32,2023
------,Straftaten insgesamt,3102000,Salzgitter,voll.,1919,1045,874,29,13,16,209,120,89,238,133,105,190,115,75,119,61,58,1255,669,586,117,67,50,1372,736,636,2023
------,Straftaten insgesamt,3102000,Salzgitter,insg.,2000,1086,914,31,14,17,221,129,92,252,143,109,193,117,76,126,65,61,1307,691,616,122,70,52,1429,761,668,2023
------,Straftaten insgesamt,13004000,Schwerin,vers.,166,116,50,2,2,0,11,5,6,13,7,6,18,10,8,10,8,2,114,85,29,11,6,5,125,91,34,2023
------,Straftaten insgesamt,13004000,Schwerin,voll.,2507,1612,895,15,11,4,211,134,77,226,145,81,197,112,85,188,119,69,1763,1164,599,133,72,61,1896,1236,660,2023
------,Straftaten insgesamt,13004000,Schwerin,insg.,2673,1728,945,17,13,4,222,139,83,239,152,87,215,122,93,198,127,71,1877,1249,628,144,78,66,2021,1327,694,2023
------,Straftaten insgesamt,5970040,Siegen,vers.,156,96,60,3,3,0,8,4,4,11,7,4,13,6,7,16,13,3,106,63,43,10,7,3,116,70,46,2023
------,Straftaten insgesamt,5970040,Siegen,voll.,2074,1222,852,14,7,7,141,74,67,155,81,74,142,79,63,168,93,75,1482,890,592,127,79,48,1609,969,640,2023
------,Straftaten insgesamt,5970040,Siegen,insg.,2230,1318,912,17,10,7,149,78,71,166,88,78,155,85,70,184,106,78,1588,953,635,137,86,51,1725,1039,686,2023
------,Straftaten insgesamt,5122000,Solingen,vers.,218,144,74,2,1,1,25,20,5,27,21,6,22,16,6,15,14,1,126,74,52,28,19,9,154,93,61,2023
------,Straftaten insgesamt,5122000,Solingen,voll.,2698,1465,1233,48,22,26,253,141,112,301,163,138,244,151,93,182,102,80,1769,938,831,202,111,91,1971,1049,922,2023
------,Straftaten insgesamt,5122000,Solingen,insg.,2916,1609,1307,50,23,27,278,161,117,328,184,144,266,167,99,197,116,81,1895,1012,883,230,130,100,2125,1142,983,2023
------,Straftaten insgesamt,8111000,Stuttgart,vers.,924,688,236,3,3,0,37,25,12,40,28,12,42,25,17,60,40,20,729,558,171,53,37,16,782,595,187,2023
------,Straftaten insgesamt,8111000,Stuttgart,voll.,12134,7799,4335,91,55,36,580,321,259,671,376,295,740,429,311,900,507,393,9235,6125,3110,588,362,226,9823,6487,3336,2023
------,Straftaten insgesamt,8111000,Stuttgart,insg.,13058,8487,4571,94,58,36,617,346,271,711,404,307,782,454,328,960,547,413,9964,6683,3281,641,399,242,10605,7082,3523,2023
------,Straftaten insgesamt,7211000,Trier,vers.,162,98,64,2,2,0,10,3,7,12,5,7,6,6,0,15,9,6,118,73,45,11,5,6,129,78,51,2023
------,Straftaten insgesamt,7211000,Trier,voll.,2327,1457,870,8,5,3,123,58,65,131,63,68,176,100,76,202,124,78,1723,1110,613,95,60,35,1818,1170,648,2023
------,Straftaten insgesamt,7211000,Trier,insg.,2489,1555,934,10,7,3,133,61,72,143,68,75,182,106,76,217,133,84,1841,1183,658,106,65,41,1947,1248,699,2023
------,Straftaten insgesamt,8421000,Ulm,vers.,115,68,47,1,0,1,5,2,3,6,2,4,11,7,4,11,5,6,79,52,27,8,2,6,87,54,33,2023
------,Straftaten insgesamt,8421000,Ulm,voll.,1937,1157,780,6,6,0,114,57,57,120,63,57,172,77,95,165,93,72,1375,864,511,105,60,45,1480,924,556,2023
------,Straftaten insgesamt,8421000,Ulm,insg.,2052,1225,827,7,6,1,119,59,60,126,65,61,183,84,99,176,98,78,1454,916,538,113,62,51,1567,978,589,2023
------,Straftaten insgesamt,6414000,Wiesbaden,vers.,257,155,102,2,1,1,26,13,13,28,14,14,24,17,7,15,10,5,165,100,65,25,14,11,190,114,76,2023
------,Straftaten insgesamt,6414000,Wiesbaden,voll.,4693,2630,2063,45,28,17,309,172,137,354,200,154,419,248,171,294,155,139,3302,1834,1468,324,193,131,3626,2027,1599,2023
------,Straftaten insgesamt,6414000,Wiesbaden,insg.,4950,2785,2165,47,29,18,335,185,150,382,214,168,443,265,178,309,165,144,3467,1934,1533,349,207,142,3816,2141,1675,2023
------,Straftaten insgesamt,3103000,Wolfsburg,vers.,82,46,36,2,1,1,6,4,2,8,5,3,2,2,0,9,5,4,57,32,25,6,2,4,63,34,29,2023
------,Straftaten insgesamt,3103000,Wolfsburg,voll.,1870,1029,841,26,12,14,108,54,54,134,66,68,135,66,69,108,45,63,1369,776,593,124,76,48,1493,852,641,2023
------,Straftaten insgesamt,3103000,Wolfsburg,insg.,1952,1075,877,28,13,15,114,58,56,142,71,71,137,68,69,117,50,67,1426,808,618,130,78,52,1556,886,670,2023
------,Straftaten insgesamt,5124000,Wuppertal,vers.,640,392,248,2,0,2,51,39,12,53,39,14,52,28,24,51,26,25,422,262,160,62,37,25,484,299,185,2023
------,Straftaten insgesamt,5124000,Wuppertal,voll.,7164,4056,3108,87,49,38,558,341,217,645,390,255,624,346,278,526,250,276,4849,2761,2088,520,309,211,5369,3070,2299,2023
------,Straftaten insgesamt,5124000,Wuppertal,insg.,7804,4448,3356,89,49,40,609,380,229,698,429,269,676,374,302,577,276,301,5271,3023,2248,582,346,236,5853,3369,2484,2023
------,Straftaten insgesamt,9663000,W rzburg,vers.,152,124,28,0,0,0,1,0,1,1,0,1,8,6,2,17,12,5,119,99,20,7,7,0,126,106,20,2023
------,Straftaten insgesamt,9663000,W rzburg,voll.,1973,1241,732,15,9,6,83,44,39,98,53,45,164,100,64,239,148,91,1366,870,496,106,70,36,1472,940,532,2023
------,Straftaten insgesamt,9663000,W rzburg,insg.,2125,1365,760,15,9,6,84,44,40,99,53,46,172,106,66,256,160,96,1485,969,516,113,77,36,1598,1046,552,2023
111000,"Vergewaltigung, sexuelle N tigung und sexueller  bergriff im besonders schweren Fall einschl. mit Todesfolge    177, 178 StGB",5334002,Aachen,vers.,14,1,13,0,0,0,0,0,0,0,0,0,2,0,2,0,0,0,12,1,11,0,0,0,12,1,11,2023
111000,"Vergewaltigung, sexuelle N tigung und sexueller  bergriff im besonders schweren Fall einschl. mit Todesfolge    177, 178 StGB",5334002,Aachen,voll.,41,4,37,1,1,0,0,0,0,1,1,0,8,0,8,9,1,8,23,2,21,0,0,0,23,2,21,2023
111000,"Vergewaltigung, sexuelle N tigung und sexueller  bergriff im besonders schweren Fall einschl. mit Todesfolge    177, 178 StGB",5334002,Aachen,insg.,55,5,50,1,1,0,0,0,0,1,1,0,10,0,10,9,1,8,35,3,32,0,0,0,35,3,32,2023
111000,"Vergewaltigung, sexuelle N tigung und sexueller  bergriff im besonders schweren Fall einschl. mit Todesfolge    177, 178 StGB",9761000,Augsburg,vers.,1,0,1,0,0,0,0,0,0,0,0,0,0,0,0,0,0,0,1,0,1,0,0,0,1,0,1,2023
111000,"Vergewaltigung, sexuelle N tigung und sexueller  bergriff im besonders schweren Fall einschl. mit Todesfolge    177, 178 StGB",9761000,Augsburg,voll.,37,2,35,0,0,0,0,0,0,0,0,0,7,0,7,13,2,11,17,0,17,0,0,0,17,0,17,2023
111000,"Vergewaltigung, sexuelle N tigung und sexueller  bergriff im besonders schweren Fall einschl. mit Todesfolge    177, 178 StGB",9761000,Augsburg,insg.,38,2,36,0,0,0,0,0,0,0,0,0,7,0,7,13,2,11,18,0,18,0,0,0,18,0,18,2023
111000,"Vergewaltigung, sexuelle N tigung und sexueller  bergriff im besonders schweren Fall einschl. mit Todesfolge    177, 178 StGB",5378004,Bergisch Gladbach,vers.,2,0,2,0,0,0,0,0,0,0,0,0,0,0,0,0,0,0,2,0,2,0,0,0,2,0,2,2023
111000,"Vergewaltigung, sexuelle N tigung und sexueller  bergriff im besonders schweren Fall einschl. mit Todesfolge    177, 178 StGB",5378004,Bergisch Gladbach,voll.,12,2,10,0,0,0,0,0,0,0,0,0,2,1,1,1,0,1,9,1,8,0,0,0,9,1,8,2023
111000,"Vergewaltigung, sexuelle N tigung und sexueller  bergriff im besonders schweren Fall einschl. mit Todesfolge    177, 178 StGB",5378004,Bergisch Gladbach,insg.,14,2,12,0,0,0,0,0,0,0,0,0,2,1,1,1,0,1,11,1,10,0,0,0,11,1,10,2023
111000,"Vergewaltigung, sexuelle N tigung und sexueller  bergriff im besonders schweren Fall einschl. mit Todesfolge    177, 178 StGB",11000000,Berlin,vers.,111,10,101,0,0,0,2,0,2,2,0,2,17,1,16,11,0,11,78,9,69,3,0,3,81,9,72,2023
111000,"Vergewaltigung, sexuelle N tigung und sexueller  bergriff im besonders schweren Fall einschl. mit Todesfolge    177, 178 StGB",11000000,Berlin,voll.,1061,121,940,3,3,0,31,5,26,34,8,26,204,13,191,133,9,124,672,89,583,18,2,16,690,91,599,2023
111000,"Vergewaltigung, sexuelle N tigung und sexueller  bergriff im besonders schweren Fall einschl. mit Todesfolge    177, 178 StGB",11000000,Berlin,insg.,1172,131,1041,3,3,0,33,5,28,36,8,28,221,14,207,144,9,135,750,98,652,21,2,19,771,100,671,2023
111000,"Vergewaltigung, sexuelle N tigung und sexueller  bergriff im besonders schweren Fall einschl. mit Todesfolge    177, 178 StGB",5711000,Bielefeld,vers.,3,0,3,0,0,0,0,0,0,0,0,0,1,0,1,1,0,1,1,0,1,0,0,0,1,0,1,2023
111000,"Vergewaltigung, sexuelle N tigung und sexueller  bergriff im besonders schweren Fall einschl. mit Todesfolge    177, 178 StGB",5711000,Bielefeld,voll.,84,3,81,0,0,0,0,0,0,0,0,0,17,0,17,18,0,18,47,1,46,2,2,0,49,3,46,2023
111000,"Vergewaltigung, sexuelle N tigung und sexueller  bergriff im besonders schweren Fall einschl. mit Todesfolge    177, 178 StGB",5711000,Bielefeld,insg.,87,3,84,0,0,0,0,0,0,0,0,0,18,0,18,19,0,19,48,1,47,2,2,0,50,3,47,2023
111000,"Vergewaltigung, sexuelle N tigung und sexueller  bergriff im besonders schweren Fall einschl. mit Todesfolge    177, 178 StGB",5911000,Bochum,vers.,7,0,7,0,0,0,0,0,0,0,0,0,0,0,0,1,0,1,5,0,5,1,0,1,6,0,6,2023
111000,"Vergewaltigung, sexuelle N tigung und sexueller  bergriff im besonders schweren Fall einschl. mit Todesfolge    177, 178 StGB",5911000,Bochum,voll.,46,1,45,0,0,0,2,0,2,2,0,2,10,1,9,7,0,7,25,0,25,2,0,2,27,0,27,2023
111000,"Vergewaltigung, sexuelle N tigung und sexueller  bergriff im besonders schweren Fall einschl. mit Todesfolge    177, 178 StGB",5911000,Bochum,insg.,53,1,52,0,0,0,2,0,2,2,0,2,10,1,9,8,0,8,30,0,30,3,0,3,33,0,33,2023
111000,"Vergewaltigung, sexuelle N tigung und sexueller  bergriff im besonders schweren Fall einschl. mit Todesfolge    177, 178 StGB",5314000,Bonn,vers.,8,0,8,0,0,0,0,0,0,0,0,0,0,0,0,0,0,0,7,0,7,1,0,1,8,0,8,2023
111000,"Vergewaltigung, sexuelle N tigung und sexueller  bergriff im besonders schweren Fall einschl. mit Todesfolge    177, 178 StGB",5314000,Bonn,voll.,55,4,51,0,0,0,0,0,0,0,0,0,14,2,12,7,0,7,34,2,32,0,0,0,34,2,32,2023
111000,"Vergewaltigung, sexuelle N tigung und sexueller  bergriff im besonders schweren Fall einschl. mit Todesfolge    177, 178 StGB",5314000,Bonn,insg.,63,4,59,0,0,0,0,0,0,0,0,0,14,2,12,7,0,7,41,2,39,1,0,1,42,2,40,2023
111000,"Vergewaltigung, sexuelle N tigung und sexueller  bergriff im besonders schweren Fall einschl. mit Todesfolge    177, 178 StGB",5512000,Bottrop,vers.,3,0,3,0,0,0,0,0,0,0,0,0,2,0,2,1,0,1,0,0,0,0,0,0,0,0,0,2023
111000,"Vergewaltigung, sexuelle N tigung und sexueller  bergriff im besonders schweren Fall einschl. mit Todesfolge    177, 178 StGB",5512000,Bottrop,voll.,18,1,17,0,0,0,0,0,0,0,0,0,7,0,7,2,0,2,9,1,8,0,0,0,9,1,8,2023
111000,"Vergewaltigung, sexuelle N tigung und sexueller  bergriff im besonders schweren Fall einschl. mit Todesfolge    177, 178 StGB",5512000,Bottrop,insg.,21,1,20,0,0,0,0,0,0,0,0,0,9,0,9,3,0,3,9,1,8,0,0,0,9,1,8,2023
111000,"Vergewaltigung, sexuelle N tigung und sexueller  bergriff im besonders schweren Fall einschl. mit Todesfolge    177, 178 StGB",3101000,Braunschweig,vers.,7,0,7,0,0,0,0,0,0,0,0,0,1,0,1,4,0,4,1,0,1,1,0,1,2,0,2,2023
111000,"Vergewaltigung, sexuelle N tigung und sexueller  bergriff im besonders schweren Fall einschl. mit Todesfolge    177, 178 StGB",3101000,Braunschweig,voll.,63,7,56,0,0,0,1,0,1,1,0,1,7,0,7,13,2,11,41,5,36,1,0,1,42,5,37,2023
111000,"Vergewaltigung, sexuelle N tigung und sexueller  bergriff im besonders schweren Fall einschl. mit Todesfolge    177, 178 StGB",3101000,Braunschweig,insg.,70,7,63,0,0,0,1,0,1,1,0,1,8,0,8,17,2,15,42,5,37,2,0,2,44,5,39,2023
111000,"Vergewaltigung, sexuelle N tigung und sexueller  bergriff im besonders schweren Fall einschl. mit Todesfolge    177, 178 StGB",4011000,Bremen,vers.,12,0,12,0,0,0,1,0,1,1,0,1,2,0,2,1,0,1,8,0,8,0,0,0,8,0,8,2023
111000,"Vergewaltigung, sexuelle N tigung und sexueller  bergriff im besonders schweren Fall einschl. mit Todesfolge    177, 178 StGB",4011000,Bremen,voll.,135,6,129,0,0,0,0,0,0,0,0,0,28,2,26,17,0,17,84,4,80,6,0,6,90,4,86,2023
111000,"Vergewaltigung, sexuelle N tigung und sexueller  bergriff im besonders schweren Fall einschl. mit Todesfolge    177, 178 StGB",4011000,Bremen,insg.,147,6,141,0,0,0,1,0,1,1,0,1,30,2,28,18,0,18,92,4,88,6,0,6,98,4,94,2023
111000,"Vergewaltigung, sexuelle N tigung und sexueller  bergriff im besonders schweren Fall einschl. mit Todesfolge    177, 178 StGB",4012000,Bremerhaven,vers.,3,0,3,0,0,0,0,0,0,0,0,0,0,0,0,0,0,0,3,0,3,0,0,0,3,0,3,2023
111000,"Vergewaltigung, sexuelle N tigung und sexueller  bergriff im besonders schweren Fall einschl. mit Todesfolge    177, 178 StGB",4012000,Bremerhaven,voll.,40,1,39,0,0,0,0,0,0,0,0,0,6,0,6,11,0,11,23,1,22,0,0,0,23,1,22,2023
111000,"Vergewaltigung, sexuelle N tigung und sexueller  bergriff im besonders schweren Fall einschl. mit Todesfolge    177, 178 StGB",4012000,Bremerhaven,insg.,43,1,42,0,0,0,0,0,0,0,0,0,6,0,6,11,0,11,26,1,25,0,0,0,26,1,25,2023
111000,"Vergewaltigung, sexuelle N tigung und sexueller  bergriff im besonders schweren Fall einschl. mit Todesfolge    177, 178 StGB",14511000,Chemnitz,vers.,2,0,2,0,0,0,0,0,0,0,0,0,0,0,0,0,0,0,2,0,2,0,0,0,2,0,2,2023
111000,"Vergewaltigung, sexuelle N tigung und sexueller  bergriff im besonders schweren Fall einschl. mit Todesfolge    177, 178 StGB",14511000,Chemnitz,voll.,27,0,27,1,0,1,1,0,1,2,0,2,10,0,10,5,0,5,9,0,9,1,0,1,10,0,10,2023
111000,"Vergewaltigung, sexuelle N tigung und sexueller  bergriff im besonders schweren Fall einschl. mit Todesfolge    177, 178 StGB",14511000,Chemnitz,insg.,29,0,29,1,0,1,1,0,1,2,0,2,10,0,10,5,0,5,11,0,11,1,0,1,12,0,12,2023
111000,"Vergewaltigung, sexuelle N tigung und sexueller  bergriff im besonders schweren Fall einschl. mit Todesfolge    177, 178 StGB",6411000,Darmstadt,vers.,1,0,1,0,0,0,0,0,0,0,0,0,0,0,0,0,0,0,1,0,1,0,0,0,1,0,1,2023
111000,"Vergewaltigung, sexuelle N tigung und sexueller  bergriff im besonders schweren Fall einschl. mit Todesfolge    177, 178 StGB",6411000,Darmstadt,voll.,30,0,30,0,0,0,0,0,0,0,0,0,5,0,5,5,0,5,20,0,20,0,0,0,20,0,20,2023
111000,"Vergewaltigung, sexuelle N tigung und sexueller  bergriff im besonders schweren Fall einschl. mit Todesfolge    177, 178 StGB",6411000,Darmstadt,insg.,31,0,31,0,0,0,0,0,0,0,0,0,5,0,5,5,0,5,21,0,21,0,0,0,21,0,21,2023
111000,"Vergewaltigung, sexuelle N tigung und sexueller  bergriff im besonders schweren Fall einschl. mit Todesfolge    177, 178 StGB",5913000,Dortmund,vers.,24,0,24,0,0,0,0,0,0,0,0,0,4,0,4,0,0,0,19,0,19,1,0,1,20,0,20,2023
111000,"Vergewaltigung, sexuelle N tigung und sexueller  bergriff im besonders schweren Fall einschl. mit Todesfolge    177, 178 StGB",5913000,Dortmund,voll.,153,4,149,0,0,0,1,0,1,1,0,1,25,0,25,27,1,26,97,3,94,3,0,3,100,3,97,2023
111000,"Vergewaltigung, sexuelle N tigung und sexueller  bergriff im besonders schweren Fall einschl. mit Todesfolge    177, 178 StGB",5913000,Dortmund,insg.,177,4,173,0,0,0,1,0,1,1,0,1,29,0,29,27,1,26,116,3,113,4,0,4,120,3,117,2023
111000,"Vergewaltigung, sexuelle N tigung und sexueller  bergriff im besonders schweren Fall einschl. mit Todesfolge    177, 178 StGB",14612000,Dresden,vers.,5,0,5,0,0,0,0,0,0,0,0,0,0,0,0,1,0,1,4,0,4,0,0,0,4,0,4,2023
111000,"Vergewaltigung, sexuelle N tigung und sexueller  bergriff im besonders schweren Fall einschl. mit Todesfolge    177, 178 StGB",14612000,Dresden,voll.,61,4,57,0,0,0,0,0,0,0,0,0,18,2,16,10,1,9,31,1,30,2,0,2,33,1,32,2023
111000,"Vergewaltigung, sexuelle N tigung und sexueller  bergriff im besonders schweren Fall einschl. mit Todesfolge    177, 178 StGB",14612000,Dresden,insg.,66,4,62,0,0,0,0,0,0,0,0,0,18,2,16,11,1,10,35,1,34,2,0,2,37,1,36,2023
111000,"Vergewaltigung, sexuelle N tigung und sexueller  bergriff im besonders schweren Fall einschl. mit Todesfolge    177, 178 StGB",5112000,Duisburg,vers.,4,0,4,0,0,0,0,0,0,0,0,0,1,0,1,1,0,1,2,0,2,0,0,0,2,0,2,2023
111000,"Vergewaltigung, sexuelle N tigung und sexueller  bergriff im besonders schweren Fall einschl. mit Todesfolge    177, 178 StGB",5112000,Duisburg,voll.,101,14,87,4,2,2,3,2,1,7,4,3,20,0,20,20,3,17,49,7,42,5,0,5,54,7,47,2023
111000,"Vergewaltigung, sexuelle N tigung und sexueller  bergriff im besonders schweren Fall einschl. mit Todesfolge    177, 178 StGB",5112000,Duisburg,insg.,105,14,91,4,2,2,3,2,1,7,4,3,21,0,21,21,3,18,51,7,44,5,0,5,56,7,49,2023
111000,"Vergewaltigung, sexuelle N tigung und sexueller  bergriff im besonders schweren Fall einschl. mit Todesfolge    177, 178 StGB",5111000,D sseldorf,vers.,14,2,12,0,0,0,0,0,0,0,0,0,1,0,1,2,0,2,11,2,9,0,0,0,11,2,9,2023
111000,"Vergewaltigung, sexuelle N tigung und sexueller  bergriff im besonders schweren Fall einschl. mit Todesfolge    177, 178 StGB",5111000,D sseldorf,voll.,155,13,142,2,0,2,2,0,2,4,0,4,34,4,30,24,1,23,90,7,83,3,1,2,93,8,85,2023
111000,"Vergewaltigung, sexuelle N tigung und sexueller  bergriff im besonders schweren Fall einschl. mit Todesfolge    177, 178 StGB",5111000,D sseldorf,insg.,169,15,154,2,0,2,2,0,2,4,0,4,35,4,31,26,1,25,101,9,92,3,1,2,104,10,94,2023
111000,"Vergewaltigung, sexuelle N tigung und sexueller  bergriff im besonders schweren Fall einschl. mit Todesfolge    177, 178 StGB",16051000,Erfurt,vers.,2,0,2,0,0,0,0,0,0,0,0,0,0,0,0,0,0,0,2,0,2,0,0,0,2,0,2,2023
111000,"Vergewaltigung, sexuelle N tigung und sexueller  bergriff im besonders schweren Fall einschl. mit Todesfolge    177, 178 StGB",16051000,Erfurt,voll.,10,0,10,0,0,0,0,0,0,0,0,0,1,0,1,0,0,0,9,0,9,0,0,0,9,0,9,2023
111000,"Vergewaltigung, sexuelle N tigung und sexueller  bergriff im besonders schweren Fall einschl. mit Todesfolge    177, 178 StGB",16051000,Erfurt,insg.,12,0,12,0,0,0,0,0,0,0,0,0,1,0,1,0,0,0,11,0,11,0,0,0,11,0,11,2023
111000,"Vergewaltigung, sexuelle N tigung und sexueller  bergriff im besonders schweren Fall einschl. mit Todesfolge    177, 178 StGB",9562000,Erlangen,vers.,0,0,0,0,0,0,0,0,0,0,0,0,0,0,0,0,0,0,0,0,0,0,0,0,0,0,0,2023
111000,"Vergewaltigung, sexuelle N tigung und sexueller  bergriff im besonders schweren Fall einschl. mit Todesfolge    177, 178 StGB",9562000,Erlangen,voll.,10,1,9,0,0,0,0,0,0,0,0,0,1,0,1,3,1,2,6,0,6,0,0,0,6,0,6,2023
111000,"Vergewaltigung, sexuelle N tigung und sexueller  bergriff im besonders schweren Fall einschl. mit Todesfolge    177, 178 StGB",9562000,Erlangen,insg.,10,1,9,0,0,0,0,0,0,0,0,0,1,0,1,3,1,2,6,0,6,0,0,0,6,0,6,2023
111000,"Vergewaltigung, sexuelle N tigung und sexueller  bergriff im besonders schweren Fall einschl. mit Todesfolge    177, 178 StGB",5113000,Essen,vers.,9,1,8,0,0,0,0,0,0,0,0,0,2,1,1,1,0,1,6,0,6,0,0,0,6,0,6,2023
111000,"Vergewaltigung, sexuelle N tigung und sexueller  bergriff im besonders schweren Fall einschl. mit Todesfolge    177, 178 StGB",5113000,Essen,voll.,128,7,121,0,0,0,0,0,0,0,0,0,36,1,35,27,1,26,63,5,58,2,0,2,65,5,60,2023
111000,"Vergewaltigung, sexuelle N tigung und sexueller  bergriff im besonders schweren Fall einschl. mit Todesfolge    177, 178 StGB",5113000,Essen,insg.,137,8,129,0,0,0,0,0,0,0,0,0,38,2,36,28,1,27,69,5,64,2,0,2,71,5,66,2023
111000,"Vergewaltigung, sexuelle N tigung und sexueller  bergriff im besonders schweren Fall einschl. mit Todesfolge    177, 178 StGB",6412000,Frankfurt am Main,vers.,20,0,20,0,0,0,0,0,0,0,0,0,1,0,1,2,0,2,17,0,17,0,0,0,17,0,17,2023
111000,"Vergewaltigung, sexuelle N tigung und sexueller  bergriff im besonders schweren Fall einschl. mit Todesfolge    177, 178 StGB",6412000,Frankfurt am Main,voll.,164,8,156,0,0,0,4,1,3,4,1,3,22,2,20,25,1,24,109,4,105,4,0,4,113,4,109,2023
111000,"Vergewaltigung, sexuelle N tigung und sexueller  bergriff im besonders schweren Fall einschl. mit Todesfolge    177, 178 StGB",6412000,Frankfurt am Main,insg.,184,8,176,0,0,0,4,1,3,4,1,3,23,2,21,27,1,26,126,4,122,4,0,4,130,4,126,2023
111000,"Vergewaltigung, sexuelle N tigung und sexueller  bergriff im besonders schweren Fall einschl. mit Todesfolge    177, 178 StGB",8311000,Freiburg im Breisgau,vers.,4,0,4,0,0,0,0,0,0,0,0,0,0,0,0,0,0,0,3,0,3,1,0,1,4,0,4,2023
111000,"Vergewaltigung, sexuelle N tigung und sexueller  bergriff im besonders schweren Fall einschl. mit Todesfolge    177, 178 StGB",8311000,Freiburg im Breisgau,voll.,29,2,27,0,0,0,0,0,0,0,0,0,7,0,7,4,0,4,17,2,15,1,0,1,18,2,16,2023
111000,"Vergewaltigung, sexuelle N tigung und sexueller  bergriff im besonders schweren Fall einschl. mit Todesfolge    177, 178 StGB",8311000,Freiburg im Breisgau,insg.,33,2,31,0,0,0,0,0,0,0,0,0,7,0,7,4,0,4,20,2,18,2,0,2,22,2,20,2023
111000,"Vergewaltigung, sexuelle N tigung und sexueller  bergriff im besonders schweren Fall einschl. mit Todesfolge    177, 178 StGB",9563000,F rth,vers.,1,0,1,0,0,0,0,0,0,0,0,0,0,0,0,0,0,0,1,0,1,0,0,0,1,0,1,2023
111000,"Vergewaltigung, sexuelle N tigung und sexueller  bergriff im besonders schweren Fall einschl. mit Todesfolge    177, 178 StGB",9563000,F rth,voll.,18,0,18,0,0,0,0,0,0,0,0,0,4,0,4,2,0,2,12,0,12,0,0,0,12,0,12,2023
111000,"Vergewaltigung, sexuelle N tigung und sexueller  bergriff im besonders schweren Fall einschl. mit Todesfolge    177, 178 StGB",9563000,F rth,insg.,19,0,19,0,0,0,0,0,0,0,0,0,4,0,4,2,0,2,13,0,13,0,0,0,13,0,13,2023
111000,"Vergewaltigung, sexuelle N tigung und sexueller  bergriff im besonders schweren Fall einschl. mit Todesfolge    177, 178 StGB",5513000,Gelsenkirchen,vers.,4,1,3,0,0,0,0,0,0,0,0,0,1,0,1,3,1,2,0,0,0,0,0,0,0,0,0,2023
111000,"Vergewaltigung, sexuelle N tigung und sexueller  bergriff im besonders schweren Fall einschl. mit Todesfolge    177, 178 StGB",5513000,Gelsenkirchen,voll.,52,0,52,0,0,0,0,0,0,0,0,0,10,0,10,4,0,4,37,0,37,1,0,1,38,0,38,2023
111000,"Vergewaltigung, sexuelle N tigung und sexueller  bergriff im besonders schweren Fall einschl. mit Todesfolge    177, 178 StGB",5513000,Gelsenkirchen,insg.,56,1,55,0,0,0,0,0,0,0,0,0,11,0,11,7,1,6,37,0,37,1,0,1,38,0,38,2023
111000,"Vergewaltigung, sexuelle N tigung und sexueller  bergriff im besonders schweren Fall einschl. mit Todesfolge    177, 178 StGB",3159016,G ttingen,vers.,7,0,7,0,0,0,0,0,0,0,0,0,0,0,0,0,0,0,7,0,7,0,0,0,7,0,7,2023
111000,"Vergewaltigung, sexuelle N tigung und sexueller  bergriff im besonders schweren Fall einschl. mit Todesfolge    177, 178 StGB",3159016,G ttingen,voll.,19,0,19,0,0,0,0,0,0,0,0,0,3,0,3,8,0,8,8,0,8,0,0,0,8,0,8,2023
111000,"Vergewaltigung, sexuelle N tigung und sexueller  bergriff im besonders schweren Fall einschl. mit Todesfolge    177, 178 StGB",3159016,G ttingen,insg.,26,0,26,0,0,0,0,0,0,0,0,0,3,0,3,8,0,8,15,0,15,0,0,0,15,0,15,2023
111000,"Vergewaltigung, sexuelle N tigung und sexueller  bergriff im besonders schweren Fall einschl. mit Todesfolge    177, 178 StGB",5754008,G tersloh,vers.,4,0,4,0,0,0,0,0,0,0,0,0,1,0,1,0,0,0,3,0,3,0,0,0,3,0,3,2023
111000,"Vergewaltigung, sexuelle N tigung und sexueller  bergriff im besonders schweren Fall einschl. mit Todesfolge    177, 178 StGB",5754008,G tersloh,voll.,17,2,15,0,0,0,0,0,0,0,0,0,3,0,3,2,1,1,12,1,11,0,0,0,12,1,11,2023
111000,"Vergewaltigung, sexuelle N tigung und sexueller  bergriff im besonders schweren Fall einschl. mit Todesfolge    177, 178 StGB",5754008,G tersloh,insg.,21,2,19,0,0,0,0,0,0,0,0,0,4,0,4,2,1,1,15,1,14,0,0,0,15,1,14,2023
111000,"Vergewaltigung, sexuelle N tigung und sexueller  bergriff im besonders schweren Fall einschl. mit Todesfolge    177, 178 StGB",5914000,Hagen,vers.,3,0,3,0,0,0,1,0,1,1,0,1,0,0,0,0,0,0,2,0,2,0,0,0,2,0,2,2023
111000,"Vergewaltigung, sexuelle N tigung und sexueller  bergriff im besonders schweren Fall einschl. mit Todesfolge    177, 178 StGB",5914000,Hagen,voll.,49,3,46,0,0,0,5,0,5,5,0,5,10,1,9,5,1,4,28,1,27,1,0,1,29,1,28,2023
111000,"Vergewaltigung, sexuelle N tigung und sexueller  bergriff im besonders schweren Fall einschl. mit Todesfolge    177, 178 StGB",5914000,Hagen,insg.,52,3,49,0,0,0,6,0,6,6,0,6,10,1,9,5,1,4,30,1,29,1,0,1,31,1,30,2023
111000,"Vergewaltigung, sexuelle N tigung und sexueller  bergriff im besonders schweren Fall einschl. mit Todesfolge    177, 178 StGB",15002000,Halle (Saale),vers.,7,0,7,0,0,0,0,0,0,0,0,0,2,0,2,0,0,0,5,0,5,0,0,0,5,0,5,2023
111000,"Vergewaltigung, sexuelle N tigung und sexueller  bergriff im besonders schweren Fall einschl. mit Todesfolge    177, 178 StGB",15002000,Halle (Saale),voll.,48,6,42,0,0,0,0,0,0,0,0,0,14,2,12,5,1,4,28,3,25,1,0,1,29,3,26,2023
111000,"Vergewaltigung, sexuelle N tigung und sexueller  bergriff im besonders schweren Fall einschl. mit Todesfolge    177, 178 StGB",15002000,Halle (Saale),insg.,55,6,49,0,0,0,0,0,0,0,0,0,16,2,14,5,1,4,33,3,30,1,0,1,34,3,31,2023
111000,"Vergewaltigung, sexuelle N tigung und sexueller  bergriff im besonders schweren Fall einschl. mit Todesfolge    177, 178 StGB",2000000,Hamburg,vers.,27,0,27,0,0,0,1,0,1,1,0,1,4,0,4,2,0,2,20,0,20,0,0,0,20,0,20,2023
111000,"Vergewaltigung, sexuelle N tigung und sexueller  bergriff im besonders schweren Fall einschl. mit Todesfolge    177, 178 StGB",2000000,Hamburg,voll.,240,12,228,1,0,1,3,0,3,4,0,4,51,4,47,36,1,35,143,7,136,6,0,6,149,7,142,2023
111000,"Vergewaltigung, sexuelle N tigung und sexueller  bergriff im besonders schweren Fall einschl. mit Todesfolge    177, 178 StGB",2000000,Hamburg,insg.,267,12,255,1,0,1,4,0,4,5,0,5,55,4,51,38,1,37,163,7,156,6,0,6,169,7,162,2023
111000,"Vergewaltigung, sexuelle N tigung und sexueller  bergriff im besonders schweren Fall einschl. mit Todesfolge    177, 178 StGB",5915000,Hamm,vers.,1,0,1,0,0,0,0,0,0,0,0,0,0,0,0,0,0,0,1,0,1,0,0,0,1,0,1,2023
111000,"Vergewaltigung, sexuelle N tigung und sexueller  bergriff im besonders schweren Fall einschl. mit Todesfolge    177, 178 StGB",5915000,Hamm,voll.,21,0,21,0,0,0,1,0,1,1,0,1,5,0,5,3,0,3,11,0,11,1,0,1,12,0,12,2023
111000,"Vergewaltigung, sexuelle N tigung und sexueller  bergriff im besonders schweren Fall einschl. mit Todesfolge    177, 178 StGB",5915000,Hamm,insg.,22,0,22,0,0,0,1,0,1,1,0,1,5,0,5,3,0,3,12,0,12,1,0,1,13,0,13,2023
111000,"Vergewaltigung, sexuelle N tigung und sexueller  bergriff im besonders schweren Fall einschl. mit Todesfolge    177, 178 StGB",6435014,Hanau,vers.,1,0,1,0,0,0,0,0,0,0,0,0,0,0,0,0,0,0,0,0,0,1,0,1,1,0,1,2023
111000,"Vergewaltigung, sexuelle N tigung und sexueller  bergriff im besonders schweren Fall einschl. mit Todesfolge    177, 178 StGB",6435014,Hanau,voll.,18,1,17,0,0,0,1,0,1,1,0,1,3,1,2,2,0,2,11,0,11,1,0,1,12,0,12,2023
111000,"Vergewaltigung, sexuelle N tigung und sexueller  bergriff im besonders schweren Fall einschl. mit Todesfolge    177, 178 StGB",6435014,Hanau,insg.,19,1,18,0,0,0,1,0,1,1,0,1,3,1,2,2,0,2,11,0,11,2,0,2,13,0,13,2023
111000,"Vergewaltigung, sexuelle N tigung und sexueller  bergriff im besonders schweren Fall einschl. mit Todesfolge    177, 178 StGB",3241001,Hannover,vers.,18,0,18,0,0,0,0,0,0,0,0,0,2,0,2,2,0,2,13,0,13,1,0,1,14,0,14,2023
111000,"Vergewaltigung, sexuelle N tigung und sexueller  bergriff im besonders schweren Fall einschl. mit Todesfolge    177, 178 StGB",3241001,Hannover,voll.,153,7,146,0,0,0,2,1,1,2,1,1,28,0,28,18,0,18,102,6,96,3,0,3,105,6,99,2023
111000,"Vergewaltigung, sexuelle N tigung und sexueller  bergriff im besonders schweren Fall einschl. mit Todesfolge    177, 178 StGB",3241001,Hannover,insg.,171,7,164,0,0,0,2,1,1,2,1,1,30,0,30,20,0,20,115,6,109,4,0,4,119,6,113,2023
111000,"Vergewaltigung, sexuelle N tigung und sexueller  bergriff im besonders schweren Fall einschl. mit Todesfolge    177, 178 StGB",8221000,Heidelberg,vers.,1,0,1,0,0,0,0,0,0,0,0,0,0,0,0,0,0,0,1,0,1,0,0,0,1,0,1,2023
111000,"Vergewaltigung, sexuelle N tigung und sexueller  bergriff im besonders schweren Fall einschl. mit Todesfolge    177, 178 StGB",8221000,Heidelberg,voll.,21,1,20,0,0,0,0,0,0,0,0,0,7,0,7,4,0,4,10,1,9,0,0,0,10,1,9,2023
111000,"Vergewaltigung, sexuelle N tigung und sexueller  bergriff im besonders schweren Fall einschl. mit Todesfolge    177, 178 StGB",8221000,Heidelberg,insg.,22,1,21,0,0,0,0,0,0,0,0,0,7,0,7,4,0,4,11,1,10,0,0,0,11,1,10,2023
111000,"Vergewaltigung, sexuelle N tigung und sexueller  bergriff im besonders schweren Fall einschl. mit Todesfolge    177, 178 StGB",8121000,Heilbronn,vers.,2,0,2,0,0,0,0,0,0,0,0,0,0,0,0,0,0,0,2,0,2,0,0,0,2,0,2,2023
111000,"Vergewaltigung, sexuelle N tigung und sexueller  bergriff im besonders schweren Fall einschl. mit Todesfolge    177, 178 StGB",8121000,Heilbronn,voll.,24,0,24,0,0,0,0,0,0,0,0,0,2,0,2,6,0,6,15,0,15,1,0,1,16,0,16,2023
111000,"Vergewaltigung, sexuelle N tigung und sexueller  bergriff im besonders schweren Fall einschl. mit Todesfolge    177, 178 StGB",8121000,Heilbronn,insg.,26,0,26,0,0,0,0,0,0,0,0,0,2,0,2,6,0,6,17,0,17,1,0,1,18,0,18,2023
111000,"Vergewaltigung, sexuelle N tigung und sexueller  bergriff im besonders schweren Fall einschl. mit Todesfolge    177, 178 StGB",5916000,Herne,vers.,0,0,0,0,0,0,0,0,0,0,0,0,0,0,0,0,0,0,0,0,0,0,0,0,0,0,0,2023
111000,"Vergewaltigung, sexuelle N tigung und sexueller  bergriff im besonders schweren Fall einschl. mit Todesfolge    177, 178 StGB",5916000,Herne,voll.,20,0,20,0,0,0,0,0,0,0,0,0,9,0,9,3,0,3,8,0,8,0,0,0,8,0,8,2023
111000,"Vergewaltigung, sexuelle N tigung und sexueller  bergriff im besonders schweren Fall einschl. mit Todesfolge    177, 178 StGB",5916000,Herne,insg.,20,0,20,0,0,0,0,0,0,0,0,0,9,0,9,3,0,3,8,0,8,0,0,0,8,0,8,2023
111000,"Vergewaltigung, sexuelle N tigung und sexueller  bergriff im besonders schweren Fall einschl. mit Todesfolge    177, 178 StGB",3254021,Hildesheim,vers.,1,0,1,0,0,0,0,0,0,0,0,0,1,0,1,0,0,0,0,0,0,0,0,0,0,0,0,2023
111000,"Vergewaltigung, sexuelle N tigung und sexueller  bergriff im besonders schweren Fall einschl. mit Todesfolge    177, 178 StGB",3254021,Hildesheim,voll.,27,1,26,0,0,0,2,1,1,2,1,1,11,0,11,1,0,1,13,0,13,0,0,0,13,0,13,2023
111000,"Vergewaltigung, sexuelle N tigung und sexueller  bergriff im besonders schweren Fall einschl. mit Todesfolge    177, 178 StGB",3254021,Hildesheim,insg.,28,1,27,0,0,0,2,1,1,2,1,1,12,0,12,1,0,1,13,0,13,0,0,0,13,0,13,2023
111000,"Vergewaltigung, sexuelle N tigung und sexueller  bergriff im besonders schweren Fall einschl. mit Todesfolge    177, 178 StGB",9161000,Ingolstadt,vers.,6,0,6,0,0,0,0,0,0,0,0,0,2,0,2,2,0,2,2,0,2,0,0,0,2,0,2,2023
111000,"Vergewaltigung, sexuelle N tigung und sexueller  bergriff im besonders schweren Fall einschl. mit Todesfolge    177, 178 StGB",9161000,Ingolstadt,voll.,17,2,15,0,0,0,0,0,0,0,0,0,3,0,3,4,1,3,8,1,7,2,0,2,10,1,9,2023
111000,"Vergewaltigung, sexuelle N tigung und sexueller  bergriff im besonders schweren Fall einschl. mit Todesfolge    177, 178 StGB",9161000,Ingolstadt,insg.,23,2,21,0,0,0,0,0,0,0,0,0,5,0,5,6,1,5,10,1,9,2,0,2,12,1,11,2023
111000,"Vergewaltigung, sexuelle N tigung und sexueller  bergriff im besonders schweren Fall einschl. mit Todesfolge    177, 178 StGB",16053000,Jena,vers.,0,0,0,0,0,0,0,0,0,0,0,0,0,0,0,0,0,0,0,0,0,0,0,0,0,0,0,2023
111000,"Vergewaltigung, sexuelle N tigung und sexueller  bergriff im besonders schweren Fall einschl. mit Todesfolge    177, 178 StGB",16053000,Jena,voll.,4,0,4,0,0,0,0,0,0,0,0,0,0,0,0,2,0,2,2,0,2,0,0,0,2,0,2,2023
111000,"Vergewaltigung, sexuelle N tigung und sexueller  bergriff im besonders schweren Fall einschl. mit Todesfolge    177, 178 StGB",16053000,Jena,insg.,4,0,4,0,0,0,0,0,0,0,0,0,0,0,0,2,0,2,2,0,2,0,0,0,2,0,2,2023
111000,"Vergewaltigung, sexuelle N tigung und sexueller  bergriff im besonders schweren Fall einschl. mit Todesfolge    177, 178 StGB",7312000,Kaiserslautern,vers.,2,1,1,0,0,0,0,0,0,0,0,0,0,0,0,0,0,0,2,1,1,0,0,0,2,1,1,2023
111000,"Vergewaltigung, sexuelle N tigung und sexueller  bergriff im besonders schweren Fall einschl. mit Todesfolge    177, 178 StGB",7312000,Kaiserslautern,voll.,18,0,18,0,0,0,0,0,0,0,0,0,5,0,5,4,0,4,9,0,9,0,0,0,9,0,9,2023
111000,"Vergewaltigung, sexuelle N tigung und sexueller  bergriff im besonders schweren Fall einschl. mit Todesfolge    177, 178 StGB",7312000,Kaiserslautern,insg.,20,1,19,0,0,0,0,0,0,0,0,0,5,0,5,4,0,4,11,1,10,0,0,0,11,1,10,2023
111000,"Vergewaltigung, sexuelle N tigung und sexueller  bergriff im besonders schweren Fall einschl. mit Todesfolge    177, 178 StGB",8212000,Karlsruhe,vers.,5,0,5,0,0,0,0,0,0,0,0,0,2,0,2,0,0,0,3,0,3,0,0,0,3,0,3,2023
111000,"Vergewaltigung, sexuelle N tigung und sexueller  bergriff im besonders schweren Fall einschl. mit Todesfolge    177, 178 StGB",8212000,Karlsruhe,voll.,44,1,43,0,0,0,0,0,0,0,0,0,9,0,9,9,0,9,23,1,22,3,0,3,26,1,25,2023
111000,"Vergewaltigung, sexuelle N tigung und sexueller  bergriff im besonders schweren Fall einschl. mit Todesfolge    177, 178 StGB",8212000,Karlsruhe,insg.,49,1,48,0,0,0,0,0,0,0,0,0,11,0,11,9,0,9,26,1,25,3,0,3,29,1,28,2023
111000,"Vergewaltigung, sexuelle N tigung und sexueller  bergriff im besonders schweren Fall einschl. mit Todesfolge    177, 178 StGB",6611000,Kassel,vers.,5,0,5,0,0,0,0,0,0,0,0,0,2,0,2,0,0,0,3,0,3,0,0,0,3,0,3,2023
111000,"Vergewaltigung, sexuelle N tigung und sexueller  bergriff im besonders schweren Fall einschl. mit Todesfolge    177, 178 StGB",6611000,Kassel,voll.,51,2,49,0,0,0,1,0,1,1,0,1,9,0,9,8,0,8,30,2,28,3,0,3,33,2,31,2023
111000,"Vergewaltigung, sexuelle N tigung und sexueller  bergriff im besonders schweren Fall einschl. mit Todesfolge    177, 178 StGB",6611000,Kassel,insg.,56,2,54,0,0,0,1,0,1,1,0,1,11,0,11,8,0,8,33,2,31,3,0,3,36,2,34,2023
111000,"Vergewaltigung, sexuelle N tigung und sexueller  bergriff im besonders schweren Fall einschl. mit Todesfolge    177, 178 StGB",1002000,Kiel,vers.,7,0,7,0,0,0,0,0,0,0,0,0,0,0,0,0,0,0,6,0,6,1,0,1,7,0,7,2023
111000,"Vergewaltigung, sexuelle N tigung und sexueller  bergriff im besonders schweren Fall einschl. mit Todesfolge    177, 178 StGB",1002000,Kiel,voll.,33,3,30,0,0,0,1,0,1,1,0,1,11,2,9,8,0,8,13,1,12,0,0,0,13,1,12,2023
111000,"Vergewaltigung, sexuelle N tigung und sexueller  bergriff im besonders schweren Fall einschl. mit Todesfolge    177, 178 StGB",1002000,Kiel,insg.,40,3,37,0,0,0,1,0,1,1,0,1,11,2,9,8,0,8,19,1,18,1,0,1,20,1,19,2023
111000,"Vergewaltigung, sexuelle N tigung und sexueller  bergriff im besonders schweren Fall einschl. mit Todesfolge    177, 178 StGB",7111000,Koblenz,vers.,2,0,2,0,0,0,0,0,0,0,0,0,0,0,0,0,0,0,2,0,2,0,0,0,2,0,2,2023
111000,"Vergewaltigung, sexuelle N tigung und sexueller  bergriff im besonders schweren Fall einschl. mit Todesfolge    177, 178 StGB",7111000,Koblenz,voll.,14,1,13,0,0,0,0,0,0,0,0,0,3,0,3,3,0,3,8,1,7,0,0,0,8,1,7,2023
111000,"Vergewaltigung, sexuelle N tigung und sexueller  bergriff im besonders schweren Fall einschl. mit Todesfolge    177, 178 StGB",7111000,Koblenz,insg.,16,1,15,0,0,0,0,0,0,0,0,0,3,0,3,3,0,3,10,1,9,0,0,0,10,1,9,2023
111000,"Vergewaltigung, sexuelle N tigung und sexueller  bergriff im besonders schweren Fall einschl. mit Todesfolge    177, 178 StGB",5315000,K ln,vers.,44,1,43,0,0,0,0,0,0,0,0,0,4,0,4,7,0,7,32,1,31,1,0,1,33,1,32,2023
111000,"Vergewaltigung, sexuelle N tigung und sexueller  bergriff im besonders schweren Fall einschl. mit Todesfolge    177, 178 StGB",5315000,K ln,voll.,304,23,281,1,0,1,4,0,4,5,0,5,47,2,45,53,3,50,184,15,169,15,3,12,199,18,181,2023
111000,"Vergewaltigung, sexuelle N tigung und sexueller  bergriff im besonders schweren Fall einschl. mit Todesfolge    177, 178 StGB",5315000,K ln,insg.,348,24,324,1,0,1,4,0,4,5,0,5,51,2,49,60,3,57,216,16,200,16,3,13,232,19,213,2023
111000,"Vergewaltigung, sexuelle N tigung und sexueller  bergriff im besonders schweren Fall einschl. mit Todesfolge    177, 178 StGB",5114000,Krefeld,vers.,1,0,1,0,0,0,0,0,0,0,0,0,0,0,0,0,0,0,1,0,1,0,0,0,1,0,1,2023
111000,"Vergewaltigung, sexuelle N tigung und sexueller  bergriff im besonders schweren Fall einschl. mit Todesfolge    177, 178 StGB",5114000,Krefeld,voll.,33,2,31,0,0,0,0,0,0,0,0,0,8,1,7,9,0,9,15,0,15,1,1,0,16,1,15,2023
111000,"Vergewaltigung, sexuelle N tigung und sexueller  bergriff im besonders schweren Fall einschl. mit Todesfolge    177, 178 StGB",5114000,Krefeld,insg.,34,2,32,0,0,0,0,0,0,0,0,0,8,1,7,9,0,9,16,0,16,1,1,0,17,1,16,2023
111000,"Vergewaltigung, sexuelle N tigung und sexueller  bergriff im besonders schweren Fall einschl. mit Todesfolge    177, 178 StGB",14713000,Leipzig,vers.,3,0,3,0,0,0,0,0,0,0,0,0,1,0,1,0,0,0,2,0,2,0,0,0,2,0,2,2023
111000,"Vergewaltigung, sexuelle N tigung und sexueller  bergriff im besonders schweren Fall einschl. mit Todesfolge    177, 178 StGB",14713000,Leipzig,voll.,46,1,45,0,0,0,1,0,1,1,0,1,13,1,12,10,0,10,22,0,22,0,0,0,22,0,22,2023
111000,"Vergewaltigung, sexuelle N tigung und sexueller  bergriff im besonders schweren Fall einschl. mit Todesfolge    177, 178 StGB",14713000,Leipzig,insg.,49,1,48,0,0,0,1,0,1,1,0,1,14,1,13,10,0,10,24,0,24,0,0,0,24,0,24,2023
111000,"Vergewaltigung, sexuelle N tigung und sexueller  bergriff im besonders schweren Fall einschl. mit Todesfolge    177, 178 StGB",5316000,Leverkusen,vers.,5,0,5,0,0,0,0,0,0,0,0,0,2,0,2,0,0,0,3,0,3,0,0,0,3,0,3,2023
111000,"Vergewaltigung, sexuelle N tigung und sexueller  bergriff im besonders schweren Fall einschl. mit Todesfolge    177, 178 StGB",5316000,Leverkusen,voll.,26,1,25,0,0,0,2,0,2,2,0,2,5,0,5,5,0,5,14,1,13,0,0,0,14,1,13,2023
111000,"Vergewaltigung, sexuelle N tigung und sexueller  bergriff im besonders schweren Fall einschl. mit Todesfolge    177, 178 StGB",5316000,Leverkusen,insg.,31,1,30,0,0,0,2,0,2,2,0,2,7,0,7,5,0,5,17,1,16,0,0,0,17,1,16,2023
111000,"Vergewaltigung, sexuelle N tigung und sexueller  bergriff im besonders schweren Fall einschl. mit Todesfolge    177, 178 StGB",1003000,L beck,vers.,4,0,4,0,0,0,0,0,0,0,0,0,0,0,0,1,0,1,3,0,3,0,0,0,3,0,3,2023
111000,"Vergewaltigung, sexuelle N tigung und sexueller  bergriff im besonders schweren Fall einschl. mit Todesfolge    177, 178 StGB",1003000,L beck,voll.,31,1,30,0,0,0,0,0,0,0,0,0,5,0,5,4,0,4,22,1,21,0,0,0,22,1,21,2023
111000,"Vergewaltigung, sexuelle N tigung und sexueller  bergriff im besonders schweren Fall einschl. mit Todesfolge    177, 178 StGB",1003000,L beck,insg.,35,1,34,0,0,0,0,0,0,0,0,0,5,0,5,5,0,5,25,1,24,0,0,0,25,1,24,2023
111000,"Vergewaltigung, sexuelle N tigung und sexueller  bergriff im besonders schweren Fall einschl. mit Todesfolge    177, 178 StGB",7314000,Ludwigshafen am Rhein,vers.,6,0,6,0,0,0,0,0,0,0,0,0,0,0,0,0,0,0,6,0,6,0,0,0,6,0,6,2023
111000,"Vergewaltigung, sexuelle N tigung und sexueller  bergriff im besonders schweren Fall einschl. mit Todesfolge    177, 178 StGB",7314000,Ludwigshafen am Rhein,voll.,40,2,38,0,0,0,1,0,1,1,0,1,8,0,8,5,0,5,26,2,24,0,0,0,26,2,24,2023
111000,"Vergewaltigung, sexuelle N tigung und sexueller  bergriff im besonders schweren Fall einschl. mit Todesfolge    177, 178 StGB",7314000,Ludwigshafen am Rhein,insg.,46,2,44,0,0,0,1,0,1,1,0,1,8,0,8,5,0,5,32,2,30,0,0,0,32,2,30,2023
111000,"Vergewaltigung, sexuelle N tigung und sexueller  bergriff im besonders schweren Fall einschl. mit Todesfolge    177, 178 StGB",15003000,Magdeburg,vers.,3,0,3,0,0,0,0,0,0,0,0,0,0,0,0,0,0,0,3,0,3,0,0,0,3,0,3,2023
111000,"Vergewaltigung, sexuelle N tigung und sexueller  bergriff im besonders schweren Fall einschl. mit Todesfolge    177, 178 StGB",15003000,Magdeburg,voll.,52,2,50,1,0,1,0,0,0,1,0,1,10,0,10,7,0,7,32,2,30,2,0,2,34,2,32,2023
111000,"Vergewaltigung, sexuelle N tigung und sexueller  bergriff im besonders schweren Fall einschl. mit Todesfolge    177, 178 StGB",15003000,Magdeburg,insg.,55,2,53,1,0,1,0,0,0,1,0,1,10,0,10,7,0,7,35,2,33,2,0,2,37,2,35,2023
111000,"Vergewaltigung, sexuelle N tigung und sexueller  bergriff im besonders schweren Fall einschl. mit Todesfolge    177, 178 StGB",7315000,Mainz,vers.,3,0,3,0,0,0,0,0,0,0,0,0,0,0,0,1,0,1,2,0,2,0,0,0,2,0,2,2023
111000,"Vergewaltigung, sexuelle N tigung und sexueller  bergriff im besonders schweren Fall einschl. mit Todesfolge    177, 178 StGB",7315000,Mainz,voll.,45,4,41,0,0,0,0,0,0,0,0,0,8,0,8,5,1,4,32,3,29,0,0,0,32,3,29,2023
111000,"Vergewaltigung, sexuelle N tigung und sexueller  bergriff im besonders schweren Fall einschl. mit Todesfolge    177, 178 StGB",7315000,Mainz,insg.,48,4,44,0,0,0,0,0,0,0,0,0,8,0,8,6,1,5,34,3,31,0,0,0,34,3,31,2023
111000,"Vergewaltigung, sexuelle N tigung und sexueller  bergriff im besonders schweren Fall einschl. mit Todesfolge    177, 178 StGB",8222000,Mannheim,vers.,4,0,4,0,0,0,0,0,0,0,0,0,0,0,0,0,0,0,4,0,4,0,0,0,4,0,4,2023
111000,"Vergewaltigung, sexuelle N tigung und sexueller  bergriff im besonders schweren Fall einschl. mit Todesfolge    177, 178 StGB",8222000,Mannheim,voll.,40,2,38,1,1,0,1,0,1,2,1,1,8,0,8,6,0,6,24,1,23,0,0,0,24,1,23,2023
111000,"Vergewaltigung, sexuelle N tigung und sexueller  bergriff im besonders schweren Fall einschl. mit Todesfolge    177, 178 StGB",8222000,Mannheim,insg.,44,2,42,1,1,0,1,0,1,2,1,1,8,0,8,6,0,6,28,1,27,0,0,0,28,1,27,2023
111000,"Vergewaltigung, sexuelle N tigung und sexueller  bergriff im besonders schweren Fall einschl. mit Todesfolge    177, 178 StGB",5170024,Moers,vers.,0,0,0,0,0,0,0,0,0,0,0,0,0,0,0,0,0,0,0,0,0,0,0,0,0,0,0,2023
111000,"Vergewaltigung, sexuelle N tigung und sexueller  bergriff im besonders schweren Fall einschl. mit Todesfolge    177, 178 StGB",5170024,Moers,voll.,8,1,7,0,0,0,0,0,0,0,0,0,1,1,0,1,0,1,6,0,6,0,0,0,6,0,6,2023
111000,"Vergewaltigung, sexuelle N tigung und sexueller  bergriff im besonders schweren Fall einschl. mit Todesfolge    177, 178 StGB",5170024,Moers,insg.,8,1,7,0,0,0,0,0,0,0,0,0,1,1,0,1,0,1,6,0,6,0,0,0,6,0,6,2023
111000,"Vergewaltigung, sexuelle N tigung und sexueller  bergriff im besonders schweren Fall einschl. mit Todesfolge    177, 178 StGB",5116000,M nchengladbach,vers.,5,0,5,0,0,0,0,0,0,0,0,0,1,0,1,1,0,1,3,0,3,0,0,0,3,0,3,2023
111000,"Vergewaltigung, sexuelle N tigung und sexueller  bergriff im besonders schweren Fall einschl. mit Todesfolge    177, 178 StGB",5116000,M nchengladbach,voll.,55,5,50,0,0,0,1,0,1,1,0,1,12,2,10,10,1,9,32,2,30,0,0,0,32,2,30,2023
111000,"Vergewaltigung, sexuelle N tigung und sexueller  bergriff im besonders schweren Fall einschl. mit Todesfolge    177, 178 StGB",5116000,M nchengladbach,insg.,60,5,55,0,0,0,1,0,1,1,0,1,13,2,11,11,1,10,35,2,33,0,0,0,35,2,33,2023
111000,"Vergewaltigung, sexuelle N tigung und sexueller  bergriff im besonders schweren Fall einschl. mit Todesfolge    177, 178 StGB",5117000,M lheim an der Ruhr,vers.,5,0,5,0,0,0,0,0,0,0,0,0,0,0,0,1,0,1,3,0,3,1,0,1,4,0,4,2023
111000,"Vergewaltigung, sexuelle N tigung und sexueller  bergriff im besonders schweren Fall einschl. mit Todesfolge    177, 178 StGB",5117000,M lheim an der Ruhr,voll.,32,2,30,0,0,0,0,0,0,0,0,0,9,0,9,6,0,6,17,2,15,0,0,0,17,2,15,2023
111000,"Vergewaltigung, sexuelle N tigung und sexueller  bergriff im besonders schweren Fall einschl. mit Todesfolge    177, 178 StGB",5117000,M lheim an der Ruhr,insg.,37,2,35,0,0,0,0,0,0,0,0,0,9,0,9,7,0,7,20,2,18,1,0,1,21,2,19,2023
111000,"Vergewaltigung, sexuelle N tigung und sexueller  bergriff im besonders schweren Fall einschl. mit Todesfolge    177, 178 StGB",9162000,M nchen,vers.,19,0,19,0,0,0,0,0,0,0,0,0,1,0,1,0,0,0,18,0,18,0,0,0,18,0,18,2023
111000,"Vergewaltigung, sexuelle N tigung und sexueller  bergriff im besonders schweren Fall einschl. mit Todesfolge    177, 178 StGB",9162000,M nchen,voll.,225,4,221,0,0,0,0,0,0,0,0,0,45,0,45,36,0,36,140,4,136,4,0,4,144,4,140,2023
111000,"Vergewaltigung, sexuelle N tigung und sexueller  bergriff im besonders schweren Fall einschl. mit Todesfolge    177, 178 StGB",9162000,M nchen,insg.,244,4,240,0,0,0,0,0,0,0,0,0,46,0,46,36,0,36,158,4,154,4,0,4,162,4,158,2023
111000,"Vergewaltigung, sexuelle N tigung und sexueller  bergriff im besonders schweren Fall einschl. mit Todesfolge    177, 178 StGB",5515000,M nster,vers.,2,0,2,0,0,0,0,0,0,0,0,0,0,0,0,1,0,1,1,0,1,0,0,0,1,0,1,2023
111000,"Vergewaltigung, sexuelle N tigung und sexueller  bergriff im besonders schweren Fall einschl. mit Todesfolge    177, 178 StGB",5515000,M nster,voll.,57,5,52,0,0,0,2,0,2,2,0,2,9,0,9,10,1,9,35,4,31,1,0,1,36,4,32,2023
111000,"Vergewaltigung, sexuelle N tigung und sexueller  bergriff im besonders schweren Fall einschl. mit Todesfolge    177, 178 StGB",5515000,M nster,insg.,59,5,54,0,0,0,2,0,2,2,0,2,9,0,9,11,1,10,36,4,32,1,0,1,37,4,33,2023
111000,"Vergewaltigung, sexuelle N tigung und sexueller  bergriff im besonders schweren Fall einschl. mit Todesfolge    177, 178 StGB",5162024,Neuss,vers.,0,0,0,0,0,0,0,0,0,0,0,0,0,0,0,0,0,0,0,0,0,0,0,0,0,0,0,2023
111000,"Vergewaltigung, sexuelle N tigung und sexueller  bergriff im besonders schweren Fall einschl. mit Todesfolge    177, 178 StGB",5162024,Neuss,voll.,23,0,23,0,0,0,0,0,0,0,0,0,5,0,5,5,0,5,13,0,13,0,0,0,13,0,13,2023
111000,"Vergewaltigung, sexuelle N tigung und sexueller  bergriff im besonders schweren Fall einschl. mit Todesfolge    177, 178 StGB",5162024,Neuss,insg.,23,0,23,0,0,0,0,0,0,0,0,0,5,0,5,5,0,5,13,0,13,0,0,0,13,0,13,2023
111000,"Vergewaltigung, sexuelle N tigung und sexueller  bergriff im besonders schweren Fall einschl. mit Todesfolge    177, 178 StGB",9564000,N rnberg,vers.,8,0,8,0,0,0,0,0,0,0,0,0,1,0,1,4,0,4,3,0,3,0,0,0,3,0,3,2023
111000,"Vergewaltigung, sexuelle N tigung und sexueller  bergriff im besonders schweren Fall einschl. mit Todesfolge    177, 178 StGB",9564000,N rnberg,voll.,80,9,71,0,0,0,0,0,0,0,0,0,14,1,13,15,1,14,51,7,44,0,0,0,51,7,44,2023
111000,"Vergewaltigung, sexuelle N tigung und sexueller  bergriff im besonders schweren Fall einschl. mit Todesfolge    177, 178 StGB",9564000,N rnberg,insg.,88,9,79,0,0,0,0,0,0,0,0,0,15,1,14,19,1,18,54,7,47,0,0,0,54,7,47,2023
111000,"Vergewaltigung, sexuelle N tigung und sexueller  bergriff im besonders schweren Fall einschl. mit Todesfolge    177, 178 StGB",5119000,Oberhausen,vers.,5,0,5,0,0,0,0,0,0,0,0,0,1,0,1,1,0,1,2,0,2,1,0,1,3,0,3,2023
111000,"Vergewaltigung, sexuelle N tigung und sexueller  bergriff im besonders schweren Fall einschl. mit Todesfolge    177, 178 StGB",5119000,Oberhausen,voll.,34,6,28,1,1,0,0,0,0,1,1,0,5,0,5,7,1,6,21,4,17,0,0,0,21,4,17,2023
111000,"Vergewaltigung, sexuelle N tigung und sexueller  bergriff im besonders schweren Fall einschl. mit Todesfolge    177, 178 StGB",5119000,Oberhausen,insg.,39,6,33,1,1,0,0,0,0,1,1,0,6,0,6,8,1,7,23,4,19,1,0,1,24,4,20,2023
111000,"Vergewaltigung, sexuelle N tigung und sexueller  bergriff im besonders schweren Fall einschl. mit Todesfolge    177, 178 StGB",6413000,Offenbach am Main,vers.,2,0,2,0,0,0,0,0,0,0,0,0,0,0,0,1,0,1,1,0,1,0,0,0,1,0,1,2023
111000,"Vergewaltigung, sexuelle N tigung und sexueller  bergriff im besonders schweren Fall einschl. mit Todesfolge    177, 178 StGB",6413000,Offenbach am Main,voll.,21,1,20,0,0,0,1,0,1,1,0,1,1,0,1,0,0,0,19,1,18,0,0,0,19,1,18,2023
111000,"Vergewaltigung, sexuelle N tigung und sexueller  bergriff im besonders schweren Fall einschl. mit Todesfolge    177, 178 StGB",6413000,Offenbach am Main,insg.,23,1,22,0,0,0,1,0,1,1,0,1,1,0,1,1,0,1,20,1,19,0,0,0,20,1,19,2023
111000,"Vergewaltigung, sexuelle N tigung und sexueller  bergriff im besonders schweren Fall einschl. mit Todesfolge    177, 178 StGB",3403000,Oldenburg (Oldenburg),vers.,1,1,0,0,0,0,1,1,0,1,1,0,0,0,0,0,0,0,0,0,0,0,0,0,0,0,0,2023
111000,"Vergewaltigung, sexuelle N tigung und sexueller  bergriff im besonders schweren Fall einschl. mit Todesfolge    177, 178 StGB",3403000,Oldenburg (Oldenburg),voll.,31,1,30,0,0,0,2,1,1,2,1,1,7,0,7,6,0,6,16,0,16,0,0,0,16,0,16,2023
111000,"Vergewaltigung, sexuelle N tigung und sexueller  bergriff im besonders schweren Fall einschl. mit Todesfolge    177, 178 StGB",3403000,Oldenburg (Oldenburg),insg.,32,2,30,0,0,0,3,2,1,3,2,1,7,0,7,6,0,6,16,0,16,0,0,0,16,0,16,2023
111000,"Vergewaltigung, sexuelle N tigung und sexueller  bergriff im besonders schweren Fall einschl. mit Todesfolge    177, 178 StGB",3404000,Osnabr ck,vers.,5,0,5,0,0,0,0,0,0,0,0,0,1,0,1,0,0,0,4,0,4,0,0,0,4,0,4,2023
111000,"Vergewaltigung, sexuelle N tigung und sexueller  bergriff im besonders schweren Fall einschl. mit Todesfolge    177, 178 StGB",3404000,Osnabr ck,voll.,44,1,43,0,0,0,2,0,2,2,0,2,10,1,9,5,0,5,27,0,27,0,0,0,27,0,27,2023
111000,"Vergewaltigung, sexuelle N tigung und sexueller  bergriff im besonders schweren Fall einschl. mit Todesfolge    177, 178 StGB",3404000,Osnabr ck,insg.,49,1,48,0,0,0,2,0,2,2,0,2,11,1,10,5,0,5,31,0,31,0,0,0,31,0,31,2023
111000,"Vergewaltigung, sexuelle N tigung und sexueller  bergriff im besonders schweren Fall einschl. mit Todesfolge    177, 178 StGB",5774032,Paderborn,vers.,2,1,1,0,0,0,0,0,0,0,0,0,1,0,1,1,1,0,0,0,0,0,0,0,0,0,0,2023
111000,"Vergewaltigung, sexuelle N tigung und sexueller  bergriff im besonders schweren Fall einschl. mit Todesfolge    177, 178 StGB",5774032,Paderborn,voll.,33,0,33,0,0,0,0,0,0,0,0,0,13,0,13,2,0,2,18,0,18,0,0,0,18,0,18,2023
111000,"Vergewaltigung, sexuelle N tigung und sexueller  bergriff im besonders schweren Fall einschl. mit Todesfolge    177, 178 StGB",5774032,Paderborn,insg.,35,1,34,0,0,0,0,0,0,0,0,0,14,0,14,3,1,2,18,0,18,0,0,0,18,0,18,2023
111000,"Vergewaltigung, sexuelle N tigung und sexueller  bergriff im besonders schweren Fall einschl. mit Todesfolge    177, 178 StGB",8231000,Pforzheim,vers.,6,1,5,0,0,0,0,0,0,0,0,0,1,0,1,0,0,0,5,1,4,0,0,0,5,1,4,2023
111000,"Vergewaltigung, sexuelle N tigung und sexueller  bergriff im besonders schweren Fall einschl. mit Todesfolge    177, 178 StGB",8231000,Pforzheim,voll.,38,1,37,0,0,0,0,0,0,0,0,0,7,1,6,3,0,3,27,0,27,1,0,1,28,0,28,2023
111000,"Vergewaltigung, sexuelle N tigung und sexueller  bergriff im besonders schweren Fall einschl. mit Todesfolge    177, 178 StGB",8231000,Pforzheim,insg.,44,2,42,0,0,0,0,0,0,0,0,0,8,1,7,3,0,3,32,1,31,1,0,1,33,1,32,2023
111000,"Vergewaltigung, sexuelle N tigung und sexueller  bergriff im besonders schweren Fall einschl. mit Todesfolge    177, 178 StGB",12054000,Potsdam,vers.,2,0,2,0,0,0,0,0,0,0,0,0,0,0,0,0,0,0,2,0,2,0,0,0,2,0,2,2023
111000,"Vergewaltigung, sexuelle N tigung und sexueller  bergriff im besonders schweren Fall einschl. mit Todesfolge    177, 178 StGB",12054000,Potsdam,voll.,22,1,21,0,0,0,0,0,0,0,0,0,4,0,4,8,0,8,10,1,9,0,0,0,10,1,9,2023
111000,"Vergewaltigung, sexuelle N tigung und sexueller  bergriff im besonders schweren Fall einschl. mit Todesfolge    177, 178 StGB",12054000,Potsdam,insg.,24,1,23,0,0,0,0,0,0,0,0,0,4,0,4,8,0,8,12,1,11,0,0,0,12,1,11,2023
111000,"Vergewaltigung, sexuelle N tigung und sexueller  bergriff im besonders schweren Fall einschl. mit Todesfolge    177, 178 StGB",5562032,Recklinghausen,vers.,2,0,2,0,0,0,0,0,0,0,0,0,0,0,0,1,0,1,1,0,1,0,0,0,1,0,1,2023
111000,"Vergewaltigung, sexuelle N tigung und sexueller  bergriff im besonders schweren Fall einschl. mit Todesfolge    177, 178 StGB",5562032,Recklinghausen,voll.,21,0,21,0,0,0,1,0,1,1,0,1,3,0,3,4,0,4,13,0,13,0,0,0,13,0,13,2023
111000,"Vergewaltigung, sexuelle N tigung und sexueller  bergriff im besonders schweren Fall einschl. mit Todesfolge    177, 178 StGB",5562032,Recklinghausen,insg.,23,0,23,0,0,0,1,0,1,1,0,1,3,0,3,5,0,5,14,0,14,0,0,0,14,0,14,2023
111000,"Vergewaltigung, sexuelle N tigung und sexueller  bergriff im besonders schweren Fall einschl. mit Todesfolge    177, 178 StGB",9362000,Regensburg,vers.,8,1,7,0,0,0,0,0,0,0,0,0,0,0,0,0,0,0,8,1,7,0,0,0,8,1,7,2023
111000,"Vergewaltigung, sexuelle N tigung und sexueller  bergriff im besonders schweren Fall einschl. mit Todesfolge    177, 178 StGB",9362000,Regensburg,voll.,27,0,27,0,0,0,0,0,0,0,0,0,4,0,4,7,0,7,16,0,16,0,0,0,16,0,16,2023
111000,"Vergewaltigung, sexuelle N tigung und sexueller  bergriff im besonders schweren Fall einschl. mit Todesfolge    177, 178 StGB",9362000,Regensburg,insg.,35,1,34,0,0,0,0,0,0,0,0,0,4,0,4,7,0,7,24,1,23,0,0,0,24,1,23,2023
111000,"Vergewaltigung, sexuelle N tigung und sexueller  bergriff im besonders schweren Fall einschl. mit Todesfolge    177, 178 StGB",5120000,Remscheid,vers.,2,1,1,0,0,0,0,0,0,0,0,0,1,0,1,0,0,0,1,1,0,0,0,0,1,1,0,2023
111000,"Vergewaltigung, sexuelle N tigung und sexueller  bergriff im besonders schweren Fall einschl. mit Todesfolge    177, 178 StGB",5120000,Remscheid,voll.,18,1,17,0,0,0,0,0,0,0,0,0,6,0,6,5,0,5,7,1,6,0,0,0,7,1,6,2023
111000,"Vergewaltigung, sexuelle N tigung und sexueller  bergriff im besonders schweren Fall einschl. mit Todesfolge    177, 178 StGB",5120000,Remscheid,insg.,20,2,18,0,0,0,0,0,0,0,0,0,7,0,7,5,0,5,8,2,6,0,0,0,8,2,6,2023
111000,"Vergewaltigung, sexuelle N tigung und sexueller  bergriff im besonders schweren Fall einschl. mit Todesfolge    177, 178 StGB",8415061,Reutlingen,vers.,0,0,0,0,0,0,0,0,0,0,0,0,0,0,0,0,0,0,0,0,0,0,0,0,0,0,0,2023
111000,"Vergewaltigung, sexuelle N tigung und sexueller  bergriff im besonders schweren Fall einschl. mit Todesfolge    177, 178 StGB",8415061,Reutlingen,voll.,13,1,12,0,0,0,0,0,0,0,0,0,4,0,4,1,0,1,8,1,7,0,0,0,8,1,7,2023
111000,"Vergewaltigung, sexuelle N tigung und sexueller  bergriff im besonders schweren Fall einschl. mit Todesfolge    177, 178 StGB",8415061,Reutlingen,insg.,13,1,12,0,0,0,0,0,0,0,0,0,4,0,4,1,0,1,8,1,7,0,0,0,8,1,7,2023
111000,"Vergewaltigung, sexuelle N tigung und sexueller  bergriff im besonders schweren Fall einschl. mit Todesfolge    177, 178 StGB",13003000,"Rostock, Hanse- und Universit tsstadt",vers.,1,0,1,0,0,0,0,0,0,0,0,0,1,0,1,0,0,0,0,0,0,0,0,0,0,0,0,2023
111000,"Vergewaltigung, sexuelle N tigung und sexueller  bergriff im besonders schweren Fall einschl. mit Todesfolge    177, 178 StGB",13003000,"Rostock, Hanse- und Universit tsstadt",voll.,16,2,14,0,0,0,0,0,0,0,0,0,4,0,4,2,0,2,10,2,8,0,0,0,10,2,8,2023
111000,"Vergewaltigung, sexuelle N tigung und sexueller  bergriff im besonders schweren Fall einschl. mit Todesfolge    177, 178 StGB",13003000,"Rostock, Hanse- und Universit tsstadt",insg.,17,2,15,0,0,0,0,0,0,0,0,0,5,0,5,2,0,2,10,2,8,0,0,0,10,2,8,2023
111000,"Vergewaltigung, sexuelle N tigung und sexueller  bergriff im besonders schweren Fall einschl. mit Todesfolge    177, 178 StGB",10041100,Saarbr cken,vers.,7,1,6,0,0,0,0,0,0,0,0,0,1,0,1,1,0,1,5,1,4,0,0,0,5,1,4,2023
111000,"Vergewaltigung, sexuelle N tigung und sexueller  bergriff im besonders schweren Fall einschl. mit Todesfolge    177, 178 StGB",10041100,Saarbr cken,voll.,29,2,27,0,0,0,2,0,2,2,0,2,7,1,6,5,0,5,15,1,14,0,0,0,15,1,14,2023
111000,"Vergewaltigung, sexuelle N tigung und sexueller  bergriff im besonders schweren Fall einschl. mit Todesfolge    177, 178 StGB",10041100,Saarbr cken,insg.,36,3,33,0,0,0,2,0,2,2,0,2,8,1,7,6,0,6,20,2,18,0,0,0,20,2,18,2023
111000,"Vergewaltigung, sexuelle N tigung und sexueller  bergriff im besonders schweren Fall einschl. mit Todesfolge    177, 178 StGB",3102000,Salzgitter,vers.,1,0,1,0,0,0,0,0,0,0,0,0,0,0,0,0,0,0,1,0,1,0,0,0,1,0,1,2023
111000,"Vergewaltigung, sexuelle N tigung und sexueller  bergriff im besonders schweren Fall einschl. mit Todesfolge    177, 178 StGB",3102000,Salzgitter,voll.,29,0,29,0,0,0,2,0,2,2,0,2,6,0,6,3,0,3,18,0,18,0,0,0,18,0,18,2023
111000,"Vergewaltigung, sexuelle N tigung und sexueller  bergriff im besonders schweren Fall einschl. mit Todesfolge    177, 178 StGB",3102000,Salzgitter,insg.,30,0,30,0,0,0,2,0,2,2,0,2,6,0,6,3,0,3,19,0,19,0,0,0,19,0,19,2023
111000,"Vergewaltigung, sexuelle N tigung und sexueller  bergriff im besonders schweren Fall einschl. mit Todesfolge    177, 178 StGB",13004000,Schwerin,vers.,1,0,1,0,0,0,0,0,0,0,0,0,1,0,1,0,0,0,0,0,0,0,0,0,0,0,0,2023
111000,"Vergewaltigung, sexuelle N tigung und sexueller  bergriff im besonders schweren Fall einschl. mit Todesfolge    177, 178 StGB",13004000,Schwerin,voll.,17,0,17,0,0,0,1,0,1,1,0,1,9,0,9,1,0,1,5,0,5,1,0,1,6,0,6,2023
111000,"Vergewaltigung, sexuelle N tigung und sexueller  bergriff im besonders schweren Fall einschl. mit Todesfolge    177, 178 StGB",13004000,Schwerin,insg.,18,0,18,0,0,0,1,0,1,1,0,1,10,0,10,1,0,1,5,0,5,1,0,1,6,0,6,2023
111000,"Vergewaltigung, sexuelle N tigung und sexueller  bergriff im besonders schweren Fall einschl. mit Todesfolge    177, 178 StGB",5970040,Siegen,vers.,4,1,3,0,0,0,1,1,0,1,1,0,1,0,1,0,0,0,2,0,2,0,0,0,2,0,2,2023
111000,"Vergewaltigung, sexuelle N tigung und sexueller  bergriff im besonders schweren Fall einschl. mit Todesfolge    177, 178 StGB",5970040,Siegen,voll.,24,1,23,0,0,0,0,0,0,0,0,0,5,0,5,6,0,6,13,1,12,0,0,0,13,1,12,2023
111000,"Vergewaltigung, sexuelle N tigung und sexueller  bergriff im besonders schweren Fall einschl. mit Todesfolge    177, 178 StGB",5970040,Siegen,insg.,28,2,26,0,0,0,1,1,0,1,1,0,6,0,6,6,0,6,15,1,14,0,0,0,15,1,14,2023
111000,"Vergewaltigung, sexuelle N tigung und sexueller  bergriff im besonders schweren Fall einschl. mit Todesfolge    177, 178 StGB",5122000,Solingen,vers.,3,0,3,0,0,0,0,0,0,0,0,0,1,0,1,0,0,0,2,0,2,0,0,0,2,0,2,2023
111000,"Vergewaltigung, sexuelle N tigung und sexueller  bergriff im besonders schweren Fall einschl. mit Todesfolge    177, 178 StGB",5122000,Solingen,voll.,29,0,29,0,0,0,2,0,2,2,0,2,6,0,6,3,0,3,18,0,18,0,0,0,18,0,18,2023
111000,"Vergewaltigung, sexuelle N tigung und sexueller  bergriff im besonders schweren Fall einschl. mit Todesfolge    177, 178 StGB",5122000,Solingen,insg.,32,0,32,0,0,0,2,0,2,2,0,2,7,0,7,3,0,3,20,0,20,0,0,0,20,0,20,2023
111000,"Vergewaltigung, sexuelle N tigung und sexueller  bergriff im besonders schweren Fall einschl. mit Todesfolge    177, 178 StGB",8111000,Stuttgart,vers.,12,0,12,0,0,0,1,0,1,1,0,1,5,0,5,2,0,2,4,0,4,0,0,0,4,0,4,2023
111000,"Vergewaltigung, sexuelle N tigung und sexueller  bergriff im besonders schweren Fall einschl. mit Todesfolge    177, 178 StGB",8111000,Stuttgart,voll.,95,3,92,0,0,0,1,0,1,1,0,1,11,0,11,22,2,20,60,1,59,1,0,1,61,1,60,2023
111000,"Vergewaltigung, sexuelle N tigung und sexueller  bergriff im besonders schweren Fall einschl. mit Todesfolge    177, 178 StGB",8111000,Stuttgart,insg.,107,3,104,0,0,0,2,0,2,2,0,2,16,0,16,24,2,22,64,1,63,1,0,1,65,1,64,2023
111000,"Vergewaltigung, sexuelle N tigung und sexueller  bergriff im besonders schweren Fall einschl. mit Todesfolge    177, 178 StGB",7211000,Trier,vers.,2,0,2,0,0,0,0,0,0,0,0,0,0,0,0,0,0,0,2,0,2,0,0,0,2,0,2,2023
111000,"Vergewaltigung, sexuelle N tigung und sexueller  bergriff im besonders schweren Fall einschl. mit Todesfolge    177, 178 StGB",7211000,Trier,voll.,18,0,18,0,0,0,0,0,0,0,0,0,4,0,4,5,0,5,9,0,9,0,0,0,9,0,9,2023
111000,"Vergewaltigung, sexuelle N tigung und sexueller  bergriff im besonders schweren Fall einschl. mit Todesfolge    177, 178 StGB",7211000,Trier,insg.,20,0,20,0,0,0,0,0,0,0,0,0,4,0,4,5,0,5,11,0,11,0,0,0,11,0,11,2023
111000,"Vergewaltigung, sexuelle N tigung und sexueller  bergriff im besonders schweren Fall einschl. mit Todesfolge    177, 178 StGB",8421000,Ulm,vers.,2,0,2,0,0,0,0,0,0,0,0,0,1,0,1,1,0,1,0,0,0,0,0,0,0,0,0,2023
111000,"Vergewaltigung, sexuelle N tigung und sexueller  bergriff im besonders schweren Fall einschl. mit Todesfolge    177, 178 StGB",8421000,Ulm,voll.,28,1,27,0,0,0,2,0,2,2,0,2,10,0,10,3,0,3,13,1,12,0,0,0,13,1,12,2023
111000,"Vergewaltigung, sexuelle N tigung und sexueller  bergriff im besonders schweren Fall einschl. mit Todesfolge    177, 178 StGB",8421000,Ulm,insg.,30,1,29,0,0,0,2,0,2,2,0,2,11,0,11,4,0,4,13,1,12,0,0,0,13,1,12,2023
111000,"Vergewaltigung, sexuelle N tigung und sexueller  bergriff im besonders schweren Fall einschl. mit Todesfolge    177, 178 StGB",6414000,Wiesbaden,vers.,1,0,1,0,0,0,0,0,0,0,0,0,0,0,0,0,0,0,1,0,1,0,0,0,1,0,1,2023
111000,"Vergewaltigung, sexuelle N tigung und sexueller  bergriff im besonders schweren Fall einschl. mit Todesfolge    177, 178 StGB",6414000,Wiesbaden,voll.,45,0,45,0,0,0,0,0,0,0,0,0,12,0,12,7,0,7,24,0,24,2,0,2,26,0,26,2023
111000,"Vergewaltigung, sexuelle N tigung und sexueller  bergriff im besonders schweren Fall einschl. mit Todesfolge    177, 178 StGB",6414000,Wiesbaden,insg.,46,0,46,0,0,0,0,0,0,0,0,0,12,0,12,7,0,7,25,0,25,2,0,2,27,0,27,2023
111000,"Vergewaltigung, sexuelle N tigung und sexueller  bergriff im besonders schweren Fall einschl. mit Todesfolge    177, 178 StGB",3103000,Wolfsburg,vers.,1,0,1,0,0,0,0,0,0,0,0,0,0,0,0,0,0,0,1,0,1,0,0,0,1,0,1,2023
111000,"Vergewaltigung, sexuelle N tigung und sexueller  bergriff im besonders schweren Fall einschl. mit Todesfolge    177, 178 StGB",3103000,Wolfsburg,voll.,22,0,22,0,0,0,0,0,0,0,0,0,7,0,7,4,0,4,11,0,11,0,0,0,11,0,11,2023
111000,"Vergewaltigung, sexuelle N tigung und sexueller  bergriff im besonders schweren Fall einschl. mit Todesfolge    177, 178 StGB",3103000,Wolfsburg,insg.,23,0,23,0,0,0,0,0,0,0,0,0,7,0,7,4,0,4,12,0,12,0,0,0,12,0,12,2023
111000,"Vergewaltigung, sexuelle N tigung und sexueller  bergriff im besonders schweren Fall einschl. mit Todesfolge    177, 178 StGB",5124000,Wuppertal,vers.,9,0,9,0,0,0,0,0,0,0,0,0,2,0,2,2,0,2,5,0,5,0,0,0,5,0,5,2023
111000,"Vergewaltigung, sexuelle N tigung und sexueller  bergriff im besonders schweren Fall einschl. mit Todesfolge    177, 178 StGB",5124000,Wuppertal,voll.,83,3,80,1,1,0,1,0,1,2,1,1,20,0,20,12,0,12,46,1,45,3,1,2,49,2,47,2023
111000,"Vergewaltigung, sexuelle N tigung und sexueller  bergriff im besonders schweren Fall einschl. mit Todesfolge    177, 178 StGB",5124000,Wuppertal,insg.,92,3,89,1,1,0,1,0,1,2,1,1,22,0,22,14,0,14,51,1,50,3,1,2,54,2,52,2023
111000,"Vergewaltigung, sexuelle N tigung und sexueller  bergriff im besonders schweren Fall einschl. mit Todesfolge    177, 178 StGB",9663000,W rzburg,vers.,2,0,2,0,0,0,0,0,0,0,0,0,0,0,0,1,0,1,1,0,1,0,0,0,1,0,1,2023
111000,"Vergewaltigung, sexuelle N tigung und sexueller  bergriff im besonders schweren Fall einschl. mit Todesfolge    177, 178 StGB",9663000,W rzburg,voll.,37,2,35,0,0,0,0,0,0,0,0,0,6,0,6,7,1,6,24,1,23,0,0,0,24,1,23,2023
111000,"Vergewaltigung, sexuelle N tigung und sexueller  bergriff im besonders schweren Fall einschl. mit Todesfolge    177, 178 StGB",9663000,W rzburg,insg.,39,2,37,0,0,0,0,0,0,0,0,0,6,0,6,8,1,7,25,1,24,0,0,0,25,1,24,2023
210000,"Raub, r uberische Erpressung und r uberischer Angriff auf Kraftfahrer    249-252, 255, 316a StGB",5334002,Aachen,vers.,67,50,17,0,0,0,0,0,0,0,0,0,1,1,0,3,3,0,56,44,12,7,2,5,63,46,17,2023
210000,"Raub, r uberische Erpressung und r uberischer Angriff auf Kraftfahrer    249-252, 255, 316a StGB",5334002,Aachen,voll.,253,191,62,0,0,0,2,2,0,2,2,0,17,16,1,17,12,5,190,143,47,27,18,9,217,161,56,2023
210000,"Raub, r uberische Erpressung und r uberischer Angriff auf Kraftfahrer    249-252, 255, 316a StGB",5334002,Aachen,insg.,320,241,79,0,0,0,2,2,0,2,2,0,18,17,1,20,15,5,246,187,59,34,20,14,280,207,73,2023
210000,"Raub, r uberische Erpressung und r uberischer Angriff auf Kraftfahrer    249-252, 255, 316a StGB",9761000,Augsburg,vers.,43,24,19,0,0,0,5,4,1,5,4,1,5,5,0,5,5,0,20,8,12,8,2,6,28,10,18,2023
210000,"Raub, r uberische Erpressung und r uberischer Angriff auf Kraftfahrer    249-252, 255, 316a StGB",9761000,Augsburg,voll.,116,77,39,1,0,1,5,5,0,6,5,1,10,9,1,6,5,1,83,52,31,11,6,5,94,58,36,2023
210000,"Raub, r uberische Erpressung und r uberischer Angriff auf Kraftfahrer    249-252, 255, 316a StGB",9761000,Augsburg,insg.,159,101,58,1,0,1,10,9,1,11,9,2,15,14,1,11,10,1,103,60,43,19,8,11,122,68,54,2023
210000,"Raub, r uberische Erpressung und r uberischer Angriff auf Kraftfahrer    249-252, 255, 316a StGB",5378004,Bergisch Gladbach,vers.,20,15,5,0,0,0,3,2,1,3,2,1,8,8,0,1,1,0,7,4,3,1,0,1,8,4,4,2023
210000,"Raub, r uberische Erpressung und r uberischer Angriff auf Kraftfahrer    249-252, 255, 316a StGB",5378004,Bergisch Gladbach,voll.,69,52,17,0,0,0,10,10,0,10,10,0,20,14,6,3,1,2,27,20,7,9,7,2,36,27,9,2023
210000,"Raub, r uberische Erpressung und r uberischer Angriff auf Kraftfahrer    249-252, 255, 316a StGB",5378004,Bergisch Gladbach,insg.,89,67,22,0,0,0,13,12,1,13,12,1,28,22,6,4,2,2,34,24,10,10,7,3,44,31,13,2023
210000,"Raub, r uberische Erpressung und r uberischer Angriff auf Kraftfahrer    249-252, 255, 316a StGB",11000000,Berlin,vers.,1208,980,228,0,0,0,167,157,10,167,157,10,232,207,25,97,78,19,611,481,130,101,57,44,712,538,174,2023
210000,"Raub, r uberische Erpressung und r uberischer Angriff auf Kraftfahrer    249-252, 255, 316a StGB",11000000,Berlin,voll.,5148,4185,963,2,1,1,364,337,27,366,338,28,982,929,53,497,442,55,2852,2259,593,451,217,234,3303,2476,827,2023
210000,"Raub, r uberische Erpressung und r uberischer Angriff auf Kraftfahrer    249-252, 255, 316a StGB",11000000,Berlin,insg.,6356,5165,1191,2,1,1,531,494,37,533,495,38,1214,1136,78,594,520,74,3463,2740,723,552,274,278,4015,3014,1001,2023
210000,"Raub, r uberische Erpressung und r uberischer Angriff auf Kraftfahrer    249-252, 255, 316a StGB",5711000,Bielefeld,vers.,61,44,17,1,1,0,6,5,1,7,6,1,7,5,2,4,3,1,36,25,11,7,5,2,43,30,13,2023
210000,"Raub, r uberische Erpressung und r uberischer Angriff auf Kraftfahrer    249-252, 255, 316a StGB",5711000,Bielefeld,voll.,313,249,64,0,0,0,14,8,6,14,8,6,33,27,6,40,33,7,200,165,35,26,16,10,226,181,45,2023
210000,"Raub, r uberische Erpressung und r uberischer Angriff auf Kraftfahrer    249-252, 255, 316a StGB",5711000,Bielefeld,insg.,374,293,81,1,1,0,20,13,7,21,14,7,40,32,8,44,36,8,236,190,46,33,21,12,269,211,58,2023
210000,"Raub, r uberische Erpressung und r uberischer Angriff auf Kraftfahrer    249-252, 255, 316a StGB",5911000,Bochum,vers.,80,68,12,0,0,0,5,4,1,5,4,1,28,27,1,11,10,1,32,24,8,4,3,1,36,27,9,2023
210000,"Raub, r uberische Erpressung und r uberischer Angriff auf Kraftfahrer    249-252, 255, 316a StGB",5911000,Bochum,voll.,316,236,80,0,0,0,31,26,5,31,26,5,48,44,4,24,21,3,171,127,44,42,18,24,213,145,68,2023
210000,"Raub, r uberische Erpressung und r uberischer Angriff auf Kraftfahrer    249-252, 255, 316a StGB",5911000,Bochum,insg.,396,304,92,0,0,0,36,30,6,36,30,6,76,71,5,35,31,4,203,151,52,46,21,25,249,172,77,2023
210000,"Raub, r uberische Erpressung und r uberischer Angriff auf Kraftfahrer    249-252, 255, 316a StGB",5314000,Bonn,vers.,90,69,21,0,0,0,4,3,1,4,3,1,13,12,1,8,8,0,55,41,14,10,5,5,65,46,19,2023
210000,"Raub, r uberische Erpressung und r uberischer Angriff auf Kraftfahrer    249-252, 255, 316a StGB",5314000,Bonn,voll.,295,235,60,1,0,1,15,9,6,16,9,7,43,39,4,34,32,2,174,137,37,28,18,10,202,155,47,2023
210000,"Raub, r uberische Erpressung und r uberischer Angriff auf Kraftfahrer    249-252, 255, 316a StGB",5314000,Bonn,insg.,385,304,81,1,0,1,19,12,7,20,12,8,56,51,5,42,40,2,229,178,51,38,23,15,267,201,66,2023
210000,"Raub, r uberische Erpressung und r uberischer Angriff auf Kraftfahrer    249-252, 255, 316a StGB",5512000,Bottrop,vers.,20,16,4,0,0,0,4,3,1,4,3,1,7,6,1,2,2,0,6,5,1,1,0,1,7,5,2,2023
210000,"Raub, r uberische Erpressung und r uberischer Angriff auf Kraftfahrer    249-252, 255, 316a StGB",5512000,Bottrop,voll.,69,53,16,0,0,0,8,6,2,8,6,2,15,14,1,5,5,0,36,26,10,5,2,3,41,28,13,2023
210000,"Raub, r uberische Erpressung und r uberischer Angriff auf Kraftfahrer    249-252, 255, 316a StGB",5512000,Bottrop,insg.,89,69,20,0,0,0,12,9,3,12,9,3,22,20,2,7,7,0,42,31,11,6,2,4,48,33,15,2023
210000,"Raub, r uberische Erpressung und r uberischer Angriff auf Kraftfahrer    249-252, 255, 316a StGB",3101000,Braunschweig,vers.,44,30,14,0,0,0,9,6,3,9,6,3,6,4,2,5,4,1,20,14,6,4,2,2,24,16,8,2023
210000,"Raub, r uberische Erpressung und r uberischer Angriff auf Kraftfahrer    249-252, 255, 316a StGB",3101000,Braunschweig,voll.,213,167,46,0,0,0,3,2,1,3,2,1,34,30,4,27,24,3,127,104,23,22,7,15,149,111,38,2023
210000,"Raub, r uberische Erpressung und r uberischer Angriff auf Kraftfahrer    249-252, 255, 316a StGB",3101000,Braunschweig,insg.,257,197,60,0,0,0,12,8,4,12,8,4,40,34,6,32,28,4,147,118,29,26,9,17,173,127,46,2023
210000,"Raub, r uberische Erpressung und r uberischer Angriff auf Kraftfahrer    249-252, 255, 316a StGB",4011000,Bremen,vers.,244,169,75,0,0,0,10,7,3,10,7,3,34,33,1,17,12,5,153,101,52,30,16,14,183,117,66,2023
210000,"Raub, r uberische Erpressung und r uberischer Angriff auf Kraftfahrer    249-252, 255, 316a StGB",4011000,Bremen,voll.,1347,1055,292,0,0,0,37,34,3,37,34,3,132,118,14,91,77,14,901,705,196,186,121,65,1087,826,261,2023
210000,"Raub, r uberische Erpressung und r uberischer Angriff auf Kraftfahrer    249-252, 255, 316a StGB",4011000,Bremen,insg.,1591,1224,367,0,0,0,47,41,6,47,41,6,166,151,15,108,89,19,1054,806,248,216,137,79,1270,943,327,2023
210000,"Raub, r uberische Erpressung und r uberischer Angriff auf Kraftfahrer    249-252, 255, 316a StGB",4012000,Bremerhaven,vers.,47,32,15,0,0,0,2,2,0,2,2,0,4,3,1,1,1,0,33,23,10,7,3,4,40,26,14,2023
210000,"Raub, r uberische Erpressung und r uberischer Angriff auf Kraftfahrer    249-252, 255, 316a StGB",4012000,Bremerhaven,voll.,216,146,70,0,0,0,5,4,1,5,4,1,9,7,2,14,8,6,167,115,52,21,12,9,188,127,61,2023
210000,"Raub, r uberische Erpressung und r uberischer Angriff auf Kraftfahrer    249-252, 255, 316a StGB",4012000,Bremerhaven,insg.,263,178,85,0,0,0,7,6,1,7,6,1,13,10,3,15,9,6,200,138,62,28,15,13,228,153,75,2023
210000,"Raub, r uberische Erpressung und r uberischer Angriff auf Kraftfahrer    249-252, 255, 316a StGB",14511000,Chemnitz,vers.,64,51,13,0,0,0,12,11,1,12,11,1,15,14,1,1,1,0,30,22,8,6,3,3,36,25,11,2023
210000,"Raub, r uberische Erpressung und r uberischer Angriff auf Kraftfahrer    249-252, 255, 316a StGB",14511000,Chemnitz,voll.,241,201,40,0,0,0,16,16,0,16,16,0,18,17,1,19,16,3,170,140,30,18,12,6,188,152,36,2023
210000,"Raub, r uberische Erpressung und r uberischer Angriff auf Kraftfahrer    249-252, 255, 316a StGB",14511000,Chemnitz,insg.,305,252,53,0,0,0,28,27,1,28,27,1,33,31,2,20,17,3,200,162,38,24,15,9,224,177,47,2023
210000,"Raub, r uberische Erpressung und r uberischer Angriff auf Kraftfahrer    249-252, 255, 316a StGB",6411000,Darmstadt,vers.,32,23,9,0,0,0,1,1,0,1,1,0,3,3,0,3,3,0,23,15,8,2,1,1,25,16,9,2023
210000,"Raub, r uberische Erpressung und r uberischer Angriff auf Kraftfahrer    249-252, 255, 316a StGB",6411000,Darmstadt,voll.,114,89,25,0,0,0,6,4,2,6,4,2,14,11,3,9,9,0,81,63,18,4,2,2,85,65,20,2023
210000,"Raub, r uberische Erpressung und r uberischer Angriff auf Kraftfahrer    249-252, 255, 316a StGB",6411000,Darmstadt,insg.,146,112,34,0,0,0,7,5,2,7,5,2,17,14,3,12,12,0,104,78,26,6,3,3,110,81,29,2023
210000,"Raub, r uberische Erpressung und r uberischer Angriff auf Kraftfahrer    249-252, 255, 316a StGB",5913000,Dortmund,vers.,158,120,38,0,0,0,10,9,1,10,9,1,17,16,1,18,16,2,101,75,26,12,4,8,113,79,34,2023
210000,"Raub, r uberische Erpressung und r uberischer Angriff auf Kraftfahrer    249-252, 255, 316a StGB",5913000,Dortmund,voll.,784,632,152,0,0,0,35,31,4,35,31,4,101,90,11,64,53,11,515,417,98,69,41,28,584,458,126,2023
210000,"Raub, r uberische Erpressung und r uberischer Angriff auf Kraftfahrer    249-252, 255, 316a StGB",5913000,Dortmund,insg.,942,752,190,0,0,0,45,40,5,45,40,5,118,106,12,82,69,13,616,492,124,81,45,36,697,537,160,2023
210000,"Raub, r uberische Erpressung und r uberischer Angriff auf Kraftfahrer    249-252, 255, 316a StGB",14612000,Dresden,vers.,110,91,19,0,0,0,21,18,3,21,18,3,28,25,3,10,9,1,46,37,9,5,2,3,51,39,12,2023
210000,"Raub, r uberische Erpressung und r uberischer Angriff auf Kraftfahrer    249-252, 255, 316a StGB",14612000,Dresden,voll.,525,438,87,0,0,0,39,37,2,39,37,2,140,133,7,57,56,1,264,202,62,25,10,15,289,212,77,2023
210000,"Raub, r uberische Erpressung und r uberischer Angriff auf Kraftfahrer    249-252, 255, 316a StGB",14612000,Dresden,insg.,635,529,106,0,0,0,60,55,5,60,55,5,168,158,10,67,65,2,310,239,71,30,12,18,340,251,89,2023
210000,"Raub, r uberische Erpressung und r uberischer Angriff auf Kraftfahrer    249-252, 255, 316a StGB",5112000,Duisburg,vers.,133,90,43,0,0,0,25,21,4,25,21,4,13,11,2,8,6,2,73,45,28,14,7,7,87,52,35,2023
210000,"Raub, r uberische Erpressung und r uberischer Angriff auf Kraftfahrer    249-252, 255, 316a StGB",5112000,Duisburg,voll.,477,351,126,0,0,0,45,41,4,45,41,4,54,44,10,43,35,8,284,203,81,51,28,23,335,231,104,2023
210000,"Raub, r uberische Erpressung und r uberischer Angriff auf Kraftfahrer    249-252, 255, 316a StGB",5112000,Duisburg,insg.,610,441,169,0,0,0,70,62,8,70,62,8,67,55,12,51,41,10,357,248,109,65,35,30,422,283,139,2023
210000,"Raub, r uberische Erpressung und r uberischer Angriff auf Kraftfahrer    249-252, 255, 316a StGB",5111000,D sseldorf,vers.,193,146,47,0,0,0,17,16,1,17,16,1,33,31,2,20,15,5,99,73,26,24,11,13,123,84,39,2023
210000,"Raub, r uberische Erpressung und r uberischer Angriff auf Kraftfahrer    249-252, 255, 316a StGB",5111000,D sseldorf,voll.,838,652,186,1,0,1,39,36,3,40,36,4,137,123,14,88,69,19,511,398,113,62,26,36,573,424,149,2023
210000,"Raub, r uberische Erpressung und r uberischer Angriff auf Kraftfahrer    249-252, 255, 316a StGB",5111000,D sseldorf,insg.,1031,798,233,1,0,1,56,52,4,57,52,5,170,154,16,108,84,24,610,471,139,86,37,49,696,508,188,2023
210000,"Raub, r uberische Erpressung und r uberischer Angriff auf Kraftfahrer    249-252, 255, 316a StGB",16051000,Erfurt,vers.,65,47,18,0,0,0,12,9,3,12,9,3,17,16,1,8,5,3,20,14,6,8,3,5,28,17,11,2023
210000,"Raub, r uberische Erpressung und r uberischer Angriff auf Kraftfahrer    249-252, 255, 316a StGB",16051000,Erfurt,voll.,216,175,41,1,1,0,20,16,4,21,17,4,50,45,5,17,16,1,108,78,30,20,19,1,128,97,31,2023
210000,"Raub, r uberische Erpressung und r uberischer Angriff auf Kraftfahrer    249-252, 255, 316a StGB",16051000,Erfurt,insg.,281,222,59,1,1,0,32,25,7,33,26,7,67,61,6,25,21,4,128,92,36,28,22,6,156,114,42,2023
210000,"Raub, r uberische Erpressung und r uberischer Angriff auf Kraftfahrer    249-252, 255, 316a StGB",9562000,Erlangen,vers.,8,4,4,0,0,0,0,0,0,0,0,0,2,0,2,1,1,0,5,3,2,0,0,0,5,3,2,2023
210000,"Raub, r uberische Erpressung und r uberischer Angriff auf Kraftfahrer    249-252, 255, 316a StGB",9562000,Erlangen,voll.,31,27,4,0,0,0,0,0,0,0,0,0,2,2,0,2,2,0,21,20,1,6,3,3,27,23,4,2023
210000,"Raub, r uberische Erpressung und r uberischer Angriff auf Kraftfahrer    249-252, 255, 316a StGB",9562000,Erlangen,insg.,39,31,8,0,0,0,0,0,0,0,0,0,4,2,2,3,3,0,26,23,3,6,3,3,32,26,6,2023
210000,"Raub, r uberische Erpressung und r uberischer Angriff auf Kraftfahrer    249-252, 255, 316a StGB",5113000,Essen,vers.,134,99,35,0,0,0,15,14,1,15,14,1,14,14,0,12,8,4,76,56,20,17,7,10,93,63,30,2023
210000,"Raub, r uberische Erpressung und r uberischer Angriff auf Kraftfahrer    249-252, 255, 316a StGB",5113000,Essen,voll.,488,370,118,3,3,0,23,20,3,26,23,3,54,50,4,33,28,5,320,243,77,55,26,29,375,269,106,2023
210000,"Raub, r uberische Erpressung und r uberischer Angriff auf Kraftfahrer    249-252, 255, 316a StGB",5113000,Essen,insg.,622,469,153,3,3,0,38,34,4,41,37,4,68,64,4,45,36,9,396,299,97,72,33,39,468,332,136,2023
210000,"Raub, r uberische Erpressung und r uberischer Angriff auf Kraftfahrer    249-252, 255, 316a StGB",6412000,Frankfurt am Main,vers.,201,142,59,0,0,0,8,6,2,8,6,2,25,22,3,12,10,2,133,92,41,23,12,11,156,104,52,2023
210000,"Raub, r uberische Erpressung und r uberischer Angriff auf Kraftfahrer    249-252, 255, 316a StGB",6412000,Frankfurt am Main,voll.,1229,1038,191,1,1,0,32,28,4,33,29,4,61,54,7,94,81,13,955,807,148,86,67,19,1041,874,167,2023
210000,"Raub, r uberische Erpressung und r uberischer Angriff auf Kraftfahrer    249-252, 255, 316a StGB",6412000,Frankfurt am Main,insg.,1430,1180,250,1,1,0,40,34,6,41,35,6,86,76,10,106,91,15,1088,899,189,109,79,30,1197,978,219,2023
210000,"Raub, r uberische Erpressung und r uberischer Angriff auf Kraftfahrer    249-252, 255, 316a StGB",8311000,Freiburg im Breisgau,vers.,37,26,11,0,0,0,2,2,0,2,2,0,7,7,0,3,2,1,20,14,6,5,1,4,25,15,10,2023
210000,"Raub, r uberische Erpressung und r uberischer Angriff auf Kraftfahrer    249-252, 255, 316a StGB",8311000,Freiburg im Breisgau,voll.,193,151,42,0,0,0,2,0,2,2,0,2,12,11,1,20,17,3,144,114,30,15,9,6,159,123,36,2023
210000,"Raub, r uberische Erpressung und r uberischer Angriff auf Kraftfahrer    249-252, 255, 316a StGB",8311000,Freiburg im Breisgau,insg.,230,177,53,0,0,0,4,2,2,4,2,2,19,18,1,23,19,4,164,128,36,20,10,10,184,138,46,2023
210000,"Raub, r uberische Erpressung und r uberischer Angriff auf Kraftfahrer    249-252, 255, 316a StGB",9563000,F rth,vers.,19,13,6,0,0,0,1,1,0,1,1,0,1,0,1,4,3,1,13,9,4,0,0,0,13,9,4,2023
210000,"Raub, r uberische Erpressung und r uberischer Angriff auf Kraftfahrer    249-252, 255, 316a StGB",9563000,F rth,voll.,25,14,11,0,0,0,1,1,0,1,1,0,0,0,0,3,3,0,20,10,10,1,0,1,21,10,11,2023
210000,"Raub, r uberische Erpressung und r uberischer Angriff auf Kraftfahrer    249-252, 255, 316a StGB",9563000,F rth,insg.,44,27,17,0,0,0,2,2,0,2,2,0,1,0,1,7,6,1,33,19,14,1,0,1,34,19,15,2023
210000,"Raub, r uberische Erpressung und r uberischer Angriff auf Kraftfahrer    249-252, 255, 316a StGB",5513000,Gelsenkirchen,vers.,166,138,28,0,0,0,56,54,2,56,54,2,37,34,3,6,4,2,58,43,15,9,3,6,67,46,21,2023
210000,"Raub, r uberische Erpressung und r uberischer Angriff auf Kraftfahrer    249-252, 255, 316a StGB",5513000,Gelsenkirchen,voll.,394,310,84,1,1,0,93,90,3,94,91,3,85,76,9,26,19,7,156,105,51,33,19,14,189,124,65,2023
210000,"Raub, r uberische Erpressung und r uberischer Angriff auf Kraftfahrer    249-252, 255, 316a StGB",5513000,Gelsenkirchen,insg.,560,448,112,1,1,0,149,144,5,150,145,5,122,110,12,32,23,9,214,148,66,42,22,20,256,170,86,2023
210000,"Raub, r uberische Erpressung und r uberischer Angriff auf Kraftfahrer    249-252, 255, 316a StGB",3159016,G ttingen,vers.,32,21,11,0,0,0,8,5,3,8,5,3,3,1,2,1,1,0,18,13,5,2,1,1,20,14,6,2023
210000,"Raub, r uberische Erpressung und r uberischer Angriff auf Kraftfahrer    249-252, 255, 316a StGB",3159016,G ttingen,voll.,91,77,14,0,0,0,3,3,0,3,3,0,8,6,2,10,9,1,57,47,10,13,12,1,70,59,11,2023
210000,"Raub, r uberische Erpressung und r uberischer Angriff auf Kraftfahrer    249-252, 255, 316a StGB",3159016,G ttingen,insg.,123,98,25,0,0,0,11,8,3,11,8,3,11,7,4,11,10,1,75,60,15,15,13,2,90,73,17,2023
210000,"Raub, r uberische Erpressung und r uberischer Angriff auf Kraftfahrer    249-252, 255, 316a StGB",5754008,G tersloh,vers.,11,5,6,0,0,0,0,0,0,0,0,0,1,1,0,0,0,0,9,4,5,1,0,1,10,4,6,2023
210000,"Raub, r uberische Erpressung und r uberischer Angriff auf Kraftfahrer    249-252, 255, 316a StGB",5754008,G tersloh,voll.,71,49,22,0,0,0,4,4,0,4,4,0,5,4,1,7,5,2,48,31,17,7,5,2,55,36,19,2023
210000,"Raub, r uberische Erpressung und r uberischer Angriff auf Kraftfahrer    249-252, 255, 316a StGB",5754008,G tersloh,insg.,82,54,28,0,0,0,4,4,0,4,4,0,6,5,1,7,5,2,57,35,22,8,5,3,65,40,25,2023
210000,"Raub, r uberische Erpressung und r uberischer Angriff auf Kraftfahrer    249-252, 255, 316a StGB",5914000,Hagen,vers.,45,31,14,0,0,0,7,4,3,7,4,3,6,6,0,6,4,2,24,16,8,2,1,1,26,17,9,2023
210000,"Raub, r uberische Erpressung und r uberischer Angriff auf Kraftfahrer    249-252, 255, 316a StGB",5914000,Hagen,voll.,153,114,39,0,0,0,11,8,3,11,8,3,24,23,1,5,3,2,102,73,29,11,7,4,113,80,33,2023
210000,"Raub, r uberische Erpressung und r uberischer Angriff auf Kraftfahrer    249-252, 255, 316a StGB",5914000,Hagen,insg.,198,145,53,0,0,0,18,12,6,18,12,6,30,29,1,11,7,4,126,89,37,13,8,5,139,97,42,2023
210000,"Raub, r uberische Erpressung und r uberischer Angriff auf Kraftfahrer    249-252, 255, 316a StGB",15002000,Halle (Saale),vers.,90,73,17,0,0,0,18,13,5,18,13,5,18,18,0,9,8,1,40,32,8,5,2,3,45,34,11,2023
210000,"Raub, r uberische Erpressung und r uberischer Angriff auf Kraftfahrer    249-252, 255, 316a StGB",15002000,Halle (Saale),voll.,285,223,62,0,0,0,34,28,6,34,28,6,64,58,6,32,27,5,142,104,38,13,6,7,155,110,45,2023
210000,"Raub, r uberische Erpressung und r uberischer Angriff auf Kraftfahrer    249-252, 255, 316a StGB",15002000,Halle (Saale),insg.,375,296,79,0,0,0,52,41,11,52,41,11,82,76,6,41,35,6,182,136,46,18,8,10,200,144,56,2023
210000,"Raub, r uberische Erpressung und r uberischer Angriff auf Kraftfahrer    249-252, 255, 316a StGB",2000000,Hamburg,vers.,463,374,89,0,0,0,52,46,6,52,46,6,60,54,6,40,36,4,278,220,58,33,18,15,311,238,73,2023
210000,"Raub, r uberische Erpressung und r uberischer Angriff auf Kraftfahrer    249-252, 255, 316a StGB",2000000,Hamburg,voll.,1943,1581,362,1,0,1,93,82,11,94,82,12,196,180,16,164,139,25,1346,1099,247,143,81,62,1489,1180,309,2023
210000,"Raub, r uberische Erpressung und r uberischer Angriff auf Kraftfahrer    249-252, 255, 316a StGB",2000000,Hamburg,insg.,2406,1955,451,1,0,1,145,128,17,146,128,18,256,234,22,204,175,29,1624,1319,305,176,99,77,1800,1418,382,2023
210000,"Raub, r uberische Erpressung und r uberischer Angriff auf Kraftfahrer    249-252, 255, 316a StGB",5915000,Hamm,vers.,55,42,13,0,0,0,5,5,0,5,5,0,5,5,0,7,5,2,33,26,7,5,1,4,38,27,11,2023
210000,"Raub, r uberische Erpressung und r uberischer Angriff auf Kraftfahrer    249-252, 255, 316a StGB",5915000,Hamm,voll.,181,137,44,0,0,0,14,13,1,14,13,1,30,29,1,13,8,5,112,81,31,12,6,6,124,87,37,2023
210000,"Raub, r uberische Erpressung und r uberischer Angriff auf Kraftfahrer    249-252, 255, 316a StGB",5915000,Hamm,insg.,236,179,57,0,0,0,19,18,1,19,18,1,35,34,1,20,13,7,145,107,38,17,7,10,162,114,48,2023
210000,"Raub, r uberische Erpressung und r uberischer Angriff auf Kraftfahrer    249-252, 255, 316a StGB",6435014,Hanau,vers.,18,10,8,0,0,0,1,1,0,1,1,0,0,0,0,1,1,0,13,6,7,3,2,1,16,8,8,2023
210000,"Raub, r uberische Erpressung und r uberischer Angriff auf Kraftfahrer    249-252, 255, 316a StGB",6435014,Hanau,voll.,41,29,12,0,0,0,0,0,0,0,0,0,2,2,0,5,4,1,31,22,9,3,1,2,34,23,11,2023
210000,"Raub, r uberische Erpressung und r uberischer Angriff auf Kraftfahrer    249-252, 255, 316a StGB",6435014,Hanau,insg.,59,39,20,0,0,0,1,1,0,1,1,0,2,2,0,6,5,1,44,28,16,6,3,3,50,31,19,2023
210000,"Raub, r uberische Erpressung und r uberischer Angriff auf Kraftfahrer    249-252, 255, 316a StGB",3241001,Hannover,vers.,191,145,46,0,0,0,16,15,1,16,15,1,29,28,1,14,10,4,110,80,30,22,12,10,132,92,40,2023
210000,"Raub, r uberische Erpressung und r uberischer Angriff auf Kraftfahrer    249-252, 255, 316a StGB",3241001,Hannover,voll.,993,808,185,0,0,0,25,22,3,25,22,3,124,114,10,79,65,14,690,576,114,75,31,44,765,607,158,2023
210000,"Raub, r uberische Erpressung und r uberischer Angriff auf Kraftfahrer    249-252, 255, 316a StGB",3241001,Hannover,insg.,1184,953,231,0,0,0,41,37,4,41,37,4,153,142,11,93,75,18,800,656,144,97,43,54,897,699,198,2023
210000,"Raub, r uberische Erpressung und r uberischer Angriff auf Kraftfahrer    249-252, 255, 316a StGB",8221000,Heidelberg,vers.,16,11,5,0,0,0,1,0,1,1,0,1,5,4,1,2,2,0,6,4,2,2,1,1,8,5,3,2023
210000,"Raub, r uberische Erpressung und r uberischer Angriff auf Kraftfahrer    249-252, 255, 316a StGB",8221000,Heidelberg,voll.,101,87,14,0,0,0,0,0,0,0,0,0,9,9,0,10,10,0,79,66,13,3,2,1,82,68,14,2023
210000,"Raub, r uberische Erpressung und r uberischer Angriff auf Kraftfahrer    249-252, 255, 316a StGB",8221000,Heidelberg,insg.,117,98,19,0,0,0,1,0,1,1,0,1,14,13,1,12,12,0,85,70,15,5,3,2,90,73,17,2023
210000,"Raub, r uberische Erpressung und r uberischer Angriff auf Kraftfahrer    249-252, 255, 316a StGB",8121000,Heilbronn,vers.,15,10,5,0,0,0,0,0,0,0,0,0,2,1,1,2,2,0,10,7,3,1,0,1,11,7,4,2023
210000,"Raub, r uberische Erpressung und r uberischer Angriff auf Kraftfahrer    249-252, 255, 316a StGB",8121000,Heilbronn,voll.,61,41,20,0,0,0,4,3,1,4,3,1,9,8,1,5,2,3,39,27,12,4,1,3,43,28,15,2023
210000,"Raub, r uberische Erpressung und r uberischer Angriff auf Kraftfahrer    249-252, 255, 316a StGB",8121000,Heilbronn,insg.,76,51,25,0,0,0,4,3,1,4,3,1,11,9,2,7,4,3,49,34,15,5,1,4,54,35,19,2023
210000,"Raub, r uberische Erpressung und r uberischer Angriff auf Kraftfahrer    249-252, 255, 316a StGB",5916000,Herne,vers.,16,13,3,0,0,0,2,2,0,2,2,0,3,3,0,2,2,0,7,6,1,2,0,2,9,6,3,2023
210000,"Raub, r uberische Erpressung und r uberischer Angriff auf Kraftfahrer    249-252, 255, 316a StGB",5916000,Herne,voll.,130,93,37,0,0,0,20,16,4,20,16,4,15,15,0,7,5,2,68,48,20,20,9,11,88,57,31,2023
210000,"Raub, r uberische Erpressung und r uberischer Angriff auf Kraftfahrer    249-252, 255, 316a StGB",5916000,Herne,insg.,146,106,40,0,0,0,22,18,4,22,18,4,18,18,0,9,7,2,75,54,21,22,9,13,97,63,34,2023
210000,"Raub, r uberische Erpressung und r uberischer Angriff auf Kraftfahrer    249-252, 255, 316a StGB",3254021,Hildesheim,vers.,29,26,3,0,0,0,2,2,0,2,2,0,12,12,0,2,2,0,11,8,3,2,2,0,13,10,3,2023
210000,"Raub, r uberische Erpressung und r uberischer Angriff auf Kraftfahrer    249-252, 255, 316a StGB",3254021,Hildesheim,voll.,74,62,12,0,0,0,6,6,0,6,6,0,20,20,0,5,4,1,36,28,8,7,4,3,43,32,11,2023
210000,"Raub, r uberische Erpressung und r uberischer Angriff auf Kraftfahrer    249-252, 255, 316a StGB",3254021,Hildesheim,insg.,103,88,15,0,0,0,8,8,0,8,8,0,32,32,0,7,6,1,47,36,11,9,6,3,56,42,14,2023
210000,"Raub, r uberische Erpressung und r uberischer Angriff auf Kraftfahrer    249-252, 255, 316a StGB",9161000,Ingolstadt,vers.,14,13,1,0,0,0,4,4,0,4,4,0,4,4,0,0,0,0,6,5,1,0,0,0,6,5,1,2023
210000,"Raub, r uberische Erpressung und r uberischer Angriff auf Kraftfahrer    249-252, 255, 316a StGB",9161000,Ingolstadt,voll.,33,25,8,0,0,0,2,2,0,2,2,0,0,0,0,5,3,2,26,20,6,0,0,0,26,20,6,2023
210000,"Raub, r uberische Erpressung und r uberischer Angriff auf Kraftfahrer    249-252, 255, 316a StGB",9161000,Ingolstadt,insg.,47,38,9,0,0,0,6,6,0,6,6,0,4,4,0,5,3,2,32,25,7,0,0,0,32,25,7,2023
210000,"Raub, r uberische Erpressung und r uberischer Angriff auf Kraftfahrer    249-252, 255, 316a StGB",16053000,Jena,vers.,5,1,4,0,0,0,1,1,0,1,1,0,0,0,0,0,0,0,2,0,2,2,0,2,4,0,4,2023
210000,"Raub, r uberische Erpressung und r uberischer Angriff auf Kraftfahrer    249-252, 255, 316a StGB",16053000,Jena,voll.,33,26,7,0,0,0,3,3,0,3,3,0,3,3,0,2,2,0,24,17,7,1,1,0,25,18,7,2023
210000,"Raub, r uberische Erpressung und r uberischer Angriff auf Kraftfahrer    249-252, 255, 316a StGB",16053000,Jena,insg.,38,27,11,0,0,0,4,4,0,4,4,0,3,3,0,2,2,0,26,17,9,3,1,2,29,18,11,2023
210000,"Raub, r uberische Erpressung und r uberischer Angriff auf Kraftfahrer    249-252, 255, 316a StGB",7312000,Kaiserslautern,vers.,20,17,3,0,0,0,1,1,0,1,1,0,2,2,0,6,6,0,10,7,3,1,1,0,11,8,3,2023
210000,"Raub, r uberische Erpressung und r uberischer Angriff auf Kraftfahrer    249-252, 255, 316a StGB",7312000,Kaiserslautern,voll.,77,63,14,0,0,0,2,2,0,2,2,0,7,7,0,10,9,1,50,41,9,8,4,4,58,45,13,2023
210000,"Raub, r uberische Erpressung und r uberischer Angriff auf Kraftfahrer    249-252, 255, 316a StGB",7312000,Kaiserslautern,insg.,97,80,17,0,0,0,3,3,0,3,3,0,9,9,0,16,15,1,60,48,12,9,5,4,69,53,16,2023
210000,"Raub, r uberische Erpressung und r uberischer Angriff auf Kraftfahrer    249-252, 255, 316a StGB",8212000,Karlsruhe,vers.,44,34,10,0,0,0,3,3,0,3,3,0,6,4,2,11,7,4,21,18,3,3,2,1,24,20,4,2023
210000,"Raub, r uberische Erpressung und r uberischer Angriff auf Kraftfahrer    249-252, 255, 316a StGB",8212000,Karlsruhe,voll.,230,179,51,0,0,0,12,12,0,12,12,0,28,25,3,26,22,4,148,115,33,16,5,11,164,120,44,2023
210000,"Raub, r uberische Erpressung und r uberischer Angriff auf Kraftfahrer    249-252, 255, 316a StGB",8212000,Karlsruhe,insg.,274,213,61,0,0,0,15,15,0,15,15,0,34,29,5,37,29,8,169,133,36,19,7,12,188,140,48,2023
210000,"Raub, r uberische Erpressung und r uberischer Angriff auf Kraftfahrer    249-252, 255, 316a StGB",6611000,Kassel,vers.,50,35,15,0,0,0,5,4,1,5,4,1,3,2,1,5,4,1,35,23,12,2,2,0,37,25,12,2023
210000,"Raub, r uberische Erpressung und r uberischer Angriff auf Kraftfahrer    249-252, 255, 316a StGB",6611000,Kassel,voll.,212,171,41,1,1,0,7,7,0,8,8,0,12,10,2,18,16,2,157,126,31,17,11,6,174,137,37,2023
210000,"Raub, r uberische Erpressung und r uberischer Angriff auf Kraftfahrer    249-252, 255, 316a StGB",6611000,Kassel,insg.,262,206,56,1,1,0,12,11,1,13,12,1,15,12,3,23,20,3,192,149,43,19,13,6,211,162,49,2023
210000,"Raub, r uberische Erpressung und r uberischer Angriff auf Kraftfahrer    249-252, 255, 316a StGB",1002000,Kiel,vers.,42,29,13,0,0,0,0,0,0,0,0,0,8,8,0,4,2,2,25,16,9,5,3,2,30,19,11,2023
210000,"Raub, r uberische Erpressung und r uberischer Angriff auf Kraftfahrer    249-252, 255, 316a StGB",1002000,Kiel,voll.,223,193,30,0,0,0,7,6,1,7,6,1,36,35,1,27,25,2,143,119,24,10,8,2,153,127,26,2023
210000,"Raub, r uberische Erpressung und r uberischer Angriff auf Kraftfahrer    249-252, 255, 316a StGB",1002000,Kiel,insg.,265,222,43,0,0,0,7,6,1,7,6,1,44,43,1,31,27,4,168,135,33,15,11,4,183,146,37,2023
210000,"Raub, r uberische Erpressung und r uberischer Angriff auf Kraftfahrer    249-252, 255, 316a StGB",7111000,Koblenz,vers.,20,12,8,0,0,0,1,1,0,1,1,0,5,4,1,1,1,0,10,5,5,3,1,2,13,6,7,2023
210000,"Raub, r uberische Erpressung und r uberischer Angriff auf Kraftfahrer    249-252, 255, 316a StGB",7111000,Koblenz,voll.,83,73,10,0,0,0,3,3,0,3,3,0,29,29,0,12,12,0,32,22,10,7,7,0,39,29,10,2023
210000,"Raub, r uberische Erpressung und r uberischer Angriff auf Kraftfahrer    249-252, 255, 316a StGB",7111000,Koblenz,insg.,103,85,18,0,0,0,4,4,0,4,4,0,34,33,1,13,13,0,42,27,15,10,8,2,52,35,17,2023
210000,"Raub, r uberische Erpressung und r uberischer Angriff auf Kraftfahrer    249-252, 255, 316a StGB",5315000,K ln,vers.,320,236,84,0,0,0,40,34,6,40,34,6,38,32,6,26,21,5,182,129,53,34,20,14,216,149,67,2023
210000,"Raub, r uberische Erpressung und r uberischer Angriff auf Kraftfahrer    249-252, 255, 316a StGB",5315000,K ln,voll.,1254,964,290,5,2,3,70,56,14,75,58,17,136,117,19,129,98,31,791,617,174,123,74,49,914,691,223,2023
210000,"Raub, r uberische Erpressung und r uberischer Angriff auf Kraftfahrer    249-252, 255, 316a StGB",5315000,K ln,insg.,1574,1200,374,5,2,3,110,90,20,115,92,23,174,149,25,155,119,36,973,746,227,157,94,63,1130,840,290,2023
210000,"Raub, r uberische Erpressung und r uberischer Angriff auf Kraftfahrer    249-252, 255, 316a StGB",5114000,Krefeld,vers.,63,45,18,0,0,0,8,7,1,8,7,1,15,15,0,1,1,0,34,20,14,5,2,3,39,22,17,2023
210000,"Raub, r uberische Erpressung und r uberischer Angriff auf Kraftfahrer    249-252, 255, 316a StGB",5114000,Krefeld,voll.,259,217,42,0,0,0,28,25,3,28,25,3,47,45,2,32,26,6,131,108,23,21,13,8,152,121,31,2023
210000,"Raub, r uberische Erpressung und r uberischer Angriff auf Kraftfahrer    249-252, 255, 316a StGB",5114000,Krefeld,insg.,322,262,60,0,0,0,36,32,4,36,32,4,62,60,2,33,27,6,165,128,37,26,15,11,191,143,48,2023
210000,"Raub, r uberische Erpressung und r uberischer Angriff auf Kraftfahrer    249-252, 255, 316a StGB",14713000,Leipzig,vers.,128,102,26,0,0,0,17,17,0,17,17,0,20,18,2,15,13,2,67,49,18,9,5,4,76,54,22,2023
210000,"Raub, r uberische Erpressung und r uberischer Angriff auf Kraftfahrer    249-252, 255, 316a StGB",14713000,Leipzig,voll.,487,402,85,0,0,0,32,30,2,32,30,2,81,71,10,53,49,4,301,240,61,20,12,8,321,252,69,2023
210000,"Raub, r uberische Erpressung und r uberischer Angriff auf Kraftfahrer    249-252, 255, 316a StGB",14713000,Leipzig,insg.,615,504,111,0,0,0,49,47,2,49,47,2,101,89,12,68,62,6,368,289,79,29,17,12,397,306,91,2023
210000,"Raub, r uberische Erpressung und r uberischer Angriff auf Kraftfahrer    249-252, 255, 316a StGB",5316000,Leverkusen,vers.,27,21,6,0,0,0,7,7,0,7,7,0,6,6,0,1,1,0,9,6,3,4,1,3,13,7,6,2023
210000,"Raub, r uberische Erpressung und r uberischer Angriff auf Kraftfahrer    249-252, 255, 316a StGB",5316000,Leverkusen,voll.,91,69,22,0,0,0,8,8,0,8,8,0,11,10,1,10,9,1,51,37,14,11,5,6,62,42,20,2023
210000,"Raub, r uberische Erpressung und r uberischer Angriff auf Kraftfahrer    249-252, 255, 316a StGB",5316000,Leverkusen,insg.,118,90,28,0,0,0,15,15,0,15,15,0,17,16,1,11,10,1,60,43,17,15,6,9,75,49,26,2023
210000,"Raub, r uberische Erpressung und r uberischer Angriff auf Kraftfahrer    249-252, 255, 316a StGB",1003000,L beck,vers.,43,27,16,0,0,0,5,4,1,5,4,1,4,3,1,7,6,1,21,12,9,6,2,4,27,14,13,2023
210000,"Raub, r uberische Erpressung und r uberischer Angriff auf Kraftfahrer    249-252, 255, 316a StGB",1003000,L beck,voll.,150,114,36,0,0,0,4,2,2,4,2,2,14,12,2,13,11,2,113,87,26,6,2,4,119,89,30,2023
210000,"Raub, r uberische Erpressung und r uberischer Angriff auf Kraftfahrer    249-252, 255, 316a StGB",1003000,L beck,insg.,193,141,52,0,0,0,9,6,3,9,6,3,18,15,3,20,17,3,134,99,35,12,4,8,146,103,43,2023
210000,"Raub, r uberische Erpressung und r uberischer Angriff auf Kraftfahrer    249-252, 255, 316a StGB",7314000,Ludwigshafen am Rhein,vers.,36,29,7,0,0,0,11,11,0,11,11,0,7,7,0,3,2,1,15,9,6,0,0,0,15,9,6,2023
210000,"Raub, r uberische Erpressung und r uberischer Angriff auf Kraftfahrer    249-252, 255, 316a StGB",7314000,Ludwigshafen am Rhein,voll.,136,88,48,0,0,0,22,18,4,22,18,4,18,18,0,3,2,1,78,44,34,15,6,9,93,50,43,2023
210000,"Raub, r uberische Erpressung und r uberischer Angriff auf Kraftfahrer    249-252, 255, 316a StGB",7314000,Ludwigshafen am Rhein,insg.,172,117,55,0,0,0,33,29,4,33,29,4,25,25,0,6,4,2,93,53,40,15,6,9,108,59,49,2023
210000,"Raub, r uberische Erpressung und r uberischer Angriff auf Kraftfahrer    249-252, 255, 316a StGB",15003000,Magdeburg,vers.,75,59,16,0,0,0,6,6,0,6,6,0,15,11,4,10,9,1,41,31,10,3,2,1,44,33,11,2023
210000,"Raub, r uberische Erpressung und r uberischer Angriff auf Kraftfahrer    249-252, 255, 316a StGB",15003000,Magdeburg,voll.,254,201,53,0,0,0,7,6,1,7,6,1,33,30,3,29,26,3,172,133,39,13,6,7,185,139,46,2023
210000,"Raub, r uberische Erpressung und r uberischer Angriff auf Kraftfahrer    249-252, 255, 316a StGB",15003000,Magdeburg,insg.,329,260,69,0,0,0,13,12,1,13,12,1,48,41,7,39,35,4,213,164,49,16,8,8,229,172,57,2023
210000,"Raub, r uberische Erpressung und r uberischer Angriff auf Kraftfahrer    249-252, 255, 316a StGB",7315000,Mainz,vers.,24,19,5,0,0,0,1,1,0,1,1,0,3,1,2,3,2,1,13,11,2,4,4,0,17,15,2,2023
210000,"Raub, r uberische Erpressung und r uberischer Angriff auf Kraftfahrer    249-252, 255, 316a StGB",7315000,Mainz,voll.,78,67,11,0,0,0,4,3,1,4,3,1,15,11,4,12,11,1,41,38,3,6,4,2,47,42,5,2023
210000,"Raub, r uberische Erpressung und r uberischer Angriff auf Kraftfahrer    249-252, 255, 316a StGB",7315000,Mainz,insg.,102,86,16,0,0,0,5,4,1,5,4,1,18,12,6,15,13,2,54,49,5,10,8,2,64,57,7,2023
210000,"Raub, r uberische Erpressung und r uberischer Angriff auf Kraftfahrer    249-252, 255, 316a StGB",8222000,Mannheim,vers.,50,41,9,0,0,0,2,1,1,2,1,1,1,1,0,8,7,1,32,28,4,7,4,3,39,32,7,2023
210000,"Raub, r uberische Erpressung und r uberischer Angriff auf Kraftfahrer    249-252, 255, 316a StGB",8222000,Mannheim,voll.,246,209,37,0,0,0,6,5,1,6,5,1,36,35,1,19,15,4,159,135,24,26,19,7,185,154,31,2023
210000,"Raub, r uberische Erpressung und r uberischer Angriff auf Kraftfahrer    249-252, 255, 316a StGB",8222000,Mannheim,insg.,296,250,46,0,0,0,8,6,2,8,6,2,37,36,1,27,22,5,191,163,28,33,23,10,224,186,38,2023
210000,"Raub, r uberische Erpressung und r uberischer Angriff auf Kraftfahrer    249-252, 255, 316a StGB",5170024,Moers,vers.,20,12,8,0,0,0,5,4,1,5,4,1,3,3,0,2,2,0,3,2,1,7,1,6,10,3,7,2023
210000,"Raub, r uberische Erpressung und r uberischer Angriff auf Kraftfahrer    249-252, 255, 316a StGB",5170024,Moers,voll.,52,37,15,0,0,0,2,2,0,2,2,0,12,9,3,3,1,2,32,22,10,3,3,0,35,25,10,2023
210000,"Raub, r uberische Erpressung und r uberischer Angriff auf Kraftfahrer    249-252, 255, 316a StGB",5170024,Moers,insg.,72,49,23,0,0,0,7,6,1,7,6,1,15,12,3,5,3,2,35,24,11,10,4,6,45,28,17,2023
210000,"Raub, r uberische Erpressung und r uberischer Angriff auf Kraftfahrer    249-252, 255, 316a StGB",5116000,M nchengladbach,vers.,70,56,14,0,0,0,8,5,3,8,5,3,10,9,1,8,7,1,37,31,6,7,4,3,44,35,9,2023
210000,"Raub, r uberische Erpressung und r uberischer Angriff auf Kraftfahrer    249-252, 255, 316a StGB",5116000,M nchengladbach,voll.,296,223,73,0,0,0,26,17,9,26,17,9,50,47,3,20,19,1,169,126,43,31,14,17,200,140,60,2023
210000,"Raub, r uberische Erpressung und r uberischer Angriff auf Kraftfahrer    249-252, 255, 316a StGB",5116000,M nchengladbach,insg.,366,279,87,0,0,0,34,22,12,34,22,12,60,56,4,28,26,2,206,157,49,38,18,20,244,175,69,2023
210000,"Raub, r uberische Erpressung und r uberischer Angriff auf Kraftfahrer    249-252, 255, 316a StGB",5117000,M lheim an der Ruhr,vers.,29,23,6,0,0,0,6,5,1,6,5,1,4,3,1,4,4,0,12,10,2,3,1,2,15,11,4,2023
210000,"Raub, r uberische Erpressung und r uberischer Angriff auf Kraftfahrer    249-252, 255, 316a StGB",5117000,M lheim an der Ruhr,voll.,72,48,24,0,0,0,8,8,0,8,8,0,11,9,2,3,1,2,39,24,15,11,6,5,50,30,20,2023
210000,"Raub, r uberische Erpressung und r uberischer Angriff auf Kraftfahrer    249-252, 255, 316a StGB",5117000,M lheim an der Ruhr,insg.,101,71,30,0,0,0,14,13,1,14,13,1,15,12,3,7,5,2,51,34,17,14,7,7,65,41,24,2023
210000,"Raub, r uberische Erpressung und r uberischer Angriff auf Kraftfahrer    249-252, 255, 316a StGB",9162000,M nchen,vers.,195,154,41,0,0,0,9,8,1,9,8,1,33,30,3,19,17,2,110,81,29,24,18,6,134,99,35,2023
210000,"Raub, r uberische Erpressung und r uberischer Angriff auf Kraftfahrer    249-252, 255, 316a StGB",9162000,M nchen,voll.,685,527,158,0,0,0,49,41,8,49,41,8,100,91,9,64,53,11,425,314,111,47,28,19,472,342,130,2023
210000,"Raub, r uberische Erpressung und r uberischer Angriff auf Kraftfahrer    249-252, 255, 316a StGB",9162000,M nchen,insg.,880,681,199,0,0,0,58,49,9,58,49,9,133,121,12,83,70,13,535,395,140,71,46,25,606,441,165,2023
210000,"Raub, r uberische Erpressung und r uberischer Angriff auf Kraftfahrer    249-252, 255, 316a StGB",5515000,M nster,vers.,61,37,24,0,0,0,3,2,1,3,2,1,8,7,1,3,3,0,38,22,16,9,3,6,47,25,22,2023
210000,"Raub, r uberische Erpressung und r uberischer Angriff auf Kraftfahrer    249-252, 255, 316a StGB",5515000,M nster,voll.,316,249,67,0,0,0,10,9,1,10,9,1,40,32,8,35,27,8,212,169,43,19,12,7,231,181,50,2023
210000,"Raub, r uberische Erpressung und r uberischer Angriff auf Kraftfahrer    249-252, 255, 316a StGB",5515000,M nster,insg.,377,286,91,0,0,0,13,11,2,13,11,2,48,39,9,38,30,8,250,191,59,28,15,13,278,206,72,2023
210000,"Raub, r uberische Erpressung und r uberischer Angriff auf Kraftfahrer    249-252, 255, 316a StGB",5162024,Neuss,vers.,19,15,4,0,0,0,3,3,0,3,3,0,2,2,0,0,0,0,10,8,2,4,2,2,14,10,4,2023
210000,"Raub, r uberische Erpressung und r uberischer Angriff auf Kraftfahrer    249-252, 255, 316a StGB",5162024,Neuss,voll.,101,84,17,1,1,0,2,2,0,3,3,0,16,16,0,8,8,0,65,53,12,9,4,5,74,57,17,2023
210000,"Raub, r uberische Erpressung und r uberischer Angriff auf Kraftfahrer    249-252, 255, 316a StGB",5162024,Neuss,insg.,120,99,21,1,1,0,5,5,0,6,6,0,18,18,0,8,8,0,75,61,14,13,6,7,88,67,21,2023
210000,"Raub, r uberische Erpressung und r uberischer Angriff auf Kraftfahrer    249-252, 255, 316a StGB",9564000,N rnberg,vers.,91,71,20,0,0,0,14,13,1,14,13,1,3,3,0,4,4,0,64,48,16,6,3,3,70,51,19,2023
210000,"Raub, r uberische Erpressung und r uberischer Angriff auf Kraftfahrer    249-252, 255, 316a StGB",9564000,N rnberg,voll.,233,177,56,0,0,0,8,6,2,8,6,2,25,20,5,17,11,6,164,132,32,19,8,11,183,140,43,2023
210000,"Raub, r uberische Erpressung und r uberischer Angriff auf Kraftfahrer    249-252, 255, 316a StGB",9564000,N rnberg,insg.,324,248,76,0,0,0,22,19,3,22,19,3,28,23,5,21,15,6,228,180,48,25,11,14,253,191,62,2023
210000,"Raub, r uberische Erpressung und r uberischer Angriff auf Kraftfahrer    249-252, 255, 316a StGB",5119000,Oberhausen,vers.,65,46,19,0,0,0,21,19,2,21,19,2,14,11,3,1,0,1,24,14,10,5,2,3,29,16,13,2023
210000,"Raub, r uberische Erpressung und r uberischer Angriff auf Kraftfahrer    249-252, 255, 316a StGB",5119000,Oberhausen,voll.,209,167,42,0,0,0,29,29,0,29,29,0,65,62,3,10,9,1,79,55,24,26,12,14,105,67,38,2023
210000,"Raub, r uberische Erpressung und r uberischer Angriff auf Kraftfahrer    249-252, 255, 316a StGB",5119000,Oberhausen,insg.,274,213,61,0,0,0,50,48,2,50,48,2,79,73,6,11,9,2,103,69,34,31,14,17,134,83,51,2023
210000,"Raub, r uberische Erpressung und r uberischer Angriff auf Kraftfahrer    249-252, 255, 316a StGB",6413000,Offenbach am Main,vers.,21,17,4,0,0,0,3,3,0,3,3,0,4,4,0,0,0,0,12,9,3,2,1,1,14,10,4,2023
210000,"Raub, r uberische Erpressung und r uberischer Angriff auf Kraftfahrer    249-252, 255, 316a StGB",6413000,Offenbach am Main,voll.,91,70,21,0,0,0,1,1,0,1,1,0,10,10,0,8,5,3,55,44,11,17,10,7,72,54,18,2023
210000,"Raub, r uberische Erpressung und r uberischer Angriff auf Kraftfahrer    249-252, 255, 316a StGB",6413000,Offenbach am Main,insg.,112,87,25,0,0,0,4,4,0,4,4,0,14,14,0,8,5,3,67,53,14,19,11,8,86,64,22,2023
210000,"Raub, r uberische Erpressung und r uberischer Angriff auf Kraftfahrer    249-252, 255, 316a StGB",3403000,Oldenburg (Oldenburg),vers.,40,27,13,0,0,0,1,1,0,1,1,0,0,0,0,2,2,0,31,21,10,6,3,3,37,24,13,2023
210000,"Raub, r uberische Erpressung und r uberischer Angriff auf Kraftfahrer    249-252, 255, 316a StGB",3403000,Oldenburg (Oldenburg),voll.,131,97,34,0,0,0,2,2,0,2,2,0,20,19,1,11,10,1,88,60,28,10,6,4,98,66,32,2023
210000,"Raub, r uberische Erpressung und r uberischer Angriff auf Kraftfahrer    249-252, 255, 316a StGB",3403000,Oldenburg (Oldenburg),insg.,171,124,47,0,0,0,3,3,0,3,3,0,20,19,1,13,12,1,119,81,38,16,9,7,135,90,45,2023
210000,"Raub, r uberische Erpressung und r uberischer Angriff auf Kraftfahrer    249-252, 255, 316a StGB",3404000,Osnabr ck,vers.,42,28,14,0,0,0,1,0,1,1,0,1,4,2,2,6,4,2,29,21,8,2,1,1,31,22,9,2023
210000,"Raub, r uberische Erpressung und r uberischer Angriff auf Kraftfahrer    249-252, 255, 316a StGB",3404000,Osnabr ck,voll.,160,120,40,0,0,0,8,5,3,8,5,3,18,15,3,19,14,5,108,82,26,7,4,3,115,86,29,2023
210000,"Raub, r uberische Erpressung und r uberischer Angriff auf Kraftfahrer    249-252, 255, 316a StGB",3404000,Osnabr ck,insg.,202,148,54,0,0,0,9,5,4,9,5,4,22,17,5,25,18,7,137,103,34,9,5,4,146,108,38,2023
210000,"Raub, r uberische Erpressung und r uberischer Angriff auf Kraftfahrer    249-252, 255, 316a StGB",5774032,Paderborn,vers.,24,17,7,0,0,0,1,0,1,1,0,1,4,2,2,3,3,0,12,11,1,4,1,3,16,12,4,2023
210000,"Raub, r uberische Erpressung und r uberischer Angriff auf Kraftfahrer    249-252, 255, 316a StGB",5774032,Paderborn,voll.,123,96,27,0,0,0,2,0,2,2,0,2,14,10,4,14,12,2,87,69,18,6,5,1,93,74,19,2023
210000,"Raub, r uberische Erpressung und r uberischer Angriff auf Kraftfahrer    249-252, 255, 316a StGB",5774032,Paderborn,insg.,147,113,34,0,0,0,3,0,3,3,0,3,18,12,6,17,15,2,99,80,19,10,6,4,109,86,23,2023
210000,"Raub, r uberische Erpressung und r uberischer Angriff auf Kraftfahrer    249-252, 255, 316a StGB",8231000,Pforzheim,vers.,15,10,5,0,0,0,0,0,0,0,0,0,1,0,1,0,0,0,13,9,4,1,1,0,14,10,4,2023
210000,"Raub, r uberische Erpressung und r uberischer Angriff auf Kraftfahrer    249-252, 255, 316a StGB",8231000,Pforzheim,voll.,81,63,18,0,0,0,5,5,0,5,5,0,10,10,0,5,4,1,55,40,15,6,4,2,61,44,17,2023
210000,"Raub, r uberische Erpressung und r uberischer Angriff auf Kraftfahrer    249-252, 255, 316a StGB",8231000,Pforzheim,insg.,96,73,23,0,0,0,5,5,0,5,5,0,11,10,1,5,4,1,68,49,19,7,5,2,75,54,21,2023
210000,"Raub, r uberische Erpressung und r uberischer Angriff auf Kraftfahrer    249-252, 255, 316a StGB",12054000,Potsdam,vers.,29,18,11,0,0,0,3,3,0,3,3,0,3,1,2,3,3,0,16,9,7,4,2,2,20,11,9,2023
210000,"Raub, r uberische Erpressung und r uberischer Angriff auf Kraftfahrer    249-252, 255, 316a StGB",12054000,Potsdam,voll.,122,92,30,0,0,0,7,6,1,7,6,1,22,21,1,10,9,1,70,49,21,13,7,6,83,56,27,2023
210000,"Raub, r uberische Erpressung und r uberischer Angriff auf Kraftfahrer    249-252, 255, 316a StGB",12054000,Potsdam,insg.,151,110,41,0,0,0,10,9,1,10,9,1,25,22,3,13,12,1,86,58,28,17,9,8,103,67,36,2023
210000,"Raub, r uberische Erpressung und r uberischer Angriff auf Kraftfahrer    249-252, 255, 316a StGB",5562032,Recklinghausen,vers.,28,22,6,0,0,0,5,5,0,5,5,0,3,2,1,1,1,0,14,11,3,5,3,2,19,14,5,2023
210000,"Raub, r uberische Erpressung und r uberischer Angriff auf Kraftfahrer    249-252, 255, 316a StGB",5562032,Recklinghausen,voll.,95,66,29,1,1,0,7,6,1,8,7,1,6,5,1,10,7,3,63,45,18,8,2,6,71,47,24,2023
210000,"Raub, r uberische Erpressung und r uberischer Angriff auf Kraftfahrer    249-252, 255, 316a StGB",5562032,Recklinghausen,insg.,123,88,35,1,1,0,12,11,1,13,12,1,9,7,2,11,8,3,77,56,21,13,5,8,90,61,29,2023
210000,"Raub, r uberische Erpressung und r uberischer Angriff auf Kraftfahrer    249-252, 255, 316a StGB",9362000,Regensburg,vers.,12,7,5,0,0,0,0,0,0,0,0,0,0,0,0,3,3,0,8,4,4,1,0,1,9,4,5,2023
210000,"Raub, r uberische Erpressung und r uberischer Angriff auf Kraftfahrer    249-252, 255, 316a StGB",9362000,Regensburg,voll.,122,99,23,0,0,0,7,6,1,7,6,1,21,20,1,11,9,2,77,62,15,6,2,4,83,64,19,2023
210000,"Raub, r uberische Erpressung und r uberischer Angriff auf Kraftfahrer    249-252, 255, 316a StGB",9362000,Regensburg,insg.,134,106,28,0,0,0,7,6,1,7,6,1,21,20,1,14,12,2,85,66,19,7,2,5,92,68,24,2023
210000,"Raub, r uberische Erpressung und r uberischer Angriff auf Kraftfahrer    249-252, 255, 316a StGB",5120000,Remscheid,vers.,18,14,4,0,0,0,1,1,0,1,1,0,5,5,0,0,0,0,10,7,3,2,1,1,12,8,4,2023
210000,"Raub, r uberische Erpressung und r uberischer Angriff auf Kraftfahrer    249-252, 255, 316a StGB",5120000,Remscheid,voll.,58,48,10,0,0,0,4,4,0,4,4,0,15,14,1,5,5,0,28,20,8,6,5,1,34,25,9,2023
210000,"Raub, r uberische Erpressung und r uberischer Angriff auf Kraftfahrer    249-252, 255, 316a StGB",5120000,Remscheid,insg.,76,62,14,0,0,0,5,5,0,5,5,0,20,19,1,5,5,0,38,27,11,8,6,2,46,33,13,2023
210000,"Raub, r uberische Erpressung und r uberischer Angriff auf Kraftfahrer    249-252, 255, 316a StGB",8415061,Reutlingen,vers.,19,15,4,0,0,0,1,0,1,1,0,1,6,6,0,1,1,0,10,7,3,1,1,0,11,8,3,2023
210000,"Raub, r uberische Erpressung und r uberischer Angriff auf Kraftfahrer    249-252, 255, 316a StGB",8415061,Reutlingen,voll.,62,48,14,0,0,0,5,4,1,5,4,1,7,6,1,4,4,0,40,31,9,6,3,3,46,34,12,2023
210000,"Raub, r uberische Erpressung und r uberischer Angriff auf Kraftfahrer    249-252, 255, 316a StGB",8415061,Reutlingen,insg.,81,63,18,0,0,0,6,4,2,6,4,2,13,12,1,5,5,0,50,38,12,7,4,3,57,42,15,2023
210000,"Raub, r uberische Erpressung und r uberischer Angriff auf Kraftfahrer    249-252, 255, 316a StGB",13003000,"Rostock, Hanse- und Universit tsstadt",vers.,72,55,17,0,0,0,14,12,2,14,12,2,13,8,5,7,7,0,35,27,8,3,1,2,38,28,10,2023
210000,"Raub, r uberische Erpressung und r uberischer Angriff auf Kraftfahrer    249-252, 255, 316a StGB",13003000,"Rostock, Hanse- und Universit tsstadt",voll.,146,120,26,0,0,0,21,20,1,21,20,1,21,17,4,23,21,2,71,59,12,10,3,7,81,62,19,2023
210000,"Raub, r uberische Erpressung und r uberischer Angriff auf Kraftfahrer    249-252, 255, 316a StGB",13003000,"Rostock, Hanse- und Universit tsstadt",insg.,218,175,43,0,0,0,35,32,3,35,32,3,34,25,9,30,28,2,106,86,20,13,4,9,119,90,29,2023
210000,"Raub, r uberische Erpressung und r uberischer Angriff auf Kraftfahrer    249-252, 255, 316a StGB",10041100,Saarbr cken,vers.,35,24,11,0,0,0,4,3,1,4,3,1,4,4,0,5,5,0,21,11,10,1,1,0,22,12,10,2023
210000,"Raub, r uberische Erpressung und r uberischer Angriff auf Kraftfahrer    249-252, 255, 316a StGB",10041100,Saarbr cken,voll.,197,162,35,0,0,0,8,7,1,8,7,1,14,12,2,19,14,5,136,116,20,20,13,7,156,129,27,2023
210000,"Raub, r uberische Erpressung und r uberischer Angriff auf Kraftfahrer    249-252, 255, 316a StGB",10041100,Saarbr cken,insg.,232,186,46,0,0,0,12,10,2,12,10,2,18,16,2,24,19,5,157,127,30,21,14,7,178,141,37,2023
210000,"Raub, r uberische Erpressung und r uberischer Angriff auf Kraftfahrer    249-252, 255, 316a StGB",3102000,Salzgitter,vers.,10,6,4,0,0,0,1,1,0,1,1,0,0,0,0,0,0,0,9,5,4,0,0,0,9,5,4,2023
210000,"Raub, r uberische Erpressung und r uberischer Angriff auf Kraftfahrer    249-252, 255, 316a StGB",3102000,Salzgitter,voll.,60,41,19,0,0,0,5,4,1,5,4,1,7,6,1,7,7,0,37,23,14,4,1,3,41,24,17,2023
210000,"Raub, r uberische Erpressung und r uberischer Angriff auf Kraftfahrer    249-252, 255, 316a StGB",3102000,Salzgitter,insg.,70,47,23,0,0,0,6,5,1,6,5,1,7,6,1,7,7,0,46,28,18,4,1,3,50,29,21,2023
210000,"Raub, r uberische Erpressung und r uberischer Angriff auf Kraftfahrer    249-252, 255, 316a StGB",13004000,Schwerin,vers.,34,20,14,0,0,0,0,0,0,0,0,0,6,2,4,5,5,0,21,12,9,2,1,1,23,13,10,2023
210000,"Raub, r uberische Erpressung und r uberischer Angriff auf Kraftfahrer    249-252, 255, 316a StGB",13004000,Schwerin,voll.,95,79,16,0,0,0,1,1,0,1,1,0,17,15,2,8,8,0,66,53,13,3,2,1,69,55,14,2023
210000,"Raub, r uberische Erpressung und r uberischer Angriff auf Kraftfahrer    249-252, 255, 316a StGB",13004000,Schwerin,insg.,129,99,30,0,0,0,1,1,0,1,1,0,23,17,6,13,13,0,87,65,22,5,3,2,92,68,24,2023
210000,"Raub, r uberische Erpressung und r uberischer Angriff auf Kraftfahrer    249-252, 255, 316a StGB",5970040,Siegen,vers.,12,5,7,0,0,0,2,1,1,2,1,1,4,3,1,2,1,1,4,0,4,0,0,0,4,0,4,2023
210000,"Raub, r uberische Erpressung und r uberischer Angriff auf Kraftfahrer    249-252, 255, 316a StGB",5970040,Siegen,voll.,85,69,16,0,0,0,2,2,0,2,2,0,16,13,3,5,4,1,58,48,10,4,2,2,62,50,12,2023
210000,"Raub, r uberische Erpressung und r uberischer Angriff auf Kraftfahrer    249-252, 255, 316a StGB",5970040,Siegen,insg.,97,74,23,0,0,0,4,3,1,4,3,1,20,16,4,7,5,2,62,48,14,4,2,2,66,50,16,2023
210000,"Raub, r uberische Erpressung und r uberischer Angriff auf Kraftfahrer    249-252, 255, 316a StGB",5122000,Solingen,vers.,27,24,3,0,0,0,2,2,0,2,2,0,7,7,0,6,6,0,9,8,1,3,1,2,12,9,3,2023
210000,"Raub, r uberische Erpressung und r uberischer Angriff auf Kraftfahrer    249-252, 255, 316a StGB",5122000,Solingen,voll.,81,59,22,0,0,0,13,11,2,13,11,2,14,11,3,7,5,2,45,31,14,2,1,1,47,32,15,2023
210000,"Raub, r uberische Erpressung und r uberischer Angriff auf Kraftfahrer    249-252, 255, 316a StGB",5122000,Solingen,insg.,108,83,25,0,0,0,15,13,2,15,13,2,21,18,3,13,11,2,54,39,15,5,2,3,59,41,18,2023
210000,"Raub, r uberische Erpressung und r uberischer Angriff auf Kraftfahrer    249-252, 255, 316a StGB",8111000,Stuttgart,vers.,116,83,33,0,0,0,2,2,0,2,2,0,3,2,1,6,5,1,97,68,29,8,6,2,105,74,31,2023
210000,"Raub, r uberische Erpressung und r uberischer Angriff auf Kraftfahrer    249-252, 255, 316a StGB",8111000,Stuttgart,voll.,628,484,144,0,0,0,18,15,3,18,15,3,40,32,8,43,36,7,464,356,108,63,45,18,527,401,126,2023
210000,"Raub, r uberische Erpressung und r uberischer Angriff auf Kraftfahrer    249-252, 255, 316a StGB",8111000,Stuttgart,insg.,744,567,177,0,0,0,20,17,3,20,17,3,43,34,9,49,41,8,561,424,137,71,51,20,632,475,157,2023
210000,"Raub, r uberische Erpressung und r uberischer Angriff auf Kraftfahrer    249-252, 255, 316a StGB",7211000,Trier,vers.,15,11,4,0,0,0,0,0,0,0,0,0,0,0,0,1,1,0,13,10,3,1,0,1,14,10,4,2023
210000,"Raub, r uberische Erpressung und r uberischer Angriff auf Kraftfahrer    249-252, 255, 316a StGB",7211000,Trier,voll.,66,55,11,0,0,0,1,1,0,1,1,0,8,7,1,7,6,1,45,37,8,5,4,1,50,41,9,2023
210000,"Raub, r uberische Erpressung und r uberischer Angriff auf Kraftfahrer    249-252, 255, 316a StGB",7211000,Trier,insg.,81,66,15,0,0,0,1,1,0,1,1,0,8,7,1,8,7,1,58,47,11,6,4,2,64,51,13,2023
210000,"Raub, r uberische Erpressung und r uberischer Angriff auf Kraftfahrer    249-252, 255, 316a StGB",8421000,Ulm,vers.,21,10,11,0,0,0,0,0,0,0,0,0,2,2,0,1,1,0,14,6,8,4,1,3,18,7,11,2023
210000,"Raub, r uberische Erpressung und r uberischer Angriff auf Kraftfahrer    249-252, 255, 316a StGB",8421000,Ulm,voll.,76,61,15,0,0,0,2,2,0,2,2,0,6,5,1,3,2,1,62,50,12,3,2,1,65,52,13,2023
210000,"Raub, r uberische Erpressung und r uberischer Angriff auf Kraftfahrer    249-252, 255, 316a StGB",8421000,Ulm,insg.,97,71,26,0,0,0,2,2,0,2,2,0,8,7,1,4,3,1,76,56,20,7,3,4,83,59,24,2023
210000,"Raub, r uberische Erpressung und r uberischer Angriff auf Kraftfahrer    249-252, 255, 316a StGB",6414000,Wiesbaden,vers.,29,22,7,0,0,0,4,2,2,4,2,2,6,6,0,2,2,0,16,12,4,1,0,1,17,12,5,2023
210000,"Raub, r uberische Erpressung und r uberischer Angriff auf Kraftfahrer    249-252, 255, 316a StGB",6414000,Wiesbaden,voll.,157,112,45,1,0,1,8,7,1,9,7,2,20,20,0,12,9,3,103,69,34,13,7,6,116,76,40,2023
210000,"Raub, r uberische Erpressung und r uberischer Angriff auf Kraftfahrer    249-252, 255, 316a StGB",6414000,Wiesbaden,insg.,186,134,52,1,0,1,12,9,3,13,9,4,26,26,0,14,11,3,119,81,38,14,7,7,133,88,45,2023
210000,"Raub, r uberische Erpressung und r uberischer Angriff auf Kraftfahrer    249-252, 255, 316a StGB",3103000,Wolfsburg,vers.,22,14,8,0,0,0,2,2,0,2,2,0,1,1,0,4,3,1,14,7,7,1,1,0,15,8,7,2023
210000,"Raub, r uberische Erpressung und r uberischer Angriff auf Kraftfahrer    249-252, 255, 316a StGB",3103000,Wolfsburg,voll.,91,67,24,0,0,0,0,0,0,0,0,0,11,8,3,4,2,2,71,54,17,5,3,2,76,57,19,2023
210000,"Raub, r uberische Erpressung und r uberischer Angriff auf Kraftfahrer    249-252, 255, 316a StGB",3103000,Wolfsburg,insg.,113,81,32,0,0,0,2,2,0,2,2,0,12,9,3,8,5,3,85,61,24,6,4,2,91,65,26,2023
210000,"Raub, r uberische Erpressung und r uberischer Angriff auf Kraftfahrer    249-252, 255, 316a StGB",5124000,Wuppertal,vers.,99,72,27,0,0,0,15,13,2,15,13,2,10,8,2,7,6,1,56,38,18,11,7,4,67,45,22,2023
210000,"Raub, r uberische Erpressung und r uberischer Angriff auf Kraftfahrer    249-252, 255, 316a StGB",5124000,Wuppertal,voll.,354,259,95,4,3,1,22,19,3,26,22,4,51,41,10,29,23,6,216,156,60,32,17,15,248,173,75,2023
210000,"Raub, r uberische Erpressung und r uberischer Angriff auf Kraftfahrer    249-252, 255, 316a StGB",5124000,Wuppertal,insg.,453,331,122,4,3,1,37,32,5,41,35,6,61,49,12,36,29,7,272,194,78,43,24,19,315,218,97,2023
210000,"Raub, r uberische Erpressung und r uberischer Angriff auf Kraftfahrer    249-252, 255, 316a StGB",9663000,W rzburg,vers.,23,20,3,0,0,0,0,0,0,0,0,0,2,1,1,7,6,1,14,13,1,0,0,0,14,13,1,2023
210000,"Raub, r uberische Erpressung und r uberischer Angriff auf Kraftfahrer    249-252, 255, 316a StGB",9663000,W rzburg,voll.,56,44,12,0,0,0,1,0,1,1,0,1,11,11,0,8,8,0,32,22,10,4,3,1,36,25,11,2023
210000,"Raub, r uberische Erpressung und r uberischer Angriff auf Kraftfahrer    249-252, 255, 316a StGB",9663000,W rzburg,insg.,79,64,15,0,0,0,1,0,1,1,0,1,13,12,1,15,14,1,46,35,11,4,3,1,50,38,12,2023
211000,"Raub, r uberische Erpressung auf/gegen Geldinstitute, Postfilialen und -agenturen",5334002,Aachen,vers.,0,0,0,0,0,0,0,0,0,0,0,0,0,0,0,0,0,0,0,0,0,0,0,0,0,0,0,2023
211000,"Raub, r uberische Erpressung auf/gegen Geldinstitute, Postfilialen und -agenturen",5334002,Aachen,voll.,0,0,0,0,0,0,0,0,0,0,0,0,0,0,0,0,0,0,0,0,0,0,0,0,0,0,0,2023
211000,"Raub, r uberische Erpressung auf/gegen Geldinstitute, Postfilialen und -agenturen",5334002,Aachen,insg.,0,0,0,0,0,0,0,0,0,0,0,0,0,0,0,0,0,0,0,0,0,0,0,0,0,0,0,2023
211000,"Raub, r uberische Erpressung auf/gegen Geldinstitute, Postfilialen und -agenturen",9761000,Augsburg,vers.,0,0,0,0,0,0,0,0,0,0,0,0,0,0,0,0,0,0,0,0,0,0,0,0,0,0,0,2023
211000,"Raub, r uberische Erpressung auf/gegen Geldinstitute, Postfilialen und -agenturen",9761000,Augsburg,voll.,5,1,4,0,0,0,0,0,0,0,0,0,0,0,0,0,0,0,5,1,4,0,0,0,5,1,4,2023
211000,"Raub, r uberische Erpressung auf/gegen Geldinstitute, Postfilialen und -agenturen",9761000,Augsburg,insg.,5,1,4,0,0,0,0,0,0,0,0,0,0,0,0,0,0,0,5,1,4,0,0,0,5,1,4,2023
211000,"Raub, r uberische Erpressung auf/gegen Geldinstitute, Postfilialen und -agenturen",5378004,Bergisch Gladbach,vers.,0,0,0,0,0,0,0,0,0,0,0,0,0,0,0,0,0,0,0,0,0,0,0,0,0,0,0,2023
211000,"Raub, r uberische Erpressung auf/gegen Geldinstitute, Postfilialen und -agenturen",5378004,Bergisch Gladbach,voll.,0,0,0,0,0,0,0,0,0,0,0,0,0,0,0,0,0,0,0,0,0,0,0,0,0,0,0,2023
211000,"Raub, r uberische Erpressung auf/gegen Geldinstitute, Postfilialen und -agenturen",5378004,Bergisch Gladbach,insg.,0,0,0,0,0,0,0,0,0,0,0,0,0,0,0,0,0,0,0,0,0,0,0,0,0,0,0,2023
211000,"Raub, r uberische Erpressung auf/gegen Geldinstitute, Postfilialen und -agenturen",11000000,Berlin,vers.,2,1,1,0,0,0,0,0,0,0,0,0,0,0,0,0,0,0,2,1,1,0,0,0,2,1,1,2023
211000,"Raub, r uberische Erpressung auf/gegen Geldinstitute, Postfilialen und -agenturen",11000000,Berlin,voll.,1,0,1,0,0,0,0,0,0,0,0,0,0,0,0,0,0,0,1,0,1,0,0,0,1,0,1,2023
211000,"Raub, r uberische Erpressung auf/gegen Geldinstitute, Postfilialen und -agenturen",11000000,Berlin,insg.,3,1,2,0,0,0,0,0,0,0,0,0,0,0,0,0,0,0,3,1,2,0,0,0,3,1,2,2023
211000,"Raub, r uberische Erpressung auf/gegen Geldinstitute, Postfilialen und -agenturen",5711000,Bielefeld,vers.,0,0,0,0,0,0,0,0,0,0,0,0,0,0,0,0,0,0,0,0,0,0,0,0,0,0,0,2023
211000,"Raub, r uberische Erpressung auf/gegen Geldinstitute, Postfilialen und -agenturen",5711000,Bielefeld,voll.,0,0,0,0,0,0,0,0,0,0,0,0,0,0,0,0,0,0,0,0,0,0,0,0,0,0,0,2023
211000,"Raub, r uberische Erpressung auf/gegen Geldinstitute, Postfilialen und -agenturen",5711000,Bielefeld,insg.,0,0,0,0,0,0,0,0,0,0,0,0,0,0,0,0,0,0,0,0,0,0,0,0,0,0,0,2023
211000,"Raub, r uberische Erpressung auf/gegen Geldinstitute, Postfilialen und -agenturen",5911000,Bochum,vers.,0,0,0,0,0,0,0,0,0,0,0,0,0,0,0,0,0,0,0,0,0,0,0,0,0,0,0,2023
211000,"Raub, r uberische Erpressung auf/gegen Geldinstitute, Postfilialen und -agenturen",5911000,Bochum,voll.,0,0,0,0,0,0,0,0,0,0,0,0,0,0,0,0,0,0,0,0,0,0,0,0,0,0,0,2023
211000,"Raub, r uberische Erpressung auf/gegen Geldinstitute, Postfilialen und -agenturen",5911000,Bochum,insg.,0,0,0,0,0,0,0,0,0,0,0,0,0,0,0,0,0,0,0,0,0,0,0,0,0,0,0,2023
211000,"Raub, r uberische Erpressung auf/gegen Geldinstitute, Postfilialen und -agenturen",5314000,Bonn,vers.,0,0,0,0,0,0,0,0,0,0,0,0,0,0,0,0,0,0,0,0,0,0,0,0,0,0,0,2023
211000,"Raub, r uberische Erpressung auf/gegen Geldinstitute, Postfilialen und -agenturen",5314000,Bonn,voll.,0,0,0,0,0,0,0,0,0,0,0,0,0,0,0,0,0,0,0,0,0,0,0,0,0,0,0,2023
211000,"Raub, r uberische Erpressung auf/gegen Geldinstitute, Postfilialen und -agenturen",5314000,Bonn,insg.,0,0,0,0,0,0,0,0,0,0,0,0,0,0,0,0,0,0,0,0,0,0,0,0,0,0,0,2023
211000,"Raub, r uberische Erpressung auf/gegen Geldinstitute, Postfilialen und -agenturen",5512000,Bottrop,vers.,0,0,0,0,0,0,0,0,0,0,0,0,0,0,0,0,0,0,0,0,0,0,0,0,0,0,0,2023
211000,"Raub, r uberische Erpressung auf/gegen Geldinstitute, Postfilialen und -agenturen",5512000,Bottrop,voll.,0,0,0,0,0,0,0,0,0,0,0,0,0,0,0,0,0,0,0,0,0,0,0,0,0,0,0,2023
211000,"Raub, r uberische Erpressung auf/gegen Geldinstitute, Postfilialen und -agenturen",5512000,Bottrop,insg.,0,0,0,0,0,0,0,0,0,0,0,0,0,0,0,0,0,0,0,0,0,0,0,0,0,0,0,2023
211000,"Raub, r uberische Erpressung auf/gegen Geldinstitute, Postfilialen und -agenturen",3101000,Braunschweig,vers.,0,0,0,0,0,0,0,0,0,0,0,0,0,0,0,0,0,0,0,0,0,0,0,0,0,0,0,2023
211000,"Raub, r uberische Erpressung auf/gegen Geldinstitute, Postfilialen und -agenturen",3101000,Braunschweig,voll.,0,0,0,0,0,0,0,0,0,0,0,0,0,0,0,0,0,0,0,0,0,0,0,0,0,0,0,2023
211000,"Raub, r uberische Erpressung auf/gegen Geldinstitute, Postfilialen und -agenturen",3101000,Braunschweig,insg.,0,0,0,0,0,0,0,0,0,0,0,0,0,0,0,0,0,0,0,0,0,0,0,0,0,0,0,2023
211000,"Raub, r uberische Erpressung auf/gegen Geldinstitute, Postfilialen und -agenturen",4011000,Bremen,vers.,2,1,1,0,0,0,0,0,0,0,0,0,0,0,0,0,0,0,2,1,1,0,0,0,2,1,1,2023
211000,"Raub, r uberische Erpressung auf/gegen Geldinstitute, Postfilialen und -agenturen",4011000,Bremen,voll.,0,0,0,0,0,0,0,0,0,0,0,0,0,0,0,0,0,0,0,0,0,0,0,0,0,0,0,2023
211000,"Raub, r uberische Erpressung auf/gegen Geldinstitute, Postfilialen und -agenturen",4011000,Bremen,insg.,2,1,1,0,0,0,0,0,0,0,0,0,0,0,0,0,0,0,2,1,1,0,0,0,2,1,1,2023
211000,"Raub, r uberische Erpressung auf/gegen Geldinstitute, Postfilialen und -agenturen",4012000,Bremerhaven,vers.,0,0,0,0,0,0,0,0,0,0,0,0,0,0,0,0,0,0,0,0,0,0,0,0,0,0,0,2023
211000,"Raub, r uberische Erpressung auf/gegen Geldinstitute, Postfilialen und -agenturen",4012000,Bremerhaven,voll.,1,1,0,0,0,0,0,0,0,0,0,0,0,0,0,1,1,0,0,0,0,0,0,0,0,0,0,2023
211000,"Raub, r uberische Erpressung auf/gegen Geldinstitute, Postfilialen und -agenturen",4012000,Bremerhaven,insg.,1,1,0,0,0,0,0,0,0,0,0,0,0,0,0,1,1,0,0,0,0,0,0,0,0,0,0,2023
211000,"Raub, r uberische Erpressung auf/gegen Geldinstitute, Postfilialen und -agenturen",14511000,Chemnitz,vers.,0,0,0,0,0,0,0,0,0,0,0,0,0,0,0,0,0,0,0,0,0,0,0,0,0,0,0,2023
211000,"Raub, r uberische Erpressung auf/gegen Geldinstitute, Postfilialen und -agenturen",14511000,Chemnitz,voll.,0,0,0,0,0,0,0,0,0,0,0,0,0,0,0,0,0,0,0,0,0,0,0,0,0,0,0,2023
211000,"Raub, r uberische Erpressung auf/gegen Geldinstitute, Postfilialen und -agenturen",14511000,Chemnitz,insg.,0,0,0,0,0,0,0,0,0,0,0,0,0,0,0,0,0,0,0,0,0,0,0,0,0,0,0,2023
211000,"Raub, r uberische Erpressung auf/gegen Geldinstitute, Postfilialen und -agenturen",6411000,Darmstadt,vers.,0,0,0,0,0,0,0,0,0,0,0,0,0,0,0,0,0,0,0,0,0,0,0,0,0,0,0,2023
211000,"Raub, r uberische Erpressung auf/gegen Geldinstitute, Postfilialen und -agenturen",6411000,Darmstadt,voll.,0,0,0,0,0,0,0,0,0,0,0,0,0,0,0,0,0,0,0,0,0,0,0,0,0,0,0,2023
211000,"Raub, r uberische Erpressung auf/gegen Geldinstitute, Postfilialen und -agenturen",6411000,Darmstadt,insg.,0,0,0,0,0,0,0,0,0,0,0,0,0,0,0,0,0,0,0,0,0,0,0,0,0,0,0,2023
211000,"Raub, r uberische Erpressung auf/gegen Geldinstitute, Postfilialen und -agenturen",5913000,Dortmund,vers.,0,0,0,0,0,0,0,0,0,0,0,0,0,0,0,0,0,0,0,0,0,0,0,0,0,0,0,2023
211000,"Raub, r uberische Erpressung auf/gegen Geldinstitute, Postfilialen und -agenturen",5913000,Dortmund,voll.,1,0,1,0,0,0,0,0,0,0,0,0,0,0,0,0,0,0,1,0,1,0,0,0,1,0,1,2023
211000,"Raub, r uberische Erpressung auf/gegen Geldinstitute, Postfilialen und -agenturen",5913000,Dortmund,insg.,1,0,1,0,0,0,0,0,0,0,0,0,0,0,0,0,0,0,1,0,1,0,0,0,1,0,1,2023
211000,"Raub, r uberische Erpressung auf/gegen Geldinstitute, Postfilialen und -agenturen",14612000,Dresden,vers.,1,0,1,0,0,0,0,0,0,0,0,0,0,0,0,0,0,0,1,0,1,0,0,0,1,0,1,2023
211000,"Raub, r uberische Erpressung auf/gegen Geldinstitute, Postfilialen und -agenturen",14612000,Dresden,voll.,0,0,0,0,0,0,0,0,0,0,0,0,0,0,0,0,0,0,0,0,0,0,0,0,0,0,0,2023
211000,"Raub, r uberische Erpressung auf/gegen Geldinstitute, Postfilialen und -agenturen",14612000,Dresden,insg.,1,0,1,0,0,0,0,0,0,0,0,0,0,0,0,0,0,0,1,0,1,0,0,0,1,0,1,2023
211000,"Raub, r uberische Erpressung auf/gegen Geldinstitute, Postfilialen und -agenturen",5112000,Duisburg,vers.,0,0,0,0,0,0,0,0,0,0,0,0,0,0,0,0,0,0,0,0,0,0,0,0,0,0,0,2023
211000,"Raub, r uberische Erpressung auf/gegen Geldinstitute, Postfilialen und -agenturen",5112000,Duisburg,voll.,0,0,0,0,0,0,0,0,0,0,0,0,0,0,0,0,0,0,0,0,0,0,0,0,0,0,0,2023
211000,"Raub, r uberische Erpressung auf/gegen Geldinstitute, Postfilialen und -agenturen",5112000,Duisburg,insg.,0,0,0,0,0,0,0,0,0,0,0,0,0,0,0,0,0,0,0,0,0,0,0,0,0,0,0,2023
211000,"Raub, r uberische Erpressung auf/gegen Geldinstitute, Postfilialen und -agenturen",5111000,D sseldorf,vers.,0,0,0,0,0,0,0,0,0,0,0,0,0,0,0,0,0,0,0,0,0,0,0,0,0,0,0,2023
211000,"Raub, r uberische Erpressung auf/gegen Geldinstitute, Postfilialen und -agenturen",5111000,D sseldorf,voll.,0,0,0,0,0,0,0,0,0,0,0,0,0,0,0,0,0,0,0,0,0,0,0,0,0,0,0,2023
211000,"Raub, r uberische Erpressung auf/gegen Geldinstitute, Postfilialen und -agenturen",5111000,D sseldorf,insg.,0,0,0,0,0,0,0,0,0,0,0,0,0,0,0,0,0,0,0,0,0,0,0,0,0,0,0,2023
211000,"Raub, r uberische Erpressung auf/gegen Geldinstitute, Postfilialen und -agenturen",16051000,Erfurt,vers.,0,0,0,0,0,0,0,0,0,0,0,0,0,0,0,0,0,0,0,0,0,0,0,0,0,0,0,2023
211000,"Raub, r uberische Erpressung auf/gegen Geldinstitute, Postfilialen und -agenturen",16051000,Erfurt,voll.,0,0,0,0,0,0,0,0,0,0,0,0,0,0,0,0,0,0,0,0,0,0,0,0,0,0,0,2023
211000,"Raub, r uberische Erpressung auf/gegen Geldinstitute, Postfilialen und -agenturen",16051000,Erfurt,insg.,0,0,0,0,0,0,0,0,0,0,0,0,0,0,0,0,0,0,0,0,0,0,0,0,0,0,0,2023
211000,"Raub, r uberische Erpressung auf/gegen Geldinstitute, Postfilialen und -agenturen",9562000,Erlangen,vers.,0,0,0,0,0,0,0,0,0,0,0,0,0,0,0,0,0,0,0,0,0,0,0,0,0,0,0,2023
211000,"Raub, r uberische Erpressung auf/gegen Geldinstitute, Postfilialen und -agenturen",9562000,Erlangen,voll.,0,0,0,0,0,0,0,0,0,0,0,0,0,0,0,0,0,0,0,0,0,0,0,0,0,0,0,2023
211000,"Raub, r uberische Erpressung auf/gegen Geldinstitute, Postfilialen und -agenturen",9562000,Erlangen,insg.,0,0,0,0,0,0,0,0,0,0,0,0,0,0,0,0,0,0,0,0,0,0,0,0,0,0,0,2023
211000,"Raub, r uberische Erpressung auf/gegen Geldinstitute, Postfilialen und -agenturen",5113000,Essen,vers.,1,0,1,0,0,0,0,0,0,0,0,0,0,0,0,0,0,0,1,0,1,0,0,0,1,0,1,2023
211000,"Raub, r uberische Erpressung auf/gegen Geldinstitute, Postfilialen und -agenturen",5113000,Essen,voll.,1,1,0,0,0,0,0,0,0,0,0,0,0,0,0,0,0,0,1,1,0,0,0,0,1,1,0,2023
211000,"Raub, r uberische Erpressung auf/gegen Geldinstitute, Postfilialen und -agenturen",5113000,Essen,insg.,2,1,1,0,0,0,0,0,0,0,0,0,0,0,0,0,0,0,2,1,1,0,0,0,2,1,1,2023
211000,"Raub, r uberische Erpressung auf/gegen Geldinstitute, Postfilialen und -agenturen",6412000,Frankfurt am Main,vers.,0,0,0,0,0,0,0,0,0,0,0,0,0,0,0,0,0,0,0,0,0,0,0,0,0,0,0,2023
211000,"Raub, r uberische Erpressung auf/gegen Geldinstitute, Postfilialen und -agenturen",6412000,Frankfurt am Main,voll.,0,0,0,0,0,0,0,0,0,0,0,0,0,0,0,0,0,0,0,0,0,0,0,0,0,0,0,2023
211000,"Raub, r uberische Erpressung auf/gegen Geldinstitute, Postfilialen und -agenturen",6412000,Frankfurt am Main,insg.,0,0,0,0,0,0,0,0,0,0,0,0,0,0,0,0,0,0,0,0,0,0,0,0,0,0,0,2023
211000,"Raub, r uberische Erpressung auf/gegen Geldinstitute, Postfilialen und -agenturen",8311000,Freiburg im Breisgau,vers.,0,0,0,0,0,0,0,0,0,0,0,0,0,0,0,0,0,0,0,0,0,0,0,0,0,0,0,2023
211000,"Raub, r uberische Erpressung auf/gegen Geldinstitute, Postfilialen und -agenturen",8311000,Freiburg im Breisgau,voll.,0,0,0,0,0,0,0,0,0,0,0,0,0,0,0,0,0,0,0,0,0,0,0,0,0,0,0,2023
211000,"Raub, r uberische Erpressung auf/gegen Geldinstitute, Postfilialen und -agenturen",8311000,Freiburg im Breisgau,insg.,0,0,0,0,0,0,0,0,0,0,0,0,0,0,0,0,0,0,0,0,0,0,0,0,0,0,0,2023
211000,"Raub, r uberische Erpressung auf/gegen Geldinstitute, Postfilialen und -agenturen",9563000,F rth,vers.,0,0,0,0,0,0,0,0,0,0,0,0,0,0,0,0,0,0,0,0,0,0,0,0,0,0,0,2023
211000,"Raub, r uberische Erpressung auf/gegen Geldinstitute, Postfilialen und -agenturen",9563000,F rth,voll.,0,0,0,0,0,0,0,0,0,0,0,0,0,0,0,0,0,0,0,0,0,0,0,0,0,0,0,2023
211000,"Raub, r uberische Erpressung auf/gegen Geldinstitute, Postfilialen und -agenturen",9563000,F rth,insg.,0,0,0,0,0,0,0,0,0,0,0,0,0,0,0,0,0,0,0,0,0,0,0,0,0,0,0,2023
211000,"Raub, r uberische Erpressung auf/gegen Geldinstitute, Postfilialen und -agenturen",5513000,Gelsenkirchen,vers.,0,0,0,0,0,0,0,0,0,0,0,0,0,0,0,0,0,0,0,0,0,0,0,0,0,0,0,2023
211000,"Raub, r uberische Erpressung auf/gegen Geldinstitute, Postfilialen und -agenturen",5513000,Gelsenkirchen,voll.,0,0,0,0,0,0,0,0,0,0,0,0,0,0,0,0,0,0,0,0,0,0,0,0,0,0,0,2023
211000,"Raub, r uberische Erpressung auf/gegen Geldinstitute, Postfilialen und -agenturen",5513000,Gelsenkirchen,insg.,0,0,0,0,0,0,0,0,0,0,0,0,0,0,0,0,0,0,0,0,0,0,0,0,0,0,0,2023
211000,"Raub, r uberische Erpressung auf/gegen Geldinstitute, Postfilialen und -agenturen",3159016,G ttingen,vers.,0,0,0,0,0,0,0,0,0,0,0,0,0,0,0,0,0,0,0,0,0,0,0,0,0,0,0,2023
211000,"Raub, r uberische Erpressung auf/gegen Geldinstitute, Postfilialen und -agenturen",3159016,G ttingen,voll.,0,0,0,0,0,0,0,0,0,0,0,0,0,0,0,0,0,0,0,0,0,0,0,0,0,0,0,2023
211000,"Raub, r uberische Erpressung auf/gegen Geldinstitute, Postfilialen und -agenturen",3159016,G ttingen,insg.,0,0,0,0,0,0,0,0,0,0,0,0,0,0,0,0,0,0,0,0,0,0,0,0,0,0,0,2023
211000,"Raub, r uberische Erpressung auf/gegen Geldinstitute, Postfilialen und -agenturen",5754008,G tersloh,vers.,0,0,0,0,0,0,0,0,0,0,0,0,0,0,0,0,0,0,0,0,0,0,0,0,0,0,0,2023
211000,"Raub, r uberische Erpressung auf/gegen Geldinstitute, Postfilialen und -agenturen",5754008,G tersloh,voll.,0,0,0,0,0,0,0,0,0,0,0,0,0,0,0,0,0,0,0,0,0,0,0,0,0,0,0,2023
211000,"Raub, r uberische Erpressung auf/gegen Geldinstitute, Postfilialen und -agenturen",5754008,G tersloh,insg.,0,0,0,0,0,0,0,0,0,0,0,0,0,0,0,0,0,0,0,0,0,0,0,0,0,0,0,2023
211000,"Raub, r uberische Erpressung auf/gegen Geldinstitute, Postfilialen und -agenturen",5914000,Hagen,vers.,0,0,0,0,0,0,0,0,0,0,0,0,0,0,0,0,0,0,0,0,0,0,0,0,0,0,0,2023
211000,"Raub, r uberische Erpressung auf/gegen Geldinstitute, Postfilialen und -agenturen",5914000,Hagen,voll.,0,0,0,0,0,0,0,0,0,0,0,0,0,0,0,0,0,0,0,0,0,0,0,0,0,0,0,2023
211000,"Raub, r uberische Erpressung auf/gegen Geldinstitute, Postfilialen und -agenturen",5914000,Hagen,insg.,0,0,0,0,0,0,0,0,0,0,0,0,0,0,0,0,0,0,0,0,0,0,0,0,0,0,0,2023
211000,"Raub, r uberische Erpressung auf/gegen Geldinstitute, Postfilialen und -agenturen",15002000,Halle (Saale),vers.,0,0,0,0,0,0,0,0,0,0,0,0,0,0,0,0,0,0,0,0,0,0,0,0,0,0,0,2023
211000,"Raub, r uberische Erpressung auf/gegen Geldinstitute, Postfilialen und -agenturen",15002000,Halle (Saale),voll.,0,0,0,0,0,0,0,0,0,0,0,0,0,0,0,0,0,0,0,0,0,0,0,0,0,0,0,2023
211000,"Raub, r uberische Erpressung auf/gegen Geldinstitute, Postfilialen und -agenturen",15002000,Halle (Saale),insg.,0,0,0,0,0,0,0,0,0,0,0,0,0,0,0,0,0,0,0,0,0,0,0,0,0,0,0,2023
211000,"Raub, r uberische Erpressung auf/gegen Geldinstitute, Postfilialen und -agenturen",2000000,Hamburg,vers.,0,0,0,0,0,0,0,0,0,0,0,0,0,0,0,0,0,0,0,0,0,0,0,0,0,0,0,2023
211000,"Raub, r uberische Erpressung auf/gegen Geldinstitute, Postfilialen und -agenturen",2000000,Hamburg,voll.,0,0,0,0,0,0,0,0,0,0,0,0,0,0,0,0,0,0,0,0,0,0,0,0,0,0,0,2023
211000,"Raub, r uberische Erpressung auf/gegen Geldinstitute, Postfilialen und -agenturen",2000000,Hamburg,insg.,0,0,0,0,0,0,0,0,0,0,0,0,0,0,0,0,0,0,0,0,0,0,0,0,0,0,0,2023
211000,"Raub, r uberische Erpressung auf/gegen Geldinstitute, Postfilialen und -agenturen",5915000,Hamm,vers.,0,0,0,0,0,0,0,0,0,0,0,0,0,0,0,0,0,0,0,0,0,0,0,0,0,0,0,2023
211000,"Raub, r uberische Erpressung auf/gegen Geldinstitute, Postfilialen und -agenturen",5915000,Hamm,voll.,0,0,0,0,0,0,0,0,0,0,0,0,0,0,0,0,0,0,0,0,0,0,0,0,0,0,0,2023
211000,"Raub, r uberische Erpressung auf/gegen Geldinstitute, Postfilialen und -agenturen",5915000,Hamm,insg.,0,0,0,0,0,0,0,0,0,0,0,0,0,0,0,0,0,0,0,0,0,0,0,0,0,0,0,2023
211000,"Raub, r uberische Erpressung auf/gegen Geldinstitute, Postfilialen und -agenturen",6435014,Hanau,vers.,0,0,0,0,0,0,0,0,0,0,0,0,0,0,0,0,0,0,0,0,0,0,0,0,0,0,0,2023
211000,"Raub, r uberische Erpressung auf/gegen Geldinstitute, Postfilialen und -agenturen",6435014,Hanau,voll.,0,0,0,0,0,0,0,0,0,0,0,0,0,0,0,0,0,0,0,0,0,0,0,0,0,0,0,2023
211000,"Raub, r uberische Erpressung auf/gegen Geldinstitute, Postfilialen und -agenturen",6435014,Hanau,insg.,0,0,0,0,0,0,0,0,0,0,0,0,0,0,0,0,0,0,0,0,0,0,0,0,0,0,0,2023
211000,"Raub, r uberische Erpressung auf/gegen Geldinstitute, Postfilialen und -agenturen",3241001,Hannover,vers.,0,0,0,0,0,0,0,0,0,0,0,0,0,0,0,0,0,0,0,0,0,0,0,0,0,0,0,2023
211000,"Raub, r uberische Erpressung auf/gegen Geldinstitute, Postfilialen und -agenturen",3241001,Hannover,voll.,1,1,0,0,0,0,0,0,0,0,0,0,0,0,0,0,0,0,1,1,0,0,0,0,1,1,0,2023
211000,"Raub, r uberische Erpressung auf/gegen Geldinstitute, Postfilialen und -agenturen",3241001,Hannover,insg.,1,1,0,0,0,0,0,0,0,0,0,0,0,0,0,0,0,0,1,1,0,0,0,0,1,1,0,2023
211000,"Raub, r uberische Erpressung auf/gegen Geldinstitute, Postfilialen und -agenturen",8221000,Heidelberg,vers.,0,0,0,0,0,0,0,0,0,0,0,0,0,0,0,0,0,0,0,0,0,0,0,0,0,0,0,2023
211000,"Raub, r uberische Erpressung auf/gegen Geldinstitute, Postfilialen und -agenturen",8221000,Heidelberg,voll.,0,0,0,0,0,0,0,0,0,0,0,0,0,0,0,0,0,0,0,0,0,0,0,0,0,0,0,2023
211000,"Raub, r uberische Erpressung auf/gegen Geldinstitute, Postfilialen und -agenturen",8221000,Heidelberg,insg.,0,0,0,0,0,0,0,0,0,0,0,0,0,0,0,0,0,0,0,0,0,0,0,0,0,0,0,2023
211000,"Raub, r uberische Erpressung auf/gegen Geldinstitute, Postfilialen und -agenturen",8121000,Heilbronn,vers.,0,0,0,0,0,0,0,0,0,0,0,0,0,0,0,0,0,0,0,0,0,0,0,0,0,0,0,2023
211000,"Raub, r uberische Erpressung auf/gegen Geldinstitute, Postfilialen und -agenturen",8121000,Heilbronn,voll.,0,0,0,0,0,0,0,0,0,0,0,0,0,0,0,0,0,0,0,0,0,0,0,0,0,0,0,2023
211000,"Raub, r uberische Erpressung auf/gegen Geldinstitute, Postfilialen und -agenturen",8121000,Heilbronn,insg.,0,0,0,0,0,0,0,0,0,0,0,0,0,0,0,0,0,0,0,0,0,0,0,0,0,0,0,2023
211000,"Raub, r uberische Erpressung auf/gegen Geldinstitute, Postfilialen und -agenturen",5916000,Herne,vers.,0,0,0,0,0,0,0,0,0,0,0,0,0,0,0,0,0,0,0,0,0,0,0,0,0,0,0,2023
211000,"Raub, r uberische Erpressung auf/gegen Geldinstitute, Postfilialen und -agenturen",5916000,Herne,voll.,0,0,0,0,0,0,0,0,0,0,0,0,0,0,0,0,0,0,0,0,0,0,0,0,0,0,0,2023
211000,"Raub, r uberische Erpressung auf/gegen Geldinstitute, Postfilialen und -agenturen",5916000,Herne,insg.,0,0,0,0,0,0,0,0,0,0,0,0,0,0,0,0,0,0,0,0,0,0,0,0,0,0,0,2023
211000,"Raub, r uberische Erpressung auf/gegen Geldinstitute, Postfilialen und -agenturen",3254021,Hildesheim,vers.,0,0,0,0,0,0,0,0,0,0,0,0,0,0,0,0,0,0,0,0,0,0,0,0,0,0,0,2023
211000,"Raub, r uberische Erpressung auf/gegen Geldinstitute, Postfilialen und -agenturen",3254021,Hildesheim,voll.,0,0,0,0,0,0,0,0,0,0,0,0,0,0,0,0,0,0,0,0,0,0,0,0,0,0,0,2023
211000,"Raub, r uberische Erpressung auf/gegen Geldinstitute, Postfilialen und -agenturen",3254021,Hildesheim,insg.,0,0,0,0,0,0,0,0,0,0,0,0,0,0,0,0,0,0,0,0,0,0,0,0,0,0,0,2023
211000,"Raub, r uberische Erpressung auf/gegen Geldinstitute, Postfilialen und -agenturen",9161000,Ingolstadt,vers.,0,0,0,0,0,0,0,0,0,0,0,0,0,0,0,0,0,0,0,0,0,0,0,0,0,0,0,2023
211000,"Raub, r uberische Erpressung auf/gegen Geldinstitute, Postfilialen und -agenturen",9161000,Ingolstadt,voll.,0,0,0,0,0,0,0,0,0,0,0,0,0,0,0,0,0,0,0,0,0,0,0,0,0,0,0,2023
211000,"Raub, r uberische Erpressung auf/gegen Geldinstitute, Postfilialen und -agenturen",9161000,Ingolstadt,insg.,0,0,0,0,0,0,0,0,0,0,0,0,0,0,0,0,0,0,0,0,0,0,0,0,0,0,0,2023
211000,"Raub, r uberische Erpressung auf/gegen Geldinstitute, Postfilialen und -agenturen",16053000,Jena,vers.,0,0,0,0,0,0,0,0,0,0,0,0,0,0,0,0,0,0,0,0,0,0,0,0,0,0,0,2023
211000,"Raub, r uberische Erpressung auf/gegen Geldinstitute, Postfilialen und -agenturen",16053000,Jena,voll.,0,0,0,0,0,0,0,0,0,0,0,0,0,0,0,0,0,0,0,0,0,0,0,0,0,0,0,2023
211000,"Raub, r uberische Erpressung auf/gegen Geldinstitute, Postfilialen und -agenturen",16053000,Jena,insg.,0,0,0,0,0,0,0,0,0,0,0,0,0,0,0,0,0,0,0,0,0,0,0,0,0,0,0,2023
211000,"Raub, r uberische Erpressung auf/gegen Geldinstitute, Postfilialen und -agenturen",7312000,Kaiserslautern,vers.,0,0,0,0,0,0,0,0,0,0,0,0,0,0,0,0,0,0,0,0,0,0,0,0,0,0,0,2023
211000,"Raub, r uberische Erpressung auf/gegen Geldinstitute, Postfilialen und -agenturen",7312000,Kaiserslautern,voll.,0,0,0,0,0,0,0,0,0,0,0,0,0,0,0,0,0,0,0,0,0,0,0,0,0,0,0,2023
211000,"Raub, r uberische Erpressung auf/gegen Geldinstitute, Postfilialen und -agenturen",7312000,Kaiserslautern,insg.,0,0,0,0,0,0,0,0,0,0,0,0,0,0,0,0,0,0,0,0,0,0,0,0,0,0,0,2023
211000,"Raub, r uberische Erpressung auf/gegen Geldinstitute, Postfilialen und -agenturen",8212000,Karlsruhe,vers.,0,0,0,0,0,0,0,0,0,0,0,0,0,0,0,0,0,0,0,0,0,0,0,0,0,0,0,2023
211000,"Raub, r uberische Erpressung auf/gegen Geldinstitute, Postfilialen und -agenturen",8212000,Karlsruhe,voll.,0,0,0,0,0,0,0,0,0,0,0,0,0,0,0,0,0,0,0,0,0,0,0,0,0,0,0,2023
211000,"Raub, r uberische Erpressung auf/gegen Geldinstitute, Postfilialen und -agenturen",8212000,Karlsruhe,insg.,0,0,0,0,0,0,0,0,0,0,0,0,0,0,0,0,0,0,0,0,0,0,0,0,0,0,0,2023
211000,"Raub, r uberische Erpressung auf/gegen Geldinstitute, Postfilialen und -agenturen",6611000,Kassel,vers.,0,0,0,0,0,0,0,0,0,0,0,0,0,0,0,0,0,0,0,0,0,0,0,0,0,0,0,2023
211000,"Raub, r uberische Erpressung auf/gegen Geldinstitute, Postfilialen und -agenturen",6611000,Kassel,voll.,0,0,0,0,0,0,0,0,0,0,0,0,0,0,0,0,0,0,0,0,0,0,0,0,0,0,0,2023
211000,"Raub, r uberische Erpressung auf/gegen Geldinstitute, Postfilialen und -agenturen",6611000,Kassel,insg.,0,0,0,0,0,0,0,0,0,0,0,0,0,0,0,0,0,0,0,0,0,0,0,0,0,0,0,2023
211000,"Raub, r uberische Erpressung auf/gegen Geldinstitute, Postfilialen und -agenturen",1002000,Kiel,vers.,0,0,0,0,0,0,0,0,0,0,0,0,0,0,0,0,0,0,0,0,0,0,0,0,0,0,0,2023
211000,"Raub, r uberische Erpressung auf/gegen Geldinstitute, Postfilialen und -agenturen",1002000,Kiel,voll.,0,0,0,0,0,0,0,0,0,0,0,0,0,0,0,0,0,0,0,0,0,0,0,0,0,0,0,2023
211000,"Raub, r uberische Erpressung auf/gegen Geldinstitute, Postfilialen und -agenturen",1002000,Kiel,insg.,0,0,0,0,0,0,0,0,0,0,0,0,0,0,0,0,0,0,0,0,0,0,0,0,0,0,0,2023
211000,"Raub, r uberische Erpressung auf/gegen Geldinstitute, Postfilialen und -agenturen",7111000,Koblenz,vers.,0,0,0,0,0,0,0,0,0,0,0,0,0,0,0,0,0,0,0,0,0,0,0,0,0,0,0,2023
211000,"Raub, r uberische Erpressung auf/gegen Geldinstitute, Postfilialen und -agenturen",7111000,Koblenz,voll.,0,0,0,0,0,0,0,0,0,0,0,0,0,0,0,0,0,0,0,0,0,0,0,0,0,0,0,2023
211000,"Raub, r uberische Erpressung auf/gegen Geldinstitute, Postfilialen und -agenturen",7111000,Koblenz,insg.,0,0,0,0,0,0,0,0,0,0,0,0,0,0,0,0,0,0,0,0,0,0,0,0,0,0,0,2023
211000,"Raub, r uberische Erpressung auf/gegen Geldinstitute, Postfilialen und -agenturen",5315000,K ln,vers.,0,0,0,0,0,0,0,0,0,0,0,0,0,0,0,0,0,0,0,0,0,0,0,0,0,0,0,2023
211000,"Raub, r uberische Erpressung auf/gegen Geldinstitute, Postfilialen und -agenturen",5315000,K ln,voll.,0,0,0,0,0,0,0,0,0,0,0,0,0,0,0,0,0,0,0,0,0,0,0,0,0,0,0,2023
211000,"Raub, r uberische Erpressung auf/gegen Geldinstitute, Postfilialen und -agenturen",5315000,K ln,insg.,0,0,0,0,0,0,0,0,0,0,0,0,0,0,0,0,0,0,0,0,0,0,0,0,0,0,0,2023
211000,"Raub, r uberische Erpressung auf/gegen Geldinstitute, Postfilialen und -agenturen",5114000,Krefeld,vers.,0,0,0,0,0,0,0,0,0,0,0,0,0,0,0,0,0,0,0,0,0,0,0,0,0,0,0,2023
211000,"Raub, r uberische Erpressung auf/gegen Geldinstitute, Postfilialen und -agenturen",5114000,Krefeld,voll.,1,0,1,0,0,0,0,0,0,0,0,0,0,0,0,1,0,1,0,0,0,0,0,0,0,0,0,2023
211000,"Raub, r uberische Erpressung auf/gegen Geldinstitute, Postfilialen und -agenturen",5114000,Krefeld,insg.,1,0,1,0,0,0,0,0,0,0,0,0,0,0,0,1,0,1,0,0,0,0,0,0,0,0,0,2023
211000,"Raub, r uberische Erpressung auf/gegen Geldinstitute, Postfilialen und -agenturen",14713000,Leipzig,vers.,0,0,0,0,0,0,0,0,0,0,0,0,0,0,0,0,0,0,0,0,0,0,0,0,0,0,0,2023
211000,"Raub, r uberische Erpressung auf/gegen Geldinstitute, Postfilialen und -agenturen",14713000,Leipzig,voll.,0,0,0,0,0,0,0,0,0,0,0,0,0,0,0,0,0,0,0,0,0,0,0,0,0,0,0,2023
211000,"Raub, r uberische Erpressung auf/gegen Geldinstitute, Postfilialen und -agenturen",14713000,Leipzig,insg.,0,0,0,0,0,0,0,0,0,0,0,0,0,0,0,0,0,0,0,0,0,0,0,0,0,0,0,2023
211000,"Raub, r uberische Erpressung auf/gegen Geldinstitute, Postfilialen und -agenturen",5316000,Leverkusen,vers.,0,0,0,0,0,0,0,0,0,0,0,0,0,0,0,0,0,0,0,0,0,0,0,0,0,0,0,2023
211000,"Raub, r uberische Erpressung auf/gegen Geldinstitute, Postfilialen und -agenturen",5316000,Leverkusen,voll.,0,0,0,0,0,0,0,0,0,0,0,0,0,0,0,0,0,0,0,0,0,0,0,0,0,0,0,2023
211000,"Raub, r uberische Erpressung auf/gegen Geldinstitute, Postfilialen und -agenturen",5316000,Leverkusen,insg.,0,0,0,0,0,0,0,0,0,0,0,0,0,0,0,0,0,0,0,0,0,0,0,0,0,0,0,2023
211000,"Raub, r uberische Erpressung auf/gegen Geldinstitute, Postfilialen und -agenturen",1003000,L beck,vers.,0,0,0,0,0,0,0,0,0,0,0,0,0,0,0,0,0,0,0,0,0,0,0,0,0,0,0,2023
211000,"Raub, r uberische Erpressung auf/gegen Geldinstitute, Postfilialen und -agenturen",1003000,L beck,voll.,0,0,0,0,0,0,0,0,0,0,0,0,0,0,0,0,0,0,0,0,0,0,0,0,0,0,0,2023
211000,"Raub, r uberische Erpressung auf/gegen Geldinstitute, Postfilialen und -agenturen",1003000,L beck,insg.,0,0,0,0,0,0,0,0,0,0,0,0,0,0,0,0,0,0,0,0,0,0,0,0,0,0,0,2023
211000,"Raub, r uberische Erpressung auf/gegen Geldinstitute, Postfilialen und -agenturen",7314000,Ludwigshafen am Rhein,vers.,0,0,0,0,0,0,0,0,0,0,0,0,0,0,0,0,0,0,0,0,0,0,0,0,0,0,0,2023
211000,"Raub, r uberische Erpressung auf/gegen Geldinstitute, Postfilialen und -agenturen",7314000,Ludwigshafen am Rhein,voll.,0,0,0,0,0,0,0,0,0,0,0,0,0,0,0,0,0,0,0,0,0,0,0,0,0,0,0,2023
211000,"Raub, r uberische Erpressung auf/gegen Geldinstitute, Postfilialen und -agenturen",7314000,Ludwigshafen am Rhein,insg.,0,0,0,0,0,0,0,0,0,0,0,0,0,0,0,0,0,0,0,0,0,0,0,0,0,0,0,2023
211000,"Raub, r uberische Erpressung auf/gegen Geldinstitute, Postfilialen und -agenturen",15003000,Magdeburg,vers.,0,0,0,0,0,0,0,0,0,0,0,0,0,0,0,0,0,0,0,0,0,0,0,0,0,0,0,2023
211000,"Raub, r uberische Erpressung auf/gegen Geldinstitute, Postfilialen und -agenturen",15003000,Magdeburg,voll.,1,0,1,0,0,0,0,0,0,0,0,0,0,0,0,0,0,0,1,0,1,0,0,0,1,0,1,2023
211000,"Raub, r uberische Erpressung auf/gegen Geldinstitute, Postfilialen und -agenturen",15003000,Magdeburg,insg.,1,0,1,0,0,0,0,0,0,0,0,0,0,0,0,0,0,0,1,0,1,0,0,0,1,0,1,2023
211000,"Raub, r uberische Erpressung auf/gegen Geldinstitute, Postfilialen und -agenturen",7315000,Mainz,vers.,0,0,0,0,0,0,0,0,0,0,0,0,0,0,0,0,0,0,0,0,0,0,0,0,0,0,0,2023
211000,"Raub, r uberische Erpressung auf/gegen Geldinstitute, Postfilialen und -agenturen",7315000,Mainz,voll.,0,0,0,0,0,0,0,0,0,0,0,0,0,0,0,0,0,0,0,0,0,0,0,0,0,0,0,2023
211000,"Raub, r uberische Erpressung auf/gegen Geldinstitute, Postfilialen und -agenturen",7315000,Mainz,insg.,0,0,0,0,0,0,0,0,0,0,0,0,0,0,0,0,0,0,0,0,0,0,0,0,0,0,0,2023
211000,"Raub, r uberische Erpressung auf/gegen Geldinstitute, Postfilialen und -agenturen",8222000,Mannheim,vers.,0,0,0,0,0,0,0,0,0,0,0,0,0,0,0,0,0,0,0,0,0,0,0,0,0,0,0,2023
211000,"Raub, r uberische Erpressung auf/gegen Geldinstitute, Postfilialen und -agenturen",8222000,Mannheim,voll.,0,0,0,0,0,0,0,0,0,0,0,0,0,0,0,0,0,0,0,0,0,0,0,0,0,0,0,2023
211000,"Raub, r uberische Erpressung auf/gegen Geldinstitute, Postfilialen und -agenturen",8222000,Mannheim,insg.,0,0,0,0,0,0,0,0,0,0,0,0,0,0,0,0,0,0,0,0,0,0,0,0,0,0,0,2023
211000,"Raub, r uberische Erpressung auf/gegen Geldinstitute, Postfilialen und -agenturen",5170024,Moers,vers.,0,0,0,0,0,0,0,0,0,0,0,0,0,0,0,0,0,0,0,0,0,0,0,0,0,0,0,2023
211000,"Raub, r uberische Erpressung auf/gegen Geldinstitute, Postfilialen und -agenturen",5170024,Moers,voll.,0,0,0,0,0,0,0,0,0,0,0,0,0,0,0,0,0,0,0,0,0,0,0,0,0,0,0,2023
211000,"Raub, r uberische Erpressung auf/gegen Geldinstitute, Postfilialen und -agenturen",5170024,Moers,insg.,0,0,0,0,0,0,0,0,0,0,0,0,0,0,0,0,0,0,0,0,0,0,0,0,0,0,0,2023
211000,"Raub, r uberische Erpressung auf/gegen Geldinstitute, Postfilialen und -agenturen",5116000,M nchengladbach,vers.,0,0,0,0,0,0,0,0,0,0,0,0,0,0,0,0,0,0,0,0,0,0,0,0,0,0,0,2023
211000,"Raub, r uberische Erpressung auf/gegen Geldinstitute, Postfilialen und -agenturen",5116000,M nchengladbach,voll.,0,0,0,0,0,0,0,0,0,0,0,0,0,0,0,0,0,0,0,0,0,0,0,0,0,0,0,2023
211000,"Raub, r uberische Erpressung auf/gegen Geldinstitute, Postfilialen und -agenturen",5116000,M nchengladbach,insg.,0,0,0,0,0,0,0,0,0,0,0,0,0,0,0,0,0,0,0,0,0,0,0,0,0,0,0,2023
211000,"Raub, r uberische Erpressung auf/gegen Geldinstitute, Postfilialen und -agenturen",5117000,M lheim an der Ruhr,vers.,0,0,0,0,0,0,0,0,0,0,0,0,0,0,0,0,0,0,0,0,0,0,0,0,0,0,0,2023
211000,"Raub, r uberische Erpressung auf/gegen Geldinstitute, Postfilialen und -agenturen",5117000,M lheim an der Ruhr,voll.,0,0,0,0,0,0,0,0,0,0,0,0,0,0,0,0,0,0,0,0,0,0,0,0,0,0,0,2023
211000,"Raub, r uberische Erpressung auf/gegen Geldinstitute, Postfilialen und -agenturen",5117000,M lheim an der Ruhr,insg.,0,0,0,0,0,0,0,0,0,0,0,0,0,0,0,0,0,0,0,0,0,0,0,0,0,0,0,2023
211000,"Raub, r uberische Erpressung auf/gegen Geldinstitute, Postfilialen und -agenturen",9162000,M nchen,vers.,0,0,0,0,0,0,0,0,0,0,0,0,0,0,0,0,0,0,0,0,0,0,0,0,0,0,0,2023
211000,"Raub, r uberische Erpressung auf/gegen Geldinstitute, Postfilialen und -agenturen",9162000,M nchen,voll.,0,0,0,0,0,0,0,0,0,0,0,0,0,0,0,0,0,0,0,0,0,0,0,0,0,0,0,2023
211000,"Raub, r uberische Erpressung auf/gegen Geldinstitute, Postfilialen und -agenturen",9162000,M nchen,insg.,0,0,0,0,0,0,0,0,0,0,0,0,0,0,0,0,0,0,0,0,0,0,0,0,0,0,0,2023
211000,"Raub, r uberische Erpressung auf/gegen Geldinstitute, Postfilialen und -agenturen",5515000,M nster,vers.,0,0,0,0,0,0,0,0,0,0,0,0,0,0,0,0,0,0,0,0,0,0,0,0,0,0,0,2023
211000,"Raub, r uberische Erpressung auf/gegen Geldinstitute, Postfilialen und -agenturen",5515000,M nster,voll.,0,0,0,0,0,0,0,0,0,0,0,0,0,0,0,0,0,0,0,0,0,0,0,0,0,0,0,2023
211000,"Raub, r uberische Erpressung auf/gegen Geldinstitute, Postfilialen und -agenturen",5515000,M nster,insg.,0,0,0,0,0,0,0,0,0,0,0,0,0,0,0,0,0,0,0,0,0,0,0,0,0,0,0,2023
211000,"Raub, r uberische Erpressung auf/gegen Geldinstitute, Postfilialen und -agenturen",5162024,Neuss,vers.,0,0,0,0,0,0,0,0,0,0,0,0,0,0,0,0,0,0,0,0,0,0,0,0,0,0,0,2023
211000,"Raub, r uberische Erpressung auf/gegen Geldinstitute, Postfilialen und -agenturen",5162024,Neuss,voll.,1,1,0,0,0,0,0,0,0,0,0,0,0,0,0,0,0,0,1,1,0,0,0,0,1,1,0,2023
211000,"Raub, r uberische Erpressung auf/gegen Geldinstitute, Postfilialen und -agenturen",5162024,Neuss,insg.,1,1,0,0,0,0,0,0,0,0,0,0,0,0,0,0,0,0,1,1,0,0,0,0,1,1,0,2023
211000,"Raub, r uberische Erpressung auf/gegen Geldinstitute, Postfilialen und -agenturen",9564000,N rnberg,vers.,0,0,0,0,0,0,0,0,0,0,0,0,0,0,0,0,0,0,0,0,0,0,0,0,0,0,0,2023
211000,"Raub, r uberische Erpressung auf/gegen Geldinstitute, Postfilialen und -agenturen",9564000,N rnberg,voll.,0,0,0,0,0,0,0,0,0,0,0,0,0,0,0,0,0,0,0,0,0,0,0,0,0,0,0,2023
211000,"Raub, r uberische Erpressung auf/gegen Geldinstitute, Postfilialen und -agenturen",9564000,N rnberg,insg.,0,0,0,0,0,0,0,0,0,0,0,0,0,0,0,0,0,0,0,0,0,0,0,0,0,0,0,2023
211000,"Raub, r uberische Erpressung auf/gegen Geldinstitute, Postfilialen und -agenturen",5119000,Oberhausen,vers.,0,0,0,0,0,0,0,0,0,0,0,0,0,0,0,0,0,0,0,0,0,0,0,0,0,0,0,2023
211000,"Raub, r uberische Erpressung auf/gegen Geldinstitute, Postfilialen und -agenturen",5119000,Oberhausen,voll.,0,0,0,0,0,0,0,0,0,0,0,0,0,0,0,0,0,0,0,0,0,0,0,0,0,0,0,2023
211000,"Raub, r uberische Erpressung auf/gegen Geldinstitute, Postfilialen und -agenturen",5119000,Oberhausen,insg.,0,0,0,0,0,0,0,0,0,0,0,0,0,0,0,0,0,0,0,0,0,0,0,0,0,0,0,2023
211000,"Raub, r uberische Erpressung auf/gegen Geldinstitute, Postfilialen und -agenturen",6413000,Offenbach am Main,vers.,0,0,0,0,0,0,0,0,0,0,0,0,0,0,0,0,0,0,0,0,0,0,0,0,0,0,0,2023
211000,"Raub, r uberische Erpressung auf/gegen Geldinstitute, Postfilialen und -agenturen",6413000,Offenbach am Main,voll.,0,0,0,0,0,0,0,0,0,0,0,0,0,0,0,0,0,0,0,0,0,0,0,0,0,0,0,2023
211000,"Raub, r uberische Erpressung auf/gegen Geldinstitute, Postfilialen und -agenturen",6413000,Offenbach am Main,insg.,0,0,0,0,0,0,0,0,0,0,0,0,0,0,0,0,0,0,0,0,0,0,0,0,0,0,0,2023
211000,"Raub, r uberische Erpressung auf/gegen Geldinstitute, Postfilialen und -agenturen",3403000,Oldenburg (Oldenburg),vers.,0,0,0,0,0,0,0,0,0,0,0,0,0,0,0,0,0,0,0,0,0,0,0,0,0,0,0,2023
211000,"Raub, r uberische Erpressung auf/gegen Geldinstitute, Postfilialen und -agenturen",3403000,Oldenburg (Oldenburg),voll.,0,0,0,0,0,0,0,0,0,0,0,0,0,0,0,0,0,0,0,0,0,0,0,0,0,0,0,2023
211000,"Raub, r uberische Erpressung auf/gegen Geldinstitute, Postfilialen und -agenturen",3403000,Oldenburg (Oldenburg),insg.,0,0,0,0,0,0,0,0,0,0,0,0,0,0,0,0,0,0,0,0,0,0,0,0,0,0,0,2023
211000,"Raub, r uberische Erpressung auf/gegen Geldinstitute, Postfilialen und -agenturen",3404000,Osnabr ck,vers.,0,0,0,0,0,0,0,0,0,0,0,0,0,0,0,0,0,0,0,0,0,0,0,0,0,0,0,2023
211000,"Raub, r uberische Erpressung auf/gegen Geldinstitute, Postfilialen und -agenturen",3404000,Osnabr ck,voll.,0,0,0,0,0,0,0,0,0,0,0,0,0,0,0,0,0,0,0,0,0,0,0,0,0,0,0,2023
211000,"Raub, r uberische Erpressung auf/gegen Geldinstitute, Postfilialen und -agenturen",3404000,Osnabr ck,insg.,0,0,0,0,0,0,0,0,0,0,0,0,0,0,0,0,0,0,0,0,0,0,0,0,0,0,0,2023
211000,"Raub, r uberische Erpressung auf/gegen Geldinstitute, Postfilialen und -agenturen",5774032,Paderborn,vers.,0,0,0,0,0,0,0,0,0,0,0,0,0,0,0,0,0,0,0,0,0,0,0,0,0,0,0,2023
211000,"Raub, r uberische Erpressung auf/gegen Geldinstitute, Postfilialen und -agenturen",5774032,Paderborn,voll.,0,0,0,0,0,0,0,0,0,0,0,0,0,0,0,0,0,0,0,0,0,0,0,0,0,0,0,2023
211000,"Raub, r uberische Erpressung auf/gegen Geldinstitute, Postfilialen und -agenturen",5774032,Paderborn,insg.,0,0,0,0,0,0,0,0,0,0,0,0,0,0,0,0,0,0,0,0,0,0,0,0,0,0,0,2023
211000,"Raub, r uberische Erpressung auf/gegen Geldinstitute, Postfilialen und -agenturen",8231000,Pforzheim,vers.,0,0,0,0,0,0,0,0,0,0,0,0,0,0,0,0,0,0,0,0,0,0,0,0,0,0,0,2023
211000,"Raub, r uberische Erpressung auf/gegen Geldinstitute, Postfilialen und -agenturen",8231000,Pforzheim,voll.,0,0,0,0,0,0,0,0,0,0,0,0,0,0,0,0,0,0,0,0,0,0,0,0,0,0,0,2023
211000,"Raub, r uberische Erpressung auf/gegen Geldinstitute, Postfilialen und -agenturen",8231000,Pforzheim,insg.,0,0,0,0,0,0,0,0,0,0,0,0,0,0,0,0,0,0,0,0,0,0,0,0,0,0,0,2023
211000,"Raub, r uberische Erpressung auf/gegen Geldinstitute, Postfilialen und -agenturen",12054000,Potsdam,vers.,1,1,0,0,0,0,0,0,0,0,0,0,0,0,0,0,0,0,1,1,0,0,0,0,1,1,0,2023
211000,"Raub, r uberische Erpressung auf/gegen Geldinstitute, Postfilialen und -agenturen",12054000,Potsdam,voll.,0,0,0,0,0,0,0,0,0,0,0,0,0,0,0,0,0,0,0,0,0,0,0,0,0,0,0,2023
211000,"Raub, r uberische Erpressung auf/gegen Geldinstitute, Postfilialen und -agenturen",12054000,Potsdam,insg.,1,1,0,0,0,0,0,0,0,0,0,0,0,0,0,0,0,0,1,1,0,0,0,0,1,1,0,2023
211000,"Raub, r uberische Erpressung auf/gegen Geldinstitute, Postfilialen und -agenturen",5562032,Recklinghausen,vers.,0,0,0,0,0,0,0,0,0,0,0,0,0,0,0,0,0,0,0,0,0,0,0,0,0,0,0,2023
211000,"Raub, r uberische Erpressung auf/gegen Geldinstitute, Postfilialen und -agenturen",5562032,Recklinghausen,voll.,0,0,0,0,0,0,0,0,0,0,0,0,0,0,0,0,0,0,0,0,0,0,0,0,0,0,0,2023
211000,"Raub, r uberische Erpressung auf/gegen Geldinstitute, Postfilialen und -agenturen",5562032,Recklinghausen,insg.,0,0,0,0,0,0,0,0,0,0,0,0,0,0,0,0,0,0,0,0,0,0,0,0,0,0,0,2023
211000,"Raub, r uberische Erpressung auf/gegen Geldinstitute, Postfilialen und -agenturen",9362000,Regensburg,vers.,0,0,0,0,0,0,0,0,0,0,0,0,0,0,0,0,0,0,0,0,0,0,0,0,0,0,0,2023
211000,"Raub, r uberische Erpressung auf/gegen Geldinstitute, Postfilialen und -agenturen",9362000,Regensburg,voll.,0,0,0,0,0,0,0,0,0,0,0,0,0,0,0,0,0,0,0,0,0,0,0,0,0,0,0,2023
211000,"Raub, r uberische Erpressung auf/gegen Geldinstitute, Postfilialen und -agenturen",9362000,Regensburg,insg.,0,0,0,0,0,0,0,0,0,0,0,0,0,0,0,0,0,0,0,0,0,0,0,0,0,0,0,2023
211000,"Raub, r uberische Erpressung auf/gegen Geldinstitute, Postfilialen und -agenturen",5120000,Remscheid,vers.,0,0,0,0,0,0,0,0,0,0,0,0,0,0,0,0,0,0,0,0,0,0,0,0,0,0,0,2023
211000,"Raub, r uberische Erpressung auf/gegen Geldinstitute, Postfilialen und -agenturen",5120000,Remscheid,voll.,0,0,0,0,0,0,0,0,0,0,0,0,0,0,0,0,0,0,0,0,0,0,0,0,0,0,0,2023
211000,"Raub, r uberische Erpressung auf/gegen Geldinstitute, Postfilialen und -agenturen",5120000,Remscheid,insg.,0,0,0,0,0,0,0,0,0,0,0,0,0,0,0,0,0,0,0,0,0,0,0,0,0,0,0,2023
211000,"Raub, r uberische Erpressung auf/gegen Geldinstitute, Postfilialen und -agenturen",8415061,Reutlingen,vers.,0,0,0,0,0,0,0,0,0,0,0,0,0,0,0,0,0,0,0,0,0,0,0,0,0,0,0,2023
211000,"Raub, r uberische Erpressung auf/gegen Geldinstitute, Postfilialen und -agenturen",8415061,Reutlingen,voll.,0,0,0,0,0,0,0,0,0,0,0,0,0,0,0,0,0,0,0,0,0,0,0,0,0,0,0,2023
211000,"Raub, r uberische Erpressung auf/gegen Geldinstitute, Postfilialen und -agenturen",8415061,Reutlingen,insg.,0,0,0,0,0,0,0,0,0,0,0,0,0,0,0,0,0,0,0,0,0,0,0,0,0,0,0,2023
211000,"Raub, r uberische Erpressung auf/gegen Geldinstitute, Postfilialen und -agenturen",13003000,"Rostock, Hanse- und Universit tsstadt",vers.,0,0,0,0,0,0,0,0,0,0,0,0,0,0,0,0,0,0,0,0,0,0,0,0,0,0,0,2023
211000,"Raub, r uberische Erpressung auf/gegen Geldinstitute, Postfilialen und -agenturen",13003000,"Rostock, Hanse- und Universit tsstadt",voll.,0,0,0,0,0,0,0,0,0,0,0,0,0,0,0,0,0,0,0,0,0,0,0,0,0,0,0,2023
211000,"Raub, r uberische Erpressung auf/gegen Geldinstitute, Postfilialen und -agenturen",13003000,"Rostock, Hanse- und Universit tsstadt",insg.,0,0,0,0,0,0,0,0,0,0,0,0,0,0,0,0,0,0,0,0,0,0,0,0,0,0,0,2023
211000,"Raub, r uberische Erpressung auf/gegen Geldinstitute, Postfilialen und -agenturen",10041100,Saarbr cken,vers.,0,0,0,0,0,0,0,0,0,0,0,0,0,0,0,0,0,0,0,0,0,0,0,0,0,0,0,2023
211000,"Raub, r uberische Erpressung auf/gegen Geldinstitute, Postfilialen und -agenturen",10041100,Saarbr cken,voll.,0,0,0,0,0,0,0,0,0,0,0,0,0,0,0,0,0,0,0,0,0,0,0,0,0,0,0,2023
211000,"Raub, r uberische Erpressung auf/gegen Geldinstitute, Postfilialen und -agenturen",10041100,Saarbr cken,insg.,0,0,0,0,0,0,0,0,0,0,0,0,0,0,0,0,0,0,0,0,0,0,0,0,0,0,0,2023
211000,"Raub, r uberische Erpressung auf/gegen Geldinstitute, Postfilialen und -agenturen",3102000,Salzgitter,vers.,0,0,0,0,0,0,0,0,0,0,0,0,0,0,0,0,0,0,0,0,0,0,0,0,0,0,0,2023
211000,"Raub, r uberische Erpressung auf/gegen Geldinstitute, Postfilialen und -agenturen",3102000,Salzgitter,voll.,0,0,0,0,0,0,0,0,0,0,0,0,0,0,0,0,0,0,0,0,0,0,0,0,0,0,0,2023
211000,"Raub, r uberische Erpressung auf/gegen Geldinstitute, Postfilialen und -agenturen",3102000,Salzgitter,insg.,0,0,0,0,0,0,0,0,0,0,0,0,0,0,0,0,0,0,0,0,0,0,0,0,0,0,0,2023
211000,"Raub, r uberische Erpressung auf/gegen Geldinstitute, Postfilialen und -agenturen",13004000,Schwerin,vers.,0,0,0,0,0,0,0,0,0,0,0,0,0,0,0,0,0,0,0,0,0,0,0,0,0,0,0,2023
211000,"Raub, r uberische Erpressung auf/gegen Geldinstitute, Postfilialen und -agenturen",13004000,Schwerin,voll.,1,1,0,0,0,0,0,0,0,0,0,0,0,0,0,0,0,0,1,1,0,0,0,0,1,1,0,2023
211000,"Raub, r uberische Erpressung auf/gegen Geldinstitute, Postfilialen und -agenturen",13004000,Schwerin,insg.,1,1,0,0,0,0,0,0,0,0,0,0,0,0,0,0,0,0,1,1,0,0,0,0,1,1,0,2023
211000,"Raub, r uberische Erpressung auf/gegen Geldinstitute, Postfilialen und -agenturen",5970040,Siegen,vers.,0,0,0,0,0,0,0,0,0,0,0,0,0,0,0,0,0,0,0,0,0,0,0,0,0,0,0,2023
211000,"Raub, r uberische Erpressung auf/gegen Geldinstitute, Postfilialen und -agenturen",5970040,Siegen,voll.,0,0,0,0,0,0,0,0,0,0,0,0,0,0,0,0,0,0,0,0,0,0,0,0,0,0,0,2023
211000,"Raub, r uberische Erpressung auf/gegen Geldinstitute, Postfilialen und -agenturen",5970040,Siegen,insg.,0,0,0,0,0,0,0,0,0,0,0,0,0,0,0,0,0,0,0,0,0,0,0,0,0,0,0,2023
211000,"Raub, r uberische Erpressung auf/gegen Geldinstitute, Postfilialen und -agenturen",5122000,Solingen,vers.,0,0,0,0,0,0,0,0,0,0,0,0,0,0,0,0,0,0,0,0,0,0,0,0,0,0,0,2023
211000,"Raub, r uberische Erpressung auf/gegen Geldinstitute, Postfilialen und -agenturen",5122000,Solingen,voll.,0,0,0,0,0,0,0,0,0,0,0,0,0,0,0,0,0,0,0,0,0,0,0,0,0,0,0,2023
211000,"Raub, r uberische Erpressung auf/gegen Geldinstitute, Postfilialen und -agenturen",5122000,Solingen,insg.,0,0,0,0,0,0,0,0,0,0,0,0,0,0,0,0,0,0,0,0,0,0,0,0,0,0,0,2023
211000,"Raub, r uberische Erpressung auf/gegen Geldinstitute, Postfilialen und -agenturen",8111000,Stuttgart,vers.,0,0,0,0,0,0,0,0,0,0,0,0,0,0,0,0,0,0,0,0,0,0,0,0,0,0,0,2023
211000,"Raub, r uberische Erpressung auf/gegen Geldinstitute, Postfilialen und -agenturen",8111000,Stuttgart,voll.,0,0,0,0,0,0,0,0,0,0,0,0,0,0,0,0,0,0,0,0,0,0,0,0,0,0,0,2023
211000,"Raub, r uberische Erpressung auf/gegen Geldinstitute, Postfilialen und -agenturen",8111000,Stuttgart,insg.,0,0,0,0,0,0,0,0,0,0,0,0,0,0,0,0,0,0,0,0,0,0,0,0,0,0,0,2023
211000,"Raub, r uberische Erpressung auf/gegen Geldinstitute, Postfilialen und -agenturen",7211000,Trier,vers.,0,0,0,0,0,0,0,0,0,0,0,0,0,0,0,0,0,0,0,0,0,0,0,0,0,0,0,2023
211000,"Raub, r uberische Erpressung auf/gegen Geldinstitute, Postfilialen und -agenturen",7211000,Trier,voll.,0,0,0,0,0,0,0,0,0,0,0,0,0,0,0,0,0,0,0,0,0,0,0,0,0,0,0,2023
211000,"Raub, r uberische Erpressung auf/gegen Geldinstitute, Postfilialen und -agenturen",7211000,Trier,insg.,0,0,0,0,0,0,0,0,0,0,0,0,0,0,0,0,0,0,0,0,0,0,0,0,0,0,0,2023
211000,"Raub, r uberische Erpressung auf/gegen Geldinstitute, Postfilialen und -agenturen",8421000,Ulm,vers.,0,0,0,0,0,0,0,0,0,0,0,0,0,0,0,0,0,0,0,0,0,0,0,0,0,0,0,2023
211000,"Raub, r uberische Erpressung auf/gegen Geldinstitute, Postfilialen und -agenturen",8421000,Ulm,voll.,0,0,0,0,0,0,0,0,0,0,0,0,0,0,0,0,0,0,0,0,0,0,0,0,0,0,0,2023
211000,"Raub, r uberische Erpressung auf/gegen Geldinstitute, Postfilialen und -agenturen",8421000,Ulm,insg.,0,0,0,0,0,0,0,0,0,0,0,0,0,0,0,0,0,0,0,0,0,0,0,0,0,0,0,2023
211000,"Raub, r uberische Erpressung auf/gegen Geldinstitute, Postfilialen und -agenturen",6414000,Wiesbaden,vers.,0,0,0,0,0,0,0,0,0,0,0,0,0,0,0,0,0,0,0,0,0,0,0,0,0,0,0,2023
211000,"Raub, r uberische Erpressung auf/gegen Geldinstitute, Postfilialen und -agenturen",6414000,Wiesbaden,voll.,0,0,0,0,0,0,0,0,0,0,0,0,0,0,0,0,0,0,0,0,0,0,0,0,0,0,0,2023
211000,"Raub, r uberische Erpressung auf/gegen Geldinstitute, Postfilialen und -agenturen",6414000,Wiesbaden,insg.,0,0,0,0,0,0,0,0,0,0,0,0,0,0,0,0,0,0,0,0,0,0,0,0,0,0,0,2023
211000,"Raub, r uberische Erpressung auf/gegen Geldinstitute, Postfilialen und -agenturen",3103000,Wolfsburg,vers.,0,0,0,0,0,0,0,0,0,0,0,0,0,0,0,0,0,0,0,0,0,0,0,0,0,0,0,2023
211000,"Raub, r uberische Erpressung auf/gegen Geldinstitute, Postfilialen und -agenturen",3103000,Wolfsburg,voll.,0,0,0,0,0,0,0,0,0,0,0,0,0,0,0,0,0,0,0,0,0,0,0,0,0,0,0,2023
211000,"Raub, r uberische Erpressung auf/gegen Geldinstitute, Postfilialen und -agenturen",3103000,Wolfsburg,insg.,0,0,0,0,0,0,0,0,0,0,0,0,0,0,0,0,0,0,0,0,0,0,0,0,0,0,0,2023
211000,"Raub, r uberische Erpressung auf/gegen Geldinstitute, Postfilialen und -agenturen",5124000,Wuppertal,vers.,0,0,0,0,0,0,0,0,0,0,0,0,0,0,0,0,0,0,0,0,0,0,0,0,0,0,0,2023
211000,"Raub, r uberische Erpressung auf/gegen Geldinstitute, Postfilialen und -agenturen",5124000,Wuppertal,voll.,0,0,0,0,0,0,0,0,0,0,0,0,0,0,0,0,0,0,0,0,0,0,0,0,0,0,0,2023
211000,"Raub, r uberische Erpressung auf/gegen Geldinstitute, Postfilialen und -agenturen",5124000,Wuppertal,insg.,0,0,0,0,0,0,0,0,0,0,0,0,0,0,0,0,0,0,0,0,0,0,0,0,0,0,0,2023
211000,"Raub, r uberische Erpressung auf/gegen Geldinstitute, Postfilialen und -agenturen",9663000,W rzburg,vers.,0,0,0,0,0,0,0,0,0,0,0,0,0,0,0,0,0,0,0,0,0,0,0,0,0,0,0,2023
211000,"Raub, r uberische Erpressung auf/gegen Geldinstitute, Postfilialen und -agenturen",9663000,W rzburg,voll.,0,0,0,0,0,0,0,0,0,0,0,0,0,0,0,0,0,0,0,0,0,0,0,0,0,0,0,2023
211000,"Raub, r uberische Erpressung auf/gegen Geldinstitute, Postfilialen und -agenturen",9663000,W rzburg,insg.,0,0,0,0,0,0,0,0,0,0,0,0,0,0,0,0,0,0,0,0,0,0,0,0,0,0,0,2023
212000,"Raub, r uberische Erpressung auf/gegen sonstige Kassenr ume und Gesch fte ",5334002,Aachen,vers.,4,2,2,0,0,0,0,0,0,0,0,0,0,0,0,0,0,0,2,2,0,2,0,2,4,2,2,2023
212000,"Raub, r uberische Erpressung auf/gegen sonstige Kassenr ume und Gesch fte ",5334002,Aachen,voll.,9,5,4,0,0,0,0,0,0,0,0,0,0,0,0,0,0,0,6,3,3,3,2,1,9,5,4,2023
212000,"Raub, r uberische Erpressung auf/gegen sonstige Kassenr ume und Gesch fte ",5334002,Aachen,insg.,13,7,6,0,0,0,0,0,0,0,0,0,0,0,0,0,0,0,8,5,3,5,2,3,13,7,6,2023
212000,"Raub, r uberische Erpressung auf/gegen sonstige Kassenr ume und Gesch fte ",9761000,Augsburg,vers.,1,0,1,0,0,0,0,0,0,0,0,0,0,0,0,0,0,0,1,0,1,0,0,0,1,0,1,2023
212000,"Raub, r uberische Erpressung auf/gegen sonstige Kassenr ume und Gesch fte ",9761000,Augsburg,voll.,2,0,2,0,0,0,0,0,0,0,0,0,0,0,0,0,0,0,2,0,2,0,0,0,2,0,2,2023
212000,"Raub, r uberische Erpressung auf/gegen sonstige Kassenr ume und Gesch fte ",9761000,Augsburg,insg.,3,0,3,0,0,0,0,0,0,0,0,0,0,0,0,0,0,0,3,0,3,0,0,0,3,0,3,2023
212000,"Raub, r uberische Erpressung auf/gegen sonstige Kassenr ume und Gesch fte ",5378004,Bergisch Gladbach,vers.,1,1,0,0,0,0,0,0,0,0,0,0,0,0,0,0,0,0,1,1,0,0,0,0,1,1,0,2023
212000,"Raub, r uberische Erpressung auf/gegen sonstige Kassenr ume und Gesch fte ",5378004,Bergisch Gladbach,voll.,1,0,1,0,0,0,0,0,0,0,0,0,0,0,0,0,0,0,1,0,1,0,0,0,1,0,1,2023
212000,"Raub, r uberische Erpressung auf/gegen sonstige Kassenr ume und Gesch fte ",5378004,Bergisch Gladbach,insg.,2,1,1,0,0,0,0,0,0,0,0,0,0,0,0,0,0,0,2,1,1,0,0,0,2,1,1,2023
212000,"Raub, r uberische Erpressung auf/gegen sonstige Kassenr ume und Gesch fte ",11000000,Berlin,vers.,70,37,33,0,0,0,0,0,0,0,0,0,1,1,0,2,2,0,52,27,25,15,7,8,67,34,33,2023
212000,"Raub, r uberische Erpressung auf/gegen sonstige Kassenr ume und Gesch fte ",11000000,Berlin,voll.,261,137,124,0,0,0,0,0,0,0,0,0,4,3,1,20,14,6,198,101,97,39,19,20,237,120,117,2023
212000,"Raub, r uberische Erpressung auf/gegen sonstige Kassenr ume und Gesch fte ",11000000,Berlin,insg.,331,174,157,0,0,0,0,0,0,0,0,0,5,4,1,22,16,6,250,128,122,54,26,28,304,154,150,2023
212000,"Raub, r uberische Erpressung auf/gegen sonstige Kassenr ume und Gesch fte ",5711000,Bielefeld,vers.,4,2,2,0,0,0,0,0,0,0,0,0,0,0,0,0,0,0,2,1,1,2,1,1,4,2,2,2023
212000,"Raub, r uberische Erpressung auf/gegen sonstige Kassenr ume und Gesch fte ",5711000,Bielefeld,voll.,22,9,13,0,0,0,0,0,0,0,0,0,0,0,0,1,1,0,18,8,10,3,0,3,21,8,13,2023
212000,"Raub, r uberische Erpressung auf/gegen sonstige Kassenr ume und Gesch fte ",5711000,Bielefeld,insg.,26,11,15,0,0,0,0,0,0,0,0,0,0,0,0,1,1,0,20,9,11,5,1,4,25,10,15,2023
212000,"Raub, r uberische Erpressung auf/gegen sonstige Kassenr ume und Gesch fte ",5911000,Bochum,vers.,9,5,4,0,0,0,0,0,0,0,0,0,0,0,0,1,1,0,8,4,4,0,0,0,8,4,4,2023
212000,"Raub, r uberische Erpressung auf/gegen sonstige Kassenr ume und Gesch fte ",5911000,Bochum,voll.,20,12,8,0,0,0,0,0,0,0,0,0,0,0,0,2,1,1,15,8,7,3,3,0,18,11,7,2023
212000,"Raub, r uberische Erpressung auf/gegen sonstige Kassenr ume und Gesch fte ",5911000,Bochum,insg.,29,17,12,0,0,0,0,0,0,0,0,0,0,0,0,3,2,1,23,12,11,3,3,0,26,15,11,2023
212000,"Raub, r uberische Erpressung auf/gegen sonstige Kassenr ume und Gesch fte ",5314000,Bonn,vers.,1,1,0,0,0,0,0,0,0,0,0,0,0,0,0,0,0,0,1,1,0,0,0,0,1,1,0,2023
212000,"Raub, r uberische Erpressung auf/gegen sonstige Kassenr ume und Gesch fte ",5314000,Bonn,voll.,12,9,3,0,0,0,0,0,0,0,0,0,0,0,0,1,0,1,9,8,1,2,1,1,11,9,2,2023
212000,"Raub, r uberische Erpressung auf/gegen sonstige Kassenr ume und Gesch fte ",5314000,Bonn,insg.,13,10,3,0,0,0,0,0,0,0,0,0,0,0,0,1,0,1,10,9,1,2,1,1,12,10,2,2023
212000,"Raub, r uberische Erpressung auf/gegen sonstige Kassenr ume und Gesch fte ",5512000,Bottrop,vers.,2,1,1,0,0,0,0,0,0,0,0,0,0,0,0,0,0,0,2,1,1,0,0,0,2,1,1,2023
212000,"Raub, r uberische Erpressung auf/gegen sonstige Kassenr ume und Gesch fte ",5512000,Bottrop,voll.,6,3,3,0,0,0,0,0,0,0,0,0,0,0,0,1,1,0,4,2,2,1,0,1,5,2,3,2023
212000,"Raub, r uberische Erpressung auf/gegen sonstige Kassenr ume und Gesch fte ",5512000,Bottrop,insg.,8,4,4,0,0,0,0,0,0,0,0,0,0,0,0,1,1,0,6,3,3,1,0,1,7,3,4,2023
212000,"Raub, r uberische Erpressung auf/gegen sonstige Kassenr ume und Gesch fte ",3101000,Braunschweig,vers.,3,2,1,0,0,0,0,0,0,0,0,0,0,0,0,0,0,0,3,2,1,0,0,0,3,2,1,2023
212000,"Raub, r uberische Erpressung auf/gegen sonstige Kassenr ume und Gesch fte ",3101000,Braunschweig,voll.,9,6,3,0,0,0,0,0,0,0,0,0,0,0,0,1,1,0,8,5,3,0,0,0,8,5,3,2023
212000,"Raub, r uberische Erpressung auf/gegen sonstige Kassenr ume und Gesch fte ",3101000,Braunschweig,insg.,12,8,4,0,0,0,0,0,0,0,0,0,0,0,0,1,1,0,11,7,4,0,0,0,11,7,4,2023
212000,"Raub, r uberische Erpressung auf/gegen sonstige Kassenr ume und Gesch fte ",4011000,Bremen,vers.,11,1,10,0,0,0,0,0,0,0,0,0,0,0,0,0,0,0,9,1,8,2,0,2,11,1,10,2023
212000,"Raub, r uberische Erpressung auf/gegen sonstige Kassenr ume und Gesch fte ",4011000,Bremen,voll.,56,22,34,0,0,0,0,0,0,0,0,0,1,0,1,6,3,3,44,17,27,5,2,3,49,19,30,2023
212000,"Raub, r uberische Erpressung auf/gegen sonstige Kassenr ume und Gesch fte ",4011000,Bremen,insg.,67,23,44,0,0,0,0,0,0,0,0,0,1,0,1,6,3,3,53,18,35,7,2,5,60,20,40,2023
212000,"Raub, r uberische Erpressung auf/gegen sonstige Kassenr ume und Gesch fte ",4012000,Bremerhaven,vers.,1,0,1,0,0,0,0,0,0,0,0,0,0,0,0,0,0,0,1,0,1,0,0,0,1,0,1,2023
212000,"Raub, r uberische Erpressung auf/gegen sonstige Kassenr ume und Gesch fte ",4012000,Bremerhaven,voll.,10,5,5,0,0,0,0,0,0,0,0,0,0,0,0,0,0,0,9,4,5,1,1,0,10,5,5,2023
212000,"Raub, r uberische Erpressung auf/gegen sonstige Kassenr ume und Gesch fte ",4012000,Bremerhaven,insg.,11,5,6,0,0,0,0,0,0,0,0,0,0,0,0,0,0,0,10,4,6,1,1,0,11,5,6,2023
212000,"Raub, r uberische Erpressung auf/gegen sonstige Kassenr ume und Gesch fte ",14511000,Chemnitz,vers.,0,0,0,0,0,0,0,0,0,0,0,0,0,0,0,0,0,0,0,0,0,0,0,0,0,0,0,2023
212000,"Raub, r uberische Erpressung auf/gegen sonstige Kassenr ume und Gesch fte ",14511000,Chemnitz,voll.,0,0,0,0,0,0,0,0,0,0,0,0,0,0,0,0,0,0,0,0,0,0,0,0,0,0,0,2023
212000,"Raub, r uberische Erpressung auf/gegen sonstige Kassenr ume und Gesch fte ",14511000,Chemnitz,insg.,0,0,0,0,0,0,0,0,0,0,0,0,0,0,0,0,0,0,0,0,0,0,0,0,0,0,0,2023
212000,"Raub, r uberische Erpressung auf/gegen sonstige Kassenr ume und Gesch fte ",6411000,Darmstadt,vers.,2,0,2,0,0,0,0,0,0,0,0,0,0,0,0,0,0,0,2,0,2,0,0,0,2,0,2,2023
212000,"Raub, r uberische Erpressung auf/gegen sonstige Kassenr ume und Gesch fte ",6411000,Darmstadt,voll.,3,1,2,0,0,0,0,0,0,0,0,0,0,0,0,0,0,0,3,1,2,0,0,0,3,1,2,2023
212000,"Raub, r uberische Erpressung auf/gegen sonstige Kassenr ume und Gesch fte ",6411000,Darmstadt,insg.,5,1,4,0,0,0,0,0,0,0,0,0,0,0,0,0,0,0,5,1,4,0,0,0,5,1,4,2023
212000,"Raub, r uberische Erpressung auf/gegen sonstige Kassenr ume und Gesch fte ",5913000,Dortmund,vers.,16,9,7,0,0,0,0,0,0,0,0,0,0,0,0,0,0,0,14,8,6,2,1,1,16,9,7,2023
212000,"Raub, r uberische Erpressung auf/gegen sonstige Kassenr ume und Gesch fte ",5913000,Dortmund,voll.,36,17,19,0,0,0,0,0,0,0,0,0,0,0,0,5,3,2,25,13,12,6,1,5,31,14,17,2023
212000,"Raub, r uberische Erpressung auf/gegen sonstige Kassenr ume und Gesch fte ",5913000,Dortmund,insg.,52,26,26,0,0,0,0,0,0,0,0,0,0,0,0,5,3,2,39,21,18,8,2,6,47,23,24,2023
212000,"Raub, r uberische Erpressung auf/gegen sonstige Kassenr ume und Gesch fte ",14612000,Dresden,vers.,6,3,3,0,0,0,0,0,0,0,0,0,0,0,0,1,1,0,5,2,3,0,0,0,5,2,3,2023
212000,"Raub, r uberische Erpressung auf/gegen sonstige Kassenr ume und Gesch fte ",14612000,Dresden,voll.,22,10,12,0,0,0,0,0,0,0,0,0,0,0,0,2,1,1,19,9,10,1,0,1,20,9,11,2023
212000,"Raub, r uberische Erpressung auf/gegen sonstige Kassenr ume und Gesch fte ",14612000,Dresden,insg.,28,13,15,0,0,0,0,0,0,0,0,0,0,0,0,3,2,1,24,11,13,1,0,1,25,11,14,2023
212000,"Raub, r uberische Erpressung auf/gegen sonstige Kassenr ume und Gesch fte ",5112000,Duisburg,vers.,11,3,8,0,0,0,0,0,0,0,0,0,0,0,0,0,0,0,8,3,5,3,0,3,11,3,8,2023
212000,"Raub, r uberische Erpressung auf/gegen sonstige Kassenr ume und Gesch fte ",5112000,Duisburg,voll.,14,6,8,0,0,0,0,0,0,0,0,0,0,0,0,0,0,0,10,6,4,4,0,4,14,6,8,2023
212000,"Raub, r uberische Erpressung auf/gegen sonstige Kassenr ume und Gesch fte ",5112000,Duisburg,insg.,25,9,16,0,0,0,0,0,0,0,0,0,0,0,0,0,0,0,18,9,9,7,0,7,25,9,16,2023
212000,"Raub, r uberische Erpressung auf/gegen sonstige Kassenr ume und Gesch fte ",5111000,D sseldorf,vers.,3,1,2,0,0,0,0,0,0,0,0,0,0,0,0,0,0,0,3,1,2,0,0,0,3,1,2,2023
212000,"Raub, r uberische Erpressung auf/gegen sonstige Kassenr ume und Gesch fte ",5111000,D sseldorf,voll.,11,4,7,0,0,0,0,0,0,0,0,0,0,0,0,1,0,1,8,3,5,2,1,1,10,4,6,2023
212000,"Raub, r uberische Erpressung auf/gegen sonstige Kassenr ume und Gesch fte ",5111000,D sseldorf,insg.,14,5,9,0,0,0,0,0,0,0,0,0,0,0,0,1,0,1,11,4,7,2,1,1,13,5,8,2023
212000,"Raub, r uberische Erpressung auf/gegen sonstige Kassenr ume und Gesch fte ",16051000,Erfurt,vers.,1,0,1,0,0,0,0,0,0,0,0,0,0,0,0,1,0,1,0,0,0,0,0,0,0,0,0,2023
212000,"Raub, r uberische Erpressung auf/gegen sonstige Kassenr ume und Gesch fte ",16051000,Erfurt,voll.,2,0,2,0,0,0,0,0,0,0,0,0,0,0,0,0,0,0,2,0,2,0,0,0,2,0,2,2023
212000,"Raub, r uberische Erpressung auf/gegen sonstige Kassenr ume und Gesch fte ",16051000,Erfurt,insg.,3,0,3,0,0,0,0,0,0,0,0,0,0,0,0,1,0,1,2,0,2,0,0,0,2,0,2,2023
212000,"Raub, r uberische Erpressung auf/gegen sonstige Kassenr ume und Gesch fte ",9562000,Erlangen,vers.,0,0,0,0,0,0,0,0,0,0,0,0,0,0,0,0,0,0,0,0,0,0,0,0,0,0,0,2023
212000,"Raub, r uberische Erpressung auf/gegen sonstige Kassenr ume und Gesch fte ",9562000,Erlangen,voll.,2,1,1,0,0,0,0,0,0,0,0,0,0,0,0,0,0,0,1,1,0,1,0,1,2,1,1,2023
212000,"Raub, r uberische Erpressung auf/gegen sonstige Kassenr ume und Gesch fte ",9562000,Erlangen,insg.,2,1,1,0,0,0,0,0,0,0,0,0,0,0,0,0,0,0,1,1,0,1,0,1,2,1,1,2023
212000,"Raub, r uberische Erpressung auf/gegen sonstige Kassenr ume und Gesch fte ",5113000,Essen,vers.,7,2,5,0,0,0,0,0,0,0,0,0,0,0,0,1,0,1,6,2,4,0,0,0,6,2,4,2023
212000,"Raub, r uberische Erpressung auf/gegen sonstige Kassenr ume und Gesch fte ",5113000,Essen,voll.,28,14,14,0,0,0,0,0,0,0,0,0,0,0,0,1,0,1,23,11,12,4,3,1,27,14,13,2023
212000,"Raub, r uberische Erpressung auf/gegen sonstige Kassenr ume und Gesch fte ",5113000,Essen,insg.,35,16,19,0,0,0,0,0,0,0,0,0,0,0,0,2,0,2,29,13,16,4,3,1,33,16,17,2023
212000,"Raub, r uberische Erpressung auf/gegen sonstige Kassenr ume und Gesch fte ",6412000,Frankfurt am Main,vers.,16,11,5,0,0,0,0,0,0,0,0,0,0,0,0,0,0,0,12,9,3,4,2,2,16,11,5,2023
212000,"Raub, r uberische Erpressung auf/gegen sonstige Kassenr ume und Gesch fte ",6412000,Frankfurt am Main,voll.,14,7,7,0,0,0,0,0,0,0,0,0,0,0,0,1,0,1,12,6,6,1,1,0,13,7,6,2023
212000,"Raub, r uberische Erpressung auf/gegen sonstige Kassenr ume und Gesch fte ",6412000,Frankfurt am Main,insg.,30,18,12,0,0,0,0,0,0,0,0,0,0,0,0,1,0,1,24,15,9,5,3,2,29,18,11,2023
212000,"Raub, r uberische Erpressung auf/gegen sonstige Kassenr ume und Gesch fte ",8311000,Freiburg im Breisgau,vers.,3,1,2,0,0,0,0,0,0,0,0,0,0,0,0,0,0,0,2,1,1,1,0,1,3,1,2,2023
212000,"Raub, r uberische Erpressung auf/gegen sonstige Kassenr ume und Gesch fte ",8311000,Freiburg im Breisgau,voll.,6,5,1,0,0,0,0,0,0,0,0,0,0,0,0,0,0,0,5,4,1,1,1,0,6,5,1,2023
212000,"Raub, r uberische Erpressung auf/gegen sonstige Kassenr ume und Gesch fte ",8311000,Freiburg im Breisgau,insg.,9,6,3,0,0,0,0,0,0,0,0,0,0,0,0,0,0,0,7,5,2,2,1,1,9,6,3,2023
212000,"Raub, r uberische Erpressung auf/gegen sonstige Kassenr ume und Gesch fte ",9563000,F rth,vers.,1,1,0,0,0,0,0,0,0,0,0,0,0,0,0,0,0,0,1,1,0,0,0,0,1,1,0,2023
212000,"Raub, r uberische Erpressung auf/gegen sonstige Kassenr ume und Gesch fte ",9563000,F rth,voll.,0,0,0,0,0,0,0,0,0,0,0,0,0,0,0,0,0,0,0,0,0,0,0,0,0,0,0,2023
212000,"Raub, r uberische Erpressung auf/gegen sonstige Kassenr ume und Gesch fte ",9563000,F rth,insg.,1,1,0,0,0,0,0,0,0,0,0,0,0,0,0,0,0,0,1,1,0,0,0,0,1,1,0,2023
212000,"Raub, r uberische Erpressung auf/gegen sonstige Kassenr ume und Gesch fte ",5513000,Gelsenkirchen,vers.,8,3,5,0,0,0,0,0,0,0,0,0,0,0,0,0,0,0,6,2,4,2,1,1,8,3,5,2023
212000,"Raub, r uberische Erpressung auf/gegen sonstige Kassenr ume und Gesch fte ",5513000,Gelsenkirchen,voll.,20,8,12,0,0,0,0,0,0,0,0,0,0,0,0,3,1,2,13,6,7,4,1,3,17,7,10,2023
212000,"Raub, r uberische Erpressung auf/gegen sonstige Kassenr ume und Gesch fte ",5513000,Gelsenkirchen,insg.,28,11,17,0,0,0,0,0,0,0,0,0,0,0,0,3,1,2,19,8,11,6,2,4,25,10,15,2023
212000,"Raub, r uberische Erpressung auf/gegen sonstige Kassenr ume und Gesch fte ",3159016,G ttingen,vers.,4,1,3,0,0,0,0,0,0,0,0,0,2,0,2,1,1,0,1,0,1,0,0,0,1,0,1,2023
212000,"Raub, r uberische Erpressung auf/gegen sonstige Kassenr ume und Gesch fte ",3159016,G ttingen,voll.,0,0,0,0,0,0,0,0,0,0,0,0,0,0,0,0,0,0,0,0,0,0,0,0,0,0,0,2023
212000,"Raub, r uberische Erpressung auf/gegen sonstige Kassenr ume und Gesch fte ",3159016,G ttingen,insg.,4,1,3,0,0,0,0,0,0,0,0,0,2,0,2,1,1,0,1,0,1,0,0,0,1,0,1,2023
212000,"Raub, r uberische Erpressung auf/gegen sonstige Kassenr ume und Gesch fte ",5754008,G tersloh,vers.,2,0,2,0,0,0,0,0,0,0,0,0,0,0,0,0,0,0,2,0,2,0,0,0,2,0,2,2023
212000,"Raub, r uberische Erpressung auf/gegen sonstige Kassenr ume und Gesch fte ",5754008,G tersloh,voll.,0,0,0,0,0,0,0,0,0,0,0,0,0,0,0,0,0,0,0,0,0,0,0,0,0,0,0,2023
212000,"Raub, r uberische Erpressung auf/gegen sonstige Kassenr ume und Gesch fte ",5754008,G tersloh,insg.,2,0,2,0,0,0,0,0,0,0,0,0,0,0,0,0,0,0,2,0,2,0,0,0,2,0,2,2023
212000,"Raub, r uberische Erpressung auf/gegen sonstige Kassenr ume und Gesch fte ",5914000,Hagen,vers.,2,1,1,0,0,0,0,0,0,0,0,0,0,0,0,0,0,0,2,1,1,0,0,0,2,1,1,2023
212000,"Raub, r uberische Erpressung auf/gegen sonstige Kassenr ume und Gesch fte ",5914000,Hagen,voll.,5,1,4,0,0,0,0,0,0,0,0,0,0,0,0,1,0,1,3,1,2,1,0,1,4,1,3,2023
212000,"Raub, r uberische Erpressung auf/gegen sonstige Kassenr ume und Gesch fte ",5914000,Hagen,insg.,7,2,5,0,0,0,0,0,0,0,0,0,0,0,0,1,0,1,5,2,3,1,0,1,6,2,4,2023
212000,"Raub, r uberische Erpressung auf/gegen sonstige Kassenr ume und Gesch fte ",15002000,Halle (Saale),vers.,1,1,0,0,0,0,0,0,0,0,0,0,0,0,0,0,0,0,1,1,0,0,0,0,1,1,0,2023
212000,"Raub, r uberische Erpressung auf/gegen sonstige Kassenr ume und Gesch fte ",15002000,Halle (Saale),voll.,7,3,4,0,0,0,0,0,0,0,0,0,0,0,0,1,1,0,6,2,4,0,0,0,6,2,4,2023
212000,"Raub, r uberische Erpressung auf/gegen sonstige Kassenr ume und Gesch fte ",15002000,Halle (Saale),insg.,8,4,4,0,0,0,0,0,0,0,0,0,0,0,0,1,1,0,7,3,4,0,0,0,7,3,4,2023
212000,"Raub, r uberische Erpressung auf/gegen sonstige Kassenr ume und Gesch fte ",2000000,Hamburg,vers.,24,17,7,0,0,0,0,0,0,0,0,0,0,0,0,2,2,0,21,14,7,1,1,0,22,15,7,2023
212000,"Raub, r uberische Erpressung auf/gegen sonstige Kassenr ume und Gesch fte ",2000000,Hamburg,voll.,31,20,11,0,0,0,0,0,0,0,0,0,0,0,0,2,0,2,26,19,7,3,1,2,29,20,9,2023
212000,"Raub, r uberische Erpressung auf/gegen sonstige Kassenr ume und Gesch fte ",2000000,Hamburg,insg.,55,37,18,0,0,0,0,0,0,0,0,0,0,0,0,4,2,2,47,33,14,4,2,2,51,35,16,2023
212000,"Raub, r uberische Erpressung auf/gegen sonstige Kassenr ume und Gesch fte ",5915000,Hamm,vers.,4,2,2,0,0,0,0,0,0,0,0,0,0,0,0,1,0,1,3,2,1,0,0,0,3,2,1,2023
212000,"Raub, r uberische Erpressung auf/gegen sonstige Kassenr ume und Gesch fte ",5915000,Hamm,voll.,7,2,5,0,0,0,0,0,0,0,0,0,0,0,0,2,0,2,2,0,2,3,2,1,5,2,3,2023
212000,"Raub, r uberische Erpressung auf/gegen sonstige Kassenr ume und Gesch fte ",5915000,Hamm,insg.,11,4,7,0,0,0,0,0,0,0,0,0,0,0,0,3,0,3,5,2,3,3,2,1,8,4,4,2023
212000,"Raub, r uberische Erpressung auf/gegen sonstige Kassenr ume und Gesch fte ",6435014,Hanau,vers.,3,2,1,0,0,0,0,0,0,0,0,0,0,0,0,0,0,0,2,1,1,1,1,0,3,2,1,2023
212000,"Raub, r uberische Erpressung auf/gegen sonstige Kassenr ume und Gesch fte ",6435014,Hanau,voll.,2,1,1,0,0,0,0,0,0,0,0,0,0,0,0,0,0,0,2,1,1,0,0,0,2,1,1,2023
212000,"Raub, r uberische Erpressung auf/gegen sonstige Kassenr ume und Gesch fte ",6435014,Hanau,insg.,5,3,2,0,0,0,0,0,0,0,0,0,0,0,0,0,0,0,4,2,2,1,1,0,5,3,2,2023
212000,"Raub, r uberische Erpressung auf/gegen sonstige Kassenr ume und Gesch fte ",3241001,Hannover,vers.,22,11,11,0,0,0,0,0,0,0,0,0,0,0,0,1,1,0,16,8,8,5,2,3,21,10,11,2023
212000,"Raub, r uberische Erpressung auf/gegen sonstige Kassenr ume und Gesch fte ",3241001,Hannover,voll.,35,13,22,0,0,0,0,0,0,0,0,0,0,0,0,2,1,1,30,12,18,3,0,3,33,12,21,2023
212000,"Raub, r uberische Erpressung auf/gegen sonstige Kassenr ume und Gesch fte ",3241001,Hannover,insg.,57,24,33,0,0,0,0,0,0,0,0,0,0,0,0,3,2,1,46,20,26,8,2,6,54,22,32,2023
212000,"Raub, r uberische Erpressung auf/gegen sonstige Kassenr ume und Gesch fte ",8221000,Heidelberg,vers.,2,0,2,0,0,0,0,0,0,0,0,0,0,0,0,0,0,0,2,0,2,0,0,0,2,0,2,2023
212000,"Raub, r uberische Erpressung auf/gegen sonstige Kassenr ume und Gesch fte ",8221000,Heidelberg,voll.,4,3,1,0,0,0,0,0,0,0,0,0,0,0,0,0,0,0,4,3,1,0,0,0,4,3,1,2023
212000,"Raub, r uberische Erpressung auf/gegen sonstige Kassenr ume und Gesch fte ",8221000,Heidelberg,insg.,6,3,3,0,0,0,0,0,0,0,0,0,0,0,0,0,0,0,6,3,3,0,0,0,6,3,3,2023
212000,"Raub, r uberische Erpressung auf/gegen sonstige Kassenr ume und Gesch fte ",8121000,Heilbronn,vers.,2,1,1,0,0,0,0,0,0,0,0,0,0,0,0,0,0,0,2,1,1,0,0,0,2,1,1,2023
212000,"Raub, r uberische Erpressung auf/gegen sonstige Kassenr ume und Gesch fte ",8121000,Heilbronn,voll.,3,2,1,0,0,0,0,0,0,0,0,0,0,0,0,0,0,0,3,2,1,0,0,0,3,2,1,2023
212000,"Raub, r uberische Erpressung auf/gegen sonstige Kassenr ume und Gesch fte ",8121000,Heilbronn,insg.,5,3,2,0,0,0,0,0,0,0,0,0,0,0,0,0,0,0,5,3,2,0,0,0,5,3,2,2023
212000,"Raub, r uberische Erpressung auf/gegen sonstige Kassenr ume und Gesch fte ",5916000,Herne,vers.,0,0,0,0,0,0,0,0,0,0,0,0,0,0,0,0,0,0,0,0,0,0,0,0,0,0,0,2023
212000,"Raub, r uberische Erpressung auf/gegen sonstige Kassenr ume und Gesch fte ",5916000,Herne,voll.,6,4,2,0,0,0,0,0,0,0,0,0,0,0,0,0,0,0,4,2,2,2,2,0,6,4,2,2023
212000,"Raub, r uberische Erpressung auf/gegen sonstige Kassenr ume und Gesch fte ",5916000,Herne,insg.,6,4,2,0,0,0,0,0,0,0,0,0,0,0,0,0,0,0,4,2,2,2,2,0,6,4,2,2023
212000,"Raub, r uberische Erpressung auf/gegen sonstige Kassenr ume und Gesch fte ",3254021,Hildesheim,vers.,2,1,1,0,0,0,0,0,0,0,0,0,0,0,0,0,0,0,2,1,1,0,0,0,2,1,1,2023
212000,"Raub, r uberische Erpressung auf/gegen sonstige Kassenr ume und Gesch fte ",3254021,Hildesheim,voll.,4,1,3,0,0,0,0,0,0,0,0,0,0,0,0,1,0,1,2,1,1,1,0,1,3,1,2,2023
212000,"Raub, r uberische Erpressung auf/gegen sonstige Kassenr ume und Gesch fte ",3254021,Hildesheim,insg.,6,2,4,0,0,0,0,0,0,0,0,0,0,0,0,1,0,1,4,2,2,1,0,1,5,2,3,2023
212000,"Raub, r uberische Erpressung auf/gegen sonstige Kassenr ume und Gesch fte ",9161000,Ingolstadt,vers.,0,0,0,0,0,0,0,0,0,0,0,0,0,0,0,0,0,0,0,0,0,0,0,0,0,0,0,2023
212000,"Raub, r uberische Erpressung auf/gegen sonstige Kassenr ume und Gesch fte ",9161000,Ingolstadt,voll.,2,1,1,0,0,0,0,0,0,0,0,0,0,0,0,0,0,0,2,1,1,0,0,0,2,1,1,2023
212000,"Raub, r uberische Erpressung auf/gegen sonstige Kassenr ume und Gesch fte ",9161000,Ingolstadt,insg.,2,1,1,0,0,0,0,0,0,0,0,0,0,0,0,0,0,0,2,1,1,0,0,0,2,1,1,2023
212000,"Raub, r uberische Erpressung auf/gegen sonstige Kassenr ume und Gesch fte ",16053000,Jena,vers.,0,0,0,0,0,0,0,0,0,0,0,0,0,0,0,0,0,0,0,0,0,0,0,0,0,0,0,2023
212000,"Raub, r uberische Erpressung auf/gegen sonstige Kassenr ume und Gesch fte ",16053000,Jena,voll.,0,0,0,0,0,0,0,0,0,0,0,0,0,0,0,0,0,0,0,0,0,0,0,0,0,0,0,2023
212000,"Raub, r uberische Erpressung auf/gegen sonstige Kassenr ume und Gesch fte ",16053000,Jena,insg.,0,0,0,0,0,0,0,0,0,0,0,0,0,0,0,0,0,0,0,0,0,0,0,0,0,0,0,2023
212000,"Raub, r uberische Erpressung auf/gegen sonstige Kassenr ume und Gesch fte ",7312000,Kaiserslautern,vers.,0,0,0,0,0,0,0,0,0,0,0,0,0,0,0,0,0,0,0,0,0,0,0,0,0,0,0,2023
212000,"Raub, r uberische Erpressung auf/gegen sonstige Kassenr ume und Gesch fte ",7312000,Kaiserslautern,voll.,1,0,1,0,0,0,0,0,0,0,0,0,0,0,0,0,0,0,1,0,1,0,0,0,1,0,1,2023
212000,"Raub, r uberische Erpressung auf/gegen sonstige Kassenr ume und Gesch fte ",7312000,Kaiserslautern,insg.,1,0,1,0,0,0,0,0,0,0,0,0,0,0,0,0,0,0,1,0,1,0,0,0,1,0,1,2023
212000,"Raub, r uberische Erpressung auf/gegen sonstige Kassenr ume und Gesch fte ",8212000,Karlsruhe,vers.,5,2,3,0,0,0,0,0,0,0,0,0,0,0,0,2,1,1,2,1,1,1,0,1,3,1,2,2023
212000,"Raub, r uberische Erpressung auf/gegen sonstige Kassenr ume und Gesch fte ",8212000,Karlsruhe,voll.,5,2,3,0,0,0,0,0,0,0,0,0,0,0,0,0,0,0,4,2,2,1,0,1,5,2,3,2023
212000,"Raub, r uberische Erpressung auf/gegen sonstige Kassenr ume und Gesch fte ",8212000,Karlsruhe,insg.,10,4,6,0,0,0,0,0,0,0,0,0,0,0,0,2,1,1,6,3,3,2,0,2,8,3,5,2023
212000,"Raub, r uberische Erpressung auf/gegen sonstige Kassenr ume und Gesch fte ",6611000,Kassel,vers.,3,1,2,0,0,0,0,0,0,0,0,0,0,0,0,0,0,0,3,1,2,0,0,0,3,1,2,2023
212000,"Raub, r uberische Erpressung auf/gegen sonstige Kassenr ume und Gesch fte ",6611000,Kassel,voll.,10,5,5,0,0,0,0,0,0,0,0,0,0,0,0,2,1,1,8,4,4,0,0,0,8,4,4,2023
212000,"Raub, r uberische Erpressung auf/gegen sonstige Kassenr ume und Gesch fte ",6611000,Kassel,insg.,13,6,7,0,0,0,0,0,0,0,0,0,0,0,0,2,1,1,11,5,6,0,0,0,11,5,6,2023
212000,"Raub, r uberische Erpressung auf/gegen sonstige Kassenr ume und Gesch fte ",1002000,Kiel,vers.,0,0,0,0,0,0,0,0,0,0,0,0,0,0,0,0,0,0,0,0,0,0,0,0,0,0,0,2023
212000,"Raub, r uberische Erpressung auf/gegen sonstige Kassenr ume und Gesch fte ",1002000,Kiel,voll.,5,4,1,0,0,0,0,0,0,0,0,0,0,0,0,0,0,0,5,4,1,0,0,0,5,4,1,2023
212000,"Raub, r uberische Erpressung auf/gegen sonstige Kassenr ume und Gesch fte ",1002000,Kiel,insg.,5,4,1,0,0,0,0,0,0,0,0,0,0,0,0,0,0,0,5,4,1,0,0,0,5,4,1,2023
212000,"Raub, r uberische Erpressung auf/gegen sonstige Kassenr ume und Gesch fte ",7111000,Koblenz,vers.,1,0,1,0,0,0,0,0,0,0,0,0,0,0,0,0,0,0,1,0,1,0,0,0,1,0,1,2023
212000,"Raub, r uberische Erpressung auf/gegen sonstige Kassenr ume und Gesch fte ",7111000,Koblenz,voll.,2,0,2,0,0,0,0,0,0,0,0,0,0,0,0,0,0,0,2,0,2,0,0,0,2,0,2,2023
212000,"Raub, r uberische Erpressung auf/gegen sonstige Kassenr ume und Gesch fte ",7111000,Koblenz,insg.,3,0,3,0,0,0,0,0,0,0,0,0,0,0,0,0,0,0,3,0,3,0,0,0,3,0,3,2023
212000,"Raub, r uberische Erpressung auf/gegen sonstige Kassenr ume und Gesch fte ",5315000,K ln,vers.,15,11,4,0,0,0,0,0,0,0,0,0,0,0,0,0,0,0,15,11,4,0,0,0,15,11,4,2023
212000,"Raub, r uberische Erpressung auf/gegen sonstige Kassenr ume und Gesch fte ",5315000,K ln,voll.,27,18,9,0,0,0,0,0,0,0,0,0,0,0,0,2,2,0,25,16,9,0,0,0,25,16,9,2023
212000,"Raub, r uberische Erpressung auf/gegen sonstige Kassenr ume und Gesch fte ",5315000,K ln,insg.,42,29,13,0,0,0,0,0,0,0,0,0,0,0,0,2,2,0,40,27,13,0,0,0,40,27,13,2023
212000,"Raub, r uberische Erpressung auf/gegen sonstige Kassenr ume und Gesch fte ",5114000,Krefeld,vers.,1,1,0,0,0,0,0,0,0,0,0,0,0,0,0,0,0,0,1,1,0,0,0,0,1,1,0,2023
212000,"Raub, r uberische Erpressung auf/gegen sonstige Kassenr ume und Gesch fte ",5114000,Krefeld,voll.,5,3,2,0,0,0,0,0,0,0,0,0,0,0,0,1,1,0,3,2,1,1,0,1,4,2,2,2023
212000,"Raub, r uberische Erpressung auf/gegen sonstige Kassenr ume und Gesch fte ",5114000,Krefeld,insg.,6,4,2,0,0,0,0,0,0,0,0,0,0,0,0,1,1,0,4,3,1,1,0,1,5,3,2,2023
212000,"Raub, r uberische Erpressung auf/gegen sonstige Kassenr ume und Gesch fte ",14713000,Leipzig,vers.,8,3,5,0,0,0,0,0,0,0,0,0,0,0,0,0,0,0,8,3,5,0,0,0,8,3,5,2023
212000,"Raub, r uberische Erpressung auf/gegen sonstige Kassenr ume und Gesch fte ",14713000,Leipzig,voll.,24,9,15,0,0,0,0,0,0,0,0,0,2,0,2,4,2,2,15,7,8,3,0,3,18,7,11,2023
212000,"Raub, r uberische Erpressung auf/gegen sonstige Kassenr ume und Gesch fte ",14713000,Leipzig,insg.,32,12,20,0,0,0,0,0,0,0,0,0,2,0,2,4,2,2,23,10,13,3,0,3,26,10,16,2023
212000,"Raub, r uberische Erpressung auf/gegen sonstige Kassenr ume und Gesch fte ",5316000,Leverkusen,vers.,0,0,0,0,0,0,0,0,0,0,0,0,0,0,0,0,0,0,0,0,0,0,0,0,0,0,0,2023
212000,"Raub, r uberische Erpressung auf/gegen sonstige Kassenr ume und Gesch fte ",5316000,Leverkusen,voll.,9,5,4,0,0,0,0,0,0,0,0,0,0,0,0,0,0,0,8,5,3,1,0,1,9,5,4,2023
212000,"Raub, r uberische Erpressung auf/gegen sonstige Kassenr ume und Gesch fte ",5316000,Leverkusen,insg.,9,5,4,0,0,0,0,0,0,0,0,0,0,0,0,0,0,0,8,5,3,1,0,1,9,5,4,2023
212000,"Raub, r uberische Erpressung auf/gegen sonstige Kassenr ume und Gesch fte ",1003000,L beck,vers.,4,0,4,0,0,0,0,0,0,0,0,0,0,0,0,0,0,0,2,0,2,2,0,2,4,0,4,2023
212000,"Raub, r uberische Erpressung auf/gegen sonstige Kassenr ume und Gesch fte ",1003000,L beck,voll.,7,3,4,0,0,0,0,0,0,0,0,0,0,0,0,1,0,1,6,3,3,0,0,0,6,3,3,2023
212000,"Raub, r uberische Erpressung auf/gegen sonstige Kassenr ume und Gesch fte ",1003000,L beck,insg.,11,3,8,0,0,0,0,0,0,0,0,0,0,0,0,1,0,1,8,3,5,2,0,2,10,3,7,2023
212000,"Raub, r uberische Erpressung auf/gegen sonstige Kassenr ume und Gesch fte ",7314000,Ludwigshafen am Rhein,vers.,1,0,1,0,0,0,0,0,0,0,0,0,0,0,0,0,0,0,1,0,1,0,0,0,1,0,1,2023
212000,"Raub, r uberische Erpressung auf/gegen sonstige Kassenr ume und Gesch fte ",7314000,Ludwigshafen am Rhein,voll.,2,1,1,0,0,0,0,0,0,0,0,0,0,0,0,0,0,0,1,0,1,1,1,0,2,1,1,2023
212000,"Raub, r uberische Erpressung auf/gegen sonstige Kassenr ume und Gesch fte ",7314000,Ludwigshafen am Rhein,insg.,3,1,2,0,0,0,0,0,0,0,0,0,0,0,0,0,0,0,2,0,2,1,1,0,3,1,2,2023
212000,"Raub, r uberische Erpressung auf/gegen sonstige Kassenr ume und Gesch fte ",15003000,Magdeburg,vers.,2,1,1,0,0,0,0,0,0,0,0,0,0,0,0,0,0,0,2,1,1,0,0,0,2,1,1,2023
212000,"Raub, r uberische Erpressung auf/gegen sonstige Kassenr ume und Gesch fte ",15003000,Magdeburg,voll.,4,1,3,0,0,0,0,0,0,0,0,0,0,0,0,0,0,0,4,1,3,0,0,0,4,1,3,2023
212000,"Raub, r uberische Erpressung auf/gegen sonstige Kassenr ume und Gesch fte ",15003000,Magdeburg,insg.,6,2,4,0,0,0,0,0,0,0,0,0,0,0,0,0,0,0,6,2,4,0,0,0,6,2,4,2023
212000,"Raub, r uberische Erpressung auf/gegen sonstige Kassenr ume und Gesch fte ",7315000,Mainz,vers.,1,1,0,0,0,0,0,0,0,0,0,0,0,0,0,0,0,0,1,1,0,0,0,0,1,1,0,2023
212000,"Raub, r uberische Erpressung auf/gegen sonstige Kassenr ume und Gesch fte ",7315000,Mainz,voll.,6,6,0,0,0,0,0,0,0,0,0,0,1,1,0,3,3,0,2,2,0,0,0,0,2,2,0,2023
212000,"Raub, r uberische Erpressung auf/gegen sonstige Kassenr ume und Gesch fte ",7315000,Mainz,insg.,7,7,0,0,0,0,0,0,0,0,0,0,1,1,0,3,3,0,3,3,0,0,0,0,3,3,0,2023
212000,"Raub, r uberische Erpressung auf/gegen sonstige Kassenr ume und Gesch fte ",8222000,Mannheim,vers.,6,4,2,0,0,0,0,0,0,0,0,0,0,0,0,1,1,0,4,2,2,1,1,0,5,3,2,2023
212000,"Raub, r uberische Erpressung auf/gegen sonstige Kassenr ume und Gesch fte ",8222000,Mannheim,voll.,5,2,3,0,0,0,0,0,0,0,0,0,0,0,0,0,0,0,5,2,3,0,0,0,5,2,3,2023
212000,"Raub, r uberische Erpressung auf/gegen sonstige Kassenr ume und Gesch fte ",8222000,Mannheim,insg.,11,6,5,0,0,0,0,0,0,0,0,0,0,0,0,1,1,0,9,4,5,1,1,0,10,5,5,2023
212000,"Raub, r uberische Erpressung auf/gegen sonstige Kassenr ume und Gesch fte ",5170024,Moers,vers.,1,0,1,0,0,0,0,0,0,0,0,0,0,0,0,0,0,0,0,0,0,1,0,1,1,0,1,2023
212000,"Raub, r uberische Erpressung auf/gegen sonstige Kassenr ume und Gesch fte ",5170024,Moers,voll.,4,0,4,0,0,0,0,0,0,0,0,0,0,0,0,0,0,0,4,0,4,0,0,0,4,0,4,2023
212000,"Raub, r uberische Erpressung auf/gegen sonstige Kassenr ume und Gesch fte ",5170024,Moers,insg.,5,0,5,0,0,0,0,0,0,0,0,0,0,0,0,0,0,0,4,0,4,1,0,1,5,0,5,2023
212000,"Raub, r uberische Erpressung auf/gegen sonstige Kassenr ume und Gesch fte ",5116000,M nchengladbach,vers.,2,2,0,0,0,0,0,0,0,0,0,0,0,0,0,0,0,0,2,2,0,0,0,0,2,2,0,2023
212000,"Raub, r uberische Erpressung auf/gegen sonstige Kassenr ume und Gesch fte ",5116000,M nchengladbach,voll.,14,5,9,0,0,0,0,0,0,0,0,0,0,0,0,0,0,0,12,5,7,2,0,2,14,5,9,2023
212000,"Raub, r uberische Erpressung auf/gegen sonstige Kassenr ume und Gesch fte ",5116000,M nchengladbach,insg.,16,7,9,0,0,0,0,0,0,0,0,0,0,0,0,0,0,0,14,7,7,2,0,2,16,7,9,2023
212000,"Raub, r uberische Erpressung auf/gegen sonstige Kassenr ume und Gesch fte ",5117000,M lheim an der Ruhr,vers.,3,1,2,0,0,0,0,0,0,0,0,0,0,0,0,0,0,0,1,0,1,2,1,1,3,1,2,2023
212000,"Raub, r uberische Erpressung auf/gegen sonstige Kassenr ume und Gesch fte ",5117000,M lheim an der Ruhr,voll.,5,2,3,0,0,0,0,0,0,0,0,0,0,0,0,0,0,0,4,1,3,1,1,0,5,2,3,2023
212000,"Raub, r uberische Erpressung auf/gegen sonstige Kassenr ume und Gesch fte ",5117000,M lheim an der Ruhr,insg.,8,3,5,0,0,0,0,0,0,0,0,0,0,0,0,0,0,0,5,1,4,3,2,1,8,3,5,2023
212000,"Raub, r uberische Erpressung auf/gegen sonstige Kassenr ume und Gesch fte ",9162000,M nchen,vers.,6,5,1,0,0,0,0,0,0,0,0,0,0,0,0,0,0,0,4,4,0,2,1,1,6,5,1,2023
212000,"Raub, r uberische Erpressung auf/gegen sonstige Kassenr ume und Gesch fte ",9162000,M nchen,voll.,18,10,8,0,0,0,0,0,0,0,0,0,0,0,0,1,0,1,15,9,6,2,1,1,17,10,7,2023
212000,"Raub, r uberische Erpressung auf/gegen sonstige Kassenr ume und Gesch fte ",9162000,M nchen,insg.,24,15,9,0,0,0,0,0,0,0,0,0,0,0,0,1,0,1,19,13,6,4,2,2,23,15,8,2023
212000,"Raub, r uberische Erpressung auf/gegen sonstige Kassenr ume und Gesch fte ",5515000,M nster,vers.,6,1,5,0,0,0,0,0,0,0,0,0,0,0,0,0,0,0,4,0,4,2,1,1,6,1,5,2023
212000,"Raub, r uberische Erpressung auf/gegen sonstige Kassenr ume und Gesch fte ",5515000,M nster,voll.,9,8,1,0,0,0,0,0,0,0,0,0,1,1,0,3,3,0,4,3,1,1,1,0,5,4,1,2023
212000,"Raub, r uberische Erpressung auf/gegen sonstige Kassenr ume und Gesch fte ",5515000,M nster,insg.,15,9,6,0,0,0,0,0,0,0,0,0,1,1,0,3,3,0,8,3,5,3,2,1,11,5,6,2023
212000,"Raub, r uberische Erpressung auf/gegen sonstige Kassenr ume und Gesch fte ",5162024,Neuss,vers.,2,1,1,0,0,0,0,0,0,0,0,0,0,0,0,0,0,0,0,0,0,2,1,1,2,1,1,2023
212000,"Raub, r uberische Erpressung auf/gegen sonstige Kassenr ume und Gesch fte ",5162024,Neuss,voll.,1,0,1,0,0,0,0,0,0,0,0,0,0,0,0,0,0,0,1,0,1,0,0,0,1,0,1,2023
212000,"Raub, r uberische Erpressung auf/gegen sonstige Kassenr ume und Gesch fte ",5162024,Neuss,insg.,3,1,2,0,0,0,0,0,0,0,0,0,0,0,0,0,0,0,1,0,1,2,1,1,3,1,2,2023
212000,"Raub, r uberische Erpressung auf/gegen sonstige Kassenr ume und Gesch fte ",9564000,N rnberg,vers.,6,1,5,0,0,0,0,0,0,0,0,0,0,0,0,0,0,0,5,1,4,1,0,1,6,1,5,2023
212000,"Raub, r uberische Erpressung auf/gegen sonstige Kassenr ume und Gesch fte ",9564000,N rnberg,voll.,2,0,2,0,0,0,0,0,0,0,0,0,0,0,0,0,0,0,1,0,1,1,0,1,2,0,2,2023
212000,"Raub, r uberische Erpressung auf/gegen sonstige Kassenr ume und Gesch fte ",9564000,N rnberg,insg.,8,1,7,0,0,0,0,0,0,0,0,0,0,0,0,0,0,0,6,1,5,2,0,2,8,1,7,2023
212000,"Raub, r uberische Erpressung auf/gegen sonstige Kassenr ume und Gesch fte ",5119000,Oberhausen,vers.,1,1,0,0,0,0,0,0,0,0,0,0,0,0,0,0,0,0,1,1,0,0,0,0,1,1,0,2023
212000,"Raub, r uberische Erpressung auf/gegen sonstige Kassenr ume und Gesch fte ",5119000,Oberhausen,voll.,9,5,4,0,0,0,0,0,0,0,0,0,0,0,0,1,1,0,6,2,4,2,2,0,8,4,4,2023
212000,"Raub, r uberische Erpressung auf/gegen sonstige Kassenr ume und Gesch fte ",5119000,Oberhausen,insg.,10,6,4,0,0,0,0,0,0,0,0,0,0,0,0,1,1,0,7,3,4,2,2,0,9,5,4,2023
212000,"Raub, r uberische Erpressung auf/gegen sonstige Kassenr ume und Gesch fte ",6413000,Offenbach am Main,vers.,4,3,1,0,0,0,0,0,0,0,0,0,0,0,0,0,0,0,4,3,1,0,0,0,4,3,1,2023
212000,"Raub, r uberische Erpressung auf/gegen sonstige Kassenr ume und Gesch fte ",6413000,Offenbach am Main,voll.,2,1,1,0,0,0,0,0,0,0,0,0,0,0,0,0,0,0,2,1,1,0,0,0,2,1,1,2023
212000,"Raub, r uberische Erpressung auf/gegen sonstige Kassenr ume und Gesch fte ",6413000,Offenbach am Main,insg.,6,4,2,0,0,0,0,0,0,0,0,0,0,0,0,0,0,0,6,4,2,0,0,0,6,4,2,2023
212000,"Raub, r uberische Erpressung auf/gegen sonstige Kassenr ume und Gesch fte ",3403000,Oldenburg (Oldenburg),vers.,1,0,1,0,0,0,0,0,0,0,0,0,0,0,0,0,0,0,1,0,1,0,0,0,1,0,1,2023
212000,"Raub, r uberische Erpressung auf/gegen sonstige Kassenr ume und Gesch fte ",3403000,Oldenburg (Oldenburg),voll.,7,4,3,0,0,0,0,0,0,0,0,0,0,0,0,1,1,0,5,3,2,1,0,1,6,3,3,2023
212000,"Raub, r uberische Erpressung auf/gegen sonstige Kassenr ume und Gesch fte ",3403000,Oldenburg (Oldenburg),insg.,8,4,4,0,0,0,0,0,0,0,0,0,0,0,0,1,1,0,6,3,3,1,0,1,7,3,4,2023
212000,"Raub, r uberische Erpressung auf/gegen sonstige Kassenr ume und Gesch fte ",3404000,Osnabr ck,vers.,2,1,1,0,0,0,0,0,0,0,0,0,0,0,0,1,1,0,1,0,1,0,0,0,1,0,1,2023
212000,"Raub, r uberische Erpressung auf/gegen sonstige Kassenr ume und Gesch fte ",3404000,Osnabr ck,voll.,5,2,3,0,0,0,0,0,0,0,0,0,0,0,0,0,0,0,4,1,3,1,1,0,5,2,3,2023
212000,"Raub, r uberische Erpressung auf/gegen sonstige Kassenr ume und Gesch fte ",3404000,Osnabr ck,insg.,7,3,4,0,0,0,0,0,0,0,0,0,0,0,0,1,1,0,5,1,4,1,1,0,6,2,4,2023
212000,"Raub, r uberische Erpressung auf/gegen sonstige Kassenr ume und Gesch fte ",5774032,Paderborn,vers.,0,0,0,0,0,0,0,0,0,0,0,0,0,0,0,0,0,0,0,0,0,0,0,0,0,0,0,2023
212000,"Raub, r uberische Erpressung auf/gegen sonstige Kassenr ume und Gesch fte ",5774032,Paderborn,voll.,1,0,1,0,0,0,0,0,0,0,0,0,0,0,0,0,0,0,1,0,1,0,0,0,1,0,1,2023
212000,"Raub, r uberische Erpressung auf/gegen sonstige Kassenr ume und Gesch fte ",5774032,Paderborn,insg.,1,0,1,0,0,0,0,0,0,0,0,0,0,0,0,0,0,0,1,0,1,0,0,0,1,0,1,2023
212000,"Raub, r uberische Erpressung auf/gegen sonstige Kassenr ume und Gesch fte ",8231000,Pforzheim,vers.,0,0,0,0,0,0,0,0,0,0,0,0,0,0,0,0,0,0,0,0,0,0,0,0,0,0,0,2023
212000,"Raub, r uberische Erpressung auf/gegen sonstige Kassenr ume und Gesch fte ",8231000,Pforzheim,voll.,3,0,3,0,0,0,0,0,0,0,0,0,0,0,0,0,0,0,3,0,3,0,0,0,3,0,3,2023
212000,"Raub, r uberische Erpressung auf/gegen sonstige Kassenr ume und Gesch fte ",8231000,Pforzheim,insg.,3,0,3,0,0,0,0,0,0,0,0,0,0,0,0,0,0,0,3,0,3,0,0,0,3,0,3,2023
212000,"Raub, r uberische Erpressung auf/gegen sonstige Kassenr ume und Gesch fte ",12054000,Potsdam,vers.,2,1,1,0,0,0,0,0,0,0,0,0,0,0,0,0,0,0,2,1,1,0,0,0,2,1,1,2023
212000,"Raub, r uberische Erpressung auf/gegen sonstige Kassenr ume und Gesch fte ",12054000,Potsdam,voll.,12,9,3,0,0,0,0,0,0,0,0,0,0,0,0,0,0,0,9,7,2,3,2,1,12,9,3,2023
212000,"Raub, r uberische Erpressung auf/gegen sonstige Kassenr ume und Gesch fte ",12054000,Potsdam,insg.,14,10,4,0,0,0,0,0,0,0,0,0,0,0,0,0,0,0,11,8,3,3,2,1,14,10,4,2023
212000,"Raub, r uberische Erpressung auf/gegen sonstige Kassenr ume und Gesch fte ",5562032,Recklinghausen,vers.,0,0,0,0,0,0,0,0,0,0,0,0,0,0,0,0,0,0,0,0,0,0,0,0,0,0,0,2023
212000,"Raub, r uberische Erpressung auf/gegen sonstige Kassenr ume und Gesch fte ",5562032,Recklinghausen,voll.,6,3,3,0,0,0,0,0,0,0,0,0,1,1,0,1,0,1,4,2,2,0,0,0,4,2,2,2023
212000,"Raub, r uberische Erpressung auf/gegen sonstige Kassenr ume und Gesch fte ",5562032,Recklinghausen,insg.,6,3,3,0,0,0,0,0,0,0,0,0,1,1,0,1,0,1,4,2,2,0,0,0,4,2,2,2023
212000,"Raub, r uberische Erpressung auf/gegen sonstige Kassenr ume und Gesch fte ",9362000,Regensburg,vers.,0,0,0,0,0,0,0,0,0,0,0,0,0,0,0,0,0,0,0,0,0,0,0,0,0,0,0,2023
212000,"Raub, r uberische Erpressung auf/gegen sonstige Kassenr ume und Gesch fte ",9362000,Regensburg,voll.,1,0,1,0,0,0,0,0,0,0,0,0,0,0,0,0,0,0,1,0,1,0,0,0,1,0,1,2023
212000,"Raub, r uberische Erpressung auf/gegen sonstige Kassenr ume und Gesch fte ",9362000,Regensburg,insg.,1,0,1,0,0,0,0,0,0,0,0,0,0,0,0,0,0,0,1,0,1,0,0,0,1,0,1,2023
212000,"Raub, r uberische Erpressung auf/gegen sonstige Kassenr ume und Gesch fte ",5120000,Remscheid,vers.,1,1,0,0,0,0,0,0,0,0,0,0,0,0,0,0,0,0,1,1,0,0,0,0,1,1,0,2023
212000,"Raub, r uberische Erpressung auf/gegen sonstige Kassenr ume und Gesch fte ",5120000,Remscheid,voll.,1,0,1,0,0,0,0,0,0,0,0,0,0,0,0,0,0,0,1,0,1,0,0,0,1,0,1,2023
212000,"Raub, r uberische Erpressung auf/gegen sonstige Kassenr ume und Gesch fte ",5120000,Remscheid,insg.,2,1,1,0,0,0,0,0,0,0,0,0,0,0,0,0,0,0,2,1,1,0,0,0,2,1,1,2023
212000,"Raub, r uberische Erpressung auf/gegen sonstige Kassenr ume und Gesch fte ",8415061,Reutlingen,vers.,1,0,1,0,0,0,0,0,0,0,0,0,0,0,0,0,0,0,1,0,1,0,0,0,1,0,1,2023
212000,"Raub, r uberische Erpressung auf/gegen sonstige Kassenr ume und Gesch fte ",8415061,Reutlingen,voll.,3,1,2,0,0,0,0,0,0,0,0,0,0,0,0,0,0,0,3,1,2,0,0,0,3,1,2,2023
212000,"Raub, r uberische Erpressung auf/gegen sonstige Kassenr ume und Gesch fte ",8415061,Reutlingen,insg.,4,1,3,0,0,0,0,0,0,0,0,0,0,0,0,0,0,0,4,1,3,0,0,0,4,1,3,2023
212000,"Raub, r uberische Erpressung auf/gegen sonstige Kassenr ume und Gesch fte ",13003000,"Rostock, Hanse- und Universit tsstadt",vers.,2,0,2,0,0,0,0,0,0,0,0,0,0,0,0,0,0,0,2,0,2,0,0,0,2,0,2,2023
212000,"Raub, r uberische Erpressung auf/gegen sonstige Kassenr ume und Gesch fte ",13003000,"Rostock, Hanse- und Universit tsstadt",voll.,1,1,0,0,0,0,0,0,0,0,0,0,0,0,0,0,0,0,1,1,0,0,0,0,1,1,0,2023
212000,"Raub, r uberische Erpressung auf/gegen sonstige Kassenr ume und Gesch fte ",13003000,"Rostock, Hanse- und Universit tsstadt",insg.,3,1,2,0,0,0,0,0,0,0,0,0,0,0,0,0,0,0,3,1,2,0,0,0,3,1,2,2023
212000,"Raub, r uberische Erpressung auf/gegen sonstige Kassenr ume und Gesch fte ",10041100,Saarbr cken,vers.,1,0,1,0,0,0,0,0,0,0,0,0,0,0,0,0,0,0,1,0,1,0,0,0,1,0,1,2023
212000,"Raub, r uberische Erpressung auf/gegen sonstige Kassenr ume und Gesch fte ",10041100,Saarbr cken,voll.,6,4,2,0,0,0,0,0,0,0,0,0,0,0,0,1,0,1,4,3,1,1,1,0,5,4,1,2023
212000,"Raub, r uberische Erpressung auf/gegen sonstige Kassenr ume und Gesch fte ",10041100,Saarbr cken,insg.,7,4,3,0,0,0,0,0,0,0,0,0,0,0,0,1,0,1,5,3,2,1,1,0,6,4,2,2023
212000,"Raub, r uberische Erpressung auf/gegen sonstige Kassenr ume und Gesch fte ",3102000,Salzgitter,vers.,0,0,0,0,0,0,0,0,0,0,0,0,0,0,0,0,0,0,0,0,0,0,0,0,0,0,0,2023
212000,"Raub, r uberische Erpressung auf/gegen sonstige Kassenr ume und Gesch fte ",3102000,Salzgitter,voll.,10,4,6,0,0,0,0,0,0,0,0,0,0,0,0,3,3,0,5,1,4,2,0,2,7,1,6,2023
212000,"Raub, r uberische Erpressung auf/gegen sonstige Kassenr ume und Gesch fte ",3102000,Salzgitter,insg.,10,4,6,0,0,0,0,0,0,0,0,0,0,0,0,3,3,0,5,1,4,2,0,2,7,1,6,2023
212000,"Raub, r uberische Erpressung auf/gegen sonstige Kassenr ume und Gesch fte ",13004000,Schwerin,vers.,5,4,1,0,0,0,0,0,0,0,0,0,0,0,0,0,0,0,4,3,1,1,1,0,5,4,1,2023
212000,"Raub, r uberische Erpressung auf/gegen sonstige Kassenr ume und Gesch fte ",13004000,Schwerin,voll.,1,0,1,0,0,0,0,0,0,0,0,0,0,0,0,0,0,0,1,0,1,0,0,0,1,0,1,2023
212000,"Raub, r uberische Erpressung auf/gegen sonstige Kassenr ume und Gesch fte ",13004000,Schwerin,insg.,6,4,2,0,0,0,0,0,0,0,0,0,0,0,0,0,0,0,5,3,2,1,1,0,6,4,2,2023
212000,"Raub, r uberische Erpressung auf/gegen sonstige Kassenr ume und Gesch fte ",5970040,Siegen,vers.,0,0,0,0,0,0,0,0,0,0,0,0,0,0,0,0,0,0,0,0,0,0,0,0,0,0,0,2023
212000,"Raub, r uberische Erpressung auf/gegen sonstige Kassenr ume und Gesch fte ",5970040,Siegen,voll.,2,1,1,0,0,0,0,0,0,0,0,0,0,0,0,0,0,0,2,1,1,0,0,0,2,1,1,2023
212000,"Raub, r uberische Erpressung auf/gegen sonstige Kassenr ume und Gesch fte ",5970040,Siegen,insg.,2,1,1,0,0,0,0,0,0,0,0,0,0,0,0,0,0,0,2,1,1,0,0,0,2,1,1,2023
212000,"Raub, r uberische Erpressung auf/gegen sonstige Kassenr ume und Gesch fte ",5122000,Solingen,vers.,0,0,0,0,0,0,0,0,0,0,0,0,0,0,0,0,0,0,0,0,0,0,0,0,0,0,0,2023
212000,"Raub, r uberische Erpressung auf/gegen sonstige Kassenr ume und Gesch fte ",5122000,Solingen,voll.,6,6,0,0,0,0,0,0,0,0,0,0,1,1,0,0,0,0,4,4,0,1,1,0,5,5,0,2023
212000,"Raub, r uberische Erpressung auf/gegen sonstige Kassenr ume und Gesch fte ",5122000,Solingen,insg.,6,6,0,0,0,0,0,0,0,0,0,0,1,1,0,0,0,0,4,4,0,1,1,0,5,5,0,2023
212000,"Raub, r uberische Erpressung auf/gegen sonstige Kassenr ume und Gesch fte ",8111000,Stuttgart,vers.,4,3,1,0,0,0,0,0,0,0,0,0,0,0,0,0,0,0,3,2,1,1,1,0,4,3,1,2023
212000,"Raub, r uberische Erpressung auf/gegen sonstige Kassenr ume und Gesch fte ",8111000,Stuttgart,voll.,2,0,2,0,0,0,0,0,0,0,0,0,0,0,0,0,0,0,2,0,2,0,0,0,2,0,2,2023
212000,"Raub, r uberische Erpressung auf/gegen sonstige Kassenr ume und Gesch fte ",8111000,Stuttgart,insg.,6,3,3,0,0,0,0,0,0,0,0,0,0,0,0,0,0,0,5,2,3,1,1,0,6,3,3,2023
212000,"Raub, r uberische Erpressung auf/gegen sonstige Kassenr ume und Gesch fte ",7211000,Trier,vers.,0,0,0,0,0,0,0,0,0,0,0,0,0,0,0,0,0,0,0,0,0,0,0,0,0,0,0,2023
212000,"Raub, r uberische Erpressung auf/gegen sonstige Kassenr ume und Gesch fte ",7211000,Trier,voll.,0,0,0,0,0,0,0,0,0,0,0,0,0,0,0,0,0,0,0,0,0,0,0,0,0,0,0,2023
212000,"Raub, r uberische Erpressung auf/gegen sonstige Kassenr ume und Gesch fte ",7211000,Trier,insg.,0,0,0,0,0,0,0,0,0,0,0,0,0,0,0,0,0,0,0,0,0,0,0,0,0,0,0,2023
212000,"Raub, r uberische Erpressung auf/gegen sonstige Kassenr ume und Gesch fte ",8421000,Ulm,vers.,1,0,1,0,0,0,0,0,0,0,0,0,0,0,0,0,0,0,1,0,1,0,0,0,1,0,1,2023
212000,"Raub, r uberische Erpressung auf/gegen sonstige Kassenr ume und Gesch fte ",8421000,Ulm,voll.,1,0,1,0,0,0,0,0,0,0,0,0,0,0,0,0,0,0,1,0,1,0,0,0,1,0,1,2023
212000,"Raub, r uberische Erpressung auf/gegen sonstige Kassenr ume und Gesch fte ",8421000,Ulm,insg.,2,0,2,0,0,0,0,0,0,0,0,0,0,0,0,0,0,0,2,0,2,0,0,0,2,0,2,2023
212000,"Raub, r uberische Erpressung auf/gegen sonstige Kassenr ume und Gesch fte ",6414000,Wiesbaden,vers.,1,1,0,0,0,0,0,0,0,0,0,0,0,0,0,0,0,0,1,1,0,0,0,0,1,1,0,2023
212000,"Raub, r uberische Erpressung auf/gegen sonstige Kassenr ume und Gesch fte ",6414000,Wiesbaden,voll.,14,7,7,0,0,0,0,0,0,0,0,0,0,0,0,3,2,1,10,4,6,1,1,0,11,5,6,2023
212000,"Raub, r uberische Erpressung auf/gegen sonstige Kassenr ume und Gesch fte ",6414000,Wiesbaden,insg.,15,8,7,0,0,0,0,0,0,0,0,0,0,0,0,3,2,1,11,5,6,1,1,0,12,6,6,2023
212000,"Raub, r uberische Erpressung auf/gegen sonstige Kassenr ume und Gesch fte ",3103000,Wolfsburg,vers.,0,0,0,0,0,0,0,0,0,0,0,0,0,0,0,0,0,0,0,0,0,0,0,0,0,0,0,2023
212000,"Raub, r uberische Erpressung auf/gegen sonstige Kassenr ume und Gesch fte ",3103000,Wolfsburg,voll.,6,4,2,0,0,0,0,0,0,0,0,0,0,0,0,1,0,1,4,3,1,1,1,0,5,4,1,2023
212000,"Raub, r uberische Erpressung auf/gegen sonstige Kassenr ume und Gesch fte ",3103000,Wolfsburg,insg.,6,4,2,0,0,0,0,0,0,0,0,0,0,0,0,1,0,1,4,3,1,1,1,0,5,4,1,2023
212000,"Raub, r uberische Erpressung auf/gegen sonstige Kassenr ume und Gesch fte ",5124000,Wuppertal,vers.,5,3,2,0,0,0,0,0,0,0,0,0,0,0,0,0,0,0,5,3,2,0,0,0,5,3,2,2023
212000,"Raub, r uberische Erpressung auf/gegen sonstige Kassenr ume und Gesch fte ",5124000,Wuppertal,voll.,11,8,3,0,0,0,0,0,0,0,0,0,0,0,0,0,0,0,8,5,3,3,3,0,11,8,3,2023
212000,"Raub, r uberische Erpressung auf/gegen sonstige Kassenr ume und Gesch fte ",5124000,Wuppertal,insg.,16,11,5,0,0,0,0,0,0,0,0,0,0,0,0,0,0,0,13,8,5,3,3,0,16,11,5,2023
212000,"Raub, r uberische Erpressung auf/gegen sonstige Kassenr ume und Gesch fte ",9663000,W rzburg,vers.,0,0,0,0,0,0,0,0,0,0,0,0,0,0,0,0,0,0,0,0,0,0,0,0,0,0,0,2023
212000,"Raub, r uberische Erpressung auf/gegen sonstige Kassenr ume und Gesch fte ",9663000,W rzburg,voll.,8,3,5,0,0,0,0,0,0,0,0,0,0,0,0,1,1,0,6,1,5,1,1,0,7,2,5,2023
212000,"Raub, r uberische Erpressung auf/gegen sonstige Kassenr ume und Gesch fte ",9663000,W rzburg,insg.,8,3,5,0,0,0,0,0,0,0,0,0,0,0,0,1,1,0,6,1,5,1,1,0,7,2,5,2023
216000,Handtaschenraub,5334002,Aachen,vers.,1,0,1,0,0,0,0,0,0,0,0,0,0,0,0,0,0,0,1,0,1,0,0,0,1,0,1,2023
216000,Handtaschenraub,5334002,Aachen,voll.,3,0,3,0,0,0,0,0,0,0,0,0,0,0,0,0,0,0,3,0,3,0,0,0,3,0,3,2023
216000,Handtaschenraub,5334002,Aachen,insg.,4,0,4,0,0,0,0,0,0,0,0,0,0,0,0,0,0,0,4,0,4,0,0,0,4,0,4,2023
216000,Handtaschenraub,9761000,Augsburg,vers.,2,0,2,0,0,0,0,0,0,0,0,0,0,0,0,0,0,0,0,0,0,2,0,2,2,0,2,2023
216000,Handtaschenraub,9761000,Augsburg,voll.,4,1,3,0,0,0,1,1,0,1,1,0,0,0,0,0,0,0,1,0,1,2,0,2,3,0,3,2023
216000,Handtaschenraub,9761000,Augsburg,insg.,6,1,5,0,0,0,1,1,0,1,1,0,0,0,0,0,0,0,1,0,1,4,0,4,5,0,5,2023
216000,Handtaschenraub,5378004,Bergisch Gladbach,vers.,0,0,0,0,0,0,0,0,0,0,0,0,0,0,0,0,0,0,0,0,0,0,0,0,0,0,0,2023
216000,Handtaschenraub,5378004,Bergisch Gladbach,voll.,0,0,0,0,0,0,0,0,0,0,0,0,0,0,0,0,0,0,0,0,0,0,0,0,0,0,0,2023
216000,Handtaschenraub,5378004,Bergisch Gladbach,insg.,0,0,0,0,0,0,0,0,0,0,0,0,0,0,0,0,0,0,0,0,0,0,0,0,0,0,0,2023
216000,Handtaschenraub,11000000,Berlin,vers.,24,7,17,0,0,0,0,0,0,0,0,0,2,1,1,1,0,1,14,4,10,7,2,5,21,6,15,2023
216000,Handtaschenraub,11000000,Berlin,voll.,101,20,81,0,0,0,5,4,1,5,4,1,3,1,2,5,2,3,54,11,43,34,2,32,88,13,75,2023
216000,Handtaschenraub,11000000,Berlin,insg.,125,27,98,0,0,0,5,4,1,5,4,1,5,2,3,6,2,4,68,15,53,41,4,37,109,19,90,2023
216000,Handtaschenraub,5711000,Bielefeld,vers.,3,1,2,0,0,0,0,0,0,0,0,0,0,0,0,0,0,0,1,0,1,2,1,1,3,1,2,2023
216000,Handtaschenraub,5711000,Bielefeld,voll.,10,3,7,0,0,0,0,0,0,0,0,0,1,0,1,0,0,0,7,3,4,2,0,2,9,3,6,2023
216000,Handtaschenraub,5711000,Bielefeld,insg.,13,4,9,0,0,0,0,0,0,0,0,0,1,0,1,0,0,0,8,3,5,4,1,3,12,4,8,2023
216000,Handtaschenraub,5911000,Bochum,vers.,4,2,2,0,0,0,0,0,0,0,0,0,3,2,1,0,0,0,0,0,0,1,0,1,1,0,1,2023
216000,Handtaschenraub,5911000,Bochum,voll.,5,0,5,0,0,0,0,0,0,0,0,0,0,0,0,0,0,0,0,0,0,5,0,5,5,0,5,2023
216000,Handtaschenraub,5911000,Bochum,insg.,9,2,7,0,0,0,0,0,0,0,0,0,3,2,1,0,0,0,0,0,0,6,0,6,6,0,6,2023
216000,Handtaschenraub,5314000,Bonn,vers.,5,1,4,0,0,0,0,0,0,0,0,0,0,0,0,0,0,0,4,1,3,1,0,1,5,1,4,2023
216000,Handtaschenraub,5314000,Bonn,voll.,3,0,3,0,0,0,0,0,0,0,0,0,0,0,0,0,0,0,2,0,2,1,0,1,3,0,3,2023
216000,Handtaschenraub,5314000,Bonn,insg.,8,1,7,0,0,0,0,0,0,0,0,0,0,0,0,0,0,0,6,1,5,2,0,2,8,1,7,2023
216000,Handtaschenraub,5512000,Bottrop,vers.,0,0,0,0,0,0,0,0,0,0,0,0,0,0,0,0,0,0,0,0,0,0,0,0,0,0,0,2023
216000,Handtaschenraub,5512000,Bottrop,voll.,2,0,2,0,0,0,1,0,1,1,0,1,0,0,0,0,0,0,0,0,0,1,0,1,1,0,1,2023
216000,Handtaschenraub,5512000,Bottrop,insg.,2,0,2,0,0,0,1,0,1,1,0,1,0,0,0,0,0,0,0,0,0,1,0,1,1,0,1,2023
216000,Handtaschenraub,3101000,Braunschweig,vers.,5,1,4,0,0,0,0,0,0,0,0,0,2,0,2,0,0,0,2,1,1,1,0,1,3,1,2,2023
216000,Handtaschenraub,3101000,Braunschweig,voll.,10,3,7,0,0,0,0,0,0,0,0,0,1,1,0,0,0,0,3,2,1,6,0,6,9,2,7,2023
216000,Handtaschenraub,3101000,Braunschweig,insg.,15,4,11,0,0,0,0,0,0,0,0,0,3,1,2,0,0,0,5,3,2,7,0,7,12,3,9,2023
216000,Handtaschenraub,4011000,Bremen,vers.,1,0,1,0,0,0,0,0,0,0,0,0,0,0,0,0,0,0,1,0,1,0,0,0,1,0,1,2023
216000,Handtaschenraub,4011000,Bremen,voll.,10,1,9,0,0,0,0,0,0,0,0,0,0,0,0,0,0,0,5,1,4,5,0,5,10,1,9,2023
216000,Handtaschenraub,4011000,Bremen,insg.,11,1,10,0,0,0,0,0,0,0,0,0,0,0,0,0,0,0,6,1,5,5,0,5,11,1,10,2023
216000,Handtaschenraub,4012000,Bremerhaven,vers.,1,0,1,0,0,0,0,0,0,0,0,0,0,0,0,0,0,0,0,0,0,1,0,1,1,0,1,2023
216000,Handtaschenraub,4012000,Bremerhaven,voll.,2,0,2,0,0,0,0,0,0,0,0,0,0,0,0,0,0,0,1,0,1,1,0,1,2,0,2,2023
216000,Handtaschenraub,4012000,Bremerhaven,insg.,3,0,3,0,0,0,0,0,0,0,0,0,0,0,0,0,0,0,1,0,1,2,0,2,3,0,3,2023
216000,Handtaschenraub,14511000,Chemnitz,vers.,2,2,0,0,0,0,0,0,0,0,0,0,2,2,0,0,0,0,0,0,0,0,0,0,0,0,0,2023
216000,Handtaschenraub,14511000,Chemnitz,voll.,16,4,12,0,0,0,0,0,0,0,0,0,0,0,0,2,0,2,9,2,7,5,2,3,14,4,10,2023
216000,Handtaschenraub,14511000,Chemnitz,insg.,18,6,12,0,0,0,0,0,0,0,0,0,2,2,0,2,0,2,9,2,7,5,2,3,14,4,10,2023
216000,Handtaschenraub,6411000,Darmstadt,vers.,1,0,1,0,0,0,0,0,0,0,0,0,0,0,0,0,0,0,1,0,1,0,0,0,1,0,1,2023
216000,Handtaschenraub,6411000,Darmstadt,voll.,4,1,3,0,0,0,0,0,0,0,0,0,1,0,1,0,0,0,2,0,2,1,1,0,3,1,2,2023
216000,Handtaschenraub,6411000,Darmstadt,insg.,5,1,4,0,0,0,0,0,0,0,0,0,1,0,1,0,0,0,3,0,3,1,1,0,4,1,3,2023
216000,Handtaschenraub,5913000,Dortmund,vers.,10,1,9,0,0,0,1,1,0,1,1,0,0,0,0,0,0,0,6,0,6,3,0,3,9,0,9,2023
216000,Handtaschenraub,5913000,Dortmund,voll.,8,3,5,0,0,0,0,0,0,0,0,0,0,0,0,2,0,2,5,3,2,1,0,1,6,3,3,2023
216000,Handtaschenraub,5913000,Dortmund,insg.,18,4,14,0,0,0,1,1,0,1,1,0,0,0,0,2,0,2,11,3,8,4,0,4,15,3,12,2023
216000,Handtaschenraub,14612000,Dresden,vers.,5,2,3,0,0,0,0,0,0,0,0,0,0,0,0,1,0,1,2,2,0,2,0,2,4,2,2,2023
216000,Handtaschenraub,14612000,Dresden,voll.,21,7,14,0,0,0,2,2,0,2,2,0,3,3,0,0,0,0,5,2,3,11,0,11,16,2,14,2023
216000,Handtaschenraub,14612000,Dresden,insg.,26,9,17,0,0,0,2,2,0,2,2,0,3,3,0,1,0,1,7,4,3,13,0,13,20,4,16,2023
216000,Handtaschenraub,5112000,Duisburg,vers.,4,0,4,0,0,0,0,0,0,0,0,0,0,0,0,0,0,0,2,0,2,2,0,2,4,0,4,2023
216000,Handtaschenraub,5112000,Duisburg,voll.,8,4,4,0,0,0,0,0,0,0,0,0,0,0,0,0,0,0,5,3,2,3,1,2,8,4,4,2023
216000,Handtaschenraub,5112000,Duisburg,insg.,12,4,8,0,0,0,0,0,0,0,0,0,0,0,0,0,0,0,7,3,4,5,1,4,12,4,8,2023
216000,Handtaschenraub,5111000,D sseldorf,vers.,6,3,3,0,0,0,0,0,0,0,0,0,1,1,0,0,0,0,2,1,1,3,1,2,5,2,3,2023
216000,Handtaschenraub,5111000,D sseldorf,voll.,18,1,17,0,0,0,0,0,0,0,0,0,0,0,0,4,0,4,8,1,7,6,0,6,14,1,13,2023
216000,Handtaschenraub,5111000,D sseldorf,insg.,24,4,20,0,0,0,0,0,0,0,0,0,1,1,0,4,0,4,10,2,8,9,1,8,19,3,16,2023
216000,Handtaschenraub,16051000,Erfurt,vers.,2,0,2,0,0,0,0,0,0,0,0,0,0,0,0,0,0,0,0,0,0,2,0,2,2,0,2,2023
216000,Handtaschenraub,16051000,Erfurt,voll.,7,3,4,0,0,0,1,0,1,1,0,1,0,0,0,1,0,1,5,3,2,0,0,0,5,3,2,2023
216000,Handtaschenraub,16051000,Erfurt,insg.,9,3,6,0,0,0,1,0,1,1,0,1,0,0,0,1,0,1,5,3,2,2,0,2,7,3,4,2023
216000,Handtaschenraub,9562000,Erlangen,vers.,0,0,0,0,0,0,0,0,0,0,0,0,0,0,0,0,0,0,0,0,0,0,0,0,0,0,0,2023
216000,Handtaschenraub,9562000,Erlangen,voll.,1,1,0,0,0,0,0,0,0,0,0,0,0,0,0,0,0,0,1,1,0,0,0,0,1,1,0,2023
216000,Handtaschenraub,9562000,Erlangen,insg.,1,1,0,0,0,0,0,0,0,0,0,0,0,0,0,0,0,0,1,1,0,0,0,0,1,1,0,2023
216000,Handtaschenraub,5113000,Essen,vers.,2,0,2,0,0,0,0,0,0,0,0,0,0,0,0,1,0,1,1,0,1,0,0,0,1,0,1,2023
216000,Handtaschenraub,5113000,Essen,voll.,3,1,2,0,0,0,0,0,0,0,0,0,1,1,0,0,0,0,1,0,1,1,0,1,2,0,2,2023
216000,Handtaschenraub,5113000,Essen,insg.,5,1,4,0,0,0,0,0,0,0,0,0,1,1,0,1,0,1,2,0,2,1,0,1,3,0,3,2023
216000,Handtaschenraub,6412000,Frankfurt am Main,vers.,12,1,11,0,0,0,0,0,0,0,0,0,0,0,0,0,0,0,10,1,9,2,0,2,12,1,11,2023
216000,Handtaschenraub,6412000,Frankfurt am Main,voll.,17,5,12,0,0,0,0,0,0,0,0,0,0,0,0,0,0,0,17,5,12,0,0,0,17,5,12,2023
216000,Handtaschenraub,6412000,Frankfurt am Main,insg.,29,6,23,0,0,0,0,0,0,0,0,0,0,0,0,0,0,0,27,6,21,2,0,2,29,6,23,2023
216000,Handtaschenraub,8311000,Freiburg im Breisgau,vers.,3,1,2,0,0,0,0,0,0,0,0,0,0,0,0,0,0,0,1,1,0,2,0,2,3,1,2,2023
216000,Handtaschenraub,8311000,Freiburg im Breisgau,voll.,4,1,3,0,0,0,0,0,0,0,0,0,0,0,0,0,0,0,0,0,0,4,1,3,4,1,3,2023
216000,Handtaschenraub,8311000,Freiburg im Breisgau,insg.,7,2,5,0,0,0,0,0,0,0,0,0,0,0,0,0,0,0,1,1,0,6,1,5,7,2,5,2023
216000,Handtaschenraub,9563000,F rth,vers.,0,0,0,0,0,0,0,0,0,0,0,0,0,0,0,0,0,0,0,0,0,0,0,0,0,0,0,2023
216000,Handtaschenraub,9563000,F rth,voll.,0,0,0,0,0,0,0,0,0,0,0,0,0,0,0,0,0,0,0,0,0,0,0,0,0,0,0,2023
216000,Handtaschenraub,9563000,F rth,insg.,0,0,0,0,0,0,0,0,0,0,0,0,0,0,0,0,0,0,0,0,0,0,0,0,0,0,0,2023
216000,Handtaschenraub,5513000,Gelsenkirchen,vers.,1,0,1,0,0,0,0,0,0,0,0,0,0,0,0,0,0,0,0,0,0,1,0,1,1,0,1,2023
216000,Handtaschenraub,5513000,Gelsenkirchen,voll.,6,1,5,0,0,0,0,0,0,0,0,0,0,0,0,0,0,0,2,0,2,4,1,3,6,1,5,2023
216000,Handtaschenraub,5513000,Gelsenkirchen,insg.,7,1,6,0,0,0,0,0,0,0,0,0,0,0,0,0,0,0,2,0,2,5,1,4,7,1,6,2023
216000,Handtaschenraub,3159016,G ttingen,vers.,0,0,0,0,0,0,0,0,0,0,0,0,0,0,0,0,0,0,0,0,0,0,0,0,0,0,0,2023
216000,Handtaschenraub,3159016,G ttingen,voll.,1,0,1,0,0,0,0,0,0,0,0,0,0,0,0,0,0,0,0,0,0,1,0,1,1,0,1,2023
216000,Handtaschenraub,3159016,G ttingen,insg.,1,0,1,0,0,0,0,0,0,0,0,0,0,0,0,0,0,0,0,0,0,1,0,1,1,0,1,2023
216000,Handtaschenraub,5754008,G tersloh,vers.,1,0,1,0,0,0,0,0,0,0,0,0,0,0,0,0,0,0,1,0,1,0,0,0,1,0,1,2023
216000,Handtaschenraub,5754008,G tersloh,voll.,2,1,1,0,0,0,0,0,0,0,0,0,0,0,0,0,0,0,1,1,0,1,0,1,2,1,1,2023
216000,Handtaschenraub,5754008,G tersloh,insg.,3,1,2,0,0,0,0,0,0,0,0,0,0,0,0,0,0,0,2,1,1,1,0,1,3,1,2,2023
216000,Handtaschenraub,5914000,Hagen,vers.,0,0,0,0,0,0,0,0,0,0,0,0,0,0,0,0,0,0,0,0,0,0,0,0,0,0,0,2023
216000,Handtaschenraub,5914000,Hagen,voll.,0,0,0,0,0,0,0,0,0,0,0,0,0,0,0,0,0,0,0,0,0,0,0,0,0,0,0,2023
216000,Handtaschenraub,5914000,Hagen,insg.,0,0,0,0,0,0,0,0,0,0,0,0,0,0,0,0,0,0,0,0,0,0,0,0,0,0,0,2023
216000,Handtaschenraub,15002000,Halle (Saale),vers.,1,0,1,0,0,0,0,0,0,0,0,0,0,0,0,0,0,0,0,0,0,1,0,1,1,0,1,2023
216000,Handtaschenraub,15002000,Halle (Saale),voll.,2,0,2,0,0,0,0,0,0,0,0,0,0,0,0,0,0,0,0,0,0,2,0,2,2,0,2,2023
216000,Handtaschenraub,15002000,Halle (Saale),insg.,3,0,3,0,0,0,0,0,0,0,0,0,0,0,0,0,0,0,0,0,0,3,0,3,3,0,3,2023
216000,Handtaschenraub,2000000,Hamburg,vers.,15,5,10,0,0,0,2,1,1,2,1,1,1,0,1,0,0,0,8,2,6,4,2,2,12,4,8,2023
216000,Handtaschenraub,2000000,Hamburg,voll.,55,22,33,0,0,0,0,0,0,0,0,0,6,4,2,7,3,4,30,14,16,12,1,11,42,15,27,2023
216000,Handtaschenraub,2000000,Hamburg,insg.,70,27,43,0,0,0,2,1,1,2,1,1,7,4,3,7,3,4,38,16,22,16,3,13,54,19,35,2023
216000,Handtaschenraub,5915000,Hamm,vers.,2,0,2,0,0,0,0,0,0,0,0,0,0,0,0,0,0,0,1,0,1,1,0,1,2,0,2,2023
216000,Handtaschenraub,5915000,Hamm,voll.,2,1,1,0,0,0,0,0,0,0,0,0,0,0,0,1,0,1,1,1,0,0,0,0,1,1,0,2023
216000,Handtaschenraub,5915000,Hamm,insg.,4,1,3,0,0,0,0,0,0,0,0,0,0,0,0,1,0,1,2,1,1,1,0,1,3,1,2,2023
216000,Handtaschenraub,6435014,Hanau,vers.,0,0,0,0,0,0,0,0,0,0,0,0,0,0,0,0,0,0,0,0,0,0,0,0,0,0,0,2023
216000,Handtaschenraub,6435014,Hanau,voll.,2,0,2,0,0,0,0,0,0,0,0,0,0,0,0,0,0,0,1,0,1,1,0,1,2,0,2,2023
216000,Handtaschenraub,6435014,Hanau,insg.,2,0,2,0,0,0,0,0,0,0,0,0,0,0,0,0,0,0,1,0,1,1,0,1,2,0,2,2023
216000,Handtaschenraub,3241001,Hannover,vers.,13,5,8,0,0,0,0,0,0,0,0,0,1,1,0,1,1,0,9,3,6,2,0,2,11,3,8,2023
216000,Handtaschenraub,3241001,Hannover,voll.,27,11,16,0,0,0,0,0,0,0,0,0,5,5,0,1,1,0,11,4,7,10,1,9,21,5,16,2023
216000,Handtaschenraub,3241001,Hannover,insg.,40,16,24,0,0,0,0,0,0,0,0,0,6,6,0,2,2,0,20,7,13,12,1,11,32,8,24,2023
216000,Handtaschenraub,8221000,Heidelberg,vers.,1,0,1,0,0,0,0,0,0,0,0,0,0,0,0,0,0,0,0,0,0,1,0,1,1,0,1,2023
216000,Handtaschenraub,8221000,Heidelberg,voll.,1,0,1,0,0,0,0,0,0,0,0,0,0,0,0,0,0,0,1,0,1,0,0,0,1,0,1,2023
216000,Handtaschenraub,8221000,Heidelberg,insg.,2,0,2,0,0,0,0,0,0,0,0,0,0,0,0,0,0,0,1,0,1,1,0,1,2,0,2,2023
216000,Handtaschenraub,8121000,Heilbronn,vers.,0,0,0,0,0,0,0,0,0,0,0,0,0,0,0,0,0,0,0,0,0,0,0,0,0,0,0,2023
216000,Handtaschenraub,8121000,Heilbronn,voll.,0,0,0,0,0,0,0,0,0,0,0,0,0,0,0,0,0,0,0,0,0,0,0,0,0,0,0,2023
216000,Handtaschenraub,8121000,Heilbronn,insg.,0,0,0,0,0,0,0,0,0,0,0,0,0,0,0,0,0,0,0,0,0,0,0,0,0,0,0,2023
216000,Handtaschenraub,5916000,Herne,vers.,2,0,2,0,0,0,0,0,0,0,0,0,0,0,0,0,0,0,1,0,1,1,0,1,2,0,2,2023
216000,Handtaschenraub,5916000,Herne,voll.,9,2,7,0,0,0,0,0,0,0,0,0,0,0,0,1,1,0,1,1,0,7,0,7,8,1,7,2023
216000,Handtaschenraub,5916000,Herne,insg.,11,2,9,0,0,0,0,0,0,0,0,0,0,0,0,1,1,0,2,1,1,8,0,8,10,1,9,2023
216000,Handtaschenraub,3254021,Hildesheim,vers.,0,0,0,0,0,0,0,0,0,0,0,0,0,0,0,0,0,0,0,0,0,0,0,0,0,0,0,2023
216000,Handtaschenraub,3254021,Hildesheim,voll.,2,0,2,0,0,0,0,0,0,0,0,0,0,0,0,0,0,0,1,0,1,1,0,1,2,0,2,2023
216000,Handtaschenraub,3254021,Hildesheim,insg.,2,0,2,0,0,0,0,0,0,0,0,0,0,0,0,0,0,0,1,0,1,1,0,1,2,0,2,2023
216000,Handtaschenraub,9161000,Ingolstadt,vers.,0,0,0,0,0,0,0,0,0,0,0,0,0,0,0,0,0,0,0,0,0,0,0,0,0,0,0,2023
216000,Handtaschenraub,9161000,Ingolstadt,voll.,2,0,2,0,0,0,0,0,0,0,0,0,0,0,0,1,0,1,1,0,1,0,0,0,1,0,1,2023
216000,Handtaschenraub,9161000,Ingolstadt,insg.,2,0,2,0,0,0,0,0,0,0,0,0,0,0,0,1,0,1,1,0,1,0,0,0,1,0,1,2023
216000,Handtaschenraub,16053000,Jena,vers.,0,0,0,0,0,0,0,0,0,0,0,0,0,0,0,0,0,0,0,0,0,0,0,0,0,0,0,2023
216000,Handtaschenraub,16053000,Jena,voll.,2,2,0,0,0,0,0,0,0,0,0,0,1,1,0,0,0,0,1,1,0,0,0,0,1,1,0,2023
216000,Handtaschenraub,16053000,Jena,insg.,2,2,0,0,0,0,0,0,0,0,0,0,1,1,0,0,0,0,1,1,0,0,0,0,1,1,0,2023
216000,Handtaschenraub,7312000,Kaiserslautern,vers.,0,0,0,0,0,0,0,0,0,0,0,0,0,0,0,0,0,0,0,0,0,0,0,0,0,0,0,2023
216000,Handtaschenraub,7312000,Kaiserslautern,voll.,2,0,2,0,0,0,0,0,0,0,0,0,0,0,0,0,0,0,0,0,0,2,0,2,2,0,2,2023
216000,Handtaschenraub,7312000,Kaiserslautern,insg.,2,0,2,0,0,0,0,0,0,0,0,0,0,0,0,0,0,0,0,0,0,2,0,2,2,0,2,2023
216000,Handtaschenraub,8212000,Karlsruhe,vers.,0,0,0,0,0,0,0,0,0,0,0,0,0,0,0,0,0,0,0,0,0,0,0,0,0,0,0,2023
216000,Handtaschenraub,8212000,Karlsruhe,voll.,4,1,3,0,0,0,0,0,0,0,0,0,1,1,0,0,0,0,0,0,0,3,0,3,3,0,3,2023
216000,Handtaschenraub,8212000,Karlsruhe,insg.,4,1,3,0,0,0,0,0,0,0,0,0,1,1,0,0,0,0,0,0,0,3,0,3,3,0,3,2023
216000,Handtaschenraub,6611000,Kassel,vers.,1,0,1,0,0,0,0,0,0,0,0,0,0,0,0,0,0,0,1,0,1,0,0,0,1,0,1,2023
216000,Handtaschenraub,6611000,Kassel,voll.,6,0,6,0,0,0,0,0,0,0,0,0,0,0,0,0,0,0,5,0,5,1,0,1,6,0,6,2023
216000,Handtaschenraub,6611000,Kassel,insg.,7,0,7,0,0,0,0,0,0,0,0,0,0,0,0,0,0,0,6,0,6,1,0,1,7,0,7,2023
216000,Handtaschenraub,1002000,Kiel,vers.,2,1,1,0,0,0,0,0,0,0,0,0,0,0,0,0,0,0,1,1,0,1,0,1,2,1,1,2023
216000,Handtaschenraub,1002000,Kiel,voll.,1,0,1,0,0,0,0,0,0,0,0,0,0,0,0,0,0,0,1,0,1,0,0,0,1,0,1,2023
216000,Handtaschenraub,1002000,Kiel,insg.,3,1,2,0,0,0,0,0,0,0,0,0,0,0,0,0,0,0,2,1,1,1,0,1,3,1,2,2023
216000,Handtaschenraub,7111000,Koblenz,vers.,0,0,0,0,0,0,0,0,0,0,0,0,0,0,0,0,0,0,0,0,0,0,0,0,0,0,0,2023
216000,Handtaschenraub,7111000,Koblenz,voll.,1,0,1,0,0,0,0,0,0,0,0,0,0,0,0,0,0,0,1,0,1,0,0,0,1,0,1,2023
216000,Handtaschenraub,7111000,Koblenz,insg.,1,0,1,0,0,0,0,0,0,0,0,0,0,0,0,0,0,0,1,0,1,0,0,0,1,0,1,2023
216000,Handtaschenraub,5315000,K ln,vers.,10,2,8,0,0,0,0,0,0,0,0,0,0,0,0,0,0,0,8,1,7,2,1,1,10,2,8,2023
216000,Handtaschenraub,5315000,K ln,voll.,44,7,37,0,0,0,3,1,2,3,1,2,3,3,0,7,1,6,20,2,18,11,0,11,31,2,29,2023
216000,Handtaschenraub,5315000,K ln,insg.,54,9,45,0,0,0,3,1,2,3,1,2,3,3,0,7,1,6,28,3,25,13,1,12,41,4,37,2023
216000,Handtaschenraub,5114000,Krefeld,vers.,2,0,2,0,0,0,0,0,0,0,0,0,0,0,0,0,0,0,1,0,1,1,0,1,2,0,2,2023
216000,Handtaschenraub,5114000,Krefeld,voll.,3,1,2,0,0,0,0,0,0,0,0,0,0,0,0,0,0,0,3,1,2,0,0,0,3,1,2,2023
216000,Handtaschenraub,5114000,Krefeld,insg.,5,1,4,0,0,0,0,0,0,0,0,0,0,0,0,0,0,0,4,1,3,1,0,1,5,1,4,2023
216000,Handtaschenraub,14713000,Leipzig,vers.,4,1,3,0,0,0,0,0,0,0,0,0,0,0,0,0,0,0,2,1,1,2,0,2,4,1,3,2023
216000,Handtaschenraub,14713000,Leipzig,voll.,8,5,3,0,0,0,0,0,0,0,0,0,0,0,0,1,1,0,5,3,2,2,1,1,7,4,3,2023
216000,Handtaschenraub,14713000,Leipzig,insg.,12,6,6,0,0,0,0,0,0,0,0,0,0,0,0,1,1,0,7,4,3,4,1,3,11,5,6,2023
216000,Handtaschenraub,5316000,Leverkusen,vers.,2,1,1,0,0,0,0,0,0,0,0,0,1,1,0,0,0,0,0,0,0,1,0,1,1,0,1,2023
216000,Handtaschenraub,5316000,Leverkusen,voll.,2,0,2,0,0,0,0,0,0,0,0,0,0,0,0,0,0,0,1,0,1,1,0,1,2,0,2,2023
216000,Handtaschenraub,5316000,Leverkusen,insg.,4,1,3,0,0,0,0,0,0,0,0,0,1,1,0,0,0,0,1,0,1,2,0,2,3,0,3,2023
216000,Handtaschenraub,1003000,L beck,vers.,0,0,0,0,0,0,0,0,0,0,0,0,0,0,0,0,0,0,0,0,0,0,0,0,0,0,0,2023
216000,Handtaschenraub,1003000,L beck,voll.,0,0,0,0,0,0,0,0,0,0,0,0,0,0,0,0,0,0,0,0,0,0,0,0,0,0,0,2023
216000,Handtaschenraub,1003000,L beck,insg.,0,0,0,0,0,0,0,0,0,0,0,0,0,0,0,0,0,0,0,0,0,0,0,0,0,0,0,2023
216000,Handtaschenraub,7314000,Ludwigshafen am Rhein,vers.,1,0,1,0,0,0,0,0,0,0,0,0,0,0,0,1,0,1,0,0,0,0,0,0,0,0,0,2023
216000,Handtaschenraub,7314000,Ludwigshafen am Rhein,voll.,3,1,2,0,0,0,1,1,0,1,1,0,0,0,0,0,0,0,2,0,2,0,0,0,2,0,2,2023
216000,Handtaschenraub,7314000,Ludwigshafen am Rhein,insg.,4,1,3,0,0,0,1,1,0,1,1,0,0,0,0,1,0,1,2,0,2,0,0,0,2,0,2,2023
216000,Handtaschenraub,15003000,Magdeburg,vers.,1,0,1,0,0,0,0,0,0,0,0,0,1,0,1,0,0,0,0,0,0,0,0,0,0,0,0,2023
216000,Handtaschenraub,15003000,Magdeburg,voll.,5,1,4,0,0,0,0,0,0,0,0,0,0,0,0,1,1,0,1,0,1,3,0,3,4,0,4,2023
216000,Handtaschenraub,15003000,Magdeburg,insg.,6,1,5,0,0,0,0,0,0,0,0,0,1,0,1,1,1,0,1,0,1,3,0,3,4,0,4,2023
216000,Handtaschenraub,7315000,Mainz,vers.,0,0,0,0,0,0,0,0,0,0,0,0,0,0,0,0,0,0,0,0,0,0,0,0,0,0,0,2023
216000,Handtaschenraub,7315000,Mainz,voll.,1,1,0,0,0,0,0,0,0,0,0,0,0,0,0,0,0,0,1,1,0,0,0,0,1,1,0,2023
216000,Handtaschenraub,7315000,Mainz,insg.,1,1,0,0,0,0,0,0,0,0,0,0,0,0,0,0,0,0,1,1,0,0,0,0,1,1,0,2023
216000,Handtaschenraub,8222000,Mannheim,vers.,1,0,1,0,0,0,0,0,0,0,0,0,0,0,0,0,0,0,0,0,0,1,0,1,1,0,1,2023
216000,Handtaschenraub,8222000,Mannheim,voll.,3,2,1,0,0,0,0,0,0,0,0,0,0,0,0,1,1,0,2,1,1,0,0,0,2,1,1,2023
216000,Handtaschenraub,8222000,Mannheim,insg.,4,2,2,0,0,0,0,0,0,0,0,0,0,0,0,1,1,0,2,1,1,1,0,1,3,1,2,2023
216000,Handtaschenraub,5170024,Moers,vers.,0,0,0,0,0,0,0,0,0,0,0,0,0,0,0,0,0,0,0,0,0,0,0,0,0,0,0,2023
216000,Handtaschenraub,5170024,Moers,voll.,3,0,3,0,0,0,0,0,0,0,0,0,0,0,0,2,0,2,1,0,1,0,0,0,1,0,1,2023
216000,Handtaschenraub,5170024,Moers,insg.,3,0,3,0,0,0,0,0,0,0,0,0,0,0,0,2,0,2,1,0,1,0,0,0,1,0,1,2023
216000,Handtaschenraub,5116000,M nchengladbach,vers.,2,0,2,0,0,0,0,0,0,0,0,0,0,0,0,0,0,0,1,0,1,1,0,1,2,0,2,2023
216000,Handtaschenraub,5116000,M nchengladbach,voll.,2,0,2,0,0,0,0,0,0,0,0,0,0,0,0,0,0,0,1,0,1,1,0,1,2,0,2,2023
216000,Handtaschenraub,5116000,M nchengladbach,insg.,4,0,4,0,0,0,0,0,0,0,0,0,0,0,0,0,0,0,2,0,2,2,0,2,4,0,4,2023
216000,Handtaschenraub,5117000,M lheim an der Ruhr,vers.,0,0,0,0,0,0,0,0,0,0,0,0,0,0,0,0,0,0,0,0,0,0,0,0,0,0,0,2023
216000,Handtaschenraub,5117000,M lheim an der Ruhr,voll.,1,0,1,0,0,0,0,0,0,0,0,0,0,0,0,0,0,0,1,0,1,0,0,0,1,0,1,2023
216000,Handtaschenraub,5117000,M lheim an der Ruhr,insg.,1,0,1,0,0,0,0,0,0,0,0,0,0,0,0,0,0,0,1,0,1,0,0,0,1,0,1,2023
216000,Handtaschenraub,9162000,M nchen,vers.,16,10,6,0,0,0,0,0,0,0,0,0,5,5,0,2,1,1,8,4,4,1,0,1,9,4,5,2023
216000,Handtaschenraub,9162000,M nchen,voll.,25,8,17,0,0,0,1,1,0,1,1,0,4,0,4,2,2,0,10,4,6,8,1,7,18,5,13,2023
216000,Handtaschenraub,9162000,M nchen,insg.,41,18,23,0,0,0,1,1,0,1,1,0,9,5,4,4,3,1,18,8,10,9,1,8,27,9,18,2023
216000,Handtaschenraub,5515000,M nster,vers.,4,0,4,0,0,0,0,0,0,0,0,0,0,0,0,0,0,0,3,0,3,1,0,1,4,0,4,2023
216000,Handtaschenraub,5515000,M nster,voll.,3,0,3,0,0,0,0,0,0,0,0,0,0,0,0,1,0,1,0,0,0,2,0,2,2,0,2,2023
216000,Handtaschenraub,5515000,M nster,insg.,7,0,7,0,0,0,0,0,0,0,0,0,0,0,0,1,0,1,3,0,3,3,0,3,6,0,6,2023
216000,Handtaschenraub,5162024,Neuss,vers.,2,0,2,0,0,0,0,0,0,0,0,0,0,0,0,0,0,0,1,0,1,1,0,1,2,0,2,2023
216000,Handtaschenraub,5162024,Neuss,voll.,1,0,1,0,0,0,0,0,0,0,0,0,0,0,0,0,0,0,1,0,1,0,0,0,1,0,1,2023
216000,Handtaschenraub,5162024,Neuss,insg.,3,0,3,0,0,0,0,0,0,0,0,0,0,0,0,0,0,0,2,0,2,1,0,1,3,0,3,2023
216000,Handtaschenraub,9564000,N rnberg,vers.,1,0,1,0,0,0,0,0,0,0,0,0,0,0,0,0,0,0,1,0,1,0,0,0,1,0,1,2023
216000,Handtaschenraub,9564000,N rnberg,voll.,8,3,5,0,0,0,0,0,0,0,0,0,1,1,0,0,0,0,4,1,3,3,1,2,7,2,5,2023
216000,Handtaschenraub,9564000,N rnberg,insg.,9,3,6,0,0,0,0,0,0,0,0,0,1,1,0,0,0,0,5,1,4,3,1,2,8,2,6,2023
216000,Handtaschenraub,5119000,Oberhausen,vers.,0,0,0,0,0,0,0,0,0,0,0,0,0,0,0,0,0,0,0,0,0,0,0,0,0,0,0,2023
216000,Handtaschenraub,5119000,Oberhausen,voll.,6,0,6,0,0,0,0,0,0,0,0,0,0,0,0,0,0,0,2,0,2,4,0,4,6,0,6,2023
216000,Handtaschenraub,5119000,Oberhausen,insg.,6,0,6,0,0,0,0,0,0,0,0,0,0,0,0,0,0,0,2,0,2,4,0,4,6,0,6,2023
216000,Handtaschenraub,6413000,Offenbach am Main,vers.,0,0,0,0,0,0,0,0,0,0,0,0,0,0,0,0,0,0,0,0,0,0,0,0,0,0,0,2023
216000,Handtaschenraub,6413000,Offenbach am Main,voll.,6,1,5,0,0,0,0,0,0,0,0,0,0,0,0,1,0,1,3,1,2,2,0,2,5,1,4,2023
216000,Handtaschenraub,6413000,Offenbach am Main,insg.,6,1,5,0,0,0,0,0,0,0,0,0,0,0,0,1,0,1,3,1,2,2,0,2,5,1,4,2023
216000,Handtaschenraub,3403000,Oldenburg (Oldenburg),vers.,1,0,1,0,0,0,0,0,0,0,0,0,0,0,0,0,0,0,1,0,1,0,0,0,1,0,1,2023
216000,Handtaschenraub,3403000,Oldenburg (Oldenburg),voll.,2,0,2,0,0,0,0,0,0,0,0,0,0,0,0,0,0,0,0,0,0,2,0,2,2,0,2,2023
216000,Handtaschenraub,3403000,Oldenburg (Oldenburg),insg.,3,0,3,0,0,0,0,0,0,0,0,0,0,0,0,0,0,0,1,0,1,2,0,2,3,0,3,2023
216000,Handtaschenraub,3404000,Osnabr ck,vers.,3,0,3,0,0,0,0,0,0,0,0,0,0,0,0,0,0,0,3,0,3,0,0,0,3,0,3,2023
216000,Handtaschenraub,3404000,Osnabr ck,voll.,6,1,5,0,0,0,0,0,0,0,0,0,0,0,0,1,0,1,4,1,3,1,0,1,5,1,4,2023
216000,Handtaschenraub,3404000,Osnabr ck,insg.,9,1,8,0,0,0,0,0,0,0,0,0,0,0,0,1,0,1,7,1,6,1,0,1,8,1,7,2023
216000,Handtaschenraub,5774032,Paderborn,vers.,3,1,2,0,0,0,0,0,0,0,0,0,0,0,0,0,0,0,0,0,0,3,1,2,3,1,2,2023
216000,Handtaschenraub,5774032,Paderborn,voll.,4,0,4,0,0,0,0,0,0,0,0,0,1,0,1,1,0,1,2,0,2,0,0,0,2,0,2,2023
216000,Handtaschenraub,5774032,Paderborn,insg.,7,1,6,0,0,0,0,0,0,0,0,0,1,0,1,1,0,1,2,0,2,3,1,2,5,1,4,2023
216000,Handtaschenraub,8231000,Pforzheim,vers.,0,0,0,0,0,0,0,0,0,0,0,0,0,0,0,0,0,0,0,0,0,0,0,0,0,0,0,2023
216000,Handtaschenraub,8231000,Pforzheim,voll.,4,2,2,0,0,0,0,0,0,0,0,0,1,1,0,0,0,0,2,1,1,1,0,1,3,1,2,2023
216000,Handtaschenraub,8231000,Pforzheim,insg.,4,2,2,0,0,0,0,0,0,0,0,0,1,1,0,0,0,0,2,1,1,1,0,1,3,1,2,2023
216000,Handtaschenraub,12054000,Potsdam,vers.,2,1,1,0,0,0,0,0,0,0,0,0,1,0,1,1,1,0,0,0,0,0,0,0,0,0,0,2023
216000,Handtaschenraub,12054000,Potsdam,voll.,3,1,2,0,0,0,0,0,0,0,0,0,0,0,0,1,0,1,1,0,1,1,1,0,2,1,1,2023
216000,Handtaschenraub,12054000,Potsdam,insg.,5,2,3,0,0,0,0,0,0,0,0,0,1,0,1,2,1,1,1,0,1,1,1,0,2,1,1,2023
216000,Handtaschenraub,5562032,Recklinghausen,vers.,0,0,0,0,0,0,0,0,0,0,0,0,0,0,0,0,0,0,0,0,0,0,0,0,0,0,0,2023
216000,Handtaschenraub,5562032,Recklinghausen,voll.,4,1,3,0,0,0,0,0,0,0,0,0,0,0,0,1,0,1,2,1,1,1,0,1,3,1,2,2023
216000,Handtaschenraub,5562032,Recklinghausen,insg.,4,1,3,0,0,0,0,0,0,0,0,0,0,0,0,1,0,1,2,1,1,1,0,1,3,1,2,2023
216000,Handtaschenraub,9362000,Regensburg,vers.,1,0,1,0,0,0,0,0,0,0,0,0,0,0,0,0,0,0,0,0,0,1,0,1,1,0,1,2023
216000,Handtaschenraub,9362000,Regensburg,voll.,4,0,4,0,0,0,0,0,0,0,0,0,0,0,0,0,0,0,1,0,1,3,0,3,4,0,4,2023
216000,Handtaschenraub,9362000,Regensburg,insg.,5,0,5,0,0,0,0,0,0,0,0,0,0,0,0,0,0,0,1,0,1,4,0,4,5,0,5,2023
216000,Handtaschenraub,5120000,Remscheid,vers.,0,0,0,0,0,0,0,0,0,0,0,0,0,0,0,0,0,0,0,0,0,0,0,0,0,0,0,2023
216000,Handtaschenraub,5120000,Remscheid,voll.,0,0,0,0,0,0,0,0,0,0,0,0,0,0,0,0,0,0,0,0,0,0,0,0,0,0,0,2023
216000,Handtaschenraub,5120000,Remscheid,insg.,0,0,0,0,0,0,0,0,0,0,0,0,0,0,0,0,0,0,0,0,0,0,0,0,0,0,0,2023
216000,Handtaschenraub,8415061,Reutlingen,vers.,0,0,0,0,0,0,0,0,0,0,0,0,0,0,0,0,0,0,0,0,0,0,0,0,0,0,0,2023
216000,Handtaschenraub,8415061,Reutlingen,voll.,3,0,3,0,0,0,0,0,0,0,0,0,0,0,0,0,0,0,0,0,0,3,0,3,3,0,3,2023
216000,Handtaschenraub,8415061,Reutlingen,insg.,3,0,3,0,0,0,0,0,0,0,0,0,0,0,0,0,0,0,0,0,0,3,0,3,3,0,3,2023
216000,Handtaschenraub,13003000,"Rostock, Hanse- und Universit tsstadt",vers.,0,0,0,0,0,0,0,0,0,0,0,0,0,0,0,0,0,0,0,0,0,0,0,0,0,0,0,2023
216000,Handtaschenraub,13003000,"Rostock, Hanse- und Universit tsstadt",voll.,4,2,2,0,0,0,1,1,0,1,1,0,0,0,0,1,1,0,0,0,0,2,0,2,2,0,2,2023
216000,Handtaschenraub,13003000,"Rostock, Hanse- und Universit tsstadt",insg.,4,2,2,0,0,0,1,1,0,1,1,0,0,0,0,1,1,0,0,0,0,2,0,2,2,0,2,2023
216000,Handtaschenraub,10041100,Saarbr cken,vers.,0,0,0,0,0,0,0,0,0,0,0,0,0,0,0,0,0,0,0,0,0,0,0,0,0,0,0,2023
216000,Handtaschenraub,10041100,Saarbr cken,voll.,5,1,4,0,0,0,0,0,0,0,0,0,0,0,0,1,1,0,2,0,2,2,0,2,4,0,4,2023
216000,Handtaschenraub,10041100,Saarbr cken,insg.,5,1,4,0,0,0,0,0,0,0,0,0,0,0,0,1,1,0,2,0,2,2,0,2,4,0,4,2023
216000,Handtaschenraub,3102000,Salzgitter,vers.,0,0,0,0,0,0,0,0,0,0,0,0,0,0,0,0,0,0,0,0,0,0,0,0,0,0,0,2023
216000,Handtaschenraub,3102000,Salzgitter,voll.,2,1,1,0,0,0,0,0,0,0,0,0,0,0,0,0,0,0,2,1,1,0,0,0,2,1,1,2023
216000,Handtaschenraub,3102000,Salzgitter,insg.,2,1,1,0,0,0,0,0,0,0,0,0,0,0,0,0,0,0,2,1,1,0,0,0,2,1,1,2023
216000,Handtaschenraub,13004000,Schwerin,vers.,2,0,2,0,0,0,0,0,0,0,0,0,0,0,0,0,0,0,1,0,1,1,0,1,2,0,2,2023
216000,Handtaschenraub,13004000,Schwerin,voll.,3,1,2,0,0,0,0,0,0,0,0,0,0,0,0,0,0,0,2,1,1,1,0,1,3,1,2,2023
216000,Handtaschenraub,13004000,Schwerin,insg.,5,1,4,0,0,0,0,0,0,0,0,0,0,0,0,0,0,0,3,1,2,2,0,2,5,1,4,2023
216000,Handtaschenraub,5970040,Siegen,vers.,0,0,0,0,0,0,0,0,0,0,0,0,0,0,0,0,0,0,0,0,0,0,0,0,0,0,0,2023
216000,Handtaschenraub,5970040,Siegen,voll.,0,0,0,0,0,0,0,0,0,0,0,0,0,0,0,0,0,0,0,0,0,0,0,0,0,0,0,2023
216000,Handtaschenraub,5970040,Siegen,insg.,0,0,0,0,0,0,0,0,0,0,0,0,0,0,0,0,0,0,0,0,0,0,0,0,0,0,0,2023
216000,Handtaschenraub,5122000,Solingen,vers.,0,0,0,0,0,0,0,0,0,0,0,0,0,0,0,0,0,0,0,0,0,0,0,0,0,0,0,2023
216000,Handtaschenraub,5122000,Solingen,voll.,0,0,0,0,0,0,0,0,0,0,0,0,0,0,0,0,0,0,0,0,0,0,0,0,0,0,0,2023
216000,Handtaschenraub,5122000,Solingen,insg.,0,0,0,0,0,0,0,0,0,0,0,0,0,0,0,0,0,0,0,0,0,0,0,0,0,0,0,2023
216000,Handtaschenraub,8111000,Stuttgart,vers.,4,0,4,0,0,0,0,0,0,0,0,0,0,0,0,0,0,0,4,0,4,0,0,0,4,0,4,2023
216000,Handtaschenraub,8111000,Stuttgart,voll.,16,4,12,0,0,0,0,0,0,0,0,0,1,0,1,0,0,0,9,3,6,6,1,5,15,4,11,2023
216000,Handtaschenraub,8111000,Stuttgart,insg.,20,4,16,0,0,0,0,0,0,0,0,0,1,0,1,0,0,0,13,3,10,6,1,5,19,4,15,2023
216000,Handtaschenraub,7211000,Trier,vers.,0,0,0,0,0,0,0,0,0,0,0,0,0,0,0,0,0,0,0,0,0,0,0,0,0,0,0,2023
216000,Handtaschenraub,7211000,Trier,voll.,0,0,0,0,0,0,0,0,0,0,0,0,0,0,0,0,0,0,0,0,0,0,0,0,0,0,0,2023
216000,Handtaschenraub,7211000,Trier,insg.,0,0,0,0,0,0,0,0,0,0,0,0,0,0,0,0,0,0,0,0,0,0,0,0,0,0,0,2023
216000,Handtaschenraub,8421000,Ulm,vers.,0,0,0,0,0,0,0,0,0,0,0,0,0,0,0,0,0,0,0,0,0,0,0,0,0,0,0,2023
216000,Handtaschenraub,8421000,Ulm,voll.,3,2,1,0,0,0,0,0,0,0,0,0,0,0,0,0,0,0,2,1,1,1,1,0,3,2,1,2023
216000,Handtaschenraub,8421000,Ulm,insg.,3,2,1,0,0,0,0,0,0,0,0,0,0,0,0,0,0,0,2,1,1,1,1,0,3,2,1,2023
216000,Handtaschenraub,6414000,Wiesbaden,vers.,0,0,0,0,0,0,0,0,0,0,0,0,0,0,0,0,0,0,0,0,0,0,0,0,0,0,0,2023
216000,Handtaschenraub,6414000,Wiesbaden,voll.,1,0,1,0,0,0,0,0,0,0,0,0,0,0,0,0,0,0,1,0,1,0,0,0,1,0,1,2023
216000,Handtaschenraub,6414000,Wiesbaden,insg.,1,0,1,0,0,0,0,0,0,0,0,0,0,0,0,0,0,0,1,0,1,0,0,0,1,0,1,2023
216000,Handtaschenraub,3103000,Wolfsburg,vers.,1,0,1,0,0,0,0,0,0,0,0,0,0,0,0,1,0,1,0,0,0,0,0,0,0,0,0,2023
216000,Handtaschenraub,3103000,Wolfsburg,voll.,2,1,1,0,0,0,0,0,0,0,0,0,0,0,0,0,0,0,1,1,0,1,0,1,2,1,1,2023
216000,Handtaschenraub,3103000,Wolfsburg,insg.,3,1,2,0,0,0,0,0,0,0,0,0,0,0,0,1,0,1,1,1,0,1,0,1,2,1,1,2023
216000,Handtaschenraub,5124000,Wuppertal,vers.,5,0,5,0,0,0,0,0,0,0,0,0,0,0,0,0,0,0,5,0,5,0,0,0,5,0,5,2023
216000,Handtaschenraub,5124000,Wuppertal,voll.,8,2,6,0,0,0,0,0,0,0,0,0,0,0,0,2,0,2,5,2,3,1,0,1,6,2,4,2023
216000,Handtaschenraub,5124000,Wuppertal,insg.,13,2,11,0,0,0,0,0,0,0,0,0,0,0,0,2,0,2,10,2,8,1,0,1,11,2,9,2023
216000,Handtaschenraub,9663000,W rzburg,vers.,0,0,0,0,0,0,0,0,0,0,0,0,0,0,0,0,0,0,0,0,0,0,0,0,0,0,0,2023
216000,Handtaschenraub,9663000,W rzburg,voll.,0,0,0,0,0,0,0,0,0,0,0,0,0,0,0,0,0,0,0,0,0,0,0,0,0,0,0,2023
216000,Handtaschenraub,9663000,W rzburg,insg.,0,0,0,0,0,0,0,0,0,0,0,0,0,0,0,0,0,0,0,0,0,0,0,0,0,0,0,2023
217000,"Sonstige Raub berf lle auf Stra en, Wegen oder Pl tzen",5334002,Aachen,vers.,32,24,8,0,0,0,0,0,0,0,0,0,0,0,0,3,3,0,25,20,5,4,1,3,29,21,8,2023
217000,"Sonstige Raub berf lle auf Stra en, Wegen oder Pl tzen",5334002,Aachen,voll.,111,95,16,0,0,0,2,2,0,2,2,0,15,14,1,12,11,1,74,62,12,8,6,2,82,68,14,2023
217000,"Sonstige Raub berf lle auf Stra en, Wegen oder Pl tzen",5334002,Aachen,insg.,143,119,24,0,0,0,2,2,0,2,2,0,15,14,1,15,14,1,99,82,17,12,7,5,111,89,22,2023
217000,"Sonstige Raub berf lle auf Stra en, Wegen oder Pl tzen",9761000,Augsburg,vers.,11,5,6,0,0,0,3,2,1,3,2,1,1,1,0,2,2,0,2,0,2,3,0,3,5,0,5,2023
217000,"Sonstige Raub berf lle auf Stra en, Wegen oder Pl tzen",9761000,Augsburg,voll.,29,27,2,0,0,0,3,3,0,3,3,0,3,3,0,3,3,0,17,16,1,3,2,1,20,18,2,2023
217000,"Sonstige Raub berf lle auf Stra en, Wegen oder Pl tzen",9761000,Augsburg,insg.,40,32,8,0,0,0,6,5,1,6,5,1,4,4,0,5,5,0,19,16,3,6,2,4,25,18,7,2023
217000,"Sonstige Raub berf lle auf Stra en, Wegen oder Pl tzen",5378004,Bergisch Gladbach,vers.,5,5,0,0,0,0,0,0,0,0,0,0,5,5,0,0,0,0,0,0,0,0,0,0,0,0,0,2023
217000,"Sonstige Raub berf lle auf Stra en, Wegen oder Pl tzen",5378004,Bergisch Gladbach,voll.,25,23,2,0,0,0,6,6,0,6,6,0,6,6,0,1,1,0,7,6,1,5,4,1,12,10,2,2023
217000,"Sonstige Raub berf lle auf Stra en, Wegen oder Pl tzen",5378004,Bergisch Gladbach,insg.,30,28,2,0,0,0,6,6,0,6,6,0,11,11,0,1,1,0,7,6,1,5,4,1,12,10,2,2023
217000,"Sonstige Raub berf lle auf Stra en, Wegen oder Pl tzen",11000000,Berlin,vers.,743,646,97,0,0,0,128,119,9,128,119,9,192,173,19,65,53,12,317,273,44,41,28,13,358,301,57,2023
217000,"Sonstige Raub berf lle auf Stra en, Wegen oder Pl tzen",11000000,Berlin,voll.,2994,2621,373,1,0,1,256,235,21,257,235,22,767,737,30,351,322,29,1405,1225,180,214,102,112,1619,1327,292,2023
217000,"Sonstige Raub berf lle auf Stra en, Wegen oder Pl tzen",11000000,Berlin,insg.,3737,3267,470,1,0,1,384,354,30,385,354,31,959,910,49,416,375,41,1722,1498,224,255,130,125,1977,1628,349,2023
217000,"Sonstige Raub berf lle auf Stra en, Wegen oder Pl tzen",5711000,Bielefeld,vers.,20,18,2,0,0,0,3,3,0,3,3,0,4,4,0,3,2,1,7,6,1,3,3,0,10,9,1,2023
217000,"Sonstige Raub berf lle auf Stra en, Wegen oder Pl tzen",5711000,Bielefeld,voll.,96,85,11,0,0,0,7,3,4,7,3,4,14,14,0,16,15,1,55,50,5,4,3,1,59,53,6,2023
217000,"Sonstige Raub berf lle auf Stra en, Wegen oder Pl tzen",5711000,Bielefeld,insg.,116,103,13,0,0,0,10,6,4,10,6,4,18,18,0,19,17,2,62,56,6,7,6,1,69,62,7,2023
217000,"Sonstige Raub berf lle auf Stra en, Wegen oder Pl tzen",5911000,Bochum,vers.,37,35,2,0,0,0,3,3,0,3,3,0,15,15,0,8,7,1,9,8,1,2,2,0,11,10,1,2023
217000,"Sonstige Raub berf lle auf Stra en, Wegen oder Pl tzen",5911000,Bochum,voll.,127,112,15,0,0,0,20,19,1,20,19,1,35,33,2,12,11,1,47,44,3,13,5,8,60,49,11,2023
217000,"Sonstige Raub berf lle auf Stra en, Wegen oder Pl tzen",5911000,Bochum,insg.,164,147,17,0,0,0,23,22,1,23,22,1,50,48,2,20,18,2,56,52,4,15,7,8,71,59,12,2023
217000,"Sonstige Raub berf lle auf Stra en, Wegen oder Pl tzen",5314000,Bonn,vers.,40,34,6,0,0,0,3,3,0,3,3,0,9,8,1,2,2,0,23,19,4,3,2,1,26,21,5,2023
217000,"Sonstige Raub berf lle auf Stra en, Wegen oder Pl tzen",5314000,Bonn,voll.,147,124,23,1,0,1,11,7,4,12,7,5,27,24,3,23,22,1,79,66,13,6,5,1,85,71,14,2023
217000,"Sonstige Raub berf lle auf Stra en, Wegen oder Pl tzen",5314000,Bonn,insg.,187,158,29,1,0,1,14,10,4,15,10,5,36,32,4,25,24,1,102,85,17,9,7,2,111,92,19,2023
217000,"Sonstige Raub berf lle auf Stra en, Wegen oder Pl tzen",5512000,Bottrop,vers.,8,7,1,0,0,0,3,3,0,3,3,0,2,2,0,0,0,0,2,2,0,1,0,1,3,2,1,2023
217000,"Sonstige Raub berf lle auf Stra en, Wegen oder Pl tzen",5512000,Bottrop,voll.,30,26,4,0,0,0,6,5,1,6,5,1,11,11,0,3,3,0,10,7,3,0,0,0,10,7,3,2023
217000,"Sonstige Raub berf lle auf Stra en, Wegen oder Pl tzen",5512000,Bottrop,insg.,38,33,5,0,0,0,9,8,1,9,8,1,13,13,0,3,3,0,12,9,3,1,0,1,13,9,4,2023
217000,"Sonstige Raub berf lle auf Stra en, Wegen oder Pl tzen",3101000,Braunschweig,vers.,11,9,2,0,0,0,3,1,2,3,1,2,1,1,0,3,3,0,3,3,0,1,1,0,4,4,0,2023
217000,"Sonstige Raub berf lle auf Stra en, Wegen oder Pl tzen",3101000,Braunschweig,voll.,80,71,9,0,0,0,2,2,0,2,2,0,19,19,0,14,12,2,39,35,4,6,3,3,45,38,7,2023
217000,"Sonstige Raub berf lle auf Stra en, Wegen oder Pl tzen",3101000,Braunschweig,insg.,91,80,11,0,0,0,5,3,2,5,3,2,20,20,0,17,15,2,42,38,4,7,4,3,49,42,7,2023
217000,"Sonstige Raub berf lle auf Stra en, Wegen oder Pl tzen",4011000,Bremen,vers.,87,65,22,0,0,0,2,2,0,2,2,0,16,15,1,9,7,2,48,34,14,12,7,5,60,41,19,2023
217000,"Sonstige Raub berf lle auf Stra en, Wegen oder Pl tzen",4011000,Bremen,voll.,551,452,99,0,0,0,21,19,2,21,19,2,77,72,5,31,25,6,338,279,59,84,57,27,422,336,86,2023
217000,"Sonstige Raub berf lle auf Stra en, Wegen oder Pl tzen",4011000,Bremen,insg.,638,517,121,0,0,0,23,21,2,23,21,2,93,87,6,40,32,8,386,313,73,96,64,32,482,377,105,2023
217000,"Sonstige Raub berf lle auf Stra en, Wegen oder Pl tzen",4012000,Bremerhaven,vers.,13,8,5,0,0,0,1,1,0,1,1,0,1,0,1,0,0,0,8,6,2,3,1,2,11,7,4,2023
217000,"Sonstige Raub berf lle auf Stra en, Wegen oder Pl tzen",4012000,Bremerhaven,voll.,60,51,9,0,0,0,4,3,1,4,3,1,5,5,0,4,2,2,43,38,5,4,3,1,47,41,6,2023
217000,"Sonstige Raub berf lle auf Stra en, Wegen oder Pl tzen",4012000,Bremerhaven,insg.,73,59,14,0,0,0,5,4,1,5,4,1,6,5,1,4,2,2,51,44,7,7,4,3,58,48,10,2023
217000,"Sonstige Raub berf lle auf Stra en, Wegen oder Pl tzen",14511000,Chemnitz,vers.,38,34,4,0,0,0,9,9,0,9,9,0,9,9,0,1,1,0,15,13,2,4,2,2,19,15,4,2023
217000,"Sonstige Raub berf lle auf Stra en, Wegen oder Pl tzen",14511000,Chemnitz,voll.,99,93,6,0,0,0,12,12,0,12,12,0,18,17,1,9,9,0,53,51,2,7,4,3,60,55,5,2023
217000,"Sonstige Raub berf lle auf Stra en, Wegen oder Pl tzen",14511000,Chemnitz,insg.,137,127,10,0,0,0,21,21,0,21,21,0,27,26,1,10,10,0,68,64,4,11,6,5,79,70,9,2023
217000,"Sonstige Raub berf lle auf Stra en, Wegen oder Pl tzen",6411000,Darmstadt,vers.,10,7,3,0,0,0,0,0,0,0,0,0,3,3,0,1,1,0,5,2,3,1,1,0,6,3,3,2023
217000,"Sonstige Raub berf lle auf Stra en, Wegen oder Pl tzen",6411000,Darmstadt,voll.,43,36,7,0,0,0,3,2,1,3,2,1,6,5,1,8,8,0,23,20,3,3,1,2,26,21,5,2023
217000,"Sonstige Raub berf lle auf Stra en, Wegen oder Pl tzen",6411000,Darmstadt,insg.,53,43,10,0,0,0,3,2,1,3,2,1,9,8,1,9,9,0,28,22,6,4,2,2,32,24,8,2023
217000,"Sonstige Raub berf lle auf Stra en, Wegen oder Pl tzen",5913000,Dortmund,vers.,81,73,8,0,0,0,8,7,1,8,7,1,13,12,1,17,15,2,41,38,3,2,1,1,43,39,4,2023
217000,"Sonstige Raub berf lle auf Stra en, Wegen oder Pl tzen",5913000,Dortmund,voll.,365,320,45,0,0,0,21,18,3,21,18,3,57,52,5,25,24,1,234,207,27,28,19,9,262,226,36,2023
217000,"Sonstige Raub berf lle auf Stra en, Wegen oder Pl tzen",5913000,Dortmund,insg.,446,393,53,0,0,0,29,25,4,29,25,4,70,64,6,42,39,3,275,245,30,30,20,10,305,265,40,2023
217000,"Sonstige Raub berf lle auf Stra en, Wegen oder Pl tzen",14612000,Dresden,vers.,71,61,10,0,0,0,16,13,3,16,13,3,26,23,3,5,5,0,22,18,4,2,2,0,24,20,4,2023
217000,"Sonstige Raub berf lle auf Stra en, Wegen oder Pl tzen",14612000,Dresden,voll.,285,260,25,0,0,0,28,26,2,28,26,2,120,114,6,40,40,0,90,75,15,7,5,2,97,80,17,2023
217000,"Sonstige Raub berf lle auf Stra en, Wegen oder Pl tzen",14612000,Dresden,insg.,356,321,35,0,0,0,44,39,5,44,39,5,146,137,9,45,45,0,112,93,19,9,7,2,121,100,21,2023
217000,"Sonstige Raub berf lle auf Stra en, Wegen oder Pl tzen",5112000,Duisburg,vers.,56,47,9,0,0,0,17,15,2,17,15,2,9,8,1,3,3,0,22,18,4,5,3,2,27,21,6,2023
217000,"Sonstige Raub berf lle auf Stra en, Wegen oder Pl tzen",5112000,Duisburg,voll.,203,176,27,0,0,0,25,23,2,25,23,2,41,36,5,17,14,3,99,88,11,21,15,6,120,103,17,2023
217000,"Sonstige Raub berf lle auf Stra en, Wegen oder Pl tzen",5112000,Duisburg,insg.,259,223,36,0,0,0,42,38,4,42,38,4,50,44,6,20,17,3,121,106,15,26,18,8,147,124,23,2023
217000,"Sonstige Raub berf lle auf Stra en, Wegen oder Pl tzen",5111000,D sseldorf,vers.,94,81,13,0,0,0,7,7,0,7,7,0,23,22,1,14,11,3,43,37,6,7,4,3,50,41,9,2023
217000,"Sonstige Raub berf lle auf Stra en, Wegen oder Pl tzen",5111000,D sseldorf,voll.,337,289,48,0,0,0,21,18,3,21,18,3,75,68,7,38,34,4,182,158,24,21,11,10,203,169,34,2023
217000,"Sonstige Raub berf lle auf Stra en, Wegen oder Pl tzen",5111000,D sseldorf,insg.,431,370,61,0,0,0,28,25,3,28,25,3,98,90,8,52,45,7,225,195,30,28,15,13,253,210,43,2023
217000,"Sonstige Raub berf lle auf Stra en, Wegen oder Pl tzen",16051000,Erfurt,vers.,29,25,4,0,0,0,9,6,3,9,6,3,14,14,0,2,2,0,4,3,1,0,0,0,4,3,1,2023
217000,"Sonstige Raub berf lle auf Stra en, Wegen oder Pl tzen",16051000,Erfurt,voll.,88,78,10,0,0,0,16,13,3,16,13,3,36,32,4,9,9,0,25,23,2,2,1,1,27,24,3,2023
217000,"Sonstige Raub berf lle auf Stra en, Wegen oder Pl tzen",16051000,Erfurt,insg.,117,103,14,0,0,0,25,19,6,25,19,6,50,46,4,11,11,0,29,26,3,2,1,1,31,27,4,2023
217000,"Sonstige Raub berf lle auf Stra en, Wegen oder Pl tzen",9562000,Erlangen,vers.,2,1,1,0,0,0,0,0,0,0,0,0,0,0,0,1,1,0,1,0,1,0,0,0,1,0,1,2023
217000,"Sonstige Raub berf lle auf Stra en, Wegen oder Pl tzen",9562000,Erlangen,voll.,1,1,0,0,0,0,0,0,0,0,0,0,1,1,0,0,0,0,0,0,0,0,0,0,0,0,0,2023
217000,"Sonstige Raub berf lle auf Stra en, Wegen oder Pl tzen",9562000,Erlangen,insg.,3,2,1,0,0,0,0,0,0,0,0,0,1,1,0,1,1,0,1,0,1,0,0,0,1,0,1,2023
217000,"Sonstige Raub berf lle auf Stra en, Wegen oder Pl tzen",5113000,Essen,vers.,60,47,13,0,0,0,9,9,0,9,9,0,11,11,0,7,5,2,29,21,8,4,1,3,33,22,11,2023
217000,"Sonstige Raub berf lle auf Stra en, Wegen oder Pl tzen",5113000,Essen,voll.,232,196,36,0,0,0,16,14,2,16,14,2,40,37,3,23,20,3,133,115,18,20,10,10,153,125,28,2023
217000,"Sonstige Raub berf lle auf Stra en, Wegen oder Pl tzen",5113000,Essen,insg.,292,243,49,0,0,0,25,23,2,25,23,2,51,48,3,30,25,5,162,136,26,24,11,13,186,147,39,2023
217000,"Sonstige Raub berf lle auf Stra en, Wegen oder Pl tzen",6412000,Frankfurt am Main,vers.,114,90,24,0,0,0,5,4,1,5,4,1,19,17,2,11,9,2,70,54,16,9,6,3,79,60,19,2023
217000,"Sonstige Raub berf lle auf Stra en, Wegen oder Pl tzen",6412000,Frankfurt am Main,voll.,656,594,62,0,0,0,18,16,2,18,16,2,40,35,5,62,56,6,494,450,44,42,37,5,536,487,49,2023
217000,"Sonstige Raub berf lle auf Stra en, Wegen oder Pl tzen",6412000,Frankfurt am Main,insg.,770,684,86,0,0,0,23,20,3,23,20,3,59,52,7,73,65,8,564,504,60,51,43,8,615,547,68,2023
217000,"Sonstige Raub berf lle auf Stra en, Wegen oder Pl tzen",8311000,Freiburg im Breisgau,vers.,18,14,4,0,0,0,2,2,0,2,2,0,3,3,0,0,0,0,12,8,4,1,1,0,13,9,4,2023
217000,"Sonstige Raub berf lle auf Stra en, Wegen oder Pl tzen",8311000,Freiburg im Breisgau,voll.,77,68,9,0,0,0,1,0,1,1,0,1,8,7,1,13,12,1,50,45,5,5,4,1,55,49,6,2023
217000,"Sonstige Raub berf lle auf Stra en, Wegen oder Pl tzen",8311000,Freiburg im Breisgau,insg.,95,82,13,0,0,0,3,2,1,3,2,1,11,10,1,13,12,1,62,53,9,6,5,1,68,58,10,2023
217000,"Sonstige Raub berf lle auf Stra en, Wegen oder Pl tzen",9563000,F rth,vers.,0,0,0,0,0,0,0,0,0,0,0,0,0,0,0,0,0,0,0,0,0,0,0,0,0,0,0,2023
217000,"Sonstige Raub berf lle auf Stra en, Wegen oder Pl tzen",9563000,F rth,voll.,2,1,1,0,0,0,0,0,0,0,0,0,0,0,0,1,1,0,1,0,1,0,0,0,1,0,1,2023
217000,"Sonstige Raub berf lle auf Stra en, Wegen oder Pl tzen",9563000,F rth,insg.,2,1,1,0,0,0,0,0,0,0,0,0,0,0,0,1,1,0,1,0,1,0,0,0,1,0,1,2023
217000,"Sonstige Raub berf lle auf Stra en, Wegen oder Pl tzen",5513000,Gelsenkirchen,vers.,70,65,5,0,0,0,29,28,1,29,28,1,23,21,2,3,3,0,15,13,2,0,0,0,15,13,2,2023
217000,"Sonstige Raub berf lle auf Stra en, Wegen oder Pl tzen",5513000,Gelsenkirchen,voll.,169,153,16,1,1,0,44,44,0,45,45,0,54,50,4,14,12,2,46,39,7,10,7,3,56,46,10,2023
217000,"Sonstige Raub berf lle auf Stra en, Wegen oder Pl tzen",5513000,Gelsenkirchen,insg.,239,218,21,1,1,0,73,72,1,74,73,1,77,71,6,17,15,2,61,52,9,10,7,3,71,59,12,2023
217000,"Sonstige Raub berf lle auf Stra en, Wegen oder Pl tzen",3159016,G ttingen,vers.,13,9,4,0,0,0,3,2,1,3,2,1,1,1,0,0,0,0,9,6,3,0,0,0,9,6,3,2023
217000,"Sonstige Raub berf lle auf Stra en, Wegen oder Pl tzen",3159016,G ttingen,voll.,21,20,1,0,0,0,1,1,0,1,1,0,3,2,1,7,7,0,8,8,0,2,2,0,10,10,0,2023
217000,"Sonstige Raub berf lle auf Stra en, Wegen oder Pl tzen",3159016,G ttingen,insg.,34,29,5,0,0,0,4,3,1,4,3,1,4,3,1,7,7,0,17,14,3,2,2,0,19,16,3,2023
217000,"Sonstige Raub berf lle auf Stra en, Wegen oder Pl tzen",5754008,G tersloh,vers.,5,3,2,0,0,0,0,0,0,0,0,0,1,1,0,0,0,0,3,2,1,1,0,1,4,2,2,2023
217000,"Sonstige Raub berf lle auf Stra en, Wegen oder Pl tzen",5754008,G tersloh,voll.,27,22,5,0,0,0,1,1,0,1,1,0,3,2,1,4,4,0,15,12,3,4,3,1,19,15,4,2023
217000,"Sonstige Raub berf lle auf Stra en, Wegen oder Pl tzen",5754008,G tersloh,insg.,32,25,7,0,0,0,1,1,0,1,1,0,4,3,1,4,4,0,18,14,4,5,3,2,23,17,6,2023
217000,"Sonstige Raub berf lle auf Stra en, Wegen oder Pl tzen",5914000,Hagen,vers.,20,17,3,0,0,0,3,3,0,3,3,0,4,4,0,4,2,2,8,7,1,1,1,0,9,8,1,2023
217000,"Sonstige Raub berf lle auf Stra en, Wegen oder Pl tzen",5914000,Hagen,voll.,51,44,7,0,0,0,6,4,2,6,4,2,15,14,1,3,2,1,23,21,2,4,3,1,27,24,3,2023
217000,"Sonstige Raub berf lle auf Stra en, Wegen oder Pl tzen",5914000,Hagen,insg.,71,61,10,0,0,0,9,7,2,9,7,2,19,18,1,7,4,3,31,28,3,5,4,1,36,32,4,2023
217000,"Sonstige Raub berf lle auf Stra en, Wegen oder Pl tzen",15002000,Halle (Saale),vers.,53,44,9,0,0,0,12,8,4,12,8,4,11,11,0,7,6,1,21,18,3,2,1,1,23,19,4,2023
217000,"Sonstige Raub berf lle auf Stra en, Wegen oder Pl tzen",15002000,Halle (Saale),voll.,136,120,16,0,0,0,25,20,5,25,20,5,51,47,4,16,15,1,40,34,6,4,4,0,44,38,6,2023
217000,"Sonstige Raub berf lle auf Stra en, Wegen oder Pl tzen",15002000,Halle (Saale),insg.,189,164,25,0,0,0,37,28,9,37,28,9,62,58,4,23,21,2,61,52,9,6,5,1,67,57,10,2023
217000,"Sonstige Raub berf lle auf Stra en, Wegen oder Pl tzen",2000000,Hamburg,vers.,260,222,38,0,0,0,26,24,2,26,24,2,37,34,3,25,22,3,154,134,20,18,8,10,172,142,30,2023
217000,"Sonstige Raub berf lle auf Stra en, Wegen oder Pl tzen",2000000,Hamburg,voll.,1003,881,122,1,0,1,48,43,5,49,43,6,122,118,4,92,86,6,671,590,81,69,44,25,740,634,106,2023
217000,"Sonstige Raub berf lle auf Stra en, Wegen oder Pl tzen",2000000,Hamburg,insg.,1263,1103,160,1,0,1,74,67,7,75,67,8,159,152,7,117,108,9,825,724,101,87,52,35,912,776,136,2023
217000,"Sonstige Raub berf lle auf Stra en, Wegen oder Pl tzen",5915000,Hamm,vers.,19,17,2,0,0,0,4,4,0,4,4,0,2,2,0,3,3,0,9,8,1,1,0,1,10,8,2,2023
217000,"Sonstige Raub berf lle auf Stra en, Wegen oder Pl tzen",5915000,Hamm,voll.,68,60,8,0,0,0,10,9,1,10,9,1,19,19,0,7,6,1,27,23,4,5,3,2,32,26,6,2023
217000,"Sonstige Raub berf lle auf Stra en, Wegen oder Pl tzen",5915000,Hamm,insg.,87,77,10,0,0,0,14,13,1,14,13,1,21,21,0,10,9,1,36,31,5,6,3,3,42,34,8,2023
217000,"Sonstige Raub berf lle auf Stra en, Wegen oder Pl tzen",6435014,Hanau,vers.,6,5,1,0,0,0,1,1,0,1,1,0,0,0,0,1,1,0,4,3,1,0,0,0,4,3,1,2023
217000,"Sonstige Raub berf lle auf Stra en, Wegen oder Pl tzen",6435014,Hanau,voll.,16,14,2,0,0,0,0,0,0,0,0,0,1,1,0,2,2,0,12,10,2,1,1,0,13,11,2,2023
217000,"Sonstige Raub berf lle auf Stra en, Wegen oder Pl tzen",6435014,Hanau,insg.,22,19,3,0,0,0,1,1,0,1,1,0,1,1,0,3,3,0,16,13,3,1,1,0,17,14,3,2023
217000,"Sonstige Raub berf lle auf Stra en, Wegen oder Pl tzen",3241001,Hannover,vers.,85,76,9,0,0,0,8,7,1,8,7,1,16,16,0,8,6,2,47,42,5,6,5,1,53,47,6,2023
217000,"Sonstige Raub berf lle auf Stra en, Wegen oder Pl tzen",3241001,Hannover,voll.,474,426,48,0,0,0,12,11,1,12,11,1,80,75,5,43,37,6,310,286,24,29,17,12,339,303,36,2023
217000,"Sonstige Raub berf lle auf Stra en, Wegen oder Pl tzen",3241001,Hannover,insg.,559,502,57,0,0,0,20,18,2,20,18,2,96,91,5,51,43,8,357,328,29,35,22,13,392,350,42,2023
217000,"Sonstige Raub berf lle auf Stra en, Wegen oder Pl tzen",8221000,Heidelberg,vers.,8,6,2,0,0,0,1,0,1,1,0,1,5,4,1,1,1,0,1,1,0,0,0,0,1,1,0,2023
217000,"Sonstige Raub berf lle auf Stra en, Wegen oder Pl tzen",8221000,Heidelberg,voll.,25,23,2,0,0,0,0,0,0,0,0,0,7,7,0,4,4,0,14,12,2,0,0,0,14,12,2,2023
217000,"Sonstige Raub berf lle auf Stra en, Wegen oder Pl tzen",8221000,Heidelberg,insg.,33,29,4,0,0,0,1,0,1,1,0,1,12,11,1,5,5,0,15,13,2,0,0,0,15,13,2,2023
217000,"Sonstige Raub berf lle auf Stra en, Wegen oder Pl tzen",8121000,Heilbronn,vers.,3,3,0,0,0,0,0,0,0,0,0,0,1,1,0,0,0,0,2,2,0,0,0,0,2,2,0,2023
217000,"Sonstige Raub berf lle auf Stra en, Wegen oder Pl tzen",8121000,Heilbronn,voll.,16,12,4,0,0,0,1,1,0,1,1,0,6,5,1,1,0,1,8,6,2,0,0,0,8,6,2,2023
217000,"Sonstige Raub berf lle auf Stra en, Wegen oder Pl tzen",8121000,Heilbronn,insg.,19,15,4,0,0,0,1,1,0,1,1,0,7,6,1,1,0,1,10,8,2,0,0,0,10,8,2,2023
217000,"Sonstige Raub berf lle auf Stra en, Wegen oder Pl tzen",5916000,Herne,vers.,8,8,0,0,0,0,0,0,0,0,0,0,2,2,0,1,1,0,5,5,0,0,0,0,5,5,0,2023
217000,"Sonstige Raub berf lle auf Stra en, Wegen oder Pl tzen",5916000,Herne,voll.,44,34,10,0,0,0,13,11,2,13,11,2,9,9,0,3,2,1,17,12,5,2,0,2,19,12,7,2023
217000,"Sonstige Raub berf lle auf Stra en, Wegen oder Pl tzen",5916000,Herne,insg.,52,42,10,0,0,0,13,11,2,13,11,2,11,11,0,4,3,1,22,17,5,2,0,2,24,17,7,2023
217000,"Sonstige Raub berf lle auf Stra en, Wegen oder Pl tzen",3254021,Hildesheim,vers.,9,9,0,0,0,0,0,0,0,0,0,0,8,8,0,1,1,0,0,0,0,0,0,0,0,0,0,2023
217000,"Sonstige Raub berf lle auf Stra en, Wegen oder Pl tzen",3254021,Hildesheim,voll.,20,20,0,0,0,0,0,0,0,0,0,0,10,10,0,1,1,0,8,8,0,1,1,0,9,9,0,2023
217000,"Sonstige Raub berf lle auf Stra en, Wegen oder Pl tzen",3254021,Hildesheim,insg.,29,29,0,0,0,0,0,0,0,0,0,0,18,18,0,2,2,0,8,8,0,1,1,0,9,9,0,2023
217000,"Sonstige Raub berf lle auf Stra en, Wegen oder Pl tzen",9161000,Ingolstadt,vers.,1,1,0,0,0,0,0,0,0,0,0,0,0,0,0,0,0,0,1,1,0,0,0,0,1,1,0,2023
217000,"Sonstige Raub berf lle auf Stra en, Wegen oder Pl tzen",9161000,Ingolstadt,voll.,5,5,0,0,0,0,1,1,0,1,1,0,0,0,0,2,2,0,2,2,0,0,0,0,2,2,0,2023
217000,"Sonstige Raub berf lle auf Stra en, Wegen oder Pl tzen",9161000,Ingolstadt,insg.,6,6,0,0,0,0,1,1,0,1,1,0,0,0,0,2,2,0,3,3,0,0,0,0,3,3,0,2023
217000,"Sonstige Raub berf lle auf Stra en, Wegen oder Pl tzen",16053000,Jena,vers.,2,1,1,0,0,0,1,1,0,1,1,0,0,0,0,0,0,0,1,0,1,0,0,0,1,0,1,2023
217000,"Sonstige Raub berf lle auf Stra en, Wegen oder Pl tzen",16053000,Jena,voll.,8,8,0,0,0,0,2,2,0,2,2,0,2,2,0,1,1,0,3,3,0,0,0,0,3,3,0,2023
217000,"Sonstige Raub berf lle auf Stra en, Wegen oder Pl tzen",16053000,Jena,insg.,10,9,1,0,0,0,3,3,0,3,3,0,2,2,0,1,1,0,4,3,1,0,0,0,4,3,1,2023
217000,"Sonstige Raub berf lle auf Stra en, Wegen oder Pl tzen",7312000,Kaiserslautern,vers.,16,14,2,0,0,0,1,1,0,1,1,0,2,2,0,6,6,0,6,4,2,1,1,0,7,5,2,2023
217000,"Sonstige Raub berf lle auf Stra en, Wegen oder Pl tzen",7312000,Kaiserslautern,voll.,52,46,6,0,0,0,2,2,0,2,2,0,7,7,0,9,8,1,32,28,4,2,1,1,34,29,5,2023
217000,"Sonstige Raub berf lle auf Stra en, Wegen oder Pl tzen",7312000,Kaiserslautern,insg.,68,60,8,0,0,0,3,3,0,3,3,0,9,9,0,15,14,1,38,32,6,3,2,1,41,34,7,2023
217000,"Sonstige Raub berf lle auf Stra en, Wegen oder Pl tzen",8212000,Karlsruhe,vers.,29,24,5,0,0,0,2,2,0,2,2,0,5,3,2,8,6,2,12,11,1,2,2,0,14,13,1,2023
217000,"Sonstige Raub berf lle auf Stra en, Wegen oder Pl tzen",8212000,Karlsruhe,voll.,100,87,13,0,0,0,10,10,0,10,10,0,20,18,2,16,14,2,49,43,6,5,2,3,54,45,9,2023
217000,"Sonstige Raub berf lle auf Stra en, Wegen oder Pl tzen",8212000,Karlsruhe,insg.,129,111,18,0,0,0,12,12,0,12,12,0,25,21,4,24,20,4,61,54,7,7,4,3,68,58,10,2023
217000,"Sonstige Raub berf lle auf Stra en, Wegen oder Pl tzen",6611000,Kassel,vers.,14,8,6,0,0,0,2,1,1,2,1,1,2,2,0,1,1,0,9,4,5,0,0,0,9,4,5,2023
217000,"Sonstige Raub berf lle auf Stra en, Wegen oder Pl tzen",6611000,Kassel,voll.,71,66,5,0,0,0,2,2,0,2,2,0,4,4,0,8,8,0,54,49,5,3,3,0,57,52,5,2023
217000,"Sonstige Raub berf lle auf Stra en, Wegen oder Pl tzen",6611000,Kassel,insg.,85,74,11,0,0,0,4,3,1,4,3,1,6,6,0,9,9,0,63,53,10,3,3,0,66,56,10,2023
217000,"Sonstige Raub berf lle auf Stra en, Wegen oder Pl tzen",1002000,Kiel,vers.,22,18,4,0,0,0,0,0,0,0,0,0,7,7,0,3,2,1,11,8,3,1,1,0,12,9,3,2023
217000,"Sonstige Raub berf lle auf Stra en, Wegen oder Pl tzen",1002000,Kiel,voll.,120,108,12,0,0,0,6,5,1,6,5,1,30,29,1,19,17,2,60,53,7,5,4,1,65,57,8,2023
217000,"Sonstige Raub berf lle auf Stra en, Wegen oder Pl tzen",1002000,Kiel,insg.,142,126,16,0,0,0,6,5,1,6,5,1,37,36,1,22,19,3,71,61,10,6,5,1,77,66,11,2023
217000,"Sonstige Raub berf lle auf Stra en, Wegen oder Pl tzen",7111000,Koblenz,vers.,12,10,2,0,0,0,1,1,0,1,1,0,3,3,0,0,0,0,6,5,1,2,1,1,8,6,2,2023
217000,"Sonstige Raub berf lle auf Stra en, Wegen oder Pl tzen",7111000,Koblenz,voll.,51,51,0,0,0,0,2,2,0,2,2,0,24,24,0,10,10,0,13,13,0,2,2,0,15,15,0,2023
217000,"Sonstige Raub berf lle auf Stra en, Wegen oder Pl tzen",7111000,Koblenz,insg.,63,61,2,0,0,0,3,3,0,3,3,0,27,27,0,10,10,0,19,18,1,4,3,1,23,21,2,2023
217000,"Sonstige Raub berf lle auf Stra en, Wegen oder Pl tzen",5315000,K ln,vers.,192,153,39,0,0,0,35,31,4,35,31,4,30,26,4,18,13,5,94,72,22,15,11,4,109,83,26,2023
217000,"Sonstige Raub berf lle auf Stra en, Wegen oder Pl tzen",5315000,K ln,voll.,630,536,94,0,0,0,49,42,7,49,42,7,107,97,10,67,54,13,357,310,47,50,33,17,407,343,64,2023
217000,"Sonstige Raub berf lle auf Stra en, Wegen oder Pl tzen",5315000,K ln,insg.,822,689,133,0,0,0,84,73,11,84,73,11,137,123,14,85,67,18,451,382,69,65,44,21,516,426,90,2023
217000,"Sonstige Raub berf lle auf Stra en, Wegen oder Pl tzen",5114000,Krefeld,vers.,35,29,6,0,0,0,5,5,0,5,5,0,11,11,0,1,1,0,16,10,6,2,2,0,18,12,6,2023
217000,"Sonstige Raub berf lle auf Stra en, Wegen oder Pl tzen",5114000,Krefeld,voll.,106,101,5,0,0,0,11,11,0,11,11,0,26,26,0,11,11,0,51,48,3,7,5,2,58,53,5,2023
217000,"Sonstige Raub berf lle auf Stra en, Wegen oder Pl tzen",5114000,Krefeld,insg.,141,130,11,0,0,0,16,16,0,16,16,0,37,37,0,12,12,0,67,58,9,9,7,2,76,65,11,2023
217000,"Sonstige Raub berf lle auf Stra en, Wegen oder Pl tzen",14713000,Leipzig,vers.,82,72,10,0,0,0,16,16,0,16,16,0,18,16,2,11,9,2,34,29,5,3,2,1,37,31,6,2023
217000,"Sonstige Raub berf lle auf Stra en, Wegen oder Pl tzen",14713000,Leipzig,voll.,215,197,18,0,0,0,25,24,1,25,24,1,52,47,5,31,30,1,101,91,10,6,5,1,107,96,11,2023
217000,"Sonstige Raub berf lle auf Stra en, Wegen oder Pl tzen",14713000,Leipzig,insg.,297,269,28,0,0,0,41,40,1,41,40,1,70,63,7,42,39,3,135,120,15,9,7,2,144,127,17,2023
217000,"Sonstige Raub berf lle auf Stra en, Wegen oder Pl tzen",5316000,Leverkusen,vers.,16,15,1,0,0,0,6,6,0,6,6,0,3,3,0,1,1,0,5,4,1,1,1,0,6,5,1,2023
217000,"Sonstige Raub berf lle auf Stra en, Wegen oder Pl tzen",5316000,Leverkusen,voll.,40,35,5,0,0,0,6,6,0,6,6,0,9,8,1,7,7,0,16,12,4,2,2,0,18,14,4,2023
217000,"Sonstige Raub berf lle auf Stra en, Wegen oder Pl tzen",5316000,Leverkusen,insg.,56,50,6,0,0,0,12,12,0,12,12,0,12,11,1,8,8,0,21,16,5,3,3,0,24,19,5,2023
217000,"Sonstige Raub berf lle auf Stra en, Wegen oder Pl tzen",1003000,L beck,vers.,18,11,7,0,0,0,5,4,1,5,4,1,3,2,1,1,1,0,6,3,3,3,1,2,9,4,5,2023
217000,"Sonstige Raub berf lle auf Stra en, Wegen oder Pl tzen",1003000,L beck,voll.,66,57,9,0,0,0,3,2,1,3,2,1,11,10,1,5,5,0,45,39,6,2,1,1,47,40,7,2023
217000,"Sonstige Raub berf lle auf Stra en, Wegen oder Pl tzen",1003000,L beck,insg.,84,68,16,0,0,0,8,6,2,8,6,2,14,12,2,6,6,0,51,42,9,5,2,3,56,44,12,2023
217000,"Sonstige Raub berf lle auf Stra en, Wegen oder Pl tzen",7314000,Ludwigshafen am Rhein,vers.,25,24,1,0,0,0,9,9,0,9,9,0,6,6,0,2,2,0,8,7,1,0,0,0,8,7,1,2023
217000,"Sonstige Raub berf lle auf Stra en, Wegen oder Pl tzen",7314000,Ludwigshafen am Rhein,voll.,63,50,13,0,0,0,12,10,2,12,10,2,15,15,0,1,1,0,26,20,6,9,4,5,35,24,11,2023
217000,"Sonstige Raub berf lle auf Stra en, Wegen oder Pl tzen",7314000,Ludwigshafen am Rhein,insg.,88,74,14,0,0,0,21,19,2,21,19,2,21,21,0,3,3,0,34,27,7,9,4,5,43,31,12,2023
217000,"Sonstige Raub berf lle auf Stra en, Wegen oder Pl tzen",15003000,Magdeburg,vers.,47,41,6,0,0,0,4,4,0,4,4,0,11,9,2,6,5,1,24,21,3,2,2,0,26,23,3,2023
217000,"Sonstige Raub berf lle auf Stra en, Wegen oder Pl tzen",15003000,Magdeburg,voll.,113,99,14,0,0,0,6,5,1,6,5,1,26,23,3,18,16,2,58,51,7,5,4,1,63,55,8,2023
217000,"Sonstige Raub berf lle auf Stra en, Wegen oder Pl tzen",15003000,Magdeburg,insg.,160,140,20,0,0,0,10,9,1,10,9,1,37,32,5,24,21,3,82,72,10,7,6,1,89,78,11,2023
217000,"Sonstige Raub berf lle auf Stra en, Wegen oder Pl tzen",7315000,Mainz,vers.,17,13,4,0,0,0,1,1,0,1,1,0,3,1,2,2,2,0,9,7,2,2,2,0,11,9,2,2023
217000,"Sonstige Raub berf lle auf Stra en, Wegen oder Pl tzen",7315000,Mainz,voll.,48,41,7,0,0,0,2,1,1,2,1,1,13,9,4,8,8,0,24,23,1,1,0,1,25,23,2,2023
217000,"Sonstige Raub berf lle auf Stra en, Wegen oder Pl tzen",7315000,Mainz,insg.,65,54,11,0,0,0,3,2,1,3,2,1,16,10,6,10,10,0,33,30,3,3,2,1,36,32,4,2023
217000,"Sonstige Raub berf lle auf Stra en, Wegen oder Pl tzen",8222000,Mannheim,vers.,23,20,3,0,0,0,0,0,0,0,0,0,0,0,0,6,5,1,15,14,1,2,1,1,17,15,2,2023
217000,"Sonstige Raub berf lle auf Stra en, Wegen oder Pl tzen",8222000,Mannheim,voll.,133,121,12,0,0,0,6,5,1,6,5,1,30,30,0,15,12,3,62,59,3,20,15,5,82,74,8,2023
217000,"Sonstige Raub berf lle auf Stra en, Wegen oder Pl tzen",8222000,Mannheim,insg.,156,141,15,0,0,0,6,5,1,6,5,1,30,30,0,21,17,4,77,73,4,22,16,6,99,89,10,2023
217000,"Sonstige Raub berf lle auf Stra en, Wegen oder Pl tzen",5170024,Moers,vers.,7,6,1,0,0,0,3,2,1,3,2,1,1,1,0,2,2,0,0,0,0,1,1,0,1,1,0,2023
217000,"Sonstige Raub berf lle auf Stra en, Wegen oder Pl tzen",5170024,Moers,voll.,18,17,1,0,0,0,1,1,0,1,1,0,10,9,1,0,0,0,6,6,0,1,1,0,7,7,0,2023
217000,"Sonstige Raub berf lle auf Stra en, Wegen oder Pl tzen",5170024,Moers,insg.,25,23,2,0,0,0,4,3,1,4,3,1,11,10,1,2,2,0,6,6,0,2,2,0,8,8,0,2023
217000,"Sonstige Raub berf lle auf Stra en, Wegen oder Pl tzen",5116000,M nchengladbach,vers.,46,41,5,0,0,0,5,4,1,5,4,1,9,8,1,7,6,1,24,22,2,1,1,0,25,23,2,2023
217000,"Sonstige Raub berf lle auf Stra en, Wegen oder Pl tzen",5116000,M nchengladbach,voll.,124,105,19,0,0,0,17,14,3,17,14,3,28,28,0,10,10,0,56,46,10,13,7,6,69,53,16,2023
217000,"Sonstige Raub berf lle auf Stra en, Wegen oder Pl tzen",5116000,M nchengladbach,insg.,170,146,24,0,0,0,22,18,4,22,18,4,37,36,1,17,16,1,80,68,12,14,8,6,94,76,18,2023
217000,"Sonstige Raub berf lle auf Stra en, Wegen oder Pl tzen",5117000,M lheim an der Ruhr,vers.,13,11,2,0,0,0,4,3,1,4,3,1,1,0,1,2,2,0,6,6,0,0,0,0,6,6,0,2023
217000,"Sonstige Raub berf lle auf Stra en, Wegen oder Pl tzen",5117000,M lheim an der Ruhr,voll.,33,26,7,0,0,0,6,6,0,6,6,0,8,7,1,2,1,1,11,9,2,6,3,3,17,12,5,2023
217000,"Sonstige Raub berf lle auf Stra en, Wegen oder Pl tzen",5117000,M lheim an der Ruhr,insg.,46,37,9,0,0,0,10,9,1,10,9,1,9,7,2,4,3,1,17,15,2,6,3,3,23,18,5,2023
217000,"Sonstige Raub berf lle auf Stra en, Wegen oder Pl tzen",9162000,M nchen,vers.,76,66,10,0,0,0,6,5,1,6,5,1,19,17,2,12,11,1,34,28,6,5,5,0,39,33,6,2023
217000,"Sonstige Raub berf lle auf Stra en, Wegen oder Pl tzen",9162000,M nchen,voll.,243,214,29,0,0,0,30,25,5,30,25,5,68,65,3,24,22,2,111,96,15,10,6,4,121,102,19,2023
217000,"Sonstige Raub berf lle auf Stra en, Wegen oder Pl tzen",9162000,M nchen,insg.,319,280,39,0,0,0,36,30,6,36,30,6,87,82,5,36,33,3,145,124,21,15,11,4,160,135,25,2023
217000,"Sonstige Raub berf lle auf Stra en, Wegen oder Pl tzen",5515000,M nster,vers.,20,17,3,0,0,0,1,1,0,1,1,0,5,5,0,1,1,0,10,9,1,3,1,2,13,10,3,2023
217000,"Sonstige Raub berf lle auf Stra en, Wegen oder Pl tzen",5515000,M nster,voll.,147,115,32,0,0,0,4,4,0,4,4,0,29,21,8,17,14,3,90,72,18,7,4,3,97,76,21,2023
217000,"Sonstige Raub berf lle auf Stra en, Wegen oder Pl tzen",5515000,M nster,insg.,167,132,35,0,0,0,5,5,0,5,5,0,34,26,8,18,15,3,100,81,19,10,5,5,110,86,24,2023
217000,"Sonstige Raub berf lle auf Stra en, Wegen oder Pl tzen",5162024,Neuss,vers.,7,6,1,0,0,0,1,1,0,1,1,0,1,1,0,0,0,0,5,4,1,0,0,0,5,4,1,2023
217000,"Sonstige Raub berf lle auf Stra en, Wegen oder Pl tzen",5162024,Neuss,voll.,31,29,2,1,1,0,0,0,0,1,1,0,8,8,0,6,6,0,14,13,1,2,1,1,16,14,2,2023
217000,"Sonstige Raub berf lle auf Stra en, Wegen oder Pl tzen",5162024,Neuss,insg.,38,35,3,1,1,0,1,1,0,2,2,0,9,9,0,6,6,0,19,17,2,2,1,1,21,18,3,2023
217000,"Sonstige Raub berf lle auf Stra en, Wegen oder Pl tzen",9564000,N rnberg,vers.,16,15,1,0,0,0,5,4,1,5,4,1,1,1,0,2,2,0,8,8,0,0,0,0,8,8,0,2023
217000,"Sonstige Raub berf lle auf Stra en, Wegen oder Pl tzen",9564000,N rnberg,voll.,58,49,9,0,0,0,2,2,0,2,2,0,9,8,1,6,4,2,37,32,5,4,3,1,41,35,6,2023
217000,"Sonstige Raub berf lle auf Stra en, Wegen oder Pl tzen",9564000,N rnberg,insg.,74,64,10,0,0,0,7,6,1,7,6,1,10,9,1,8,6,2,45,40,5,4,3,1,49,43,6,2023
217000,"Sonstige Raub berf lle auf Stra en, Wegen oder Pl tzen",5119000,Oberhausen,vers.,34,25,9,0,0,0,11,9,2,11,9,2,10,8,2,0,0,0,12,8,4,1,0,1,13,8,5,2023
217000,"Sonstige Raub berf lle auf Stra en, Wegen oder Pl tzen",5119000,Oberhausen,voll.,89,83,6,0,0,0,19,19,0,19,19,0,38,37,1,5,5,0,22,20,2,5,2,3,27,22,5,2023
217000,"Sonstige Raub berf lle auf Stra en, Wegen oder Pl tzen",5119000,Oberhausen,insg.,123,108,15,0,0,0,30,28,2,30,28,2,48,45,3,5,5,0,34,28,6,6,2,4,40,30,10,2023
217000,"Sonstige Raub berf lle auf Stra en, Wegen oder Pl tzen",6413000,Offenbach am Main,vers.,12,10,2,0,0,0,3,3,0,3,3,0,4,4,0,0,0,0,4,3,1,1,0,1,5,3,2,2023
217000,"Sonstige Raub berf lle auf Stra en, Wegen oder Pl tzen",6413000,Offenbach am Main,voll.,39,34,5,0,0,0,0,0,0,0,0,0,5,5,0,5,4,1,21,20,1,8,5,3,29,25,4,2023
217000,"Sonstige Raub berf lle auf Stra en, Wegen oder Pl tzen",6413000,Offenbach am Main,insg.,51,44,7,0,0,0,3,3,0,3,3,0,9,9,0,5,4,1,25,23,2,9,5,4,34,28,6,2023
217000,"Sonstige Raub berf lle auf Stra en, Wegen oder Pl tzen",3403000,Oldenburg (Oldenburg),vers.,10,9,1,0,0,0,0,0,0,0,0,0,0,0,0,0,0,0,9,9,0,1,0,1,10,9,1,2023
217000,"Sonstige Raub berf lle auf Stra en, Wegen oder Pl tzen",3403000,Oldenburg (Oldenburg),voll.,39,35,4,0,0,0,1,1,0,1,1,0,13,13,0,2,1,1,20,17,3,3,3,0,23,20,3,2023
217000,"Sonstige Raub berf lle auf Stra en, Wegen oder Pl tzen",3403000,Oldenburg (Oldenburg),insg.,49,44,5,0,0,0,1,1,0,1,1,0,13,13,0,2,1,1,29,26,3,4,3,1,33,29,4,2023
217000,"Sonstige Raub berf lle auf Stra en, Wegen oder Pl tzen",3404000,Osnabr ck,vers.,16,12,4,0,0,0,1,0,1,1,0,1,3,1,2,2,1,1,9,9,0,1,1,0,10,10,0,2023
217000,"Sonstige Raub berf lle auf Stra en, Wegen oder Pl tzen",3404000,Osnabr ck,voll.,50,45,5,0,0,0,5,3,2,5,3,2,11,11,0,9,8,1,24,22,2,1,1,0,25,23,2,2023
217000,"Sonstige Raub berf lle auf Stra en, Wegen oder Pl tzen",3404000,Osnabr ck,insg.,66,57,9,0,0,0,6,3,3,6,3,3,14,12,2,11,9,2,33,31,2,2,2,0,35,33,2,2023
217000,"Sonstige Raub berf lle auf Stra en, Wegen oder Pl tzen",5774032,Paderborn,vers.,10,8,2,0,0,0,0,0,0,0,0,0,2,0,2,2,2,0,6,6,0,0,0,0,6,6,0,2023
217000,"Sonstige Raub berf lle auf Stra en, Wegen oder Pl tzen",5774032,Paderborn,voll.,51,46,5,0,0,0,0,0,0,0,0,0,7,7,0,8,7,1,34,30,4,2,2,0,36,32,4,2023
217000,"Sonstige Raub berf lle auf Stra en, Wegen oder Pl tzen",5774032,Paderborn,insg.,61,54,7,0,0,0,0,0,0,0,0,0,9,7,2,10,9,1,40,36,4,2,2,0,42,38,4,2023
217000,"Sonstige Raub berf lle auf Stra en, Wegen oder Pl tzen",8231000,Pforzheim,vers.,9,7,2,0,0,0,0,0,0,0,0,0,0,0,0,0,0,0,8,6,2,1,1,0,9,7,2,2023
217000,"Sonstige Raub berf lle auf Stra en, Wegen oder Pl tzen",8231000,Pforzheim,voll.,33,30,3,0,0,0,3,3,0,3,3,0,7,7,0,3,2,1,19,17,2,1,1,0,20,18,2,2023
217000,"Sonstige Raub berf lle auf Stra en, Wegen oder Pl tzen",8231000,Pforzheim,insg.,42,37,5,0,0,0,3,3,0,3,3,0,7,7,0,3,2,1,27,23,4,2,2,0,29,25,4,2023
217000,"Sonstige Raub berf lle auf Stra en, Wegen oder Pl tzen",12054000,Potsdam,vers.,12,9,3,0,0,0,2,2,0,2,2,0,1,1,0,1,1,0,5,4,1,3,1,2,8,5,3,2023
217000,"Sonstige Raub berf lle auf Stra en, Wegen oder Pl tzen",12054000,Potsdam,voll.,46,40,6,0,0,0,7,6,1,7,6,1,16,15,1,5,5,0,14,11,3,4,3,1,18,14,4,2023
217000,"Sonstige Raub berf lle auf Stra en, Wegen oder Pl tzen",12054000,Potsdam,insg.,58,49,9,0,0,0,9,8,1,9,8,1,17,16,1,6,6,0,19,15,4,7,4,3,26,19,7,2023
217000,"Sonstige Raub berf lle auf Stra en, Wegen oder Pl tzen",5562032,Recklinghausen,vers.,16,13,3,0,0,0,2,2,0,2,2,0,3,2,1,1,1,0,9,8,1,1,0,1,10,8,2,2023
217000,"Sonstige Raub berf lle auf Stra en, Wegen oder Pl tzen",5562032,Recklinghausen,voll.,26,23,3,0,0,0,4,4,0,4,4,0,4,4,0,2,2,0,16,13,3,0,0,0,16,13,3,2023
217000,"Sonstige Raub berf lle auf Stra en, Wegen oder Pl tzen",5562032,Recklinghausen,insg.,42,36,6,0,0,0,6,6,0,6,6,0,7,6,1,3,3,0,25,21,4,1,0,1,26,21,5,2023
217000,"Sonstige Raub berf lle auf Stra en, Wegen oder Pl tzen",9362000,Regensburg,vers.,0,0,0,0,0,0,0,0,0,0,0,0,0,0,0,0,0,0,0,0,0,0,0,0,0,0,0,2023
217000,"Sonstige Raub berf lle auf Stra en, Wegen oder Pl tzen",9362000,Regensburg,voll.,9,8,1,0,0,0,0,0,0,0,0,0,4,4,0,0,0,0,4,3,1,1,1,0,5,4,1,2023
217000,"Sonstige Raub berf lle auf Stra en, Wegen oder Pl tzen",9362000,Regensburg,insg.,9,8,1,0,0,0,0,0,0,0,0,0,4,4,0,0,0,0,4,3,1,1,1,0,5,4,1,2023
217000,"Sonstige Raub berf lle auf Stra en, Wegen oder Pl tzen",5120000,Remscheid,vers.,6,6,0,0,0,0,1,1,0,1,1,0,1,1,0,0,0,0,4,4,0,0,0,0,4,4,0,2023
217000,"Sonstige Raub berf lle auf Stra en, Wegen oder Pl tzen",5120000,Remscheid,voll.,28,26,2,0,0,0,2,2,0,2,2,0,5,5,0,5,5,0,14,12,2,2,2,0,16,14,2,2023
217000,"Sonstige Raub berf lle auf Stra en, Wegen oder Pl tzen",5120000,Remscheid,insg.,34,32,2,0,0,0,3,3,0,3,3,0,6,6,0,5,5,0,18,16,2,2,2,0,20,18,2,2023
217000,"Sonstige Raub berf lle auf Stra en, Wegen oder Pl tzen",8415061,Reutlingen,vers.,10,9,1,0,0,0,1,0,1,1,0,1,6,6,0,0,0,0,3,3,0,0,0,0,3,3,0,2023
217000,"Sonstige Raub berf lle auf Stra en, Wegen oder Pl tzen",8415061,Reutlingen,voll.,23,22,1,0,0,0,1,1,0,1,1,0,7,6,1,3,3,0,11,11,0,1,1,0,12,12,0,2023
217000,"Sonstige Raub berf lle auf Stra en, Wegen oder Pl tzen",8415061,Reutlingen,insg.,33,31,2,0,0,0,2,1,1,2,1,1,13,12,1,3,3,0,14,14,0,1,1,0,15,15,0,2023
217000,"Sonstige Raub berf lle auf Stra en, Wegen oder Pl tzen",13003000,"Rostock, Hanse- und Universit tsstadt",vers.,50,42,8,0,0,0,8,8,0,8,8,0,11,8,3,5,5,0,23,20,3,3,1,2,26,21,5,2023
217000,"Sonstige Raub berf lle auf Stra en, Wegen oder Pl tzen",13003000,"Rostock, Hanse- und Universit tsstadt",voll.,79,72,7,0,0,0,15,15,0,15,15,0,18,16,2,15,14,1,29,25,4,2,2,0,31,27,4,2023
217000,"Sonstige Raub berf lle auf Stra en, Wegen oder Pl tzen",13003000,"Rostock, Hanse- und Universit tsstadt",insg.,129,114,15,0,0,0,23,23,0,23,23,0,29,24,5,20,19,1,52,45,7,5,3,2,57,48,9,2023
217000,"Sonstige Raub berf lle auf Stra en, Wegen oder Pl tzen",10041100,Saarbr cken,vers.,19,14,5,0,0,0,2,2,0,2,2,0,4,4,0,4,4,0,8,3,5,1,1,0,9,4,5,2023
217000,"Sonstige Raub berf lle auf Stra en, Wegen oder Pl tzen",10041100,Saarbr cken,voll.,92,80,12,0,0,0,4,4,0,4,4,0,8,7,1,12,11,1,58,51,7,10,7,3,68,58,10,2023
217000,"Sonstige Raub berf lle auf Stra en, Wegen oder Pl tzen",10041100,Saarbr cken,insg.,111,94,17,0,0,0,6,6,0,6,6,0,12,11,1,16,15,1,66,54,12,11,8,3,77,62,15,2023
217000,"Sonstige Raub berf lle auf Stra en, Wegen oder Pl tzen",3102000,Salzgitter,vers.,4,4,0,0,0,0,0,0,0,0,0,0,0,0,0,0,0,0,4,4,0,0,0,0,4,4,0,2023
217000,"Sonstige Raub berf lle auf Stra en, Wegen oder Pl tzen",3102000,Salzgitter,voll.,12,10,2,0,0,0,2,2,0,2,2,0,3,2,1,0,0,0,7,6,1,0,0,0,7,6,1,2023
217000,"Sonstige Raub berf lle auf Stra en, Wegen oder Pl tzen",3102000,Salzgitter,insg.,16,14,2,0,0,0,2,2,0,2,2,0,3,2,1,0,0,0,11,10,1,0,0,0,11,10,1,2023
217000,"Sonstige Raub berf lle auf Stra en, Wegen oder Pl tzen",13004000,Schwerin,vers.,16,11,5,0,0,0,0,0,0,0,0,0,3,2,1,2,2,0,11,7,4,0,0,0,11,7,4,2023
217000,"Sonstige Raub berf lle auf Stra en, Wegen oder Pl tzen",13004000,Schwerin,voll.,42,38,4,0,0,0,1,1,0,1,1,0,13,11,2,6,6,0,22,20,2,0,0,0,22,20,2,2023
217000,"Sonstige Raub berf lle auf Stra en, Wegen oder Pl tzen",13004000,Schwerin,insg.,58,49,9,0,0,0,1,1,0,1,1,0,16,13,3,8,8,0,33,27,6,0,0,0,33,27,6,2023
217000,"Sonstige Raub berf lle auf Stra en, Wegen oder Pl tzen",5970040,Siegen,vers.,5,3,2,0,0,0,0,0,0,0,0,0,4,3,1,1,0,1,0,0,0,0,0,0,0,0,0,2023
217000,"Sonstige Raub berf lle auf Stra en, Wegen oder Pl tzen",5970040,Siegen,voll.,38,33,5,0,0,0,2,2,0,2,2,0,14,12,2,3,2,1,17,16,1,2,1,1,19,17,2,2023
217000,"Sonstige Raub berf lle auf Stra en, Wegen oder Pl tzen",5970040,Siegen,insg.,43,36,7,0,0,0,2,2,0,2,2,0,18,15,3,4,2,2,17,16,1,2,1,1,19,17,2,2023
217000,"Sonstige Raub berf lle auf Stra en, Wegen oder Pl tzen",5122000,Solingen,vers.,14,14,0,0,0,0,0,0,0,0,0,0,7,7,0,5,5,0,2,2,0,0,0,0,2,2,0,2023
217000,"Sonstige Raub berf lle auf Stra en, Wegen oder Pl tzen",5122000,Solingen,voll.,28,25,3,0,0,0,4,4,0,4,4,0,9,8,1,6,5,1,9,8,1,0,0,0,9,8,1,2023
217000,"Sonstige Raub berf lle auf Stra en, Wegen oder Pl tzen",5122000,Solingen,insg.,42,39,3,0,0,0,4,4,0,4,4,0,16,15,1,11,10,1,11,10,1,0,0,0,11,10,1,2023
217000,"Sonstige Raub berf lle auf Stra en, Wegen oder Pl tzen",8111000,Stuttgart,vers.,49,41,8,0,0,0,0,0,0,0,0,0,1,0,1,3,3,0,43,36,7,2,2,0,45,38,7,2023
217000,"Sonstige Raub berf lle auf Stra en, Wegen oder Pl tzen",8111000,Stuttgart,voll.,246,220,26,0,0,0,10,10,0,10,10,0,21,18,3,22,21,1,166,149,17,27,22,5,193,171,22,2023
217000,"Sonstige Raub berf lle auf Stra en, Wegen oder Pl tzen",8111000,Stuttgart,insg.,295,261,34,0,0,0,10,10,0,10,10,0,22,18,4,25,24,1,209,185,24,29,24,5,238,209,29,2023
217000,"Sonstige Raub berf lle auf Stra en, Wegen oder Pl tzen",7211000,Trier,vers.,13,9,4,0,0,0,0,0,0,0,0,0,0,0,0,1,1,0,11,8,3,1,0,1,12,8,4,2023
217000,"Sonstige Raub berf lle auf Stra en, Wegen oder Pl tzen",7211000,Trier,voll.,31,26,5,0,0,0,1,1,0,1,1,0,7,6,1,5,5,0,15,12,3,3,2,1,18,14,4,2023
217000,"Sonstige Raub berf lle auf Stra en, Wegen oder Pl tzen",7211000,Trier,insg.,44,35,9,0,0,0,1,1,0,1,1,0,7,6,1,6,6,0,26,20,6,4,2,2,30,22,8,2023
217000,"Sonstige Raub berf lle auf Stra en, Wegen oder Pl tzen",8421000,Ulm,vers.,10,6,4,0,0,0,0,0,0,0,0,0,1,1,0,1,1,0,5,3,2,3,1,2,8,4,4,2023
217000,"Sonstige Raub berf lle auf Stra en, Wegen oder Pl tzen",8421000,Ulm,voll.,28,27,1,0,0,0,2,2,0,2,2,0,2,2,0,2,2,0,21,20,1,1,1,0,22,21,1,2023
217000,"Sonstige Raub berf lle auf Stra en, Wegen oder Pl tzen",8421000,Ulm,insg.,38,33,5,0,0,0,2,2,0,2,2,0,3,3,0,3,3,0,26,23,3,4,2,2,30,25,5,2023
217000,"Sonstige Raub berf lle auf Stra en, Wegen oder Pl tzen",6414000,Wiesbaden,vers.,16,14,2,0,0,0,3,2,1,3,2,1,3,3,0,1,1,0,8,8,0,1,0,1,9,8,1,2023
217000,"Sonstige Raub berf lle auf Stra en, Wegen oder Pl tzen",6414000,Wiesbaden,voll.,56,50,6,0,0,0,3,3,0,3,3,0,13,13,0,4,4,0,33,28,5,3,2,1,36,30,6,2023
217000,"Sonstige Raub berf lle auf Stra en, Wegen oder Pl tzen",6414000,Wiesbaden,insg.,72,64,8,0,0,0,6,5,1,6,5,1,16,16,0,5,5,0,41,36,5,4,2,2,45,38,7,2023
217000,"Sonstige Raub berf lle auf Stra en, Wegen oder Pl tzen",3103000,Wolfsburg,vers.,7,5,2,0,0,0,0,0,0,0,0,0,1,1,0,2,2,0,3,1,2,1,1,0,4,2,2,2023
217000,"Sonstige Raub berf lle auf Stra en, Wegen oder Pl tzen",3103000,Wolfsburg,voll.,20,19,1,0,0,0,0,0,0,0,0,0,4,4,0,0,0,0,16,15,1,0,0,0,16,15,1,2023
217000,"Sonstige Raub berf lle auf Stra en, Wegen oder Pl tzen",3103000,Wolfsburg,insg.,27,24,3,0,0,0,0,0,0,0,0,0,5,5,0,2,2,0,19,16,3,1,1,0,20,17,3,2023
217000,"Sonstige Raub berf lle auf Stra en, Wegen oder Pl tzen",5124000,Wuppertal,vers.,38,31,7,0,0,0,9,8,1,9,8,1,6,5,1,4,4,0,15,11,4,4,3,1,19,14,5,2023
217000,"Sonstige Raub berf lle auf Stra en, Wegen oder Pl tzen",5124000,Wuppertal,voll.,106,89,17,0,0,0,12,10,2,12,10,2,24,20,4,12,12,0,47,41,6,11,6,5,58,47,11,2023
217000,"Sonstige Raub berf lle auf Stra en, Wegen oder Pl tzen",5124000,Wuppertal,insg.,144,120,24,0,0,0,21,18,3,21,18,3,30,25,5,16,16,0,62,52,10,15,9,6,77,61,16,2023
217000,"Sonstige Raub berf lle auf Stra en, Wegen oder Pl tzen",9663000,W rzburg,vers.,6,6,0,0,0,0,0,0,0,0,0,0,0,0,0,0,0,0,6,6,0,0,0,0,6,6,0,2023
217000,"Sonstige Raub berf lle auf Stra en, Wegen oder Pl tzen",9663000,W rzburg,voll.,4,4,0,0,0,0,0,0,0,0,0,0,1,1,0,0,0,0,3,3,0,0,0,0,3,3,0,2023
217000,"Sonstige Raub berf lle auf Stra en, Wegen oder Pl tzen",9663000,W rzburg,insg.,10,10,0,0,0,0,0,0,0,0,0,0,1,1,0,0,0,0,9,9,0,0,0,0,9,9,0,2023
219000,Raub berf lle in Wohnungen,5334002,Aachen,vers.,4,1,3,0,0,0,0,0,0,0,0,0,0,0,0,0,0,0,4,1,3,0,0,0,4,1,3,2023
219000,Raub berf lle in Wohnungen,5334002,Aachen,voll.,17,13,4,0,0,0,0,0,0,0,0,0,0,0,0,1,0,1,13,11,2,3,2,1,16,13,3,2023
219000,Raub berf lle in Wohnungen,5334002,Aachen,insg.,21,14,7,0,0,0,0,0,0,0,0,0,0,0,0,1,0,1,17,12,5,3,2,1,20,14,6,2023
219000,Raub berf lle in Wohnungen,9761000,Augsburg,vers.,1,1,0,0,0,0,0,0,0,0,0,0,0,0,0,1,1,0,0,0,0,0,0,0,0,0,0,2023
219000,Raub berf lle in Wohnungen,9761000,Augsburg,voll.,6,3,3,1,0,1,0,0,0,1,0,1,0,0,0,0,0,0,5,3,2,0,0,0,5,3,2,2023
219000,Raub berf lle in Wohnungen,9761000,Augsburg,insg.,7,4,3,1,0,1,0,0,0,1,0,1,0,0,0,1,1,0,5,3,2,0,0,0,5,3,2,2023
219000,Raub berf lle in Wohnungen,5378004,Bergisch Gladbach,vers.,2,1,1,0,0,0,0,0,0,0,0,0,0,0,0,0,0,0,2,1,1,0,0,0,2,1,1,2023
219000,Raub berf lle in Wohnungen,5378004,Bergisch Gladbach,voll.,2,1,1,0,0,0,0,0,0,0,0,0,0,0,0,0,0,0,1,0,1,1,1,0,2,1,1,2023
219000,Raub berf lle in Wohnungen,5378004,Bergisch Gladbach,insg.,4,2,2,0,0,0,0,0,0,0,0,0,0,0,0,0,0,0,3,1,2,1,1,0,4,2,2,2023
219000,Raub berf lle in Wohnungen,11000000,Berlin,vers.,62,42,20,0,0,0,0,0,0,0,0,0,3,3,0,3,2,1,41,31,10,15,6,9,56,37,19,2023
219000,Raub berf lle in Wohnungen,11000000,Berlin,voll.,236,156,80,0,0,0,1,1,0,1,1,0,11,9,2,18,15,3,157,100,57,49,31,18,206,131,75,2023
219000,Raub berf lle in Wohnungen,11000000,Berlin,insg.,298,198,100,0,0,0,1,1,0,1,1,0,14,12,2,21,17,4,198,131,67,64,37,27,262,168,94,2023
219000,Raub berf lle in Wohnungen,5711000,Bielefeld,vers.,2,2,0,0,0,0,0,0,0,0,0,0,0,0,0,0,0,0,2,2,0,0,0,0,2,2,0,2023
219000,Raub berf lle in Wohnungen,5711000,Bielefeld,voll.,18,10,8,0,0,0,0,0,0,0,0,0,1,1,0,2,1,1,11,6,5,4,2,2,15,8,7,2023
219000,Raub berf lle in Wohnungen,5711000,Bielefeld,insg.,20,12,8,0,0,0,0,0,0,0,0,0,1,1,0,2,1,1,13,8,5,4,2,2,17,10,7,2023
219000,Raub berf lle in Wohnungen,5911000,Bochum,vers.,0,0,0,0,0,0,0,0,0,0,0,0,0,0,0,0,0,0,0,0,0,0,0,0,0,0,0,2023
219000,Raub berf lle in Wohnungen,5911000,Bochum,voll.,18,13,5,0,0,0,0,0,0,0,0,0,3,3,0,2,2,0,6,4,2,7,4,3,13,8,5,2023
219000,Raub berf lle in Wohnungen,5911000,Bochum,insg.,18,13,5,0,0,0,0,0,0,0,0,0,3,3,0,2,2,0,6,4,2,7,4,3,13,8,5,2023
219000,Raub berf lle in Wohnungen,5314000,Bonn,vers.,3,0,3,0,0,0,0,0,0,0,0,0,0,0,0,0,0,0,3,0,3,0,0,0,3,0,3,2023
219000,Raub berf lle in Wohnungen,5314000,Bonn,voll.,12,8,4,0,0,0,0,0,0,0,0,0,0,0,0,1,1,0,7,6,1,4,1,3,11,7,4,2023
219000,Raub berf lle in Wohnungen,5314000,Bonn,insg.,15,8,7,0,0,0,0,0,0,0,0,0,0,0,0,1,1,0,10,6,4,4,1,3,14,7,7,2023
219000,Raub berf lle in Wohnungen,5512000,Bottrop,vers.,2,2,0,0,0,0,0,0,0,0,0,0,0,0,0,1,1,0,1,1,0,0,0,0,1,1,0,2023
219000,Raub berf lle in Wohnungen,5512000,Bottrop,voll.,7,5,2,0,0,0,0,0,0,0,0,0,0,0,0,0,0,0,4,3,1,3,2,1,7,5,2,2023
219000,Raub berf lle in Wohnungen,5512000,Bottrop,insg.,9,7,2,0,0,0,0,0,0,0,0,0,0,0,0,1,1,0,5,4,1,3,2,1,8,6,2,2023
219000,Raub berf lle in Wohnungen,3101000,Braunschweig,vers.,1,1,0,0,0,0,0,0,0,0,0,0,0,0,0,0,0,0,1,1,0,0,0,0,1,1,0,2023
219000,Raub berf lle in Wohnungen,3101000,Braunschweig,voll.,21,15,6,0,0,0,0,0,0,0,0,0,4,1,3,3,3,0,8,8,0,6,3,3,14,11,3,2023
219000,Raub berf lle in Wohnungen,3101000,Braunschweig,insg.,22,16,6,0,0,0,0,0,0,0,0,0,4,1,3,3,3,0,9,9,0,6,3,3,15,12,3,2023
219000,Raub berf lle in Wohnungen,4011000,Bremen,vers.,11,6,5,0,0,0,1,1,0,1,1,0,0,0,0,1,0,1,5,4,1,4,1,3,9,5,4,2023
219000,Raub berf lle in Wohnungen,4011000,Bremen,voll.,39,26,13,0,0,0,0,0,0,0,0,0,5,3,2,3,2,1,19,13,6,12,8,4,31,21,10,2023
219000,Raub berf lle in Wohnungen,4011000,Bremen,insg.,50,32,18,0,0,0,1,1,0,1,1,0,5,3,2,4,2,2,24,17,7,16,9,7,40,26,14,2023
219000,Raub berf lle in Wohnungen,4012000,Bremerhaven,vers.,4,3,1,0,0,0,0,0,0,0,0,0,0,0,0,1,1,0,2,2,0,1,0,1,3,2,1,2023
219000,Raub berf lle in Wohnungen,4012000,Bremerhaven,voll.,17,8,9,0,0,0,0,0,0,0,0,0,0,0,0,1,1,0,10,5,5,6,2,4,16,7,9,2023
219000,Raub berf lle in Wohnungen,4012000,Bremerhaven,insg.,21,11,10,0,0,0,0,0,0,0,0,0,0,0,0,2,2,0,12,7,5,7,2,5,19,9,10,2023
219000,Raub berf lle in Wohnungen,14511000,Chemnitz,vers.,4,2,2,0,0,0,0,0,0,0,0,0,1,1,0,0,0,0,2,0,2,1,1,0,3,1,2,2023
219000,Raub berf lle in Wohnungen,14511000,Chemnitz,voll.,10,9,1,0,0,0,0,0,0,0,0,0,0,0,0,2,2,0,7,6,1,1,1,0,8,7,1,2023
219000,Raub berf lle in Wohnungen,14511000,Chemnitz,insg.,14,11,3,0,0,0,0,0,0,0,0,0,1,1,0,2,2,0,9,6,3,2,2,0,11,8,3,2023
219000,Raub berf lle in Wohnungen,6411000,Darmstadt,vers.,1,0,1,0,0,0,0,0,0,0,0,0,0,0,0,0,0,0,0,0,0,1,0,1,1,0,1,2023
219000,Raub berf lle in Wohnungen,6411000,Darmstadt,voll.,7,6,1,0,0,0,0,0,0,0,0,0,0,0,0,0,0,0,7,6,1,0,0,0,7,6,1,2023
219000,Raub berf lle in Wohnungen,6411000,Darmstadt,insg.,8,6,2,0,0,0,0,0,0,0,0,0,0,0,0,0,0,0,7,6,1,1,0,1,8,6,2,2023
219000,Raub berf lle in Wohnungen,5913000,Dortmund,vers.,8,5,3,0,0,0,0,0,0,0,0,0,1,1,0,0,0,0,6,3,3,1,1,0,7,4,3,2023
219000,Raub berf lle in Wohnungen,5913000,Dortmund,voll.,32,23,9,0,0,0,0,0,0,0,0,0,2,1,1,4,3,1,19,15,4,7,4,3,26,19,7,2023
219000,Raub berf lle in Wohnungen,5913000,Dortmund,insg.,40,28,12,0,0,0,0,0,0,0,0,0,3,2,1,4,3,1,25,18,7,8,5,3,33,23,10,2023
219000,Raub berf lle in Wohnungen,14612000,Dresden,vers.,4,3,1,0,0,0,0,0,0,0,0,0,0,0,0,2,2,0,2,1,1,0,0,0,2,1,1,2023
219000,Raub berf lle in Wohnungen,14612000,Dresden,voll.,10,7,3,0,0,0,0,0,0,0,0,0,1,1,0,0,0,0,9,6,3,0,0,0,9,6,3,2023
219000,Raub berf lle in Wohnungen,14612000,Dresden,insg.,14,10,4,0,0,0,0,0,0,0,0,0,1,1,0,2,2,0,11,7,4,0,0,0,11,7,4,2023
219000,Raub berf lle in Wohnungen,5112000,Duisburg,vers.,8,4,4,0,0,0,0,0,0,0,0,0,1,0,1,0,0,0,7,4,3,0,0,0,7,4,3,2023
219000,Raub berf lle in Wohnungen,5112000,Duisburg,voll.,60,35,25,0,0,0,1,1,0,1,1,0,6,2,4,7,6,1,38,22,16,8,4,4,46,26,20,2023
219000,Raub berf lle in Wohnungen,5112000,Duisburg,insg.,68,39,29,0,0,0,1,1,0,1,1,0,7,2,5,7,6,1,45,26,19,8,4,4,53,30,23,2023
219000,Raub berf lle in Wohnungen,5111000,D sseldorf,vers.,13,5,8,0,0,0,0,0,0,0,0,0,2,1,1,0,0,0,8,4,4,3,0,3,11,4,7,2023
219000,Raub berf lle in Wohnungen,5111000,D sseldorf,voll.,30,13,17,0,0,0,0,0,0,0,0,0,0,0,0,0,0,0,20,9,11,10,4,6,30,13,17,2023
219000,Raub berf lle in Wohnungen,5111000,D sseldorf,insg.,43,18,25,0,0,0,0,0,0,0,0,0,2,1,1,0,0,0,28,13,15,13,4,9,41,17,24,2023
219000,Raub berf lle in Wohnungen,16051000,Erfurt,vers.,4,1,3,0,0,0,0,0,0,0,0,0,0,0,0,1,0,1,0,0,0,3,1,2,3,1,2,2023
219000,Raub berf lle in Wohnungen,16051000,Erfurt,voll.,23,22,1,0,0,0,0,0,0,0,0,0,0,0,0,2,2,0,8,7,1,13,13,0,21,20,1,2023
219000,Raub berf lle in Wohnungen,16051000,Erfurt,insg.,27,23,4,0,0,0,0,0,0,0,0,0,0,0,0,3,2,1,8,7,1,16,14,2,24,21,3,2023
219000,Raub berf lle in Wohnungen,9562000,Erlangen,vers.,0,0,0,0,0,0,0,0,0,0,0,0,0,0,0,0,0,0,0,0,0,0,0,0,0,0,0,2023
219000,Raub berf lle in Wohnungen,9562000,Erlangen,voll.,0,0,0,0,0,0,0,0,0,0,0,0,0,0,0,0,0,0,0,0,0,0,0,0,0,0,0,2023
219000,Raub berf lle in Wohnungen,9562000,Erlangen,insg.,0,0,0,0,0,0,0,0,0,0,0,0,0,0,0,0,0,0,0,0,0,0,0,0,0,0,0,2023
219000,Raub berf lle in Wohnungen,5113000,Essen,vers.,11,8,3,0,0,0,0,0,0,0,0,0,0,0,0,1,1,0,6,6,0,4,1,3,10,7,3,2023
219000,Raub berf lle in Wohnungen,5113000,Essen,voll.,33,17,16,3,3,0,0,0,0,3,3,0,2,2,0,0,0,0,13,6,7,15,6,9,28,12,16,2023
219000,Raub berf lle in Wohnungen,5113000,Essen,insg.,44,25,19,3,3,0,0,0,0,3,3,0,2,2,0,1,1,0,19,12,7,19,7,12,38,19,19,2023
219000,Raub berf lle in Wohnungen,6412000,Frankfurt am Main,vers.,6,3,3,0,0,0,0,0,0,0,0,0,0,0,0,0,0,0,5,3,2,1,0,1,6,3,3,2023
219000,Raub berf lle in Wohnungen,6412000,Frankfurt am Main,voll.,29,14,15,0,0,0,2,1,1,2,1,1,1,1,0,1,1,0,16,9,7,9,2,7,25,11,14,2023
219000,Raub berf lle in Wohnungen,6412000,Frankfurt am Main,insg.,35,17,18,0,0,0,2,1,1,2,1,1,1,1,0,1,1,0,21,12,9,10,2,8,31,14,17,2023
219000,Raub berf lle in Wohnungen,8311000,Freiburg im Breisgau,vers.,2,1,1,0,0,0,0,0,0,0,0,0,0,0,0,0,0,0,2,1,1,0,0,0,2,1,1,2023
219000,Raub berf lle in Wohnungen,8311000,Freiburg im Breisgau,voll.,9,6,3,0,0,0,0,0,0,0,0,0,0,0,0,1,1,0,6,4,2,2,1,1,8,5,3,2023
219000,Raub berf lle in Wohnungen,8311000,Freiburg im Breisgau,insg.,11,7,4,0,0,0,0,0,0,0,0,0,0,0,0,1,1,0,8,5,3,2,1,1,10,6,4,2023
219000,Raub berf lle in Wohnungen,9563000,F rth,vers.,0,0,0,0,0,0,0,0,0,0,0,0,0,0,0,0,0,0,0,0,0,0,0,0,0,0,0,2023
219000,Raub berf lle in Wohnungen,9563000,F rth,voll.,0,0,0,0,0,0,0,0,0,0,0,0,0,0,0,0,0,0,0,0,0,0,0,0,0,0,0,2023
219000,Raub berf lle in Wohnungen,9563000,F rth,insg.,0,0,0,0,0,0,0,0,0,0,0,0,0,0,0,0,0,0,0,0,0,0,0,0,0,0,0,2023
219000,Raub berf lle in Wohnungen,5513000,Gelsenkirchen,vers.,11,3,8,0,0,0,0,0,0,0,0,0,1,0,1,1,0,1,7,3,4,2,0,2,9,3,6,2023
219000,Raub berf lle in Wohnungen,5513000,Gelsenkirchen,voll.,24,13,11,0,0,0,0,0,0,0,0,0,2,2,0,0,0,0,19,9,10,3,2,1,22,11,11,2023
219000,Raub berf lle in Wohnungen,5513000,Gelsenkirchen,insg.,35,16,19,0,0,0,0,0,0,0,0,0,3,2,1,1,0,1,26,12,14,5,2,3,31,14,17,2023
219000,Raub berf lle in Wohnungen,3159016,G ttingen,vers.,0,0,0,0,0,0,0,0,0,0,0,0,0,0,0,0,0,0,0,0,0,0,0,0,0,0,0,2023
219000,Raub berf lle in Wohnungen,3159016,G ttingen,voll.,9,7,2,0,0,0,0,0,0,0,0,0,0,0,0,1,1,0,8,6,2,0,0,0,8,6,2,2023
219000,Raub berf lle in Wohnungen,3159016,G ttingen,insg.,9,7,2,0,0,0,0,0,0,0,0,0,0,0,0,1,1,0,8,6,2,0,0,0,8,6,2,2023
219000,Raub berf lle in Wohnungen,5754008,G tersloh,vers.,2,2,0,0,0,0,0,0,0,0,0,0,0,0,0,0,0,0,2,2,0,0,0,0,2,2,0,2023
219000,Raub berf lle in Wohnungen,5754008,G tersloh,voll.,5,1,4,0,0,0,0,0,0,0,0,0,0,0,0,1,0,1,4,1,3,0,0,0,4,1,3,2023
219000,Raub berf lle in Wohnungen,5754008,G tersloh,insg.,7,3,4,0,0,0,0,0,0,0,0,0,0,0,0,1,0,1,6,3,3,0,0,0,6,3,3,2023
219000,Raub berf lle in Wohnungen,5914000,Hagen,vers.,0,0,0,0,0,0,0,0,0,0,0,0,0,0,0,0,0,0,0,0,0,0,0,0,0,0,0,2023
219000,Raub berf lle in Wohnungen,5914000,Hagen,voll.,6,3,3,0,0,0,0,0,0,0,0,0,0,0,0,0,0,0,5,3,2,1,0,1,6,3,3,2023
219000,Raub berf lle in Wohnungen,5914000,Hagen,insg.,6,3,3,0,0,0,0,0,0,0,0,0,0,0,0,0,0,0,5,3,2,1,0,1,6,3,3,2023
219000,Raub berf lle in Wohnungen,15002000,Halle (Saale),vers.,4,3,1,0,0,0,0,0,0,0,0,0,0,0,0,1,1,0,3,2,1,0,0,0,3,2,1,2023
219000,Raub berf lle in Wohnungen,15002000,Halle (Saale),voll.,15,9,6,0,0,0,0,0,0,0,0,0,0,0,0,2,1,1,13,8,5,0,0,0,13,8,5,2023
219000,Raub berf lle in Wohnungen,15002000,Halle (Saale),insg.,19,12,7,0,0,0,0,0,0,0,0,0,0,0,0,3,2,1,16,10,6,0,0,0,16,10,6,2023
219000,Raub berf lle in Wohnungen,2000000,Hamburg,vers.,12,8,4,0,0,0,0,0,0,0,0,0,0,0,0,0,0,0,7,3,4,5,5,0,12,8,4,2023
219000,Raub berf lle in Wohnungen,2000000,Hamburg,voll.,68,35,33,0,0,0,0,0,0,0,0,0,2,2,0,1,0,1,54,28,26,11,5,6,65,33,32,2023
219000,Raub berf lle in Wohnungen,2000000,Hamburg,insg.,80,43,37,0,0,0,0,0,0,0,0,0,2,2,0,1,0,1,61,31,30,16,10,6,77,41,36,2023
219000,Raub berf lle in Wohnungen,5915000,Hamm,vers.,2,1,1,0,0,0,0,0,0,0,0,0,0,0,0,1,0,1,0,0,0,1,1,0,1,1,0,2023
219000,Raub berf lle in Wohnungen,5915000,Hamm,voll.,12,9,3,0,0,0,1,1,0,1,1,0,0,0,0,1,1,0,10,7,3,0,0,0,10,7,3,2023
219000,Raub berf lle in Wohnungen,5915000,Hamm,insg.,14,10,4,0,0,0,1,1,0,1,1,0,0,0,0,2,1,1,10,7,3,1,1,0,11,8,3,2023
219000,Raub berf lle in Wohnungen,6435014,Hanau,vers.,1,0,1,0,0,0,0,0,0,0,0,0,0,0,0,0,0,0,1,0,1,0,0,0,1,0,1,2023
219000,Raub berf lle in Wohnungen,6435014,Hanau,voll.,0,0,0,0,0,0,0,0,0,0,0,0,0,0,0,0,0,0,0,0,0,0,0,0,0,0,0,2023
219000,Raub berf lle in Wohnungen,6435014,Hanau,insg.,1,0,1,0,0,0,0,0,0,0,0,0,0,0,0,0,0,0,1,0,1,0,0,0,1,0,1,2023
219000,Raub berf lle in Wohnungen,3241001,Hannover,vers.,11,4,7,0,0,0,0,0,0,0,0,0,0,0,0,0,0,0,6,3,3,5,1,4,11,4,7,2023
219000,Raub berf lle in Wohnungen,3241001,Hannover,voll.,41,23,18,0,0,0,2,2,0,2,2,0,2,1,1,3,1,2,25,16,9,9,3,6,34,19,15,2023
219000,Raub berf lle in Wohnungen,3241001,Hannover,insg.,52,27,25,0,0,0,2,2,0,2,2,0,2,1,1,3,1,2,31,19,12,14,4,10,45,23,22,2023
219000,Raub berf lle in Wohnungen,8221000,Heidelberg,vers.,0,0,0,0,0,0,0,0,0,0,0,0,0,0,0,0,0,0,0,0,0,0,0,0,0,0,0,2023
219000,Raub berf lle in Wohnungen,8221000,Heidelberg,voll.,3,3,0,0,0,0,0,0,0,0,0,0,0,0,0,1,1,0,2,2,0,0,0,0,2,2,0,2023
219000,Raub berf lle in Wohnungen,8221000,Heidelberg,insg.,3,3,0,0,0,0,0,0,0,0,0,0,0,0,0,1,1,0,2,2,0,0,0,0,2,2,0,2023
219000,Raub berf lle in Wohnungen,8121000,Heilbronn,vers.,1,0,1,0,0,0,0,0,0,0,0,0,0,0,0,0,0,0,0,0,0,1,0,1,1,0,1,2023
219000,Raub berf lle in Wohnungen,8121000,Heilbronn,voll.,3,2,1,0,0,0,0,0,0,0,0,0,0,0,0,0,0,0,2,2,0,1,0,1,3,2,1,2023
219000,Raub berf lle in Wohnungen,8121000,Heilbronn,insg.,4,2,2,0,0,0,0,0,0,0,0,0,0,0,0,0,0,0,2,2,0,2,0,2,4,2,2,2023
219000,Raub berf lle in Wohnungen,5916000,Herne,vers.,1,1,0,0,0,0,0,0,0,0,0,0,0,0,0,1,1,0,0,0,0,0,0,0,0,0,0,2023
219000,Raub berf lle in Wohnungen,5916000,Herne,voll.,5,1,4,0,0,0,0,0,0,0,0,0,0,0,0,1,0,1,4,1,3,0,0,0,4,1,3,2023
219000,Raub berf lle in Wohnungen,5916000,Herne,insg.,6,2,4,0,0,0,0,0,0,0,0,0,0,0,0,2,1,1,4,1,3,0,0,0,4,1,3,2023
219000,Raub berf lle in Wohnungen,3254021,Hildesheim,vers.,0,0,0,0,0,0,0,0,0,0,0,0,0,0,0,0,0,0,0,0,0,0,0,0,0,0,0,2023
219000,Raub berf lle in Wohnungen,3254021,Hildesheim,voll.,1,1,0,0,0,0,0,0,0,0,0,0,0,0,0,0,0,0,1,1,0,0,0,0,1,1,0,2023
219000,Raub berf lle in Wohnungen,3254021,Hildesheim,insg.,1,1,0,0,0,0,0,0,0,0,0,0,0,0,0,0,0,0,1,1,0,0,0,0,1,1,0,2023
219000,Raub berf lle in Wohnungen,9161000,Ingolstadt,vers.,0,0,0,0,0,0,0,0,0,0,0,0,0,0,0,0,0,0,0,0,0,0,0,0,0,0,0,2023
219000,Raub berf lle in Wohnungen,9161000,Ingolstadt,voll.,0,0,0,0,0,0,0,0,0,0,0,0,0,0,0,0,0,0,0,0,0,0,0,0,0,0,0,2023
219000,Raub berf lle in Wohnungen,9161000,Ingolstadt,insg.,0,0,0,0,0,0,0,0,0,0,0,0,0,0,0,0,0,0,0,0,0,0,0,0,0,0,0,2023
219000,Raub berf lle in Wohnungen,16053000,Jena,vers.,3,0,3,0,0,0,0,0,0,0,0,0,0,0,0,0,0,0,1,0,1,2,0,2,3,0,3,2023
219000,Raub berf lle in Wohnungen,16053000,Jena,voll.,2,0,2,0,0,0,0,0,0,0,0,0,0,0,0,0,0,0,2,0,2,0,0,0,2,0,2,2023
219000,Raub berf lle in Wohnungen,16053000,Jena,insg.,5,0,5,0,0,0,0,0,0,0,0,0,0,0,0,0,0,0,3,0,3,2,0,2,5,0,5,2023
219000,Raub berf lle in Wohnungen,7312000,Kaiserslautern,vers.,1,0,1,0,0,0,0,0,0,0,0,0,0,0,0,0,0,0,1,0,1,0,0,0,1,0,1,2023
219000,Raub berf lle in Wohnungen,7312000,Kaiserslautern,voll.,3,1,2,0,0,0,0,0,0,0,0,0,0,0,0,1,1,0,2,0,2,0,0,0,2,0,2,2023
219000,Raub berf lle in Wohnungen,7312000,Kaiserslautern,insg.,4,1,3,0,0,0,0,0,0,0,0,0,0,0,0,1,1,0,3,0,3,0,0,0,3,0,3,2023
219000,Raub berf lle in Wohnungen,8212000,Karlsruhe,vers.,0,0,0,0,0,0,0,0,0,0,0,0,0,0,0,0,0,0,0,0,0,0,0,0,0,0,0,2023
219000,Raub berf lle in Wohnungen,8212000,Karlsruhe,voll.,8,2,6,0,0,0,0,0,0,0,0,0,0,0,0,1,1,0,3,1,2,4,0,4,7,1,6,2023
219000,Raub berf lle in Wohnungen,8212000,Karlsruhe,insg.,8,2,6,0,0,0,0,0,0,0,0,0,0,0,0,1,1,0,3,1,2,4,0,4,7,1,6,2023
219000,Raub berf lle in Wohnungen,6611000,Kassel,vers.,4,4,0,0,0,0,0,0,0,0,0,0,0,0,0,0,0,0,4,4,0,0,0,0,4,4,0,2023
219000,Raub berf lle in Wohnungen,6611000,Kassel,voll.,10,8,2,0,0,0,0,0,0,0,0,0,1,1,0,0,0,0,8,6,2,1,1,0,9,7,2,2023
219000,Raub berf lle in Wohnungen,6611000,Kassel,insg.,14,12,2,0,0,0,0,0,0,0,0,0,1,1,0,0,0,0,12,10,2,1,1,0,13,11,2,2023
219000,Raub berf lle in Wohnungen,1002000,Kiel,vers.,5,3,2,0,0,0,0,0,0,0,0,0,0,0,0,0,0,0,4,2,2,1,1,0,5,3,2,2023
219000,Raub berf lle in Wohnungen,1002000,Kiel,voll.,14,13,1,0,0,0,0,0,0,0,0,0,0,0,0,1,1,0,11,10,1,2,2,0,13,12,1,2023
219000,Raub berf lle in Wohnungen,1002000,Kiel,insg.,19,16,3,0,0,0,0,0,0,0,0,0,0,0,0,1,1,0,15,12,3,3,3,0,18,15,3,2023
219000,Raub berf lle in Wohnungen,7111000,Koblenz,vers.,3,0,3,0,0,0,0,0,0,0,0,0,0,0,0,0,0,0,2,0,2,1,0,1,3,0,3,2023
219000,Raub berf lle in Wohnungen,7111000,Koblenz,voll.,5,4,1,0,0,0,0,0,0,0,0,0,0,0,0,0,0,0,3,2,1,2,2,0,5,4,1,2023
219000,Raub berf lle in Wohnungen,7111000,Koblenz,insg.,8,4,4,0,0,0,0,0,0,0,0,0,0,0,0,0,0,0,5,2,3,3,2,1,8,4,4,2023
219000,Raub berf lle in Wohnungen,5315000,K ln,vers.,10,5,5,0,0,0,0,0,0,0,0,0,0,0,0,2,2,0,5,2,3,3,1,2,8,3,5,2023
219000,Raub berf lle in Wohnungen,5315000,K ln,voll.,74,46,28,0,0,0,2,1,1,2,1,1,0,0,0,7,5,2,47,30,17,18,10,8,65,40,25,2023
219000,Raub berf lle in Wohnungen,5315000,K ln,insg.,84,51,33,0,0,0,2,1,1,2,1,1,0,0,0,9,7,2,52,32,20,21,11,10,73,43,30,2023
219000,Raub berf lle in Wohnungen,5114000,Krefeld,vers.,4,1,3,0,0,0,0,0,0,0,0,0,0,0,0,0,0,0,2,1,1,2,0,2,4,1,3,2023
219000,Raub berf lle in Wohnungen,5114000,Krefeld,voll.,12,6,6,0,0,0,0,0,0,0,0,0,0,0,0,1,1,0,6,3,3,5,2,3,11,5,6,2023
219000,Raub berf lle in Wohnungen,5114000,Krefeld,insg.,16,7,9,0,0,0,0,0,0,0,0,0,0,0,0,1,1,0,8,4,4,7,2,5,15,6,9,2023
219000,Raub berf lle in Wohnungen,14713000,Leipzig,vers.,4,2,2,0,0,0,0,0,0,0,0,0,1,1,0,1,1,0,2,0,2,0,0,0,2,0,2,2023
219000,Raub berf lle in Wohnungen,14713000,Leipzig,voll.,18,16,2,0,0,0,0,0,0,0,0,0,0,0,0,4,4,0,13,11,2,1,1,0,14,12,2,2023
219000,Raub berf lle in Wohnungen,14713000,Leipzig,insg.,22,18,4,0,0,0,0,0,0,0,0,0,1,1,0,5,5,0,15,11,4,1,1,0,16,12,4,2023
219000,Raub berf lle in Wohnungen,5316000,Leverkusen,vers.,2,0,2,0,0,0,0,0,0,0,0,0,0,0,0,0,0,0,0,0,0,2,0,2,2,0,2,2023
219000,Raub berf lle in Wohnungen,5316000,Leverkusen,voll.,4,1,3,0,0,0,0,0,0,0,0,0,0,0,0,1,0,1,2,1,1,1,0,1,3,1,2,2023
219000,Raub berf lle in Wohnungen,5316000,Leverkusen,insg.,6,1,5,0,0,0,0,0,0,0,0,0,0,0,0,1,0,1,2,1,1,3,0,3,5,1,4,2023
219000,Raub berf lle in Wohnungen,1003000,L beck,vers.,8,7,1,0,0,0,0,0,0,0,0,0,0,0,0,3,2,1,4,4,0,1,1,0,5,5,0,2023
219000,Raub berf lle in Wohnungen,1003000,L beck,voll.,9,8,1,0,0,0,0,0,0,0,0,0,1,1,0,2,2,0,5,5,0,1,0,1,6,5,1,2023
219000,Raub berf lle in Wohnungen,1003000,L beck,insg.,17,15,2,0,0,0,0,0,0,0,0,0,1,1,0,5,4,1,9,9,0,2,1,1,11,10,1,2023
219000,Raub berf lle in Wohnungen,7314000,Ludwigshafen am Rhein,vers.,0,0,0,0,0,0,0,0,0,0,0,0,0,0,0,0,0,0,0,0,0,0,0,0,0,0,0,2023
219000,Raub berf lle in Wohnungen,7314000,Ludwigshafen am Rhein,voll.,10,6,4,0,0,0,0,0,0,0,0,0,0,0,0,1,1,0,6,5,1,3,0,3,9,5,4,2023
219000,Raub berf lle in Wohnungen,7314000,Ludwigshafen am Rhein,insg.,10,6,4,0,0,0,0,0,0,0,0,0,0,0,0,1,1,0,6,5,1,3,0,3,9,5,4,2023
219000,Raub berf lle in Wohnungen,15003000,Magdeburg,vers.,3,1,2,0,0,0,0,0,0,0,0,0,0,0,0,0,0,0,2,1,1,1,0,1,3,1,2,2023
219000,Raub berf lle in Wohnungen,15003000,Magdeburg,voll.,24,18,6,0,0,0,1,1,0,1,1,0,1,1,0,2,1,1,19,15,4,1,0,1,20,15,5,2023
219000,Raub berf lle in Wohnungen,15003000,Magdeburg,insg.,27,19,8,0,0,0,1,1,0,1,1,0,1,1,0,2,1,1,21,16,5,2,0,2,23,16,7,2023
219000,Raub berf lle in Wohnungen,7315000,Mainz,vers.,0,0,0,0,0,0,0,0,0,0,0,0,0,0,0,0,0,0,0,0,0,0,0,0,0,0,0,2023
219000,Raub berf lle in Wohnungen,7315000,Mainz,voll.,1,1,0,0,0,0,0,0,0,0,0,0,0,0,0,0,0,0,1,1,0,0,0,0,1,1,0,2023
219000,Raub berf lle in Wohnungen,7315000,Mainz,insg.,1,1,0,0,0,0,0,0,0,0,0,0,0,0,0,0,0,0,1,1,0,0,0,0,1,1,0,2023
219000,Raub berf lle in Wohnungen,8222000,Mannheim,vers.,0,0,0,0,0,0,0,0,0,0,0,0,0,0,0,0,0,0,0,0,0,0,0,0,0,0,0,2023
219000,Raub berf lle in Wohnungen,8222000,Mannheim,voll.,2,1,1,0,0,0,0,0,0,0,0,0,0,0,0,0,0,0,2,1,1,0,0,0,2,1,1,2023
219000,Raub berf lle in Wohnungen,8222000,Mannheim,insg.,2,1,1,0,0,0,0,0,0,0,0,0,0,0,0,0,0,0,2,1,1,0,0,0,2,1,1,2023
219000,Raub berf lle in Wohnungen,5170024,Moers,vers.,1,1,0,0,0,0,0,0,0,0,0,0,1,1,0,0,0,0,0,0,0,0,0,0,0,0,0,2023
219000,Raub berf lle in Wohnungen,5170024,Moers,voll.,4,3,1,0,0,0,0,0,0,0,0,0,0,0,0,0,0,0,4,3,1,0,0,0,4,3,1,2023
219000,Raub berf lle in Wohnungen,5170024,Moers,insg.,5,4,1,0,0,0,0,0,0,0,0,0,1,1,0,0,0,0,4,3,1,0,0,0,4,3,1,2023
219000,Raub berf lle in Wohnungen,5116000,M nchengladbach,vers.,3,2,1,0,0,0,0,0,0,0,0,0,0,0,0,0,0,0,1,1,0,2,1,1,3,2,1,2023
219000,Raub berf lle in Wohnungen,5116000,M nchengladbach,voll.,17,11,6,0,0,0,0,0,0,0,0,0,0,0,0,2,2,0,10,7,3,5,2,3,15,9,6,2023
219000,Raub berf lle in Wohnungen,5116000,M nchengladbach,insg.,20,13,7,0,0,0,0,0,0,0,0,0,0,0,0,2,2,0,11,8,3,7,3,4,18,11,7,2023
219000,Raub berf lle in Wohnungen,5117000,M lheim an der Ruhr,vers.,4,2,2,0,0,0,0,0,0,0,0,0,0,0,0,1,1,0,2,1,1,1,0,1,3,1,2,2023
219000,Raub berf lle in Wohnungen,5117000,M lheim an der Ruhr,voll.,3,1,2,0,0,0,0,0,0,0,0,0,0,0,0,0,0,0,2,1,1,1,0,1,3,1,2,2023
219000,Raub berf lle in Wohnungen,5117000,M lheim an der Ruhr,insg.,7,3,4,0,0,0,0,0,0,0,0,0,0,0,0,1,1,0,4,2,2,2,0,2,6,2,4,2023
219000,Raub berf lle in Wohnungen,9162000,M nchen,vers.,8,5,3,0,0,0,0,0,0,0,0,0,0,0,0,0,0,0,6,4,2,2,1,1,8,5,3,2023
219000,Raub berf lle in Wohnungen,9162000,M nchen,voll.,19,9,10,0,0,0,1,0,1,1,0,1,0,0,0,2,0,2,12,8,4,4,1,3,16,9,7,2023
219000,Raub berf lle in Wohnungen,9162000,M nchen,insg.,27,14,13,0,0,0,1,0,1,1,0,1,0,0,0,2,0,2,18,12,6,6,2,4,24,14,10,2023
219000,Raub berf lle in Wohnungen,5515000,M nster,vers.,0,0,0,0,0,0,0,0,0,0,0,0,0,0,0,0,0,0,0,0,0,0,0,0,0,0,0,2023
219000,Raub berf lle in Wohnungen,5515000,M nster,voll.,7,6,1,0,0,0,0,0,0,0,0,0,0,0,0,0,0,0,6,5,1,1,1,0,7,6,1,2023
219000,Raub berf lle in Wohnungen,5515000,M nster,insg.,7,6,1,0,0,0,0,0,0,0,0,0,0,0,0,0,0,0,6,5,1,1,1,0,7,6,1,2023
219000,Raub berf lle in Wohnungen,5162024,Neuss,vers.,0,0,0,0,0,0,0,0,0,0,0,0,0,0,0,0,0,0,0,0,0,0,0,0,0,0,0,2023
219000,Raub berf lle in Wohnungen,5162024,Neuss,voll.,7,5,2,0,0,0,0,0,0,0,0,0,0,0,0,0,0,0,5,4,1,2,1,1,7,5,2,2023
219000,Raub berf lle in Wohnungen,5162024,Neuss,insg.,7,5,2,0,0,0,0,0,0,0,0,0,0,0,0,0,0,0,5,4,1,2,1,1,7,5,2,2023
219000,Raub berf lle in Wohnungen,9564000,N rnberg,vers.,0,0,0,0,0,0,0,0,0,0,0,0,0,0,0,0,0,0,0,0,0,0,0,0,0,0,0,2023
219000,Raub berf lle in Wohnungen,9564000,N rnberg,voll.,4,1,3,0,0,0,0,0,0,0,0,0,0,0,0,0,0,0,3,1,2,1,0,1,4,1,3,2023
219000,Raub berf lle in Wohnungen,9564000,N rnberg,insg.,4,1,3,0,0,0,0,0,0,0,0,0,0,0,0,0,0,0,3,1,2,1,0,1,4,1,3,2023
219000,Raub berf lle in Wohnungen,5119000,Oberhausen,vers.,4,2,2,0,0,0,0,0,0,0,0,0,0,0,0,0,0,0,2,1,1,2,1,1,4,2,2,2023
219000,Raub berf lle in Wohnungen,5119000,Oberhausen,voll.,6,1,5,0,0,0,0,0,0,0,0,0,0,0,0,0,0,0,2,1,1,4,0,4,6,1,5,2023
219000,Raub berf lle in Wohnungen,5119000,Oberhausen,insg.,10,3,7,0,0,0,0,0,0,0,0,0,0,0,0,0,0,0,4,2,2,6,1,5,10,3,7,2023
219000,Raub berf lle in Wohnungen,6413000,Offenbach am Main,vers.,3,2,1,0,0,0,0,0,0,0,0,0,0,0,0,0,0,0,2,1,1,1,1,0,3,2,1,2023
219000,Raub berf lle in Wohnungen,6413000,Offenbach am Main,voll.,5,1,4,0,0,0,0,0,0,0,0,0,0,0,0,1,0,1,4,1,3,0,0,0,4,1,3,2023
219000,Raub berf lle in Wohnungen,6413000,Offenbach am Main,insg.,8,3,5,0,0,0,0,0,0,0,0,0,0,0,0,1,0,1,6,2,4,1,1,0,7,3,4,2023
219000,Raub berf lle in Wohnungen,3403000,Oldenburg (Oldenburg),vers.,2,1,1,0,0,0,0,0,0,0,0,0,0,0,0,0,0,0,1,0,1,1,1,0,2,1,1,2023
219000,Raub berf lle in Wohnungen,3403000,Oldenburg (Oldenburg),voll.,13,10,3,0,0,0,0,0,0,0,0,0,3,3,0,1,1,0,8,6,2,1,0,1,9,6,3,2023
219000,Raub berf lle in Wohnungen,3403000,Oldenburg (Oldenburg),insg.,15,11,4,0,0,0,0,0,0,0,0,0,3,3,0,1,1,0,9,6,3,2,1,1,11,7,4,2023
219000,Raub berf lle in Wohnungen,3404000,Osnabr ck,vers.,1,0,1,0,0,0,0,0,0,0,0,0,0,0,0,1,0,1,0,0,0,0,0,0,0,0,0,2023
219000,Raub berf lle in Wohnungen,3404000,Osnabr ck,voll.,13,9,4,0,0,0,1,1,0,1,1,0,1,0,1,1,0,1,9,8,1,1,0,1,10,8,2,2023
219000,Raub berf lle in Wohnungen,3404000,Osnabr ck,insg.,14,9,5,0,0,0,1,1,0,1,1,0,1,0,1,2,0,2,9,8,1,1,0,1,10,8,2,2023
219000,Raub berf lle in Wohnungen,5774032,Paderborn,vers.,0,0,0,0,0,0,0,0,0,0,0,0,0,0,0,0,0,0,0,0,0,0,0,0,0,0,0,2023
219000,Raub berf lle in Wohnungen,5774032,Paderborn,voll.,10,8,2,0,0,0,0,0,0,0,0,0,0,0,0,0,0,0,9,7,2,1,1,0,10,8,2,2023
219000,Raub berf lle in Wohnungen,5774032,Paderborn,insg.,10,8,2,0,0,0,0,0,0,0,0,0,0,0,0,0,0,0,9,7,2,1,1,0,10,8,2,2023
219000,Raub berf lle in Wohnungen,8231000,Pforzheim,vers.,0,0,0,0,0,0,0,0,0,0,0,0,0,0,0,0,0,0,0,0,0,0,0,0,0,0,0,2023
219000,Raub berf lle in Wohnungen,8231000,Pforzheim,voll.,2,1,1,0,0,0,0,0,0,0,0,0,0,0,0,0,0,0,2,1,1,0,0,0,2,1,1,2023
219000,Raub berf lle in Wohnungen,8231000,Pforzheim,insg.,2,1,1,0,0,0,0,0,0,0,0,0,0,0,0,0,0,0,2,1,1,0,0,0,2,1,1,2023
219000,Raub berf lle in Wohnungen,12054000,Potsdam,vers.,5,2,3,0,0,0,0,0,0,0,0,0,1,0,1,0,0,0,3,1,2,1,1,0,4,2,2,2023
219000,Raub berf lle in Wohnungen,12054000,Potsdam,voll.,9,6,3,0,0,0,0,0,0,0,0,0,0,0,0,2,2,0,7,4,3,0,0,0,7,4,3,2023
219000,Raub berf lle in Wohnungen,12054000,Potsdam,insg.,14,8,6,0,0,0,0,0,0,0,0,0,1,0,1,2,2,0,10,5,5,1,1,0,11,6,5,2023
219000,Raub berf lle in Wohnungen,5562032,Recklinghausen,vers.,1,1,0,0,0,0,0,0,0,0,0,0,0,0,0,0,0,0,0,0,0,1,1,0,1,1,0,2023
219000,Raub berf lle in Wohnungen,5562032,Recklinghausen,voll.,20,10,10,1,1,0,2,2,0,3,3,0,1,0,1,2,1,1,9,5,4,5,1,4,14,6,8,2023
219000,Raub berf lle in Wohnungen,5562032,Recklinghausen,insg.,21,11,10,1,1,0,2,2,0,3,3,0,1,0,1,2,1,1,9,5,4,6,2,4,15,7,8,2023
219000,Raub berf lle in Wohnungen,9362000,Regensburg,vers.,0,0,0,0,0,0,0,0,0,0,0,0,0,0,0,0,0,0,0,0,0,0,0,0,0,0,0,2023
219000,Raub berf lle in Wohnungen,9362000,Regensburg,voll.,2,1,1,0,0,0,0,0,0,0,0,0,0,0,0,1,1,0,0,0,0,1,0,1,1,0,1,2023
219000,Raub berf lle in Wohnungen,9362000,Regensburg,insg.,2,1,1,0,0,0,0,0,0,0,0,0,0,0,0,1,1,0,0,0,0,1,0,1,1,0,1,2023
219000,Raub berf lle in Wohnungen,5120000,Remscheid,vers.,2,1,1,0,0,0,0,0,0,0,0,0,0,0,0,0,0,0,1,1,0,1,0,1,2,1,1,2023
219000,Raub berf lle in Wohnungen,5120000,Remscheid,voll.,2,2,0,0,0,0,0,0,0,0,0,0,0,0,0,0,0,0,2,2,0,0,0,0,2,2,0,2023
219000,Raub berf lle in Wohnungen,5120000,Remscheid,insg.,4,3,1,0,0,0,0,0,0,0,0,0,0,0,0,0,0,0,3,3,0,1,0,1,4,3,1,2023
219000,Raub berf lle in Wohnungen,8415061,Reutlingen,vers.,0,0,0,0,0,0,0,0,0,0,0,0,0,0,0,0,0,0,0,0,0,0,0,0,0,0,0,2023
219000,Raub berf lle in Wohnungen,8415061,Reutlingen,voll.,3,2,1,0,0,0,0,0,0,0,0,0,0,0,0,0,0,0,3,2,1,0,0,0,3,2,1,2023
219000,Raub berf lle in Wohnungen,8415061,Reutlingen,insg.,3,2,1,0,0,0,0,0,0,0,0,0,0,0,0,0,0,0,3,2,1,0,0,0,3,2,1,2023
219000,Raub berf lle in Wohnungen,13003000,"Rostock, Hanse- und Universit tsstadt",vers.,2,2,0,0,0,0,0,0,0,0,0,0,0,0,0,0,0,0,2,2,0,0,0,0,2,2,0,2023
219000,Raub berf lle in Wohnungen,13003000,"Rostock, Hanse- und Universit tsstadt",voll.,9,7,2,0,0,0,0,0,0,0,0,0,0,0,0,4,3,1,3,3,0,2,1,1,5,4,1,2023
219000,Raub berf lle in Wohnungen,13003000,"Rostock, Hanse- und Universit tsstadt",insg.,11,9,2,0,0,0,0,0,0,0,0,0,0,0,0,4,3,1,5,5,0,2,1,1,7,6,1,2023
219000,Raub berf lle in Wohnungen,10041100,Saarbr cken,vers.,1,1,0,0,0,0,0,0,0,0,0,0,0,0,0,0,0,0,1,1,0,0,0,0,1,1,0,2023
219000,Raub berf lle in Wohnungen,10041100,Saarbr cken,voll.,12,8,4,0,0,0,0,0,0,0,0,0,1,1,0,1,0,1,7,5,2,3,2,1,10,7,3,2023
219000,Raub berf lle in Wohnungen,10041100,Saarbr cken,insg.,13,9,4,0,0,0,0,0,0,0,0,0,1,1,0,1,0,1,8,6,2,3,2,1,11,8,3,2023
219000,Raub berf lle in Wohnungen,3102000,Salzgitter,vers.,1,1,0,0,0,0,0,0,0,0,0,0,0,0,0,0,0,0,1,1,0,0,0,0,1,1,0,2023
219000,Raub berf lle in Wohnungen,3102000,Salzgitter,voll.,6,5,1,0,0,0,0,0,0,0,0,0,1,1,0,1,1,0,3,3,0,1,0,1,4,3,1,2023
219000,Raub berf lle in Wohnungen,3102000,Salzgitter,insg.,7,6,1,0,0,0,0,0,0,0,0,0,1,1,0,1,1,0,4,4,0,1,0,1,5,4,1,2023
219000,Raub berf lle in Wohnungen,13004000,Schwerin,vers.,9,4,5,0,0,0,0,0,0,0,0,0,2,0,2,3,3,0,4,1,3,0,0,0,4,1,3,2023
219000,Raub berf lle in Wohnungen,13004000,Schwerin,voll.,11,10,1,0,0,0,0,0,0,0,0,0,0,0,0,1,1,0,9,8,1,1,1,0,10,9,1,2023
219000,Raub berf lle in Wohnungen,13004000,Schwerin,insg.,20,14,6,0,0,0,0,0,0,0,0,0,2,0,2,4,4,0,13,9,4,1,1,0,14,10,4,2023
219000,Raub berf lle in Wohnungen,5970040,Siegen,vers.,2,0,2,0,0,0,1,0,1,1,0,1,0,0,0,0,0,0,1,0,1,0,0,0,1,0,1,2023
219000,Raub berf lle in Wohnungen,5970040,Siegen,voll.,5,4,1,0,0,0,0,0,0,0,0,0,0,0,0,1,1,0,3,3,0,1,0,1,4,3,1,2023
219000,Raub berf lle in Wohnungen,5970040,Siegen,insg.,7,4,3,0,0,0,1,0,1,1,0,1,0,0,0,1,1,0,4,3,1,1,0,1,5,3,2,2023
219000,Raub berf lle in Wohnungen,5122000,Solingen,vers.,0,0,0,0,0,0,0,0,0,0,0,0,0,0,0,0,0,0,0,0,0,0,0,0,0,0,0,2023
219000,Raub berf lle in Wohnungen,5122000,Solingen,voll.,3,3,0,0,0,0,0,0,0,0,0,0,0,0,0,0,0,0,3,3,0,0,0,0,3,3,0,2023
219000,Raub berf lle in Wohnungen,5122000,Solingen,insg.,3,3,0,0,0,0,0,0,0,0,0,0,0,0,0,0,0,0,3,3,0,0,0,0,3,3,0,2023
219000,Raub berf lle in Wohnungen,8111000,Stuttgart,vers.,6,1,5,0,0,0,0,0,0,0,0,0,0,0,0,0,0,0,4,0,4,2,1,1,6,1,5,2023
219000,Raub berf lle in Wohnungen,8111000,Stuttgart,voll.,29,16,13,0,0,0,1,0,1,1,0,1,1,1,0,2,1,1,20,10,10,5,4,1,25,14,11,2023
219000,Raub berf lle in Wohnungen,8111000,Stuttgart,insg.,35,17,18,0,0,0,1,0,1,1,0,1,1,1,0,2,1,1,24,10,14,7,5,2,31,15,16,2023
219000,Raub berf lle in Wohnungen,7211000,Trier,vers.,0,0,0,0,0,0,0,0,0,0,0,0,0,0,0,0,0,0,0,0,0,0,0,0,0,0,0,2023
219000,Raub berf lle in Wohnungen,7211000,Trier,voll.,2,1,1,0,0,0,0,0,0,0,0,0,0,0,0,0,0,0,2,1,1,0,0,0,2,1,1,2023
219000,Raub berf lle in Wohnungen,7211000,Trier,insg.,2,1,1,0,0,0,0,0,0,0,0,0,0,0,0,0,0,0,2,1,1,0,0,0,2,1,1,2023
219000,Raub berf lle in Wohnungen,8421000,Ulm,vers.,1,0,1,0,0,0,0,0,0,0,0,0,0,0,0,0,0,0,0,0,0,1,0,1,1,0,1,2023
219000,Raub berf lle in Wohnungen,8421000,Ulm,voll.,2,2,0,0,0,0,0,0,0,0,0,0,0,0,0,0,0,0,2,2,0,0,0,0,2,2,0,2023
219000,Raub berf lle in Wohnungen,8421000,Ulm,insg.,3,2,1,0,0,0,0,0,0,0,0,0,0,0,0,0,0,0,2,2,0,1,0,1,3,2,1,2023
219000,Raub berf lle in Wohnungen,6414000,Wiesbaden,vers.,2,0,2,0,0,0,0,0,0,0,0,0,0,0,0,0,0,0,2,0,2,0,0,0,2,0,2,2023
219000,Raub berf lle in Wohnungen,6414000,Wiesbaden,voll.,7,1,6,0,0,0,0,0,0,0,0,0,0,0,0,0,0,0,7,1,6,0,0,0,7,1,6,2023
219000,Raub berf lle in Wohnungen,6414000,Wiesbaden,insg.,9,1,8,0,0,0,0,0,0,0,0,0,0,0,0,0,0,0,9,1,8,0,0,0,9,1,8,2023
219000,Raub berf lle in Wohnungen,3103000,Wolfsburg,vers.,1,0,1,0,0,0,0,0,0,0,0,0,0,0,0,0,0,0,1,0,1,0,0,0,1,0,1,2023
219000,Raub berf lle in Wohnungen,3103000,Wolfsburg,voll.,0,0,0,0,0,0,0,0,0,0,0,0,0,0,0,0,0,0,0,0,0,0,0,0,0,0,0,2023
219000,Raub berf lle in Wohnungen,3103000,Wolfsburg,insg.,1,0,1,0,0,0,0,0,0,0,0,0,0,0,0,0,0,0,1,0,1,0,0,0,1,0,1,2023
219000,Raub berf lle in Wohnungen,5124000,Wuppertal,vers.,6,4,2,0,0,0,0,0,0,0,0,0,0,0,0,0,0,0,4,3,1,2,1,1,6,4,2,2023
219000,Raub berf lle in Wohnungen,5124000,Wuppertal,voll.,22,11,11,4,3,1,0,0,0,4,3,1,0,0,0,1,1,0,14,5,9,3,2,1,17,7,10,2023
219000,Raub berf lle in Wohnungen,5124000,Wuppertal,insg.,28,15,13,4,3,1,0,0,0,4,3,1,0,0,0,1,1,0,18,8,10,5,3,2,23,11,12,2023
219000,Raub berf lle in Wohnungen,9663000,W rzburg,vers.,0,0,0,0,0,0,0,0,0,0,0,0,0,0,0,0,0,0,0,0,0,0,0,0,0,0,0,2023
219000,Raub berf lle in Wohnungen,9663000,W rzburg,voll.,1,1,0,0,0,0,0,0,0,0,0,0,0,0,0,1,1,0,0,0,0,0,0,0,0,0,0,2023
219000,Raub berf lle in Wohnungen,9663000,W rzburg,insg.,1,1,0,0,0,0,0,0,0,0,0,0,0,0,0,1,1,0,0,0,0,0,0,0,0,0,0,2023
222000,"Gef hrliche und schwere K rperverletzung, Verst mmelung weiblicher Genitalien    224, 226, 226a, 231 StGB ",5334002,Aachen,vers.,134,90,44,0,0,0,2,1,1,2,1,1,4,3,1,10,6,4,106,73,33,12,7,5,118,80,38,2023
222000,"Gef hrliche und schwere K rperverletzung, Verst mmelung weiblicher Genitalien    224, 226, 226a, 231 StGB ",5334002,Aachen,voll.,697,511,186,1,1,0,33,24,9,34,25,9,73,49,24,65,42,23,498,374,124,27,21,6,525,395,130,2023
222000,"Gef hrliche und schwere K rperverletzung, Verst mmelung weiblicher Genitalien    224, 226, 226a, 231 StGB ",5334002,Aachen,insg.,831,601,230,1,1,0,35,25,10,36,26,10,77,52,25,75,48,27,604,447,157,39,28,11,643,475,168,2023
222000,"Gef hrliche und schwere K rperverletzung, Verst mmelung weiblicher Genitalien    224, 226, 226a, 231 StGB ",9761000,Augsburg,vers.,218,149,69,1,1,0,9,8,1,10,9,1,12,7,5,13,10,3,174,118,56,9,5,4,183,123,60,2023
222000,"Gef hrliche und schwere K rperverletzung, Verst mmelung weiblicher Genitalien    224, 226, 226a, 231 StGB ",9761000,Augsburg,voll.,793,606,187,4,3,1,85,58,27,89,61,28,118,78,40,52,46,6,504,400,104,30,21,9,534,421,113,2023
222000,"Gef hrliche und schwere K rperverletzung, Verst mmelung weiblicher Genitalien    224, 226, 226a, 231 StGB ",9761000,Augsburg,insg.,1011,755,256,5,4,1,94,66,28,99,70,29,130,85,45,65,56,9,678,518,160,39,26,13,717,544,173,2023
222000,"Gef hrliche und schwere K rperverletzung, Verst mmelung weiblicher Genitalien    224, 226, 226a, 231 StGB ",5378004,Bergisch Gladbach,vers.,50,37,13,0,0,0,3,3,0,3,3,0,3,3,0,1,1,0,40,27,13,3,3,0,43,30,13,2023
222000,"Gef hrliche und schwere K rperverletzung, Verst mmelung weiblicher Genitalien    224, 226, 226a, 231 StGB ",5378004,Bergisch Gladbach,voll.,186,134,52,0,0,0,9,7,2,9,7,2,24,18,6,11,9,2,132,91,41,10,9,1,142,100,42,2023
222000,"Gef hrliche und schwere K rperverletzung, Verst mmelung weiblicher Genitalien    224, 226, 226a, 231 StGB ",5378004,Bergisch Gladbach,insg.,236,171,65,0,0,0,12,10,2,12,10,2,27,21,6,12,10,2,172,118,54,13,12,1,185,130,55,2023
222000,"Gef hrliche und schwere K rperverletzung, Verst mmelung weiblicher Genitalien    224, 226, 226a, 231 StGB ",11000000,Berlin,vers.,3036,2195,841,27,20,7,141,97,44,168,117,51,169,123,46,133,95,38,2376,1740,636,190,120,70,2566,1860,706,2023
222000,"Gef hrliche und schwere K rperverletzung, Verst mmelung weiblicher Genitalien    224, 226, 226a, 231 StGB ",11000000,Berlin,voll.,12008,9148,2860,32,20,12,711,463,248,743,483,260,1284,945,339,936,667,269,8545,6706,1839,500,347,153,9045,7053,1992,2023
222000,"Gef hrliche und schwere K rperverletzung, Verst mmelung weiblicher Genitalien    224, 226, 226a, 231 StGB ",11000000,Berlin,insg.,15044,11343,3701,59,40,19,852,560,292,911,600,311,1453,1068,385,1069,762,307,10921,8446,2475,690,467,223,11611,8913,2698,2023
222000,"Gef hrliche und schwere K rperverletzung, Verst mmelung weiblicher Genitalien    224, 226, 226a, 231 StGB ",5711000,Bielefeld,vers.,225,190,35,0,0,0,7,5,2,7,5,2,7,5,2,10,8,2,154,130,24,47,42,5,201,172,29,2023
222000,"Gef hrliche und schwere K rperverletzung, Verst mmelung weiblicher Genitalien    224, 226, 226a, 231 StGB ",5711000,Bielefeld,voll.,820,597,223,2,0,2,31,19,12,33,19,14,104,72,32,89,71,18,556,410,146,38,25,13,594,435,159,2023
222000,"Gef hrliche und schwere K rperverletzung, Verst mmelung weiblicher Genitalien    224, 226, 226a, 231 StGB ",5711000,Bielefeld,insg.,1045,787,258,2,0,2,38,24,14,40,24,16,111,77,34,99,79,20,710,540,170,85,67,18,795,607,188,2023
222000,"Gef hrliche und schwere K rperverletzung, Verst mmelung weiblicher Genitalien    224, 226, 226a, 231 StGB ",5911000,Bochum,vers.,186,131,55,3,2,1,6,5,1,9,7,2,13,9,4,13,7,6,130,95,35,21,13,8,151,108,43,2023
222000,"Gef hrliche und schwere K rperverletzung, Verst mmelung weiblicher Genitalien    224, 226, 226a, 231 StGB ",5911000,Bochum,voll.,944,695,249,0,0,0,46,25,21,46,25,21,151,110,41,102,72,30,610,461,149,35,27,8,645,488,157,2023
222000,"Gef hrliche und schwere K rperverletzung, Verst mmelung weiblicher Genitalien    224, 226, 226a, 231 StGB ",5911000,Bochum,insg.,1130,826,304,3,2,1,52,30,22,55,32,23,164,119,45,115,79,36,740,556,184,56,40,16,796,596,200,2023
222000,"Gef hrliche und schwere K rperverletzung, Verst mmelung weiblicher Genitalien    224, 226, 226a, 231 StGB ",5314000,Bonn,vers.,221,152,69,3,3,0,4,2,2,7,5,2,10,6,4,18,14,4,166,116,50,20,11,9,186,127,59,2023
222000,"Gef hrliche und schwere K rperverletzung, Verst mmelung weiblicher Genitalien    224, 226, 226a, 231 StGB ",5314000,Bonn,voll.,1536,1113,423,12,5,7,342,251,91,354,256,98,328,226,102,133,89,44,666,504,162,55,38,17,721,542,179,2023
222000,"Gef hrliche und schwere K rperverletzung, Verst mmelung weiblicher Genitalien    224, 226, 226a, 231 StGB ",5314000,Bonn,insg.,1757,1265,492,15,8,7,346,253,93,361,261,100,338,232,106,151,103,48,832,620,212,75,49,26,907,669,238,2023
222000,"Gef hrliche und schwere K rperverletzung, Verst mmelung weiblicher Genitalien    224, 226, 226a, 231 StGB ",5512000,Bottrop,vers.,29,17,12,0,0,0,1,0,1,1,0,1,1,1,0,3,2,1,22,13,9,2,1,1,24,14,10,2023
222000,"Gef hrliche und schwere K rperverletzung, Verst mmelung weiblicher Genitalien    224, 226, 226a, 231 StGB ",5512000,Bottrop,voll.,249,179,70,2,1,1,34,26,8,36,27,9,44,35,9,17,11,6,142,101,41,10,5,5,152,106,46,2023
222000,"Gef hrliche und schwere K rperverletzung, Verst mmelung weiblicher Genitalien    224, 226, 226a, 231 StGB ",5512000,Bottrop,insg.,278,196,82,2,1,1,35,26,9,37,27,10,45,36,9,20,13,7,164,114,50,12,6,6,176,120,56,2023
222000,"Gef hrliche und schwere K rperverletzung, Verst mmelung weiblicher Genitalien    224, 226, 226a, 231 StGB ",3101000,Braunschweig,vers.,105,78,27,0,0,0,5,3,2,5,3,2,3,2,1,8,8,0,82,59,23,7,6,1,89,65,24,2023
222000,"Gef hrliche und schwere K rperverletzung, Verst mmelung weiblicher Genitalien    224, 226, 226a, 231 StGB ",3101000,Braunschweig,voll.,684,513,171,0,0,0,29,22,7,29,22,7,95,70,25,76,47,29,453,353,100,31,21,10,484,374,110,2023
222000,"Gef hrliche und schwere K rperverletzung, Verst mmelung weiblicher Genitalien    224, 226, 226a, 231 StGB ",3101000,Braunschweig,insg.,789,591,198,0,0,0,34,25,9,34,25,9,98,72,26,84,55,29,535,412,123,38,27,11,573,439,134,2023
222000,"Gef hrliche und schwere K rperverletzung, Verst mmelung weiblicher Genitalien    224, 226, 226a, 231 StGB ",4011000,Bremen,vers.,398,278,120,4,1,3,10,8,2,14,9,5,23,17,6,27,24,3,302,210,92,32,18,14,334,228,106,2023
222000,"Gef hrliche und schwere K rperverletzung, Verst mmelung weiblicher Genitalien    224, 226, 226a, 231 StGB ",4011000,Bremen,voll.,2701,2047,654,11,7,4,99,55,44,110,62,48,278,207,71,317,237,80,1883,1467,416,113,74,39,1996,1541,455,2023
222000,"Gef hrliche und schwere K rperverletzung, Verst mmelung weiblicher Genitalien    224, 226, 226a, 231 StGB ",4011000,Bremen,insg.,3099,2325,774,15,8,7,109,63,46,124,71,53,301,224,77,344,261,83,2185,1677,508,145,92,53,2330,1769,561,2023
222000,"Gef hrliche und schwere K rperverletzung, Verst mmelung weiblicher Genitalien    224, 226, 226a, 231 StGB ",4012000,Bremerhaven,vers.,45,32,13,0,0,0,2,2,0,2,2,0,8,8,0,4,1,3,29,19,10,2,2,0,31,21,10,2023
222000,"Gef hrliche und schwere K rperverletzung, Verst mmelung weiblicher Genitalien    224, 226, 226a, 231 StGB ",4012000,Bremerhaven,voll.,490,366,124,3,1,2,47,43,4,50,44,6,43,31,12,39,28,11,338,248,90,20,15,5,358,263,95,2023
222000,"Gef hrliche und schwere K rperverletzung, Verst mmelung weiblicher Genitalien    224, 226, 226a, 231 StGB ",4012000,Bremerhaven,insg.,535,398,137,3,1,2,49,45,4,52,46,6,51,39,12,43,29,14,367,267,100,22,17,5,389,284,105,2023
222000,"Gef hrliche und schwere K rperverletzung, Verst mmelung weiblicher Genitalien    224, 226, 226a, 231 StGB ",14511000,Chemnitz,vers.,107,77,30,0,0,0,3,1,2,3,1,2,5,2,3,13,8,5,80,61,19,6,5,1,86,66,20,2023
222000,"Gef hrliche und schwere K rperverletzung, Verst mmelung weiblicher Genitalien    224, 226, 226a, 231 StGB ",14511000,Chemnitz,voll.,671,498,173,4,3,1,47,29,18,51,32,19,81,52,29,74,59,15,446,346,100,19,9,10,465,355,110,2023
222000,"Gef hrliche und schwere K rperverletzung, Verst mmelung weiblicher Genitalien    224, 226, 226a, 231 StGB ",14511000,Chemnitz,insg.,778,575,203,4,3,1,50,30,20,54,33,21,86,54,32,87,67,20,526,407,119,25,14,11,551,421,130,2023
222000,"Gef hrliche und schwere K rperverletzung, Verst mmelung weiblicher Genitalien    224, 226, 226a, 231 StGB ",6411000,Darmstadt,vers.,57,34,23,0,0,0,1,1,0,1,1,0,1,1,0,1,1,0,50,29,21,4,2,2,54,31,23,2023
222000,"Gef hrliche und schwere K rperverletzung, Verst mmelung weiblicher Genitalien    224, 226, 226a, 231 StGB ",6411000,Darmstadt,voll.,471,347,124,2,1,1,20,15,5,22,16,6,50,35,15,40,24,16,340,260,80,19,12,7,359,272,87,2023
222000,"Gef hrliche und schwere K rperverletzung, Verst mmelung weiblicher Genitalien    224, 226, 226a, 231 StGB ",6411000,Darmstadt,insg.,528,381,147,2,1,1,21,16,5,23,17,6,51,36,15,41,25,16,390,289,101,23,14,9,413,303,110,2023
222000,"Gef hrliche und schwere K rperverletzung, Verst mmelung weiblicher Genitalien    224, 226, 226a, 231 StGB ",5913000,Dortmund,vers.,604,474,130,5,3,2,11,7,4,16,10,6,28,17,11,38,30,8,468,373,95,54,44,10,522,417,105,2023
222000,"Gef hrliche und schwere K rperverletzung, Verst mmelung weiblicher Genitalien    224, 226, 226a, 231 StGB ",5913000,Dortmund,voll.,2531,1840,691,11,6,5,195,118,77,206,124,82,279,179,100,256,193,63,1682,1272,410,108,72,36,1790,1344,446,2023
222000,"Gef hrliche und schwere K rperverletzung, Verst mmelung weiblicher Genitalien    224, 226, 226a, 231 StGB ",5913000,Dortmund,insg.,3135,2314,821,16,9,7,206,125,81,222,134,88,307,196,111,294,223,71,2150,1645,505,162,116,46,2312,1761,551,2023
222000,"Gef hrliche und schwere K rperverletzung, Verst mmelung weiblicher Genitalien    224, 226, 226a, 231 StGB ",14612000,Dresden,vers.,235,170,65,10,4,6,5,5,0,15,9,6,9,3,6,21,13,8,156,119,37,34,26,8,190,145,45,2023
222000,"Gef hrliche und schwere K rperverletzung, Verst mmelung weiblicher Genitalien    224, 226, 226a, 231 StGB ",14612000,Dresden,voll.,1356,1045,311,4,2,2,65,52,13,69,54,15,166,125,41,119,96,23,951,737,214,51,33,18,1002,770,232,2023
222000,"Gef hrliche und schwere K rperverletzung, Verst mmelung weiblicher Genitalien    224, 226, 226a, 231 StGB ",14612000,Dresden,insg.,1591,1215,376,14,6,8,70,57,13,84,63,21,175,128,47,140,109,31,1107,856,251,85,59,26,1192,915,277,2023
222000,"Gef hrliche und schwere K rperverletzung, Verst mmelung weiblicher Genitalien    224, 226, 226a, 231 StGB ",5112000,Duisburg,vers.,296,226,70,4,3,1,12,8,4,16,11,5,17,13,4,23,20,3,203,152,51,37,30,7,240,182,58,2023
222000,"Gef hrliche und schwere K rperverletzung, Verst mmelung weiblicher Genitalien    224, 226, 226a, 231 StGB ",5112000,Duisburg,voll.,1519,1010,509,9,5,4,141,93,48,150,98,52,210,140,70,120,87,33,951,625,326,88,60,28,1039,685,354,2023
222000,"Gef hrliche und schwere K rperverletzung, Verst mmelung weiblicher Genitalien    224, 226, 226a, 231 StGB ",5112000,Duisburg,insg.,1815,1236,579,13,8,5,153,101,52,166,109,57,227,153,74,143,107,36,1154,777,377,125,90,35,1279,867,412,2023
222000,"Gef hrliche und schwere K rperverletzung, Verst mmelung weiblicher Genitalien    224, 226, 226a, 231 StGB ",5111000,D sseldorf,vers.,379,281,98,2,0,2,7,4,3,9,4,5,22,17,5,28,20,8,296,225,71,24,15,9,320,240,80,2023
222000,"Gef hrliche und schwere K rperverletzung, Verst mmelung weiblicher Genitalien    224, 226, 226a, 231 StGB ",5111000,D sseldorf,voll.,1924,1439,485,10,7,3,87,54,33,97,61,36,174,118,56,185,145,40,1379,1050,329,89,65,24,1468,1115,353,2023
222000,"Gef hrliche und schwere K rperverletzung, Verst mmelung weiblicher Genitalien    224, 226, 226a, 231 StGB ",5111000,D sseldorf,insg.,2303,1720,583,12,7,5,94,58,36,106,65,41,196,135,61,213,165,48,1675,1275,400,113,80,33,1788,1355,433,2023
222000,"Gef hrliche und schwere K rperverletzung, Verst mmelung weiblicher Genitalien    224, 226, 226a, 231 StGB ",16051000,Erfurt,vers.,131,95,36,1,1,0,5,2,3,6,3,3,14,10,4,10,8,2,94,71,23,7,3,4,101,74,27,2023
222000,"Gef hrliche und schwere K rperverletzung, Verst mmelung weiblicher Genitalien    224, 226, 226a, 231 StGB ",16051000,Erfurt,voll.,497,373,124,3,3,0,33,21,12,36,24,12,33,24,9,68,47,21,350,273,77,10,5,5,360,278,82,2023
222000,"Gef hrliche und schwere K rperverletzung, Verst mmelung weiblicher Genitalien    224, 226, 226a, 231 StGB ",16051000,Erfurt,insg.,628,468,160,4,4,0,38,23,15,42,27,15,47,34,13,78,55,23,444,344,100,17,8,9,461,352,109,2023
222000,"Gef hrliche und schwere K rperverletzung, Verst mmelung weiblicher Genitalien    224, 226, 226a, 231 StGB ",9562000,Erlangen,vers.,31,15,16,0,0,0,0,0,0,0,0,0,1,0,1,4,1,3,23,13,10,3,1,2,26,14,12,2023
222000,"Gef hrliche und schwere K rperverletzung, Verst mmelung weiblicher Genitalien    224, 226, 226a, 231 StGB ",9562000,Erlangen,voll.,150,112,38,1,1,0,3,2,1,4,3,1,20,16,4,20,15,5,103,75,28,3,3,0,106,78,28,2023
222000,"Gef hrliche und schwere K rperverletzung, Verst mmelung weiblicher Genitalien    224, 226, 226a, 231 StGB ",9562000,Erlangen,insg.,181,127,54,1,1,0,3,2,1,4,3,1,21,16,5,24,16,8,126,88,38,6,4,2,132,92,40,2023
222000,"Gef hrliche und schwere K rperverletzung, Verst mmelung weiblicher Genitalien    224, 226, 226a, 231 StGB ",5113000,Essen,vers.,318,212,106,7,4,3,14,11,3,21,15,6,31,21,10,24,15,9,223,147,76,19,14,5,242,161,81,2023
222000,"Gef hrliche und schwere K rperverletzung, Verst mmelung weiblicher Genitalien    224, 226, 226a, 231 StGB ",5113000,Essen,voll.,1728,1173,555,13,10,3,153,89,64,166,99,67,231,159,72,143,87,56,1107,782,325,81,46,35,1188,828,360,2023
222000,"Gef hrliche und schwere K rperverletzung, Verst mmelung weiblicher Genitalien    224, 226, 226a, 231 StGB ",5113000,Essen,insg.,2046,1385,661,20,14,6,167,100,67,187,114,73,262,180,82,167,102,65,1330,929,401,100,60,40,1430,989,441,2023
222000,"Gef hrliche und schwere K rperverletzung, Verst mmelung weiblicher Genitalien    224, 226, 226a, 231 StGB ",6412000,Frankfurt am Main,vers.,442,346,96,1,0,1,15,13,2,16,13,3,21,13,8,27,20,7,356,288,68,22,12,10,378,300,78,2023
222000,"Gef hrliche und schwere K rperverletzung, Verst mmelung weiblicher Genitalien    224, 226, 226a, 231 StGB ",6412000,Frankfurt am Main,voll.,3176,2433,743,9,6,3,112,72,40,121,78,43,227,155,72,294,221,73,2388,1875,513,146,104,42,2534,1979,555,2023
222000,"Gef hrliche und schwere K rperverletzung, Verst mmelung weiblicher Genitalien    224, 226, 226a, 231 StGB ",6412000,Frankfurt am Main,insg.,3618,2779,839,10,6,4,127,85,42,137,91,46,248,168,80,321,241,80,2744,2163,581,168,116,52,2912,2279,633,2023
222000,"Gef hrliche und schwere K rperverletzung, Verst mmelung weiblicher Genitalien    224, 226, 226a, 231 StGB ",8311000,Freiburg im Breisgau,vers.,119,92,27,1,1,0,3,3,0,4,4,0,5,5,0,19,15,4,84,64,20,7,4,3,91,68,23,2023
222000,"Gef hrliche und schwere K rperverletzung, Verst mmelung weiblicher Genitalien    224, 226, 226a, 231 StGB ",8311000,Freiburg im Breisgau,voll.,567,470,97,1,1,0,12,5,7,13,6,7,23,18,5,65,56,9,449,380,69,17,10,7,466,390,76,2023
222000,"Gef hrliche und schwere K rperverletzung, Verst mmelung weiblicher Genitalien    224, 226, 226a, 231 StGB ",8311000,Freiburg im Breisgau,insg.,686,562,124,2,2,0,15,8,7,17,10,7,28,23,5,84,71,13,533,444,89,24,14,10,557,458,99,2023
222000,"Gef hrliche und schwere K rperverletzung, Verst mmelung weiblicher Genitalien    224, 226, 226a, 231 StGB ",9563000,F rth,vers.,24,15,9,1,0,1,2,2,0,3,2,1,1,1,0,1,0,1,19,12,7,0,0,0,19,12,7,2023
222000,"Gef hrliche und schwere K rperverletzung, Verst mmelung weiblicher Genitalien    224, 226, 226a, 231 StGB ",9563000,F rth,voll.,184,132,52,2,0,2,13,9,4,15,9,6,19,14,5,21,15,6,121,89,32,8,5,3,129,94,35,2023
222000,"Gef hrliche und schwere K rperverletzung, Verst mmelung weiblicher Genitalien    224, 226, 226a, 231 StGB ",9563000,F rth,insg.,208,147,61,3,0,3,15,11,4,18,11,7,20,15,5,22,15,7,140,101,39,8,5,3,148,106,42,2023
222000,"Gef hrliche und schwere K rperverletzung, Verst mmelung weiblicher Genitalien    224, 226, 226a, 231 StGB ",5513000,Gelsenkirchen,vers.,158,116,42,4,2,2,7,5,2,11,7,4,7,7,0,7,5,2,113,78,35,20,19,1,133,97,36,2023
222000,"Gef hrliche und schwere K rperverletzung, Verst mmelung weiblicher Genitalien    224, 226, 226a, 231 StGB ",5513000,Gelsenkirchen,voll.,890,615,275,8,3,5,81,51,30,89,54,35,131,87,44,68,49,19,569,401,168,33,24,9,602,425,177,2023
222000,"Gef hrliche und schwere K rperverletzung, Verst mmelung weiblicher Genitalien    224, 226, 226a, 231 StGB ",5513000,Gelsenkirchen,insg.,1048,731,317,12,5,7,88,56,32,100,61,39,138,94,44,75,54,21,682,479,203,53,43,10,735,522,213,2023
222000,"Gef hrliche und schwere K rperverletzung, Verst mmelung weiblicher Genitalien    224, 226, 226a, 231 StGB ",3159016,G ttingen,vers.,77,54,23,0,0,0,1,0,1,1,0,1,1,0,1,4,3,1,68,49,19,3,2,1,71,51,20,2023
222000,"Gef hrliche und schwere K rperverletzung, Verst mmelung weiblicher Genitalien    224, 226, 226a, 231 StGB ",3159016,G ttingen,voll.,356,251,105,0,0,0,21,13,8,21,13,8,25,18,7,24,14,10,276,197,79,10,9,1,286,206,80,2023
222000,"Gef hrliche und schwere K rperverletzung, Verst mmelung weiblicher Genitalien    224, 226, 226a, 231 StGB ",3159016,G ttingen,insg.,433,305,128,0,0,0,22,13,9,22,13,9,26,18,8,28,17,11,344,246,98,13,11,2,357,257,100,2023
222000,"Gef hrliche und schwere K rperverletzung, Verst mmelung weiblicher Genitalien    224, 226, 226a, 231 StGB ",5754008,G tersloh,vers.,58,39,19,1,1,0,2,2,0,3,3,0,5,3,2,2,1,1,47,31,16,1,1,0,48,32,16,2023
222000,"Gef hrliche und schwere K rperverletzung, Verst mmelung weiblicher Genitalien    224, 226, 226a, 231 StGB ",5754008,G tersloh,voll.,186,128,58,0,0,0,12,9,3,12,9,3,15,12,3,14,13,1,133,84,49,12,10,2,145,94,51,2023
222000,"Gef hrliche und schwere K rperverletzung, Verst mmelung weiblicher Genitalien    224, 226, 226a, 231 StGB ",5754008,G tersloh,insg.,244,167,77,1,1,0,14,11,3,15,12,3,20,15,5,16,14,2,180,115,65,13,11,2,193,126,67,2023
222000,"Gef hrliche und schwere K rperverletzung, Verst mmelung weiblicher Genitalien    224, 226, 226a, 231 StGB ",5914000,Hagen,vers.,116,67,49,3,0,3,7,4,3,10,4,6,11,6,5,16,11,5,69,40,29,10,6,4,79,46,33,2023
222000,"Gef hrliche und schwere K rperverletzung, Verst mmelung weiblicher Genitalien    224, 226, 226a, 231 StGB ",5914000,Hagen,voll.,546,386,160,7,4,3,51,25,26,58,29,29,77,57,20,60,45,15,321,234,87,30,21,9,351,255,96,2023
222000,"Gef hrliche und schwere K rperverletzung, Verst mmelung weiblicher Genitalien    224, 226, 226a, 231 StGB ",5914000,Hagen,insg.,662,453,209,10,4,6,58,29,29,68,33,35,88,63,25,76,56,20,390,274,116,40,27,13,430,301,129,2023
222000,"Gef hrliche und schwere K rperverletzung, Verst mmelung weiblicher Genitalien    224, 226, 226a, 231 StGB ",15002000,Halle (Saale),vers.,203,147,56,0,0,0,10,6,4,10,6,4,13,13,0,14,12,2,156,109,47,10,7,3,166,116,50,2023
222000,"Gef hrliche und schwere K rperverletzung, Verst mmelung weiblicher Genitalien    224, 226, 226a, 231 StGB ",15002000,Halle (Saale),voll.,840,648,192,1,0,1,76,55,21,77,55,22,103,67,36,97,76,21,537,432,105,26,18,8,563,450,113,2023
222000,"Gef hrliche und schwere K rperverletzung, Verst mmelung weiblicher Genitalien    224, 226, 226a, 231 StGB ",15002000,Halle (Saale),insg.,1043,795,248,1,0,1,86,61,25,87,61,26,116,80,36,111,88,23,693,541,152,36,25,11,729,566,163,2023
222000,"Gef hrliche und schwere K rperverletzung, Verst mmelung weiblicher Genitalien    224, 226, 226a, 231 StGB ",2000000,Hamburg,vers.,814,582,232,8,3,5,32,20,12,40,23,17,38,29,9,35,26,9,663,486,177,38,18,20,701,504,197,2023
222000,"Gef hrliche und schwere K rperverletzung, Verst mmelung weiblicher Genitalien    224, 226, 226a, 231 StGB ",2000000,Hamburg,voll.,5890,4452,1438,24,11,13,389,259,130,413,270,143,539,386,153,475,360,115,4224,3267,957,239,169,70,4463,3436,1027,2023
222000,"Gef hrliche und schwere K rperverletzung, Verst mmelung weiblicher Genitalien    224, 226, 226a, 231 StGB ",2000000,Hamburg,insg.,6704,5034,1670,32,14,18,421,279,142,453,293,160,577,415,162,510,386,124,4887,3753,1134,277,187,90,5164,3940,1224,2023
222000,"Gef hrliche und schwere K rperverletzung, Verst mmelung weiblicher Genitalien    224, 226, 226a, 231 StGB ",5915000,Hamm,vers.,116,82,34,0,0,0,7,4,3,7,4,3,8,7,1,13,10,3,76,52,24,12,9,3,88,61,27,2023
222000,"Gef hrliche und schwere K rperverletzung, Verst mmelung weiblicher Genitalien    224, 226, 226a, 231 StGB ",5915000,Hamm,voll.,521,385,136,2,1,1,26,18,8,28,19,9,72,50,22,41,28,13,353,269,84,27,19,8,380,288,92,2023
222000,"Gef hrliche und schwere K rperverletzung, Verst mmelung weiblicher Genitalien    224, 226, 226a, 231 StGB ",5915000,Hamm,insg.,637,467,170,2,1,1,33,22,11,35,23,12,80,57,23,54,38,16,429,321,108,39,28,11,468,349,119,2023
222000,"Gef hrliche und schwere K rperverletzung, Verst mmelung weiblicher Genitalien    224, 226, 226a, 231 StGB ",6435014,Hanau,vers.,17,13,4,0,0,0,1,0,1,1,0,1,0,0,0,2,2,0,9,6,3,5,5,0,14,11,3,2023
222000,"Gef hrliche und schwere K rperverletzung, Verst mmelung weiblicher Genitalien    224, 226, 226a, 231 StGB ",6435014,Hanau,voll.,193,124,69,0,0,0,11,7,4,11,7,4,17,9,8,10,8,2,143,93,50,12,7,5,155,100,55,2023
222000,"Gef hrliche und schwere K rperverletzung, Verst mmelung weiblicher Genitalien    224, 226, 226a, 231 StGB ",6435014,Hanau,insg.,210,137,73,0,0,0,12,7,5,12,7,5,17,9,8,12,10,2,152,99,53,17,12,5,169,111,58,2023
222000,"Gef hrliche und schwere K rperverletzung, Verst mmelung weiblicher Genitalien    224, 226, 226a, 231 StGB ",3241001,Hannover,vers.,377,282,95,4,1,3,17,11,6,21,12,9,25,14,11,24,16,8,289,226,63,18,14,4,307,240,67,2023
222000,"Gef hrliche und schwere K rperverletzung, Verst mmelung weiblicher Genitalien    224, 226, 226a, 231 StGB ",3241001,Hannover,voll.,2426,1914,512,10,3,7,138,108,30,148,111,37,274,195,79,212,171,41,1693,1362,331,99,75,24,1792,1437,355,2023
222000,"Gef hrliche und schwere K rperverletzung, Verst mmelung weiblicher Genitalien    224, 226, 226a, 231 StGB ",3241001,Hannover,insg.,2803,2196,607,14,4,10,155,119,36,169,123,46,299,209,90,236,187,49,1982,1588,394,117,89,28,2099,1677,422,2023
222000,"Gef hrliche und schwere K rperverletzung, Verst mmelung weiblicher Genitalien    224, 226, 226a, 231 StGB ",8221000,Heidelberg,vers.,68,54,14,0,0,0,0,0,0,0,0,0,4,1,3,8,5,3,52,45,7,4,3,1,56,48,8,2023
222000,"Gef hrliche und schwere K rperverletzung, Verst mmelung weiblicher Genitalien    224, 226, 226a, 231 StGB ",8221000,Heidelberg,voll.,460,373,87,1,1,0,6,3,3,7,4,3,57,35,22,64,52,12,320,272,48,12,10,2,332,282,50,2023
222000,"Gef hrliche und schwere K rperverletzung, Verst mmelung weiblicher Genitalien    224, 226, 226a, 231 StGB ",8221000,Heidelberg,insg.,528,427,101,1,1,0,6,3,3,7,4,3,61,36,25,72,57,15,372,317,55,16,13,3,388,330,58,2023
222000,"Gef hrliche und schwere K rperverletzung, Verst mmelung weiblicher Genitalien    224, 226, 226a, 231 StGB ",8121000,Heilbronn,vers.,40,26,14,0,0,0,1,1,0,1,1,0,2,1,1,4,4,0,31,20,11,2,0,2,33,20,13,2023
222000,"Gef hrliche und schwere K rperverletzung, Verst mmelung weiblicher Genitalien    224, 226, 226a, 231 StGB ",8121000,Heilbronn,voll.,427,305,122,1,1,0,17,4,13,18,5,13,34,21,13,47,34,13,322,240,82,6,5,1,328,245,83,2023
222000,"Gef hrliche und schwere K rperverletzung, Verst mmelung weiblicher Genitalien    224, 226, 226a, 231 StGB ",8121000,Heilbronn,insg.,467,331,136,1,1,0,18,5,13,19,6,13,36,22,14,51,38,13,353,260,93,8,5,3,361,265,96,2023
222000,"Gef hrliche und schwere K rperverletzung, Verst mmelung weiblicher Genitalien    224, 226, 226a, 231 StGB ",5916000,Herne,vers.,75,39,36,1,0,1,1,0,1,2,0,2,7,5,2,3,2,1,59,30,29,4,2,2,63,32,31,2023
222000,"Gef hrliche und schwere K rperverletzung, Verst mmelung weiblicher Genitalien    224, 226, 226a, 231 StGB ",5916000,Herne,voll.,320,222,98,2,2,0,23,13,10,25,15,10,46,30,16,42,33,9,197,138,59,10,6,4,207,144,63,2023
222000,"Gef hrliche und schwere K rperverletzung, Verst mmelung weiblicher Genitalien    224, 226, 226a, 231 StGB ",5916000,Herne,insg.,395,261,134,3,2,1,24,13,11,27,15,12,53,35,18,45,35,10,256,168,88,14,8,6,270,176,94,2023
222000,"Gef hrliche und schwere K rperverletzung, Verst mmelung weiblicher Genitalien    224, 226, 226a, 231 StGB ",3254021,Hildesheim,vers.,53,36,17,0,0,0,3,2,1,3,2,1,6,4,2,1,1,0,41,27,14,2,2,0,43,29,14,2023
222000,"Gef hrliche und schwere K rperverletzung, Verst mmelung weiblicher Genitalien    224, 226, 226a, 231 StGB ",3254021,Hildesheim,voll.,283,201,82,3,1,2,27,21,6,30,22,8,29,16,13,19,13,6,194,142,52,11,8,3,205,150,55,2023
222000,"Gef hrliche und schwere K rperverletzung, Verst mmelung weiblicher Genitalien    224, 226, 226a, 231 StGB ",3254021,Hildesheim,insg.,336,237,99,3,1,2,30,23,7,33,24,9,35,20,15,20,14,6,235,169,66,13,10,3,248,179,69,2023
222000,"Gef hrliche und schwere K rperverletzung, Verst mmelung weiblicher Genitalien    224, 226, 226a, 231 StGB ",9161000,Ingolstadt,vers.,97,70,27,0,0,0,3,2,1,3,2,1,6,5,1,3,3,0,78,54,24,7,6,1,85,60,25,2023
222000,"Gef hrliche und schwere K rperverletzung, Verst mmelung weiblicher Genitalien    224, 226, 226a, 231 StGB ",9161000,Ingolstadt,voll.,392,296,96,1,0,1,14,12,2,15,12,3,66,50,16,50,38,12,249,187,62,12,9,3,261,196,65,2023
222000,"Gef hrliche und schwere K rperverletzung, Verst mmelung weiblicher Genitalien    224, 226, 226a, 231 StGB ",9161000,Ingolstadt,insg.,489,366,123,1,0,1,17,14,3,18,14,4,72,55,17,53,41,12,327,241,86,19,15,4,346,256,90,2023
222000,"Gef hrliche und schwere K rperverletzung, Verst mmelung weiblicher Genitalien    224, 226, 226a, 231 StGB ",16053000,Jena,vers.,53,40,13,1,0,1,3,3,0,4,3,1,8,8,0,2,1,1,30,23,7,9,5,4,39,28,11,2023
222000,"Gef hrliche und schwere K rperverletzung, Verst mmelung weiblicher Genitalien    224, 226, 226a, 231 StGB ",16053000,Jena,voll.,177,130,47,2,2,0,4,3,1,6,5,1,14,11,3,21,12,9,129,99,30,7,3,4,136,102,34,2023
222000,"Gef hrliche und schwere K rperverletzung, Verst mmelung weiblicher Genitalien    224, 226, 226a, 231 StGB ",16053000,Jena,insg.,230,170,60,3,2,1,7,6,1,10,8,2,22,19,3,23,13,10,159,122,37,16,8,8,175,130,45,2023
222000,"Gef hrliche und schwere K rperverletzung, Verst mmelung weiblicher Genitalien    224, 226, 226a, 231 StGB ",7312000,Kaiserslautern,vers.,86,60,26,1,1,0,5,2,3,6,3,3,5,2,3,8,6,2,58,43,15,9,6,3,67,49,18,2023
222000,"Gef hrliche und schwere K rperverletzung, Verst mmelung weiblicher Genitalien    224, 226, 226a, 231 StGB ",7312000,Kaiserslautern,voll.,351,247,104,2,1,1,18,11,7,20,12,8,33,27,6,48,36,12,237,161,76,13,11,2,250,172,78,2023
222000,"Gef hrliche und schwere K rperverletzung, Verst mmelung weiblicher Genitalien    224, 226, 226a, 231 StGB ",7312000,Kaiserslautern,insg.,437,307,130,3,2,1,23,13,10,26,15,11,38,29,9,56,42,14,295,204,91,22,17,5,317,221,96,2023
222000,"Gef hrliche und schwere K rperverletzung, Verst mmelung weiblicher Genitalien    224, 226, 226a, 231 StGB ",8212000,Karlsruhe,vers.,106,65,41,3,2,1,7,2,5,10,4,6,5,4,1,5,4,1,82,50,32,4,3,1,86,53,33,2023
222000,"Gef hrliche und schwere K rperverletzung, Verst mmelung weiblicher Genitalien    224, 226, 226a, 231 StGB ",8212000,Karlsruhe,voll.,682,490,192,5,4,1,26,22,4,31,26,5,45,25,20,70,53,17,500,362,138,36,24,12,536,386,150,2023
222000,"Gef hrliche und schwere K rperverletzung, Verst mmelung weiblicher Genitalien    224, 226, 226a, 231 StGB ",8212000,Karlsruhe,insg.,788,555,233,8,6,2,33,24,9,41,30,11,50,29,21,75,57,18,582,412,170,40,27,13,622,439,183,2023
222000,"Gef hrliche und schwere K rperverletzung, Verst mmelung weiblicher Genitalien    224, 226, 226a, 231 StGB ",6611000,Kassel,vers.,111,79,32,1,0,1,0,0,0,1,0,1,6,3,3,11,8,3,85,65,20,8,3,5,93,68,25,2023
222000,"Gef hrliche und schwere K rperverletzung, Verst mmelung weiblicher Genitalien    224, 226, 226a, 231 StGB ",6611000,Kassel,voll.,829,600,229,6,3,3,25,14,11,31,17,14,77,51,26,94,71,23,593,437,156,34,24,10,627,461,166,2023
222000,"Gef hrliche und schwere K rperverletzung, Verst mmelung weiblicher Genitalien    224, 226, 226a, 231 StGB ",6611000,Kassel,insg.,940,679,261,7,3,4,25,14,11,32,17,15,83,54,29,105,79,26,678,502,176,42,27,15,720,529,191,2023
222000,"Gef hrliche und schwere K rperverletzung, Verst mmelung weiblicher Genitalien    224, 226, 226a, 231 StGB ",1002000,Kiel,vers.,64,41,23,2,0,2,3,0,3,5,0,5,4,3,1,8,7,1,47,31,16,0,0,0,47,31,16,2023
222000,"Gef hrliche und schwere K rperverletzung, Verst mmelung weiblicher Genitalien    224, 226, 226a, 231 StGB ",1002000,Kiel,voll.,717,566,151,0,0,0,31,24,7,31,24,7,109,92,17,58,36,22,498,397,101,21,17,4,519,414,105,2023
222000,"Gef hrliche und schwere K rperverletzung, Verst mmelung weiblicher Genitalien    224, 226, 226a, 231 StGB ",1002000,Kiel,insg.,781,607,174,2,0,2,34,24,10,36,24,12,113,95,18,66,43,23,545,428,117,21,17,4,566,445,121,2023
222000,"Gef hrliche und schwere K rperverletzung, Verst mmelung weiblicher Genitalien    224, 226, 226a, 231 StGB ",7111000,Koblenz,vers.,83,52,31,0,0,0,3,2,1,3,2,1,11,9,2,4,0,4,55,34,21,10,7,3,65,41,24,2023
222000,"Gef hrliche und schwere K rperverletzung, Verst mmelung weiblicher Genitalien    224, 226, 226a, 231 StGB ",7111000,Koblenz,voll.,359,261,98,0,0,0,18,15,3,18,15,3,48,35,13,35,24,11,243,180,63,15,7,8,258,187,71,2023
222000,"Gef hrliche und schwere K rperverletzung, Verst mmelung weiblicher Genitalien    224, 226, 226a, 231 StGB ",7111000,Koblenz,insg.,442,313,129,0,0,0,21,17,4,21,17,4,59,44,15,39,24,15,298,214,84,25,14,11,323,228,95,2023
222000,"Gef hrliche und schwere K rperverletzung, Verst mmelung weiblicher Genitalien    224, 226, 226a, 231 StGB ",5315000,K ln,vers.,833,599,234,2,2,0,26,21,5,28,23,5,57,35,22,53,34,19,614,447,167,81,60,21,695,507,188,2023
222000,"Gef hrliche und schwere K rperverletzung, Verst mmelung weiblicher Genitalien    224, 226, 226a, 231 StGB ",5315000,K ln,voll.,4313,3164,1149,28,16,12,197,109,88,225,125,100,407,285,122,456,343,113,2995,2244,751,230,167,63,3225,2411,814,2023
222000,"Gef hrliche und schwere K rperverletzung, Verst mmelung weiblicher Genitalien    224, 226, 226a, 231 StGB ",5315000,K ln,insg.,5146,3763,1383,30,18,12,223,130,93,253,148,105,464,320,144,509,377,132,3609,2691,918,311,227,84,3920,2918,1002,2023
222000,"Gef hrliche und schwere K rperverletzung, Verst mmelung weiblicher Genitalien    224, 226, 226a, 231 StGB ",5114000,Krefeld,vers.,77,47,30,1,0,1,1,0,1,2,0,2,4,3,1,5,3,2,56,36,20,10,5,5,66,41,25,2023
222000,"Gef hrliche und schwere K rperverletzung, Verst mmelung weiblicher Genitalien    224, 226, 226a, 231 StGB ",5114000,Krefeld,voll.,616,404,212,2,2,0,33,19,14,35,21,14,84,43,41,72,54,18,396,267,129,29,19,10,425,286,139,2023
222000,"Gef hrliche und schwere K rperverletzung, Verst mmelung weiblicher Genitalien    224, 226, 226a, 231 StGB ",5114000,Krefeld,insg.,693,451,242,3,2,1,34,19,15,37,21,16,88,46,42,77,57,20,452,303,149,39,24,15,491,327,164,2023
222000,"Gef hrliche und schwere K rperverletzung, Verst mmelung weiblicher Genitalien    224, 226, 226a, 231 StGB ",14713000,Leipzig,vers.,356,230,126,4,3,1,20,9,11,24,12,12,22,10,12,23,13,10,268,182,86,19,13,6,287,195,92,2023
222000,"Gef hrliche und schwere K rperverletzung, Verst mmelung weiblicher Genitalien    224, 226, 226a, 231 StGB ",14713000,Leipzig,voll.,1938,1464,474,15,10,5,83,58,25,98,68,30,190,148,42,180,140,40,1393,1058,335,77,50,27,1470,1108,362,2023
222000,"Gef hrliche und schwere K rperverletzung, Verst mmelung weiblicher Genitalien    224, 226, 226a, 231 StGB ",14713000,Leipzig,insg.,2294,1694,600,19,13,6,103,67,36,122,80,42,212,158,54,203,153,50,1661,1240,421,96,63,33,1757,1303,454,2023
222000,"Gef hrliche und schwere K rperverletzung, Verst mmelung weiblicher Genitalien    224, 226, 226a, 231 StGB ",5316000,Leverkusen,vers.,120,97,23,0,0,0,5,1,4,5,1,4,4,3,1,9,7,2,62,50,12,40,36,4,102,86,16,2023
222000,"Gef hrliche und schwere K rperverletzung, Verst mmelung weiblicher Genitalien    224, 226, 226a, 231 StGB ",5316000,Leverkusen,voll.,302,204,98,2,2,0,33,16,17,35,18,17,55,39,16,30,21,9,167,116,51,15,10,5,182,126,56,2023
222000,"Gef hrliche und schwere K rperverletzung, Verst mmelung weiblicher Genitalien    224, 226, 226a, 231 StGB ",5316000,Leverkusen,insg.,422,301,121,2,2,0,38,17,21,40,19,21,59,42,17,39,28,11,229,166,63,55,46,9,284,212,72,2023
222000,"Gef hrliche und schwere K rperverletzung, Verst mmelung weiblicher Genitalien    224, 226, 226a, 231 StGB ",1003000,L beck,vers.,124,82,42,1,1,0,5,3,2,6,4,2,14,12,2,7,6,1,89,56,33,8,4,4,97,60,37,2023
222000,"Gef hrliche und schwere K rperverletzung, Verst mmelung weiblicher Genitalien    224, 226, 226a, 231 StGB ",1003000,L beck,voll.,635,483,152,2,2,0,26,19,7,28,21,7,64,41,23,66,50,16,439,341,98,38,30,8,477,371,106,2023
222000,"Gef hrliche und schwere K rperverletzung, Verst mmelung weiblicher Genitalien    224, 226, 226a, 231 StGB ",1003000,L beck,insg.,759,565,194,3,3,0,31,22,9,34,25,9,78,53,25,73,56,17,528,397,131,46,34,12,574,431,143,2023
222000,"Gef hrliche und schwere K rperverletzung, Verst mmelung weiblicher Genitalien    224, 226, 226a, 231 StGB ",7314000,Ludwigshafen am Rhein,vers.,81,55,26,2,1,1,1,1,0,3,2,1,3,0,3,9,7,2,63,43,20,3,3,0,66,46,20,2023
222000,"Gef hrliche und schwere K rperverletzung, Verst mmelung weiblicher Genitalien    224, 226, 226a, 231 StGB ",7314000,Ludwigshafen am Rhein,voll.,625,437,188,3,2,1,60,34,26,63,36,27,74,52,22,52,38,14,411,293,118,25,18,7,436,311,125,2023
222000,"Gef hrliche und schwere K rperverletzung, Verst mmelung weiblicher Genitalien    224, 226, 226a, 231 StGB ",7314000,Ludwigshafen am Rhein,insg.,706,492,214,5,3,2,61,35,26,66,38,28,77,52,25,61,45,16,474,336,138,28,21,7,502,357,145,2023
222000,"Gef hrliche und schwere K rperverletzung, Verst mmelung weiblicher Genitalien    224, 226, 226a, 231 StGB ",15003000,Magdeburg,vers.,176,119,57,2,2,0,7,1,6,9,3,6,14,9,5,17,10,7,125,89,36,11,8,3,136,97,39,2023
222000,"Gef hrliche und schwere K rperverletzung, Verst mmelung weiblicher Genitalien    224, 226, 226a, 231 StGB ",15003000,Magdeburg,voll.,821,596,225,2,1,1,78,39,39,80,40,40,77,52,25,64,51,13,563,429,134,37,24,13,600,453,147,2023
222000,"Gef hrliche und schwere K rperverletzung, Verst mmelung weiblicher Genitalien    224, 226, 226a, 231 StGB ",15003000,Magdeburg,insg.,997,715,282,4,3,1,85,40,45,89,43,46,91,61,30,81,61,20,688,518,170,48,32,16,736,550,186,2023
222000,"Gef hrliche und schwere K rperverletzung, Verst mmelung weiblicher Genitalien    224, 226, 226a, 231 StGB ",7315000,Mainz,vers.,87,65,22,0,0,0,1,0,1,1,0,1,4,4,0,6,5,1,73,54,19,3,2,1,76,56,20,2023
222000,"Gef hrliche und schwere K rperverletzung, Verst mmelung weiblicher Genitalien    224, 226, 226a, 231 StGB ",7315000,Mainz,voll.,588,455,133,1,1,0,27,17,10,28,18,10,78,57,21,48,40,8,407,325,82,27,15,12,434,340,94,2023
222000,"Gef hrliche und schwere K rperverletzung, Verst mmelung weiblicher Genitalien    224, 226, 226a, 231 StGB ",7315000,Mainz,insg.,675,520,155,1,1,0,28,17,11,29,18,11,82,61,21,54,45,9,480,379,101,30,17,13,510,396,114,2023
222000,"Gef hrliche und schwere K rperverletzung, Verst mmelung weiblicher Genitalien    224, 226, 226a, 231 StGB ",8222000,Mannheim,vers.,70,49,21,0,0,0,1,1,0,1,1,0,4,3,1,4,4,0,57,37,20,4,4,0,61,41,20,2023
222000,"Gef hrliche und schwere K rperverletzung, Verst mmelung weiblicher Genitalien    224, 226, 226a, 231 StGB ",8222000,Mannheim,voll.,788,575,213,4,2,2,26,19,7,30,21,9,89,64,25,74,50,24,558,415,143,37,25,12,595,440,155,2023
222000,"Gef hrliche und schwere K rperverletzung, Verst mmelung weiblicher Genitalien    224, 226, 226a, 231 StGB ",8222000,Mannheim,insg.,858,624,234,4,2,2,27,20,7,31,22,9,93,67,26,78,54,24,615,452,163,41,29,12,656,481,175,2023
222000,"Gef hrliche und schwere K rperverletzung, Verst mmelung weiblicher Genitalien    224, 226, 226a, 231 StGB ",5170024,Moers,vers.,38,23,15,1,1,0,0,0,0,1,1,0,4,2,2,2,2,0,24,15,9,7,3,4,31,18,13,2023
222000,"Gef hrliche und schwere K rperverletzung, Verst mmelung weiblicher Genitalien    224, 226, 226a, 231 StGB ",5170024,Moers,voll.,211,134,77,2,0,2,15,6,9,17,6,11,41,34,7,22,14,8,119,72,47,12,8,4,131,80,51,2023
222000,"Gef hrliche und schwere K rperverletzung, Verst mmelung weiblicher Genitalien    224, 226, 226a, 231 StGB ",5170024,Moers,insg.,249,157,92,3,1,2,15,6,9,18,7,11,45,36,9,24,16,8,143,87,56,19,11,8,162,98,64,2023
222000,"Gef hrliche und schwere K rperverletzung, Verst mmelung weiblicher Genitalien    224, 226, 226a, 231 StGB ",5116000,M nchengladbach,vers.,157,115,42,3,2,1,8,8,0,11,10,1,12,10,2,12,7,5,111,79,32,11,9,2,122,88,34,2023
222000,"Gef hrliche und schwere K rperverletzung, Verst mmelung weiblicher Genitalien    224, 226, 226a, 231 StGB ",5116000,M nchengladbach,voll.,836,607,229,4,1,3,51,36,15,55,37,18,80,67,13,72,50,22,590,425,165,39,28,11,629,453,176,2023
222000,"Gef hrliche und schwere K rperverletzung, Verst mmelung weiblicher Genitalien    224, 226, 226a, 231 StGB ",5116000,M nchengladbach,insg.,993,722,271,7,3,4,59,44,15,66,47,19,92,77,15,84,57,27,701,504,197,50,37,13,751,541,210,2023
222000,"Gef hrliche und schwere K rperverletzung, Verst mmelung weiblicher Genitalien    224, 226, 226a, 231 StGB ",5117000,M lheim an der Ruhr,vers.,89,51,38,3,2,1,2,2,0,5,4,1,4,3,1,4,1,3,67,38,29,9,5,4,76,43,33,2023
222000,"Gef hrliche und schwere K rperverletzung, Verst mmelung weiblicher Genitalien    224, 226, 226a, 231 StGB ",5117000,M lheim an der Ruhr,voll.,305,202,103,2,0,2,28,16,12,30,16,14,48,37,11,31,22,9,180,115,65,16,12,4,196,127,69,2023
222000,"Gef hrliche und schwere K rperverletzung, Verst mmelung weiblicher Genitalien    224, 226, 226a, 231 StGB ",5117000,M lheim an der Ruhr,insg.,394,253,141,5,2,3,30,18,12,35,20,15,52,40,12,35,23,12,247,153,94,25,17,8,272,170,102,2023
222000,"Gef hrliche und schwere K rperverletzung, Verst mmelung weiblicher Genitalien    224, 226, 226a, 231 StGB ",9162000,M nchen,vers.,731,527,204,5,3,2,26,20,6,31,23,8,28,17,11,37,29,8,590,431,159,45,27,18,635,458,177,2023
222000,"Gef hrliche und schwere K rperverletzung, Verst mmelung weiblicher Genitalien    224, 226, 226a, 231 StGB ",9162000,M nchen,voll.,3462,2557,905,15,5,10,133,72,61,148,77,71,318,235,83,372,266,106,2480,1898,582,144,81,63,2624,1979,645,2023
222000,"Gef hrliche und schwere K rperverletzung, Verst mmelung weiblicher Genitalien    224, 226, 226a, 231 StGB ",9162000,M nchen,insg.,4193,3084,1109,20,8,12,159,92,67,179,100,79,346,252,94,409,295,114,3070,2329,741,189,108,81,3259,2437,822,2023
222000,"Gef hrliche und schwere K rperverletzung, Verst mmelung weiblicher Genitalien    224, 226, 226a, 231 StGB ",5515000,M nster,vers.,189,136,53,1,1,0,3,3,0,4,4,0,8,3,5,8,6,2,151,110,41,18,13,5,169,123,46,2023
222000,"Gef hrliche und schwere K rperverletzung, Verst mmelung weiblicher Genitalien    224, 226, 226a, 231 StGB ",5515000,M nster,voll.,859,638,221,4,0,4,36,24,12,40,24,16,82,54,28,102,73,29,605,463,142,30,24,6,635,487,148,2023
222000,"Gef hrliche und schwere K rperverletzung, Verst mmelung weiblicher Genitalien    224, 226, 226a, 231 StGB ",5515000,M nster,insg.,1048,774,274,5,1,4,39,27,12,44,28,16,90,57,33,110,79,31,756,573,183,48,37,11,804,610,194,2023
222000,"Gef hrliche und schwere K rperverletzung, Verst mmelung weiblicher Genitalien    224, 226, 226a, 231 StGB ",5162024,Neuss,vers.,80,53,27,2,1,1,7,4,3,9,5,4,5,2,3,3,1,2,58,42,16,5,3,2,63,45,18,2023
222000,"Gef hrliche und schwere K rperverletzung, Verst mmelung weiblicher Genitalien    224, 226, 226a, 231 StGB ",5162024,Neuss,voll.,334,247,87,1,1,0,17,11,6,18,12,6,29,23,6,25,17,8,237,175,62,25,20,5,262,195,67,2023
222000,"Gef hrliche und schwere K rperverletzung, Verst mmelung weiblicher Genitalien    224, 226, 226a, 231 StGB ",5162024,Neuss,insg.,414,300,114,3,2,1,24,15,9,27,17,10,34,25,9,28,18,10,295,217,78,30,23,7,325,240,85,2023
222000,"Gef hrliche und schwere K rperverletzung, Verst mmelung weiblicher Genitalien    224, 226, 226a, 231 StGB ",9564000,N rnberg,vers.,247,179,68,0,0,0,5,4,1,5,4,1,13,9,4,29,22,7,188,137,51,12,7,5,200,144,56,2023
222000,"Gef hrliche und schwere K rperverletzung, Verst mmelung weiblicher Genitalien    224, 226, 226a, 231 StGB ",9564000,N rnberg,voll.,1259,926,333,7,6,1,72,41,31,79,47,32,142,86,56,145,110,35,839,645,194,54,38,16,893,683,210,2023
222000,"Gef hrliche und schwere K rperverletzung, Verst mmelung weiblicher Genitalien    224, 226, 226a, 231 StGB ",9564000,N rnberg,insg.,1506,1105,401,7,6,1,77,45,32,84,51,33,155,95,60,174,132,42,1027,782,245,66,45,21,1093,827,266,2023
222000,"Gef hrliche und schwere K rperverletzung, Verst mmelung weiblicher Genitalien    224, 226, 226a, 231 StGB ",5119000,Oberhausen,vers.,87,64,23,0,0,0,7,6,1,7,6,1,8,3,5,7,5,2,50,35,15,15,15,0,65,50,15,2023
222000,"Gef hrliche und schwere K rperverletzung, Verst mmelung weiblicher Genitalien    224, 226, 226a, 231 StGB ",5119000,Oberhausen,voll.,597,395,202,5,3,2,44,23,21,49,26,23,66,46,20,64,44,20,397,265,132,21,14,7,418,279,139,2023
222000,"Gef hrliche und schwere K rperverletzung, Verst mmelung weiblicher Genitalien    224, 226, 226a, 231 StGB ",5119000,Oberhausen,insg.,684,459,225,5,3,2,51,29,22,56,32,24,74,49,25,71,49,22,447,300,147,36,29,7,483,329,154,2023
222000,"Gef hrliche und schwere K rperverletzung, Verst mmelung weiblicher Genitalien    224, 226, 226a, 231 StGB ",6413000,Offenbach am Main,vers.,20,12,8,0,0,0,1,1,0,1,1,0,0,0,0,2,2,0,14,8,6,3,1,2,17,9,8,2023
222000,"Gef hrliche und schwere K rperverletzung, Verst mmelung weiblicher Genitalien    224, 226, 226a, 231 StGB ",6413000,Offenbach am Main,voll.,296,220,76,2,0,2,29,22,7,31,22,9,33,17,16,15,10,5,205,161,44,12,10,2,217,171,46,2023
222000,"Gef hrliche und schwere K rperverletzung, Verst mmelung weiblicher Genitalien    224, 226, 226a, 231 StGB ",6413000,Offenbach am Main,insg.,316,232,84,2,0,2,30,23,7,32,23,9,33,17,16,17,12,5,219,169,50,15,11,4,234,180,54,2023
222000,"Gef hrliche und schwere K rperverletzung, Verst mmelung weiblicher Genitalien    224, 226, 226a, 231 StGB ",3403000,Oldenburg (Oldenburg),vers.,48,39,9,1,0,1,2,2,0,3,2,1,2,1,1,4,4,0,34,28,6,5,4,1,39,32,7,2023
222000,"Gef hrliche und schwere K rperverletzung, Verst mmelung weiblicher Genitalien    224, 226, 226a, 231 StGB ",3403000,Oldenburg (Oldenburg),voll.,381,294,87,7,5,2,21,17,4,28,22,6,44,35,9,49,43,6,247,186,61,13,8,5,260,194,66,2023
222000,"Gef hrliche und schwere K rperverletzung, Verst mmelung weiblicher Genitalien    224, 226, 226a, 231 StGB ",3403000,Oldenburg (Oldenburg),insg.,429,333,96,8,5,3,23,19,4,31,24,7,46,36,10,53,47,6,281,214,67,18,12,6,299,226,73,2023
222000,"Gef hrliche und schwere K rperverletzung, Verst mmelung weiblicher Genitalien    224, 226, 226a, 231 StGB ",3404000,Osnabr ck,vers.,67,50,17,1,0,1,0,0,0,1,0,1,6,4,2,7,4,3,52,42,10,1,0,1,53,42,11,2023
222000,"Gef hrliche und schwere K rperverletzung, Verst mmelung weiblicher Genitalien    224, 226, 226a, 231 StGB ",3404000,Osnabr ck,voll.,673,518,155,0,0,0,28,21,7,28,21,7,70,46,24,63,43,20,478,383,95,34,25,9,512,408,104,2023
222000,"Gef hrliche und schwere K rperverletzung, Verst mmelung weiblicher Genitalien    224, 226, 226a, 231 StGB ",3404000,Osnabr ck,insg.,740,568,172,1,0,1,28,21,7,29,21,8,76,50,26,70,47,23,530,425,105,35,25,10,565,450,115,2023
222000,"Gef hrliche und schwere K rperverletzung, Verst mmelung weiblicher Genitalien    224, 226, 226a, 231 StGB ",5774032,Paderborn,vers.,81,62,19,2,2,0,6,3,3,8,5,3,3,2,1,5,4,1,57,46,11,8,5,3,65,51,14,2023
222000,"Gef hrliche und schwere K rperverletzung, Verst mmelung weiblicher Genitalien    224, 226, 226a, 231 StGB ",5774032,Paderborn,voll.,430,325,105,0,0,0,20,13,7,20,13,7,37,27,10,54,41,13,297,230,67,22,14,8,319,244,75,2023
222000,"Gef hrliche und schwere K rperverletzung, Verst mmelung weiblicher Genitalien    224, 226, 226a, 231 StGB ",5774032,Paderborn,insg.,511,387,124,2,2,0,26,16,10,28,18,10,40,29,11,59,45,14,354,276,78,30,19,11,384,295,89,2023
222000,"Gef hrliche und schwere K rperverletzung, Verst mmelung weiblicher Genitalien    224, 226, 226a, 231 StGB ",8231000,Pforzheim,vers.,55,31,24,1,1,0,2,0,2,3,1,2,3,2,1,8,6,2,38,20,18,3,2,1,41,22,19,2023
222000,"Gef hrliche und schwere K rperverletzung, Verst mmelung weiblicher Genitalien    224, 226, 226a, 231 StGB ",8231000,Pforzheim,voll.,407,292,115,5,4,1,14,8,6,19,12,7,36,25,11,48,33,15,286,212,74,18,10,8,304,222,82,2023
222000,"Gef hrliche und schwere K rperverletzung, Verst mmelung weiblicher Genitalien    224, 226, 226a, 231 StGB ",8231000,Pforzheim,insg.,462,323,139,6,5,1,16,8,8,22,13,9,39,27,12,56,39,17,324,232,92,21,12,9,345,244,101,2023
222000,"Gef hrliche und schwere K rperverletzung, Verst mmelung weiblicher Genitalien    224, 226, 226a, 231 StGB ",12054000,Potsdam,vers.,50,38,12,0,0,0,2,2,0,2,2,0,5,4,1,1,0,1,39,31,8,3,1,2,42,32,10,2023
222000,"Gef hrliche und schwere K rperverletzung, Verst mmelung weiblicher Genitalien    224, 226, 226a, 231 StGB ",12054000,Potsdam,voll.,277,200,77,2,1,1,25,12,13,27,13,14,25,15,10,25,20,5,189,146,43,11,6,5,200,152,48,2023
222000,"Gef hrliche und schwere K rperverletzung, Verst mmelung weiblicher Genitalien    224, 226, 226a, 231 StGB ",12054000,Potsdam,insg.,327,238,89,2,1,1,27,14,13,29,15,14,30,19,11,26,20,6,228,177,51,14,7,7,242,184,58,2023
222000,"Gef hrliche und schwere K rperverletzung, Verst mmelung weiblicher Genitalien    224, 226, 226a, 231 StGB ",5562032,Recklinghausen,vers.,52,39,13,1,1,0,2,2,0,3,3,0,2,2,0,4,4,0,41,29,12,2,1,1,43,30,13,2023
222000,"Gef hrliche und schwere K rperverletzung, Verst mmelung weiblicher Genitalien    224, 226, 226a, 231 StGB ",5562032,Recklinghausen,voll.,253,168,85,2,1,1,14,10,4,16,11,5,35,18,17,20,17,3,168,111,57,14,11,3,182,122,60,2023
222000,"Gef hrliche und schwere K rperverletzung, Verst mmelung weiblicher Genitalien    224, 226, 226a, 231 StGB ",5562032,Recklinghausen,insg.,305,207,98,3,2,1,16,12,4,19,14,5,37,20,17,24,21,3,209,140,69,16,12,4,225,152,73,2023
222000,"Gef hrliche und schwere K rperverletzung, Verst mmelung weiblicher Genitalien    224, 226, 226a, 231 StGB ",9362000,Regensburg,vers.,79,60,19,0,0,0,1,1,0,1,1,0,3,3,0,5,3,2,69,53,16,1,0,1,70,53,17,2023
222000,"Gef hrliche und schwere K rperverletzung, Verst mmelung weiblicher Genitalien    224, 226, 226a, 231 StGB ",9362000,Regensburg,voll.,398,311,87,0,0,0,15,5,10,15,5,10,26,17,9,47,32,15,297,249,48,13,8,5,310,257,53,2023
222000,"Gef hrliche und schwere K rperverletzung, Verst mmelung weiblicher Genitalien    224, 226, 226a, 231 StGB ",9362000,Regensburg,insg.,477,371,106,0,0,0,16,6,10,16,6,10,29,20,9,52,35,17,366,302,64,14,8,6,380,310,70,2023
222000,"Gef hrliche und schwere K rperverletzung, Verst mmelung weiblicher Genitalien    224, 226, 226a, 231 StGB ",5120000,Remscheid,vers.,51,28,23,0,0,0,2,2,0,2,2,0,3,2,1,1,0,1,42,22,20,3,2,1,45,24,21,2023
222000,"Gef hrliche und schwere K rperverletzung, Verst mmelung weiblicher Genitalien    224, 226, 226a, 231 StGB ",5120000,Remscheid,voll.,212,137,75,4,3,1,12,5,7,16,8,8,29,19,10,29,18,11,128,85,43,10,7,3,138,92,46,2023
222000,"Gef hrliche und schwere K rperverletzung, Verst mmelung weiblicher Genitalien    224, 226, 226a, 231 StGB ",5120000,Remscheid,insg.,263,165,98,4,3,1,14,7,7,18,10,8,32,21,11,30,18,12,170,107,63,13,9,4,183,116,67,2023
222000,"Gef hrliche und schwere K rperverletzung, Verst mmelung weiblicher Genitalien    224, 226, 226a, 231 StGB ",8415061,Reutlingen,vers.,65,48,17,0,0,0,1,1,0,1,1,0,3,2,1,4,2,2,51,39,12,6,4,2,57,43,14,2023
222000,"Gef hrliche und schwere K rperverletzung, Verst mmelung weiblicher Genitalien    224, 226, 226a, 231 StGB ",8415061,Reutlingen,voll.,304,207,97,0,0,0,12,5,7,12,5,7,30,17,13,22,18,4,228,161,67,12,6,6,240,167,73,2023
222000,"Gef hrliche und schwere K rperverletzung, Verst mmelung weiblicher Genitalien    224, 226, 226a, 231 StGB ",8415061,Reutlingen,insg.,369,255,114,0,0,0,13,6,7,13,6,7,33,19,14,26,20,6,279,200,79,18,10,8,297,210,87,2023
222000,"Gef hrliche und schwere K rperverletzung, Verst mmelung weiblicher Genitalien    224, 226, 226a, 231 StGB ",13003000,"Rostock, Hanse- und Universit tsstadt",vers.,91,56,35,0,0,0,9,4,5,9,4,5,6,5,1,5,5,0,67,39,28,4,3,1,71,42,29,2023
222000,"Gef hrliche und schwere K rperverletzung, Verst mmelung weiblicher Genitalien    224, 226, 226a, 231 StGB ",13003000,"Rostock, Hanse- und Universit tsstadt",voll.,535,381,154,2,2,0,46,29,17,48,31,17,68,49,19,49,37,12,343,249,94,27,15,12,370,264,106,2023
222000,"Gef hrliche und schwere K rperverletzung, Verst mmelung weiblicher Genitalien    224, 226, 226a, 231 StGB ",13003000,"Rostock, Hanse- und Universit tsstadt",insg.,626,437,189,2,2,0,55,33,22,57,35,22,74,54,20,54,42,12,410,288,122,31,18,13,441,306,135,2023
222000,"Gef hrliche und schwere K rperverletzung, Verst mmelung weiblicher Genitalien    224, 226, 226a, 231 StGB ",10041100,Saarbr cken,vers.,107,83,24,1,1,0,6,4,2,7,5,2,5,3,2,8,6,2,70,56,14,17,13,4,87,69,18,2023
222000,"Gef hrliche und schwere K rperverletzung, Verst mmelung weiblicher Genitalien    224, 226, 226a, 231 StGB ",10041100,Saarbr cken,voll.,757,566,191,4,3,1,38,21,17,42,24,18,70,47,23,72,60,12,539,412,127,34,23,11,573,435,138,2023
222000,"Gef hrliche und schwere K rperverletzung, Verst mmelung weiblicher Genitalien    224, 226, 226a, 231 StGB ",10041100,Saarbr cken,insg.,864,649,215,5,4,1,44,25,19,49,29,20,75,50,25,80,66,14,609,468,141,51,36,15,660,504,156,2023
222000,"Gef hrliche und schwere K rperverletzung, Verst mmelung weiblicher Genitalien    224, 226, 226a, 231 StGB ",3102000,Salzgitter,vers.,32,18,14,1,0,1,4,3,1,5,3,2,0,0,0,4,3,1,22,11,11,1,1,0,23,12,11,2023
222000,"Gef hrliche und schwere K rperverletzung, Verst mmelung weiblicher Genitalien    224, 226, 226a, 231 StGB ",3102000,Salzgitter,voll.,252,173,79,1,1,0,25,18,7,26,19,7,40,25,15,19,12,7,150,105,45,17,12,5,167,117,50,2023
222000,"Gef hrliche und schwere K rperverletzung, Verst mmelung weiblicher Genitalien    224, 226, 226a, 231 StGB ",3102000,Salzgitter,insg.,284,191,93,2,1,1,29,21,8,31,22,9,40,25,15,23,15,8,172,116,56,18,13,5,190,129,61,2023
222000,"Gef hrliche und schwere K rperverletzung, Verst mmelung weiblicher Genitalien    224, 226, 226a, 231 StGB ",13004000,Schwerin,vers.,85,62,23,2,2,0,9,3,6,11,5,6,7,6,1,4,2,2,59,47,12,4,2,2,63,49,14,2023
222000,"Gef hrliche und schwere K rperverletzung, Verst mmelung weiblicher Genitalien    224, 226, 226a, 231 StGB ",13004000,Schwerin,voll.,398,291,107,2,1,1,45,36,9,47,37,10,28,20,8,48,36,12,264,194,70,11,4,7,275,198,77,2023
222000,"Gef hrliche und schwere K rperverletzung, Verst mmelung weiblicher Genitalien    224, 226, 226a, 231 StGB ",13004000,Schwerin,insg.,483,353,130,4,3,1,54,39,15,58,42,16,35,26,9,52,38,14,323,241,82,15,6,9,338,247,91,2023
222000,"Gef hrliche und schwere K rperverletzung, Verst mmelung weiblicher Genitalien    224, 226, 226a, 231 StGB ",5970040,Siegen,vers.,55,41,14,0,0,0,1,1,0,1,1,0,0,0,0,8,7,1,42,29,13,4,4,0,46,33,13,2023
222000,"Gef hrliche und schwere K rperverletzung, Verst mmelung weiblicher Genitalien    224, 226, 226a, 231 StGB ",5970040,Siegen,voll.,307,222,85,0,0,0,19,12,7,19,12,7,19,13,6,32,25,7,223,162,61,14,10,4,237,172,65,2023
222000,"Gef hrliche und schwere K rperverletzung, Verst mmelung weiblicher Genitalien    224, 226, 226a, 231 StGB ",5970040,Siegen,insg.,362,263,99,0,0,0,20,13,7,20,13,7,19,13,6,40,32,8,265,191,74,18,14,4,283,205,78,2023
222000,"Gef hrliche und schwere K rperverletzung, Verst mmelung weiblicher Genitalien    224, 226, 226a, 231 StGB ",5122000,Solingen,vers.,91,60,31,2,1,1,12,11,1,14,12,2,7,5,2,3,3,0,52,31,21,15,9,6,67,40,27,2023
222000,"Gef hrliche und schwere K rperverletzung, Verst mmelung weiblicher Genitalien    224, 226, 226a, 231 StGB ",5122000,Solingen,voll.,360,250,110,5,2,3,38,22,16,43,24,19,46,37,9,26,22,4,222,153,69,23,14,9,245,167,78,2023
222000,"Gef hrliche und schwere K rperverletzung, Verst mmelung weiblicher Genitalien    224, 226, 226a, 231 StGB ",5122000,Solingen,insg.,451,310,141,7,3,4,50,33,17,57,36,21,53,42,11,29,25,4,274,184,90,38,23,15,312,207,105,2023
222000,"Gef hrliche und schwere K rperverletzung, Verst mmelung weiblicher Genitalien    224, 226, 226a, 231 StGB ",8111000,Stuttgart,vers.,404,331,73,0,0,0,15,12,3,15,12,3,12,11,1,24,17,7,339,280,59,14,11,3,353,291,62,2023
222000,"Gef hrliche und schwere K rperverletzung, Verst mmelung weiblicher Genitalien    224, 226, 226a, 231 StGB ",8111000,Stuttgart,voll.,1824,1450,374,5,2,3,72,54,18,77,56,21,147,116,31,180,136,44,1378,1110,268,42,32,10,1420,1142,278,2023
222000,"Gef hrliche und schwere K rperverletzung, Verst mmelung weiblicher Genitalien    224, 226, 226a, 231 StGB ",8111000,Stuttgart,insg.,2228,1781,447,5,2,3,87,66,21,92,68,24,159,127,32,204,153,51,1717,1390,327,56,43,13,1773,1433,340,2023
222000,"Gef hrliche und schwere K rperverletzung, Verst mmelung weiblicher Genitalien    224, 226, 226a, 231 StGB ",7211000,Trier,vers.,57,35,22,1,1,0,3,0,3,4,1,3,0,0,0,7,6,1,43,26,17,3,2,1,46,28,18,2023
222000,"Gef hrliche und schwere K rperverletzung, Verst mmelung weiblicher Genitalien    224, 226, 226a, 231 StGB ",7211000,Trier,voll.,310,232,78,1,1,0,8,3,5,9,4,5,12,8,4,27,22,5,258,196,62,4,2,2,262,198,64,2023
222000,"Gef hrliche und schwere K rperverletzung, Verst mmelung weiblicher Genitalien    224, 226, 226a, 231 StGB ",7211000,Trier,insg.,367,267,100,2,2,0,11,3,8,13,5,8,12,8,4,34,28,6,301,222,79,7,4,3,308,226,82,2023
222000,"Gef hrliche und schwere K rperverletzung, Verst mmelung weiblicher Genitalien    224, 226, 226a, 231 StGB ",8421000,Ulm,vers.,43,25,18,0,0,0,1,1,0,1,1,0,2,1,1,4,2,2,35,21,14,1,0,1,36,21,15,2023
222000,"Gef hrliche und schwere K rperverletzung, Verst mmelung weiblicher Genitalien    224, 226, 226a, 231 StGB ",8421000,Ulm,voll.,349,258,91,0,0,0,10,5,5,10,5,5,42,27,15,30,22,8,257,197,60,10,7,3,267,204,63,2023
222000,"Gef hrliche und schwere K rperverletzung, Verst mmelung weiblicher Genitalien    224, 226, 226a, 231 StGB ",8421000,Ulm,insg.,392,283,109,0,0,0,11,6,5,11,6,5,44,28,16,34,24,10,292,218,74,11,7,4,303,225,78,2023
222000,"Gef hrliche und schwere K rperverletzung, Verst mmelung weiblicher Genitalien    224, 226, 226a, 231 StGB ",6414000,Wiesbaden,vers.,110,73,37,1,1,0,12,6,6,13,7,6,12,8,4,6,6,0,68,44,24,11,8,3,79,52,27,2023
222000,"Gef hrliche und schwere K rperverletzung, Verst mmelung weiblicher Genitalien    224, 226, 226a, 231 StGB ",6414000,Wiesbaden,voll.,794,555,239,3,3,0,55,37,18,58,40,18,114,79,35,63,41,22,528,373,155,31,22,9,559,395,164,2023
222000,"Gef hrliche und schwere K rperverletzung, Verst mmelung weiblicher Genitalien    224, 226, 226a, 231 StGB ",6414000,Wiesbaden,insg.,904,628,276,4,4,0,67,43,24,71,47,24,126,87,39,69,47,22,596,417,179,42,30,12,638,447,191,2023
222000,"Gef hrliche und schwere K rperverletzung, Verst mmelung weiblicher Genitalien    224, 226, 226a, 231 StGB ",3103000,Wolfsburg,vers.,23,11,12,0,0,0,0,0,0,0,0,0,0,0,0,1,0,1,20,10,10,2,1,1,22,11,11,2023
222000,"Gef hrliche und schwere K rperverletzung, Verst mmelung weiblicher Genitalien    224, 226, 226a, 231 StGB ",3103000,Wolfsburg,voll.,250,164,86,2,0,2,11,7,4,13,7,6,19,15,4,20,12,8,178,115,63,20,15,5,198,130,68,2023
222000,"Gef hrliche und schwere K rperverletzung, Verst mmelung weiblicher Genitalien    224, 226, 226a, 231 StGB ",3103000,Wolfsburg,insg.,273,175,98,2,0,2,11,7,4,13,7,6,19,15,4,21,12,9,198,125,73,22,16,6,220,141,79,2023
222000,"Gef hrliche und schwere K rperverletzung, Verst mmelung weiblicher Genitalien    224, 226, 226a, 231 StGB ",5124000,Wuppertal,vers.,237,152,85,1,0,1,13,10,3,14,10,4,9,6,3,28,14,14,168,111,57,18,11,7,186,122,64,2023
222000,"Gef hrliche und schwere K rperverletzung, Verst mmelung weiblicher Genitalien    224, 226, 226a, 231 StGB ",5124000,Wuppertal,voll.,979,645,334,6,2,4,82,55,27,88,57,31,123,79,44,96,51,45,608,413,195,64,45,19,672,458,214,2023
222000,"Gef hrliche und schwere K rperverletzung, Verst mmelung weiblicher Genitalien    224, 226, 226a, 231 StGB ",5124000,Wuppertal,insg.,1216,797,419,7,2,5,95,65,30,102,67,35,132,85,47,124,65,59,776,524,252,82,56,26,858,580,278,2023
222000,"Gef hrliche und schwere K rperverletzung, Verst mmelung weiblicher Genitalien    224, 226, 226a, 231 StGB ",9663000,W rzburg,vers.,58,47,11,0,0,0,0,0,0,0,0,0,1,1,0,2,1,1,53,43,10,2,2,0,55,45,10,2023
222000,"Gef hrliche und schwere K rperverletzung, Verst mmelung weiblicher Genitalien    224, 226, 226a, 231 StGB ",9663000,W rzburg,voll.,310,239,71,0,0,0,19,13,6,19,13,6,41,30,11,50,37,13,191,151,40,9,8,1,200,159,41,2023
222000,"Gef hrliche und schwere K rperverletzung, Verst mmelung weiblicher Genitalien    224, 226, 226a, 231 StGB ",9663000,W rzburg,insg.,368,286,82,0,0,0,19,13,6,19,13,6,42,31,11,52,38,14,244,194,50,11,10,1,255,204,51,2023
224000,Vors tzliche einfache K rperverletzung   223 StGB,5334002,Aachen,vers.,161,99,62,1,1,0,3,1,2,4,2,2,15,13,2,8,3,5,114,67,47,20,14,6,134,81,53,2023
224000,Vors tzliche einfache K rperverletzung   223 StGB,5334002,Aachen,voll.,1864,1104,760,9,5,4,96,63,33,105,68,37,131,82,49,149,92,57,1344,781,563,135,81,54,1479,862,617,2023
224000,Vors tzliche einfache K rperverletzung   223 StGB,5334002,Aachen,insg.,2025,1203,822,10,6,4,99,64,35,109,70,39,146,95,51,157,95,62,1458,848,610,155,95,60,1613,943,670,2023
224000,Vors tzliche einfache K rperverletzung   223 StGB,9761000,Augsburg,vers.,225,161,64,0,0,0,5,3,2,5,3,2,17,13,4,18,15,3,165,119,46,20,11,9,185,130,55,2023
224000,Vors tzliche einfache K rperverletzung   223 StGB,9761000,Augsburg,voll.,2352,1468,884,14,11,3,156,112,44,170,123,47,177,108,69,225,136,89,1643,1020,623,137,81,56,1780,1101,679,2023
224000,Vors tzliche einfache K rperverletzung   223 StGB,9761000,Augsburg,insg.,2577,1629,948,14,11,3,161,115,46,175,126,49,194,121,73,243,151,92,1808,1139,669,157,92,65,1965,1231,734,2023
224000,Vors tzliche einfache K rperverletzung   223 StGB,5378004,Bergisch Gladbach,vers.,97,48,49,1,1,0,6,4,2,7,5,2,8,5,3,6,4,2,61,24,37,15,10,5,76,34,42,2023
224000,Vors tzliche einfache K rperverletzung   223 StGB,5378004,Bergisch Gladbach,voll.,522,303,219,4,2,2,21,14,7,25,16,9,72,52,20,35,20,15,339,191,148,51,24,27,390,215,175,2023
224000,Vors tzliche einfache K rperverletzung   223 StGB,5378004,Bergisch Gladbach,insg.,619,351,268,5,3,2,27,18,9,32,21,11,80,57,23,41,24,17,400,215,185,66,34,32,466,249,217,2023
224000,Vors tzliche einfache K rperverletzung   223 StGB,11000000,Berlin,vers.,2902,1902,1000,22,12,10,89,61,28,111,73,38,144,101,43,159,91,68,2237,1476,761,251,161,90,2488,1637,851,2023
224000,Vors tzliche einfache K rperverletzung   223 StGB,11000000,Berlin,voll.,31972,18644,13328,242,139,103,2278,1526,752,2520,1665,855,2124,1270,854,1742,908,834,23391,13565,9826,2195,1236,959,25586,14801,10785,2023
224000,Vors tzliche einfache K rperverletzung   223 StGB,11000000,Berlin,insg.,34874,20546,14328,264,151,113,2367,1587,780,2631,1738,893,2268,1371,897,1901,999,902,25628,15041,10587,2446,1397,1049,28074,16438,11636,2023
224000,Vors tzliche einfache K rperverletzung   223 StGB,5711000,Bielefeld,vers.,126,68,58,2,1,1,7,4,3,9,5,4,9,5,4,4,3,1,96,51,45,8,4,4,104,55,49,2023
224000,Vors tzliche einfache K rperverletzung   223 StGB,5711000,Bielefeld,voll.,1814,986,828,9,5,4,85,59,26,94,64,30,148,84,64,143,91,52,1301,685,616,128,62,66,1429,747,682,2023
224000,Vors tzliche einfache K rperverletzung   223 StGB,5711000,Bielefeld,insg.,1940,1054,886,11,6,5,92,63,29,103,69,34,157,89,68,147,94,53,1397,736,661,136,66,70,1533,802,731,2023
224000,Vors tzliche einfache K rperverletzung   223 StGB,5911000,Bochum,vers.,204,127,77,1,0,1,10,9,1,11,9,2,12,7,5,9,7,2,144,83,61,28,21,7,172,104,68,2023
224000,Vors tzliche einfache K rperverletzung   223 StGB,5911000,Bochum,voll.,2440,1413,1027,18,11,7,166,110,56,184,121,63,241,161,80,175,100,75,1678,942,736,162,89,73,1840,1031,809,2023
224000,Vors tzliche einfache K rperverletzung   223 StGB,5911000,Bochum,insg.,2644,1540,1104,19,11,8,176,119,57,195,130,65,253,168,85,184,107,77,1822,1025,797,190,110,80,2012,1135,877,2023
224000,Vors tzliche einfache K rperverletzung   223 StGB,5314000,Bonn,vers.,345,197,148,6,3,3,10,4,6,16,7,9,23,11,12,16,9,7,260,153,107,30,17,13,290,170,120,2023
224000,Vors tzliche einfache K rperverletzung   223 StGB,5314000,Bonn,voll.,2497,1441,1056,17,7,10,170,122,48,187,129,58,205,128,77,151,74,77,1757,1003,754,197,107,90,1954,1110,844,2023
224000,Vors tzliche einfache K rperverletzung   223 StGB,5314000,Bonn,insg.,2842,1638,1204,23,10,13,180,126,54,203,136,67,228,139,89,167,83,84,2017,1156,861,227,124,103,2244,1280,964,2023
224000,Vors tzliche einfache K rperverletzung   223 StGB,5512000,Bottrop,vers.,45,23,22,0,0,0,2,2,0,2,2,0,5,3,2,1,1,0,33,17,16,4,0,4,37,17,20,2023
224000,Vors tzliche einfache K rperverletzung   223 StGB,5512000,Bottrop,voll.,550,292,258,1,0,1,57,34,23,58,34,24,55,32,23,41,17,24,348,182,166,48,27,21,396,209,187,2023
224000,Vors tzliche einfache K rperverletzung   223 StGB,5512000,Bottrop,insg.,595,315,280,1,0,1,59,36,23,60,36,24,60,35,25,42,18,24,381,199,182,52,27,25,433,226,207,2023
224000,Vors tzliche einfache K rperverletzung   223 StGB,3101000,Braunschweig,vers.,78,57,21,1,1,0,1,1,0,2,2,0,2,1,1,7,5,2,62,45,17,5,4,1,67,49,18,2023
224000,Vors tzliche einfache K rperverletzung   223 StGB,3101000,Braunschweig,voll.,1861,1144,717,15,7,8,108,74,34,123,81,42,172,99,73,148,94,54,1303,804,499,115,66,49,1418,870,548,2023
224000,Vors tzliche einfache K rperverletzung   223 StGB,3101000,Braunschweig,insg.,1939,1201,738,16,8,8,109,75,34,125,83,42,174,100,74,155,99,56,1365,849,516,120,70,50,1485,919,566,2023
224000,Vors tzliche einfache K rperverletzung   223 StGB,4011000,Bremen,vers.,291,181,110,1,0,1,4,3,1,5,3,2,16,13,3,23,13,10,222,143,79,25,9,16,247,152,95,2023
224000,Vors tzliche einfache K rperverletzung   223 StGB,4011000,Bremen,voll.,5432,3276,2156,20,13,7,156,107,49,176,120,56,343,208,135,432,239,193,4092,2484,1608,389,225,164,4481,2709,1772,2023
224000,Vors tzliche einfache K rperverletzung   223 StGB,4011000,Bremen,insg.,5723,3457,2266,21,13,8,160,110,50,181,123,58,359,221,138,455,252,203,4314,2627,1687,414,234,180,4728,2861,1867,2023
224000,Vors tzliche einfache K rperverletzung   223 StGB,4012000,Bremerhaven,vers.,36,21,15,1,1,0,1,0,1,2,1,1,2,1,1,4,3,1,27,16,11,1,0,1,28,16,12,2023
224000,Vors tzliche einfache K rperverletzung   223 StGB,4012000,Bremerhaven,voll.,1243,652,591,3,2,1,88,56,32,91,58,33,107,67,40,101,48,53,884,445,439,60,34,26,944,479,465,2023
224000,Vors tzliche einfache K rperverletzung   223 StGB,4012000,Bremerhaven,insg.,1279,673,606,4,3,1,89,56,33,93,59,34,109,68,41,105,51,54,911,461,450,61,34,27,972,495,477,2023
224000,Vors tzliche einfache K rperverletzung   223 StGB,14511000,Chemnitz,vers.,47,33,14,0,0,0,4,2,2,4,2,2,2,0,2,4,3,1,34,25,9,3,3,0,37,28,9,2023
224000,Vors tzliche einfache K rperverletzung   223 StGB,14511000,Chemnitz,voll.,1294,761,533,15,10,5,91,59,32,106,69,37,131,80,51,132,71,61,840,490,350,85,51,34,925,541,384,2023
224000,Vors tzliche einfache K rperverletzung   223 StGB,14511000,Chemnitz,insg.,1341,794,547,15,10,5,95,61,34,110,71,39,133,80,53,136,74,62,874,515,359,88,54,34,962,569,393,2023
224000,Vors tzliche einfache K rperverletzung   223 StGB,6411000,Darmstadt,vers.,34,23,11,0,0,0,0,0,0,0,0,0,5,3,2,1,1,0,27,18,9,1,1,0,28,19,9,2023
224000,Vors tzliche einfache K rperverletzung   223 StGB,6411000,Darmstadt,voll.,817,466,351,5,3,2,53,38,15,58,41,17,62,35,27,37,18,19,618,348,270,42,24,18,660,372,288,2023
224000,Vors tzliche einfache K rperverletzung   223 StGB,6411000,Darmstadt,insg.,851,489,362,5,3,2,53,38,15,58,41,17,67,38,29,38,19,19,645,366,279,43,25,18,688,391,297,2023
224000,Vors tzliche einfache K rperverletzung   223 StGB,5913000,Dortmund,vers.,394,248,146,6,4,2,14,9,5,20,13,7,21,8,13,23,16,7,285,178,107,45,33,12,330,211,119,2023
224000,Vors tzliche einfache K rperverletzung   223 StGB,5913000,Dortmund,voll.,4904,2729,2175,32,23,9,262,160,102,294,183,111,398,210,188,345,177,168,3559,1993,1566,308,166,142,3867,2159,1708,2023
224000,Vors tzliche einfache K rperverletzung   223 StGB,5913000,Dortmund,insg.,5298,2977,2321,38,27,11,276,169,107,314,196,118,419,218,201,368,193,175,3844,2171,1673,353,199,154,4197,2370,1827,2023
224000,Vors tzliche einfache K rperverletzung   223 StGB,14612000,Dresden,vers.,137,93,44,1,1,0,1,1,0,2,2,0,10,7,3,8,3,5,106,76,30,11,5,6,117,81,36,2023
224000,Vors tzliche einfache K rperverletzung   223 StGB,14612000,Dresden,voll.,3013,1800,1213,43,22,21,210,130,80,253,152,101,284,179,105,194,123,71,2091,1242,849,191,104,87,2282,1346,936,2023
224000,Vors tzliche einfache K rperverletzung   223 StGB,14612000,Dresden,insg.,3150,1893,1257,44,23,21,211,131,80,255,154,101,294,186,108,202,126,76,2197,1318,879,202,109,93,2399,1427,972,2023
224000,Vors tzliche einfache K rperverletzung   223 StGB,5112000,Duisburg,vers.,217,114,103,3,1,2,17,12,5,20,13,7,25,17,8,16,5,11,140,72,68,16,7,9,156,79,77,2023
224000,Vors tzliche einfache K rperverletzung   223 StGB,5112000,Duisburg,voll.,3448,1755,1693,36,20,16,325,202,123,361,222,139,312,178,134,218,112,106,2334,1107,1227,223,136,87,2557,1243,1314,2023
224000,Vors tzliche einfache K rperverletzung   223 StGB,5112000,Duisburg,insg.,3665,1869,1796,39,21,18,342,214,128,381,235,146,337,195,142,234,117,117,2474,1179,1295,239,143,96,2713,1322,1391,2023
224000,Vors tzliche einfache K rperverletzung   223 StGB,5111000,D sseldorf,vers.,363,237,126,3,2,1,13,9,4,16,11,5,13,6,7,18,8,10,284,189,95,32,23,9,316,212,104,2023
224000,Vors tzliche einfache K rperverletzung   223 StGB,5111000,D sseldorf,voll.,4548,2779,1769,28,15,13,170,108,62,198,123,75,314,181,133,341,205,136,3354,2063,1291,341,207,134,3695,2270,1425,2023
224000,Vors tzliche einfache K rperverletzung   223 StGB,5111000,D sseldorf,insg.,4911,3016,1895,31,17,14,183,117,66,214,134,80,327,187,140,359,213,146,3638,2252,1386,373,230,143,4011,2482,1529,2023
224000,Vors tzliche einfache K rperverletzung   223 StGB,16051000,Erfurt,vers.,173,111,62,1,1,0,8,3,5,9,4,5,9,7,2,17,10,7,128,83,45,10,7,3,138,90,48,2023
224000,Vors tzliche einfache K rperverletzung   223 StGB,16051000,Erfurt,voll.,1873,1159,714,28,20,8,157,93,64,185,113,72,165,106,59,170,112,58,1257,778,479,96,50,46,1353,828,525,2023
224000,Vors tzliche einfache K rperverletzung   223 StGB,16051000,Erfurt,insg.,2046,1270,776,29,21,8,165,96,69,194,117,77,174,113,61,187,122,65,1385,861,524,106,57,49,1491,918,573,2023
224000,Vors tzliche einfache K rperverletzung   223 StGB,9562000,Erlangen,vers.,30,19,11,0,0,0,0,0,0,0,0,0,2,1,1,5,2,3,23,16,7,0,0,0,23,16,7,2023
224000,Vors tzliche einfache K rperverletzung   223 StGB,9562000,Erlangen,voll.,441,270,171,2,0,2,27,18,9,29,18,11,37,22,15,38,25,13,303,184,119,34,21,13,337,205,132,2023
224000,Vors tzliche einfache K rperverletzung   223 StGB,9562000,Erlangen,insg.,471,289,182,2,0,2,27,18,9,29,18,11,39,23,16,43,27,16,326,200,126,34,21,13,360,221,139,2023
224000,Vors tzliche einfache K rperverletzung   223 StGB,5113000,Essen,vers.,308,189,119,6,2,4,15,11,4,21,13,8,30,19,11,18,13,5,200,118,82,39,26,13,239,144,95,2023
224000,Vors tzliche einfache K rperverletzung   223 StGB,5113000,Essen,voll.,3402,1800,1602,38,22,16,242,149,93,280,171,109,321,170,151,245,116,129,2324,1214,1110,232,129,103,2556,1343,1213,2023
224000,Vors tzliche einfache K rperverletzung   223 StGB,5113000,Essen,insg.,3710,1989,1721,44,24,20,257,160,97,301,184,117,351,189,162,263,129,134,2524,1332,1192,271,155,116,2795,1487,1308,2023
224000,Vors tzliche einfache K rperverletzung   223 StGB,6412000,Frankfurt am Main,vers.,188,130,58,1,1,0,11,5,6,12,6,6,5,3,2,6,2,4,155,111,44,10,8,2,165,119,46,2023
224000,Vors tzliche einfache K rperverletzung   223 StGB,6412000,Frankfurt am Main,voll.,5079,2888,2191,28,15,13,188,129,59,216,144,72,226,131,95,323,161,162,3959,2226,1733,355,226,129,4314,2452,1862,2023
224000,Vors tzliche einfache K rperverletzung   223 StGB,6412000,Frankfurt am Main,insg.,5267,3018,2249,29,16,13,199,134,65,228,150,78,231,134,97,329,163,166,4114,2337,1777,365,234,131,4479,2571,1908,2023
224000,Vors tzliche einfache K rperverletzung   223 StGB,8311000,Freiburg im Breisgau,vers.,148,108,40,0,0,0,2,1,1,2,1,1,9,4,5,8,8,0,118,86,32,11,9,2,129,95,34,2023
224000,Vors tzliche einfache K rperverletzung   223 StGB,8311000,Freiburg im Breisgau,voll.,1932,1261,671,18,10,8,90,54,36,108,64,44,130,89,41,159,105,54,1420,936,484,115,67,48,1535,1003,532,2023
224000,Vors tzliche einfache K rperverletzung   223 StGB,8311000,Freiburg im Breisgau,insg.,2080,1369,711,18,10,8,92,55,37,110,65,45,139,93,46,167,113,54,1538,1022,516,126,76,50,1664,1098,566,2023
224000,Vors tzliche einfache K rperverletzung   223 StGB,9563000,F rth,vers.,27,16,11,0,0,0,0,0,0,0,0,0,4,2,2,1,1,0,21,12,9,1,1,0,22,13,9,2023
224000,Vors tzliche einfache K rperverletzung   223 StGB,9563000,F rth,voll.,558,310,248,6,5,1,37,22,15,43,27,16,81,54,27,37,21,16,367,189,178,30,19,11,397,208,189,2023
224000,Vors tzliche einfache K rperverletzung   223 StGB,9563000,F rth,insg.,585,326,259,6,5,1,37,22,15,43,27,16,85,56,29,38,22,16,388,201,187,31,20,11,419,221,198,2023
224000,Vors tzliche einfache K rperverletzung   223 StGB,5513000,Gelsenkirchen,vers.,104,61,43,0,0,0,4,1,3,4,1,3,9,6,3,1,0,1,84,48,36,6,6,0,90,54,36,2023
224000,Vors tzliche einfache K rperverletzung   223 StGB,5513000,Gelsenkirchen,voll.,2363,1173,1190,18,10,8,217,147,70,235,157,78,242,118,124,171,69,102,1580,755,825,135,74,61,1715,829,886,2023
224000,Vors tzliche einfache K rperverletzung   223 StGB,5513000,Gelsenkirchen,insg.,2467,1234,1233,18,10,8,221,148,73,239,158,81,251,124,127,172,69,103,1664,803,861,141,80,61,1805,883,922,2023
224000,Vors tzliche einfache K rperverletzung   223 StGB,3159016,G ttingen,vers.,75,51,24,1,1,0,0,0,0,1,1,0,2,1,1,1,0,1,59,45,14,12,4,8,71,49,22,2023
224000,Vors tzliche einfache K rperverletzung   223 StGB,3159016,G ttingen,voll.,954,566,388,6,4,2,31,22,9,37,26,11,68,32,36,81,29,52,710,447,263,58,32,26,768,479,289,2023
224000,Vors tzliche einfache K rperverletzung   223 StGB,3159016,G ttingen,insg.,1029,617,412,7,5,2,31,22,9,38,27,11,70,33,37,82,29,53,769,492,277,70,36,34,839,528,311,2023
224000,Vors tzliche einfache K rperverletzung   223 StGB,5754008,G tersloh,vers.,58,31,27,1,0,1,5,4,1,6,4,2,4,0,4,2,1,1,36,21,15,10,5,5,46,26,20,2023
224000,Vors tzliche einfache K rperverletzung   223 StGB,5754008,G tersloh,voll.,484,245,239,1,0,1,26,15,11,27,15,12,46,27,19,35,21,14,343,163,180,33,19,14,376,182,194,2023
224000,Vors tzliche einfache K rperverletzung   223 StGB,5754008,G tersloh,insg.,542,276,266,2,0,2,31,19,12,33,19,14,50,27,23,37,22,15,379,184,195,43,24,19,422,208,214,2023
224000,Vors tzliche einfache K rperverletzung   223 StGB,5914000,Hagen,vers.,132,77,55,2,2,0,5,3,2,7,5,2,5,3,2,7,5,2,104,59,45,9,5,4,113,64,49,2023
224000,Vors tzliche einfache K rperverletzung   223 StGB,5914000,Hagen,voll.,1433,787,646,10,6,4,150,93,57,160,99,61,129,79,50,99,50,49,965,507,458,80,52,28,1045,559,486,2023
224000,Vors tzliche einfache K rperverletzung   223 StGB,5914000,Hagen,insg.,1565,864,701,12,8,4,155,96,59,167,104,63,134,82,52,106,55,51,1069,566,503,89,57,32,1158,623,535,2023
224000,Vors tzliche einfache K rperverletzung   223 StGB,15002000,Halle (Saale),vers.,200,136,64,2,1,1,7,5,2,9,6,3,16,10,6,16,7,9,145,101,44,14,12,2,159,113,46,2023
224000,Vors tzliche einfache K rperverletzung   223 StGB,15002000,Halle (Saale),voll.,2394,1419,975,25,19,6,231,152,79,256,171,85,258,161,97,153,83,70,1604,942,662,123,62,61,1727,1004,723,2023
224000,Vors tzliche einfache K rperverletzung   223 StGB,15002000,Halle (Saale),insg.,2594,1555,1039,27,20,7,238,157,81,265,177,88,274,171,103,169,90,79,1749,1043,706,137,74,63,1886,1117,769,2023
224000,Vors tzliche einfache K rperverletzung   223 StGB,2000000,Hamburg,vers.,647,437,210,2,2,0,25,17,8,27,19,8,21,13,8,31,23,8,504,337,167,64,45,19,568,382,186,2023
224000,Vors tzliche einfache K rperverletzung   223 StGB,2000000,Hamburg,voll.,16394,9973,6421,103,65,38,857,589,268,960,654,306,1069,632,437,1008,602,406,12356,7491,4865,1001,594,407,13357,8085,5272,2023
224000,Vors tzliche einfache K rperverletzung   223 StGB,2000000,Hamburg,insg.,17041,10410,6631,105,67,38,882,606,276,987,673,314,1090,645,445,1039,625,414,12860,7828,5032,1065,639,426,13925,8467,5458,2023
224000,Vors tzliche einfache K rperverletzung   223 StGB,5915000,Hamm,vers.,132,83,49,1,1,0,8,6,2,9,7,2,14,10,4,8,4,4,94,58,36,7,4,3,101,62,39,2023
224000,Vors tzliche einfache K rperverletzung   223 StGB,5915000,Hamm,voll.,1322,719,603,5,3,2,79,56,23,84,59,25,151,87,64,114,63,51,896,457,439,77,53,24,973,510,463,2023
224000,Vors tzliche einfache K rperverletzung   223 StGB,5915000,Hamm,insg.,1454,802,652,6,4,2,87,62,25,93,66,27,165,97,68,122,67,55,990,515,475,84,57,27,1074,572,502,2023
224000,Vors tzliche einfache K rperverletzung   223 StGB,6435014,Hanau,vers.,10,8,2,0,0,0,1,1,0,1,1,0,0,0,0,0,0,0,8,6,2,1,1,0,9,7,2,2023
224000,Vors tzliche einfache K rperverletzung   223 StGB,6435014,Hanau,voll.,473,203,270,3,0,3,25,18,7,28,18,10,24,15,9,27,12,15,364,141,223,30,17,13,394,158,236,2023
224000,Vors tzliche einfache K rperverletzung   223 StGB,6435014,Hanau,insg.,483,211,272,3,0,3,26,19,7,29,19,10,24,15,9,27,12,15,372,147,225,31,18,13,403,165,238,2023
224000,Vors tzliche einfache K rperverletzung   223 StGB,3241001,Hannover,vers.,375,257,118,3,2,1,13,9,4,16,11,5,20,12,8,17,9,8,305,214,91,17,11,6,322,225,97,2023
224000,Vors tzliche einfache K rperverletzung   223 StGB,3241001,Hannover,voll.,5465,3352,2113,31,20,11,298,188,110,329,208,121,394,220,174,378,214,164,4024,2490,1534,340,220,120,4364,2710,1654,2023
224000,Vors tzliche einfache K rperverletzung   223 StGB,3241001,Hannover,insg.,5840,3609,2231,34,22,12,311,197,114,345,219,126,414,232,182,395,223,172,4329,2704,1625,357,231,126,4686,2935,1751,2023
224000,Vors tzliche einfache K rperverletzung   223 StGB,8221000,Heidelberg,vers.,48,38,10,0,0,0,1,0,1,1,0,1,2,2,0,1,1,0,42,33,9,2,2,0,44,35,9,2023
224000,Vors tzliche einfache K rperverletzung   223 StGB,8221000,Heidelberg,voll.,1014,708,306,6,3,3,29,20,9,35,23,12,71,41,30,98,75,23,742,520,222,68,49,19,810,569,241,2023
224000,Vors tzliche einfache K rperverletzung   223 StGB,8221000,Heidelberg,insg.,1062,746,316,6,3,3,30,20,10,36,23,13,73,43,30,99,76,23,784,553,231,70,51,19,854,604,250,2023
224000,Vors tzliche einfache K rperverletzung   223 StGB,8121000,Heilbronn,vers.,23,17,6,0,0,0,0,0,0,0,0,0,0,0,0,1,1,0,18,13,5,4,3,1,22,16,6,2023
224000,Vors tzliche einfache K rperverletzung   223 StGB,8121000,Heilbronn,voll.,973,534,439,3,2,1,64,39,25,67,41,26,58,28,30,79,34,45,713,393,320,56,38,18,769,431,338,2023
224000,Vors tzliche einfache K rperverletzung   223 StGB,8121000,Heilbronn,insg.,996,551,445,3,2,1,64,39,25,67,41,26,58,28,30,80,35,45,731,406,325,60,41,19,791,447,344,2023
224000,Vors tzliche einfache K rperverletzung   223 StGB,5916000,Herne,vers.,116,69,47,0,0,0,13,7,6,13,7,6,7,4,3,7,6,1,82,47,35,7,5,2,89,52,37,2023
224000,Vors tzliche einfache K rperverletzung   223 StGB,5916000,Herne,voll.,1282,706,576,2,1,1,92,49,43,94,50,44,120,71,49,95,52,43,891,491,400,82,42,40,973,533,440,2023
224000,Vors tzliche einfache K rperverletzung   223 StGB,5916000,Herne,insg.,1398,775,623,2,1,1,105,56,49,107,57,50,127,75,52,102,58,44,973,538,435,89,47,42,1062,585,477,2023
224000,Vors tzliche einfache K rperverletzung   223 StGB,3254021,Hildesheim,vers.,43,26,17,0,0,0,1,1,0,1,1,0,2,1,1,4,3,1,33,18,15,3,3,0,36,21,15,2023
224000,Vors tzliche einfache K rperverletzung   223 StGB,3254021,Hildesheim,voll.,748,399,349,8,5,3,54,33,21,62,38,24,83,38,45,57,30,27,508,271,237,38,22,16,546,293,253,2023
224000,Vors tzliche einfache K rperverletzung   223 StGB,3254021,Hildesheim,insg.,791,425,366,8,5,3,55,34,21,63,39,24,85,39,46,61,33,28,541,289,252,41,25,16,582,314,268,2023
224000,Vors tzliche einfache K rperverletzung   223 StGB,9161000,Ingolstadt,vers.,102,79,23,1,1,0,2,1,1,3,2,1,12,10,2,7,6,1,72,55,17,8,6,2,80,61,19,2023
224000,Vors tzliche einfache K rperverletzung   223 StGB,9161000,Ingolstadt,voll.,899,575,324,11,10,1,43,33,10,54,43,11,87,60,27,84,58,26,622,381,241,52,33,19,674,414,260,2023
224000,Vors tzliche einfache K rperverletzung   223 StGB,9161000,Ingolstadt,insg.,1001,654,347,12,11,1,45,34,11,57,45,12,99,70,29,91,64,27,694,436,258,60,39,21,754,475,279,2023
224000,Vors tzliche einfache K rperverletzung   223 StGB,16053000,Jena,vers.,26,18,8,0,0,0,1,1,0,1,1,0,1,0,1,1,0,1,21,16,5,2,1,1,23,17,6,2023
224000,Vors tzliche einfache K rperverletzung   223 StGB,16053000,Jena,voll.,499,318,181,5,4,1,47,30,17,52,34,18,32,23,9,34,23,11,348,219,129,33,19,14,381,238,143,2023
224000,Vors tzliche einfache K rperverletzung   223 StGB,16053000,Jena,insg.,525,336,189,5,4,1,48,31,17,53,35,18,33,23,10,35,23,12,369,235,134,35,20,15,404,255,149,2023
224000,Vors tzliche einfache K rperverletzung   223 StGB,7312000,Kaiserslautern,vers.,121,87,34,1,0,1,6,4,2,7,4,3,8,5,3,10,8,2,85,60,25,11,10,1,96,70,26,2023
224000,Vors tzliche einfache K rperverletzung   223 StGB,7312000,Kaiserslautern,voll.,1036,633,403,4,1,3,62,39,23,66,40,26,77,50,27,90,53,37,744,459,285,59,31,28,803,490,313,2023
224000,Vors tzliche einfache K rperverletzung   223 StGB,7312000,Kaiserslautern,insg.,1157,720,437,5,1,4,68,43,25,73,44,29,85,55,30,100,61,39,829,519,310,70,41,29,899,560,339,2023
224000,Vors tzliche einfache K rperverletzung   223 StGB,8212000,Karlsruhe,vers.,101,64,37,0,0,0,9,6,3,9,6,3,2,2,0,5,2,3,76,48,28,9,6,3,85,54,31,2023
224000,Vors tzliche einfache K rperverletzung   223 StGB,8212000,Karlsruhe,voll.,1467,852,615,7,2,5,80,51,29,87,53,34,108,54,54,79,41,38,1063,631,432,130,73,57,1193,704,489,2023
224000,Vors tzliche einfache K rperverletzung   223 StGB,8212000,Karlsruhe,insg.,1568,916,652,7,2,5,89,57,32,96,59,37,110,56,54,84,43,41,1139,679,460,139,79,60,1278,758,520,2023
224000,Vors tzliche einfache K rperverletzung   223 StGB,6611000,Kassel,vers.,62,36,26,1,0,1,1,0,1,2,0,2,2,1,1,7,4,3,42,28,14,9,3,6,51,31,20,2023
224000,Vors tzliche einfache K rperverletzung   223 StGB,6611000,Kassel,voll.,1555,837,718,20,8,12,58,39,19,78,47,31,94,53,41,119,61,58,1171,622,549,93,54,39,1264,676,588,2023
224000,Vors tzliche einfache K rperverletzung   223 StGB,6611000,Kassel,insg.,1617,873,744,21,8,13,59,39,20,80,47,33,96,54,42,126,65,61,1213,650,563,102,57,45,1315,707,608,2023
224000,Vors tzliche einfache K rperverletzung   223 StGB,1002000,Kiel,vers.,63,44,19,0,0,0,2,1,1,2,1,1,11,7,4,5,4,1,39,27,12,6,5,1,45,32,13,2023
224000,Vors tzliche einfache K rperverletzung   223 StGB,1002000,Kiel,voll.,1806,1097,709,7,4,3,90,66,24,97,70,27,153,85,68,182,115,67,1298,785,513,76,42,34,1374,827,547,2023
224000,Vors tzliche einfache K rperverletzung   223 StGB,1002000,Kiel,insg.,1869,1141,728,7,4,3,92,67,25,99,71,28,164,92,72,187,119,68,1337,812,525,82,47,35,1419,859,560,2023
224000,Vors tzliche einfache K rperverletzung   223 StGB,7111000,Koblenz,vers.,76,54,22,3,3,0,3,2,1,6,5,1,8,6,2,3,3,0,56,37,19,3,3,0,59,40,19,2023
224000,Vors tzliche einfache K rperverletzung   223 StGB,7111000,Koblenz,voll.,913,531,382,6,5,1,42,25,17,48,30,18,73,42,31,76,46,30,657,375,282,59,38,21,716,413,303,2023
224000,Vors tzliche einfache K rperverletzung   223 StGB,7111000,Koblenz,insg.,989,585,404,9,8,1,45,27,18,54,35,19,81,48,33,79,49,30,713,412,301,62,41,21,775,453,322,2023
224000,Vors tzliche einfache K rperverletzung   223 StGB,5315000,K ln,vers.,733,469,264,5,2,3,16,12,4,21,14,7,41,25,16,49,38,11,543,333,210,79,59,20,622,392,230,2023
224000,Vors tzliche einfache K rperverletzung   223 StGB,5315000,K ln,voll.,9794,5864,3930,72,50,22,478,308,170,550,358,192,667,378,289,745,449,296,7176,4301,2875,656,378,278,7832,4679,3153,2023
224000,Vors tzliche einfache K rperverletzung   223 StGB,5315000,K ln,insg.,10527,6333,4194,77,52,25,494,320,174,571,372,199,708,403,305,794,487,307,7719,4634,3085,735,437,298,8454,5071,3383,2023
224000,Vors tzliche einfache K rperverletzung   223 StGB,5114000,Krefeld,vers.,92,53,39,0,0,0,1,1,0,1,1,0,3,3,0,4,2,2,68,38,30,16,9,7,84,47,37,2023
224000,Vors tzliche einfache K rperverletzung   223 StGB,5114000,Krefeld,voll.,1496,756,740,9,6,3,126,79,47,135,85,50,110,52,58,112,51,61,1027,493,534,112,75,37,1139,568,571,2023
224000,Vors tzliche einfache K rperverletzung   223 StGB,5114000,Krefeld,insg.,1588,809,779,9,6,3,127,80,47,136,86,50,113,55,58,116,53,63,1095,531,564,128,84,44,1223,615,608,2023
224000,Vors tzliche einfache K rperverletzung   223 StGB,14713000,Leipzig,vers.,223,159,64,1,1,0,4,4,0,5,5,0,13,9,4,11,7,4,172,124,48,22,14,8,194,138,56,2023
224000,Vors tzliche einfache K rperverletzung   223 StGB,14713000,Leipzig,voll.,3917,2348,1569,37,19,18,229,144,85,266,163,103,276,163,113,271,154,117,2827,1717,1110,277,151,126,3104,1868,1236,2023
224000,Vors tzliche einfache K rperverletzung   223 StGB,14713000,Leipzig,insg.,4140,2507,1633,38,20,18,233,148,85,271,168,103,289,172,117,282,161,121,2999,1841,1158,299,165,134,3298,2006,1292,2023
224000,Vors tzliche einfache K rperverletzung   223 StGB,5316000,Leverkusen,vers.,85,49,36,1,1,0,4,3,1,5,4,1,8,3,5,3,2,1,57,32,25,12,8,4,69,40,29,2023
224000,Vors tzliche einfache K rperverletzung   223 StGB,5316000,Leverkusen,voll.,974,537,437,9,7,2,58,36,22,67,43,24,78,46,32,57,25,32,697,383,314,75,40,35,772,423,349,2023
224000,Vors tzliche einfache K rperverletzung   223 StGB,5316000,Leverkusen,insg.,1059,586,473,10,8,2,62,39,23,72,47,25,86,49,37,60,27,33,754,415,339,87,48,39,841,463,378,2023
224000,Vors tzliche einfache K rperverletzung   223 StGB,1003000,L beck,vers.,167,124,43,0,0,0,6,3,3,6,3,3,14,10,4,4,3,1,128,95,33,15,13,2,143,108,35,2023
224000,Vors tzliche einfache K rperverletzung   223 StGB,1003000,L beck,voll.,2015,1232,783,19,16,3,111,69,42,130,85,45,133,76,57,159,99,60,1428,874,554,165,98,67,1593,972,621,2023
224000,Vors tzliche einfache K rperverletzung   223 StGB,1003000,L beck,insg.,2182,1356,826,19,16,3,117,72,45,136,88,48,147,86,61,163,102,61,1556,969,587,180,111,69,1736,1080,656,2023
224000,Vors tzliche einfache K rperverletzung   223 StGB,7314000,Ludwigshafen am Rhein,vers.,136,85,51,3,2,1,7,6,1,10,8,2,13,8,5,4,3,1,98,61,37,11,5,6,109,66,43,2023
224000,Vors tzliche einfache K rperverletzung   223 StGB,7314000,Ludwigshafen am Rhein,voll.,1292,687,605,7,3,4,101,71,30,108,74,34,123,75,48,77,36,41,898,459,439,86,43,43,984,502,482,2023
224000,Vors tzliche einfache K rperverletzung   223 StGB,7314000,Ludwigshafen am Rhein,insg.,1428,772,656,10,5,5,108,77,31,118,82,36,136,83,53,81,39,42,996,520,476,97,48,49,1093,568,525,2023
224000,Vors tzliche einfache K rperverletzung   223 StGB,15003000,Magdeburg,vers.,171,111,60,2,1,1,4,2,2,6,3,3,20,12,8,22,13,9,110,72,38,13,11,2,123,83,40,2023
224000,Vors tzliche einfache K rperverletzung   223 StGB,15003000,Magdeburg,voll.,2112,1274,838,10,8,2,150,104,46,160,112,48,158,84,74,169,95,74,1497,902,595,128,81,47,1625,983,642,2023
224000,Vors tzliche einfache K rperverletzung   223 StGB,15003000,Magdeburg,insg.,2283,1385,898,12,9,3,154,106,48,166,115,51,178,96,82,191,108,83,1607,974,633,141,92,49,1748,1066,682,2023
224000,Vors tzliche einfache K rperverletzung   223 StGB,7315000,Mainz,vers.,95,73,22,0,0,0,1,1,0,1,1,0,0,0,0,16,11,5,63,49,14,15,12,3,78,61,17,2023
224000,Vors tzliche einfache K rperverletzung   223 StGB,7315000,Mainz,voll.,1309,868,441,14,6,8,58,40,18,72,46,26,84,60,24,111,78,33,940,611,329,102,73,29,1042,684,358,2023
224000,Vors tzliche einfache K rperverletzung   223 StGB,7315000,Mainz,insg.,1404,941,463,14,6,8,59,41,18,73,47,26,84,60,24,127,89,38,1003,660,343,117,85,32,1120,745,375,2023
224000,Vors tzliche einfache K rperverletzung   223 StGB,8222000,Mannheim,vers.,58,36,22,1,0,1,6,6,0,7,6,1,2,1,1,1,0,1,41,23,18,7,6,1,48,29,19,2023
224000,Vors tzliche einfache K rperverletzung   223 StGB,8222000,Mannheim,voll.,1495,806,689,5,1,4,69,44,25,74,45,29,118,67,51,100,43,57,1092,586,506,111,65,46,1203,651,552,2023
224000,Vors tzliche einfache K rperverletzung   223 StGB,8222000,Mannheim,insg.,1553,842,711,6,1,5,75,50,25,81,51,30,120,68,52,101,43,58,1133,609,524,118,71,47,1251,680,571,2023
224000,Vors tzliche einfache K rperverletzung   223 StGB,5170024,Moers,vers.,68,35,33,5,3,2,5,3,2,10,6,4,6,4,2,3,1,2,44,20,24,5,4,1,49,24,25,2023
224000,Vors tzliche einfache K rperverletzung   223 StGB,5170024,Moers,voll.,428,229,199,10,5,5,44,30,14,54,35,19,41,26,15,33,19,14,263,130,133,37,19,18,300,149,151,2023
224000,Vors tzliche einfache K rperverletzung   223 StGB,5170024,Moers,insg.,496,264,232,15,8,7,49,33,16,64,41,23,47,30,17,36,20,16,307,150,157,42,23,19,349,173,176,2023
224000,Vors tzliche einfache K rperverletzung   223 StGB,5116000,M nchengladbach,vers.,174,89,85,1,1,0,10,6,4,11,7,4,13,7,6,8,6,2,128,57,71,14,12,2,142,69,73,2023
224000,Vors tzliche einfache K rperverletzung   223 StGB,5116000,M nchengladbach,voll.,2033,1069,964,9,4,5,130,74,56,139,78,61,197,113,84,146,89,57,1409,705,704,142,84,58,1551,789,762,2023
224000,Vors tzliche einfache K rperverletzung   223 StGB,5116000,M nchengladbach,insg.,2207,1158,1049,10,5,5,140,80,60,150,85,65,210,120,90,154,95,59,1537,762,775,156,96,60,1693,858,835,2023
224000,Vors tzliche einfache K rperverletzung   223 StGB,5117000,M lheim an der Ruhr,vers.,67,40,27,0,0,0,1,0,1,1,0,1,3,2,1,6,3,3,53,33,20,4,2,2,57,35,22,2023
224000,Vors tzliche einfache K rperverletzung   223 StGB,5117000,M lheim an der Ruhr,voll.,918,484,434,13,8,5,64,35,29,77,43,34,75,48,27,62,33,29,641,329,312,63,31,32,704,360,344,2023
224000,Vors tzliche einfache K rperverletzung   223 StGB,5117000,M lheim an der Ruhr,insg.,985,524,461,13,8,5,65,35,30,78,43,35,78,50,28,68,36,32,694,362,332,67,33,34,761,395,366,2023
224000,Vors tzliche einfache K rperverletzung   223 StGB,9162000,M nchen,vers.,659,474,185,3,2,1,19,9,10,22,11,11,35,19,16,33,21,12,519,393,126,50,30,20,569,423,146,2023
224000,Vors tzliche einfache K rperverletzung   223 StGB,9162000,M nchen,voll.,7756,4872,2884,52,37,15,332,215,117,384,252,132,432,288,144,474,287,187,5945,3729,2216,521,316,205,6466,4045,2421,2023
224000,Vors tzliche einfache K rperverletzung   223 StGB,9162000,M nchen,insg.,8415,5346,3069,55,39,16,351,224,127,406,263,143,467,307,160,507,308,199,6464,4122,2342,571,346,225,7035,4468,2567,2023
224000,Vors tzliche einfache K rperverletzung   223 StGB,5515000,M nster,vers.,188,129,59,0,0,0,3,2,1,3,2,1,7,4,3,14,11,3,148,100,48,16,12,4,164,112,52,2023
224000,Vors tzliche einfache K rperverletzung   223 StGB,5515000,M nster,voll.,2066,1239,827,15,8,7,119,68,51,134,76,58,151,97,54,164,103,61,1453,867,586,164,96,68,1617,963,654,2023
224000,Vors tzliche einfache K rperverletzung   223 StGB,5515000,M nster,insg.,2254,1368,886,15,8,7,122,70,52,137,78,59,158,101,57,178,114,64,1601,967,634,180,108,72,1781,1075,706,2023
224000,Vors tzliche einfache K rperverletzung   223 StGB,5162024,Neuss,vers.,98,54,44,0,0,0,3,2,1,3,2,1,8,3,5,6,5,1,72,40,32,9,4,5,81,44,37,2023
224000,Vors tzliche einfache K rperverletzung   223 StGB,5162024,Neuss,voll.,1093,596,497,6,5,1,74,53,21,80,58,22,103,57,46,72,45,27,769,396,373,69,40,29,838,436,402,2023
224000,Vors tzliche einfache K rperverletzung   223 StGB,5162024,Neuss,insg.,1191,650,541,6,5,1,77,55,22,83,60,23,111,60,51,78,50,28,841,436,405,78,44,34,919,480,439,2023
224000,Vors tzliche einfache K rperverletzung   223 StGB,9564000,N rnberg,vers.,246,181,65,0,0,0,6,2,4,6,2,4,15,11,4,23,16,7,186,140,46,16,12,4,202,152,50,2023
224000,Vors tzliche einfache K rperverletzung   223 StGB,9564000,N rnberg,voll.,3331,2094,1237,19,14,5,179,110,69,198,124,74,310,184,126,283,181,102,2381,1507,874,159,98,61,2540,1605,935,2023
224000,Vors tzliche einfache K rperverletzung   223 StGB,9564000,N rnberg,insg.,3577,2275,1302,19,14,5,185,112,73,204,126,78,325,195,130,306,197,109,2567,1647,920,175,110,65,2742,1757,985,2023
224000,Vors tzliche einfache K rperverletzung   223 StGB,5119000,Oberhausen,vers.,131,81,50,1,0,1,9,6,3,10,6,4,7,3,4,15,11,4,82,51,31,17,10,7,99,61,38,2023
224000,Vors tzliche einfache K rperverletzung   223 StGB,5119000,Oberhausen,voll.,1363,757,606,15,9,6,111,68,43,126,77,49,140,80,60,121,72,49,898,481,417,78,47,31,976,528,448,2023
224000,Vors tzliche einfache K rperverletzung   223 StGB,5119000,Oberhausen,insg.,1494,838,656,16,9,7,120,74,46,136,83,53,147,83,64,136,83,53,980,532,448,95,57,38,1075,589,486,2023
224000,Vors tzliche einfache K rperverletzung   223 StGB,6413000,Offenbach am Main,vers.,7,6,1,1,0,1,1,1,0,2,1,1,0,0,0,0,0,0,4,4,0,1,1,0,5,5,0,2023
224000,Vors tzliche einfache K rperverletzung   223 StGB,6413000,Offenbach am Main,voll.,509,206,303,5,2,3,19,12,7,24,14,10,35,16,19,22,10,12,380,139,241,48,27,21,428,166,262,2023
224000,Vors tzliche einfache K rperverletzung   223 StGB,6413000,Offenbach am Main,insg.,516,212,304,6,2,4,20,13,7,26,15,11,35,16,19,22,10,12,384,143,241,49,28,21,433,171,262,2023
224000,Vors tzliche einfache K rperverletzung   223 StGB,3403000,Oldenburg (Oldenburg),vers.,38,31,7,0,0,0,1,1,0,1,1,0,1,1,0,3,2,1,31,25,6,2,2,0,33,27,6,2023
224000,Vors tzliche einfache K rperverletzung   223 StGB,3403000,Oldenburg (Oldenburg),voll.,992,606,386,21,10,11,66,46,20,87,56,31,72,44,28,69,45,24,694,420,274,70,41,29,764,461,303,2023
224000,Vors tzliche einfache K rperverletzung   223 StGB,3403000,Oldenburg (Oldenburg),insg.,1030,637,393,21,10,11,67,47,20,88,57,31,73,45,28,72,47,25,725,445,280,72,43,29,797,488,309,2023
224000,Vors tzliche einfache K rperverletzung   223 StGB,3404000,Osnabr ck,vers.,62,46,16,0,0,0,0,0,0,0,0,0,0,0,0,3,3,0,51,37,14,8,6,2,59,43,16,2023
224000,Vors tzliche einfache K rperverletzung   223 StGB,3404000,Osnabr ck,voll.,1239,765,474,5,4,1,34,20,14,39,24,15,101,63,38,115,77,38,914,556,358,70,45,25,984,601,383,2023
224000,Vors tzliche einfache K rperverletzung   223 StGB,3404000,Osnabr ck,insg.,1301,811,490,5,4,1,34,20,14,39,24,15,101,63,38,118,80,38,965,593,372,78,51,27,1043,644,399,2023
224000,Vors tzliche einfache K rperverletzung   223 StGB,5774032,Paderborn,vers.,111,76,35,3,1,2,3,2,1,6,3,3,9,8,1,11,5,6,69,50,19,16,10,6,85,60,25,2023
224000,Vors tzliche einfache K rperverletzung   223 StGB,5774032,Paderborn,voll.,1085,671,414,7,3,4,53,34,19,60,37,23,63,36,27,108,60,48,798,503,295,56,35,21,854,538,316,2023
224000,Vors tzliche einfache K rperverletzung   223 StGB,5774032,Paderborn,insg.,1196,747,449,10,4,6,56,36,20,66,40,26,72,44,28,119,65,54,867,553,314,72,45,27,939,598,341,2023
224000,Vors tzliche einfache K rperverletzung   223 StGB,8231000,Pforzheim,vers.,26,18,8,0,0,0,3,0,3,3,0,3,1,1,0,7,7,0,15,10,5,0,0,0,15,10,5,2023
224000,Vors tzliche einfache K rperverletzung   223 StGB,8231000,Pforzheim,voll.,941,482,459,6,6,0,52,34,18,58,40,18,73,45,28,92,41,51,651,323,328,67,33,34,718,356,362,2023
224000,Vors tzliche einfache K rperverletzung   223 StGB,8231000,Pforzheim,insg.,967,500,467,6,6,0,55,34,21,61,40,21,74,46,28,99,48,51,666,333,333,67,33,34,733,366,367,2023
224000,Vors tzliche einfache K rperverletzung   223 StGB,12054000,Potsdam,vers.,35,21,14,0,0,0,1,1,0,1,1,0,2,0,2,0,0,0,27,17,10,5,3,2,32,20,12,2023
224000,Vors tzliche einfache K rperverletzung   223 StGB,12054000,Potsdam,voll.,812,463,349,7,5,2,98,63,35,105,68,37,64,37,27,48,27,21,517,287,230,78,44,34,595,331,264,2023
224000,Vors tzliche einfache K rperverletzung   223 StGB,12054000,Potsdam,insg.,847,484,363,7,5,2,99,64,35,106,69,37,66,37,29,48,27,21,544,304,240,83,47,36,627,351,276,2023
224000,Vors tzliche einfache K rperverletzung   223 StGB,5562032,Recklinghausen,vers.,74,46,28,1,0,1,7,5,2,8,5,3,5,5,0,2,0,2,55,33,22,4,3,1,59,36,23,2023
224000,Vors tzliche einfache K rperverletzung   223 StGB,5562032,Recklinghausen,voll.,815,466,349,3,2,1,56,38,18,59,40,19,87,60,27,65,36,29,541,291,250,63,39,24,604,330,274,2023
224000,Vors tzliche einfache K rperverletzung   223 StGB,5562032,Recklinghausen,insg.,889,512,377,4,2,2,63,43,20,67,45,22,92,65,27,67,36,31,596,324,272,67,42,25,663,366,297,2023
224000,Vors tzliche einfache K rperverletzung   223 StGB,9362000,Regensburg,vers.,70,48,22,0,0,0,2,2,0,2,2,0,8,5,3,7,4,3,50,36,14,3,1,2,53,37,16,2023
224000,Vors tzliche einfache K rperverletzung   223 StGB,9362000,Regensburg,voll.,968,631,337,3,3,0,35,22,13,38,25,13,69,41,28,98,53,45,712,479,233,51,33,18,763,512,251,2023
224000,Vors tzliche einfache K rperverletzung   223 StGB,9362000,Regensburg,insg.,1038,679,359,3,3,0,37,24,13,40,27,13,77,46,31,105,57,48,762,515,247,54,34,20,816,549,267,2023
224000,Vors tzliche einfache K rperverletzung   223 StGB,5120000,Remscheid,vers.,58,31,27,1,0,1,1,0,1,2,0,2,3,1,2,0,0,0,44,25,19,9,5,4,53,30,23,2023
224000,Vors tzliche einfache K rperverletzung   223 StGB,5120000,Remscheid,voll.,704,374,330,7,5,2,45,23,22,52,28,24,60,39,21,42,21,21,504,260,244,46,26,20,550,286,264,2023
224000,Vors tzliche einfache K rperverletzung   223 StGB,5120000,Remscheid,insg.,762,405,357,8,5,3,46,23,23,54,28,26,63,40,23,42,21,21,548,285,263,55,31,24,603,316,287,2023
224000,Vors tzliche einfache K rperverletzung   223 StGB,8415061,Reutlingen,vers.,36,25,11,0,0,0,0,0,0,0,0,0,1,0,1,1,1,0,29,20,9,5,4,1,34,24,10,2023
224000,Vors tzliche einfache K rperverletzung   223 StGB,8415061,Reutlingen,voll.,724,429,295,4,1,3,42,30,12,46,31,15,60,35,25,62,36,26,508,296,212,48,31,17,556,327,229,2023
224000,Vors tzliche einfache K rperverletzung   223 StGB,8415061,Reutlingen,insg.,760,454,306,4,1,3,42,30,12,46,31,15,61,35,26,63,37,26,537,316,221,53,35,18,590,351,239,2023
224000,Vors tzliche einfache K rperverletzung   223 StGB,13003000,"Rostock, Hanse- und Universit tsstadt",vers.,87,64,23,1,1,0,7,3,4,8,4,4,7,4,3,5,3,2,61,49,12,6,4,2,67,53,14,2023
224000,Vors tzliche einfache K rperverletzung   223 StGB,13003000,"Rostock, Hanse- und Universit tsstadt",voll.,1387,826,561,6,5,1,105,70,35,111,75,36,143,84,59,100,63,37,944,550,394,89,54,35,1033,604,429,2023
224000,Vors tzliche einfache K rperverletzung   223 StGB,13003000,"Rostock, Hanse- und Universit tsstadt",insg.,1474,890,584,7,6,1,112,73,39,119,79,40,150,88,62,105,66,39,1005,599,406,95,58,37,1100,657,443,2023
224000,Vors tzliche einfache K rperverletzung   223 StGB,10041100,Saarbr cken,vers.,207,120,87,5,5,0,17,12,5,22,17,5,12,9,3,14,5,9,134,73,61,25,16,9,159,89,70,2023
224000,Vors tzliche einfache K rperverletzung   223 StGB,10041100,Saarbr cken,voll.,1820,1090,730,14,10,4,124,80,44,138,90,48,173,114,59,153,100,53,1218,696,522,138,90,48,1356,786,570,2023
224000,Vors tzliche einfache K rperverletzung   223 StGB,10041100,Saarbr cken,insg.,2027,1210,817,19,15,4,141,92,49,160,107,53,185,123,62,167,105,62,1352,769,583,163,106,57,1515,875,640,2023
224000,Vors tzliche einfache K rperverletzung   223 StGB,3102000,Salzgitter,vers.,18,9,9,1,1,0,2,2,0,3,3,0,1,1,0,2,0,2,11,4,7,1,1,0,12,5,7,2023
224000,Vors tzliche einfache K rperverletzung   223 StGB,3102000,Salzgitter,voll.,712,389,323,6,3,3,78,54,24,84,57,27,75,51,24,44,22,22,463,229,234,46,30,16,509,259,250,2023
224000,Vors tzliche einfache K rperverletzung   223 StGB,3102000,Salzgitter,insg.,730,398,332,7,4,3,80,56,24,87,60,27,76,52,24,46,22,24,474,233,241,47,31,16,521,264,257,2023
224000,Vors tzliche einfache K rperverletzung   223 StGB,13004000,Schwerin,vers.,36,30,6,0,0,0,2,2,0,2,2,0,2,2,0,1,1,0,27,22,5,4,3,1,31,25,6,2023
224000,Vors tzliche einfache K rperverletzung   223 StGB,13004000,Schwerin,voll.,879,558,321,5,4,1,88,63,25,93,67,26,66,35,31,74,47,27,596,381,215,50,28,22,646,409,237,2023
224000,Vors tzliche einfache K rperverletzung   223 StGB,13004000,Schwerin,insg.,915,588,327,5,4,1,90,65,25,95,69,26,68,37,31,75,48,27,623,403,220,54,31,23,677,434,243,2023
224000,Vors tzliche einfache K rperverletzung   223 StGB,5970040,Siegen,vers.,57,34,23,3,3,0,3,1,2,6,4,2,4,1,3,4,3,1,39,24,15,4,2,2,43,26,17,2023
224000,Vors tzliche einfache K rperverletzung   223 StGB,5970040,Siegen,voll.,710,405,305,3,2,1,44,25,19,47,27,20,65,38,27,60,33,27,490,277,213,48,30,18,538,307,231,2023
224000,Vors tzliche einfache K rperverletzung   223 StGB,5970040,Siegen,insg.,767,439,328,6,5,1,47,26,21,53,31,22,69,39,30,64,36,28,529,301,228,52,32,20,581,333,248,2023
224000,Vors tzliche einfache K rperverletzung   223 StGB,5122000,Solingen,vers.,82,52,30,0,0,0,9,6,3,9,6,3,7,4,3,6,5,1,51,29,22,9,8,1,60,37,23,2023
224000,Vors tzliche einfache K rperverletzung   223 StGB,5122000,Solingen,voll.,1107,580,527,14,8,6,89,51,38,103,59,44,105,69,36,81,46,35,736,357,379,82,49,33,818,406,412,2023
224000,Vors tzliche einfache K rperverletzung   223 StGB,5122000,Solingen,insg.,1189,632,557,14,8,6,98,57,41,112,65,47,112,73,39,87,51,36,787,386,401,91,57,34,878,443,435,2023
224000,Vors tzliche einfache K rperverletzung   223 StGB,8111000,Stuttgart,vers.,314,233,81,2,2,0,13,9,4,15,11,4,16,11,5,19,15,4,234,177,57,30,19,11,264,196,68,2023
224000,Vors tzliche einfache K rperverletzung   223 StGB,8111000,Stuttgart,voll.,4476,2887,1589,34,25,9,239,138,101,273,163,110,290,188,102,359,232,127,3320,2158,1162,234,146,88,3554,2304,1250,2023
224000,Vors tzliche einfache K rperverletzung   223 StGB,8111000,Stuttgart,insg.,4790,3120,1670,36,27,9,252,147,105,288,174,114,306,199,107,378,247,131,3554,2335,1219,264,165,99,3818,2500,1318,2023
224000,Vors tzliche einfache K rperverletzung   223 StGB,7211000,Trier,vers.,75,45,30,1,1,0,6,3,3,7,4,3,3,3,0,6,1,5,52,34,18,7,3,4,59,37,22,2023
224000,Vors tzliche einfache K rperverletzung   223 StGB,7211000,Trier,voll.,947,591,356,3,1,2,64,35,29,67,36,31,90,55,35,99,65,34,647,404,243,44,31,13,691,435,256,2023
224000,Vors tzliche einfache K rperverletzung   223 StGB,7211000,Trier,insg.,1022,636,386,4,2,2,70,38,32,74,40,34,93,58,35,105,66,39,699,438,261,51,34,17,750,472,278,2023
224000,Vors tzliche einfache K rperverletzung   223 StGB,8421000,Ulm,vers.,30,20,10,1,0,1,1,1,0,2,1,1,4,2,2,3,1,2,19,16,3,2,0,2,21,16,5,2023
224000,Vors tzliche einfache K rperverletzung   223 StGB,8421000,Ulm,voll.,813,479,334,3,3,0,38,30,8,41,33,8,72,35,37,80,51,29,565,331,234,55,29,26,620,360,260,2023
224000,Vors tzliche einfache K rperverletzung   223 StGB,8421000,Ulm,insg.,843,499,344,4,3,1,39,31,8,43,34,9,76,37,39,83,52,31,584,347,237,57,29,28,641,376,265,2023
224000,Vors tzliche einfache K rperverletzung   223 StGB,6414000,Wiesbaden,vers.,84,46,38,1,0,1,5,1,4,6,1,5,4,3,1,7,2,5,57,35,22,10,5,5,67,40,27,2023
224000,Vors tzliche einfache K rperverletzung   223 StGB,6414000,Wiesbaden,voll.,1722,934,788,13,11,2,112,70,42,125,81,44,142,77,65,113,62,51,1216,636,580,126,78,48,1342,714,628,2023
224000,Vors tzliche einfache K rperverletzung   223 StGB,6414000,Wiesbaden,insg.,1806,980,826,14,11,3,117,71,46,131,82,49,146,80,66,120,64,56,1273,671,602,136,83,53,1409,754,655,2023
224000,Vors tzliche einfache K rperverletzung   223 StGB,3103000,Wolfsburg,vers.,27,18,9,0,0,0,3,2,1,3,2,1,1,1,0,2,1,1,19,14,5,2,0,2,21,14,7,2023
224000,Vors tzliche einfache K rperverletzung   223 StGB,3103000,Wolfsburg,voll.,732,402,330,6,3,3,44,31,13,50,34,16,52,27,25,41,19,22,541,294,247,48,28,20,589,322,267,2023
224000,Vors tzliche einfache K rperverletzung   223 StGB,3103000,Wolfsburg,insg.,759,420,339,6,3,3,47,33,14,53,36,17,53,28,25,43,20,23,560,308,252,50,28,22,610,336,274,2023
224000,Vors tzliche einfache K rperverletzung   223 StGB,5124000,Wuppertal,vers.,251,152,99,1,0,1,20,14,6,21,14,7,25,13,12,12,6,6,169,105,64,24,14,10,193,119,74,2023
224000,Vors tzliche einfache K rperverletzung   223 StGB,5124000,Wuppertal,voll.,2737,1535,1202,27,17,10,238,168,70,265,185,80,266,151,115,216,110,106,1801,977,824,189,112,77,1990,1089,901,2023
224000,Vors tzliche einfache K rperverletzung   223 StGB,5124000,Wuppertal,insg.,2988,1687,1301,28,17,11,258,182,76,286,199,87,291,164,127,228,116,112,1970,1082,888,213,126,87,2183,1208,975,2023
224000,Vors tzliche einfache K rperverletzung   223 StGB,9663000,W rzburg,vers.,53,45,8,0,0,0,1,0,1,1,0,1,5,4,1,7,5,2,36,32,4,4,4,0,40,36,4,2023
224000,Vors tzliche einfache K rperverletzung   223 StGB,9663000,W rzburg,voll.,752,504,248,6,3,3,31,19,12,37,22,15,68,42,26,96,71,25,504,339,165,47,30,17,551,369,182,2023
224000,Vors tzliche einfache K rperverletzung   223 StGB,9663000,W rzburg,insg.,805,549,256,6,3,3,32,19,13,38,22,16,73,46,27,103,76,27,540,371,169,51,34,17,591,405,186,2023
621100,Widerstand gegen und t tlicher Angriff auf Vollstreckungsbeamte und gleichstehende Personen    113-115 StGB,5334002,Aachen,vers.,0,0,0,0,0,0,0,0,0,0,0,0,0,0,0,0,0,0,0,0,0,0,0,0,0,0,0,2023
621100,Widerstand gegen und t tlicher Angriff auf Vollstreckungsbeamte und gleichstehende Personen    113-115 StGB,5334002,Aachen,voll.,397,296,101,0,0,0,0,0,0,0,0,0,0,0,0,5,5,0,392,291,101,0,0,0,392,291,101,2023
621100,Widerstand gegen und t tlicher Angriff auf Vollstreckungsbeamte und gleichstehende Personen    113-115 StGB,5334002,Aachen,insg.,397,296,101,0,0,0,0,0,0,0,0,0,0,0,0,5,5,0,392,291,101,0,0,0,392,291,101,2023
621100,Widerstand gegen und t tlicher Angriff auf Vollstreckungsbeamte und gleichstehende Personen    113-115 StGB,9761000,Augsburg,vers.,0,0,0,0,0,0,0,0,0,0,0,0,0,0,0,0,0,0,0,0,0,0,0,0,0,0,0,2023
621100,Widerstand gegen und t tlicher Angriff auf Vollstreckungsbeamte und gleichstehende Personen    113-115 StGB,9761000,Augsburg,voll.,657,493,164,0,0,0,0,0,0,0,0,0,0,0,0,27,17,10,625,473,152,5,3,2,630,476,154,2023
621100,Widerstand gegen und t tlicher Angriff auf Vollstreckungsbeamte und gleichstehende Personen    113-115 StGB,9761000,Augsburg,insg.,657,493,164,0,0,0,0,0,0,0,0,0,0,0,0,27,17,10,625,473,152,5,3,2,630,476,154,2023
621100,Widerstand gegen und t tlicher Angriff auf Vollstreckungsbeamte und gleichstehende Personen    113-115 StGB,5378004,Bergisch Gladbach,vers.,0,0,0,0,0,0,0,0,0,0,0,0,0,0,0,0,0,0,0,0,0,0,0,0,0,0,0,2023
621100,Widerstand gegen und t tlicher Angriff auf Vollstreckungsbeamte und gleichstehende Personen    113-115 StGB,5378004,Bergisch Gladbach,voll.,122,82,40,0,0,0,0,0,0,0,0,0,0,0,0,5,4,1,117,78,39,0,0,0,117,78,39,2023
621100,Widerstand gegen und t tlicher Angriff auf Vollstreckungsbeamte und gleichstehende Personen    113-115 StGB,5378004,Bergisch Gladbach,insg.,122,82,40,0,0,0,0,0,0,0,0,0,0,0,0,5,4,1,117,78,39,0,0,0,117,78,39,2023
621100,Widerstand gegen und t tlicher Angriff auf Vollstreckungsbeamte und gleichstehende Personen    113-115 StGB,11000000,Berlin,vers.,0,0,0,0,0,0,0,0,0,0,0,0,0,0,0,0,0,0,0,0,0,0,0,0,0,0,0,2023
621100,Widerstand gegen und t tlicher Angriff auf Vollstreckungsbeamte und gleichstehende Personen    113-115 StGB,11000000,Berlin,voll.,10405,8746,1659,0,0,0,0,0,0,0,0,0,4,4,0,131,111,20,10083,8488,1595,187,143,44,10270,8631,1639,2023
621100,Widerstand gegen und t tlicher Angriff auf Vollstreckungsbeamte und gleichstehende Personen    113-115 StGB,11000000,Berlin,insg.,10405,8746,1659,0,0,0,0,0,0,0,0,0,4,4,0,131,111,20,10083,8488,1595,187,143,44,10270,8631,1639,2023
621100,Widerstand gegen und t tlicher Angriff auf Vollstreckungsbeamte und gleichstehende Personen    113-115 StGB,5711000,Bielefeld,vers.,0,0,0,0,0,0,0,0,0,0,0,0,0,0,0,0,0,0,0,0,0,0,0,0,0,0,0,2023
621100,Widerstand gegen und t tlicher Angriff auf Vollstreckungsbeamte und gleichstehende Personen    113-115 StGB,5711000,Bielefeld,voll.,348,266,82,0,0,0,0,0,0,0,0,0,0,0,0,2,1,1,343,263,80,3,2,1,346,265,81,2023
621100,Widerstand gegen und t tlicher Angriff auf Vollstreckungsbeamte und gleichstehende Personen    113-115 StGB,5711000,Bielefeld,insg.,348,266,82,0,0,0,0,0,0,0,0,0,0,0,0,2,1,1,343,263,80,3,2,1,346,265,81,2023
621100,Widerstand gegen und t tlicher Angriff auf Vollstreckungsbeamte und gleichstehende Personen    113-115 StGB,5911000,Bochum,vers.,0,0,0,0,0,0,0,0,0,0,0,0,0,0,0,0,0,0,0,0,0,0,0,0,0,0,0,2023
621100,Widerstand gegen und t tlicher Angriff auf Vollstreckungsbeamte und gleichstehende Personen    113-115 StGB,5911000,Bochum,voll.,600,451,149,0,0,0,0,0,0,0,0,0,0,0,0,7,3,4,590,445,145,3,3,0,593,448,145,2023
621100,Widerstand gegen und t tlicher Angriff auf Vollstreckungsbeamte und gleichstehende Personen    113-115 StGB,5911000,Bochum,insg.,600,451,149,0,0,0,0,0,0,0,0,0,0,0,0,7,3,4,590,445,145,3,3,0,593,448,145,2023
621100,Widerstand gegen und t tlicher Angriff auf Vollstreckungsbeamte und gleichstehende Personen    113-115 StGB,5314000,Bonn,vers.,0,0,0,0,0,0,0,0,0,0,0,0,0,0,0,0,0,0,0,0,0,0,0,0,0,0,0,2023
621100,Widerstand gegen und t tlicher Angriff auf Vollstreckungsbeamte und gleichstehende Personen    113-115 StGB,5314000,Bonn,voll.,728,520,208,0,0,0,0,0,0,0,0,0,0,0,0,5,3,2,723,517,206,0,0,0,723,517,206,2023
621100,Widerstand gegen und t tlicher Angriff auf Vollstreckungsbeamte und gleichstehende Personen    113-115 StGB,5314000,Bonn,insg.,728,520,208,0,0,0,0,0,0,0,0,0,0,0,0,5,3,2,723,517,206,0,0,0,723,517,206,2023
621100,Widerstand gegen und t tlicher Angriff auf Vollstreckungsbeamte und gleichstehende Personen    113-115 StGB,5512000,Bottrop,vers.,0,0,0,0,0,0,0,0,0,0,0,0,0,0,0,0,0,0,0,0,0,0,0,0,0,0,0,2023
621100,Widerstand gegen und t tlicher Angriff auf Vollstreckungsbeamte und gleichstehende Personen    113-115 StGB,5512000,Bottrop,voll.,71,55,16,0,0,0,0,0,0,0,0,0,0,0,0,0,0,0,70,54,16,1,1,0,71,55,16,2023
621100,Widerstand gegen und t tlicher Angriff auf Vollstreckungsbeamte und gleichstehende Personen    113-115 StGB,5512000,Bottrop,insg.,71,55,16,0,0,0,0,0,0,0,0,0,0,0,0,0,0,0,70,54,16,1,1,0,71,55,16,2023
621100,Widerstand gegen und t tlicher Angriff auf Vollstreckungsbeamte und gleichstehende Personen    113-115 StGB,3101000,Braunschweig,vers.,0,0,0,0,0,0,0,0,0,0,0,0,0,0,0,0,0,0,0,0,0,0,0,0,0,0,0,2023
621100,Widerstand gegen und t tlicher Angriff auf Vollstreckungsbeamte und gleichstehende Personen    113-115 StGB,3101000,Braunschweig,voll.,547,401,146,0,0,0,0,0,0,0,0,0,0,0,0,5,4,1,533,388,145,9,9,0,542,397,145,2023
621100,Widerstand gegen und t tlicher Angriff auf Vollstreckungsbeamte und gleichstehende Personen    113-115 StGB,3101000,Braunschweig,insg.,547,401,146,0,0,0,0,0,0,0,0,0,0,0,0,5,4,1,533,388,145,9,9,0,542,397,145,2023
621100,Widerstand gegen und t tlicher Angriff auf Vollstreckungsbeamte und gleichstehende Personen    113-115 StGB,4011000,Bremen,vers.,0,0,0,0,0,0,0,0,0,0,0,0,0,0,0,0,0,0,0,0,0,0,0,0,0,0,0,2023
621100,Widerstand gegen und t tlicher Angriff auf Vollstreckungsbeamte und gleichstehende Personen    113-115 StGB,4011000,Bremen,voll.,1018,754,264,0,0,0,0,0,0,0,0,0,0,0,0,5,2,3,1005,744,261,8,8,0,1013,752,261,2023
621100,Widerstand gegen und t tlicher Angriff auf Vollstreckungsbeamte und gleichstehende Personen    113-115 StGB,4011000,Bremen,insg.,1018,754,264,0,0,0,0,0,0,0,0,0,0,0,0,5,2,3,1005,744,261,8,8,0,1013,752,261,2023
621100,Widerstand gegen und t tlicher Angriff auf Vollstreckungsbeamte und gleichstehende Personen    113-115 StGB,4012000,Bremerhaven,vers.,0,0,0,0,0,0,0,0,0,0,0,0,0,0,0,0,0,0,0,0,0,0,0,0,0,0,0,2023
621100,Widerstand gegen und t tlicher Angriff auf Vollstreckungsbeamte und gleichstehende Personen    113-115 StGB,4012000,Bremerhaven,voll.,376,291,85,0,0,0,0,0,0,0,0,0,0,0,0,2,1,1,372,289,83,2,1,1,374,290,84,2023
621100,Widerstand gegen und t tlicher Angriff auf Vollstreckungsbeamte und gleichstehende Personen    113-115 StGB,4012000,Bremerhaven,insg.,376,291,85,0,0,0,0,0,0,0,0,0,0,0,0,2,1,1,372,289,83,2,1,1,374,290,84,2023
621100,Widerstand gegen und t tlicher Angriff auf Vollstreckungsbeamte und gleichstehende Personen    113-115 StGB,14511000,Chemnitz,vers.,0,0,0,0,0,0,0,0,0,0,0,0,0,0,0,0,0,0,0,0,0,0,0,0,0,0,0,2023
621100,Widerstand gegen und t tlicher Angriff auf Vollstreckungsbeamte und gleichstehende Personen    113-115 StGB,14511000,Chemnitz,voll.,352,301,51,0,0,0,0,0,0,0,0,0,0,0,0,12,8,4,337,290,47,3,3,0,340,293,47,2023
621100,Widerstand gegen und t tlicher Angriff auf Vollstreckungsbeamte und gleichstehende Personen    113-115 StGB,14511000,Chemnitz,insg.,352,301,51,0,0,0,0,0,0,0,0,0,0,0,0,12,8,4,337,290,47,3,3,0,340,293,47,2023
621100,Widerstand gegen und t tlicher Angriff auf Vollstreckungsbeamte und gleichstehende Personen    113-115 StGB,6411000,Darmstadt,vers.,0,0,0,0,0,0,0,0,0,0,0,0,0,0,0,0,0,0,0,0,0,0,0,0,0,0,0,2023
621100,Widerstand gegen und t tlicher Angriff auf Vollstreckungsbeamte und gleichstehende Personen    113-115 StGB,6411000,Darmstadt,voll.,142,121,21,3,2,1,0,0,0,3,2,1,0,0,0,4,3,1,135,116,19,0,0,0,135,116,19,2023
621100,Widerstand gegen und t tlicher Angriff auf Vollstreckungsbeamte und gleichstehende Personen    113-115 StGB,6411000,Darmstadt,insg.,142,121,21,3,2,1,0,0,0,3,2,1,0,0,0,4,3,1,135,116,19,0,0,0,135,116,19,2023
621100,Widerstand gegen und t tlicher Angriff auf Vollstreckungsbeamte und gleichstehende Personen    113-115 StGB,5913000,Dortmund,vers.,0,0,0,0,0,0,0,0,0,0,0,0,0,0,0,0,0,0,0,0,0,0,0,0,0,0,0,2023
621100,Widerstand gegen und t tlicher Angriff auf Vollstreckungsbeamte und gleichstehende Personen    113-115 StGB,5913000,Dortmund,voll.,1269,926,343,0,0,0,0,0,0,0,0,0,1,1,0,14,8,6,1243,907,336,11,10,1,1254,917,337,2023
621100,Widerstand gegen und t tlicher Angriff auf Vollstreckungsbeamte und gleichstehende Personen    113-115 StGB,5913000,Dortmund,insg.,1269,926,343,0,0,0,0,0,0,0,0,0,1,1,0,14,8,6,1243,907,336,11,10,1,1254,917,337,2023
621100,Widerstand gegen und t tlicher Angriff auf Vollstreckungsbeamte und gleichstehende Personen    113-115 StGB,14612000,Dresden,vers.,0,0,0,0,0,0,0,0,0,0,0,0,0,0,0,0,0,0,0,0,0,0,0,0,0,0,0,2023
621100,Widerstand gegen und t tlicher Angriff auf Vollstreckungsbeamte und gleichstehende Personen    113-115 StGB,14612000,Dresden,voll.,666,551,115,0,0,0,0,0,0,0,0,0,2,2,0,21,15,6,640,531,109,3,3,0,643,534,109,2023
621100,Widerstand gegen und t tlicher Angriff auf Vollstreckungsbeamte und gleichstehende Personen    113-115 StGB,14612000,Dresden,insg.,666,551,115,0,0,0,0,0,0,0,0,0,2,2,0,21,15,6,640,531,109,3,3,0,643,534,109,2023
621100,Widerstand gegen und t tlicher Angriff auf Vollstreckungsbeamte und gleichstehende Personen    113-115 StGB,5112000,Duisburg,vers.,0,0,0,0,0,0,0,0,0,0,0,0,0,0,0,0,0,0,0,0,0,0,0,0,0,0,0,2023
621100,Widerstand gegen und t tlicher Angriff auf Vollstreckungsbeamte und gleichstehende Personen    113-115 StGB,5112000,Duisburg,voll.,580,483,97,0,0,0,0,0,0,0,0,0,0,0,0,10,9,1,560,466,94,10,8,2,570,474,96,2023
621100,Widerstand gegen und t tlicher Angriff auf Vollstreckungsbeamte und gleichstehende Personen    113-115 StGB,5112000,Duisburg,insg.,580,483,97,0,0,0,0,0,0,0,0,0,0,0,0,10,9,1,560,466,94,10,8,2,570,474,96,2023
621100,Widerstand gegen und t tlicher Angriff auf Vollstreckungsbeamte und gleichstehende Personen    113-115 StGB,5111000,D sseldorf,vers.,0,0,0,0,0,0,0,0,0,0,0,0,0,0,0,0,0,0,0,0,0,0,0,0,0,0,0,2023
621100,Widerstand gegen und t tlicher Angriff auf Vollstreckungsbeamte und gleichstehende Personen    113-115 StGB,5111000,D sseldorf,voll.,1563,1223,340,0,0,0,0,0,0,0,0,0,0,0,0,14,8,6,1533,1200,333,16,15,1,1549,1215,334,2023
621100,Widerstand gegen und t tlicher Angriff auf Vollstreckungsbeamte und gleichstehende Personen    113-115 StGB,5111000,D sseldorf,insg.,1563,1223,340,0,0,0,0,0,0,0,0,0,0,0,0,14,8,6,1533,1200,333,16,15,1,1549,1215,334,2023
621100,Widerstand gegen und t tlicher Angriff auf Vollstreckungsbeamte und gleichstehende Personen    113-115 StGB,16051000,Erfurt,vers.,0,0,0,0,0,0,0,0,0,0,0,0,0,0,0,0,0,0,0,0,0,0,0,0,0,0,0,2023
621100,Widerstand gegen und t tlicher Angriff auf Vollstreckungsbeamte und gleichstehende Personen    113-115 StGB,16051000,Erfurt,voll.,601,525,76,0,0,0,0,0,0,0,0,0,0,0,0,36,30,6,565,495,70,0,0,0,565,495,70,2023
621100,Widerstand gegen und t tlicher Angriff auf Vollstreckungsbeamte und gleichstehende Personen    113-115 StGB,16051000,Erfurt,insg.,601,525,76,0,0,0,0,0,0,0,0,0,0,0,0,36,30,6,565,495,70,0,0,0,565,495,70,2023
621100,Widerstand gegen und t tlicher Angriff auf Vollstreckungsbeamte und gleichstehende Personen    113-115 StGB,9562000,Erlangen,vers.,0,0,0,0,0,0,0,0,0,0,0,0,0,0,0,0,0,0,0,0,0,0,0,0,0,0,0,2023
621100,Widerstand gegen und t tlicher Angriff auf Vollstreckungsbeamte und gleichstehende Personen    113-115 StGB,9562000,Erlangen,voll.,129,104,25,0,0,0,0,0,0,0,0,0,0,0,0,0,0,0,129,104,25,0,0,0,129,104,25,2023
621100,Widerstand gegen und t tlicher Angriff auf Vollstreckungsbeamte und gleichstehende Personen    113-115 StGB,9562000,Erlangen,insg.,129,104,25,0,0,0,0,0,0,0,0,0,0,0,0,0,0,0,129,104,25,0,0,0,129,104,25,2023
621100,Widerstand gegen und t tlicher Angriff auf Vollstreckungsbeamte und gleichstehende Personen    113-115 StGB,5113000,Essen,vers.,0,0,0,0,0,0,0,0,0,0,0,0,0,0,0,0,0,0,0,0,0,0,0,0,0,0,0,2023
621100,Widerstand gegen und t tlicher Angriff auf Vollstreckungsbeamte und gleichstehende Personen    113-115 StGB,5113000,Essen,voll.,846,663,183,0,0,0,0,0,0,0,0,0,1,1,0,10,8,2,834,653,181,1,1,0,835,654,181,2023
621100,Widerstand gegen und t tlicher Angriff auf Vollstreckungsbeamte und gleichstehende Personen    113-115 StGB,5113000,Essen,insg.,846,663,183,0,0,0,0,0,0,0,0,0,1,1,0,10,8,2,834,653,181,1,1,0,835,654,181,2023
621100,Widerstand gegen und t tlicher Angriff auf Vollstreckungsbeamte und gleichstehende Personen    113-115 StGB,6412000,Frankfurt am Main,vers.,0,0,0,0,0,0,0,0,0,0,0,0,0,0,0,0,0,0,0,0,0,0,0,0,0,0,0,2023
621100,Widerstand gegen und t tlicher Angriff auf Vollstreckungsbeamte und gleichstehende Personen    113-115 StGB,6412000,Frankfurt am Main,voll.,1876,1561,315,0,0,0,0,0,0,0,0,0,0,0,0,23,13,10,1849,1544,305,4,4,0,1853,1548,305,2023
621100,Widerstand gegen und t tlicher Angriff auf Vollstreckungsbeamte und gleichstehende Personen    113-115 StGB,6412000,Frankfurt am Main,insg.,1876,1561,315,0,0,0,0,0,0,0,0,0,0,0,0,23,13,10,1849,1544,305,4,4,0,1853,1548,305,2023
621100,Widerstand gegen und t tlicher Angriff auf Vollstreckungsbeamte und gleichstehende Personen    113-115 StGB,8311000,Freiburg im Breisgau,vers.,0,0,0,0,0,0,0,0,0,0,0,0,0,0,0,0,0,0,0,0,0,0,0,0,0,0,0,2023
621100,Widerstand gegen und t tlicher Angriff auf Vollstreckungsbeamte und gleichstehende Personen    113-115 StGB,8311000,Freiburg im Breisgau,voll.,601,487,114,0,0,0,0,0,0,0,0,0,0,0,0,21,12,9,578,473,105,2,2,0,580,475,105,2023
621100,Widerstand gegen und t tlicher Angriff auf Vollstreckungsbeamte und gleichstehende Personen    113-115 StGB,8311000,Freiburg im Breisgau,insg.,601,487,114,0,0,0,0,0,0,0,0,0,0,0,0,21,12,9,578,473,105,2,2,0,580,475,105,2023
621100,Widerstand gegen und t tlicher Angriff auf Vollstreckungsbeamte und gleichstehende Personen    113-115 StGB,9563000,F rth,vers.,0,0,0,0,0,0,0,0,0,0,0,0,0,0,0,0,0,0,0,0,0,0,0,0,0,0,0,2023
621100,Widerstand gegen und t tlicher Angriff auf Vollstreckungsbeamte und gleichstehende Personen    113-115 StGB,9563000,F rth,voll.,104,74,30,0,0,0,0,0,0,0,0,0,0,0,0,1,0,1,103,74,29,0,0,0,103,74,29,2023
621100,Widerstand gegen und t tlicher Angriff auf Vollstreckungsbeamte und gleichstehende Personen    113-115 StGB,9563000,F rth,insg.,104,74,30,0,0,0,0,0,0,0,0,0,0,0,0,1,0,1,103,74,29,0,0,0,103,74,29,2023
621100,Widerstand gegen und t tlicher Angriff auf Vollstreckungsbeamte und gleichstehende Personen    113-115 StGB,5513000,Gelsenkirchen,vers.,0,0,0,0,0,0,0,0,0,0,0,0,0,0,0,0,0,0,0,0,0,0,0,0,0,0,0,2023
621100,Widerstand gegen und t tlicher Angriff auf Vollstreckungsbeamte und gleichstehende Personen    113-115 StGB,5513000,Gelsenkirchen,voll.,534,365,169,0,0,0,0,0,0,0,0,0,0,0,0,7,2,5,526,362,164,1,1,0,527,363,164,2023
621100,Widerstand gegen und t tlicher Angriff auf Vollstreckungsbeamte und gleichstehende Personen    113-115 StGB,5513000,Gelsenkirchen,insg.,534,365,169,0,0,0,0,0,0,0,0,0,0,0,0,7,2,5,526,362,164,1,1,0,527,363,164,2023
621100,Widerstand gegen und t tlicher Angriff auf Vollstreckungsbeamte und gleichstehende Personen    113-115 StGB,3159016,G ttingen,vers.,0,0,0,0,0,0,0,0,0,0,0,0,0,0,0,0,0,0,0,0,0,0,0,0,0,0,0,2023
621100,Widerstand gegen und t tlicher Angriff auf Vollstreckungsbeamte und gleichstehende Personen    113-115 StGB,3159016,G ttingen,voll.,249,201,48,0,0,0,0,0,0,0,0,0,0,0,0,2,1,1,244,197,47,3,3,0,247,200,47,2023
621100,Widerstand gegen und t tlicher Angriff auf Vollstreckungsbeamte und gleichstehende Personen    113-115 StGB,3159016,G ttingen,insg.,249,201,48,0,0,0,0,0,0,0,0,0,0,0,0,2,1,1,244,197,47,3,3,0,247,200,47,2023
621100,Widerstand gegen und t tlicher Angriff auf Vollstreckungsbeamte und gleichstehende Personen    113-115 StGB,5754008,G tersloh,vers.,0,0,0,0,0,0,0,0,0,0,0,0,0,0,0,0,0,0,0,0,0,0,0,0,0,0,0,2023
621100,Widerstand gegen und t tlicher Angriff auf Vollstreckungsbeamte und gleichstehende Personen    113-115 StGB,5754008,G tersloh,voll.,298,210,88,0,0,0,0,0,0,0,0,0,0,0,0,5,4,1,292,205,87,1,1,0,293,206,87,2023
621100,Widerstand gegen und t tlicher Angriff auf Vollstreckungsbeamte und gleichstehende Personen    113-115 StGB,5754008,G tersloh,insg.,298,210,88,0,0,0,0,0,0,0,0,0,0,0,0,5,4,1,292,205,87,1,1,0,293,206,87,2023
621100,Widerstand gegen und t tlicher Angriff auf Vollstreckungsbeamte und gleichstehende Personen    113-115 StGB,5914000,Hagen,vers.,0,0,0,0,0,0,0,0,0,0,0,0,0,0,0,0,0,0,0,0,0,0,0,0,0,0,0,2023
621100,Widerstand gegen und t tlicher Angriff auf Vollstreckungsbeamte und gleichstehende Personen    113-115 StGB,5914000,Hagen,voll.,462,318,144,0,0,0,0,0,0,0,0,0,0,0,0,5,4,1,451,309,142,6,5,1,457,314,143,2023
621100,Widerstand gegen und t tlicher Angriff auf Vollstreckungsbeamte und gleichstehende Personen    113-115 StGB,5914000,Hagen,insg.,462,318,144,0,0,0,0,0,0,0,0,0,0,0,0,5,4,1,451,309,142,6,5,1,457,314,143,2023
621100,Widerstand gegen und t tlicher Angriff auf Vollstreckungsbeamte und gleichstehende Personen    113-115 StGB,15002000,Halle (Saale),vers.,0,0,0,0,0,0,0,0,0,0,0,0,0,0,0,0,0,0,0,0,0,0,0,0,0,0,0,2023
621100,Widerstand gegen und t tlicher Angriff auf Vollstreckungsbeamte und gleichstehende Personen    113-115 StGB,15002000,Halle (Saale),voll.,378,318,60,0,0,0,0,0,0,0,0,0,0,0,0,25,24,1,340,284,56,13,10,3,353,294,59,2023
621100,Widerstand gegen und t tlicher Angriff auf Vollstreckungsbeamte und gleichstehende Personen    113-115 StGB,15002000,Halle (Saale),insg.,378,318,60,0,0,0,0,0,0,0,0,0,0,0,0,25,24,1,340,284,56,13,10,3,353,294,59,2023
621100,Widerstand gegen und t tlicher Angriff auf Vollstreckungsbeamte und gleichstehende Personen    113-115 StGB,2000000,Hamburg,vers.,0,0,0,0,0,0,0,0,0,0,0,0,0,0,0,0,0,0,0,0,0,0,0,0,0,0,0,2023
621100,Widerstand gegen und t tlicher Angriff auf Vollstreckungsbeamte und gleichstehende Personen    113-115 StGB,2000000,Hamburg,voll.,3290,2515,775,0,0,0,0,0,0,0,0,0,1,1,0,40,31,9,3247,2481,766,2,2,0,3249,2483,766,2023
621100,Widerstand gegen und t tlicher Angriff auf Vollstreckungsbeamte und gleichstehende Personen    113-115 StGB,2000000,Hamburg,insg.,3290,2515,775,0,0,0,0,0,0,0,0,0,1,1,0,40,31,9,3247,2481,766,2,2,0,3249,2483,766,2023
621100,Widerstand gegen und t tlicher Angriff auf Vollstreckungsbeamte und gleichstehende Personen    113-115 StGB,5915000,Hamm,vers.,0,0,0,0,0,0,0,0,0,0,0,0,0,0,0,0,0,0,0,0,0,0,0,0,0,0,0,2023
621100,Widerstand gegen und t tlicher Angriff auf Vollstreckungsbeamte und gleichstehende Personen    113-115 StGB,5915000,Hamm,voll.,377,310,67,0,0,0,0,0,0,0,0,0,0,0,0,6,6,0,370,303,67,1,1,0,371,304,67,2023
621100,Widerstand gegen und t tlicher Angriff auf Vollstreckungsbeamte und gleichstehende Personen    113-115 StGB,5915000,Hamm,insg.,377,310,67,0,0,0,0,0,0,0,0,0,0,0,0,6,6,0,370,303,67,1,1,0,371,304,67,2023
621100,Widerstand gegen und t tlicher Angriff auf Vollstreckungsbeamte und gleichstehende Personen    113-115 StGB,6435014,Hanau,vers.,0,0,0,0,0,0,0,0,0,0,0,0,0,0,0,0,0,0,0,0,0,0,0,0,0,0,0,2023
621100,Widerstand gegen und t tlicher Angriff auf Vollstreckungsbeamte und gleichstehende Personen    113-115 StGB,6435014,Hanau,voll.,47,34,13,0,0,0,0,0,0,0,0,0,0,0,0,3,2,1,44,32,12,0,0,0,44,32,12,2023
621100,Widerstand gegen und t tlicher Angriff auf Vollstreckungsbeamte und gleichstehende Personen    113-115 StGB,6435014,Hanau,insg.,47,34,13,0,0,0,0,0,0,0,0,0,0,0,0,3,2,1,44,32,12,0,0,0,44,32,12,2023
621100,Widerstand gegen und t tlicher Angriff auf Vollstreckungsbeamte und gleichstehende Personen    113-115 StGB,3241001,Hannover,vers.,0,0,0,0,0,0,0,0,0,0,0,0,0,0,0,0,0,0,0,0,0,0,0,0,0,0,0,2023
621100,Widerstand gegen und t tlicher Angriff auf Vollstreckungsbeamte und gleichstehende Personen    113-115 StGB,3241001,Hannover,voll.,1698,1316,382,0,0,0,0,0,0,0,0,0,0,0,0,15,11,4,1678,1300,378,5,5,0,1683,1305,378,2023
621100,Widerstand gegen und t tlicher Angriff auf Vollstreckungsbeamte und gleichstehende Personen    113-115 StGB,3241001,Hannover,insg.,1698,1316,382,0,0,0,0,0,0,0,0,0,0,0,0,15,11,4,1678,1300,378,5,5,0,1683,1305,378,2023
621100,Widerstand gegen und t tlicher Angriff auf Vollstreckungsbeamte und gleichstehende Personen    113-115 StGB,8221000,Heidelberg,vers.,0,0,0,0,0,0,0,0,0,0,0,0,0,0,0,0,0,0,0,0,0,0,0,0,0,0,0,2023
621100,Widerstand gegen und t tlicher Angriff auf Vollstreckungsbeamte und gleichstehende Personen    113-115 StGB,8221000,Heidelberg,voll.,442,329,113,0,0,0,0,0,0,0,0,0,1,1,0,11,8,3,427,317,110,3,3,0,430,320,110,2023
621100,Widerstand gegen und t tlicher Angriff auf Vollstreckungsbeamte und gleichstehende Personen    113-115 StGB,8221000,Heidelberg,insg.,442,329,113,0,0,0,0,0,0,0,0,0,1,1,0,11,8,3,427,317,110,3,3,0,430,320,110,2023
621100,Widerstand gegen und t tlicher Angriff auf Vollstreckungsbeamte und gleichstehende Personen    113-115 StGB,8121000,Heilbronn,vers.,0,0,0,0,0,0,0,0,0,0,0,0,0,0,0,0,0,0,0,0,0,0,0,0,0,0,0,2023
621100,Widerstand gegen und t tlicher Angriff auf Vollstreckungsbeamte und gleichstehende Personen    113-115 StGB,8121000,Heilbronn,voll.,263,205,58,0,0,0,0,0,0,0,0,0,0,0,0,4,4,0,253,195,58,6,6,0,259,201,58,2023
621100,Widerstand gegen und t tlicher Angriff auf Vollstreckungsbeamte und gleichstehende Personen    113-115 StGB,8121000,Heilbronn,insg.,263,205,58,0,0,0,0,0,0,0,0,0,0,0,0,4,4,0,253,195,58,6,6,0,259,201,58,2023
621100,Widerstand gegen und t tlicher Angriff auf Vollstreckungsbeamte und gleichstehende Personen    113-115 StGB,5916000,Herne,vers.,0,0,0,0,0,0,0,0,0,0,0,0,0,0,0,0,0,0,0,0,0,0,0,0,0,0,0,2023
621100,Widerstand gegen und t tlicher Angriff auf Vollstreckungsbeamte und gleichstehende Personen    113-115 StGB,5916000,Herne,voll.,241,188,53,0,0,0,0,0,0,0,0,0,0,0,0,2,0,2,238,187,51,1,1,0,239,188,51,2023
621100,Widerstand gegen und t tlicher Angriff auf Vollstreckungsbeamte und gleichstehende Personen    113-115 StGB,5916000,Herne,insg.,241,188,53,0,0,0,0,0,0,0,0,0,0,0,0,2,0,2,238,187,51,1,1,0,239,188,51,2023
621100,Widerstand gegen und t tlicher Angriff auf Vollstreckungsbeamte und gleichstehende Personen    113-115 StGB,3254021,Hildesheim,vers.,0,0,0,0,0,0,0,0,0,0,0,0,0,0,0,0,0,0,0,0,0,0,0,0,0,0,0,2023
621100,Widerstand gegen und t tlicher Angriff auf Vollstreckungsbeamte und gleichstehende Personen    113-115 StGB,3254021,Hildesheim,voll.,165,111,54,0,0,0,0,0,0,0,0,0,0,0,0,1,0,1,159,106,53,5,5,0,164,111,53,2023
621100,Widerstand gegen und t tlicher Angriff auf Vollstreckungsbeamte und gleichstehende Personen    113-115 StGB,3254021,Hildesheim,insg.,165,111,54,0,0,0,0,0,0,0,0,0,0,0,0,1,0,1,159,106,53,5,5,0,164,111,53,2023
621100,Widerstand gegen und t tlicher Angriff auf Vollstreckungsbeamte und gleichstehende Personen    113-115 StGB,9161000,Ingolstadt,vers.,0,0,0,0,0,0,0,0,0,0,0,0,0,0,0,0,0,0,0,0,0,0,0,0,0,0,0,2023
621100,Widerstand gegen und t tlicher Angriff auf Vollstreckungsbeamte und gleichstehende Personen    113-115 StGB,9161000,Ingolstadt,voll.,217,153,64,0,0,0,0,0,0,0,0,0,0,0,0,9,5,4,207,147,60,1,1,0,208,148,60,2023
621100,Widerstand gegen und t tlicher Angriff auf Vollstreckungsbeamte und gleichstehende Personen    113-115 StGB,9161000,Ingolstadt,insg.,217,153,64,0,0,0,0,0,0,0,0,0,0,0,0,9,5,4,207,147,60,1,1,0,208,148,60,2023
621100,Widerstand gegen und t tlicher Angriff auf Vollstreckungsbeamte und gleichstehende Personen    113-115 StGB,16053000,Jena,vers.,0,0,0,0,0,0,0,0,0,0,0,0,0,0,0,0,0,0,0,0,0,0,0,0,0,0,0,2023
621100,Widerstand gegen und t tlicher Angriff auf Vollstreckungsbeamte und gleichstehende Personen    113-115 StGB,16053000,Jena,voll.,132,112,20,0,0,0,0,0,0,0,0,0,0,0,0,4,4,0,128,108,20,0,0,0,128,108,20,2023
621100,Widerstand gegen und t tlicher Angriff auf Vollstreckungsbeamte und gleichstehende Personen    113-115 StGB,16053000,Jena,insg.,132,112,20,0,0,0,0,0,0,0,0,0,0,0,0,4,4,0,128,108,20,0,0,0,128,108,20,2023
621100,Widerstand gegen und t tlicher Angriff auf Vollstreckungsbeamte und gleichstehende Personen    113-115 StGB,7312000,Kaiserslautern,vers.,0,0,0,0,0,0,0,0,0,0,0,0,0,0,0,0,0,0,0,0,0,0,0,0,0,0,0,2023
621100,Widerstand gegen und t tlicher Angriff auf Vollstreckungsbeamte und gleichstehende Personen    113-115 StGB,7312000,Kaiserslautern,voll.,252,205,47,0,0,0,0,0,0,0,0,0,0,0,0,0,0,0,251,204,47,1,1,0,252,205,47,2023
621100,Widerstand gegen und t tlicher Angriff auf Vollstreckungsbeamte und gleichstehende Personen    113-115 StGB,7312000,Kaiserslautern,insg.,252,205,47,0,0,0,0,0,0,0,0,0,0,0,0,0,0,0,251,204,47,1,1,0,252,205,47,2023
621100,Widerstand gegen und t tlicher Angriff auf Vollstreckungsbeamte und gleichstehende Personen    113-115 StGB,8212000,Karlsruhe,vers.,0,0,0,0,0,0,0,0,0,0,0,0,0,0,0,0,0,0,0,0,0,0,0,0,0,0,0,2023
621100,Widerstand gegen und t tlicher Angriff auf Vollstreckungsbeamte und gleichstehende Personen    113-115 StGB,8212000,Karlsruhe,voll.,529,427,102,0,0,0,0,0,0,0,0,0,0,0,0,14,12,2,506,407,99,9,8,1,515,415,100,2023
621100,Widerstand gegen und t tlicher Angriff auf Vollstreckungsbeamte und gleichstehende Personen    113-115 StGB,8212000,Karlsruhe,insg.,529,427,102,0,0,0,0,0,0,0,0,0,0,0,0,14,12,2,506,407,99,9,8,1,515,415,100,2023
621100,Widerstand gegen und t tlicher Angriff auf Vollstreckungsbeamte und gleichstehende Personen    113-115 StGB,6611000,Kassel,vers.,0,0,0,0,0,0,0,0,0,0,0,0,0,0,0,0,0,0,0,0,0,0,0,0,0,0,0,2023
621100,Widerstand gegen und t tlicher Angriff auf Vollstreckungsbeamte und gleichstehende Personen    113-115 StGB,6611000,Kassel,voll.,299,243,56,0,0,0,0,0,0,0,0,0,0,0,0,15,12,3,283,231,52,1,0,1,284,231,53,2023
621100,Widerstand gegen und t tlicher Angriff auf Vollstreckungsbeamte und gleichstehende Personen    113-115 StGB,6611000,Kassel,insg.,299,243,56,0,0,0,0,0,0,0,0,0,0,0,0,15,12,3,283,231,52,1,0,1,284,231,53,2023
621100,Widerstand gegen und t tlicher Angriff auf Vollstreckungsbeamte und gleichstehende Personen    113-115 StGB,1002000,Kiel,vers.,0,0,0,0,0,0,0,0,0,0,0,0,0,0,0,0,0,0,0,0,0,0,0,0,0,0,0,2023
621100,Widerstand gegen und t tlicher Angriff auf Vollstreckungsbeamte und gleichstehende Personen    113-115 StGB,1002000,Kiel,voll.,421,334,87,0,0,0,0,0,0,0,0,0,0,0,0,11,10,1,409,323,86,1,1,0,410,324,86,2023
621100,Widerstand gegen und t tlicher Angriff auf Vollstreckungsbeamte und gleichstehende Personen    113-115 StGB,1002000,Kiel,insg.,421,334,87,0,0,0,0,0,0,0,0,0,0,0,0,11,10,1,409,323,86,1,1,0,410,324,86,2023
621100,Widerstand gegen und t tlicher Angriff auf Vollstreckungsbeamte und gleichstehende Personen    113-115 StGB,7111000,Koblenz,vers.,0,0,0,0,0,0,0,0,0,0,0,0,0,0,0,0,0,0,0,0,0,0,0,0,0,0,0,2023
621100,Widerstand gegen und t tlicher Angriff auf Vollstreckungsbeamte und gleichstehende Personen    113-115 StGB,7111000,Koblenz,voll.,284,236,48,0,0,0,0,0,0,0,0,0,0,0,0,2,2,0,279,231,48,3,3,0,282,234,48,2023
621100,Widerstand gegen und t tlicher Angriff auf Vollstreckungsbeamte und gleichstehende Personen    113-115 StGB,7111000,Koblenz,insg.,284,236,48,0,0,0,0,0,0,0,0,0,0,0,0,2,2,0,279,231,48,3,3,0,282,234,48,2023
621100,Widerstand gegen und t tlicher Angriff auf Vollstreckungsbeamte und gleichstehende Personen    113-115 StGB,5315000,K ln,vers.,0,0,0,0,0,0,0,0,0,0,0,0,0,0,0,0,0,0,0,0,0,0,0,0,0,0,0,2023
621100,Widerstand gegen und t tlicher Angriff auf Vollstreckungsbeamte und gleichstehende Personen    113-115 StGB,5315000,K ln,voll.,2163,1577,586,0,0,0,0,0,0,0,0,0,0,0,0,14,7,7,2137,1559,578,12,11,1,2149,1570,579,2023
621100,Widerstand gegen und t tlicher Angriff auf Vollstreckungsbeamte und gleichstehende Personen    113-115 StGB,5315000,K ln,insg.,2163,1577,586,0,0,0,0,0,0,0,0,0,0,0,0,14,7,7,2137,1559,578,12,11,1,2149,1570,579,2023
621100,Widerstand gegen und t tlicher Angriff auf Vollstreckungsbeamte und gleichstehende Personen    113-115 StGB,5114000,Krefeld,vers.,0,0,0,0,0,0,0,0,0,0,0,0,0,0,0,0,0,0,0,0,0,0,0,0,0,0,0,2023
621100,Widerstand gegen und t tlicher Angriff auf Vollstreckungsbeamte und gleichstehende Personen    113-115 StGB,5114000,Krefeld,voll.,345,215,130,0,0,0,0,0,0,0,0,0,0,0,0,7,1,6,337,213,124,1,1,0,338,214,124,2023
621100,Widerstand gegen und t tlicher Angriff auf Vollstreckungsbeamte und gleichstehende Personen    113-115 StGB,5114000,Krefeld,insg.,345,215,130,0,0,0,0,0,0,0,0,0,0,0,0,7,1,6,337,213,124,1,1,0,338,214,124,2023
621100,Widerstand gegen und t tlicher Angriff auf Vollstreckungsbeamte und gleichstehende Personen    113-115 StGB,14713000,Leipzig,vers.,0,0,0,0,0,0,0,0,0,0,0,0,0,0,0,0,0,0,0,0,0,0,0,0,0,0,0,2023
621100,Widerstand gegen und t tlicher Angriff auf Vollstreckungsbeamte und gleichstehende Personen    113-115 StGB,14713000,Leipzig,voll.,1194,1009,185,0,0,0,0,0,0,0,0,0,2,2,0,41,38,3,1147,966,181,4,3,1,1151,969,182,2023
621100,Widerstand gegen und t tlicher Angriff auf Vollstreckungsbeamte und gleichstehende Personen    113-115 StGB,14713000,Leipzig,insg.,1194,1009,185,0,0,0,0,0,0,0,0,0,2,2,0,41,38,3,1147,966,181,4,3,1,1151,969,182,2023
621100,Widerstand gegen und t tlicher Angriff auf Vollstreckungsbeamte und gleichstehende Personen    113-115 StGB,5316000,Leverkusen,vers.,0,0,0,0,0,0,0,0,0,0,0,0,0,0,0,0,0,0,0,0,0,0,0,0,0,0,0,2023
621100,Widerstand gegen und t tlicher Angriff auf Vollstreckungsbeamte und gleichstehende Personen    113-115 StGB,5316000,Leverkusen,voll.,202,131,71,0,0,0,0,0,0,0,0,0,0,0,0,1,1,0,201,130,71,0,0,0,201,130,71,2023
621100,Widerstand gegen und t tlicher Angriff auf Vollstreckungsbeamte und gleichstehende Personen    113-115 StGB,5316000,Leverkusen,insg.,202,131,71,0,0,0,0,0,0,0,0,0,0,0,0,1,1,0,201,130,71,0,0,0,201,130,71,2023
621100,Widerstand gegen und t tlicher Angriff auf Vollstreckungsbeamte und gleichstehende Personen    113-115 StGB,1003000,L beck,vers.,0,0,0,0,0,0,0,0,0,0,0,0,0,0,0,0,0,0,0,0,0,0,0,0,0,0,0,2023
621100,Widerstand gegen und t tlicher Angriff auf Vollstreckungsbeamte und gleichstehende Personen    113-115 StGB,1003000,L beck,voll.,646,482,164,0,0,0,0,0,0,0,0,0,0,0,0,7,2,5,631,472,159,8,8,0,639,480,159,2023
621100,Widerstand gegen und t tlicher Angriff auf Vollstreckungsbeamte und gleichstehende Personen    113-115 StGB,1003000,L beck,insg.,646,482,164,0,0,0,0,0,0,0,0,0,0,0,0,7,2,5,631,472,159,8,8,0,639,480,159,2023
621100,Widerstand gegen und t tlicher Angriff auf Vollstreckungsbeamte und gleichstehende Personen    113-115 StGB,7314000,Ludwigshafen am Rhein,vers.,0,0,0,0,0,0,0,0,0,0,0,0,0,0,0,0,0,0,0,0,0,0,0,0,0,0,0,2023
621100,Widerstand gegen und t tlicher Angriff auf Vollstreckungsbeamte und gleichstehende Personen    113-115 StGB,7314000,Ludwigshafen am Rhein,voll.,163,128,35,0,0,0,0,0,0,0,0,0,0,0,0,1,1,0,162,127,35,0,0,0,162,127,35,2023
621100,Widerstand gegen und t tlicher Angriff auf Vollstreckungsbeamte und gleichstehende Personen    113-115 StGB,7314000,Ludwigshafen am Rhein,insg.,163,128,35,0,0,0,0,0,0,0,0,0,0,0,0,1,1,0,162,127,35,0,0,0,162,127,35,2023
621100,Widerstand gegen und t tlicher Angriff auf Vollstreckungsbeamte und gleichstehende Personen    113-115 StGB,15003000,Magdeburg,vers.,0,0,0,0,0,0,0,0,0,0,0,0,0,0,0,0,0,0,0,0,0,0,0,0,0,0,0,2023
621100,Widerstand gegen und t tlicher Angriff auf Vollstreckungsbeamte und gleichstehende Personen    113-115 StGB,15003000,Magdeburg,voll.,538,418,120,0,0,0,0,0,0,0,0,0,1,1,0,33,26,7,497,384,113,7,7,0,504,391,113,2023
621100,Widerstand gegen und t tlicher Angriff auf Vollstreckungsbeamte und gleichstehende Personen    113-115 StGB,15003000,Magdeburg,insg.,538,418,120,0,0,0,0,0,0,0,0,0,1,1,0,33,26,7,497,384,113,7,7,0,504,391,113,2023
621100,Widerstand gegen und t tlicher Angriff auf Vollstreckungsbeamte und gleichstehende Personen    113-115 StGB,7315000,Mainz,vers.,0,0,0,0,0,0,0,0,0,0,0,0,0,0,0,0,0,0,0,0,0,0,0,0,0,0,0,2023
621100,Widerstand gegen und t tlicher Angriff auf Vollstreckungsbeamte und gleichstehende Personen    113-115 StGB,7315000,Mainz,voll.,250,186,64,0,0,0,0,0,0,0,0,0,0,0,0,4,2,2,244,182,62,2,2,0,246,184,62,2023
621100,Widerstand gegen und t tlicher Angriff auf Vollstreckungsbeamte und gleichstehende Personen    113-115 StGB,7315000,Mainz,insg.,250,186,64,0,0,0,0,0,0,0,0,0,0,0,0,4,2,2,244,182,62,2,2,0,246,184,62,2023
621100,Widerstand gegen und t tlicher Angriff auf Vollstreckungsbeamte und gleichstehende Personen    113-115 StGB,8222000,Mannheim,vers.,0,0,0,0,0,0,0,0,0,0,0,0,0,0,0,0,0,0,0,0,0,0,0,0,0,0,0,2023
621100,Widerstand gegen und t tlicher Angriff auf Vollstreckungsbeamte und gleichstehende Personen    113-115 StGB,8222000,Mannheim,voll.,472,376,96,0,0,0,0,0,0,0,0,0,0,0,0,14,8,6,455,365,90,3,3,0,458,368,90,2023
621100,Widerstand gegen und t tlicher Angriff auf Vollstreckungsbeamte und gleichstehende Personen    113-115 StGB,8222000,Mannheim,insg.,472,376,96,0,0,0,0,0,0,0,0,0,0,0,0,14,8,6,455,365,90,3,3,0,458,368,90,2023
621100,Widerstand gegen und t tlicher Angriff auf Vollstreckungsbeamte und gleichstehende Personen    113-115 StGB,5170024,Moers,vers.,0,0,0,0,0,0,0,0,0,0,0,0,0,0,0,0,0,0,0,0,0,0,0,0,0,0,0,2023
621100,Widerstand gegen und t tlicher Angriff auf Vollstreckungsbeamte und gleichstehende Personen    113-115 StGB,5170024,Moers,voll.,132,93,39,0,0,0,0,0,0,0,0,0,0,0,0,4,2,2,128,91,37,0,0,0,128,91,37,2023
621100,Widerstand gegen und t tlicher Angriff auf Vollstreckungsbeamte und gleichstehende Personen    113-115 StGB,5170024,Moers,insg.,132,93,39,0,0,0,0,0,0,0,0,0,0,0,0,4,2,2,128,91,37,0,0,0,128,91,37,2023
621100,Widerstand gegen und t tlicher Angriff auf Vollstreckungsbeamte und gleichstehende Personen    113-115 StGB,5116000,M nchengladbach,vers.,0,0,0,0,0,0,0,0,0,0,0,0,0,0,0,0,0,0,0,0,0,0,0,0,0,0,0,2023
621100,Widerstand gegen und t tlicher Angriff auf Vollstreckungsbeamte und gleichstehende Personen    113-115 StGB,5116000,M nchengladbach,voll.,487,353,134,0,0,0,0,0,0,0,0,0,0,0,0,5,2,3,479,348,131,3,3,0,482,351,131,2023
621100,Widerstand gegen und t tlicher Angriff auf Vollstreckungsbeamte und gleichstehende Personen    113-115 StGB,5116000,M nchengladbach,insg.,487,353,134,0,0,0,0,0,0,0,0,0,0,0,0,5,2,3,479,348,131,3,3,0,482,351,131,2023
621100,Widerstand gegen und t tlicher Angriff auf Vollstreckungsbeamte und gleichstehende Personen    113-115 StGB,5117000,M lheim an der Ruhr,vers.,0,0,0,0,0,0,0,0,0,0,0,0,0,0,0,0,0,0,0,0,0,0,0,0,0,0,0,2023
621100,Widerstand gegen und t tlicher Angriff auf Vollstreckungsbeamte und gleichstehende Personen    113-115 StGB,5117000,M lheim an der Ruhr,voll.,191,131,60,0,0,0,0,0,0,0,0,0,0,0,0,1,1,0,190,130,60,0,0,0,190,130,60,2023
621100,Widerstand gegen und t tlicher Angriff auf Vollstreckungsbeamte und gleichstehende Personen    113-115 StGB,5117000,M lheim an der Ruhr,insg.,191,131,60,0,0,0,0,0,0,0,0,0,0,0,0,1,1,0,190,130,60,0,0,0,190,130,60,2023
621100,Widerstand gegen und t tlicher Angriff auf Vollstreckungsbeamte und gleichstehende Personen    113-115 StGB,9162000,M nchen,vers.,0,0,0,0,0,0,0,0,0,0,0,0,0,0,0,0,0,0,0,0,0,0,0,0,0,0,0,2023
621100,Widerstand gegen und t tlicher Angriff auf Vollstreckungsbeamte und gleichstehende Personen    113-115 StGB,9162000,M nchen,voll.,2249,1820,429,0,0,0,0,0,0,0,0,0,0,0,0,48,26,22,2197,1790,407,4,4,0,2201,1794,407,2023
621100,Widerstand gegen und t tlicher Angriff auf Vollstreckungsbeamte und gleichstehende Personen    113-115 StGB,9162000,M nchen,insg.,2249,1820,429,0,0,0,0,0,0,0,0,0,0,0,0,48,26,22,2197,1790,407,4,4,0,2201,1794,407,2023
621100,Widerstand gegen und t tlicher Angriff auf Vollstreckungsbeamte und gleichstehende Personen    113-115 StGB,5515000,M nster,vers.,0,0,0,0,0,0,0,0,0,0,0,0,0,0,0,0,0,0,0,0,0,0,0,0,0,0,0,2023
621100,Widerstand gegen und t tlicher Angriff auf Vollstreckungsbeamte und gleichstehende Personen    113-115 StGB,5515000,M nster,voll.,585,485,100,0,0,0,0,0,0,0,0,0,0,0,0,10,9,1,567,468,99,8,8,0,575,476,99,2023
621100,Widerstand gegen und t tlicher Angriff auf Vollstreckungsbeamte und gleichstehende Personen    113-115 StGB,5515000,M nster,insg.,585,485,100,0,0,0,0,0,0,0,0,0,0,0,0,10,9,1,567,468,99,8,8,0,575,476,99,2023
621100,Widerstand gegen und t tlicher Angriff auf Vollstreckungsbeamte und gleichstehende Personen    113-115 StGB,5162024,Neuss,vers.,0,0,0,0,0,0,0,0,0,0,0,0,0,0,0,0,0,0,0,0,0,0,0,0,0,0,0,2023
621100,Widerstand gegen und t tlicher Angriff auf Vollstreckungsbeamte und gleichstehende Personen    113-115 StGB,5162024,Neuss,voll.,176,124,52,0,0,0,0,0,0,0,0,0,0,0,0,3,1,2,173,123,50,0,0,0,173,123,50,2023
621100,Widerstand gegen und t tlicher Angriff auf Vollstreckungsbeamte und gleichstehende Personen    113-115 StGB,5162024,Neuss,insg.,176,124,52,0,0,0,0,0,0,0,0,0,0,0,0,3,1,2,173,123,50,0,0,0,173,123,50,2023
621100,Widerstand gegen und t tlicher Angriff auf Vollstreckungsbeamte und gleichstehende Personen    113-115 StGB,9564000,N rnberg,vers.,0,0,0,0,0,0,0,0,0,0,0,0,0,0,0,0,0,0,0,0,0,0,0,0,0,0,0,2023
621100,Widerstand gegen und t tlicher Angriff auf Vollstreckungsbeamte und gleichstehende Personen    113-115 StGB,9564000,N rnberg,voll.,770,619,151,0,0,0,0,0,0,0,0,0,0,0,0,15,10,5,751,605,146,4,4,0,755,609,146,2023
621100,Widerstand gegen und t tlicher Angriff auf Vollstreckungsbeamte und gleichstehende Personen    113-115 StGB,9564000,N rnberg,insg.,770,619,151,0,0,0,0,0,0,0,0,0,0,0,0,15,10,5,751,605,146,4,4,0,755,609,146,2023
621100,Widerstand gegen und t tlicher Angriff auf Vollstreckungsbeamte und gleichstehende Personen    113-115 StGB,5119000,Oberhausen,vers.,0,0,0,0,0,0,0,0,0,0,0,0,0,0,0,0,0,0,0,0,0,0,0,0,0,0,0,2023
621100,Widerstand gegen und t tlicher Angriff auf Vollstreckungsbeamte und gleichstehende Personen    113-115 StGB,5119000,Oberhausen,voll.,281,201,80,0,0,0,0,0,0,0,0,0,0,0,0,2,2,0,273,194,79,6,5,1,279,199,80,2023
621100,Widerstand gegen und t tlicher Angriff auf Vollstreckungsbeamte und gleichstehende Personen    113-115 StGB,5119000,Oberhausen,insg.,281,201,80,0,0,0,0,0,0,0,0,0,0,0,0,2,2,0,273,194,79,6,5,1,279,199,80,2023
621100,Widerstand gegen und t tlicher Angriff auf Vollstreckungsbeamte und gleichstehende Personen    113-115 StGB,6413000,Offenbach am Main,vers.,0,0,0,0,0,0,0,0,0,0,0,0,0,0,0,0,0,0,0,0,0,0,0,0,0,0,0,2023
621100,Widerstand gegen und t tlicher Angriff auf Vollstreckungsbeamte und gleichstehende Personen    113-115 StGB,6413000,Offenbach am Main,voll.,111,80,31,0,0,0,0,0,0,0,0,0,0,0,0,0,0,0,111,80,31,0,0,0,111,80,31,2023
621100,Widerstand gegen und t tlicher Angriff auf Vollstreckungsbeamte und gleichstehende Personen    113-115 StGB,6413000,Offenbach am Main,insg.,111,80,31,0,0,0,0,0,0,0,0,0,0,0,0,0,0,0,111,80,31,0,0,0,111,80,31,2023
621100,Widerstand gegen und t tlicher Angriff auf Vollstreckungsbeamte und gleichstehende Personen    113-115 StGB,3403000,Oldenburg (Oldenburg),vers.,0,0,0,0,0,0,0,0,0,0,0,0,0,0,0,0,0,0,0,0,0,0,0,0,0,0,0,2023
621100,Widerstand gegen und t tlicher Angriff auf Vollstreckungsbeamte und gleichstehende Personen    113-115 StGB,3403000,Oldenburg (Oldenburg),voll.,179,147,32,0,0,0,0,0,0,0,0,0,0,0,0,2,1,1,173,142,31,4,4,0,177,146,31,2023
621100,Widerstand gegen und t tlicher Angriff auf Vollstreckungsbeamte und gleichstehende Personen    113-115 StGB,3403000,Oldenburg (Oldenburg),insg.,179,147,32,0,0,0,0,0,0,0,0,0,0,0,0,2,1,1,173,142,31,4,4,0,177,146,31,2023
621100,Widerstand gegen und t tlicher Angriff auf Vollstreckungsbeamte und gleichstehende Personen    113-115 StGB,3404000,Osnabr ck,vers.,0,0,0,0,0,0,0,0,0,0,0,0,0,0,0,0,0,0,0,0,0,0,0,0,0,0,0,2023
621100,Widerstand gegen und t tlicher Angriff auf Vollstreckungsbeamte und gleichstehende Personen    113-115 StGB,3404000,Osnabr ck,voll.,355,267,88,0,0,0,0,0,0,0,0,0,0,0,0,2,2,0,346,258,88,7,7,0,353,265,88,2023
621100,Widerstand gegen und t tlicher Angriff auf Vollstreckungsbeamte und gleichstehende Personen    113-115 StGB,3404000,Osnabr ck,insg.,355,267,88,0,0,0,0,0,0,0,0,0,0,0,0,2,2,0,346,258,88,7,7,0,353,265,88,2023
621100,Widerstand gegen und t tlicher Angriff auf Vollstreckungsbeamte und gleichstehende Personen    113-115 StGB,5774032,Paderborn,vers.,0,0,0,0,0,0,0,0,0,0,0,0,0,0,0,0,0,0,0,0,0,0,0,0,0,0,0,2023
621100,Widerstand gegen und t tlicher Angriff auf Vollstreckungsbeamte und gleichstehende Personen    113-115 StGB,5774032,Paderborn,voll.,231,196,35,0,0,0,0,0,0,0,0,0,0,0,0,3,3,0,228,193,35,0,0,0,228,193,35,2023
621100,Widerstand gegen und t tlicher Angriff auf Vollstreckungsbeamte und gleichstehende Personen    113-115 StGB,5774032,Paderborn,insg.,231,196,35,0,0,0,0,0,0,0,0,0,0,0,0,3,3,0,228,193,35,0,0,0,228,193,35,2023
621100,Widerstand gegen und t tlicher Angriff auf Vollstreckungsbeamte und gleichstehende Personen    113-115 StGB,8231000,Pforzheim,vers.,0,0,0,0,0,0,0,0,0,0,0,0,0,0,0,0,0,0,0,0,0,0,0,0,0,0,0,2023
621100,Widerstand gegen und t tlicher Angriff auf Vollstreckungsbeamte und gleichstehende Personen    113-115 StGB,8231000,Pforzheim,voll.,145,108,37,0,0,0,0,0,0,0,0,0,0,0,0,2,2,0,142,105,37,1,1,0,143,106,37,2023
621100,Widerstand gegen und t tlicher Angriff auf Vollstreckungsbeamte und gleichstehende Personen    113-115 StGB,8231000,Pforzheim,insg.,145,108,37,0,0,0,0,0,0,0,0,0,0,0,0,2,2,0,142,105,37,1,1,0,143,106,37,2023
621100,Widerstand gegen und t tlicher Angriff auf Vollstreckungsbeamte und gleichstehende Personen    113-115 StGB,12054000,Potsdam,vers.,0,0,0,0,0,0,0,0,0,0,0,0,0,0,0,0,0,0,0,0,0,0,0,0,0,0,0,2023
621100,Widerstand gegen und t tlicher Angriff auf Vollstreckungsbeamte und gleichstehende Personen    113-115 StGB,12054000,Potsdam,voll.,187,134,53,0,0,0,0,0,0,0,0,0,0,0,0,3,3,0,184,131,53,0,0,0,184,131,53,2023
621100,Widerstand gegen und t tlicher Angriff auf Vollstreckungsbeamte und gleichstehende Personen    113-115 StGB,12054000,Potsdam,insg.,187,134,53,0,0,0,0,0,0,0,0,0,0,0,0,3,3,0,184,131,53,0,0,0,184,131,53,2023
621100,Widerstand gegen und t tlicher Angriff auf Vollstreckungsbeamte und gleichstehende Personen    113-115 StGB,5562032,Recklinghausen,vers.,0,0,0,0,0,0,0,0,0,0,0,0,0,0,0,0,0,0,0,0,0,0,0,0,0,0,0,2023
621100,Widerstand gegen und t tlicher Angriff auf Vollstreckungsbeamte und gleichstehende Personen    113-115 StGB,5562032,Recklinghausen,voll.,185,150,35,0,0,0,0,0,0,0,0,0,0,0,0,1,0,1,180,147,33,4,3,1,184,150,34,2023
621100,Widerstand gegen und t tlicher Angriff auf Vollstreckungsbeamte und gleichstehende Personen    113-115 StGB,5562032,Recklinghausen,insg.,185,150,35,0,0,0,0,0,0,0,0,0,0,0,0,1,0,1,180,147,33,4,3,1,184,150,34,2023
621100,Widerstand gegen und t tlicher Angriff auf Vollstreckungsbeamte und gleichstehende Personen    113-115 StGB,9362000,Regensburg,vers.,0,0,0,0,0,0,0,0,0,0,0,0,0,0,0,0,0,0,0,0,0,0,0,0,0,0,0,2023
621100,Widerstand gegen und t tlicher Angriff auf Vollstreckungsbeamte und gleichstehende Personen    113-115 StGB,9362000,Regensburg,voll.,397,305,92,0,0,0,0,0,0,0,0,0,1,1,0,8,6,2,385,295,90,3,3,0,388,298,90,2023
621100,Widerstand gegen und t tlicher Angriff auf Vollstreckungsbeamte und gleichstehende Personen    113-115 StGB,9362000,Regensburg,insg.,397,305,92,0,0,0,0,0,0,0,0,0,1,1,0,8,6,2,385,295,90,3,3,0,388,298,90,2023
621100,Widerstand gegen und t tlicher Angriff auf Vollstreckungsbeamte und gleichstehende Personen    113-115 StGB,5120000,Remscheid,vers.,0,0,0,0,0,0,0,0,0,0,0,0,0,0,0,0,0,0,0,0,0,0,0,0,0,0,0,2023
621100,Widerstand gegen und t tlicher Angriff auf Vollstreckungsbeamte und gleichstehende Personen    113-115 StGB,5120000,Remscheid,voll.,225,129,96,0,0,0,0,0,0,0,0,0,0,0,0,2,2,0,223,127,96,0,0,0,223,127,96,2023
621100,Widerstand gegen und t tlicher Angriff auf Vollstreckungsbeamte und gleichstehende Personen    113-115 StGB,5120000,Remscheid,insg.,225,129,96,0,0,0,0,0,0,0,0,0,0,0,0,2,2,0,223,127,96,0,0,0,223,127,96,2023
621100,Widerstand gegen und t tlicher Angriff auf Vollstreckungsbeamte und gleichstehende Personen    113-115 StGB,8415061,Reutlingen,vers.,0,0,0,0,0,0,0,0,0,0,0,0,0,0,0,0,0,0,0,0,0,0,0,0,0,0,0,2023
621100,Widerstand gegen und t tlicher Angriff auf Vollstreckungsbeamte und gleichstehende Personen    113-115 StGB,8415061,Reutlingen,voll.,178,123,55,0,0,0,0,0,0,0,0,0,0,0,0,4,2,2,173,120,53,1,1,0,174,121,53,2023
621100,Widerstand gegen und t tlicher Angriff auf Vollstreckungsbeamte und gleichstehende Personen    113-115 StGB,8415061,Reutlingen,insg.,178,123,55,0,0,0,0,0,0,0,0,0,0,0,0,4,2,2,173,120,53,1,1,0,174,121,53,2023
621100,Widerstand gegen und t tlicher Angriff auf Vollstreckungsbeamte und gleichstehende Personen    113-115 StGB,13003000,"Rostock, Hanse- und Universit tsstadt",vers.,0,0,0,0,0,0,0,0,0,0,0,0,0,0,0,0,0,0,0,0,0,0,0,0,0,0,0,2023
621100,Widerstand gegen und t tlicher Angriff auf Vollstreckungsbeamte und gleichstehende Personen    113-115 StGB,13003000,"Rostock, Hanse- und Universit tsstadt",voll.,364,304,60,0,0,0,0,0,0,0,0,0,0,0,0,7,5,2,353,295,58,4,4,0,357,299,58,2023
621100,Widerstand gegen und t tlicher Angriff auf Vollstreckungsbeamte und gleichstehende Personen    113-115 StGB,13003000,"Rostock, Hanse- und Universit tsstadt",insg.,364,304,60,0,0,0,0,0,0,0,0,0,0,0,0,7,5,2,353,295,58,4,4,0,357,299,58,2023
621100,Widerstand gegen und t tlicher Angriff auf Vollstreckungsbeamte und gleichstehende Personen    113-115 StGB,10041100,Saarbr cken,vers.,0,0,0,0,0,0,0,0,0,0,0,0,0,0,0,0,0,0,0,0,0,0,0,0,0,0,0,2023
621100,Widerstand gegen und t tlicher Angriff auf Vollstreckungsbeamte und gleichstehende Personen    113-115 StGB,10041100,Saarbr cken,voll.,585,453,132,0,0,0,0,0,0,0,0,0,0,0,0,15,10,5,569,442,127,1,1,0,570,443,127,2023
621100,Widerstand gegen und t tlicher Angriff auf Vollstreckungsbeamte und gleichstehende Personen    113-115 StGB,10041100,Saarbr cken,insg.,585,453,132,0,0,0,0,0,0,0,0,0,0,0,0,15,10,5,569,442,127,1,1,0,570,443,127,2023
621100,Widerstand gegen und t tlicher Angriff auf Vollstreckungsbeamte und gleichstehende Personen    113-115 StGB,3102000,Salzgitter,vers.,0,0,0,0,0,0,0,0,0,0,0,0,0,0,0,0,0,0,0,0,0,0,0,0,0,0,0,2023
621100,Widerstand gegen und t tlicher Angriff auf Vollstreckungsbeamte und gleichstehende Personen    113-115 StGB,3102000,Salzgitter,voll.,96,80,16,0,0,0,0,0,0,0,0,0,0,0,0,3,3,0,93,77,16,0,0,0,93,77,16,2023
621100,Widerstand gegen und t tlicher Angriff auf Vollstreckungsbeamte und gleichstehende Personen    113-115 StGB,3102000,Salzgitter,insg.,96,80,16,0,0,0,0,0,0,0,0,0,0,0,0,3,3,0,93,77,16,0,0,0,93,77,16,2023
621100,Widerstand gegen und t tlicher Angriff auf Vollstreckungsbeamte und gleichstehende Personen    113-115 StGB,13004000,Schwerin,vers.,0,0,0,0,0,0,0,0,0,0,0,0,0,0,0,0,0,0,0,0,0,0,0,0,0,0,0,2023
621100,Widerstand gegen und t tlicher Angriff auf Vollstreckungsbeamte und gleichstehende Personen    113-115 StGB,13004000,Schwerin,voll.,286,236,50,0,0,0,0,0,0,0,0,0,0,0,0,3,3,0,278,229,49,5,4,1,283,233,50,2023
621100,Widerstand gegen und t tlicher Angriff auf Vollstreckungsbeamte und gleichstehende Personen    113-115 StGB,13004000,Schwerin,insg.,286,236,50,0,0,0,0,0,0,0,0,0,0,0,0,3,3,0,278,229,49,5,4,1,283,233,50,2023
621100,Widerstand gegen und t tlicher Angriff auf Vollstreckungsbeamte und gleichstehende Personen    113-115 StGB,5970040,Siegen,vers.,0,0,0,0,0,0,0,0,0,0,0,0,0,0,0,0,0,0,0,0,0,0,0,0,0,0,0,2023
621100,Widerstand gegen und t tlicher Angriff auf Vollstreckungsbeamte und gleichstehende Personen    113-115 StGB,5970040,Siegen,voll.,268,175,93,0,0,0,0,0,0,0,0,0,0,0,0,4,3,1,262,171,91,2,1,1,264,172,92,2023
621100,Widerstand gegen und t tlicher Angriff auf Vollstreckungsbeamte und gleichstehende Personen    113-115 StGB,5970040,Siegen,insg.,268,175,93,0,0,0,0,0,0,0,0,0,0,0,0,4,3,1,262,171,91,2,1,1,264,172,92,2023
621100,Widerstand gegen und t tlicher Angriff auf Vollstreckungsbeamte und gleichstehende Personen    113-115 StGB,5122000,Solingen,vers.,0,0,0,0,0,0,0,0,0,0,0,0,0,0,0,0,0,0,0,0,0,0,0,0,0,0,0,2023
621100,Widerstand gegen und t tlicher Angriff auf Vollstreckungsbeamte und gleichstehende Personen    113-115 StGB,5122000,Solingen,voll.,217,158,59,0,0,0,0,0,0,0,0,0,0,0,0,4,2,2,212,155,57,1,1,0,213,156,57,2023
621100,Widerstand gegen und t tlicher Angriff auf Vollstreckungsbeamte und gleichstehende Personen    113-115 StGB,5122000,Solingen,insg.,217,158,59,0,0,0,0,0,0,0,0,0,0,0,0,4,2,2,212,155,57,1,1,0,213,156,57,2023
621100,Widerstand gegen und t tlicher Angriff auf Vollstreckungsbeamte und gleichstehende Personen    113-115 StGB,8111000,Stuttgart,vers.,0,0,0,0,0,0,0,0,0,0,0,0,0,0,0,0,0,0,0,0,0,0,0,0,0,0,0,2023
621100,Widerstand gegen und t tlicher Angriff auf Vollstreckungsbeamte und gleichstehende Personen    113-115 StGB,8111000,Stuttgart,voll.,1827,1397,430,0,0,0,0,0,0,0,0,0,0,0,0,22,18,4,1798,1373,425,7,6,1,1805,1379,426,2023
621100,Widerstand gegen und t tlicher Angriff auf Vollstreckungsbeamte und gleichstehende Personen    113-115 StGB,8111000,Stuttgart,insg.,1827,1397,430,0,0,0,0,0,0,0,0,0,0,0,0,22,18,4,1798,1373,425,7,6,1,1805,1379,426,2023
621100,Widerstand gegen und t tlicher Angriff auf Vollstreckungsbeamte und gleichstehende Personen    113-115 StGB,7211000,Trier,vers.,0,0,0,0,0,0,0,0,0,0,0,0,0,0,0,0,0,0,0,0,0,0,0,0,0,0,0,2023
621100,Widerstand gegen und t tlicher Angriff auf Vollstreckungsbeamte und gleichstehende Personen    113-115 StGB,7211000,Trier,voll.,248,196,52,0,0,0,0,0,0,0,0,0,0,0,0,4,3,1,244,193,51,0,0,0,244,193,51,2023
621100,Widerstand gegen und t tlicher Angriff auf Vollstreckungsbeamte und gleichstehende Personen    113-115 StGB,7211000,Trier,insg.,248,196,52,0,0,0,0,0,0,0,0,0,0,0,0,4,3,1,244,193,51,0,0,0,244,193,51,2023
621100,Widerstand gegen und t tlicher Angriff auf Vollstreckungsbeamte und gleichstehende Personen    113-115 StGB,8421000,Ulm,vers.,0,0,0,0,0,0,0,0,0,0,0,0,0,0,0,0,0,0,0,0,0,0,0,0,0,0,0,2023
621100,Widerstand gegen und t tlicher Angriff auf Vollstreckungsbeamte und gleichstehende Personen    113-115 StGB,8421000,Ulm,voll.,163,123,40,0,0,0,0,0,0,0,0,0,0,0,0,6,6,0,155,116,39,2,1,1,157,117,40,2023
621100,Widerstand gegen und t tlicher Angriff auf Vollstreckungsbeamte und gleichstehende Personen    113-115 StGB,8421000,Ulm,insg.,163,123,40,0,0,0,0,0,0,0,0,0,0,0,0,6,6,0,155,116,39,2,1,1,157,117,40,2023
621100,Widerstand gegen und t tlicher Angriff auf Vollstreckungsbeamte und gleichstehende Personen    113-115 StGB,6414000,Wiesbaden,vers.,0,0,0,0,0,0,0,0,0,0,0,0,0,0,0,0,0,0,0,0,0,0,0,0,0,0,0,2023
621100,Widerstand gegen und t tlicher Angriff auf Vollstreckungsbeamte und gleichstehende Personen    113-115 StGB,6414000,Wiesbaden,voll.,232,188,44,0,0,0,0,0,0,0,0,0,0,0,0,1,1,0,231,187,44,0,0,0,231,187,44,2023
621100,Widerstand gegen und t tlicher Angriff auf Vollstreckungsbeamte und gleichstehende Personen    113-115 StGB,6414000,Wiesbaden,insg.,232,188,44,0,0,0,0,0,0,0,0,0,0,0,0,1,1,0,231,187,44,0,0,0,231,187,44,2023
621100,Widerstand gegen und t tlicher Angriff auf Vollstreckungsbeamte und gleichstehende Personen    113-115 StGB,3103000,Wolfsburg,vers.,0,0,0,0,0,0,0,0,0,0,0,0,0,0,0,0,0,0,0,0,0,0,0,0,0,0,0,2023
621100,Widerstand gegen und t tlicher Angriff auf Vollstreckungsbeamte und gleichstehende Personen    113-115 StGB,3103000,Wolfsburg,voll.,163,117,46,0,0,0,0,0,0,0,0,0,0,0,0,1,1,0,160,114,46,2,2,0,162,116,46,2023
621100,Widerstand gegen und t tlicher Angriff auf Vollstreckungsbeamte und gleichstehende Personen    113-115 StGB,3103000,Wolfsburg,insg.,163,117,46,0,0,0,0,0,0,0,0,0,0,0,0,1,1,0,160,114,46,2,2,0,162,116,46,2023
621100,Widerstand gegen und t tlicher Angriff auf Vollstreckungsbeamte und gleichstehende Personen    113-115 StGB,5124000,Wuppertal,vers.,0,0,0,0,0,0,0,0,0,0,0,0,0,0,0,0,0,0,0,0,0,0,0,0,0,0,0,2023
621100,Widerstand gegen und t tlicher Angriff auf Vollstreckungsbeamte und gleichstehende Personen    113-115 StGB,5124000,Wuppertal,voll.,649,449,200,0,0,0,0,0,0,0,0,0,0,0,0,6,2,4,637,442,195,6,5,1,643,447,196,2023
621100,Widerstand gegen und t tlicher Angriff auf Vollstreckungsbeamte und gleichstehende Personen    113-115 StGB,5124000,Wuppertal,insg.,649,449,200,0,0,0,0,0,0,0,0,0,0,0,0,6,2,4,637,442,195,6,5,1,643,447,196,2023
621100,Widerstand gegen und t tlicher Angriff auf Vollstreckungsbeamte und gleichstehende Personen    113-115 StGB,9663000,W rzburg,vers.,0,0,0,0,0,0,0,0,0,0,0,0,0,0,0,0,0,0,0,0,0,0,0,0,0,0,0,2023
621100,Widerstand gegen und t tlicher Angriff auf Vollstreckungsbeamte und gleichstehende Personen    113-115 StGB,9663000,W rzburg,voll.,167,129,38,0,0,0,0,0,0,0,0,0,0,0,0,9,6,3,157,122,35,1,1,0,158,123,35,2023
621100,Widerstand gegen und t tlicher Angriff auf Vollstreckungsbeamte und gleichstehende Personen    113-115 StGB,9663000,W rzburg,insg.,167,129,38,0,0,0,0,0,0,0,0,0,0,0,0,9,6,3,157,122,35,1,1,0,158,123,35,2023
621110,"Widerstand gegen Vollstreckungsbeamte und gleichstehende Personen    113, 115 StGB",5334002,Aachen,vers.,0,0,0,0,0,0,0,0,0,0,0,0,0,0,0,0,0,0,0,0,0,0,0,0,0,0,0,2023
621110,"Widerstand gegen Vollstreckungsbeamte und gleichstehende Personen    113, 115 StGB",5334002,Aachen,voll.,284,214,70,0,0,0,0,0,0,0,0,0,0,0,0,3,3,0,281,211,70,0,0,0,281,211,70,2023
621110,"Widerstand gegen Vollstreckungsbeamte und gleichstehende Personen    113, 115 StGB",5334002,Aachen,insg.,284,214,70,0,0,0,0,0,0,0,0,0,0,0,0,3,3,0,281,211,70,0,0,0,281,211,70,2023
621110,"Widerstand gegen Vollstreckungsbeamte und gleichstehende Personen    113, 115 StGB",9761000,Augsburg,vers.,0,0,0,0,0,0,0,0,0,0,0,0,0,0,0,0,0,0,0,0,0,0,0,0,0,0,0,2023
621110,"Widerstand gegen Vollstreckungsbeamte und gleichstehende Personen    113, 115 StGB",9761000,Augsburg,voll.,324,246,78,0,0,0,0,0,0,0,0,0,0,0,0,9,7,2,314,238,76,1,1,0,315,239,76,2023
621110,"Widerstand gegen Vollstreckungsbeamte und gleichstehende Personen    113, 115 StGB",9761000,Augsburg,insg.,324,246,78,0,0,0,0,0,0,0,0,0,0,0,0,9,7,2,314,238,76,1,1,0,315,239,76,2023
621110,"Widerstand gegen Vollstreckungsbeamte und gleichstehende Personen    113, 115 StGB",5378004,Bergisch Gladbach,vers.,0,0,0,0,0,0,0,0,0,0,0,0,0,0,0,0,0,0,0,0,0,0,0,0,0,0,0,2023
621110,"Widerstand gegen Vollstreckungsbeamte und gleichstehende Personen    113, 115 StGB",5378004,Bergisch Gladbach,voll.,102,72,30,0,0,0,0,0,0,0,0,0,0,0,0,5,4,1,97,68,29,0,0,0,97,68,29,2023
621110,"Widerstand gegen Vollstreckungsbeamte und gleichstehende Personen    113, 115 StGB",5378004,Bergisch Gladbach,insg.,102,72,30,0,0,0,0,0,0,0,0,0,0,0,0,5,4,1,97,68,29,0,0,0,97,68,29,2023
621110,"Widerstand gegen Vollstreckungsbeamte und gleichstehende Personen    113, 115 StGB",11000000,Berlin,vers.,0,0,0,0,0,0,0,0,0,0,0,0,0,0,0,0,0,0,0,0,0,0,0,0,0,0,0,2023
621110,"Widerstand gegen Vollstreckungsbeamte und gleichstehende Personen    113, 115 StGB",11000000,Berlin,voll.,7130,5995,1135,0,0,0,0,0,0,0,0,0,3,3,0,81,75,6,6882,5792,1090,164,125,39,7046,5917,1129,2023
621110,"Widerstand gegen Vollstreckungsbeamte und gleichstehende Personen    113, 115 StGB",11000000,Berlin,insg.,7130,5995,1135,0,0,0,0,0,0,0,0,0,3,3,0,81,75,6,6882,5792,1090,164,125,39,7046,5917,1129,2023
621110,"Widerstand gegen Vollstreckungsbeamte und gleichstehende Personen    113, 115 StGB",5711000,Bielefeld,vers.,0,0,0,0,0,0,0,0,0,0,0,0,0,0,0,0,0,0,0,0,0,0,0,0,0,0,0,2023
621110,"Widerstand gegen Vollstreckungsbeamte und gleichstehende Personen    113, 115 StGB",5711000,Bielefeld,voll.,272,205,67,0,0,0,0,0,0,0,0,0,0,0,0,2,1,1,267,202,65,3,2,1,270,204,66,2023
621110,"Widerstand gegen Vollstreckungsbeamte und gleichstehende Personen    113, 115 StGB",5711000,Bielefeld,insg.,272,205,67,0,0,0,0,0,0,0,0,0,0,0,0,2,1,1,267,202,65,3,2,1,270,204,66,2023
621110,"Widerstand gegen Vollstreckungsbeamte und gleichstehende Personen    113, 115 StGB",5911000,Bochum,vers.,0,0,0,0,0,0,0,0,0,0,0,0,0,0,0,0,0,0,0,0,0,0,0,0,0,0,0,2023
621110,"Widerstand gegen Vollstreckungsbeamte und gleichstehende Personen    113, 115 StGB",5911000,Bochum,voll.,349,264,85,0,0,0,0,0,0,0,0,0,0,0,0,4,2,2,343,260,83,2,2,0,345,262,83,2023
621110,"Widerstand gegen Vollstreckungsbeamte und gleichstehende Personen    113, 115 StGB",5911000,Bochum,insg.,349,264,85,0,0,0,0,0,0,0,0,0,0,0,0,4,2,2,343,260,83,2,2,0,345,262,83,2023
621110,"Widerstand gegen Vollstreckungsbeamte und gleichstehende Personen    113, 115 StGB",5314000,Bonn,vers.,0,0,0,0,0,0,0,0,0,0,0,0,0,0,0,0,0,0,0,0,0,0,0,0,0,0,0,2023
621110,"Widerstand gegen Vollstreckungsbeamte und gleichstehende Personen    113, 115 StGB",5314000,Bonn,voll.,418,298,120,0,0,0,0,0,0,0,0,0,0,0,0,3,2,1,415,296,119,0,0,0,415,296,119,2023
621110,"Widerstand gegen Vollstreckungsbeamte und gleichstehende Personen    113, 115 StGB",5314000,Bonn,insg.,418,298,120,0,0,0,0,0,0,0,0,0,0,0,0,3,2,1,415,296,119,0,0,0,415,296,119,2023
621110,"Widerstand gegen Vollstreckungsbeamte und gleichstehende Personen    113, 115 StGB",5512000,Bottrop,vers.,0,0,0,0,0,0,0,0,0,0,0,0,0,0,0,0,0,0,0,0,0,0,0,0,0,0,0,2023
621110,"Widerstand gegen Vollstreckungsbeamte und gleichstehende Personen    113, 115 StGB",5512000,Bottrop,voll.,42,32,10,0,0,0,0,0,0,0,0,0,0,0,0,0,0,0,41,31,10,1,1,0,42,32,10,2023
621110,"Widerstand gegen Vollstreckungsbeamte und gleichstehende Personen    113, 115 StGB",5512000,Bottrop,insg.,42,32,10,0,0,0,0,0,0,0,0,0,0,0,0,0,0,0,41,31,10,1,1,0,42,32,10,2023
621110,"Widerstand gegen Vollstreckungsbeamte und gleichstehende Personen    113, 115 StGB",3101000,Braunschweig,vers.,0,0,0,0,0,0,0,0,0,0,0,0,0,0,0,0,0,0,0,0,0,0,0,0,0,0,0,2023
621110,"Widerstand gegen Vollstreckungsbeamte und gleichstehende Personen    113, 115 StGB",3101000,Braunschweig,voll.,269,200,69,0,0,0,0,0,0,0,0,0,0,0,0,1,1,0,263,194,69,5,5,0,268,199,69,2023
621110,"Widerstand gegen Vollstreckungsbeamte und gleichstehende Personen    113, 115 StGB",3101000,Braunschweig,insg.,269,200,69,0,0,0,0,0,0,0,0,0,0,0,0,1,1,0,263,194,69,5,5,0,268,199,69,2023
621110,"Widerstand gegen Vollstreckungsbeamte und gleichstehende Personen    113, 115 StGB",4011000,Bremen,vers.,0,0,0,0,0,0,0,0,0,0,0,0,0,0,0,0,0,0,0,0,0,0,0,0,0,0,0,2023
621110,"Widerstand gegen Vollstreckungsbeamte und gleichstehende Personen    113, 115 StGB",4011000,Bremen,voll.,626,470,156,0,0,0,0,0,0,0,0,0,0,0,0,2,1,1,616,461,155,8,8,0,624,469,155,2023
621110,"Widerstand gegen Vollstreckungsbeamte und gleichstehende Personen    113, 115 StGB",4011000,Bremen,insg.,626,470,156,0,0,0,0,0,0,0,0,0,0,0,0,2,1,1,616,461,155,8,8,0,624,469,155,2023
621110,"Widerstand gegen Vollstreckungsbeamte und gleichstehende Personen    113, 115 StGB",4012000,Bremerhaven,vers.,0,0,0,0,0,0,0,0,0,0,0,0,0,0,0,0,0,0,0,0,0,0,0,0,0,0,0,2023
621110,"Widerstand gegen Vollstreckungsbeamte und gleichstehende Personen    113, 115 StGB",4012000,Bremerhaven,voll.,324,250,74,0,0,0,0,0,0,0,0,0,0,0,0,2,1,1,320,248,72,2,1,1,322,249,73,2023
621110,"Widerstand gegen Vollstreckungsbeamte und gleichstehende Personen    113, 115 StGB",4012000,Bremerhaven,insg.,324,250,74,0,0,0,0,0,0,0,0,0,0,0,0,2,1,1,320,248,72,2,1,1,322,249,73,2023
621110,"Widerstand gegen Vollstreckungsbeamte und gleichstehende Personen    113, 115 StGB",14511000,Chemnitz,vers.,0,0,0,0,0,0,0,0,0,0,0,0,0,0,0,0,0,0,0,0,0,0,0,0,0,0,0,2023
621110,"Widerstand gegen Vollstreckungsbeamte und gleichstehende Personen    113, 115 StGB",14511000,Chemnitz,voll.,245,205,40,0,0,0,0,0,0,0,0,0,0,0,0,9,5,4,234,198,36,2,2,0,236,200,36,2023
621110,"Widerstand gegen Vollstreckungsbeamte und gleichstehende Personen    113, 115 StGB",14511000,Chemnitz,insg.,245,205,40,0,0,0,0,0,0,0,0,0,0,0,0,9,5,4,234,198,36,2,2,0,236,200,36,2023
621110,"Widerstand gegen Vollstreckungsbeamte und gleichstehende Personen    113, 115 StGB",6411000,Darmstadt,vers.,0,0,0,0,0,0,0,0,0,0,0,0,0,0,0,0,0,0,0,0,0,0,0,0,0,0,0,2023
621110,"Widerstand gegen Vollstreckungsbeamte und gleichstehende Personen    113, 115 StGB",6411000,Darmstadt,voll.,68,58,10,3,2,1,0,0,0,3,2,1,0,0,0,2,2,0,63,54,9,0,0,0,63,54,9,2023
621110,"Widerstand gegen Vollstreckungsbeamte und gleichstehende Personen    113, 115 StGB",6411000,Darmstadt,insg.,68,58,10,3,2,1,0,0,0,3,2,1,0,0,0,2,2,0,63,54,9,0,0,0,63,54,9,2023
621110,"Widerstand gegen Vollstreckungsbeamte und gleichstehende Personen    113, 115 StGB",5913000,Dortmund,vers.,0,0,0,0,0,0,0,0,0,0,0,0,0,0,0,0,0,0,0,0,0,0,0,0,0,0,0,2023
621110,"Widerstand gegen Vollstreckungsbeamte und gleichstehende Personen    113, 115 StGB",5913000,Dortmund,voll.,765,569,196,0,0,0,0,0,0,0,0,0,0,0,0,10,5,5,747,557,190,8,7,1,755,564,191,2023
621110,"Widerstand gegen Vollstreckungsbeamte und gleichstehende Personen    113, 115 StGB",5913000,Dortmund,insg.,765,569,196,0,0,0,0,0,0,0,0,0,0,0,0,10,5,5,747,557,190,8,7,1,755,564,191,2023
621110,"Widerstand gegen Vollstreckungsbeamte und gleichstehende Personen    113, 115 StGB",14612000,Dresden,vers.,0,0,0,0,0,0,0,0,0,0,0,0,0,0,0,0,0,0,0,0,0,0,0,0,0,0,0,2023
621110,"Widerstand gegen Vollstreckungsbeamte und gleichstehende Personen    113, 115 StGB",14612000,Dresden,voll.,358,302,56,0,0,0,0,0,0,0,0,0,0,0,0,11,7,4,345,293,52,2,2,0,347,295,52,2023
621110,"Widerstand gegen Vollstreckungsbeamte und gleichstehende Personen    113, 115 StGB",14612000,Dresden,insg.,358,302,56,0,0,0,0,0,0,0,0,0,0,0,0,11,7,4,345,293,52,2,2,0,347,295,52,2023
621110,"Widerstand gegen Vollstreckungsbeamte und gleichstehende Personen    113, 115 StGB",5112000,Duisburg,vers.,0,0,0,0,0,0,0,0,0,0,0,0,0,0,0,0,0,0,0,0,0,0,0,0,0,0,0,2023
621110,"Widerstand gegen Vollstreckungsbeamte und gleichstehende Personen    113, 115 StGB",5112000,Duisburg,voll.,409,336,73,0,0,0,0,0,0,0,0,0,0,0,0,5,5,0,396,324,72,8,7,1,404,331,73,2023
621110,"Widerstand gegen Vollstreckungsbeamte und gleichstehende Personen    113, 115 StGB",5112000,Duisburg,insg.,409,336,73,0,0,0,0,0,0,0,0,0,0,0,0,5,5,0,396,324,72,8,7,1,404,331,73,2023
621110,"Widerstand gegen Vollstreckungsbeamte und gleichstehende Personen    113, 115 StGB",5111000,D sseldorf,vers.,0,0,0,0,0,0,0,0,0,0,0,0,0,0,0,0,0,0,0,0,0,0,0,0,0,0,0,2023
621110,"Widerstand gegen Vollstreckungsbeamte und gleichstehende Personen    113, 115 StGB",5111000,D sseldorf,voll.,1025,813,212,0,0,0,0,0,0,0,0,0,0,0,0,8,5,3,1002,794,208,15,14,1,1017,808,209,2023
621110,"Widerstand gegen Vollstreckungsbeamte und gleichstehende Personen    113, 115 StGB",5111000,D sseldorf,insg.,1025,813,212,0,0,0,0,0,0,0,0,0,0,0,0,8,5,3,1002,794,208,15,14,1,1017,808,209,2023
621110,"Widerstand gegen Vollstreckungsbeamte und gleichstehende Personen    113, 115 StGB",16051000,Erfurt,vers.,0,0,0,0,0,0,0,0,0,0,0,0,0,0,0,0,0,0,0,0,0,0,0,0,0,0,0,2023
621110,"Widerstand gegen Vollstreckungsbeamte und gleichstehende Personen    113, 115 StGB",16051000,Erfurt,voll.,310,282,28,0,0,0,0,0,0,0,0,0,0,0,0,15,13,2,295,269,26,0,0,0,295,269,26,2023
621110,"Widerstand gegen Vollstreckungsbeamte und gleichstehende Personen    113, 115 StGB",16051000,Erfurt,insg.,310,282,28,0,0,0,0,0,0,0,0,0,0,0,0,15,13,2,295,269,26,0,0,0,295,269,26,2023
621110,"Widerstand gegen Vollstreckungsbeamte und gleichstehende Personen    113, 115 StGB",9562000,Erlangen,vers.,0,0,0,0,0,0,0,0,0,0,0,0,0,0,0,0,0,0,0,0,0,0,0,0,0,0,0,2023
621110,"Widerstand gegen Vollstreckungsbeamte und gleichstehende Personen    113, 115 StGB",9562000,Erlangen,voll.,42,32,10,0,0,0,0,0,0,0,0,0,0,0,0,0,0,0,42,32,10,0,0,0,42,32,10,2023
621110,"Widerstand gegen Vollstreckungsbeamte und gleichstehende Personen    113, 115 StGB",9562000,Erlangen,insg.,42,32,10,0,0,0,0,0,0,0,0,0,0,0,0,0,0,0,42,32,10,0,0,0,42,32,10,2023
621110,"Widerstand gegen Vollstreckungsbeamte und gleichstehende Personen    113, 115 StGB",5113000,Essen,vers.,0,0,0,0,0,0,0,0,0,0,0,0,0,0,0,0,0,0,0,0,0,0,0,0,0,0,0,2023
621110,"Widerstand gegen Vollstreckungsbeamte und gleichstehende Personen    113, 115 StGB",5113000,Essen,voll.,654,517,137,0,0,0,0,0,0,0,0,0,1,1,0,9,8,1,643,507,136,1,1,0,644,508,136,2023
621110,"Widerstand gegen Vollstreckungsbeamte und gleichstehende Personen    113, 115 StGB",5113000,Essen,insg.,654,517,137,0,0,0,0,0,0,0,0,0,1,1,0,9,8,1,643,507,136,1,1,0,644,508,136,2023
621110,"Widerstand gegen Vollstreckungsbeamte und gleichstehende Personen    113, 115 StGB",6412000,Frankfurt am Main,vers.,0,0,0,0,0,0,0,0,0,0,0,0,0,0,0,0,0,0,0,0,0,0,0,0,0,0,0,2023
621110,"Widerstand gegen Vollstreckungsbeamte und gleichstehende Personen    113, 115 StGB",6412000,Frankfurt am Main,voll.,890,772,118,0,0,0,0,0,0,0,0,0,0,0,0,7,4,3,879,764,115,4,4,0,883,768,115,2023
621110,"Widerstand gegen Vollstreckungsbeamte und gleichstehende Personen    113, 115 StGB",6412000,Frankfurt am Main,insg.,890,772,118,0,0,0,0,0,0,0,0,0,0,0,0,7,4,3,879,764,115,4,4,0,883,768,115,2023
621110,"Widerstand gegen Vollstreckungsbeamte und gleichstehende Personen    113, 115 StGB",8311000,Freiburg im Breisgau,vers.,0,0,0,0,0,0,0,0,0,0,0,0,0,0,0,0,0,0,0,0,0,0,0,0,0,0,0,2023
621110,"Widerstand gegen Vollstreckungsbeamte und gleichstehende Personen    113, 115 StGB",8311000,Freiburg im Breisgau,voll.,317,254,63,0,0,0,0,0,0,0,0,0,0,0,0,10,6,4,306,247,59,1,1,0,307,248,59,2023
621110,"Widerstand gegen Vollstreckungsbeamte und gleichstehende Personen    113, 115 StGB",8311000,Freiburg im Breisgau,insg.,317,254,63,0,0,0,0,0,0,0,0,0,0,0,0,10,6,4,306,247,59,1,1,0,307,248,59,2023
621110,"Widerstand gegen Vollstreckungsbeamte und gleichstehende Personen    113, 115 StGB",9563000,F rth,vers.,0,0,0,0,0,0,0,0,0,0,0,0,0,0,0,0,0,0,0,0,0,0,0,0,0,0,0,2023
621110,"Widerstand gegen Vollstreckungsbeamte und gleichstehende Personen    113, 115 StGB",9563000,F rth,voll.,4,4,0,0,0,0,0,0,0,0,0,0,0,0,0,0,0,0,4,4,0,0,0,0,4,4,0,2023
621110,"Widerstand gegen Vollstreckungsbeamte und gleichstehende Personen    113, 115 StGB",9563000,F rth,insg.,4,4,0,0,0,0,0,0,0,0,0,0,0,0,0,0,0,0,4,4,0,0,0,0,4,4,0,2023
621110,"Widerstand gegen Vollstreckungsbeamte und gleichstehende Personen    113, 115 StGB",5513000,Gelsenkirchen,vers.,0,0,0,0,0,0,0,0,0,0,0,0,0,0,0,0,0,0,0,0,0,0,0,0,0,0,0,2023
621110,"Widerstand gegen Vollstreckungsbeamte und gleichstehende Personen    113, 115 StGB",5513000,Gelsenkirchen,voll.,408,289,119,0,0,0,0,0,0,0,0,0,0,0,0,3,1,2,404,287,117,1,1,0,405,288,117,2023
621110,"Widerstand gegen Vollstreckungsbeamte und gleichstehende Personen    113, 115 StGB",5513000,Gelsenkirchen,insg.,408,289,119,0,0,0,0,0,0,0,0,0,0,0,0,3,1,2,404,287,117,1,1,0,405,288,117,2023
621110,"Widerstand gegen Vollstreckungsbeamte und gleichstehende Personen    113, 115 StGB",3159016,G ttingen,vers.,0,0,0,0,0,0,0,0,0,0,0,0,0,0,0,0,0,0,0,0,0,0,0,0,0,0,0,2023
621110,"Widerstand gegen Vollstreckungsbeamte und gleichstehende Personen    113, 115 StGB",3159016,G ttingen,voll.,152,119,33,0,0,0,0,0,0,0,0,0,0,0,0,2,1,1,148,116,32,2,2,0,150,118,32,2023
621110,"Widerstand gegen Vollstreckungsbeamte und gleichstehende Personen    113, 115 StGB",3159016,G ttingen,insg.,152,119,33,0,0,0,0,0,0,0,0,0,0,0,0,2,1,1,148,116,32,2,2,0,150,118,32,2023
621110,"Widerstand gegen Vollstreckungsbeamte und gleichstehende Personen    113, 115 StGB",5754008,G tersloh,vers.,0,0,0,0,0,0,0,0,0,0,0,0,0,0,0,0,0,0,0,0,0,0,0,0,0,0,0,2023
621110,"Widerstand gegen Vollstreckungsbeamte und gleichstehende Personen    113, 115 StGB",5754008,G tersloh,voll.,234,172,62,0,0,0,0,0,0,0,0,0,0,0,0,5,4,1,228,167,61,1,1,0,229,168,61,2023
621110,"Widerstand gegen Vollstreckungsbeamte und gleichstehende Personen    113, 115 StGB",5754008,G tersloh,insg.,234,172,62,0,0,0,0,0,0,0,0,0,0,0,0,5,4,1,228,167,61,1,1,0,229,168,61,2023
621110,"Widerstand gegen Vollstreckungsbeamte und gleichstehende Personen    113, 115 StGB",5914000,Hagen,vers.,0,0,0,0,0,0,0,0,0,0,0,0,0,0,0,0,0,0,0,0,0,0,0,0,0,0,0,2023
621110,"Widerstand gegen Vollstreckungsbeamte und gleichstehende Personen    113, 115 StGB",5914000,Hagen,voll.,282,195,87,0,0,0,0,0,0,0,0,0,0,0,0,4,3,1,274,189,85,4,3,1,278,192,86,2023
621110,"Widerstand gegen Vollstreckungsbeamte und gleichstehende Personen    113, 115 StGB",5914000,Hagen,insg.,282,195,87,0,0,0,0,0,0,0,0,0,0,0,0,4,3,1,274,189,85,4,3,1,278,192,86,2023
621110,"Widerstand gegen Vollstreckungsbeamte und gleichstehende Personen    113, 115 StGB",15002000,Halle (Saale),vers.,0,0,0,0,0,0,0,0,0,0,0,0,0,0,0,0,0,0,0,0,0,0,0,0,0,0,0,2023
621110,"Widerstand gegen Vollstreckungsbeamte und gleichstehende Personen    113, 115 StGB",15002000,Halle (Saale),voll.,202,173,29,0,0,0,0,0,0,0,0,0,0,0,0,17,17,0,178,149,29,7,7,0,185,156,29,2023
621110,"Widerstand gegen Vollstreckungsbeamte und gleichstehende Personen    113, 115 StGB",15002000,Halle (Saale),insg.,202,173,29,0,0,0,0,0,0,0,0,0,0,0,0,17,17,0,178,149,29,7,7,0,185,156,29,2023
621110,"Widerstand gegen Vollstreckungsbeamte und gleichstehende Personen    113, 115 StGB",2000000,Hamburg,vers.,0,0,0,0,0,0,0,0,0,0,0,0,0,0,0,0,0,0,0,0,0,0,0,0,0,0,0,2023
621110,"Widerstand gegen Vollstreckungsbeamte und gleichstehende Personen    113, 115 StGB",2000000,Hamburg,voll.,2020,1535,485,0,0,0,0,0,0,0,0,0,1,1,0,23,19,4,1996,1515,481,0,0,0,1996,1515,481,2023
621110,"Widerstand gegen Vollstreckungsbeamte und gleichstehende Personen    113, 115 StGB",2000000,Hamburg,insg.,2020,1535,485,0,0,0,0,0,0,0,0,0,1,1,0,23,19,4,1996,1515,481,0,0,0,1996,1515,481,2023
621110,"Widerstand gegen Vollstreckungsbeamte und gleichstehende Personen    113, 115 StGB",5915000,Hamm,vers.,0,0,0,0,0,0,0,0,0,0,0,0,0,0,0,0,0,0,0,0,0,0,0,0,0,0,0,2023
621110,"Widerstand gegen Vollstreckungsbeamte und gleichstehende Personen    113, 115 StGB",5915000,Hamm,voll.,225,185,40,0,0,0,0,0,0,0,0,0,0,0,0,3,3,0,221,181,40,1,1,0,222,182,40,2023
621110,"Widerstand gegen Vollstreckungsbeamte und gleichstehende Personen    113, 115 StGB",5915000,Hamm,insg.,225,185,40,0,0,0,0,0,0,0,0,0,0,0,0,3,3,0,221,181,40,1,1,0,222,182,40,2023
621110,"Widerstand gegen Vollstreckungsbeamte und gleichstehende Personen    113, 115 StGB",6435014,Hanau,vers.,0,0,0,0,0,0,0,0,0,0,0,0,0,0,0,0,0,0,0,0,0,0,0,0,0,0,0,2023
621110,"Widerstand gegen Vollstreckungsbeamte und gleichstehende Personen    113, 115 StGB",6435014,Hanau,voll.,5,4,1,0,0,0,0,0,0,0,0,0,0,0,0,0,0,0,5,4,1,0,0,0,5,4,1,2023
621110,"Widerstand gegen Vollstreckungsbeamte und gleichstehende Personen    113, 115 StGB",6435014,Hanau,insg.,5,4,1,0,0,0,0,0,0,0,0,0,0,0,0,0,0,0,5,4,1,0,0,0,5,4,1,2023
621110,"Widerstand gegen Vollstreckungsbeamte und gleichstehende Personen    113, 115 StGB",3241001,Hannover,vers.,0,0,0,0,0,0,0,0,0,0,0,0,0,0,0,0,0,0,0,0,0,0,0,0,0,0,0,2023
621110,"Widerstand gegen Vollstreckungsbeamte und gleichstehende Personen    113, 115 StGB",3241001,Hannover,voll.,944,748,196,0,0,0,0,0,0,0,0,0,0,0,0,9,6,3,932,739,193,3,3,0,935,742,193,2023
621110,"Widerstand gegen Vollstreckungsbeamte und gleichstehende Personen    113, 115 StGB",3241001,Hannover,insg.,944,748,196,0,0,0,0,0,0,0,0,0,0,0,0,9,6,3,932,739,193,3,3,0,935,742,193,2023
621110,"Widerstand gegen Vollstreckungsbeamte und gleichstehende Personen    113, 115 StGB",8221000,Heidelberg,vers.,0,0,0,0,0,0,0,0,0,0,0,0,0,0,0,0,0,0,0,0,0,0,0,0,0,0,0,2023
621110,"Widerstand gegen Vollstreckungsbeamte und gleichstehende Personen    113, 115 StGB",8221000,Heidelberg,voll.,161,118,43,0,0,0,0,0,0,0,0,0,0,0,0,3,2,1,158,116,42,0,0,0,158,116,42,2023
621110,"Widerstand gegen Vollstreckungsbeamte und gleichstehende Personen    113, 115 StGB",8221000,Heidelberg,insg.,161,118,43,0,0,0,0,0,0,0,0,0,0,0,0,3,2,1,158,116,42,0,0,0,158,116,42,2023
621110,"Widerstand gegen Vollstreckungsbeamte und gleichstehende Personen    113, 115 StGB",8121000,Heilbronn,vers.,0,0,0,0,0,0,0,0,0,0,0,0,0,0,0,0,0,0,0,0,0,0,0,0,0,0,0,2023
621110,"Widerstand gegen Vollstreckungsbeamte und gleichstehende Personen    113, 115 StGB",8121000,Heilbronn,voll.,114,92,22,0,0,0,0,0,0,0,0,0,0,0,0,2,2,0,110,88,22,2,2,0,112,90,22,2023
621110,"Widerstand gegen Vollstreckungsbeamte und gleichstehende Personen    113, 115 StGB",8121000,Heilbronn,insg.,114,92,22,0,0,0,0,0,0,0,0,0,0,0,0,2,2,0,110,88,22,2,2,0,112,90,22,2023
621110,"Widerstand gegen Vollstreckungsbeamte und gleichstehende Personen    113, 115 StGB",5916000,Herne,vers.,0,0,0,0,0,0,0,0,0,0,0,0,0,0,0,0,0,0,0,0,0,0,0,0,0,0,0,2023
621110,"Widerstand gegen Vollstreckungsbeamte und gleichstehende Personen    113, 115 StGB",5916000,Herne,voll.,125,98,27,0,0,0,0,0,0,0,0,0,0,0,0,1,0,1,123,97,26,1,1,0,124,98,26,2023
621110,"Widerstand gegen Vollstreckungsbeamte und gleichstehende Personen    113, 115 StGB",5916000,Herne,insg.,125,98,27,0,0,0,0,0,0,0,0,0,0,0,0,1,0,1,123,97,26,1,1,0,124,98,26,2023
621110,"Widerstand gegen Vollstreckungsbeamte und gleichstehende Personen    113, 115 StGB",3254021,Hildesheim,vers.,0,0,0,0,0,0,0,0,0,0,0,0,0,0,0,0,0,0,0,0,0,0,0,0,0,0,0,2023
621110,"Widerstand gegen Vollstreckungsbeamte und gleichstehende Personen    113, 115 StGB",3254021,Hildesheim,voll.,103,71,32,0,0,0,0,0,0,0,0,0,0,0,0,0,0,0,98,66,32,5,5,0,103,71,32,2023
621110,"Widerstand gegen Vollstreckungsbeamte und gleichstehende Personen    113, 115 StGB",3254021,Hildesheim,insg.,103,71,32,0,0,0,0,0,0,0,0,0,0,0,0,0,0,0,98,66,32,5,5,0,103,71,32,2023
621110,"Widerstand gegen Vollstreckungsbeamte und gleichstehende Personen    113, 115 StGB",9161000,Ingolstadt,vers.,0,0,0,0,0,0,0,0,0,0,0,0,0,0,0,0,0,0,0,0,0,0,0,0,0,0,0,2023
621110,"Widerstand gegen Vollstreckungsbeamte und gleichstehende Personen    113, 115 StGB",9161000,Ingolstadt,voll.,77,60,17,0,0,0,0,0,0,0,0,0,0,0,0,5,2,3,72,58,14,0,0,0,72,58,14,2023
621110,"Widerstand gegen Vollstreckungsbeamte und gleichstehende Personen    113, 115 StGB",9161000,Ingolstadt,insg.,77,60,17,0,0,0,0,0,0,0,0,0,0,0,0,5,2,3,72,58,14,0,0,0,72,58,14,2023
621110,"Widerstand gegen Vollstreckungsbeamte und gleichstehende Personen    113, 115 StGB",16053000,Jena,vers.,0,0,0,0,0,0,0,0,0,0,0,0,0,0,0,0,0,0,0,0,0,0,0,0,0,0,0,2023
621110,"Widerstand gegen Vollstreckungsbeamte und gleichstehende Personen    113, 115 StGB",16053000,Jena,voll.,86,74,12,0,0,0,0,0,0,0,0,0,0,0,0,2,2,0,84,72,12,0,0,0,84,72,12,2023
621110,"Widerstand gegen Vollstreckungsbeamte und gleichstehende Personen    113, 115 StGB",16053000,Jena,insg.,86,74,12,0,0,0,0,0,0,0,0,0,0,0,0,2,2,0,84,72,12,0,0,0,84,72,12,2023
621110,"Widerstand gegen Vollstreckungsbeamte und gleichstehende Personen    113, 115 StGB",7312000,Kaiserslautern,vers.,0,0,0,0,0,0,0,0,0,0,0,0,0,0,0,0,0,0,0,0,0,0,0,0,0,0,0,2023
621110,"Widerstand gegen Vollstreckungsbeamte und gleichstehende Personen    113, 115 StGB",7312000,Kaiserslautern,voll.,127,98,29,0,0,0,0,0,0,0,0,0,0,0,0,0,0,0,127,98,29,0,0,0,127,98,29,2023
621110,"Widerstand gegen Vollstreckungsbeamte und gleichstehende Personen    113, 115 StGB",7312000,Kaiserslautern,insg.,127,98,29,0,0,0,0,0,0,0,0,0,0,0,0,0,0,0,127,98,29,0,0,0,127,98,29,2023
621110,"Widerstand gegen Vollstreckungsbeamte und gleichstehende Personen    113, 115 StGB",8212000,Karlsruhe,vers.,0,0,0,0,0,0,0,0,0,0,0,0,0,0,0,0,0,0,0,0,0,0,0,0,0,0,0,2023
621110,"Widerstand gegen Vollstreckungsbeamte und gleichstehende Personen    113, 115 StGB",8212000,Karlsruhe,voll.,239,195,44,0,0,0,0,0,0,0,0,0,0,0,0,6,5,1,227,184,43,6,6,0,233,190,43,2023
621110,"Widerstand gegen Vollstreckungsbeamte und gleichstehende Personen    113, 115 StGB",8212000,Karlsruhe,insg.,239,195,44,0,0,0,0,0,0,0,0,0,0,0,0,6,5,1,227,184,43,6,6,0,233,190,43,2023
621110,"Widerstand gegen Vollstreckungsbeamte und gleichstehende Personen    113, 115 StGB",6611000,Kassel,vers.,0,0,0,0,0,0,0,0,0,0,0,0,0,0,0,0,0,0,0,0,0,0,0,0,0,0,0,2023
621110,"Widerstand gegen Vollstreckungsbeamte und gleichstehende Personen    113, 115 StGB",6611000,Kassel,voll.,192,157,35,0,0,0,0,0,0,0,0,0,0,0,0,14,12,2,178,145,33,0,0,0,178,145,33,2023
621110,"Widerstand gegen Vollstreckungsbeamte und gleichstehende Personen    113, 115 StGB",6611000,Kassel,insg.,192,157,35,0,0,0,0,0,0,0,0,0,0,0,0,14,12,2,178,145,33,0,0,0,178,145,33,2023
621110,"Widerstand gegen Vollstreckungsbeamte und gleichstehende Personen    113, 115 StGB",1002000,Kiel,vers.,0,0,0,0,0,0,0,0,0,0,0,0,0,0,0,0,0,0,0,0,0,0,0,0,0,0,0,2023
621110,"Widerstand gegen Vollstreckungsbeamte und gleichstehende Personen    113, 115 StGB",1002000,Kiel,voll.,164,132,32,0,0,0,0,0,0,0,0,0,0,0,0,5,4,1,159,128,31,0,0,0,159,128,31,2023
621110,"Widerstand gegen Vollstreckungsbeamte und gleichstehende Personen    113, 115 StGB",1002000,Kiel,insg.,164,132,32,0,0,0,0,0,0,0,0,0,0,0,0,5,4,1,159,128,31,0,0,0,159,128,31,2023
621110,"Widerstand gegen Vollstreckungsbeamte und gleichstehende Personen    113, 115 StGB",7111000,Koblenz,vers.,0,0,0,0,0,0,0,0,0,0,0,0,0,0,0,0,0,0,0,0,0,0,0,0,0,0,0,2023
621110,"Widerstand gegen Vollstreckungsbeamte und gleichstehende Personen    113, 115 StGB",7111000,Koblenz,voll.,206,171,35,0,0,0,0,0,0,0,0,0,0,0,0,2,2,0,202,167,35,2,2,0,204,169,35,2023
621110,"Widerstand gegen Vollstreckungsbeamte und gleichstehende Personen    113, 115 StGB",7111000,Koblenz,insg.,206,171,35,0,0,0,0,0,0,0,0,0,0,0,0,2,2,0,202,167,35,2,2,0,204,169,35,2023
621110,"Widerstand gegen Vollstreckungsbeamte und gleichstehende Personen    113, 115 StGB",5315000,K ln,vers.,0,0,0,0,0,0,0,0,0,0,0,0,0,0,0,0,0,0,0,0,0,0,0,0,0,0,0,2023
621110,"Widerstand gegen Vollstreckungsbeamte und gleichstehende Personen    113, 115 StGB",5315000,K ln,voll.,1428,1086,342,0,0,0,0,0,0,0,0,0,0,0,0,8,5,3,1414,1076,338,6,5,1,1420,1081,339,2023
621110,"Widerstand gegen Vollstreckungsbeamte und gleichstehende Personen    113, 115 StGB",5315000,K ln,insg.,1428,1086,342,0,0,0,0,0,0,0,0,0,0,0,0,8,5,3,1414,1076,338,6,5,1,1420,1081,339,2023
621110,"Widerstand gegen Vollstreckungsbeamte und gleichstehende Personen    113, 115 StGB",5114000,Krefeld,vers.,0,0,0,0,0,0,0,0,0,0,0,0,0,0,0,0,0,0,0,0,0,0,0,0,0,0,0,2023
621110,"Widerstand gegen Vollstreckungsbeamte und gleichstehende Personen    113, 115 StGB",5114000,Krefeld,voll.,215,141,74,0,0,0,0,0,0,0,0,0,0,0,0,3,0,3,212,141,71,0,0,0,212,141,71,2023
621110,"Widerstand gegen Vollstreckungsbeamte und gleichstehende Personen    113, 115 StGB",5114000,Krefeld,insg.,215,141,74,0,0,0,0,0,0,0,0,0,0,0,0,3,0,3,212,141,71,0,0,0,212,141,71,2023
621110,"Widerstand gegen Vollstreckungsbeamte und gleichstehende Personen    113, 115 StGB",14713000,Leipzig,vers.,0,0,0,0,0,0,0,0,0,0,0,0,0,0,0,0,0,0,0,0,0,0,0,0,0,0,0,2023
621110,"Widerstand gegen Vollstreckungsbeamte und gleichstehende Personen    113, 115 StGB",14713000,Leipzig,voll.,724,614,110,0,0,0,0,0,0,0,0,0,0,0,0,29,27,2,693,585,108,2,2,0,695,587,108,2023
621110,"Widerstand gegen Vollstreckungsbeamte und gleichstehende Personen    113, 115 StGB",14713000,Leipzig,insg.,724,614,110,0,0,0,0,0,0,0,0,0,0,0,0,29,27,2,693,585,108,2,2,0,695,587,108,2023
621110,"Widerstand gegen Vollstreckungsbeamte und gleichstehende Personen    113, 115 StGB",5316000,Leverkusen,vers.,0,0,0,0,0,0,0,0,0,0,0,0,0,0,0,0,0,0,0,0,0,0,0,0,0,0,0,2023
621110,"Widerstand gegen Vollstreckungsbeamte und gleichstehende Personen    113, 115 StGB",5316000,Leverkusen,voll.,109,73,36,0,0,0,0,0,0,0,0,0,0,0,0,0,0,0,109,73,36,0,0,0,109,73,36,2023
621110,"Widerstand gegen Vollstreckungsbeamte und gleichstehende Personen    113, 115 StGB",5316000,Leverkusen,insg.,109,73,36,0,0,0,0,0,0,0,0,0,0,0,0,0,0,0,109,73,36,0,0,0,109,73,36,2023
621110,"Widerstand gegen Vollstreckungsbeamte und gleichstehende Personen    113, 115 StGB",1003000,L beck,vers.,0,0,0,0,0,0,0,0,0,0,0,0,0,0,0,0,0,0,0,0,0,0,0,0,0,0,0,2023
621110,"Widerstand gegen Vollstreckungsbeamte und gleichstehende Personen    113, 115 StGB",1003000,L beck,voll.,351,259,92,0,0,0,0,0,0,0,0,0,0,0,0,5,1,4,341,253,88,5,5,0,346,258,88,2023
621110,"Widerstand gegen Vollstreckungsbeamte und gleichstehende Personen    113, 115 StGB",1003000,L beck,insg.,351,259,92,0,0,0,0,0,0,0,0,0,0,0,0,5,1,4,341,253,88,5,5,0,346,258,88,2023
621110,"Widerstand gegen Vollstreckungsbeamte und gleichstehende Personen    113, 115 StGB",7314000,Ludwigshafen am Rhein,vers.,0,0,0,0,0,0,0,0,0,0,0,0,0,0,0,0,0,0,0,0,0,0,0,0,0,0,0,2023
621110,"Widerstand gegen Vollstreckungsbeamte und gleichstehende Personen    113, 115 StGB",7314000,Ludwigshafen am Rhein,voll.,90,72,18,0,0,0,0,0,0,0,0,0,0,0,0,1,1,0,89,71,18,0,0,0,89,71,18,2023
621110,"Widerstand gegen Vollstreckungsbeamte und gleichstehende Personen    113, 115 StGB",7314000,Ludwigshafen am Rhein,insg.,90,72,18,0,0,0,0,0,0,0,0,0,0,0,0,1,1,0,89,71,18,0,0,0,89,71,18,2023
621110,"Widerstand gegen Vollstreckungsbeamte und gleichstehende Personen    113, 115 StGB",15003000,Magdeburg,vers.,0,0,0,0,0,0,0,0,0,0,0,0,0,0,0,0,0,0,0,0,0,0,0,0,0,0,0,2023
621110,"Widerstand gegen Vollstreckungsbeamte und gleichstehende Personen    113, 115 StGB",15003000,Magdeburg,voll.,345,262,83,0,0,0,0,0,0,0,0,0,1,1,0,21,15,6,318,241,77,5,5,0,323,246,77,2023
621110,"Widerstand gegen Vollstreckungsbeamte und gleichstehende Personen    113, 115 StGB",15003000,Magdeburg,insg.,345,262,83,0,0,0,0,0,0,0,0,0,1,1,0,21,15,6,318,241,77,5,5,0,323,246,77,2023
621110,"Widerstand gegen Vollstreckungsbeamte und gleichstehende Personen    113, 115 StGB",7315000,Mainz,vers.,0,0,0,0,0,0,0,0,0,0,0,0,0,0,0,0,0,0,0,0,0,0,0,0,0,0,0,2023
621110,"Widerstand gegen Vollstreckungsbeamte und gleichstehende Personen    113, 115 StGB",7315000,Mainz,voll.,140,99,41,0,0,0,0,0,0,0,0,0,0,0,0,3,1,2,137,98,39,0,0,0,137,98,39,2023
621110,"Widerstand gegen Vollstreckungsbeamte und gleichstehende Personen    113, 115 StGB",7315000,Mainz,insg.,140,99,41,0,0,0,0,0,0,0,0,0,0,0,0,3,1,2,137,98,39,0,0,0,137,98,39,2023
621110,"Widerstand gegen Vollstreckungsbeamte und gleichstehende Personen    113, 115 StGB",8222000,Mannheim,vers.,0,0,0,0,0,0,0,0,0,0,0,0,0,0,0,0,0,0,0,0,0,0,0,0,0,0,0,2023
621110,"Widerstand gegen Vollstreckungsbeamte und gleichstehende Personen    113, 115 StGB",8222000,Mannheim,voll.,195,159,36,0,0,0,0,0,0,0,0,0,0,0,0,11,6,5,183,152,31,1,1,0,184,153,31,2023
621110,"Widerstand gegen Vollstreckungsbeamte und gleichstehende Personen    113, 115 StGB",8222000,Mannheim,insg.,195,159,36,0,0,0,0,0,0,0,0,0,0,0,0,11,6,5,183,152,31,1,1,0,184,153,31,2023
621110,"Widerstand gegen Vollstreckungsbeamte und gleichstehende Personen    113, 115 StGB",5170024,Moers,vers.,0,0,0,0,0,0,0,0,0,0,0,0,0,0,0,0,0,0,0,0,0,0,0,0,0,0,0,2023
621110,"Widerstand gegen Vollstreckungsbeamte und gleichstehende Personen    113, 115 StGB",5170024,Moers,voll.,107,76,31,0,0,0,0,0,0,0,0,0,0,0,0,4,2,2,103,74,29,0,0,0,103,74,29,2023
621110,"Widerstand gegen Vollstreckungsbeamte und gleichstehende Personen    113, 115 StGB",5170024,Moers,insg.,107,76,31,0,0,0,0,0,0,0,0,0,0,0,0,4,2,2,103,74,29,0,0,0,103,74,29,2023
621110,"Widerstand gegen Vollstreckungsbeamte und gleichstehende Personen    113, 115 StGB",5116000,M nchengladbach,vers.,0,0,0,0,0,0,0,0,0,0,0,0,0,0,0,0,0,0,0,0,0,0,0,0,0,0,0,2023
621110,"Widerstand gegen Vollstreckungsbeamte und gleichstehende Personen    113, 115 StGB",5116000,M nchengladbach,voll.,313,231,82,0,0,0,0,0,0,0,0,0,0,0,0,4,2,2,309,229,80,0,0,0,309,229,80,2023
621110,"Widerstand gegen Vollstreckungsbeamte und gleichstehende Personen    113, 115 StGB",5116000,M nchengladbach,insg.,313,231,82,0,0,0,0,0,0,0,0,0,0,0,0,4,2,2,309,229,80,0,0,0,309,229,80,2023
621110,"Widerstand gegen Vollstreckungsbeamte und gleichstehende Personen    113, 115 StGB",5117000,M lheim an der Ruhr,vers.,0,0,0,0,0,0,0,0,0,0,0,0,0,0,0,0,0,0,0,0,0,0,0,0,0,0,0,2023
621110,"Widerstand gegen Vollstreckungsbeamte und gleichstehende Personen    113, 115 StGB",5117000,M lheim an der Ruhr,voll.,164,109,55,0,0,0,0,0,0,0,0,0,0,0,0,0,0,0,164,109,55,0,0,0,164,109,55,2023
621110,"Widerstand gegen Vollstreckungsbeamte und gleichstehende Personen    113, 115 StGB",5117000,M lheim an der Ruhr,insg.,164,109,55,0,0,0,0,0,0,0,0,0,0,0,0,0,0,0,164,109,55,0,0,0,164,109,55,2023
621110,"Widerstand gegen Vollstreckungsbeamte und gleichstehende Personen    113, 115 StGB",9162000,M nchen,vers.,0,0,0,0,0,0,0,0,0,0,0,0,0,0,0,0,0,0,0,0,0,0,0,0,0,0,0,2023
621110,"Widerstand gegen Vollstreckungsbeamte und gleichstehende Personen    113, 115 StGB",9162000,M nchen,voll.,1032,853,179,0,0,0,0,0,0,0,0,0,0,0,0,23,16,7,1008,836,172,1,1,0,1009,837,172,2023
621110,"Widerstand gegen Vollstreckungsbeamte und gleichstehende Personen    113, 115 StGB",9162000,M nchen,insg.,1032,853,179,0,0,0,0,0,0,0,0,0,0,0,0,23,16,7,1008,836,172,1,1,0,1009,837,172,2023
621110,"Widerstand gegen Vollstreckungsbeamte und gleichstehende Personen    113, 115 StGB",5515000,M nster,vers.,0,0,0,0,0,0,0,0,0,0,0,0,0,0,0,0,0,0,0,0,0,0,0,0,0,0,0,2023
621110,"Widerstand gegen Vollstreckungsbeamte und gleichstehende Personen    113, 115 StGB",5515000,M nster,voll.,453,373,80,0,0,0,0,0,0,0,0,0,0,0,0,6,5,1,442,363,79,5,5,0,447,368,79,2023
621110,"Widerstand gegen Vollstreckungsbeamte und gleichstehende Personen    113, 115 StGB",5515000,M nster,insg.,453,373,80,0,0,0,0,0,0,0,0,0,0,0,0,6,5,1,442,363,79,5,5,0,447,368,79,2023
621110,"Widerstand gegen Vollstreckungsbeamte und gleichstehende Personen    113, 115 StGB",5162024,Neuss,vers.,0,0,0,0,0,0,0,0,0,0,0,0,0,0,0,0,0,0,0,0,0,0,0,0,0,0,0,2023
621110,"Widerstand gegen Vollstreckungsbeamte und gleichstehende Personen    113, 115 StGB",5162024,Neuss,voll.,158,110,48,0,0,0,0,0,0,0,0,0,0,0,0,2,1,1,156,109,47,0,0,0,156,109,47,2023
621110,"Widerstand gegen Vollstreckungsbeamte und gleichstehende Personen    113, 115 StGB",5162024,Neuss,insg.,158,110,48,0,0,0,0,0,0,0,0,0,0,0,0,2,1,1,156,109,47,0,0,0,156,109,47,2023
621110,"Widerstand gegen Vollstreckungsbeamte und gleichstehende Personen    113, 115 StGB",9564000,N rnberg,vers.,0,0,0,0,0,0,0,0,0,0,0,0,0,0,0,0,0,0,0,0,0,0,0,0,0,0,0,2023
621110,"Widerstand gegen Vollstreckungsbeamte und gleichstehende Personen    113, 115 StGB",9564000,N rnberg,voll.,297,249,48,0,0,0,0,0,0,0,0,0,0,0,0,6,4,2,288,242,46,3,3,0,291,245,46,2023
621110,"Widerstand gegen Vollstreckungsbeamte und gleichstehende Personen    113, 115 StGB",9564000,N rnberg,insg.,297,249,48,0,0,0,0,0,0,0,0,0,0,0,0,6,4,2,288,242,46,3,3,0,291,245,46,2023
621110,"Widerstand gegen Vollstreckungsbeamte und gleichstehende Personen    113, 115 StGB",5119000,Oberhausen,vers.,0,0,0,0,0,0,0,0,0,0,0,0,0,0,0,0,0,0,0,0,0,0,0,0,0,0,0,2023
621110,"Widerstand gegen Vollstreckungsbeamte und gleichstehende Personen    113, 115 StGB",5119000,Oberhausen,voll.,183,133,50,0,0,0,0,0,0,0,0,0,0,0,0,1,1,0,176,127,49,6,5,1,182,132,50,2023
621110,"Widerstand gegen Vollstreckungsbeamte und gleichstehende Personen    113, 115 StGB",5119000,Oberhausen,insg.,183,133,50,0,0,0,0,0,0,0,0,0,0,0,0,1,1,0,176,127,49,6,5,1,182,132,50,2023
621110,"Widerstand gegen Vollstreckungsbeamte und gleichstehende Personen    113, 115 StGB",6413000,Offenbach am Main,vers.,0,0,0,0,0,0,0,0,0,0,0,0,0,0,0,0,0,0,0,0,0,0,0,0,0,0,0,2023
621110,"Widerstand gegen Vollstreckungsbeamte und gleichstehende Personen    113, 115 StGB",6413000,Offenbach am Main,voll.,38,31,7,0,0,0,0,0,0,0,0,0,0,0,0,0,0,0,38,31,7,0,0,0,38,31,7,2023
621110,"Widerstand gegen Vollstreckungsbeamte und gleichstehende Personen    113, 115 StGB",6413000,Offenbach am Main,insg.,38,31,7,0,0,0,0,0,0,0,0,0,0,0,0,0,0,0,38,31,7,0,0,0,38,31,7,2023
621110,"Widerstand gegen Vollstreckungsbeamte und gleichstehende Personen    113, 115 StGB",3403000,Oldenburg (Oldenburg),vers.,0,0,0,0,0,0,0,0,0,0,0,0,0,0,0,0,0,0,0,0,0,0,0,0,0,0,0,2023
621110,"Widerstand gegen Vollstreckungsbeamte und gleichstehende Personen    113, 115 StGB",3403000,Oldenburg (Oldenburg),voll.,112,94,18,0,0,0,0,0,0,0,0,0,0,0,0,0,0,0,110,92,18,2,2,0,112,94,18,2023
621110,"Widerstand gegen Vollstreckungsbeamte und gleichstehende Personen    113, 115 StGB",3403000,Oldenburg (Oldenburg),insg.,112,94,18,0,0,0,0,0,0,0,0,0,0,0,0,0,0,0,110,92,18,2,2,0,112,94,18,2023
621110,"Widerstand gegen Vollstreckungsbeamte und gleichstehende Personen    113, 115 StGB",3404000,Osnabr ck,vers.,0,0,0,0,0,0,0,0,0,0,0,0,0,0,0,0,0,0,0,0,0,0,0,0,0,0,0,2023
621110,"Widerstand gegen Vollstreckungsbeamte und gleichstehende Personen    113, 115 StGB",3404000,Osnabr ck,voll.,163,127,36,0,0,0,0,0,0,0,0,0,0,0,0,0,0,0,159,123,36,4,4,0,163,127,36,2023
621110,"Widerstand gegen Vollstreckungsbeamte und gleichstehende Personen    113, 115 StGB",3404000,Osnabr ck,insg.,163,127,36,0,0,0,0,0,0,0,0,0,0,0,0,0,0,0,159,123,36,4,4,0,163,127,36,2023
621110,"Widerstand gegen Vollstreckungsbeamte und gleichstehende Personen    113, 115 StGB",5774032,Paderborn,vers.,0,0,0,0,0,0,0,0,0,0,0,0,0,0,0,0,0,0,0,0,0,0,0,0,0,0,0,2023
621110,"Widerstand gegen Vollstreckungsbeamte und gleichstehende Personen    113, 115 StGB",5774032,Paderborn,voll.,142,124,18,0,0,0,0,0,0,0,0,0,0,0,0,1,1,0,141,123,18,0,0,0,141,123,18,2023
621110,"Widerstand gegen Vollstreckungsbeamte und gleichstehende Personen    113, 115 StGB",5774032,Paderborn,insg.,142,124,18,0,0,0,0,0,0,0,0,0,0,0,0,1,1,0,141,123,18,0,0,0,141,123,18,2023
621110,"Widerstand gegen Vollstreckungsbeamte und gleichstehende Personen    113, 115 StGB",8231000,Pforzheim,vers.,0,0,0,0,0,0,0,0,0,0,0,0,0,0,0,0,0,0,0,0,0,0,0,0,0,0,0,2023
621110,"Widerstand gegen Vollstreckungsbeamte und gleichstehende Personen    113, 115 StGB",8231000,Pforzheim,voll.,57,45,12,0,0,0,0,0,0,0,0,0,0,0,0,1,1,0,55,43,12,1,1,0,56,44,12,2023
621110,"Widerstand gegen Vollstreckungsbeamte und gleichstehende Personen    113, 115 StGB",8231000,Pforzheim,insg.,57,45,12,0,0,0,0,0,0,0,0,0,0,0,0,1,1,0,55,43,12,1,1,0,56,44,12,2023
621110,"Widerstand gegen Vollstreckungsbeamte und gleichstehende Personen    113, 115 StGB",12054000,Potsdam,vers.,0,0,0,0,0,0,0,0,0,0,0,0,0,0,0,0,0,0,0,0,0,0,0,0,0,0,0,2023
621110,"Widerstand gegen Vollstreckungsbeamte und gleichstehende Personen    113, 115 StGB",12054000,Potsdam,voll.,72,55,17,0,0,0,0,0,0,0,0,0,0,0,0,2,2,0,70,53,17,0,0,0,70,53,17,2023
621110,"Widerstand gegen Vollstreckungsbeamte und gleichstehende Personen    113, 115 StGB",12054000,Potsdam,insg.,72,55,17,0,0,0,0,0,0,0,0,0,0,0,0,2,2,0,70,53,17,0,0,0,70,53,17,2023
621110,"Widerstand gegen Vollstreckungsbeamte und gleichstehende Personen    113, 115 StGB",5562032,Recklinghausen,vers.,0,0,0,0,0,0,0,0,0,0,0,0,0,0,0,0,0,0,0,0,0,0,0,0,0,0,0,2023
621110,"Widerstand gegen Vollstreckungsbeamte und gleichstehende Personen    113, 115 StGB",5562032,Recklinghausen,voll.,129,104,25,0,0,0,0,0,0,0,0,0,0,0,0,1,0,1,126,103,23,2,1,1,128,104,24,2023
621110,"Widerstand gegen Vollstreckungsbeamte und gleichstehende Personen    113, 115 StGB",5562032,Recklinghausen,insg.,129,104,25,0,0,0,0,0,0,0,0,0,0,0,0,1,0,1,126,103,23,2,1,1,128,104,24,2023
621110,"Widerstand gegen Vollstreckungsbeamte und gleichstehende Personen    113, 115 StGB",9362000,Regensburg,vers.,0,0,0,0,0,0,0,0,0,0,0,0,0,0,0,0,0,0,0,0,0,0,0,0,0,0,0,2023
621110,"Widerstand gegen Vollstreckungsbeamte und gleichstehende Personen    113, 115 StGB",9362000,Regensburg,voll.,131,102,29,0,0,0,0,0,0,0,0,0,0,0,0,2,2,0,127,98,29,2,2,0,129,100,29,2023
621110,"Widerstand gegen Vollstreckungsbeamte und gleichstehende Personen    113, 115 StGB",9362000,Regensburg,insg.,131,102,29,0,0,0,0,0,0,0,0,0,0,0,0,2,2,0,127,98,29,2,2,0,129,100,29,2023
621110,"Widerstand gegen Vollstreckungsbeamte und gleichstehende Personen    113, 115 StGB",5120000,Remscheid,vers.,0,0,0,0,0,0,0,0,0,0,0,0,0,0,0,0,0,0,0,0,0,0,0,0,0,0,0,2023
621110,"Widerstand gegen Vollstreckungsbeamte und gleichstehende Personen    113, 115 StGB",5120000,Remscheid,voll.,146,88,58,0,0,0,0,0,0,0,0,0,0,0,0,1,1,0,145,87,58,0,0,0,145,87,58,2023
621110,"Widerstand gegen Vollstreckungsbeamte und gleichstehende Personen    113, 115 StGB",5120000,Remscheid,insg.,146,88,58,0,0,0,0,0,0,0,0,0,0,0,0,1,1,0,145,87,58,0,0,0,145,87,58,2023
621110,"Widerstand gegen Vollstreckungsbeamte und gleichstehende Personen    113, 115 StGB",8415061,Reutlingen,vers.,0,0,0,0,0,0,0,0,0,0,0,0,0,0,0,0,0,0,0,0,0,0,0,0,0,0,0,2023
621110,"Widerstand gegen Vollstreckungsbeamte und gleichstehende Personen    113, 115 StGB",8415061,Reutlingen,voll.,51,34,17,0,0,0,0,0,0,0,0,0,0,0,0,1,0,1,50,34,16,0,0,0,50,34,16,2023
621110,"Widerstand gegen Vollstreckungsbeamte und gleichstehende Personen    113, 115 StGB",8415061,Reutlingen,insg.,51,34,17,0,0,0,0,0,0,0,0,0,0,0,0,1,0,1,50,34,16,0,0,0,50,34,16,2023
621110,"Widerstand gegen Vollstreckungsbeamte und gleichstehende Personen    113, 115 StGB",13003000,"Rostock, Hanse- und Universit tsstadt",vers.,0,0,0,0,0,0,0,0,0,0,0,0,0,0,0,0,0,0,0,0,0,0,0,0,0,0,0,2023
621110,"Widerstand gegen Vollstreckungsbeamte und gleichstehende Personen    113, 115 StGB",13003000,"Rostock, Hanse- und Universit tsstadt",voll.,137,114,23,0,0,0,0,0,0,0,0,0,0,0,0,2,2,0,134,111,23,1,1,0,135,112,23,2023
621110,"Widerstand gegen Vollstreckungsbeamte und gleichstehende Personen    113, 115 StGB",13003000,"Rostock, Hanse- und Universit tsstadt",insg.,137,114,23,0,0,0,0,0,0,0,0,0,0,0,0,2,2,0,134,111,23,1,1,0,135,112,23,2023
621110,"Widerstand gegen Vollstreckungsbeamte und gleichstehende Personen    113, 115 StGB",10041100,Saarbr cken,vers.,0,0,0,0,0,0,0,0,0,0,0,0,0,0,0,0,0,0,0,0,0,0,0,0,0,0,0,2023
621110,"Widerstand gegen Vollstreckungsbeamte und gleichstehende Personen    113, 115 StGB",10041100,Saarbr cken,voll.,341,266,75,0,0,0,0,0,0,0,0,0,0,0,0,8,5,3,332,260,72,1,1,0,333,261,72,2023
621110,"Widerstand gegen Vollstreckungsbeamte und gleichstehende Personen    113, 115 StGB",10041100,Saarbr cken,insg.,341,266,75,0,0,0,0,0,0,0,0,0,0,0,0,8,5,3,332,260,72,1,1,0,333,261,72,2023
621110,"Widerstand gegen Vollstreckungsbeamte und gleichstehende Personen    113, 115 StGB",3102000,Salzgitter,vers.,0,0,0,0,0,0,0,0,0,0,0,0,0,0,0,0,0,0,0,0,0,0,0,0,0,0,0,2023
621110,"Widerstand gegen Vollstreckungsbeamte und gleichstehende Personen    113, 115 StGB",3102000,Salzgitter,voll.,80,64,16,0,0,0,0,0,0,0,0,0,0,0,0,3,3,0,77,61,16,0,0,0,77,61,16,2023
621110,"Widerstand gegen Vollstreckungsbeamte und gleichstehende Personen    113, 115 StGB",3102000,Salzgitter,insg.,80,64,16,0,0,0,0,0,0,0,0,0,0,0,0,3,3,0,77,61,16,0,0,0,77,61,16,2023
621110,"Widerstand gegen Vollstreckungsbeamte und gleichstehende Personen    113, 115 StGB",13004000,Schwerin,vers.,0,0,0,0,0,0,0,0,0,0,0,0,0,0,0,0,0,0,0,0,0,0,0,0,0,0,0,2023
621110,"Widerstand gegen Vollstreckungsbeamte und gleichstehende Personen    113, 115 StGB",13004000,Schwerin,voll.,167,137,30,0,0,0,0,0,0,0,0,0,0,0,0,1,1,0,163,133,30,3,3,0,166,136,30,2023
621110,"Widerstand gegen Vollstreckungsbeamte und gleichstehende Personen    113, 115 StGB",13004000,Schwerin,insg.,167,137,30,0,0,0,0,0,0,0,0,0,0,0,0,1,1,0,163,133,30,3,3,0,166,136,30,2023
621110,"Widerstand gegen Vollstreckungsbeamte und gleichstehende Personen    113, 115 StGB",5970040,Siegen,vers.,0,0,0,0,0,0,0,0,0,0,0,0,0,0,0,0,0,0,0,0,0,0,0,0,0,0,0,2023
621110,"Widerstand gegen Vollstreckungsbeamte und gleichstehende Personen    113, 115 StGB",5970040,Siegen,voll.,168,110,58,0,0,0,0,0,0,0,0,0,0,0,0,3,2,1,164,107,57,1,1,0,165,108,57,2023
621110,"Widerstand gegen Vollstreckungsbeamte und gleichstehende Personen    113, 115 StGB",5970040,Siegen,insg.,168,110,58,0,0,0,0,0,0,0,0,0,0,0,0,3,2,1,164,107,57,1,1,0,165,108,57,2023
621110,"Widerstand gegen Vollstreckungsbeamte und gleichstehende Personen    113, 115 StGB",5122000,Solingen,vers.,0,0,0,0,0,0,0,0,0,0,0,0,0,0,0,0,0,0,0,0,0,0,0,0,0,0,0,2023
621110,"Widerstand gegen Vollstreckungsbeamte und gleichstehende Personen    113, 115 StGB",5122000,Solingen,voll.,106,75,31,0,0,0,0,0,0,0,0,0,0,0,0,3,1,2,103,74,29,0,0,0,103,74,29,2023
621110,"Widerstand gegen Vollstreckungsbeamte und gleichstehende Personen    113, 115 StGB",5122000,Solingen,insg.,106,75,31,0,0,0,0,0,0,0,0,0,0,0,0,3,1,2,103,74,29,0,0,0,103,74,29,2023
621110,"Widerstand gegen Vollstreckungsbeamte und gleichstehende Personen    113, 115 StGB",8111000,Stuttgart,vers.,0,0,0,0,0,0,0,0,0,0,0,0,0,0,0,0,0,0,0,0,0,0,0,0,0,0,0,2023
621110,"Widerstand gegen Vollstreckungsbeamte und gleichstehende Personen    113, 115 StGB",8111000,Stuttgart,voll.,953,747,206,0,0,0,0,0,0,0,0,0,0,0,0,13,12,1,934,730,204,6,5,1,940,735,205,2023
621110,"Widerstand gegen Vollstreckungsbeamte und gleichstehende Personen    113, 115 StGB",8111000,Stuttgart,insg.,953,747,206,0,0,0,0,0,0,0,0,0,0,0,0,13,12,1,934,730,204,6,5,1,940,735,205,2023
621110,"Widerstand gegen Vollstreckungsbeamte und gleichstehende Personen    113, 115 StGB",7211000,Trier,vers.,0,0,0,0,0,0,0,0,0,0,0,0,0,0,0,0,0,0,0,0,0,0,0,0,0,0,0,2023
621110,"Widerstand gegen Vollstreckungsbeamte und gleichstehende Personen    113, 115 StGB",7211000,Trier,voll.,143,112,31,0,0,0,0,0,0,0,0,0,0,0,0,2,2,0,141,110,31,0,0,0,141,110,31,2023
621110,"Widerstand gegen Vollstreckungsbeamte und gleichstehende Personen    113, 115 StGB",7211000,Trier,insg.,143,112,31,0,0,0,0,0,0,0,0,0,0,0,0,2,2,0,141,110,31,0,0,0,141,110,31,2023
621110,"Widerstand gegen Vollstreckungsbeamte und gleichstehende Personen    113, 115 StGB",8421000,Ulm,vers.,0,0,0,0,0,0,0,0,0,0,0,0,0,0,0,0,0,0,0,0,0,0,0,0,0,0,0,2023
621110,"Widerstand gegen Vollstreckungsbeamte und gleichstehende Personen    113, 115 StGB",8421000,Ulm,voll.,57,44,13,0,0,0,0,0,0,0,0,0,0,0,0,4,4,0,53,40,13,0,0,0,53,40,13,2023
621110,"Widerstand gegen Vollstreckungsbeamte und gleichstehende Personen    113, 115 StGB",8421000,Ulm,insg.,57,44,13,0,0,0,0,0,0,0,0,0,0,0,0,4,4,0,53,40,13,0,0,0,53,40,13,2023
621110,"Widerstand gegen Vollstreckungsbeamte und gleichstehende Personen    113, 115 StGB",6414000,Wiesbaden,vers.,0,0,0,0,0,0,0,0,0,0,0,0,0,0,0,0,0,0,0,0,0,0,0,0,0,0,0,2023
621110,"Widerstand gegen Vollstreckungsbeamte und gleichstehende Personen    113, 115 StGB",6414000,Wiesbaden,voll.,126,107,19,0,0,0,0,0,0,0,0,0,0,0,0,1,1,0,125,106,19,0,0,0,125,106,19,2023
621110,"Widerstand gegen Vollstreckungsbeamte und gleichstehende Personen    113, 115 StGB",6414000,Wiesbaden,insg.,126,107,19,0,0,0,0,0,0,0,0,0,0,0,0,1,1,0,125,106,19,0,0,0,125,106,19,2023
621110,"Widerstand gegen Vollstreckungsbeamte und gleichstehende Personen    113, 115 StGB",3103000,Wolfsburg,vers.,0,0,0,0,0,0,0,0,0,0,0,0,0,0,0,0,0,0,0,0,0,0,0,0,0,0,0,2023
621110,"Widerstand gegen Vollstreckungsbeamte und gleichstehende Personen    113, 115 StGB",3103000,Wolfsburg,voll.,91,67,24,0,0,0,0,0,0,0,0,0,0,0,0,1,1,0,89,65,24,1,1,0,90,66,24,2023
621110,"Widerstand gegen Vollstreckungsbeamte und gleichstehende Personen    113, 115 StGB",3103000,Wolfsburg,insg.,91,67,24,0,0,0,0,0,0,0,0,0,0,0,0,1,1,0,89,65,24,1,1,0,90,66,24,2023
621110,"Widerstand gegen Vollstreckungsbeamte und gleichstehende Personen    113, 115 StGB",5124000,Wuppertal,vers.,0,0,0,0,0,0,0,0,0,0,0,0,0,0,0,0,0,0,0,0,0,0,0,0,0,0,0,2023
621110,"Widerstand gegen Vollstreckungsbeamte und gleichstehende Personen    113, 115 StGB",5124000,Wuppertal,voll.,315,225,90,0,0,0,0,0,0,0,0,0,0,0,0,2,0,2,312,224,88,1,1,0,313,225,88,2023
621110,"Widerstand gegen Vollstreckungsbeamte und gleichstehende Personen    113, 115 StGB",5124000,Wuppertal,insg.,315,225,90,0,0,0,0,0,0,0,0,0,0,0,0,2,0,2,312,224,88,1,1,0,313,225,88,2023
621110,"Widerstand gegen Vollstreckungsbeamte und gleichstehende Personen    113, 115 StGB",9663000,W rzburg,vers.,0,0,0,0,0,0,0,0,0,0,0,0,0,0,0,0,0,0,0,0,0,0,0,0,0,0,0,2023
621110,"Widerstand gegen Vollstreckungsbeamte und gleichstehende Personen    113, 115 StGB",9663000,W rzburg,voll.,62,50,12,0,0,0,0,0,0,0,0,0,0,0,0,6,3,3,56,47,9,0,0,0,56,47,9,2023
621110,"Widerstand gegen Vollstreckungsbeamte und gleichstehende Personen    113, 115 StGB",9663000,W rzburg,insg.,62,50,12,0,0,0,0,0,0,0,0,0,0,0,0,6,3,3,56,47,9,0,0,0,56,47,9,2023
621120,"T tlicher Angriff auf Vollstreckungsbeamte und gleichstehende Personen    114, 115 StGB",5334002,Aachen,vers.,0,0,0,0,0,0,0,0,0,0,0,0,0,0,0,0,0,0,0,0,0,0,0,0,0,0,0,2023
621120,"T tlicher Angriff auf Vollstreckungsbeamte und gleichstehende Personen    114, 115 StGB",5334002,Aachen,voll.,113,82,31,0,0,0,0,0,0,0,0,0,0,0,0,2,2,0,111,80,31,0,0,0,111,80,31,2023
621120,"T tlicher Angriff auf Vollstreckungsbeamte und gleichstehende Personen    114, 115 StGB",5334002,Aachen,insg.,113,82,31,0,0,0,0,0,0,0,0,0,0,0,0,2,2,0,111,80,31,0,0,0,111,80,31,2023
621120,"T tlicher Angriff auf Vollstreckungsbeamte und gleichstehende Personen    114, 115 StGB",9761000,Augsburg,vers.,0,0,0,0,0,0,0,0,0,0,0,0,0,0,0,0,0,0,0,0,0,0,0,0,0,0,0,2023
621120,"T tlicher Angriff auf Vollstreckungsbeamte und gleichstehende Personen    114, 115 StGB",9761000,Augsburg,voll.,333,247,86,0,0,0,0,0,0,0,0,0,0,0,0,18,10,8,311,235,76,4,2,2,315,237,78,2023
621120,"T tlicher Angriff auf Vollstreckungsbeamte und gleichstehende Personen    114, 115 StGB",9761000,Augsburg,insg.,333,247,86,0,0,0,0,0,0,0,0,0,0,0,0,18,10,8,311,235,76,4,2,2,315,237,78,2023
621120,"T tlicher Angriff auf Vollstreckungsbeamte und gleichstehende Personen    114, 115 StGB",5378004,Bergisch Gladbach,vers.,0,0,0,0,0,0,0,0,0,0,0,0,0,0,0,0,0,0,0,0,0,0,0,0,0,0,0,2023
621120,"T tlicher Angriff auf Vollstreckungsbeamte und gleichstehende Personen    114, 115 StGB",5378004,Bergisch Gladbach,voll.,20,10,10,0,0,0,0,0,0,0,0,0,0,0,0,0,0,0,20,10,10,0,0,0,20,10,10,2023
621120,"T tlicher Angriff auf Vollstreckungsbeamte und gleichstehende Personen    114, 115 StGB",5378004,Bergisch Gladbach,insg.,20,10,10,0,0,0,0,0,0,0,0,0,0,0,0,0,0,0,20,10,10,0,0,0,20,10,10,2023
621120,"T tlicher Angriff auf Vollstreckungsbeamte und gleichstehende Personen    114, 115 StGB",11000000,Berlin,vers.,0,0,0,0,0,0,0,0,0,0,0,0,0,0,0,0,0,0,0,0,0,0,0,0,0,0,0,2023
621120,"T tlicher Angriff auf Vollstreckungsbeamte und gleichstehende Personen    114, 115 StGB",11000000,Berlin,voll.,3275,2751,524,0,0,0,0,0,0,0,0,0,1,1,0,50,36,14,3201,2696,505,23,18,5,3224,2714,510,2023
621120,"T tlicher Angriff auf Vollstreckungsbeamte und gleichstehende Personen    114, 115 StGB",11000000,Berlin,insg.,3275,2751,524,0,0,0,0,0,0,0,0,0,1,1,0,50,36,14,3201,2696,505,23,18,5,3224,2714,510,2023
621120,"T tlicher Angriff auf Vollstreckungsbeamte und gleichstehende Personen    114, 115 StGB",5711000,Bielefeld,vers.,0,0,0,0,0,0,0,0,0,0,0,0,0,0,0,0,0,0,0,0,0,0,0,0,0,0,0,2023
621120,"T tlicher Angriff auf Vollstreckungsbeamte und gleichstehende Personen    114, 115 StGB",5711000,Bielefeld,voll.,76,61,15,0,0,0,0,0,0,0,0,0,0,0,0,0,0,0,76,61,15,0,0,0,76,61,15,2023
621120,"T tlicher Angriff auf Vollstreckungsbeamte und gleichstehende Personen    114, 115 StGB",5711000,Bielefeld,insg.,76,61,15,0,0,0,0,0,0,0,0,0,0,0,0,0,0,0,76,61,15,0,0,0,76,61,15,2023
621120,"T tlicher Angriff auf Vollstreckungsbeamte und gleichstehende Personen    114, 115 StGB",5911000,Bochum,vers.,0,0,0,0,0,0,0,0,0,0,0,0,0,0,0,0,0,0,0,0,0,0,0,0,0,0,0,2023
621120,"T tlicher Angriff auf Vollstreckungsbeamte und gleichstehende Personen    114, 115 StGB",5911000,Bochum,voll.,251,187,64,0,0,0,0,0,0,0,0,0,0,0,0,3,1,2,247,185,62,1,1,0,248,186,62,2023
621120,"T tlicher Angriff auf Vollstreckungsbeamte und gleichstehende Personen    114, 115 StGB",5911000,Bochum,insg.,251,187,64,0,0,0,0,0,0,0,0,0,0,0,0,3,1,2,247,185,62,1,1,0,248,186,62,2023
621120,"T tlicher Angriff auf Vollstreckungsbeamte und gleichstehende Personen    114, 115 StGB",5314000,Bonn,vers.,0,0,0,0,0,0,0,0,0,0,0,0,0,0,0,0,0,0,0,0,0,0,0,0,0,0,0,2023
621120,"T tlicher Angriff auf Vollstreckungsbeamte und gleichstehende Personen    114, 115 StGB",5314000,Bonn,voll.,310,222,88,0,0,0,0,0,0,0,0,0,0,0,0,2,1,1,308,221,87,0,0,0,308,221,87,2023
621120,"T tlicher Angriff auf Vollstreckungsbeamte und gleichstehende Personen    114, 115 StGB",5314000,Bonn,insg.,310,222,88,0,0,0,0,0,0,0,0,0,0,0,0,2,1,1,308,221,87,0,0,0,308,221,87,2023
621120,"T tlicher Angriff auf Vollstreckungsbeamte und gleichstehende Personen    114, 115 StGB",5512000,Bottrop,vers.,0,0,0,0,0,0,0,0,0,0,0,0,0,0,0,0,0,0,0,0,0,0,0,0,0,0,0,2023
621120,"T tlicher Angriff auf Vollstreckungsbeamte und gleichstehende Personen    114, 115 StGB",5512000,Bottrop,voll.,29,23,6,0,0,0,0,0,0,0,0,0,0,0,0,0,0,0,29,23,6,0,0,0,29,23,6,2023
621120,"T tlicher Angriff auf Vollstreckungsbeamte und gleichstehende Personen    114, 115 StGB",5512000,Bottrop,insg.,29,23,6,0,0,0,0,0,0,0,0,0,0,0,0,0,0,0,29,23,6,0,0,0,29,23,6,2023
621120,"T tlicher Angriff auf Vollstreckungsbeamte und gleichstehende Personen    114, 115 StGB",3101000,Braunschweig,vers.,0,0,0,0,0,0,0,0,0,0,0,0,0,0,0,0,0,0,0,0,0,0,0,0,0,0,0,2023
621120,"T tlicher Angriff auf Vollstreckungsbeamte und gleichstehende Personen    114, 115 StGB",3101000,Braunschweig,voll.,278,201,77,0,0,0,0,0,0,0,0,0,0,0,0,4,3,1,270,194,76,4,4,0,274,198,76,2023
621120,"T tlicher Angriff auf Vollstreckungsbeamte und gleichstehende Personen    114, 115 StGB",3101000,Braunschweig,insg.,278,201,77,0,0,0,0,0,0,0,0,0,0,0,0,4,3,1,270,194,76,4,4,0,274,198,76,2023
621120,"T tlicher Angriff auf Vollstreckungsbeamte und gleichstehende Personen    114, 115 StGB",4011000,Bremen,vers.,0,0,0,0,0,0,0,0,0,0,0,0,0,0,0,0,0,0,0,0,0,0,0,0,0,0,0,2023
621120,"T tlicher Angriff auf Vollstreckungsbeamte und gleichstehende Personen    114, 115 StGB",4011000,Bremen,voll.,392,284,108,0,0,0,0,0,0,0,0,0,0,0,0,3,1,2,389,283,106,0,0,0,389,283,106,2023
621120,"T tlicher Angriff auf Vollstreckungsbeamte und gleichstehende Personen    114, 115 StGB",4011000,Bremen,insg.,392,284,108,0,0,0,0,0,0,0,0,0,0,0,0,3,1,2,389,283,106,0,0,0,389,283,106,2023
621120,"T tlicher Angriff auf Vollstreckungsbeamte und gleichstehende Personen    114, 115 StGB",4012000,Bremerhaven,vers.,0,0,0,0,0,0,0,0,0,0,0,0,0,0,0,0,0,0,0,0,0,0,0,0,0,0,0,2023
621120,"T tlicher Angriff auf Vollstreckungsbeamte und gleichstehende Personen    114, 115 StGB",4012000,Bremerhaven,voll.,52,41,11,0,0,0,0,0,0,0,0,0,0,0,0,0,0,0,52,41,11,0,0,0,52,41,11,2023
621120,"T tlicher Angriff auf Vollstreckungsbeamte und gleichstehende Personen    114, 115 StGB",4012000,Bremerhaven,insg.,52,41,11,0,0,0,0,0,0,0,0,0,0,0,0,0,0,0,52,41,11,0,0,0,52,41,11,2023
621120,"T tlicher Angriff auf Vollstreckungsbeamte und gleichstehende Personen    114, 115 StGB",14511000,Chemnitz,vers.,0,0,0,0,0,0,0,0,0,0,0,0,0,0,0,0,0,0,0,0,0,0,0,0,0,0,0,2023
621120,"T tlicher Angriff auf Vollstreckungsbeamte und gleichstehende Personen    114, 115 StGB",14511000,Chemnitz,voll.,107,96,11,0,0,0,0,0,0,0,0,0,0,0,0,3,3,0,103,92,11,1,1,0,104,93,11,2023
621120,"T tlicher Angriff auf Vollstreckungsbeamte und gleichstehende Personen    114, 115 StGB",14511000,Chemnitz,insg.,107,96,11,0,0,0,0,0,0,0,0,0,0,0,0,3,3,0,103,92,11,1,1,0,104,93,11,2023
621120,"T tlicher Angriff auf Vollstreckungsbeamte und gleichstehende Personen    114, 115 StGB",6411000,Darmstadt,vers.,0,0,0,0,0,0,0,0,0,0,0,0,0,0,0,0,0,0,0,0,0,0,0,0,0,0,0,2023
621120,"T tlicher Angriff auf Vollstreckungsbeamte und gleichstehende Personen    114, 115 StGB",6411000,Darmstadt,voll.,74,63,11,0,0,0,0,0,0,0,0,0,0,0,0,2,1,1,72,62,10,0,0,0,72,62,10,2023
621120,"T tlicher Angriff auf Vollstreckungsbeamte und gleichstehende Personen    114, 115 StGB",6411000,Darmstadt,insg.,74,63,11,0,0,0,0,0,0,0,0,0,0,0,0,2,1,1,72,62,10,0,0,0,72,62,10,2023
621120,"T tlicher Angriff auf Vollstreckungsbeamte und gleichstehende Personen    114, 115 StGB",5913000,Dortmund,vers.,0,0,0,0,0,0,0,0,0,0,0,0,0,0,0,0,0,0,0,0,0,0,0,0,0,0,0,2023
621120,"T tlicher Angriff auf Vollstreckungsbeamte und gleichstehende Personen    114, 115 StGB",5913000,Dortmund,voll.,504,357,147,0,0,0,0,0,0,0,0,0,1,1,0,4,3,1,496,350,146,3,3,0,499,353,146,2023
621120,"T tlicher Angriff auf Vollstreckungsbeamte und gleichstehende Personen    114, 115 StGB",5913000,Dortmund,insg.,504,357,147,0,0,0,0,0,0,0,0,0,1,1,0,4,3,1,496,350,146,3,3,0,499,353,146,2023
621120,"T tlicher Angriff auf Vollstreckungsbeamte und gleichstehende Personen    114, 115 StGB",14612000,Dresden,vers.,0,0,0,0,0,0,0,0,0,0,0,0,0,0,0,0,0,0,0,0,0,0,0,0,0,0,0,2023
621120,"T tlicher Angriff auf Vollstreckungsbeamte und gleichstehende Personen    114, 115 StGB",14612000,Dresden,voll.,308,249,59,0,0,0,0,0,0,0,0,0,2,2,0,10,8,2,295,238,57,1,1,0,296,239,57,2023
621120,"T tlicher Angriff auf Vollstreckungsbeamte und gleichstehende Personen    114, 115 StGB",14612000,Dresden,insg.,308,249,59,0,0,0,0,0,0,0,0,0,2,2,0,10,8,2,295,238,57,1,1,0,296,239,57,2023
621120,"T tlicher Angriff auf Vollstreckungsbeamte und gleichstehende Personen    114, 115 StGB",5112000,Duisburg,vers.,0,0,0,0,0,0,0,0,0,0,0,0,0,0,0,0,0,0,0,0,0,0,0,0,0,0,0,2023
621120,"T tlicher Angriff auf Vollstreckungsbeamte und gleichstehende Personen    114, 115 StGB",5112000,Duisburg,voll.,171,147,24,0,0,0,0,0,0,0,0,0,0,0,0,5,4,1,164,142,22,2,1,1,166,143,23,2023
621120,"T tlicher Angriff auf Vollstreckungsbeamte und gleichstehende Personen    114, 115 StGB",5112000,Duisburg,insg.,171,147,24,0,0,0,0,0,0,0,0,0,0,0,0,5,4,1,164,142,22,2,1,1,166,143,23,2023
621120,"T tlicher Angriff auf Vollstreckungsbeamte und gleichstehende Personen    114, 115 StGB",5111000,D sseldorf,vers.,0,0,0,0,0,0,0,0,0,0,0,0,0,0,0,0,0,0,0,0,0,0,0,0,0,0,0,2023
621120,"T tlicher Angriff auf Vollstreckungsbeamte und gleichstehende Personen    114, 115 StGB",5111000,D sseldorf,voll.,538,410,128,0,0,0,0,0,0,0,0,0,0,0,0,6,3,3,531,406,125,1,1,0,532,407,125,2023
621120,"T tlicher Angriff auf Vollstreckungsbeamte und gleichstehende Personen    114, 115 StGB",5111000,D sseldorf,insg.,538,410,128,0,0,0,0,0,0,0,0,0,0,0,0,6,3,3,531,406,125,1,1,0,532,407,125,2023
621120,"T tlicher Angriff auf Vollstreckungsbeamte und gleichstehende Personen    114, 115 StGB",16051000,Erfurt,vers.,0,0,0,0,0,0,0,0,0,0,0,0,0,0,0,0,0,0,0,0,0,0,0,0,0,0,0,2023
621120,"T tlicher Angriff auf Vollstreckungsbeamte und gleichstehende Personen    114, 115 StGB",16051000,Erfurt,voll.,291,243,48,0,0,0,0,0,0,0,0,0,0,0,0,21,17,4,270,226,44,0,0,0,270,226,44,2023
621120,"T tlicher Angriff auf Vollstreckungsbeamte und gleichstehende Personen    114, 115 StGB",16051000,Erfurt,insg.,291,243,48,0,0,0,0,0,0,0,0,0,0,0,0,21,17,4,270,226,44,0,0,0,270,226,44,2023
621120,"T tlicher Angriff auf Vollstreckungsbeamte und gleichstehende Personen    114, 115 StGB",9562000,Erlangen,vers.,0,0,0,0,0,0,0,0,0,0,0,0,0,0,0,0,0,0,0,0,0,0,0,0,0,0,0,2023
621120,"T tlicher Angriff auf Vollstreckungsbeamte und gleichstehende Personen    114, 115 StGB",9562000,Erlangen,voll.,87,72,15,0,0,0,0,0,0,0,0,0,0,0,0,0,0,0,87,72,15,0,0,0,87,72,15,2023
621120,"T tlicher Angriff auf Vollstreckungsbeamte und gleichstehende Personen    114, 115 StGB",9562000,Erlangen,insg.,87,72,15,0,0,0,0,0,0,0,0,0,0,0,0,0,0,0,87,72,15,0,0,0,87,72,15,2023
621120,"T tlicher Angriff auf Vollstreckungsbeamte und gleichstehende Personen    114, 115 StGB",5113000,Essen,vers.,0,0,0,0,0,0,0,0,0,0,0,0,0,0,0,0,0,0,0,0,0,0,0,0,0,0,0,2023
621120,"T tlicher Angriff auf Vollstreckungsbeamte und gleichstehende Personen    114, 115 StGB",5113000,Essen,voll.,192,146,46,0,0,0,0,0,0,0,0,0,0,0,0,1,0,1,191,146,45,0,0,0,191,146,45,2023
621120,"T tlicher Angriff auf Vollstreckungsbeamte und gleichstehende Personen    114, 115 StGB",5113000,Essen,insg.,192,146,46,0,0,0,0,0,0,0,0,0,0,0,0,1,0,1,191,146,45,0,0,0,191,146,45,2023
621120,"T tlicher Angriff auf Vollstreckungsbeamte und gleichstehende Personen    114, 115 StGB",6412000,Frankfurt am Main,vers.,0,0,0,0,0,0,0,0,0,0,0,0,0,0,0,0,0,0,0,0,0,0,0,0,0,0,0,2023
621120,"T tlicher Angriff auf Vollstreckungsbeamte und gleichstehende Personen    114, 115 StGB",6412000,Frankfurt am Main,voll.,986,789,197,0,0,0,0,0,0,0,0,0,0,0,0,16,9,7,970,780,190,0,0,0,970,780,190,2023
621120,"T tlicher Angriff auf Vollstreckungsbeamte und gleichstehende Personen    114, 115 StGB",6412000,Frankfurt am Main,insg.,986,789,197,0,0,0,0,0,0,0,0,0,0,0,0,16,9,7,970,780,190,0,0,0,970,780,190,2023
621120,"T tlicher Angriff auf Vollstreckungsbeamte und gleichstehende Personen    114, 115 StGB",8311000,Freiburg im Breisgau,vers.,0,0,0,0,0,0,0,0,0,0,0,0,0,0,0,0,0,0,0,0,0,0,0,0,0,0,0,2023
621120,"T tlicher Angriff auf Vollstreckungsbeamte und gleichstehende Personen    114, 115 StGB",8311000,Freiburg im Breisgau,voll.,284,233,51,0,0,0,0,0,0,0,0,0,0,0,0,11,6,5,272,226,46,1,1,0,273,227,46,2023
621120,"T tlicher Angriff auf Vollstreckungsbeamte und gleichstehende Personen    114, 115 StGB",8311000,Freiburg im Breisgau,insg.,284,233,51,0,0,0,0,0,0,0,0,0,0,0,0,11,6,5,272,226,46,1,1,0,273,227,46,2023
621120,"T tlicher Angriff auf Vollstreckungsbeamte und gleichstehende Personen    114, 115 StGB",9563000,F rth,vers.,0,0,0,0,0,0,0,0,0,0,0,0,0,0,0,0,0,0,0,0,0,0,0,0,0,0,0,2023
621120,"T tlicher Angriff auf Vollstreckungsbeamte und gleichstehende Personen    114, 115 StGB",9563000,F rth,voll.,100,70,30,0,0,0,0,0,0,0,0,0,0,0,0,1,0,1,99,70,29,0,0,0,99,70,29,2023
621120,"T tlicher Angriff auf Vollstreckungsbeamte und gleichstehende Personen    114, 115 StGB",9563000,F rth,insg.,100,70,30,0,0,0,0,0,0,0,0,0,0,0,0,1,0,1,99,70,29,0,0,0,99,70,29,2023
621120,"T tlicher Angriff auf Vollstreckungsbeamte und gleichstehende Personen    114, 115 StGB",5513000,Gelsenkirchen,vers.,0,0,0,0,0,0,0,0,0,0,0,0,0,0,0,0,0,0,0,0,0,0,0,0,0,0,0,2023
621120,"T tlicher Angriff auf Vollstreckungsbeamte und gleichstehende Personen    114, 115 StGB",5513000,Gelsenkirchen,voll.,126,76,50,0,0,0,0,0,0,0,0,0,0,0,0,4,1,3,122,75,47,0,0,0,122,75,47,2023
621120,"T tlicher Angriff auf Vollstreckungsbeamte und gleichstehende Personen    114, 115 StGB",5513000,Gelsenkirchen,insg.,126,76,50,0,0,0,0,0,0,0,0,0,0,0,0,4,1,3,122,75,47,0,0,0,122,75,47,2023
621120,"T tlicher Angriff auf Vollstreckungsbeamte und gleichstehende Personen    114, 115 StGB",3159016,G ttingen,vers.,0,0,0,0,0,0,0,0,0,0,0,0,0,0,0,0,0,0,0,0,0,0,0,0,0,0,0,2023
621120,"T tlicher Angriff auf Vollstreckungsbeamte und gleichstehende Personen    114, 115 StGB",3159016,G ttingen,voll.,97,82,15,0,0,0,0,0,0,0,0,0,0,0,0,0,0,0,96,81,15,1,1,0,97,82,15,2023
621120,"T tlicher Angriff auf Vollstreckungsbeamte und gleichstehende Personen    114, 115 StGB",3159016,G ttingen,insg.,97,82,15,0,0,0,0,0,0,0,0,0,0,0,0,0,0,0,96,81,15,1,1,0,97,82,15,2023
621120,"T tlicher Angriff auf Vollstreckungsbeamte und gleichstehende Personen    114, 115 StGB",5754008,G tersloh,vers.,0,0,0,0,0,0,0,0,0,0,0,0,0,0,0,0,0,0,0,0,0,0,0,0,0,0,0,2023
621120,"T tlicher Angriff auf Vollstreckungsbeamte und gleichstehende Personen    114, 115 StGB",5754008,G tersloh,voll.,64,38,26,0,0,0,0,0,0,0,0,0,0,0,0,0,0,0,64,38,26,0,0,0,64,38,26,2023
621120,"T tlicher Angriff auf Vollstreckungsbeamte und gleichstehende Personen    114, 115 StGB",5754008,G tersloh,insg.,64,38,26,0,0,0,0,0,0,0,0,0,0,0,0,0,0,0,64,38,26,0,0,0,64,38,26,2023
621120,"T tlicher Angriff auf Vollstreckungsbeamte und gleichstehende Personen    114, 115 StGB",5914000,Hagen,vers.,0,0,0,0,0,0,0,0,0,0,0,0,0,0,0,0,0,0,0,0,0,0,0,0,0,0,0,2023
621120,"T tlicher Angriff auf Vollstreckungsbeamte und gleichstehende Personen    114, 115 StGB",5914000,Hagen,voll.,180,123,57,0,0,0,0,0,0,0,0,0,0,0,0,1,1,0,177,120,57,2,2,0,179,122,57,2023
621120,"T tlicher Angriff auf Vollstreckungsbeamte und gleichstehende Personen    114, 115 StGB",5914000,Hagen,insg.,180,123,57,0,0,0,0,0,0,0,0,0,0,0,0,1,1,0,177,120,57,2,2,0,179,122,57,2023
621120,"T tlicher Angriff auf Vollstreckungsbeamte und gleichstehende Personen    114, 115 StGB",15002000,Halle (Saale),vers.,0,0,0,0,0,0,0,0,0,0,0,0,0,0,0,0,0,0,0,0,0,0,0,0,0,0,0,2023
621120,"T tlicher Angriff auf Vollstreckungsbeamte und gleichstehende Personen    114, 115 StGB",15002000,Halle (Saale),voll.,176,145,31,0,0,0,0,0,0,0,0,0,0,0,0,8,7,1,162,135,27,6,3,3,168,138,30,2023
621120,"T tlicher Angriff auf Vollstreckungsbeamte und gleichstehende Personen    114, 115 StGB",15002000,Halle (Saale),insg.,176,145,31,0,0,0,0,0,0,0,0,0,0,0,0,8,7,1,162,135,27,6,3,3,168,138,30,2023
621120,"T tlicher Angriff auf Vollstreckungsbeamte und gleichstehende Personen    114, 115 StGB",2000000,Hamburg,vers.,0,0,0,0,0,0,0,0,0,0,0,0,0,0,0,0,0,0,0,0,0,0,0,0,0,0,0,2023
621120,"T tlicher Angriff auf Vollstreckungsbeamte und gleichstehende Personen    114, 115 StGB",2000000,Hamburg,voll.,1270,980,290,0,0,0,0,0,0,0,0,0,0,0,0,17,12,5,1251,966,285,2,2,0,1253,968,285,2023
621120,"T tlicher Angriff auf Vollstreckungsbeamte und gleichstehende Personen    114, 115 StGB",2000000,Hamburg,insg.,1270,980,290,0,0,0,0,0,0,0,0,0,0,0,0,17,12,5,1251,966,285,2,2,0,1253,968,285,2023
621120,"T tlicher Angriff auf Vollstreckungsbeamte und gleichstehende Personen    114, 115 StGB",5915000,Hamm,vers.,0,0,0,0,0,0,0,0,0,0,0,0,0,0,0,0,0,0,0,0,0,0,0,0,0,0,0,2023
621120,"T tlicher Angriff auf Vollstreckungsbeamte und gleichstehende Personen    114, 115 StGB",5915000,Hamm,voll.,152,125,27,0,0,0,0,0,0,0,0,0,0,0,0,3,3,0,149,122,27,0,0,0,149,122,27,2023
621120,"T tlicher Angriff auf Vollstreckungsbeamte und gleichstehende Personen    114, 115 StGB",5915000,Hamm,insg.,152,125,27,0,0,0,0,0,0,0,0,0,0,0,0,3,3,0,149,122,27,0,0,0,149,122,27,2023
621120,"T tlicher Angriff auf Vollstreckungsbeamte und gleichstehende Personen    114, 115 StGB",6435014,Hanau,vers.,0,0,0,0,0,0,0,0,0,0,0,0,0,0,0,0,0,0,0,0,0,0,0,0,0,0,0,2023
621120,"T tlicher Angriff auf Vollstreckungsbeamte und gleichstehende Personen    114, 115 StGB",6435014,Hanau,voll.,42,30,12,0,0,0,0,0,0,0,0,0,0,0,0,3,2,1,39,28,11,0,0,0,39,28,11,2023
621120,"T tlicher Angriff auf Vollstreckungsbeamte und gleichstehende Personen    114, 115 StGB",6435014,Hanau,insg.,42,30,12,0,0,0,0,0,0,0,0,0,0,0,0,3,2,1,39,28,11,0,0,0,39,28,11,2023
621120,"T tlicher Angriff auf Vollstreckungsbeamte und gleichstehende Personen    114, 115 StGB",3241001,Hannover,vers.,0,0,0,0,0,0,0,0,0,0,0,0,0,0,0,0,0,0,0,0,0,0,0,0,0,0,0,2023
621120,"T tlicher Angriff auf Vollstreckungsbeamte und gleichstehende Personen    114, 115 StGB",3241001,Hannover,voll.,754,568,186,0,0,0,0,0,0,0,0,0,0,0,0,6,5,1,746,561,185,2,2,0,748,563,185,2023
621120,"T tlicher Angriff auf Vollstreckungsbeamte und gleichstehende Personen    114, 115 StGB",3241001,Hannover,insg.,754,568,186,0,0,0,0,0,0,0,0,0,0,0,0,6,5,1,746,561,185,2,2,0,748,563,185,2023
621120,"T tlicher Angriff auf Vollstreckungsbeamte und gleichstehende Personen    114, 115 StGB",8221000,Heidelberg,vers.,0,0,0,0,0,0,0,0,0,0,0,0,0,0,0,0,0,0,0,0,0,0,0,0,0,0,0,2023
621120,"T tlicher Angriff auf Vollstreckungsbeamte und gleichstehende Personen    114, 115 StGB",8221000,Heidelberg,voll.,281,211,70,0,0,0,0,0,0,0,0,0,1,1,0,8,6,2,269,201,68,3,3,0,272,204,68,2023
621120,"T tlicher Angriff auf Vollstreckungsbeamte und gleichstehende Personen    114, 115 StGB",8221000,Heidelberg,insg.,281,211,70,0,0,0,0,0,0,0,0,0,1,1,0,8,6,2,269,201,68,3,3,0,272,204,68,2023
621120,"T tlicher Angriff auf Vollstreckungsbeamte und gleichstehende Personen    114, 115 StGB",8121000,Heilbronn,vers.,0,0,0,0,0,0,0,0,0,0,0,0,0,0,0,0,0,0,0,0,0,0,0,0,0,0,0,2023
621120,"T tlicher Angriff auf Vollstreckungsbeamte und gleichstehende Personen    114, 115 StGB",8121000,Heilbronn,voll.,149,113,36,0,0,0,0,0,0,0,0,0,0,0,0,2,2,0,143,107,36,4,4,0,147,111,36,2023
621120,"T tlicher Angriff auf Vollstreckungsbeamte und gleichstehende Personen    114, 115 StGB",8121000,Heilbronn,insg.,149,113,36,0,0,0,0,0,0,0,0,0,0,0,0,2,2,0,143,107,36,4,4,0,147,111,36,2023
621120,"T tlicher Angriff auf Vollstreckungsbeamte und gleichstehende Personen    114, 115 StGB",5916000,Herne,vers.,0,0,0,0,0,0,0,0,0,0,0,0,0,0,0,0,0,0,0,0,0,0,0,0,0,0,0,2023
621120,"T tlicher Angriff auf Vollstreckungsbeamte und gleichstehende Personen    114, 115 StGB",5916000,Herne,voll.,116,90,26,0,0,0,0,0,0,0,0,0,0,0,0,1,0,1,115,90,25,0,0,0,115,90,25,2023
621120,"T tlicher Angriff auf Vollstreckungsbeamte und gleichstehende Personen    114, 115 StGB",5916000,Herne,insg.,116,90,26,0,0,0,0,0,0,0,0,0,0,0,0,1,0,1,115,90,25,0,0,0,115,90,25,2023
621120,"T tlicher Angriff auf Vollstreckungsbeamte und gleichstehende Personen    114, 115 StGB",3254021,Hildesheim,vers.,0,0,0,0,0,0,0,0,0,0,0,0,0,0,0,0,0,0,0,0,0,0,0,0,0,0,0,2023
621120,"T tlicher Angriff auf Vollstreckungsbeamte und gleichstehende Personen    114, 115 StGB",3254021,Hildesheim,voll.,62,40,22,0,0,0,0,0,0,0,0,0,0,0,0,1,0,1,61,40,21,0,0,0,61,40,21,2023
621120,"T tlicher Angriff auf Vollstreckungsbeamte und gleichstehende Personen    114, 115 StGB",3254021,Hildesheim,insg.,62,40,22,0,0,0,0,0,0,0,0,0,0,0,0,1,0,1,61,40,21,0,0,0,61,40,21,2023
621120,"T tlicher Angriff auf Vollstreckungsbeamte und gleichstehende Personen    114, 115 StGB",9161000,Ingolstadt,vers.,0,0,0,0,0,0,0,0,0,0,0,0,0,0,0,0,0,0,0,0,0,0,0,0,0,0,0,2023
621120,"T tlicher Angriff auf Vollstreckungsbeamte und gleichstehende Personen    114, 115 StGB",9161000,Ingolstadt,voll.,140,93,47,0,0,0,0,0,0,0,0,0,0,0,0,4,3,1,135,89,46,1,1,0,136,90,46,2023
621120,"T tlicher Angriff auf Vollstreckungsbeamte und gleichstehende Personen    114, 115 StGB",9161000,Ingolstadt,insg.,140,93,47,0,0,0,0,0,0,0,0,0,0,0,0,4,3,1,135,89,46,1,1,0,136,90,46,2023
621120,"T tlicher Angriff auf Vollstreckungsbeamte und gleichstehende Personen    114, 115 StGB",16053000,Jena,vers.,0,0,0,0,0,0,0,0,0,0,0,0,0,0,0,0,0,0,0,0,0,0,0,0,0,0,0,2023
621120,"T tlicher Angriff auf Vollstreckungsbeamte und gleichstehende Personen    114, 115 StGB",16053000,Jena,voll.,46,38,8,0,0,0,0,0,0,0,0,0,0,0,0,2,2,0,44,36,8,0,0,0,44,36,8,2023
621120,"T tlicher Angriff auf Vollstreckungsbeamte und gleichstehende Personen    114, 115 StGB",16053000,Jena,insg.,46,38,8,0,0,0,0,0,0,0,0,0,0,0,0,2,2,0,44,36,8,0,0,0,44,36,8,2023
621120,"T tlicher Angriff auf Vollstreckungsbeamte und gleichstehende Personen    114, 115 StGB",7312000,Kaiserslautern,vers.,0,0,0,0,0,0,0,0,0,0,0,0,0,0,0,0,0,0,0,0,0,0,0,0,0,0,0,2023
621120,"T tlicher Angriff auf Vollstreckungsbeamte und gleichstehende Personen    114, 115 StGB",7312000,Kaiserslautern,voll.,125,107,18,0,0,0,0,0,0,0,0,0,0,0,0,0,0,0,124,106,18,1,1,0,125,107,18,2023
621120,"T tlicher Angriff auf Vollstreckungsbeamte und gleichstehende Personen    114, 115 StGB",7312000,Kaiserslautern,insg.,125,107,18,0,0,0,0,0,0,0,0,0,0,0,0,0,0,0,124,106,18,1,1,0,125,107,18,2023
621120,"T tlicher Angriff auf Vollstreckungsbeamte und gleichstehende Personen    114, 115 StGB",8212000,Karlsruhe,vers.,0,0,0,0,0,0,0,0,0,0,0,0,0,0,0,0,0,0,0,0,0,0,0,0,0,0,0,2023
621120,"T tlicher Angriff auf Vollstreckungsbeamte und gleichstehende Personen    114, 115 StGB",8212000,Karlsruhe,voll.,290,232,58,0,0,0,0,0,0,0,0,0,0,0,0,8,7,1,279,223,56,3,2,1,282,225,57,2023
621120,"T tlicher Angriff auf Vollstreckungsbeamte und gleichstehende Personen    114, 115 StGB",8212000,Karlsruhe,insg.,290,232,58,0,0,0,0,0,0,0,0,0,0,0,0,8,7,1,279,223,56,3,2,1,282,225,57,2023
621120,"T tlicher Angriff auf Vollstreckungsbeamte und gleichstehende Personen    114, 115 StGB",6611000,Kassel,vers.,0,0,0,0,0,0,0,0,0,0,0,0,0,0,0,0,0,0,0,0,0,0,0,0,0,0,0,2023
621120,"T tlicher Angriff auf Vollstreckungsbeamte und gleichstehende Personen    114, 115 StGB",6611000,Kassel,voll.,107,86,21,0,0,0,0,0,0,0,0,0,0,0,0,1,0,1,105,86,19,1,0,1,106,86,20,2023
621120,"T tlicher Angriff auf Vollstreckungsbeamte und gleichstehende Personen    114, 115 StGB",6611000,Kassel,insg.,107,86,21,0,0,0,0,0,0,0,0,0,0,0,0,1,0,1,105,86,19,1,0,1,106,86,20,2023
621120,"T tlicher Angriff auf Vollstreckungsbeamte und gleichstehende Personen    114, 115 StGB",1002000,Kiel,vers.,0,0,0,0,0,0,0,0,0,0,0,0,0,0,0,0,0,0,0,0,0,0,0,0,0,0,0,2023
621120,"T tlicher Angriff auf Vollstreckungsbeamte und gleichstehende Personen    114, 115 StGB",1002000,Kiel,voll.,257,202,55,0,0,0,0,0,0,0,0,0,0,0,0,6,6,0,250,195,55,1,1,0,251,196,55,2023
621120,"T tlicher Angriff auf Vollstreckungsbeamte und gleichstehende Personen    114, 115 StGB",1002000,Kiel,insg.,257,202,55,0,0,0,0,0,0,0,0,0,0,0,0,6,6,0,250,195,55,1,1,0,251,196,55,2023
621120,"T tlicher Angriff auf Vollstreckungsbeamte und gleichstehende Personen    114, 115 StGB",7111000,Koblenz,vers.,0,0,0,0,0,0,0,0,0,0,0,0,0,0,0,0,0,0,0,0,0,0,0,0,0,0,0,2023
621120,"T tlicher Angriff auf Vollstreckungsbeamte und gleichstehende Personen    114, 115 StGB",7111000,Koblenz,voll.,78,65,13,0,0,0,0,0,0,0,0,0,0,0,0,0,0,0,77,64,13,1,1,0,78,65,13,2023
621120,"T tlicher Angriff auf Vollstreckungsbeamte und gleichstehende Personen    114, 115 StGB",7111000,Koblenz,insg.,78,65,13,0,0,0,0,0,0,0,0,0,0,0,0,0,0,0,77,64,13,1,1,0,78,65,13,2023
621120,"T tlicher Angriff auf Vollstreckungsbeamte und gleichstehende Personen    114, 115 StGB",5315000,K ln,vers.,0,0,0,0,0,0,0,0,0,0,0,0,0,0,0,0,0,0,0,0,0,0,0,0,0,0,0,2023
621120,"T tlicher Angriff auf Vollstreckungsbeamte und gleichstehende Personen    114, 115 StGB",5315000,K ln,voll.,735,491,244,0,0,0,0,0,0,0,0,0,0,0,0,6,2,4,723,483,240,6,6,0,729,489,240,2023
621120,"T tlicher Angriff auf Vollstreckungsbeamte und gleichstehende Personen    114, 115 StGB",5315000,K ln,insg.,735,491,244,0,0,0,0,0,0,0,0,0,0,0,0,6,2,4,723,483,240,6,6,0,729,489,240,2023
621120,"T tlicher Angriff auf Vollstreckungsbeamte und gleichstehende Personen    114, 115 StGB",5114000,Krefeld,vers.,0,0,0,0,0,0,0,0,0,0,0,0,0,0,0,0,0,0,0,0,0,0,0,0,0,0,0,2023
621120,"T tlicher Angriff auf Vollstreckungsbeamte und gleichstehende Personen    114, 115 StGB",5114000,Krefeld,voll.,130,74,56,0,0,0,0,0,0,0,0,0,0,0,0,4,1,3,125,72,53,1,1,0,126,73,53,2023
621120,"T tlicher Angriff auf Vollstreckungsbeamte und gleichstehende Personen    114, 115 StGB",5114000,Krefeld,insg.,130,74,56,0,0,0,0,0,0,0,0,0,0,0,0,4,1,3,125,72,53,1,1,0,126,73,53,2023
621120,"T tlicher Angriff auf Vollstreckungsbeamte und gleichstehende Personen    114, 115 StGB",14713000,Leipzig,vers.,0,0,0,0,0,0,0,0,0,0,0,0,0,0,0,0,0,0,0,0,0,0,0,0,0,0,0,2023
621120,"T tlicher Angriff auf Vollstreckungsbeamte und gleichstehende Personen    114, 115 StGB",14713000,Leipzig,voll.,470,395,75,0,0,0,0,0,0,0,0,0,2,2,0,12,11,1,454,381,73,2,1,1,456,382,74,2023
621120,"T tlicher Angriff auf Vollstreckungsbeamte und gleichstehende Personen    114, 115 StGB",14713000,Leipzig,insg.,470,395,75,0,0,0,0,0,0,0,0,0,2,2,0,12,11,1,454,381,73,2,1,1,456,382,74,2023
621120,"T tlicher Angriff auf Vollstreckungsbeamte und gleichstehende Personen    114, 115 StGB",5316000,Leverkusen,vers.,0,0,0,0,0,0,0,0,0,0,0,0,0,0,0,0,0,0,0,0,0,0,0,0,0,0,0,2023
621120,"T tlicher Angriff auf Vollstreckungsbeamte und gleichstehende Personen    114, 115 StGB",5316000,Leverkusen,voll.,93,58,35,0,0,0,0,0,0,0,0,0,0,0,0,1,1,0,92,57,35,0,0,0,92,57,35,2023
621120,"T tlicher Angriff auf Vollstreckungsbeamte und gleichstehende Personen    114, 115 StGB",5316000,Leverkusen,insg.,93,58,35,0,0,0,0,0,0,0,0,0,0,0,0,1,1,0,92,57,35,0,0,0,92,57,35,2023
621120,"T tlicher Angriff auf Vollstreckungsbeamte und gleichstehende Personen    114, 115 StGB",1003000,L beck,vers.,0,0,0,0,0,0,0,0,0,0,0,0,0,0,0,0,0,0,0,0,0,0,0,0,0,0,0,2023
621120,"T tlicher Angriff auf Vollstreckungsbeamte und gleichstehende Personen    114, 115 StGB",1003000,L beck,voll.,295,223,72,0,0,0,0,0,0,0,0,0,0,0,0,2,1,1,290,219,71,3,3,0,293,222,71,2023
621120,"T tlicher Angriff auf Vollstreckungsbeamte und gleichstehende Personen    114, 115 StGB",1003000,L beck,insg.,295,223,72,0,0,0,0,0,0,0,0,0,0,0,0,2,1,1,290,219,71,3,3,0,293,222,71,2023
621120,"T tlicher Angriff auf Vollstreckungsbeamte und gleichstehende Personen    114, 115 StGB",7314000,Ludwigshafen am Rhein,vers.,0,0,0,0,0,0,0,0,0,0,0,0,0,0,0,0,0,0,0,0,0,0,0,0,0,0,0,2023
621120,"T tlicher Angriff auf Vollstreckungsbeamte und gleichstehende Personen    114, 115 StGB",7314000,Ludwigshafen am Rhein,voll.,73,56,17,0,0,0,0,0,0,0,0,0,0,0,0,0,0,0,73,56,17,0,0,0,73,56,17,2023
621120,"T tlicher Angriff auf Vollstreckungsbeamte und gleichstehende Personen    114, 115 StGB",7314000,Ludwigshafen am Rhein,insg.,73,56,17,0,0,0,0,0,0,0,0,0,0,0,0,0,0,0,73,56,17,0,0,0,73,56,17,2023
621120,"T tlicher Angriff auf Vollstreckungsbeamte und gleichstehende Personen    114, 115 StGB",15003000,Magdeburg,vers.,0,0,0,0,0,0,0,0,0,0,0,0,0,0,0,0,0,0,0,0,0,0,0,0,0,0,0,2023
621120,"T tlicher Angriff auf Vollstreckungsbeamte und gleichstehende Personen    114, 115 StGB",15003000,Magdeburg,voll.,193,156,37,0,0,0,0,0,0,0,0,0,0,0,0,12,11,1,179,143,36,2,2,0,181,145,36,2023
621120,"T tlicher Angriff auf Vollstreckungsbeamte und gleichstehende Personen    114, 115 StGB",15003000,Magdeburg,insg.,193,156,37,0,0,0,0,0,0,0,0,0,0,0,0,12,11,1,179,143,36,2,2,0,181,145,36,2023
621120,"T tlicher Angriff auf Vollstreckungsbeamte und gleichstehende Personen    114, 115 StGB",7315000,Mainz,vers.,0,0,0,0,0,0,0,0,0,0,0,0,0,0,0,0,0,0,0,0,0,0,0,0,0,0,0,2023
621120,"T tlicher Angriff auf Vollstreckungsbeamte und gleichstehende Personen    114, 115 StGB",7315000,Mainz,voll.,110,87,23,0,0,0,0,0,0,0,0,0,0,0,0,1,1,0,107,84,23,2,2,0,109,86,23,2023
621120,"T tlicher Angriff auf Vollstreckungsbeamte und gleichstehende Personen    114, 115 StGB",7315000,Mainz,insg.,110,87,23,0,0,0,0,0,0,0,0,0,0,0,0,1,1,0,107,84,23,2,2,0,109,86,23,2023
621120,"T tlicher Angriff auf Vollstreckungsbeamte und gleichstehende Personen    114, 115 StGB",8222000,Mannheim,vers.,0,0,0,0,0,0,0,0,0,0,0,0,0,0,0,0,0,0,0,0,0,0,0,0,0,0,0,2023
621120,"T tlicher Angriff auf Vollstreckungsbeamte und gleichstehende Personen    114, 115 StGB",8222000,Mannheim,voll.,277,217,60,0,0,0,0,0,0,0,0,0,0,0,0,3,2,1,272,213,59,2,2,0,274,215,59,2023
621120,"T tlicher Angriff auf Vollstreckungsbeamte und gleichstehende Personen    114, 115 StGB",8222000,Mannheim,insg.,277,217,60,0,0,0,0,0,0,0,0,0,0,0,0,3,2,1,272,213,59,2,2,0,274,215,59,2023
621120,"T tlicher Angriff auf Vollstreckungsbeamte und gleichstehende Personen    114, 115 StGB",5170024,Moers,vers.,0,0,0,0,0,0,0,0,0,0,0,0,0,0,0,0,0,0,0,0,0,0,0,0,0,0,0,2023
621120,"T tlicher Angriff auf Vollstreckungsbeamte und gleichstehende Personen    114, 115 StGB",5170024,Moers,voll.,25,17,8,0,0,0,0,0,0,0,0,0,0,0,0,0,0,0,25,17,8,0,0,0,25,17,8,2023
621120,"T tlicher Angriff auf Vollstreckungsbeamte und gleichstehende Personen    114, 115 StGB",5170024,Moers,insg.,25,17,8,0,0,0,0,0,0,0,0,0,0,0,0,0,0,0,25,17,8,0,0,0,25,17,8,2023
621120,"T tlicher Angriff auf Vollstreckungsbeamte und gleichstehende Personen    114, 115 StGB",5116000,M nchengladbach,vers.,0,0,0,0,0,0,0,0,0,0,0,0,0,0,0,0,0,0,0,0,0,0,0,0,0,0,0,2023
621120,"T tlicher Angriff auf Vollstreckungsbeamte und gleichstehende Personen    114, 115 StGB",5116000,M nchengladbach,voll.,174,122,52,0,0,0,0,0,0,0,0,0,0,0,0,1,0,1,170,119,51,3,3,0,173,122,51,2023
621120,"T tlicher Angriff auf Vollstreckungsbeamte und gleichstehende Personen    114, 115 StGB",5116000,M nchengladbach,insg.,174,122,52,0,0,0,0,0,0,0,0,0,0,0,0,1,0,1,170,119,51,3,3,0,173,122,51,2023
621120,"T tlicher Angriff auf Vollstreckungsbeamte und gleichstehende Personen    114, 115 StGB",5117000,M lheim an der Ruhr,vers.,0,0,0,0,0,0,0,0,0,0,0,0,0,0,0,0,0,0,0,0,0,0,0,0,0,0,0,2023
621120,"T tlicher Angriff auf Vollstreckungsbeamte und gleichstehende Personen    114, 115 StGB",5117000,M lheim an der Ruhr,voll.,27,22,5,0,0,0,0,0,0,0,0,0,0,0,0,1,1,0,26,21,5,0,0,0,26,21,5,2023
621120,"T tlicher Angriff auf Vollstreckungsbeamte und gleichstehende Personen    114, 115 StGB",5117000,M lheim an der Ruhr,insg.,27,22,5,0,0,0,0,0,0,0,0,0,0,0,0,1,1,0,26,21,5,0,0,0,26,21,5,2023
621120,"T tlicher Angriff auf Vollstreckungsbeamte und gleichstehende Personen    114, 115 StGB",9162000,M nchen,vers.,0,0,0,0,0,0,0,0,0,0,0,0,0,0,0,0,0,0,0,0,0,0,0,0,0,0,0,2023
621120,"T tlicher Angriff auf Vollstreckungsbeamte und gleichstehende Personen    114, 115 StGB",9162000,M nchen,voll.,1217,967,250,0,0,0,0,0,0,0,0,0,0,0,0,25,10,15,1189,954,235,3,3,0,1192,957,235,2023
621120,"T tlicher Angriff auf Vollstreckungsbeamte und gleichstehende Personen    114, 115 StGB",9162000,M nchen,insg.,1217,967,250,0,0,0,0,0,0,0,0,0,0,0,0,25,10,15,1189,954,235,3,3,0,1192,957,235,2023
621120,"T tlicher Angriff auf Vollstreckungsbeamte und gleichstehende Personen    114, 115 StGB",5515000,M nster,vers.,0,0,0,0,0,0,0,0,0,0,0,0,0,0,0,0,0,0,0,0,0,0,0,0,0,0,0,2023
621120,"T tlicher Angriff auf Vollstreckungsbeamte und gleichstehende Personen    114, 115 StGB",5515000,M nster,voll.,132,112,20,0,0,0,0,0,0,0,0,0,0,0,0,4,4,0,125,105,20,3,3,0,128,108,20,2023
621120,"T tlicher Angriff auf Vollstreckungsbeamte und gleichstehende Personen    114, 115 StGB",5515000,M nster,insg.,132,112,20,0,0,0,0,0,0,0,0,0,0,0,0,4,4,0,125,105,20,3,3,0,128,108,20,2023
621120,"T tlicher Angriff auf Vollstreckungsbeamte und gleichstehende Personen    114, 115 StGB",5162024,Neuss,vers.,0,0,0,0,0,0,0,0,0,0,0,0,0,0,0,0,0,0,0,0,0,0,0,0,0,0,0,2023
621120,"T tlicher Angriff auf Vollstreckungsbeamte und gleichstehende Personen    114, 115 StGB",5162024,Neuss,voll.,18,14,4,0,0,0,0,0,0,0,0,0,0,0,0,1,0,1,17,14,3,0,0,0,17,14,3,2023
621120,"T tlicher Angriff auf Vollstreckungsbeamte und gleichstehende Personen    114, 115 StGB",5162024,Neuss,insg.,18,14,4,0,0,0,0,0,0,0,0,0,0,0,0,1,0,1,17,14,3,0,0,0,17,14,3,2023
621120,"T tlicher Angriff auf Vollstreckungsbeamte und gleichstehende Personen    114, 115 StGB",9564000,N rnberg,vers.,0,0,0,0,0,0,0,0,0,0,0,0,0,0,0,0,0,0,0,0,0,0,0,0,0,0,0,2023
621120,"T tlicher Angriff auf Vollstreckungsbeamte und gleichstehende Personen    114, 115 StGB",9564000,N rnberg,voll.,473,370,103,0,0,0,0,0,0,0,0,0,0,0,0,9,6,3,463,363,100,1,1,0,464,364,100,2023
621120,"T tlicher Angriff auf Vollstreckungsbeamte und gleichstehende Personen    114, 115 StGB",9564000,N rnberg,insg.,473,370,103,0,0,0,0,0,0,0,0,0,0,0,0,9,6,3,463,363,100,1,1,0,464,364,100,2023
621120,"T tlicher Angriff auf Vollstreckungsbeamte und gleichstehende Personen    114, 115 StGB",5119000,Oberhausen,vers.,0,0,0,0,0,0,0,0,0,0,0,0,0,0,0,0,0,0,0,0,0,0,0,0,0,0,0,2023
621120,"T tlicher Angriff auf Vollstreckungsbeamte und gleichstehende Personen    114, 115 StGB",5119000,Oberhausen,voll.,98,68,30,0,0,0,0,0,0,0,0,0,0,0,0,1,1,0,97,67,30,0,0,0,97,67,30,2023
621120,"T tlicher Angriff auf Vollstreckungsbeamte und gleichstehende Personen    114, 115 StGB",5119000,Oberhausen,insg.,98,68,30,0,0,0,0,0,0,0,0,0,0,0,0,1,1,0,97,67,30,0,0,0,97,67,30,2023
621120,"T tlicher Angriff auf Vollstreckungsbeamte und gleichstehende Personen    114, 115 StGB",6413000,Offenbach am Main,vers.,0,0,0,0,0,0,0,0,0,0,0,0,0,0,0,0,0,0,0,0,0,0,0,0,0,0,0,2023
621120,"T tlicher Angriff auf Vollstreckungsbeamte und gleichstehende Personen    114, 115 StGB",6413000,Offenbach am Main,voll.,73,49,24,0,0,0,0,0,0,0,0,0,0,0,0,0,0,0,73,49,24,0,0,0,73,49,24,2023
621120,"T tlicher Angriff auf Vollstreckungsbeamte und gleichstehende Personen    114, 115 StGB",6413000,Offenbach am Main,insg.,73,49,24,0,0,0,0,0,0,0,0,0,0,0,0,0,0,0,73,49,24,0,0,0,73,49,24,2023
621120,"T tlicher Angriff auf Vollstreckungsbeamte und gleichstehende Personen    114, 115 StGB",3403000,Oldenburg (Oldenburg),vers.,0,0,0,0,0,0,0,0,0,0,0,0,0,0,0,0,0,0,0,0,0,0,0,0,0,0,0,2023
621120,"T tlicher Angriff auf Vollstreckungsbeamte und gleichstehende Personen    114, 115 StGB",3403000,Oldenburg (Oldenburg),voll.,67,53,14,0,0,0,0,0,0,0,0,0,0,0,0,2,1,1,63,50,13,2,2,0,65,52,13,2023
621120,"T tlicher Angriff auf Vollstreckungsbeamte und gleichstehende Personen    114, 115 StGB",3403000,Oldenburg (Oldenburg),insg.,67,53,14,0,0,0,0,0,0,0,0,0,0,0,0,2,1,1,63,50,13,2,2,0,65,52,13,2023
621120,"T tlicher Angriff auf Vollstreckungsbeamte und gleichstehende Personen    114, 115 StGB",3404000,Osnabr ck,vers.,0,0,0,0,0,0,0,0,0,0,0,0,0,0,0,0,0,0,0,0,0,0,0,0,0,0,0,2023
621120,"T tlicher Angriff auf Vollstreckungsbeamte und gleichstehende Personen    114, 115 StGB",3404000,Osnabr ck,voll.,192,140,52,0,0,0,0,0,0,0,0,0,0,0,0,2,2,0,187,135,52,3,3,0,190,138,52,2023
621120,"T tlicher Angriff auf Vollstreckungsbeamte und gleichstehende Personen    114, 115 StGB",3404000,Osnabr ck,insg.,192,140,52,0,0,0,0,0,0,0,0,0,0,0,0,2,2,0,187,135,52,3,3,0,190,138,52,2023
621120,"T tlicher Angriff auf Vollstreckungsbeamte und gleichstehende Personen    114, 115 StGB",5774032,Paderborn,vers.,0,0,0,0,0,0,0,0,0,0,0,0,0,0,0,0,0,0,0,0,0,0,0,0,0,0,0,2023
621120,"T tlicher Angriff auf Vollstreckungsbeamte und gleichstehende Personen    114, 115 StGB",5774032,Paderborn,voll.,89,72,17,0,0,0,0,0,0,0,0,0,0,0,0,2,2,0,87,70,17,0,0,0,87,70,17,2023
621120,"T tlicher Angriff auf Vollstreckungsbeamte und gleichstehende Personen    114, 115 StGB",5774032,Paderborn,insg.,89,72,17,0,0,0,0,0,0,0,0,0,0,0,0,2,2,0,87,70,17,0,0,0,87,70,17,2023
621120,"T tlicher Angriff auf Vollstreckungsbeamte und gleichstehende Personen    114, 115 StGB",8231000,Pforzheim,vers.,0,0,0,0,0,0,0,0,0,0,0,0,0,0,0,0,0,0,0,0,0,0,0,0,0,0,0,2023
621120,"T tlicher Angriff auf Vollstreckungsbeamte und gleichstehende Personen    114, 115 StGB",8231000,Pforzheim,voll.,88,63,25,0,0,0,0,0,0,0,0,0,0,0,0,1,1,0,87,62,25,0,0,0,87,62,25,2023
621120,"T tlicher Angriff auf Vollstreckungsbeamte und gleichstehende Personen    114, 115 StGB",8231000,Pforzheim,insg.,88,63,25,0,0,0,0,0,0,0,0,0,0,0,0,1,1,0,87,62,25,0,0,0,87,62,25,2023
621120,"T tlicher Angriff auf Vollstreckungsbeamte und gleichstehende Personen    114, 115 StGB",12054000,Potsdam,vers.,0,0,0,0,0,0,0,0,0,0,0,0,0,0,0,0,0,0,0,0,0,0,0,0,0,0,0,2023
621120,"T tlicher Angriff auf Vollstreckungsbeamte und gleichstehende Personen    114, 115 StGB",12054000,Potsdam,voll.,115,79,36,0,0,0,0,0,0,0,0,0,0,0,0,1,1,0,114,78,36,0,0,0,114,78,36,2023
621120,"T tlicher Angriff auf Vollstreckungsbeamte und gleichstehende Personen    114, 115 StGB",12054000,Potsdam,insg.,115,79,36,0,0,0,0,0,0,0,0,0,0,0,0,1,1,0,114,78,36,0,0,0,114,78,36,2023
621120,"T tlicher Angriff auf Vollstreckungsbeamte und gleichstehende Personen    114, 115 StGB",5562032,Recklinghausen,vers.,0,0,0,0,0,0,0,0,0,0,0,0,0,0,0,0,0,0,0,0,0,0,0,0,0,0,0,2023
621120,"T tlicher Angriff auf Vollstreckungsbeamte und gleichstehende Personen    114, 115 StGB",5562032,Recklinghausen,voll.,56,46,10,0,0,0,0,0,0,0,0,0,0,0,0,0,0,0,54,44,10,2,2,0,56,46,10,2023
621120,"T tlicher Angriff auf Vollstreckungsbeamte und gleichstehende Personen    114, 115 StGB",5562032,Recklinghausen,insg.,56,46,10,0,0,0,0,0,0,0,0,0,0,0,0,0,0,0,54,44,10,2,2,0,56,46,10,2023
621120,"T tlicher Angriff auf Vollstreckungsbeamte und gleichstehende Personen    114, 115 StGB",9362000,Regensburg,vers.,0,0,0,0,0,0,0,0,0,0,0,0,0,0,0,0,0,0,0,0,0,0,0,0,0,0,0,2023
621120,"T tlicher Angriff auf Vollstreckungsbeamte und gleichstehende Personen    114, 115 StGB",9362000,Regensburg,voll.,266,203,63,0,0,0,0,0,0,0,0,0,1,1,0,6,4,2,258,197,61,1,1,0,259,198,61,2023
621120,"T tlicher Angriff auf Vollstreckungsbeamte und gleichstehende Personen    114, 115 StGB",9362000,Regensburg,insg.,266,203,63,0,0,0,0,0,0,0,0,0,1,1,0,6,4,2,258,197,61,1,1,0,259,198,61,2023
621120,"T tlicher Angriff auf Vollstreckungsbeamte und gleichstehende Personen    114, 115 StGB",5120000,Remscheid,vers.,0,0,0,0,0,0,0,0,0,0,0,0,0,0,0,0,0,0,0,0,0,0,0,0,0,0,0,2023
621120,"T tlicher Angriff auf Vollstreckungsbeamte und gleichstehende Personen    114, 115 StGB",5120000,Remscheid,voll.,79,41,38,0,0,0,0,0,0,0,0,0,0,0,0,1,1,0,78,40,38,0,0,0,78,40,38,2023
621120,"T tlicher Angriff auf Vollstreckungsbeamte und gleichstehende Personen    114, 115 StGB",5120000,Remscheid,insg.,79,41,38,0,0,0,0,0,0,0,0,0,0,0,0,1,1,0,78,40,38,0,0,0,78,40,38,2023
621120,"T tlicher Angriff auf Vollstreckungsbeamte und gleichstehende Personen    114, 115 StGB",8415061,Reutlingen,vers.,0,0,0,0,0,0,0,0,0,0,0,0,0,0,0,0,0,0,0,0,0,0,0,0,0,0,0,2023
621120,"T tlicher Angriff auf Vollstreckungsbeamte und gleichstehende Personen    114, 115 StGB",8415061,Reutlingen,voll.,127,89,38,0,0,0,0,0,0,0,0,0,0,0,0,3,2,1,123,86,37,1,1,0,124,87,37,2023
621120,"T tlicher Angriff auf Vollstreckungsbeamte und gleichstehende Personen    114, 115 StGB",8415061,Reutlingen,insg.,127,89,38,0,0,0,0,0,0,0,0,0,0,0,0,3,2,1,123,86,37,1,1,0,124,87,37,2023
621120,"T tlicher Angriff auf Vollstreckungsbeamte und gleichstehende Personen    114, 115 StGB",13003000,"Rostock, Hanse- und Universit tsstadt",vers.,0,0,0,0,0,0,0,0,0,0,0,0,0,0,0,0,0,0,0,0,0,0,0,0,0,0,0,2023
621120,"T tlicher Angriff auf Vollstreckungsbeamte und gleichstehende Personen    114, 115 StGB",13003000,"Rostock, Hanse- und Universit tsstadt",voll.,227,190,37,0,0,0,0,0,0,0,0,0,0,0,0,5,3,2,219,184,35,3,3,0,222,187,35,2023
621120,"T tlicher Angriff auf Vollstreckungsbeamte und gleichstehende Personen    114, 115 StGB",13003000,"Rostock, Hanse- und Universit tsstadt",insg.,227,190,37,0,0,0,0,0,0,0,0,0,0,0,0,5,3,2,219,184,35,3,3,0,222,187,35,2023
621120,"T tlicher Angriff auf Vollstreckungsbeamte und gleichstehende Personen    114, 115 StGB",10041100,Saarbr cken,vers.,0,0,0,0,0,0,0,0,0,0,0,0,0,0,0,0,0,0,0,0,0,0,0,0,0,0,0,2023
621120,"T tlicher Angriff auf Vollstreckungsbeamte und gleichstehende Personen    114, 115 StGB",10041100,Saarbr cken,voll.,244,187,57,0,0,0,0,0,0,0,0,0,0,0,0,7,5,2,237,182,55,0,0,0,237,182,55,2023
621120,"T tlicher Angriff auf Vollstreckungsbeamte und gleichstehende Personen    114, 115 StGB",10041100,Saarbr cken,insg.,244,187,57,0,0,0,0,0,0,0,0,0,0,0,0,7,5,2,237,182,55,0,0,0,237,182,55,2023
621120,"T tlicher Angriff auf Vollstreckungsbeamte und gleichstehende Personen    114, 115 StGB",3102000,Salzgitter,vers.,0,0,0,0,0,0,0,0,0,0,0,0,0,0,0,0,0,0,0,0,0,0,0,0,0,0,0,2023
621120,"T tlicher Angriff auf Vollstreckungsbeamte und gleichstehende Personen    114, 115 StGB",3102000,Salzgitter,voll.,16,16,0,0,0,0,0,0,0,0,0,0,0,0,0,0,0,0,16,16,0,0,0,0,16,16,0,2023
621120,"T tlicher Angriff auf Vollstreckungsbeamte und gleichstehende Personen    114, 115 StGB",3102000,Salzgitter,insg.,16,16,0,0,0,0,0,0,0,0,0,0,0,0,0,0,0,0,16,16,0,0,0,0,16,16,0,2023
621120,"T tlicher Angriff auf Vollstreckungsbeamte und gleichstehende Personen    114, 115 StGB",13004000,Schwerin,vers.,0,0,0,0,0,0,0,0,0,0,0,0,0,0,0,0,0,0,0,0,0,0,0,0,0,0,0,2023
621120,"T tlicher Angriff auf Vollstreckungsbeamte und gleichstehende Personen    114, 115 StGB",13004000,Schwerin,voll.,119,99,20,0,0,0,0,0,0,0,0,0,0,0,0,2,2,0,115,96,19,2,1,1,117,97,20,2023
621120,"T tlicher Angriff auf Vollstreckungsbeamte und gleichstehende Personen    114, 115 StGB",13004000,Schwerin,insg.,119,99,20,0,0,0,0,0,0,0,0,0,0,0,0,2,2,0,115,96,19,2,1,1,117,97,20,2023
621120,"T tlicher Angriff auf Vollstreckungsbeamte und gleichstehende Personen    114, 115 StGB",5970040,Siegen,vers.,0,0,0,0,0,0,0,0,0,0,0,0,0,0,0,0,0,0,0,0,0,0,0,0,0,0,0,2023
621120,"T tlicher Angriff auf Vollstreckungsbeamte und gleichstehende Personen    114, 115 StGB",5970040,Siegen,voll.,100,65,35,0,0,0,0,0,0,0,0,0,0,0,0,1,1,0,98,64,34,1,0,1,99,64,35,2023
621120,"T tlicher Angriff auf Vollstreckungsbeamte und gleichstehende Personen    114, 115 StGB",5970040,Siegen,insg.,100,65,35,0,0,0,0,0,0,0,0,0,0,0,0,1,1,0,98,64,34,1,0,1,99,64,35,2023
621120,"T tlicher Angriff auf Vollstreckungsbeamte und gleichstehende Personen    114, 115 StGB",5122000,Solingen,vers.,0,0,0,0,0,0,0,0,0,0,0,0,0,0,0,0,0,0,0,0,0,0,0,0,0,0,0,2023
621120,"T tlicher Angriff auf Vollstreckungsbeamte und gleichstehende Personen    114, 115 StGB",5122000,Solingen,voll.,111,83,28,0,0,0,0,0,0,0,0,0,0,0,0,1,1,0,109,81,28,1,1,0,110,82,28,2023
621120,"T tlicher Angriff auf Vollstreckungsbeamte und gleichstehende Personen    114, 115 StGB",5122000,Solingen,insg.,111,83,28,0,0,0,0,0,0,0,0,0,0,0,0,1,1,0,109,81,28,1,1,0,110,82,28,2023
621120,"T tlicher Angriff auf Vollstreckungsbeamte und gleichstehende Personen    114, 115 StGB",8111000,Stuttgart,vers.,0,0,0,0,0,0,0,0,0,0,0,0,0,0,0,0,0,0,0,0,0,0,0,0,0,0,0,2023
621120,"T tlicher Angriff auf Vollstreckungsbeamte und gleichstehende Personen    114, 115 StGB",8111000,Stuttgart,voll.,874,650,224,0,0,0,0,0,0,0,0,0,0,0,0,9,6,3,864,643,221,1,1,0,865,644,221,2023
621120,"T tlicher Angriff auf Vollstreckungsbeamte und gleichstehende Personen    114, 115 StGB",8111000,Stuttgart,insg.,874,650,224,0,0,0,0,0,0,0,0,0,0,0,0,9,6,3,864,643,221,1,1,0,865,644,221,2023
621120,"T tlicher Angriff auf Vollstreckungsbeamte und gleichstehende Personen    114, 115 StGB",7211000,Trier,vers.,0,0,0,0,0,0,0,0,0,0,0,0,0,0,0,0,0,0,0,0,0,0,0,0,0,0,0,2023
621120,"T tlicher Angriff auf Vollstreckungsbeamte und gleichstehende Personen    114, 115 StGB",7211000,Trier,voll.,105,84,21,0,0,0,0,0,0,0,0,0,0,0,0,2,1,1,103,83,20,0,0,0,103,83,20,2023
621120,"T tlicher Angriff auf Vollstreckungsbeamte und gleichstehende Personen    114, 115 StGB",7211000,Trier,insg.,105,84,21,0,0,0,0,0,0,0,0,0,0,0,0,2,1,1,103,83,20,0,0,0,103,83,20,2023
621120,"T tlicher Angriff auf Vollstreckungsbeamte und gleichstehende Personen    114, 115 StGB",8421000,Ulm,vers.,0,0,0,0,0,0,0,0,0,0,0,0,0,0,0,0,0,0,0,0,0,0,0,0,0,0,0,2023
621120,"T tlicher Angriff auf Vollstreckungsbeamte und gleichstehende Personen    114, 115 StGB",8421000,Ulm,voll.,106,79,27,0,0,0,0,0,0,0,0,0,0,0,0,2,2,0,102,76,26,2,1,1,104,77,27,2023
621120,"T tlicher Angriff auf Vollstreckungsbeamte und gleichstehende Personen    114, 115 StGB",8421000,Ulm,insg.,106,79,27,0,0,0,0,0,0,0,0,0,0,0,0,2,2,0,102,76,26,2,1,1,104,77,27,2023
621120,"T tlicher Angriff auf Vollstreckungsbeamte und gleichstehende Personen    114, 115 StGB",6414000,Wiesbaden,vers.,0,0,0,0,0,0,0,0,0,0,0,0,0,0,0,0,0,0,0,0,0,0,0,0,0,0,0,2023
621120,"T tlicher Angriff auf Vollstreckungsbeamte und gleichstehende Personen    114, 115 StGB",6414000,Wiesbaden,voll.,106,81,25,0,0,0,0,0,0,0,0,0,0,0,0,0,0,0,106,81,25,0,0,0,106,81,25,2023
621120,"T tlicher Angriff auf Vollstreckungsbeamte und gleichstehende Personen    114, 115 StGB",6414000,Wiesbaden,insg.,106,81,25,0,0,0,0,0,0,0,0,0,0,0,0,0,0,0,106,81,25,0,0,0,106,81,25,2023
621120,"T tlicher Angriff auf Vollstreckungsbeamte und gleichstehende Personen    114, 115 StGB",3103000,Wolfsburg,vers.,0,0,0,0,0,0,0,0,0,0,0,0,0,0,0,0,0,0,0,0,0,0,0,0,0,0,0,2023
621120,"T tlicher Angriff auf Vollstreckungsbeamte und gleichstehende Personen    114, 115 StGB",3103000,Wolfsburg,voll.,72,50,22,0,0,0,0,0,0,0,0,0,0,0,0,0,0,0,71,49,22,1,1,0,72,50,22,2023
621120,"T tlicher Angriff auf Vollstreckungsbeamte und gleichstehende Personen    114, 115 StGB",3103000,Wolfsburg,insg.,72,50,22,0,0,0,0,0,0,0,0,0,0,0,0,0,0,0,71,49,22,1,1,0,72,50,22,2023
621120,"T tlicher Angriff auf Vollstreckungsbeamte und gleichstehende Personen    114, 115 StGB",5124000,Wuppertal,vers.,0,0,0,0,0,0,0,0,0,0,0,0,0,0,0,0,0,0,0,0,0,0,0,0,0,0,0,2023
621120,"T tlicher Angriff auf Vollstreckungsbeamte und gleichstehende Personen    114, 115 StGB",5124000,Wuppertal,voll.,334,224,110,0,0,0,0,0,0,0,0,0,0,0,0,4,2,2,325,218,107,5,4,1,330,222,108,2023
621120,"T tlicher Angriff auf Vollstreckungsbeamte und gleichstehende Personen    114, 115 StGB",5124000,Wuppertal,insg.,334,224,110,0,0,0,0,0,0,0,0,0,0,0,0,4,2,2,325,218,107,5,4,1,330,222,108,2023
621120,"T tlicher Angriff auf Vollstreckungsbeamte und gleichstehende Personen    114, 115 StGB",9663000,W rzburg,vers.,0,0,0,0,0,0,0,0,0,0,0,0,0,0,0,0,0,0,0,0,0,0,0,0,0,0,0,2023
621120,"T tlicher Angriff auf Vollstreckungsbeamte und gleichstehende Personen    114, 115 StGB",9663000,W rzburg,voll.,105,79,26,0,0,0,0,0,0,0,0,0,0,0,0,3,3,0,101,75,26,1,1,0,102,76,26,2023
621120,"T tlicher Angriff auf Vollstreckungsbeamte und gleichstehende Personen    114, 115 StGB",9663000,W rzburg,insg.,105,79,26,0,0,0,0,0,0,0,0,0,0,0,0,3,3,0,101,75,26,1,1,0,102,76,26,2023
892000,Gewaltkriminalit t,5334002,Aachen,vers.,248,168,80,0,0,0,2,1,1,2,1,1,10,7,3,15,11,4,202,140,62,19,9,10,221,149,72,2023
892000,Gewaltkriminalit t,5334002,Aachen,voll.,993,707,286,2,2,0,35,26,9,37,28,9,98,65,33,91,55,36,713,520,193,54,39,15,767,559,208,2023
892000,Gewaltkriminalit t,5334002,Aachen,insg.,1241,875,366,2,2,0,37,27,10,39,29,10,108,72,36,106,66,40,915,660,255,73,48,25,988,708,280,2023
892000,Gewaltkriminalit t,9761000,Augsburg,vers.,271,180,91,1,1,0,14,12,2,15,13,2,17,12,5,18,15,3,201,132,69,20,8,12,221,140,81,2023
892000,Gewaltkriminalit t,9761000,Augsburg,voll.,946,685,261,5,3,2,90,63,27,95,66,29,135,87,48,71,53,18,604,452,152,41,27,14,645,479,166,2023
892000,Gewaltkriminalit t,9761000,Augsburg,insg.,1217,865,352,6,4,2,104,75,29,110,79,31,152,99,53,89,68,21,805,584,221,61,35,26,866,619,247,2023
892000,Gewaltkriminalit t,5378004,Bergisch Gladbach,vers.,72,52,20,0,0,0,6,5,1,6,5,1,11,11,0,2,2,0,49,31,18,4,3,1,53,34,19,2023
892000,Gewaltkriminalit t,5378004,Bergisch Gladbach,voll.,269,188,81,0,0,0,19,17,2,19,17,2,46,33,13,15,10,5,169,112,57,20,16,4,189,128,61,2023
892000,Gewaltkriminalit t,5378004,Bergisch Gladbach,insg.,341,240,101,0,0,0,25,22,3,25,22,3,57,44,13,17,12,5,218,143,75,24,19,5,242,162,80,2023
892000,Gewaltkriminalit t,11000000,Berlin,vers.,4405,3219,1186,27,20,7,311,254,57,338,274,64,421,334,87,244,175,69,3100,2254,846,302,182,120,3402,2436,966,2023
892000,Gewaltkriminalit t,11000000,Berlin,voll.,18285,13502,4783,41,27,14,1107,805,302,1148,832,316,2472,1888,584,1567,1119,448,12107,9087,3020,991,576,415,13098,9663,3435,2023
892000,Gewaltkriminalit t,11000000,Berlin,insg.,22690,16721,5969,68,47,21,1418,1059,359,1486,1106,380,2893,2222,671,1811,1294,517,15207,11341,3866,1293,758,535,16500,12099,4401,2023
892000,Gewaltkriminalit t,5711000,Bielefeld,vers.,294,237,57,1,1,0,13,10,3,14,11,3,16,11,5,16,12,4,193,156,37,55,47,8,248,203,45,2023
892000,Gewaltkriminalit t,5711000,Bielefeld,voll.,1223,853,370,2,0,2,45,27,18,47,27,20,155,100,55,147,104,43,807,579,228,67,43,24,874,622,252,2023
892000,Gewaltkriminalit t,5711000,Bielefeld,insg.,1517,1090,427,3,1,2,58,37,21,61,38,23,171,111,60,163,116,47,1000,735,265,122,90,32,1122,825,297,2023
892000,Gewaltkriminalit t,5911000,Bochum,vers.,283,204,79,4,3,1,11,9,2,15,12,3,41,36,5,25,17,8,175,123,52,27,16,11,202,139,63,2023
892000,Gewaltkriminalit t,5911000,Bochum,voll.,1310,935,375,0,0,0,79,51,28,79,51,28,209,155,54,133,93,40,810,591,219,79,45,34,889,636,253,2023
892000,Gewaltkriminalit t,5911000,Bochum,insg.,1593,1139,454,4,3,1,90,60,30,94,63,31,250,191,59,158,110,48,985,714,271,106,61,45,1091,775,316,2023
892000,Gewaltkriminalit t,5314000,Bonn,vers.,323,224,99,3,3,0,8,5,3,11,8,3,23,18,5,26,22,4,232,160,72,31,16,15,263,176,87,2023
892000,Gewaltkriminalit t,5314000,Bonn,voll.,1888,1353,535,13,5,8,357,260,97,370,265,105,385,267,118,174,121,53,875,644,231,84,56,28,959,700,259,2023
892000,Gewaltkriminalit t,5314000,Bonn,insg.,2211,1577,634,16,8,8,365,265,100,381,273,108,408,285,123,200,143,57,1107,804,303,115,72,43,1222,876,346,2023
892000,Gewaltkriminalit t,5512000,Bottrop,vers.,53,34,19,0,0,0,5,3,2,5,3,2,10,7,3,6,4,2,29,19,10,3,1,2,32,20,12,2023
892000,Gewaltkriminalit t,5512000,Bottrop,voll.,336,233,103,2,1,1,42,32,10,44,33,11,66,49,17,24,16,8,187,128,59,15,7,8,202,135,67,2023
892000,Gewaltkriminalit t,5512000,Bottrop,insg.,389,267,122,2,1,1,47,35,12,49,36,13,76,56,20,30,20,10,216,147,69,18,8,10,234,155,79,2023
892000,Gewaltkriminalit t,3101000,Braunschweig,vers.,166,115,51,0,0,0,14,9,5,14,9,5,10,6,4,19,14,5,110,77,33,13,9,4,123,86,37,2023
892000,Gewaltkriminalit t,3101000,Braunschweig,voll.,962,687,275,0,0,0,33,24,9,33,24,9,136,100,36,116,73,43,622,462,160,55,28,27,677,490,187,2023
892000,Gewaltkriminalit t,3101000,Braunschweig,insg.,1128,802,326,0,0,0,47,33,14,47,33,14,146,106,40,135,87,48,732,539,193,68,37,31,800,576,224,2023
892000,Gewaltkriminalit t,4011000,Bremen,vers.,671,461,210,4,1,3,21,15,6,25,16,9,60,51,9,46,37,9,478,323,155,62,34,28,540,357,183,2023
892000,Gewaltkriminalit t,4011000,Bremen,voll.,4189,3111,1078,11,7,4,137,90,47,148,97,51,438,327,111,425,314,111,2872,2178,694,306,195,111,3178,2373,805,2023
892000,Gewaltkriminalit t,4011000,Bremen,insg.,4860,3572,1288,15,8,7,158,105,53,173,113,60,498,378,120,471,351,120,3350,2501,849,368,229,139,3718,2730,988,2023
892000,Gewaltkriminalit t,4012000,Bremerhaven,vers.,98,66,32,0,0,0,4,4,0,4,4,0,12,11,1,5,2,3,67,44,23,10,5,5,77,49,28,2023
892000,Gewaltkriminalit t,4012000,Bremerhaven,voll.,749,514,235,3,1,2,52,47,5,55,48,7,58,38,20,64,36,28,531,365,166,41,27,14,572,392,180,2023
892000,Gewaltkriminalit t,4012000,Bremerhaven,insg.,847,580,267,3,1,2,56,51,5,59,52,7,70,49,21,69,38,31,598,409,189,51,32,19,649,441,208,2023
892000,Gewaltkriminalit t,14511000,Chemnitz,vers.,190,143,47,0,0,0,15,12,3,15,12,3,20,16,4,15,10,5,126,95,31,14,10,4,140,105,35,2023
892000,Gewaltkriminalit t,14511000,Chemnitz,voll.,946,701,245,5,3,2,64,45,19,69,48,21,109,69,40,98,75,23,629,488,141,41,21,20,670,509,161,2023
892000,Gewaltkriminalit t,14511000,Chemnitz,insg.,1136,844,292,5,3,2,79,57,22,84,60,24,129,85,44,113,85,28,755,583,172,55,31,24,810,614,196,2023
892000,Gewaltkriminalit t,6411000,Darmstadt,vers.,93,60,33,0,0,0,2,2,0,2,2,0,4,4,0,4,4,0,77,47,30,6,3,3,83,50,33,2023
892000,Gewaltkriminalit t,6411000,Darmstadt,voll.,620,440,180,2,1,1,26,19,7,28,20,8,69,46,23,54,33,21,446,327,119,23,14,9,469,341,128,2023
892000,Gewaltkriminalit t,6411000,Darmstadt,insg.,713,500,213,2,1,1,28,21,7,30,22,8,73,50,23,58,37,21,523,374,149,29,17,12,552,391,161,2023
892000,Gewaltkriminalit t,5913000,Dortmund,vers.,825,627,198,5,3,2,21,16,5,26,19,7,55,39,16,61,50,11,614,470,144,69,49,20,683,519,164,2023
892000,Gewaltkriminalit t,5913000,Dortmund,voll.,3475,2481,994,11,6,5,231,149,82,242,155,87,405,269,136,349,248,101,2299,1696,603,180,113,67,2479,1809,670,2023
892000,Gewaltkriminalit t,5913000,Dortmund,insg.,4300,3108,1192,16,9,7,252,165,87,268,174,94,460,308,152,410,298,112,2913,2166,747,249,162,87,3162,2328,834,2023
892000,Gewaltkriminalit t,14612000,Dresden,vers.,362,268,94,10,4,6,26,23,3,36,27,9,38,29,9,32,22,10,215,162,53,41,28,13,256,190,66,2023
892000,Gewaltkriminalit t,14612000,Dresden,voll.,1955,1493,462,4,2,2,106,91,15,110,93,17,326,262,64,187,153,34,1252,942,310,80,43,37,1332,985,347,2023
892000,Gewaltkriminalit t,14612000,Dresden,insg.,2317,1761,556,14,6,8,132,114,18,146,120,26,364,291,73,219,175,44,1467,1104,363,121,71,50,1588,1175,413,2023
892000,Gewaltkriminalit t,5112000,Duisburg,vers.,454,331,123,4,3,1,37,29,8,41,32,9,31,24,7,34,28,6,291,207,84,57,40,17,348,247,101,2023
892000,Gewaltkriminalit t,5112000,Duisburg,voll.,2102,1378,724,13,7,6,189,136,53,202,143,59,284,184,100,183,125,58,1288,838,450,145,88,57,1433,926,507,2023
892000,Gewaltkriminalit t,5112000,Duisburg,insg.,2556,1709,847,17,10,7,226,165,61,243,175,68,315,208,107,217,153,64,1579,1045,534,202,128,74,1781,1173,608,2023
892000,Gewaltkriminalit t,5111000,D sseldorf,vers.,624,448,176,2,0,2,27,21,6,29,21,8,60,48,12,53,37,16,430,314,116,52,28,24,482,342,140,2023
892000,Gewaltkriminalit t,5111000,D sseldorf,voll.,2924,2110,814,13,7,6,128,90,38,141,97,44,345,245,100,299,217,82,1985,1459,526,154,92,62,2139,1551,588,2023
892000,Gewaltkriminalit t,5111000,D sseldorf,insg.,3548,2558,990,15,7,8,155,111,44,170,118,52,405,293,112,352,254,98,2415,1773,642,206,120,86,2621,1893,728,2023
892000,Gewaltkriminalit t,16051000,Erfurt,vers.,205,148,57,1,1,0,17,11,6,18,12,6,31,26,5,19,14,5,122,90,32,15,6,9,137,96,41,2023
892000,Gewaltkriminalit t,16051000,Erfurt,voll.,724,548,176,4,4,0,53,37,16,57,41,16,84,69,15,85,63,22,468,351,117,30,24,6,498,375,123,2023
892000,Gewaltkriminalit t,16051000,Erfurt,insg.,929,696,233,5,5,0,70,48,22,75,53,22,115,95,20,104,77,27,590,441,149,45,30,15,635,471,164,2023
892000,Gewaltkriminalit t,9562000,Erlangen,vers.,42,22,20,0,0,0,0,0,0,0,0,0,3,0,3,5,2,3,30,18,12,4,2,2,34,20,14,2023
892000,Gewaltkriminalit t,9562000,Erlangen,voll.,191,140,51,1,1,0,3,2,1,4,3,1,23,18,5,25,18,7,130,95,35,9,6,3,139,101,38,2023
892000,Gewaltkriminalit t,9562000,Erlangen,insg.,233,162,71,1,1,0,3,2,1,4,3,1,26,18,8,30,20,10,160,113,47,13,8,5,173,121,52,2023
892000,Gewaltkriminalit t,5113000,Essen,vers.,488,333,155,8,5,3,29,25,4,37,30,7,49,38,11,38,23,15,325,219,106,39,23,16,364,242,122,2023
892000,Gewaltkriminalit t,5113000,Essen,voll.,2354,1554,800,16,13,3,177,109,68,193,122,71,321,210,111,204,116,88,1496,1034,462,140,72,68,1636,1106,530,2023
892000,Gewaltkriminalit t,5113000,Essen,insg.,2842,1887,955,24,18,6,206,134,72,230,152,78,370,248,122,242,139,103,1821,1253,568,179,95,84,2000,1348,652,2023
892000,Gewaltkriminalit t,6412000,Frankfurt am Main,vers.,725,543,182,2,1,1,23,19,4,25,20,5,50,38,12,44,33,11,556,425,131,50,27,23,606,452,154,2023
892000,Gewaltkriminalit t,6412000,Frankfurt am Main,voll.,4585,3489,1096,10,7,3,148,101,47,158,108,50,313,214,99,413,303,110,3461,2690,771,240,174,66,3701,2864,837,2023
892000,Gewaltkriminalit t,6412000,Frankfurt am Main,insg.,5310,4032,1278,12,8,4,171,120,51,183,128,55,363,252,111,457,336,121,4017,3115,902,290,201,89,4307,3316,991,2023
892000,Gewaltkriminalit t,8311000,Freiburg im Breisgau,vers.,165,122,43,1,1,0,5,5,0,6,6,0,12,12,0,22,17,5,111,82,29,14,5,9,125,87,38,2023
892000,Gewaltkriminalit t,8311000,Freiburg im Breisgau,voll.,795,625,170,2,1,1,14,5,9,16,6,10,42,29,13,89,73,16,613,497,116,35,20,15,648,517,131,2023
892000,Gewaltkriminalit t,8311000,Freiburg im Breisgau,insg.,960,747,213,3,2,1,19,10,9,22,12,10,54,41,13,111,90,21,724,579,145,49,25,24,773,604,169,2023
892000,Gewaltkriminalit t,9563000,F rth,vers.,47,31,16,1,0,1,3,3,0,4,3,1,2,1,1,5,3,2,36,24,12,0,0,0,36,24,12,2023
892000,Gewaltkriminalit t,9563000,F rth,voll.,229,146,83,2,0,2,14,10,4,16,10,6,23,14,9,26,18,8,154,99,55,10,5,5,164,104,60,2023
892000,Gewaltkriminalit t,9563000,F rth,insg.,276,177,99,3,0,3,17,13,4,20,13,7,25,15,10,31,21,10,190,123,67,10,5,5,200,128,72,2023
892000,Gewaltkriminalit t,5513000,Gelsenkirchen,vers.,342,269,73,4,2,2,63,59,4,67,61,6,45,41,4,17,11,6,182,132,50,31,24,7,213,156,57,2023
892000,Gewaltkriminalit t,5513000,Gelsenkirchen,voll.,1336,925,411,9,4,5,174,141,33,183,145,38,226,163,63,98,68,30,762,506,256,67,43,24,829,549,280,2023
892000,Gewaltkriminalit t,5513000,Gelsenkirchen,insg.,1678,1194,484,13,6,7,237,200,37,250,206,44,271,204,67,115,79,36,944,638,306,98,67,31,1042,705,337,2023
892000,Gewaltkriminalit t,3159016,G ttingen,vers.,119,77,42,0,0,0,9,5,4,9,5,4,4,1,3,5,4,1,96,64,32,5,3,2,101,67,34,2023
892000,Gewaltkriminalit t,3159016,G ttingen,voll.,468,329,139,1,0,1,24,16,8,25,16,9,36,24,12,42,23,19,342,245,97,23,21,2,365,266,99,2023
892000,Gewaltkriminalit t,3159016,G ttingen,insg.,587,406,181,1,0,1,33,21,12,34,21,13,40,25,15,47,27,20,438,309,129,28,24,4,466,333,133,2023
892000,Gewaltkriminalit t,5754008,G tersloh,vers.,73,44,29,1,1,0,2,2,0,3,3,0,7,4,3,2,1,1,59,35,24,2,1,1,61,36,25,2023
892000,Gewaltkriminalit t,5754008,G tersloh,voll.,275,180,95,0,0,0,16,13,3,16,13,3,23,16,7,23,19,4,194,117,77,19,15,4,213,132,81,2023
892000,Gewaltkriminalit t,5754008,G tersloh,insg.,348,224,124,1,1,0,18,15,3,19,16,3,30,20,10,25,20,5,253,152,101,21,16,5,274,168,106,2023
892000,Gewaltkriminalit t,5914000,Hagen,vers.,178,108,70,3,0,3,15,8,7,18,8,10,19,14,5,25,18,7,104,61,43,12,7,5,116,68,48,2023
892000,Gewaltkriminalit t,5914000,Hagen,voll.,754,507,247,8,5,3,67,33,34,75,38,37,111,81,30,71,49,22,454,310,144,43,29,14,497,339,158,2023
892000,Gewaltkriminalit t,5914000,Hagen,insg.,932,615,317,11,5,6,82,41,41,93,46,47,130,95,35,96,67,29,558,371,187,55,36,19,613,407,206,2023
892000,Gewaltkriminalit t,15002000,Halle (Saale),vers.,306,223,83,1,0,1,28,19,9,29,19,10,33,31,2,24,20,4,205,144,61,15,9,6,220,153,67,2023
892000,Gewaltkriminalit t,15002000,Halle (Saale),voll.,1176,879,297,2,0,2,110,83,27,112,83,29,181,127,54,134,104,30,709,541,168,40,24,16,749,565,184,2023
892000,Gewaltkriminalit t,15002000,Halle (Saale),insg.,1482,1102,380,3,0,3,138,102,36,141,102,39,214,158,56,158,124,34,914,685,229,55,33,22,969,718,251,2023
892000,Gewaltkriminalit t,2000000,Hamburg,vers.,1357,998,359,10,5,5,85,66,19,95,71,24,102,83,19,79,63,16,1008,745,263,73,36,37,1081,781,300,2023
892000,Gewaltkriminalit t,2000000,Hamburg,voll.,8119,6071,2048,27,12,15,485,341,144,512,353,159,787,571,216,677,501,176,5738,4388,1350,405,258,147,6143,4646,1497,2023
892000,Gewaltkriminalit t,2000000,Hamburg,insg.,9476,7069,2407,37,17,20,570,407,163,607,424,183,889,654,235,756,564,192,6746,5133,1613,478,294,184,7224,5427,1797,2023
892000,Gewaltkriminalit t,5915000,Hamm,vers.,179,129,50,0,0,0,12,9,3,12,9,3,13,12,1,23,17,6,113,80,33,18,11,7,131,91,40,2023
892000,Gewaltkriminalit t,5915000,Hamm,voll.,728,524,204,2,1,1,41,31,10,43,32,11,107,79,28,57,36,21,481,352,129,40,25,15,521,377,144,2023
892000,Gewaltkriminalit t,5915000,Hamm,insg.,907,653,254,2,1,1,53,40,13,55,41,14,120,91,29,80,53,27,594,432,162,58,36,22,652,468,184,2023
892000,Gewaltkriminalit t,6435014,Hanau,vers.,43,28,15,0,0,0,2,1,1,2,1,1,0,0,0,3,3,0,29,17,12,9,7,2,38,24,14,2023
892000,Gewaltkriminalit t,6435014,Hanau,voll.,254,155,99,0,0,0,14,8,6,14,8,6,22,12,10,17,12,5,185,115,70,16,8,8,201,123,78,2023
892000,Gewaltkriminalit t,6435014,Hanau,insg.,297,183,114,0,0,0,16,9,7,16,9,7,22,12,10,20,15,5,214,132,82,25,15,10,239,147,92,2023
892000,Gewaltkriminalit t,3241001,Hannover,vers.,618,455,163,4,1,3,34,26,8,38,27,11,56,42,14,42,28,14,441,332,109,41,26,15,482,358,124,2023
892000,Gewaltkriminalit t,3241001,Hannover,voll.,3576,2733,843,10,3,7,165,131,34,175,134,41,426,309,117,309,236,73,2488,1947,541,178,107,71,2666,2054,612,2023
892000,Gewaltkriminalit t,3241001,Hannover,insg.,4194,3188,1006,14,4,10,199,157,42,213,161,52,482,351,131,351,264,87,2929,2279,650,219,133,86,3148,2412,736,2023
892000,Gewaltkriminalit t,8221000,Heidelberg,vers.,93,73,20,0,0,0,1,0,1,1,0,1,9,5,4,10,7,3,67,57,10,6,4,2,73,61,12,2023
892000,Gewaltkriminalit t,8221000,Heidelberg,voll.,584,463,121,1,1,0,6,3,3,7,4,3,73,44,29,78,62,16,410,340,70,16,13,3,426,353,73,2023
892000,Gewaltkriminalit t,8221000,Heidelberg,insg.,677,536,141,1,1,0,7,3,4,8,4,4,82,49,33,88,69,19,477,397,80,22,17,5,499,414,85,2023
892000,Gewaltkriminalit t,8121000,Heilbronn,vers.,61,40,21,0,0,0,1,1,0,1,1,0,5,3,2,7,7,0,45,29,16,3,0,3,48,29,19,2023
892000,Gewaltkriminalit t,8121000,Heilbronn,voll.,514,347,167,1,1,0,21,7,14,22,8,14,45,29,16,58,36,22,378,268,110,11,6,5,389,274,115,2023
892000,Gewaltkriminalit t,8121000,Heilbronn,insg.,575,387,188,1,1,0,22,8,14,23,9,14,50,32,18,65,43,22,423,297,126,14,6,8,437,303,134,2023
892000,Gewaltkriminalit t,5916000,Herne,vers.,93,54,39,2,1,1,3,2,1,5,3,2,10,8,2,5,4,1,67,37,30,6,2,4,73,39,34,2023
892000,Gewaltkriminalit t,5916000,Herne,voll.,474,316,158,2,2,0,43,29,14,45,31,14,70,45,25,53,39,14,274,186,88,32,15,17,306,201,105,2023
892000,Gewaltkriminalit t,5916000,Herne,insg.,567,370,197,4,3,1,46,31,15,50,34,16,80,53,27,58,43,15,341,223,118,38,17,21,379,240,139,2023
892000,Gewaltkriminalit t,3254021,Hildesheim,vers.,96,75,21,0,0,0,5,4,1,5,4,1,19,16,3,3,3,0,64,47,17,5,5,0,69,52,17,2023
892000,Gewaltkriminalit t,3254021,Hildesheim,voll.,384,264,120,3,1,2,35,28,7,38,29,9,60,36,24,25,17,8,243,170,73,18,12,6,261,182,79,2023
892000,Gewaltkriminalit t,3254021,Hildesheim,insg.,480,339,141,3,1,2,40,32,8,43,33,10,79,52,27,28,20,8,307,217,90,23,17,6,330,234,96,2023
892000,Gewaltkriminalit t,9161000,Ingolstadt,vers.,128,92,36,0,0,0,8,7,1,8,7,1,12,9,3,6,4,2,94,66,28,8,6,2,102,72,30,2023
892000,Gewaltkriminalit t,9161000,Ingolstadt,voll.,443,324,119,2,1,1,16,14,2,18,15,3,69,50,19,59,42,17,283,208,75,14,9,5,297,217,80,2023
892000,Gewaltkriminalit t,9161000,Ingolstadt,insg.,571,416,155,2,1,1,24,21,3,26,22,4,81,59,22,65,46,19,377,274,103,22,15,7,399,289,110,2023
892000,Gewaltkriminalit t,16053000,Jena,vers.,60,43,17,1,0,1,4,4,0,5,4,1,8,8,0,2,1,1,33,24,9,12,6,6,45,30,15,2023
892000,Gewaltkriminalit t,16053000,Jena,voll.,214,156,58,2,2,0,7,6,1,9,8,1,17,14,3,25,14,11,155,116,39,8,4,4,163,120,43,2023
892000,Gewaltkriminalit t,16053000,Jena,insg.,274,199,75,3,2,1,11,10,1,14,12,2,25,22,3,27,15,12,188,140,48,20,10,10,208,150,58,2023
892000,Gewaltkriminalit t,7312000,Kaiserslautern,vers.,111,81,30,1,1,0,6,3,3,7,4,3,8,5,3,14,12,2,72,53,19,10,7,3,82,60,22,2023
892000,Gewaltkriminalit t,7312000,Kaiserslautern,voll.,446,310,136,2,1,1,20,13,7,22,14,8,45,34,11,62,45,17,296,202,94,21,15,6,317,217,100,2023
892000,Gewaltkriminalit t,7312000,Kaiserslautern,insg.,557,391,166,3,2,1,26,16,10,29,18,11,53,39,14,76,57,19,368,255,113,31,22,9,399,277,122,2023
892000,Gewaltkriminalit t,8212000,Karlsruhe,vers.,163,106,57,3,2,1,10,5,5,13,7,6,13,8,5,17,12,5,112,73,39,8,6,2,120,79,41,2023
892000,Gewaltkriminalit t,8212000,Karlsruhe,voll.,961,670,291,5,4,1,38,34,4,43,38,5,82,50,32,105,75,30,673,478,195,58,29,29,731,507,224,2023
892000,Gewaltkriminalit t,8212000,Karlsruhe,insg.,1124,776,348,8,6,2,48,39,9,56,45,11,95,58,37,122,87,35,785,551,234,66,35,31,851,586,265,2023
892000,Gewaltkriminalit t,6611000,Kassel,vers.,178,123,55,4,3,1,5,4,1,9,7,2,11,5,6,16,12,4,132,94,38,10,5,5,142,99,43,2023
892000,Gewaltkriminalit t,6611000,Kassel,voll.,1095,775,320,7,4,3,33,21,12,40,25,15,98,61,37,120,87,33,783,567,216,54,35,19,837,602,235,2023
892000,Gewaltkriminalit t,6611000,Kassel,insg.,1273,898,375,11,7,4,38,25,13,49,32,17,109,66,43,136,99,37,915,661,254,64,40,24,979,701,278,2023
892000,Gewaltkriminalit t,1002000,Kiel,vers.,119,76,43,2,0,2,3,0,3,5,0,5,14,13,1,12,9,3,81,50,31,7,4,3,88,54,34,2023
892000,Gewaltkriminalit t,1002000,Kiel,voll.,977,762,215,0,0,0,39,30,9,39,30,9,157,129,28,93,61,32,657,517,140,31,25,6,688,542,146,2023
892000,Gewaltkriminalit t,1002000,Kiel,insg.,1096,838,258,2,0,2,42,30,12,44,30,14,171,142,29,105,70,35,738,567,171,38,29,9,776,596,180,2023
892000,Gewaltkriminalit t,7111000,Koblenz,vers.,107,66,41,0,0,0,4,3,1,4,3,1,16,13,3,5,1,4,69,41,28,13,8,5,82,49,33,2023
892000,Gewaltkriminalit t,7111000,Koblenz,voll.,457,335,122,0,0,0,21,18,3,21,18,3,80,64,16,50,36,14,284,203,81,22,14,8,306,217,89,2023
892000,Gewaltkriminalit t,7111000,Koblenz,insg.,564,401,163,0,0,0,25,21,4,25,21,4,96,77,19,55,37,18,353,244,109,35,22,13,388,266,122,2023
892000,Gewaltkriminalit t,5315000,K ln,vers.,1221,852,369,3,2,1,66,55,11,69,57,12,100,68,32,87,56,31,847,590,257,118,81,37,965,671,294,2023
892000,Gewaltkriminalit t,5315000,K ln,voll.,5881,4159,1722,35,18,17,271,165,106,306,183,123,590,404,186,639,445,194,3975,2880,1095,371,247,124,4346,3127,1219,2023
892000,Gewaltkriminalit t,5315000,K ln,insg.,7102,5011,2091,38,20,18,337,220,117,375,240,135,690,472,218,726,501,225,4822,3470,1352,489,328,161,5311,3798,1513,2023
892000,Gewaltkriminalit t,5114000,Krefeld,vers.,147,95,52,1,0,1,9,7,2,10,7,3,20,18,2,6,4,2,95,58,37,16,8,8,111,66,45,2023
892000,Gewaltkriminalit t,5114000,Krefeld,voll.,911,625,286,2,2,0,61,44,17,63,46,17,139,89,50,113,80,33,543,376,167,53,34,19,596,410,186,2023
892000,Gewaltkriminalit t,5114000,Krefeld,insg.,1058,720,338,3,2,1,70,51,19,73,53,20,159,107,52,119,84,35,638,434,204,69,42,27,707,476,231,2023
892000,Gewaltkriminalit t,14713000,Leipzig,vers.,510,351,159,4,3,1,38,27,11,42,30,12,44,29,15,41,29,12,353,243,110,30,20,10,383,263,120,2023
892000,Gewaltkriminalit t,14713000,Leipzig,voll.,2479,1872,607,16,10,6,116,88,28,132,98,34,284,220,64,244,189,55,1722,1303,419,97,62,35,1819,1365,454,2023
892000,Gewaltkriminalit t,14713000,Leipzig,insg.,2989,2223,766,20,13,7,154,115,39,174,128,46,328,249,79,285,218,67,2075,1546,529,127,82,45,2202,1628,574,2023
892000,Gewaltkriminalit t,5316000,Leverkusen,vers.,153,118,35,0,0,0,12,8,4,12,8,4,12,9,3,10,8,2,75,56,19,44,37,7,119,93,26,2023
892000,Gewaltkriminalit t,5316000,Leverkusen,voll.,422,275,147,2,2,0,43,24,19,45,26,19,71,49,22,45,30,15,235,155,80,26,15,11,261,170,91,2023
892000,Gewaltkriminalit t,5316000,Leverkusen,insg.,575,393,182,2,2,0,55,32,23,57,34,23,83,58,25,55,38,17,310,211,99,70,52,18,380,263,117,2023
892000,Gewaltkriminalit t,1003000,L beck,vers.,173,111,62,1,1,0,10,7,3,11,8,3,18,15,3,15,12,3,115,70,45,14,6,8,129,76,53,2023
892000,Gewaltkriminalit t,1003000,L beck,voll.,819,598,221,2,2,0,30,21,9,32,23,9,83,53,30,83,61,22,576,429,147,45,32,13,621,461,160,2023
892000,Gewaltkriminalit t,1003000,L beck,insg.,992,709,283,3,3,0,40,28,12,43,31,12,101,68,33,98,73,25,691,499,192,59,38,21,750,537,213,2023
892000,Gewaltkriminalit t,7314000,Ludwigshafen am Rhein,vers.,126,86,40,2,1,1,12,12,0,14,13,1,10,7,3,12,9,3,87,54,33,3,3,0,90,57,33,2023
892000,Gewaltkriminalit t,7314000,Ludwigshafen am Rhein,voll.,806,532,274,3,2,1,83,52,31,86,54,32,100,70,30,63,43,20,517,341,176,40,24,16,557,365,192,2023
892000,Gewaltkriminalit t,7314000,Ludwigshafen am Rhein,insg.,932,618,314,5,3,2,95,64,31,100,67,33,110,77,33,75,52,23,604,395,209,43,27,16,647,422,225,2023
892000,Gewaltkriminalit t,15003000,Magdeburg,vers.,265,186,79,2,2,0,13,7,6,15,9,6,29,20,9,29,20,9,177,127,50,15,10,5,192,137,55,2023
892000,Gewaltkriminalit t,15003000,Magdeburg,voll.,1129,801,328,3,1,2,85,45,40,88,46,42,121,83,38,100,77,23,768,565,203,52,30,22,820,595,225,2023
892000,Gewaltkriminalit t,15003000,Magdeburg,insg.,1394,987,407,5,3,2,98,52,46,103,55,48,150,103,47,129,97,32,945,692,253,67,40,27,1012,732,280,2023
892000,Gewaltkriminalit t,7315000,Mainz,vers.,116,84,32,0,0,0,2,1,1,2,1,1,7,5,2,10,7,3,90,65,25,7,6,1,97,71,26,2023
892000,Gewaltkriminalit t,7315000,Mainz,voll.,716,530,186,1,1,0,31,20,11,32,21,11,101,68,33,65,52,13,484,369,115,34,20,14,518,389,129,2023
892000,Gewaltkriminalit t,7315000,Mainz,insg.,832,614,218,1,1,0,33,21,12,34,22,12,108,73,35,75,59,16,574,434,140,41,26,15,615,460,155,2023
892000,Gewaltkriminalit t,8222000,Mannheim,vers.,133,95,38,0,0,0,3,2,1,3,2,1,5,4,1,13,12,1,100,69,31,12,8,4,112,77,35,2023
892000,Gewaltkriminalit t,8222000,Mannheim,voll.,1082,790,292,6,3,3,33,24,9,39,27,12,133,99,34,99,65,34,747,555,192,64,44,20,811,599,212,2023
892000,Gewaltkriminalit t,8222000,Mannheim,insg.,1215,885,330,6,3,3,36,26,10,42,29,13,138,103,35,112,77,35,847,624,223,76,52,24,923,676,247,2023
892000,Gewaltkriminalit t,5170024,Moers,vers.,58,35,23,1,1,0,5,4,1,6,5,1,7,5,2,4,4,0,27,17,10,14,4,10,41,21,20,2023
892000,Gewaltkriminalit t,5170024,Moers,voll.,272,173,99,2,0,2,17,8,9,19,8,11,54,44,10,26,15,11,158,95,63,15,11,4,173,106,67,2023
892000,Gewaltkriminalit t,5170024,Moers,insg.,330,208,122,3,1,2,22,12,10,25,13,12,61,49,12,30,19,11,185,112,73,29,15,14,214,127,87,2023
892000,Gewaltkriminalit t,5116000,M nchengladbach,vers.,246,181,65,3,2,1,16,13,3,19,15,4,25,21,4,22,15,7,162,117,45,18,13,5,180,130,50,2023
892000,Gewaltkriminalit t,5116000,M nchengladbach,voll.,1189,837,352,4,1,3,78,53,25,82,54,28,142,116,26,102,70,32,792,554,238,71,43,28,863,597,266,2023
892000,Gewaltkriminalit t,5116000,M nchengladbach,insg.,1435,1018,417,7,3,4,94,66,28,101,69,32,167,137,30,124,85,39,954,671,283,89,56,33,1043,727,316,2023
892000,Gewaltkriminalit t,5117000,M lheim an der Ruhr,vers.,127,76,51,3,2,1,8,7,1,11,9,2,8,6,2,10,6,4,84,49,35,14,6,8,98,55,43,2023
892000,Gewaltkriminalit t,5117000,M lheim an der Ruhr,voll.,411,253,158,2,0,2,36,24,12,38,24,14,68,46,22,41,24,17,237,141,96,27,18,9,264,159,105,2023
892000,Gewaltkriminalit t,5117000,M lheim an der Ruhr,insg.,538,329,209,5,2,3,44,31,13,49,33,16,76,52,24,51,30,21,321,190,131,41,24,17,362,214,148,2023
892000,Gewaltkriminalit t,9162000,M nchen,vers.,985,712,273,5,3,2,35,28,7,40,31,9,62,47,15,56,46,10,749,537,212,78,51,27,827,588,239,2023
892000,Gewaltkriminalit t,9162000,M nchen,voll.,4387,3097,1290,17,6,11,182,113,69,199,119,80,463,326,137,472,319,153,3053,2221,832,200,112,88,3253,2333,920,2023
892000,Gewaltkriminalit t,9162000,M nchen,insg.,5372,3809,1563,22,9,13,217,141,76,239,150,89,525,373,152,528,365,163,3802,2758,1044,278,163,115,4080,2921,1159,2023
892000,Gewaltkriminalit t,5515000,M nster,vers.,260,178,82,1,1,0,6,5,1,7,6,1,16,10,6,12,9,3,198,137,61,27,16,11,225,153,72,2023
892000,Gewaltkriminalit t,5515000,M nster,voll.,1237,893,344,4,0,4,48,33,15,52,33,19,133,86,47,148,101,47,854,637,217,50,36,14,904,673,231,2023
892000,Gewaltkriminalit t,5515000,M nster,insg.,1497,1071,426,5,1,4,54,38,16,59,39,20,149,96,53,160,110,50,1052,774,278,77,52,25,1129,826,303,2023
892000,Gewaltkriminalit t,5162024,Neuss,vers.,103,71,32,2,1,1,10,7,3,12,8,4,7,4,3,3,1,2,72,53,19,9,5,4,81,58,23,2023
892000,Gewaltkriminalit t,5162024,Neuss,voll.,460,332,128,2,2,0,19,13,6,21,15,6,50,39,11,38,25,13,315,228,87,36,25,11,351,253,98,2023
892000,Gewaltkriminalit t,5162024,Neuss,insg.,563,403,160,4,3,1,29,20,9,33,23,10,57,43,14,41,26,15,387,281,106,45,30,15,432,311,121,2023
892000,Gewaltkriminalit t,9564000,N rnberg,vers.,374,277,97,0,0,0,21,19,2,21,19,2,18,13,5,37,26,11,280,209,71,18,10,8,298,219,79,2023
892000,Gewaltkriminalit t,9564000,N rnberg,voll.,1579,1117,462,7,6,1,80,47,33,87,53,34,182,107,75,178,122,56,1058,788,270,74,47,27,1132,835,297,2023
892000,Gewaltkriminalit t,9564000,N rnberg,insg.,1953,1394,559,7,6,1,101,66,35,108,72,36,200,120,80,215,148,67,1338,997,341,92,57,35,1430,1054,376,2023
892000,Gewaltkriminalit t,5119000,Oberhausen,vers.,170,122,48,0,0,0,28,25,3,28,25,3,25,16,9,10,6,4,84,57,27,23,18,5,107,75,32,2023
892000,Gewaltkriminalit t,5119000,Oberhausen,voll.,842,570,272,6,4,2,73,52,21,79,56,23,136,108,28,81,54,27,498,325,173,48,27,21,546,352,194,2023
892000,Gewaltkriminalit t,5119000,Oberhausen,insg.,1012,692,320,6,4,2,101,77,24,107,81,26,161,124,37,91,60,31,582,382,200,71,45,26,653,427,226,2023
892000,Gewaltkriminalit t,6413000,Offenbach am Main,vers.,52,36,16,0,0,0,5,4,1,5,4,1,4,4,0,3,2,1,35,24,11,5,2,3,40,26,14,2023
892000,Gewaltkriminalit t,6413000,Offenbach am Main,voll.,411,292,119,2,0,2,31,23,8,33,23,10,44,27,17,23,15,8,282,207,75,29,20,9,311,227,84,2023
892000,Gewaltkriminalit t,6413000,Offenbach am Main,insg.,463,328,135,2,0,2,36,27,9,38,27,11,48,31,17,26,17,9,317,231,86,34,22,12,351,253,98,2023
892000,Gewaltkriminalit t,3403000,Oldenburg (Oldenburg),vers.,94,72,22,1,0,1,4,4,0,5,4,1,2,1,1,6,6,0,70,54,16,11,7,4,81,61,20,2023
892000,Gewaltkriminalit t,3403000,Oldenburg (Oldenburg),voll.,545,393,152,7,5,2,25,20,5,32,25,7,71,54,17,66,53,13,352,247,105,24,14,10,376,261,115,2023
892000,Gewaltkriminalit t,3403000,Oldenburg (Oldenburg),insg.,639,465,174,8,5,3,29,24,5,37,29,8,73,55,18,72,59,13,422,301,121,35,21,14,457,322,135,2023
892000,Gewaltkriminalit t,3404000,Osnabr ck,vers.,121,83,38,1,0,1,1,0,1,2,0,2,11,6,5,15,9,6,89,66,23,4,2,2,93,68,25,2023
892000,Gewaltkriminalit t,3404000,Osnabr ck,voll.,879,641,238,0,0,0,38,26,12,38,26,12,98,62,36,87,57,30,615,467,148,41,29,12,656,496,160,2023
892000,Gewaltkriminalit t,3404000,Osnabr ck,insg.,1000,724,276,1,0,1,39,26,13,40,26,14,109,68,41,102,66,36,704,533,171,45,31,14,749,564,185,2023
892000,Gewaltkriminalit t,5774032,Paderborn,vers.,108,81,27,2,2,0,7,3,4,9,5,4,8,4,4,9,8,1,70,58,12,12,6,6,82,64,18,2023
892000,Gewaltkriminalit t,5774032,Paderborn,voll.,588,422,166,1,1,0,22,13,9,23,14,9,64,37,27,70,53,17,402,299,103,29,19,10,431,318,113,2023
892000,Gewaltkriminalit t,5774032,Paderborn,insg.,696,503,193,3,3,0,29,16,13,32,19,13,72,41,31,79,61,18,472,357,115,41,25,16,513,382,131,2023
892000,Gewaltkriminalit t,8231000,Pforzheim,vers.,86,49,37,1,1,0,2,0,2,3,1,2,7,3,4,10,8,2,62,34,28,4,3,1,66,37,29,2023
892000,Gewaltkriminalit t,8231000,Pforzheim,voll.,528,358,170,5,4,1,19,13,6,24,17,7,53,36,17,56,37,19,370,254,116,25,14,11,395,268,127,2023
892000,Gewaltkriminalit t,8231000,Pforzheim,insg.,614,407,207,6,5,1,21,13,8,27,18,9,60,39,21,66,45,21,432,288,144,29,17,12,461,305,156,2023
892000,Gewaltkriminalit t,12054000,Potsdam,vers.,84,58,26,0,0,0,5,5,0,5,5,0,8,5,3,4,3,1,59,41,18,8,4,4,67,45,22,2023
892000,Gewaltkriminalit t,12054000,Potsdam,voll.,423,294,129,3,2,1,32,18,14,35,20,15,51,36,15,43,29,14,270,196,74,24,13,11,294,209,85,2023
892000,Gewaltkriminalit t,12054000,Potsdam,insg.,507,352,155,3,2,1,37,23,14,40,25,15,59,41,18,47,32,15,329,237,92,32,17,15,361,254,107,2023
892000,Gewaltkriminalit t,5562032,Recklinghausen,vers.,84,63,21,1,1,0,7,7,0,8,8,0,5,4,1,6,5,1,58,42,16,7,4,3,65,46,19,2023
892000,Gewaltkriminalit t,5562032,Recklinghausen,voll.,369,234,135,3,2,1,22,16,6,25,18,7,44,23,21,34,24,10,244,156,88,22,13,9,266,169,97,2023
892000,Gewaltkriminalit t,5562032,Recklinghausen,insg.,453,297,156,4,3,1,29,23,6,33,26,7,49,27,22,40,29,11,302,198,104,29,17,12,331,215,116,2023
892000,Gewaltkriminalit t,9362000,Regensburg,vers.,107,71,36,0,0,0,1,1,0,1,1,0,3,3,0,10,6,4,91,61,30,2,0,2,93,61,32,2023
892000,Gewaltkriminalit t,9362000,Regensburg,voll.,548,410,138,0,0,0,22,11,11,22,11,11,51,37,14,65,41,24,390,311,79,20,10,10,410,321,89,2023
892000,Gewaltkriminalit t,9362000,Regensburg,insg.,655,481,174,0,0,0,23,12,11,23,12,11,54,40,14,75,47,28,481,372,109,22,10,12,503,382,121,2023
892000,Gewaltkriminalit t,5120000,Remscheid,vers.,76,46,30,0,0,0,4,4,0,4,4,0,9,7,2,1,0,1,56,32,24,6,3,3,62,35,27,2023
892000,Gewaltkriminalit t,5120000,Remscheid,voll.,288,186,102,4,3,1,16,9,7,20,12,8,50,33,17,39,23,16,163,106,57,16,12,4,179,118,61,2023
892000,Gewaltkriminalit t,5120000,Remscheid,insg.,364,232,132,4,3,1,20,13,7,24,16,8,59,40,19,40,23,17,219,138,81,22,15,7,241,153,88,2023
892000,Gewaltkriminalit t,8415061,Reutlingen,vers.,87,66,21,0,0,0,2,1,1,2,1,1,9,8,1,6,4,2,63,48,15,7,5,2,70,53,17,2023
892000,Gewaltkriminalit t,8415061,Reutlingen,voll.,383,259,124,0,0,0,17,9,8,17,9,8,41,23,18,27,22,5,278,194,84,20,11,9,298,205,93,2023
892000,Gewaltkriminalit t,8415061,Reutlingen,insg.,470,325,145,0,0,0,19,10,9,19,10,9,50,31,19,33,26,7,341,242,99,27,16,11,368,258,110,2023
892000,Gewaltkriminalit t,13003000,"Rostock, Hanse- und Universit tsstadt",vers.,164,111,53,0,0,0,23,16,7,23,16,7,20,13,7,12,12,0,102,66,36,7,4,3,109,70,39,2023
892000,Gewaltkriminalit t,13003000,"Rostock, Hanse- und Universit tsstadt",voll.,697,503,194,2,2,0,67,49,18,69,51,18,93,66,27,74,58,16,424,310,114,37,18,19,461,328,133,2023
892000,Gewaltkriminalit t,13003000,"Rostock, Hanse- und Universit tsstadt",insg.,861,614,247,2,2,0,90,65,25,92,67,25,113,79,34,86,70,16,526,376,150,44,22,22,570,398,172,2023
892000,Gewaltkriminalit t,10041100,Saarbr cken,vers.,170,120,50,1,1,0,13,9,4,14,10,4,10,7,3,14,11,3,111,75,36,21,17,4,132,92,40,2023
892000,Gewaltkriminalit t,10041100,Saarbr cken,voll.,987,733,254,4,3,1,48,28,20,52,31,21,91,60,31,96,74,22,691,530,161,57,38,19,748,568,180,2023
892000,Gewaltkriminalit t,10041100,Saarbr cken,insg.,1157,853,304,5,4,1,61,37,24,66,41,25,101,67,34,110,85,25,802,605,197,78,55,23,880,660,220,2023
892000,Gewaltkriminalit t,3102000,Salzgitter,vers.,48,26,22,1,0,1,5,4,1,6,4,2,0,0,0,4,3,1,35,17,18,3,2,1,38,19,19,2023
892000,Gewaltkriminalit t,3102000,Salzgitter,voll.,341,214,127,1,1,0,32,22,10,33,23,10,53,31,22,29,19,10,205,128,77,21,13,8,226,141,85,2023
892000,Gewaltkriminalit t,3102000,Salzgitter,insg.,389,240,149,2,1,1,37,26,11,39,27,12,53,31,22,33,22,11,240,145,95,24,15,9,264,160,104,2023
892000,Gewaltkriminalit t,13004000,Schwerin,vers.,123,84,39,2,2,0,9,3,6,11,5,6,15,8,7,9,7,2,82,61,21,6,3,3,88,64,24,2023
892000,Gewaltkriminalit t,13004000,Schwerin,voll.,513,371,142,4,2,2,47,37,10,51,39,12,54,35,19,57,44,13,336,247,89,15,6,9,351,253,98,2023
892000,Gewaltkriminalit t,13004000,Schwerin,insg.,636,455,181,6,4,2,56,40,16,62,44,18,69,43,26,66,51,15,418,308,110,21,9,12,439,317,122,2023
892000,Gewaltkriminalit t,5970040,Siegen,vers.,78,54,24,0,0,0,4,3,1,4,3,1,5,3,2,11,9,2,54,35,19,4,4,0,58,39,19,2023
892000,Gewaltkriminalit t,5970040,Siegen,voll.,418,294,124,0,0,0,21,14,7,21,14,7,40,26,14,43,29,14,296,213,83,18,12,6,314,225,89,2023
892000,Gewaltkriminalit t,5970040,Siegen,insg.,496,348,148,0,0,0,25,17,8,25,17,8,45,29,16,54,38,16,350,248,102,22,16,6,372,264,108,2023
892000,Gewaltkriminalit t,5122000,Solingen,vers.,122,85,37,2,1,1,14,13,1,16,14,2,15,12,3,9,9,0,64,40,24,18,10,8,82,50,32,2023
892000,Gewaltkriminalit t,5122000,Solingen,voll.,474,312,162,5,2,3,53,33,20,58,35,23,66,48,18,36,27,9,289,187,102,25,15,10,314,202,112,2023
892000,Gewaltkriminalit t,5122000,Solingen,insg.,596,397,199,7,3,4,67,46,21,74,49,25,81,60,21,45,36,9,353,227,126,43,25,18,396,252,144,2023
892000,Gewaltkriminalit t,8111000,Stuttgart,vers.,556,435,121,0,0,0,18,14,4,18,14,4,22,14,8,34,24,10,459,365,94,23,18,5,482,383,99,2023
892000,Gewaltkriminalit t,8111000,Stuttgart,voll.,2555,1939,616,5,2,3,91,69,22,96,71,25,198,148,50,246,174,72,1907,1469,438,108,77,31,2015,1546,469,2023
892000,Gewaltkriminalit t,8111000,Stuttgart,insg.,3111,2374,737,5,2,3,109,83,26,114,85,29,220,162,58,280,198,82,2366,1834,532,131,95,36,2497,1929,568,2023
892000,Gewaltkriminalit t,7211000,Trier,vers.,75,47,28,1,1,0,3,0,3,4,1,3,0,0,0,9,8,1,58,36,22,4,2,2,62,38,24,2023
892000,Gewaltkriminalit t,7211000,Trier,voll.,395,288,107,1,1,0,9,4,5,10,5,5,24,15,9,39,28,11,312,233,79,10,7,3,322,240,82,2023
892000,Gewaltkriminalit t,7211000,Trier,insg.,470,335,135,2,2,0,12,4,8,14,6,8,24,15,9,48,36,12,370,269,101,14,9,5,384,278,106,2023
892000,Gewaltkriminalit t,8421000,Ulm,vers.,81,48,33,0,0,0,1,1,0,1,1,0,7,5,2,7,4,3,60,36,24,6,2,4,66,38,28,2023
892000,Gewaltkriminalit t,8421000,Ulm,voll.,456,322,134,0,0,0,15,7,8,15,7,8,58,32,26,36,24,12,334,250,84,13,9,4,347,259,88,2023
892000,Gewaltkriminalit t,8421000,Ulm,insg.,537,370,167,0,0,0,16,8,8,16,8,8,65,37,28,43,28,15,394,286,108,19,11,8,413,297,116,2023
892000,Gewaltkriminalit t,6414000,Wiesbaden,vers.,156,102,54,1,1,0,16,8,8,17,9,8,18,14,4,8,8,0,99,63,36,14,8,6,113,71,42,2023
892000,Gewaltkriminalit t,6414000,Wiesbaden,voll.,1003,672,331,4,3,1,63,44,19,67,47,20,146,99,47,82,50,32,661,447,214,47,29,18,708,476,232,2023
892000,Gewaltkriminalit t,6414000,Wiesbaden,insg.,1159,774,385,5,4,1,79,52,27,84,56,28,164,113,51,90,58,32,760,510,250,61,37,24,821,547,274,2023
892000,Gewaltkriminalit t,3103000,Wolfsburg,vers.,49,27,22,0,0,0,3,2,1,3,2,1,1,1,0,6,4,2,36,18,18,3,2,1,39,20,19,2023
892000,Gewaltkriminalit t,3103000,Wolfsburg,voll.,363,231,132,2,0,2,11,7,4,13,7,6,37,23,14,28,14,14,260,169,91,25,18,7,285,187,98,2023
892000,Gewaltkriminalit t,3103000,Wolfsburg,insg.,412,258,154,2,0,2,14,9,5,16,9,7,38,24,14,34,18,16,296,187,109,28,20,8,324,207,117,2023
892000,Gewaltkriminalit t,5124000,Wuppertal,vers.,350,227,123,1,0,1,28,23,5,29,23,6,21,14,7,37,20,17,233,151,82,30,19,11,263,170,93,2023
892000,Gewaltkriminalit t,5124000,Wuppertal,voll.,1419,909,510,11,6,5,105,74,31,116,80,36,194,120,74,137,74,63,872,572,300,100,63,37,972,635,337,2023
892000,Gewaltkriminalit t,5124000,Wuppertal,insg.,1769,1136,633,12,6,6,133,97,36,145,103,42,215,134,81,174,94,80,1105,723,382,130,82,48,1235,805,430,2023
892000,Gewaltkriminalit t,9663000,W rzburg,vers.,87,71,16,0,0,0,0,0,0,0,0,0,3,2,1,10,7,3,72,60,12,2,2,0,74,62,12,2023
892000,Gewaltkriminalit t,9663000,W rzburg,voll.,403,285,118,0,0,0,20,13,7,20,13,7,58,41,17,65,46,19,247,174,73,13,11,2,260,185,75,2023
892000,Gewaltkriminalit t,9663000,W rzburg,insg.,490,356,134,0,0,0,20,13,7,20,13,7,61,43,18,75,53,22,319,234,85,15,13,2,334,247,87,2023
892500,"Mord, Totschlag und T tung auf Verlangen",5334002,Aachen,vers.,33,27,6,0,0,0,0,0,0,0,0,0,3,3,0,2,2,0,28,22,6,0,0,0,28,22,6,2023
892500,"Mord, Totschlag und T tung auf Verlangen",5334002,Aachen,voll.,1,0,1,0,0,0,0,0,0,0,0,0,0,0,0,0,0,0,1,0,1,0,0,0,1,0,1,2023
892500,"Mord, Totschlag und T tung auf Verlangen",5334002,Aachen,insg.,34,27,7,0,0,0,0,0,0,0,0,0,3,3,0,2,2,0,29,22,7,0,0,0,29,22,7,2023
892500,"Mord, Totschlag und T tung auf Verlangen",9761000,Augsburg,vers.,9,7,2,0,0,0,0,0,0,0,0,0,0,0,0,0,0,0,6,6,0,3,1,2,9,7,2,2023
892500,"Mord, Totschlag und T tung auf Verlangen",9761000,Augsburg,voll.,0,0,0,0,0,0,0,0,0,0,0,0,0,0,0,0,0,0,0,0,0,0,0,0,0,0,0,2023
892500,"Mord, Totschlag und T tung auf Verlangen",9761000,Augsburg,insg.,9,7,2,0,0,0,0,0,0,0,0,0,0,0,0,0,0,0,6,6,0,3,1,2,9,7,2,2023
892500,"Mord, Totschlag und T tung auf Verlangen",5378004,Bergisch Gladbach,vers.,0,0,0,0,0,0,0,0,0,0,0,0,0,0,0,0,0,0,0,0,0,0,0,0,0,0,0,2023
892500,"Mord, Totschlag und T tung auf Verlangen",5378004,Bergisch Gladbach,voll.,2,0,2,0,0,0,0,0,0,0,0,0,0,0,0,0,0,0,1,0,1,1,0,1,2,0,2,2023
892500,"Mord, Totschlag und T tung auf Verlangen",5378004,Bergisch Gladbach,insg.,2,0,2,0,0,0,0,0,0,0,0,0,0,0,0,0,0,0,1,0,1,1,0,1,2,0,2,2023
892500,"Mord, Totschlag und T tung auf Verlangen",11000000,Berlin,vers.,50,34,16,0,0,0,1,0,1,1,0,1,3,3,0,3,2,1,35,24,11,8,5,3,43,29,14,2023
892500,"Mord, Totschlag und T tung auf Verlangen",11000000,Berlin,voll.,36,23,13,4,3,1,1,0,1,5,3,2,1,1,0,0,0,0,16,12,4,14,7,7,30,19,11,2023
892500,"Mord, Totschlag und T tung auf Verlangen",11000000,Berlin,insg.,86,57,29,4,3,1,2,0,2,6,3,3,4,4,0,3,2,1,51,36,15,22,12,10,73,48,25,2023
892500,"Mord, Totschlag und T tung auf Verlangen",5711000,Bielefeld,vers.,5,3,2,0,0,0,0,0,0,0,0,0,1,1,0,1,1,0,2,1,1,1,0,1,3,1,2,2023
892500,"Mord, Totschlag und T tung auf Verlangen",5711000,Bielefeld,voll.,6,4,2,0,0,0,0,0,0,0,0,0,1,1,0,0,0,0,4,3,1,1,0,1,5,3,2,2023
892500,"Mord, Totschlag und T tung auf Verlangen",5711000,Bielefeld,insg.,11,7,4,0,0,0,0,0,0,0,0,0,2,2,0,1,1,0,6,4,2,2,0,2,8,4,4,2023
892500,"Mord, Totschlag und T tung auf Verlangen",5911000,Bochum,vers.,10,5,5,1,1,0,0,0,0,1,1,0,0,0,0,0,0,0,8,4,4,1,0,1,9,4,5,2023
892500,"Mord, Totschlag und T tung auf Verlangen",5911000,Bochum,voll.,1,1,0,0,0,0,0,0,0,0,0,0,0,0,0,0,0,0,1,1,0,0,0,0,1,1,0,2023
892500,"Mord, Totschlag und T tung auf Verlangen",5911000,Bochum,insg.,11,6,5,1,1,0,0,0,0,1,1,0,0,0,0,0,0,0,9,5,4,1,0,1,10,5,5,2023
892500,"Mord, Totschlag und T tung auf Verlangen",5314000,Bonn,vers.,3,2,1,0,0,0,0,0,0,0,0,0,0,0,0,0,0,0,3,2,1,0,0,0,3,2,1,2023
892500,"Mord, Totschlag und T tung auf Verlangen",5314000,Bonn,voll.,2,1,1,0,0,0,0,0,0,0,0,0,0,0,0,0,0,0,1,1,0,1,0,1,2,1,1,2023
892500,"Mord, Totschlag und T tung auf Verlangen",5314000,Bonn,insg.,5,3,2,0,0,0,0,0,0,0,0,0,0,0,0,0,0,0,4,3,1,1,0,1,5,3,2,2023
892500,"Mord, Totschlag und T tung auf Verlangen",5512000,Bottrop,vers.,1,1,0,0,0,0,0,0,0,0,0,0,0,0,0,0,0,0,1,1,0,0,0,0,1,1,0,2023
892500,"Mord, Totschlag und T tung auf Verlangen",5512000,Bottrop,voll.,0,0,0,0,0,0,0,0,0,0,0,0,0,0,0,0,0,0,0,0,0,0,0,0,0,0,0,2023
892500,"Mord, Totschlag und T tung auf Verlangen",5512000,Bottrop,insg.,1,1,0,0,0,0,0,0,0,0,0,0,0,0,0,0,0,0,1,1,0,0,0,0,1,1,0,2023
892500,"Mord, Totschlag und T tung auf Verlangen",3101000,Braunschweig,vers.,10,7,3,0,0,0,0,0,0,0,0,0,0,0,0,2,2,0,7,4,3,1,1,0,8,5,3,2023
892500,"Mord, Totschlag und T tung auf Verlangen",3101000,Braunschweig,voll.,1,0,1,0,0,0,0,0,0,0,0,0,0,0,0,0,0,0,0,0,0,1,0,1,1,0,1,2023
892500,"Mord, Totschlag und T tung auf Verlangen",3101000,Braunschweig,insg.,11,7,4,0,0,0,0,0,0,0,0,0,0,0,0,2,2,0,7,4,3,2,1,1,9,5,4,2023
892500,"Mord, Totschlag und T tung auf Verlangen",4011000,Bremen,vers.,17,14,3,0,0,0,0,0,0,0,0,0,1,1,0,1,1,0,15,12,3,0,0,0,15,12,3,2023
892500,"Mord, Totschlag und T tung auf Verlangen",4011000,Bremen,voll.,4,1,3,0,0,0,1,1,0,1,1,0,0,0,0,0,0,0,2,0,2,1,0,1,3,0,3,2023
892500,"Mord, Totschlag und T tung auf Verlangen",4011000,Bremen,insg.,21,15,6,0,0,0,1,1,0,1,1,0,1,1,0,1,1,0,17,12,5,1,0,1,18,12,6,2023
892500,"Mord, Totschlag und T tung auf Verlangen",4012000,Bremerhaven,vers.,3,2,1,0,0,0,0,0,0,0,0,0,0,0,0,0,0,0,2,2,0,1,0,1,3,2,1,2023
892500,"Mord, Totschlag und T tung auf Verlangen",4012000,Bremerhaven,voll.,3,1,2,0,0,0,0,0,0,0,0,0,0,0,0,0,0,0,3,1,2,0,0,0,3,1,2,2023
892500,"Mord, Totschlag und T tung auf Verlangen",4012000,Bremerhaven,insg.,6,3,3,0,0,0,0,0,0,0,0,0,0,0,0,0,0,0,5,3,2,1,0,1,6,3,3,2023
892500,"Mord, Totschlag und T tung auf Verlangen",14511000,Chemnitz,vers.,17,15,2,0,0,0,0,0,0,0,0,0,0,0,0,1,1,0,14,12,2,2,2,0,16,14,2,2023
892500,"Mord, Totschlag und T tung auf Verlangen",14511000,Chemnitz,voll.,7,2,5,0,0,0,0,0,0,0,0,0,0,0,0,0,0,0,4,2,2,3,0,3,7,2,5,2023
892500,"Mord, Totschlag und T tung auf Verlangen",14511000,Chemnitz,insg.,24,17,7,0,0,0,0,0,0,0,0,0,0,0,0,1,1,0,18,14,4,5,2,3,23,16,7,2023
892500,"Mord, Totschlag und T tung auf Verlangen",6411000,Darmstadt,vers.,3,3,0,0,0,0,0,0,0,0,0,0,0,0,0,0,0,0,3,3,0,0,0,0,3,3,0,2023
892500,"Mord, Totschlag und T tung auf Verlangen",6411000,Darmstadt,voll.,3,2,1,0,0,0,0,0,0,0,0,0,0,0,0,0,0,0,3,2,1,0,0,0,3,2,1,2023
892500,"Mord, Totschlag und T tung auf Verlangen",6411000,Darmstadt,insg.,6,5,1,0,0,0,0,0,0,0,0,0,0,0,0,0,0,0,6,5,1,0,0,0,6,5,1,2023
892500,"Mord, Totschlag und T tung auf Verlangen",5913000,Dortmund,vers.,39,33,6,0,0,0,0,0,0,0,0,0,6,6,0,5,4,1,26,22,4,2,1,1,28,23,5,2023
892500,"Mord, Totschlag und T tung auf Verlangen",5913000,Dortmund,voll.,2,2,0,0,0,0,0,0,0,0,0,0,0,0,0,0,0,0,2,2,0,0,0,0,2,2,0,2023
892500,"Mord, Totschlag und T tung auf Verlangen",5913000,Dortmund,insg.,41,35,6,0,0,0,0,0,0,0,0,0,6,6,0,5,4,1,28,24,4,2,1,1,30,25,5,2023
892500,"Mord, Totschlag und T tung auf Verlangen",14612000,Dresden,vers.,10,6,4,0,0,0,0,0,0,0,0,0,1,1,0,0,0,0,7,5,2,2,0,2,9,5,4,2023
892500,"Mord, Totschlag und T tung auf Verlangen",14612000,Dresden,voll.,6,1,5,0,0,0,0,0,0,0,0,0,0,0,0,0,0,0,4,1,3,2,0,2,6,1,5,2023
892500,"Mord, Totschlag und T tung auf Verlangen",14612000,Dresden,insg.,16,7,9,0,0,0,0,0,0,0,0,0,1,1,0,0,0,0,11,6,5,4,0,4,15,6,9,2023
892500,"Mord, Totschlag und T tung auf Verlangen",5112000,Duisburg,vers.,19,13,6,0,0,0,0,0,0,0,0,0,0,0,0,2,2,0,11,8,3,6,3,3,17,11,6,2023
892500,"Mord, Totschlag und T tung auf Verlangen",5112000,Duisburg,voll.,4,2,2,0,0,0,0,0,0,0,0,0,0,0,0,0,0,0,3,2,1,1,0,1,4,2,2,2023
892500,"Mord, Totschlag und T tung auf Verlangen",5112000,Duisburg,insg.,23,15,8,0,0,0,0,0,0,0,0,0,0,0,0,2,2,0,14,10,4,7,3,4,21,13,8,2023
892500,"Mord, Totschlag und T tung auf Verlangen",5111000,D sseldorf,vers.,37,18,19,0,0,0,3,1,2,3,1,2,4,0,4,3,2,1,23,13,10,4,2,2,27,15,12,2023
892500,"Mord, Totschlag und T tung auf Verlangen",5111000,D sseldorf,voll.,2,1,1,0,0,0,0,0,0,0,0,0,0,0,0,0,0,0,2,1,1,0,0,0,2,1,1,2023
892500,"Mord, Totschlag und T tung auf Verlangen",5111000,D sseldorf,insg.,39,19,20,0,0,0,3,1,2,3,1,2,4,0,4,3,2,1,25,14,11,4,2,2,29,16,13,2023
892500,"Mord, Totschlag und T tung auf Verlangen",16051000,Erfurt,vers.,7,6,1,0,0,0,0,0,0,0,0,0,0,0,0,1,1,0,6,5,1,0,0,0,6,5,1,2023
892500,"Mord, Totschlag und T tung auf Verlangen",16051000,Erfurt,voll.,0,0,0,0,0,0,0,0,0,0,0,0,0,0,0,0,0,0,0,0,0,0,0,0,0,0,0,2023
892500,"Mord, Totschlag und T tung auf Verlangen",16051000,Erfurt,insg.,7,6,1,0,0,0,0,0,0,0,0,0,0,0,0,1,1,0,6,5,1,0,0,0,6,5,1,2023
892500,"Mord, Totschlag und T tung auf Verlangen",9562000,Erlangen,vers.,3,3,0,0,0,0,0,0,0,0,0,0,0,0,0,0,0,0,2,2,0,1,1,0,3,3,0,2023
892500,"Mord, Totschlag und T tung auf Verlangen",9562000,Erlangen,voll.,0,0,0,0,0,0,0,0,0,0,0,0,0,0,0,0,0,0,0,0,0,0,0,0,0,0,0,2023
892500,"Mord, Totschlag und T tung auf Verlangen",9562000,Erlangen,insg.,3,3,0,0,0,0,0,0,0,0,0,0,0,0,0,0,0,0,2,2,0,1,1,0,3,3,0,2023
892500,"Mord, Totschlag und T tung auf Verlangen",5113000,Essen,vers.,26,20,6,1,1,0,0,0,0,1,1,0,1,1,0,1,0,1,20,16,4,3,2,1,23,18,5,2023
892500,"Mord, Totschlag und T tung auf Verlangen",5113000,Essen,voll.,7,1,6,0,0,0,1,0,1,1,0,1,0,0,0,1,0,1,3,1,2,2,0,2,5,1,4,2023
892500,"Mord, Totschlag und T tung auf Verlangen",5113000,Essen,insg.,33,21,12,1,1,0,1,0,1,2,1,1,1,1,0,2,0,2,23,17,6,5,2,3,28,19,9,2023
892500,"Mord, Totschlag und T tung auf Verlangen",6412000,Frankfurt am Main,vers.,61,54,7,1,1,0,0,0,0,1,1,0,3,3,0,3,3,0,49,44,5,5,3,2,54,47,7,2023
892500,"Mord, Totschlag und T tung auf Verlangen",6412000,Frankfurt am Main,voll.,8,4,4,0,0,0,0,0,0,0,0,0,0,0,0,0,0,0,6,2,4,2,2,0,8,4,4,2023
892500,"Mord, Totschlag und T tung auf Verlangen",6412000,Frankfurt am Main,insg.,69,58,11,1,1,0,0,0,0,1,1,0,3,3,0,3,3,0,55,46,9,7,5,2,62,51,11,2023
892500,"Mord, Totschlag und T tung auf Verlangen",8311000,Freiburg im Breisgau,vers.,5,4,1,0,0,0,0,0,0,0,0,0,0,0,0,0,0,0,4,4,0,1,0,1,5,4,1,2023
892500,"Mord, Totschlag und T tung auf Verlangen",8311000,Freiburg im Breisgau,voll.,6,2,4,1,0,1,0,0,0,1,0,1,0,0,0,0,0,0,3,1,2,2,1,1,5,2,3,2023
892500,"Mord, Totschlag und T tung auf Verlangen",8311000,Freiburg im Breisgau,insg.,11,6,5,1,0,1,0,0,0,1,0,1,0,0,0,0,0,0,7,5,2,3,1,2,10,6,4,2023
892500,"Mord, Totschlag und T tung auf Verlangen",9563000,F rth,vers.,3,3,0,0,0,0,0,0,0,0,0,0,0,0,0,0,0,0,3,3,0,0,0,0,3,3,0,2023
892500,"Mord, Totschlag und T tung auf Verlangen",9563000,F rth,voll.,2,0,2,0,0,0,0,0,0,0,0,0,0,0,0,0,0,0,1,0,1,1,0,1,2,0,2,2023
892500,"Mord, Totschlag und T tung auf Verlangen",9563000,F rth,insg.,5,3,2,0,0,0,0,0,0,0,0,0,0,0,0,0,0,0,4,3,1,1,0,1,5,3,2,2023
892500,"Mord, Totschlag und T tung auf Verlangen",5513000,Gelsenkirchen,vers.,14,14,0,0,0,0,0,0,0,0,0,0,0,0,0,1,1,0,11,11,0,2,2,0,13,13,0,2023
892500,"Mord, Totschlag und T tung auf Verlangen",5513000,Gelsenkirchen,voll.,0,0,0,0,0,0,0,0,0,0,0,0,0,0,0,0,0,0,0,0,0,0,0,0,0,0,0,2023
892500,"Mord, Totschlag und T tung auf Verlangen",5513000,Gelsenkirchen,insg.,14,14,0,0,0,0,0,0,0,0,0,0,0,0,0,1,1,0,11,11,0,2,2,0,13,13,0,2023
892500,"Mord, Totschlag und T tung auf Verlangen",3159016,G ttingen,vers.,3,2,1,0,0,0,0,0,0,0,0,0,0,0,0,0,0,0,3,2,1,0,0,0,3,2,1,2023
892500,"Mord, Totschlag und T tung auf Verlangen",3159016,G ttingen,voll.,0,0,0,0,0,0,0,0,0,0,0,0,0,0,0,0,0,0,0,0,0,0,0,0,0,0,0,2023
892500,"Mord, Totschlag und T tung auf Verlangen",3159016,G ttingen,insg.,3,2,1,0,0,0,0,0,0,0,0,0,0,0,0,0,0,0,3,2,1,0,0,0,3,2,1,2023
892500,"Mord, Totschlag und T tung auf Verlangen",5754008,G tersloh,vers.,0,0,0,0,0,0,0,0,0,0,0,0,0,0,0,0,0,0,0,0,0,0,0,0,0,0,0,2023
892500,"Mord, Totschlag und T tung auf Verlangen",5754008,G tersloh,voll.,1,1,0,0,0,0,0,0,0,0,0,0,0,0,0,0,0,0,1,1,0,0,0,0,1,1,0,2023
892500,"Mord, Totschlag und T tung auf Verlangen",5754008,G tersloh,insg.,1,1,0,0,0,0,0,0,0,0,0,0,0,0,0,0,0,0,1,1,0,0,0,0,1,1,0,2023
892500,"Mord, Totschlag und T tung auf Verlangen",5914000,Hagen,vers.,14,10,4,0,0,0,0,0,0,0,0,0,2,2,0,3,3,0,9,5,4,0,0,0,9,5,4,2023
892500,"Mord, Totschlag und T tung auf Verlangen",5914000,Hagen,voll.,1,0,1,0,0,0,0,0,0,0,0,0,0,0,0,0,0,0,1,0,1,0,0,0,1,0,1,2023
892500,"Mord, Totschlag und T tung auf Verlangen",5914000,Hagen,insg.,15,10,5,0,0,0,0,0,0,0,0,0,2,2,0,3,3,0,10,5,5,0,0,0,10,5,5,2023
892500,"Mord, Totschlag und T tung auf Verlangen",15002000,Halle (Saale),vers.,6,3,3,1,0,1,0,0,0,1,0,1,0,0,0,1,0,1,4,3,1,0,0,0,4,3,1,2023
892500,"Mord, Totschlag und T tung auf Verlangen",15002000,Halle (Saale),voll.,3,2,1,1,0,1,0,0,0,1,0,1,0,0,0,0,0,0,2,2,0,0,0,0,2,2,0,2023
892500,"Mord, Totschlag und T tung auf Verlangen",15002000,Halle (Saale),insg.,9,5,4,2,0,2,0,0,0,2,0,2,0,0,0,1,0,1,6,5,1,0,0,0,6,5,1,2023
892500,"Mord, Totschlag und T tung auf Verlangen",2000000,Hamburg,vers.,53,42,11,2,2,0,0,0,0,2,2,0,0,0,0,2,1,1,47,39,8,2,0,2,49,39,10,2023
892500,"Mord, Totschlag und T tung auf Verlangen",2000000,Hamburg,voll.,42,22,20,1,1,0,0,0,0,1,1,0,1,1,0,1,0,1,25,15,10,14,5,9,39,20,19,2023
892500,"Mord, Totschlag und T tung auf Verlangen",2000000,Hamburg,insg.,95,64,31,3,3,0,0,0,0,3,3,0,1,1,0,3,1,2,72,54,18,16,5,11,88,59,29,2023
892500,"Mord, Totschlag und T tung auf Verlangen",5915000,Hamm,vers.,7,5,2,0,0,0,0,0,0,0,0,0,0,0,0,3,2,1,3,2,1,1,1,0,4,3,1,2023
892500,"Mord, Totschlag und T tung auf Verlangen",5915000,Hamm,voll.,5,2,3,0,0,0,0,0,0,0,0,0,0,0,0,0,0,0,5,2,3,0,0,0,5,2,3,2023
892500,"Mord, Totschlag und T tung auf Verlangen",5915000,Hamm,insg.,12,7,5,0,0,0,0,0,0,0,0,0,0,0,0,3,2,1,8,4,4,1,1,0,9,5,4,2023
892500,"Mord, Totschlag und T tung auf Verlangen",6435014,Hanau,vers.,7,5,2,0,0,0,0,0,0,0,0,0,0,0,0,0,0,0,7,5,2,0,0,0,7,5,2,2023
892500,"Mord, Totschlag und T tung auf Verlangen",6435014,Hanau,voll.,2,1,1,0,0,0,2,1,1,2,1,1,0,0,0,0,0,0,0,0,0,0,0,0,0,0,0,2023
892500,"Mord, Totschlag und T tung auf Verlangen",6435014,Hanau,insg.,9,6,3,0,0,0,2,1,1,2,1,1,0,0,0,0,0,0,7,5,2,0,0,0,7,5,2,2023
892500,"Mord, Totschlag und T tung auf Verlangen",3241001,Hannover,vers.,32,28,4,0,0,0,1,0,1,1,0,1,0,0,0,2,2,0,29,26,3,0,0,0,29,26,3,2023
892500,"Mord, Totschlag und T tung auf Verlangen",3241001,Hannover,voll.,3,3,0,0,0,0,0,0,0,0,0,0,0,0,0,0,0,0,3,3,0,0,0,0,3,3,0,2023
892500,"Mord, Totschlag und T tung auf Verlangen",3241001,Hannover,insg.,35,31,4,0,0,0,1,0,1,1,0,1,0,0,0,2,2,0,32,29,3,0,0,0,32,29,3,2023
892500,"Mord, Totschlag und T tung auf Verlangen",8221000,Heidelberg,vers.,8,8,0,0,0,0,0,0,0,0,0,0,0,0,0,0,0,0,8,8,0,0,0,0,8,8,0,2023
892500,"Mord, Totschlag und T tung auf Verlangen",8221000,Heidelberg,voll.,2,2,0,0,0,0,0,0,0,0,0,0,0,0,0,0,0,0,1,1,0,1,1,0,2,2,0,2023
892500,"Mord, Totschlag und T tung auf Verlangen",8221000,Heidelberg,insg.,10,10,0,0,0,0,0,0,0,0,0,0,0,0,0,0,0,0,9,9,0,1,1,0,10,10,0,2023
892500,"Mord, Totschlag und T tung auf Verlangen",8121000,Heilbronn,vers.,4,4,0,0,0,0,0,0,0,0,0,0,1,1,0,1,1,0,2,2,0,0,0,0,2,2,0,2023
892500,"Mord, Totschlag und T tung auf Verlangen",8121000,Heilbronn,voll.,1,1,0,0,0,0,0,0,0,0,0,0,0,0,0,0,0,0,1,1,0,0,0,0,1,1,0,2023
892500,"Mord, Totschlag und T tung auf Verlangen",8121000,Heilbronn,insg.,5,5,0,0,0,0,0,0,0,0,0,0,1,1,0,1,1,0,3,3,0,0,0,0,3,3,0,2023
892500,"Mord, Totschlag und T tung auf Verlangen",5916000,Herne,vers.,1,1,0,1,1,0,0,0,0,1,1,0,0,0,0,0,0,0,0,0,0,0,0,0,0,0,0,2023
892500,"Mord, Totschlag und T tung auf Verlangen",5916000,Herne,voll.,4,1,3,0,0,0,0,0,0,0,0,0,0,0,0,1,1,0,1,0,1,2,0,2,3,0,3,2023
892500,"Mord, Totschlag und T tung auf Verlangen",5916000,Herne,insg.,5,2,3,1,1,0,0,0,0,1,1,0,0,0,0,1,1,0,1,0,1,2,0,2,3,0,3,2023
892500,"Mord, Totschlag und T tung auf Verlangen",3254021,Hildesheim,vers.,13,13,0,0,0,0,0,0,0,0,0,0,0,0,0,0,0,0,12,12,0,1,1,0,13,13,0,2023
892500,"Mord, Totschlag und T tung auf Verlangen",3254021,Hildesheim,voll.,0,0,0,0,0,0,0,0,0,0,0,0,0,0,0,0,0,0,0,0,0,0,0,0,0,0,0,2023
892500,"Mord, Totschlag und T tung auf Verlangen",3254021,Hildesheim,insg.,13,13,0,0,0,0,0,0,0,0,0,0,0,0,0,0,0,0,12,12,0,1,1,0,13,13,0,2023
892500,"Mord, Totschlag und T tung auf Verlangen",9161000,Ingolstadt,vers.,11,9,2,0,0,0,1,1,0,1,1,0,0,0,0,1,1,0,8,7,1,1,0,1,9,7,2,2023
892500,"Mord, Totschlag und T tung auf Verlangen",9161000,Ingolstadt,voll.,1,1,0,1,1,0,0,0,0,1,1,0,0,0,0,0,0,0,0,0,0,0,0,0,0,0,0,2023
892500,"Mord, Totschlag und T tung auf Verlangen",9161000,Ingolstadt,insg.,12,10,2,1,1,0,1,1,0,2,2,0,0,0,0,1,1,0,8,7,1,1,0,1,9,7,2,2023
892500,"Mord, Totschlag und T tung auf Verlangen",16053000,Jena,vers.,2,2,0,0,0,0,0,0,0,0,0,0,0,0,0,0,0,0,1,1,0,1,1,0,2,2,0,2023
892500,"Mord, Totschlag und T tung auf Verlangen",16053000,Jena,voll.,0,0,0,0,0,0,0,0,0,0,0,0,0,0,0,0,0,0,0,0,0,0,0,0,0,0,0,2023
892500,"Mord, Totschlag und T tung auf Verlangen",16053000,Jena,insg.,2,2,0,0,0,0,0,0,0,0,0,0,0,0,0,0,0,0,1,1,0,1,1,0,2,2,0,2023
892500,"Mord, Totschlag und T tung auf Verlangen",7312000,Kaiserslautern,vers.,3,3,0,0,0,0,0,0,0,0,0,0,1,1,0,0,0,0,2,2,0,0,0,0,2,2,0,2023
892500,"Mord, Totschlag und T tung auf Verlangen",7312000,Kaiserslautern,voll.,0,0,0,0,0,0,0,0,0,0,0,0,0,0,0,0,0,0,0,0,0,0,0,0,0,0,0,2023
892500,"Mord, Totschlag und T tung auf Verlangen",7312000,Kaiserslautern,insg.,3,3,0,0,0,0,0,0,0,0,0,0,1,1,0,0,0,0,2,2,0,0,0,0,2,2,0,2023
892500,"Mord, Totschlag und T tung auf Verlangen",8212000,Karlsruhe,vers.,7,6,1,0,0,0,0,0,0,0,0,0,0,0,0,1,1,0,6,5,1,0,0,0,6,5,1,2023
892500,"Mord, Totschlag und T tung auf Verlangen",8212000,Karlsruhe,voll.,1,0,1,0,0,0,0,0,0,0,0,0,0,0,0,0,0,0,0,0,0,1,0,1,1,0,1,2023
892500,"Mord, Totschlag und T tung auf Verlangen",8212000,Karlsruhe,insg.,8,6,2,0,0,0,0,0,0,0,0,0,0,0,0,1,1,0,6,5,1,1,0,1,7,5,2,2023
892500,"Mord, Totschlag und T tung auf Verlangen",6611000,Kassel,vers.,12,9,3,3,3,0,0,0,0,3,3,0,0,0,0,0,0,0,9,6,3,0,0,0,9,6,3,2023
892500,"Mord, Totschlag und T tung auf Verlangen",6611000,Kassel,voll.,3,2,1,0,0,0,0,0,0,0,0,0,0,0,0,0,0,0,3,2,1,0,0,0,3,2,1,2023
892500,"Mord, Totschlag und T tung auf Verlangen",6611000,Kassel,insg.,15,11,4,3,3,0,0,0,0,3,3,0,0,0,0,0,0,0,12,8,4,0,0,0,12,8,4,2023
892500,"Mord, Totschlag und T tung auf Verlangen",1002000,Kiel,vers.,6,6,0,0,0,0,0,0,0,0,0,0,2,2,0,0,0,0,3,3,0,1,1,0,4,4,0,2023
892500,"Mord, Totschlag und T tung auf Verlangen",1002000,Kiel,voll.,4,0,4,0,0,0,0,0,0,0,0,0,1,0,1,0,0,0,3,0,3,0,0,0,3,0,3,2023
892500,"Mord, Totschlag und T tung auf Verlangen",1002000,Kiel,insg.,10,6,4,0,0,0,0,0,0,0,0,0,3,2,1,0,0,0,6,3,3,1,1,0,7,4,3,2023
892500,"Mord, Totschlag und T tung auf Verlangen",7111000,Koblenz,vers.,2,2,0,0,0,0,0,0,0,0,0,0,0,0,0,0,0,0,2,2,0,0,0,0,2,2,0,2023
892500,"Mord, Totschlag und T tung auf Verlangen",7111000,Koblenz,voll.,1,0,1,0,0,0,0,0,0,0,0,0,0,0,0,0,0,0,1,0,1,0,0,0,1,0,1,2023
892500,"Mord, Totschlag und T tung auf Verlangen",7111000,Koblenz,insg.,3,2,1,0,0,0,0,0,0,0,0,0,0,0,0,0,0,0,3,2,1,0,0,0,3,2,1,2023
892500,"Mord, Totschlag und T tung auf Verlangen",5315000,K ln,vers.,24,16,8,1,0,1,0,0,0,1,0,1,1,1,0,1,1,0,19,13,6,2,1,1,21,14,7,2023
892500,"Mord, Totschlag und T tung auf Verlangen",5315000,K ln,voll.,6,4,2,1,0,1,0,0,0,1,0,1,0,0,0,1,1,0,3,2,1,1,1,0,4,3,1,2023
892500,"Mord, Totschlag und T tung auf Verlangen",5315000,K ln,insg.,30,20,10,2,0,2,0,0,0,2,0,2,1,1,0,2,2,0,22,15,7,3,2,1,25,17,8,2023
892500,"Mord, Totschlag und T tung auf Verlangen",5114000,Krefeld,vers.,5,2,3,0,0,0,0,0,0,0,0,0,1,0,1,0,0,0,4,2,2,0,0,0,4,2,2,2023
892500,"Mord, Totschlag und T tung auf Verlangen",5114000,Krefeld,voll.,2,2,0,0,0,0,0,0,0,0,0,0,0,0,0,0,0,0,1,1,0,1,1,0,2,2,0,2023
892500,"Mord, Totschlag und T tung auf Verlangen",5114000,Krefeld,insg.,7,4,3,0,0,0,0,0,0,0,0,0,1,0,1,0,0,0,5,3,2,1,1,0,6,4,2,2023
892500,"Mord, Totschlag und T tung auf Verlangen",14713000,Leipzig,vers.,23,19,4,0,0,0,1,1,0,1,1,0,1,1,0,3,3,0,16,12,4,2,2,0,18,14,4,2023
892500,"Mord, Totschlag und T tung auf Verlangen",14713000,Leipzig,voll.,4,3,1,0,0,0,0,0,0,0,0,0,0,0,0,0,0,0,4,3,1,0,0,0,4,3,1,2023
892500,"Mord, Totschlag und T tung auf Verlangen",14713000,Leipzig,insg.,27,22,5,0,0,0,1,1,0,1,1,0,1,1,0,3,3,0,20,15,5,2,2,0,22,17,5,2023
892500,"Mord, Totschlag und T tung auf Verlangen",5316000,Leverkusen,vers.,1,0,1,0,0,0,0,0,0,0,0,0,0,0,0,0,0,0,1,0,1,0,0,0,1,0,1,2023
892500,"Mord, Totschlag und T tung auf Verlangen",5316000,Leverkusen,voll.,2,0,2,0,0,0,0,0,0,0,0,0,0,0,0,0,0,0,2,0,2,0,0,0,2,0,2,2023
892500,"Mord, Totschlag und T tung auf Verlangen",5316000,Leverkusen,insg.,3,0,3,0,0,0,0,0,0,0,0,0,0,0,0,0,0,0,3,0,3,0,0,0,3,0,3,2023
892500,"Mord, Totschlag und T tung auf Verlangen",1003000,L beck,vers.,2,2,0,0,0,0,0,0,0,0,0,0,0,0,0,0,0,0,2,2,0,0,0,0,2,2,0,2023
892500,"Mord, Totschlag und T tung auf Verlangen",1003000,L beck,voll.,3,0,3,0,0,0,0,0,0,0,0,0,0,0,0,0,0,0,2,0,2,1,0,1,3,0,3,2023
892500,"Mord, Totschlag und T tung auf Verlangen",1003000,L beck,insg.,5,2,3,0,0,0,0,0,0,0,0,0,0,0,0,0,0,0,4,2,2,1,0,1,5,2,3,2023
892500,"Mord, Totschlag und T tung auf Verlangen",7314000,Ludwigshafen am Rhein,vers.,2,2,0,0,0,0,0,0,0,0,0,0,0,0,0,0,0,0,2,2,0,0,0,0,2,2,0,2023
892500,"Mord, Totschlag und T tung auf Verlangen",7314000,Ludwigshafen am Rhein,voll.,3,3,0,0,0,0,0,0,0,0,0,0,0,0,0,1,1,0,2,2,0,0,0,0,2,2,0,2023
892500,"Mord, Totschlag und T tung auf Verlangen",7314000,Ludwigshafen am Rhein,insg.,5,5,0,0,0,0,0,0,0,0,0,0,0,0,0,1,1,0,4,4,0,0,0,0,4,4,0,2023
892500,"Mord, Totschlag und T tung auf Verlangen",15003000,Magdeburg,vers.,11,8,3,0,0,0,0,0,0,0,0,0,0,0,0,2,1,1,8,7,1,1,0,1,9,7,2,2023
892500,"Mord, Totschlag und T tung auf Verlangen",15003000,Magdeburg,voll.,2,2,0,0,0,0,0,0,0,0,0,0,1,1,0,0,0,0,1,1,0,0,0,0,1,1,0,2023
892500,"Mord, Totschlag und T tung auf Verlangen",15003000,Magdeburg,insg.,13,10,3,0,0,0,0,0,0,0,0,0,1,1,0,2,1,1,9,8,1,1,0,1,10,8,2,2023
892500,"Mord, Totschlag und T tung auf Verlangen",7315000,Mainz,vers.,2,0,2,0,0,0,0,0,0,0,0,0,0,0,0,0,0,0,2,0,2,0,0,0,2,0,2,2023
892500,"Mord, Totschlag und T tung auf Verlangen",7315000,Mainz,voll.,1,0,1,0,0,0,0,0,0,0,0,0,0,0,0,0,0,0,1,0,1,0,0,0,1,0,1,2023
892500,"Mord, Totschlag und T tung auf Verlangen",7315000,Mainz,insg.,3,0,3,0,0,0,0,0,0,0,0,0,0,0,0,0,0,0,3,0,3,0,0,0,3,0,3,2023
892500,"Mord, Totschlag und T tung auf Verlangen",8222000,Mannheim,vers.,8,4,4,0,0,0,0,0,0,0,0,0,0,0,0,1,1,0,6,3,3,1,0,1,7,3,4,2023
892500,"Mord, Totschlag und T tung auf Verlangen",8222000,Mannheim,voll.,5,2,3,1,0,1,0,0,0,1,0,1,0,0,0,0,0,0,3,2,1,1,0,1,4,2,2,2023
892500,"Mord, Totschlag und T tung auf Verlangen",8222000,Mannheim,insg.,13,6,7,1,0,1,0,0,0,1,0,1,0,0,0,1,1,0,9,5,4,2,0,2,11,5,6,2023
892500,"Mord, Totschlag und T tung auf Verlangen",5170024,Moers,vers.,0,0,0,0,0,0,0,0,0,0,0,0,0,0,0,0,0,0,0,0,0,0,0,0,0,0,0,2023
892500,"Mord, Totschlag und T tung auf Verlangen",5170024,Moers,voll.,1,1,0,0,0,0,0,0,0,0,0,0,0,0,0,0,0,0,1,1,0,0,0,0,1,1,0,2023
892500,"Mord, Totschlag und T tung auf Verlangen",5170024,Moers,insg.,1,1,0,0,0,0,0,0,0,0,0,0,0,0,0,0,0,0,1,1,0,0,0,0,1,1,0,2023
892500,"Mord, Totschlag und T tung auf Verlangen",5116000,M nchengladbach,vers.,14,10,4,0,0,0,0,0,0,0,0,0,2,2,0,1,1,0,11,7,4,0,0,0,11,7,4,2023
892500,"Mord, Totschlag und T tung auf Verlangen",5116000,M nchengladbach,voll.,1,1,0,0,0,0,0,0,0,0,0,0,0,0,0,0,0,0,1,1,0,0,0,0,1,1,0,2023
892500,"Mord, Totschlag und T tung auf Verlangen",5116000,M nchengladbach,insg.,15,11,4,0,0,0,0,0,0,0,0,0,2,2,0,1,1,0,12,8,4,0,0,0,12,8,4,2023
892500,"Mord, Totschlag und T tung auf Verlangen",5117000,M lheim an der Ruhr,vers.,3,1,2,0,0,0,0,0,0,0,0,0,0,0,0,0,0,0,2,1,1,1,0,1,3,1,2,2023
892500,"Mord, Totschlag und T tung auf Verlangen",5117000,M lheim an der Ruhr,voll.,1,0,1,0,0,0,0,0,0,0,0,0,0,0,0,0,0,0,1,0,1,0,0,0,1,0,1,2023
892500,"Mord, Totschlag und T tung auf Verlangen",5117000,M lheim an der Ruhr,insg.,4,1,3,0,0,0,0,0,0,0,0,0,0,0,0,0,0,0,3,1,2,1,0,1,4,1,3,2023
892500,"Mord, Totschlag und T tung auf Verlangen",9162000,M nchen,vers.,40,31,9,0,0,0,0,0,0,0,0,0,0,0,0,0,0,0,31,25,6,9,6,3,40,31,9,2023
892500,"Mord, Totschlag und T tung auf Verlangen",9162000,M nchen,voll.,11,9,2,1,1,0,0,0,0,1,1,0,0,0,0,0,0,0,5,5,0,5,3,2,10,8,2,2023
892500,"Mord, Totschlag und T tung auf Verlangen",9162000,M nchen,insg.,51,40,11,1,1,0,0,0,0,1,1,0,0,0,0,0,0,0,36,30,6,14,9,5,50,39,11,2023
892500,"Mord, Totschlag und T tung auf Verlangen",5515000,M nster,vers.,8,5,3,0,0,0,0,0,0,0,0,0,0,0,0,0,0,0,8,5,3,0,0,0,8,5,3,2023
892500,"Mord, Totschlag und T tung auf Verlangen",5515000,M nster,voll.,0,0,0,0,0,0,0,0,0,0,0,0,0,0,0,0,0,0,0,0,0,0,0,0,0,0,0,2023
892500,"Mord, Totschlag und T tung auf Verlangen",5515000,M nster,insg.,8,5,3,0,0,0,0,0,0,0,0,0,0,0,0,0,0,0,8,5,3,0,0,0,8,5,3,2023
892500,"Mord, Totschlag und T tung auf Verlangen",5162024,Neuss,vers.,4,3,1,0,0,0,0,0,0,0,0,0,0,0,0,0,0,0,4,3,1,0,0,0,4,3,1,2023
892500,"Mord, Totschlag und T tung auf Verlangen",5162024,Neuss,voll.,2,1,1,0,0,0,0,0,0,0,0,0,0,0,0,0,0,0,0,0,0,2,1,1,2,1,1,2023
892500,"Mord, Totschlag und T tung auf Verlangen",5162024,Neuss,insg.,6,4,2,0,0,0,0,0,0,0,0,0,0,0,0,0,0,0,4,3,1,2,1,1,6,4,2,2023
892500,"Mord, Totschlag und T tung auf Verlangen",9564000,N rnberg,vers.,28,27,1,0,0,0,2,2,0,2,2,0,1,1,0,0,0,0,25,24,1,0,0,0,25,24,1,2023
892500,"Mord, Totschlag und T tung auf Verlangen",9564000,N rnberg,voll.,6,5,1,0,0,0,0,0,0,0,0,0,0,0,0,1,0,1,4,4,0,1,1,0,5,5,0,2023
892500,"Mord, Totschlag und T tung auf Verlangen",9564000,N rnberg,insg.,34,32,2,0,0,0,2,2,0,2,2,0,1,1,0,1,0,1,29,28,1,1,1,0,30,29,1,2023
892500,"Mord, Totschlag und T tung auf Verlangen",5119000,Oberhausen,vers.,13,12,1,0,0,0,0,0,0,0,0,0,2,2,0,1,1,0,8,8,0,2,1,1,10,9,1,2023
892500,"Mord, Totschlag und T tung auf Verlangen",5119000,Oberhausen,voll.,2,2,0,0,0,0,0,0,0,0,0,0,0,0,0,0,0,0,1,1,0,1,1,0,2,2,0,2023
892500,"Mord, Totschlag und T tung auf Verlangen",5119000,Oberhausen,insg.,15,14,1,0,0,0,0,0,0,0,0,0,2,2,0,1,1,0,9,9,0,3,2,1,12,11,1,2023
892500,"Mord, Totschlag und T tung auf Verlangen",6413000,Offenbach am Main,vers.,9,7,2,0,0,0,1,0,1,1,0,1,0,0,0,0,0,0,8,7,1,0,0,0,8,7,1,2023
892500,"Mord, Totschlag und T tung auf Verlangen",6413000,Offenbach am Main,voll.,3,1,2,0,0,0,0,0,0,0,0,0,0,0,0,0,0,0,3,1,2,0,0,0,3,1,2,2023
892500,"Mord, Totschlag und T tung auf Verlangen",6413000,Offenbach am Main,insg.,12,8,4,0,0,0,1,0,1,1,0,1,0,0,0,0,0,0,11,8,3,0,0,0,11,8,3,2023
892500,"Mord, Totschlag und T tung auf Verlangen",3403000,Oldenburg (Oldenburg),vers.,5,5,0,0,0,0,0,0,0,0,0,0,0,0,0,0,0,0,5,5,0,0,0,0,5,5,0,2023
892500,"Mord, Totschlag und T tung auf Verlangen",3403000,Oldenburg (Oldenburg),voll.,1,0,1,0,0,0,0,0,0,0,0,0,0,0,0,0,0,0,0,0,0,1,0,1,1,0,1,2023
892500,"Mord, Totschlag und T tung auf Verlangen",3403000,Oldenburg (Oldenburg),insg.,6,5,1,0,0,0,0,0,0,0,0,0,0,0,0,0,0,0,5,5,0,1,0,1,6,5,1,2023
892500,"Mord, Totschlag und T tung auf Verlangen",3404000,Osnabr ck,vers.,7,5,2,0,0,0,0,0,0,0,0,0,0,0,0,2,1,1,4,3,1,1,1,0,5,4,1,2023
892500,"Mord, Totschlag und T tung auf Verlangen",3404000,Osnabr ck,voll.,1,1,0,0,0,0,0,0,0,0,0,0,0,0,0,0,0,0,1,1,0,0,0,0,1,1,0,2023
892500,"Mord, Totschlag und T tung auf Verlangen",3404000,Osnabr ck,insg.,8,6,2,0,0,0,0,0,0,0,0,0,0,0,0,2,1,1,5,4,1,1,1,0,6,5,1,2023
892500,"Mord, Totschlag und T tung auf Verlangen",5774032,Paderborn,vers.,1,1,0,0,0,0,0,0,0,0,0,0,0,0,0,0,0,0,1,1,0,0,0,0,1,1,0,2023
892500,"Mord, Totschlag und T tung auf Verlangen",5774032,Paderborn,voll.,1,0,1,0,0,0,0,0,0,0,0,0,0,0,0,0,0,0,0,0,0,1,0,1,1,0,1,2023
892500,"Mord, Totschlag und T tung auf Verlangen",5774032,Paderborn,insg.,2,1,1,0,0,0,0,0,0,0,0,0,0,0,0,0,0,0,1,1,0,1,0,1,2,1,1,2023
892500,"Mord, Totschlag und T tung auf Verlangen",8231000,Pforzheim,vers.,8,5,3,0,0,0,0,0,0,0,0,0,1,0,1,1,1,0,6,4,2,0,0,0,6,4,2,2023
892500,"Mord, Totschlag und T tung auf Verlangen",8231000,Pforzheim,voll.,1,1,0,0,0,0,0,0,0,0,0,0,0,0,0,0,0,0,1,1,0,0,0,0,1,1,0,2023
892500,"Mord, Totschlag und T tung auf Verlangen",8231000,Pforzheim,insg.,9,6,3,0,0,0,0,0,0,0,0,0,1,0,1,1,1,0,7,5,2,0,0,0,7,5,2,2023
892500,"Mord, Totschlag und T tung auf Verlangen",12054000,Potsdam,vers.,3,2,1,0,0,0,0,0,0,0,0,0,0,0,0,0,0,0,2,1,1,1,1,0,3,2,1,2023
892500,"Mord, Totschlag und T tung auf Verlangen",12054000,Potsdam,voll.,2,1,1,1,1,0,0,0,0,1,1,0,0,0,0,0,0,0,1,0,1,0,0,0,1,0,1,2023
892500,"Mord, Totschlag und T tung auf Verlangen",12054000,Potsdam,insg.,5,3,2,1,1,0,0,0,0,1,1,0,0,0,0,0,0,0,3,1,2,1,1,0,4,2,2,2023
892500,"Mord, Totschlag und T tung auf Verlangen",5562032,Recklinghausen,vers.,2,2,0,0,0,0,0,0,0,0,0,0,0,0,0,0,0,0,2,2,0,0,0,0,2,2,0,2023
892500,"Mord, Totschlag und T tung auf Verlangen",5562032,Recklinghausen,voll.,0,0,0,0,0,0,0,0,0,0,0,0,0,0,0,0,0,0,0,0,0,0,0,0,0,0,0,2023
892500,"Mord, Totschlag und T tung auf Verlangen",5562032,Recklinghausen,insg.,2,2,0,0,0,0,0,0,0,0,0,0,0,0,0,0,0,0,2,2,0,0,0,0,2,2,0,2023
892500,"Mord, Totschlag und T tung auf Verlangen",9362000,Regensburg,vers.,8,3,5,0,0,0,0,0,0,0,0,0,0,0,0,2,0,2,6,3,3,0,0,0,6,3,3,2023
892500,"Mord, Totschlag und T tung auf Verlangen",9362000,Regensburg,voll.,1,0,1,0,0,0,0,0,0,0,0,0,0,0,0,0,0,0,0,0,0,1,0,1,1,0,1,2023
892500,"Mord, Totschlag und T tung auf Verlangen",9362000,Regensburg,insg.,9,3,6,0,0,0,0,0,0,0,0,0,0,0,0,2,0,2,6,3,3,1,0,1,7,3,4,2023
892500,"Mord, Totschlag und T tung auf Verlangen",5120000,Remscheid,vers.,5,3,2,0,0,0,1,1,0,1,1,0,0,0,0,0,0,0,3,2,1,1,0,1,4,2,2,2023
892500,"Mord, Totschlag und T tung auf Verlangen",5120000,Remscheid,voll.,0,0,0,0,0,0,0,0,0,0,0,0,0,0,0,0,0,0,0,0,0,0,0,0,0,0,0,2023
892500,"Mord, Totschlag und T tung auf Verlangen",5120000,Remscheid,insg.,5,3,2,0,0,0,1,1,0,1,1,0,0,0,0,0,0,0,3,2,1,1,0,1,4,2,2,2023
892500,"Mord, Totschlag und T tung auf Verlangen",8415061,Reutlingen,vers.,3,3,0,0,0,0,0,0,0,0,0,0,0,0,0,1,1,0,2,2,0,0,0,0,2,2,0,2023
892500,"Mord, Totschlag und T tung auf Verlangen",8415061,Reutlingen,voll.,4,3,1,0,0,0,0,0,0,0,0,0,0,0,0,0,0,0,2,1,1,2,2,0,4,3,1,2023
892500,"Mord, Totschlag und T tung auf Verlangen",8415061,Reutlingen,insg.,7,6,1,0,0,0,0,0,0,0,0,0,0,0,0,1,1,0,4,3,1,2,2,0,6,5,1,2023
892500,"Mord, Totschlag und T tung auf Verlangen",13003000,"Rostock, Hanse- und Universit tsstadt",vers.,0,0,0,0,0,0,0,0,0,0,0,0,0,0,0,0,0,0,0,0,0,0,0,0,0,0,0,2023
892500,"Mord, Totschlag und T tung auf Verlangen",13003000,"Rostock, Hanse- und Universit tsstadt",voll.,0,0,0,0,0,0,0,0,0,0,0,0,0,0,0,0,0,0,0,0,0,0,0,0,0,0,0,2023
892500,"Mord, Totschlag und T tung auf Verlangen",13003000,"Rostock, Hanse- und Universit tsstadt",insg.,0,0,0,0,0,0,0,0,0,0,0,0,0,0,0,0,0,0,0,0,0,0,0,0,0,0,0,2023
892500,"Mord, Totschlag und T tung auf Verlangen",10041100,Saarbr cken,vers.,21,12,9,0,0,0,3,2,1,3,2,1,0,0,0,0,0,0,15,7,8,3,3,0,18,10,8,2023
892500,"Mord, Totschlag und T tung auf Verlangen",10041100,Saarbr cken,voll.,4,3,1,0,0,0,0,0,0,0,0,0,0,0,0,0,0,0,1,1,0,3,2,1,4,3,1,2023
892500,"Mord, Totschlag und T tung auf Verlangen",10041100,Saarbr cken,insg.,25,15,10,0,0,0,3,2,1,3,2,1,0,0,0,0,0,0,16,8,8,6,5,1,22,13,9,2023
892500,"Mord, Totschlag und T tung auf Verlangen",3102000,Salzgitter,vers.,5,2,3,0,0,0,0,0,0,0,0,0,0,0,0,0,0,0,3,1,2,2,1,1,5,2,3,2023
892500,"Mord, Totschlag und T tung auf Verlangen",3102000,Salzgitter,voll.,0,0,0,0,0,0,0,0,0,0,0,0,0,0,0,0,0,0,0,0,0,0,0,0,0,0,0,2023
892500,"Mord, Totschlag und T tung auf Verlangen",3102000,Salzgitter,insg.,5,2,3,0,0,0,0,0,0,0,0,0,0,0,0,0,0,0,3,1,2,2,1,1,5,2,3,2023
892500,"Mord, Totschlag und T tung auf Verlangen",13004000,Schwerin,vers.,3,2,1,0,0,0,0,0,0,0,0,0,1,0,1,0,0,0,2,2,0,0,0,0,2,2,0,2023
892500,"Mord, Totschlag und T tung auf Verlangen",13004000,Schwerin,voll.,3,1,2,2,1,1,0,0,0,2,1,1,0,0,0,0,0,0,1,0,1,0,0,0,1,0,1,2023
892500,"Mord, Totschlag und T tung auf Verlangen",13004000,Schwerin,insg.,6,3,3,2,1,1,0,0,0,2,1,1,1,0,1,0,0,0,3,2,1,0,0,0,3,2,1,2023
892500,"Mord, Totschlag und T tung auf Verlangen",5970040,Siegen,vers.,6,6,0,0,0,0,0,0,0,0,0,0,0,0,0,1,1,0,5,5,0,0,0,0,5,5,0,2023
892500,"Mord, Totschlag und T tung auf Verlangen",5970040,Siegen,voll.,1,1,0,0,0,0,0,0,0,0,0,0,0,0,0,0,0,0,1,1,0,0,0,0,1,1,0,2023
892500,"Mord, Totschlag und T tung auf Verlangen",5970040,Siegen,insg.,7,7,0,0,0,0,0,0,0,0,0,0,0,0,0,1,1,0,6,6,0,0,0,0,6,6,0,2023
892500,"Mord, Totschlag und T tung auf Verlangen",5122000,Solingen,vers.,1,1,0,0,0,0,0,0,0,0,0,0,0,0,0,0,0,0,1,1,0,0,0,0,1,1,0,2023
892500,"Mord, Totschlag und T tung auf Verlangen",5122000,Solingen,voll.,4,3,1,0,0,0,0,0,0,0,0,0,0,0,0,0,0,0,4,3,1,0,0,0,4,3,1,2023
892500,"Mord, Totschlag und T tung auf Verlangen",5122000,Solingen,insg.,5,4,1,0,0,0,0,0,0,0,0,0,0,0,0,0,0,0,5,4,1,0,0,0,5,4,1,2023
892500,"Mord, Totschlag und T tung auf Verlangen",8111000,Stuttgart,vers.,21,19,2,0,0,0,0,0,0,0,0,0,0,0,0,2,2,0,18,16,2,1,1,0,19,17,2,2023
892500,"Mord, Totschlag und T tung auf Verlangen",8111000,Stuttgart,voll.,5,2,3,0,0,0,0,0,0,0,0,0,0,0,0,0,0,0,4,2,2,1,0,1,5,2,3,2023
892500,"Mord, Totschlag und T tung auf Verlangen",8111000,Stuttgart,insg.,26,21,5,0,0,0,0,0,0,0,0,0,0,0,0,2,2,0,22,18,4,2,1,1,24,19,5,2023
892500,"Mord, Totschlag und T tung auf Verlangen",7211000,Trier,vers.,1,1,0,0,0,0,0,0,0,0,0,0,0,0,0,1,1,0,0,0,0,0,0,0,0,0,0,2023
892500,"Mord, Totschlag und T tung auf Verlangen",7211000,Trier,voll.,1,1,0,0,0,0,0,0,0,0,0,0,0,0,0,0,0,0,0,0,0,1,1,0,1,1,0,2023
892500,"Mord, Totschlag und T tung auf Verlangen",7211000,Trier,insg.,2,2,0,0,0,0,0,0,0,0,0,0,0,0,0,1,1,0,0,0,0,1,1,0,1,1,0,2023
892500,"Mord, Totschlag und T tung auf Verlangen",8421000,Ulm,vers.,13,12,1,0,0,0,0,0,0,0,0,0,2,2,0,1,1,0,9,8,1,1,1,0,10,9,1,2023
892500,"Mord, Totschlag und T tung auf Verlangen",8421000,Ulm,voll.,3,2,1,0,0,0,1,0,1,1,0,1,0,0,0,0,0,0,2,2,0,0,0,0,2,2,0,2023
892500,"Mord, Totschlag und T tung auf Verlangen",8421000,Ulm,insg.,16,14,2,0,0,0,1,0,1,1,0,1,2,2,0,1,1,0,11,10,1,1,1,0,12,11,1,2023
892500,"Mord, Totschlag und T tung auf Verlangen",6414000,Wiesbaden,vers.,16,7,9,0,0,0,0,0,0,0,0,0,0,0,0,0,0,0,14,7,7,2,0,2,16,7,9,2023
892500,"Mord, Totschlag und T tung auf Verlangen",6414000,Wiesbaden,voll.,5,4,1,0,0,0,0,0,0,0,0,0,0,0,0,0,0,0,4,4,0,1,0,1,5,4,1,2023
892500,"Mord, Totschlag und T tung auf Verlangen",6414000,Wiesbaden,insg.,21,11,10,0,0,0,0,0,0,0,0,0,0,0,0,0,0,0,18,11,7,3,0,3,21,11,10,2023
892500,"Mord, Totschlag und T tung auf Verlangen",3103000,Wolfsburg,vers.,3,2,1,0,0,0,1,0,1,1,0,1,0,0,0,1,1,0,1,1,0,0,0,0,1,1,0,2023
892500,"Mord, Totschlag und T tung auf Verlangen",3103000,Wolfsburg,voll.,0,0,0,0,0,0,0,0,0,0,0,0,0,0,0,0,0,0,0,0,0,0,0,0,0,0,0,2023
892500,"Mord, Totschlag und T tung auf Verlangen",3103000,Wolfsburg,insg.,3,2,1,0,0,0,1,0,1,1,0,1,0,0,0,1,1,0,1,1,0,0,0,0,1,1,0,2023
892500,"Mord, Totschlag und T tung auf Verlangen",5124000,Wuppertal,vers.,5,3,2,0,0,0,0,0,0,0,0,0,0,0,0,0,0,0,4,2,2,1,1,0,5,3,2,2023
892500,"Mord, Totschlag und T tung auf Verlangen",5124000,Wuppertal,voll.,1,1,0,0,0,0,0,0,0,0,0,0,0,0,0,0,0,0,1,1,0,0,0,0,1,1,0,2023
892500,"Mord, Totschlag und T tung auf Verlangen",5124000,Wuppertal,insg.,6,4,2,0,0,0,0,0,0,0,0,0,0,0,0,0,0,0,5,3,2,1,1,0,6,4,2,2023
892500,"Mord, Totschlag und T tung auf Verlangen",9663000,W rzburg,vers.,4,4,0,0,0,0,0,0,0,0,0,0,0,0,0,0,0,0,4,4,0,0,0,0,4,4,0,2023
892500,"Mord, Totschlag und T tung auf Verlangen",9663000,W rzburg,voll.,0,0,0,0,0,0,0,0,0,0,0,0,0,0,0,0,0,0,0,0,0,0,0,0,0,0,0,2023
892500,"Mord, Totschlag und T tung auf Verlangen",9663000,W rzburg,insg.,4,4,0,0,0,0,0,0,0,0,0,0,0,0,0,0,0,0,4,4,0,0,0,0,4,4,0,2023
